10	1	0 0 1 1 1 0 1 1 1 1
10	1	1 0 1 1 1 1 1 1 1 1
10	32	0 0 1 1 1 1 1 1 1 1
10	19	0 0 0 0 0 0 1 0 0 0
10	1	1 0 1 1 0 1 1 0 0 0
10	2	1 0 1 1 0 0 0 0 0 0
10	1	1 0 0 1 0 0 1 0 0 0
10	17	1 0 1 1 0 0 1 0 0 0
10	3	0 0 1 0 1 0 0 1 1 1
10	1	0 1 1 0 1 0 1 1 1 1
10	22	0 0 1 0 1 0 1 1 1 1
20	17	0 0 1 1 1 1 1 1 1 1
20	1	0 0 0 0 0 0 0 0 0 0
20	8	0 0 0 0 0 0 1 0 0 0
20	3	1 0 1 1 0 1 1 0 0 0
20	2	1 0 1 1 0 0 0 1 0 0
20	15	1 0 1 1 0 0 0 0 0 0
20	13	1 1 1 1 0 0 1 0 0 0
20	14	1 0 1 1 0 0 1 0 0 0
20	27	0 0 1 0 1 0 1 1 1 1
30	8	0 0 1 1 1 1 1 1 1 1
30	2	0 0 0 0 0 0 1 0 0 0
30	4	1 0 1 1 0 1 1 0 0 0
30	1	1 0 1 1 0 0 0 0 0 1
30	1	1 0 1 1 0 0 1 0 0 1
30	1	1 0 1 1 1 0 1 0 0 0
30	12	1 0 1 1 0 0 1 0 0 0
30	1	1 0 1 1 0 0 0 0 1 0
30	20	1 0 1 1 0 0 0 0 0 0
30	47	1 1 1 1 0 0 1 0 0 0
30	1	0 0 1 0 1 0 0 1 1 1
30	2	0 0 1 0 1 0 1 1 1 1
40	1	0 0 1 1 1 1 1 1 1 1
40	1	1 0 1 1 1 0 1 0 0 0
40	5	1 0 1 1 0 0 1 0 0 0
40	29	1 0 1 1 0 0 0 0 0 0
40	1	0 1 1 1 0 0 1 0 0 0
40	62	1 1 1 1 0 0 1 0 0 0
40	1	0 0 1 0 1 0 1 1 1 1
50	1	1 0 1 1 1 0 1 0 0 1
50	2	1 0 1 1 1 0 1 0 0 0
50	5	1 0 1 1 0 0 1 0 0 0
50	1	1 1 1 1 0 0 0 0 0 0
50	25	1 0 1 1 0 0 0 0 0 0
50	1	0 1 1 1 0 0 1 0 0 0
50	1	1 1 1 1 0 0 1 0 0 1
50	1	1 1 1 0 0 0 1 0 0 1
50	1	1 1 1 1 0 1 1 0 0 0
50	62	1 1 1 1 0 0 1 0 0 0
60	1	1 0 1 1 1 0 1 0 0 0
60	2	1 0 1 1 0 0 1 0 0 0
60	4	1 1 1 1 0 0 0 0 0 0
60	14	1 0 1 1 0 0 0 0 0 0
60	2	1 1 1 1 0 0 1 0 1 0
60	77	1 1 1 1 0 0 1 0 0 0
70	9	1 0 1 1 0 0 0 0 0 0
70	1	1 1 1 1 0 0 1 0 1 0
70	2	1 1 1 0 0 0 1 0 0 0
70	80	1 1 1 1 0 0 1 0 0 0
70	2	1 0 1 1 0 0 1 0 0 0
70	3	1 1 1 1 0 0 0 0 0 0
70	1	1 0 1 1 0 0 0 0 0 1
70	1	0 0 1 1 0 0 0 0 0 0
70	1	1 0 1 1 0 0 0 0 1 0
