10	1	0 1 1 1 0 1 0 0 0 0
10	1	0 1 1 1 0 1 0 1 0 0
10	1	1 1 1 1 1 1 0 1 0 0
10	1	0 1 1 1 1 1 0 1 0 1
10	17	0 1 1 1 1 1 0 1 0 0
10	1	0 0 1 1 1 1 0 1 1 1
10	1	0 0 0 1 0 1 0 1 1 1
10	31	0 0 1 1 0 1 0 1 1 1
10	1	0 1 1 0 0 1 1 0 1 1
10	1	0 0 1 1 0 1 1 0 1 1
10	20	0 1 1 1 0 1 1 0 1 1
10	1	1 0 0 0 0 1 0 1 1 1
10	23	1 0 0 0 0 1 0 1 1 0
20	3	0 1 1 1 0 1 0 0 0 0
20	1	0 1 1 1 0 1 0 1 0 0
20	1	0 1 1 1 1 0 0 1 0 0
20	7	1 1 1 1 1 1 0 1 0 0
20	1	0 1 1 0 1 1 0 1 0 0
20	21	0 1 1 1 1 1 0 1 0 0
20	4	0 1 1 1 1 1 0 0 0 0
20	2	0 0 1 1 0 0 0 1 1 1
20	21	0 0 1 1 0 1 0 1 1 1
20	17	0 1 1 1 0 1 1 0 1 1
20	2	0 0 0 0 0 1 0 1 1 0
20	1	1 0 0 0 0 0 0 1 1 0
20	19	1 0 0 0 0 1 0 1 1 0
30	11	0 1 1 1 1 1 0 0 0 0
30	12	0 1 1 1 0 1 0 0 0 0
30	2	0 1 1 1 0 1 0 1 0 0
30	13	0 1 1 1 1 1 0 1 0 0
30	1	1 1 1 1 1 0 0 1 0 0
30	1	0 1 1 1 1 0 0 1 0 0
30	3	1 1 1 1 1 1 0 0 0 1
30	32	1 1 1 1 1 1 0 1 0 0
30	3	1 1 1 1 1 1 0 0 0 0
30	1	0 0 1 1 0 0 0 1 1 1
30	11	0 0 1 1 0 1 0 1 1 1
30	2	0 1 1 1 0 1 1 0 1 1
30	1	1 0 0 1 0 1 0 1 1 0
30	7	1 0 0 0 0 1 0 1 1 0
40	16	0 1 1 1 0 1 0 0 0 0
40	14	0 1 1 1 1 1 0 0 0 0
40	3	1 1 0 1 1 1 0 1 0 0
40	3	1 1 1 1 1 1 0 0 0 1
40	20	1 1 1 1 1 1 0 0 0 0
40	1	0 1 1 1 1 1 0 1 0 1
40	10	0 1 1 1 1 1 0 1 0 0
40	1	1 1 1 0 1 1 0 1 0 0
40	30	1 1 1 1 1 1 0 1 0 0
40	2	0 0 1 1 0 1 0 1 1 1
50	8	0 1 1 1 1 1 0 0 0 0
50	1	0 0 1 1 0 1 0 0 0 0
50	23	0 1 1 1 0 1 0 0 0 0
50	1	1 1 1 1 1 1 0 0 0 1
50	1	1 1 1 1 1 1 0 0 1 0
50	1	1 0 1 1 1 1 0 0 0 0
50	41	1 1 1 1 1 1 0 0 0 0
50	1	0 0 1 1 1 1 0 1 0 0
50	2	0 1 1 1 1 1 0 1 0 0
50	21	1 1 1 1 1 1 0 1 0 0
60	3	0 1 1 1 1 1 0 0 0 0
60	7	0 1 1 1 0 1 0 0 0 0
60	2	0 0 1 1 1 1 0 0 0 0
60	1	1 1 1 1 1 1 0 0 0 1
60	13	1 1 1 1 1 1 0 1 0 0
60	2	1 1 1 1 1 1 0 0 1 0
60	66	1 1 1 1 1 1 0 0 0 0
60	6	1 1 1 1 0 1 0 1 0 0
70	1	0 1 1 1 1 1 0 1 0 0
70	1	0 1 0 1 0 1 0 0 0 0
70	1	0 1 1 1 0 1 0 0 1 0
70	11	0 1 1 1 0 1 0 0 0 0
70	1	1 1 1 1 1 1 0 0 1 0
70	8	1 1 1 1 1 1 0 1 0 0
70	1	1 0 1 1 1 1 0 0 0 0
70	75	1 1 1 1 1 1 0 0 0 0
70	1	1 1 1 1 0 1 0 1 0 0
