10	23	0 0 1 0 0 1 0 1 1 1
10	1	1 0 0 0 0 1 0 1 0 0
10	21	1 0 1 1 0 1 0 1 0 0
10	1	1 1 1 0 0 0 0 0 0 0
10	25	1 1 1 0 0 1 0 0 0 0
10	29	0 0 1 1 1 1 0 0 0 1
20	30	0 0 1 0 0 1 0 1 1 1
20	2	1 0 1 0 0 1 0 1 0 0
20	7	1 0 0 1 0 1 0 1 0 0
20	5	1 0 1 1 0 1 0 0 0 0
20	1	1 0 1 1 0 0 0 1 0 0
20	15	1 0 1 1 0 1 0 1 0 0
20	2	1 1 1 0 0 0 0 0 0 0
20	2	1 1 1 0 0 1 0 0 0 1
20	2	1 1 1 0 0 1 1 0 0 0
20	16	1 1 1 0 0 1 0 0 0 0
20	2	0 0 1 1 1 1 0 1 0 1
20	16	0 0 1 1 1 1 0 0 0 1
30	11	0 0 1 0 0 1 0 1 1 1
30	1	1 0 0 1 0 1 0 0 0 0
30	2	1 0 0 1 0 1 0 1 0 0
30	1	0 0 1 1 0 1 0 0 0 0
30	28	1 0 1 1 0 1 0 0 0 0
30	1	1 0 1 1 0 0 0 1 0 0
30	3	1 0 1 1 0 1 0 1 0 0
30	17	1 1 1 0 0 0 0 0 0 0
30	3	1 1 1 0 0 1 0 0 0 1
30	11	1 1 1 1 0 1 0 0 0 0
30	13	1 1 1 0 0 1 0 0 0 0
30	3	1 1 1 0 0 1 1 0 0 0
30	1	0 0 1 1 1 1 0 0 0 0
30	5	0 0 1 1 1 1 0 0 0 1
40	1	0 0 1 0 0 1 0 1 1 1
40	11	1 1 1 0 0 1 0 0 0 0
40	2	1 1 1 1 0 0 0 0 0 0
40	31	1 1 1 1 0 1 0 0 0 0
40	27	1 0 1 1 0 1 0 0 0 0
40	1	1 0 1 1 0 0 0 1 0 0
40	1	1 1 1 0 0 0 0 0 0 1
40	18	1 1 1 0 0 0 0 0 0 0
40	1	1 1 1 0 0 1 0 0 0 1
40	2	1 1 1 1 1 1 0 0 0 0
40	4	1 1 1 0 0 1 1 0 0 0
40	1	0 0 1 1 1 1 0 0 0 1
50	2	1 0 1 1 0 1 0 1 0 0
50	1	1 1 1 0 1 1 0 0 0 0
50	15	1 1 1 0 0 1 0 0 0 0
50	1	1 1 1 0 0 0 1 0 0 0
50	10	1 1 1 0 0 0 0 0 0 0
50	2	1 1 1 1 0 1 0 0 1 0
50	2	1 1 1 1 1 1 0 0 0 0
50	23	1 0 1 1 0 1 0 0 0 0
50	42	1 1 1 1 0 1 0 0 0 0
50	2	1 0 1 1 0 0 0 1 0 0
60	1	1 0 0 1 0 1 0 0 0 0
60	17	1 0 1 1 0 1 0 0 0 0
60	2	1 1 1 1 0 0 0 0 0 0
60	1	1 1 1 1 0 1 1 0 0 0
60	5	1 1 1 0 0 1 0 0 0 0
60	4	1 1 1 1 1 1 0 0 0 0
60	2	0 1 1 1 0 1 0 0 0 0
60	1	1 1 1 1 0 1 0 0 0 1
60	3	1 1 0 1 0 1 0 0 0 0
60	1	1 1 1 1 0 1 0 1 0 0
60	57	1 1 1 1 0 1 0 0 0 0
60	6	1 1 1 0 0 0 0 0 0 0
70	8	1 0 1 1 0 1 0 0 0 0
70	2	1 1 1 0 0 0 0 0 0 0
70	7	1 1 1 1 0 0 0 0 0 0
70	3	1 1 1 1 0 1 1 0 0 0
70	70	1 1 1 1 0 1 0 0 0 0
70	6	1 1 1 0 0 1 0 0 0 0
70	2	1 1 1 1 1 1 0 0 0 0
70	1	1 1 1 1 0 1 0 0 1 0
70	1	1 1 0 1 0 1 0 0 0 0
