10	13	1 0 1 1 0 1 1 1 1 0
10	36	0 0 0 0 0 1 0 0 0 0
10	30	1 1 0 0 0 1 0 1 0 0
10	1	0 1 1 0 0 0 1 1 1 0
10	20	0 1 1 0 0 0 0 1 1 0
20	1	1 1 1 1 0 1 1 1 1 0
20	22	1 0 1 1 0 1 1 1 1 0
20	1	0 0 1 0 0 1 0 0 0 0
20	32	0 0 0 0 0 1 0 0 0 0
20	5	1 1 1 0 0 1 0 1 0 0
20	1	1 1 0 0 0 1 0 1 1 0
20	18	1 1 0 0 0 1 0 1 0 0
20	2	0 1 1 0 0 1 0 1 1 0
20	1	0 0 1 0 0 0 0 1 1 0
20	17	0 1 1 0 0 0 0 1 1 0
30	1	1 1 1 1 0 1 1 1 1 0
30	7	1 0 1 1 0 1 1 0 1 0
30	8	1 0 1 1 0 1 1 1 1 0
30	1	0 0 0 0 0 1 1 0 0 0
30	19	0 0 0 0 0 1 0 0 0 0
30	20	1 1 1 0 0 1 0 1 0 0
30	5	1 1 0 0 0 1 0 0 0 0
30	2	1 1 0 1 0 1 0 1 0 1
30	1	1 1 0 1 0 1 0 1 0 0
30	23	1 1 0 0 0 1 0 1 0 0
30	2	0 1 1 0 0 1 0 1 1 0
30	11	0 1 1 0 0 0 0 1 1 0
40	1	1 1 1 1 0 1 1 1 1 0
40	5	1 0 1 1 0 1 1 1 1 0
40	6	1 0 1 1 0 1 1 0 1 0
40	1	0 0 1 0 0 1 0 0 0 0
40	2	0 0 0 1 0 1 0 0 0 0
40	1	0 0 0 0 0 1 0 0 0 1
40	11	0 0 0 0 0 1 0 0 0 0
40	9	1 1 0 0 0 1 0 0 0 0
40	16	1 1 0 0 0 1 0 1 0 0
40	2	1 0 1 0 0 1 0 1 0 0
40	44	1 1 1 0 0 1 0 1 0 0
40	2	0 1 1 0 0 0 0 1 1 0
50	1	1 1 1 1 0 1 1 1 1 0
50	1	1 0 1 1 0 1 1 1 1 0
50	1	1 0 1 1 0 1 0 0 1 0
50	2	1 0 1 1 0 1 1 0 1 0
50	2	0 0 0 0 0 1 0 0 0 0
50	2	1 1 1 1 0 1 0 1 0 0
50	13	1 1 0 0 0 1 0 0 0 0
50	10	1 1 0 0 0 1 0 1 0 0
50	1	1 0 1 0 0 1 0 1 0 0
50	67	1 1 1 0 0 1 0 1 0 0
60	2	0 0 0 0 0 1 0 0 0 0
60	1	1 1 0 0 0 1 0 1 0 0
60	1	1 1 1 0 0 0 0 1 0 0
60	66	1 1 1 0 0 1 0 1 0 0
60	5	1 1 1 1 0 1 0 1 0 0
60	1	1 1 1 0 0 1 0 0 0 0
60	1	1 0 0 0 0 1 0 0 0 0
60	1	1 1 0 0 1 1 0 0 0 0
60	1	1 1 0 0 0 1 1 0 0 0
60	18	1 1 0 0 0 1 0 0 0 0
60	3	0 1 1 0 0 1 0 1 0 0
70	4	1 1 1 0 0 1 0 0 0 0
70	23	1 1 0 0 0 1 0 0 0 0
70	3	1 1 0 0 0 1 0 1 0 0
70	1	1 1 1 0 0 0 0 1 0 0
70	65	1 1 1 0 0 1 0 1 0 0
70	4	1 1 1 1 0 1 0 1 0 0
