10	15	0 0 0 1 0 0 1 0 1 1
10	1	0 1 1 0 0 0 0 1 0 0
10	1	0 0 0 0 0 0 0 1 0 0
10	21	0 1 0 0 0 0 0 1 0 0
10	2	0 0 0 1 1 0 0 0 0 0
10	34	0 0 0 1 1 0 0 1 0 0
10	26	0 0 0 1 1 0 0 0 1 0
20	11	0 0 0 1 0 0 1 0 1 1
20	1	0 1 0 0 1 0 0 1 0 0
20	1	0 1 1 0 0 0 0 1 0 0
20	3	0 1 0 0 0 0 0 0 0 0
20	16	0 1 0 0 0 0 0 1 0 0
20	1	0 1 0 1 1 0 0 1 0 0
20	8	0 0 0 1 1 0 0 0 0 0
20	41	0 0 0 1 1 0 0 1 0 0
20	1	1 0 0 1 1 0 0 0 1 0
20	1	0 0 0 1 1 0 1 0 1 0
20	16	0 0 0 1 1 0 0 0 1 0
30	5	0 0 0 1 0 0 1 0 1 1
30	1	0 1 0 0 1 0 0 1 0 0
30	5	0 1 1 0 0 0 0 1 0 0
30	9	0 1 0 0 0 0 0 0 0 0
30	1	1 1 0 0 0 0 0 1 0 0
30	2	0 1 0 1 0 0 0 1 0 0
30	16	0 1 0 0 0 0 0 1 0 0
30	3	0 1 0 1 1 0 0 0 0 0
30	1	0 1 0 1 1 0 0 1 0 1
30	7	0 1 0 1 1 0 0 1 0 0
30	1	0 0 0 1 1 1 0 0 0 0
30	13	0 0 0 1 1 0 0 0 0 0
30	1	0 0 0 0 1 0 0 1 0 0
30	18	0 0 0 1 1 0 0 1 0 0
30	1	0 0 0 1 0 1 0 0 1 0
30	16	0 0 0 1 1 0 0 0 1 0
40	4	0 0 0 1 0 0 1 0 1 1
40	3	0 1 1 0 0 0 0 1 0 0
40	2	0 1 0 1 0 0 0 1 0 0
40	6	0 1 0 0 0 0 0 1 0 0
40	7	0 1 0 0 0 0 0 0 0 0
40	1	1 1 0 0 0 0 0 1 0 0
40	7	0 1 0 1 1 0 0 0 0 0
40	4	0 1 0 1 1 0 0 1 0 0
40	3	0 0 0 1 1 1 0 0 0 0
40	34	0 0 0 1 1 0 0 0 0 0
40	3	0 0 0 1 0 0 0 1 0 0
40	1	0 0 0 1 1 0 0 1 1 0
40	1	0 0 1 0 1 0 0 1 0 0
40	13	0 0 0 1 1 0 0 1 0 0
40	1	0 0 0 1 1 1 0 0 1 0
40	10	0 0 0 1 1 0 0 0 1 0
50	2	0 0 0 1 0 0 1 0 1 1
50	10	0 1 1 0 0 0 0 1 0 0
50	2	0 1 0 1 0 0 0 1 0 0
50	9	0 1 0 0 0 0 0 0 0 0
50	2	0 1 0 1 1 0 0 1 0 1
50	1	0 1 0 0 1 0 0 1 0 0
50	11	0 1 0 1 1 0 0 1 0 0
50	1	1 1 0 1 1 0 0 0 0 0
50	15	0 1 0 1 1 0 0 0 0 0
50	1	0 0 0 1 1 1 0 0 0 0
50	3	0 0 0 1 1 0 0 0 1 0
50	3	0 0 0 1 0 0 0 1 0 0
50	9	0 0 0 1 1 0 0 1 0 0
50	29	0 0 0 1 1 0 0 0 0 0
50	2	0 0 0 0 0 0 0 1 0 0
60	1	0 0 0 1 0 0 1 0 1 1
60	1	1 1 1 0 0 0 0 1 0 0
60	4	0 1 1 0 0 0 0 1 0 0
60	2	1 1 0 1 0 0 0 1 0 0
60	8	0 1 0 1 1 0 0 1 0 0
60	1	0 1 0 1 0 0 0 0 0 0
60	9	0 1 0 1 0 0 0 1 0 0
60	5	0 1 0 0 0 0 0 0 0 0
60	4	0 1 0 1 1 0 0 1 0 1
60	2	1 1 0 1 1 0 0 0 0 0
60	35	0 1 0 1 1 0 0 0 0 0
60	2	0 0 0 1 0 0 0 0 0 0
60	2	0 0 0 1 1 0 0 0 1 0
60	14	0 0 0 1 1 0 0 0 0 0
60	7	0 0 1 1 1 0 0 0 0 0
60	1	0 0 0 1 0 0 0 1 0 0
60	2	0 0 0 1 1 0 0 1 0 0
70	1	1 1 1 0 0 0 0 1 0 0
70	3	0 1 1 0 0 0 0 1 0 0
70	2	0 1 0 1 1 0 0 1 0 0
70	45	0 1 0 1 1 0 0 0 0 0
70	8	0 1 0 1 0 0 0 1 0 0
70	4	0 1 0 0 0 0 0 0 0 0
70	6	1 1 0 1 1 0 0 0 0 0
70	1	0 1 0 1 1 1 0 0 0 0
70	1	0 0 0 1 1 0 1 0 0 0
70	20	0 0 0 1 1 0 0 0 0 0
70	1	0 1 0 0 1 0 0 0 0 0
70	1	0 0 1 1 1 0 0 0 1 0
70	1	0 0 1 1 1 1 0 0 0 0
70	5	0 0 1 1 1 0 0 0 0 0
70	1	0 0 0 1 1 0 0 1 0 0
