10	12	1 0 0 1 0 0 0 0 0 0 1 1 0 0 0 1 1 1 1 0 1 0 0 1 0 0 0 0 0 0 0 0 0 0 0 1 1 1 0 0 1 0 0 0 1 1 0 0 1 1
10	18	0 1 1 0 0 0 0 0 1 1 1 1 0 0 1 0 0 0 1 1 0 1 1 0 1 0 0 1 0 1 0 0 1 0 0 0 0 1 1 1 0 0 1 1 0 1 0 0 1 1
10	1	0 1 1 1 0 1 1 1 1 1 0 1 1 0 1 0 1 0 0 1 0 1 1 0 0 1 1 1 1 1 0 1 1 0 0 0 1 1 0 1 1 1 1 0 0 0 1 1 0 1
10	21	0 1 1 1 0 1 1 1 1 1 0 1 1 1 1 0 1 0 0 1 0 1 1 0 0 1 1 1 1 1 0 1 1 0 0 0 1 1 0 1 1 1 1 0 0 0 1 1 0 1
10	3	0 1 1 0 0 1 1 1 0 1 0 1 0 1 0 1 0 1 0 0 1 1 1 1 0 1 0 0 0 0 1 1 1 0 0 1 1 0 1 1 0 0 1 1 1 0 1 0 0 1
10	1	1 1 1 0 0 1 1 1 0 1 0 1 0 1 0 1 0 1 0 0 1 1 1 1 0 1 0 0 0 0 1 1 1 0 0 1 1 0 1 1 0 1 1 1 1 0 1 0 0 1
10	1	0 1 1 0 0 1 1 1 0 1 0 1 0 1 0 1 0 1 0 0 1 1 1 1 0 1 0 0 0 0 1 1 1 0 0 1 1 0 1 0 0 1 1 1 1 0 1 0 0 1
10	21	0 1 1 0 0 1 1 1 0 1 0 1 0 1 0 1 0 1 0 0 1 1 1 1 0 1 0 0 0 0 1 1 1 0 0 1 1 0 1 1 0 1 1 1 1 0 1 0 0 1
10	1	0 0 0 1 1 1 0 0 1 0 0 1 1 1 1 1 0 1 1 0 1 0 1 0 0 0 1 1 1 1 1 1 0 0 1 1 1 0 0 0 1 0 0 0 1 1 0 0 0 0
10	1	0 0 0 1 1 1 0 0 1 0 0 0 1 1 1 1 0 1 1 0 1 0 1 0 0 0 1 1 0 1 1 1 0 0 1 1 1 0 0 0 1 0 0 0 1 0 0 0 0 0
10	1	0 0 0 1 1 1 0 0 1 0 0 0 1 1 1 1 1 1 1 0 1 0 1 0 0 0 1 1 1 1 1 1 0 0 1 1 1 0 0 0 1 0 0 0 1 0 0 0 0 0
10	19	0 0 0 1 1 1 0 0 1 0 0 0 1 1 1 1 0 1 1 0 1 0 1 0 0 0 1 1 1 1 1 1 0 0 1 1 1 0 0 0 1 0 0 0 1 0 0 0 0 0
20	11	1 0 0 1 0 0 0 0 0 0 1 1 0 0 0 1 1 1 1 0 1 0 0 1 0 0 0 0 0 0 0 0 0 0 0 1 1 1 0 0 1 0 0 0 1 1 0 0 1 1
20	8	0 1 1 0 0 0 0 0 1 1 1 1 0 0 1 0 0 0 1 1 0 1 1 0 1 0 0 1 0 1 0 0 1 0 0 0 0 1 1 1 0 0 1 1 0 1 0 0 1 1
20	1	0 1 1 1 0 1 1 1 1 1 0 1 1 1 1 0 1 0 0 1 0 1 1 0 0 1 1 1 1 1 0 1 1 0 0 0 1 1 0 1 1 1 1 0 0 1 1 1 0 1
20	2	0 1 1 1 0 1 1 1 1 1 0 1 1 1 1 0 0 0 0 1 0 1 1 0 0 1 1 1 1 1 0 1 1 0 1 0 1 1 0 1 1 1 1 0 0 0 1 1 0 1
20	17	0 1 1 1 0 1 1 1 1 1 0 1 1 1 1 0 1 0 1 1 0 1 1 0 0 1 1 1 1 1 0 1 1 0 0 0 1 1 0 1 1 1 1 0 0 0 1 1 0 1
20	3	0 1 1 1 0 1 1 1 1 1 0 1 1 1 1 0 1 0 0 1 0 1 1 0 0 1 1 1 1 1 0 1 1 0 0 0 1 1 0 1 0 1 1 0 0 0 1 1 0 1
20	1	0 1 1 1 0 1 1 1 1 1 0 1 1 1 1 0 1 0 0 1 0 1 1 0 0 1 0 1 1 1 0 1 1 0 0 0 1 1 0 1 1 1 1 0 0 0 1 1 0 1
20	13	0 1 1 1 0 1 1 1 1 1 0 1 1 1 1 0 1 0 0 1 0 1 1 0 0 1 1 1 1 1 0 1 1 0 0 0 1 1 0 1 1 1 1 0 0 0 1 1 0 1
20	1	0 1 1 0 0 1 1 1 0 1 0 1 0 1 0 1 0 1 0 0 1 1 1 1 0 1 0 0 0 0 1 1 1 0 0 1 0 0 1 1 0 0 1 1 1 0 1 0 0 1
20	1	0 1 1 0 0 1 0 1 0 1 0 1 0 1 0 1 0 1 0 0 1 1 1 1 0 1 0 0 0 0 1 1 1 0 0 1 1 0 1 0 0 0 1 1 1 0 1 0 0 1
20	3	0 1 1 0 0 1 1 1 0 1 0 1 0 1 0 1 0 1 0 0 1 1 1 1 0 1 0 0 0 0 1 1 1 0 0 1 1 0 1 1 0 0 1 1 1 0 1 0 0 1
20	14	0 1 1 0 0 1 1 1 0 1 0 1 0 1 0 1 0 1 0 0 1 1 1 1 0 1 0 0 0 0 1 1 1 0 0 1 1 0 1 1 0 1 1 1 1 0 1 0 0 1
20	6	0 1 0 1 1 1 0 0 1 0 0 0 1 1 1 1 0 1 1 0 1 0 1 0 0 0 1 1 1 1 1 1 0 0 1 1 1 0 0 0 1 0 0 0 1 0 0 0 0 0
20	3	0 0 0 1 1 1 0 0 1 0 0 0 1 1 1 1 1 1 1 0 1 0 1 0 0 0 1 1 1 1 1 1 0 0 1 1 1 0 0 0 1 0 0 0 1 0 0 0 0 0
20	1	0 0 0 1 1 1 0 0 1 0 0 0 1 1 1 1 0 1 0 0 1 0 1 0 0 0 1 1 1 1 1 1 0 0 1 1 1 0 0 0 1 0 0 0 1 0 0 0 0 0
20	1	0 0 0 1 1 1 0 0 1 0 0 1 1 1 1 1 0 1 1 0 1 0 1 0 0 0 1 1 1 1 1 1 0 0 1 1 1 0 0 0 1 0 0 0 1 0 0 0 0 0
20	14	0 0 0 1 1 1 0 0 1 0 0 0 1 1 1 1 0 1 1 0 1 0 1 0 0 0 1 1 1 1 1 1 0 0 1 1 1 0 0 0 1 0 0 0 1 0 0 0 0 0
30	2	1 0 0 1 0 0 0 0 0 0 1 1 0 0 0 1 1 1 1 0 1 0 0 1 0 0 0 0 0 0 0 0 0 0 0 1 1 1 0 0 1 0 0 0 1 1 0 0 1 1
30	5	0 1 1 0 0 0 0 0 1 1 1 1 0 0 1 0 0 0 1 1 0 1 1 0 1 0 0 1 0 1 0 0 1 0 0 0 0 1 1 1 0 0 1 1 0 1 0 0 1 1
30	1	0 1 1 1 0 1 1 1 1 1 0 1 1 1 1 0 1 0 1 1 0 1 1 0 0 1 1 1 1 1 0 1 1 0 0 0 1 1 0 1 1 0 1 0 0 0 1 1 0 1
30	29	0 1 1 1 0 1 1 1 1 1 0 1 1 1 1 0 1 0 1 1 0 1 1 0 0 1 1 1 1 1 0 1 1 0 0 0 1 1 0 1 1 1 1 0 0 0 1 1 0 1
30	11	0 1 1 1 0 1 1 1 1 1 0 1 1 1 1 0 1 0 0 1 0 1 1 0 0 1 1 1 1 1 0 1 1 0 0 0 1 1 0 1 0 1 1 0 0 0 1 1 0 1
30	3	0 1 1 1 0 1 1 1 1 1 0 1 1 1 1 0 1 0 0 1 0 1 1 0 0 1 1 1 1 0 0 1 1 0 0 0 1 1 0 1 1 1 1 0 0 0 1 1 0 1
30	1	0 1 1 1 0 1 1 1 1 1 0 1 1 1 1 0 1 0 0 1 0 1 1 0 0 1 0 1 1 1 0 1 1 0 0 0 1 1 0 1 1 1 1 0 0 0 1 1 0 1
30	3	0 1 1 1 0 1 1 1 1 1 0 1 1 1 1 0 1 0 0 1 0 1 1 0 0 1 1 1 1 1 0 1 1 0 0 0 1 1 0 1 1 1 1 0 0 0 1 1 0 1
30	1	0 1 1 0 0 1 1 1 0 1 0 1 0 1 0 1 0 1 0 0 1 1 1 1 0 1 0 0 0 0 1 1 1 0 0 1 0 0 1 1 0 1 1 1 1 0 1 0 0 1
30	4	0 1 1 0 0 1 1 1 0 1 0 1 0 1 0 1 0 1 0 0 1 1 1 1 0 1 0 0 0 0 1 1 1 0 0 1 1 0 1 1 0 1 1 1 1 0 1 0 0 1
30	26	0 1 0 1 1 1 0 0 1 0 0 0 1 1 1 1 0 1 1 0 1 0 1 0 0 0 1 1 1 1 1 1 0 0 1 1 1 0 0 0 1 0 0 0 1 0 0 0 0 0
30	6	0 0 0 1 1 1 0 0 1 0 0 0 1 1 1 1 1 1 1 0 1 0 1 0 0 0 1 1 1 1 1 1 0 0 1 1 1 0 0 0 1 0 0 0 1 0 0 0 0 0
30	4	0 0 0 1 1 1 0 0 1 0 0 0 1 1 1 1 0 1 1 0 1 0 0 0 0 0 1 1 1 1 1 1 0 0 1 1 1 0 0 0 1 0 0 0 1 0 0 0 0 0
30	4	0 0 0 1 1 1 0 0 1 0 0 0 1 1 1 1 0 1 1 0 1 0 1 0 0 0 1 1 1 1 1 1 0 0 1 1 1 0 0 0 1 0 0 0 1 0 0 0 0 0
40	1	0 1 1 0 0 0 0 0 1 1 1 1 0 0 1 0 0 0 1 1 0 1 1 0 1 0 0 1 0 1 0 0 1 0 0 0 0 1 1 1 0 0 1 1 0 1 0 0 1 1
40	1	0 1 1 1 0 1 1 1 1 1 0 1 1 1 1 1 1 0 1 1 0 1 1 0 0 1 1 1 1 1 0 1 1 0 0 0 1 1 0 1 1 1 1 0 0 0 1 1 0 1
40	29	0 1 1 1 0 1 1 1 1 1 0 1 1 1 1 0 1 0 1 1 0 1 1 0 0 1 1 1 1 1 0 1 1 0 0 0 1 1 0 1 1 1 1 0 0 0 1 1 0 1
40	24	0 1 1 1 0 1 1 1 1 1 0 1 1 1 1 0 1 0 0 1 0 1 1 0 0 1 1 1 1 1 0 1 1 0 0 0 1 1 0 1 0 1 1 0 0 0 1 1 0 1
40	4	0 1 1 1 0 1 1 1 1 1 0 1 1 1 1 0 1 0 0 1 0 1 1 0 0 1 1 1 1 0 0 1 1 0 0 0 1 1 0 1 1 1 1 0 0 0 1 1 0 1
40	4	0 1 1 1 0 1 1 1 1 1 0 1 1 1 1 0 1 0 0 1 0 1 1 0 0 1 0 1 1 1 0 1 1 0 0 0 1 1 0 1 1 1 1 0 0 0 1 1 0 1
40	3	0 1 0 1 1 1 0 0 1 0 0 0 1 1 1 1 0 1 1 0 1 0 1 0 0 1 1 1 1 1 1 1 0 0 1 1 1 0 0 0 1 0 0 0 1 0 0 0 0 0
40	1	0 1 0 1 1 1 0 0 1 0 0 0 1 1 1 1 0 1 1 0 1 1 1 0 0 0 1 1 1 1 1 1 0 0 1 1 1 0 0 0 1 0 0 0 1 0 0 0 0 0
40	1	0 1 0 1 1 1 0 0 1 0 1 0 1 1 1 1 0 1 1 0 1 0 1 0 0 0 1 1 1 1 1 1 0 0 1 1 1 0 0 0 1 0 0 0 1 0 0 0 0 0
40	2	0 1 0 1 1 1 0 0 1 0 0 0 1 1 1 1 0 1 1 0 1 0 1 0 0 0 1 1 1 1 1 1 1 0 1 1 1 0 0 0 1 0 0 0 1 0 0 0 0 0
40	24	0 1 0 1 1 1 0 0 1 0 0 0 1 1 1 1 0 1 1 0 1 0 1 0 0 0 1 1 1 1 1 1 0 0 1 1 1 0 0 0 1 0 0 0 1 0 0 0 0 0
40	4	0 0 0 1 1 1 0 0 1 0 0 0 1 1 1 1 1 1 1 0 1 0 1 0 0 0 1 1 1 1 1 1 0 0 1 1 1 0 0 0 1 0 0 0 1 0 0 0 0 0
40	1	0 0 0 1 1 1 0 0 1 0 0 0 1 1 1 1 0 1 0 0 1 0 1 0 0 0 1 1 1 1 1 1 0 0 1 1 1 0 0 0 1 0 0 0 1 0 0 0 0 0
40	1	0 0 0 1 1 1 0 0 1 0 0 1 1 1 1 1 0 1 1 0 1 0 1 0 0 0 1 1 1 1 1 1 0 0 1 1 1 0 0 0 1 0 0 0 1 0 0 0 0 0
50	1	0 1 1 1 0 1 1 1 1 1 0 1 1 1 1 0 1 0 1 1 0 1 1 0 0 1 1 1 1 1 0 1 1 0 1 0 1 1 0 1 1 1 1 0 0 0 1 1 0 1
50	1	0 1 1 1 0 1 1 1 1 1 0 1 1 1 1 0 0 0 1 1 0 1 1 0 0 1 1 1 1 1 0 1 1 0 0 0 1 1 0 1 1 1 1 0 0 0 1 1 0 1
50	8	0 1 1 1 0 1 1 1 1 1 0 1 1 1 1 0 1 0 1 1 0 1 1 0 0 1 1 1 1 1 0 1 1 0 0 0 1 1 0 1 1 1 1 0 0 0 1 1 0 1
50	1	0 1 1 1 0 1 1 1 1 1 0 1 1 1 1 0 1 0 0 1 0 1 1 0 0 1 1 1 1 1 0 1 1 0 1 0 1 1 0 1 0 1 1 0 0 0 1 1 0 1
50	31	0 1 1 1 0 1 1 1 1 1 0 1 1 1 1 0 1 0 0 1 0 1 1 0 0 1 1 1 1 1 0 1 1 0 0 0 1 1 0 1 0 1 1 0 0 0 1 1 0 1
50	3	0 1 1 1 0 1 1 1 1 1 0 1 1 1 1 0 1 0 0 1 0 1 1 0 0 1 1 1 1 0 0 1 1 0 0 0 1 1 0 1 1 1 1 0 0 0 1 1 0 1
50	3	0 1 1 1 0 1 1 1 1 1 0 1 1 1 1 0 1 0 0 1 0 1 1 0 0 1 0 1 1 1 0 1 1 0 0 0 1 1 0 1 1 1 1 0 0 0 1 1 0 1
50	2	0 1 0 1 1 1 1 0 1 0 0 0 1 1 1 1 0 1 1 0 1 0 1 0 0 0 1 1 1 1 1 1 0 0 1 1 1 0 0 0 1 0 0 0 1 0 0 0 0 0
50	1	0 1 0 1 1 1 0 0 1 0 0 0 1 1 1 1 0 1 1 0 1 1 1 0 0 0 1 1 1 1 1 1 0 0 1 1 1 0 0 0 1 0 0 0 1 0 0 0 0 0
50	5	0 1 0 1 1 1 0 0 1 0 1 0 1 1 1 1 0 1 1 0 1 0 1 0 0 0 1 1 1 1 1 1 0 0 1 1 1 0 0 0 1 0 0 0 1 0 0 0 0 0
50	1	0 1 0 1 1 1 0 0 1 0 0 0 1 1 1 1 0 1 1 0 1 0 1 0 0 0 1 1 1 1 1 1 0 0 1 1 1 0 0 0 1 0 0 0 1 0 1 0 0 0
50	39	0 1 0 1 1 1 0 0 1 0 0 0 1 1 1 1 0 1 1 0 1 0 1 0 0 0 1 1 1 1 1 1 0 0 1 1 1 0 0 0 1 0 0 0 1 0 0 0 0 0
50	1	0 0 0 1 1 1 0 0 1 0 0 0 1 1 1 1 1 1 1 0 1 0 1 0 0 0 1 1 1 1 1 1 0 0 1 1 1 0 0 0 1 0 0 0 1 0 0 0 0 0
50	1	0 0 0 1 1 1 0 0 1 0 0 1 1 1 1 1 0 1 1 0 1 0 1 0 0 0 1 1 1 1 1 1 0 0 1 1 1 0 0 0 1 0 0 0 1 0 0 0 0 0
50	2	0 0 0 1 1 1 0 0 1 0 0 0 1 1 1 1 0 1 1 0 1 0 1 0 0 0 1 1 1 1 1 1 0 0 0 1 1 0 0 0 0 0 0 0 1 0 0 0 0 0
60	6	0 1 1 1 0 1 1 1 1 1 0 1 1 1 1 0 1 0 1 1 0 1 1 0 0 1 1 1 1 1 0 1 1 0 0 0 1 1 0 1 1 1 1 0 0 0 1 1 0 1
60	2	0 1 1 1 0 1 1 1 1 1 0 1 1 1 1 0 1 0 0 1 0 1 1 0 0 1 1 0 1 1 0 1 1 0 0 0 1 1 0 1 0 1 1 0 0 0 1 1 0 1
60	1	0 1 1 1 0 1 1 1 1 1 0 1 1 1 1 0 1 0 0 1 0 1 1 0 0 1 1 1 1 1 0 1 0 0 0 0 1 1 0 1 0 1 1 0 0 0 1 1 0 1
60	21	0 1 1 1 0 1 1 1 1 1 0 1 1 1 1 0 1 0 0 1 0 1 1 0 0 1 1 1 1 1 0 1 1 0 0 0 1 1 0 1 0 1 1 0 0 0 1 1 0 1
60	1	0 1 1 1 0 1 1 1 1 1 0 1 1 1 1 0 1 0 0 1 0 1 1 0 0 1 1 1 1 0 0 1 1 0 0 0 1 1 0 1 1 1 1 0 0 0 1 1 0 1
60	1	0 1 0 1 1 1 1 0 1 0 0 0 1 1 0 1 0 1 1 0 1 0 1 0 0 0 1 1 1 1 1 1 0 0 1 1 1 0 0 0 1 0 0 0 1 0 0 0 0 0
60	16	0 1 0 1 1 1 1 0 1 0 0 0 1 1 1 1 0 1 1 0 1 0 1 0 0 0 1 1 1 1 1 1 0 0 1 1 1 0 0 0 1 0 0 0 1 0 0 0 0 0
60	6	0 1 0 1 1 1 0 0 1 0 0 0 1 1 1 1 0 1 1 0 1 1 1 0 0 0 1 1 1 1 1 1 0 0 1 1 1 0 0 0 1 0 0 0 1 0 0 0 0 0
60	3	0 1 0 1 1 1 0 0 1 0 1 0 1 1 1 1 0 1 1 0 1 0 1 0 0 0 1 1 1 1 1 1 0 0 1 1 1 0 0 0 1 0 0 0 1 0 0 0 0 0
60	2	0 1 0 1 1 1 0 0 1 0 0 0 1 1 1 1 0 1 1 0 1 0 1 0 0 0 1 1 1 1 1 1 1 0 1 1 1 0 0 0 1 0 0 0 1 0 0 0 0 0
60	1	0 1 1 1 1 1 0 0 1 0 0 0 1 1 1 1 0 1 1 0 1 0 1 0 0 0 1 1 1 1 1 1 0 0 1 1 1 0 0 0 1 0 0 0 1 0 0 0 0 0
60	38	0 1 0 1 1 1 0 0 1 0 0 0 1 1 1 1 0 1 1 0 1 0 1 0 0 0 1 1 1 1 1 1 0 0 1 1 1 0 0 0 1 0 0 0 1 0 0 0 0 0
60	2	0 0 0 1 1 1 0 0 1 0 0 0 1 1 1 1 1 1 1 0 1 0 1 0 0 0 1 1 1 1 1 1 0 0 1 1 1 0 0 0 1 0 0 0 1 0 0 0 0 0
70	1	0 1 1 1 0 1 1 1 1 1 0 1 1 1 1 0 1 0 1 1 0 1 1 0 0 1 1 1 1 1 0 1 1 0 0 0 1 1 0 1 0 1 1 0 0 0 1 1 0 1
70	3	0 1 1 1 0 1 1 1 1 1 0 1 1 1 1 0 1 0 1 1 0 1 1 0 0 1 1 1 1 1 0 1 1 0 0 0 1 1 0 1 1 1 1 0 0 0 1 1 0 1
70	2	0 1 1 1 0 1 1 1 1 1 0 1 1 1 1 0 1 0 0 1 0 1 1 0 0 1 1 0 1 1 0 1 1 0 0 0 1 1 0 1 0 1 1 0 0 0 1 1 0 1
70	12	0 1 1 1 0 1 1 1 1 1 0 1 1 1 1 0 1 0 0 1 0 1 1 0 0 1 1 1 1 1 0 1 1 0 0 0 1 1 0 1 0 1 1 0 0 0 1 1 0 1
70	1	0 1 1 1 0 1 1 1 1 1 0 1 1 1 1 0 1 0 0 1 0 1 1 0 0 1 0 1 1 1 0 1 1 0 0 0 1 1 0 1 1 1 1 0 0 0 1 1 0 1
70	1	0 1 0 1 1 1 1 0 1 0 0 0 1 1 1 1 0 1 1 0 1 0 1 0 0 0 1 1 1 1 0 1 0 0 1 1 1 0 0 0 1 0 0 0 1 0 0 0 0 0
70	1	0 1 0 1 1 1 1 0 1 0 0 0 1 1 0 1 0 1 1 0 1 0 1 0 0 0 1 1 1 1 1 1 0 0 1 1 1 0 0 0 1 0 0 0 1 0 0 0 0 0
70	1	0 1 0 1 1 1 1 0 1 0 0 0 1 1 1 1 0 1 1 0 1 0 1 0 0 0 1 1 1 1 1 1 0 1 1 1 1 0 0 0 1 0 0 0 1 0 0 0 0 0
70	1	0 1 0 1 1 1 1 0 1 0 0 0 1 1 1 1 0 1 1 1 1 0 1 0 0 0 1 1 1 1 1 1 0 0 1 1 1 0 0 0 1 0 0 0 1 0 0 0 0 0
70	29	0 1 0 1 1 1 1 0 1 0 0 0 1 1 1 1 0 1 1 0 1 0 1 0 0 0 1 1 1 1 1 1 0 0 1 1 1 0 0 0 1 0 0 0 1 0 0 0 0 0
70	1	0 1 0 1 1 1 0 0 1 0 0 0 1 1 1 1 0 1 1 0 1 1 1 0 0 0 1 1 1 1 1 1 0 0 1 0 1 0 0 0 1 0 0 0 1 0 0 0 0 0
70	3	0 1 0 1 1 1 0 0 1 0 0 0 1 1 1 1 0 1 1 0 1 1 1 0 0 0 1 1 1 1 1 1 0 0 1 1 1 0 0 0 1 0 0 0 1 0 0 0 0 0
70	3	0 1 0 1 1 1 0 0 1 0 1 0 1 1 1 1 0 1 1 0 1 0 1 0 0 0 1 1 1 1 1 1 0 0 1 1 1 0 0 0 1 0 0 0 1 0 0 0 0 0
70	4	0 1 0 1 1 1 0 0 1 0 0 0 1 1 1 1 0 1 1 0 1 0 1 0 0 0 1 1 1 1 1 1 1 0 1 1 1 0 0 0 1 0 0 0 1 0 0 0 0 0
70	4	0 1 0 1 1 1 0 0 1 0 0 0 1 0 1 1 0 1 1 0 1 0 1 0 0 0 1 1 1 1 1 1 0 0 1 1 1 0 0 0 1 0 0 0 1 0 0 0 0 0
70	32	0 1 0 1 1 1 0 0 1 0 0 0 1 1 1 1 0 1 1 0 1 0 1 0 0 0 1 1 1 1 1 1 0 0 1 1 1 0 0 0 1 0 0 0 1 0 0 0 0 0
70	1	0 0 0 1 1 1 0 0 1 0 0 0 1 1 1 1 0 1 1 0 1 0 1 0 0 0 1 1 1 1 1 1 0 0 0 1 1 0 0 0 0 0 0 0 1 0 0 0 0 0
80	1	0 1 1 1 0 1 1 1 1 1 0 1 1 1 1 0 1 0 1 1 0 1 1 0 0 1 1 1 1 1 0 1 1 0 0 0 1 1 0 1 1 1 1 0 0 0 1 1 0 1
80	1	0 1 1 1 0 1 1 1 1 1 0 1 1 1 1 0 1 0 0 1 0 1 1 0 0 1 1 0 1 1 0 1 1 0 0 0 1 1 0 1 0 1 1 0 0 0 1 1 0 1
80	1	0 1 1 1 0 1 1 1 1 1 0 1 1 1 1 0 1 0 0 1 0 1 1 0 0 1 1 1 1 1 0 1 1 0 0 0 1 1 0 1 0 1 1 0 0 0 1 1 0 0
80	8	0 1 1 1 0 1 1 1 1 1 0 1 1 1 1 0 1 0 0 1 0 1 1 0 0 1 1 1 1 1 0 1 1 0 0 0 1 1 0 1 0 1 1 0 0 0 1 1 0 1
80	2	0 1 0 1 1 1 1 0 1 0 0 0 1 1 1 1 0 1 1 0 1 0 1 0 0 0 1 1 1 1 0 1 0 0 1 1 1 0 0 0 1 0 0 0 1 0 0 0 0 0
80	4	0 1 0 1 1 1 1 0 1 0 0 0 1 1 0 1 0 1 1 0 1 0 1 0 0 0 1 1 1 1 1 1 0 0 1 1 1 0 0 0 1 0 0 0 1 0 0 0 0 0
80	1	0 1 0 1 1 1 1 0 1 0 0 0 1 1 1 1 0 1 1 0 1 0 1 0 0 0 1 1 1 1 1 1 0 1 1 1 1 0 0 0 1 0 0 0 1 0 0 0 0 0
80	1	0 1 0 1 1 1 1 0 1 0 0 0 1 1 1 1 0 1 1 0 1 0 1 0 0 0 1 1 1 1 1 1 0 0 1 1 1 0 1 0 1 0 0 0 1 0 0 0 0 0
80	1	0 1 0 1 0 1 1 0 1 0 0 0 1 1 1 1 0 1 1 0 1 0 1 0 0 0 1 1 1 1 1 1 0 0 1 1 1 0 0 0 1 0 0 0 1 0 0 0 0 0
80	41	0 1 0 1 1 1 1 0 1 0 0 0 1 1 1 1 0 1 1 0 1 0 1 0 0 0 1 1 1 1 1 1 0 0 1 1 1 0 0 0 1 0 0 0 1 0 0 0 0 0
80	8	0 1 0 1 1 1 0 0 1 0 0 0 1 1 1 1 0 1 1 0 1 1 1 0 0 0 1 1 1 1 1 1 0 0 1 1 1 0 0 0 1 0 0 0 1 0 0 0 0 0
80	2	0 1 0 1 1 1 0 0 1 0 1 0 1 1 1 1 0 1 1 0 1 0 1 0 0 0 1 1 1 1 1 1 0 0 1 1 1 0 0 0 1 0 0 0 1 0 0 0 0 0
80	3	0 1 0 1 1 1 0 0 1 0 0 0 1 1 1 1 0 1 1 0 1 0 1 0 0 0 1 1 1 1 1 1 1 0 1 1 1 0 0 0 1 0 0 0 1 0 0 0 0 0
80	2	0 1 0 1 1 1 0 0 1 0 0 0 1 0 1 1 0 1 1 0 1 0 1 0 0 0 1 1 1 1 1 1 0 0 1 1 1 0 0 0 1 0 0 0 1 0 0 0 0 0
80	24	0 1 0 1 1 1 0 0 1 0 0 0 1 1 1 1 0 1 1 0 1 0 1 0 0 0 1 1 1 1 1 1 0 0 1 1 1 0 0 0 1 0 0 0 1 0 0 0 0 0
90	1	0 1 1 1 0 1 1 1 1 1 0 1 1 1 1 0 1 0 1 0 0 1 1 0 0 1 1 1 1 1 0 1 1 0 0 0 1 1 0 1 1 1 1 0 0 0 1 1 0 1
90	3	0 1 1 1 0 1 1 1 1 1 0 1 1 1 1 0 1 0 0 1 0 1 1 0 0 1 1 1 1 1 0 1 1 0 0 0 1 1 0 1 0 1 1 0 0 0 1 1 0 1
90	3	0 1 0 1 1 1 1 0 1 0 0 0 1 1 1 1 0 1 1 0 1 0 1 0 0 0 1 1 1 1 0 1 0 0 1 1 1 0 0 0 1 0 0 0 1 0 0 0 0 0
90	1	0 1 0 1 1 1 1 0 1 0 0 0 1 1 0 1 0 1 1 0 1 0 1 0 0 0 1 1 1 1 1 1 0 0 1 1 1 0 0 0 1 0 0 0 1 0 0 0 0 0
90	2	0 1 0 1 1 1 1 0 1 0 0 0 1 1 1 1 0 1 1 0 1 0 1 0 0 0 1 1 1 1 1 1 0 1 1 1 1 0 0 0 1 0 0 0 1 0 0 0 0 0
90	2	0 1 0 1 1 1 1 0 1 0 0 0 1 1 1 1 0 1 1 0 1 0 1 0 1 0 1 1 1 1 1 1 0 0 1 1 1 0 1 0 1 0 0 0 1 0 0 0 0 0
90	1	0 1 0 0 1 1 1 0 1 0 0 0 1 1 1 1 0 0 1 0 1 0 1 0 0 0 1 1 1 1 1 1 0 0 1 1 1 0 0 0 1 0 0 0 1 0 0 0 0 0
90	1	0 1 0 0 1 1 1 0 1 0 0 0 1 1 1 1 0 1 1 0 1 0 1 0 0 0 1 1 1 1 1 1 0 0 1 1 1 0 0 0 1 0 0 0 1 0 0 0 0 0
90	1	0 1 0 1 1 1 0 0 1 0 1 0 1 1 1 1 0 1 1 0 1 0 1 0 0 0 1 1 1 1 1 1 0 0 1 1 1 0 0 0 1 0 0 0 1 0 0 0 0 0
90	17	0 1 0 1 1 1 0 0 1 0 0 0 1 1 1 1 0 1 1 0 1 0 1 0 0 0 1 1 1 1 1 1 0 0 1 1 1 0 0 0 1 0 0 0 1 0 0 0 0 0
90	1	0 1 0 1 1 1 1 0 1 0 0 0 1 1 1 1 0 1 1 0 0 0 1 0 0 0 1 1 1 1 1 1 0 0 1 1 1 0 0 0 1 0 0 0 1 0 0 0 0 0
90	1	0 1 0 1 1 1 1 0 1 0 0 0 1 1 1 1 0 1 1 0 1 1 1 0 0 0 1 1 1 1 1 1 0 0 1 1 1 0 0 0 1 0 0 0 1 0 0 0 0 0
90	55	0 1 0 1 1 1 1 0 1 0 0 0 1 1 1 1 0 1 1 0 1 0 1 0 0 0 1 1 1 1 1 1 0 0 1 1 1 0 0 0 1 0 0 0 1 0 0 0 0 0
90	5	0 1 0 1 1 1 0 0 1 0 0 0 1 1 1 1 0 1 1 0 1 1 1 0 0 0 1 1 1 1 1 1 0 0 1 1 1 0 0 0 1 0 0 0 1 0 0 0 0 0
90	1	0 1 1 1 1 1 0 0 1 0 0 0 1 1 1 1 0 1 1 0 1 0 1 0 0 0 1 1 1 1 1 1 0 0 1 1 1 0 0 0 1 0 0 0 1 0 0 0 0 0
90	3	0 1 0 1 1 1 0 1 1 0 0 0 1 1 1 1 0 1 1 0 1 0 1 1 0 0 1 1 1 1 1 1 0 0 1 1 1 0 0 0 1 0 0 0 1 0 0 0 0 0
90	1	0 1 0 1 1 1 0 0 1 0 0 1 1 1 1 1 0 1 1 0 1 0 1 0 0 0 1 1 1 1 1 1 0 0 1 1 1 0 0 0 1 0 0 0 1 0 0 0 0 0
90	1	0 1 0 1 1 1 0 0 1 0 0 0 1 1 1 1 0 1 1 0 1 0 1 0 0 0 0 1 1 1 1 1 0 0 1 1 1 0 0 0 1 0 0 0 1 0 0 0 0 0
100	4	0 1 1 1 0 1 1 1 1 1 0 1 1 1 1 0 1 0 0 1 0 1 1 0 0 1 1 1 1 1 0 1 1 0 0 0 1 1 0 1 0 1 1 0 0 0 1 1 0 1
100	2	0 1 0 1 1 1 1 0 1 0 0 0 1 1 1 1 0 1 1 0 1 0 1 0 0 0 1 1 1 1 0 1 0 0 1 1 1 0 0 0 1 0 0 0 1 0 0 0 0 0
100	1	0 1 0 1 1 1 1 0 1 0 0 0 1 1 0 1 0 1 1 0 1 0 1 0 0 0 1 1 1 1 1 1 0 0 1 1 1 0 0 0 1 0 0 0 1 0 0 0 0 0
100	4	0 1 0 1 1 1 1 0 1 0 0 0 1 1 1 1 0 1 1 0 1 0 1 0 0 0 1 1 1 1 1 1 0 1 1 1 1 0 0 0 1 0 0 0 1 0 0 0 0 0
100	4	0 1 0 1 1 1 1 0 1 0 0 0 1 1 1 1 0 1 1 0 1 0 1 0 1 0 1 1 1 1 1 1 0 0 1 1 1 0 1 0 1 0 0 0 1 0 0 0 0 0
100	3	0 1 0 1 1 1 1 0 1 0 0 0 1 1 1 1 0 1 1 0 1 0 1 0 0 0 1 1 1 1 1 1 0 0 1 1 1 0 1 0 1 0 0 0 1 0 0 0 0 0
100	1	0 1 0 1 1 1 1 0 1 0 1 0 1 1 1 1 0 1 1 0 1 0 1 0 0 0 1 1 1 1 1 1 0 0 1 1 1 0 0 0 1 0 0 0 1 0 0 0 0 0
100	1	0 1 0 1 1 1 0 0 1 0 0 0 1 1 1 1 0 1 1 0 1 0 1 0 0 0 1 1 1 1 1 1 1 0 1 1 1 0 0 0 1 0 0 0 1 0 0 0 0 0
100	1	0 1 0 1 1 1 0 0 1 0 0 0 1 1 0 1 0 1 1 0 1 0 1 0 0 0 1 1 1 1 1 1 0 0 1 1 1 0 0 0 1 0 0 0 1 0 0 0 0 0
100	3	0 1 0 1 1 1 0 0 1 0 0 1 1 1 1 1 0 1 1 0 1 0 1 0 0 0 1 1 1 1 1 1 0 0 1 1 1 0 0 0 1 0 0 0 1 0 0 0 0 0
100	9	0 1 0 1 1 1 0 0 1 0 0 0 1 1 1 1 0 1 1 0 1 0 1 0 0 0 1 1 1 1 1 1 0 0 1 1 1 0 0 0 1 0 0 0 1 0 0 0 0 0
100	1	0 1 0 1 1 1 1 0 1 0 0 0 1 1 1 1 0 1 1 0 0 0 1 0 0 0 1 1 1 1 1 1 0 0 1 1 1 0 0 0 1 0 0 0 1 0 0 0 0 0
100	1	0 1 0 1 1 1 1 0 1 0 0 0 1 1 1 1 0 1 1 0 1 0 1 1 0 0 1 1 1 1 1 1 0 0 1 1 1 0 0 0 1 0 0 0 1 0 0 0 0 0
100	1	0 1 0 1 1 1 1 0 1 0 0 0 1 1 1 1 0 1 1 0 1 0 1 0 0 0 1 0 1 1 1 1 0 0 1 1 1 0 0 0 1 0 0 0 1 0 0 0 0 0
100	2	0 1 0 1 1 1 1 0 1 0 0 0 1 1 1 1 0 1 1 0 1 0 1 0 0 0 1 1 1 1 1 1 0 0 0 1 1 0 0 0 1 0 0 0 1 0 0 0 0 0
100	5	0 1 0 1 1 1 1 0 1 0 0 0 1 1 1 1 0 1 1 0 1 0 1 0 0 0 1 1 1 1 1 1 0 0 1 1 1 0 0 0 0 0 0 0 1 0 0 0 0 0
100	1	0 1 0 1 1 1 1 0 1 0 0 0 1 1 1 1 0 1 1 0 1 0 1 0 0 0 1 1 1 1 1 1 0 0 1 1 1 0 0 0 1 0 1 0 1 0 0 0 0 0
100	54	0 1 0 1 1 1 1 0 1 0 0 0 1 1 1 1 0 1 1 0 1 0 1 0 0 0 1 1 1 1 1 1 0 0 1 1 1 0 0 0 1 0 0 0 1 0 0 0 0 0
100	2	0 1 0 1 1 1 0 1 1 0 0 0 1 1 1 1 0 1 1 0 1 0 1 1 0 0 1 1 1 1 1 1 0 0 1 1 1 0 0 0 1 0 0 0 1 0 0 0 0 0
110	2	0 1 1 1 0 1 1 1 1 1 0 1 1 1 1 0 1 1 0 1 0 1 1 0 0 1 1 1 1 1 0 1 1 0 0 0 1 1 0 1 0 1 1 0 0 0 1 1 0 1
110	3	0 1 1 1 0 1 1 1 1 1 0 1 1 1 1 0 1 0 0 1 0 1 1 0 0 1 1 1 1 1 0 1 1 0 0 0 1 1 0 1 0 1 1 0 0 0 1 1 0 1
110	1	0 1 0 1 1 1 1 0 1 0 0 0 1 1 1 1 0 1 1 0 1 0 1 0 0 0 1 1 1 1 0 1 0 0 1 1 1 0 0 0 1 0 0 0 1 0 0 0 0 0
110	3	0 1 0 1 1 1 1 0 1 0 0 0 1 1 0 1 0 1 1 0 1 0 1 0 0 0 1 1 1 1 1 1 0 0 1 1 1 0 0 0 1 0 0 0 1 0 0 0 0 0
110	3	0 1 0 1 1 1 1 0 1 0 0 0 1 1 1 1 0 1 1 0 1 0 1 0 0 0 1 1 1 1 1 1 0 1 1 1 1 0 0 0 1 0 0 0 1 0 0 0 0 0
110	1	0 1 0 1 1 1 1 0 1 0 0 0 1 1 1 1 0 1 1 0 1 0 1 0 1 0 1 1 1 1 1 1 0 0 1 1 1 0 1 0 0 0 0 0 1 0 0 0 0 0
110	3	0 1 0 1 1 1 1 0 1 0 0 0 1 1 1 1 0 1 1 0 1 0 1 0 0 0 1 1 1 1 1 1 0 0 1 1 1 0 1 0 1 0 0 0 1 0 0 0 0 0
110	9	0 1 0 1 1 1 0 0 1 0 0 0 1 1 1 1 0 1 1 0 1 0 1 0 0 0 1 1 1 1 1 1 0 0 1 1 1 0 0 0 1 0 0 0 1 0 0 0 0 0
110	4	0 1 0 1 1 1 1 0 1 0 0 0 1 1 1 1 0 1 1 0 0 0 1 0 0 0 1 1 1 1 1 1 0 0 1 1 1 0 0 0 1 0 0 0 1 0 0 0 0 0
110	1	0 1 0 1 1 1 1 0 1 0 0 0 1 1 1 1 0 1 1 1 1 0 1 1 0 0 1 1 1 1 1 1 0 0 1 1 1 0 0 0 1 0 0 0 1 0 0 0 0 0
110	5	0 1 0 1 1 1 1 0 1 0 0 0 1 1 1 1 0 1 1 0 1 0 1 1 0 0 1 1 1 1 1 1 0 0 1 1 1 0 0 0 1 0 0 0 1 0 0 0 0 0
110	2	0 1 0 1 1 1 1 0 1 0 0 0 1 1 1 1 0 1 1 0 1 0 1 0 0 0 1 1 1 1 1 1 0 0 1 1 1 0 0 0 0 0 0 0 1 0 0 0 0 0
110	63	0 1 0 1 1 1 1 0 1 0 0 0 1 1 1 1 0 1 1 0 1 0 1 0 0 0 1 1 1 1 1 1 0 0 1 1 1 0 0 0 1 0 0 0 1 0 0 0 0 0
120	1	0 1 1 1 0 1 1 1 1 1 0 1 1 1 1 0 1 0 0 1 0 1 1 0 0 1 1 1 1 1 0 1 1 0 0 0 1 1 0 1 0 1 1 0 0 0 1 1 0 1
120	5	0 1 0 1 1 1 1 0 1 0 0 0 1 1 1 1 0 1 1 0 1 0 1 0 0 0 1 1 1 1 0 1 0 0 1 1 1 0 0 0 1 0 0 0 1 0 0 0 0 0
120	60	0 1 0 1 1 1 1 0 1 0 0 0 1 1 1 1 0 1 1 0 1 0 1 0 0 0 1 1 1 1 1 1 0 0 1 1 1 0 0 0 1 0 0 0 1 0 0 0 0 0
120	6	0 1 0 1 1 1 1 0 1 0 0 0 1 1 1 1 0 1 1 0 1 0 1 0 0 0 1 1 1 1 1 1 0 1 1 1 1 0 0 0 1 0 0 0 1 0 0 0 0 0
120	1	0 1 0 1 1 1 1 0 1 0 1 0 1 1 1 1 0 1 1 0 1 0 1 0 0 0 1 1 1 1 1 1 0 0 1 1 1 0 1 0 1 0 0 0 1 0 0 0 0 0
120	1	0 1 0 1 1 1 1 1 1 0 0 0 1 1 1 1 0 1 1 0 1 0 1 0 0 0 1 1 1 1 1 1 0 0 1 1 1 0 1 0 1 0 0 0 1 0 0 0 0 0
120	2	0 1 0 1 1 1 1 0 1 0 0 0 1 1 1 1 0 1 1 0 1 0 1 0 0 0 1 1 1 1 1 1 0 0 1 1 1 0 1 0 1 0 0 0 1 0 0 0 0 0
120	4	0 1 0 1 1 1 0 0 1 0 0 0 1 1 1 1 0 1 1 0 1 0 1 0 0 0 1 1 1 1 1 1 0 0 1 1 1 0 0 0 1 0 0 0 1 0 0 0 0 0
120	10	0 1 0 1 1 1 1 0 1 0 0 0 1 1 1 1 0 1 1 0 0 0 1 0 0 0 1 1 1 1 1 1 0 0 1 1 1 0 0 0 1 0 0 0 1 0 0 0 0 0
120	6	0 1 0 1 1 1 1 0 1 0 0 0 1 1 1 1 0 1 1 0 1 0 1 0 0 0 1 1 1 1 1 1 0 0 1 1 1 0 0 0 0 0 0 0 1 0 0 0 0 0
120	1	0 1 0 1 1 1 1 0 1 0 0 0 1 1 1 1 0 1 0 0 1 0 1 0 0 0 1 1 1 1 1 1 0 0 1 1 1 0 0 0 1 0 0 0 0 0 0 0 0 0
120	2	0 1 0 1 1 1 1 0 1 0 0 0 1 1 1 1 0 1 1 0 1 0 0 0 0 0 1 1 1 1 1 1 0 0 1 1 1 0 0 0 1 0 0 0 1 0 0 0 0 0
120	1	0 1 0 1 1 1 1 0 1 0 0 0 1 1 1 1 0 1 1 0 1 0 1 0 0 0 0 1 1 1 1 1 0 0 1 1 1 0 0 0 1 0 0 0 1 0 0 0 0 0
130	1	0 1 1 1 0 1 1 1 1 1 0 1 1 1 1 0 1 0 0 1 0 1 1 0 0 1 1 1 1 1 0 1 1 0 0 0 1 1 0 1 0 1 1 0 0 0 1 1 0 1
130	2	0 1 0 1 1 1 1 0 1 0 0 0 1 1 1 1 0 1 0 0 1 0 1 0 0 0 1 1 1 1 0 1 0 0 1 1 1 0 0 0 1 0 0 0 1 0 0 0 0 0
130	10	0 1 0 1 1 1 1 0 1 0 0 0 1 1 1 1 0 1 1 0 1 0 1 0 0 0 1 1 1 1 0 1 0 0 1 1 1 0 0 0 1 0 0 0 1 0 0 0 0 0
130	1	0 1 1 1 1 1 1 0 1 0 0 0 1 1 1 1 0 1 1 0 1 0 1 0 0 0 1 1 1 1 1 1 0 0 1 1 1 0 0 0 1 0 0 0 1 0 0 0 0 0
130	1	0 1 0 1 1 1 1 0 1 0 0 1 1 1 1 1 0 1 1 0 1 0 1 0 0 0 1 1 1 1 1 1 0 0 1 1 1 0 0 0 1 0 0 0 1 0 0 0 0 0
130	4	0 1 0 1 1 1 1 0 1 0 0 0 1 1 1 1 0 1 1 0 1 0 1 0 0 0 1 1 1 1 1 1 0 0 1 1 1 0 1 0 1 0 0 0 1 0 0 0 0 0
130	1	0 1 0 1 1 1 1 0 1 0 0 0 1 1 1 1 0 1 1 0 1 0 1 0 0 0 1 1 1 1 1 1 0 0 1 1 1 0 0 0 1 0 0 0 1 0 0 0 0 1
130	9	0 1 0 1 1 1 1 0 1 0 0 0 1 1 1 1 0 1 1 0 0 0 1 0 0 0 1 1 1 1 1 1 0 0 1 1 1 0 0 0 1 0 0 0 1 0 0 0 0 0
130	1	0 1 0 1 1 1 1 0 1 0 0 0 1 1 1 1 0 1 1 0 1 0 1 0 0 0 0 1 1 1 1 1 0 0 1 1 1 0 0 0 1 0 0 0 1 0 0 0 0 0
130	19	0 1 0 1 1 1 1 0 1 0 0 0 1 1 1 1 0 1 1 0 1 0 1 0 0 0 1 1 1 1 1 1 0 0 1 1 1 0 0 0 0 0 0 0 1 0 0 0 0 0
130	39	0 1 0 1 1 1 1 0 1 0 0 0 1 1 1 1 0 1 1 0 1 0 1 0 0 0 1 1 1 1 1 1 0 0 1 1 1 0 0 0 1 0 0 0 1 0 0 0 0 0
130	4	0 1 0 1 1 1 1 0 1 0 0 0 1 1 1 1 0 1 1 0 1 0 1 0 0 0 1 1 1 1 1 1 0 1 1 1 1 0 0 0 1 0 0 0 1 0 0 0 0 0
130	1	0 1 0 1 1 1 1 1 1 0 0 0 1 1 1 1 0 1 1 0 1 0 1 0 0 0 1 1 1 1 1 1 0 0 1 1 1 0 1 0 1 0 0 0 1 0 0 0 0 0
130	1	0 1 0 1 1 0 1 0 1 0 0 0 1 1 1 1 0 1 1 0 0 0 1 0 0 0 1 1 1 1 1 1 0 0 1 1 1 0 0 0 1 0 0 0 1 0 0 0 0 0
130	2	0 1 0 1 1 1 1 0 1 0 0 0 1 1 1 1 0 1 1 0 0 0 1 0 1 0 1 1 1 1 1 1 0 0 1 1 1 0 0 0 1 0 0 0 1 0 0 0 0 0
130	2	0 1 0 1 1 1 1 0 1 0 0 0 1 1 1 1 0 1 1 1 1 0 1 1 0 0 1 1 1 1 1 1 0 0 1 1 1 0 0 0 1 0 0 0 1 0 0 0 0 0
130	1	0 1 0 1 1 1 1 0 1 0 0 0 1 1 1 1 0 1 1 0 1 0 1 1 0 0 1 1 1 1 1 1 0 0 1 1 1 0 0 0 1 0 0 0 1 0 0 0 0 0
130	1	0 1 0 1 1 1 1 0 1 0 0 0 1 1 1 1 0 1 1 0 1 0 1 0 0 0 1 1 1 0 1 1 0 0 1 1 1 1 0 0 1 0 0 0 1 0 0 0 0 0
140	3	0 1 1 1 0 1 1 1 1 1 0 1 1 1 1 0 1 0 0 1 0 1 1 0 0 1 1 1 1 1 0 1 1 0 0 0 1 1 0 1 0 1 1 0 0 0 1 1 0 1
140	1	0 1 0 1 1 1 1 0 1 0 0 0 1 1 1 1 0 1 1 0 1 0 1 0 0 0 1 1 1 1 0 1 0 0 0 1 1 0 0 0 1 0 0 0 1 0 0 0 0 0
140	1	0 1 0 1 1 1 1 0 1 0 0 0 0 1 1 1 0 1 1 0 1 0 1 0 0 0 1 1 1 1 0 1 0 0 1 1 1 0 0 0 1 0 0 0 1 0 0 0 0 0
140	7	0 1 0 1 1 1 1 0 1 0 0 0 1 1 1 1 0 1 1 0 1 0 1 0 0 0 1 1 1 1 0 1 0 0 1 1 1 0 0 0 1 0 0 0 1 0 0 0 0 0
140	3	0 1 1 1 1 1 1 0 1 0 0 0 1 1 1 1 0 1 1 0 1 0 1 0 0 0 1 1 1 1 1 1 0 0 1 1 1 0 0 0 1 0 0 0 1 0 0 0 0 0
140	1	0 1 0 1 1 1 1 0 1 0 0 0 1 1 1 1 0 1 1 0 1 0 1 0 0 0 1 1 1 1 1 1 0 0 1 1 1 0 1 0 1 0 0 0 1 0 0 0 0 0
140	2	0 1 0 0 1 1 1 0 1 0 0 0 1 1 1 1 0 1 1 0 0 0 1 0 0 0 1 1 1 1 1 1 0 0 1 1 1 0 0 0 1 0 0 0 1 0 0 0 0 0
140	6	0 1 0 1 1 1 1 0 1 0 0 0 1 1 1 1 0 1 1 0 0 0 1 0 0 0 1 1 1 1 1 1 0 0 1 1 1 0 0 0 1 0 0 0 1 0 0 0 0 0
140	2	0 1 0 1 1 1 1 0 1 1 0 0 1 1 1 1 0 1 1 0 1 0 1 0 0 0 1 1 1 1 1 1 0 0 1 1 1 0 0 0 0 0 0 0 1 0 0 0 0 0
140	35	0 1 0 1 1 1 1 0 1 0 0 0 1 1 1 1 0 1 1 0 1 0 1 0 0 0 1 1 1 1 1 1 0 0 1 1 1 0 0 0 0 0 0 0 1 0 0 0 0 0
140	1	0 1 0 1 1 1 1 0 1 0 0 0 1 1 1 1 0 1 1 0 1 0 1 0 0 0 1 1 1 1 1 1 0 0 0 1 1 0 0 0 1 0 0 0 1 0 0 0 0 0
140	1	0 1 0 1 1 1 1 0 1 0 0 0 1 1 1 1 0 1 1 0 1 0 1 0 0 0 1 1 1 1 1 1 0 1 1 1 1 0 0 0 1 0 0 0 1 0 0 0 0 0
140	2	0 1 0 1 1 1 1 0 1 0 0 0 1 1 1 1 0 1 1 0 1 0 1 0 0 0 1 1 1 1 1 1 0 0 1 1 1 0 0 0 1 0 0 0 0 0 0 0 0 0
140	1	0 1 0 1 1 1 1 0 1 0 0 0 1 1 1 1 0 1 1 1 1 0 1 0 0 0 1 1 1 1 1 1 0 0 1 1 1 0 0 0 1 0 0 0 1 0 0 0 0 0
140	2	0 1 0 1 1 1 1 0 1 0 0 0 1 1 1 1 0 1 1 0 1 0 1 1 0 0 1 1 1 1 1 1 0 0 1 1 1 0 0 0 1 0 0 0 1 0 0 0 0 0
140	30	0 1 0 1 1 1 1 0 1 0 0 0 1 1 1 1 0 1 1 0 1 0 1 0 0 0 1 1 1 1 1 1 0 0 1 1 1 0 0 0 1 0 0 0 1 0 0 0 0 0
140	1	0 1 0 1 1 1 1 0 1 0 0 0 1 1 1 1 1 1 1 0 1 0 1 0 0 0 1 1 1 1 1 1 0 0 1 1 1 0 1 0 1 0 0 0 1 0 0 0 0 0
140	1	0 1 0 1 1 1 1 0 1 0 0 0 1 1 1 1 0 1 1 0 1 0 1 0 0 0 1 1 1 0 1 1 0 0 1 1 1 1 0 0 1 0 0 0 1 0 0 0 0 0
150	1	0 1 1 1 0 1 1 1 1 1 0 1 1 1 1 0 1 0 0 1 0 1 1 0 0 1 1 1 1 1 0 1 1 0 0 0 1 1 0 1 0 1 1 0 0 0 1 1 0 1
150	1	0 1 0 1 0 1 1 0 1 0 0 0 1 1 1 1 0 1 1 0 1 0 1 0 0 0 1 1 1 1 0 1 0 0 1 1 1 0 0 0 1 0 0 0 1 0 0 0 0 0
150	8	0 1 0 1 1 1 1 0 1 0 0 0 1 1 1 1 0 1 1 0 1 0 1 0 0 0 1 1 1 1 0 1 0 0 1 1 1 0 0 0 1 0 0 0 1 0 0 0 0 0
150	4	0 1 1 1 1 1 1 0 1 0 0 0 1 1 1 1 0 1 1 0 1 0 1 0 0 0 1 1 1 1 1 1 0 0 1 1 1 0 0 0 1 0 0 0 1 0 0 0 0 0
150	4	0 1 0 1 1 1 1 0 1 0 0 0 1 1 1 1 0 1 1 0 1 0 1 0 0 0 1 1 1 1 1 1 0 0 1 1 1 0 1 0 1 0 0 0 1 0 0 0 0 0
150	1	0 1 0 1 1 1 1 1 1 0 0 0 1 1 1 1 0 1 1 0 0 0 1 0 0 0 1 1 1 1 1 1 0 0 1 1 1 0 0 0 1 0 0 0 1 0 0 0 0 0
150	2	0 1 0 1 1 1 1 0 1 0 0 0 1 1 1 1 0 1 1 0 0 0 1 0 0 0 1 1 1 1 1 1 0 0 1 1 1 0 0 0 1 0 0 0 1 0 0 0 0 0
150	1	1 1 0 1 1 1 1 0 1 0 0 0 1 1 1 1 0 1 1 0 1 0 1 0 0 0 1 1 1 1 1 1 0 0 1 1 1 0 0 0 1 0 0 0 1 0 0 0 0 0
150	1	0 1 0 1 1 1 1 0 1 1 0 0 1 1 1 1 0 1 1 0 1 0 1 0 0 0 1 1 1 1 1 1 0 0 1 1 1 0 0 0 0 0 0 0 1 0 0 0 0 0
150	1	0 1 0 1 1 1 1 0 1 0 1 0 1 1 1 1 0 1 1 0 1 0 1 0 0 0 1 1 1 1 1 1 0 0 1 1 1 0 0 0 0 0 0 0 1 0 0 0 0 0
150	1	0 1 0 1 1 1 1 0 1 0 0 0 1 1 1 1 0 1 1 0 1 0 1 0 0 0 1 1 1 1 1 1 0 1 1 1 1 0 0 0 0 0 0 0 1 0 0 0 0 0
150	1	0 1 0 1 1 1 1 0 1 0 0 0 1 1 1 1 0 1 1 0 1 0 1 0 0 0 1 1 1 1 1 0 0 0 1 1 1 0 0 0 0 0 0 0 1 0 0 0 0 0
150	40	0 1 0 1 1 1 1 0 1 0 0 0 1 1 1 1 0 1 1 0 1 0 1 0 0 0 1 1 1 1 1 1 0 0 1 1 1 0 0 0 0 0 0 0 1 0 0 0 0 0
150	2	0 1 0 1 1 1 1 0 1 0 0 0 1 1 1 1 0 1 1 0 1 0 1 0 0 0 1 1 1 1 1 1 0 1 1 1 1 0 0 0 1 0 0 0 1 0 0 0 0 0
150	2	0 1 0 1 1 1 1 0 1 0 0 0 1 1 1 1 0 1 1 0 1 0 1 0 0 0 1 1 1 1 1 1 0 0 1 1 1 0 0 0 1 0 0 0 0 0 0 0 0 0
150	9	0 1 0 1 1 1 1 0 1 0 0 0 1 1 1 1 0 1 1 0 1 0 1 1 0 0 1 1 1 1 1 1 0 0 1 1 1 0 0 0 1 0 0 0 1 0 0 0 0 0
150	14	0 1 0 1 1 1 1 0 1 0 0 0 1 1 1 1 0 1 1 0 1 0 1 0 0 0 1 1 1 1 1 1 0 0 1 1 1 0 0 0 1 0 0 0 1 0 0 0 0 0
150	1	0 1 0 1 1 1 1 0 1 0 0 0 1 1 1 1 1 1 1 0 1 0 1 0 0 0 1 1 1 1 1 1 0 0 1 1 1 0 1 0 1 0 0 0 1 0 0 0 0 0
150	1	0 1 0 1 1 1 1 0 1 0 0 0 1 1 1 1 0 1 1 0 1 0 1 1 0 0 1 1 1 1 1 1 0 0 1 1 1 0 0 0 1 0 0 1 1 0 0 0 0 0
150	5	0 1 0 1 1 1 1 0 1 0 0 0 1 1 1 1 0 1 1 0 1 0 1 0 0 0 1 1 1 0 1 1 0 0 1 1 1 1 0 0 1 0 0 0 1 0 0 0 0 0
160	2	0 1 0 1 1 1 1 0 1 0 0 0 1 1 1 1 0 1 1 0 1 0 1 0 0 0 1 1 1 1 0 1 0 0 0 1 1 0 0 0 1 0 0 0 1 0 0 0 0 0
160	1	0 1 1 1 1 1 1 0 1 0 0 0 1 1 1 1 0 1 1 0 1 0 1 0 0 0 1 1 1 1 0 0 0 0 1 1 1 0 0 0 1 0 0 0 1 0 0 0 0 0
160	2	0 1 1 1 1 1 1 0 1 0 0 0 1 1 1 1 0 1 1 0 1 0 1 0 0 0 1 1 1 1 0 1 0 0 1 1 1 0 0 0 1 0 0 0 1 0 0 0 0 0
160	3	0 1 0 1 1 1 1 0 1 0 0 0 1 1 1 1 0 1 1 0 1 0 1 0 0 0 1 1 1 1 0 1 0 0 1 1 1 0 0 0 1 0 0 0 1 0 0 0 0 0
160	1	0 1 1 1 1 1 1 0 1 0 0 1 1 1 1 0 0 1 1 0 1 0 1 0 0 0 1 1 1 1 1 1 0 0 1 1 1 0 1 0 1 0 0 0 1 0 0 0 0 0
160	1	0 1 1 1 1 1 1 0 1 0 0 0 1 1 1 0 0 1 1 0 1 0 1 0 0 0 1 1 1 1 1 1 0 0 1 1 1 0 1 0 1 0 0 0 1 0 0 0 0 0
160	5	0 1 1 1 1 1 1 0 1 0 0 0 1 1 1 1 0 1 1 0 1 0 1 0 0 0 1 1 1 1 1 1 0 0 1 1 1 0 0 0 1 0 0 0 1 0 0 0 0 0
160	4	0 1 0 1 1 1 1 1 1 0 0 0 1 1 1 1 0 1 1 0 0 0 1 0 0 0 1 1 1 1 1 1 0 0 1 1 1 0 0 0 1 0 0 0 1 0 0 0 0 0
160	2	0 1 0 1 1 1 1 0 1 0 0 0 1 1 1 1 0 1 1 0 0 0 1 0 0 0 1 1 1 1 1 1 0 0 1 1 1 0 0 0 1 0 0 0 1 0 0 0 0 0
160	2	0 1 0 1 1 1 1 0 1 1 0 0 1 1 1 1 0 1 1 0 1 0 1 0 0 0 1 1 1 1 1 1 0 0 1 1 1 0 0 0 0 0 0 0 1 0 0 0 0 0
160	2	0 1 0 1 1 1 1 0 1 0 0 0 1 1 1 1 0 1 0 0 1 0 1 0 0 0 1 1 1 1 1 1 0 0 1 1 1 0 0 0 0 0 0 0 1 0 0 0 0 0
160	2	0 1 0 1 1 1 1 0 1 0 0 0 1 1 1 1 0 1 1 0 1 0 1 0 0 0 1 0 1 1 1 1 0 0 1 1 1 0 0 0 0 0 0 0 1 0 0 0 0 0
160	47	0 1 0 1 1 1 1 0 1 0 0 0 1 1 1 1 0 1 1 0 1 0 1 0 0 0 1 1 1 1 1 1 0 0 1 1 1 0 0 0 0 0 0 0 1 0 0 0 0 0
160	2	0 1 0 1 1 1 1 0 1 0 0 0 1 1 1 1 0 1 1 0 1 0 1 0 0 0 1 1 1 1 1 1 0 0 0 1 1 0 0 0 1 0 0 0 1 0 0 0 0 0
160	3	0 1 0 1 1 1 1 0 1 0 0 0 1 1 1 1 0 1 1 0 1 0 1 0 0 0 1 1 1 1 1 1 0 1 1 1 1 0 0 0 1 0 0 0 1 0 0 0 0 0
160	1	0 1 0 1 1 1 1 0 1 0 0 0 1 1 1 1 0 1 1 0 1 0 1 0 0 0 1 1 1 1 1 1 0 0 1 1 1 0 0 0 1 0 0 0 0 0 0 0 0 0
160	2	0 1 0 1 1 1 1 0 1 0 0 0 1 1 1 1 0 1 1 0 1 0 1 1 0 0 1 1 1 1 1 1 0 0 1 1 1 0 0 0 1 0 0 0 1 0 0 0 0 0
160	14	0 1 0 1 1 1 1 0 1 0 0 0 1 1 1 1 0 1 1 0 1 0 1 0 0 0 1 1 1 1 1 1 0 0 1 1 1 0 0 0 1 0 0 0 1 0 0 0 0 0
160	4	0 1 0 1 1 1 1 0 1 0 0 0 1 1 1 1 0 1 1 0 1 0 1 0 0 0 1 1 1 0 1 1 0 0 1 1 1 1 0 0 1 0 0 0 1 0 0 0 0 0
170	2	0 1 0 1 1 1 1 0 1 0 0 0 1 1 1 1 0 1 1 0 1 0 1 0 0 0 1 1 1 1 0 1 0 0 0 1 1 0 0 0 1 0 0 0 1 0 0 0 0 0
170	7	0 1 1 1 1 1 1 0 1 0 0 0 1 1 1 1 0 1 1 0 1 0 1 0 0 0 1 1 1 1 0 1 0 0 1 1 1 0 0 0 1 0 0 0 1 0 0 0 0 0
170	1	0 1 0 1 1 1 1 0 1 0 0 0 1 1 1 1 0 1 1 0 1 0 1 0 0 0 1 1 1 1 0 1 0 0 1 1 1 0 1 0 1 0 0 0 1 0 0 0 0 0
170	3	0 1 0 1 1 1 1 0 1 0 0 0 1 1 1 1 0 1 1 0 1 0 1 0 0 0 1 1 1 1 0 1 0 0 1 1 1 0 0 0 1 0 0 0 1 0 0 0 0 0
170	1	0 1 1 1 1 1 1 0 1 0 0 1 1 1 1 0 0 1 1 0 1 0 1 0 0 0 1 1 1 1 1 1 0 0 1 1 1 0 1 0 1 0 0 0 1 0 0 0 0 0
170	6	0 1 1 1 1 1 1 0 1 0 0 0 1 1 1 1 0 1 1 0 1 0 1 0 0 0 1 1 1 1 1 1 0 0 1 1 1 0 0 0 1 0 0 0 1 0 0 0 0 0
170	3	0 1 0 1 1 1 1 1 1 0 0 0 1 1 1 1 0 1 1 0 0 0 1 0 0 0 1 1 1 1 1 1 0 0 1 1 1 0 0 0 1 0 0 0 1 0 0 0 0 0
170	1	0 1 0 1 1 1 1 0 1 0 0 0 1 1 1 1 0 1 1 0 0 0 1 0 0 0 1 1 1 1 1 1 0 0 1 1 1 0 0 0 1 0 0 0 1 0 0 0 0 0
170	1	0 1 0 1 1 1 1 0 1 1 0 0 1 1 1 1 0 1 1 0 1 0 1 0 0 0 1 1 1 1 1 1 0 0 1 1 1 0 0 0 0 0 0 0 1 0 0 0 0 0
170	2	0 1 0 1 1 1 1 0 1 0 1 0 1 1 1 1 0 1 1 0 1 0 1 0 0 0 1 1 1 1 1 1 0 0 1 1 1 0 0 0 0 0 0 0 1 0 0 0 0 0
170	2	0 1 0 1 1 1 1 0 1 0 0 0 1 1 1 1 0 1 0 0 1 0 1 0 0 0 1 1 1 1 1 1 0 0 1 1 1 0 0 0 0 0 0 0 1 0 0 0 0 0
170	4	0 1 0 1 1 1 1 0 1 0 0 0 1 1 1 1 0 1 1 0 1 0 1 0 0 0 1 1 1 1 1 0 0 0 1 1 1 0 0 0 0 0 0 0 1 0 0 0 0 0
170	1	0 1 0 1 1 1 1 0 1 0 0 0 1 1 1 1 0 1 1 0 1 0 1 0 0 0 1 0 1 1 1 1 0 0 1 1 1 0 0 0 0 0 0 0 1 0 0 0 0 0
170	1	0 1 0 1 1 1 1 0 1 0 0 0 1 1 1 1 0 1 1 0 1 0 1 0 0 0 1 1 1 0 1 1 0 0 1 1 1 0 0 0 0 0 0 0 1 0 0 0 0 0
170	56	0 1 0 1 1 1 1 0 1 0 0 0 1 1 1 1 0 1 1 0 1 0 1 0 0 0 1 1 1 1 1 1 0 0 1 1 1 0 0 0 0 0 0 0 1 0 0 0 0 0
170	1	0 1 0 1 1 1 1 0 1 0 0 0 1 1 1 1 0 1 1 0 1 0 1 0 0 0 1 1 1 1 1 1 0 0 0 1 1 0 0 0 1 0 0 0 1 0 0 0 0 0
170	1	0 1 0 1 1 1 1 0 1 0 0 0 1 1 1 1 0 1 1 0 1 0 1 0 0 0 1 1 1 1 1 1 0 1 1 1 1 0 0 0 1 0 0 0 1 0 0 0 0 0
170	1	0 1 0 1 1 1 1 0 1 0 0 0 1 1 1 1 0 1 1 0 1 0 0 0 0 0 1 1 1 1 1 1 0 0 1 1 1 0 0 0 1 0 0 0 0 0 0 0 0 0
170	1	0 1 0 1 1 1 1 0 1 0 0 0 1 1 1 1 0 1 1 0 1 0 1 0 0 0 1 1 1 1 1 1 0 0 1 1 1 0 0 0 1 0 0 0 0 0 0 0 0 0
170	4	0 1 0 1 1 1 1 0 1 0 0 0 1 1 1 1 0 1 1 0 1 0 1 0 0 0 1 1 1 1 1 1 0 0 1 1 1 0 0 0 1 0 0 0 1 0 0 0 0 0
170	1	0 1 0 1 1 1 1 0 1 0 0 0 1 1 1 1 0 1 1 0 1 0 1 0 0 0 1 1 1 0 1 1 0 0 1 1 1 1 0 0 1 0 0 0 1 0 0 0 0 0
180	1	0 1 0 1 1 1 1 0 1 0 0 0 1 1 1 1 0 1 1 0 1 0 0 0 0 0 1 1 1 1 0 1 0 0 0 1 1 0 0 0 1 0 0 0 1 0 0 0 0 0
180	11	0 1 1 1 1 1 1 0 1 0 0 0 1 1 1 1 0 1 1 0 1 0 1 0 0 0 1 1 1 1 0 1 0 0 1 1 1 0 0 0 1 0 0 0 1 0 0 0 0 0
180	1	0 1 0 1 1 1 1 0 1 0 0 0 1 1 1 1 0 1 1 0 1 0 1 0 0 0 1 1 1 1 0 1 0 0 1 1 1 0 0 0 1 0 0 0 1 0 0 0 0 0
180	1	0 1 1 1 1 1 1 0 1 0 0 1 1 1 1 0 0 1 1 0 1 0 1 0 0 0 1 1 1 1 1 1 0 0 1 1 1 0 1 0 1 0 0 0 1 0 0 0 0 0
180	3	0 1 1 1 1 1 1 0 1 0 0 0 1 1 1 1 0 1 1 0 1 0 1 0 0 0 1 1 1 1 1 0 0 0 1 1 1 0 0 0 1 0 0 0 1 0 0 0 0 0
180	7	0 1 1 1 1 1 1 0 1 0 0 0 1 1 1 1 0 1 1 0 1 0 1 0 0 0 1 1 1 1 1 1 0 0 1 1 1 0 0 0 1 0 0 0 1 0 0 0 0 0
180	2	0 1 0 1 1 1 1 1 1 0 0 0 1 1 1 1 0 1 1 0 0 0 0 0 0 0 1 1 1 1 1 1 0 0 1 1 1 0 0 0 1 0 0 0 1 0 0 0 0 0
180	1	0 1 0 1 1 1 1 1 1 0 0 0 1 1 1 1 0 1 1 0 0 0 1 0 0 0 1 1 1 1 1 1 0 0 1 1 1 0 0 0 1 0 0 0 1 0 0 0 0 0
180	1	0 1 0 1 1 1 1 0 1 1 0 0 1 1 1 1 0 1 1 0 1 0 1 0 0 0 1 1 1 1 1 1 0 0 1 1 1 0 0 0 0 0 0 0 1 0 0 0 0 0
180	2	0 1 0 1 1 1 1 0 1 0 1 0 1 1 1 1 0 1 1 0 1 0 1 0 0 0 1 1 1 1 1 1 0 0 1 1 1 0 0 0 0 0 0 0 1 0 0 0 0 0
180	4	0 1 0 1 1 1 1 0 1 0 0 0 1 1 1 1 0 1 0 0 1 0 1 0 0 0 1 1 1 1 1 1 0 0 1 1 1 0 0 0 0 0 0 0 1 0 0 0 0 0
180	2	0 1 0 1 1 1 1 0 1 0 0 0 1 1 1 1 0 1 0 0 1 0 1 0 0 0 1 1 1 1 1 0 0 0 1 1 1 0 0 0 0 0 0 0 1 0 0 0 0 0
180	2	0 1 0 1 1 1 1 0 1 0 0 0 1 1 1 1 0 1 1 0 1 0 1 0 0 0 1 1 1 1 1 0 0 0 1 1 1 0 0 0 0 0 0 0 1 0 0 0 0 0
180	1	0 1 0 1 1 1 1 0 1 0 0 0 1 1 1 1 0 1 1 0 1 0 1 0 0 0 1 1 1 1 1 1 0 0 1 1 1 0 0 0 0 0 0 0 0 0 0 0 0 0
180	57	0 1 0 1 1 1 1 0 1 0 0 0 1 1 1 1 0 1 1 0 1 0 1 0 0 0 1 1 1 1 1 1 0 0 1 1 1 0 0 0 0 0 0 0 1 0 0 0 0 0
180	1	0 1 0 1 1 1 1 0 1 0 0 0 1 1 1 1 0 1 1 0 1 0 1 0 0 0 1 1 1 1 1 1 0 0 0 1 1 0 0 0 1 0 0 0 1 0 0 0 0 0
180	1	0 1 0 1 1 1 1 0 1 0 0 0 1 1 1 1 0 1 1 0 1 0 1 0 0 0 1 1 1 1 1 1 0 1 1 1 1 0 0 0 1 0 0 0 1 0 0 0 0 0
180	2	0 1 0 1 1 1 1 0 1 0 0 0 1 1 1 1 0 1 1 0 1 0 1 0 0 0 1 1 1 0 1 1 0 0 1 1 1 1 0 0 1 0 0 0 1 0 0 0 0 0
190	9	0 1 1 1 1 1 1 0 1 0 0 0 1 1 1 1 0 1 1 0 1 0 1 0 0 0 1 1 1 1 0 1 0 0 1 1 1 0 0 0 1 0 0 0 1 0 0 0 0 0
190	1	0 1 1 1 1 1 1 0 1 0 0 1 1 1 1 0 0 1 1 0 1 0 1 0 0 0 1 1 1 1 1 1 0 0 1 1 1 0 1 0 1 0 0 0 1 0 0 1 0 0
190	1	0 1 1 1 1 1 1 0 1 0 0 1 1 1 1 0 0 1 1 0 1 0 1 0 0 0 1 1 1 1 1 1 0 0 1 1 1 0 1 0 1 0 0 0 1 0 0 0 0 0
190	1	0 1 1 1 1 1 1 0 1 0 0 0 1 1 1 1 0 1 1 0 1 0 1 0 0 1 1 1 1 1 1 1 0 0 1 1 1 0 0 0 1 0 0 0 1 0 0 0 0 0
190	2	0 1 1 1 1 1 1 0 1 0 0 0 1 1 1 1 0 1 1 0 1 0 1 0 0 0 1 1 1 1 1 1 0 0 1 1 1 0 0 0 1 0 0 0 1 0 0 0 0 0
190	1	0 1 0 1 1 1 1 1 1 0 0 0 1 1 1 1 0 1 1 0 0 0 1 0 0 0 0 1 1 1 1 1 0 0 1 1 1 0 0 0 1 0 0 0 1 0 0 0 0 0
190	5	0 1 0 1 1 1 1 1 1 0 0 0 1 1 1 1 0 1 1 0 0 0 1 0 0 0 1 1 1 1 1 1 0 0 1 1 1 0 0 0 1 0 0 0 1 0 0 0 0 0
190	3	0 1 0 1 1 1 1 0 1 1 0 0 1 1 1 1 0 1 1 0 1 0 1 0 0 0 1 1 1 1 1 1 0 0 1 1 1 0 0 0 0 0 0 0 1 0 0 0 0 0
190	3	0 1 0 1 1 1 1 0 1 0 0 0 1 1 1 1 0 1 0 0 1 0 1 0 0 0 1 1 1 1 1 0 0 0 1 1 1 0 0 0 0 0 0 0 1 0 0 0 0 0
190	14	0 1 0 1 1 1 1 0 1 0 0 0 1 1 1 1 0 1 1 0 1 0 1 0 0 0 1 1 1 1 1 0 0 0 1 1 1 0 0 0 0 0 0 0 1 0 0 0 0 0
190	4	0 1 0 1 1 1 1 0 1 0 0 0 1 1 1 1 0 1 1 0 1 0 1 0 0 0 1 1 1 1 1 1 0 0 1 1 1 0 0 1 0 0 0 0 1 0 0 0 0 0
190	2	0 1 0 1 1 1 1 0 1 0 0 0 1 1 1 1 0 1 1 0 1 0 1 0 0 0 1 1 1 1 1 1 0 0 1 1 1 0 1 0 0 0 0 0 1 0 0 0 0 0
190	1	0 1 0 1 1 1 1 0 1 0 0 0 1 1 1 1 0 1 1 1 1 0 1 0 0 0 1 1 1 1 1 1 0 0 1 1 1 0 0 0 0 0 0 0 1 0 0 0 0 0
190	1	0 1 0 1 1 1 1 0 1 0 0 0 1 1 1 1 0 1 1 0 1 0 1 0 0 0 1 1 1 1 1 1 0 0 1 1 1 0 0 0 1 0 0 0 1 0 0 0 0 0
190	46	0 1 0 1 1 1 1 0 1 0 0 0 1 1 1 1 0 1 1 0 1 0 1 0 0 0 1 1 1 1 1 1 0 0 1 1 1 0 0 0 0 0 0 0 1 0 0 0 0 0
190	1	0 1 0 1 1 1 1 0 1 0 0 0 1 1 1 1 0 1 1 0 1 0 1 0 0 0 1 1 1 1 1 1 0 0 0 1 1 0 0 0 1 0 0 0 1 0 0 0 0 0
190	1	0 1 0 1 1 1 1 0 1 0 0 0 1 1 1 1 0 1 1 0 1 0 1 0 0 0 1 1 1 1 1 1 0 0 1 1 1 0 0 0 1 0 0 0 0 0 0 0 0 0
190	4	0 1 0 1 1 1 1 0 1 0 0 0 1 1 1 1 0 1 1 0 1 0 1 0 0 0 1 1 1 0 1 1 0 0 1 1 1 1 0 0 1 0 0 0 1 0 0 0 0 0
200	2	0 1 1 1 1 1 1 0 1 0 0 0 1 1 1 1 0 1 1 0 1 0 1 0 0 0 1 1 1 1 0 1 0 0 1 1 1 0 0 0 1 0 0 0 1 0 0 0 0 0
200	3	0 1 1 1 1 1 1 0 1 0 0 1 1 1 1 0 0 1 1 0 1 0 1 0 0 0 1 1 1 1 1 1 0 0 1 1 1 0 1 0 1 0 0 0 1 0 0 0 0 0
200	8	0 1 1 1 1 1 1 0 1 0 0 0 1 1 1 1 0 1 1 0 1 0 1 0 0 0 1 1 1 1 1 1 0 0 1 1 1 0 0 0 1 0 0 0 1 0 0 0 0 0
200	2	0 1 0 1 1 1 1 1 1 0 0 0 1 1 1 1 0 1 1 0 0 0 1 0 0 0 1 1 1 1 1 1 0 0 1 1 1 0 1 0 1 0 0 0 1 0 0 0 0 0
200	8	0 1 0 1 1 1 1 1 1 0 0 0 1 1 1 1 0 1 1 0 0 0 1 0 0 0 1 1 1 1 1 1 0 0 1 1 1 0 0 0 1 0 0 0 1 0 0 0 0 0
200	2	0 1 0 1 1 1 1 0 1 1 0 0 1 1 1 1 0 1 1 0 1 0 1 0 0 0 1 1 1 1 1 1 0 0 1 1 1 0 0 0 0 0 0 0 1 0 0 0 0 0
200	3	0 1 0 1 1 1 1 0 1 0 0 0 1 1 1 1 0 1 0 0 1 0 1 0 0 0 1 1 1 1 1 0 0 0 1 1 1 0 0 0 0 0 0 0 1 0 0 0 0 0
200	1	0 1 0 1 1 1 1 0 1 0 0 0 1 1 1 1 0 1 1 0 1 0 1 0 0 0 1 1 1 1 1 0 0 1 1 1 1 0 0 0 0 0 0 0 1 0 0 0 0 0
200	1	0 1 0 1 1 1 1 1 1 0 0 0 1 1 1 1 0 1 1 0 1 0 1 0 0 0 1 1 1 1 1 0 0 0 1 1 1 0 0 0 0 0 0 0 1 0 0 0 0 0
200	12	0 1 0 1 1 1 1 0 1 0 0 0 1 1 1 1 0 1 1 0 1 0 1 0 0 0 1 1 1 1 1 0 0 0 1 1 1 0 0 0 0 0 0 0 1 0 0 0 0 0
200	2	0 1 0 1 1 1 1 0 1 0 0 0 1 1 1 1 0 1 1 0 1 0 1 0 0 0 1 1 1 1 1 1 0 0 1 1 1 0 0 1 0 0 0 0 1 0 0 0 0 0
200	2	0 1 0 1 1 1 1 0 1 0 0 0 1 1 0 1 0 1 1 0 1 0 1 0 0 0 1 1 1 1 1 1 0 0 1 1 1 0 0 0 0 0 0 0 1 0 0 0 0 0
200	1	0 1 0 1 1 1 1 0 1 0 0 0 1 1 1 1 0 1 1 1 1 0 1 0 0 0 1 1 1 1 1 1 0 0 1 1 1 0 0 0 0 0 0 0 1 0 0 0 0 0
200	2	0 1 0 1 1 1 1 1 1 0 0 0 1 1 1 1 0 1 1 0 1 0 1 0 0 0 1 1 1 1 1 1 0 0 1 1 1 0 0 0 0 0 0 0 1 0 0 0 0 0
200	1	0 1 0 1 1 1 1 0 1 0 0 0 1 1 1 1 0 1 1 0 1 0 1 0 0 0 1 1 1 1 1 1 0 0 1 1 1 0 0 0 0 0 0 0 0 0 0 0 0 0
200	45	0 1 0 1 1 1 1 0 1 0 0 0 1 1 1 1 0 1 1 0 1 0 1 0 0 0 1 1 1 1 1 1 0 0 1 1 1 0 0 0 0 0 0 0 1 0 0 0 0 0
200	1	0 1 0 1 1 1 1 0 1 0 0 0 1 1 1 1 0 1 1 0 1 0 1 0 0 0 1 1 1 1 1 1 0 1 1 1 1 0 0 0 1 0 0 0 1 0 0 0 0 0
200	4	0 1 0 1 1 1 1 0 1 0 0 0 1 1 1 1 0 1 1 0 1 0 1 0 0 0 1 1 1 1 1 1 0 0 1 1 1 0 0 0 1 0 0 0 0 0 0 0 0 0
210	1	0 1 1 1 1 1 1 1 1 0 0 0 1 1 1 1 0 1 1 0 1 0 1 0 0 0 1 1 1 1 0 1 0 0 1 1 1 0 0 0 1 0 0 0 1 0 0 0 0 0
210	13	0 1 1 1 1 1 1 0 1 0 0 0 1 1 1 1 0 1 1 0 1 0 1 0 0 0 1 1 1 1 0 1 0 0 1 1 1 0 0 0 1 0 0 0 1 0 0 0 0 0
210	1	0 1 1 1 1 1 1 0 1 0 0 1 1 1 1 0 0 1 1 0 1 0 1 0 0 0 1 1 1 1 1 1 0 0 1 1 1 0 1 0 1 0 0 0 1 0 0 0 0 0
210	9	0 1 1 1 1 1 1 0 1 0 0 0 1 1 1 1 0 1 1 0 1 0 1 0 0 0 1 1 1 1 1 1 0 0 1 1 1 0 0 0 1 0 0 0 1 0 0 0 0 0
210	5	0 1 0 1 1 1 1 1 1 0 0 0 1 1 1 1 0 1 1 0 0 0 1 0 0 0 1 1 1 1 1 1 0 0 1 1 1 0 0 0 1 0 0 0 1 0 0 0 0 0
210	9	0 1 0 1 1 1 1 0 1 1 0 0 1 1 1 1 0 1 1 0 1 0 1 0 0 0 1 1 1 1 1 1 0 0 1 1 1 0 0 0 0 0 0 0 1 0 0 0 0 0
210	2	0 1 0 1 1 1 1 0 1 0 0 0 1 1 1 1 0 1 0 0 1 0 1 0 0 0 1 1 1 1 1 0 0 0 1 1 1 0 0 0 0 0 0 0 1 0 0 0 0 0
210	7	0 1 0 1 1 1 1 0 1 0 0 0 1 1 1 1 0 1 1 0 1 0 1 0 0 0 1 1 1 1 1 0 0 0 1 1 1 0 0 0 0 0 0 0 1 0 0 0 0 0
210	1	0 1 0 1 1 1 1 0 1 0 0 0 1 1 1 1 0 1 1 0 1 0 1 0 0 0 1 0 1 1 1 1 0 0 1 1 1 0 0 0 0 0 0 0 1 0 0 0 0 0
210	1	0 1 0 1 1 1 1 0 1 0 0 0 1 1 0 1 0 1 1 0 1 0 1 0 0 0 1 1 1 1 1 1 0 0 1 1 1 0 0 0 0 0 0 0 1 0 0 0 0 0
210	2	0 1 0 1 1 1 1 0 1 0 0 0 1 1 1 1 0 1 1 1 1 0 1 0 0 0 1 1 1 1 1 1 0 0 1 1 1 0 0 0 0 0 0 0 1 0 0 0 0 0
210	1	0 1 0 1 0 1 1 0 1 0 0 0 1 1 1 1 0 1 1 0 1 0 1 0 0 0 1 1 1 1 1 1 0 0 1 1 1 0 0 0 0 0 0 0 1 0 0 0 0 0
210	1	0 1 0 1 1 1 1 0 1 0 0 0 1 1 1 1 0 1 0 0 1 0 1 0 0 0 1 1 1 1 1 1 0 0 1 1 1 0 0 0 0 0 0 0 1 0 0 0 0 0
210	44	0 1 0 1 1 1 1 0 1 0 0 0 1 1 1 1 0 1 1 0 1 0 1 0 0 0 1 1 1 1 1 1 0 0 1 1 1 0 0 0 0 0 0 0 1 0 0 0 0 0
210	1	0 1 0 1 1 1 1 0 1 0 0 0 1 1 1 1 0 1 1 0 1 0 1 0 0 0 1 1 1 1 1 1 0 0 1 1 1 1 0 0 1 0 0 0 0 0 0 0 0 0
210	2	0 1 0 1 1 1 1 0 1 0 0 0 1 1 1 1 0 1 1 0 1 0 1 0 0 0 1 1 1 1 1 1 0 0 1 1 1 0 0 0 1 0 0 0 0 0 0 0 0 0
220	2	0 1 1 1 1 1 1 0 1 0 0 0 1 1 1 1 0 1 1 0 1 0 1 0 0 0 1 1 1 1 0 1 0 0 1 1 1 0 0 0 1 0 0 0 1 0 0 1 0 0
220	8	0 1 1 1 1 1 1 0 1 0 0 0 1 1 1 1 0 1 1 0 1 0 1 0 0 0 1 1 1 1 0 1 0 0 1 1 1 0 0 0 1 0 0 0 1 0 0 0 0 0
220	1	0 1 1 1 1 1 1 0 1 0 0 1 1 1 1 0 0 1 1 0 1 0 1 0 0 0 1 1 1 1 1 1 0 0 1 1 1 0 1 0 1 0 0 0 1 0 0 0 0 0
220	6	0 1 1 1 1 1 1 0 1 0 0 0 1 1 1 1 0 1 1 0 1 0 1 0 0 0 1 1 1 1 1 1 0 0 1 1 1 0 0 0 1 0 0 0 1 0 0 0 0 0
220	5	0 1 0 1 1 1 1 1 1 0 0 0 1 1 1 1 0 1 1 0 0 0 1 0 0 0 1 1 1 1 1 1 0 0 1 1 1 0 0 0 1 0 0 0 1 0 0 0 0 0
220	1	0 1 0 1 1 1 1 0 1 1 0 0 1 1 1 1 0 1 1 0 1 0 1 0 0 0 1 1 1 1 0 1 0 0 1 1 1 0 0 0 0 0 0 0 1 0 0 0 0 0
220	20	0 1 0 1 1 1 1 0 1 1 0 0 1 1 1 1 0 1 1 0 1 0 1 0 0 0 1 1 1 1 1 1 0 0 1 1 1 0 0 0 0 0 0 0 1 0 0 0 0 0
220	6	0 1 0 1 1 1 1 0 1 0 0 0 1 1 1 1 0 1 0 0 1 0 1 0 0 0 1 1 1 1 1 0 0 0 1 1 1 0 0 0 0 0 0 0 1 0 0 0 0 0
220	4	0 1 0 1 1 1 1 0 1 0 0 0 1 1 1 1 0 1 1 0 1 0 1 0 0 1 1 1 1 1 1 0 0 0 1 1 1 0 0 0 0 0 0 0 1 0 0 0 0 0
220	4	0 1 0 1 1 1 1 0 1 0 0 0 1 1 1 1 0 1 1 0 1 0 1 0 0 0 1 1 1 1 1 0 0 0 1 1 1 0 0 0 0 0 0 0 1 0 0 0 0 0
220	1	0 1 0 1 1 1 1 0 1 0 0 0 1 1 1 1 0 1 1 0 1 0 1 0 0 0 1 1 1 1 1 1 0 0 1 1 1 0 1 0 0 0 0 0 1 0 0 0 0 0
220	1	0 1 0 1 0 1 1 0 1 0 0 0 1 1 1 1 0 1 1 0 1 0 1 0 0 0 1 1 1 1 1 1 0 0 1 1 1 0 0 0 0 0 0 0 1 0 0 0 0 0
220	2	0 1 0 1 1 0 1 0 1 0 0 0 1 1 1 1 0 1 1 0 1 0 1 0 0 0 1 1 1 1 1 1 0 0 1 1 1 0 0 0 0 0 0 0 1 0 0 0 0 0
220	1	0 1 0 1 1 1 1 1 1 0 0 0 1 1 1 1 0 1 1 0 1 0 1 0 0 0 1 1 1 1 1 1 0 0 1 1 1 0 0 0 0 0 0 0 1 0 0 0 0 0
220	35	0 1 0 1 1 1 1 0 1 0 0 0 1 1 1 1 0 1 1 0 1 0 1 0 0 0 1 1 1 1 1 1 0 0 1 1 1 0 0 0 0 0 0 0 1 0 0 0 0 0
220	3	0 1 0 1 1 1 1 0 1 0 0 0 1 1 1 1 0 1 1 0 1 0 1 0 0 0 1 1 1 1 1 1 0 0 1 1 1 0 0 0 1 0 0 0 0 0 0 0 0 0
230	1	0 1 1 1 1 1 1 1 1 0 0 0 1 1 1 1 0 1 1 0 1 0 1 0 0 0 1 1 1 1 1 1 0 0 1 1 1 0 0 0 1 0 0 0 1 0 0 0 0 0
230	4	0 1 1 1 1 1 1 1 1 0 0 0 1 1 1 1 0 1 1 0 1 0 1 0 0 0 1 1 1 1 0 1 0 0 1 1 1 0 0 0 1 0 0 0 1 0 0 0 0 0
230	7	0 1 1 1 1 1 1 0 1 0 0 0 1 1 1 1 0 1 1 0 1 0 1 0 0 0 1 1 1 1 0 1 0 0 1 1 1 0 0 0 1 0 0 0 1 0 0 0 0 0
230	1	0 1 1 1 1 1 1 0 1 0 0 1 1 1 1 0 0 1 1 0 1 0 1 0 0 0 1 1 1 1 1 1 0 0 1 1 1 0 1 0 1 0 0 0 1 0 0 0 0 0
230	6	0 1 1 1 1 1 1 0 1 0 0 0 1 1 1 1 0 1 1 0 1 0 1 0 0 0 1 1 1 1 1 1 0 0 1 1 1 0 0 0 1 0 0 0 1 0 0 0 0 0
230	1	0 1 0 1 1 1 1 0 1 0 0 0 1 1 1 1 0 1 1 0 1 0 1 0 0 0 1 1 1 1 1 1 0 0 1 1 1 0 0 0 0 0 1 0 1 0 0 0 0 0
230	1	0 1 0 1 1 1 1 0 1 0 0 0 1 1 1 1 0 1 1 0 1 0 1 0 0 0 1 1 1 1 1 1 0 0 1 1 1 0 1 0 0 0 0 0 1 0 0 0 0 0
230	1	0 1 0 1 1 0 1 0 1 0 0 0 1 1 1 1 0 1 1 0 1 0 1 0 0 0 1 1 1 1 1 1 0 0 1 1 1 0 0 0 0 0 0 0 1 0 0 0 0 0
230	29	0 1 0 1 1 1 1 0 1 0 0 0 1 1 1 1 0 1 1 0 1 0 1 0 0 0 1 1 1 1 1 1 0 0 1 1 1 0 0 0 0 0 0 0 1 0 0 0 0 0
230	1	0 1 0 1 1 1 1 0 1 1 0 0 1 1 1 1 0 1 1 0 1 0 1 0 0 0 1 1 1 1 1 1 0 0 1 0 1 0 0 0 0 0 0 0 1 0 0 0 0 0
230	38	0 1 0 1 1 1 1 0 1 1 0 0 1 1 1 1 0 1 1 0 1 0 1 0 0 0 1 1 1 1 1 1 0 0 1 1 1 0 0 0 0 0 0 0 1 0 0 0 0 0
230	4	0 1 0 1 1 1 1 0 1 0 0 0 1 1 1 1 0 1 0 0 1 0 1 0 0 0 1 1 1 1 1 0 0 0 1 1 1 0 0 0 0 0 0 0 1 0 0 0 0 0
230	1	0 1 0 1 1 1 1 0 1 0 0 0 1 1 1 1 0 1 1 0 1 0 1 0 0 1 1 1 1 1 1 0 0 0 1 1 1 0 0 0 0 0 0 0 1 0 0 0 0 0
230	3	0 1 0 1 1 1 1 0 1 0 0 0 1 1 1 1 0 1 1 0 1 0 1 0 0 0 1 1 1 1 1 0 0 0 1 1 1 0 0 0 0 0 0 0 1 0 0 0 0 0
230	1	0 1 0 1 1 1 1 0 1 0 0 0 1 1 1 1 0 1 0 0 1 0 1 0 0 0 1 1 1 1 1 1 0 0 1 1 1 0 0 0 0 0 0 0 1 0 0 0 0 0
230	1	0 1 0 1 1 1 1 0 1 0 0 0 1 1 1 1 0 1 1 0 1 0 1 0 0 0 1 1 1 1 1 1 0 0 1 1 1 0 0 0 1 0 0 0 0 0 0 0 0 0
240	1	0 1 1 1 1 1 1 0 1 0 0 0 1 1 1 1 0 1 1 0 1 0 1 0 0 0 1 1 1 1 0 1 0 0 1 1 1 0 0 0 1 0 0 0 1 0 0 1 0 0
240	1	0 1 1 1 1 1 1 1 1 0 0 0 1 1 1 1 0 1 1 0 1 0 1 0 0 0 1 1 1 1 1 1 0 0 1 1 1 0 0 0 1 0 0 0 1 0 0 0 0 0
240	1	0 1 1 1 1 1 1 1 1 0 0 0 1 1 1 1 0 1 0 0 1 0 1 0 0 0 1 1 1 1 0 1 0 0 1 1 1 0 0 0 1 0 0 0 1 0 0 0 0 0
240	5	0 1 1 1 1 1 1 1 1 0 0 0 1 1 1 1 0 1 1 0 1 0 1 0 0 0 1 1 1 1 0 1 0 0 1 1 1 0 0 0 1 0 0 0 1 0 0 0 0 0
240	12	0 1 1 1 1 1 1 0 1 0 0 0 1 1 1 1 0 1 1 0 1 0 1 0 0 0 1 1 1 1 0 1 0 0 1 1 1 0 0 0 1 0 0 0 1 0 0 0 0 0
240	2	0 1 1 1 1 1 1 0 1 0 0 0 1 1 1 1 0 1 1 0 1 0 1 0 0 0 1 1 1 1 1 1 0 0 1 1 1 0 0 0 1 0 0 0 1 0 0 0 0 0
240	3	0 1 0 1 1 0 1 0 1 0 0 0 1 1 1 1 0 1 1 0 1 0 1 0 0 0 1 1 1 1 1 1 0 0 1 1 1 0 0 0 0 0 0 0 1 0 0 0 0 0
240	10	0 1 0 1 1 1 1 0 1 0 0 0 1 1 1 1 0 1 1 0 1 0 1 0 0 0 1 1 1 1 1 1 0 0 1 1 1 0 0 0 0 0 0 0 1 0 0 0 0 0
240	1	0 1 0 1 1 1 1 0 1 1 0 0 1 1 1 1 0 1 1 0 1 0 1 0 0 0 1 1 1 1 1 1 0 1 1 1 1 0 0 0 0 0 0 0 1 0 0 0 0 0
240	2	0 1 0 1 1 1 1 0 1 1 0 0 0 1 1 1 0 1 1 0 1 0 1 0 0 0 1 1 1 1 1 1 0 0 1 1 1 0 0 0 0 0 0 0 1 0 0 0 0 0
240	1	0 1 0 1 1 1 1 0 1 1 0 0 1 1 1 1 0 1 1 0 1 0 1 0 0 0 1 1 1 1 1 1 0 0 1 0 1 0 0 0 0 0 0 0 1 0 0 0 0 0
240	1	0 1 0 1 1 1 1 0 1 1 1 0 1 1 1 1 0 1 1 0 1 0 1 0 0 0 1 1 1 1 1 1 0 0 1 1 1 0 0 0 0 0 0 0 1 0 0 0 0 0
240	1	0 1 0 1 1 1 1 0 1 1 0 0 1 1 1 1 0 1 1 0 1 0 1 0 1 0 1 1 1 1 1 1 0 0 1 1 1 0 0 0 0 0 0 0 1 0 0 0 0 0
240	1	0 1 0 1 1 1 1 0 1 1 0 0 1 1 1 1 0 1 1 0 1 0 1 0 0 0 1 1 1 1 1 1 1 0 1 1 1 0 0 0 0 0 0 0 1 0 0 0 0 0
240	45	0 1 0 1 1 1 1 0 1 1 0 0 1 1 1 1 0 1 1 0 1 0 1 0 0 0 1 1 1 1 1 1 0 0 1 1 1 0 0 0 0 0 0 0 1 0 0 0 0 0
240	2	0 1 0 1 1 1 1 0 1 0 0 0 1 1 1 1 0 1 1 0 1 0 1 0 0 1 1 1 1 1 1 0 0 0 1 1 1 0 0 0 0 0 0 0 1 0 0 0 0 0
240	8	0 1 0 1 1 1 1 0 1 0 0 0 1 1 1 1 0 1 1 0 1 0 1 0 0 0 1 1 1 1 1 0 0 0 1 1 1 0 0 0 0 0 0 0 1 0 0 0 0 0
240	3	0 1 0 1 1 1 1 1 1 0 0 0 1 1 1 1 0 1 1 0 1 0 1 0 0 0 1 1 1 1 1 1 0 0 1 1 1 0 0 0 0 0 0 0 1 0 0 0 0 0
250	2	0 1 1 1 1 1 1 1 1 0 0 0 1 1 1 1 0 1 1 0 1 0 1 0 0 0 1 1 1 1 1 1 0 0 1 1 1 0 0 0 1 0 0 0 1 0 0 0 0 0
250	7	0 1 1 1 1 1 1 1 1 0 0 0 1 1 1 1 0 1 1 0 1 0 1 0 0 0 1 1 1 1 0 1 0 0 1 1 1 0 0 0 1 0 0 0 1 0 0 0 0 0
250	3	0 1 1 1 1 1 1 0 1 0 0 0 1 1 1 1 0 1 1 0 1 0 1 0 0 0 1 1 1 1 0 1 0 0 1 1 1 0 0 0 1 0 0 0 1 0 0 0 0 0
250	1	0 1 1 1 1 1 1 0 1 0 0 0 1 1 1 1 0 1 1 1 1 0 1 0 0 0 1 1 1 1 1 1 0 0 1 1 1 0 0 0 1 0 0 0 1 0 0 0 0 0
250	4	0 1 1 1 1 1 1 0 1 0 0 0 1 1 1 1 0 1 1 0 1 0 1 0 0 0 1 1 1 1 1 1 0 0 1 1 1 0 0 0 1 0 0 0 1 0 0 0 0 0
250	12	0 1 0 1 1 1 1 0 1 0 0 0 1 1 1 1 0 1 1 0 1 0 1 0 0 0 1 1 1 1 1 1 0 0 1 1 1 0 0 0 0 0 0 0 1 0 0 0 0 0
250	2	0 1 0 1 1 1 1 0 1 1 0 0 1 1 1 1 0 1 1 0 1 0 1 0 0 0 1 1 1 1 1 1 0 1 1 1 1 0 0 0 0 0 0 0 1 0 0 0 0 0
250	1	0 1 0 1 1 1 1 0 1 1 0 0 0 1 1 1 0 1 1 0 1 0 1 0 0 0 1 1 1 1 1 1 0 0 1 1 1 0 0 0 0 0 0 0 1 0 0 0 0 0
250	3	0 1 0 1 1 1 1 0 1 1 0 0 1 1 1 1 0 1 1 0 1 0 1 0 0 0 1 1 1 1 1 1 0 0 1 0 1 0 0 0 0 0 0 0 1 0 0 0 0 0
250	1	0 1 0 1 1 1 1 0 1 1 0 0 1 1 1 1 0 1 1 0 1 0 1 0 0 0 1 1 1 1 0 1 0 0 1 1 1 0 0 0 0 0 0 0 1 0 0 0 0 0
250	1	0 1 0 1 1 1 1 0 0 1 0 0 1 1 1 1 0 1 1 0 1 0 1 0 0 0 1 1 1 1 1 1 0 0 1 1 1 0 0 0 0 0 0 0 1 0 0 0 0 0
250	57	0 1 0 1 1 1 1 0 1 1 0 0 1 1 1 1 0 1 1 0 1 0 1 0 0 0 1 1 1 1 1 1 0 0 1 1 1 0 0 0 0 0 0 0 1 0 0 0 0 0
250	1	0 1 0 1 1 1 1 0 1 1 0 0 1 1 1 1 0 1 1 0 1 0 1 0 0 0 1 1 1 1 1 1 0 0 1 1 1 0 0 0 0 0 0 1 1 0 0 0 0 0
250	2	0 1 0 1 1 1 1 0 1 0 0 0 1 1 1 1 0 1 0 0 1 0 1 0 0 0 1 1 1 1 1 0 0 0 1 1 1 0 0 0 0 0 0 0 1 0 0 0 0 0
250	1	0 1 0 0 1 1 1 0 1 0 0 0 1 1 1 1 0 1 1 0 1 0 1 0 0 1 1 1 1 1 1 0 0 0 1 1 1 0 0 0 0 0 0 0 1 0 0 0 0 0
250	2	0 1 0 1 1 1 1 1 1 0 0 0 1 1 1 1 0 1 1 0 1 0 1 0 0 0 1 1 1 1 1 1 0 0 1 1 1 0 0 0 0 0 0 0 1 0 0 0 0 0
260	1	0 1 1 1 1 1 1 0 1 0 0 0 1 1 1 1 0 1 1 0 1 0 1 0 0 0 1 1 1 1 0 1 0 0 1 1 1 0 0 0 1 0 0 0 1 0 0 1 0 0
260	12	0 1 1 1 1 1 1 1 1 0 0 0 1 1 1 1 0 1 1 0 1 0 1 0 0 0 1 1 1 1 0 1 0 0 1 1 1 0 0 0 1 0 0 0 1 0 0 0 0 0
260	2	0 1 1 1 1 1 1 0 1 0 0 0 1 1 1 1 0 1 1 0 1 0 1 0 0 0 1 1 1 1 1 1 0 0 1 1 1 0 0 0 1 0 0 0 1 0 0 0 0 0
260	11	0 1 0 1 1 1 1 0 1 0 0 0 1 1 1 1 0 1 1 0 1 0 1 0 0 0 1 1 1 1 1 1 0 0 1 1 1 0 0 0 0 0 0 0 1 0 0 0 0 0
260	1	0 1 0 1 1 1 1 0 1 1 0 0 1 1 1 1 0 1 1 0 1 0 1 0 0 0 1 1 1 1 1 1 0 1 1 1 1 0 0 0 0 0 0 0 1 0 0 0 0 0
260	1	0 1 0 1 1 1 1 0 1 1 0 0 1 1 1 1 0 1 0 0 1 0 1 0 0 0 1 1 1 1 1 1 0 0 1 1 1 0 0 0 0 0 0 0 1 0 0 0 0 0
260	70	0 1 0 1 1 1 1 0 1 1 0 0 1 1 1 1 0 1 1 0 1 0 1 0 0 0 1 1 1 1 1 1 0 0 1 1 1 0 0 0 0 0 0 0 1 0 0 0 0 0
260	1	0 1 0 1 1 1 1 0 1 0 0 0 1 1 1 1 0 1 0 0 1 0 1 0 0 0 1 1 1 1 1 0 0 0 1 1 1 0 0 0 0 0 0 0 1 0 0 0 0 1
260	1	0 1 0 1 1 1 1 1 1 0 0 0 1 1 1 1 0 1 1 0 1 0 1 0 0 0 1 1 1 1 1 1 0 0 1 1 1 0 0 0 0 0 0 0 1 0 0 0 0 0
270	14	0 1 1 1 1 1 1 1 1 0 0 0 1 1 1 1 0 1 1 0 1 0 1 0 0 0 1 1 1 1 0 1 0 0 1 1 1 0 0 0 1 0 0 0 1 0 0 0 0 0
270	3	0 1 0 1 1 1 1 0 1 0 0 0 1 1 1 1 0 1 1 0 1 0 1 0 0 0 1 1 1 1 1 1 0 0 1 1 1 0 0 0 0 0 0 0 1 0 0 0 0 0
270	1	0 1 0 1 1 1 1 0 1 1 0 0 1 1 1 1 0 1 1 0 1 0 1 0 0 0 1 1 1 1 1 1 0 1 1 1 1 0 0 0 0 0 0 0 1 0 0 0 0 0
270	1	0 1 0 1 1 1 1 0 1 1 0 0 1 1 1 1 0 1 1 0 1 0 1 0 0 0 0 1 1 1 1 1 0 0 1 0 1 0 0 0 0 0 0 0 1 0 0 0 0 0
270	6	0 1 0 1 1 1 1 0 1 1 0 0 1 1 1 1 0 1 1 0 1 0 1 0 0 0 1 1 1 1 1 1 0 0 1 0 1 0 0 0 0 0 0 0 1 0 0 0 0 0
270	1	0 1 0 1 1 1 0 0 1 1 0 0 1 1 1 1 0 1 1 0 1 0 1 0 0 0 1 1 1 1 1 1 0 0 1 1 1 0 0 0 0 0 0 0 1 0 0 0 0 0
270	64	0 1 0 1 1 1 1 0 1 1 0 0 1 1 1 1 0 1 1 0 1 0 1 0 0 0 1 1 1 1 1 1 0 0 1 1 1 0 0 0 0 0 0 0 1 0 0 0 0 0
270	10	0 1 0 1 1 1 1 1 1 0 0 0 1 1 1 1 0 1 1 0 1 0 1 0 0 0 1 1 1 1 1 1 0 0 1 1 1 0 0 0 0 0 0 0 1 0 0 0 0 0
280	1	0 1 1 1 1 1 1 1 1 1 0 0 1 1 1 1 0 1 1 0 1 0 1 0 0 0 1 1 1 1 0 1 0 0 1 1 1 0 0 0 1 0 0 0 1 0 0 0 0 0
280	11	0 1 1 1 1 1 1 1 1 0 0 0 1 1 1 1 0 1 1 0 1 0 1 0 0 0 1 1 1 1 0 1 0 0 1 1 1 0 0 0 1 0 0 0 1 0 0 0 0 0
280	7	0 1 0 1 1 1 1 0 1 1 0 0 1 1 1 1 0 1 1 0 1 0 1 0 0 0 1 1 1 1 1 1 0 1 1 1 1 0 0 0 0 0 0 0 1 0 0 0 0 0
280	10	0 1 0 1 1 1 1 0 1 1 0 0 1 1 1 1 0 1 1 0 1 0 1 0 0 0 1 1 1 1 1 1 0 0 1 0 1 0 0 0 0 0 0 0 1 0 0 0 0 0
280	1	0 1 0 1 1 1 1 0 1 1 0 0 1 1 1 1 0 1 1 0 1 0 1 0 0 0 1 1 1 1 1 1 1 0 1 1 1 0 0 0 0 0 0 0 1 0 0 0 0 0
280	67	0 1 0 1 1 1 1 0 1 1 0 0 1 1 1 1 0 1 1 0 1 0 1 0 0 0 1 1 1 1 1 1 0 0 1 1 1 0 0 0 0 0 0 0 1 0 0 0 0 0
280	3	0 1 0 1 1 1 1 1 1 0 0 0 1 1 1 1 0 1 1 0 1 0 1 0 0 0 1 1 1 1 1 1 0 0 1 1 1 0 0 0 0 0 0 0 1 0 0 0 0 0
290	1	0 1 1 1 1 1 1 1 1 0 0 0 1 1 1 1 0 1 1 0 1 0 1 0 0 0 1 1 1 1 0 1 0 0 1 1 1 0 0 0 1 0 0 0 1 0 0 0 1 0
290	1	0 1 1 1 1 1 1 1 1 1 0 0 1 1 1 1 0 1 1 0 1 0 1 0 0 0 1 1 1 1 0 1 0 0 1 1 1 0 0 0 1 0 0 0 1 0 0 0 0 0
290	20	0 1 1 1 1 1 1 1 1 0 0 0 1 1 1 1 0 1 1 0 1 0 1 0 0 0 1 1 1 1 0 1 0 0 1 1 1 0 0 0 1 0 0 0 1 0 0 0 0 0
290	4	0 1 0 1 1 1 1 0 1 1 0 0 1 1 1 1 0 1 1 0 1 0 1 0 0 0 1 1 1 1 1 1 0 1 1 1 1 0 0 0 0 0 0 0 1 0 0 0 0 0
290	8	0 1 0 1 1 1 1 0 1 1 0 0 1 1 1 1 0 1 1 0 1 0 1 0 0 0 1 1 1 1 1 1 0 0 1 0 1 0 0 0 0 0 0 0 1 0 0 0 0 0
290	1	0 1 0 1 1 1 1 0 1 1 0 0 1 1 1 1 0 0 1 0 1 0 1 0 0 0 1 1 1 1 1 1 0 0 1 1 1 0 0 0 0 0 0 0 1 0 0 0 0 0
290	62	0 1 0 1 1 1 1 0 1 1 0 0 1 1 1 1 0 1 1 0 1 0 1 0 0 0 1 1 1 1 1 1 0 0 1 1 1 0 0 0 0 0 0 0 1 0 0 0 0 0
290	3	0 1 0 1 1 1 1 1 1 0 0 0 1 1 1 1 0 1 1 0 1 0 1 0 0 0 1 1 1 1 1 1 0 0 1 1 1 0 0 0 0 0 0 0 1 0 0 0 0 0
300	6	0 1 1 1 1 1 1 1 1 1 0 0 1 1 1 1 0 1 1 0 1 0 1 0 0 0 1 1 1 1 0 1 0 0 1 1 1 0 0 0 1 0 0 0 1 0 0 0 0 0
300	4	0 1 1 1 1 1 1 1 1 0 0 0 1 1 1 1 0 0 1 0 1 0 1 0 0 0 1 1 1 1 0 1 0 0 1 1 1 0 0 0 1 0 0 0 1 0 0 0 0 0
300	14	0 1 1 1 1 1 1 1 1 0 0 0 1 1 1 1 0 1 1 0 1 0 1 0 0 0 1 1 1 1 0 1 0 0 1 1 1 0 0 0 1 0 0 0 1 0 0 0 0 0
300	2	0 1 0 1 1 1 1 0 1 1 0 0 1 1 1 1 0 1 1 0 1 0 1 0 0 0 1 1 1 1 1 1 0 1 1 1 1 0 0 0 0 0 0 0 1 0 0 0 0 0
300	1	0 1 0 1 1 1 1 0 1 1 0 0 1 1 1 1 0 1 1 0 1 0 1 0 0 0 0 1 1 1 1 1 0 0 1 0 1 0 0 0 0 0 0 0 1 0 0 0 0 0
300	1	1 1 0 1 1 1 1 0 1 1 0 0 1 1 1 1 0 1 1 0 1 0 1 0 0 0 1 1 1 1 1 1 0 0 1 0 1 0 0 0 0 0 0 0 1 0 0 0 0 0
300	6	0 1 0 1 1 1 1 0 1 1 0 0 1 1 1 1 0 1 1 0 1 0 1 0 0 0 1 1 1 1 1 1 0 0 1 0 1 0 0 0 0 0 0 0 1 0 0 0 0 0
300	1	0 1 0 1 1 1 1 0 1 1 0 0 1 1 1 1 0 1 1 0 1 0 1 0 0 0 1 1 1 1 1 1 0 0 1 1 1 0 0 0 0 1 0 0 1 0 0 0 0 0
300	2	0 1 0 1 1 1 1 1 1 1 0 0 1 1 1 1 0 1 1 0 1 0 1 0 0 0 1 1 1 1 1 1 0 0 1 1 1 0 0 0 0 0 0 0 1 0 0 0 0 0
300	1	1 1 0 1 1 1 1 0 1 1 0 0 1 1 1 1 0 1 1 0 1 0 1 0 0 0 1 1 1 1 1 1 0 0 1 1 1 0 0 0 0 0 0 0 1 0 0 0 0 0
300	1	0 1 0 1 1 1 1 0 1 1 0 0 1 1 1 1 0 1 1 0 1 1 1 0 0 0 1 1 1 1 1 1 0 1 1 1 1 0 0 0 0 0 0 0 1 0 0 0 0 0
300	1	0 1 0 1 0 1 1 0 1 1 0 0 1 1 1 1 0 1 1 0 1 0 1 0 0 0 1 1 1 1 1 1 0 0 1 1 1 0 0 0 0 0 0 0 1 0 0 0 0 0
300	59	0 1 0 1 1 1 1 0 1 1 0 0 1 1 1 1 0 1 1 0 1 0 1 0 0 0 1 1 1 1 1 1 0 0 1 1 1 0 0 0 0 0 0 0 1 0 0 0 0 0
300	1	0 1 0 1 1 1 1 1 1 0 0 0 1 1 1 1 0 1 1 0 1 0 1 0 0 0 1 1 1 1 1 1 0 0 1 1 1 0 0 0 0 0 0 0 1 0 0 0 0 0
310	4	0 1 1 1 1 1 1 1 1 1 0 0 1 1 1 1 0 1 1 0 1 0 1 0 0 0 1 1 1 1 0 1 0 0 1 1 1 0 0 0 1 0 0 0 1 0 0 0 0 0
310	1	0 1 1 1 1 1 1 1 1 0 0 0 1 1 1 1 0 0 1 0 1 0 1 0 0 0 1 1 1 1 0 1 0 0 1 1 1 0 0 0 1 0 0 0 1 0 0 0 0 0
310	16	0 1 1 1 1 1 1 1 1 0 0 0 1 1 1 1 0 1 1 0 1 0 1 0 0 0 1 1 1 1 0 1 0 0 1 1 1 0 0 0 1 0 0 0 1 0 0 0 0 0
310	7	0 1 0 1 1 1 1 0 1 1 0 0 1 1 1 1 0 1 1 0 1 0 1 0 0 0 1 1 1 1 1 1 0 0 1 0 1 0 0 0 0 0 0 0 1 0 0 0 0 0
310	1	0 1 0 1 1 1 1 0 1 1 0 0 1 0 1 1 0 1 1 0 1 0 1 0 0 0 1 1 1 1 1 1 0 0 1 1 1 0 0 0 0 0 0 0 1 0 0 0 0 0
310	3	0 1 0 1 1 1 1 1 1 1 0 0 1 1 1 1 0 1 1 0 1 0 1 0 0 0 1 1 1 1 1 1 0 0 1 1 1 0 0 0 0 0 0 0 1 0 0 0 0 0
310	1	0 1 0 1 1 1 1 0 1 1 0 0 1 1 1 1 0 1 1 0 1 0 1 0 1 0 1 1 1 1 1 1 0 0 1 1 1 0 0 0 0 0 0 0 1 0 0 0 0 0
310	1	0 1 0 1 1 1 1 0 1 1 0 0 1 1 1 1 0 1 1 0 1 0 1 0 0 0 1 1 1 1 1 1 0 0 1 1 1 0 0 0 1 0 0 0 1 0 0 0 0 0
310	1	0 1 0 1 1 1 1 0 1 1 0 0 1 1 1 1 0 1 1 0 1 0 1 0 0 0 1 1 1 1 1 1 0 0 1 1 1 0 0 0 0 0 0 0 1 0 0 1 0 0
310	1	0 1 0 1 1 1 1 0 1 1 0 0 1 1 1 1 0 1 1 0 1 0 1 0 0 0 1 1 1 1 1 1 0 0 1 1 1 0 0 0 0 0 0 1 1 0 0 0 0 0
310	63	0 1 0 1 1 1 1 0 1 1 0 0 1 1 1 1 0 1 1 0 1 0 1 0 0 0 1 1 1 1 1 1 0 0 1 1 1 0 0 0 0 0 0 0 1 0 0 0 0 0
310	1	0 1 0 1 1 1 1 1 1 0 0 0 1 1 1 1 0 1 1 0 1 0 1 0 0 0 1 1 1 1 1 1 0 0 1 1 1 0 0 0 0 0 0 0 1 0 0 0 0 0
