0	100	0 0 0 0 0 0 0 0 0 0
10	1	0 0 0 0 0 0 0 1 0 0
10	2	0 0 0 0 1 0 0 0 0 0
10	1	0 0 0 1 0 0 0 0 0 0
10	96	0 0 0 0 0 0 0 0 0 0
20	2	0 0 0 0 0 0 0 1 0 0
20	1	0 0 1 0 0 0 0 0 0 0
20	1	0 0 0 1 0 0 0 0 0 0
20	1	0 0 0 0 0 1 0 0 0 0
20	95	0 0 0 0 0 0 0 0 0 0
30	2	0 0 1 0 0 0 0 0 0 0
30	4	0 0 0 0 1 0 0 0 0 0
30	2	0 1 0 0 0 0 0 0 0 0
30	5	0 0 0 1 0 0 0 0 0 0
30	87	0 0 0 0 0 0 0 0 0 0
40	2	0 0 1 0 0 0 0 0 0 0
40	2	0 0 0 0 1 0 0 0 0 0
40	4	0 1 0 0 0 0 0 0 0 0
40	2	0 0 0 1 0 0 0 0 0 0
40	1	0 0 0 0 0 0 0 1 0 0
40	1	0 0 0 0 0 0 0 0 1 0
40	88	0 0 0 0 0 0 0 0 0 0
50	1	0 0 0 0 1 0 0 0 0 0
50	6	0 1 0 0 0 0 0 0 0 0
50	1	0 0 0 1 0 0 1 0 0 0
50	1	0 0 0 1 0 0 0 0 0 0
50	1	0 0 0 0 0 1 0 0 0 0
50	5	0 0 0 0 0 0 0 0 1 0
50	85	0 0 0 0 0 0 0 0 0 0
60	9	0 0 1 0 0 0 0 0 0 0
60	1	0 0 0 0 1 0 0 0 0 0
60	4	0 1 0 0 0 0 0 0 0 0
60	1	0 0 0 1 0 0 1 0 0 0
60	2	0 0 0 1 0 0 0 0 0 0
60	3	0 0 0 0 0 1 0 0 0 0
60	5	0 0 0 0 0 0 0 1 0 0
60	6	0 0 0 0 0 0 0 0 1 0
60	1	1 0 0 0 0 0 0 0 0 0
60	67	0 0 0 0 0 0 0 0 0 0
60	1	0 0 0 0 0 0 0 0 0 1
70	8	0 0 1 0 0 0 0 0 0 0
70	2	0 0 0 0 1 0 0 0 0 0
70	1	0 0 0 0 0 0 0 0 1 0
70	6	0 1 0 0 0 0 0 0 0 0
70	8	0 0 0 1 0 0 0 0 0 0
70	2	1 0 0 0 0 0 0 0 0 0
70	2	0 0 0 0 0 0 0 1 0 0
70	69	0 0 0 0 0 0 0 0 0 0
70	2	0 0 0 1 0 0 1 0 0 0
80	1	0 0 1 0 0 1 0 0 0 0
80	1	0 0 1 0 0 0 1 0 0 0
80	7	0 0 1 0 0 0 0 0 0 0
80	4	0 0 0 0 1 0 0 0 0 0
80	3	0 0 0 0 0 0 0 0 1 0
80	62	0 0 0 0 0 0 0 0 0 0
80	2	0 1 0 0 0 0 0 0 0 0
80	9	0 0 0 1 0 0 0 0 0 0
80	3	1 0 0 0 0 0 0 0 0 0
80	1	0 0 0 0 0 1 0 0 0 0
80	4	0 0 0 0 0 0 0 1 0 0
80	2	0 0 0 1 0 0 1 0 0 0
80	1	0 0 0 0 0 1 0 1 0 0
90	4	0 0 1 0 0 1 0 0 0 0
90	18	0 0 1 0 0 0 0 0 0 0
90	2	0 1 0 0 1 0 0 0 0 0
90	1	1 0 0 0 1 0 0 0 0 0
90	3	0 0 0 0 1 0 0 0 0 0
90	2	1 0 0 0 0 0 0 0 0 0
90	5	0 0 0 0 0 0 0 0 1 0
90	1	0 1 0 0 0 0 0 0 0 0
90	2	0 0 0 0 0 0 0 1 0 0
90	45	0 0 0 0 0 0 0 0 0 0
90	2	0 0 1 0 0 0 0 0 1 0
90	1	0 0 0 0 0 1 0 0 0 0
90	6	0 0 0 1 0 0 0 0 0 0
90	1	0 0 0 1 0 1 0 0 0 0
90	1	1 0 0 1 0 0 0 0 0 1
90	1	0 0 0 0 0 1 0 1 0 0
90	5	0 0 0 1 0 0 1 0 0 0
100	2	0 0 1 0 0 1 0 0 0 0
100	1	0 0 1 0 1 0 0 0 0 0
100	1	0 1 1 0 0 0 0 0 0 0
100	16	0 0 1 0 0 0 0 0 0 0
100	1	1 0 0 0 1 0 0 0 0 0
100	1	0 0 0 0 1 0 0 1 0 0
100	2	0 0 0 0 1 0 0 0 0 0
100	1	1 0 0 0 0 0 0 0 0 0
100	3	0 0 0 0 0 0 0 0 1 0
100	1	0 1 0 0 0 0 0 0 0 0
100	7	0 0 0 0 0 0 0 1 0 0
100	1	0 0 0 0 0 0 1 0 0 0
100	10	0 0 0 1 0 0 0 0 0 0
100	2	0 0 0 1 0 1 0 0 0 0
100	48	0 0 0 0 0 0 0 0 0 0
100	1	0 0 0 0 0 1 0 0 0 0
100	2	0 0 0 1 0 0 1 0 0 0
110	1	0 0 1 0 0 1 0 0 0 0
110	1	1 0 1 0 0 0 0 0 0 0
110	1	0 0 0 0 0 0 0 0 1 0
110	3	1 0 0 0 0 0 0 0 0 0
110	4	0 0 0 0 0 1 0 0 0 0
110	13	0 0 1 0 0 0 0 0 0 0
110	1	0 0 0 0 0 0 0 0 0 1
110	44	0 0 0 0 0 0 0 0 0 0
110	1	0 1 0 0 1 0 0 0 0 0
110	4	1 0 0 0 1 0 0 0 0 0
110	2	0 0 0 0 1 0 0 0 0 0
110	3	0 0 0 0 0 0 0 1 0 0
110	1	0 0 0 0 0 0 1 0 0 0
110	1	0 0 0 1 0 0 0 0 1 0
110	3	0 0 0 1 0 0 1 0 0 0
110	14	0 0 0 1 0 0 0 0 0 0
110	3	0 0 0 1 0 1 0 0 0 0
120	9	0 0 1 0 0 1 0 0 0 0
120	1	0 0 1 0 0 0 0 0 1 0
120	1	0 0 1 0 0 0 0 1 0 0
120	1	1 1 1 0 0 0 0 0 0 0
120	1	1 0 1 0 0 0 0 0 0 0
120	1	0 0 0 0 0 0 0 0 1 0
120	4	1 0 0 0 0 0 0 0 0 0
120	1	0 0 0 1 0 0 0 0 1 0
120	14	0 0 0 1 0 0 0 0 0 0
120	1	0 0 0 0 1 0 0 0 0 0
120	10	0 0 1 0 0 0 0 0 0 0
120	47	0 0 0 0 0 0 0 0 0 0
120	1	0 1 0 1 0 0 0 0 0 0
120	1	0 0 0 0 0 0 1 0 0 0
120	1	0 0 0 0 0 0 0 1 0 0
120	2	1 0 0 0 1 0 0 0 0 0
120	4	0 0 0 1 0 1 0 0 0 0
130	2	0 1 1 0 0 1 0 0 0 0
130	2	0 0 1 0 1 1 0 0 0 0
130	17	0 0 1 0 0 1 0 0 0 0
130	9	0 0 1 0 0 0 0 0 0 0
130	2	0 0 1 0 0 0 0 1 0 0
130	3	1 0 1 0 0 0 0 0 0 0
130	1	0 0 0 0 0 0 0 0 1 0
130	1	0 0 1 1 0 0 0 0 1 0
130	19	0 0 0 1 0 0 0 0 0 0
130	2	0 0 0 0 0 0 1 0 0 0
130	1	0 1 0 0 0 0 0 0 0 0
130	1	0 0 0 0 0 0 0 0 0 1
130	33	0 0 0 0 0 0 0 0 0 0
130	1	1 0 0 0 1 0 0 0 0 0
130	2	1 0 0 0 0 0 0 0 0 0
130	1	0 1 0 0 1 0 0 0 0 0
130	1	0 1 1 0 0 0 0 0 0 0
130	1	0 1 0 1 0 0 0 0 0 0
130	1	1 0 1 0 1 0 0 0 0 0
140	1	0 1 1 0 0 1 0 0 0 0
140	1	0 0 1 1 0 1 0 0 0 0
140	15	0 0 1 0 0 1 0 0 0 0
140	1	1 0 1 0 0 0 0 0 0 0
140	3	0 1 1 0 0 0 0 0 0 0
140	9	0 0 1 0 0 0 0 0 0 0
140	1	0 1 1 0 0 0 0 0 1 0
140	1	0 0 1 0 0 0 0 1 0 0
140	1	0 0 0 1 0 0 0 0 1 0
140	1	0 0 1 1 0 0 0 0 1 0
140	2	0 0 0 0 0 0 1 0 0 0
140	33	0 0 0 0 0 0 0 0 0 0
140	18	0 0 0 1 0 0 0 0 0 0
140	9	1 0 0 0 0 0 0 0 0 0
140	1	1 0 0 0 1 0 0 0 0 0
140	3	1 0 1 0 1 0 0 0 0 0
150	3	0 1 1 0 0 1 0 0 0 0
150	2	0 0 1 1 0 1 0 0 0 0
150	7	0 0 1 0 0 0 0 0 0 0
150	21	0 0 1 0 0 1 0 0 0 0
150	2	1 0 1 0 0 0 0 0 0 0
150	4	0 1 1 0 0 0 0 0 0 0
150	1	0 0 1 0 1 0 0 0 0 0
150	3	0 0 1 1 0 0 0 0 1 0
150	2	0 0 1 1 0 0 0 0 0 0
150	1	0 0 0 1 0 0 1 0 0 0
150	2	0 0 0 0 0 0 1 0 0 0
150	2	1 0 0 0 0 0 0 0 0 0
150	3	0 0 0 0 1 0 0 0 0 0
150	30	0 0 0 0 0 0 0 0 0 0
150	1	0 0 0 1 1 0 0 0 0 0
150	13	0 0 0 1 0 0 0 0 0 0
150	2	1 0 0 0 1 0 0 0 0 0
150	1	1 0 1 0 1 0 0 0 0 0
