0	100	0 0 0 0 0 0 0 0 0 0
10	1	1 0 0 0 0 0 0 1 0 0
10	1	0 0 1 0 0 0 0 0 0 0
10	2	0 0 0 0 0 0 0 0 0 1
10	96	0 0 0 0 0 0 0 0 0 0
20	1	0 0 0 0 0 0 0 1 0 0
20	2	1 0 0 0 0 0 0 0 0 0
20	2	0 0 1 0 0 0 0 0 0 0
20	3	0 0 0 0 0 0 0 0 0 1
20	1	0 1 0 0 0 0 0 0 0 0
20	1	0 0 0 1 0 0 0 0 0 0
20	1	0 0 0 0 0 0 1 0 0 0
20	89	0 0 0 0 0 0 0 0 0 0
30	1	0 0 0 0 0 0 0 1 0 0
30	1	1 0 0 0 0 0 0 0 0 0
30	5	0 1 0 0 0 0 0 0 0 0
30	3	0 0 0 1 0 0 0 0 0 0
30	1	0 0 0 0 0 0 0 0 1 0
30	1	0 0 0 0 1 0 0 0 0 0
30	88	0 0 0 0 0 0 0 0 0 0
40	1	0 0 0 0 0 0 0 1 0 0
40	5	1 0 0 0 0 0 0 0 0 0
40	2	0 0 1 0 0 0 0 0 0 0
40	5	0 1 0 0 0 0 0 0 0 0
40	2	0 0 0 0 0 0 1 0 0 0
40	1	0 0 0 0 1 0 0 0 0 0
40	1	0 0 0 0 0 1 0 0 0 0
40	83	0 0 0 0 0 0 0 0 0 0
50	2	0 0 0 0 0 0 0 1 0 0
50	6	1 0 0 0 0 0 0 0 0 0
50	5	0 0 1 0 0 0 0 0 0 0
50	1	0 0 0 0 0 0 0 0 0 1
50	1	0 1 0 1 0 0 0 0 0 0
50	2	0 1 0 0 0 0 0 0 0 0
50	1	0 0 0 0 0 0 0 0 1 0
50	4	0 0 0 0 1 0 0 0 0 0
50	78	0 0 0 0 0 0 0 0 0 0
60	7	1 0 0 0 0 0 0 0 0 0
60	4	0 0 1 0 0 0 0 0 0 0
60	1	0 1 0 1 0 0 0 0 0 0
60	8	0 1 0 0 0 0 0 0 0 0
60	2	0 0 0 0 1 0 0 0 0 0
60	2	0 0 0 0 0 1 0 0 0 0
60	76	0 0 0 0 0 0 0 0 0 0
70	1	1 1 0 0 0 0 0 0 0 0
70	5	1 0 0 0 0 0 0 0 0 0
70	2	0 0 0 0 0 0 0 0 0 1
70	1	0 1 1 0 0 0 0 0 0 0
70	4	0 1 0 0 0 0 0 0 0 0
70	2	0 0 0 0 1 0 0 0 0 0
70	1	0 0 0 0 0 1 0 0 0 0
70	1	0 0 0 1 0 0 1 0 0 0
70	1	0 0 0 0 0 0 1 0 0 0
70	2	0 0 0 0 0 0 0 0 1 0
70	80	0 0 0 0 0 0 0 0 0 0
80	1	1 1 0 0 0 0 0 0 0 0
80	1	1 0 0 0 0 1 0 0 0 0
80	1	1 0 0 0 0 0 0 0 0 1
80	4	1 0 0 0 0 0 0 0 0 0
80	2	0 0 0 0 0 0 0 0 0 1
80	4	0 1 0 0 0 0 0 0 0 0
80	1	0 0 0 0 1 1 0 0 0 0
80	1	0 0 0 0 1 0 0 0 0 0
80	2	0 0 0 1 0 0 0 0 0 0
80	83	0 0 0 0 0 0 0 0 0 0
90	5	1 1 0 0 0 0 0 0 0 0
90	4	1 0 0 0 0 0 0 0 0 0
90	1	0 0 0 0 0 0 0 0 0 1
90	4	0 1 1 0 0 0 0 0 0 0
90	5	0 1 0 0 0 0 0 0 0 0
90	3	0 0 0 0 1 0 0 0 0 0
90	1	0 0 0 1 0 0 0 0 0 0
90	77	0 0 0 0 0 0 0 0 0 0
100	9	0 1 0 0 0 0 0 0 0 0
100	7	1 1 0 0 0 0 0 0 0 0
100	3	0 0 0 0 0 1 0 0 0 0
100	1	1 0 0 0 0 1 0 0 0 0
100	6	1 0 0 0 0 0 0 0 0 0
100	1	0 0 0 0 0 0 0 0 1 0
100	2	0 0 0 0 1 0 0 0 0 0
100	4	0 0 0 0 0 0 0 0 0 1
100	1	0 0 0 1 0 0 0 0 0 0
100	59	0 0 0 0 0 0 0 0 0 0
100	7	0 1 1 0 0 0 0 0 0 0
110	3	0 1 0 1 0 0 0 0 0 0
110	1	0 1 0 0 0 1 0 0 0 0
110	2	0 1 1 0 0 0 0 0 0 1
110	4	0 1 1 0 0 0 0 0 0 0
110	9	0 1 0 0 0 0 0 0 0 0
110	17	1 1 0 0 0 0 0 0 0 0
110	2	1 0 0 0 0 0 0 1 0 0
110	6	1 0 0 0 0 0 0 0 0 0
110	1	0 0 0 0 0 0 0 0 0 1
110	3	0 0 0 1 0 0 0 0 0 0
110	52	0 0 0 0 0 0 0 0 0 0
120	1	1 0 0 1 0 0 0 0 0 0
120	5	0 0 0 1 0 0 0 0 0 0
120	5	0 1 0 1 0 0 0 0 0 0
120	2	1 1 1 0 0 0 0 0 0 0
120	2	0 1 0 0 0 0 0 0 0 0
120	9	0 1 1 0 0 0 0 0 0 0
120	1	1 1 0 0 0 0 0 0 1 0
120	38	0 0 0 0 0 0 0 0 0 0
120	10	1 0 0 0 0 0 0 0 0 0
120	22	1 1 0 0 0 0 0 0 0 0
120	3	1 0 0 0 0 1 0 0 0 0
120	1	0 0 0 0 0 1 0 0 0 0
120	1	0 0 0 0 0 0 0 0 0 1
130	3	0 0 0 1 0 0 0 0 0 0
130	6	0 1 0 0 0 0 0 0 0 0
130	7	0 1 0 1 0 0 0 0 0 0
130	2	1 1 1 0 0 0 0 0 0 0
130	12	0 1 1 0 0 0 0 0 0 0
130	1	1 1 0 0 0 0 1 0 0 0
130	2	1 1 0 0 0 0 0 0 1 0
130	1	1 1 0 0 0 1 0 0 0 0
130	17	1 1 0 0 0 0 0 0 0 0
130	1	1 0 0 0 0 0 0 0 0 1
130	2	0 0 0 0 0 0 0 1 0 0
130	9	1 0 0 0 0 0 0 0 0 0
130	36	0 0 0 0 0 0 0 0 0 0
130	1	1 0 0 0 0 1 0 0 0 0
140	1	0 0 0 1 1 0 0 0 0 0
140	1	0 0 0 1 0 0 0 0 0 0
140	4	0 1 0 0 0 0 0 0 0 0
140	9	0 1 0 1 0 0 0 0 0 0
140	1	0 1 1 0 0 0 0 0 0 1
140	3	1 1 1 0 0 0 0 0 0 0
140	1	0 0 1 0 0 0 0 0 0 1
140	1	0 0 1 0 0 0 0 0 0 0
140	22	0 1 1 0 0 0 0 0 0 0
140	4	1 0 0 0 0 0 0 0 0 0
140	27	1 1 0 0 0 0 0 0 0 0
140	2	1 0 0 0 0 0 0 0 0 1
140	2	0 0 0 0 1 0 0 0 0 0
140	1	0 0 0 0 0 0 0 0 0 1
140	21	0 0 0 0 0 0 0 0 0 0
150	1	0 0 0 1 1 0 0 0 0 0
150	5	0 0 0 1 0 0 0 0 0 0
150	1	0 0 1 0 0 0 0 0 0 0
150	10	0 0 0 0 0 0 0 0 0 0
150	16	0 1 0 1 0 0 0 0 0 0
150	5	0 1 0 0 0 0 0 0 0 0
150	1	0 1 1 0 0 0 0 0 0 1
150	8	1 1 1 0 0 0 0 0 0 0
150	1	0 1 1 0 0 0 1 0 0 0
150	17	0 1 1 0 0 0 0 0 0 0
150	1	1 0 0 0 0 0 0 0 1 0
150	1	1 0 0 0 0 0 0 0 0 0
150	2	1 1 0 0 1 0 0 0 0 0
150	25	1 1 0 0 0 0 0 0 0 0
150	2	1 0 0 0 0 0 0 0 0 1
150	4	0 0 0 0 0 0 0 0 0 1
