10	23	1 0 1 1 0 1 1 0 0 0 1 1 1 1 1 0 1 1 1 1 1 0 1 0 0 0 0 1 0 1 0 0 0 1 1 0 0 1 0 1 1 1 1 1 0 1 1 1 1 1
10	1	1 1 0 0 1 1 0 0 0 1 0 0 1 0 0 1 0 0 1 1 0 0 1 0 0 1 1 0 1 0 1 1 0 0 1 0 1 1 0 1 1 0 0 0 1 0 0 1 0 0
10	19	1 1 0 0 1 1 0 0 0 1 0 0 1 0 0 1 0 0 1 1 0 0 1 0 0 1 1 0 1 0 1 1 0 0 1 0 1 1 0 0 1 0 0 0 1 0 0 1 0 0
10	1	1 0 0 1 0 1 1 0 1 1 1 1 1 1 0 1 1 1 1 1 1 1 1 1 1 1 0 1 1 1 0 0 1 0 0 0 1 1 0 0 1 0 0 1 0 0 0 1 1 1
10	1	1 0 0 1 0 1 1 0 1 1 1 1 1 1 0 1 1 1 1 1 0 1 1 1 1 1 0 1 1 1 0 0 1 0 0 1 1 1 0 0 1 0 0 1 0 0 0 1 1 1
10	23	1 0 0 1 0 1 1 0 1 1 1 1 1 1 0 1 1 1 1 1 1 1 1 1 1 1 0 1 1 1 0 0 1 0 0 1 1 1 0 0 1 0 0 1 0 0 0 1 1 1
10	2	0 1 0 1 0 0 1 1 1 1 0 0 1 0 0 1 1 0 1 0 1 0 1 0 0 1 0 0 0 1 1 1 1 0 1 0 1 0 0 0 0 1 1 0 1 0 1 0 1 0
10	14	0 1 0 1 0 0 1 1 1 1 0 0 1 0 0 1 1 0 1 0 1 0 1 0 0 1 0 0 0 1 1 1 1 0 1 0 1 0 0 0 0 1 1 0 1 0 0 0 1 0
10	1	1 0 0 0 0 1 0 1 1 1 0 1 1 1 0 1 0 1 0 0 1 0 0 1 0 0 1 0 0 1 1 1 1 1 0 0 0 1 0 0 1 0 1 1 1 0 0 0 0 0
10	15	1 0 0 0 0 1 0 1 1 1 0 1 1 1 0 0 0 1 0 0 1 0 0 1 0 0 1 0 0 1 1 1 1 1 0 0 0 1 0 0 1 0 1 1 1 0 0 0 0 0
20	19	1 0 1 1 0 1 1 0 0 0 1 1 1 1 1 0 1 1 1 1 1 0 1 0 0 0 0 1 0 1 0 0 0 1 1 0 0 1 0 1 1 1 1 1 0 1 1 1 1 1
20	1	1 1 0 0 1 1 0 0 0 0 0 0 1 0 0 1 0 0 1 1 0 0 1 0 0 1 1 0 1 0 1 1 0 0 1 0 1 1 1 0 1 0 0 0 1 0 0 1 0 0
20	1	1 1 0 0 1 1 0 0 0 1 0 0 1 0 0 1 0 0 1 1 0 0 1 0 0 1 1 0 1 0 1 1 0 0 1 0 1 1 1 0 1 0 0 0 1 0 0 1 0 0
20	1	1 1 0 0 1 1 0 0 0 1 0 0 1 0 0 1 0 0 1 1 1 0 1 0 0 1 1 0 1 0 1 1 0 0 1 0 1 1 0 1 1 0 0 0 1 0 0 1 0 0
20	7	1 1 0 0 1 1 0 0 0 1 0 0 1 0 0 1 0 0 1 1 0 0 1 0 0 1 1 0 1 0 1 1 0 0 1 0 1 1 0 1 1 0 0 0 1 0 0 1 0 0
20	2	1 1 0 0 1 1 0 0 0 1 0 0 1 0 0 1 0 0 1 1 0 0 1 0 0 1 0 0 1 0 1 1 0 0 1 0 1 1 0 0 1 0 0 0 1 0 0 1 0 0
20	13	1 1 0 0 1 1 0 0 0 1 0 0 1 0 0 1 0 0 1 1 0 0 1 0 0 1 1 0 1 0 1 1 0 0 1 0 1 1 0 0 1 0 0 0 1 0 0 1 0 0
20	1	1 0 0 1 0 1 1 0 1 1 1 1 1 1 0 1 1 1 1 1 1 1 1 1 1 1 0 1 1 1 0 0 1 0 0 0 1 1 0 0 1 0 0 1 0 0 0 1 1 1
20	2	1 0 0 1 0 1 1 0 1 1 1 1 1 1 0 1 1 1 1 1 0 1 1 1 1 1 0 1 1 1 0 0 1 0 0 1 1 1 0 0 1 0 0 1 0 0 0 1 1 1
20	2	1 0 0 1 0 1 1 0 1 1 1 1 1 1 0 1 1 1 1 1 1 1 1 1 1 1 0 1 1 1 0 0 1 0 1 1 1 1 0 0 1 0 0 1 0 0 0 1 1 1
20	4	1 0 0 1 0 1 1 1 1 1 1 1 1 1 0 1 1 1 1 1 1 1 1 1 1 1 0 1 1 1 0 0 1 0 0 1 1 1 0 0 1 0 0 1 0 0 0 1 1 1
20	1	1 0 0 1 0 1 1 0 1 1 1 1 1 1 0 1 1 1 1 1 1 1 1 1 1 1 0 1 1 1 1 0 1 0 0 1 1 1 0 0 1 0 0 1 0 0 0 1 1 1
20	12	1 0 0 1 0 1 1 0 1 1 1 1 1 1 0 1 1 1 1 1 1 1 1 1 1 1 0 1 1 1 0 0 1 0 0 1 1 1 0 0 1 0 0 1 0 0 0 1 1 1
20	1	0 1 0 1 0 0 1 1 1 1 0 0 1 0 0 1 1 0 1 0 1 0 1 0 0 1 0 0 0 1 1 1 1 0 1 0 1 0 0 0 0 1 1 0 1 0 1 0 1 0
20	3	0 1 0 1 0 0 1 1 1 1 0 0 1 0 0 1 1 0 1 0 0 0 1 0 0 1 0 0 0 1 1 1 1 0 1 0 1 0 0 0 0 1 1 0 1 0 0 0 1 0
20	5	0 1 0 1 0 0 1 1 1 1 0 0 1 0 0 1 1 0 1 0 1 0 1 0 0 1 0 0 0 1 1 1 1 1 1 0 1 0 0 0 0 1 1 0 1 0 0 0 1 0
20	1	0 1 0 1 0 0 1 1 1 1 0 0 1 0 0 1 1 0 1 0 1 0 1 0 0 1 0 0 0 1 1 1 1 0 1 0 1 0 0 0 0 1 1 0 0 0 0 0 1 0
20	8	0 1 0 1 0 0 1 1 1 1 0 0 1 0 0 1 1 0 1 0 1 0 1 0 0 1 0 0 0 1 1 1 1 0 1 0 1 0 0 0 0 1 1 0 1 0 0 0 1 0
20	1	1 0 0 0 0 1 0 1 1 1 0 1 1 1 0 1 0 1 0 0 1 0 0 1 0 0 1 0 0 1 1 1 1 1 0 0 0 1 0 0 1 0 1 1 1 0 0 0 0 0
20	1	1 0 0 0 0 1 0 1 1 1 0 1 1 1 0 0 0 1 0 0 1 0 0 1 0 0 1 0 0 1 1 1 1 1 0 0 0 0 0 0 1 0 1 1 1 0 0 0 0 0
20	1	1 0 0 0 0 1 0 1 1 1 0 1 1 1 0 0 0 1 0 0 0 0 0 1 0 0 1 0 0 1 1 1 1 1 0 0 0 1 0 0 1 0 1 1 1 0 0 0 0 0
20	13	1 0 0 0 0 1 0 1 1 1 0 1 1 1 0 0 0 1 0 0 1 0 0 1 0 0 1 0 0 1 1 1 1 1 0 0 0 1 0 0 1 0 1 1 1 0 0 0 0 0
30	6	1 0 1 1 0 1 1 0 0 0 1 1 1 1 1 0 1 1 1 1 1 0 1 0 0 0 0 1 0 1 0 0 0 1 1 0 0 1 0 1 1 1 1 1 0 1 1 1 1 1
30	14	1 1 0 0 1 1 0 0 0 1 0 0 1 0 0 1 0 0 1 1 0 0 1 0 0 1 1 0 1 0 1 1 0 0 1 0 1 1 1 0 1 0 0 0 1 0 0 1 0 0
30	1	1 1 0 0 1 1 0 0 0 1 0 0 1 0 0 1 0 0 1 1 0 0 1 0 0 1 1 0 1 0 1 1 0 0 1 0 1 1 0 0 1 0 0 0 1 0 0 1 0 0
30	18	1 1 0 0 1 1 0 0 0 1 0 0 1 0 0 1 0 0 1 1 0 0 1 0 0 1 1 0 1 0 1 1 0 0 1 0 1 1 0 1 1 0 0 0 1 0 0 1 0 0
30	3	1 1 0 0 1 1 0 0 0 1 0 0 1 0 0 1 0 0 1 1 0 0 1 0 0 1 0 0 1 0 1 1 0 0 1 0 1 1 0 0 1 0 0 0 1 0 0 1 0 0
30	2	1 1 0 0 1 1 0 0 0 1 0 0 1 0 0 1 0 0 1 1 0 0 1 0 0 1 1 0 1 0 1 1 0 0 1 0 1 1 0 0 0 0 0 0 1 0 0 1 0 0
30	1	1 0 0 1 0 1 1 0 1 1 1 1 1 1 0 1 1 1 1 1 1 1 1 1 1 1 0 1 0 1 0 0 1 0 0 1 1 1 0 0 1 0 0 1 0 0 0 1 1 1
30	4	1 0 0 1 0 1 1 1 1 1 1 1 1 1 0 1 1 1 1 1 1 1 1 1 1 1 0 1 1 1 0 0 1 0 0 1 1 1 0 0 1 0 0 1 0 0 0 1 1 1
30	1	1 0 0 1 0 1 1 0 1 1 1 1 1 1 0 1 1 1 1 1 1 1 1 1 1 1 0 1 1 1 0 0 1 0 0 1 1 1 0 0 1 0 0 1 0 0 1 1 1 0
30	3	1 0 0 1 0 1 1 0 1 1 1 1 1 1 0 1 1 1 1 1 1 1 1 1 1 1 0 1 1 1 0 0 1 0 0 1 1 1 0 0 1 0 0 1 0 0 0 1 1 1
30	2	0 1 0 1 0 0 1 1 1 1 0 0 1 0 0 1 1 0 1 0 1 0 1 0 0 1 0 0 0 1 1 1 1 0 1 0 1 0 0 0 0 1 1 0 1 0 1 0 1 0
30	1	0 1 0 1 0 0 1 1 1 1 0 0 1 0 0 1 1 0 1 0 0 0 1 1 0 1 0 1 0 1 1 1 1 0 1 0 1 0 0 0 0 1 1 0 1 0 0 0 1 0
30	10	0 1 0 1 0 0 1 1 1 1 0 0 1 0 0 1 1 0 1 0 0 0 1 0 0 1 0 0 0 1 1 1 1 0 1 0 1 0 0 0 0 1 1 0 1 0 0 0 1 0
30	2	0 1 0 1 0 0 1 1 1 1 0 0 1 0 0 1 1 0 1 0 1 0 1 0 0 1 0 0 0 1 1 1 1 1 1 0 1 0 0 0 0 1 1 0 1 0 0 0 1 0
30	1	0 1 0 1 0 0 1 1 1 1 0 0 1 0 0 1 1 0 1 0 1 0 1 0 0 0 0 0 0 1 1 1 1 0 1 0 1 0 0 0 0 1 1 0 0 0 0 0 1 0
30	5	0 1 0 1 0 0 1 1 1 1 0 0 1 0 0 1 1 0 1 0 1 0 1 0 0 1 0 0 0 1 1 1 1 0 1 0 1 0 0 0 0 1 1 0 0 0 0 0 1 0
30	1	0 1 0 1 1 0 1 1 1 1 0 0 1 0 0 1 1 0 1 0 1 0 1 0 0 1 0 0 0 1 1 1 1 0 1 0 1 0 0 0 0 1 1 0 1 0 0 0 1 0
30	1	0 1 0 1 0 0 1 1 1 1 0 0 1 0 0 1 1 0 1 0 1 0 1 0 0 1 0 0 0 1 1 1 1 0 1 1 1 0 0 0 0 1 1 0 1 0 0 0 1 0
30	8	0 1 0 1 0 0 1 1 1 1 0 0 1 0 0 1 1 0 1 0 1 0 1 0 0 1 0 0 0 1 1 1 1 0 1 0 1 0 0 0 0 1 1 0 1 0 0 0 1 0
30	2	1 0 0 0 0 1 0 1 1 1 0 1 1 1 0 1 0 1 0 0 1 0 0 1 0 0 1 0 0 1 1 1 1 1 0 0 0 1 0 0 1 0 1 1 1 0 0 0 0 0
30	10	1 0 0 0 0 1 0 1 1 1 0 1 1 1 0 0 0 1 0 0 1 0 0 1 0 0 1 0 0 1 1 1 1 1 0 0 0 1 0 0 1 0 0 1 1 0 0 0 0 0
30	1	1 0 0 0 0 1 0 1 1 1 0 1 1 1 0 0 0 1 0 0 1 0 1 1 0 0 1 0 0 1 1 1 1 1 0 0 0 1 0 0 1 0 1 1 1 0 0 0 0 0
30	3	1 0 0 0 0 1 0 1 1 1 0 1 1 1 0 0 0 1 0 0 1 0 0 1 0 0 1 0 0 1 1 1 1 1 0 0 0 1 0 0 1 0 1 1 1 0 0 0 0 0
40	3	1 1 0 0 1 1 0 0 0 1 0 0 1 0 0 1 0 0 1 1 0 0 1 0 0 1 1 0 1 1 1 1 0 0 1 0 1 1 0 0 1 0 0 0 1 0 0 1 0 0
40	14	1 1 0 0 1 1 0 0 0 1 0 0 1 0 0 1 0 0 1 1 0 0 1 0 0 1 1 0 1 0 1 1 0 0 1 0 1 1 1 0 1 0 0 0 1 0 0 1 0 0
40	1	1 1 1 0 1 1 0 0 0 1 0 0 1 0 0 1 0 0 1 1 0 0 1 0 0 1 1 0 1 0 1 1 0 0 1 0 1 1 0 1 1 0 0 0 1 0 0 1 0 0
40	21	1 1 0 0 1 1 0 0 0 1 0 0 1 0 0 1 0 0 1 1 0 0 1 0 0 1 1 0 1 0 1 1 0 0 1 0 1 1 0 1 1 0 0 0 1 0 0 1 0 0
40	4	1 1 0 0 1 1 0 0 0 1 0 0 1 0 0 1 0 0 1 1 0 0 1 0 0 1 0 0 1 0 1 1 0 0 1 0 1 1 0 0 1 0 0 0 1 0 0 1 0 0
40	3	1 1 0 0 1 1 0 0 0 1 0 0 1 0 0 1 0 0 1 1 0 0 1 0 0 1 1 0 1 0 1 1 0 0 1 0 1 1 0 0 0 0 0 0 1 0 0 1 0 0
40	3	1 0 0 1 0 1 1 1 1 1 1 1 1 1 0 1 1 1 1 1 1 1 1 1 1 1 0 1 1 1 0 0 1 0 0 1 1 1 0 0 1 0 0 1 0 0 0 1 1 1
40	3	1 0 0 1 0 1 1 0 1 1 1 1 1 1 0 1 1 1 1 1 1 1 1 1 1 1 0 1 1 1 0 0 1 0 0 1 1 1 0 0 1 0 0 1 0 0 0 1 1 0
40	2	1 0 0 1 0 1 1 0 1 1 1 1 1 1 0 1 1 1 1 1 1 1 1 1 1 1 0 1 1 1 0 0 1 0 0 1 1 1 0 0 0 0 0 1 0 0 0 1 1 1
40	1	0 1 0 1 0 0 1 1 1 1 0 0 1 0 0 1 1 0 1 0 0 0 1 0 0 1 1 0 0 1 1 1 1 0 1 0 1 0 0 0 0 1 1 0 1 0 0 0 1 0
40	3	0 1 0 1 0 0 1 1 1 1 0 0 1 0 0 1 1 0 1 0 0 0 1 0 0 1 0 0 0 1 1 1 1 0 1 0 1 0 0 0 0 1 1 0 1 0 0 0 1 0
40	2	0 1 0 1 0 0 1 1 1 1 0 0 1 0 0 1 1 0 1 0 1 0 1 0 0 1 0 0 0 1 1 1 1 1 1 0 1 0 0 0 0 1 1 0 1 0 0 0 1 0
40	3	0 1 0 1 0 0 1 1 1 1 0 0 1 0 0 1 1 0 1 0 1 0 1 0 0 0 0 0 0 1 1 1 1 0 1 0 1 0 0 0 0 1 1 0 0 0 0 0 1 0
40	1	1 1 0 1 0 0 1 1 1 1 0 0 1 0 0 1 1 0 1 0 1 0 1 0 0 1 0 0 0 1 1 1 1 0 1 0 1 0 0 0 0 1 1 0 0 0 0 0 1 0
40	2	0 1 0 1 0 1 1 1 1 1 0 0 1 0 0 1 1 0 1 0 1 0 1 0 0 1 0 0 0 1 1 1 1 0 1 0 1 0 0 0 0 1 1 0 0 0 0 0 1 0
40	20	0 1 0 1 0 0 1 1 1 1 0 0 1 0 0 1 1 0 1 0 1 0 1 0 0 1 0 0 0 1 1 1 1 0 1 0 1 0 0 0 0 1 1 0 0 0 0 0 1 0
40	2	0 1 0 1 0 0 1 1 1 1 0 0 1 0 0 1 1 0 1 0 1 0 1 0 0 1 0 0 0 1 1 1 1 0 1 0 1 0 0 0 0 1 1 0 1 0 0 0 1 0
40	1	1 0 0 0 0 1 0 1 1 1 0 1 0 1 0 0 0 1 0 0 1 0 0 1 0 0 1 0 0 1 1 1 1 1 0 0 0 1 0 0 1 0 0 1 1 0 0 0 0 0
40	11	1 0 0 0 0 1 0 1 1 1 0 1 1 1 0 0 0 1 0 0 1 0 0 1 0 0 1 0 0 1 1 1 1 1 0 0 0 1 0 0 1 0 0 1 1 0 0 0 0 0
50	9	1 1 0 0 1 1 0 0 0 1 0 0 1 0 0 1 0 0 1 1 0 0 1 0 0 1 1 0 1 0 1 1 0 0 1 0 1 1 1 0 1 0 0 0 1 0 0 1 0 0
50	1	1 1 0 0 1 1 0 1 0 1 0 0 1 0 0 1 0 0 1 1 0 0 1 0 0 1 1 0 1 0 1 1 0 0 1 0 1 1 0 1 1 0 0 0 1 0 0 1 0 0
50	9	1 1 0 0 1 1 0 0 0 1 0 0 1 0 0 1 0 0 1 1 0 0 1 0 0 1 1 0 1 0 1 1 0 0 1 0 1 1 0 1 1 0 0 0 1 0 0 1 0 0
50	4	1 1 1 0 1 1 0 0 0 1 0 0 1 0 0 1 0 0 1 1 0 0 1 0 0 1 1 0 1 0 1 1 0 0 1 0 1 1 0 1 1 0 0 0 1 0 0 1 0 0
50	1	1 1 0 0 1 1 0 0 0 1 0 0 1 0 0 1 0 0 1 1 0 0 1 0 0 1 0 0 1 0 1 1 0 0 1 0 1 1 0 0 1 0 0 0 1 0 0 1 0 0
50	2	1 1 0 0 1 1 0 0 0 1 0 0 1 0 0 1 0 0 1 1 1 0 1 0 0 1 1 0 1 0 1 1 0 0 1 0 1 1 0 0 0 0 0 0 1 0 0 1 0 0
50	3	1 1 0 0 1 1 0 0 0 1 0 0 1 0 0 1 0 0 1 1 0 0 1 0 0 1 1 0 1 0 1 1 0 0 1 0 1 1 0 0 0 0 0 0 1 0 0 1 0 0
50	3	1 0 0 1 0 1 1 1 1 1 1 1 1 1 0 1 1 1 1 1 1 1 1 1 1 1 0 1 1 1 0 0 1 0 0 1 1 1 0 0 1 0 0 1 0 0 0 1 1 1
50	9	1 0 0 1 0 1 1 0 1 1 1 1 1 1 0 1 1 1 1 1 1 1 1 1 1 1 0 1 1 1 0 0 1 0 0 1 1 1 0 0 1 0 0 1 0 0 0 1 1 0
50	1	1 0 0 1 0 1 1 0 1 1 1 1 1 1 0 1 1 1 1 1 1 1 1 1 1 1 0 1 1 1 0 0 1 0 0 1 1 1 0 0 1 0 0 1 0 0 0 1 1 1
50	2	0 1 0 1 0 0 1 1 1 1 0 0 1 0 0 1 1 0 1 0 0 0 1 0 0 1 0 0 0 1 1 1 1 0 1 0 1 0 0 0 0 1 1 0 1 0 0 0 1 0
50	3	0 1 0 1 0 0 1 1 1 1 0 0 1 0 0 1 1 0 1 0 1 0 1 0 0 1 0 0 0 1 1 1 1 1 1 0 1 0 0 0 0 1 1 0 1 0 0 0 1 0
50	6	0 1 0 1 0 0 1 1 1 1 0 0 1 0 0 1 1 0 1 0 1 0 1 0 0 0 0 0 0 1 1 1 1 0 1 0 1 0 0 0 0 1 1 0 0 0 0 0 1 0
50	9	1 1 0 1 0 0 1 1 1 1 0 0 1 0 0 1 1 0 1 0 1 0 1 0 0 1 0 0 0 1 1 1 1 0 1 0 1 0 0 0 0 1 1 0 0 0 0 0 1 0
50	1	0 1 0 1 0 1 1 1 1 1 0 0 1 0 0 1 1 0 1 0 1 0 1 0 0 1 0 0 0 1 1 1 1 0 1 0 1 0 0 0 0 1 1 0 0 0 0 0 1 0
50	25	0 1 0 1 0 0 1 1 1 1 0 0 1 0 0 1 1 0 1 0 1 0 1 0 0 1 0 0 0 1 1 1 1 0 1 0 1 0 0 0 0 1 1 0 0 0 0 0 1 0
50	12	1 0 0 0 0 1 0 1 1 1 0 1 1 1 0 0 0 1 0 0 1 0 0 1 0 0 1 0 0 1 1 1 1 1 0 0 0 1 0 0 1 0 0 1 1 0 0 0 0 0
60	1	1 1 0 0 1 1 0 0 0 1 0 0 1 0 0 1 0 0 1 1 0 0 1 0 0 1 1 0 1 0 1 1 0 0 1 0 1 1 1 0 1 0 0 0 1 0 0 1 0 0
60	1	1 1 0 0 1 1 0 0 0 1 0 0 1 0 0 0 0 0 1 1 0 0 1 0 0 1 1 0 1 0 1 1 0 0 1 0 1 1 0 1 1 0 0 0 1 0 0 1 0 0
60	12	1 1 0 0 1 1 0 0 0 1 0 0 1 0 0 1 0 0 1 1 0 0 1 0 0 1 1 0 1 0 1 1 0 0 1 0 1 1 0 1 1 0 0 0 1 0 0 1 0 0
60	2	1 1 1 0 1 1 0 0 0 1 0 0 1 0 0 1 0 0 1 1 0 0 1 0 0 1 1 0 1 0 1 1 0 0 1 0 1 1 0 1 1 0 0 0 1 0 0 1 0 0
60	1	1 1 0 0 1 1 0 0 0 1 0 0 1 0 0 1 0 0 1 1 0 0 1 0 0 1 0 0 1 0 1 1 0 0 1 0 1 1 0 0 1 0 0 0 1 0 0 1 0 0
60	1	1 1 0 0 1 1 0 0 0 1 0 0 1 0 0 1 0 0 1 1 1 0 1 0 0 1 1 0 1 0 1 1 0 0 1 0 1 1 0 0 0 0 0 0 1 0 0 1 0 0
60	5	1 1 0 0 1 1 0 0 0 1 0 0 1 0 0 1 0 0 1 1 0 0 1 0 0 1 1 0 1 0 1 1 0 0 1 0 1 1 0 0 0 0 0 0 1 0 0 1 0 0
60	2	1 0 0 1 0 1 1 1 1 1 1 1 1 1 0 1 1 1 1 1 1 1 1 1 1 1 0 1 1 1 0 0 1 0 0 1 1 1 0 0 1 0 0 1 0 0 0 0 1 1
60	2	1 0 0 1 0 1 1 1 1 1 1 1 1 1 0 1 1 1 1 1 1 1 1 1 1 1 0 1 1 1 0 0 1 0 0 1 1 1 0 0 1 0 0 1 0 0 0 1 1 1
60	1	1 0 0 1 0 1 1 0 1 1 1 1 1 1 0 1 1 1 1 1 1 1 1 1 1 1 0 1 1 1 0 0 1 0 0 1 1 1 0 0 1 0 0 1 0 0 0 1 1 0
60	2	0 1 0 1 0 0 1 1 1 1 0 0 1 0 0 1 1 0 1 0 1 0 1 0 0 1 0 0 0 1 1 1 1 1 1 0 1 0 0 0 0 1 1 0 1 0 0 0 1 0
60	2	0 1 0 1 0 0 1 1 1 1 0 0 1 0 0 1 1 0 1 0 1 0 1 0 0 0 0 0 0 1 1 1 1 0 1 0 1 0 0 0 0 1 1 0 0 0 0 0 1 0
60	1	1 1 0 1 0 0 1 1 1 1 0 0 1 0 0 1 1 0 1 0 1 0 1 0 0 1 0 0 0 1 1 1 1 0 1 0 1 0 1 0 0 1 1 0 0 0 0 0 1 0
60	1	1 1 0 1 0 0 1 1 1 1 0 0 1 0 0 1 1 0 1 0 1 0 1 0 0 1 0 0 0 0 1 1 1 0 1 0 1 0 0 0 0 1 1 0 0 0 0 0 1 0
60	21	1 1 0 1 0 0 1 1 1 1 0 0 1 0 0 1 1 0 1 0 1 0 1 0 0 1 0 0 0 1 1 1 1 0 1 0 1 0 0 0 0 1 1 0 0 0 0 0 1 0
60	1	0 1 0 1 0 1 1 1 1 1 0 0 1 0 0 1 1 0 1 0 1 0 1 0 0 1 0 0 0 1 1 1 0 0 1 0 1 0 0 0 0 1 1 0 0 0 0 0 1 0
60	12	0 1 0 1 0 1 1 1 1 1 0 0 1 0 0 1 1 0 1 0 1 0 1 0 0 1 0 0 0 1 1 1 1 0 1 0 1 0 0 0 0 1 1 0 0 0 0 0 1 0
60	1	0 1 0 1 0 0 1 1 1 1 0 0 1 0 0 1 1 0 1 0 0 0 1 0 0 1 0 0 0 1 1 1 1 0 1 0 1 0 0 0 0 1 1 0 0 0 0 0 1 0
60	1	0 1 0 1 0 0 1 1 1 1 0 0 1 0 0 1 1 0 1 0 1 0 1 0 0 1 0 0 0 1 0 1 1 0 1 0 1 0 0 0 0 1 1 0 0 0 0 0 1 0
60	1	0 1 0 1 0 0 1 1 1 1 0 0 1 0 0 1 1 0 1 0 1 0 1 0 0 1 0 0 0 1 1 1 1 0 1 0 1 0 0 0 0 1 1 1 0 0 0 0 1 0
60	22	0 1 0 1 0 0 1 1 1 1 0 0 1 0 0 1 1 0 1 0 1 0 1 0 0 1 0 0 0 1 1 1 1 0 1 0 1 0 0 0 0 1 1 0 0 0 0 0 1 0
60	3	0 1 1 1 0 0 1 1 1 1 0 0 1 0 0 1 1 0 1 0 1 0 1 0 0 1 0 0 0 1 1 1 1 0 1 0 1 0 0 0 0 1 1 0 1 0 0 0 1 0
60	1	0 1 0 1 0 0 0 1 1 1 0 0 1 0 0 1 1 0 1 0 1 0 1 0 0 1 0 0 0 1 1 1 1 0 1 0 1 0 0 0 0 1 1 0 1 0 0 0 1 0
60	3	1 0 0 0 0 1 0 1 1 1 0 1 1 1 0 0 0 1 0 0 1 0 0 1 0 0 1 0 0 1 1 1 1 1 0 0 0 1 0 0 1 0 0 1 1 0 0 0 0 0
70	1	1 1 0 0 1 1 0 0 0 1 0 0 1 0 0 1 0 0 1 1 1 0 0 0 0 1 1 0 1 0 1 1 0 0 1 0 1 1 0 1 1 0 0 0 1 0 0 1 0 0
70	1	1 1 0 0 1 1 0 0 0 1 0 0 1 0 0 1 0 0 1 1 1 0 1 0 0 1 1 0 1 0 1 1 0 0 1 0 1 1 0 1 1 0 0 0 1 0 0 1 0 0
70	1	1 1 0 0 1 1 0 0 0 1 0 0 1 0 0 1 0 0 1 1 0 0 1 0 0 1 1 0 1 0 1 1 0 0 1 0 1 1 0 1 1 0 0 0 1 0 0 1 1 0
70	1	1 1 0 0 1 1 0 0 0 1 0 0 1 0 0 1 0 0 1 1 0 0 1 0 0 1 1 0 1 0 1 1 0 0 1 0 1 1 0 1 1 0 0 0 1 0 0 1 0 0
70	1	1 1 1 0 1 1 0 0 0 1 0 0 1 0 0 1 0 0 1 1 0 0 1 0 0 1 1 0 1 0 1 1 0 0 1 0 1 1 0 1 1 0 0 0 1 0 0 1 0 0
70	1	1 1 0 0 1 1 0 0 0 1 0 0 1 0 0 1 0 0 1 1 0 0 1 0 0 1 1 0 1 0 1 1 1 0 1 0 1 1 0 0 0 0 0 0 1 0 0 1 0 0
70	2	1 0 0 1 0 1 1 1 1 1 1 1 1 1 0 1 1 1 1 1 1 1 1 1 1 1 0 1 1 1 0 0 1 0 0 1 1 1 0 0 1 0 0 1 0 0 0 1 1 1
70	1	1 0 0 1 0 1 1 0 1 1 1 1 1 1 0 1 1 1 1 1 1 1 1 1 1 1 0 1 1 1 0 0 1 0 0 1 1 1 0 0 1 0 0 1 0 0 0 1 1 0
70	3	0 1 0 1 0 0 1 1 1 1 0 0 1 0 0 1 1 0 1 0 1 0 1 0 0 1 0 0 0 1 1 1 1 1 1 0 1 0 0 0 0 1 1 0 1 0 0 0 1 0
70	1	0 1 0 1 0 0 1 1 1 1 0 0 1 0 0 1 1 0 1 0 1 0 1 0 0 0 0 0 0 1 0 1 1 0 1 0 1 0 0 0 0 1 1 0 0 0 0 0 1 0
70	2	0 1 0 1 0 0 1 1 1 1 0 0 1 0 0 1 1 0 1 0 1 0 1 0 0 0 0 0 0 1 1 1 1 0 1 0 1 0 0 0 0 1 1 0 0 0 0 0 1 0
70	1	1 1 0 1 0 0 1 1 1 1 0 0 1 0 0 1 1 0 1 0 1 0 1 0 0 1 0 0 0 1 1 1 1 0 1 0 0 0 0 0 0 1 1 0 0 0 0 0 1 0
70	1	1 1 0 1 0 0 1 1 1 1 0 0 1 0 0 1 1 0 1 0 1 0 1 0 0 1 0 0 0 1 1 0 1 0 1 0 1 0 0 0 0 1 1 0 0 0 0 0 1 0
70	36	1 1 0 1 0 0 1 1 1 1 0 0 1 0 0 1 1 0 1 0 1 0 1 0 0 1 0 0 0 1 1 1 1 0 1 0 1 0 0 0 0 1 1 0 0 0 0 0 1 0
70	1	0 1 0 1 0 1 1 1 1 1 0 0 1 0 0 1 1 0 1 0 1 0 1 0 0 1 0 0 0 1 1 1 0 0 1 0 1 0 0 0 0 1 1 0 0 0 0 0 1 0
70	2	0 1 0 1 0 1 1 1 1 1 0 0 1 0 0 1 1 0 1 0 1 0 1 0 0 1 0 0 0 1 1 1 1 0 1 0 1 0 0 0 0 1 1 0 1 0 0 0 1 0
70	9	0 1 0 1 0 1 1 1 1 1 0 0 1 0 0 1 1 0 1 0 1 0 1 0 0 1 0 0 0 1 1 1 1 0 1 0 1 0 0 0 0 1 1 0 0 0 0 0 1 0
70	1	0 1 0 1 0 0 1 1 1 1 0 0 1 1 0 1 1 0 1 0 1 0 1 0 0 1 0 0 0 1 1 1 1 0 1 0 1 0 0 0 0 1 1 0 0 0 0 0 1 0
70	26	0 1 0 1 0 0 1 1 1 1 0 0 1 0 0 1 1 0 1 0 1 0 1 0 0 1 0 0 0 1 1 1 1 0 1 0 1 0 0 0 0 1 1 0 0 0 0 0 1 0
70	3	0 1 1 1 0 0 1 1 1 1 0 0 1 0 0 1 1 0 1 0 1 0 1 0 0 1 0 0 0 1 1 1 1 0 1 0 1 0 0 0 0 1 1 0 1 0 0 0 1 0
70	5	1 0 0 0 0 1 0 1 1 1 0 1 1 1 0 0 0 1 0 0 1 0 0 1 0 0 1 0 0 1 1 1 1 1 0 0 0 1 0 0 1 0 0 1 1 0 0 0 0 0
80	3	1 1 1 0 1 1 0 0 0 1 0 0 1 0 0 1 0 0 1 1 0 0 1 0 0 1 1 0 1 0 1 1 0 0 1 0 1 1 0 1 1 0 0 0 1 0 0 1 0 0
80	2	1 1 0 0 1 1 0 0 0 1 0 0 1 0 0 1 0 0 1 1 0 0 1 0 0 1 1 0 1 0 1 1 1 0 1 0 1 1 0 0 0 0 0 0 1 0 0 1 0 0
80	2	1 1 0 0 1 1 0 0 0 1 0 0 1 0 0 1 0 0 1 1 0 0 1 0 0 1 1 0 1 0 1 1 0 0 1 0 1 1 0 0 0 0 0 0 1 0 0 1 0 0
80	3	1 1 0 1 0 0 1 1 1 1 0 0 1 0 0 1 1 0 1 0 1 0 1 0 0 1 0 0 0 1 1 1 1 0 1 0 1 0 1 0 0 1 1 0 0 0 0 0 1 0
80	1	1 1 0 1 0 0 1 1 1 1 0 0 1 0 0 1 1 0 1 0 1 0 1 0 0 1 0 0 0 1 1 1 1 0 1 0 0 0 0 0 0 1 1 0 0 0 0 0 1 0
80	1	1 1 0 1 0 0 1 1 1 1 0 0 1 0 0 1 1 0 1 0 1 0 1 0 0 1 0 0 0 0 1 1 1 0 1 0 1 0 0 0 0 1 1 0 0 0 0 0 1 0
80	1	1 1 0 1 0 0 1 1 1 1 0 0 1 0 0 1 1 0 1 0 1 0 1 0 0 1 0 0 0 1 1 0 1 0 1 0 1 0 0 0 0 1 1 0 0 0 0 0 1 0
80	39	1 1 0 1 0 0 1 1 1 1 0 0 1 0 0 1 1 0 1 0 1 0 1 0 0 1 0 0 0 1 1 1 1 0 1 0 1 0 0 0 0 1 1 0 0 0 0 0 1 0
80	1	0 1 0 1 0 1 1 1 1 1 0 0 1 0 0 1 1 0 1 0 1 0 1 0 0 1 0 0 0 1 1 1 0 0 1 0 1 0 0 0 0 1 1 0 0 0 0 0 1 0
80	2	0 1 0 1 0 1 1 1 1 1 0 0 1 0 0 1 1 0 1 0 1 0 1 0 0 1 0 0 0 1 1 1 1 0 1 0 1 0 0 0 0 1 1 0 1 0 0 0 1 0
80	1	0 1 0 1 0 1 1 1 1 1 0 0 1 0 0 0 1 0 1 0 1 0 1 0 0 1 0 0 0 1 1 1 1 0 1 0 1 0 0 0 0 1 1 0 0 0 0 0 1 0
80	22	0 1 0 1 0 0 1 1 1 1 0 0 1 0 0 1 1 0 1 0 1 0 1 0 0 1 0 0 0 1 1 1 1 0 1 0 1 0 0 0 0 1 1 0 0 0 0 0 1 0
80	1	0 1 0 1 0 1 1 1 1 1 0 0 1 0 0 1 1 0 1 0 1 0 1 0 0 1 0 0 0 1 1 1 1 0 1 0 1 0 0 0 0 1 1 0 0 0 0 1 1 0
80	12	0 1 0 1 0 1 1 1 1 1 0 0 1 0 0 1 1 0 1 0 1 0 1 0 0 1 0 0 0 1 1 1 1 0 1 0 1 0 0 0 0 1 1 0 0 0 0 0 1 0
80	1	0 1 0 1 1 0 1 1 1 1 0 0 1 0 0 1 1 0 1 0 1 0 1 0 0 1 0 0 0 1 1 1 1 0 1 0 1 0 0 0 0 1 1 0 0 0 0 0 1 0
80	3	0 1 1 1 0 0 1 1 1 1 0 0 1 0 0 1 1 0 1 0 1 0 1 0 0 1 0 0 0 1 1 1 1 0 1 0 1 0 0 0 0 1 0 0 1 0 0 0 1 0
80	1	0 1 1 1 0 0 1 1 1 1 0 0 1 0 0 1 1 0 1 0 1 0 1 0 0 1 0 0 0 1 1 1 1 0 1 0 1 0 0 0 0 1 1 0 0 0 0 0 1 0
80	4	0 1 1 1 0 0 1 1 1 1 0 0 1 0 0 1 1 0 1 0 1 0 1 0 0 1 0 0 0 1 1 1 1 0 1 0 1 0 0 0 0 1 1 0 1 0 0 0 1 0
90	3	1 1 1 0 1 1 0 0 0 1 0 0 1 0 0 1 0 0 1 1 0 0 1 0 0 1 1 0 1 0 1 1 0 0 1 0 1 1 0 1 1 0 0 0 1 0 0 1 0 0
90	3	1 1 0 0 1 1 0 0 0 1 0 0 1 0 0 1 0 0 1 1 0 0 1 0 0 1 1 0 1 0 1 1 0 0 1 0 1 1 0 0 0 0 0 0 1 0 0 1 0 0
90	2	1 1 0 1 0 0 1 1 1 1 0 0 1 0 0 1 1 0 1 0 1 0 1 0 0 1 0 0 0 1 1 1 1 0 1 0 1 0 1 0 0 1 1 0 0 0 0 0 1 0
90	1	1 1 0 1 0 0 1 1 1 1 0 0 1 0 0 1 1 0 1 0 1 0 1 0 0 1 0 0 0 1 1 1 1 0 1 0 0 0 0 0 0 1 1 0 0 0 0 0 1 0
90	4	1 1 0 1 0 0 1 1 1 1 0 0 1 0 0 1 1 0 1 0 1 0 1 0 0 1 0 0 0 0 1 1 1 0 1 0 1 0 0 0 0 1 1 0 0 0 0 0 1 0
90	1	1 1 0 1 0 0 1 1 1 1 0 0 1 0 0 1 1 0 1 0 1 0 1 0 0 1 0 0 0 1 1 0 1 0 1 0 1 0 0 0 0 1 1 0 0 0 0 0 1 0
90	1	1 1 0 1 0 0 0 1 1 1 0 0 1 0 0 1 1 0 1 0 1 0 1 0 0 1 0 0 0 1 1 1 1 0 1 0 1 0 0 0 0 1 1 0 0 0 0 0 1 0
90	1	1 1 0 1 0 0 1 0 1 1 0 0 1 0 0 1 1 0 1 0 1 0 1 0 0 1 0 0 0 1 1 1 1 0 1 0 1 0 0 0 0 1 1 0 0 0 0 0 1 0
90	1	1 0 0 1 0 0 1 1 1 1 0 0 1 0 0 1 1 0 1 0 1 0 1 0 0 1 0 0 0 1 1 1 1 0 1 0 1 0 0 0 0 1 1 0 0 0 0 0 1 0
90	54	1 1 0 1 0 0 1 1 1 1 0 0 1 0 0 1 1 0 1 0 1 0 1 0 0 1 0 0 0 1 1 1 1 0 1 0 1 0 0 0 0 1 1 0 0 0 0 0 1 0
90	2	0 1 0 1 0 1 1 1 1 1 0 0 1 0 0 1 1 0 1 0 1 0 1 0 0 1 0 0 0 1 1 1 1 0 1 0 1 0 0 0 0 1 1 0 1 0 0 0 1 0
90	1	0 1 0 1 0 1 1 1 1 1 0 0 1 0 0 0 1 0 1 0 1 0 1 0 0 1 0 0 0 1 1 1 1 0 1 0 1 0 0 0 0 1 1 0 0 0 0 0 1 0
90	1	0 1 0 1 0 0 1 1 1 1 0 0 1 0 0 1 1 0 1 0 1 0 1 0 0 1 0 0 0 1 1 1 1 0 1 0 1 0 0 1 0 1 1 0 0 0 0 0 1 0
90	1	0 1 0 1 0 0 1 1 1 1 1 0 1 0 0 1 1 0 1 0 1 0 1 0 0 1 0 0 0 1 1 1 1 0 1 0 1 0 0 0 0 1 1 0 0 0 0 0 1 0
90	1	0 1 0 1 0 0 1 1 1 1 0 0 1 0 0 1 1 0 1 0 1 1 1 0 0 1 0 0 0 1 1 1 1 0 1 0 1 0 0 0 0 1 1 0 0 0 0 0 1 0
90	1	0 1 0 1 0 0 1 1 1 1 0 0 1 0 0 1 1 0 1 0 1 0 1 0 0 1 0 0 0 1 1 0 1 0 1 0 1 0 0 0 0 1 1 0 0 0 0 0 1 0
90	8	0 1 0 1 0 0 1 1 1 1 0 0 1 0 0 1 1 0 1 0 1 0 1 0 0 1 0 0 0 1 1 1 1 0 1 0 1 0 0 0 0 1 1 0 0 0 0 0 1 0
90	5	0 1 0 1 0 1 1 1 1 1 0 0 1 0 0 1 1 0 1 0 1 0 1 0 0 1 0 0 0 1 1 1 1 0 1 0 1 0 0 0 0 1 1 0 0 0 0 0 1 0
90	8	0 1 1 1 0 0 1 1 1 1 0 0 1 0 0 1 1 0 1 0 1 0 1 0 0 1 0 0 0 1 1 1 1 0 1 0 1 0 0 0 0 1 0 0 1 0 0 0 1 0
90	1	0 1 1 1 0 0 1 1 1 1 0 0 1 0 0 1 1 0 1 0 1 0 1 0 0 1 0 0 0 1 1 1 1 0 1 0 1 0 0 0 0 1 1 0 1 0 0 0 1 0
100	2	1 1 1 0 1 1 0 0 0 1 0 0 1 0 0 1 0 0 1 1 0 0 1 0 1 1 1 0 1 0 1 1 0 0 1 0 1 1 0 1 1 0 0 0 1 0 0 1 0 0
100	3	1 1 1 0 1 1 0 0 0 1 0 0 1 0 0 1 0 0 1 1 0 0 1 0 0 1 1 0 1 0 1 1 0 0 1 0 1 1 0 1 1 0 0 0 1 0 0 1 0 0
100	1	1 1 0 0 1 1 0 0 0 1 0 0 1 0 0 1 0 0 1 1 0 0 1 0 0 1 1 0 1 0 1 1 1 0 1 0 1 1 0 0 0 0 0 0 1 0 0 1 0 0
100	2	1 1 0 1 0 0 1 1 1 1 0 0 1 0 0 1 1 0 1 0 1 0 1 0 0 1 0 0 0 1 1 1 1 0 1 0 1 0 1 0 0 1 1 0 0 0 0 0 1 0
100	3	1 1 0 1 0 0 1 1 1 1 0 0 1 0 0 1 1 0 1 0 1 0 1 0 0 1 0 0 0 1 1 1 1 0 1 0 0 0 0 0 0 1 1 0 0 0 0 0 1 0
100	1	1 1 0 1 0 0 1 1 1 1 0 0 1 0 0 1 1 0 1 0 1 0 1 0 0 1 0 0 0 0 1 1 1 0 1 0 1 0 0 0 0 0 1 0 0 0 0 0 1 0
100	1	1 1 0 1 0 0 1 1 1 1 0 0 1 0 0 1 1 0 1 0 1 0 1 0 0 1 0 0 0 0 1 1 1 0 1 0 1 0 0 0 1 1 1 0 0 0 0 0 1 0
100	12	1 1 0 1 0 0 1 1 1 1 0 0 1 0 0 1 1 0 1 0 1 0 1 0 0 1 0 0 0 0 1 1 1 0 1 0 1 0 0 0 0 1 1 0 0 0 0 0 1 0
100	3	1 1 0 1 0 0 1 1 1 1 0 0 1 0 0 1 1 0 1 0 1 0 1 0 0 1 0 0 0 1 1 0 1 0 1 0 1 0 0 0 0 1 1 0 0 0 0 0 1 0
100	2	1 1 0 1 0 0 1 1 1 1 0 0 1 0 0 1 1 0 1 0 1 0 1 0 0 1 0 0 0 1 1 1 1 0 0 0 1 0 0 0 0 1 1 0 0 0 0 0 1 0
100	1	1 1 0 1 0 0 1 1 1 1 0 0 1 0 0 1 1 0 0 0 1 0 1 0 0 1 0 0 0 1 1 1 1 0 1 0 1 0 0 0 0 1 1 0 0 0 0 0 1 0
100	42	1 1 0 1 0 0 1 1 1 1 0 0 1 0 0 1 1 0 1 0 1 0 1 0 0 1 0 0 0 1 1 1 1 0 1 0 1 0 0 0 0 1 1 0 0 0 0 0 1 0
100	1	0 1 0 1 0 1 1 1 1 1 0 0 1 0 0 1 1 0 1 0 1 0 1 0 0 1 1 0 0 1 1 1 1 0 1 0 1 0 0 0 0 1 1 0 0 0 0 0 1 0
100	1	0 1 0 1 0 0 1 1 1 1 0 0 1 0 0 1 1 0 1 0 1 0 1 0 1 1 0 0 0 1 1 1 1 0 1 0 1 0 0 0 0 1 1 0 0 0 0 0 1 0
100	1	0 1 0 1 1 0 1 1 1 1 0 0 1 0 0 1 1 0 1 0 1 0 1 0 0 1 0 0 0 1 1 1 1 0 1 0 1 0 0 0 0 1 1 0 0 0 0 0 1 0
100	7	0 1 0 1 0 0 1 1 1 1 0 0 1 0 0 1 1 0 1 0 1 0 1 0 0 1 0 0 0 1 1 1 1 0 1 0 1 0 0 0 0 1 1 0 0 0 0 0 1 0
100	1	0 1 0 1 0 1 1 1 1 1 0 0 1 0 0 1 1 0 0 0 1 0 1 0 0 1 0 0 0 1 1 1 1 0 1 0 1 0 0 0 0 1 1 0 0 0 0 0 1 0
100	12	0 1 0 1 0 1 1 1 1 1 0 0 1 0 0 1 1 0 1 0 1 0 1 0 0 1 0 0 0 1 1 1 1 0 1 0 1 0 0 0 0 1 1 0 0 0 0 0 1 0
100	4	0 1 1 1 0 0 1 1 1 1 0 0 1 0 0 1 1 0 1 0 1 0 1 0 0 1 0 0 0 1 1 1 1 0 1 0 1 0 0 0 0 1 0 0 1 0 0 0 1 0
110	1	1 1 1 0 1 1 0 0 0 1 0 0 1 0 0 1 0 0 1 1 0 0 1 0 1 1 1 0 1 0 1 1 0 0 1 0 1 1 0 1 1 0 0 0 1 0 0 1 0 0
110	4	1 1 0 0 1 1 0 0 0 1 0 0 1 0 0 1 0 0 1 1 0 0 1 0 0 1 1 0 1 0 1 1 1 0 1 0 1 1 0 0 0 0 0 0 1 0 0 1 0 0
110	2	1 1 0 1 0 0 1 1 1 1 0 0 1 0 0 1 1 0 1 0 1 0 1 0 0 1 0 0 0 1 1 1 1 0 1 0 1 0 1 0 0 1 1 0 0 0 0 0 1 1
110	1	1 1 0 1 0 0 1 1 1 1 0 0 1 0 0 1 1 0 1 0 1 0 1 0 0 1 0 0 0 1 1 1 1 0 1 0 1 0 1 0 0 1 1 0 0 0 0 0 1 0
110	1	1 1 0 1 0 0 1 1 1 1 0 0 1 0 0 1 1 0 1 0 1 0 1 0 0 1 0 0 0 0 1 1 1 0 1 0 1 0 0 0 0 0 1 0 0 0 0 0 1 0
110	2	1 1 0 1 0 0 1 1 1 1 0 0 1 0 0 1 1 0 1 0 1 0 1 0 0 1 0 0 0 0 1 1 1 0 1 0 0 0 0 0 0 1 1 0 0 0 0 0 1 0
110	4	1 1 0 1 0 0 1 1 1 1 0 0 1 0 0 1 1 0 1 0 1 0 1 0 0 1 0 0 0 0 1 1 1 0 1 0 1 0 0 0 0 1 1 0 0 0 0 0 1 0
110	2	1 1 0 1 0 0 1 1 1 1 0 0 1 0 0 1 1 0 1 0 1 0 1 0 0 1 0 0 0 1 1 0 1 0 1 0 1 0 0 0 0 1 1 0 0 0 0 0 1 0
110	1	1 1 0 1 0 0 1 1 1 1 0 0 1 0 0 1 1 0 1 0 1 0 1 0 0 1 0 0 0 1 1 1 1 0 0 0 1 0 0 0 0 1 1 0 0 0 0 0 1 0
110	1	1 1 0 1 0 0 1 1 1 1 0 0 1 0 0 1 1 0 0 0 1 0 1 0 0 1 0 0 0 1 1 1 1 0 1 0 1 0 0 0 0 1 1 0 0 0 0 0 1 0
110	1	1 1 0 1 0 0 1 1 1 1 0 0 1 0 0 1 1 0 1 1 1 0 1 0 0 1 0 0 0 1 1 1 1 0 1 0 1 0 0 0 0 1 1 0 0 0 0 0 1 0
110	54	1 1 0 1 0 0 1 1 1 1 0 0 1 0 0 1 1 0 1 0 1 0 1 0 0 1 0 0 0 1 1 1 1 0 1 0 1 0 0 0 0 1 1 0 0 0 0 0 1 0
110	1	0 1 0 1 0 1 1 1 1 1 0 0 1 0 0 1 1 0 1 0 1 0 1 0 0 1 0 0 0 1 1 1 0 0 1 0 1 0 0 0 0 1 1 0 0 0 0 0 1 0
110	2	0 1 0 1 0 1 1 1 1 1 0 0 1 0 0 0 1 0 1 0 1 0 1 0 0 1 0 0 0 1 1 1 1 0 1 0 1 0 0 0 0 1 1 0 0 0 0 0 1 0
110	4	0 1 0 1 0 1 1 1 1 1 0 0 1 0 0 1 1 0 1 0 1 0 1 0 0 1 1 0 0 1 1 1 1 0 1 0 1 0 0 0 0 1 1 0 0 0 0 0 1 0
110	2	0 1 0 1 1 0 1 1 1 1 0 0 1 0 0 1 1 0 1 0 1 0 1 0 0 1 0 0 0 1 1 1 1 0 1 0 1 0 0 0 0 1 1 0 0 0 0 0 1 0
110	3	0 1 0 1 0 0 1 1 1 1 0 0 1 0 0 1 1 0 1 0 1 0 1 0 0 1 0 0 0 1 1 1 1 0 1 0 1 0 0 0 0 1 1 0 0 0 0 0 1 0
110	1	0 1 1 1 0 1 1 1 1 1 0 0 1 0 0 1 1 0 1 0 1 0 1 0 0 1 0 0 0 1 1 1 1 0 1 0 1 0 0 0 0 1 1 0 0 0 0 0 1 0
110	9	0 1 0 1 0 1 1 1 1 1 0 0 1 0 0 1 1 0 1 0 1 0 1 0 0 1 0 0 0 1 1 1 1 0 1 0 1 0 0 0 0 1 1 0 0 0 0 0 1 0
110	4	0 1 1 1 0 0 1 1 1 1 0 0 1 0 0 1 1 0 1 0 1 0 1 0 0 1 0 0 0 1 1 1 1 0 1 0 1 0 0 0 0 1 0 0 1 0 0 0 1 0
120	1	1 1 0 0 1 1 0 0 0 1 0 0 1 0 0 1 0 0 1 1 0 0 1 0 0 1 1 0 1 0 1 1 1 0 1 0 1 1 0 0 0 0 0 0 1 0 0 1 0 0
120	7	1 1 0 1 1 0 1 1 1 1 0 0 1 0 0 1 1 0 1 0 1 0 1 0 0 1 0 0 0 1 1 1 1 0 1 0 1 0 1 0 0 1 1 0 0 0 0 0 1 0
120	1	1 1 0 1 0 0 1 1 1 1 0 0 1 0 0 1 1 0 1 0 0 0 1 0 0 1 0 0 0 1 1 1 1 0 1 0 1 0 1 0 0 1 1 0 0 0 0 0 1 0
120	3	1 1 0 1 0 0 1 1 1 1 0 0 1 0 0 1 1 0 1 0 1 0 1 0 0 1 0 0 0 1 1 1 1 0 1 0 1 0 1 0 0 1 1 0 0 0 0 0 1 0
120	9	1 1 0 1 0 0 1 1 1 1 0 0 1 0 0 1 1 0 1 0 1 0 1 0 0 1 0 0 0 0 1 1 1 0 1 0 1 0 0 0 0 0 1 0 0 0 0 0 1 0
120	4	1 1 0 1 0 0 1 1 1 1 0 0 1 0 0 1 1 0 1 0 1 0 1 0 0 1 0 0 0 0 1 1 1 0 1 0 0 0 0 0 0 1 1 0 0 0 0 0 1 0
120	5	1 1 0 1 0 0 1 1 1 1 0 0 1 0 0 1 1 0 1 0 1 0 1 0 0 1 0 0 0 0 1 1 1 0 1 0 1 0 0 0 0 1 1 0 0 0 0 0 1 0
120	2	1 1 0 1 0 0 1 1 1 1 0 0 1 0 0 1 1 0 1 0 1 0 1 0 0 1 0 0 0 1 1 1 1 0 0 0 1 0 0 0 0 1 1 0 0 0 0 0 1 0
120	2	1 1 0 1 0 0 1 1 1 1 0 0 1 0 0 1 1 0 0 0 1 0 1 0 0 1 0 0 0 1 1 1 1 0 1 0 1 0 0 0 0 1 1 0 0 0 0 0 1 0
120	2	1 1 0 1 0 0 1 1 1 1 0 0 1 0 0 1 1 0 1 1 1 0 1 0 0 1 0 0 0 1 1 1 1 0 1 0 1 0 0 0 0 1 1 0 0 0 0 0 1 0
120	1	1 1 0 1 0 0 1 1 1 1 0 0 1 0 0 1 1 0 1 0 1 0 1 0 0 1 0 0 0 1 1 1 1 1 1 0 1 0 0 0 0 1 1 0 0 0 0 0 1 0
120	40	1 1 0 1 0 0 1 1 1 1 0 0 1 0 0 1 1 0 1 0 1 0 1 0 0 1 0 0 0 1 1 1 1 0 1 0 1 0 0 0 0 1 1 0 0 0 0 0 1 0
120	3	0 1 0 1 0 1 1 1 1 1 0 0 1 0 0 0 1 0 1 0 1 0 1 0 0 1 0 0 0 1 1 1 1 0 1 0 1 0 0 0 0 1 1 0 0 0 0 0 1 0
120	2	0 1 0 1 0 1 1 1 1 1 0 0 1 0 0 1 1 0 1 0 1 0 1 0 0 1 1 0 0 1 1 1 1 0 1 0 1 0 0 0 0 1 1 0 0 0 0 0 1 0
120	4	0 1 1 1 1 0 1 1 1 1 0 0 1 0 0 1 1 0 1 0 1 0 1 0 0 1 0 0 0 1 1 1 1 0 1 0 1 0 0 0 0 1 1 0 0 0 0 0 1 0
120	3	0 1 0 1 0 1 1 1 1 1 0 0 1 0 0 1 1 0 1 0 1 0 1 0 0 1 0 0 0 1 1 1 1 0 1 0 1 0 0 0 0 1 1 0 0 0 0 0 0 0
120	10	0 1 0 1 0 1 1 1 1 1 0 0 1 0 0 1 1 0 1 0 1 0 1 0 0 1 0 0 0 1 1 1 1 0 1 0 1 0 0 0 0 1 1 0 0 0 0 0 1 0
120	1	0 1 1 1 0 0 1 1 1 1 0 0 1 0 0 1 1 0 1 0 1 0 1 0 0 1 0 0 0 1 1 1 1 0 1 0 1 0 0 0 0 1 0 0 1 0 0 0 1 0
130	7	1 1 0 1 1 0 1 1 1 1 0 0 1 0 0 1 1 0 1 0 1 0 1 0 0 1 0 0 0 1 1 1 1 0 1 0 1 0 1 0 0 1 1 0 0 0 0 0 1 0
130	1	1 1 0 1 0 0 1 1 1 1 0 0 1 0 0 1 1 0 1 0 1 0 1 0 0 1 0 0 0 1 1 1 1 0 1 0 0 0 0 0 0 1 1 0 0 0 0 0 1 0
130	2	1 1 0 1 0 0 1 1 1 1 0 0 1 0 0 1 1 0 1 0 1 0 1 0 0 1 0 0 0 0 1 0 1 0 1 0 1 0 0 0 0 0 1 0 0 0 0 0 1 0
130	16	1 1 0 1 0 0 1 1 1 1 0 0 1 0 0 1 1 0 1 0 1 0 1 0 0 1 0 0 0 0 1 1 1 0 1 0 1 0 0 0 0 0 1 0 0 0 0 0 1 0
130	3	1 1 0 1 0 0 1 1 1 1 0 0 1 0 0 1 1 0 1 0 1 0 1 0 0 1 0 0 0 0 1 1 1 0 1 0 0 0 0 0 0 1 1 0 0 0 0 1 1 0
130	11	1 1 0 1 0 0 1 1 1 1 0 0 1 0 0 1 1 0 1 0 1 0 1 0 0 1 0 0 0 0 1 1 1 0 1 0 0 0 0 0 0 1 1 0 0 0 0 0 1 0
130	5	1 1 0 1 0 0 1 1 1 1 0 0 1 0 0 1 1 0 1 0 1 0 1 0 0 1 0 0 0 0 1 1 1 0 1 0 1 0 0 0 0 1 1 0 0 0 0 0 1 0
130	2	1 1 0 1 0 0 1 1 1 1 0 0 1 0 0 1 1 0 1 0 1 0 1 0 0 1 0 0 0 1 1 0 1 0 1 0 1 0 0 0 0 1 1 0 0 0 0 0 1 0
130	4	1 1 0 1 0 0 1 1 1 1 0 0 1 0 0 1 1 0 1 0 1 0 1 0 0 1 0 0 0 1 1 1 1 0 0 0 1 0 0 0 0 1 1 0 0 0 0 0 1 0
130	1	1 1 0 1 0 0 1 1 1 1 0 0 1 0 0 1 1 0 0 0 1 0 1 0 0 1 0 0 0 1 1 1 1 0 1 0 1 0 0 0 0 1 1 0 0 0 0 0 1 0
130	6	1 1 0 1 0 0 1 1 1 1 0 0 1 0 0 1 1 0 1 1 1 0 1 0 0 1 0 0 0 1 1 1 1 0 1 0 1 0 0 0 0 1 1 0 0 0 0 0 1 0
130	1	1 1 0 1 0 0 1 1 1 1 0 0 1 0 0 1 1 0 1 0 1 0 1 1 0 1 0 0 0 1 1 1 1 0 1 0 1 0 0 0 0 1 1 0 0 0 0 0 1 0
130	1	1 1 0 1 0 0 1 1 1 1 0 0 1 0 0 0 1 0 1 0 1 0 1 0 0 1 0 0 0 1 1 1 1 0 1 0 1 0 0 0 0 1 1 0 0 0 0 0 1 0
130	22	1 1 0 1 0 0 1 1 1 1 0 0 1 0 0 1 1 0 1 0 1 0 1 0 0 1 0 0 0 1 1 1 1 0 1 0 1 0 0 0 0 1 1 0 0 0 0 0 1 0
130	3	0 1 0 1 0 1 1 1 1 1 0 0 1 0 0 0 1 0 1 0 1 0 1 0 0 1 0 0 0 1 1 1 1 0 1 0 1 0 0 0 0 1 1 0 0 0 0 0 1 0
130	3	0 1 0 1 0 1 1 1 1 1 0 0 1 0 0 1 1 0 1 0 1 0 1 0 0 1 1 0 0 1 1 1 1 0 1 0 1 0 0 0 0 1 1 0 0 0 0 0 1 0
130	2	0 1 1 1 1 0 1 1 1 1 0 0 1 0 0 1 1 0 1 0 1 0 1 0 0 1 1 0 0 1 1 1 1 0 1 0 1 0 0 0 0 1 1 0 0 0 0 0 1 0
130	1	0 1 1 1 1 0 1 1 1 1 0 0 1 0 0 1 1 0 1 0 1 0 1 0 0 1 0 0 0 1 1 1 1 0 1 0 1 0 0 0 0 1 1 0 0 0 0 0 1 0
130	1	0 1 0 1 0 1 1 1 1 1 0 0 1 0 0 1 1 0 1 0 1 0 1 0 0 1 0 0 0 1 1 1 1 0 1 0 1 0 0 0 0 1 1 0 0 0 0 0 0 0
130	8	0 1 0 1 0 1 1 1 1 1 0 0 1 0 0 1 1 0 1 0 1 0 1 0 0 1 0 0 0 1 1 1 1 0 1 0 1 0 0 0 0 1 1 0 0 0 0 0 1 0
140	1	1 1 0 1 1 0 1 1 1 1 0 0 1 0 0 1 1 0 1 0 1 0 1 0 0 1 1 0 0 1 1 1 1 0 1 0 1 0 1 0 0 1 1 0 0 0 0 0 1 0
140	1	1 1 0 1 0 0 1 1 1 1 0 0 1 0 0 1 1 0 1 0 1 0 1 0 0 1 0 0 0 1 1 1 1 0 1 0 1 0 1 0 0 1 1 0 0 0 0 0 1 0
140	24	1 1 0 1 1 0 1 1 1 1 0 0 1 0 0 1 1 0 1 0 1 0 1 0 0 1 0 0 0 1 1 1 1 0 1 0 1 0 1 0 0 1 1 0 0 0 0 0 1 0
140	1	1 1 0 1 0 0 1 1 1 1 0 0 1 0 0 1 1 0 1 0 1 0 1 0 0 1 0 0 0 1 1 1 1 0 1 0 0 0 0 0 0 1 1 0 0 0 0 0 1 0
140	14	1 1 0 1 0 0 1 1 1 1 0 0 1 0 0 1 1 0 1 0 1 0 1 0 0 1 0 0 0 0 1 1 1 0 1 0 1 0 0 0 0 0 1 0 0 0 0 0 1 0
140	3	1 1 0 1 0 0 1 1 1 1 0 0 1 0 0 1 1 0 1 0 1 0 1 0 0 1 0 0 0 0 1 1 1 0 1 0 0 0 0 0 0 1 1 0 0 0 0 0 1 0
140	3	1 1 0 1 0 0 1 1 1 1 0 0 1 0 0 1 1 0 1 0 1 0 1 0 0 1 0 0 0 0 1 1 1 0 1 0 1 0 0 0 0 1 1 0 0 0 0 0 1 0
140	1	1 1 0 1 0 0 1 1 1 1 0 0 1 0 0 1 1 0 1 0 1 0 1 0 0 1 0 0 0 1 1 0 1 0 1 0 1 0 0 0 0 1 1 0 0 0 0 0 1 0
140	1	1 1 0 1 0 0 1 1 1 1 0 0 1 0 0 1 1 0 1 0 1 0 1 0 0 1 0 0 0 1 1 1 1 0 0 0 1 0 1 0 0 1 1 0 0 0 0 0 1 0
140	1	1 1 0 1 0 0 1 1 1 1 0 0 1 0 0 1 1 0 1 0 1 0 1 0 0 1 0 0 0 1 1 1 1 0 0 0 1 0 0 0 0 1 1 0 0 0 0 0 1 0
140	1	1 1 0 1 0 0 1 1 1 1 0 0 1 0 0 1 1 0 0 0 1 0 1 0 0 1 0 0 0 1 1 1 1 0 1 0 1 0 0 0 0 1 1 0 0 0 0 0 1 0
140	5	1 1 0 1 0 0 1 1 1 1 0 0 1 0 0 1 1 0 1 1 1 0 1 0 0 1 0 0 0 1 1 1 1 0 1 0 1 0 0 0 0 1 1 0 0 0 0 0 1 0
140	1	1 1 0 1 0 0 1 1 1 1 0 0 1 0 0 1 1 0 1 0 1 0 1 0 0 1 0 0 0 1 1 1 1 1 1 0 1 0 0 0 0 1 1 0 0 0 0 0 1 0
140	20	1 1 0 1 0 0 1 1 1 1 0 0 1 0 0 1 1 0 1 0 1 0 1 0 0 1 0 0 0 1 1 1 1 0 1 0 1 0 0 0 0 1 1 0 0 0 0 0 1 0
140	5	0 1 0 1 0 1 1 1 1 1 0 0 1 0 0 0 1 0 1 0 1 0 1 0 0 1 0 0 0 1 1 1 1 0 1 0 1 0 0 0 0 1 1 0 0 0 0 0 1 0
140	1	0 1 1 1 1 0 1 1 1 1 0 0 1 0 0 1 1 0 1 0 1 0 1 0 0 1 1 0 0 1 1 1 1 0 1 0 1 0 0 0 0 1 1 0 0 0 0 0 1 0
140	1	0 1 1 1 1 0 1 1 1 1 0 0 1 0 0 1 1 0 1 0 1 0 1 0 0 1 0 1 0 1 1 1 1 0 1 0 1 0 0 0 0 1 1 0 0 0 0 0 1 0
140	1	0 1 1 1 1 0 1 1 1 1 0 0 1 0 0 1 1 0 1 0 1 0 1 0 0 1 0 0 0 1 1 1 1 0 1 0 1 0 0 0 0 0 1 0 0 0 0 0 1 0
140	7	0 1 1 1 1 0 1 1 1 1 0 0 1 0 0 1 1 0 1 0 1 0 1 0 0 1 0 0 0 1 1 1 1 0 1 0 1 0 0 0 0 1 1 0 0 0 0 0 1 0
140	3	0 1 0 1 0 1 1 1 1 1 0 0 1 0 0 1 1 0 1 0 1 0 1 0 0 1 0 0 0 1 1 1 1 0 1 0 1 0 0 0 0 1 1 0 0 0 0 0 0 0
140	5	0 1 0 1 0 1 1 1 1 1 0 0 1 0 0 1 1 0 1 0 1 0 1 0 0 1 0 0 0 1 1 1 1 0 1 0 1 0 0 0 0 1 1 0 0 0 0 0 1 0
150	3	1 1 0 1 1 0 1 1 1 1 0 0 1 0 0 1 1 0 1 0 1 0 1 0 0 1 1 0 0 1 1 1 1 0 1 0 1 0 1 0 0 1 1 0 0 0 0 0 1 0
150	29	1 1 0 1 1 0 1 1 1 1 0 0 1 0 0 1 1 0 1 0 1 0 1 0 0 1 0 0 0 1 1 1 1 0 1 0 1 0 1 0 0 1 1 0 0 0 0 0 1 0
150	2	1 1 0 1 0 0 1 1 1 1 0 0 1 0 0 1 1 0 1 0 1 0 1 0 0 1 0 0 0 0 1 0 1 0 1 0 1 0 0 0 0 0 1 0 0 0 0 0 1 0
150	9	1 1 0 1 0 0 1 1 1 1 0 0 1 0 0 1 1 0 1 0 1 0 1 0 0 1 0 0 0 0 1 1 1 0 1 0 1 0 0 0 0 0 1 0 0 0 0 0 1 0
150	3	1 1 0 1 0 0 1 1 1 1 0 0 1 0 0 1 1 0 1 0 1 0 1 0 0 1 0 0 0 0 1 1 1 0 1 0 0 0 0 0 0 1 1 0 0 0 0 0 1 0
150	7	1 1 0 1 0 0 1 1 1 1 0 0 1 0 0 1 1 0 1 0 1 0 1 0 0 1 0 0 0 0 1 1 1 0 1 0 1 0 0 0 0 1 1 0 0 0 0 0 1 0
150	1	1 1 0 1 0 0 1 1 1 1 0 0 1 0 0 1 1 0 1 0 1 0 1 0 0 1 0 0 0 1 1 0 1 0 1 0 1 0 0 0 0 1 1 0 0 0 0 0 1 0
150	4	1 1 0 1 0 0 1 1 1 1 0 0 1 0 0 1 1 0 1 1 1 0 1 0 0 1 0 0 0 1 1 1 1 0 1 0 1 0 0 0 0 1 1 0 0 0 0 0 1 0
150	16	1 1 0 1 0 0 1 1 1 1 0 0 1 0 0 1 1 0 1 0 1 0 1 0 0 1 0 0 0 1 1 1 1 0 1 0 1 0 0 0 0 1 1 0 0 0 0 0 1 0
150	2	0 1 0 1 0 1 1 1 1 1 0 0 1 0 0 0 1 0 1 0 1 0 1 0 0 1 0 0 0 1 1 1 1 0 1 0 1 0 0 0 0 1 1 0 0 0 0 0 1 0
150	1	0 1 0 1 0 1 1 1 1 1 0 0 1 0 0 1 1 0 1 0 1 0 1 0 0 1 1 0 0 1 1 1 1 0 1 0 1 0 0 0 0 1 1 0 0 0 0 0 1 0
150	4	0 1 1 1 1 0 1 1 1 1 0 0 1 0 0 1 1 0 1 0 1 0 1 0 0 1 1 0 0 1 1 1 1 0 1 0 1 0 0 0 0 1 1 0 0 0 0 0 1 0
150	3	0 1 1 1 1 0 1 1 1 1 0 0 1 0 0 1 1 0 1 0 1 0 1 0 0 1 0 1 0 1 1 1 1 0 1 0 1 0 0 0 0 1 1 0 0 0 0 0 1 0
150	4	0 1 1 1 1 0 1 1 1 1 0 0 1 0 0 1 1 0 1 0 1 0 1 0 0 1 0 0 0 1 1 1 1 0 1 0 1 0 0 0 0 0 1 0 0 0 0 0 1 0
150	7	0 1 1 1 1 0 1 1 1 1 0 0 1 0 0 1 1 0 1 0 1 0 1 0 0 1 0 0 0 1 1 1 1 0 1 0 1 0 0 0 0 1 1 0 0 0 0 0 1 0
150	3	0 1 0 1 0 1 1 1 1 1 0 0 1 0 0 1 1 0 1 0 1 0 1 0 0 1 0 0 0 1 1 1 1 0 1 0 1 0 0 0 0 1 1 0 0 0 0 0 0 0
150	2	0 1 0 1 0 1 1 1 1 1 0 0 1 0 0 1 1 0 1 0 1 0 1 0 0 1 0 0 0 1 1 1 1 0 1 0 1 0 0 0 0 1 1 0 0 0 0 0 1 0
160	1	1 1 0 1 1 0 1 1 1 1 0 0 1 0 0 1 1 0 1 0 1 0 1 0 0 1 1 0 0 1 1 1 1 0 1 0 1 0 1 0 0 1 1 0 0 0 0 0 1 0
160	1	1 1 0 1 0 0 1 1 1 1 0 0 1 0 0 1 1 0 1 0 1 0 1 0 0 1 0 0 0 1 1 1 1 0 1 0 1 0 1 0 0 1 1 0 0 0 0 0 1 0
160	29	1 1 0 1 1 0 1 1 1 1 0 0 1 0 0 1 1 0 1 0 1 0 1 0 0 1 0 0 0 1 1 1 1 0 1 0 1 0 1 0 0 1 1 0 0 0 0 0 1 0
160	10	1 1 0 1 0 0 1 1 1 1 0 0 1 0 0 1 1 0 1 0 1 0 1 0 0 1 0 0 0 0 1 1 1 0 1 0 1 0 0 0 0 0 1 0 0 0 0 0 1 0
160	1	1 1 0 1 0 0 1 1 1 1 0 0 1 0 0 1 1 0 1 0 1 0 1 0 0 1 0 0 0 0 1 0 1 0 1 0 1 0 0 0 0 0 1 0 0 0 0 0 1 0
160	1	1 1 0 1 0 0 1 1 1 1 0 0 1 0 0 1 1 0 1 0 1 0 1 0 0 1 0 0 0 0 1 1 1 0 1 0 0 0 0 0 0 1 1 0 0 0 0 0 1 0
160	1	1 1 0 1 0 0 1 1 1 1 0 0 1 0 0 1 1 0 1 0 1 0 1 0 0 1 0 0 0 0 1 1 1 0 1 0 1 0 0 0 0 1 1 0 0 0 0 0 1 0
160	1	1 1 0 1 0 0 1 1 1 1 0 0 1 0 0 1 1 0 1 0 1 0 1 0 0 1 0 0 0 1 1 1 1 0 0 0 1 0 0 0 0 1 1 0 0 0 0 0 1 0
160	3	1 1 0 1 0 0 1 1 1 1 0 0 1 0 0 1 1 0 1 1 1 0 1 0 0 1 0 0 0 1 1 1 1 0 1 0 1 0 0 0 0 1 1 0 0 0 0 0 1 0
160	1	1 1 0 1 0 0 1 1 1 1 0 0 1 0 0 1 1 0 1 0 1 1 1 0 0 1 0 0 0 1 1 1 1 0 1 0 1 0 0 0 0 1 1 0 0 0 0 0 1 0
160	1	1 1 0 1 0 0 1 1 1 1 0 0 1 0 0 1 1 0 1 0 1 0 1 0 0 1 0 0 0 1 1 1 1 0 1 0 0 0 0 0 0 1 1 0 0 0 0 0 1 0
160	1	1 1 0 1 0 0 1 1 1 1 0 0 1 0 0 1 1 0 1 0 1 0 1 0 0 1 0 0 0 1 1 1 0 0 1 0 1 0 0 0 0 1 1 0 0 0 0 0 1 0
160	13	1 1 0 1 0 0 1 1 1 1 0 0 1 0 0 1 1 0 1 0 1 0 1 0 0 1 0 0 0 1 1 1 1 0 1 0 1 0 0 0 0 1 1 0 0 0 0 0 1 0
160	5	0 1 1 1 1 0 1 1 1 1 0 0 1 0 0 1 1 0 1 0 1 0 1 0 0 1 1 0 0 1 1 1 1 0 1 0 1 0 0 0 0 1 1 0 0 0 0 0 1 0
160	7	0 1 1 1 1 0 1 1 1 1 0 0 1 0 0 1 1 0 1 0 1 0 1 0 0 1 0 1 0 1 1 1 1 0 1 0 1 0 0 0 0 1 1 0 0 0 0 0 1 0
160	4	0 1 1 1 1 0 1 1 1 1 0 0 1 0 0 1 1 0 1 0 1 0 1 0 0 1 0 0 0 1 1 1 1 0 1 0 1 0 0 0 0 0 1 0 0 0 0 0 1 0
160	2	0 1 1 1 1 0 1 1 1 1 0 0 1 0 0 1 1 0 1 0 1 0 1 0 0 1 0 0 0 1 1 1 1 0 1 0 1 0 0 1 0 1 1 0 0 0 0 0 1 0
160	1	0 1 0 1 0 1 1 1 1 1 0 0 1 0 0 1 1 0 1 1 1 0 1 0 0 1 0 0 0 1 1 1 1 0 1 0 1 0 0 0 0 1 1 0 0 0 0 0 0 0
160	13	0 1 0 1 0 1 1 1 1 1 0 0 1 0 0 1 1 0 1 0 1 0 1 0 0 1 0 0 0 1 1 1 1 0 1 0 1 0 0 0 0 1 1 0 0 0 0 0 0 0
160	4	0 1 0 1 0 1 1 1 1 1 0 0 1 0 0 1 1 0 1 0 1 0 1 0 0 1 0 0 0 1 1 1 1 0 1 0 1 0 0 0 0 1 1 0 0 0 0 0 1 0
170	2	1 1 0 1 0 0 1 1 1 1 0 0 1 0 0 1 1 0 1 0 1 0 1 0 0 1 0 0 0 1 1 1 1 0 1 0 1 0 1 0 0 1 1 0 0 0 0 0 1 0
170	1	1 1 0 1 1 0 1 1 1 1 0 0 1 0 0 1 1 0 1 0 1 0 1 0 0 1 0 1 0 1 1 1 1 0 1 0 1 0 1 0 0 1 1 0 0 0 0 0 1 0
170	1	1 1 1 1 1 0 1 1 1 1 0 0 1 0 0 1 1 0 1 0 1 0 1 0 0 1 0 0 0 1 1 1 1 0 1 0 1 0 1 0 0 1 1 0 0 0 0 0 1 0
170	1	1 1 0 1 1 0 1 1 1 1 0 0 1 0 0 1 1 0 1 0 1 0 1 0 0 1 0 0 1 1 1 1 1 0 1 0 1 0 1 0 0 1 1 0 0 0 0 0 1 0
170	26	1 1 0 1 1 0 1 1 1 1 0 0 1 0 0 1 1 0 1 0 1 0 1 0 0 1 0 0 0 1 1 1 1 0 1 0 1 0 1 0 0 1 1 0 0 0 0 0 1 0
170	16	1 1 0 1 0 0 1 1 1 1 0 0 1 0 0 1 1 0 1 0 1 0 1 0 0 1 0 0 0 0 1 1 1 0 1 0 1 0 0 0 0 0 1 0 0 0 0 0 1 0
170	1	1 1 0 1 1 0 1 1 1 1 0 0 1 0 0 1 1 0 1 0 1 0 1 0 0 1 0 0 0 0 1 1 1 0 1 0 1 0 0 0 0 0 1 0 0 0 0 0 1 0
170	5	1 1 0 1 0 0 1 1 1 1 0 0 1 0 0 1 1 0 1 1 1 0 1 0 0 1 0 0 0 1 1 1 1 0 1 0 1 0 0 0 0 1 1 0 0 0 0 0 1 0
170	1	1 1 0 1 0 0 1 1 1 1 0 0 1 0 0 1 1 0 1 0 1 0 1 0 0 1 0 0 0 1 1 1 1 0 1 0 1 0 0 0 0 1 1 0 0 0 0 0 1 0
170	1	0 1 0 1 0 1 1 1 1 1 0 0 1 0 0 0 1 0 1 0 1 0 1 0 0 1 0 0 0 1 1 1 1 0 1 0 1 0 0 0 0 1 1 0 0 0 0 0 1 0
170	1	0 1 0 1 0 1 1 1 1 1 0 0 1 0 0 1 1 0 1 0 1 0 1 0 0 1 1 0 0 1 1 1 1 0 1 0 1 0 0 0 0 1 1 0 0 0 0 0 1 0
170	9	0 1 1 1 1 0 1 1 1 1 0 0 1 0 0 1 1 0 1 0 1 0 1 0 0 1 1 0 0 1 1 1 1 0 1 0 1 0 0 0 0 1 1 0 0 0 0 0 1 0
170	1	0 1 1 1 1 0 1 1 1 0 0 0 1 0 0 1 1 0 1 0 1 0 1 0 0 1 0 1 0 1 1 1 1 0 1 0 1 0 0 0 0 1 1 0 0 0 0 0 1 0
170	6	0 1 1 1 1 0 1 1 1 1 0 0 1 0 0 1 1 0 1 0 1 0 1 0 0 1 0 1 0 1 1 1 1 0 1 0 1 0 0 0 0 1 1 0 0 0 0 0 1 0
170	2	0 1 1 1 1 0 1 1 1 1 0 0 1 0 0 1 1 0 1 0 1 0 1 0 1 1 0 0 0 1 1 1 1 0 1 0 1 0 0 0 0 0 1 0 0 0 0 0 0 0
170	5	0 1 1 1 1 0 1 1 1 1 0 0 1 0 0 1 1 0 1 0 1 0 1 0 0 1 0 0 0 1 1 1 1 0 1 0 1 0 0 0 0 0 1 0 0 0 0 0 0 0
170	1	1 1 1 1 1 0 1 1 1 1 0 0 1 0 0 1 1 0 1 0 1 0 1 0 0 1 0 0 0 1 1 1 1 0 1 0 1 0 0 0 0 0 1 0 0 0 0 0 1 0
170	6	0 1 1 1 1 0 1 1 1 1 0 0 1 0 0 1 1 0 1 0 1 0 1 0 0 1 0 0 0 1 1 1 1 0 1 0 1 0 0 0 0 1 1 0 0 0 0 0 1 0
170	9	0 1 1 1 1 0 1 1 1 1 0 0 1 0 0 1 1 0 1 0 1 0 1 0 0 1 0 0 0 1 1 1 1 0 1 0 1 0 0 0 0 0 1 0 0 0 0 0 1 0
170	1	0 1 1 1 1 0 1 1 1 1 0 0 1 0 0 1 1 0 1 0 1 0 1 0 0 1 0 0 0 1 1 1 1 0 1 0 1 0 0 1 0 1 1 0 0 0 0 0 1 0
170	3	0 1 0 1 0 1 1 1 1 1 0 0 1 0 0 1 1 0 1 0 1 0 1 0 0 1 0 0 0 1 1 1 1 0 1 0 1 0 0 0 0 1 1 0 0 0 0 0 0 0
170	1	0 1 0 1 0 1 1 1 1 1 0 0 1 0 0 1 1 0 1 0 1 0 1 0 0 1 0 0 0 1 1 1 1 0 1 0 1 0 0 0 0 1 1 0 0 0 0 0 1 0
180	1	1 1 0 1 1 0 1 1 1 1 0 0 1 0 0 1 1 0 1 0 1 0 1 0 0 1 0 0 0 1 0 1 1 0 1 0 1 0 1 0 0 1 1 0 0 0 0 0 1 0
180	3	1 1 0 1 1 0 1 1 1 1 0 0 1 0 0 1 1 0 1 0 1 0 1 0 0 1 0 0 1 1 1 1 1 0 1 0 1 0 1 0 0 1 1 0 0 0 0 0 1 0
180	21	1 1 0 1 1 0 1 1 1 1 0 0 1 0 0 1 1 0 1 0 1 0 1 0 0 1 0 0 0 1 1 1 1 0 1 0 1 0 1 0 0 1 1 0 0 0 0 0 1 0
180	14	1 1 0 1 0 0 1 1 1 1 0 0 1 0 0 1 1 0 1 0 1 0 1 0 0 1 0 0 0 0 1 1 1 0 1 0 1 0 0 0 0 0 1 0 0 0 0 0 1 0
180	1	1 1 0 1 0 0 1 1 1 1 0 0 1 0 0 1 1 0 1 0 1 0 0 0 0 1 0 0 0 0 1 0 1 0 1 0 1 0 0 0 0 0 1 0 0 0 0 0 1 0
180	2	1 1 0 1 0 0 1 1 1 1 0 0 1 0 0 1 1 0 1 0 1 0 1 0 0 1 0 0 0 0 1 0 1 0 1 0 1 0 0 0 0 0 1 0 0 0 0 0 1 0
180	1	1 1 0 1 1 0 1 1 1 1 0 0 1 0 0 1 1 0 1 0 1 0 1 0 0 1 0 0 0 0 1 1 1 0 1 0 1 0 0 0 0 0 1 0 0 0 0 0 1 0
180	1	1 1 0 1 0 0 1 1 1 1 0 0 1 0 0 1 1 0 1 0 1 0 1 0 0 1 0 0 0 1 1 1 1 0 1 0 1 0 0 0 0 1 1 0 0 0 0 0 1 0
180	1	0 1 0 1 0 1 1 1 1 1 0 0 1 0 0 1 1 0 1 0 1 0 1 0 0 1 1 0 0 1 1 1 1 0 1 0 1 0 0 0 0 1 1 0 0 0 0 0 1 0
180	10	0 1 1 1 1 0 1 1 1 1 0 0 1 0 0 1 1 0 1 0 1 0 1 0 0 1 1 0 0 1 1 1 1 0 1 0 1 0 0 0 0 1 1 0 0 0 0 0 1 0
180	1	0 1 1 1 1 0 1 1 1 1 0 0 1 0 0 1 1 0 1 0 1 0 1 0 0 1 0 1 0 1 1 1 1 0 1 0 1 0 0 0 0 1 1 0 0 0 0 0 1 0
180	2	0 1 1 1 1 0 1 1 1 1 0 0 1 0 0 1 1 0 1 0 1 0 1 0 1 1 0 0 0 1 1 1 1 0 1 0 1 0 0 0 0 0 1 0 0 0 0 0 0 0
180	2	0 1 1 1 1 0 1 1 1 1 0 0 1 0 0 1 1 0 1 0 1 0 1 0 0 1 0 0 0 1 1 1 1 0 1 0 1 0 0 0 0 0 1 0 0 0 0 0 0 1
180	16	0 1 1 1 1 0 1 1 1 1 0 0 1 0 0 1 1 0 1 0 1 0 1 0 0 1 0 0 0 1 1 1 1 0 1 0 1 0 0 0 0 0 1 0 0 0 0 0 0 0
180	1	0 1 1 1 1 0 1 1 1 1 0 0 1 0 0 1 1 0 1 0 1 0 1 0 0 1 0 0 0 1 1 1 1 0 1 0 1 0 0 0 0 1 1 0 0 0 0 0 1 0
180	17	0 1 1 1 1 0 1 1 1 1 0 0 1 0 0 1 1 0 1 0 1 0 1 0 0 1 0 0 0 1 1 1 1 0 1 0 1 0 0 0 0 0 1 0 0 0 0 0 1 0
180	6	0 1 0 1 0 1 1 1 1 1 0 0 1 0 0 1 1 0 1 0 1 0 1 0 0 1 0 0 0 1 1 1 1 0 1 0 1 0 0 0 0 1 1 0 0 0 0 0 0 0
190	4	1 1 0 1 1 0 1 1 1 1 0 0 1 0 0 1 1 0 1 0 1 0 1 0 0 1 0 0 0 1 0 1 1 0 1 0 1 0 1 0 0 1 1 0 0 0 0 0 1 0
190	1	1 1 0 1 1 0 1 1 1 1 0 0 1 0 0 1 1 0 1 1 1 0 1 0 0 1 0 0 0 1 1 1 1 0 1 0 1 0 1 0 0 1 1 0 0 0 0 0 1 0
190	1	1 1 0 1 1 0 1 1 1 1 0 0 1 0 0 1 1 0 1 0 1 0 1 0 0 1 0 0 1 1 1 1 1 0 1 0 1 0 1 0 0 1 1 0 0 0 0 0 1 0
190	12	1 1 0 1 1 0 1 1 1 1 0 0 1 0 0 1 1 0 1 0 1 0 1 0 0 1 0 0 0 1 1 1 1 0 1 0 1 0 1 0 0 1 1 0 0 0 0 0 1 0
190	6	1 1 0 1 0 0 1 1 1 1 0 0 1 0 0 1 1 0 1 0 1 0 1 0 0 1 0 0 0 0 1 1 1 0 1 0 1 0 0 0 0 0 1 0 0 0 0 0 1 0
190	1	1 1 0 1 0 0 1 0 1 1 0 0 1 0 0 1 1 0 1 0 1 0 1 0 0 1 0 0 0 0 1 0 1 0 1 0 1 0 0 0 0 0 1 0 0 0 0 0 1 0
190	1	1 1 0 1 1 0 1 1 1 1 0 0 1 0 0 1 1 0 1 0 1 0 1 0 0 1 0 0 0 0 1 1 1 0 1 0 1 0 0 0 0 0 1 0 0 0 0 0 1 0
190	1	0 1 1 1 1 0 1 1 1 1 0 0 1 0 0 1 1 0 1 0 1 0 1 0 0 1 1 0 0 1 1 1 1 0 1 0 1 0 0 0 1 1 1 0 0 0 0 0 1 0
190	3	0 1 1 1 1 0 1 1 1 1 0 0 1 0 0 1 1 0 1 0 1 0 1 0 0 1 1 0 0 1 1 1 1 0 1 0 1 0 0 0 0 1 1 0 0 0 0 0 1 0
190	1	0 1 1 1 1 0 1 1 1 1 0 0 1 0 0 1 1 0 1 0 1 0 1 0 0 1 0 1 0 1 1 1 1 0 1 0 1 0 0 0 0 1 1 0 0 0 0 0 1 0
190	12	0 1 1 1 1 0 1 1 1 1 0 0 1 0 0 1 1 0 1 0 1 0 1 0 1 1 0 0 0 1 1 1 1 0 1 0 1 0 0 0 0 0 1 0 0 0 0 0 0 0
190	1	0 1 1 1 1 1 1 1 1 1 0 0 1 0 0 1 1 0 1 0 1 0 1 0 0 1 0 0 0 1 1 1 1 0 1 0 1 0 0 0 0 0 1 0 0 0 0 0 0 0
190	1	0 1 1 1 1 0 1 1 1 1 0 0 1 0 0 1 1 0 1 0 1 0 1 0 0 1 0 0 0 1 1 1 1 0 1 0 0 0 0 0 0 0 1 0 0 0 0 0 0 0
190	33	0 1 1 1 1 0 1 1 1 1 0 0 1 0 0 1 1 0 1 0 1 0 1 0 0 1 0 0 0 1 1 1 1 0 1 0 1 0 0 0 0 0 1 0 0 0 0 0 0 0
190	1	1 1 1 1 1 0 1 1 1 1 0 0 1 0 0 1 1 0 1 0 1 0 1 0 0 1 0 0 0 1 1 0 1 0 1 0 1 0 0 0 0 0 1 0 0 0 0 0 1 0
190	6	1 1 1 1 1 0 1 1 1 1 0 0 1 0 0 1 1 0 1 0 1 0 1 0 0 1 0 0 0 1 1 1 1 0 1 0 1 0 0 0 0 0 1 0 0 0 0 0 1 0
190	1	0 1 1 1 1 0 1 1 1 1 0 0 1 0 0 1 1 0 1 0 1 0 1 0 0 1 0 0 0 1 1 1 1 0 1 0 1 0 0 0 0 0 1 1 0 0 0 0 1 0
190	12	0 1 1 1 1 0 1 1 1 1 0 0 1 0 0 1 1 0 1 0 1 0 1 0 0 1 0 0 0 1 1 1 1 0 1 0 1 0 0 0 0 0 1 0 0 0 0 0 1 0
190	2	0 1 0 1 0 1 1 1 1 1 0 0 1 0 0 1 1 0 1 0 1 0 1 0 0 1 0 0 0 1 1 1 1 0 1 0 1 0 0 0 0 1 1 0 0 0 0 0 0 0
200	1	1 1 0 1 1 0 1 1 1 1 0 0 1 0 0 1 1 0 1 0 1 0 1 0 1 1 0 0 1 1 1 1 1 0 1 0 1 0 1 0 0 1 1 0 0 0 0 0 1 0
200	2	1 1 0 1 1 0 1 1 1 1 0 0 1 0 0 1 1 0 1 0 1 0 1 0 0 1 0 0 1 1 1 1 1 0 1 0 1 0 1 0 0 1 1 0 0 0 0 0 1 0
200	1	1 1 0 1 1 0 1 1 0 1 0 0 1 0 0 1 1 0 1 0 1 0 1 0 0 1 0 0 0 1 1 1 1 0 1 0 1 0 1 0 0 1 1 0 0 0 0 0 1 0
200	3	1 1 0 1 1 0 1 1 1 1 0 0 1 0 0 1 1 0 1 0 1 0 1 0 0 1 0 0 0 1 1 1 1 0 1 0 1 0 1 0 0 1 1 0 0 0 0 0 1 0
200	2	1 1 0 1 0 0 1 1 1 1 0 0 1 0 0 1 1 0 1 0 1 0 1 0 0 1 0 0 0 0 1 1 1 0 1 0 1 0 0 0 0 0 1 0 0 0 0 0 1 0
200	2	1 1 0 1 1 0 1 1 1 1 0 0 1 0 0 1 1 0 1 0 1 0 1 0 0 1 0 0 0 0 1 1 1 0 1 0 1 0 0 0 0 0 1 0 0 0 0 0 1 1
200	1	0 1 1 1 1 0 1 1 1 1 0 0 1 0 0 1 1 0 1 0 1 0 1 0 0 1 1 0 0 1 1 1 1 0 1 0 1 0 0 0 1 1 1 0 0 0 0 0 1 0
200	1	0 1 1 1 1 0 1 1 1 1 0 0 1 0 0 1 1 0 1 0 1 0 1 0 0 1 1 0 0 1 1 1 1 0 1 0 1 0 0 0 0 1 1 0 0 0 0 0 1 1
200	7	0 1 1 1 1 0 1 1 1 1 0 0 1 0 0 1 1 0 1 0 1 0 1 0 1 1 0 0 0 1 1 1 1 0 1 0 1 0 0 0 0 0 1 0 0 0 0 0 0 0
200	4	0 1 1 1 1 0 1 1 1 1 0 0 1 0 0 1 1 0 1 0 1 0 1 0 0 1 0 0 0 1 1 1 1 0 1 0 1 0 0 0 0 0 1 0 0 0 0 0 0 1
200	1	0 1 1 1 1 0 1 1 1 1 0 0 1 0 0 1 1 0 0 0 1 0 1 0 0 1 0 0 0 1 1 1 1 0 1 0 1 0 0 0 0 0 1 0 0 0 0 0 0 0
200	1	0 1 1 1 1 0 1 1 1 1 0 0 1 0 0 1 1 0 1 0 1 0 1 0 0 1 0 0 0 1 1 1 0 0 1 0 1 0 0 0 0 0 1 0 0 0 0 0 0 0
200	2	0 1 1 1 1 0 1 1 0 1 0 0 1 0 0 1 1 0 1 0 1 0 1 0 0 1 0 0 0 1 1 1 1 0 1 0 1 0 0 0 0 0 1 0 0 0 0 0 1 0
200	1	1 1 1 1 1 0 1 1 1 1 0 0 1 0 0 1 1 0 1 0 1 0 1 0 0 1 1 0 0 1 1 1 1 0 1 0 1 0 0 0 0 0 1 0 0 0 0 0 1 0
200	8	1 1 1 1 1 0 1 1 1 1 0 0 1 0 0 1 1 0 1 0 1 0 1 0 0 1 0 0 0 1 1 1 1 0 1 0 1 0 0 0 0 0 1 0 0 0 0 0 1 0
200	17	0 1 1 1 1 0 1 1 1 1 0 0 1 0 0 1 1 0 1 0 1 0 1 0 0 1 0 0 0 1 1 1 1 0 1 0 1 0 0 0 0 0 1 0 0 0 0 0 1 0
200	1	0 1 1 1 1 0 1 1 1 1 0 0 1 0 0 1 1 0 1 0 1 0 1 0 0 1 0 0 0 1 1 1 1 0 1 0 1 1 0 0 0 0 1 0 0 0 0 0 0 0
200	44	0 1 1 1 1 0 1 1 1 1 0 0 1 0 0 1 1 0 1 0 1 0 1 0 0 1 0 0 0 1 1 1 1 0 1 0 1 0 0 0 0 0 1 0 0 0 0 0 0 0
200	1	1 1 1 1 1 0 1 1 1 1 0 0 1 0 0 1 1 1 1 0 1 0 1 0 0 1 0 0 0 1 1 1 1 0 1 0 1 0 0 0 0 0 1 0 0 0 0 0 1 0
210	1	1 1 0 1 1 0 1 1 1 1 0 0 1 0 0 1 1 0 1 1 1 0 1 0 0 1 0 0 0 1 1 1 1 0 1 0 1 0 1 0 0 1 1 0 0 0 0 0 1 0
210	1	1 1 0 1 1 0 1 1 1 1 0 0 1 0 0 1 1 0 1 0 1 0 1 0 0 1 0 0 1 1 1 1 1 0 1 0 1 0 1 0 0 1 1 0 0 0 0 0 1 0
210	3	1 1 0 1 1 0 1 1 1 1 0 0 1 0 0 1 1 0 1 0 1 0 1 0 0 1 0 0 0 1 1 1 1 0 1 0 1 0 1 0 0 1 1 0 0 0 0 0 1 0
210	1	1 1 0 1 1 0 1 1 1 1 0 0 1 0 0 1 1 0 1 0 1 0 1 0 0 1 0 0 0 0 1 1 1 0 1 0 1 0 0 0 0 0 1 0 0 0 0 0 1 1
210	58	0 1 1 1 1 0 1 1 1 1 0 0 1 0 0 1 1 0 1 0 1 0 1 0 0 1 0 0 0 1 1 1 1 0 1 0 1 0 0 0 0 0 1 0 0 0 0 0 0 0
210	7	0 1 1 1 1 0 1 1 1 1 0 0 1 0 0 1 1 0 1 0 1 0 1 0 1 1 0 0 0 1 1 1 1 0 1 0 1 0 0 0 0 0 1 0 0 0 0 0 0 0
210	4	0 1 1 1 1 0 1 1 1 1 0 0 1 0 0 1 1 0 0 0 1 0 1 0 0 1 0 0 0 1 1 1 1 0 1 0 1 0 0 0 0 0 1 0 0 0 0 0 0 0
210	1	0 1 1 1 1 0 1 1 1 1 0 0 1 0 0 1 1 0 1 0 1 0 1 0 0 1 0 0 0 1 1 1 1 1 1 0 1 0 0 0 0 0 1 0 0 0 0 0 0 0
210	2	1 1 1 1 1 0 1 1 1 1 0 0 1 0 0 1 1 0 1 0 1 0 1 0 0 1 0 0 0 1 1 1 1 0 1 0 1 0 0 0 0 0 0 0 0 0 0 0 1 0
210	10	1 1 1 1 1 0 1 1 1 1 0 0 1 0 0 1 1 0 1 0 1 0 1 0 0 1 0 0 0 1 1 1 1 0 1 0 1 0 0 0 0 0 1 0 0 0 0 0 1 0
210	4	0 1 1 1 1 0 1 1 1 1 0 0 1 0 0 1 1 0 1 0 1 0 1 0 0 1 0 0 0 1 1 1 1 0 1 0 1 0 0 0 0 0 1 0 0 0 0 0 1 0
210	1	0 1 1 1 1 0 1 1 1 1 0 0 0 0 0 1 1 0 1 0 1 0 1 0 0 1 0 0 0 1 1 1 1 0 1 0 1 0 0 0 0 0 1 0 0 0 0 0 0 0
210	1	0 1 1 1 1 0 1 1 1 1 0 0 1 0 0 1 1 0 1 0 1 0 1 1 0 1 0 0 0 1 1 1 1 0 1 0 1 0 0 0 0 0 1 0 0 0 0 0 0 0
210	2	0 1 1 1 1 0 1 1 1 1 1 0 1 0 0 1 1 0 1 0 1 0 1 0 0 1 0 0 0 1 1 1 1 0 1 0 1 1 0 0 0 0 1 0 0 0 0 0 0 0
210	1	0 0 1 1 1 0 1 1 1 1 0 0 1 0 0 1 1 0 1 0 1 0 1 0 0 1 0 0 0 1 1 1 1 0 1 0 1 0 0 0 0 0 1 0 0 0 0 0 0 0
210	1	0 1 1 1 1 0 1 1 0 1 0 0 1 0 0 1 1 0 1 0 1 0 1 0 0 1 0 0 0 1 1 1 1 0 1 0 1 0 0 0 0 0 1 0 0 0 0 0 0 0
210	1	1 1 1 1 1 0 1 1 1 1 0 0 1 0 0 1 1 0 1 0 1 0 1 0 0 1 0 0 0 0 1 1 1 0 1 0 1 0 0 0 0 0 1 0 0 0 0 0 1 0
210	1	1 1 1 1 1 0 1 1 1 1 0 0 1 0 0 1 1 1 1 0 1 0 1 0 0 1 0 0 0 1 1 1 1 0 1 0 1 0 0 0 0 0 1 0 0 0 0 0 1 0
220	1	1 1 0 1 1 0 1 1 1 1 0 0 1 0 0 1 1 0 1 0 1 0 1 0 0 1 0 0 1 1 1 1 1 0 1 0 1 0 1 0 0 1 1 0 0 0 0 0 1 0
220	1	1 1 0 1 1 0 1 1 1 1 0 0 1 0 0 1 1 0 1 0 1 0 1 0 0 1 0 0 0 1 1 1 1 0 1 0 1 0 1 0 0 1 1 0 0 0 0 0 1 0
220	1	0 1 1 1 1 0 1 1 1 1 0 0 1 0 0 1 1 1 1 0 1 0 1 0 0 1 0 0 0 1 1 1 0 0 1 0 1 0 0 0 0 0 1 0 0 0 0 0 0 0
220	1	0 1 1 1 1 0 1 1 1 1 0 0 1 0 0 1 1 0 1 0 1 0 1 0 0 1 0 0 0 1 1 1 0 0 1 0 1 0 0 0 0 0 1 0 0 0 0 0 0 0
220	1	0 1 1 1 1 0 1 1 1 1 0 0 1 0 0 1 1 0 1 0 1 0 1 0 0 1 0 0 0 1 1 1 1 0 1 0 1 1 0 0 0 0 1 0 0 0 0 0 0 0
220	3	0 1 1 1 1 0 1 1 1 1 0 0 1 0 0 1 1 0 1 0 1 0 1 0 0 1 0 0 0 1 1 1 1 0 1 0 1 0 0 0 0 0 1 0 0 0 0 0 1 0
220	60	0 1 1 1 1 0 1 1 1 1 0 0 1 0 0 1 1 0 1 0 1 0 1 0 0 1 0 0 0 1 1 1 1 0 1 0 1 0 0 0 0 0 1 0 0 0 0 0 0 0
220	6	0 1 1 1 1 0 1 1 1 1 0 0 1 0 0 1 1 0 1 0 1 0 1 0 1 1 0 0 0 1 1 1 1 0 1 0 1 0 0 0 0 0 1 0 0 0 0 0 0 0
220	1	0 1 1 1 1 0 1 1 1 1 0 0 1 0 0 1 1 0 1 0 1 0 1 0 0 1 0 0 0 1 1 1 1 0 1 0 1 0 0 0 0 0 1 0 0 0 0 0 0 1
220	3	0 1 1 1 1 0 1 1 1 1 0 0 1 0 0 1 1 0 0 0 1 0 1 0 0 1 0 0 0 1 1 1 1 0 1 0 1 0 0 0 0 0 1 0 0 0 0 0 0 0
220	2	0 1 1 1 1 0 1 1 1 1 0 0 1 0 0 1 1 0 1 0 1 0 1 0 0 1 0 0 0 1 1 1 1 1 1 0 1 0 0 0 0 0 1 0 0 0 0 0 0 0
220	1	1 1 1 1 1 0 1 1 1 1 0 0 1 0 0 1 1 0 1 0 1 0 1 0 0 1 0 0 0 1 1 1 1 0 1 0 1 0 0 0 0 0 0 0 0 0 0 0 1 0
220	9	1 1 1 1 1 0 1 1 1 1 0 0 1 0 0 1 1 0 1 0 1 0 1 0 0 1 0 0 0 1 1 1 1 0 1 0 1 0 0 0 0 0 1 0 0 0 0 0 1 0
220	1	0 1 1 1 1 0 1 1 1 1 0 0 0 0 0 1 1 0 1 0 1 0 1 0 0 1 0 0 0 1 1 1 1 0 1 0 1 0 0 0 0 0 1 0 0 0 0 0 0 0
220	1	0 1 1 1 1 0 1 1 1 1 0 0 1 0 0 1 1 0 1 0 1 0 1 1 0 1 0 0 0 1 1 1 1 0 1 0 1 0 0 0 0 0 1 0 0 0 0 0 0 0
220	1	0 1 1 1 1 0 1 1 1 1 1 0 1 0 0 1 1 0 1 0 1 0 1 0 0 1 0 0 0 1 1 1 1 0 1 0 1 1 0 0 0 0 1 0 0 0 0 0 0 0
220	3	0 1 1 1 1 0 1 1 1 1 0 1 1 0 0 1 1 0 1 0 1 0 1 0 0 1 0 0 0 1 1 1 1 0 1 0 1 0 0 0 0 0 1 0 0 0 0 0 0 0
220	2	0 1 1 1 1 0 1 1 0 1 0 0 1 0 0 1 1 0 1 0 1 0 1 0 0 1 0 0 0 1 1 1 1 0 1 0 1 0 0 0 0 0 1 0 0 0 0 0 0 0
220	2	1 1 1 1 1 0 1 1 1 1 0 0 1 0 0 1 1 1 1 0 1 0 1 0 0 1 0 0 0 1 1 1 1 0 1 0 1 0 0 0 0 0 1 0 0 0 0 0 1 0
230	1	0 1 1 1 1 0 1 1 1 1 0 0 1 0 0 1 1 0 1 0 1 0 1 0 0 1 0 0 0 1 1 1 1 0 1 0 1 1 0 0 0 0 1 0 0 0 0 0 0 0
230	1	0 1 1 1 1 0 1 1 1 1 0 0 1 0 0 1 1 0 1 0 1 0 1 0 0 1 0 0 0 1 1 1 1 0 1 0 1 0 0 0 0 0 1 0 0 0 1 0 0 0
230	1	0 1 1 1 1 0 1 1 1 1 0 0 1 0 0 1 1 0 1 0 1 0 1 0 0 1 0 0 0 1 1 1 1 0 1 0 1 0 0 0 0 0 1 0 1 0 0 0 0 0
230	1	0 1 1 1 1 0 1 1 0 1 0 0 1 0 0 1 1 0 1 0 1 0 1 0 0 1 0 0 0 1 1 1 1 0 1 0 1 0 0 0 0 0 1 0 0 0 0 0 0 0
230	3	0 1 1 1 1 0 1 1 1 1 0 0 0 0 0 1 1 0 1 0 1 0 1 0 0 1 0 0 0 1 1 1 1 0 1 0 1 0 0 0 0 0 1 0 0 0 0 0 0 0
230	1	0 1 1 1 1 0 1 1 1 1 0 0 1 0 0 1 1 0 1 0 1 0 1 0 0 1 1 0 0 1 1 1 1 0 1 0 1 0 0 0 0 0 1 0 0 0 0 0 0 0
230	58	0 1 1 1 1 0 1 1 1 1 0 0 1 0 0 1 1 0 1 0 1 0 1 0 0 1 0 0 0 1 1 1 1 0 1 0 1 0 0 0 0 0 1 0 0 0 0 0 0 0
230	10	0 1 1 1 1 0 1 1 1 1 0 0 1 0 0 1 1 0 1 0 1 0 1 0 1 1 0 0 0 1 1 1 1 0 1 0 1 0 0 0 0 0 1 0 0 0 0 0 0 0
230	1	0 1 1 1 1 0 1 1 1 1 0 0 1 0 0 1 1 0 0 0 1 0 1 0 0 1 0 0 0 1 1 1 1 0 1 0 1 0 0 0 0 0 1 0 0 0 0 0 0 1
230	7	0 1 1 1 1 0 1 1 1 1 0 0 1 0 0 1 1 0 0 0 1 0 1 0 0 1 0 0 0 1 1 1 1 0 1 0 1 0 0 0 0 0 1 0 0 0 0 0 0 0
230	3	1 1 1 1 1 0 1 1 1 1 0 0 1 0 0 1 1 0 1 0 1 0 1 0 0 1 0 0 0 1 1 1 1 0 1 0 1 0 0 0 0 0 0 0 0 0 0 0 1 0
230	6	1 1 1 1 1 0 1 1 1 1 0 0 1 0 0 1 1 0 1 0 1 0 1 0 0 1 0 0 0 1 1 1 1 0 1 0 1 0 0 0 0 0 1 0 0 0 0 0 1 0
230	1	0 1 1 1 1 0 1 1 1 1 0 0 1 0 0 1 1 0 1 0 1 0 1 1 0 1 0 0 0 1 1 1 1 0 1 0 1 0 0 0 0 0 1 0 0 0 0 0 0 0
230	5	0 1 1 1 1 0 1 1 1 1 0 1 1 0 0 1 1 0 1 0 1 0 1 0 0 1 0 0 0 1 1 1 1 0 1 0 1 0 0 0 0 0 1 0 0 0 0 0 0 0
230	1	1 1 1 1 1 0 1 1 1 1 0 0 1 0 0 1 1 1 1 0 1 0 1 0 0 1 0 0 0 1 1 1 1 0 1 0 1 0 0 0 0 0 1 0 0 0 0 0 1 0
240	1	0 1 1 1 1 0 1 1 1 1 0 0 1 0 0 1 1 0 1 0 1 0 1 0 0 1 0 0 0 1 1 1 0 0 1 0 1 0 0 0 0 0 1 0 0 0 0 0 0 0
240	1	0 1 1 1 1 0 1 1 1 1 0 0 0 0 0 1 1 0 1 0 1 0 1 0 0 1 0 0 0 1 1 1 1 0 1 0 1 0 0 0 0 0 1 0 0 0 0 0 0 0
240	1	0 1 1 1 1 0 1 1 1 1 0 0 1 0 0 1 1 0 1 0 1 0 1 0 0 1 0 0 0 1 1 1 1 0 1 0 1 0 0 0 0 0 1 0 0 0 0 0 0 1
240	1	1 1 1 1 1 0 1 1 1 1 0 0 1 0 0 1 1 0 1 0 1 0 1 0 0 1 0 0 0 1 1 1 1 0 1 0 1 0 0 0 0 0 1 0 0 0 0 0 0 0
240	1	0 1 1 1 1 0 1 1 1 1 0 0 1 0 0 1 1 0 1 1 1 0 1 0 0 1 0 0 0 1 1 1 1 0 1 0 1 0 0 0 0 0 1 0 0 0 0 0 0 0
240	60	0 1 1 1 1 0 1 1 1 1 0 0 1 0 0 1 1 0 1 0 1 0 1 0 0 1 0 0 0 1 1 1 1 0 1 0 1 0 0 0 0 0 1 0 0 0 0 0 0 0
240	1	0 1 1 1 1 0 1 1 1 1 0 0 1 0 0 1 1 0 1 0 1 0 1 0 1 1 0 0 0 1 1 1 1 0 1 0 1 0 0 0 0 0 1 0 0 0 1 0 0 0
240	13	0 1 1 1 1 0 1 1 1 1 0 0 1 0 0 1 1 0 1 0 1 0 1 0 1 1 0 0 0 1 1 1 1 0 1 0 1 0 0 0 0 0 1 0 0 0 0 0 0 0
240	8	0 1 1 1 1 0 1 1 1 1 0 0 1 0 0 1 1 0 0 0 1 0 1 0 0 1 0 0 0 1 1 1 1 0 1 0 1 0 0 0 0 0 1 0 0 0 0 0 0 0
240	4	1 1 1 1 1 0 1 1 1 1 0 0 1 0 0 1 1 0 1 0 1 0 1 0 0 1 0 0 0 1 1 1 1 0 1 0 1 0 0 0 0 0 0 0 0 0 0 0 1 0
240	4	1 1 1 1 1 0 1 1 1 1 0 0 1 0 0 1 1 0 1 0 1 0 1 0 0 1 0 0 0 1 1 1 1 0 1 0 1 0 0 0 0 0 1 0 0 0 0 0 1 0
240	5	0 1 1 1 1 0 1 1 1 1 0 1 1 0 0 1 1 0 1 0 1 0 1 0 0 1 0 0 0 1 1 1 1 0 1 0 1 0 0 0 0 0 1 0 0 0 0 0 0 0
250	2	0 1 1 1 1 0 1 1 1 1 0 0 1 0 0 1 1 0 1 0 1 0 1 0 0 1 0 0 0 1 1 1 0 0 1 0 1 0 0 0 0 0 1 0 0 0 0 0 0 0
250	3	0 1 1 1 1 0 1 1 1 1 0 0 1 0 0 1 1 0 1 0 1 0 1 0 0 1 0 0 0 1 1 0 1 0 1 0 1 0 0 0 0 0 1 0 0 0 0 0 0 0
250	1	0 1 1 1 1 0 1 1 1 1 0 0 0 0 0 1 1 0 1 0 1 0 1 0 0 1 0 0 0 1 1 1 1 0 1 0 1 0 0 0 0 0 1 0 0 0 0 0 0 0
250	1	1 1 1 1 1 0 1 1 1 1 0 0 1 0 0 1 1 0 1 0 1 0 1 0 0 1 0 0 0 1 1 1 1 0 1 0 1 0 0 0 0 0 1 0 0 0 0 0 0 0
250	1	0 1 1 1 1 0 1 1 1 1 0 0 1 0 0 1 1 0 1 1 1 0 1 0 0 1 0 0 0 1 1 1 1 0 1 0 1 0 0 0 0 0 1 0 0 0 0 0 0 0
250	1	0 1 1 1 1 0 1 1 1 1 0 0 1 0 0 1 1 0 1 0 1 0 1 0 0 1 0 0 0 1 1 1 1 0 1 0 1 0 0 0 0 0 1 0 0 0 1 0 0 0
250	2	0 1 1 1 1 0 1 1 1 1 0 0 1 0 0 1 1 0 1 0 0 0 1 0 0 1 0 0 0 1 1 1 1 0 1 0 1 0 0 0 0 0 1 0 0 0 0 0 0 0
250	1	0 1 1 1 1 0 1 1 1 1 0 0 1 0 0 1 1 0 0 0 1 0 0 0 0 1 0 0 0 1 1 1 1 0 1 0 1 0 0 0 0 0 1 0 0 0 0 0 0 0
250	6	0 1 1 1 1 0 1 1 1 1 0 0 1 0 0 1 1 0 0 0 1 0 1 0 0 1 0 0 0 1 1 1 1 0 1 0 1 0 0 0 0 0 1 0 0 0 0 0 0 0
250	1	0 1 1 1 1 0 1 1 1 1 0 0 1 0 0 1 1 0 1 0 1 0 1 0 0 1 0 0 0 1 1 1 1 0 1 0 0 0 0 0 0 0 1 0 0 0 0 0 0 0
250	6	0 1 1 1 1 0 1 1 1 1 0 1 1 0 0 1 1 0 1 0 1 0 1 0 0 1 0 0 0 1 1 1 1 0 1 0 1 0 0 0 0 0 1 0 0 0 0 0 0 0
250	3	0 1 1 1 1 0 1 1 1 1 0 0 1 0 0 1 1 0 1 0 1 0 1 0 1 1 0 0 0 1 1 1 1 0 1 0 1 0 0 0 0 0 1 0 0 0 0 0 0 0
250	1	0 1 1 1 1 0 1 1 1 1 0 0 1 0 0 1 1 0 1 0 1 0 1 0 0 1 0 0 0 1 1 1 1 0 1 0 1 1 0 0 0 0 1 0 0 0 0 0 0 0
250	66	0 1 1 1 1 0 1 1 1 1 0 0 1 0 0 1 1 0 1 0 1 0 1 0 0 1 0 0 0 1 1 1 1 0 1 0 1 0 0 0 0 0 1 0 0 0 0 0 0 0
250	1	0 1 1 1 1 0 1 1 1 1 0 0 1 0 0 1 1 0 1 0 1 0 1 0 1 1 0 0 0 1 1 1 1 0 1 0 1 0 0 0 0 0 1 0 0 0 1 0 0 0
250	1	0 1 1 1 1 0 1 1 1 1 0 0 1 0 0 1 1 0 0 0 1 0 1 0 0 1 0 0 0 0 1 1 1 0 1 0 1 0 0 0 0 0 1 0 0 0 0 0 0 0
250	1	1 1 1 1 1 0 1 1 1 1 0 0 1 0 0 1 1 0 1 0 1 0 1 0 0 1 0 0 0 1 1 1 1 0 1 0 1 0 0 0 0 0 0 0 0 0 0 0 1 0
250	1	1 1 1 1 1 0 1 1 1 1 0 0 1 0 0 1 1 0 1 0 1 0 1 0 0 1 0 0 0 1 1 1 1 0 1 0 1 0 0 0 0 1 1 0 0 0 0 0 1 0
250	1	1 1 1 1 1 0 1 1 1 1 0 0 1 0 0 1 1 0 1 0 1 0 1 0 0 1 0 0 0 1 1 1 1 0 1 0 1 0 0 0 0 0 1 0 0 0 0 0 1 0
260	2	0 1 1 1 1 0 1 1 1 1 0 0 1 0 0 1 1 0 1 0 1 0 1 0 0 1 0 0 0 1 1 0 1 0 1 0 1 0 0 0 0 0 1 0 0 0 0 0 0 0
260	4	0 1 1 1 1 0 1 1 1 1 0 0 0 0 0 1 1 0 1 0 1 0 1 0 0 1 0 0 0 1 1 1 1 0 1 0 1 0 0 0 0 0 1 0 0 0 0 0 0 0
260	1	0 1 1 1 1 0 1 1 1 1 0 0 1 0 0 1 1 0 1 0 1 0 1 0 0 1 0 0 0 1 1 1 1 0 1 0 1 0 0 0 0 0 1 0 0 0 1 0 0 0
260	1	0 1 1 1 1 0 1 1 1 1 0 0 1 0 0 1 1 0 0 0 1 0 1 1 0 1 0 0 0 1 1 1 1 0 1 0 1 0 0 0 0 0 1 0 0 0 0 0 0 0
260	1	0 1 1 1 1 0 1 1 1 1 0 0 1 0 0 1 1 0 0 0 1 0 1 0 0 1 0 0 0 1 1 1 1 0 1 1 1 0 0 0 0 0 1 0 0 0 0 0 0 0
260	12	0 1 1 1 1 0 1 1 1 1 0 0 1 0 0 1 1 0 0 0 1 0 1 0 0 1 0 0 0 1 1 1 1 0 1 0 1 0 0 0 0 0 1 0 0 0 0 0 0 0
260	1	0 1 1 1 1 0 1 1 1 1 0 0 1 0 0 1 1 0 1 0 1 0 1 0 0 1 0 0 0 1 1 1 1 0 1 0 1 0 0 0 0 0 0 0 0 0 0 0 0 0
260	12	0 1 1 1 1 0 1 1 1 1 0 1 1 0 0 1 1 0 1 0 1 0 1 0 0 1 0 0 0 1 1 1 1 0 1 0 1 0 0 0 0 0 1 0 0 0 0 0 0 0
260	1	0 1 1 1 1 0 1 1 1 1 0 0 1 0 0 1 1 0 1 0 1 0 1 0 1 1 0 0 0 1 1 1 1 0 1 0 1 0 0 0 0 0 1 0 0 0 0 0 0 0
260	4	0 1 1 1 1 0 1 1 1 1 0 0 1 0 1 1 1 0 1 0 1 0 1 0 0 1 0 0 0 1 1 1 1 0 1 0 1 0 0 0 0 0 1 0 0 0 0 0 0 0
260	1	0 1 1 1 1 0 1 1 1 1 0 0 1 0 0 1 1 1 1 0 1 0 1 0 0 1 0 0 0 1 1 1 1 0 1 0 1 0 0 0 0 0 1 0 0 0 0 0 0 0
260	59	0 1 1 1 1 0 1 1 1 1 0 0 1 0 0 1 1 0 1 0 1 0 1 0 0 1 0 0 0 1 1 1 1 0 1 0 1 0 0 0 0 0 1 0 0 0 0 0 0 0
260	1	1 1 1 1 1 0 1 1 1 1 0 0 1 0 0 0 1 0 1 0 1 0 1 0 0 1 0 0 0 1 1 1 1 0 1 0 1 0 0 0 0 0 0 0 0 0 0 0 1 0
270	1	0 1 1 1 1 0 1 1 1 1 0 0 1 0 0 1 1 0 1 0 1 0 1 0 0 1 0 0 0 1 1 0 1 0 1 0 1 0 0 0 0 0 1 0 0 0 0 0 0 0
270	5	0 1 1 1 1 0 1 1 1 1 0 0 0 0 0 1 1 0 1 0 1 0 1 0 0 1 0 0 0 1 1 1 1 0 1 0 1 0 0 0 0 0 1 0 0 0 0 0 0 0
270	1	0 1 1 1 0 0 1 1 1 1 0 0 1 0 0 1 1 0 0 0 1 0 1 0 0 1 0 0 0 1 1 1 1 0 1 0 1 0 0 0 0 0 1 0 0 0 0 0 0 0
270	13	0 1 1 1 1 0 1 1 1 1 0 0 1 0 0 1 1 0 0 0 1 0 1 0 0 1 0 0 0 1 1 1 1 0 1 0 1 0 0 0 0 0 1 0 0 0 0 0 0 0
270	2	0 1 1 0 1 0 1 1 1 1 0 0 1 0 0 1 1 0 1 0 1 0 1 0 0 1 0 0 0 1 1 1 1 0 1 0 1 0 0 0 0 0 0 0 0 0 0 0 0 0
270	3	0 1 1 1 1 0 1 1 1 1 0 0 1 0 0 1 1 0 1 0 1 0 1 0 0 1 0 0 0 1 1 1 1 0 1 0 1 0 0 0 0 0 0 0 0 0 0 0 0 0
270	4	0 1 1 1 1 0 1 1 1 1 0 1 1 0 0 1 1 0 1 0 1 0 1 0 0 1 0 0 0 1 1 1 1 0 1 0 1 0 0 0 0 0 1 0 0 0 0 0 0 0
270	6	0 1 1 1 1 0 1 1 1 1 0 0 1 0 0 1 1 0 1 0 1 0 1 0 1 1 0 0 0 1 1 1 1 0 1 0 1 0 0 0 0 0 1 0 0 0 0 0 0 0
270	2	0 1 1 1 1 0 1 1 1 1 0 0 1 0 0 1 1 0 1 0 1 0 1 0 0 0 0 0 0 1 1 1 1 0 1 0 1 0 0 0 0 0 1 0 0 0 0 0 0 0
270	1	0 1 1 1 1 0 1 1 1 1 0 0 1 0 1 1 1 0 1 0 1 0 1 0 0 1 0 0 0 1 1 1 1 0 1 0 1 0 0 0 0 0 1 0 0 0 0 0 0 0
270	1	0 1 1 1 1 0 1 1 1 1 0 0 1 0 0 1 1 0 1 0 1 0 1 1 0 1 0 0 0 1 1 1 1 0 1 0 1 0 0 0 0 0 1 0 0 0 0 0 0 0
270	1	0 1 1 1 1 0 1 1 1 1 0 0 1 0 0 0 1 0 1 0 1 0 1 0 0 1 0 0 0 1 1 1 1 0 1 0 1 0 0 0 0 0 1 0 0 0 0 0 0 0
270	1	0 1 1 1 1 0 1 1 1 1 0 0 1 0 0 1 1 0 1 0 1 0 1 0 0 1 0 0 0 1 1 1 1 0 1 0 1 0 0 0 0 1 1 0 0 0 0 0 0 0
270	1	0 1 1 1 1 0 1 1 1 1 0 0 1 0 0 1 1 0 1 0 1 0 1 0 0 1 0 0 0 1 1 1 1 0 1 0 1 0 0 1 0 0 1 0 0 0 0 0 0 0
270	49	0 1 1 1 1 0 1 1 1 1 0 0 1 0 0 1 1 0 1 0 1 0 1 0 0 1 0 0 0 1 1 1 1 0 1 0 1 0 0 0 0 0 1 0 0 0 0 0 0 0
270	4	1 1 1 1 1 0 1 1 1 1 0 0 1 0 0 0 1 0 1 0 1 0 1 0 0 1 0 0 0 1 1 1 1 0 1 0 1 0 0 0 0 0 0 0 0 0 0 0 1 0
270	5	1 1 1 1 1 0 1 1 1 1 0 0 1 0 0 1 1 0 1 0 1 0 1 0 0 1 0 0 0 1 1 1 1 0 1 0 1 0 0 0 0 0 0 0 0 0 0 0 1 0
280	1	0 1 1 1 1 0 1 1 1 1 0 0 1 0 0 1 1 0 1 0 1 0 1 0 0 1 0 0 0 1 1 0 1 0 1 0 1 0 0 0 0 0 1 0 0 0 0 0 0 0
280	7	0 1 1 1 1 0 1 1 1 1 0 0 0 0 0 1 1 0 1 0 1 0 1 0 0 1 0 0 0 1 1 1 1 0 1 0 1 0 0 0 0 0 1 0 0 0 0 0 0 0
280	1	0 1 1 1 0 0 1 1 1 1 0 0 1 0 0 1 1 0 0 0 1 0 1 0 0 1 0 0 0 1 1 1 1 0 1 0 1 0 0 0 0 0 1 0 0 0 0 0 0 0
280	3	0 1 1 1 1 0 1 1 1 1 0 0 1 0 0 1 0 0 0 0 1 0 1 0 0 1 0 0 0 1 1 1 1 0 1 0 1 0 0 0 0 0 1 0 0 0 0 0 0 0
280	1	0 1 1 1 1 0 1 1 1 1 0 0 1 0 0 1 1 0 0 0 1 0 1 0 0 1 0 0 0 1 0 1 1 0 1 0 1 0 0 0 0 0 1 0 0 0 0 0 0 0
280	21	0 1 1 1 1 0 1 1 1 1 0 0 1 0 0 1 1 0 0 0 1 0 1 0 0 1 0 0 0 1 1 1 1 0 1 0 1 0 0 0 0 0 1 0 0 0 0 0 0 0
280	1	0 1 1 0 1 0 1 1 1 1 0 0 1 0 0 1 1 0 1 0 1 0 1 0 0 1 0 0 0 1 1 1 1 0 1 0 1 0 0 0 0 0 0 0 0 0 0 0 0 0
280	1	0 1 0 1 1 0 1 1 1 1 0 0 1 0 0 1 1 0 1 0 1 0 1 0 0 1 0 0 0 1 1 1 1 0 1 0 1 0 0 0 0 0 0 0 0 0 0 0 0 0
280	7	0 1 1 1 1 0 1 1 1 1 0 0 1 0 0 1 1 0 1 0 1 0 1 0 0 1 0 0 0 1 1 1 1 0 1 0 1 0 0 0 0 0 0 0 0 0 0 0 0 0
280	8	0 1 1 1 1 0 1 1 1 1 0 1 1 0 0 1 1 0 1 0 1 0 1 0 0 1 0 0 0 1 1 1 1 0 1 0 1 0 0 0 0 0 1 0 0 0 0 0 0 0
280	6	0 1 1 1 1 0 1 1 1 1 0 0 1 0 0 1 1 0 1 0 1 0 1 0 1 1 0 0 0 1 1 1 1 0 1 0 1 0 0 0 0 0 1 0 0 0 0 0 0 0
280	34	0 1 1 1 1 0 1 1 1 1 0 0 1 0 0 1 1 0 1 0 1 0 1 0 0 1 0 0 0 1 1 1 1 0 1 0 1 0 0 0 0 0 1 0 0 0 0 0 0 0
280	7	1 1 1 1 1 0 1 1 1 1 0 0 1 0 0 0 1 0 1 0 1 0 1 0 0 1 0 0 0 1 1 1 1 0 1 0 1 0 0 0 0 0 0 0 0 0 0 0 1 0
280	1	1 1 1 1 1 0 1 1 1 1 0 0 1 0 0 1 1 0 1 0 1 0 1 0 0 1 0 0 0 1 1 1 1 0 1 0 1 0 0 0 0 0 0 0 0 0 0 0 1 0
280	1	1 1 1 1 1 0 1 1 1 1 0 0 1 0 0 1 1 0 1 0 1 0 1 0 0 1 0 0 0 1 1 1 1 0 1 0 1 0 0 0 0 0 1 0 0 0 0 0 1 0
290	2	0 1 1 1 1 0 1 1 1 1 0 0 0 0 0 1 1 0 1 0 1 0 1 0 0 1 0 0 0 1 1 1 1 0 1 0 1 0 0 0 0 0 1 0 0 0 0 0 0 0
290	2	0 1 1 1 1 0 1 1 1 1 0 0 1 0 0 1 1 0 0 0 1 0 1 1 0 1 0 0 0 1 1 1 1 0 1 0 1 0 0 0 0 0 1 0 0 0 0 0 0 0
290	2	0 1 1 1 1 0 1 1 1 1 0 0 1 0 0 1 1 0 0 0 1 0 1 0 0 1 0 0 0 1 1 1 1 0 1 0 1 0 0 0 0 1 1 0 0 0 0 0 0 0
290	9	0 1 1 1 1 0 1 1 1 1 0 0 1 0 0 1 1 0 0 0 1 0 1 0 0 1 0 0 0 1 1 1 1 0 1 0 1 0 0 0 0 0 1 0 0 0 0 0 0 0
290	1	0 1 1 0 1 0 1 1 1 1 0 0 1 0 0 1 1 0 1 0 1 0 1 0 0 1 0 0 0 1 1 1 1 0 1 0 1 0 0 0 0 0 0 0 0 0 0 0 0 0
290	19	0 1 1 1 1 0 1 1 1 1 0 0 1 0 0 1 1 0 1 0 1 0 1 0 0 1 0 0 0 1 1 1 1 0 1 0 1 0 0 0 0 0 0 0 0 0 0 0 0 0
290	3	0 1 1 1 1 0 1 1 1 1 0 1 1 0 0 1 1 0 1 0 1 0 1 0 0 1 0 0 0 1 1 1 1 0 1 0 1 0 0 0 0 0 1 0 0 0 0 0 0 0
290	3	0 1 1 1 1 0 1 1 1 1 0 0 1 0 0 1 1 0 1 0 1 0 1 0 1 1 0 0 0 1 1 1 1 0 1 0 1 0 0 0 0 0 1 0 0 0 0 0 0 0
290	1	0 1 1 1 1 0 1 1 1 1 0 0 1 0 0 1 1 0 1 0 1 0 1 1 0 1 0 0 0 1 1 1 1 0 1 0 1 0 0 0 0 0 1 0 0 0 0 0 0 0
290	2	0 1 1 1 1 0 1 1 1 1 0 0 1 0 0 1 1 0 1 0 1 0 1 0 0 1 0 0 0 1 1 1 1 0 0 0 1 0 0 0 0 0 1 0 0 0 0 0 0 0
290	1	0 1 1 1 1 0 1 1 1 1 0 0 1 0 0 1 1 0 1 0 1 0 1 0 0 1 1 0 0 1 1 1 1 0 1 0 1 0 0 0 0 0 1 0 0 0 0 0 0 0
290	1	0 1 1 1 1 0 1 1 1 1 0 0 1 0 0 1 1 0 1 0 0 0 1 0 0 1 0 0 0 1 1 1 1 0 1 0 1 0 0 0 0 0 1 0 0 0 0 0 0 0
290	42	0 1 1 1 1 0 1 1 1 1 0 0 1 0 0 1 1 0 1 0 1 0 1 0 0 1 0 0 0 1 1 1 1 0 1 0 1 0 0 0 0 0 1 0 0 0 0 0 0 0
290	12	1 1 1 1 1 0 1 1 1 1 0 0 1 0 0 0 1 0 1 0 1 0 1 0 0 1 0 0 0 1 1 1 1 0 1 0 1 0 0 0 0 0 0 0 0 0 0 0 1 0
300	2	0 1 1 1 1 0 1 1 1 1 0 0 1 0 0 1 1 0 0 0 1 0 1 1 0 1 0 0 0 1 1 1 1 0 1 0 1 0 0 0 0 0 1 0 0 0 0 0 0 0
300	1	0 1 1 1 1 0 1 1 1 1 0 0 1 0 0 1 1 0 0 0 1 0 1 0 0 1 0 0 0 1 1 1 1 0 1 0 1 0 0 0 0 0 1 0 0 0 0 1 0 0
300	8	0 1 1 1 1 0 1 1 1 1 0 0 1 0 0 1 1 0 0 0 1 0 1 0 0 1 0 0 0 1 1 1 1 0 1 0 1 0 0 0 0 0 1 0 0 0 0 0 0 0
300	1	0 1 1 1 1 0 1 1 1 1 0 0 1 0 0 1 1 0 1 0 1 0 1 0 0 1 0 0 0 1 1 1 1 0 1 0 1 1 0 0 0 0 0 0 0 0 0 0 0 0
300	16	0 1 1 1 1 0 1 1 1 1 0 0 1 0 0 1 1 0 1 0 1 0 1 0 0 1 0 0 0 1 1 1 1 0 1 0 1 0 0 0 0 0 0 0 0 0 0 0 0 0
300	1	0 1 1 1 1 0 1 1 1 1 0 1 1 0 0 1 1 0 1 0 0 0 1 0 0 1 0 0 0 1 1 1 1 0 1 0 1 0 0 0 0 0 1 0 0 0 0 0 0 0
300	1	0 1 1 1 1 0 1 1 0 1 0 1 1 0 0 1 1 0 1 0 1 0 1 0 0 1 0 0 0 1 1 1 1 0 1 0 1 0 0 0 0 0 1 0 0 0 0 0 0 0
300	8	0 1 1 1 1 0 1 1 1 1 0 1 1 0 0 1 1 0 1 0 1 0 1 0 0 1 0 0 0 1 1 1 1 0 1 0 1 0 0 0 0 0 1 0 0 0 0 0 0 0
300	1	0 1 1 1 1 0 1 1 1 1 0 0 1 0 0 1 1 0 1 0 1 0 1 0 1 1 0 0 0 1 1 1 1 0 1 0 1 0 0 0 0 0 1 0 0 0 0 0 0 0
300	1	0 1 1 1 1 0 1 1 1 1 0 0 1 0 0 1 1 0 1 0 1 0 1 0 0 0 0 0 0 1 1 1 1 0 1 0 1 0 0 0 0 0 1 0 0 0 0 0 0 0
300	1	0 1 1 1 1 0 1 1 1 1 0 0 1 0 0 1 1 0 1 0 0 0 1 0 0 1 0 0 0 1 1 1 1 0 1 0 1 0 0 0 0 0 1 0 0 0 0 0 0 0
300	1	0 1 1 1 1 0 1 1 1 1 0 0 1 0 0 1 1 0 1 0 1 0 1 0 0 1 0 0 0 1 1 1 1 0 1 0 1 0 0 0 0 1 1 0 0 0 0 0 0 0
300	20	0 1 1 1 1 0 1 1 1 1 0 0 1 0 0 1 1 0 1 0 1 0 1 0 0 1 0 0 0 1 1 1 1 0 1 0 1 0 0 0 0 0 1 0 0 0 0 0 0 0
300	1	1 1 1 1 1 0 1 1 1 1 0 0 1 0 0 0 1 0 1 0 1 0 1 0 0 1 1 0 0 1 1 1 1 0 1 0 1 0 0 0 0 0 0 0 0 0 0 0 1 0
300	35	1 1 1 1 1 0 1 1 1 1 0 0 1 0 0 0 1 0 1 0 1 0 1 0 0 1 0 0 0 1 1 1 1 0 1 0 1 0 0 0 0 0 0 0 0 0 0 0 1 0
300	2	1 1 1 1 1 0 1 1 1 1 0 0 1 0 0 1 1 0 1 0 1 0 1 0 0 1 0 0 0 1 1 1 1 0 1 0 1 0 0 0 0 0 0 0 0 0 0 0 1 0
310	5	0 1 1 1 1 0 1 1 1 1 0 0 1 0 0 1 1 0 0 0 1 0 1 0 0 1 0 0 0 1 1 1 1 0 1 0 1 0 0 0 0 0 1 0 0 0 0 0 0 0
310	1	0 1 0 1 1 0 1 1 1 1 0 0 1 0 0 1 1 0 1 0 1 0 1 0 0 1 0 0 0 1 1 1 1 0 1 0 1 0 0 0 0 0 0 0 0 0 0 0 0 0
310	28	0 1 1 1 1 0 1 1 1 1 0 0 1 0 0 1 1 0 1 0 1 0 1 0 0 1 0 0 0 1 1 1 1 0 1 0 1 0 0 0 0 0 0 0 0 0 0 0 0 0
310	1	0 1 1 1 1 0 1 1 1 1 0 1 1 0 0 1 1 0 1 0 0 0 1 0 0 1 0 0 0 1 1 1 1 0 1 0 1 0 0 0 0 0 1 0 0 0 0 0 0 0
310	1	0 1 1 1 1 0 1 1 1 1 0 1 1 0 0 1 1 0 1 0 1 0 1 0 0 1 0 0 0 1 1 1 1 0 1 0 1 0 0 0 0 0 1 0 0 0 0 0 0 0
310	1	0 1 1 1 1 0 1 1 1 1 0 0 1 0 0 1 1 0 1 0 1 0 1 0 1 1 0 0 0 1 1 1 1 0 1 0 0 0 0 0 0 0 1 0 0 0 0 0 0 0
310	3	0 1 1 1 1 0 1 1 1 1 0 0 1 0 0 1 1 0 1 0 0 0 1 0 0 1 0 0 0 1 1 1 1 0 1 0 1 0 0 0 0 0 1 0 0 0 0 0 0 0
310	16	0 1 1 1 1 0 1 1 1 1 0 0 1 0 0 1 1 0 1 0 1 0 1 0 0 1 0 0 0 1 1 1 1 0 1 0 1 0 0 0 0 0 1 0 0 0 0 0 0 0
310	1	1 1 1 1 1 0 1 1 1 1 0 0 1 0 0 0 1 0 1 0 1 0 1 1 0 1 0 0 0 1 1 1 1 0 1 0 1 0 0 0 0 0 0 0 0 0 0 0 1 0
310	1	1 1 1 1 1 0 1 1 1 1 0 0 1 0 0 0 1 0 1 0 1 0 1 0 0 1 0 0 0 1 1 1 1 0 1 0 1 0 0 0 0 1 0 0 0 0 0 0 1 0
310	2	0 1 1 1 1 0 1 1 1 1 0 0 1 0 0 0 1 0 1 0 1 0 1 0 0 1 0 0 0 1 1 1 1 0 1 0 1 0 0 0 0 0 0 0 0 0 0 0 1 0
310	1	1 1 1 1 1 0 1 1 1 1 0 0 1 0 0 0 1 0 1 0 1 0 1 0 0 1 0 0 0 1 1 1 1 0 1 0 1 0 1 0 0 0 0 0 0 0 0 0 1 0
310	38	1 1 1 1 1 0 1 1 1 1 0 0 1 0 0 0 1 0 1 0 1 0 1 0 0 1 0 0 0 1 1 1 1 0 1 0 1 0 0 0 0 0 0 0 0 0 0 0 1 0
310	1	1 1 1 1 1 0 1 1 1 1 0 0 1 0 0 1 1 0 1 0 1 0 1 0 0 1 0 0 0 1 1 1 1 0 1 0 1 0 0 0 0 0 0 0 0 0 0 0 1 0
