0	100	0 0 0 0 0 0 0 0 0 0
10	2	0 0 0 1 0 0 0 0 0 0
10	1	0 0 0 0 0 0 0 0 1 0
10	1	0 1 0 0 0 0 0 0 0 0
10	1	1 0 0 0 0 0 0 0 0 0
10	95	0 0 0 0 0 0 0 0 0 0
20	3	0 0 0 1 0 0 0 0 0 0
20	1	0 0 0 0 0 0 0 0 1 0
20	2	1 0 0 0 0 0 0 0 0 0
20	94	0 0 0 0 0 0 0 0 0 0
30	4	0 0 0 1 0 0 0 0 0 0
30	6	0 0 0 0 0 1 0 0 0 0
30	2	1 0 0 0 0 0 0 0 0 0
30	1	0 0 0 0 1 0 0 0 0 0
30	87	0 0 0 0 0 0 0 0 0 0
40	2	0 0 0 1 0 0 0 0 0 0
40	1	0 0 0 0 0 1 0 0 0 0
40	6	1 0 0 0 0 0 0 0 0 0
40	1	0 1 0 0 0 0 0 0 0 0
40	1	0 0 0 0 0 0 1 0 0 0
40	3	0 0 0 0 1 0 0 0 0 0
40	1	0 0 0 0 0 0 0 1 0 0
40	5	0 0 0 0 0 0 0 0 0 1
40	1	0 0 0 0 0 0 0 0 1 0
40	79	0 0 0 0 0 0 0 0 0 0
50	6	0 0 0 1 0 0 0 0 0 0
50	2	0 0 0 0 0 1 0 0 0 0
50	10	1 0 0 0 0 0 0 0 0 0
50	1	0 0 1 0 0 0 0 0 0 1
50	4	0 1 0 0 0 0 0 0 0 0
50	3	0 0 0 0 0 0 1 0 0 0
50	2	0 0 0 1 0 0 0 1 0 0
50	3	0 0 0 0 0 0 0 0 0 1
50	1	0 0 0 0 0 0 0 0 1 0
50	68	0 0 0 0 0 0 0 0 0 0
60	4	0 0 0 1 0 0 0 0 0 0
60	2	0 0 0 0 0 1 0 0 0 0
60	13	1 0 0 0 0 0 0 0 0 0
60	5	0 0 1 0 0 0 0 0 0 0
60	3	0 1 0 0 0 0 0 0 0 0
60	3	0 0 0 0 0 0 1 0 0 0
60	4	0 0 0 0 1 0 0 0 0 0
60	1	0 0 0 1 0 0 0 1 0 0
60	1	0 0 0 0 0 1 0 1 0 0
60	1	0 0 0 0 0 0 0 1 0 0
60	3	0 0 0 0 0 0 0 0 1 0
60	60	0 0 0 0 0 0 0 0 0 0
70	1	0 0 0 1 0 0 0 0 0 1
70	1	0 0 0 1 0 0 0 0 0 0
70	4	0 0 0 0 1 0 0 0 0 0
70	3	0 0 0 0 0 0 1 0 0 0
70	3	0 0 0 0 0 1 0 0 0 0
70	65	0 0 0 0 0 0 0 0 0 0
70	4	1 1 0 0 0 0 0 0 0 0
70	10	1 0 0 0 0 0 0 0 0 0
70	1	0 1 1 0 0 0 0 0 0 0
70	6	0 1 0 0 0 0 0 0 0 0
70	1	0 0 0 1 0 0 0 1 0 0
70	1	0 0 0 0 0 1 0 1 0 0
80	1	0 0 0 1 0 0 0 0 0 1
80	1	0 0 1 0 0 0 0 0 0 0
80	5	0 0 0 0 1 0 0 0 0 0
80	1	0 0 0 0 0 1 0 0 0 0
80	1	0 0 0 0 0 0 0 0 1 0
80	2	0 0 0 0 0 0 1 0 0 0
80	4	0 0 0 1 0 0 0 0 0 0
80	54	0 0 0 0 0 0 0 0 0 0
80	3	0 1 0 0 0 0 0 0 0 0
80	3	1 0 0 0 0 0 0 0 0 1
80	15	1 0 0 0 0 0 0 0 0 0
80	1	1 1 0 0 0 0 0 0 1 0
80	9	1 1 0 0 0 0 0 0 0 0
90	1	0 0 1 0 0 0 0 0 0 0
90	1	0 0 0 0 0 0 0 0 1 0
90	1	0 0 0 0 1 0 0 0 1 0
90	13	0 0 0 0 1 0 0 0 0 0
90	3	0 1 0 0 0 0 0 0 0 0
90	13	1 0 0 0 0 0 0 0 0 0
90	1	0 0 0 1 0 0 0 0 0 0
90	3	0 0 0 0 0 0 1 0 0 0
90	51	0 0 0 0 0 0 0 0 0 0
90	1	0 0 0 0 1 0 0 0 0 1
90	2	0 0 0 0 0 1 0 0 0 0
90	1	0 1 0 0 1 0 0 0 0 0
90	1	1 1 0 0 0 0 0 0 0 1
90	8	1 1 0 0 0 0 0 0 0 0
100	8	0 0 0 0 1 0 0 0 0 0
100	22	1 0 0 0 0 0 0 0 0 0
100	1	0 0 0 0 0 0 1 0 0 0
100	37	0 0 0 0 0 0 0 0 0 0
100	1	0 0 0 0 0 0 0 0 0 1
100	5	0 1 0 0 0 0 0 0 0 0
100	3	0 0 0 1 0 0 0 0 0 0
100	5	0 0 0 0 0 1 0 0 0 0
100	1	1 1 0 0 0 0 0 0 1 0
100	3	1 1 0 0 0 0 0 0 0 1
100	14	1 1 0 0 0 0 0 0 0 0
110	4	0 0 1 0 0 0 0 0 0 0
110	1	1 0 0 0 1 0 0 0 0 0
110	1	0 0 0 0 0 1 0 0 0 0
110	1	0 0 0 0 0 0 1 0 0 0
110	3	0 1 0 0 0 0 0 0 0 0
110	1	0 0 0 0 0 0 0 1 0 0
110	38	0 0 0 0 0 0 0 0 0 0
110	1	1 0 0 1 0 0 0 0 0 0
110	13	1 0 0 0 0 0 0 0 0 0
110	2	0 1 0 0 0 0 1 0 0 0
110	1	0 0 1 1 0 0 0 0 0 0
110	6	0 0 0 1 0 0 0 0 0 0
110	1	1 1 0 0 0 0 0 0 0 1
110	27	1 1 0 0 0 0 0 0 0 0
120	2	1 0 0 0 1 0 0 0 0 0
120	1	0 0 0 0 0 1 0 0 0 0
120	2	0 1 0 0 0 0 1 0 0 0
120	4	0 1 0 0 0 0 0 0 0 0
120	1	0 0 0 0 0 0 1 0 0 0
120	28	0 0 0 0 0 0 0 0 0 0
120	27	1 0 0 0 0 0 0 0 0 0
120	1	1 0 0 0 0 1 0 0 0 0
120	4	0 0 0 1 0 0 0 0 0 0
120	3	1 1 1 0 0 0 0 0 0 0
120	1	1 1 0 0 0 0 0 1 0 0
120	26	1 1 0 0 0 0 0 0 0 0
130	1	0 1 0 0 0 0 1 0 0 0
130	2	0 1 0 0 0 0 0 0 0 0
130	2	1 0 0 0 0 1 0 0 0 0
130	2	1 1 0 0 0 0 0 1 0 0
130	19	0 0 0 0 0 0 0 0 0 0
130	28	1 0 0 0 0 0 0 0 0 0
130	43	1 1 0 0 0 0 0 0 0 0
130	1	1 1 1 0 0 0 0 0 0 0
130	2	0 1 1 0 0 0 0 0 0 0
140	3	0 1 0 0 0 0 0 0 0 0
140	3	0 1 0 0 0 0 1 0 0 0
140	2	1 0 0 0 0 1 0 0 0 0
140	2	1 1 0 0 0 0 0 1 0 0
140	2	0 0 0 1 0 0 0 0 0 0
140	2	0 0 0 0 0 0 0 0 1 0
140	23	0 0 0 0 0 0 0 0 0 0
140	1	1 1 1 0 0 0 0 0 0 0
140	21	1 0 0 0 0 0 0 0 0 0
140	3	1 1 0 0 0 0 0 0 1 0
140	1	1 1 0 0 0 0 0 0 0 1
140	37	1 1 0 0 0 0 0 0 0 0
150	1	1 0 0 0 1 0 0 0 0 0
150	1	0 1 0 0 1 0 0 0 0 0
150	6	0 1 0 0 0 0 1 0 0 0
150	1	1 0 0 0 0 1 0 0 0 0
150	1	1 1 0 0 0 0 0 1 0 0
150	1	0 0 0 0 0 0 0 0 1 0
150	10	0 0 0 0 0 0 0 0 0 0
150	1	1 1 1 0 0 0 0 0 0 0
150	52	1 1 0 0 0 0 0 0 0 0
150	23	1 0 0 0 0 0 0 0 0 0
150	1	1 1 0 0 0 0 0 0 1 0
150	2	1 1 0 0 1 0 0 0 0 0
