10	2	0 0 1 0 1 0 0 1 0 0
10	1	1 1 1 0 1 1 0 1 0 0
10	1	0 1 1 0 1 1 0 1 0 0
10	26	0 1 1 0 1 0 0 1 0 0
10	22	1 0 0 0 1 0 1 1 0 1
10	17	0 0 1 0 0 0 1 0 0 1
10	31	0 0 0 1 1 0 1 0 0 0
20	5	0 1 1 0 1 1 0 1 0 0
20	1	0 1 1 0 1 0 0 1 1 0
20	1	0 1 1 0 1 0 0 1 0 1
20	27	0 1 1 0 1 0 0 1 0 0
20	13	1 0 0 0 1 0 1 1 0 1
20	1	0 0 1 0 0 0 0 0 1 1
20	1	0 0 1 0 0 0 0 0 0 1
20	25	0 0 1 0 0 0 1 0 0 1
20	4	0 1 0 1 1 0 1 0 0 0
20	22	0 0 0 1 1 0 1 0 0 0
30	1	1 1 1 0 1 1 0 1 0 0
30	3	0 1 1 0 1 1 0 1 0 0
30	6	1 1 1 0 1 0 0 1 0 0
30	1	0 1 1 1 1 0 0 1 0 0
30	19	0 1 1 0 1 0 0 1 0 0
30	12	1 0 0 0 1 0 1 1 0 1
30	27	0 0 1 0 0 0 1 0 0 1
30	16	0 1 0 1 1 0 1 0 0 0
30	15	0 0 0 1 1 0 1 0 0 0
40	18	1 1 1 0 1 0 0 1 0 0
40	1	1 1 1 0 1 1 0 1 0 0
40	7	0 1 1 0 1 1 0 1 0 0
40	1	1 1 0 0 1 0 0 1 0 0
40	1	0 1 1 1 1 0 0 1 0 0
40	16	0 1 1 0 1 0 0 1 0 0
40	3	1 0 0 0 1 0 1 1 0 1
40	1	0 0 1 0 0 0 0 0 0 1
40	1	0 0 1 1 0 0 1 0 0 1
40	12	0 0 1 0 0 0 1 0 0 1
40	7	0 0 0 1 1 0 1 0 0 0
40	31	0 1 0 1 1 0 1 0 0 0
40	1	0 0 0 1 1 0 0 0 0 0
50	7	0 1 1 0 1 0 0 1 0 0
50	1	1 0 1 0 1 0 0 1 0 0
50	1	1 1 1 0 0 0 0 1 0 0
50	8	1 1 1 0 1 1 0 1 0 0
50	34	1 1 1 0 1 0 0 1 0 0
50	1	1 1 1 0 1 1 0 0 0 0
50	8	0 1 1 0 1 1 0 1 0 0
50	5	1 1 0 0 1 0 0 1 0 0
50	2	1 0 0 0 1 0 1 1 0 1
50	2	0 0 1 0 0 0 1 0 0 1
50	6	0 0 0 1 1 0 1 0 0 0
50	25	0 1 0 1 1 0 1 0 0 0
60	1	1 1 1 0 1 0 1 1 0 0
60	5	1 1 1 0 1 1 0 1 0 0
60	1	0 0 1 0 1 1 0 1 0 0
60	5	0 1 1 0 1 1 0 1 0 0
60	1	1 1 0 0 1 0 0 1 1 0
60	2	1 1 1 0 0 0 0 1 0 0
60	47	1 1 1 0 1 0 0 1 0 0
60	8	0 1 1 0 1 0 0 1 0 0
60	2	1 1 1 0 1 1 0 0 0 0
60	3	0 1 1 0 1 1 0 0 0 0
60	4	0 1 1 0 1 1 1 1 0 0
60	2	1 0 0 0 1 0 1 1 0 1
60	3	0 0 0 1 1 0 1 0 0 0
60	16	0 1 0 1 1 0 1 0 0 0
70	1	1 1 1 1 1 1 0 1 0 0
70	2	1 1 1 0 1 1 0 0 0 0
70	15	1 1 1 0 1 1 0 1 0 0
70	8	0 1 1 0 1 1 0 1 0 0
70	3	1 1 0 0 1 0 0 1 0 0
70	1	1 1 1 0 0 0 0 1 0 0
70	60	1 1 1 0 1 0 0 1 0 0
70	1	0 1 1 0 1 0 0 1 0 0
70	1	0 1 1 0 1 1 0 0 0 0
70	8	0 1 0 1 1 0 1 0 0 0
