10	1	0 0 0 1 0 1 1 1 0 1
10	20	0 0 0 1 0 1 1 0 0 1
10	2	0 0 1 1 0 0 1 0 1 0
10	2	0 1 1 1 0 0 0 0 1 0
10	1	1 0 1 1 0 0 0 0 1 0
10	2	0 0 1 1 1 0 0 0 1 0
10	27	0 0 1 1 0 0 0 0 1 0
10	27	1 0 0 1 0 1 1 0 1 0
10	18	1 1 1 1 0 1 0 1 1 1
20	2	0 0 0 1 0 1 0 0 0 1
20	13	0 0 0 1 0 1 1 0 0 1
20	6	0 1 1 1 0 0 0 0 1 0
20	8	1 0 1 1 0 1 0 0 1 0
20	3	1 0 1 1 0 0 0 0 1 0
20	26	0 0 1 1 0 0 0 0 1 0
20	3	1 0 0 1 0 1 1 0 1 1
20	20	1 0 0 1 0 1 1 0 1 0
20	19	1 1 1 1 0 1 0 1 1 1
30	3	0 0 0 1 0 1 0 0 0 1
30	9	0 0 0 1 0 1 1 0 0 1
30	7	0 0 1 1 0 0 0 0 0 0
30	27	0 1 1 1 0 0 0 0 1 0
30	1	1 0 0 1 0 1 0 0 1 0
30	18	1 0 1 1 0 1 0 0 1 0
30	11	1 0 1 1 0 0 0 0 1 0
30	7	0 0 1 1 0 0 0 0 1 0
30	4	1 1 0 1 0 1 1 0 1 0
30	5	1 0 0 1 0 1 1 0 1 0
30	8	1 1 1 1 0 1 0 1 1 1
40	3	0 0 0 1 0 1 1 0 0 1
40	3	0 0 1 1 0 0 0 0 0 0
40	30	0 1 1 1 0 0 0 0 1 0
40	3	0 0 1 1 0 0 0 0 1 0
40	11	1 0 1 1 0 1 0 0 1 0
40	37	1 0 1 1 0 0 0 0 1 0
40	7	1 0 0 1 0 1 1 0 1 0
40	1	1 1 1 1 0 1 0 0 1 1
40	5	1 1 1 1 0 1 0 1 1 1
50	1	0 0 0 1 0 1 0 0 0 1
50	2	0 0 1 1 0 0 0 0 0 0
50	1	0 1 1 1 1 0 0 0 1 0
50	2	0 0 1 1 0 0 0 0 1 0
50	44	0 1 1 1 0 0 0 0 1 0
50	1	1 0 1 0 0 1 0 0 1 0
50	1	1 0 1 1 1 1 0 0 1 0
50	7	1 0 1 1 0 1 0 0 1 0
50	1	1 0 0 1 0 0 0 0 1 0
50	39	1 0 1 1 0 0 0 0 1 0
50	1	1 0 0 1 0 1 1 0 1 0
60	2	1 0 1 1 0 0 0 0 0 0
60	11	0 0 1 1 0 0 0 0 0 0
60	1	0 1 1 1 1 0 0 0 1 0
60	1	1 1 1 1 0 0 0 0 1 0
60	28	0 1 1 1 0 0 0 0 1 0
60	5	0 1 1 1 0 0 0 0 0 0
60	12	1 0 1 1 0 1 0 0 1 0
60	1	1 0 0 1 0 0 0 0 1 0
60	1	1 0 1 1 0 0 0 1 1 0
60	32	1 0 1 1 0 0 0 0 1 0
60	1	1 1 0 1 0 1 1 0 1 0
60	5	1 1 1 1 0 1 0 1 1 0
70	5	0 0 1 1 0 0 0 0 0 0
70	4	1 0 1 1 0 0 0 0 0 0
70	1	0 1 1 0 1 0 0 0 1 0
70	1	0 1 1 1 1 0 0 0 1 0
70	2	1 1 1 1 0 0 0 0 1 0
70	1	0 1 1 1 0 1 0 0 1 0
70	7	0 1 1 1 0 0 0 0 0 0
70	24	0 1 1 1 0 0 0 0 1 0
70	1	0 1 1 0 0 0 0 0 1 0
70	15	1 0 1 1 0 1 0 0 1 0
70	35	1 0 1 1 0 0 0 0 1 0
70	4	1 1 1 1 0 1 0 1 1 0
