0	100	0 0 0 0 0 0 0 0 0 0
10	1	0 0 0 0 0 1 0 0 0 0
10	1	0 0 0 0 0 0 0 1 0 0
10	98	0 0 0 0 0 0 0 0 0 0
20	3	0 0 0 1 0 0 0 0 0 0
20	1	0 0 0 0 0 1 0 0 0 0
20	1	0 1 0 0 0 0 0 0 0 0
20	2	0 0 1 0 0 0 0 0 0 0
20	2	0 0 0 0 0 0 0 0 0 1
20	91	0 0 0 0 0 0 0 0 0 0
30	1	0 1 0 1 0 0 0 0 0 0
30	3	0 0 0 0 0 0 0 1 0 0
30	3	0 0 1 0 0 0 0 0 0 0
30	1	0 0 0 1 0 0 0 0 0 0
30	89	0 0 0 0 0 0 0 0 0 0
30	1	0 0 0 0 1 0 0 0 0 0
30	1	1 0 0 0 0 0 1 0 0 0
30	1	0 0 0 0 0 0 0 0 0 1
40	5	0 0 0 0 0 0 0 1 0 0
40	1	1 0 0 0 0 0 0 0 0 0
40	4	0 0 1 0 0 0 0 0 0 0
40	85	0 0 0 0 0 0 0 0 0 0
40	1	0 0 0 1 0 0 0 0 0 0
40	2	0 0 0 0 0 1 0 0 0 0
40	1	0 0 0 0 0 0 1 0 0 0
40	1	0 0 0 0 0 0 1 0 0 1
50	1	1 0 0 0 0 0 0 1 0 0
50	4	0 0 0 0 0 0 0 1 0 0
50	1	0 0 0 0 0 0 0 0 1 0
50	5	0 0 1 0 0 0 0 0 0 0
50	2	0 0 0 0 1 0 0 0 0 0
50	1	0 0 0 0 0 0 0 0 0 1
50	3	0 0 0 1 0 0 0 0 0 0
50	2	0 0 0 0 0 1 0 0 0 0
50	79	0 0 0 0 0 0 0 0 0 0
50	2	0 0 0 0 0 0 1 0 0 1
60	3	1 1 0 0 0 0 0 1 0 0
60	1	1 0 0 0 0 0 0 1 0 0
60	4	0 0 1 0 0 0 0 0 0 0
60	1	0 0 0 0 0 0 1 0 0 0
60	6	0 0 0 0 0 1 0 0 0 0
60	8	0 0 0 1 0 0 0 0 0 0
60	5	0 0 0 0 1 0 0 0 0 0
60	1	0 0 0 0 0 0 0 0 0 1
60	71	0 0 0 0 0 0 0 0 0 0
70	1	1 1 0 0 0 0 0 1 0 0
70	5	1 0 0 0 0 0 0 0 0 0
70	10	0 0 0 1 0 0 0 0 0 0
70	1	0 0 0 0 0 1 0 0 0 1
70	6	0 0 0 0 0 1 0 0 0 0
70	3	0 0 0 0 1 0 0 0 0 0
70	1	0 0 0 0 0 0 0 0 0 1
70	2	0 0 1 0 0 0 0 0 0 0
70	70	0 0 0 0 0 0 0 0 0 0
70	1	1 0 0 1 0 0 0 0 0 0
80	3	1 1 0 0 0 0 0 1 0 0
80	2	1 0 0 0 0 0 1 0 0 0
80	3	1 0 0 1 0 0 0 0 0 0
80	2	1 0 0 0 0 0 0 0 0 0
80	3	0 1 0 1 0 0 0 0 0 0
80	15	0 0 0 1 0 0 0 0 0 0
80	2	0 0 0 0 0 1 0 0 0 1
80	1	0 0 0 0 0 0 1 0 0 0
80	6	0 0 0 0 0 1 0 0 0 0
80	3	0 0 0 0 1 0 0 0 0 0
80	2	0 0 1 0 0 0 0 0 0 0
80	1	0 0 0 0 0 0 0 0 1 0
80	57	0 0 0 0 0 0 0 0 0 0
90	4	1 1 0 0 0 0 0 1 0 0
90	1	1 0 0 0 0 0 1 0 0 0
90	1	1 0 0 1 0 0 0 0 0 0
90	8	1 0 0 0 0 0 0 0 0 0
90	1	0 1 0 1 0 1 0 0 0 0
90	1	0 1 0 1 0 0 0 0 0 0
90	3	0 0 0 1 0 0 0 1 0 0
90	1	0 0 0 1 0 1 0 0 0 0
90	13	0 0 0 1 0 0 0 0 0 0
90	7	0 0 0 0 0 1 0 0 0 0
90	4	0 0 0 0 0 0 1 0 0 0
90	8	0 0 1 0 0 0 0 0 0 0
90	48	0 0 0 0 0 0 0 0 0 0
100	3	1 1 0 0 0 0 0 1 0 0
100	1	1 0 0 0 0 0 1 0 0 0
100	1	0 0 0 0 0 0 0 1 0 0
100	4	0 0 1 0 0 0 0 0 0 0
100	1	0 0 0 1 0 0 0 0 0 1
100	28	0 0 0 1 0 0 0 0 0 0
100	3	0 1 0 0 0 0 0 0 0 0
100	1	0 0 0 0 0 1 0 0 0 0
100	6	1 0 0 0 0 0 0 0 0 0
100	51	0 0 0 0 0 0 0 0 0 0
100	1	0 1 0 1 0 1 0 0 0 0
110	1	1 1 0 0 0 0 0 1 0 0
110	1	0 0 0 0 0 0 1 0 0 0
110	1	1 0 0 0 0 0 0 0 0 0
110	2	0 1 0 0 0 0 0 0 0 0
110	1	0 0 0 0 0 0 0 0 0 1
110	3	0 0 0 0 0 1 0 0 0 0
110	50	0 0 0 0 0 0 0 0 0 0
110	11	0 0 1 0 0 0 0 0 0 0
110	1	0 0 0 1 0 0 0 0 0 1
110	27	0 0 0 1 0 0 0 0 0 0
110	1	0 0 1 1 0 0 0 1 0 0
110	1	0 0 1 1 0 0 0 0 0 0
120	2	0 1 0 0 0 0 0 1 0 0
120	8	1 1 0 0 0 0 0 1 0 0
120	11	1 0 0 0 0 0 0 0 0 0
120	3	0 1 0 0 0 0 0 0 0 0
120	13	0 0 1 0 0 0 0 0 0 0
120	30	0 0 0 0 0 0 0 0 0 0
120	29	0 0 0 1 0 0 0 0 0 0
120	1	0 0 1 1 0 0 0 0 0 1
120	3	0 1 0 1 0 1 0 0 0 0
130	1	1 0 1 0 0 0 0 0 0 0
130	2	0 0 0 1 0 1 0 0 0 0
130	30	0 0 0 1 0 0 0 0 0 0
130	17	0 0 1 0 0 0 0 0 0 0
130	23	0 0 0 0 0 0 0 0 0 0
130	1	0 0 1 0 0 1 0 0 0 0
130	7	1 0 0 0 0 0 0 0 0 0
130	2	0 1 0 0 0 0 0 0 0 0
130	1	0 0 0 0 1 0 0 0 0 0
130	1	0 0 0 0 0 0 0 1 0 0
130	2	0 1 0 1 0 0 0 0 0 0
130	3	0 0 1 1 0 0 0 0 0 1
130	1	0 1 0 1 0 1 0 0 0 1
130	9	0 1 0 1 0 1 0 0 0 0
140	1	1 0 1 0 0 0 0 0 0 0
140	2	0 0 1 1 0 0 0 0 0 0
140	39	0 0 0 1 0 0 0 0 0 0
140	5	0 1 0 1 0 0 0 0 0 0
140	23	0 0 1 0 0 0 0 0 0 0
140	12	0 0 0 0 0 0 0 0 0 0
140	1	0 0 1 0 0 1 0 0 0 0
140	4	1 0 0 0 0 0 0 0 0 0
140	1	0 1 0 0 0 0 0 0 0 0
140	2	0 0 1 1 0 0 0 1 0 1
140	1	0 0 1 1 0 0 0 0 0 1
140	1	0 1 0 1 0 1 0 0 0 1
140	8	0 1 0 1 0 1 0 0 0 0
150	1	1 0 1 0 0 0 0 0 0 0
150	1	0 0 1 1 0 0 0 0 0 0
150	3	0 0 0 1 0 0 0 1 0 0
150	2	0 0 0 0 0 0 1 0 0 0
150	24	0 0 1 0 0 0 0 0 0 0
150	2	0 0 0 0 0 1 0 0 0 0
150	13	0 0 0 0 0 0 0 0 0 0
150	2	1 0 0 0 0 0 0 0 0 0
150	3	0 1 0 0 0 0 0 0 0 0
150	4	0 1 0 1 0 0 0 0 0 0
150	32	0 0 0 1 0 0 0 0 0 0
150	1	0 1 0 1 0 0 0 0 1 0
150	3	0 1 0 0 0 1 1 0 0 0
150	1	0 1 0 1 0 1 1 0 0 0
150	8	0 1 0 1 0 1 0 0 0 0
