10	1	0 1 1 0 0 1 0 0 1 1 0 0 1 1 1 0 0 1 0 0 1 0 0 1 0 1 1 1 0 1 0 0 1 1 0 1 1 0 0 1 0 1 0 0 0 0 0 0 0 1
10	7	0 1 1 0 0 1 0 0 1 1 0 0 1 1 1 0 0 1 0 1 1 0 0 1 0 1 1 1 0 1 0 0 1 1 0 1 1 0 0 1 0 1 0 0 0 0 0 0 0 1
10	12	1 1 1 0 0 0 0 0 1 1 1 1 0 1 0 0 0 1 1 0 0 0 0 1 0 0 1 0 0 0 1 1 1 0 1 0 1 0 0 0 1 0 0 0 1 0 1 1 1 0
10	16	0 0 0 1 1 0 0 1 1 1 0 1 0 0 0 1 1 1 0 0 0 1 1 1 1 0 1 0 0 0 1 0 0 1 0 0 0 0 1 0 1 1 1 1 0 1 0 0 0 0
10	23	0 1 1 1 1 1 1 1 1 1 1 1 0 1 0 0 0 1 0 0 1 0 1 1 1 0 0 1 1 1 0 1 1 0 0 0 0 0 0 1 1 0 0 0 1 0 1 1 0 1
10	6	1 1 0 1 1 1 1 1 1 1 0 1 1 1 0 0 1 0 1 1 1 0 1 0 0 1 1 0 1 1 0 0 1 0 0 0 0 1 1 1 1 1 0 0 1 0 0 0 0 0
10	21	1 1 1 1 1 1 1 1 1 1 0 1 1 1 0 0 1 0 1 1 1 0 1 0 0 0 1 0 1 1 0 0 1 0 0 0 0 1 1 1 1 1 0 0 1 0 0 0 0 0
10	1	1 1 0 1 1 1 1 1 1 1 0 1 1 1 0 0 1 0 1 1 1 0 1 0 0 0 1 0 1 1 0 0 1 0 0 0 0 1 1 1 1 1 0 0 1 0 0 0 1 0
10	13	1 1 0 1 1 1 1 1 1 1 0 1 1 1 0 0 1 0 1 1 1 0 1 0 0 0 1 0 1 1 0 0 1 0 0 0 0 1 1 1 1 1 0 0 1 0 0 0 0 0
20	1	1 1 1 0 0 0 0 0 1 1 1 1 0 1 0 0 0 1 1 0 0 0 0 1 0 0 1 0 0 0 1 1 1 0 1 0 1 0 0 0 1 0 0 0 1 0 1 1 1 0
20	1	0 1 1 1 1 1 1 1 1 1 1 1 0 1 0 0 0 1 0 0 1 0 1 1 1 0 0 1 1 1 0 1 1 0 0 0 0 0 1 1 1 0 0 0 1 0 1 1 0 1
20	1	1 1 0 1 1 1 1 1 1 1 0 1 1 1 0 0 1 0 1 1 1 0 1 0 0 1 1 1 1 1 0 0 1 0 0 0 0 1 1 1 1 1 0 0 1 0 0 0 0 0
20	19	1 1 0 1 1 1 1 1 1 1 0 1 1 1 0 0 1 0 1 1 1 0 1 0 0 1 1 0 1 1 0 0 1 0 0 0 0 1 1 1 1 1 0 0 1 0 0 0 0 0
20	1	1 1 1 1 1 1 1 1 1 1 0 0 1 1 0 0 1 0 1 1 1 0 1 0 0 0 1 0 1 1 0 0 1 0 0 0 0 1 1 1 1 1 0 0 1 0 0 0 0 0
20	1	1 1 1 1 0 1 1 1 1 1 0 1 1 1 0 0 1 0 1 1 1 0 1 0 0 0 1 0 1 1 0 0 1 0 0 0 0 1 1 1 1 1 0 0 1 0 0 0 0 0
20	75	1 1 1 1 1 1 1 1 1 1 0 1 1 1 0 0 1 0 1 1 1 0 1 0 0 0 1 0 1 1 0 0 1 0 0 0 0 1 1 1 1 1 0 0 1 0 0 0 0 0
20	1	1 1 0 1 1 1 1 1 1 1 0 1 1 1 0 0 1 0 1 1 1 0 1 0 0 0 1 0 1 1 0 0 1 0 0 0 0 1 1 1 1 1 0 0 1 0 0 0 1 0
30	1	0 1 1 1 1 1 1 1 1 1 1 1 0 1 0 0 0 1 0 0 1 0 1 1 1 0 0 1 1 1 0 1 1 0 0 0 0 0 1 1 1 0 0 0 1 0 1 1 0 1
30	1	1 1 0 1 1 1 1 1 1 1 0 1 1 1 0 0 1 0 1 1 1 0 1 0 0 1 1 0 1 1 0 0 1 0 0 0 0 1 1 1 1 1 0 0 1 0 0 0 0 1
30	10	1 1 0 1 1 1 1 1 1 1 0 1 1 1 0 0 1 0 1 1 1 0 1 0 0 1 1 0 1 1 0 0 1 0 0 0 0 1 1 1 1 1 0 0 1 0 0 0 0 0
30	1	1 1 1 1 1 1 1 1 1 1 0 1 1 1 0 0 1 0 1 1 1 0 1 0 0 0 1 0 1 1 0 0 1 0 0 1 0 1 1 1 1 1 0 0 1 0 0 0 0 0
30	1	1 1 1 1 1 1 1 1 1 1 0 1 1 1 0 0 1 0 1 1 1 0 1 0 0 0 1 0 1 1 0 0 1 0 0 0 0 1 0 1 1 1 0 0 1 0 0 0 0 0
30	1	1 0 1 1 1 1 1 1 1 1 0 1 1 1 0 0 1 0 1 1 1 0 1 0 0 0 1 0 1 1 0 0 1 0 0 0 0 1 1 1 1 1 0 0 1 0 0 0 0 0
30	85	1 1 1 1 1 1 1 1 1 1 0 1 1 1 0 0 1 0 1 1 1 0 1 0 0 0 1 0 1 1 0 0 1 0 0 0 0 1 1 1 1 1 0 0 1 0 0 0 0 0
40	1	1 1 0 1 1 1 1 1 1 1 0 1 1 1 0 1 1 0 1 1 1 0 1 0 0 1 1 0 1 1 0 0 1 0 0 0 0 1 1 1 1 1 0 0 1 0 0 0 0 0
40	1	1 1 0 1 1 1 1 1 1 1 0 1 1 1 0 0 1 0 1 1 1 0 1 0 0 1 1 0 1 1 0 0 1 0 0 0 0 1 1 1 1 1 0 0 1 0 0 0 0 1
40	1	1 1 0 1 1 1 1 1 1 1 0 1 1 1 0 0 1 0 1 1 1 0 1 0 0 1 1 0 1 1 0 0 1 0 0 0 0 1 1 1 1 1 0 0 1 1 0 0 0 0
40	5	1 1 0 1 1 1 1 1 1 1 0 1 1 1 0 0 1 0 1 1 1 0 1 0 0 1 1 0 1 1 0 0 1 0 0 0 0 1 1 1 1 1 0 0 1 0 0 0 0 0
40	2	1 1 1 1 1 1 1 1 1 1 0 1 1 1 0 0 1 0 1 1 1 0 1 0 0 0 1 1 1 1 0 0 1 0 0 0 0 1 1 1 1 1 0 0 1 0 0 0 0 0
40	1	1 1 1 1 1 1 1 1 1 1 0 1 1 1 0 0 1 0 1 1 1 0 1 0 0 0 0 0 1 1 0 0 1 0 0 0 0 1 1 1 1 1 0 0 1 0 0 0 0 0
40	1	1 1 1 0 1 1 1 1 1 1 0 1 1 1 0 0 1 0 1 1 1 0 1 0 0 0 1 0 1 1 0 0 1 0 0 0 0 1 1 1 1 1 0 0 1 0 0 0 0 0
40	1	1 1 1 1 1 1 1 1 1 1 0 1 1 1 0 0 1 0 1 1 1 0 1 0 0 0 1 0 1 1 0 0 1 0 1 0 0 1 1 1 1 1 0 0 1 0 0 0 0 0
40	1	1 1 1 1 1 1 1 1 0 1 0 1 1 1 0 0 1 0 1 1 1 0 1 0 0 0 1 0 1 1 0 0 1 0 0 0 0 1 1 1 1 1 0 0 1 0 0 0 0 0
40	1	1 1 1 1 1 1 1 1 1 1 0 1 1 1 0 0 1 0 1 1 1 0 1 0 0 0 1 0 1 1 0 0 1 0 0 0 0 1 1 1 1 1 0 0 1 0 1 0 0 0
40	85	1 1 1 1 1 1 1 1 1 1 0 1 1 1 0 0 1 0 1 1 1 0 1 0 0 0 1 0 1 1 0 0 1 0 0 0 0 1 1 1 1 1 0 0 1 0 0 0 0 0
50	3	1 1 1 1 1 1 1 1 1 1 0 1 1 1 0 0 1 0 1 1 1 0 1 0 0 0 1 1 1 1 0 0 1 0 0 0 0 1 1 1 1 1 0 0 1 0 0 0 0 0
50	3	1 1 1 1 1 1 1 1 1 1 0 1 1 1 0 0 1 0 1 1 1 0 1 0 0 0 0 0 1 1 0 0 1 0 0 0 0 1 1 1 1 1 0 0 1 0 0 0 0 0
50	2	1 1 1 1 1 1 1 1 1 1 0 1 1 1 0 0 1 0 1 1 1 0 1 0 0 0 1 0 1 1 0 0 1 0 0 0 0 1 1 1 1 1 1 0 1 0 0 0 0 0
50	1	1 1 1 1 1 1 1 1 1 1 0 1 1 1 0 0 1 0 1 1 1 0 1 0 0 0 1 0 1 1 0 0 0 0 0 0 0 1 1 1 1 1 0 0 1 0 0 0 0 0
50	1	1 1 1 1 1 1 1 1 1 1 0 1 1 1 0 0 1 0 1 1 1 1 1 0 0 0 1 0 1 1 0 0 1 0 0 0 0 1 1 1 1 1 0 0 1 0 0 0 0 0
50	90	1 1 1 1 1 1 1 1 1 1 0 1 1 1 0 0 1 0 1 1 1 0 1 0 0 0 1 0 1 1 0 0 1 0 0 0 0 1 1 1 1 1 0 0 1 0 0 0 0 0
60	2	1 1 1 1 1 1 1 1 1 1 0 1 1 1 0 0 1 0 1 1 1 0 1 0 0 0 1 1 1 1 0 0 1 0 0 0 0 1 1 1 1 1 0 0 1 0 0 0 0 0
60	9	1 1 1 1 1 1 1 1 1 1 0 1 1 1 0 0 1 0 1 1 1 0 1 0 0 0 1 0 1 1 0 0 1 0 0 0 0 1 1 1 0 1 0 0 1 0 0 0 0 0
60	5	1 1 1 1 1 1 1 1 1 1 0 1 1 1 0 0 1 0 1 1 1 0 1 0 0 0 1 0 1 1 0 0 1 0 0 0 0 1 1 1 1 1 1 0 1 0 0 0 0 0
60	2	1 1 1 1 1 1 1 1 1 1 0 1 1 1 0 0 1 0 1 1 1 1 1 0 0 0 1 0 1 1 0 0 1 0 0 0 0 1 1 1 1 1 0 0 1 0 0 0 0 0
60	1	1 0 1 1 1 1 1 1 1 1 0 1 1 1 0 0 1 0 1 1 1 0 1 0 0 0 1 0 1 1 0 0 1 0 0 0 0 1 1 1 1 1 0 0 1 0 0 0 0 0
60	2	1 1 1 1 1 1 1 0 1 1 0 1 1 1 0 0 1 0 1 1 1 0 1 0 0 0 1 0 1 1 0 0 1 0 0 0 0 1 1 1 1 1 0 0 1 0 0 0 0 0
60	1	1 1 1 1 1 1 1 1 1 1 0 1 1 1 0 0 1 0 1 1 1 0 1 0 0 0 1 0 1 1 0 0 1 0 0 0 0 1 1 1 1 1 0 1 1 0 0 0 0 0
60	78	1 1 1 1 1 1 1 1 1 1 0 1 1 1 0 0 1 0 1 1 1 0 1 0 0 0 1 0 1 1 0 0 1 0 0 0 0 1 1 1 1 1 0 0 1 0 0 0 0 0
70	3	1 1 0 1 1 1 1 1 1 1 0 1 1 1 0 0 1 0 1 1 1 0 0 0 0 1 1 0 1 1 0 0 1 0 0 0 0 1 1 1 1 1 0 0 1 0 0 0 0 0
70	1	1 1 1 1 1 1 1 1 1 1 0 1 1 1 0 0 1 0 1 1 1 0 1 0 0 0 0 0 1 1 0 0 1 0 0 0 0 1 1 1 1 1 0 0 1 0 0 0 0 0
70	2	1 1 1 1 1 1 1 1 1 1 0 1 1 1 0 0 0 0 1 1 1 0 1 0 0 0 1 0 1 1 0 0 1 0 0 0 0 1 1 1 0 1 0 0 1 0 0 0 0 0
70	10	1 1 1 1 1 1 1 1 1 1 0 1 1 1 0 0 1 0 1 1 1 0 1 0 0 0 1 0 1 1 0 0 1 0 0 0 0 1 1 1 0 1 0 0 1 0 0 0 0 0
70	1	1 1 1 1 1 1 1 1 1 1 0 1 1 1 0 0 1 0 1 1 1 0 1 0 0 0 1 0 1 1 0 0 1 0 0 0 0 1 1 1 1 1 1 0 1 0 0 0 0 0
70	1	1 1 1 1 1 1 1 1 1 1 0 1 1 1 0 0 1 0 1 1 1 0 1 0 0 0 1 0 1 1 0 0 1 0 0 0 0 1 1 1 1 1 0 0 1 0 0 0 1 0
70	1	1 1 1 1 1 1 1 1 1 1 0 1 1 1 0 0 1 0 0 1 1 0 1 0 0 0 1 0 1 1 0 0 1 0 0 0 0 1 1 1 1 1 0 0 1 0 0 0 0 0
70	81	1 1 1 1 1 1 1 1 1 1 0 1 1 1 0 0 1 0 1 1 1 0 1 0 0 0 1 0 1 1 0 0 1 0 0 0 0 1 1 1 1 1 0 0 1 0 0 0 0 0
80	1	1 1 1 1 1 1 1 1 1 1 0 1 1 1 0 0 1 0 1 1 1 0 1 0 0 0 0 0 1 1 0 0 1 0 0 0 0 1 1 1 1 1 0 0 1 0 0 0 0 0
80	2	1 1 1 1 1 1 1 1 1 1 0 1 1 1 0 0 0 0 1 1 1 0 1 0 0 0 1 0 1 1 0 0 1 0 0 0 0 1 1 1 0 1 0 0 1 0 0 0 0 0
80	1	1 1 1 1 1 1 1 1 1 1 0 1 1 1 0 0 1 0 1 1 1 0 1 0 0 0 1 0 1 1 0 0 1 0 0 0 0 1 1 1 0 1 0 0 1 0 0 0 1 0
80	1	1 1 1 1 1 1 1 1 1 1 0 1 1 1 0 0 1 0 1 1 1 0 1 0 0 0 1 0 1 1 0 0 1 0 0 0 0 1 1 1 0 1 0 0 1 0 0 0 0 1
80	19	1 1 1 1 1 1 1 1 1 1 0 1 1 1 0 0 1 0 1 1 1 0 1 0 0 0 1 0 1 1 0 0 1 0 0 0 0 1 1 1 0 1 0 0 1 0 0 0 0 0
80	1	1 1 1 1 1 1 1 1 1 1 0 1 1 1 0 0 1 0 1 1 1 0 1 0 0 0 1 0 1 1 0 0 1 0 0 0 0 1 1 1 1 1 1 0 1 0 0 0 0 0
80	1	1 1 1 1 1 1 1 1 1 1 0 1 1 1 0 1 1 0 1 1 1 0 1 0 0 0 1 0 1 1 0 0 1 0 0 0 0 1 1 1 1 1 0 0 1 0 0 0 0 0
80	1	1 1 1 1 1 1 1 1 1 1 1 1 1 1 0 0 1 0 1 1 1 0 1 0 0 0 1 0 0 1 0 0 1 0 0 0 0 1 1 1 1 1 0 0 1 0 0 0 0 0
80	1	1 1 1 1 1 1 1 1 1 1 0 1 1 1 0 0 1 0 1 1 1 0 1 0 0 0 1 0 1 1 0 0 1 0 0 1 0 1 1 1 1 1 0 0 1 0 0 0 0 0
80	72	1 1 1 1 1 1 1 1 1 1 0 1 1 1 0 0 1 0 1 1 1 0 1 0 0 0 1 0 1 1 0 0 1 0 0 0 0 1 1 1 1 1 0 0 1 0 0 0 0 0
90	1	1 1 0 1 1 1 1 1 1 1 0 1 1 1 0 0 1 0 1 1 1 0 0 0 0 1 1 0 1 1 0 0 1 0 0 0 0 1 1 1 1 1 0 0 1 0 0 0 0 0
90	1	1 1 1 1 1 1 1 1 1 1 0 1 1 1 0 0 0 0 1 1 1 0 1 0 0 1 1 0 1 1 0 0 1 0 0 0 0 1 1 1 0 1 0 0 1 0 0 0 0 0
90	11	1 1 1 1 1 1 1 1 1 1 0 1 1 1 0 0 0 0 1 1 1 0 1 0 0 0 1 0 1 1 0 0 1 0 0 0 0 1 1 1 0 1 0 0 1 0 0 0 0 0
90	22	1 1 1 1 1 1 1 1 1 1 0 1 1 1 0 0 1 0 1 1 1 0 1 0 0 0 1 0 1 1 0 0 1 0 0 0 0 1 1 1 0 1 0 0 1 0 0 0 0 0
90	1	1 1 1 1 1 1 1 1 1 1 0 1 1 1 0 0 1 0 1 1 1 0 1 0 0 0 1 0 1 1 0 0 1 0 1 0 0 1 1 1 1 1 0 0 1 0 0 0 0 0
90	1	1 1 1 1 1 1 1 1 1 1 0 1 1 1 0 0 1 0 1 1 1 0 1 0 0 0 1 0 1 1 0 0 1 0 0 0 0 1 1 1 1 1 1 0 1 0 0 0 0 0
90	2	1 1 1 1 1 1 1 1 1 1 0 1 1 1 0 0 1 1 1 1 1 0 1 0 0 0 1 0 1 1 0 0 1 0 0 0 0 1 1 1 1 1 0 0 1 0 0 0 0 0
90	1	1 1 1 1 1 1 1 1 1 1 0 1 1 1 0 1 1 0 1 1 1 0 1 0 0 0 1 0 1 1 0 0 1 0 0 0 0 1 1 1 1 1 0 0 1 0 0 0 0 0
90	1	1 1 1 1 1 1 1 1 1 1 0 1 1 1 0 0 1 0 1 1 1 0 1 0 1 0 1 0 1 1 0 0 1 0 0 0 0 1 1 1 1 0 0 0 1 0 0 0 0 0
90	2	1 1 1 1 1 1 1 1 1 1 0 1 1 1 0 0 1 0 1 1 1 0 1 0 0 0 1 0 1 1 0 0 1 0 0 0 0 1 1 1 1 0 0 0 1 0 0 0 0 0
90	1	1 1 1 1 1 1 1 1 1 1 0 1 1 1 0 0 1 0 1 1 1 0 1 0 0 0 1 0 1 1 0 0 1 0 0 1 0 1 1 1 1 1 0 0 1 0 0 0 0 0
90	2	1 1 1 1 1 1 1 1 1 1 0 1 1 1 0 0 1 0 1 1 1 0 0 0 0 0 1 0 1 1 0 0 1 0 0 0 0 1 1 1 1 1 0 0 1 0 0 0 0 0
90	54	1 1 1 1 1 1 1 1 1 1 0 1 1 1 0 0 1 0 1 1 1 0 1 0 0 0 1 0 1 1 0 0 1 0 0 0 0 1 1 1 1 1 0 0 1 0 0 0 0 0
100	1	1 1 1 1 1 1 1 1 1 1 0 1 1 1 0 0 0 0 1 1 1 0 1 0 1 1 1 0 1 1 0 0 1 0 0 0 0 1 1 1 0 1 0 0 1 0 0 0 0 0
100	1	1 1 1 1 1 1 1 1 1 1 0 1 1 1 0 0 0 0 1 1 1 0 1 0 0 1 1 0 1 1 0 0 1 0 0 0 0 1 1 1 0 1 0 1 1 0 0 0 0 0
100	5	1 1 1 1 1 1 1 1 1 1 0 1 1 1 0 0 0 0 1 1 1 0 1 0 0 1 1 0 1 1 0 0 1 0 0 0 0 1 1 1 0 1 0 0 1 0 0 0 0 0
100	11	1 1 1 1 1 1 1 1 1 1 0 1 1 1 0 0 0 0 1 1 1 0 1 0 0 0 1 0 1 1 0 0 1 0 0 0 0 1 1 1 0 1 0 0 1 0 0 0 0 0
100	2	1 1 1 1 1 1 1 1 1 1 1 1 1 1 0 0 1 0 1 1 1 0 1 0 0 0 1 0 1 1 0 0 1 0 0 0 0 1 1 1 0 1 0 0 1 0 0 0 0 0
100	1	1 1 1 1 1 1 1 1 1 1 0 1 1 1 0 0 1 0 1 1 1 0 1 0 0 0 1 0 1 1 0 0 1 0 0 0 0 1 1 0 1 1 0 0 1 0 0 0 0 0
100	1	1 1 1 1 1 1 1 1 1 1 0 1 1 1 0 0 1 0 1 1 1 1 1 0 0 0 1 0 1 1 0 0 1 0 0 0 0 1 1 1 1 1 0 0 1 0 0 0 0 0
100	34	1 1 1 1 1 1 1 1 1 1 0 1 1 1 0 0 1 0 1 1 1 0 1 0 0 0 1 0 1 1 0 0 1 0 0 0 0 1 1 1 0 1 0 0 1 0 0 0 0 0
100	38	1 1 1 1 1 1 1 1 1 1 0 1 1 1 0 0 1 0 1 1 1 0 1 0 0 0 1 0 1 1 0 0 1 0 0 0 0 1 1 1 1 1 0 0 1 0 0 0 0 0
100	4	1 1 1 1 1 1 1 1 1 1 0 1 1 1 0 0 1 0 1 1 1 0 1 0 0 0 1 0 1 1 0 0 1 0 0 0 0 1 1 1 1 0 0 0 1 0 0 0 0 0
100	1	1 1 1 1 1 1 1 1 1 1 0 1 1 1 0 0 1 0 0 1 1 0 1 0 0 0 1 0 1 1 0 0 1 0 0 0 0 1 1 1 1 1 0 0 1 0 0 0 0 0
100	1	1 1 1 1 1 1 1 1 1 0 0 1 1 1 0 0 1 0 1 1 1 0 1 0 0 0 1 0 1 1 0 0 1 0 0 0 0 1 1 1 1 1 0 0 1 0 0 0 0 0
110	1	1 1 1 1 1 1 1 1 1 1 0 1 1 1 0 0 0 0 1 1 1 0 1 0 0 1 1 0 1 1 0 1 1 0 0 0 0 1 1 1 0 1 0 0 1 0 0 0 0 0
110	3	1 1 1 1 1 1 1 1 1 1 0 1 1 1 0 0 0 0 1 1 1 0 1 0 0 1 1 0 1 1 0 0 1 0 0 0 0 1 1 1 0 1 0 0 1 0 0 0 0 0
110	20	1 1 1 1 1 1 1 1 1 1 0 1 1 1 0 0 0 0 1 1 1 0 1 0 0 0 1 0 1 1 0 0 1 0 0 0 0 1 1 1 0 1 0 0 1 0 0 0 0 0
110	2	1 1 1 1 1 1 1 1 1 1 1 1 1 1 0 0 1 0 1 1 1 0 1 0 0 0 1 0 1 1 0 0 1 0 0 0 0 1 1 1 0 1 0 0 1 0 0 0 0 0
110	1	1 1 1 1 1 1 1 1 1 1 0 1 1 1 0 0 1 0 1 0 1 0 1 0 0 0 1 0 1 1 0 0 1 0 0 0 0 1 1 1 0 1 0 0 1 0 0 0 0 0
110	2	1 1 1 1 1 1 1 1 1 1 0 1 1 1 0 0 1 0 0 1 1 0 1 0 0 0 1 0 1 1 0 0 1 0 0 0 0 1 1 1 1 1 0 0 1 0 0 0 0 0
110	1	1 1 1 1 1 1 1 1 1 1 0 1 1 1 0 0 1 0 1 1 1 0 1 0 0 0 1 0 1 1 0 0 1 0 0 0 0 1 1 1 1 1 0 0 0 0 0 0 0 0
110	1	1 1 1 1 1 1 0 1 1 1 0 1 1 1 0 0 0 0 1 1 1 0 1 0 0 0 1 0 1 1 0 0 1 0 0 0 0 1 1 1 1 1 0 0 1 0 0 0 0 0
110	2	1 1 1 1 1 1 1 1 1 1 0 1 1 1 0 0 0 0 1 1 1 0 1 0 0 0 1 0 1 1 0 0 1 0 0 0 0 1 1 1 1 1 0 0 1 0 0 0 0 0
110	40	1 1 1 1 1 1 1 1 1 1 0 1 1 1 0 0 1 0 1 1 1 0 1 0 0 0 1 0 1 1 0 0 1 0 0 0 0 1 1 1 0 1 0 0 1 0 0 0 0 0
110	25	1 1 1 1 1 1 1 1 1 1 0 1 1 1 0 0 1 0 1 1 1 0 1 0 0 0 1 0 1 1 0 0 1 0 0 0 0 1 1 1 1 1 0 0 1 0 0 0 0 0
110	1	1 1 1 1 1 1 1 1 1 1 0 1 1 1 0 0 1 0 1 1 1 0 1 0 0 0 1 0 1 0 0 0 1 0 0 0 0 1 1 1 0 1 0 0 1 0 0 1 0 0
110	1	1 1 1 1 1 1 1 1 1 1 0 1 1 1 0 0 1 0 1 1 1 0 1 0 0 0 1 0 1 0 0 0 1 0 0 0 0 1 1 1 0 1 0 0 1 0 0 0 0 0
120	2	1 1 1 1 1 1 1 1 1 1 0 1 1 1 0 0 0 0 1 1 1 0 1 0 0 1 1 0 1 1 0 1 1 0 0 0 0 1 1 1 0 1 0 0 1 0 0 0 0 0
120	6	1 1 1 1 1 1 1 1 1 1 0 1 1 1 0 0 0 0 1 1 1 0 1 0 0 1 1 0 1 1 0 0 1 0 0 0 0 1 1 1 0 1 0 0 1 0 0 0 0 0
120	19	1 1 1 1 1 1 1 1 1 1 0 1 1 1 0 0 0 0 1 1 1 0 1 0 0 0 1 0 1 1 0 0 1 0 0 0 0 1 1 1 0 1 0 0 1 0 0 0 0 0
120	1	1 1 1 1 1 1 1 1 1 1 1 1 1 1 0 0 1 0 1 1 1 0 1 0 0 0 1 0 1 1 0 0 1 0 1 0 0 1 1 1 0 1 0 0 1 0 0 0 0 0
120	2	1 1 1 1 1 1 1 1 1 1 1 1 1 1 0 0 1 0 1 1 1 0 1 0 0 0 1 0 1 1 0 0 1 0 0 0 0 1 1 1 0 1 0 0 1 0 0 0 0 0
120	2	1 1 1 1 1 1 1 1 1 1 0 1 1 1 0 0 1 0 0 1 1 0 1 0 0 0 1 0 1 1 0 0 1 0 0 0 0 1 1 1 1 1 0 0 1 0 0 0 0 0
120	2	1 1 1 1 1 1 1 1 1 1 0 1 1 1 0 0 1 0 1 1 1 0 1 0 0 0 1 0 1 1 0 0 1 0 0 0 0 1 1 1 1 0 0 0 1 0 0 0 0 0
120	3	1 1 1 1 1 1 1 1 1 1 0 1 1 1 0 0 1 0 1 1 1 0 1 0 0 0 1 0 1 1 0 0 1 0 0 0 0 1 1 1 1 1 0 0 0 0 0 0 0 0
120	2	1 1 1 1 1 1 1 1 1 1 0 1 1 1 0 0 0 0 1 1 1 0 1 0 0 0 1 0 1 1 0 0 1 0 0 0 0 1 1 1 1 1 0 0 1 0 0 0 0 0
120	1	1 1 1 1 1 1 1 1 1 1 0 1 1 1 0 0 1 0 1 1 1 0 1 0 1 0 1 0 1 1 0 0 1 0 0 0 0 1 1 1 1 1 0 0 1 0 0 0 0 0
120	17	1 1 1 1 1 1 1 1 1 1 0 1 1 1 0 0 1 0 1 1 1 0 1 0 0 0 1 0 1 1 0 0 1 0 0 0 0 1 1 1 1 1 0 0 1 0 0 0 0 0
120	41	1 1 1 1 1 1 1 1 1 1 0 1 1 1 0 0 1 0 1 1 1 0 1 0 0 0 1 0 1 1 0 0 1 0 0 0 0 1 1 1 0 1 0 0 1 0 0 0 0 0
120	1	1 1 1 1 1 1 1 1 1 1 0 1 1 1 0 0 1 0 1 1 1 0 1 0 0 0 1 0 1 1 0 0 1 0 0 0 0 1 1 1 1 1 0 0 1 0 1 0 0 0
120	1	1 1 1 1 1 1 1 1 1 1 0 1 1 1 0 0 1 0 1 1 1 0 1 0 0 0 1 0 1 1 0 0 1 0 0 0 0 1 0 1 0 1 0 0 1 0 0 0 0 0
130	1	1 1 1 1 1 1 1 1 1 1 0 1 1 0 0 0 0 0 1 1 1 0 1 0 0 1 1 0 1 1 0 0 1 0 0 0 0 1 1 1 0 1 0 0 1 0 0 0 0 0
130	1	1 1 1 1 1 1 1 1 1 1 0 1 1 1 0 0 0 0 1 1 1 0 1 0 0 0 1 0 1 1 0 0 1 0 0 0 0 1 1 1 0 0 0 0 1 0 0 0 0 0
130	16	1 1 1 1 1 1 1 1 1 1 0 1 1 1 0 0 0 0 1 1 1 0 1 0 0 0 1 0 1 1 0 0 1 0 0 0 0 1 1 1 0 1 0 0 1 0 0 0 0 0
130	16	1 1 1 1 1 1 1 1 1 1 0 1 1 1 0 0 0 0 1 1 1 0 1 0 0 1 1 0 1 1 0 0 1 0 0 0 0 1 1 1 0 1 0 0 1 0 0 0 0 0
130	1	1 1 1 1 1 1 1 1 1 1 0 1 1 1 0 0 1 0 1 1 1 0 1 0 0 0 1 0 1 1 0 0 1 0 0 0 0 1 1 1 0 1 0 0 1 1 0 0 0 0
130	48	1 1 1 1 1 1 1 1 1 1 0 1 1 1 0 0 1 0 1 1 1 0 1 0 0 0 1 0 1 1 0 0 1 0 0 0 0 1 1 1 0 1 0 0 1 0 0 0 0 0
130	2	1 1 1 1 1 1 1 1 1 1 0 1 1 1 0 0 0 0 1 1 1 0 1 0 0 0 1 0 1 1 0 0 1 0 0 0 0 1 1 1 1 1 0 0 1 0 0 0 0 0
130	1	1 1 1 1 1 1 1 1 1 1 1 1 1 1 0 0 1 0 1 1 1 0 1 0 0 0 1 0 1 1 0 0 1 0 0 0 0 1 1 1 0 1 0 0 1 0 0 0 0 0
130	2	1 1 1 1 1 1 1 1 1 1 0 1 1 1 0 0 1 0 1 0 1 0 1 0 0 0 1 0 1 1 0 0 1 0 0 0 0 1 1 1 0 1 0 0 1 0 0 0 0 0
130	2	1 1 1 1 1 1 1 1 1 1 0 1 1 1 0 0 1 0 1 1 1 0 1 0 0 0 1 0 1 1 0 0 1 0 0 0 0 1 1 1 1 1 0 0 0 0 0 0 0 0
130	10	1 1 1 1 1 1 1 1 1 1 0 1 1 1 0 0 1 0 1 1 1 0 1 0 0 0 1 0 1 1 0 0 1 0 0 0 0 1 1 1 1 1 0 0 1 0 0 0 0 0
140	2	1 1 1 1 1 1 1 1 1 1 0 1 1 1 0 0 0 0 1 1 1 0 1 0 0 0 1 0 1 1 0 0 1 0 0 0 0 1 1 1 0 0 0 0 1 0 0 0 0 0
140	4	1 1 1 1 1 1 1 1 1 1 0 1 1 1 0 0 0 0 1 1 1 0 1 0 0 0 1 0 1 1 0 0 1 0 0 0 0 1 1 1 0 1 0 0 0 0 0 0 0 0
140	14	1 1 1 1 1 1 1 1 1 1 0 1 1 1 0 0 0 0 1 1 1 0 1 0 0 0 1 0 1 1 0 0 1 0 0 0 0 1 1 1 0 1 0 0 1 0 0 0 0 0
140	10	1 1 1 1 1 1 1 1 1 1 0 1 1 1 0 0 0 0 1 1 1 0 1 0 0 1 1 0 1 1 0 0 1 0 0 0 0 1 1 1 0 1 0 0 1 0 0 0 0 0
140	1	1 1 1 1 1 1 1 1 1 1 0 1 1 1 0 0 1 0 1 1 1 0 1 0 0 0 1 0 1 1 0 0 1 0 0 0 0 1 1 1 0 1 0 1 1 0 0 0 0 0
140	1	1 1 1 1 1 1 1 1 1 1 0 1 1 1 0 0 1 0 1 1 1 1 1 0 0 0 1 0 1 1 0 0 1 0 0 0 0 1 1 1 0 1 0 0 1 0 0 0 0 0
140	55	1 1 1 1 1 1 1 1 1 1 0 1 1 1 0 0 1 0 1 1 1 0 1 0 0 0 1 0 1 1 0 0 1 0 0 0 0 1 1 1 0 1 0 0 1 0 0 0 0 0
140	1	1 1 1 1 1 0 1 1 1 1 0 1 1 1 0 0 1 0 1 1 1 0 1 0 0 0 1 0 1 1 0 0 1 0 0 0 0 1 1 1 1 1 0 0 0 0 0 0 0 0
140	1	1 1 1 1 1 1 1 1 1 1 0 1 1 1 0 0 1 0 1 1 1 0 1 0 0 0 1 0 1 1 0 0 1 0 0 0 0 1 1 1 1 1 0 0 0 0 0 0 0 0
140	1	1 1 1 1 1 1 1 1 1 1 0 1 1 1 0 0 1 0 1 1 1 0 1 0 0 0 1 0 1 1 0 0 1 0 1 0 0 1 1 1 1 1 0 0 1 0 0 0 0 0
140	10	1 1 1 1 1 1 1 1 1 1 0 1 1 1 0 0 1 0 1 1 1 0 1 0 0 0 1 0 1 1 0 0 1 0 0 0 0 1 1 1 1 1 0 0 1 0 0 0 0 0
150	1	1 1 1 1 1 1 1 1 1 1 0 1 1 1 0 0 0 0 1 1 1 0 1 0 0 0 1 0 1 1 0 0 1 0 0 0 0 1 1 1 0 0 0 0 1 0 0 0 0 0
150	2	1 1 1 1 1 1 1 1 1 1 0 1 1 1 0 0 0 0 1 1 1 0 1 0 0 0 1 0 1 1 0 0 1 0 0 0 0 1 1 1 0 1 0 0 0 0 0 0 0 0
150	7	1 1 1 1 1 1 1 1 1 1 0 1 1 1 0 0 0 0 1 1 1 0 1 0 0 0 1 0 1 1 0 0 1 0 0 0 0 1 1 1 0 1 0 0 1 0 0 0 0 0
150	1	1 1 1 1 1 1 1 1 1 1 0 1 1 1 0 0 0 0 1 1 1 0 1 0 0 1 1 0 1 1 0 0 1 0 0 0 0 1 1 1 0 1 0 0 1 0 0 0 1 0
150	8	1 1 1 1 1 1 1 1 1 1 0 1 1 1 0 0 0 0 1 1 1 0 1 0 0 1 1 0 1 1 0 0 1 0 0 0 0 1 1 1 0 1 0 0 1 0 0 0 0 0
150	4	1 1 1 1 1 1 1 1 1 1 0 1 1 1 0 0 1 0 1 1 1 0 1 0 0 0 1 0 1 1 0 0 1 0 0 0 0 1 1 1 0 1 0 0 1 0 0 0 1 0
150	1	1 1 1 1 1 1 1 1 1 1 0 1 1 1 0 0 1 0 0 1 1 0 1 0 0 0 1 0 1 1 0 0 1 0 0 0 0 1 1 1 0 1 0 0 1 0 0 0 0 0
150	66	1 1 1 1 1 1 1 1 1 1 0 1 1 1 0 0 1 0 1 1 1 0 1 0 0 0 1 0 1 1 0 0 1 0 0 0 0 1 1 1 0 1 0 0 1 0 0 0 0 0
150	4	1 1 1 1 1 1 1 1 1 1 0 1 1 1 0 0 1 0 1 0 1 0 1 0 0 0 1 0 1 1 0 0 1 0 0 0 0 1 1 1 0 1 0 0 1 0 0 0 0 0
150	1	1 1 1 1 1 1 1 1 1 1 0 1 1 1 0 0 1 0 1 1 1 0 1 0 0 0 1 0 1 1 0 0 1 0 0 0 0 1 1 1 1 1 0 0 0 0 0 0 0 0
150	5	1 1 1 1 1 1 1 1 1 1 0 1 1 1 0 0 1 0 1 1 1 0 1 0 0 0 1 0 1 1 0 0 1 0 0 0 0 1 1 1 1 1 0 0 1 0 0 0 0 0
160	7	1 1 1 1 1 1 1 1 1 1 0 1 1 1 0 0 0 0 1 1 1 0 1 0 0 0 1 0 1 1 0 0 1 0 0 0 0 1 1 1 0 0 0 0 1 0 0 0 0 0
160	11	1 1 1 1 1 1 1 1 1 1 0 1 1 1 0 0 0 0 1 1 1 0 1 0 0 0 1 0 1 1 0 0 1 0 0 0 0 1 1 1 0 1 0 0 1 0 0 0 0 0
160	11	1 1 1 1 1 1 1 1 1 1 0 1 1 1 0 0 0 0 1 1 1 0 1 0 0 1 1 0 1 1 0 0 1 0 0 0 0 1 1 1 0 1 0 0 1 0 0 0 0 0
160	6	1 1 1 1 1 1 1 1 1 1 0 1 1 1 0 0 1 0 1 0 1 0 1 0 0 0 1 0 1 1 0 0 1 0 0 0 0 1 1 1 0 1 0 0 1 0 0 0 0 0
160	5	1 1 1 1 1 1 1 1 1 1 0 1 1 1 0 0 1 0 1 1 1 0 1 0 0 0 1 0 1 1 0 0 1 0 0 0 0 1 1 1 1 1 0 0 1 0 0 0 0 0
160	57	1 1 1 1 1 1 1 1 1 1 0 1 1 1 0 0 1 0 1 1 1 0 1 0 0 0 1 0 1 1 0 0 1 0 0 0 0 1 1 1 0 1 0 0 1 0 0 0 0 0
160	3	1 1 1 1 1 1 1 1 1 1 0 1 1 1 0 0 1 0 1 1 1 0 1 0 0 0 1 0 1 1 0 0 1 0 0 0 0 1 1 1 1 1 0 0 0 0 0 0 0 0
170	2	1 1 1 1 1 1 1 1 1 0 0 1 1 1 0 0 0 0 1 1 1 0 1 0 0 0 1 0 1 1 0 0 1 0 0 0 0 1 1 1 0 0 0 0 1 0 0 0 0 0
170	1	1 1 1 1 1 1 1 1 1 1 0 1 1 1 0 0 0 0 1 1 1 0 1 0 0 0 1 0 1 0 0 0 1 0 0 0 0 1 1 1 0 1 0 0 1 0 0 0 0 0
170	10	1 1 1 1 1 1 1 1 1 1 0 1 1 1 0 0 0 0 1 1 1 0 1 0 0 0 1 0 1 1 0 0 1 0 0 0 0 1 1 1 0 1 0 0 1 0 0 0 0 0
170	2	1 1 1 1 1 1 1 1 1 1 0 1 1 1 0 0 0 0 1 1 1 0 1 0 0 0 1 0 1 1 0 0 1 0 0 0 0 1 1 1 0 0 0 0 1 0 0 0 0 0
170	6	1 1 1 1 1 1 1 1 1 1 0 1 1 1 0 0 0 0 1 1 1 0 1 0 0 1 1 0 1 1 0 0 1 0 0 0 0 1 1 1 0 1 0 0 1 0 0 0 0 0
170	2	1 1 1 1 1 1 1 1 1 1 0 1 1 1 0 0 1 0 1 1 1 0 1 0 0 0 1 0 1 1 0 0 1 0 0 0 0 1 0 1 0 1 0 0 1 0 0 0 0 0
170	2	1 1 1 1 1 1 1 1 1 1 0 1 1 1 1 1 1 0 1 0 1 0 1 0 0 0 1 0 1 1 0 0 1 0 0 0 0 1 1 1 0 1 0 0 1 0 0 0 0 0
170	1	1 1 1 1 1 1 1 1 1 1 0 1 1 0 0 0 1 0 1 0 1 0 1 0 0 0 1 0 1 1 0 0 1 0 0 0 0 1 1 1 0 1 0 0 1 0 0 0 0 0
170	1	1 1 1 1 1 1 1 1 1 1 0 1 1 1 0 0 1 0 1 0 1 0 1 0 0 0 1 0 1 1 0 0 1 0 0 0 0 1 1 1 0 1 0 0 1 0 0 0 0 0
170	1	1 1 1 1 1 1 1 1 1 1 0 1 1 1 0 0 1 0 1 1 1 0 1 0 0 0 1 0 1 1 0 0 1 0 0 0 0 1 1 1 1 1 0 0 1 1 0 0 0 0
170	6	1 1 1 1 1 1 1 1 1 1 0 1 1 1 0 0 1 0 1 1 1 0 1 0 0 0 1 0 1 1 0 0 1 0 0 0 0 1 1 1 1 1 0 0 1 0 0 0 0 0
170	1	1 1 1 1 1 1 1 1 1 1 0 1 1 1 0 1 1 0 1 1 1 0 1 0 0 0 1 0 1 1 0 0 1 0 0 0 0 1 1 1 0 1 0 0 1 0 0 0 0 0
170	1	1 1 0 1 1 1 1 1 1 1 0 1 1 1 0 0 1 0 1 1 1 0 1 0 0 0 1 0 1 1 0 0 1 0 0 0 0 1 1 1 0 1 0 0 1 0 0 0 0 0
170	1	1 1 1 1 1 1 1 1 1 1 0 1 1 1 0 0 1 0 1 1 1 0 1 1 0 0 1 0 1 1 0 0 1 0 0 0 0 1 1 1 0 1 0 0 1 0 0 0 0 0
170	1	1 1 1 1 1 1 1 1 1 1 0 1 1 1 0 0 1 0 1 1 1 0 1 0 0 0 1 0 1 1 0 0 1 0 0 0 0 0 1 1 0 1 0 0 1 0 0 0 0 0
170	1	1 1 1 1 1 1 1 1 1 1 0 1 1 1 0 0 1 0 1 1 1 0 1 0 0 0 1 0 1 1 0 0 1 0 0 0 0 1 1 1 0 1 0 0 1 0 0 1 0 0
170	1	1 1 1 1 1 1 1 1 1 1 0 1 1 1 0 0 1 0 1 1 0 0 1 0 0 0 1 0 1 1 0 0 1 0 0 0 0 1 1 1 0 1 0 0 1 0 0 0 0 0
170	1	1 1 1 1 1 1 1 1 1 1 0 1 1 1 0 0 1 0 1 1 1 0 1 0 0 0 1 0 1 1 0 0 1 0 0 0 0 1 1 1 0 1 1 0 1 0 0 0 0 0
170	56	1 1 1 1 1 1 1 1 1 1 0 1 1 1 0 0 1 0 1 1 1 0 1 0 0 0 1 0 1 1 0 0 1 0 0 0 0 1 1 1 0 1 0 0 1 0 0 0 0 0
170	3	1 1 1 1 1 1 1 1 1 1 0 1 1 1 0 0 1 0 1 1 1 0 1 0 0 0 1 0 1 1 0 0 1 0 0 0 0 1 1 1 1 1 0 0 0 0 0 0 0 0
180	1	1 1 1 1 1 1 1 1 1 0 0 1 1 1 0 0 0 0 1 1 1 0 1 0 0 0 1 0 1 1 0 0 1 0 0 0 0 1 1 1 0 0 0 0 1 0 0 0 0 0
180	1	1 1 1 1 1 1 1 1 1 1 0 1 1 1 0 0 0 0 1 1 1 0 1 0 0 0 1 0 1 1 0 0 1 0 0 0 0 1 1 1 0 1 0 1 1 0 0 0 0 0
180	14	1 1 1 1 1 1 1 1 1 1 0 1 1 1 0 0 0 0 1 1 1 0 1 0 0 0 1 0 1 1 0 0 1 0 0 0 0 1 1 1 0 1 0 0 1 0 0 0 0 0
180	3	1 1 1 1 1 1 1 1 1 1 0 1 1 1 0 0 0 0 1 1 1 0 1 0 0 0 1 0 1 1 0 0 1 0 0 0 0 1 1 1 0 0 0 0 1 0 0 0 0 0
180	7	1 1 1 1 1 1 1 1 1 1 0 1 1 1 0 0 0 0 1 1 1 0 1 0 0 1 1 0 1 1 0 0 1 0 0 0 0 1 1 1 0 1 0 0 1 0 0 0 0 0
180	3	1 1 1 1 1 1 1 1 1 1 0 1 1 1 0 0 1 0 1 1 1 0 1 0 0 0 1 0 1 1 0 0 1 0 0 0 0 1 0 1 0 1 0 0 1 0 0 0 0 0
180	5	1 1 1 1 1 1 1 1 1 1 0 1 1 1 1 1 1 0 1 0 1 0 1 0 0 0 1 0 1 1 0 0 1 0 0 0 0 1 1 1 0 1 0 0 1 0 0 0 0 0
180	1	1 1 1 1 1 1 1 1 1 1 0 1 1 1 0 1 1 0 1 1 1 0 1 0 0 0 1 0 1 1 0 0 1 0 0 0 0 1 1 1 0 1 0 0 1 0 0 0 0 0
180	1	1 1 1 1 1 1 1 1 1 1 0 1 1 1 0 0 1 0 1 1 1 0 1 0 0 0 1 0 1 1 0 0 1 0 0 0 0 1 1 1 0 1 1 0 1 0 0 0 0 0
180	1	1 1 1 1 1 1 1 1 1 1 0 1 1 1 0 0 1 0 1 1 1 0 1 0 0 0 1 0 1 1 0 0 1 0 0 0 0 1 1 1 0 1 0 0 1 0 0 0 0 1
180	1	1 1 1 1 1 1 1 1 1 1 0 1 1 1 0 0 1 0 1 1 1 0 0 0 0 0 1 0 1 1 0 0 1 0 0 0 0 1 1 1 0 1 0 0 1 0 0 0 0 0
180	59	1 1 1 1 1 1 1 1 1 1 0 1 1 1 0 0 1 0 1 1 1 0 1 0 0 0 1 0 1 1 0 0 1 0 0 0 0 1 1 1 0 1 0 0 1 0 0 0 0 0
180	3	1 1 1 1 1 1 1 1 1 1 0 1 1 1 0 0 1 0 1 1 1 0 1 0 0 0 1 0 1 1 0 0 1 0 0 0 0 1 1 1 1 1 0 0 0 0 0 0 0 0
190	3	0 1 1 1 1 1 1 1 1 1 0 1 1 1 0 0 0 0 1 1 1 0 1 0 0 1 1 0 1 1 0 0 1 0 0 0 0 1 1 1 0 1 0 0 1 0 0 0 0 0
190	1	1 1 1 1 1 1 1 1 1 1 0 1 1 1 0 0 0 0 1 1 1 0 1 0 0 1 1 0 1 1 1 0 1 0 0 0 0 1 1 1 0 1 0 0 1 0 0 0 0 0
190	1	1 1 1 1 1 1 1 1 1 1 0 1 1 1 0 0 0 0 1 1 1 1 1 0 0 1 1 0 1 1 0 0 1 0 0 0 0 1 1 1 0 1 0 0 1 0 0 0 0 0
190	3	1 1 1 1 1 1 1 1 1 1 0 1 1 1 0 0 0 0 1 1 1 0 1 0 0 1 1 0 1 1 0 0 1 0 0 0 0 1 1 1 0 1 0 0 1 0 0 0 0 0
190	1	1 1 1 1 1 1 1 1 1 1 0 1 1 1 0 0 1 0 1 1 1 0 1 0 0 0 1 0 1 1 0 0 1 0 0 0 0 1 1 1 0 0 0 0 1 0 0 0 0 0
190	63	1 1 1 1 1 1 1 1 1 1 0 1 1 1 0 0 1 0 1 1 1 0 1 0 0 0 1 0 1 1 0 0 1 0 0 0 0 1 1 1 0 1 0 0 1 0 0 0 0 0
190	4	1 1 1 1 1 1 1 1 1 1 0 1 1 1 0 0 0 0 1 1 1 0 1 0 0 0 1 0 1 1 0 0 1 0 0 0 0 1 1 1 0 1 0 0 1 0 0 0 0 0
190	1	1 1 1 1 1 1 1 1 1 1 0 1 1 1 0 0 0 0 1 1 1 0 1 0 0 0 1 0 1 1 0 0 1 0 0 0 0 1 1 1 0 0 0 0 1 0 0 0 0 0
190	4	1 1 1 1 1 1 1 1 1 1 0 1 1 1 0 0 1 0 1 1 1 0 1 0 0 0 1 0 1 1 0 0 1 0 0 0 0 1 0 1 0 1 0 0 1 0 0 0 0 0
190	10	1 1 1 1 1 1 1 1 1 1 0 1 1 1 1 1 1 0 1 0 1 0 1 0 0 0 1 0 1 1 0 0 1 0 0 0 0 1 1 1 0 1 0 0 1 0 0 0 0 0
190	1	1 1 1 1 1 1 1 1 1 1 0 1 1 0 0 0 1 0 1 0 1 0 1 0 0 0 1 0 1 1 0 0 1 0 0 0 0 1 1 1 0 1 0 0 1 0 0 0 0 0
190	1	1 1 1 1 1 1 1 1 1 1 0 1 1 1 0 1 1 0 1 1 1 0 1 0 0 0 1 0 1 1 0 0 1 0 0 0 0 1 1 1 0 1 0 0 1 0 0 0 0 0
190	2	1 1 1 1 1 1 1 1 1 1 0 1 1 1 0 0 1 0 1 1 0 0 1 0 0 0 1 0 1 1 0 0 1 0 0 0 0 1 1 1 0 1 0 0 1 0 0 0 0 0
190	2	1 1 1 1 1 1 1 1 1 1 0 1 1 1 0 0 1 0 1 1 1 0 1 0 0 0 1 0 1 1 0 0 1 0 0 0 0 1 1 1 0 1 0 0 1 0 0 0 0 1
190	1	1 1 1 1 1 1 1 1 1 1 0 1 1 1 0 0 1 0 0 1 1 0 1 0 0 1 1 0 1 1 0 0 1 0 0 0 0 1 1 1 0 1 0 0 1 0 0 0 0 0
190	1	1 1 1 1 1 1 1 1 1 1 0 1 1 1 0 0 1 0 0 1 1 0 1 0 0 0 1 0 1 1 0 0 1 0 0 0 0 1 1 1 0 1 0 0 1 0 0 0 0 0
190	1	1 1 0 1 1 1 1 1 1 1 0 1 1 1 0 0 1 0 1 1 1 0 1 0 0 0 1 0 1 1 0 0 1 0 0 0 0 1 1 1 0 1 0 0 1 0 0 0 0 0
200	2	1 1 1 1 1 1 1 1 1 1 0 1 1 1 0 0 0 0 1 1 1 0 1 1 0 0 1 0 1 1 0 0 1 0 0 0 0 1 1 1 0 1 0 0 1 0 0 0 0 0
200	1	1 1 1 1 1 1 1 1 1 1 0 1 1 1 0 0 0 0 1 1 1 0 1 0 0 1 1 0 1 1 0 0 1 0 0 0 0 1 1 1 1 1 0 0 1 0 0 0 0 0
200	8	1 1 1 1 1 1 1 1 1 1 0 1 1 1 0 0 0 0 1 1 1 0 1 0 0 1 1 0 1 1 0 0 1 0 0 0 0 1 1 1 0 1 0 0 1 0 0 0 0 0
200	3	1 1 1 1 1 1 1 1 1 1 0 1 1 1 0 0 1 0 1 1 1 0 1 0 0 0 1 0 1 0 0 0 1 0 0 0 0 1 1 1 0 1 0 0 1 0 0 0 0 0
200	46	1 1 1 1 1 1 1 1 1 1 0 1 1 1 0 0 1 0 1 1 1 0 1 0 0 0 1 0 1 1 0 0 1 0 0 0 0 1 1 1 0 1 0 0 1 0 0 0 0 0
200	7	1 1 1 1 1 1 1 1 1 1 0 1 1 1 0 0 0 0 1 1 1 0 1 0 0 0 1 0 1 1 0 0 1 0 0 0 0 1 1 1 0 1 0 0 1 0 0 0 0 0
200	7	1 1 1 1 1 1 1 1 1 1 0 1 1 1 0 0 0 0 1 1 1 0 1 0 0 0 1 0 1 1 0 0 1 0 0 0 0 1 1 1 0 0 0 0 1 0 0 0 0 0
200	8	1 1 1 1 1 1 1 1 1 1 0 1 1 1 0 0 1 0 1 1 1 0 1 0 0 0 1 0 1 1 0 0 1 0 0 0 0 1 0 1 0 1 0 0 1 0 0 0 0 0
200	10	1 1 1 1 1 1 1 1 1 1 0 1 1 1 1 1 1 0 1 0 1 0 1 0 0 0 1 0 1 1 0 0 1 0 0 0 0 1 1 1 0 1 0 0 1 0 0 0 0 0
200	1	1 1 1 1 1 1 1 1 1 1 0 1 1 1 0 1 1 0 1 1 1 0 1 0 0 0 1 0 1 1 0 0 1 0 0 0 0 1 1 1 0 1 0 0 1 0 0 0 0 0
200	1	1 1 1 1 1 1 1 1 1 1 0 1 1 1 0 0 1 0 1 1 1 0 1 0 0 0 1 0 1 1 0 0 1 0 0 0 0 1 1 1 0 1 0 0 1 0 0 0 0 1
200	4	1 1 1 1 1 1 1 1 1 1 0 1 1 1 0 0 1 0 1 1 1 0 1 0 0 0 1 0 1 1 0 0 1 0 0 0 0 1 1 1 0 1 0 0 0 0 0 0 0 0
200	2	1 1 1 1 1 1 1 1 1 1 0 1 1 1 0 0 1 0 1 1 1 0 0 0 0 0 1 0 1 1 0 0 1 0 0 0 0 1 1 1 0 1 0 0 1 0 0 0 0 0
210	3	1 1 1 1 1 1 1 1 1 1 0 1 1 1 0 0 0 0 1 1 1 0 1 1 0 0 1 0 1 1 0 0 1 0 0 0 0 1 1 1 0 1 0 0 1 0 0 0 0 0
210	3	1 1 1 1 1 1 1 1 1 1 0 1 1 1 0 0 0 0 1 1 1 0 1 0 0 1 1 0 1 1 0 0 1 0 0 0 0 1 1 1 0 1 0 0 1 0 0 0 0 0
210	2	1 1 1 1 1 1 1 1 1 1 0 1 1 1 0 0 1 0 1 1 1 0 1 0 0 0 1 0 1 0 0 0 1 0 0 0 0 1 1 1 0 1 0 0 1 0 0 0 0 0
210	1	1 1 1 1 1 1 1 1 1 1 0 1 1 1 0 0 1 0 1 1 1 0 1 0 0 0 1 0 0 1 0 0 1 0 0 0 0 1 1 1 0 1 0 0 1 0 0 0 0 0
210	1	1 1 1 1 1 1 1 1 1 1 0 1 1 1 0 0 1 0 1 1 1 0 1 0 0 0 1 0 1 1 0 0 1 0 0 0 0 1 1 1 0 0 0 0 1 0 0 0 0 0
210	9	1 1 1 1 1 1 1 1 1 1 0 1 1 1 0 0 1 0 1 1 1 0 1 0 0 0 1 0 1 1 0 0 1 0 0 0 0 1 0 1 0 1 0 0 1 0 0 0 0 0
210	13	1 1 1 1 1 1 1 1 1 1 0 1 1 1 0 0 0 0 1 1 1 0 1 0 0 0 1 0 1 1 0 0 1 0 0 0 0 1 1 1 0 1 0 0 1 0 0 0 0 0
210	50	1 1 1 1 1 1 1 1 1 1 0 1 1 1 0 0 1 0 1 1 1 0 1 0 0 0 1 0 1 1 0 0 1 0 0 0 0 1 1 1 0 1 0 0 1 0 0 0 0 0
210	1	1 1 1 1 1 1 1 1 1 1 1 1 1 1 0 0 0 0 1 1 1 0 1 0 0 0 1 0 1 1 0 0 1 0 0 0 0 1 1 1 0 0 0 0 1 0 0 0 0 0
210	8	1 1 1 1 1 1 1 1 1 1 0 1 1 1 0 0 0 0 1 1 1 0 1 0 0 0 1 0 1 1 0 0 1 0 0 0 0 1 1 1 0 0 0 0 1 0 0 0 0 0
210	7	1 1 1 1 1 1 1 1 1 1 0 1 1 1 1 1 1 0 1 0 1 0 1 0 0 0 1 0 1 1 0 0 1 0 0 0 0 1 1 1 0 1 0 0 1 0 0 0 0 0
210	2	1 1 1 1 1 1 1 1 1 1 0 1 1 1 0 0 1 0 1 1 1 0 1 0 0 0 1 0 1 1 0 0 1 0 0 0 0 1 1 1 0 1 0 0 0 0 0 0 0 0
220	1	1 1 1 1 1 1 1 1 1 1 0 1 1 1 0 0 0 0 1 1 1 0 1 1 0 0 1 0 1 1 0 0 1 0 0 0 0 1 1 1 0 1 0 0 1 0 0 0 0 0
220	1	1 1 1 1 1 1 1 1 1 1 0 1 1 1 0 0 0 0 1 1 1 0 1 0 0 1 1 0 1 1 0 0 1 0 0 0 0 1 1 1 0 1 0 0 1 0 0 0 0 0
220	1	1 1 1 1 1 1 1 1 1 1 0 1 1 1 0 0 1 0 1 1 1 0 1 0 0 0 1 0 1 0 0 0 1 0 0 0 0 1 1 1 0 1 0 0 1 0 0 0 0 0
220	3	1 1 1 1 1 1 1 1 1 1 0 1 1 1 0 0 1 0 0 1 1 0 1 0 0 0 1 0 1 1 0 0 1 0 0 0 0 1 1 1 0 1 0 0 1 0 0 0 0 0
220	5	1 1 1 1 1 1 1 1 1 1 0 1 1 1 0 0 1 0 1 1 1 0 1 0 0 0 1 0 1 1 0 0 1 0 0 0 0 1 1 1 0 0 0 0 1 0 0 0 0 0
220	12	1 1 1 1 1 1 1 1 1 1 0 1 1 1 0 0 1 0 1 1 1 0 1 0 0 0 1 0 1 1 0 0 1 0 0 0 0 1 0 1 0 1 0 0 1 0 0 0 0 0
220	3	1 1 1 1 1 1 1 1 1 1 0 1 1 1 0 0 1 0 1 1 1 0 1 0 0 0 1 0 1 1 0 0 1 0 0 0 1 1 0 1 0 1 0 0 1 0 0 0 0 0
220	2	1 1 1 1 1 1 1 1 1 1 1 1 1 1 0 0 1 0 1 1 1 0 1 0 0 0 1 0 1 1 0 0 1 0 0 0 0 1 1 1 0 1 0 0 1 0 0 0 0 0
220	3	1 1 1 1 1 1 1 1 1 1 0 1 1 1 0 0 0 0 1 1 1 0 1 0 0 0 1 0 1 1 0 0 1 0 0 0 0 1 1 1 0 1 0 0 1 0 0 0 0 0
220	1	1 1 1 1 1 1 1 1 1 1 0 1 1 1 0 0 1 0 1 1 1 0 1 0 0 0 1 0 1 1 0 0 1 0 0 0 0 1 1 1 0 1 0 0 1 0 0 0 1 0
220	39	1 1 1 1 1 1 1 1 1 1 0 1 1 1 0 0 1 0 1 1 1 0 1 0 0 0 1 0 1 1 0 0 1 0 0 0 0 1 1 1 0 1 0 0 1 0 0 0 0 0
220	8	1 1 1 1 1 1 1 1 1 1 0 1 1 1 0 0 0 0 1 1 1 0 1 0 0 0 1 0 1 1 0 0 1 0 0 0 0 1 1 1 0 0 0 0 1 0 0 0 0 0
220	1	1 1 1 1 1 1 1 1 1 1 0 1 1 1 1 1 1 0 1 0 1 0 1 0 0 0 1 0 1 1 0 0 1 0 0 0 0 1 1 1 0 1 0 0 0 0 0 0 0 0
220	14	1 1 1 1 1 1 1 1 1 1 0 1 1 1 1 1 1 0 1 0 1 0 1 0 0 0 1 0 1 1 0 0 1 0 0 0 0 1 1 1 0 1 0 0 1 0 0 0 0 0
220	6	1 1 1 1 1 1 1 1 1 1 0 1 1 1 0 0 1 0 1 1 1 0 1 0 0 0 1 0 1 1 0 0 1 0 0 0 0 1 1 1 0 1 0 0 0 0 0 0 0 0
230	1	1 1 1 1 1 1 1 1 1 1 0 1 1 1 0 0 0 0 1 1 1 0 1 1 0 0 1 0 1 1 0 0 1 0 0 0 0 1 1 1 0 1 0 0 1 0 0 0 0 0
230	1	1 1 1 1 1 1 1 1 1 1 0 1 1 1 0 0 0 0 1 1 1 0 1 0 0 1 1 0 1 1 0 0 1 0 0 0 0 1 1 1 0 1 0 0 1 0 0 0 0 0
230	1	1 1 1 1 1 1 1 1 1 1 0 1 1 1 0 0 1 0 0 1 1 0 1 0 0 0 1 0 1 1 0 0 1 0 0 0 0 1 1 1 0 1 0 0 1 0 0 0 0 0
230	2	1 1 1 1 1 1 1 1 1 1 0 1 1 1 0 0 1 0 1 1 1 0 1 0 0 0 1 0 0 1 0 0 1 0 0 0 0 1 1 1 0 1 0 0 1 0 0 0 0 0
230	2	1 1 1 1 1 1 1 1 1 1 0 1 1 1 0 0 1 0 1 1 1 0 1 0 0 0 1 0 1 1 0 0 1 0 0 0 0 1 1 1 0 0 0 0 1 0 0 0 0 0
230	10	1 1 1 1 1 1 1 1 1 1 0 1 1 1 0 0 1 0 1 1 1 0 1 0 0 0 1 0 1 1 0 0 1 0 0 0 0 1 0 1 0 1 0 0 1 0 0 0 0 0
230	1	1 1 1 1 1 1 1 1 1 1 0 1 1 1 0 0 1 0 1 1 1 0 1 0 0 0 1 0 1 1 0 0 1 0 0 0 1 1 0 1 0 1 0 0 1 0 0 0 0 0
230	1	1 1 1 1 1 1 1 1 1 1 0 1 1 1 0 0 1 0 1 1 1 0 1 0 0 0 1 0 1 1 1 0 1 0 0 0 0 1 0 1 0 1 0 0 1 0 0 0 0 0
230	2	1 1 1 1 1 1 1 1 1 1 0 1 1 1 0 0 0 0 1 1 1 0 1 0 0 0 1 0 1 1 0 0 1 0 0 0 0 1 1 1 0 1 0 0 1 0 1 0 0 0
230	2	1 1 1 1 1 1 1 1 1 1 0 1 1 1 0 0 0 0 1 1 1 0 1 0 0 0 1 0 1 1 0 0 1 0 0 0 0 1 1 1 0 1 0 0 1 0 0 0 0 0
230	2	1 1 1 1 1 1 1 1 1 0 0 1 1 1 0 0 1 0 1 1 1 0 1 0 0 0 1 0 1 1 0 0 1 0 0 0 0 1 1 1 0 1 0 0 1 0 0 0 0 0
230	21	1 1 1 1 1 1 1 1 1 1 0 1 1 1 0 0 1 0 1 1 1 0 1 0 0 0 1 0 1 1 0 0 1 0 0 0 0 1 1 1 0 1 0 0 0 0 0 0 0 0
230	1	1 1 1 1 1 1 1 1 1 1 0 1 1 1 0 0 1 0 1 1 1 0 1 0 0 0 1 0 1 1 0 0 1 0 0 0 0 1 1 1 0 1 0 0 1 0 1 0 0 0
230	32	1 1 1 1 1 1 1 1 1 1 0 1 1 1 0 0 1 0 1 1 1 0 1 0 0 0 1 0 1 1 0 0 1 0 0 0 0 1 1 1 0 1 0 0 1 0 0 0 0 0
230	17	1 1 1 1 1 1 1 1 1 1 0 1 1 1 0 0 0 0 1 1 1 0 1 0 0 0 1 0 1 1 0 0 1 0 0 0 0 1 1 1 0 0 0 0 1 0 0 0 0 0
230	4	1 1 1 1 1 1 1 1 1 1 0 1 1 1 1 1 1 0 1 0 1 0 1 0 0 0 1 0 1 1 0 0 1 0 0 0 0 1 1 1 0 1 0 0 1 0 0 0 0 0
240	4	1 1 1 1 1 1 1 1 1 1 0 1 1 1 0 0 0 0 1 1 1 0 1 1 0 0 1 0 1 1 0 0 1 0 0 0 0 1 1 1 0 1 0 0 1 0 0 0 0 0
240	1	1 1 1 1 1 1 1 1 1 1 0 1 1 1 0 0 1 0 0 1 1 0 1 0 0 0 1 0 1 1 0 0 1 0 0 0 0 1 1 1 0 1 0 0 1 0 0 0 0 0
240	1	1 1 1 1 1 1 1 1 1 1 0 1 1 1 0 0 1 0 1 1 1 0 1 0 0 0 1 0 0 1 0 0 1 0 0 0 0 1 1 1 0 1 0 0 1 1 0 0 0 0
240	2	1 1 1 1 1 1 1 1 1 1 0 1 1 1 0 0 1 0 1 1 1 0 1 0 0 0 1 0 0 1 0 0 1 0 0 0 0 1 1 1 0 1 0 0 1 0 0 0 0 0
240	2	1 1 1 1 1 1 1 1 1 1 0 1 1 1 0 0 1 0 1 1 1 0 1 0 0 0 1 0 1 1 0 0 1 0 0 0 0 1 1 1 0 0 0 0 1 0 0 0 0 0
240	1	1 1 1 1 1 1 1 1 1 1 0 1 1 1 0 0 1 1 1 1 1 0 1 0 0 0 1 0 1 1 0 0 1 0 0 0 0 1 0 1 0 1 0 0 1 0 0 0 0 0
240	3	1 1 1 1 1 1 1 1 1 1 0 1 1 1 0 0 1 0 1 1 1 0 1 0 0 0 1 0 1 1 0 0 1 0 0 0 0 1 0 1 0 1 0 0 1 0 0 0 0 0
240	1	1 1 1 1 1 1 1 1 1 1 0 1 1 1 0 0 1 0 1 1 1 0 1 0 0 0 1 0 1 1 0 0 1 0 0 0 1 1 0 1 0 1 0 0 1 0 0 0 0 0
240	2	1 1 1 1 1 1 1 1 1 1 0 1 1 1 0 0 1 0 1 1 1 0 1 0 0 0 1 0 1 1 1 0 1 0 0 0 0 1 0 1 0 1 0 0 1 0 0 0 0 0
240	6	1 1 1 1 1 1 1 1 1 1 0 1 1 1 0 0 0 0 1 1 1 0 1 0 0 0 1 0 1 1 0 0 1 0 0 0 0 1 1 1 0 1 0 0 1 0 0 0 0 0
240	1	1 1 1 1 1 1 1 1 1 1 0 1 1 1 0 0 1 0 1 1 1 0 1 0 0 0 1 1 1 1 0 0 1 0 0 0 0 1 1 1 0 1 0 0 0 0 0 0 0 0
240	1	1 1 1 1 1 1 1 1 1 1 1 1 1 1 0 0 1 0 1 1 1 0 1 0 0 0 1 0 1 1 0 0 1 0 0 0 0 1 1 1 0 1 0 0 0 0 0 0 0 0
240	39	1 1 1 1 1 1 1 1 1 1 0 1 1 1 0 0 1 0 1 1 1 0 1 0 0 0 1 0 1 1 0 0 1 0 0 0 0 1 1 1 0 1 0 0 0 0 0 0 0 0
240	16	1 1 1 1 1 1 1 1 1 1 0 1 1 1 0 0 1 0 1 1 1 0 1 0 0 0 1 0 1 1 0 0 1 0 0 0 0 1 1 1 0 1 0 0 1 0 0 0 0 0
240	3	1 1 1 1 1 1 1 1 1 1 0 1 1 1 0 0 0 0 1 1 0 0 1 0 0 0 1 0 1 1 0 0 1 0 0 0 0 1 1 1 0 0 0 0 1 0 0 0 0 0
240	12	1 1 1 1 1 1 1 1 1 1 0 1 1 1 0 0 0 0 1 1 1 0 1 0 0 0 1 0 1 1 0 0 1 0 0 0 0 1 1 1 0 0 0 0 1 0 0 0 0 0
240	5	1 1 1 1 1 1 1 1 1 1 0 1 1 1 1 1 1 0 1 0 1 0 1 0 0 0 1 0 1 1 0 0 1 0 0 0 0 1 1 1 0 1 0 0 1 0 0 0 0 0
250	1	1 1 1 1 1 1 1 1 1 0 0 1 1 1 0 0 0 0 1 1 1 0 1 1 0 0 1 0 1 1 0 0 1 0 0 0 0 1 1 1 0 1 0 0 1 0 0 0 0 0
250	4	1 1 1 1 1 1 1 1 1 1 0 1 1 1 0 0 0 0 1 1 1 0 1 1 0 0 1 0 1 1 0 0 1 0 0 0 0 1 1 1 0 1 0 0 1 0 0 0 0 0
250	1	1 1 1 1 1 1 1 1 1 1 0 1 1 1 0 0 1 0 0 1 1 0 1 0 0 0 1 0 1 1 0 0 1 0 0 0 0 1 1 1 0 1 0 0 1 0 0 0 0 0
250	2	1 1 1 1 1 1 1 1 1 1 0 1 1 1 0 0 1 0 1 1 1 0 1 0 0 0 1 0 0 1 0 0 1 0 0 0 0 1 1 1 0 1 0 0 1 0 0 0 0 0
250	1	1 1 1 1 1 1 1 1 1 1 0 0 1 1 0 0 1 0 1 1 1 0 1 0 0 0 1 0 1 1 0 0 1 0 0 0 0 1 1 1 0 0 0 0 1 0 0 0 0 0
250	1	1 1 1 1 1 1 1 1 1 1 0 1 1 1 0 0 1 0 1 1 1 0 1 0 0 0 1 0 1 1 0 0 1 0 0 0 0 1 1 1 0 0 0 0 1 0 0 0 0 0
250	2	1 1 1 1 1 1 1 1 1 1 0 1 1 1 0 0 1 0 1 1 1 0 1 0 0 0 1 0 1 1 0 0 1 0 0 0 0 1 0 1 0 1 0 0 1 0 0 0 0 0
250	3	1 1 1 1 1 1 1 1 1 1 0 1 1 1 0 0 1 0 1 1 1 0 1 0 0 0 1 0 1 1 1 0 1 0 0 0 0 1 0 1 0 1 0 0 1 0 0 0 0 0
250	1	1 1 1 1 1 1 1 1 1 1 0 1 1 1 0 0 1 0 1 1 1 0 1 0 0 0 1 0 1 1 0 0 0 0 0 0 0 1 1 1 0 1 0 0 0 0 0 0 0 0
250	23	1 1 1 1 1 1 1 1 1 1 0 1 1 1 0 0 1 0 1 1 1 0 1 0 0 0 1 0 1 1 0 0 1 0 0 0 0 1 1 1 0 1 0 0 1 0 0 0 0 0
250	30	1 1 1 1 1 1 1 1 1 1 0 1 1 1 0 0 1 0 1 1 1 0 1 0 0 0 1 0 1 1 0 0 1 0 0 0 0 1 1 1 0 1 0 0 0 0 0 0 0 0
250	2	1 1 1 1 1 1 1 1 1 1 0 1 1 1 1 1 1 0 1 1 1 0 1 0 0 0 1 0 1 1 0 0 1 0 0 0 0 1 1 1 0 1 0 0 1 0 0 0 0 0
250	3	1 1 1 1 1 1 1 1 1 1 0 1 1 1 0 0 0 0 1 1 1 0 1 0 0 0 1 0 1 1 0 0 1 0 0 0 0 1 1 1 0 0 0 0 1 0 0 0 1 0
250	1	1 1 1 1 1 1 1 1 1 1 0 1 1 1 0 0 0 0 1 1 1 0 1 0 0 0 1 0 1 1 0 0 1 0 0 0 0 1 0 1 0 0 0 0 1 0 0 0 0 0
250	23	1 1 1 1 1 1 1 1 1 1 0 1 1 1 0 0 0 0 1 1 1 0 1 0 0 0 1 0 1 1 0 0 1 0 0 0 0 1 1 1 0 0 0 0 1 0 0 0 0 0
250	2	1 1 1 1 1 1 1 1 1 1 0 1 1 1 1 1 1 0 1 0 1 0 1 0 0 0 1 0 1 1 0 0 1 0 0 0 0 1 1 1 0 1 0 0 1 0 0 0 0 0
260	3	1 1 1 1 1 1 1 1 1 1 0 1 1 1 0 0 0 0 1 1 1 0 1 1 0 0 1 0 1 1 0 0 1 0 0 0 0 1 1 1 0 1 0 0 1 0 0 0 0 0
260	2	1 1 1 1 1 1 1 1 1 1 0 1 1 1 0 0 1 0 1 1 1 0 1 0 0 0 1 0 0 1 0 0 1 0 0 0 0 1 1 1 0 1 0 0 1 0 0 0 0 0
260	2	1 1 1 1 1 1 1 1 1 1 0 0 1 1 0 0 1 0 1 1 1 0 1 0 0 0 1 0 1 1 0 0 1 0 0 0 0 1 1 1 0 0 0 0 1 0 0 0 0 0
260	7	1 1 1 1 1 1 1 1 1 1 0 1 1 1 0 0 1 0 1 1 1 0 1 0 0 0 1 0 1 1 0 0 1 0 0 0 0 1 1 1 0 0 0 0 1 0 0 0 0 0
260	2	1 1 1 1 1 1 1 1 1 1 0 1 1 1 0 0 1 1 1 1 1 0 1 0 0 0 1 0 1 1 0 0 1 0 0 0 0 1 0 1 0 1 0 0 1 0 0 0 0 0
260	3	1 1 1 1 1 1 1 1 1 1 0 1 1 1 0 0 1 0 1 1 1 0 1 0 0 0 0 0 1 1 0 0 1 0 0 0 0 1 0 1 0 1 0 0 1 0 0 0 0 0
260	6	1 1 1 1 1 1 1 1 1 1 0 1 1 1 0 0 1 0 1 1 1 0 1 0 0 0 1 0 1 1 0 0 1 0 0 0 0 1 0 1 0 1 0 0 1 0 0 0 0 0
260	1	1 1 1 1 1 1 1 1 1 1 0 1 1 1 0 0 0 0 1 1 1 0 1 0 0 0 1 0 1 1 0 0 1 0 0 0 0 1 1 1 0 1 0 0 1 0 0 0 0 0
260	1	1 1 1 1 1 1 1 1 1 1 0 1 1 1 0 0 1 0 1 1 1 0 1 0 0 0 1 0 1 1 0 0 1 0 0 0 0 1 1 0 0 1 0 0 1 0 0 0 0 0
260	2	1 1 1 1 1 1 1 1 1 1 0 1 1 1 0 0 1 1 1 1 1 0 1 0 0 0 1 0 1 1 0 0 1 0 0 0 0 1 1 1 0 1 0 0 1 0 0 0 0 0
260	7	1 1 1 1 1 1 1 1 1 1 0 1 1 1 0 0 1 0 1 1 1 0 1 0 0 0 1 0 1 1 0 0 1 0 0 0 0 1 1 1 0 1 0 0 1 0 0 0 0 0
260	1	1 1 1 1 1 1 1 1 1 1 0 1 1 1 0 0 1 0 1 1 1 0 1 0 0 0 1 0 1 1 0 0 1 0 0 1 0 1 1 1 0 1 0 0 0 0 0 0 0 0
260	31	1 1 1 1 1 1 1 1 1 1 0 1 1 1 0 0 1 0 1 1 1 0 1 0 0 0 1 0 1 1 0 0 1 0 0 0 0 1 1 1 0 1 0 0 0 0 0 0 0 0
260	1	1 1 1 1 1 1 1 0 1 1 0 1 1 1 0 0 0 0 1 1 1 0 1 0 0 0 1 0 1 1 0 0 1 0 0 0 0 1 1 1 0 0 0 0 1 0 0 0 0 0
260	1	1 1 1 1 1 1 1 1 1 1 0 0 1 1 0 0 0 0 1 1 1 0 1 0 0 0 1 0 1 1 0 0 1 0 0 0 0 1 1 1 0 0 0 0 1 0 0 0 0 0
260	1	1 1 1 1 1 1 1 1 1 1 0 1 1 1 0 0 0 0 1 1 1 0 1 0 0 0 1 0 1 0 0 0 1 0 0 0 0 1 1 1 0 0 0 0 1 0 0 0 0 0
260	1	1 1 1 1 1 1 1 1 1 1 0 1 1 1 0 0 0 0 1 1 1 0 1 0 0 1 1 0 1 1 0 0 1 0 0 0 0 1 1 1 0 0 0 0 1 0 0 0 0 0
260	28	1 1 1 1 1 1 1 1 1 1 0 1 1 1 0 0 0 0 1 1 1 0 1 0 0 0 1 0 1 1 0 0 1 0 0 0 0 1 1 1 0 0 0 0 1 0 0 0 0 0
270	2	1 1 1 1 1 1 1 1 1 1 0 1 1 1 0 0 0 0 1 1 1 0 1 1 0 0 1 0 1 1 0 0 1 0 0 0 0 1 1 1 0 1 0 0 1 0 0 0 0 0
270	1	1 1 1 1 1 1 1 1 1 1 0 1 1 1 0 0 1 0 0 1 1 0 1 0 0 0 1 0 1 1 0 0 1 0 0 0 0 1 1 1 0 1 0 0 1 0 0 0 0 0
270	1	1 1 1 1 1 1 1 1 1 1 0 1 1 1 0 0 1 0 0 1 1 0 1 0 0 0 1 0 1 1 0 0 1 0 0 0 0 1 1 1 0 0 0 0 1 0 0 0 0 0
270	1	1 1 1 1 1 1 1 1 1 1 0 0 1 1 0 0 1 0 1 1 1 0 1 0 0 0 1 0 1 1 0 0 1 0 0 0 0 1 1 1 0 0 0 0 1 0 0 0 0 0
270	2	1 1 1 1 1 1 1 1 1 1 0 1 1 1 0 0 1 0 1 1 1 0 1 0 0 0 1 0 1 1 0 0 1 0 0 0 0 1 1 1 0 0 0 0 1 0 0 0 0 0
270	1	1 1 1 1 1 1 1 1 1 1 0 1 1 1 0 0 1 0 1 1 1 0 1 0 0 0 1 0 1 1 0 0 0 0 0 0 0 1 1 1 0 1 0 0 1 0 0 0 0 0
270	7	1 1 1 1 1 1 1 1 1 1 0 1 1 1 0 0 1 0 1 1 1 0 1 0 0 0 1 0 1 1 0 0 1 0 0 0 0 1 1 1 0 1 0 0 1 0 0 0 0 0
270	1	1 1 1 1 1 1 1 1 1 1 0 1 1 1 0 0 1 0 1 1 1 0 1 0 0 0 1 0 1 1 0 0 1 0 0 0 0 1 1 0 0 1 0 0 1 0 0 0 0 0
270	1	1 1 1 1 1 1 1 1 1 1 0 1 1 1 0 0 1 0 1 1 1 0 1 0 0 0 1 0 1 1 0 0 1 0 0 0 0 1 1 1 0 1 0 0 0 0 0 0 1 0
270	26	1 1 1 1 1 1 1 1 1 1 0 1 1 1 0 0 1 0 1 1 1 0 1 0 0 0 1 0 1 1 0 0 1 0 0 0 0 1 1 1 0 1 0 0 0 0 0 0 0 0
270	1	1 1 1 1 1 1 1 0 1 1 0 1 1 1 0 0 0 0 1 1 1 0 1 0 0 0 1 0 1 1 0 0 1 0 0 0 0 1 1 1 0 0 0 0 1 0 0 0 0 0
270	2	1 1 1 1 1 1 1 1 1 1 0 1 1 1 0 0 0 0 1 1 1 0 1 0 0 0 1 0 1 1 0 0 1 0 0 0 0 1 1 0 0 0 0 0 1 0 0 0 0 0
270	1	1 1 1 1 1 1 1 1 1 1 0 1 1 1 0 0 0 0 1 1 1 0 1 0 0 0 1 0 1 1 0 0 1 0 0 0 0 1 1 1 0 0 0 0 0 0 0 0 0 0
270	1	1 1 1 1 1 1 1 1 1 1 0 1 1 1 0 0 0 0 1 1 1 0 1 0 0 0 1 0 1 1 0 0 0 0 0 0 0 1 1 1 0 0 0 0 1 0 0 0 0 0
270	50	1 1 1 1 1 1 1 1 1 1 0 1 1 1 0 0 0 0 1 1 1 0 1 0 0 0 1 0 1 1 0 0 1 0 0 0 0 1 1 1 0 0 0 0 1 0 0 0 0 0
270	2	1 1 1 1 1 1 1 1 1 1 0 1 1 1 1 1 1 0 1 0 1 0 1 0 0 0 1 0 1 1 0 0 1 0 0 0 0 1 1 1 0 1 0 0 1 0 0 0 0 0
280	1	1 1 1 1 1 1 1 1 1 1 0 1 1 1 0 0 0 0 1 1 1 0 1 1 0 0 1 0 1 1 0 0 1 0 0 0 0 1 1 1 0 1 0 0 1 0 0 0 0 0
280	1	1 1 1 1 1 1 1 1 1 1 0 1 1 1 0 0 1 0 0 1 1 0 1 0 0 0 1 0 1 1 0 0 1 0 0 0 0 1 1 1 0 1 0 0 1 0 0 0 0 0
280	1	1 1 1 1 1 1 1 1 1 1 0 0 1 1 0 0 1 0 1 1 1 0 1 0 0 0 1 0 1 1 0 0 1 0 0 0 0 1 1 1 0 0 0 0 1 0 0 0 0 0
280	4	1 1 1 1 1 1 1 1 1 1 0 1 1 1 0 0 1 0 1 1 1 0 1 0 0 0 1 0 1 1 0 0 1 0 0 0 0 1 1 1 0 0 0 0 1 0 0 0 0 0
280	2	1 1 1 1 1 1 1 1 1 1 0 1 1 1 0 0 1 0 1 1 1 0 1 0 0 0 1 0 1 1 0 0 1 0 0 0 0 1 0 1 0 1 0 0 1 0 0 0 0 0
280	1	1 1 1 1 1 1 1 1 1 1 0 1 1 1 0 0 1 0 1 1 1 0 1 0 0 0 1 0 1 1 0 0 0 0 0 0 0 1 1 1 0 1 0 0 1 0 0 0 0 0
280	1	1 1 1 1 1 1 1 1 1 1 0 1 1 1 0 0 1 0 1 1 1 0 1 0 0 0 1 0 1 1 0 0 0 0 0 0 0 1 1 1 0 1 0 0 0 0 0 0 0 0
280	4	1 1 1 1 1 1 1 1 1 1 0 1 1 1 0 0 1 0 1 1 1 0 1 0 0 0 1 0 1 1 0 0 1 0 0 0 0 1 1 1 0 1 0 0 1 0 0 0 0 0
280	1	1 1 1 1 1 1 1 1 1 1 0 1 1 1 0 0 1 0 1 1 1 0 1 0 0 0 1 0 1 1 0 0 1 0 0 0 0 1 1 0 0 1 0 0 1 0 0 0 0 0
280	2	1 1 1 1 1 1 1 1 1 1 0 1 1 1 0 0 1 0 1 1 1 0 1 0 0 0 1 0 1 1 0 0 1 0 0 1 0 1 1 1 0 1 0 0 0 0 0 0 0 0
280	1	1 1 1 1 1 1 1 1 1 1 0 1 1 1 0 0 1 0 1 0 1 0 1 0 0 0 1 0 1 1 0 0 1 0 0 0 0 1 1 1 0 1 0 0 0 0 0 0 0 0
280	26	1 1 1 1 1 1 1 1 1 1 0 1 1 1 0 0 1 0 1 1 1 0 1 0 0 0 1 0 1 1 0 0 1 0 0 0 0 1 1 1 0 1 0 0 0 0 0 0 0 0
280	4	1 1 1 1 1 1 1 1 1 1 0 1 1 1 0 0 0 0 1 1 1 0 1 0 0 0 1 0 1 1 0 0 1 0 0 0 0 1 1 1 0 0 0 0 0 0 0 0 0 0
280	1	1 1 1 1 1 1 1 1 1 1 0 1 1 1 0 0 0 0 1 1 1 0 0 0 0 0 1 0 1 1 0 0 1 0 0 0 0 1 1 1 0 0 0 0 1 0 0 0 0 0
280	1	1 1 1 1 1 1 1 1 1 1 0 1 1 1 0 0 0 0 0 1 0 0 1 0 0 0 1 0 1 1 0 0 1 0 0 0 0 1 1 1 0 0 0 0 1 0 0 0 0 0
280	1	1 1 1 1 1 1 1 1 1 1 0 1 1 1 0 0 0 0 1 1 0 0 1 0 0 0 1 0 1 1 0 0 1 0 0 0 0 1 1 1 0 0 0 0 1 0 0 0 0 0
280	1	1 1 1 1 1 1 1 1 0 1 0 1 1 1 0 0 0 0 1 1 1 0 1 0 0 0 1 0 1 1 0 0 1 0 0 0 0 1 1 1 0 0 0 0 1 0 0 0 0 0
280	46	1 1 1 1 1 1 1 1 1 1 0 1 1 1 0 0 0 0 1 1 1 0 1 0 0 0 1 0 1 1 0 0 1 0 0 0 0 1 1 1 0 0 0 0 1 0 0 0 0 0
280	1	1 1 1 1 1 1 1 1 1 1 0 1 1 1 1 1 1 0 1 0 1 0 1 0 0 0 1 0 1 1 0 0 1 0 0 0 0 1 1 1 0 1 0 1 1 0 0 0 0 0
290	3	1 1 1 1 1 1 1 1 1 1 0 1 1 1 0 0 1 0 1 1 1 0 1 0 0 0 1 0 1 1 0 0 0 0 0 0 0 1 1 1 0 1 0 0 0 0 0 0 0 0
290	1	1 1 1 1 1 1 1 1 1 1 0 1 1 1 0 0 1 0 1 0 1 0 1 0 0 0 1 0 1 1 0 0 1 0 0 0 0 1 1 1 0 1 0 0 1 0 0 0 0 0
290	4	1 1 1 1 1 1 1 1 1 1 0 1 1 1 0 0 1 0 1 1 1 0 1 0 0 0 1 0 1 1 0 0 1 0 0 0 0 1 1 1 0 1 0 0 1 0 0 0 0 0
290	1	1 1 1 1 1 1 1 1 1 1 0 1 1 1 0 0 1 0 1 1 1 0 1 0 0 0 1 0 1 1 0 0 1 0 0 1 0 1 1 1 0 1 0 0 0 0 0 0 0 0
290	3	1 1 1 1 1 1 1 1 1 1 0 1 1 1 0 0 1 0 1 1 1 1 1 0 0 0 1 0 1 1 0 0 1 0 0 0 0 1 1 1 0 1 0 0 0 0 0 0 0 0
290	1	1 1 1 1 1 1 1 1 1 1 0 1 1 1 0 0 1 0 1 1 1 0 1 0 0 0 1 0 1 1 0 0 1 0 0 0 0 1 1 1 0 1 0 0 0 1 0 0 0 0
290	2	1 1 1 1 1 1 1 1 1 1 0 1 1 1 0 0 1 1 1 1 1 0 1 0 0 0 1 0 1 1 0 0 1 0 0 0 0 1 1 1 0 1 0 0 0 0 0 0 0 0
290	30	1 1 1 1 1 1 1 1 1 1 0 1 1 1 0 0 1 0 1 1 1 0 1 0 0 0 1 0 1 1 0 0 1 0 0 0 0 1 1 1 0 1 0 0 0 0 0 0 0 0
290	1	1 1 1 1 1 1 1 1 1 1 0 1 1 1 0 0 0 0 1 1 1 0 1 0 0 0 1 0 1 0 0 0 1 0 0 0 0 1 1 1 0 0 0 0 1 0 0 0 0 0
290	1	1 1 1 1 1 1 1 1 1 1 0 1 1 1 0 0 0 0 1 1 1 0 1 0 0 0 1 0 1 1 0 0 1 0 0 0 0 1 1 0 0 0 0 0 1 0 0 0 0 0
290	2	1 1 1 1 1 1 1 1 1 1 0 1 1 1 0 0 0 0 1 1 1 0 0 0 0 0 1 0 1 1 0 0 1 0 0 0 0 1 1 1 0 0 0 0 1 0 0 0 0 0
290	1	1 1 1 1 1 1 1 1 1 1 1 1 1 1 0 0 0 0 1 1 1 0 1 0 0 0 1 0 1 1 0 0 1 0 0 0 0 1 1 1 0 0 0 0 1 0 0 0 0 0
290	50	1 1 1 1 1 1 1 1 1 1 0 1 1 1 0 0 0 0 1 1 1 0 1 0 0 0 1 0 1 1 0 0 1 0 0 0 0 1 1 1 0 0 0 0 1 0 0 0 0 0
300	2	1 1 1 1 1 1 1 1 1 1 0 0 1 1 0 0 1 0 1 1 1 0 1 0 0 0 1 0 1 1 0 0 1 0 0 0 0 1 1 1 0 0 0 0 1 0 0 0 0 0
300	4	1 1 1 1 1 1 1 1 1 1 0 1 1 1 0 0 1 0 1 1 1 0 1 0 0 0 1 0 1 1 0 0 1 0 0 0 0 1 1 1 0 1 0 0 1 0 0 0 0 0
300	23	1 1 1 1 1 1 1 1 1 1 0 1 1 1 0 0 1 0 1 1 1 0 1 0 0 0 1 0 1 1 0 0 1 0 0 0 0 1 1 1 0 1 0 0 0 0 0 0 0 0
300	2	1 1 1 1 1 1 1 1 1 1 0 1 1 1 0 0 1 0 1 1 1 1 1 0 0 0 1 0 1 1 0 0 1 0 0 0 0 1 1 1 0 1 0 0 0 0 0 0 0 0
300	1	1 1 1 1 1 1 1 1 1 1 0 1 1 1 0 0 1 1 1 1 1 0 1 0 0 0 1 0 1 1 0 0 1 0 0 0 0 1 1 1 0 1 0 0 0 0 0 0 0 0
300	1	1 1 1 1 1 1 1 1 1 1 0 1 1 1 0 0 0 0 1 1 1 0 1 0 0 0 1 0 1 0 0 0 1 0 0 0 0 1 1 1 0 0 0 0 1 0 0 0 0 0
300	3	1 1 1 1 1 1 1 1 1 1 0 1 1 1 0 0 0 0 1 1 1 0 1 0 0 0 1 0 1 1 0 0 1 0 0 0 0 1 1 1 0 0 0 0 0 0 0 0 0 0
300	4	1 1 1 1 1 1 1 1 1 1 0 1 1 1 0 0 0 0 1 1 1 0 0 0 0 0 1 0 1 1 0 0 1 0 0 0 0 1 1 1 0 0 0 0 1 0 0 0 0 0
300	60	1 1 1 1 1 1 1 1 1 1 0 1 1 1 0 0 0 0 1 1 1 0 1 0 0 0 1 0 1 1 0 0 1 0 0 0 0 1 1 1 0 0 0 0 1 0 0 0 0 0
310	1	1 1 1 1 1 1 1 1 1 1 0 0 1 1 0 0 1 0 1 1 1 0 1 0 0 0 1 0 1 1 0 0 1 0 0 0 0 1 1 1 0 0 0 0 1 0 0 0 0 0
310	2	1 1 1 1 1 1 1 1 1 1 0 1 1 1 0 0 1 0 1 1 1 0 1 0 0 0 1 0 1 1 0 0 1 0 0 0 0 1 1 1 0 0 0 0 1 0 0 0 0 0
310	1	1 1 1 1 1 1 1 1 1 1 0 1 1 1 0 0 1 0 1 1 1 0 1 0 0 0 1 0 1 1 0 0 0 0 0 0 0 1 1 1 0 1 0 0 0 0 0 0 0 0
310	1	1 1 1 1 1 1 1 1 1 1 0 1 1 1 0 0 1 0 1 1 1 0 1 0 0 0 1 0 1 1 0 0 1 0 0 0 0 1 1 1 0 1 0 0 1 0 0 0 0 0
310	2	1 1 1 1 1 1 1 1 1 1 0 0 1 1 0 0 1 0 1 1 1 0 1 0 0 0 1 0 1 1 0 0 1 0 0 0 0 1 1 1 0 1 0 0 0 0 0 0 0 0
310	1	1 1 1 1 1 1 1 1 1 1 0 1 1 1 0 0 1 0 1 1 1 1 1 0 0 0 1 0 1 1 0 0 1 0 0 0 0 1 1 1 0 1 0 0 0 0 0 1 0 0
310	8	1 1 1 1 1 1 1 1 1 1 0 1 1 1 0 0 1 0 1 1 1 1 1 0 0 0 1 0 1 1 0 0 1 0 0 0 0 1 1 1 0 1 0 0 0 0 0 0 0 0
310	14	1 1 1 1 1 1 1 1 1 1 0 1 1 1 0 0 1 0 1 1 1 0 1 0 0 0 1 0 1 1 0 0 1 0 0 0 0 1 1 1 0 1 0 0 0 0 0 0 0 0
310	1	1 1 1 1 1 1 1 1 1 1 0 1 1 1 0 0 1 0 1 1 1 0 1 0 0 0 1 0 1 1 0 0 1 0 0 1 0 1 1 1 0 1 0 0 0 0 0 0 1 0
310	1	1 1 1 1 1 1 1 1 1 1 0 1 1 1 0 0 1 0 1 1 1 0 1 0 0 0 1 0 1 1 0 0 1 0 0 1 0 1 1 1 0 1 0 0 0 0 0 0 0 0
310	2	1 1 1 1 1 1 1 1 1 1 0 1 1 1 0 0 1 0 1 1 1 0 1 0 0 0 1 0 1 1 0 0 1 0 0 0 0 1 1 1 0 1 0 0 0 1 0 0 0 0
310	1	1 1 1 1 1 1 1 1 1 1 0 1 1 1 0 0 1 1 1 1 1 0 1 0 0 0 1 0 1 1 0 0 1 0 0 0 0 1 1 1 0 1 0 0 0 0 0 0 0 0
310	1	1 1 1 1 1 1 1 1 1 1 0 1 1 1 0 0 0 0 1 1 1 0 1 0 0 1 1 0 1 1 0 0 1 0 0 0 0 1 1 1 0 0 0 0 1 0 0 0 0 0
310	1	1 1 1 1 1 1 1 1 1 1 0 1 1 1 0 0 0 0 1 1 1 1 1 0 0 0 1 0 1 1 0 0 1 0 0 0 0 1 1 1 0 0 0 0 1 0 0 0 0 0
310	55	1 1 1 1 1 1 1 1 1 1 0 1 1 1 0 0 0 0 1 1 1 0 1 0 0 0 1 0 1 1 0 0 1 0 0 0 0 1 1 1 0 0 0 0 1 0 0 0 0 0
310	1	1 1 1 1 1 1 1 1 1 1 0 1 1 1 0 0 0 0 1 1 1 0 1 0 0 0 1 0 1 0 0 0 1 0 0 0 0 1 1 1 0 0 0 0 1 0 0 0 0 0
310	6	1 1 1 1 1 1 1 1 1 1 0 1 1 1 0 0 0 0 1 1 1 0 1 0 0 0 1 0 1 1 0 0 1 0 0 0 0 1 1 1 0 0 0 0 0 0 0 0 0 0
310	1	1 1 1 1 1 1 1 1 1 1 0 1 1 1 0 0 0 0 1 1 1 0 0 0 0 0 1 0 1 1 0 0 1 0 0 0 0 1 1 1 0 0 0 0 1 0 0 0 0 0
