0	100	0 0 0 0 0 0 0 0 0 0
10	3	0 1 0 0 0 0 0 0 0 0
10	2	0 0 0 0 0 0 0 0 0 1
10	1	1 0 0 0 0 0 0 0 0 0
10	94	0 0 0 0 0 0 0 0 0 0
20	1	0 0 0 1 0 0 0 0 0 0
20	1	0 1 0 0 0 0 0 0 0 0
20	1	1 0 0 0 0 0 0 0 0 0
20	97	0 0 0 0 0 0 0 0 0 0
30	4	0 0 0 1 0 0 0 0 0 0
30	7	0 0 0 0 0 1 0 0 0 0
30	2	0 0 0 0 0 0 1 0 0 0
30	3	1 0 0 0 0 0 0 0 0 0
30	1	0 1 0 0 0 0 0 0 0 0
30	2	0 0 0 0 0 0 0 1 0 0
30	81	0 0 0 0 0 0 0 0 0 0
40	2	0 0 0 0 0 1 0 0 0 0
40	6	1 0 0 0 0 0 0 0 0 0
40	2	0 0 0 0 0 0 0 1 0 0
40	1	0 0 0 0 0 0 0 0 1 0
40	89	0 0 0 0 0 0 0 0 0 0
50	2	0 0 0 1 0 0 0 0 0 0
50	1	0 0 0 0 0 0 0 1 0 0
50	2	0 0 0 0 1 0 0 0 0 0
50	2	0 0 0 0 0 1 0 0 0 0
50	5	1 0 0 0 0 0 0 0 0 0
50	2	0 0 0 0 0 0 1 0 0 0
50	86	0 0 0 0 0 0 0 0 0 0
60	1	0 0 0 1 0 0 0 0 0 0
60	1	0 0 0 0 1 0 0 0 0 0
60	1	1 0 0 0 0 0 0 1 0 0
60	5	1 0 0 0 0 0 0 0 0 0
60	3	0 0 0 0 0 0 1 0 0 0
60	1	0 1 1 0 0 0 0 0 0 0
60	88	0 0 0 0 0 0 0 0 0 0
70	1	0 0 0 1 0 0 1 0 0 0
70	1	0 0 0 1 0 0 0 0 0 0
70	1	0 0 1 0 0 0 0 1 0 0
70	3	0 0 0 0 0 0 0 1 0 0
70	5	1 0 0 0 0 0 0 0 0 0
70	1	0 0 0 0 0 0 1 0 0 0
70	2	0 1 1 0 0 0 0 0 0 0
70	2	0 1 0 0 0 0 0 0 0 0
70	3	0 0 0 0 0 0 0 0 1 0
70	78	0 0 0 0 0 0 0 0 0 0
70	2	0 0 1 0 0 0 0 0 0 0
70	1	0 0 0 0 0 0 0 0 0 1
80	3	0 0 0 0 0 0 0 1 0 0
80	11	1 0 0 0 0 0 0 0 0 0
80	64	0 0 0 0 0 0 0 0 0 0
80	3	0 0 0 1 0 0 0 0 0 0
80	5	1 0 0 0 0 0 0 1 0 0
80	3	0 0 0 0 0 0 1 0 0 0
80	3	0 1 1 0 0 0 0 0 0 0
80	7	0 0 0 0 0 1 0 0 0 0
80	1	0 0 0 0 0 0 0 0 0 1
90	4	0 0 0 0 0 0 0 1 0 0
90	1	1 0 0 0 1 0 0 0 0 0
90	11	1 0 0 0 0 0 0 0 0 0
90	1	0 0 0 0 0 1 0 0 0 0
90	3	0 0 0 0 0 0 1 0 0 0
90	1	0 0 0 1 0 0 0 0 0 0
90	2	0 1 0 0 0 0 0 0 0 0
90	66	0 0 0 0 0 0 0 0 0 0
90	1	0 0 0 1 0 0 0 0 0 1
90	1	0 0 0 1 0 0 0 1 0 0
90	2	1 0 0 0 0 0 0 1 0 0
90	3	0 1 1 0 0 0 0 0 0 0
90	1	0 0 1 0 0 0 1 0 0 0
90	3	0 0 1 0 0 0 0 0 0 0
100	2	1 0 0 0 0 0 0 1 0 0
100	7	0 0 0 0 0 0 0 1 0 0
100	15	1 0 0 0 0 0 0 0 0 0
100	2	0 0 0 0 0 1 0 0 0 0
100	1	0 0 0 0 0 0 1 0 0 0
100	1	0 1 0 0 0 0 0 0 0 0
100	1	0 0 1 0 0 0 1 0 0 0
100	3	0 0 1 0 0 0 0 0 0 0
100	65	0 0 0 0 0 0 0 0 0 0
100	1	0 0 0 1 0 0 0 1 0 0
100	2	0 1 1 0 0 0 0 0 0 0
110	3	1 0 0 0 0 0 0 1 0 0
110	2	0 0 0 0 0 0 0 1 0 0
110	2	1 0 0 0 1 0 0 0 0 0
110	1	0 0 1 0 0 0 0 0 0 0
110	1	0 1 0 0 0 0 0 0 0 0
110	1	0 0 0 0 1 0 0 0 0 0
110	10	0 0 0 1 0 0 0 0 0 0
110	13	1 0 0 0 0 0 0 0 0 0
110	62	0 0 0 0 0 0 0 0 0 0
110	5	0 1 1 0 0 0 0 0 0 0
120	2	0 0 1 0 0 0 0 0 0 0
120	2	0 0 0 0 0 0 1 0 0 0
120	1	0 1 0 0 0 0 0 0 1 0
120	2	0 0 0 0 1 0 0 0 0 0
120	5	0 1 0 0 0 0 0 0 0 0
120	1	0 0 0 0 0 1 0 0 0 0
120	9	0 0 0 1 0 0 0 0 0 0
120	56	0 0 0 0 0 0 0 0 0 0
120	1	1 1 0 0 0 0 0 0 0 0
120	15	1 0 0 0 0 0 0 0 0 0
120	1	0 0 1 1 0 0 0 1 0 0
120	5	0 1 1 0 0 0 0 0 0 0
130	2	1 0 0 0 0 0 0 1 0 0
130	1	0 0 1 0 1 0 0 0 0 0
130	1	0 0 1 0 0 0 0 0 0 0
130	2	0 0 0 0 1 0 0 0 0 0
130	1	0 0 0 0 0 0 0 0 1 0
130	1	0 1 0 0 0 0 0 0 0 1
130	3	0 1 0 0 0 0 0 0 0 0
130	1	0 0 0 0 0 1 0 0 0 0
130	1	0 0 0 1 0 0 0 0 1 0
130	7	0 0 0 1 0 0 0 0 0 0
130	19	1 0 0 0 0 0 0 0 0 0
130	55	0 0 0 0 0 0 0 0 0 0
130	3	1 1 0 0 0 0 0 0 0 0
130	3	0 1 1 0 0 0 0 0 0 0
140	1	1 0 0 0 0 0 1 1 0 0
140	2	1 0 0 0 0 0 0 1 0 0
140	1	0 0 0 0 0 0 0 1 0 0
140	3	0 0 1 0 0 0 0 0 0 0
140	7	0 0 0 0 1 0 0 0 0 0
140	8	0 1 0 0 0 0 0 0 0 0
140	9	0 0 0 1 0 0 0 0 0 0
140	1	0 0 0 0 0 0 0 0 0 1
140	1	0 0 0 0 0 0 0 0 1 0
140	42	0 0 0 0 0 0 0 0 0 0
140	13	1 0 0 0 0 0 0 0 0 0
140	1	1 1 0 0 0 0 0 0 0 0
140	4	0 1 1 0 0 1 0 0 0 0
140	1	0 1 1 0 0 0 0 0 1 0
140	6	0 1 1 0 0 0 0 0 0 0
150	5	1 1 0 0 0 0 0 1 0 0
150	3	1 0 0 0 0 0 0 1 0 0
150	2	0 1 1 0 0 0 0 0 0 0
150	3	0 0 1 0 0 0 0 0 0 0
150	3	0 0 1 0 1 0 0 0 0 0
150	4	0 0 0 0 1 0 0 0 0 0
150	4	0 1 0 0 0 0 0 0 0 0
150	1	0 1 0 1 0 0 0 0 0 0
150	22	0 0 0 1 0 0 0 0 0 0
150	6	1 1 0 0 0 0 0 0 0 0
150	27	0 0 0 0 0 0 0 0 0 0
150	17	1 0 0 0 0 0 0 0 0 0
150	3	0 0 0 0 0 0 1 0 0 0
