0	100	0 0 0 0 0 0 0 0 0 0
10	3	0 0 0 0 0 0 1 0 0 0
10	2	1 0 0 0 0 0 0 0 0 0
10	1	0 1 0 0 0 0 0 0 0 0
10	94	0 0 0 0 0 0 0 0 0 0
20	3	1 0 0 0 0 0 0 0 0 0
20	1	0 0 1 0 0 0 0 0 0 0
20	1	0 0 0 0 0 1 0 0 0 0
20	1	0 0 0 1 0 0 0 0 0 0
20	94	0 0 0 0 0 0 0 0 0 0
30	1	0 0 0 0 0 0 1 0 0 0
30	1	0 0 0 0 0 0 0 1 0 0
30	1	1 0 0 0 1 0 0 0 0 0
30	2	0 0 0 0 0 0 0 0 1 0
30	1	0 0 0 1 0 0 0 0 0 0
30	82	0 0 0 0 0 0 0 0 0 0
30	9	1 0 0 0 0 0 0 0 0 0
30	2	0 0 1 0 0 0 0 0 0 0
30	1	0 0 0 0 1 0 0 0 0 0
40	1	0 0 0 0 0 0 1 0 0 0
40	2	1 0 0 0 0 0 0 0 0 1
40	1	0 0 1 0 0 1 0 0 0 0
40	3	0 0 1 0 0 0 0 0 0 0
40	7	1 0 0 0 0 0 0 0 0 0
40	2	0 0 0 0 1 0 0 0 0 0
40	84	0 0 0 0 0 0 0 0 0 0
50	1	0 0 0 1 0 0 0 0 0 0
50	5	0 0 1 0 0 0 0 0 0 0
50	5	1 0 0 0 0 0 0 0 0 0
50	1	0 0 0 0 1 0 0 0 0 0
50	88	0 0 0 0 0 0 0 0 0 0
60	2	0 0 0 0 0 0 1 0 0 0
60	1	0 0 0 1 0 0 0 0 0 0
60	1	0 0 1 0 0 1 0 0 0 0
60	11	0 0 1 0 0 0 0 0 0 0
60	4	1 0 0 0 0 0 0 0 0 0
60	73	0 0 0 0 0 0 0 0 0 0
60	5	0 0 0 0 1 0 0 0 0 0
60	1	0 0 0 0 0 0 0 0 1 0
60	2	0 0 0 0 0 0 0 0 0 1
70	1	0 0 0 1 0 0 1 0 0 0
70	5	0 0 0 1 0 0 0 0 0 0
70	2	0 0 1 0 0 1 0 1 0 0
70	3	0 0 1 0 0 1 0 0 0 0
70	1	1 0 1 0 0 0 0 0 0 0
70	1	0 0 1 1 0 0 0 0 0 0
70	15	0 0 1 0 0 0 0 0 0 0
70	1	0 0 0 0 0 1 0 0 0 0
70	63	0 0 0 0 0 0 0 0 0 0
70	4	1 0 0 0 0 0 0 0 0 0
70	4	0 0 0 0 1 0 0 0 0 0
80	3	0 0 0 1 0 0 0 0 0 0
80	6	0 0 1 0 0 1 0 0 0 0
80	1	1 0 1 0 0 0 0 0 0 0
80	1	0 0 1 1 0 0 0 0 0 0
80	3	0 1 0 0 0 0 0 0 0 0
80	10	1 0 0 0 0 0 0 0 0 0
80	1	0 0 0 0 0 1 0 0 0 0
80	9	0 0 1 0 0 0 0 0 0 0
80	1	0 0 0 0 1 0 0 0 0 0
80	65	0 0 0 0 0 0 0 0 0 0
90	6	0 0 0 1 0 0 0 0 0 0
90	1	0 0 1 0 0 1 0 1 0 0
90	6	0 0 1 0 0 1 0 0 0 0
90	2	0 0 1 1 0 0 0 0 0 0
90	4	0 1 0 0 0 0 0 0 0 0
90	12	1 0 0 0 0 0 0 0 0 0
90	1	0 0 0 0 0 1 0 0 0 0
90	1	0 1 1 0 0 0 0 0 0 0
90	16	0 0 1 0 0 0 0 0 0 0
90	51	0 0 0 0 0 0 0 0 0 0
100	48	0 0 0 0 0 0 0 0 0 0
100	11	0 0 0 1 0 0 0 0 0 0
100	1	0 0 0 0 0 1 0 0 0 0
100	4	0 0 1 0 0 1 0 0 0 0
100	1	0 0 1 1 0 0 0 0 0 0
100	1	1 0 0 0 1 0 0 0 0 0
100	8	1 0 0 0 0 0 0 0 0 0
100	2	0 0 0 0 1 0 0 0 0 0
100	24	0 0 1 0 0 0 0 0 0 0
110	1	0 1 0 0 0 0 0 0 0 0
110	11	1 0 0 0 0 0 0 0 0 0
110	1	0 0 0 0 0 1 0 0 0 0
110	8	0 0 0 1 0 0 0 0 0 0
110	26	0 0 1 0 0 0 0 0 0 0
110	39	0 0 0 0 0 0 0 0 0 0
110	1	0 0 1 1 0 0 0 0 0 0
110	10	0 0 1 0 0 1 0 0 0 0
110	1	0 0 0 0 0 0 0 0 0 1
110	1	0 0 0 0 0 0 0 1 0 0
110	1	1 0 1 0 0 1 0 1 0 0
120	3	0 1 1 0 0 0 0 0 0 0
120	6	0 1 0 0 0 0 0 0 0 0
120	1	1 0 0 0 0 0 0 0 0 1
120	10	1 0 0 0 0 0 0 0 0 0
120	1	0 0 0 1 0 1 0 0 0 0
120	5	0 0 1 1 0 0 0 0 0 0
120	1	0 0 0 1 0 0 0 0 1 0
120	11	0 0 0 1 0 0 0 0 0 0
120	5	0 0 0 0 1 0 0 0 0 0
120	8	0 0 1 0 0 0 0 0 0 0
120	40	0 0 0 0 0 0 0 0 0 0
120	2	0 0 1 0 0 0 0 0 1 0
120	6	0 0 1 0 0 1 0 0 0 0
120	1	0 0 0 0 1 0 0 0 0 1
130	2	0 1 1 0 0 0 0 0 0 0
130	22	0 0 0 0 0 0 0 0 0 0
130	4	0 1 0 0 0 0 0 0 0 0
130	9	1 0 0 0 0 0 0 0 0 0
130	1	0 0 1 0 0 0 0 0 0 0
130	21	0 0 0 1 0 0 0 0 0 0
130	9	0 0 0 0 1 0 0 0 0 0
130	1	0 0 0 0 0 0 1 0 0 0
130	2	0 0 0 0 0 1 0 0 0 0
130	2	0 0 0 1 0 0 0 0 0 1
130	11	0 0 1 1 0 0 0 0 0 0
130	1	0 1 0 1 0 0 0 0 0 0
130	1	0 0 0 1 0 1 0 0 0 0
130	2	0 0 1 0 0 0 0 0 1 0
130	4	1 0 1 0 0 1 0 0 0 0
130	8	0 0 1 0 0 1 0 0 0 0
140	2	0 1 1 0 0 0 0 0 0 0
140	2	0 0 0 0 1 0 0 0 0 0
140	23	0 0 0 0 0 0 0 0 0 0
140	1	1 0 0 0 0 1 0 0 0 0
140	10	1 0 0 0 0 0 0 0 0 0
140	1	0 0 0 0 0 0 0 0 0 1
140	1	0 0 0 1 0 1 0 0 0 0
140	10	0 0 1 1 0 0 0 0 0 0
140	24	0 0 0 1 0 0 0 0 0 0
140	2	0 1 0 0 0 0 0 0 0 0
140	1	1 0 0 0 0 0 0 1 0 0
140	2	1 0 0 1 0 0 0 0 0 0
140	1	0 0 0 1 0 0 1 0 0 0
140	3	0 0 1 1 0 0 0 0 0 1
140	2	0 0 1 1 1 0 0 0 0 0
140	9	0 0 1 0 0 1 0 0 0 0
140	1	1 0 1 0 1 1 0 0 0 0
140	3	1 0 1 0 0 1 0 0 0 0
140	2	0 0 1 0 0 1 0 1 0 0
150	1	0 0 0 0 0 0 0 1 0 0
150	9	0 0 0 1 0 0 0 0 0 0
150	27	0 0 0 0 0 0 0 0 0 0
150	5	0 1 0 0 0 0 0 0 0 0
150	1	0 0 0 0 0 1 0 0 0 0
150	4	0 0 0 1 0 0 1 0 0 0
150	2	0 0 0 0 1 0 0 0 0 0
150	7	0 0 0 1 0 1 0 0 0 0
150	2	1 0 0 1 0 0 0 0 0 0
150	5	1 0 0 0 0 0 0 0 0 0
150	8	1 0 1 0 0 1 0 0 0 0
150	1	0 0 1 0 0 1 0 1 0 0
150	12	0 0 1 0 0 1 0 0 0 0
150	8	0 0 1 0 0 0 0 0 0 0
150	1	0 0 1 1 1 0 0 0 0 0
150	7	0 0 1 1 0 0 0 0 0 0
