10	8	0 1 1 0 0 0 0 0 0 1 1 0 0 1 1 1 0 0 1 1 0 0 1 0 1 0 0 0 0 0 0 1 1 1 0 0 0 0 0 1 1 0 1 1 1 1 1 1 0 1
10	1	1 0 1 1 1 1 1 1 0 0 1 1 0 1 0 1 1 1 1 1 1 1 1 0 1 0 1 0 0 0 0 0 0 0 0 1 1 0 0 1 0 0 1 0 1 1 1 0 1 0
10	1	1 0 1 1 0 1 1 1 0 0 1 1 0 1 0 1 1 1 1 1 1 1 1 0 1 0 1 0 0 0 0 1 0 0 0 1 1 0 0 1 0 0 1 0 1 1 1 0 1 0
10	20	1 0 1 1 1 1 1 1 0 0 1 1 0 1 0 1 1 1 1 1 1 1 1 0 1 0 1 0 0 0 0 1 0 0 0 1 1 0 0 1 0 0 1 0 1 1 1 0 1 0
10	1	0 1 1 0 0 1 1 0 1 0 0 1 1 1 0 0 1 1 0 1 0 0 1 1 0 1 1 1 1 1 0 0 0 1 0 0 1 1 1 0 1 0 0 0 0 1 1 0 1 0
10	2	0 1 1 1 0 1 1 0 1 0 0 1 1 1 0 0 1 1 0 1 0 0 1 1 0 1 1 1 1 0 0 0 0 1 0 0 1 1 1 0 1 0 0 0 0 1 1 0 1 0
10	19	0 1 1 0 0 1 1 0 1 0 0 1 1 1 0 0 1 1 0 1 0 0 1 1 0 1 1 1 1 0 0 0 0 1 0 0 1 1 1 0 1 0 0 0 0 1 1 0 1 0
10	1	0 0 0 1 1 0 1 1 1 1 1 1 1 1 0 0 0 0 1 1 0 0 1 1 0 0 1 1 0 0 0 1 1 0 0 0 1 1 0 0 0 0 0 0 0 1 1 1 0 0
10	27	0 0 0 1 1 0 1 1 0 1 1 1 1 1 0 0 0 0 1 1 0 0 1 1 0 0 1 1 0 0 0 1 1 0 0 0 1 1 0 0 0 0 0 0 0 1 1 1 0 0
10	1	1 1 0 1 0 1 0 1 0 0 0 0 0 1 1 1 1 1 0 1 0 1 0 1 0 0 0 1 1 0 0 1 1 0 1 1 0 0 1 0 1 1 1 0 0 1 0 1 1 1
10	19	1 0 0 1 0 1 0 1 0 0 0 0 0 1 1 1 1 1 0 1 0 1 0 1 0 0 0 1 1 0 0 1 1 0 1 1 0 0 1 0 1 1 1 0 0 1 0 1 1 1
20	2	0 1 1 0 0 0 0 0 0 1 1 0 0 1 1 1 0 0 1 1 0 0 1 0 1 0 0 0 0 0 0 1 1 1 0 0 0 0 0 1 1 0 1 1 1 1 1 1 0 1
20	1	1 0 1 1 1 1 1 1 0 0 1 1 0 1 0 1 1 1 1 1 1 1 0 0 1 0 1 0 0 0 0 1 0 0 0 1 1 0 0 1 0 0 1 0 1 1 1 0 1 0
20	2	1 0 1 1 0 1 1 1 0 0 1 1 0 1 0 1 1 1 1 1 1 1 1 0 1 0 1 0 0 0 0 1 0 0 0 1 1 0 0 1 0 0 1 0 1 1 1 0 1 0
20	1	1 0 1 1 1 1 1 1 0 0 1 1 0 1 0 1 0 1 1 1 1 1 1 0 1 0 1 0 0 0 0 1 0 0 0 1 1 0 0 1 0 0 1 0 1 1 1 0 1 0
20	2	1 0 1 1 1 1 1 1 0 0 1 1 0 1 1 1 1 1 1 1 1 1 1 0 1 0 1 0 0 0 0 1 0 0 0 1 1 0 0 1 0 0 1 0 1 1 1 0 1 0
20	1	1 0 1 1 1 1 1 1 0 0 1 1 0 1 0 1 1 0 1 1 1 1 1 0 1 0 1 0 0 0 0 1 0 0 0 1 1 0 0 1 0 0 1 0 1 1 1 0 1 0
20	14	1 0 1 1 1 1 1 1 0 0 1 1 0 1 0 1 1 1 1 1 1 1 1 0 1 0 1 0 0 0 0 1 0 0 0 1 1 0 0 1 0 0 1 0 1 1 1 0 1 0
20	12	0 1 1 0 0 1 1 0 1 0 0 1 1 1 0 0 1 1 0 1 0 0 1 1 0 1 1 1 1 1 0 0 0 1 0 0 1 1 1 0 1 0 0 0 0 1 1 0 1 0
20	3	0 1 1 1 0 1 1 0 1 0 0 1 1 1 0 0 1 1 0 1 0 0 1 1 0 1 1 1 1 0 0 0 0 1 0 0 1 1 1 0 1 0 0 0 0 1 1 0 1 0
20	1	0 1 1 0 0 1 1 0 1 0 0 1 1 1 0 0 1 1 0 1 0 0 1 1 0 1 1 1 1 0 0 0 0 1 0 0 1 1 1 0 0 0 0 0 0 1 1 0 1 0
20	1	0 1 1 0 0 1 1 0 1 0 0 1 1 1 0 1 1 1 0 1 0 0 1 1 0 1 1 1 1 0 0 0 0 1 0 0 1 1 1 0 1 0 0 0 0 1 1 0 1 0
20	22	0 1 1 0 0 1 1 0 1 0 0 1 1 1 0 0 1 1 0 1 0 0 1 1 0 1 1 1 1 0 0 0 0 1 0 0 1 1 1 0 1 0 0 0 0 1 1 0 1 0
20	14	0 0 0 1 1 0 1 1 0 1 1 1 1 1 0 0 0 0 1 1 0 0 1 1 0 0 1 1 0 0 0 1 1 0 0 0 1 1 0 0 0 0 0 0 0 1 0 1 0 0
20	16	0 0 0 1 1 0 1 1 0 1 1 1 1 1 0 0 0 0 1 1 0 0 1 1 0 0 1 1 0 0 0 1 1 0 0 0 1 1 0 0 0 0 0 0 0 1 1 1 0 0
20	8	1 0 0 1 0 1 0 1 0 0 0 0 0 1 1 1 1 1 0 1 0 1 0 1 0 0 0 1 1 0 0 1 1 0 1 1 0 0 1 0 1 1 1 0 0 1 0 1 1 1
30	2	0 1 1 0 0 0 0 0 0 1 1 0 0 1 1 1 0 0 1 1 0 0 1 0 1 0 0 0 0 0 0 1 1 1 0 0 0 0 0 1 1 0 1 1 1 1 1 1 0 1
30	3	1 0 1 1 1 1 1 1 0 0 1 1 0 1 0 1 1 1 1 1 1 1 0 0 1 0 1 0 0 0 0 1 0 0 0 1 1 0 0 1 0 0 1 0 1 1 1 0 1 0
30	4	1 0 1 1 0 1 1 1 0 0 1 1 0 1 0 1 1 1 1 1 1 1 1 0 1 0 1 0 0 0 0 1 0 0 0 1 1 0 0 1 0 0 1 0 1 1 1 0 1 0
30	6	1 0 1 1 1 1 1 1 0 0 1 1 0 1 0 1 0 1 1 1 1 1 1 0 1 0 1 0 0 0 0 1 0 0 0 1 1 0 0 1 0 0 1 0 1 1 1 0 1 0
30	1	1 0 1 1 1 1 1 1 0 0 1 1 0 1 1 1 1 1 1 1 1 1 1 0 1 0 1 0 0 0 0 1 1 0 0 1 1 0 0 1 0 0 1 0 1 1 1 0 1 0
30	2	1 0 1 1 1 1 1 1 0 0 1 1 0 1 1 1 1 1 1 1 1 1 1 0 1 0 1 0 0 0 0 1 0 0 0 1 1 0 0 1 0 0 1 0 1 1 1 0 1 0
30	1	1 0 1 1 1 1 1 1 0 0 1 1 0 1 0 1 1 1 1 1 1 1 1 0 1 0 1 0 0 0 0 1 0 0 0 1 1 0 0 1 0 0 0 0 0 1 1 0 1 0
30	1	1 0 1 1 1 1 1 1 0 0 1 1 0 1 0 1 1 1 1 1 1 1 1 0 1 0 1 0 0 0 0 1 0 0 0 1 0 0 0 1 0 0 1 0 1 1 1 0 1 0
30	2	1 0 1 1 1 1 1 1 0 0 1 1 0 1 0 1 1 1 1 1 1 1 1 0 1 0 1 0 0 0 0 1 0 0 0 1 1 0 0 1 0 0 1 0 1 1 1 0 1 0
30	5	0 1 1 0 0 1 1 0 1 0 0 1 1 1 0 0 1 1 0 1 0 0 1 1 0 1 1 1 1 1 0 0 0 1 0 0 1 1 1 0 1 0 0 0 0 1 1 0 1 0
30	1	0 1 1 1 0 1 1 0 1 0 0 1 1 1 0 0 1 1 0 1 0 0 0 1 0 1 1 1 1 0 0 0 0 1 0 0 1 1 1 0 1 0 0 0 0 1 1 0 1 0
30	1	0 1 1 1 0 1 1 0 1 0 0 1 1 1 0 0 1 1 0 1 0 0 1 1 0 1 1 1 1 0 0 0 0 1 0 1 1 1 1 0 1 0 0 0 0 1 1 0 1 0
30	11	0 1 1 1 0 1 1 0 1 0 0 1 1 1 0 0 1 1 0 1 0 0 1 1 0 1 1 1 1 0 0 0 0 1 0 0 1 1 1 0 1 0 0 0 0 1 1 0 1 0
30	2	0 1 1 0 0 1 1 0 1 0 0 1 1 1 0 0 1 1 0 1 0 0 1 1 0 1 1 1 1 0 0 0 0 1 0 0 1 1 1 0 0 0 0 0 0 1 1 0 1 0
30	1	0 1 1 0 0 1 1 0 1 0 0 1 1 1 0 1 1 1 0 1 0 0 1 1 0 1 1 1 1 0 0 0 0 1 0 0 1 1 1 0 1 0 0 0 0 1 1 0 1 0
30	6	0 1 1 0 0 1 1 0 1 0 0 1 1 1 0 0 1 1 0 1 0 0 1 1 0 1 1 1 1 0 0 0 0 1 0 0 1 1 1 0 1 0 0 0 0 1 1 0 1 0
30	2	0 0 0 1 1 0 1 1 0 1 1 1 1 1 0 0 0 0 1 0 0 0 1 1 0 0 1 1 0 0 0 1 1 0 0 0 1 1 0 0 0 0 0 0 0 1 0 1 0 0
30	40	0 0 0 1 1 0 1 1 0 1 1 1 1 1 0 0 0 0 1 1 0 0 1 1 0 0 1 1 0 0 0 1 1 0 0 0 1 1 0 0 0 0 0 0 0 1 0 1 0 0
30	2	0 0 0 1 1 0 1 1 0 1 1 1 1 1 0 0 0 0 1 1 0 0 1 1 0 1 1 1 0 0 0 1 1 0 0 0 1 1 0 0 0 0 0 0 0 1 1 1 0 0
30	5	0 0 0 1 1 0 1 1 0 1 1 1 1 1 0 0 0 0 1 1 0 0 1 1 0 0 1 1 0 0 0 1 1 0 0 0 1 1 0 0 0 0 0 0 0 1 1 1 0 0
30	2	1 0 0 1 0 1 0 1 0 0 0 0 0 1 1 1 1 1 0 1 0 1 0 1 0 0 0 1 1 0 0 1 1 0 1 1 0 0 1 0 1 1 1 0 0 1 0 1 1 1
40	1	1 0 1 1 1 1 1 1 0 0 1 1 0 1 0 1 1 1 1 1 1 1 0 0 1 0 1 0 0 0 0 1 0 0 0 1 1 0 0 1 0 0 1 0 1 1 1 0 1 0
40	2	1 0 1 1 0 1 1 1 0 0 1 1 0 1 0 1 1 1 1 1 1 1 1 0 1 0 1 0 0 0 0 1 0 0 0 1 1 0 0 1 0 0 1 0 1 1 1 0 1 0
40	3	1 0 1 1 1 1 1 1 0 0 1 1 0 1 0 1 0 1 1 1 1 1 1 0 1 0 1 0 0 0 0 1 0 0 0 1 1 0 0 1 0 0 1 0 1 1 1 0 1 0
40	1	1 0 1 1 1 1 1 1 0 0 1 1 0 1 1 1 1 1 1 1 1 1 1 0 1 0 1 0 0 0 0 1 0 0 0 1 1 0 0 1 0 0 1 0 1 1 1 0 1 0
40	1	1 0 1 1 1 1 1 1 0 0 1 1 0 1 0 1 1 0 1 1 1 1 1 0 1 0 1 0 0 0 0 1 0 0 0 1 1 0 0 1 0 0 1 0 1 1 1 0 1 0
40	6	1 0 1 1 1 1 1 1 0 0 1 1 0 1 0 1 1 1 1 1 1 1 1 0 1 0 1 0 0 0 0 1 0 0 0 1 1 0 0 1 0 0 0 0 0 1 1 0 1 0
40	3	1 0 1 1 1 1 1 1 0 0 1 1 0 1 0 1 1 1 1 1 1 1 1 0 1 0 1 0 0 0 0 1 0 0 0 1 0 0 0 1 0 0 1 0 1 1 1 0 1 0
40	1	1 0 1 1 1 1 1 1 0 0 1 1 0 1 0 1 1 1 1 1 1 1 1 0 1 0 1 0 0 0 0 1 0 0 0 1 1 0 0 1 0 0 1 0 1 1 1 0 1 0
40	2	0 1 1 0 0 1 1 0 1 0 0 1 1 1 0 0 1 1 0 1 0 0 1 1 0 1 1 1 1 1 0 0 0 1 0 0 1 1 1 0 1 0 0 0 0 1 1 0 1 0
40	5	0 1 1 1 0 1 1 0 1 0 0 1 1 1 0 0 1 1 0 1 0 0 1 1 0 1 1 1 1 0 0 0 0 1 0 0 1 1 1 0 1 0 0 0 0 1 1 0 1 0
40	1	0 1 1 0 0 1 1 0 1 0 0 1 1 1 0 0 1 1 0 1 0 0 1 1 0 1 1 1 1 0 0 0 0 1 0 0 1 1 1 0 0 0 0 0 0 1 1 0 1 0
40	1	0 1 1 0 0 1 1 0 1 0 0 1 1 1 0 0 1 1 0 1 0 0 1 1 0 1 1 1 1 0 0 0 0 1 0 0 1 1 1 0 1 0 0 0 0 1 1 0 1 0
40	3	0 0 0 1 1 0 1 1 1 1 1 1 1 1 0 0 0 0 1 1 0 0 1 1 0 0 1 1 0 0 0 1 1 0 0 0 1 1 0 0 0 0 0 0 0 1 0 1 0 0
40	1	0 0 0 1 1 0 1 1 0 1 1 1 1 0 0 0 0 0 1 1 0 0 1 1 0 0 1 1 0 0 0 1 1 0 0 0 1 1 0 0 0 0 0 0 0 1 0 1 0 0
40	1	0 0 0 1 1 0 1 1 0 1 1 1 1 1 0 0 0 0 1 1 0 0 1 1 0 0 1 1 0 0 0 1 1 0 0 0 1 1 0 0 0 1 0 0 0 1 0 1 0 0
40	68	0 0 0 1 1 0 1 1 0 1 1 1 1 1 0 0 0 0 1 1 0 0 1 1 0 0 1 1 0 0 0 1 1 0 0 0 1 1 0 0 0 0 0 0 0 1 0 1 0 0
50	2	1 0 1 1 1 1 1 1 0 0 1 1 0 1 1 1 1 1 1 1 1 1 1 0 1 0 1 0 0 0 0 1 1 0 0 1 1 0 0 1 0 0 1 0 1 1 1 0 1 0
50	2	1 0 1 1 1 1 1 1 0 0 1 1 0 1 1 1 1 1 1 1 1 1 1 0 1 0 1 0 0 0 0 1 0 0 0 1 1 0 0 1 0 0 1 0 1 1 1 0 1 0
50	4	1 0 1 1 1 1 1 1 0 0 1 1 0 1 0 1 1 1 1 1 1 1 1 0 1 0 1 0 0 0 0 1 0 0 0 1 1 0 0 1 0 0 0 0 0 1 1 0 1 0
50	2	1 0 1 1 1 1 1 1 0 0 1 1 0 1 0 1 1 1 1 1 1 1 1 0 1 0 1 0 0 0 0 1 0 0 0 1 0 0 0 1 0 0 1 0 1 1 1 0 1 0
50	3	0 0 0 1 1 0 1 1 0 1 1 1 1 1 0 0 0 0 1 0 0 0 1 1 0 0 1 1 0 0 0 1 1 0 0 0 1 1 0 0 0 0 0 0 0 1 0 1 0 0
50	1	0 0 0 1 1 0 1 1 1 1 1 1 1 1 0 0 0 0 1 1 0 0 1 1 0 0 1 1 0 0 1 1 1 0 0 0 1 1 0 0 0 0 0 0 0 1 0 1 0 0
50	1	0 0 0 1 1 0 1 1 1 1 1 1 1 1 0 0 0 0 1 1 0 0 1 1 0 0 1 1 0 0 0 1 1 0 0 0 1 1 0 0 0 0 0 0 0 1 1 1 0 0
50	18	0 0 0 1 1 0 1 1 1 1 1 1 1 1 0 0 0 0 1 1 0 0 1 1 0 0 1 1 0 0 0 1 1 0 0 0 1 1 0 0 0 0 0 0 0 1 0 1 0 0
50	1	0 1 0 1 1 0 1 1 0 1 1 1 1 1 0 0 0 0 1 1 0 0 1 1 0 0 1 1 0 0 0 1 1 0 0 0 1 1 0 0 0 0 0 0 0 1 0 1 0 0
50	3	0 0 0 1 1 0 1 1 0 1 1 1 1 1 0 0 0 0 1 1 1 0 1 1 0 0 1 1 0 0 0 1 1 0 0 0 1 1 0 0 0 0 0 0 0 1 0 1 0 0
50	1	0 0 1 1 1 0 1 1 0 1 1 1 1 1 0 0 0 0 1 1 0 0 1 1 0 0 1 1 0 0 0 1 1 0 0 0 1 1 0 0 0 0 0 0 0 1 0 1 0 0
50	3	0 0 0 1 1 0 1 1 0 1 1 1 1 1 0 0 0 0 1 1 0 0 1 1 0 0 1 1 0 0 0 1 1 0 0 0 1 1 0 0 0 1 0 0 0 1 0 1 0 0
50	3	0 0 0 1 1 0 1 1 0 1 1 1 1 1 0 0 0 0 1 1 0 0 1 1 1 0 1 1 0 0 0 1 1 0 0 0 1 1 0 0 0 0 0 0 0 1 0 1 0 0
50	3	0 0 0 1 1 0 1 1 0 1 1 1 1 1 0 0 0 0 1 1 0 1 1 1 0 0 1 1 0 0 0 1 1 0 0 0 1 1 0 0 0 0 0 0 0 1 0 1 0 0
50	53	0 0 0 1 1 0 1 1 0 1 1 1 1 1 0 0 0 0 1 1 0 0 1 1 0 0 1 1 0 0 0 1 1 0 0 0 1 1 0 0 0 0 0 0 0 1 0 1 0 0
60	1	1 0 1 1 1 1 1 1 0 1 1 1 0 1 0 1 1 0 1 1 1 1 1 0 1 0 1 0 0 0 0 1 0 0 0 1 1 0 1 1 0 0 1 0 1 1 1 0 1 0
60	1	1 0 1 1 1 1 1 1 0 1 1 1 0 1 0 1 1 0 1 1 1 1 1 0 1 0 1 0 0 0 0 1 0 0 0 1 1 0 0 1 0 0 1 0 1 1 1 0 1 0
60	15	1 0 1 1 1 1 1 1 0 0 1 1 0 1 0 1 1 1 1 1 1 1 1 0 1 0 1 0 0 0 0 1 0 0 0 1 1 0 0 1 0 0 0 0 0 1 1 0 1 0
60	2	0 0 0 1 1 0 1 1 0 1 1 1 1 1 0 0 0 0 1 0 0 0 1 1 0 0 1 1 0 0 0 1 1 0 0 0 1 1 0 0 0 0 0 0 0 1 0 1 0 0
60	1	0 0 0 1 1 0 1 1 1 1 1 1 1 1 0 0 0 0 1 1 0 0 1 1 0 0 1 1 0 0 0 1 1 0 0 0 1 1 0 0 1 0 0 0 0 1 0 1 0 0
60	1	0 0 0 1 1 0 1 1 1 1 1 1 1 1 0 0 0 0 0 1 0 0 1 1 0 0 1 1 0 0 0 1 1 0 0 0 1 1 0 0 0 0 0 0 0 1 0 1 0 0
60	32	0 0 0 1 1 0 1 1 1 1 1 1 1 1 0 0 0 0 1 1 0 0 1 1 0 0 1 1 0 0 0 1 1 0 0 0 1 1 0 0 0 0 0 0 0 1 0 1 0 0
60	2	0 0 0 1 1 0 1 1 0 1 1 1 1 1 0 0 0 0 1 1 1 0 1 1 0 0 1 1 0 0 0 1 1 0 0 0 1 1 0 0 0 0 0 0 0 1 0 1 0 0
60	2	0 0 0 1 1 0 1 1 0 1 1 1 1 1 0 0 0 0 1 1 0 0 1 1 0 0 1 1 0 0 0 1 1 0 0 1 1 1 0 0 0 0 0 0 0 1 0 1 0 0
60	43	0 0 0 1 1 0 1 1 0 1 1 1 1 1 0 0 0 0 1 1 0 0 1 1 0 0 1 1 0 0 0 1 1 0 0 0 1 1 0 0 0 0 0 0 0 1 0 1 0 0
70	2	1 0 1 1 1 1 1 1 0 0 1 1 0 1 1 1 1 1 1 1 1 1 1 0 1 0 1 0 0 0 0 1 1 0 0 1 1 0 0 1 0 0 1 0 1 1 1 0 1 0
70	2	1 0 1 1 1 1 1 1 0 1 1 1 0 1 0 1 1 0 1 1 1 1 1 0 1 0 1 0 0 0 0 1 0 0 0 1 1 0 0 1 0 0 1 0 1 1 1 0 1 0
70	2	1 0 1 1 1 1 1 1 0 0 1 1 0 1 0 1 1 1 1 1 1 1 1 1 1 0 1 0 0 0 0 1 0 0 0 1 1 0 0 1 0 0 0 0 0 1 1 0 1 0
70	2	1 0 1 1 1 1 1 1 0 0 1 1 0 1 0 1 1 1 1 1 1 0 1 0 1 0 1 0 0 0 0 1 0 0 0 1 1 0 0 1 0 0 0 0 0 1 1 0 1 0
70	24	1 0 1 1 1 1 1 1 0 0 1 1 0 1 0 1 1 1 1 1 1 1 1 0 1 0 1 0 0 0 0 1 0 0 0 1 1 0 0 1 0 0 0 0 0 1 1 0 1 0
70	1	0 0 0 1 1 0 1 1 0 1 1 1 1 1 0 0 0 0 1 0 0 0 1 1 0 0 1 1 0 0 0 1 1 0 0 0 1 1 0 0 0 0 0 0 0 1 0 1 0 0
70	26	0 0 0 1 1 0 1 1 1 1 1 1 1 1 0 0 0 0 1 1 0 0 1 1 0 0 1 1 0 0 0 1 1 0 0 0 1 1 0 0 0 0 0 0 0 1 0 1 0 0
70	3	0 1 0 1 1 0 1 1 0 1 1 1 1 1 0 0 0 0 1 1 0 0 1 1 0 0 1 1 0 0 0 1 1 0 0 0 1 1 0 0 0 0 0 0 0 1 0 1 0 0
70	1	0 0 1 1 1 0 1 1 0 1 1 1 1 1 0 0 0 0 1 1 0 0 1 1 0 0 1 1 0 0 0 1 1 0 0 0 1 1 0 0 0 0 0 0 0 1 0 1 0 0
70	2	0 0 0 1 1 0 1 1 0 1 1 1 1 1 0 0 0 0 1 1 0 0 1 1 0 0 1 1 0 0 0 1 1 0 0 1 1 1 0 0 0 0 0 0 0 1 0 1 0 0
70	2	0 0 0 1 1 0 1 1 0 1 1 1 1 1 0 0 0 0 1 1 0 0 1 1 0 0 1 1 0 1 0 1 1 0 0 0 1 1 0 0 0 0 0 0 0 1 0 1 0 0
70	33	0 0 0 1 1 0 1 1 0 1 1 1 1 1 0 0 0 0 1 1 0 0 1 1 0 0 1 1 0 0 0 1 1 0 0 0 1 1 0 0 0 0 0 0 0 1 0 1 0 0
80	6	1 0 1 1 1 1 1 1 0 0 1 1 0 1 0 1 1 1 1 1 1 1 1 1 1 0 1 0 0 0 0 1 0 0 0 1 1 0 0 1 0 0 0 0 0 1 1 0 1 0
80	23	1 0 1 1 1 1 1 1 0 0 1 1 0 1 0 1 1 1 1 1 1 1 1 0 1 0 1 0 0 0 0 1 0 0 0 1 1 0 0 1 0 0 0 0 0 1 1 0 1 0
80	1	0 0 0 1 1 1 1 1 1 1 1 1 1 1 0 0 0 0 1 1 0 1 1 1 0 0 1 1 0 0 0 1 1 0 0 0 1 1 0 0 0 0 0 0 0 1 0 1 0 0
80	1	0 0 0 1 1 1 1 1 1 1 1 1 1 1 0 0 0 0 1 1 0 0 1 1 0 0 1 1 0 0 0 1 1 0 0 0 1 1 0 0 0 0 0 0 0 1 0 1 0 0
80	2	0 0 0 1 1 0 1 1 1 1 1 1 1 1 0 0 0 0 1 1 0 0 1 1 0 0 1 1 0 0 0 1 1 0 0 0 1 1 0 0 0 0 1 0 0 1 0 1 0 0
80	1	0 1 0 1 1 0 1 1 1 1 1 1 1 1 0 0 0 0 1 1 0 0 1 1 0 0 1 1 0 0 0 1 1 0 0 0 1 1 0 0 0 0 0 0 0 1 0 1 0 0
80	1	0 0 0 1 1 0 1 1 1 1 1 1 1 1 0 0 0 0 1 1 0 0 1 1 0 0 1 1 0 0 0 1 1 0 0 0 1 1 0 0 0 1 0 0 0 1 0 1 0 0
80	1	0 0 0 1 1 0 1 1 1 1 1 1 1 1 0 0 0 0 1 1 0 0 1 1 0 0 1 1 0 0 0 1 1 0 0 0 1 1 0 1 0 0 0 0 0 1 0 1 0 0
80	1	0 0 0 1 1 0 1 1 0 1 1 1 1 1 0 0 0 0 1 1 0 0 1 1 0 0 1 1 0 0 0 1 1 0 0 0 1 1 0 0 0 0 0 0 0 0 0 1 0 0
80	1	0 0 0 1 1 0 1 1 0 1 1 1 1 1 0 0 0 0 1 1 0 0 1 1 0 1 1 1 0 0 0 1 1 0 0 0 1 1 0 0 0 0 0 0 0 1 0 1 0 0
80	17	0 0 0 1 1 0 1 1 0 1 1 1 1 1 0 0 0 0 1 1 0 0 1 1 0 0 1 1 0 0 0 1 1 0 0 0 1 1 0 0 0 0 0 0 0 1 0 1 0 0
80	33	0 0 0 1 1 0 1 1 1 1 1 1 1 1 0 0 0 0 1 1 0 0 1 1 0 0 1 1 0 0 0 1 1 0 0 0 1 1 0 0 0 0 0 0 0 1 0 1 0 0
80	10	0 1 0 1 1 0 1 1 0 1 1 1 1 1 0 0 0 0 1 1 0 0 1 1 0 0 1 1 0 0 0 1 1 0 0 0 1 1 0 0 0 0 0 0 0 1 0 1 0 0
80	2	0 0 0 1 1 0 1 1 0 1 1 1 1 1 0 0 0 0 1 1 0 0 1 1 0 0 1 1 0 0 0 1 1 0 0 1 1 1 0 0 0 0 0 0 0 1 0 1 0 0
90	2	1 0 1 1 1 1 1 1 0 0 1 1 0 1 0 1 1 1 1 1 1 1 1 1 1 0 1 0 0 0 0 1 0 0 0 1 1 0 0 1 0 0 0 0 0 1 1 0 1 0
90	1	1 0 1 1 1 1 1 1 0 0 1 1 0 1 0 1 1 1 1 1 1 0 1 0 1 0 1 0 0 0 0 1 0 0 0 1 1 0 0 1 0 0 0 0 0 1 1 0 1 0
90	2	0 0 1 1 1 1 1 1 0 0 1 1 0 1 0 1 1 1 1 1 1 1 1 0 1 0 1 0 0 0 0 1 0 0 0 1 1 0 0 1 0 0 0 0 0 1 1 0 1 0
90	2	1 0 1 1 1 1 1 1 0 0 1 1 0 1 0 1 1 1 1 1 1 1 1 0 1 0 1 0 1 0 0 1 0 0 0 1 1 0 0 1 0 0 0 0 0 1 1 0 1 0
90	25	1 0 1 1 1 1 1 1 0 0 1 1 0 1 0 1 1 1 1 1 1 1 1 0 1 0 1 0 0 0 0 1 0 0 0 1 1 0 0 1 0 0 0 0 0 1 1 0 1 0
90	3	0 0 0 1 1 1 1 1 1 1 1 1 1 1 0 0 0 0 1 1 0 0 1 1 0 0 1 1 0 0 0 1 1 0 0 0 1 1 0 0 0 0 0 0 0 1 0 1 0 0
90	1	0 1 0 1 1 0 1 1 1 1 1 1 1 1 0 0 0 0 1 1 0 0 1 1 0 0 1 1 0 0 0 1 1 0 0 0 1 1 0 0 0 0 0 0 0 1 0 1 0 1
90	1	0 0 0 1 1 0 1 1 0 1 1 1 1 1 0 0 0 0 1 1 0 0 1 1 0 1 1 1 0 0 0 1 1 0 0 0 1 1 0 0 0 0 0 0 0 1 0 1 0 0
90	4	0 0 0 1 1 0 1 1 0 1 1 1 1 1 0 0 0 0 1 1 0 0 1 1 0 0 1 1 0 0 0 1 1 0 0 1 1 1 0 0 0 0 0 0 0 1 0 1 0 0
90	10	0 1 0 1 1 0 1 1 0 1 1 1 1 1 0 0 0 0 1 1 0 0 1 1 0 0 1 1 0 0 0 1 1 0 0 0 1 1 0 0 0 0 0 0 0 1 0 1 0 0
90	11	0 0 0 1 1 0 1 1 0 1 1 1 1 1 0 0 0 0 1 1 0 0 1 1 0 0 1 1 0 0 0 1 1 0 0 0 1 1 0 0 0 0 0 0 0 1 0 1 0 0
90	33	0 0 0 1 1 0 1 1 1 1 1 1 1 1 0 0 0 0 1 1 0 0 1 1 0 0 1 1 0 0 0 1 1 0 0 0 1 1 0 0 0 0 0 0 0 1 0 1 0 0
90	5	0 0 1 1 1 0 1 1 0 1 1 1 1 1 0 0 0 0 1 1 0 0 1 1 0 0 1 1 0 0 0 1 1 0 0 0 1 1 0 0 0 0 0 0 0 1 0 1 0 0
100	1	1 0 1 1 1 1 1 1 0 0 1 1 0 1 0 1 1 1 1 1 1 1 1 1 1 0 1 0 0 0 0 1 0 0 0 1 1 0 0 1 0 0 0 0 0 1 1 0 1 0
100	3	1 0 1 1 1 1 1 1 0 0 1 1 0 1 0 1 1 1 1 1 1 0 1 0 1 0 1 0 0 0 0 1 0 0 0 1 1 0 0 1 0 0 0 0 0 1 1 0 1 0
100	1	0 0 1 1 1 1 1 1 0 0 1 1 0 1 0 1 1 1 1 1 1 1 1 0 1 0 1 0 0 0 0 1 0 1 0 1 1 0 0 1 0 0 0 0 0 1 1 0 1 0
100	1	1 0 1 1 1 1 1 1 0 0 1 1 0 1 0 1 1 1 1 1 1 1 1 0 1 1 1 0 0 0 0 1 0 0 0 1 1 0 0 1 0 0 0 0 0 1 1 0 1 0
100	1	1 0 1 1 1 1 1 1 0 0 1 1 0 1 0 1 1 1 0 1 1 1 1 0 1 0 1 0 0 0 0 1 0 0 0 1 1 0 0 1 0 0 0 0 0 1 1 0 1 0
100	1	1 0 1 1 1 1 1 1 0 0 1 1 0 1 0 1 1 1 1 1 1 1 1 0 1 0 1 0 0 0 0 1 0 0 1 1 1 0 0 1 0 0 0 0 0 1 1 0 1 0
100	19	1 0 1 1 1 1 1 1 0 0 1 1 0 1 0 1 1 1 1 1 1 1 1 0 1 0 1 0 0 0 0 1 0 0 0 1 1 0 0 1 0 0 0 0 0 1 1 0 1 0
100	4	0 0 0 1 1 1 1 1 1 1 1 1 1 1 0 0 0 0 1 1 0 0 1 1 0 0 1 1 0 0 0 1 1 0 0 0 1 1 0 0 0 0 0 0 0 1 0 1 0 0
100	1	0 1 0 1 1 0 1 1 1 1 1 1 1 1 0 0 0 0 1 1 0 0 1 1 0 0 1 1 0 0 0 1 1 0 0 0 0 1 0 0 0 0 0 0 0 1 0 1 0 1
100	5	0 1 0 1 1 0 1 1 1 1 1 1 1 1 0 0 0 0 1 1 0 0 1 1 0 0 1 1 0 0 0 1 1 0 0 0 1 1 0 0 0 0 0 0 0 1 0 1 0 0
100	2	0 0 0 1 1 0 1 1 1 1 1 1 1 1 0 0 0 0 1 1 0 0 1 1 0 0 1 0 0 0 0 1 1 0 0 0 1 1 0 0 0 0 0 0 0 1 0 1 0 0
100	2	0 0 0 1 1 0 1 1 0 1 1 1 1 1 0 0 0 0 1 1 0 0 1 1 0 0 1 1 0 0 0 1 1 0 0 0 1 1 0 0 0 0 0 0 0 0 0 1 0 0
100	1	0 0 0 1 1 0 1 1 0 1 1 1 1 1 0 0 0 0 1 1 0 0 1 1 0 1 1 1 0 0 0 1 1 0 0 0 1 1 0 0 0 0 0 0 0 1 0 1 0 0
100	1	1 0 0 1 1 0 1 1 0 1 1 1 1 1 0 0 0 0 1 1 0 0 1 1 0 0 1 1 0 0 0 1 1 0 0 1 1 1 0 0 0 0 0 0 0 1 0 1 0 0
100	1	0 0 0 1 1 0 1 1 0 1 1 1 1 1 0 0 0 0 1 1 0 0 1 1 0 0 1 1 0 0 0 1 1 0 0 1 1 1 0 0 0 0 0 0 0 1 0 1 0 0
100	4	0 1 0 1 1 0 1 1 0 1 1 1 1 1 0 0 0 0 1 1 0 0 1 1 0 0 1 1 0 0 0 1 1 0 0 0 1 1 0 0 0 0 0 0 0 1 0 1 0 0
100	1	0 0 0 1 1 1 1 1 0 1 1 1 1 1 0 0 0 0 1 1 0 0 1 1 0 0 1 1 0 0 0 1 1 0 0 0 1 1 0 0 0 0 0 0 0 1 0 1 0 0
100	8	0 0 0 1 1 0 1 1 0 1 1 1 1 1 0 0 0 0 1 1 0 0 1 1 0 0 1 1 0 0 0 1 1 0 0 0 1 1 0 0 0 0 0 0 0 1 0 1 0 0
100	2	0 0 0 1 1 0 1 1 1 1 1 1 1 1 0 0 0 0 1 1 0 0 1 1 0 0 1 1 0 0 0 1 1 0 0 0 1 0 0 0 0 0 0 0 0 1 0 1 0 0
100	1	0 0 0 1 1 0 1 1 1 0 1 1 1 1 0 0 0 0 1 1 0 0 1 1 0 0 1 1 0 0 0 1 1 0 0 0 1 1 0 0 0 0 0 0 0 1 0 1 0 0
100	2	0 0 0 1 1 0 1 1 1 1 1 1 1 1 0 0 0 0 1 1 0 0 1 1 0 0 1 1 0 0 0 1 1 0 0 0 1 1 0 0 0 0 0 0 0 1 0 1 0 1
100	1	0 0 0 1 1 0 1 1 1 1 1 1 1 1 0 0 0 0 1 1 0 0 1 1 0 0 1 1 0 0 0 1 1 0 0 0 1 1 0 1 0 0 0 0 0 1 0 1 0 0
100	1	0 0 0 1 1 0 1 1 1 1 1 1 1 1 0 0 1 0 1 1 0 0 1 1 0 0 1 1 0 0 0 1 1 0 0 0 1 1 0 0 0 0 0 0 0 1 0 1 0 0
100	35	0 0 0 1 1 0 1 1 1 1 1 1 1 1 0 0 0 0 1 1 0 0 1 1 0 0 1 1 0 0 0 1 1 0 0 0 1 1 0 0 0 0 0 0 0 1 0 1 0 0
100	1	0 0 1 1 1 0 1 1 0 1 1 1 1 1 0 0 0 0 1 1 0 0 1 1 0 0 1 1 0 0 0 1 1 0 0 0 1 1 0 0 0 0 0 0 0 1 0 1 0 0
110	2	1 0 1 1 1 1 1 1 0 0 1 1 0 1 0 1 1 1 0 1 1 1 1 1 1 0 1 0 0 0 0 1 1 0 0 1 1 0 0 1 0 0 0 0 0 1 1 0 1 0
110	1	1 0 1 1 1 1 1 1 0 0 1 1 0 1 0 1 1 1 1 1 1 1 1 1 1 0 1 0 0 0 0 1 1 0 0 1 1 0 0 1 0 0 0 0 0 1 1 0 1 0
110	1	1 0 1 1 1 1 1 1 0 0 1 1 0 1 0 1 1 1 1 1 1 1 1 1 1 0 1 0 0 0 0 1 0 0 0 1 1 0 0 1 0 0 0 0 0 1 1 0 1 0
110	1	1 0 1 1 1 1 1 1 0 0 1 1 0 1 0 1 1 1 1 1 1 0 1 0 1 0 1 0 0 0 0 1 0 0 0 1 1 0 0 1 0 0 0 0 0 1 1 0 1 0
110	2	1 0 1 1 1 1 1 1 0 0 1 1 0 0 0 1 1 1 1 1 1 1 1 0 1 0 1 0 0 0 0 1 0 0 0 1 1 0 0 1 0 0 0 0 0 1 1 0 1 0
110	1	1 0 1 1 1 1 1 1 0 0 1 1 0 1 0 1 1 1 1 1 1 1 1 0 1 1 1 0 0 0 0 1 0 0 0 1 1 0 0 1 0 0 0 0 0 1 1 0 1 0
110	2	1 0 1 1 1 1 1 1 0 0 1 1 0 1 0 0 1 1 1 1 1 1 1 0 1 0 1 0 0 0 0 1 0 0 0 1 1 0 0 1 0 0 0 0 0 1 1 0 1 0
110	1	1 0 1 1 1 1 1 1 0 0 1 1 0 1 0 1 1 1 1 1 1 1 1 0 1 0 1 0 0 0 0 1 0 0 0 1 1 0 0 1 0 0 0 0 0 1 1 1 1 0
110	27	1 0 1 1 1 1 1 1 0 0 1 1 0 1 0 1 1 1 1 1 1 1 1 0 1 0 1 0 0 0 0 1 0 0 0 1 1 0 0 1 0 0 0 0 0 1 1 0 1 0
110	6	0 0 0 1 1 1 1 1 1 1 1 1 1 1 0 0 0 0 1 1 0 0 1 1 0 0 1 1 0 0 0 1 1 0 0 0 1 1 0 0 0 0 0 0 0 1 0 1 0 0
110	5	0 1 0 1 1 0 1 1 1 1 1 1 1 1 0 0 0 0 1 1 0 0 1 1 0 0 1 1 0 0 0 1 1 0 0 0 1 1 0 0 0 0 0 0 0 1 0 1 0 0
110	1	0 0 0 1 1 0 1 1 1 1 1 1 1 1 0 0 0 0 1 1 0 0 1 1 0 0 1 0 0 0 0 1 1 0 0 0 1 1 0 0 0 0 0 0 0 1 0 1 0 0
110	4	1 0 0 1 1 0 1 1 0 1 1 1 1 1 0 0 0 0 1 1 0 0 1 1 0 0 1 1 0 0 0 1 1 0 0 1 1 1 0 0 0 0 0 0 0 1 0 1 0 0
110	1	1 1 0 1 1 0 1 1 0 1 1 1 1 1 0 0 0 0 1 1 0 0 1 1 0 0 1 1 0 0 0 1 1 0 0 0 1 1 0 0 0 0 0 0 0 1 0 1 0 0
110	3	0 0 1 1 1 0 1 1 0 1 1 1 1 1 0 0 0 0 1 1 0 0 1 1 0 0 1 1 0 0 0 1 1 0 0 0 1 1 0 0 0 0 0 0 0 1 0 1 0 0
110	1	0 0 0 1 1 0 1 1 0 1 1 1 1 1 0 0 0 0 1 1 0 0 1 1 0 0 1 1 0 0 0 1 1 0 0 0 1 1 0 0 0 0 0 0 0 1 0 1 0 0
110	2	0 1 0 1 1 0 1 1 0 1 1 1 1 1 0 0 0 0 1 1 0 0 1 1 0 0 1 1 0 0 0 1 1 0 0 0 1 1 0 0 0 0 0 0 0 1 0 1 0 0
110	2	0 0 0 1 1 0 1 1 1 1 1 1 1 1 0 0 0 0 1 1 0 0 1 1 0 0 1 1 0 0 0 1 1 0 0 0 1 1 0 0 0 0 0 0 0 1 1 1 0 0
110	34	0 0 0 1 1 0 1 1 1 1 1 1 1 1 0 0 0 0 1 1 0 0 1 1 0 0 1 1 0 0 0 1 1 0 0 0 1 1 0 0 0 0 0 0 0 1 0 1 0 0
110	1	0 0 0 1 1 0 1 1 1 1 1 1 1 1 0 0 0 0 0 1 0 0 1 1 0 0 1 1 0 0 0 1 1 0 0 0 1 0 0 0 0 0 0 0 0 1 0 1 0 0
110	1	0 0 0 1 1 0 1 1 1 1 1 1 1 1 0 0 0 0 1 1 0 0 1 1 0 0 1 1 0 0 0 1 1 0 0 0 1 0 0 0 0 0 0 0 0 1 0 1 0 0
110	1	0 0 0 1 1 0 1 1 1 1 1 1 1 1 0 0 0 0 1 1 0 0 1 1 0 0 1 1 0 0 0 1 1 0 0 0 1 1 0 0 0 0 1 0 0 1 0 1 0 1
120	1	1 0 1 1 1 1 1 1 0 0 1 1 0 1 0 1 1 1 1 1 1 1 1 1 1 0 1 0 0 0 0 1 0 0 0 1 1 0 0 1 0 0 0 0 0 1 1 0 1 1
120	1	1 0 1 1 1 1 1 1 0 0 1 1 0 1 0 1 1 1 1 1 1 1 1 1 1 0 1 0 0 0 0 1 0 0 0 1 1 0 0 1 0 0 0 0 0 1 1 0 1 0
120	2	1 0 1 1 1 1 1 1 0 0 1 1 0 1 0 1 1 1 1 1 1 0 1 0 1 0 1 0 0 0 0 1 0 0 0 1 1 0 0 1 0 0 0 0 0 1 1 0 1 0
120	2	1 0 1 1 1 1 1 1 0 0 1 1 0 1 0 1 1 1 1 1 1 1 1 0 1 0 1 0 0 0 0 1 0 1 0 1 1 0 0 1 0 0 0 0 0 1 1 0 1 0
120	12	1 0 1 1 1 1 1 1 0 0 1 1 0 1 0 1 1 1 1 1 1 1 1 0 1 0 1 0 0 0 0 1 0 0 0 1 1 0 0 1 0 0 0 0 0 1 1 0 1 0
120	1	0 0 0 1 1 1 1 1 1 1 1 1 1 1 0 0 1 0 1 1 0 0 1 1 0 0 1 1 0 0 0 1 1 0 0 0 1 1 0 0 0 0 0 0 0 1 0 1 0 0
120	2	0 0 0 1 1 1 1 1 1 0 1 1 1 1 0 0 0 0 1 1 0 0 1 1 0 0 1 1 0 0 0 1 1 0 0 0 1 1 0 0 0 0 0 0 0 1 0 1 0 0
120	12	0 0 0 1 1 1 1 1 1 1 1 1 1 1 0 0 0 0 1 1 0 0 1 1 0 0 1 1 0 0 0 1 1 0 0 0 1 1 0 0 0 0 0 0 0 1 0 1 0 0
120	2	0 1 0 1 1 0 1 1 1 1 1 1 1 1 0 0 0 1 1 1 0 0 1 1 0 0 1 1 0 0 0 1 1 0 0 0 1 1 0 0 0 0 0 0 0 1 0 1 0 0
120	1	0 1 0 1 1 0 1 1 1 1 1 1 1 1 0 0 0 0 1 1 0 0 1 1 0 0 0 1 0 0 0 1 1 0 0 0 1 1 0 0 0 0 0 0 0 1 0 1 0 0
120	1	0 1 0 1 1 0 1 1 1 1 1 1 1 1 0 0 0 0 1 1 0 0 1 1 0 0 1 1 0 0 0 1 1 0 0 0 0 1 0 0 0 0 0 0 0 1 0 1 0 0
120	21	0 1 0 1 1 0 1 1 1 1 1 1 1 1 0 0 0 0 1 1 0 0 1 1 0 0 1 1 0 0 0 1 1 0 0 0 1 1 0 0 0 0 0 0 0 1 0 1 0 0
120	2	1 1 0 1 1 0 1 1 0 1 1 1 1 1 0 0 0 0 1 1 0 0 1 1 0 0 1 1 0 0 0 1 1 0 0 1 1 1 0 0 0 0 0 0 0 1 0 1 0 0
120	3	1 0 0 1 1 0 1 1 0 1 1 1 1 1 0 0 0 0 1 1 0 0 1 1 0 0 1 1 0 0 0 1 1 0 0 1 1 1 0 0 0 0 0 0 0 1 0 1 0 0
120	1	1 1 0 1 1 0 1 1 0 1 1 1 1 1 0 0 0 0 1 1 0 0 1 1 0 0 1 1 0 0 0 1 1 0 0 0 1 1 0 0 0 0 0 0 0 1 0 1 0 0
120	2	0 0 1 1 1 0 1 1 0 1 1 1 1 1 0 0 0 0 1 1 0 0 1 1 0 0 1 1 0 0 0 1 1 0 0 0 1 1 0 0 0 0 0 0 0 1 0 1 0 0
120	1	0 1 0 1 1 0 1 1 0 1 1 1 1 1 0 0 0 0 1 1 0 0 0 1 0 0 1 1 0 0 0 1 1 0 0 0 1 1 0 0 0 0 0 0 0 1 0 1 0 0
120	9	0 1 0 1 1 0 1 1 0 1 1 1 1 1 0 0 0 0 1 1 0 0 1 1 0 0 1 1 0 0 0 1 1 0 0 0 1 1 0 0 0 0 0 0 0 1 0 1 0 0
120	2	0 0 0 1 1 0 1 1 1 1 1 1 1 1 0 0 0 0 1 1 0 0 1 1 0 0 1 1 0 0 0 1 1 0 0 0 1 0 0 0 0 0 0 0 0 1 0 1 0 0
120	20	0 0 0 1 1 0 1 1 1 1 1 1 1 1 0 0 0 0 1 1 0 0 1 1 0 0 1 1 0 0 0 1 1 0 0 0 1 1 0 0 0 0 0 0 0 1 0 1 0 0
120	1	0 0 0 1 1 0 1 1 1 1 1 1 1 1 0 0 0 0 0 1 0 0 1 1 0 0 1 1 0 0 0 1 1 0 0 0 1 0 0 0 0 0 0 0 0 1 0 1 0 0
120	1	0 0 0 1 1 0 1 1 1 1 1 1 1 1 0 0 0 0 1 1 0 0 1 1 0 0 1 1 0 0 0 1 1 0 0 0 1 1 0 0 0 0 0 0 0 1 0 0 0 0
130	2	1 0 1 1 1 1 1 1 0 0 1 1 0 1 0 1 1 1 1 1 1 0 1 0 1 0 1 0 0 0 0 1 0 0 0 1 1 0 0 1 0 0 0 0 0 1 1 0 1 0
130	1	1 0 1 1 1 1 1 1 0 0 1 1 0 0 0 1 1 1 1 1 1 1 1 0 1 0 1 0 0 0 1 1 0 0 0 1 1 0 0 1 0 0 0 0 0 1 1 0 1 0
130	1	1 0 1 1 1 1 1 1 0 0 1 1 0 0 0 1 1 1 1 1 1 1 1 0 1 0 1 0 0 0 0 1 0 0 0 1 1 0 0 1 0 0 0 0 0 1 1 0 1 0
130	1	1 0 1 1 1 1 1 1 0 0 1 1 0 1 0 1 1 1 1 1 1 1 1 0 1 0 1 0 0 0 0 1 0 0 0 1 1 1 0 1 0 0 0 0 0 1 1 0 1 0
130	19	1 0 1 1 1 1 1 1 0 0 1 1 0 1 0 1 1 1 1 1 1 1 1 0 1 0 1 0 0 0 0 1 0 0 0 1 1 0 0 1 0 0 0 0 0 1 1 0 1 0
130	1	0 0 0 1 1 1 1 1 1 1 1 1 1 1 0 0 0 0 1 1 0 0 1 1 0 0 1 1 0 0 0 0 1 0 0 0 1 1 0 0 0 0 0 0 0 1 0 1 0 0
130	1	0 0 0 1 1 1 1 1 1 1 1 1 1 1 0 0 0 0 1 1 0 0 1 0 0 0 1 1 0 0 0 1 1 0 0 0 1 1 0 0 0 0 0 0 0 1 0 1 0 0
130	10	0 0 0 1 1 1 1 1 1 1 1 1 1 1 0 0 0 0 1 1 0 0 1 1 0 0 1 1 0 0 0 1 1 0 0 0 1 1 0 0 0 0 0 0 0 1 0 1 0 0
130	2	0 1 0 1 1 0 1 1 1 1 1 1 1 1 0 0 0 1 1 1 0 0 1 1 0 0 1 1 0 0 0 1 1 0 0 0 1 1 0 0 0 0 0 0 0 1 0 1 0 0
130	3	0 1 0 1 1 0 1 1 1 1 1 1 1 1 0 0 0 0 1 1 0 0 1 1 0 0 0 1 0 0 0 1 1 0 0 0 1 1 0 0 0 0 0 0 0 1 0 1 0 0
130	15	0 0 0 1 1 0 1 1 1 1 1 1 1 1 0 0 0 0 1 1 0 0 1 1 0 0 1 1 0 0 0 1 1 0 0 0 1 1 0 0 0 0 0 0 0 1 0 1 0 0
130	25	0 1 0 1 1 0 1 1 1 1 1 1 1 1 0 0 0 0 1 1 0 0 1 1 0 0 1 1 0 0 0 1 1 0 0 0 1 1 0 0 0 0 0 0 0 1 0 1 0 0
130	1	1 0 0 1 1 0 1 1 0 1 1 1 1 1 0 0 0 0 1 1 0 0 1 1 0 0 1 1 0 0 0 1 1 0 0 1 1 1 0 0 0 0 0 0 0 1 0 1 0 0
130	5	1 1 0 1 1 0 1 1 0 1 1 1 1 1 0 0 0 0 1 1 0 0 1 1 0 0 1 1 0 0 0 1 1 0 0 0 1 1 0 0 0 0 0 0 0 1 0 1 0 0
130	2	0 0 1 1 1 0 1 1 0 1 1 1 1 1 0 0 0 0 1 1 0 0 1 1 0 0 1 1 0 0 0 1 1 0 0 0 1 1 0 0 0 0 0 0 0 1 0 1 0 0
130	1	0 1 0 1 1 0 1 1 0 1 1 1 1 1 0 0 0 0 1 1 0 0 0 1 0 0 1 1 0 0 0 1 1 0 0 0 1 1 0 0 0 0 0 0 0 1 0 1 0 0
130	4	0 1 0 1 1 0 1 1 0 1 1 1 1 1 0 0 0 0 1 1 0 0 1 1 0 0 1 1 0 0 0 1 1 0 0 0 1 1 0 0 0 0 0 0 0 1 0 1 0 0
130	2	0 0 0 1 1 0 1 1 0 1 1 1 1 1 0 0 0 0 1 1 0 0 1 1 0 0 1 1 0 0 0 1 1 0 0 0 1 0 0 0 0 0 0 0 0 1 0 1 0 0
130	1	0 0 0 1 1 0 1 1 1 1 1 1 1 1 0 1 0 0 1 1 0 0 1 1 0 0 1 1 0 0 0 1 1 0 0 0 1 0 0 0 0 0 0 0 0 1 0 1 0 0
130	3	0 0 0 1 1 0 1 1 1 1 1 1 1 1 0 0 0 0 1 1 0 0 1 1 0 0 1 1 0 0 0 1 1 0 0 0 1 0 0 0 0 0 0 0 0 1 0 1 0 0
140	1	1 0 1 1 1 1 1 1 0 0 1 1 0 1 0 1 1 1 1 1 1 0 1 0 1 0 1 0 0 0 0 1 0 0 0 1 1 0 0 1 0 1 0 0 0 1 1 0 1 0
140	3	1 0 1 1 1 1 1 1 0 0 1 1 0 1 0 1 1 1 1 1 1 0 1 0 1 0 1 0 0 0 0 1 0 0 0 1 1 0 0 1 0 0 0 0 0 1 1 0 1 0
140	10	1 0 1 1 1 1 1 1 0 0 1 1 0 1 0 1 1 1 1 1 1 1 1 0 1 0 1 0 0 0 0 1 0 0 0 1 1 0 0 1 0 0 0 0 0 1 1 0 1 0
140	2	0 0 0 1 1 1 1 1 1 1 1 1 1 1 0 0 1 0 1 1 0 0 1 1 0 0 1 1 0 0 0 1 1 0 0 0 1 1 0 0 0 0 0 0 0 1 0 1 0 0
140	1	0 0 0 1 1 1 1 1 1 1 1 1 1 1 0 0 0 0 1 1 0 0 1 0 0 0 1 1 0 0 0 1 1 0 0 0 1 1 0 0 0 0 0 0 0 1 0 1 1 0
140	14	0 0 0 1 1 1 1 1 1 1 1 1 1 1 0 0 0 0 1 1 0 0 1 1 0 0 1 1 0 0 0 1 1 0 0 0 1 1 0 0 0 0 0 0 0 1 0 1 0 0
140	2	0 1 0 1 1 0 1 1 1 1 1 1 1 1 0 0 1 0 1 1 0 0 1 1 0 0 1 1 0 0 0 0 1 0 0 0 1 1 0 0 0 0 0 0 0 1 0 1 0 0
140	5	0 1 0 1 1 0 1 1 1 1 1 1 1 1 0 0 0 1 1 1 0 0 1 1 0 0 1 1 0 0 0 1 1 0 0 0 1 1 0 0 0 0 0 0 0 1 0 1 0 0
140	8	0 0 0 1 1 0 1 1 1 1 1 1 1 1 0 0 0 0 1 1 0 0 1 1 0 0 1 1 0 0 0 1 1 0 0 0 1 1 0 0 0 0 0 0 0 1 0 1 0 0
140	34	0 1 0 1 1 0 1 1 1 1 1 1 1 1 0 0 0 0 1 1 0 0 1 1 0 0 1 1 0 0 0 1 1 0 0 0 1 1 0 0 0 0 0 0 0 1 0 1 0 0
140	5	1 0 0 1 1 0 1 1 0 1 1 1 1 1 0 0 0 0 1 1 0 0 1 1 0 0 1 1 0 0 0 1 1 0 0 1 1 1 0 0 0 0 0 0 0 1 0 1 0 0
140	6	1 1 0 1 1 0 1 1 0 1 1 1 1 1 0 0 0 0 1 1 0 0 1 1 0 0 1 1 0 0 0 1 1 0 0 0 1 1 0 0 0 0 0 0 0 1 0 1 0 0
140	4	0 1 0 1 1 0 1 1 0 1 1 1 1 1 0 0 0 0 1 1 0 0 1 1 0 0 1 1 0 0 0 1 1 0 0 0 1 1 0 0 0 0 0 0 0 1 0 1 0 0
140	1	0 0 0 1 1 0 1 1 1 1 1 1 1 1 0 1 0 0 1 1 0 0 1 1 0 0 1 1 0 0 0 1 1 0 0 0 1 0 0 0 0 0 0 0 0 1 0 1 0 0
140	1	0 0 0 1 1 0 1 1 1 1 1 1 1 1 0 0 0 0 1 1 0 0 1 1 0 0 1 1 0 0 0 1 1 0 0 0 1 0 0 0 0 0 0 0 0 1 0 1 0 0
140	3	0 0 0 1 1 0 1 1 1 1 1 1 1 1 0 0 0 0 1 1 0 0 1 1 0 0 1 1 0 0 0 1 1 0 0 0 1 1 0 0 0 0 0 0 0 1 0 0 0 0
150	5	1 0 1 1 1 1 1 1 0 0 1 1 0 1 0 1 1 1 1 1 1 0 1 0 1 0 1 0 0 0 0 1 0 0 0 1 1 0 0 1 0 0 0 0 0 1 1 0 1 0
150	1	1 0 1 1 1 1 1 1 0 0 1 1 0 1 0 1 1 1 1 1 1 1 1 0 1 0 1 0 0 0 0 1 0 0 0 1 1 0 1 1 0 0 0 0 0 1 1 0 1 0
150	10	1 0 1 1 1 1 1 1 0 0 1 1 0 1 0 1 1 1 1 1 1 1 1 0 1 0 1 0 0 0 0 1 0 0 0 1 1 0 0 1 0 0 0 0 0 1 1 0 1 0
150	25	0 0 0 1 1 1 1 1 1 1 1 1 1 1 0 0 0 0 1 1 0 0 1 1 0 0 1 1 0 0 0 1 1 0 0 0 1 1 0 0 0 0 0 0 0 1 0 1 0 0
150	3	0 1 0 1 1 0 1 1 1 1 1 1 1 1 0 0 1 0 1 1 0 0 1 1 0 0 1 1 0 0 0 0 1 0 0 0 1 1 0 0 0 0 0 0 0 1 0 1 0 0
150	4	0 1 0 1 1 0 1 1 1 1 1 1 1 1 0 0 0 1 1 1 0 0 1 1 0 0 1 1 0 0 0 1 1 0 0 0 1 1 0 0 0 0 0 0 0 1 0 1 0 0
150	1	0 0 0 1 1 0 1 1 1 1 1 1 1 1 0 0 0 0 1 1 0 0 1 1 0 0 1 1 0 0 0 1 1 0 0 0 1 1 0 0 0 0 0 0 0 1 0 1 0 0
150	2	0 1 0 1 1 0 1 1 0 1 1 1 1 1 0 0 0 0 1 1 0 0 1 1 0 0 1 1 0 0 0 1 1 0 0 0 1 1 0 0 0 0 0 0 0 1 0 1 0 0
150	36	0 1 0 1 1 0 1 1 1 1 1 1 1 1 0 0 0 0 1 1 0 0 1 1 0 0 1 1 0 0 0 1 1 0 0 0 1 1 0 0 0 0 0 0 0 1 0 1 0 0
150	4	1 0 0 1 1 0 1 1 0 1 1 1 1 1 0 0 0 0 1 1 0 0 1 1 0 0 1 1 0 0 0 1 1 0 0 1 1 1 0 0 0 0 0 0 0 1 0 1 0 0
150	6	1 1 0 1 1 0 1 1 0 1 1 1 1 1 0 0 0 0 1 1 0 0 1 1 0 0 1 1 0 0 0 1 1 0 0 0 1 1 0 0 0 0 0 0 0 1 0 1 0 0
150	3	0 0 0 1 1 0 1 1 1 1 1 1 1 1 0 0 0 0 1 1 0 0 1 1 0 0 1 1 0 0 0 1 1 0 0 0 1 1 0 0 0 0 0 0 0 1 0 0 0 0
160	1	1 0 1 1 1 1 1 1 0 0 1 1 0 1 0 1 1 1 1 1 1 0 1 0 1 0 1 0 0 0 0 1 0 0 0 1 1 0 0 1 0 0 0 0 0 1 1 0 1 0
160	2	1 0 1 1 1 1 1 1 0 0 1 1 0 1 0 1 1 1 1 1 1 1 1 0 1 0 1 0 0 0 0 1 0 0 0 1 1 0 0 1 0 0 0 0 0 1 1 0 1 0
160	1	0 0 0 1 1 1 1 1 1 1 1 1 1 1 0 1 0 0 1 1 0 0 1 1 0 0 1 1 0 0 0 1 1 0 0 0 1 1 0 0 0 0 0 0 0 1 0 1 0 0
160	2	0 0 0 1 1 0 1 1 1 1 1 1 1 1 0 0 0 0 1 1 0 0 1 1 0 0 1 1 0 0 0 1 1 0 0 0 1 1 0 0 0 0 0 0 0 1 0 1 0 0
160	35	0 0 0 1 1 1 1 1 1 1 1 1 1 1 0 0 0 0 1 1 0 0 1 1 0 0 1 1 0 0 0 1 1 0 0 0 1 1 0 0 0 0 0 0 0 1 0 1 0 0
160	2	0 1 0 1 1 0 1 1 1 1 1 1 1 1 0 0 1 0 1 1 0 0 1 1 0 0 1 1 0 0 0 0 1 0 0 0 1 1 0 0 0 0 0 0 0 1 0 1 0 0
160	12	0 1 0 1 1 0 1 1 1 1 1 1 1 1 0 0 0 1 1 1 0 0 1 1 0 0 1 1 0 0 0 1 1 0 0 0 1 1 0 0 0 0 0 0 0 1 0 1 0 0
160	1	0 1 0 1 1 0 1 1 1 1 1 1 1 1 0 0 0 0 1 1 0 0 1 1 0 0 1 1 0 0 0 1 1 0 0 0 1 1 0 0 0 0 0 0 0 1 0 0 0 0
160	30	0 1 0 1 1 0 1 1 1 1 1 1 1 1 0 0 0 0 1 1 0 0 1 1 0 0 1 1 0 0 0 1 1 0 0 0 1 1 0 0 0 0 0 0 0 1 0 1 0 0
160	1	1 0 0 1 1 0 1 1 0 1 1 1 1 1 0 0 0 0 1 1 0 0 1 1 0 0 1 1 0 0 0 1 1 0 0 1 1 1 0 0 0 0 0 0 0 1 0 1 0 0
160	9	1 1 0 1 1 0 1 1 0 1 1 1 1 1 0 0 0 0 1 1 0 0 1 1 0 0 1 1 0 0 0 1 1 0 0 0 1 1 0 0 0 0 0 0 0 1 0 1 0 0
160	4	0 0 0 1 1 0 1 1 1 1 1 1 1 1 0 0 0 0 1 1 0 0 1 1 0 0 1 1 0 0 0 1 1 0 0 0 1 1 0 0 0 0 0 0 0 1 0 0 0 0
170	1	1 0 1 1 1 1 1 1 0 0 1 1 0 1 0 1 1 1 1 1 1 0 1 0 1 0 1 0 0 0 0 1 0 0 0 1 1 0 0 1 0 0 0 0 0 1 1 0 1 0
170	5	0 0 0 1 1 1 1 1 1 1 1 1 1 1 0 0 0 0 1 1 0 0 1 1 0 0 1 1 0 0 0 1 1 0 0 0 1 1 0 0 0 0 0 0 0 0 0 1 0 0
170	1	0 0 0 1 1 1 1 1 1 1 1 1 1 1 0 0 0 0 1 1 0 0 1 1 0 1 1 1 0 0 0 1 1 0 0 0 1 1 0 0 0 0 0 0 0 1 0 1 0 0
170	1	0 0 0 1 1 1 1 0 1 1 1 1 1 1 0 0 0 0 1 1 0 0 1 1 0 0 1 1 0 0 0 1 1 0 0 0 1 1 0 0 0 0 0 0 0 1 0 1 0 0
170	1	0 0 0 1 1 1 1 1 1 1 1 1 1 1 0 0 0 0 1 1 0 0 1 1 0 0 1 1 0 0 0 1 1 0 0 0 1 1 0 1 0 0 0 0 0 1 0 1 0 0
170	1	0 0 0 1 1 1 1 1 1 1 1 1 1 1 0 1 0 0 1 1 0 0 1 1 0 0 1 1 0 0 0 1 1 0 0 0 1 1 0 0 0 0 0 0 0 1 0 1 0 0
170	1	0 0 0 1 1 1 1 1 1 1 1 1 0 1 0 0 0 0 1 1 0 0 1 1 0 0 1 1 0 0 0 1 1 0 0 0 1 1 0 0 0 0 0 0 0 1 0 1 0 0
170	37	0 0 0 1 1 1 1 1 1 1 1 1 1 1 0 0 0 0 1 1 0 0 1 1 0 0 1 1 0 0 0 1 1 0 0 0 1 1 0 0 0 0 0 0 0 1 0 1 0 0
170	2	0 1 0 1 1 0 1 1 1 1 1 1 1 1 0 0 1 0 1 1 0 0 1 1 0 0 1 1 0 0 0 0 1 0 0 0 1 1 0 0 0 0 0 0 0 1 0 1 0 0
170	2	0 1 0 1 1 0 1 1 1 1 1 1 1 1 0 0 0 1 1 1 0 0 1 1 0 0 1 1 0 0 0 1 1 0 0 0 1 1 0 0 0 0 0 0 0 1 0 1 0 0
170	1	0 1 0 1 1 0 1 1 0 1 1 1 1 1 0 0 0 0 1 1 0 0 1 1 0 0 1 1 0 0 0 1 1 0 0 0 1 1 0 0 0 0 0 0 0 0 0 1 0 0
170	3	0 1 0 1 1 0 1 1 1 1 1 1 1 1 0 0 0 0 1 1 0 0 1 1 0 0 1 1 0 0 0 1 1 0 0 0 1 1 0 0 0 0 0 0 0 1 0 0 0 0
170	2	0 1 0 1 1 0 1 1 1 1 1 1 1 1 0 0 0 0 1 1 0 0 1 1 0 0 1 1 0 0 0 1 1 0 0 0 1 1 0 0 0 0 0 0 0 1 0 1 1 0
170	25	0 1 0 1 1 0 1 1 1 1 1 1 1 1 0 0 0 0 1 1 0 0 1 1 0 0 1 1 0 0 0 1 1 0 0 0 1 1 0 0 0 0 0 0 0 1 0 1 0 0
170	3	1 0 0 1 1 0 1 1 0 1 1 1 1 1 0 0 0 0 1 1 0 0 1 1 0 0 1 1 0 0 0 1 1 0 0 1 1 1 0 0 0 0 0 0 0 1 0 1 0 0
170	9	1 1 0 1 1 0 1 1 0 1 1 1 1 1 0 0 0 0 1 1 0 0 1 1 0 0 1 1 0 0 0 1 1 0 0 0 1 1 0 0 0 0 0 0 0 1 0 1 0 0
170	5	0 0 0 1 1 0 1 1 1 1 1 1 1 1 0 0 0 0 1 1 0 0 1 1 0 0 1 1 0 0 0 1 1 0 0 0 1 1 0 0 0 0 0 0 0 1 0 0 0 0
180	1	1 0 1 1 1 1 1 1 0 0 1 1 0 1 0 1 1 1 1 1 1 0 1 0 1 0 1 0 0 0 0 1 0 0 0 1 1 0 0 1 0 0 0 0 0 1 1 0 1 0
180	7	0 0 0 1 1 1 1 1 1 1 1 1 1 1 0 0 0 0 1 1 0 0 1 1 0 0 1 1 0 0 0 1 1 0 0 0 1 1 0 0 0 0 0 0 0 0 0 1 0 0
180	1	0 0 0 1 1 1 1 1 1 1 1 1 1 1 0 0 0 0 0 1 0 0 1 1 0 0 1 1 0 0 0 1 1 0 0 0 1 1 0 0 0 0 0 0 0 1 0 1 0 0
180	2	0 0 0 1 1 1 1 1 1 1 1 1 1 1 0 0 0 0 1 1 0 0 1 0 0 0 1 1 0 0 0 1 1 0 0 0 1 1 0 0 0 0 0 0 0 1 0 1 0 0
180	30	0 0 0 1 1 1 1 1 1 1 1 1 1 1 0 0 0 0 1 1 0 0 1 1 0 0 1 1 0 0 0 1 1 0 0 0 1 1 0 0 0 0 0 0 0 1 0 1 0 0
180	5	0 1 0 1 1 0 1 1 1 1 1 1 1 1 0 0 0 1 1 1 0 0 1 1 0 0 1 1 0 0 0 1 1 0 0 0 1 1 0 0 0 0 0 0 0 1 0 1 0 0
180	1	0 1 0 1 1 0 1 1 0 1 1 1 1 1 0 0 0 0 1 1 0 0 1 1 0 0 1 1 0 0 0 1 1 0 0 0 1 1 0 0 0 0 0 0 0 0 0 1 0 0
180	6	0 1 0 1 1 0 1 1 1 1 1 1 1 1 0 0 0 0 1 1 0 0 1 1 0 0 1 1 0 0 0 1 1 0 0 0 1 1 0 0 0 0 0 0 0 1 0 0 0 0
180	6	0 1 0 1 1 0 1 1 1 1 1 1 1 1 0 0 0 0 1 1 0 0 1 1 0 0 1 1 0 0 0 1 1 0 0 0 1 1 0 0 0 0 0 0 0 0 0 1 0 0
180	2	0 1 0 1 1 0 1 1 1 1 1 1 1 1 0 0 0 0 1 1 1 0 1 1 0 0 1 1 0 0 0 1 1 0 0 0 1 1 0 0 0 0 0 0 0 1 0 1 0 0
180	2	0 1 0 1 1 0 1 1 1 1 1 1 1 1 0 0 0 0 1 1 0 0 1 1 1 0 1 1 0 0 0 1 1 0 0 0 1 1 0 0 0 0 1 0 0 1 0 1 0 0
180	25	0 1 0 1 1 0 1 1 1 1 1 1 1 1 0 0 0 0 1 1 0 0 1 1 0 0 1 1 0 0 0 1 1 0 0 0 1 1 0 0 0 0 0 0 0 1 0 1 0 0
180	9	1 1 0 1 1 0 1 1 0 1 1 1 1 1 0 0 0 0 1 1 0 0 1 1 0 0 1 1 0 0 0 1 1 0 0 0 1 1 0 0 0 0 0 0 0 1 0 1 0 0
180	3	0 0 0 1 1 0 1 1 1 1 1 1 1 1 0 0 0 0 1 1 0 0 1 1 0 0 1 1 0 0 0 1 1 0 0 0 1 1 0 0 0 0 0 0 0 1 0 0 0 0
190	11	0 0 0 1 1 1 1 1 1 1 1 1 1 1 0 0 0 0 1 1 0 0 1 1 0 0 1 1 0 0 0 1 1 0 0 0 1 1 0 0 0 0 0 0 0 0 0 1 0 0
190	1	0 0 0 1 1 1 1 1 1 1 0 1 1 1 0 0 0 0 1 1 0 0 1 1 0 0 1 1 0 0 0 1 1 0 0 0 1 1 0 0 0 0 0 0 0 1 0 1 0 0
190	1	0 0 0 1 1 1 1 1 1 1 1 1 1 1 0 0 0 0 1 1 0 0 1 1 0 0 1 1 0 0 0 1 1 1 0 0 1 1 0 0 0 0 0 0 0 1 0 1 0 0
190	1	0 0 0 1 1 1 1 1 1 1 1 1 1 1 0 0 0 0 1 1 0 0 1 1 0 0 1 1 0 0 0 1 1 0 0 0 1 1 0 0 0 0 0 0 0 1 0 0 0 0
190	2	0 0 0 1 1 1 1 1 1 1 1 1 1 1 0 0 1 0 1 1 0 0 1 1 0 0 1 1 0 0 0 1 1 0 0 0 1 1 0 0 0 0 0 0 0 1 0 1 0 0
190	1	0 0 0 1 1 1 1 1 1 1 1 1 1 1 0 0 0 0 1 1 1 0 1 1 0 0 1 1 0 0 0 1 1 0 0 0 1 1 0 0 0 0 0 0 0 1 0 1 0 0
190	36	0 0 0 1 1 1 1 1 1 1 1 1 1 1 0 0 0 0 1 1 0 0 1 1 0 0 1 1 0 0 0 1 1 0 0 0 1 1 0 0 0 0 0 0 0 1 0 1 0 0
190	1	0 1 0 1 1 0 1 1 1 1 1 1 1 1 0 0 1 0 1 1 0 0 1 1 0 0 1 1 0 0 0 0 1 0 0 0 1 1 0 0 0 0 0 0 0 1 0 1 0 0
190	6	0 1 0 1 1 0 1 1 1 1 1 1 1 1 0 0 0 1 1 1 0 0 1 1 0 0 1 1 0 0 0 1 1 0 0 0 1 1 0 0 0 0 0 0 0 1 0 1 0 0
190	1	0 1 0 1 1 0 1 1 0 1 1 1 1 1 0 0 0 0 1 1 0 0 1 1 0 0 1 1 0 0 0 1 1 0 0 0 1 1 0 0 0 0 0 0 0 0 0 1 0 0
190	5	0 1 0 1 1 0 1 1 1 1 1 1 1 1 0 0 0 0 1 1 0 0 1 1 0 0 1 1 0 0 0 1 1 0 0 0 1 1 0 0 0 0 0 0 0 1 0 0 0 0
190	7	0 1 0 1 1 0 1 1 1 1 1 1 1 1 0 0 0 0 1 1 0 0 1 1 0 0 1 1 0 0 0 1 1 0 0 0 1 1 0 0 0 0 0 0 0 0 0 1 0 0
190	1	0 1 0 1 1 0 1 1 1 1 1 1 1 1 0 0 0 0 1 1 1 0 1 1 0 0 1 1 0 0 0 1 1 0 0 0 1 1 0 0 0 0 0 0 0 1 0 1 0 0
190	1	0 1 0 1 1 0 1 1 1 1 1 1 0 1 0 0 0 0 1 1 0 0 1 1 0 0 1 1 0 0 0 1 1 0 0 0 1 1 0 0 0 0 0 0 0 1 0 1 0 0
190	1	0 1 0 1 1 0 1 1 1 1 1 1 1 1 0 0 0 0 1 1 0 0 1 1 0 0 1 1 0 0 0 1 1 0 0 0 1 1 0 0 0 0 1 0 0 1 0 1 0 0
190	1	0 1 0 1 1 0 1 1 1 1 1 1 1 1 0 1 0 0 1 1 0 0 1 1 0 0 1 1 0 0 0 1 1 0 0 0 1 1 0 0 0 0 0 0 0 1 0 1 0 0
190	1	0 1 0 1 1 0 1 1 1 1 1 1 1 1 0 0 0 0 1 1 0 0 1 1 0 0 1 1 0 1 0 1 1 0 0 0 1 1 0 0 0 0 0 0 0 1 0 1 0 0
190	12	0 1 0 1 1 0 1 1 1 1 1 1 1 1 0 0 0 0 1 1 0 0 1 1 0 0 1 1 0 0 0 1 1 0 0 0 1 1 0 0 0 0 0 0 0 1 0 1 0 0
190	8	1 1 0 1 1 0 1 1 0 1 1 1 1 1 0 0 0 0 1 1 0 0 1 1 0 0 1 1 0 0 0 1 1 0 0 0 1 1 0 0 0 0 0 0 0 1 0 1 0 0
190	1	0 0 0 1 1 0 1 1 1 1 1 1 1 1 0 0 0 0 1 1 0 0 1 0 0 0 1 1 0 0 0 1 1 0 0 0 1 1 0 0 0 0 0 0 0 1 0 0 0 0
190	1	0 0 0 1 1 0 1 1 1 1 1 1 1 1 0 0 0 0 1 1 0 0 1 1 0 0 1 1 0 0 0 1 1 0 0 0 1 1 0 0 0 0 0 0 0 1 0 0 0 0
200	3	0 0 0 1 1 1 1 1 1 1 1 1 1 1 0 0 0 0 1 1 0 0 1 1 0 0 1 1 0 0 0 0 1 0 0 0 1 1 0 0 0 0 0 0 0 0 0 1 0 0
200	15	0 0 0 1 1 1 1 1 1 1 1 1 1 1 0 0 0 0 1 1 0 0 1 1 0 0 1 1 0 0 0 1 1 0 0 0 1 1 0 0 0 0 0 0 0 0 0 1 0 0
200	1	0 0 0 1 1 1 1 1 1 1 0 1 1 1 0 0 0 0 1 1 0 0 1 1 0 0 1 1 0 0 0 1 1 0 0 0 1 1 0 0 0 0 0 0 0 1 0 1 0 0
200	4	0 0 0 1 1 1 1 1 1 1 1 1 1 0 0 0 0 0 1 1 0 0 1 1 0 0 1 1 0 0 0 1 1 0 0 0 1 1 0 0 0 0 0 0 0 1 0 1 0 0
200	2	0 0 0 1 1 1 1 1 1 1 1 1 1 1 0 0 0 1 1 1 0 0 1 1 0 0 1 1 0 0 0 1 1 0 0 0 1 1 0 0 0 0 0 0 0 1 0 1 0 0
200	2	0 0 0 1 1 1 1 1 1 1 1 1 1 1 0 0 1 0 1 1 0 0 1 1 0 0 1 1 0 0 0 1 1 0 0 0 1 1 0 0 0 0 0 0 0 1 0 1 0 0
200	1	0 0 0 1 1 1 1 1 1 1 1 1 1 1 0 0 0 0 1 1 0 0 1 1 0 0 1 1 0 0 0 1 1 0 0 1 1 1 0 0 0 0 0 0 0 1 0 1 0 0
200	1	0 0 0 1 1 1 1 1 1 1 1 1 1 1 0 0 0 0 1 1 1 0 1 1 0 0 1 1 0 0 0 1 1 0 0 0 1 1 0 0 0 0 0 0 0 1 0 1 0 0
200	1	0 0 0 1 1 1 1 1 1 1 1 1 1 1 0 0 0 0 1 1 0 0 1 1 0 0 1 1 0 0 0 0 1 0 0 0 1 1 0 0 0 0 0 0 0 1 0 1 0 0
200	28	0 0 0 1 1 1 1 1 1 1 1 1 1 1 0 0 0 0 1 1 0 0 1 1 0 0 1 1 0 0 0 1 1 0 0 0 1 1 0 0 0 0 0 0 0 1 0 1 0 0
200	4	0 1 0 1 1 0 1 1 1 1 1 1 1 1 0 0 1 0 1 1 0 0 1 1 0 0 1 1 0 0 0 0 1 0 0 0 1 1 0 0 0 0 0 0 0 1 0 1 0 0
200	1	0 1 0 1 1 0 1 1 1 1 1 1 1 1 0 0 0 1 1 1 0 0 1 1 0 0 1 1 0 0 0 1 1 0 0 0 1 1 0 0 0 1 0 0 0 1 0 1 0 0
200	2	0 1 0 1 1 0 1 1 1 1 1 1 1 1 0 0 0 1 1 1 0 0 1 1 0 0 1 1 0 0 0 1 1 0 0 0 1 1 0 0 0 0 0 0 0 1 0 1 0 0
200	2	0 1 0 1 1 0 1 1 0 1 1 1 1 1 0 0 0 0 1 1 0 0 1 1 0 0 1 1 0 0 0 1 1 0 0 0 1 1 0 0 0 0 0 0 0 0 0 1 0 0
200	6	0 1 0 1 1 0 1 1 1 1 1 1 1 1 0 0 0 0 1 1 0 0 1 1 0 0 1 1 0 0 0 1 1 0 0 0 1 1 0 0 0 0 0 0 0 1 0 0 0 0
200	12	0 1 0 1 1 0 1 1 1 1 1 1 1 1 0 0 0 0 1 1 0 0 1 1 0 0 1 1 0 0 0 1 1 0 0 0 1 1 0 0 0 0 0 0 0 0 0 1 0 0
200	2	0 1 0 1 1 0 1 1 1 1 1 1 1 1 0 0 0 0 1 1 1 0 1 1 0 0 1 1 0 0 0 1 1 0 0 0 1 1 0 0 0 0 0 0 0 1 0 1 0 0
200	2	0 1 0 1 1 0 1 1 1 1 1 1 1 1 0 0 0 0 1 1 0 0 1 1 0 0 1 1 0 1 0 1 1 0 0 0 1 1 0 0 0 0 0 0 0 1 0 1 0 0
200	4	1 1 0 1 1 0 1 1 1 1 1 1 1 1 0 0 0 0 1 1 0 0 1 1 0 0 1 1 0 0 0 1 1 0 0 0 1 1 0 0 0 0 0 0 0 1 0 1 0 0
200	1	0 1 0 1 1 0 1 1 1 1 1 1 1 1 0 0 0 0 1 1 0 0 1 1 0 0 1 1 0 0 0 1 1 0 0 0 1 1 0 0 0 0 0 0 1 1 0 1 0 0
200	4	0 1 0 1 1 0 1 1 1 1 1 1 1 1 0 0 0 0 1 1 0 0 1 1 0 0 1 1 0 0 0 1 1 0 0 0 1 1 0 0 0 0 0 0 0 1 0 1 0 0
200	2	1 1 0 1 1 0 1 1 0 1 1 1 1 1 0 0 0 0 1 1 0 0 1 1 0 0 1 1 0 0 0 1 1 0 0 0 1 1 0 0 0 0 0 0 0 1 0 1 0 0
210	1	0 0 0 1 1 1 1 1 1 1 1 1 1 1 0 0 0 0 1 1 0 0 1 1 0 0 1 1 0 0 0 0 1 0 0 0 1 1 0 0 0 0 0 0 1 0 0 1 0 0
210	4	0 0 0 1 1 1 1 1 1 1 1 1 1 1 0 0 0 0 1 1 0 0 1 1 0 0 1 1 0 0 0 0 1 0 0 0 1 1 0 0 0 0 0 0 0 0 0 1 0 0
210	8	0 1 0 1 1 1 1 1 1 1 1 1 1 1 0 0 0 0 1 1 0 0 1 1 0 0 1 1 0 0 0 1 1 0 0 0 1 1 0 0 0 0 0 0 0 0 0 1 0 0
210	21	0 0 0 1 1 1 1 1 1 1 1 1 1 1 0 0 0 0 1 1 0 0 1 1 0 0 1 1 0 0 0 1 1 0 0 0 1 1 0 0 0 0 0 0 0 1 0 1 0 0
210	18	0 0 0 1 1 1 1 1 1 1 1 1 1 1 0 0 0 0 1 1 0 0 1 1 0 0 1 1 0 0 0 1 1 0 0 0 1 1 0 0 0 0 0 0 0 0 0 1 0 0
210	3	0 0 0 1 1 1 1 1 1 1 1 1 1 0 0 0 0 0 1 1 0 0 1 1 0 0 1 1 0 0 0 1 1 0 0 0 1 1 0 0 0 0 0 0 0 1 0 1 0 0
210	1	0 0 0 1 1 1 1 1 1 1 1 1 1 1 0 0 0 0 1 1 0 0 1 1 0 0 1 1 0 0 0 1 1 0 0 1 1 1 0 0 0 0 0 0 0 1 0 1 0 0
210	1	0 0 0 1 1 1 1 1 1 1 1 1 1 1 1 0 0 0 1 1 1 0 1 1 0 0 1 1 0 0 0 1 1 0 0 0 1 1 0 0 0 0 0 0 0 1 0 1 0 0
210	1	0 0 0 1 1 1 1 1 1 1 1 1 1 1 0 0 0 0 1 1 1 0 1 1 0 0 1 1 0 0 0 1 1 0 0 0 1 1 0 0 0 0 0 0 0 1 0 1 0 0
210	1	0 0 0 1 1 1 1 1 1 1 1 1 1 1 0 0 0 0 1 1 0 0 1 1 0 0 0 1 0 0 0 1 1 0 0 0 1 1 0 0 0 0 0 0 0 1 0 1 0 0
210	2	0 0 0 1 1 1 1 1 1 1 1 1 1 1 0 0 0 0 1 1 0 0 1 1 0 0 1 1 0 0 0 1 1 0 0 0 1 1 0 0 0 1 0 0 0 1 0 1 0 0
210	1	0 1 0 1 1 0 1 1 1 1 1 1 1 1 0 0 1 0 1 1 0 0 1 1 0 0 1 1 0 0 0 0 1 1 0 0 1 1 0 0 0 0 0 0 0 1 0 1 0 0
210	2	0 1 0 1 1 0 1 1 1 1 1 1 1 1 0 0 1 0 1 1 0 0 1 1 0 0 1 1 0 0 0 0 1 0 0 0 1 1 0 0 0 0 0 0 0 1 0 1 0 0
210	1	0 1 0 1 1 0 1 1 1 1 1 1 1 1 0 0 0 1 1 1 0 0 1 1 0 0 1 1 0 0 0 1 1 0 0 0 1 1 0 0 0 0 0 0 0 1 0 1 0 0
210	4	0 1 0 1 1 0 1 1 0 1 1 1 1 1 0 0 0 0 1 1 0 0 1 1 0 0 1 1 0 0 0 1 1 0 0 0 1 1 0 0 0 0 0 0 0 0 0 1 0 0
210	2	0 0 0 1 1 0 1 1 1 1 1 1 1 1 0 0 0 0 1 1 0 0 1 1 0 0 1 1 0 0 0 1 1 0 0 0 1 1 0 0 0 0 0 0 0 1 0 0 0 0
210	4	0 1 0 1 1 0 1 1 1 1 1 1 1 1 0 0 0 0 1 1 0 0 1 1 0 0 1 1 0 0 0 1 1 0 0 0 1 1 0 0 0 0 0 0 0 1 0 0 0 0
210	11	0 1 0 1 1 0 1 1 1 1 1 1 1 1 0 0 0 0 1 1 0 0 1 1 0 0 1 1 0 0 0 1 1 0 0 0 1 1 0 0 0 0 0 0 0 1 0 1 0 0
210	11	0 1 0 1 1 0 1 1 1 1 1 1 1 1 0 0 0 0 1 1 0 0 1 1 0 0 1 1 0 0 0 1 1 0 0 0 1 1 0 0 0 0 0 0 0 0 0 1 0 0
210	1	0 1 0 1 1 0 1 1 1 1 1 1 1 1 0 0 0 0 1 1 0 0 1 1 0 0 1 1 0 0 0 1 0 0 0 0 1 1 0 0 0 0 0 0 0 1 0 1 1 0
210	2	0 1 0 1 1 0 1 1 1 1 1 1 1 1 0 0 0 0 1 1 0 0 1 1 0 0 1 1 0 0 1 1 1 0 0 0 1 1 0 1 0 0 0 0 0 1 0 1 0 0
220	12	0 0 0 1 1 1 1 1 1 1 1 1 1 1 0 0 0 0 1 1 0 0 1 1 0 0 1 1 0 0 0 0 1 0 0 0 1 1 0 0 0 0 0 0 0 0 0 1 0 0
220	11	0 1 0 1 1 1 1 1 1 1 1 1 1 1 0 0 0 0 1 1 0 0 1 1 0 0 1 1 0 0 0 1 1 0 0 0 1 1 0 0 0 0 0 0 0 0 0 1 0 0
220	2	0 0 0 1 1 1 1 1 1 1 1 1 1 1 0 0 0 0 1 1 0 0 1 1 0 0 1 1 0 0 0 1 1 0 0 0 1 1 0 0 0 0 0 0 0 0 0 0 0 0
220	1	0 0 0 1 1 1 1 1 1 1 1 1 1 0 0 0 0 0 1 1 0 0 1 1 0 0 1 1 0 0 0 1 1 0 0 0 1 1 0 0 0 0 0 0 0 1 0 1 0 0
220	5	0 0 0 1 1 1 1 1 1 1 1 1 1 1 0 0 0 0 1 1 0 0 1 1 0 0 1 1 0 0 0 1 1 0 0 0 1 1 0 0 0 0 0 0 0 1 0 1 0 0
220	1	0 0 0 1 1 1 1 1 1 1 1 1 1 1 0 0 0 0 1 1 0 0 1 1 0 0 1 1 0 0 1 1 1 0 0 0 1 1 0 0 0 0 0 0 0 0 0 1 0 0
220	1	0 0 0 1 1 1 1 1 1 1 1 1 1 1 0 0 0 0 1 1 0 0 1 1 0 0 1 1 0 0 0 1 1 0 0 0 1 1 0 0 0 0 1 0 0 0 0 1 0 0
220	28	0 0 0 1 1 1 1 1 1 1 1 1 1 1 0 0 0 0 1 1 0 0 1 1 0 0 1 1 0 0 0 1 1 0 0 0 1 1 0 0 0 0 0 0 0 0 0 1 0 0
220	2	0 0 0 1 1 1 1 1 1 1 1 1 1 1 0 0 0 0 1 1 0 0 1 1 0 0 1 1 0 0 0 1 1 0 0 1 1 1 0 0 0 0 0 0 0 1 0 1 0 0
220	1	0 1 0 1 1 0 1 1 1 1 1 1 1 1 0 0 1 0 1 1 1 0 1 1 0 0 1 1 0 0 0 0 1 0 0 0 1 1 0 0 0 0 0 0 0 1 0 1 0 0
220	3	0 1 0 1 1 0 1 1 1 1 1 1 1 1 0 0 1 0 1 1 0 0 1 1 0 0 1 1 0 0 0 0 1 0 0 0 1 1 0 0 0 0 0 0 0 1 0 1 0 0
220	1	0 1 0 1 1 0 1 1 0 1 1 1 1 1 0 0 0 0 1 1 0 0 1 1 0 0 1 1 0 0 0 1 1 0 0 0 1 1 0 0 0 0 0 0 0 0 0 1 0 0
220	1	0 1 0 1 1 0 1 1 1 1 1 1 1 1 0 0 0 0 1 1 0 0 1 1 0 0 1 1 0 0 0 1 1 0 0 0 1 1 0 0 0 1 0 0 0 1 0 0 0 0
220	1	0 1 0 1 1 0 1 1 1 1 1 1 1 1 0 0 0 0 1 1 0 0 1 1 0 0 1 1 0 0 0 1 1 0 0 0 1 1 1 0 0 0 0 0 0 1 0 0 0 0
220	3	0 1 0 1 1 0 1 1 1 1 1 1 1 1 0 0 0 0 1 1 0 0 1 1 0 0 1 1 0 0 0 1 1 0 0 0 1 1 0 0 0 0 0 0 0 1 0 0 0 0
220	22	0 1 0 1 1 0 1 1 1 1 1 1 1 1 0 0 0 0 1 1 0 0 1 1 0 0 1 1 0 0 0 1 1 0 0 0 1 1 0 0 0 0 0 0 0 0 0 1 0 0
220	3	0 1 0 1 1 0 1 1 1 1 1 1 1 1 0 0 0 0 1 1 0 0 1 1 0 0 1 1 0 0 0 1 1 0 0 0 1 1 0 0 0 0 0 0 0 1 0 1 0 0
220	2	1 1 0 1 1 0 1 1 0 1 1 1 1 1 0 0 0 0 1 1 0 0 1 1 0 0 1 1 0 0 0 1 1 0 0 0 1 1 0 0 0 0 0 0 0 1 0 1 0 0
230	9	0 0 0 1 1 1 1 1 1 1 1 1 1 1 0 0 0 0 1 1 0 0 1 1 0 0 1 1 0 0 0 0 1 0 0 0 1 1 0 0 0 0 0 0 0 0 0 1 0 0
230	1	0 1 0 1 1 1 1 1 0 1 1 1 1 1 0 0 0 0 1 1 0 0 1 1 0 0 1 1 0 0 0 1 1 0 0 0 1 1 0 0 0 0 0 0 0 0 0 1 0 0
230	1	0 1 0 1 1 1 1 1 1 1 1 1 1 1 0 0 0 0 1 1 0 0 1 1 0 0 1 1 0 0 0 1 1 0 0 0 1 1 0 0 1 0 0 0 0 0 0 1 0 0
230	1	0 1 0 1 1 1 1 1 1 1 1 1 0 1 0 0 0 0 1 1 0 0 1 1 0 0 1 1 0 0 0 1 1 0 0 0 1 1 0 0 0 0 0 0 1 0 0 1 0 0
230	1	0 1 0 1 1 1 1 1 1 1 1 1 0 1 0 0 0 0 1 1 0 0 1 1 0 0 1 1 0 0 0 1 1 0 0 0 1 1 0 0 0 0 0 0 0 0 0 1 0 0
230	26	0 1 0 1 1 0 1 1 1 1 1 1 1 1 0 0 0 0 1 1 0 0 1 1 0 0 1 1 0 0 0 1 1 0 0 0 1 1 0 0 0 0 0 0 0 0 0 1 0 0
230	11	0 1 0 1 1 1 1 1 1 1 1 1 1 1 0 0 0 0 1 1 0 0 1 1 0 0 1 1 0 0 0 1 1 0 0 0 1 1 0 0 0 0 0 0 0 0 0 1 0 0
230	1	0 0 0 1 1 1 1 1 1 1 1 1 1 1 0 0 0 0 1 1 0 0 1 1 0 0 1 1 0 0 0 1 1 0 0 0 1 1 0 0 0 0 0 0 0 0 0 0 0 0
230	2	0 0 0 1 1 1 1 1 1 1 1 1 1 1 0 0 0 0 1 1 0 0 1 1 0 0 1 1 0 0 0 1 1 0 0 0 1 1 0 0 0 0 0 0 0 1 0 1 0 0
230	1	0 0 0 1 1 1 1 1 1 1 1 1 1 1 0 0 0 0 1 1 0 0 1 1 0 0 1 1 0 0 0 1 1 0 0 0 1 1 0 0 0 0 0 0 0 0 0 1 0 1
230	30	0 0 0 1 1 1 1 1 1 1 1 1 1 1 0 0 0 0 1 1 0 0 1 1 0 0 1 1 0 0 0 1 1 0 0 0 1 1 0 0 0 0 0 0 0 0 0 1 0 0
230	1	0 0 0 1 1 1 1 1 1 1 1 1 1 1 0 0 0 0 1 1 1 0 1 1 0 0 1 1 0 0 0 1 1 0 0 0 1 1 0 0 0 0 0 0 0 1 0 1 0 0
230	2	0 0 0 1 1 1 1 1 1 1 1 1 1 1 0 0 0 0 0 1 0 0 1 1 0 0 1 1 0 0 0 1 1 0 0 0 1 1 0 0 0 0 0 0 0 1 0 1 0 0
230	1	0 1 0 1 1 0 1 1 1 1 1 1 1 1 0 0 1 0 1 1 0 0 1 1 0 0 1 1 0 0 0 0 1 0 0 0 1 1 0 0 0 0 0 0 0 1 0 1 0 0
230	1	0 1 0 0 1 0 1 1 1 1 1 1 1 1 0 0 0 0 1 1 0 0 1 1 0 0 1 1 0 0 0 1 1 0 0 0 1 1 0 0 0 0 0 0 0 1 0 0 0 0
230	4	0 1 0 1 1 0 1 1 1 1 1 1 1 1 0 0 0 0 1 1 0 0 1 1 0 0 1 1 0 0 0 1 1 0 0 0 1 1 0 0 0 0 0 0 0 1 0 0 0 0
230	1	1 1 0 1 1 0 1 1 1 1 1 1 1 1 0 0 0 0 1 1 0 0 1 1 0 0 1 1 0 0 0 1 1 0 0 0 1 1 0 0 0 0 0 0 0 0 0 1 0 0
230	1	0 1 0 1 1 0 1 1 1 1 1 1 1 1 0 0 0 0 1 1 0 0 1 1 0 0 1 1 0 1 0 1 1 0 0 0 1 1 0 0 0 0 0 0 0 0 0 1 0 0
230	5	0 1 0 1 1 0 1 1 1 1 1 1 1 1 0 0 0 0 1 1 0 0 1 1 0 0 1 1 0 0 0 1 1 0 0 0 1 1 0 0 0 0 0 0 0 1 0 1 0 0
240	8	0 0 0 1 1 1 1 1 1 1 1 1 1 1 0 0 0 0 1 1 0 0 1 1 0 0 1 1 0 0 0 0 1 0 0 0 1 1 0 0 0 0 0 0 0 0 0 1 0 0
240	1	0 1 0 1 1 1 1 1 1 1 1 1 0 1 0 0 0 0 1 1 0 0 1 1 0 0 1 1 0 0 0 1 1 0 0 0 1 1 0 0 0 0 0 0 0 0 0 1 0 0
240	16	0 1 0 1 1 0 1 1 1 1 1 1 1 1 0 0 0 0 1 1 0 0 1 1 0 0 1 1 0 0 0 1 1 0 0 0 1 1 0 0 0 0 0 0 0 0 0 1 0 0
240	1	0 1 0 1 1 1 1 1 1 1 1 1 1 1 0 0 0 0 1 1 0 0 1 1 0 0 1 1 0 0 0 1 1 0 0 0 1 0 0 0 0 0 0 0 0 0 0 1 0 0
240	19	0 1 0 1 1 1 1 1 1 1 1 1 1 1 0 0 0 0 1 1 0 0 1 1 0 0 1 1 0 0 0 1 1 0 0 0 1 1 0 0 0 0 0 0 0 0 0 1 0 0
240	1	0 0 0 1 1 1 1 1 1 1 1 1 1 1 0 0 0 0 1 1 0 0 1 1 0 0 1 1 0 0 0 1 1 0 0 0 1 1 0 0 0 0 0 0 0 0 0 0 0 0
240	2	0 0 0 1 1 1 1 1 1 1 1 1 1 1 0 0 0 0 1 1 0 0 1 1 0 0 1 1 0 0 0 1 1 0 0 0 1 1 0 0 0 0 0 0 0 1 0 1 0 0
240	1	0 0 0 1 1 1 1 1 1 1 1 1 1 1 0 0 0 0 1 1 0 0 0 1 0 0 1 1 0 0 0 1 1 0 0 0 1 1 0 0 0 0 0 0 0 0 0 1 0 0
240	41	0 0 0 1 1 1 1 1 1 1 1 1 1 1 0 0 0 0 1 1 0 0 1 1 0 0 1 1 0 0 0 1 1 0 0 0 1 1 0 0 0 0 0 0 0 0 0 1 0 0
240	1	0 0 0 1 1 1 1 1 1 1 1 1 1 1 0 0 0 0 0 1 0 0 1 1 0 0 1 1 0 0 0 1 1 0 0 0 1 1 0 0 0 0 0 0 0 1 0 1 0 0
240	1	0 1 0 1 1 0 1 1 1 1 1 1 1 1 0 0 1 0 1 1 0 0 1 1 0 0 1 1 0 0 0 0 1 0 0 0 1 1 0 0 0 0 0 0 0 1 0 1 0 0
240	1	0 1 0 1 1 0 1 1 1 1 1 1 1 1 0 0 0 0 1 1 0 0 1 1 0 0 1 1 0 0 0 1 1 0 0 0 1 1 1 0 0 0 0 0 0 1 0 0 0 0
240	5	0 1 0 1 1 0 1 1 1 1 1 1 1 1 0 0 0 0 1 1 0 0 1 1 0 0 1 1 0 0 0 1 1 0 0 0 1 1 0 0 0 0 0 0 0 1 0 0 0 0
240	1	0 1 0 1 1 0 1 1 1 1 1 1 1 1 0 0 0 0 1 1 0 0 1 1 0 0 1 1 0 0 0 1 1 0 0 0 1 1 0 0 0 0 0 0 0 1 0 1 0 0
240	1	1 1 0 1 1 0 1 1 0 1 1 1 1 1 0 0 0 0 1 1 0 0 1 1 0 0 1 1 0 0 0 1 1 0 0 0 1 1 0 0 0 0 0 0 0 1 0 1 0 0
250	3	0 0 0 1 1 1 1 1 1 1 1 1 1 1 0 0 0 0 1 1 0 0 1 1 0 0 1 1 0 0 0 0 1 0 0 0 1 1 0 0 0 0 0 0 0 0 0 1 0 0
250	1	0 1 0 1 1 0 1 1 1 1 1 1 1 1 0 1 0 0 1 1 0 0 1 1 0 0 1 1 0 0 0 1 1 0 0 0 1 1 0 0 0 0 0 0 0 0 0 1 0 0
250	22	0 1 0 1 1 0 1 1 1 1 1 1 1 1 0 0 0 0 1 1 0 0 1 1 0 0 1 1 0 0 0 1 1 0 0 0 1 1 0 0 0 0 0 0 0 0 0 1 0 0
250	1	0 1 0 1 1 1 1 1 1 1 1 1 1 1 0 0 0 0 1 1 0 0 1 1 0 1 1 1 0 0 0 1 1 0 0 0 1 1 0 0 0 0 0 0 0 0 0 1 0 0
250	28	0 1 0 1 1 1 1 1 1 1 1 1 1 1 0 0 0 0 1 1 0 0 1 1 0 0 1 1 0 0 0 1 1 0 0 0 1 1 0 0 0 0 0 0 0 0 0 1 0 0
250	1	0 0 0 1 1 1 1 1 1 1 1 1 1 1 0 0 0 0 1 1 0 0 1 1 0 0 1 1 0 0 0 1 1 0 0 0 1 1 0 0 0 0 0 0 0 0 0 0 0 0
250	3	0 0 0 1 1 1 1 1 1 1 1 1 1 1 0 0 0 0 1 1 0 0 1 1 0 0 1 1 0 0 0 1 1 0 0 0 1 1 0 0 0 0 0 0 0 1 0 1 0 0
250	2	0 0 0 1 1 1 1 1 1 1 1 1 0 1 0 0 0 0 1 1 0 0 1 1 0 0 1 1 0 0 0 1 1 0 0 0 1 1 0 0 0 0 0 0 0 0 0 1 0 0
250	1	0 0 0 1 1 1 1 1 1 1 1 1 1 1 0 0 0 0 1 1 0 0 0 1 0 0 1 1 0 0 0 1 1 0 0 0 1 1 0 0 0 0 0 0 0 0 0 1 0 0
250	1	0 0 0 1 1 1 1 1 1 1 1 1 1 1 0 0 0 0 1 0 0 0 1 1 0 0 1 1 0 0 0 1 1 0 0 0 1 1 0 0 0 0 0 0 0 0 0 1 0 0
250	29	0 0 0 1 1 1 1 1 1 1 1 1 1 1 0 0 0 0 1 1 0 0 1 1 0 0 1 1 0 0 0 1 1 0 0 0 1 1 0 0 0 0 0 0 0 0 0 1 0 0
250	4	0 1 0 1 1 0 1 1 1 1 1 1 1 1 0 0 0 0 1 1 0 0 1 1 0 0 1 1 0 0 0 1 1 0 0 0 1 1 0 0 0 0 0 0 0 1 0 0 0 0
250	1	0 1 0 1 1 0 1 1 1 1 1 1 1 1 0 0 0 0 0 1 0 0 1 1 0 0 1 1 0 0 0 1 1 0 0 0 1 1 0 0 0 0 0 0 0 0 0 1 0 0
250	3	0 1 0 1 1 0 1 1 1 1 1 1 1 1 0 0 0 0 1 1 0 0 1 1 0 0 1 1 0 0 0 1 1 0 0 0 1 1 0 0 0 0 0 0 0 1 0 1 0 0
260	20	0 0 0 1 1 1 1 1 1 1 1 1 1 1 0 0 0 0 1 1 0 0 1 1 0 0 1 1 0 0 0 1 1 0 0 0 1 1 0 0 0 0 0 0 0 0 0 1 0 0
260	10	0 0 0 1 1 1 1 1 1 1 1 1 1 1 0 0 0 0 1 1 0 0 1 1 0 0 1 1 0 0 0 0 1 0 0 0 1 1 0 0 0 0 0 0 0 0 0 1 0 0
260	1	0 1 0 1 1 1 1 1 1 1 1 1 0 1 0 0 0 0 1 1 0 0 1 1 0 0 1 1 0 0 0 1 1 0 0 0 1 1 0 0 0 0 0 0 0 0 0 1 0 0
260	1	0 1 0 1 1 0 1 1 1 1 1 1 1 1 0 0 0 0 1 1 0 0 0 1 0 0 1 1 0 0 0 1 1 0 0 0 1 1 0 0 0 0 0 0 0 0 0 1 0 0
260	2	0 1 0 1 1 0 1 1 1 1 1 1 1 1 0 0 0 0 0 1 0 0 1 1 0 0 1 1 0 0 0 1 1 0 0 0 1 1 0 0 0 0 0 0 0 0 0 1 0 0
260	17	0 1 0 1 1 0 1 1 1 1 1 1 1 1 0 0 0 0 1 1 0 0 1 1 0 0 1 1 0 0 0 1 1 0 0 0 1 1 0 0 0 0 0 0 0 0 0 1 0 0
260	1	0 1 0 1 1 1 1 1 1 1 1 1 1 1 0 0 0 0 1 1 0 0 1 1 0 1 1 1 0 0 0 1 1 0 0 0 1 1 0 0 0 0 0 0 0 0 0 1 0 0
260	1	0 1 0 1 1 1 1 1 1 1 1 1 1 1 0 0 1 0 1 1 0 0 1 1 0 0 1 1 0 0 0 1 1 0 0 0 1 1 0 0 0 0 0 0 0 0 0 1 0 0
260	1	0 1 1 1 1 1 1 1 1 1 1 1 1 1 0 0 0 0 1 1 0 0 1 1 0 0 1 1 0 0 0 1 1 0 0 0 1 1 0 0 0 0 0 0 0 0 0 1 0 0
260	1	0 1 0 1 1 1 1 1 1 1 1 1 1 1 0 0 0 0 1 1 0 0 1 1 0 0 1 1 0 0 0 1 1 0 0 0 0 1 0 0 0 0 0 0 0 0 0 1 0 0
260	32	0 1 0 1 1 1 1 1 1 1 1 1 1 1 0 0 0 0 1 1 0 0 1 1 0 0 1 1 0 0 0 1 1 0 0 0 1 1 0 0 0 0 0 0 0 0 0 1 0 0
260	2	0 0 0 1 1 1 1 1 1 1 1 1 1 1 0 0 0 0 1 1 0 0 1 1 0 0 1 1 0 0 0 1 1 0 0 0 0 1 0 0 0 0 0 0 0 0 0 0 0 0
260	1	0 0 0 1 1 1 1 1 1 1 1 1 1 1 0 0 0 0 1 1 0 0 1 1 0 0 1 1 0 0 0 1 1 0 0 0 1 1 0 0 0 0 0 0 0 0 0 0 0 0
260	1	0 0 0 1 1 1 1 1 1 1 1 1 0 1 0 1 0 0 1 1 0 0 1 1 0 0 1 1 0 0 0 1 1 0 0 0 1 1 0 0 0 0 0 0 0 0 0 1 0 0
260	8	0 1 0 1 1 0 1 1 1 1 1 1 1 1 0 0 0 0 1 1 0 0 1 1 0 0 1 1 0 0 0 1 1 0 0 0 1 1 0 0 0 0 0 0 0 1 0 0 0 0
260	1	0 1 0 1 1 0 1 1 1 1 1 1 1 1 0 0 0 0 1 1 0 0 1 1 0 0 1 1 0 0 0 1 1 0 0 0 1 1 0 0 0 0 0 0 0 1 0 1 0 0
270	3	0 0 0 1 1 1 1 1 1 1 1 1 1 1 0 0 0 0 1 1 0 0 1 1 0 0 1 1 0 0 0 0 1 0 0 0 1 1 0 0 0 0 0 0 0 0 0 1 0 0
270	15	0 0 0 1 1 1 1 1 1 1 1 1 1 1 0 0 0 0 1 1 0 0 1 1 0 0 1 1 0 0 0 1 1 0 0 0 1 1 0 0 0 0 0 0 0 0 0 1 0 0
270	4	0 1 0 1 1 0 1 1 1 1 1 1 1 1 0 0 0 0 0 1 0 0 1 1 0 0 1 1 0 0 0 1 1 0 0 0 1 1 0 0 0 0 0 0 0 0 0 1 0 0
270	2	0 1 0 1 1 0 1 1 1 1 1 1 1 1 0 0 0 0 1 1 0 0 1 1 0 0 1 1 0 0 0 1 1 0 0 0 1 1 0 0 0 0 0 0 0 0 0 1 1 0
270	6	0 1 0 1 1 0 1 1 1 1 1 1 1 1 0 0 0 0 1 1 0 0 1 1 0 0 1 1 0 0 0 1 1 0 0 0 1 1 0 0 0 0 0 0 0 0 0 1 0 0
270	45	0 1 0 1 1 1 1 1 1 1 1 1 1 1 0 0 0 0 1 1 0 0 1 1 0 0 1 1 0 0 0 1 1 0 0 0 1 1 0 0 0 0 0 0 0 0 0 1 0 0
270	1	0 1 0 1 1 1 1 1 1 1 1 1 1 1 0 0 0 1 1 1 0 0 1 1 0 0 1 1 0 0 0 1 1 0 0 0 1 0 0 0 0 0 0 0 0 0 0 1 0 0
270	14	0 1 0 1 1 1 1 1 1 1 1 1 1 1 0 0 0 1 1 1 0 0 1 1 0 0 1 1 0 0 0 1 1 0 0 0 1 1 0 0 0 0 0 0 0 0 0 1 0 0
270	4	0 1 0 1 1 1 1 1 1 1 1 1 1 1 0 0 0 0 1 1 0 0 1 1 0 1 1 1 0 0 0 1 1 0 0 0 1 1 0 0 0 0 0 0 0 0 0 1 0 0
270	3	0 1 1 1 1 1 1 1 1 1 1 1 1 1 0 0 0 0 1 1 0 0 1 1 0 0 1 1 0 0 0 1 1 0 0 0 1 1 0 0 0 0 0 0 0 0 0 1 0 0
270	1	0 0 0 1 1 1 1 1 1 1 1 1 0 1 0 1 0 0 1 1 0 0 1 1 0 0 1 1 0 0 0 1 1 0 0 0 1 1 0 0 0 0 0 0 0 0 0 1 0 0
270	1	0 0 0 1 1 1 1 1 1 1 1 1 1 1 0 0 0 0 1 1 0 0 1 1 0 0 0 1 0 0 0 1 1 0 0 0 1 1 0 0 0 0 0 0 0 0 0 1 0 0
270	1	0 1 0 1 1 0 1 1 1 1 1 1 1 1 0 0 0 0 1 1 0 0 1 1 0 0 1 1 0 0 0 1 1 0 0 0 1 1 0 0 0 0 0 0 0 1 0 0 0 0
280	3	0 0 0 0 1 1 1 1 1 1 1 1 1 1 0 0 0 0 1 1 0 0 1 1 0 0 1 1 0 0 0 1 1 0 0 0 1 1 0 0 0 0 0 0 0 0 0 1 0 0
280	1	0 0 0 1 1 1 1 1 1 1 1 1 1 1 0 0 0 0 1 1 0 0 1 1 0 0 1 1 0 0 0 0 1 0 0 0 1 1 0 0 0 0 0 0 0 0 0 1 0 0
280	2	0 0 0 1 1 1 1 1 1 1 1 1 1 1 0 0 0 0 1 1 0 0 1 1 0 0 1 0 0 0 0 1 1 0 0 0 1 1 0 0 0 0 0 0 0 0 0 1 0 0
280	1	0 0 0 1 1 1 1 1 1 1 0 1 1 1 0 0 0 0 1 1 0 0 1 1 0 0 1 1 0 0 0 1 1 0 0 0 1 1 0 0 0 0 0 0 0 0 0 1 0 0
280	15	0 0 0 1 1 1 1 1 1 1 1 1 1 1 0 0 0 0 1 1 0 0 1 1 0 0 1 1 0 0 0 1 1 0 0 0 1 1 0 0 0 0 0 0 0 0 0 1 0 0
280	2	0 1 0 1 1 0 1 1 1 1 1 1 1 1 0 0 0 0 0 1 0 0 1 1 0 0 1 1 0 0 0 1 1 0 0 0 1 1 0 0 0 0 0 0 0 0 0 1 0 0
280	2	0 1 0 1 1 1 1 1 1 1 1 1 1 0 0 0 0 0 1 1 0 0 1 1 0 0 1 1 0 0 0 1 1 0 0 0 1 1 0 0 0 0 0 0 0 0 0 1 0 0
280	2	0 1 0 1 1 0 1 1 1 1 1 1 1 1 0 0 0 0 1 1 0 0 1 1 0 0 1 1 0 0 0 1 1 0 0 0 1 1 0 0 0 0 0 0 0 0 0 1 0 0
280	47	0 1 0 1 1 1 1 1 1 1 1 1 1 1 0 0 0 0 1 1 0 0 1 1 0 0 1 1 0 0 0 1 1 0 0 0 1 1 0 0 0 0 0 0 0 0 0 1 0 0
280	14	0 1 0 1 1 1 1 1 1 1 1 1 1 1 0 0 0 1 1 1 0 0 1 1 0 0 1 1 0 0 0 1 1 0 0 0 1 1 0 0 0 0 0 0 0 0 0 1 0 0
280	4	0 1 0 1 1 1 1 1 1 1 1 1 1 1 0 0 0 0 1 1 0 0 1 1 0 1 1 1 0 0 0 1 1 0 0 0 1 1 0 0 0 0 0 0 0 0 0 1 0 0
280	3	0 1 1 1 1 1 1 1 1 1 1 1 1 1 0 0 0 0 1 1 0 0 1 1 0 0 1 1 0 0 0 1 1 0 0 0 1 1 0 0 0 0 0 0 0 0 0 1 0 0
280	4	0 1 0 1 1 0 1 1 1 1 1 1 1 1 0 0 0 0 1 1 0 0 1 1 0 0 1 1 0 0 0 1 1 0 0 0 1 1 0 0 0 0 0 0 0 1 0 0 0 0
290	2	0 0 0 1 1 1 1 1 1 1 1 1 1 1 0 0 0 0 1 1 0 0 1 1 0 0 1 1 0 0 0 1 1 0 0 0 1 1 0 0 0 0 0 0 0 0 0 0 0 0
290	3	0 0 0 0 1 1 1 1 1 1 1 1 1 1 0 0 0 0 1 1 0 0 1 1 0 0 1 1 0 0 0 1 1 0 0 0 1 1 0 0 0 0 0 0 0 0 0 1 0 0
290	1	0 0 0 1 1 1 1 1 1 1 1 1 1 1 0 0 0 0 1 1 0 0 1 1 0 0 1 0 0 0 0 1 1 0 0 0 1 1 0 0 0 0 0 0 0 0 0 1 0 0
290	1	0 0 0 1 1 0 1 1 1 1 1 1 1 1 0 0 0 0 1 1 0 0 1 0 0 0 1 1 0 0 0 1 1 0 0 0 1 1 0 0 0 0 0 0 0 0 0 1 0 0
290	2	0 0 0 1 1 1 1 1 1 1 1 1 1 1 0 0 0 0 1 1 0 0 1 0 0 0 1 1 0 0 0 1 1 0 0 0 1 1 0 0 0 0 0 0 0 0 0 1 0 0
290	8	0 1 1 1 1 1 1 1 1 1 1 1 1 1 0 0 0 0 1 1 0 0 1 1 0 0 1 1 0 0 0 1 1 0 0 0 1 1 0 0 0 0 0 0 0 0 0 1 0 0
290	40	0 1 0 1 1 1 1 1 1 1 1 1 1 1 0 0 0 0 1 1 0 0 1 1 0 0 1 1 0 0 0 1 1 0 0 0 1 1 0 0 0 0 0 0 0 0 0 1 0 0
290	13	0 0 0 1 1 1 1 1 1 1 1 1 1 1 0 0 0 0 1 1 0 0 1 1 0 0 1 1 0 0 0 1 1 0 0 0 1 1 0 0 0 0 0 0 0 0 0 1 0 0
290	2	0 1 0 1 1 1 1 1 1 1 1 1 1 1 0 0 0 1 1 1 0 0 1 1 0 0 1 1 0 0 0 1 1 0 0 0 1 1 0 0 0 0 1 0 0 0 0 1 0 0
290	22	0 1 0 1 1 1 1 1 1 1 1 1 1 1 0 0 0 1 1 1 0 0 1 1 0 0 1 1 0 0 0 1 1 0 0 0 1 1 0 0 0 0 0 0 0 0 0 1 0 0
290	5	0 1 0 1 1 1 1 1 1 1 1 1 1 1 0 0 0 0 1 1 0 0 1 1 0 1 1 1 0 0 0 1 1 0 0 0 1 1 0 0 0 0 0 0 0 0 0 1 0 0
290	1	0 0 1 1 1 1 1 1 1 1 1 1 1 1 0 0 0 0 1 1 0 0 1 1 0 0 1 1 0 0 0 1 1 0 0 0 1 1 0 0 0 0 0 0 0 0 0 1 0 0
300	1	0 0 0 0 1 1 1 1 1 1 1 1 1 1 0 0 0 0 1 1 0 0 1 1 0 0 1 1 0 0 0 1 1 0 0 0 1 1 0 0 0 0 0 0 0 0 0 1 0 0
300	1	0 1 0 1 1 1 1 1 1 1 1 1 0 1 0 0 0 0 1 1 0 0 1 1 0 0 1 1 0 0 0 1 1 0 0 0 1 1 0 0 0 0 0 0 0 0 0 1 0 0
300	3	0 1 0 1 1 0 1 1 1 1 1 1 1 1 0 0 0 0 1 1 0 0 1 1 0 0 1 1 0 0 0 1 1 0 0 0 1 1 0 0 0 0 0 0 0 0 0 1 0 0
300	2	0 1 0 1 1 1 1 1 1 1 1 1 1 1 0 0 0 0 1 1 0 0 1 1 0 0 1 1 0 0 0 1 1 0 0 0 1 1 0 0 0 0 0 0 0 0 1 1 0 0
300	1	0 1 1 1 1 1 1 1 1 1 1 1 1 1 1 0 0 0 1 1 0 0 1 1 0 0 1 1 0 0 0 1 1 0 0 0 1 1 0 0 0 0 0 0 0 0 0 1 0 0
300	19	0 1 1 1 1 1 1 1 1 1 1 1 1 1 0 0 0 0 1 1 0 0 1 1 0 0 1 1 0 0 0 1 1 0 0 0 1 1 0 0 0 0 0 0 0 0 0 1 0 0
300	2	0 1 0 1 1 1 1 1 1 1 1 1 1 1 0 0 1 0 1 1 0 0 1 1 0 0 1 1 0 0 0 1 1 0 0 0 1 1 0 0 0 0 0 0 0 0 0 1 0 0
300	1	1 1 0 1 1 1 1 1 1 1 1 1 1 1 0 0 0 0 1 1 0 0 1 1 0 0 1 1 0 0 0 1 1 0 0 0 1 1 0 0 0 0 0 0 0 0 0 1 0 0
300	45	0 1 0 1 1 1 1 1 1 1 1 1 1 1 0 0 0 0 1 1 0 0 1 1 0 0 1 1 0 0 0 1 1 0 0 0 1 1 0 0 0 0 0 0 0 0 0 1 0 0
300	1	0 0 0 1 1 1 1 1 1 1 1 1 1 1 0 0 0 0 1 1 0 0 1 1 0 1 1 1 0 0 0 1 1 0 0 0 1 1 0 0 0 0 0 0 0 0 0 1 0 0
300	4	0 0 0 1 1 1 1 1 1 1 1 1 1 1 0 0 0 0 1 1 0 0 1 1 0 0 1 1 0 0 0 1 1 0 0 0 1 1 0 0 0 0 0 0 0 0 0 1 0 0
300	14	0 1 0 1 1 1 1 1 1 1 1 1 1 1 0 0 0 1 1 1 0 0 1 1 0 0 1 1 0 0 0 1 1 0 0 0 1 1 0 0 0 0 0 0 0 0 0 1 0 0
300	5	0 1 0 1 1 1 1 1 1 1 1 1 1 1 0 0 0 0 1 1 0 0 1 1 0 1 1 1 0 0 0 1 1 0 0 0 1 1 0 0 0 0 0 0 0 0 0 1 0 0
300	1	0 1 1 1 1 1 1 1 1 1 1 1 1 1 1 0 0 0 1 1 0 0 1 1 0 0 1 1 0 0 0 1 1 0 0 0 0 1 0 0 0 0 0 0 0 0 0 1 0 0
310	2	0 0 0 1 1 1 1 1 1 1 1 1 1 1 0 0 0 0 1 1 0 0 1 1 0 0 1 1 0 0 0 1 1 0 0 0 1 1 0 0 0 0 0 0 0 0 0 0 0 0
310	1	0 0 0 0 1 1 1 1 1 1 1 1 1 1 0 0 0 0 1 1 0 0 1 1 0 0 1 1 0 0 0 1 1 0 0 0 1 1 0 0 0 0 0 0 0 0 0 1 0 0
310	2	0 0 0 1 1 1 1 1 1 1 1 1 1 1 0 0 0 0 1 1 0 0 1 1 0 0 1 1 0 0 0 0 1 0 0 0 1 1 0 0 0 0 0 0 0 0 0 1 0 0
310	4	0 1 0 1 1 1 1 1 1 1 1 1 0 1 0 0 0 0 1 1 0 0 1 1 0 0 1 1 0 0 0 1 1 0 0 0 1 1 0 0 0 0 0 0 0 0 0 1 0 0
310	2	0 1 1 1 1 1 1 1 1 1 1 1 1 1 0 0 0 0 1 1 0 0 1 1 0 0 1 1 0 0 0 1 1 0 0 0 1 1 0 0 0 0 0 0 0 0 0 0 0 0
310	28	0 1 1 1 1 1 1 1 1 1 1 1 1 1 0 0 0 0 1 1 0 0 1 1 0 0 1 1 0 0 0 1 1 0 0 0 1 1 0 0 0 0 0 0 0 0 0 1 0 0
310	35	0 1 0 1 1 1 1 1 1 1 1 1 1 1 0 0 0 0 1 1 0 0 1 1 0 0 1 1 0 0 0 1 1 0 0 0 1 1 0 0 0 0 0 0 0 0 0 1 0 0
310	1	1 1 1 1 1 1 1 1 1 1 1 1 1 1 0 0 0 0 1 1 0 0 1 1 0 0 1 1 0 0 0 1 1 0 0 0 1 1 0 0 0 0 0 0 0 0 0 1 0 0
310	1	0 1 1 1 1 1 1 1 1 1 1 1 1 1 0 0 0 0 1 1 0 0 1 1 1 0 1 1 0 0 0 1 1 0 0 0 1 1 0 0 0 0 0 0 0 0 0 1 0 0
310	1	0 1 0 1 1 1 1 1 1 1 1 1 1 1 0 0 1 0 1 1 0 0 1 1 0 0 1 1 0 0 0 1 1 0 0 0 1 1 0 0 0 0 0 0 0 0 0 1 0 0
310	1	0 1 0 1 1 1 1 1 1 1 1 1 1 1 0 0 0 0 1 1 0 0 1 1 0 0 1 1 0 0 0 1 0 0 0 0 1 1 0 0 0 0 0 0 0 0 0 1 0 0
310	1	1 1 0 1 1 1 1 1 1 1 1 1 1 1 0 0 0 0 1 1 0 0 1 1 0 0 1 1 0 0 0 1 1 0 0 0 1 1 0 0 0 0 0 0 0 0 0 1 0 0
310	1	0 1 0 1 1 1 1 1 1 1 1 1 1 1 0 0 0 0 1 1 1 0 1 1 0 0 1 1 0 0 0 1 1 0 0 0 1 1 0 0 0 0 0 0 0 0 0 1 0 0
310	1	0 0 0 1 1 1 1 1 1 1 1 1 1 1 0 0 0 0 1 1 0 0 1 1 0 0 1 1 0 0 0 1 1 0 0 0 1 1 0 0 0 0 0 0 0 0 0 1 0 0
310	1	0 1 0 1 1 1 1 1 1 1 1 1 1 1 0 0 0 1 1 1 0 0 1 0 0 0 1 1 0 0 0 1 1 0 0 0 1 1 0 0 0 0 0 0 0 0 0 1 0 0
310	2	0 0 0 1 1 1 1 1 1 1 1 0 1 1 0 0 0 1 1 1 0 0 1 1 0 0 1 1 0 0 0 1 1 0 0 0 1 1 0 0 0 0 0 0 0 0 0 1 0 0
310	8	0 1 0 1 1 1 1 1 1 1 1 1 1 1 0 0 0 1 1 1 0 0 1 1 0 0 1 1 0 0 0 1 1 0 0 0 1 1 0 0 0 0 0 0 0 0 0 1 0 0
310	8	0 1 0 1 1 1 1 1 1 1 1 1 1 1 0 0 0 0 1 1 0 0 1 1 0 1 1 1 0 0 0 1 1 0 0 0 1 1 0 0 0 0 0 0 0 0 0 1 0 0
