10	2	1 1 1 1 1 0 1 0 1 0 1 0 0 1 0 0 1 1 1 0 0 1 1 1 1 1 1 0 1 1 1 1 0 0 1 1 0 0 1 1 0 0 0 0 1 1 1 0 1 0
10	1	1 1 1 1 1 0 1 0 1 0 1 0 0 1 0 0 1 1 1 0 0 1 1 1 1 1 1 0 0 1 1 1 0 0 1 1 0 0 1 1 0 0 0 0 1 0 1 0 1 0
10	14	1 1 1 1 1 0 1 0 1 0 1 0 0 1 0 0 1 1 1 0 0 1 1 1 1 1 1 0 0 1 1 1 0 0 1 1 0 0 1 1 0 0 0 0 1 1 1 0 1 0
10	28	0 1 1 1 0 1 0 1 1 0 1 0 1 0 0 0 1 1 1 0 1 1 1 0 0 0 1 0 1 1 1 0 1 0 0 0 1 1 1 1 0 1 1 0 0 1 1 1 0 1
10	1	1 0 1 0 0 1 1 0 1 1 1 1 0 0 0 1 0 0 0 0 1 0 1 1 0 1 0 0 1 1 1 0 1 0 0 0 0 0 1 1 0 0 0 0 1 1 1 0 0 1
10	2	1 0 1 0 1 1 1 0 1 1 1 1 0 0 0 1 0 0 0 0 1 1 1 1 0 1 0 0 1 1 1 0 1 0 0 0 0 0 1 1 0 0 0 0 1 1 1 0 0 1
10	2	1 0 1 0 1 1 1 0 1 1 1 1 1 0 0 1 0 0 0 0 1 0 1 1 0 1 0 0 1 1 1 0 1 0 0 0 0 0 1 1 0 0 0 0 1 1 1 0 0 1
10	18	1 0 1 0 1 1 1 0 1 1 1 1 0 0 0 1 0 0 0 0 1 0 1 1 0 1 0 0 1 1 1 0 1 0 0 0 0 0 1 1 0 0 0 0 1 1 1 0 0 1
10	1	0 1 1 0 1 0 0 1 0 0 1 1 1 0 1 1 0 0 0 1 0 1 0 0 0 1 1 0 0 1 0 1 0 0 0 0 0 0 0 1 0 0 1 1 0 0 1 0 1 1
10	17	0 1 1 0 1 0 0 1 0 0 1 1 1 0 1 1 0 0 0 1 0 1 0 0 0 1 1 0 0 1 0 1 0 0 0 0 0 0 0 0 0 0 1 1 0 0 1 0 1 1
10	14	1 1 0 1 0 1 1 1 0 0 1 0 0 1 0 1 1 0 0 1 1 1 0 1 0 0 0 1 1 0 0 0 0 0 0 0 1 0 0 1 0 1 1 1 1 1 0 0 1 1
20	2	1 1 1 1 1 0 1 0 1 0 1 0 0 1 0 0 1 1 0 0 0 1 1 1 1 1 1 0 0 1 1 1 0 0 1 1 0 0 1 1 0 0 0 0 1 1 1 0 1 0
20	13	1 1 1 1 1 0 1 0 1 0 1 0 0 1 0 0 1 1 1 0 0 1 1 1 1 1 1 0 1 1 1 1 0 0 1 1 0 0 1 1 0 0 0 0 1 1 1 0 1 0
20	1	1 1 1 1 1 0 1 0 1 0 0 0 0 1 0 0 1 1 1 0 0 1 1 1 1 1 1 0 0 1 1 1 0 0 1 1 0 0 1 1 0 0 0 0 1 1 1 0 1 0
20	4	1 1 1 1 1 0 1 0 1 0 1 0 0 1 0 0 1 1 1 0 0 1 1 1 1 1 1 0 0 1 1 1 0 0 1 0 0 0 1 1 0 0 0 0 1 1 1 0 1 0
20	2	1 1 1 1 1 0 1 0 1 0 1 0 0 1 0 0 1 1 1 0 0 1 1 1 1 1 1 0 0 1 1 1 0 0 1 1 0 0 1 1 0 0 0 0 1 0 1 0 1 0
20	7	1 1 1 1 1 0 1 0 1 0 1 0 0 1 0 0 1 1 1 0 0 1 1 1 1 1 1 0 0 1 1 1 0 1 1 1 0 0 1 1 0 0 0 0 1 1 1 0 1 0
20	1	1 1 1 1 1 0 1 0 1 0 1 0 0 1 0 0 1 1 1 0 0 1 0 1 1 1 1 0 0 1 1 1 0 0 1 1 0 0 1 1 0 0 0 0 1 1 1 0 1 0
20	9	1 1 1 1 1 0 1 0 1 0 1 0 0 1 0 0 1 1 1 0 0 1 1 1 1 1 1 0 0 1 1 1 0 0 1 1 0 0 1 1 0 0 0 0 1 1 1 0 1 0
20	1	0 0 1 1 0 1 0 1 1 0 1 0 1 0 0 0 1 1 1 0 1 1 1 0 0 0 1 0 1 1 1 0 1 0 0 0 1 1 1 1 0 1 1 0 0 1 1 1 0 1
20	12	0 1 1 1 0 1 0 1 1 0 1 0 1 0 0 0 1 1 1 0 1 1 1 0 0 0 1 0 1 1 1 0 1 0 0 0 1 1 1 1 0 1 1 0 0 1 1 1 0 1
20	2	1 0 1 0 1 1 1 0 1 1 1 1 0 0 0 1 0 0 0 0 1 0 1 1 0 1 0 0 1 1 1 0 1 0 0 0 0 1 1 1 0 0 0 0 1 1 1 0 0 1
20	12	1 0 1 0 1 1 1 0 1 1 1 1 0 0 0 1 0 0 0 0 1 1 1 1 0 1 0 0 1 1 1 0 1 0 0 0 0 0 1 1 0 0 0 0 1 1 1 0 0 1
20	6	1 0 1 0 1 1 1 0 1 1 1 1 0 0 0 1 1 0 0 0 1 0 1 1 0 1 0 0 1 1 1 0 1 0 0 0 0 0 1 1 0 0 0 0 1 1 1 0 0 1
20	2	1 0 1 0 1 1 1 0 1 1 1 1 1 0 0 1 0 0 0 0 1 0 1 1 0 1 0 0 1 1 1 0 1 0 0 0 0 0 1 1 0 0 0 0 1 1 1 0 0 1
20	1	1 0 1 0 1 1 1 0 1 1 1 1 0 0 0 1 0 0 0 0 1 0 1 1 0 1 0 0 1 0 1 0 1 0 0 0 0 0 1 1 0 0 0 0 1 1 1 0 0 1
20	1	1 0 1 0 1 1 1 0 1 1 1 1 0 0 0 1 0 0 0 0 1 0 1 1 0 1 0 0 1 1 1 1 1 0 0 0 0 0 1 1 0 0 0 0 1 1 1 0 0 1
20	4	1 0 1 0 1 1 1 0 1 1 1 1 0 0 0 1 0 0 0 0 1 0 1 1 0 1 0 0 1 1 1 0 1 0 0 0 1 0 1 1 0 0 0 0 1 1 1 0 0 1
20	3	1 0 1 0 1 1 1 0 1 1 1 1 0 0 0 1 0 0 0 0 1 0 1 1 0 1 0 0 1 1 1 0 1 0 0 0 0 0 1 1 0 0 0 0 1 1 1 0 0 1
20	8	0 1 1 0 1 0 0 1 0 0 1 1 1 0 1 1 0 0 0 1 0 1 0 0 0 1 1 0 0 1 0 1 0 0 0 0 0 0 0 0 0 0 1 1 0 0 1 0 1 1
20	9	1 1 0 1 0 1 1 1 0 0 1 0 0 1 0 1 1 0 0 1 1 1 0 1 0 0 0 1 1 0 0 0 0 0 0 0 1 0 0 1 0 1 1 1 1 1 0 0 1 1
30	1	1 1 1 1 1 0 1 0 1 0 1 0 0 1 0 1 1 1 0 0 0 1 1 1 1 1 1 0 0 1 1 1 0 0 1 1 0 0 1 1 0 0 0 0 1 1 1 0 1 0
30	4	1 1 1 1 1 0 1 0 1 0 1 0 0 1 0 0 1 1 0 0 0 1 1 1 1 1 1 0 0 1 1 1 0 0 1 1 0 0 1 1 0 0 0 0 1 1 1 0 1 0
30	3	1 1 1 1 1 0 1 0 1 0 1 0 0 1 0 0 1 1 1 0 0 1 1 1 1 1 1 0 0 1 1 1 0 0 1 1 0 0 1 1 0 0 0 0 1 1 1 0 1 0
30	30	1 1 1 1 1 0 1 0 1 0 1 0 0 1 0 0 1 1 1 0 0 1 1 1 1 1 1 0 1 1 1 1 0 0 1 1 0 0 1 1 0 0 0 0 1 1 1 0 1 0
30	1	1 1 1 1 1 0 1 0 1 0 1 0 0 1 0 0 1 1 1 0 0 1 1 1 1 1 1 0 0 1 1 1 0 0 1 0 0 0 1 1 0 0 0 0 1 1 0 0 1 0
30	3	1 1 1 1 1 0 1 0 1 0 1 0 0 1 0 0 1 1 1 0 0 1 1 1 1 1 1 0 0 1 1 1 0 0 1 0 0 0 1 1 0 0 0 0 1 1 1 0 1 0
30	15	1 1 1 1 1 0 1 0 1 0 1 0 0 1 0 0 1 1 1 0 0 1 1 1 1 1 1 0 0 1 1 1 0 0 1 1 0 0 1 1 0 0 0 0 1 0 1 0 1 0
30	5	1 1 1 1 1 0 1 0 1 0 1 0 0 1 0 0 1 1 1 0 0 1 1 1 1 1 1 0 0 1 1 1 0 1 1 1 0 0 1 1 0 0 0 0 1 1 1 0 1 0
30	3	1 1 1 1 1 0 1 0 1 0 1 0 0 1 0 0 1 1 1 0 0 1 0 1 1 1 1 0 0 1 1 1 0 0 1 1 0 0 1 1 0 0 0 0 1 1 1 0 1 0
30	1	1 1 1 0 1 1 1 0 1 1 1 1 0 0 0 1 1 0 0 0 1 0 1 1 0 1 0 0 1 1 1 0 1 0 0 0 0 1 1 1 0 0 0 0 1 1 1 0 0 1
30	2	1 1 1 0 1 1 1 0 1 1 1 1 0 0 0 1 0 0 0 0 1 0 1 1 0 1 0 0 1 1 1 0 1 0 0 0 0 1 1 1 0 0 0 0 1 1 1 0 0 1
30	6	1 0 1 0 1 1 1 0 1 1 1 1 0 0 0 1 0 0 0 0 1 0 1 1 0 1 0 0 1 1 1 0 1 0 0 0 0 1 1 1 0 0 0 0 1 1 1 0 0 1
30	13	1 0 1 0 1 1 1 0 1 1 1 1 0 0 0 1 0 0 0 0 1 1 1 1 0 1 0 0 1 1 1 0 1 0 0 0 0 0 1 1 0 0 0 0 1 1 1 0 0 1
30	5	1 0 1 0 1 1 1 0 1 1 1 1 0 0 0 1 1 0 0 0 1 0 1 1 0 1 0 0 1 1 1 0 1 0 0 0 0 0 1 1 0 0 0 0 1 1 1 0 0 1
30	1	1 0 1 0 1 1 1 0 1 1 1 1 1 0 0 1 0 0 0 0 1 0 1 1 0 1 0 0 1 1 1 0 1 0 0 0 0 0 1 1 0 0 0 0 1 1 1 0 0 1
30	1	1 0 1 0 1 1 1 0 1 1 1 1 0 0 0 1 0 0 0 0 1 0 1 1 0 1 0 0 1 1 1 0 1 0 0 0 0 0 1 1 0 0 0 0 1 0 1 0 0 1
30	1	0 0 1 0 1 1 1 0 1 1 1 1 0 0 0 1 0 0 0 0 1 0 1 1 0 1 0 0 1 1 1 0 1 0 0 0 1 0 1 1 0 0 0 0 1 1 1 0 0 1
30	4	1 0 1 0 1 1 1 0 1 1 1 1 0 0 0 1 0 0 0 0 1 0 1 1 0 1 0 0 1 1 1 0 1 0 0 0 1 0 1 1 0 0 0 0 1 1 1 0 0 1
30	1	0 1 1 0 1 0 0 1 0 0 1 1 1 0 1 1 0 0 0 1 0 1 0 0 0 1 1 0 0 1 0 1 0 0 0 0 0 0 0 0 0 0 1 1 0 0 1 0 1 1
40	6	1 1 1 1 1 0 1 0 1 0 1 0 0 1 0 0 1 1 0 0 0 1 1 1 1 1 1 0 0 1 1 1 0 0 1 1 0 0 1 1 0 0 0 0 1 1 1 0 1 0
40	2	1 1 1 0 1 0 1 0 1 0 1 0 0 1 0 0 1 1 1 0 0 1 1 1 1 1 1 0 0 1 1 1 0 0 1 1 0 0 1 1 0 0 0 0 1 1 1 0 1 0
40	1	1 1 1 1 1 0 1 0 1 0 1 0 0 1 0 0 1 1 1 0 0 1 1 1 1 1 1 0 1 1 1 1 0 0 1 1 0 0 1 1 0 0 0 0 1 0 1 0 1 0
40	22	1 1 1 1 1 0 1 0 1 0 1 0 0 1 0 0 1 1 1 0 0 1 1 1 1 1 1 0 1 1 1 1 0 0 1 1 0 0 1 1 0 0 0 0 1 1 1 0 1 0
40	1	1 1 1 1 1 0 1 0 1 0 0 0 0 1 0 0 1 1 1 0 0 1 1 1 1 1 1 0 0 1 1 1 0 0 1 1 0 0 1 1 0 0 0 0 1 1 1 0 1 0
40	1	1 1 1 1 1 0 1 0 1 0 1 0 0 1 0 0 1 1 1 0 0 1 1 1 1 1 1 0 0 1 1 1 0 0 1 0 0 0 1 1 0 0 0 0 1 1 0 0 1 0
40	3	1 1 1 1 1 0 1 0 1 0 1 0 0 1 0 0 1 1 1 0 0 1 1 1 1 1 1 0 0 1 1 1 0 0 1 0 0 0 1 1 0 0 0 0 1 1 1 0 1 0
40	6	1 1 1 1 1 0 1 0 1 0 1 0 0 1 0 0 1 1 1 0 0 1 1 1 1 1 1 0 0 1 1 1 0 0 1 1 0 0 1 1 0 0 0 0 1 0 1 0 1 0
40	3	1 1 1 1 1 0 1 0 1 0 1 0 0 1 0 0 1 1 1 0 0 1 1 1 1 1 1 0 0 1 1 1 0 1 1 1 0 0 1 1 0 0 0 0 1 1 1 0 1 0
40	3	1 1 1 1 1 0 1 0 1 0 1 0 0 1 0 0 1 1 1 0 0 1 0 1 1 1 1 0 0 1 1 1 0 0 1 1 0 0 1 1 0 0 0 0 1 1 1 0 1 0
40	2	1 1 1 0 1 1 1 0 1 1 1 1 0 0 0 1 1 0 0 0 1 0 1 1 0 1 0 0 1 1 1 0 1 0 0 0 0 1 1 1 0 0 0 0 1 1 1 0 0 1
40	2	1 1 1 0 1 1 1 0 1 1 1 1 0 0 0 1 0 0 0 0 1 0 1 1 0 1 0 0 1 0 1 0 1 0 0 0 0 1 1 1 0 0 0 0 1 1 1 0 0 1
40	8	1 1 1 0 1 1 1 0 1 1 1 1 0 0 0 1 0 0 0 0 1 0 1 1 0 1 0 0 1 1 1 0 1 0 0 0 0 1 1 1 0 0 0 0 1 1 1 0 0 1
40	7	1 0 1 0 1 1 1 0 1 1 1 1 0 0 0 1 0 0 0 0 1 0 1 1 0 1 0 0 1 1 1 0 1 0 0 0 0 1 1 1 0 0 0 0 1 1 1 0 0 1
40	12	1 0 1 0 1 1 1 0 1 1 1 1 0 0 0 1 0 0 0 0 1 1 1 1 0 1 0 0 1 1 1 0 1 0 0 0 0 0 1 1 0 0 0 0 1 1 1 0 0 1
40	1	1 0 1 0 1 1 1 0 1 1 1 1 0 0 0 1 1 0 0 0 1 0 1 1 0 1 0 0 1 0 1 0 1 0 0 0 0 0 1 1 0 0 0 0 1 1 1 0 0 1
40	1	1 0 1 0 1 1 1 0 1 1 1 1 0 0 0 1 1 0 0 0 1 0 1 1 1 1 0 0 1 1 1 0 1 0 0 0 0 0 1 1 0 0 0 0 1 1 1 0 0 1
40	1	1 0 1 0 1 1 1 0 1 1 1 1 0 0 0 1 1 0 0 0 1 1 1 1 0 1 0 0 1 1 1 0 1 0 0 0 0 0 1 1 0 0 0 0 1 1 1 0 0 1
40	5	1 0 1 0 1 1 1 0 1 1 1 1 0 0 0 1 1 0 0 0 1 0 1 1 0 1 0 0 1 1 1 0 1 0 0 0 0 0 1 1 0 0 0 0 1 1 1 0 0 1
40	1	1 0 1 0 1 1 1 0 1 1 1 1 0 0 0 1 0 0 0 0 1 0 1 1 0 1 0 0 1 1 1 0 1 0 0 0 0 0 1 1 0 0 0 0 1 0 1 0 0 1
40	1	1 0 1 0 1 1 1 0 1 1 1 1 0 0 0 1 0 0 0 0 1 0 1 1 0 1 0 0 1 1 1 0 1 0 0 0 1 1 1 1 0 0 0 0 1 1 1 0 0 1
40	11	1 0 1 0 1 1 1 0 1 1 1 1 0 0 0 1 0 0 0 0 1 0 1 1 0 1 0 0 1 1 1 0 1 0 0 0 1 0 1 1 0 0 0 0 1 1 1 0 0 1
50	1	1 1 0 1 1 0 1 0 1 0 1 0 0 1 0 0 1 1 0 0 0 1 1 1 1 1 1 0 0 1 1 1 0 0 1 1 0 0 1 1 0 0 0 0 1 1 1 0 1 0
50	2	1 1 1 1 1 0 1 0 1 0 1 0 0 1 0 0 1 1 0 0 0 1 1 1 1 1 1 0 0 1 1 1 0 0 1 1 0 0 1 1 0 0 0 0 1 1 1 0 1 0
50	3	1 1 1 1 1 0 1 0 1 0 1 0 0 1 0 0 1 1 1 0 0 1 1 1 1 1 1 0 1 1 1 1 0 0 1 1 0 0 1 1 0 0 0 0 1 0 1 0 1 0
50	15	1 1 1 1 1 0 1 0 1 0 1 0 0 1 0 0 1 1 1 0 0 1 1 1 1 1 1 0 1 1 1 1 0 0 1 1 0 0 1 1 0 0 0 0 1 1 1 0 1 0
50	3	1 1 1 1 1 0 1 0 1 0 0 0 0 1 0 0 1 1 1 0 0 1 1 1 1 1 1 0 0 1 1 1 0 0 1 1 0 0 1 1 0 0 0 0 1 1 1 0 1 0
50	1	1 1 1 1 1 0 1 0 1 0 1 0 0 1 0 0 1 1 1 0 0 1 1 1 1 1 1 0 0 1 1 1 0 0 1 0 0 0 1 1 0 0 0 0 1 1 0 0 1 0
50	1	1 1 1 1 1 0 0 0 1 0 1 0 0 1 0 0 1 1 1 0 0 1 1 1 1 1 1 0 0 1 1 1 0 0 1 0 0 0 1 1 0 0 0 0 1 1 1 0 1 0
50	1	1 1 1 1 1 0 1 0 1 0 1 0 0 1 0 0 1 1 1 0 0 1 1 1 1 1 1 0 0 1 1 1 0 0 1 0 0 0 1 1 0 0 0 0 1 1 1 0 1 0
50	1	1 1 1 1 1 0 1 0 1 0 1 0 0 1 0 0 1 1 1 0 0 1 1 1 1 1 1 0 0 1 1 1 0 0 1 1 0 0 1 1 0 0 0 0 0 0 1 0 1 0
50	1	1 1 1 1 1 0 1 0 1 0 1 0 0 1 0 0 1 1 1 0 0 1 1 1 1 1 1 1 0 1 1 1 0 0 1 1 0 0 1 1 0 0 0 0 1 0 1 0 1 0
50	21	1 1 1 1 1 0 1 0 1 0 1 0 0 1 0 0 1 1 1 0 0 1 1 1 1 1 1 0 0 1 1 1 0 0 1 1 0 0 1 1 0 0 0 0 1 0 1 0 1 0
50	4	1 1 1 1 1 0 1 0 1 0 1 0 0 1 0 0 1 1 1 0 0 1 1 1 1 1 1 0 0 1 1 1 0 1 1 1 0 0 1 1 0 0 0 0 1 1 1 0 1 0
50	4	1 1 1 1 1 0 1 0 1 0 1 0 0 1 0 0 1 1 1 0 0 1 0 1 1 1 1 0 0 1 1 1 0 0 1 1 0 0 1 1 0 0 0 0 1 1 1 0 1 0
50	1	1 1 1 0 1 1 1 0 1 1 1 1 0 0 0 1 1 0 0 0 1 0 1 1 0 1 0 0 1 1 1 0 1 0 0 0 0 1 1 1 0 0 0 0 1 1 1 0 0 1
50	19	1 1 1 0 1 1 1 0 1 1 1 1 0 0 0 1 0 0 0 0 1 0 1 1 0 1 0 0 1 1 1 0 1 0 0 0 0 1 1 1 0 0 0 0 1 1 1 0 0 1
50	1	1 0 1 0 1 1 1 0 1 1 1 1 0 0 0 1 0 0 0 0 1 0 1 1 0 1 0 0 1 1 1 0 1 0 0 0 1 1 1 1 0 0 0 0 1 1 1 0 0 1
50	3	1 0 1 0 1 1 1 0 1 1 1 1 0 0 0 1 0 0 0 0 1 0 1 1 0 1 0 0 1 1 1 0 1 0 0 0 0 1 1 1 0 0 0 0 1 1 1 0 0 1
50	1	1 0 1 0 1 1 1 0 1 1 1 1 0 0 0 0 0 0 0 0 1 1 1 1 0 1 0 0 1 1 1 0 1 0 0 0 0 0 1 1 0 0 0 0 1 1 1 0 0 1
50	7	1 0 1 0 1 1 1 0 1 1 1 1 0 0 0 1 0 0 0 0 1 1 1 1 0 1 0 0 1 1 1 0 1 0 0 0 0 0 1 1 0 0 0 0 1 1 1 0 0 1
50	1	1 0 1 0 1 1 1 0 1 1 1 1 0 0 1 1 1 0 0 0 1 0 1 1 0 1 0 0 1 1 1 0 1 0 0 0 0 0 1 1 0 0 0 0 1 1 1 0 0 1
50	7	1 0 1 0 1 1 1 0 1 1 1 1 0 0 0 1 1 0 0 0 1 0 1 1 0 1 0 0 1 1 1 0 1 0 0 0 0 0 1 1 0 0 0 0 1 1 1 0 0 1
50	1	1 0 1 0 1 1 1 0 1 1 1 1 1 0 0 1 0 0 0 0 1 0 1 1 0 1 0 0 1 1 1 0 1 0 0 0 0 0 1 1 0 0 0 0 1 1 1 0 0 1
50	1	1 0 1 0 1 1 1 0 1 1 1 1 0 0 0 1 0 0 0 0 1 0 1 1 0 1 0 0 1 1 1 0 1 0 0 0 0 0 1 1 0 0 0 0 1 0 1 0 0 1
60	3	1 1 1 1 1 0 1 0 1 0 1 0 0 1 0 0 1 1 0 0 0 1 1 1 1 1 1 0 0 1 1 1 0 0 1 1 0 0 1 1 0 0 0 0 1 1 1 0 1 0
60	4	1 1 1 1 1 0 1 0 1 0 1 0 0 1 0 0 1 1 1 0 0 1 1 1 1 1 1 0 1 1 1 1 0 0 1 1 0 0 1 1 0 0 0 0 1 1 1 0 0 0
60	8	1 1 1 1 1 0 1 0 1 0 1 0 0 1 0 0 1 1 1 0 0 1 1 1 1 1 1 0 1 1 1 1 0 0 1 1 0 0 1 1 0 0 0 0 1 0 1 0 1 0
60	14	1 1 1 1 1 0 1 0 1 0 1 0 0 1 0 0 1 1 1 0 0 1 1 1 1 1 1 0 1 1 1 1 0 0 1 1 0 0 1 1 0 0 0 0 1 1 1 0 1 0
60	2	1 1 1 1 1 0 1 0 1 0 0 0 0 1 0 0 1 1 1 0 0 1 1 1 1 1 1 0 0 1 1 1 0 0 1 1 0 0 1 1 0 0 0 0 1 1 1 0 1 0
60	1	1 1 1 1 1 0 1 0 1 0 1 0 0 1 0 0 1 1 1 0 0 1 1 1 1 1 1 0 0 1 1 1 0 0 1 0 0 0 1 1 0 0 0 0 1 1 1 0 1 0
60	2	1 1 1 1 1 0 1 0 1 0 1 0 0 1 0 0 1 1 1 0 0 1 1 1 1 1 1 1 0 1 1 1 0 0 1 1 0 0 1 1 0 0 0 0 1 0 1 0 1 0
60	21	1 1 1 1 1 0 1 0 1 0 1 0 0 1 0 0 1 1 1 0 0 1 1 1 1 1 1 0 0 1 1 1 0 0 1 1 0 0 1 1 0 0 0 0 1 0 1 0 1 0
60	4	1 1 1 1 1 0 1 0 1 0 1 0 0 1 0 0 1 1 1 0 0 1 1 1 1 1 1 0 0 1 1 1 0 1 1 1 0 0 1 1 0 0 0 0 1 1 1 0 1 0
60	2	1 1 1 1 1 0 1 0 1 0 1 0 0 1 0 0 1 1 1 0 0 1 0 1 1 1 1 0 0 1 1 1 0 0 1 1 0 0 1 1 0 0 0 0 1 1 1 0 1 0
60	1	1 1 1 0 1 1 1 0 1 1 1 1 0 0 0 1 1 0 0 0 1 0 1 1 0 1 0 0 1 1 1 0 1 0 0 0 0 1 1 1 0 0 0 0 1 1 1 0 0 1
60	1	1 1 1 0 0 1 1 0 1 1 1 1 0 0 0 1 0 0 0 0 1 0 1 1 0 1 0 0 1 1 1 0 1 0 0 0 0 1 1 1 0 0 0 0 1 1 1 0 0 1
60	18	1 1 1 0 1 1 1 0 1 1 1 1 0 0 0 1 0 0 0 0 1 0 1 1 0 1 0 0 1 1 1 0 1 0 0 0 0 1 1 1 0 0 0 0 1 1 1 0 0 1
60	3	1 0 1 0 1 1 1 0 1 1 1 1 0 0 0 1 0 0 0 0 1 0 1 1 0 1 0 0 1 1 1 0 1 0 0 0 0 1 1 1 0 0 0 0 1 1 1 0 0 1
60	2	1 0 1 0 1 1 1 0 1 1 1 1 0 0 0 1 0 0 0 0 1 1 1 1 0 1 0 0 1 1 1 0 1 0 0 0 0 0 1 1 0 0 0 0 1 1 1 0 0 1
60	1	1 0 1 0 1 1 1 0 1 1 1 1 0 0 0 1 1 0 0 0 1 0 1 1 0 1 0 0 1 0 1 0 1 0 0 0 0 0 1 1 0 0 0 0 1 1 1 0 0 1
60	4	1 0 1 0 1 1 1 0 1 1 1 1 0 0 1 1 1 0 0 0 1 0 1 1 0 1 0 0 1 1 1 0 1 0 0 0 0 0 1 1 0 0 0 0 1 1 1 0 0 1
60	2	1 1 1 0 1 1 1 0 1 1 1 1 0 0 0 1 1 0 0 0 1 0 1 1 0 1 0 0 1 1 1 0 1 0 0 0 0 0 1 1 0 0 0 0 1 1 1 0 0 1
60	4	1 0 1 0 1 1 1 0 1 1 1 1 0 0 0 1 1 0 0 0 1 0 1 1 0 1 0 0 1 1 1 0 1 0 0 0 0 0 1 1 0 0 0 0 1 1 1 0 0 1
60	3	1 0 1 0 1 1 1 0 1 1 1 1 0 0 0 1 0 0 0 0 1 0 1 1 0 1 0 0 1 1 1 0 1 0 0 0 1 0 1 1 0 0 0 0 1 1 1 0 0 1
70	4	1 1 1 1 1 0 1 0 1 0 1 0 0 1 0 0 1 1 0 0 0 1 1 1 1 1 1 0 0 1 1 1 0 0 1 1 0 0 1 1 0 0 0 0 1 1 1 0 1 0
70	1	1 1 1 1 1 0 1 0 1 0 1 0 0 1 0 0 1 1 1 0 0 1 1 1 1 1 1 0 1 1 1 1 0 0 1 1 0 0 1 1 0 0 0 0 1 1 1 0 0 0
70	4	1 1 1 1 1 0 1 0 1 1 1 0 0 1 0 0 1 1 1 0 0 1 1 1 1 1 1 0 1 1 1 1 0 0 1 1 0 0 1 1 0 0 0 0 1 0 1 0 1 0
70	6	1 1 1 1 1 0 1 0 1 0 1 0 0 1 0 0 1 1 1 0 0 1 1 1 1 1 1 0 1 1 1 1 0 0 1 1 0 0 1 1 0 0 0 0 1 0 1 0 1 0
70	1	1 1 1 1 1 0 1 0 1 0 1 0 0 1 0 1 1 1 1 0 0 1 1 1 1 1 1 0 1 1 1 1 0 0 1 1 0 0 1 1 0 0 0 0 1 1 1 0 1 0
70	9	1 1 1 1 1 0 1 0 1 0 1 0 0 1 0 0 1 1 1 0 0 1 1 1 1 1 1 0 1 1 1 1 0 0 1 1 0 0 1 1 0 0 0 0 1 1 1 0 1 0
70	2	1 1 1 1 1 0 1 0 1 0 0 0 0 1 0 0 1 1 1 0 0 1 1 1 1 1 1 0 0 1 1 1 0 0 1 1 0 0 1 1 0 0 0 0 1 1 1 0 1 0
70	3	1 1 1 1 1 0 1 0 1 0 1 0 0 1 0 0 1 1 1 0 0 1 1 1 1 1 1 1 0 1 1 1 0 0 1 1 0 0 1 1 0 0 0 0 1 0 1 0 1 0
70	27	1 1 1 1 1 0 1 0 1 0 1 0 0 1 0 0 1 1 1 0 0 1 1 1 1 1 1 0 0 1 1 1 0 0 1 1 0 0 1 1 0 0 0 0 1 0 1 0 1 0
70	1	1 1 1 0 1 1 1 0 1 1 1 1 0 0 0 1 1 0 0 0 1 0 1 1 0 1 0 0 1 1 1 0 1 0 0 0 0 1 1 1 0 0 0 0 1 1 1 0 0 1
70	1	1 1 1 0 1 1 1 0 1 1 1 1 0 0 0 1 0 0 0 0 1 0 1 1 0 1 0 0 1 1 1 0 1 0 0 0 0 1 1 1 0 0 0 0 1 0 1 0 0 1
70	1	0 1 1 0 1 1 1 0 1 1 1 1 0 0 0 1 0 0 0 0 1 0 1 1 0 1 0 0 1 1 1 0 1 0 0 0 0 1 1 1 0 0 0 0 1 1 1 0 0 1
70	35	1 1 1 0 1 1 1 0 1 1 1 1 0 0 0 1 0 0 0 0 1 0 1 1 0 1 0 0 1 1 1 0 1 0 0 0 0 1 1 1 0 0 0 0 1 1 1 0 0 1
70	1	1 0 1 0 1 1 1 0 1 1 1 1 0 0 0 1 0 0 0 0 1 0 1 1 0 1 0 0 1 1 1 0 1 0 0 0 0 1 1 1 0 0 0 0 1 1 1 0 0 1
70	1	1 1 1 0 1 1 1 0 1 1 1 1 0 0 0 1 1 0 0 0 1 0 1 1 0 1 0 0 1 1 1 0 1 1 0 0 0 0 1 1 0 0 0 0 1 1 1 0 0 1
70	2	1 1 1 0 1 1 1 0 1 1 1 1 0 0 0 1 1 0 0 0 1 0 1 1 0 1 0 0 1 1 1 0 1 0 0 0 0 0 1 1 0 0 0 0 1 1 1 0 0 1
70	1	1 0 1 0 1 1 1 0 1 1 1 1 0 0 0 1 0 0 0 0 1 0 1 1 0 1 0 0 1 1 1 0 1 0 0 0 1 0 1 1 0 0 0 0 1 1 1 0 0 1
80	1	1 1 1 1 1 0 1 0 1 0 0 0 0 1 0 0 1 1 0 0 0 1 1 1 1 1 1 0 0 1 1 1 0 0 1 1 0 0 1 1 0 0 0 0 1 1 1 0 1 1
80	1	1 1 1 1 1 0 1 0 1 0 1 0 0 1 0 0 1 1 1 0 0 1 1 1 1 1 1 0 1 1 1 1 0 0 1 1 0 0 1 1 0 0 0 0 1 1 0 0 0 0
80	2	1 1 1 1 1 0 1 0 1 0 1 0 0 1 0 0 1 1 1 0 0 1 1 1 1 1 1 0 1 1 1 1 0 0 1 1 0 0 1 1 0 0 0 0 1 1 1 0 0 0
80	2	1 1 1 1 1 0 1 0 1 0 1 0 0 1 0 0 1 1 1 0 0 1 1 1 1 1 1 0 1 1 1 1 0 0 1 1 0 0 1 1 0 0 0 0 1 0 1 0 1 0
80	14	1 1 1 1 1 0 1 0 1 1 1 0 0 1 0 0 1 1 1 0 0 1 1 1 1 1 1 0 1 1 1 1 0 0 1 1 0 0 1 1 0 0 0 0 1 0 1 0 1 0
80	2	1 1 1 1 1 0 1 0 1 0 1 0 0 1 0 0 1 1 1 0 0 1 1 1 1 1 1 0 1 1 1 1 0 0 1 1 0 0 1 1 0 0 0 0 1 0 1 0 1 1
80	2	1 1 1 1 1 0 1 0 1 0 1 0 0 1 0 0 1 1 1 0 0 1 1 1 1 1 1 0 1 1 1 1 0 0 1 1 0 0 1 1 0 0 0 0 1 1 1 0 1 0
80	1	1 1 1 1 1 0 1 0 1 0 0 0 0 1 0 0 1 1 1 0 0 1 1 1 1 1 1 0 0 1 1 1 0 0 1 1 0 0 1 1 0 0 0 0 1 1 1 0 1 0
80	3	1 1 1 1 1 0 1 0 1 0 1 0 0 1 0 0 1 1 1 0 0 1 1 1 1 1 1 1 0 1 1 1 0 0 1 1 0 0 1 1 0 0 0 0 1 0 1 0 1 0
80	3	1 1 1 1 1 0 1 0 1 0 1 0 0 1 0 0 1 1 1 1 0 1 1 1 1 1 1 0 0 1 1 1 0 0 1 1 0 0 1 1 0 0 0 0 1 0 1 0 1 0
80	35	1 1 1 1 1 0 1 0 1 0 1 0 0 1 0 0 1 1 1 0 0 1 1 1 1 1 1 0 0 1 1 1 0 0 1 1 0 0 1 1 0 0 0 0 1 0 1 0 1 0
80	2	1 0 1 0 1 1 1 0 1 1 1 1 0 0 0 1 0 0 0 0 1 0 1 1 0 1 0 0 1 1 1 0 1 0 0 0 0 1 1 1 0 0 0 0 1 1 1 0 0 1
80	26	1 1 1 0 1 1 1 0 1 1 1 1 0 0 0 1 0 0 0 0 1 0 1 1 0 1 0 0 1 1 1 0 1 0 0 0 0 1 1 1 0 0 0 0 1 1 1 0 0 1
80	2	1 1 1 0 1 1 1 0 1 1 1 1 0 0 0 1 1 0 0 0 1 0 1 1 0 1 0 0 1 1 1 0 1 1 0 0 0 0 1 1 0 0 0 0 1 1 1 0 0 1
80	3	1 1 1 0 1 1 1 0 1 1 1 1 0 0 0 1 1 0 0 0 1 0 1 1 0 1 0 0 1 1 1 0 1 0 0 0 0 0 1 1 0 0 0 0 1 1 1 0 0 1
80	1	1 0 1 0 1 1 1 0 1 1 1 1 0 0 0 1 0 0 0 0 1 0 1 1 0 1 0 0 1 1 1 0 1 0 0 0 1 0 1 1 0 0 0 0 1 1 1 0 0 1
90	1	1 1 1 1 1 0 1 0 1 1 1 0 0 1 0 0 1 1 1 0 0 1 1 1 1 1 1 0 1 1 1 1 0 0 1 1 0 0 1 1 0 0 0 0 0 0 1 0 1 0
90	1	1 1 1 1 1 0 1 0 1 1 1 0 0 1 0 0 1 1 1 0 0 1 1 1 1 1 1 0 1 1 1 1 0 1 1 1 0 0 1 1 0 0 0 0 1 0 1 0 1 0
90	1	1 1 1 1 1 0 0 0 1 1 1 0 0 1 0 0 1 1 1 0 0 1 1 1 1 1 1 0 1 1 1 1 0 0 1 1 0 0 1 1 0 0 0 0 1 0 1 0 1 0
90	32	1 1 1 1 1 0 1 0 1 1 1 0 0 1 0 0 1 1 1 0 0 1 1 1 1 1 1 0 1 1 1 1 0 0 1 1 0 0 1 1 0 0 0 0 1 0 1 0 1 0
90	1	1 1 1 1 1 0 1 0 1 0 1 0 0 1 0 0 1 1 1 0 0 1 1 1 1 0 1 0 1 1 1 1 0 0 1 1 0 0 1 1 0 0 0 0 1 1 1 0 1 0
90	3	1 1 1 1 1 0 1 0 1 0 0 0 0 1 0 0 1 1 1 0 0 1 1 1 1 1 1 0 0 1 1 1 0 0 1 1 0 0 1 1 0 0 0 0 1 1 1 0 1 0
90	1	1 1 1 1 1 0 1 0 1 0 1 0 0 0 0 0 1 1 1 0 0 1 1 1 1 1 1 1 0 1 1 1 0 0 1 1 0 0 1 1 0 0 0 0 1 0 1 0 1 0
90	2	1 1 1 1 1 0 1 0 1 0 1 0 0 1 0 0 1 1 1 0 0 1 1 1 1 1 1 1 0 1 1 1 0 0 1 1 0 0 1 1 0 0 0 0 1 0 1 0 1 0
90	1	1 1 1 1 1 0 1 0 1 0 1 0 0 1 0 0 1 1 1 0 0 1 1 1 1 1 1 0 0 0 1 1 0 0 1 1 0 0 1 1 0 0 0 0 1 0 1 0 1 0
90	26	1 1 1 1 1 0 1 0 1 0 1 0 0 1 0 0 1 1 1 0 0 1 1 1 1 1 1 0 0 1 1 1 0 0 1 1 0 0 1 1 0 0 0 0 1 0 1 0 1 0
90	1	1 1 1 0 1 1 1 0 1 1 1 1 0 0 0 1 0 0 0 0 1 0 1 1 0 1 0 1 1 1 1 0 1 0 0 0 0 1 1 1 0 0 0 0 1 1 1 0 0 1
90	2	1 0 1 0 1 1 1 0 1 1 1 1 0 0 0 1 0 0 0 0 1 0 1 1 0 1 0 0 1 1 1 0 1 0 0 0 0 1 1 1 0 0 0 0 1 1 1 0 0 1
90	1	1 1 1 0 1 1 1 1 1 1 1 1 0 0 0 1 0 0 0 0 1 0 1 1 0 1 0 0 1 1 1 0 1 0 0 0 0 1 1 1 0 0 0 0 1 1 1 0 0 1
90	22	1 1 1 0 1 1 1 0 1 1 1 1 0 0 0 1 0 0 0 0 1 0 1 1 0 1 0 0 1 1 1 0 1 0 0 0 0 1 1 1 0 0 0 0 1 1 1 0 0 1
90	2	1 0 1 0 1 1 1 0 1 1 1 1 0 0 0 1 1 0 0 0 1 0 1 1 0 1 0 0 1 0 1 0 1 0 0 0 0 0 1 1 0 0 0 0 1 1 1 0 1 1
90	1	1 1 1 0 1 1 1 0 1 1 1 1 0 0 0 1 1 0 0 0 1 0 1 1 0 1 0 0 1 1 1 0 1 0 0 0 0 0 1 1 0 0 0 0 0 1 1 0 0 1
90	1	1 1 1 0 1 1 1 0 1 1 1 1 0 0 0 1 1 0 0 0 1 0 1 1 0 1 0 0 1 1 1 0 1 0 0 0 0 0 1 1 0 0 0 0 1 1 0 0 0 1
90	1	1 1 1 0 1 1 1 0 1 1 1 1 0 0 0 1 1 0 0 0 1 0 1 1 0 1 0 0 1 1 1 0 1 0 0 0 0 0 1 1 0 0 0 0 1 1 1 0 0 1
100	2	1 1 1 1 1 0 1 0 1 0 1 0 0 1 0 0 1 1 1 0 0 1 1 1 1 1 1 0 1 1 1 1 0 0 1 1 0 0 1 1 0 0 0 0 1 1 1 0 0 0
100	5	1 1 1 1 1 0 1 0 1 1 1 0 0 1 0 0 1 1 1 0 0 1 1 1 1 1 1 0 1 1 1 1 0 0 1 1 0 0 1 1 0 0 0 0 0 0 1 0 1 0
100	1	1 1 1 1 1 0 1 0 1 1 1 0 0 1 0 0 1 1 1 0 0 1 1 1 1 0 1 0 1 1 1 1 0 0 1 1 0 0 1 1 0 0 0 0 1 0 1 1 1 0
100	2	1 1 1 1 1 0 1 0 1 1 1 0 0 1 0 0 1 1 1 0 0 1 1 1 1 0 1 0 1 1 1 1 0 0 1 1 0 0 1 1 0 0 0 0 1 0 1 0 1 0
100	52	1 1 1 1 1 0 1 0 1 1 1 0 0 1 0 0 1 1 1 0 0 1 1 1 1 1 1 0 1 1 1 1 0 0 1 1 0 0 1 1 0 0 0 0 1 0 1 0 1 0
100	2	1 1 1 1 1 0 1 0 1 0 1 0 0 1 0 0 1 1 1 0 0 1 1 1 1 1 1 0 1 1 1 1 0 0 1 1 0 0 1 1 0 0 0 0 1 1 1 0 1 0
100	1	1 1 1 1 1 0 1 1 1 0 1 0 0 1 0 0 1 1 1 0 0 1 1 1 1 1 1 1 0 1 1 1 0 0 1 1 0 0 1 1 0 0 0 0 1 0 1 0 1 0
100	2	1 1 1 1 1 0 1 0 1 0 1 0 0 1 0 0 1 1 1 0 0 1 1 1 1 1 1 1 0 1 1 1 0 0 1 1 0 0 1 1 0 0 0 0 1 0 1 0 1 0
100	16	1 1 1 1 1 0 1 0 1 0 1 0 0 1 0 0 1 1 1 0 0 1 1 1 1 1 1 0 0 1 1 1 0 0 1 1 0 0 1 1 0 0 0 0 1 0 1 0 1 0
100	2	1 1 1 0 1 1 1 0 1 1 1 1 0 0 0 1 0 0 0 0 1 0 1 1 0 1 0 1 1 1 1 0 1 0 0 0 0 1 1 1 0 0 0 0 1 1 1 0 0 1
100	10	1 1 1 0 1 1 1 0 1 1 1 1 0 0 0 1 0 0 0 0 1 0 1 1 0 1 0 0 1 1 1 0 1 0 0 0 0 1 1 1 0 0 0 0 1 1 1 0 0 1
100	2	1 0 1 0 1 1 1 0 1 1 1 1 0 0 0 1 1 0 0 0 1 0 1 1 0 1 0 0 1 0 1 0 1 0 0 0 0 0 1 1 0 0 0 0 1 1 1 0 1 1
100	2	1 1 1 0 1 1 1 0 1 1 1 1 0 0 0 1 1 0 0 0 1 0 1 1 0 1 0 0 1 1 1 0 1 1 0 0 0 0 1 1 0 0 0 0 1 1 1 0 0 1
100	1	1 1 1 0 1 1 1 0 1 1 1 1 0 0 0 1 1 0 0 0 1 0 1 1 0 1 0 0 1 1 1 0 1 0 0 0 0 0 1 1 0 0 0 0 1 1 1 0 0 1
110	3	1 1 1 1 1 0 1 0 1 0 1 0 0 1 0 0 1 1 1 0 0 1 1 1 1 1 1 0 1 1 1 1 0 0 1 1 0 0 1 1 0 0 0 0 1 1 1 0 0 0
110	1	1 1 1 1 1 0 1 0 1 1 1 0 0 1 0 0 1 1 1 0 0 0 1 1 1 1 1 0 1 1 1 1 0 0 1 1 0 0 1 1 0 0 0 0 0 0 1 0 1 0
110	15	1 1 1 1 1 0 1 0 1 1 1 0 0 1 0 0 1 1 1 0 0 1 1 1 1 1 1 0 1 1 1 1 0 0 1 1 0 0 1 1 0 0 0 0 0 0 1 0 1 0
110	1	1 1 1 1 1 0 1 0 1 1 1 0 0 1 0 0 1 1 1 0 0 1 1 1 1 1 1 0 1 1 1 1 0 0 1 1 0 1 1 1 0 0 0 0 1 0 1 0 1 0
110	1	1 1 1 1 1 0 1 0 1 1 1 0 0 1 0 0 1 1 1 0 0 1 1 1 1 1 1 1 1 1 1 1 0 0 1 1 0 0 1 1 0 0 0 0 1 0 1 0 1 0
110	57	1 1 1 1 1 0 1 0 1 1 1 0 0 1 0 0 1 1 1 0 0 1 1 1 1 1 1 0 1 1 1 1 0 0 1 1 0 0 1 1 0 0 0 0 1 0 1 0 1 0
110	3	1 1 1 1 1 0 1 0 1 0 1 0 0 1 0 0 1 1 1 0 0 1 1 1 1 1 1 1 0 1 1 1 0 0 1 1 0 0 1 1 0 0 0 0 1 0 1 0 1 0
110	1	1 1 1 1 1 0 1 0 1 0 1 0 0 1 0 0 1 1 1 0 0 1 1 1 1 1 1 0 0 1 1 1 0 0 1 0 0 0 1 1 0 0 0 0 1 0 1 0 1 0
110	11	1 1 1 1 1 0 1 0 1 0 1 0 0 1 0 0 1 1 1 0 0 1 1 1 1 1 1 0 0 1 1 1 0 0 1 1 0 0 1 1 0 0 0 0 1 0 1 0 1 0
110	2	1 1 1 0 1 1 1 1 1 1 1 1 0 0 0 1 0 0 0 0 1 0 1 1 0 1 0 0 1 1 1 0 1 0 0 0 0 1 1 1 0 0 0 0 1 1 1 0 0 1
110	2	1 1 1 0 1 1 1 0 1 1 1 1 0 0 0 1 0 0 0 0 1 0 1 1 0 1 0 0 1 1 1 0 1 0 0 0 0 1 1 1 0 0 0 0 1 1 1 0 0 1
110	1	1 0 1 0 1 1 1 0 1 1 1 1 0 0 0 1 1 0 0 0 1 0 1 1 0 1 0 0 1 0 1 0 1 0 0 0 0 0 1 1 0 0 0 0 1 1 1 0 1 1
110	1	1 1 1 0 1 1 1 0 1 1 1 1 0 0 0 1 1 0 0 0 1 0 1 1 0 1 0 0 1 1 1 0 1 1 0 0 0 0 1 1 0 0 0 0 1 1 1 0 0 1
110	1	1 1 1 0 1 1 1 0 1 1 1 1 0 0 0 1 1 0 0 0 1 0 1 1 0 1 0 0 1 1 1 0 1 0 0 0 0 0 1 1 0 0 0 0 0 1 1 0 0 1
120	65	1 1 1 1 1 0 1 0 1 1 1 0 0 1 0 0 1 1 1 0 0 1 1 1 1 1 1 0 1 1 1 1 0 0 1 1 0 0 1 1 0 0 0 0 1 0 1 0 1 0
120	19	1 1 1 1 1 0 1 0 1 1 1 0 0 1 0 0 1 1 1 0 0 1 1 1 1 1 1 0 1 1 1 1 0 0 1 1 0 0 1 1 0 0 0 0 0 0 1 0 1 0
120	1	1 1 1 1 1 0 1 0 1 1 1 0 0 1 0 0 1 1 1 0 0 1 1 1 1 1 1 0 1 1 1 1 0 0 1 1 0 1 1 1 0 0 0 0 1 0 1 0 1 0
120	3	1 1 1 1 1 0 1 0 1 0 1 0 0 1 0 0 1 1 1 0 0 1 1 1 1 1 1 1 0 1 1 1 0 0 1 1 0 0 1 1 0 0 0 0 1 0 1 0 1 0
120	7	1 1 1 1 1 0 1 0 1 0 1 0 0 1 0 0 1 1 1 0 0 1 1 1 1 1 1 0 0 1 1 1 0 0 1 1 0 0 1 1 0 0 0 0 1 0 1 0 1 0
120	2	1 1 1 0 1 1 1 0 1 1 1 1 0 0 0 1 0 0 0 0 1 0 1 1 0 1 0 1 1 1 1 0 1 0 0 0 0 1 1 1 0 0 0 0 1 1 1 0 0 1
120	1	1 0 1 0 1 1 1 0 1 1 1 1 0 0 0 1 1 0 0 0 1 0 1 1 0 1 0 0 1 0 1 0 1 0 0 0 0 0 1 1 0 0 0 0 1 1 1 0 1 1
120	1	1 1 1 0 1 1 1 0 1 1 1 1 0 0 0 1 1 0 0 0 1 0 1 1 0 1 0 0 0 1 1 0 1 1 0 0 0 0 1 1 0 0 0 0 1 1 1 0 0 1
120	1	1 1 1 0 1 1 1 0 1 1 1 1 0 0 0 1 1 0 0 0 1 0 1 1 0 1 0 0 1 1 1 0 1 0 0 0 0 0 1 1 0 0 0 0 0 1 1 0 0 1
130	2	1 1 1 1 1 1 1 0 1 1 1 0 0 1 0 0 1 1 1 0 0 1 1 1 1 1 1 0 1 1 1 1 0 0 1 1 0 0 1 1 0 0 0 0 1 0 1 0 1 0
130	1	1 1 1 1 1 0 1 0 1 1 1 0 0 1 0 0 1 1 1 0 0 1 1 1 1 1 1 0 1 1 1 1 0 1 1 1 0 0 1 1 0 0 0 0 1 0 1 0 1 0
130	1	1 1 1 1 1 0 1 0 1 1 1 0 0 1 0 0 1 1 1 0 0 1 1 1 1 1 1 0 1 1 1 1 0 0 1 1 0 0 1 1 0 0 0 0 1 0 1 1 1 0
130	55	1 1 1 1 1 0 1 0 1 1 1 0 0 1 0 0 1 1 1 0 0 1 1 1 1 1 1 0 1 1 1 1 0 0 1 1 0 0 1 1 0 0 0 0 1 0 1 0 1 0
130	1	1 1 1 1 1 0 1 0 0 1 1 0 0 1 0 0 1 1 1 0 0 1 1 1 1 1 1 0 1 1 1 1 0 0 1 1 0 0 1 1 0 0 0 0 0 0 1 0 1 0
130	1	1 1 1 1 1 0 1 0 1 1 1 0 0 1 0 0 1 1 1 0 1 1 1 1 1 1 1 0 1 1 1 1 0 0 1 1 0 0 1 1 0 0 0 0 0 0 1 0 1 0
130	1	1 1 1 1 1 0 1 0 1 1 1 0 0 1 0 0 1 1 1 0 0 1 1 1 1 1 1 0 1 1 1 1 0 0 1 1 0 0 1 1 0 0 0 0 0 0 1 1 1 0
130	29	1 1 1 1 1 0 1 0 1 1 1 0 0 1 0 0 1 1 1 0 0 1 1 1 1 1 1 0 1 1 1 1 0 0 1 1 0 0 1 1 0 0 0 0 0 0 1 0 1 0
130	3	1 1 1 1 1 0 1 0 1 1 1 0 0 1 0 0 1 1 1 0 0 1 1 1 1 1 1 0 1 1 1 1 0 0 1 1 0 1 1 1 0 0 0 0 1 0 1 0 1 0
130	4	1 1 1 1 1 0 1 0 1 0 1 0 0 1 0 0 1 1 1 0 0 1 1 1 1 1 1 1 0 1 1 1 0 0 1 1 0 0 1 1 0 0 0 0 1 0 1 0 1 0
130	1	1 1 1 1 1 0 1 0 1 0 1 0 0 1 0 0 1 1 1 0 0 1 1 1 1 1 1 0 0 1 1 1 0 0 1 1 0 0 1 1 0 0 0 0 1 0 1 0 1 0
130	1	1 1 1 0 1 1 1 0 1 1 1 1 0 0 0 1 1 0 0 0 1 0 1 1 0 1 0 0 1 1 1 0 1 0 0 0 0 0 1 1 0 0 0 0 0 1 1 0 0 1
140	1	1 1 1 1 1 1 1 0 1 1 1 0 0 1 0 0 1 1 1 0 0 1 1 1 1 1 1 0 1 1 1 1 0 0 1 1 0 0 1 1 0 0 0 0 1 0 1 0 1 0
140	1	1 1 1 1 1 0 1 0 1 1 1 0 0 1 0 0 1 1 1 0 0 1 1 1 1 1 1 0 1 1 1 1 0 1 1 1 0 0 1 1 0 0 0 0 1 0 1 0 1 0
140	1	1 1 1 1 1 0 1 0 1 1 1 0 0 1 0 0 1 1 1 0 0 1 1 1 1 1 1 0 1 0 1 1 0 0 1 1 0 0 1 1 0 0 0 0 1 0 1 0 1 0
140	5	1 1 1 1 1 0 1 0 1 1 1 0 0 1 0 0 1 1 1 0 0 1 1 1 1 1 1 0 1 1 1 1 0 0 1 1 0 1 1 1 0 0 0 0 1 0 1 0 1 0
140	1	1 1 1 1 1 0 1 0 1 1 1 0 0 1 0 0 1 1 1 0 0 1 1 1 1 1 1 0 1 1 1 1 0 0 1 1 0 0 1 0 0 0 0 0 1 0 1 0 1 0
140	1	1 1 1 1 1 0 1 0 1 1 1 0 0 1 0 0 1 0 1 0 0 1 1 1 1 1 1 0 1 1 1 1 0 0 1 1 0 0 1 1 0 0 0 0 1 0 1 0 1 0
140	36	1 1 1 1 1 0 1 0 1 1 1 0 0 1 0 0 1 1 1 0 0 1 1 1 1 1 1 0 1 1 1 1 0 0 1 1 0 0 1 1 0 0 0 0 0 0 1 0 1 0
140	1	1 1 1 1 1 0 1 0 1 1 1 0 0 1 0 0 1 1 1 0 0 1 1 1 1 1 1 0 1 1 1 1 1 0 1 1 0 0 1 1 0 0 0 0 1 0 1 0 1 0
140	39	1 1 1 1 1 0 1 0 1 1 1 0 0 1 0 0 1 1 1 0 0 1 1 1 1 1 1 0 1 1 1 1 0 0 1 1 0 0 1 1 0 0 0 0 1 0 1 0 1 0
140	1	1 1 1 1 1 0 1 0 1 1 1 0 0 1 0 0 1 1 1 0 1 1 1 1 0 1 1 0 1 1 1 1 0 0 1 1 0 0 1 1 0 0 0 0 0 0 1 0 1 0
140	4	1 1 1 1 1 0 1 0 1 1 1 0 0 1 0 0 1 1 1 0 1 1 1 1 1 1 1 0 1 1 1 1 0 0 1 1 0 0 1 1 0 0 0 0 0 0 1 0 1 0
140	1	1 1 1 1 1 0 1 0 1 1 1 0 0 1 0 0 0 1 1 0 0 1 1 1 1 1 1 0 1 1 1 1 0 0 1 1 0 0 1 1 0 0 0 0 0 0 1 0 1 0
140	1	1 1 1 1 1 0 1 0 1 0 1 0 0 1 0 0 1 1 1 0 0 1 1 1 1 1 1 1 0 1 1 1 0 0 1 1 0 0 1 1 0 0 0 0 1 0 1 0 1 0
140	1	1 1 1 1 1 0 1 0 1 0 1 0 0 1 0 0 1 1 1 0 0 1 1 1 1 1 1 0 0 1 1 1 0 0 1 1 0 0 1 1 0 0 0 0 1 0 1 0 1 0
140	6	1 1 1 0 1 1 1 0 1 1 1 1 0 0 0 1 1 0 0 0 1 0 1 1 0 1 0 0 1 1 1 0 1 0 0 0 0 0 1 1 0 0 0 0 0 1 1 0 0 1
150	1	1 1 1 1 1 1 1 0 1 1 1 0 0 1 0 0 1 1 1 0 0 1 1 1 1 1 1 0 1 1 1 1 0 0 1 1 0 0 1 1 0 0 0 0 1 0 1 0 1 0
150	2	1 1 1 1 1 0 1 0 1 1 1 0 0 1 0 0 1 1 1 0 0 1 1 1 1 1 1 0 1 0 1 1 0 0 1 1 0 0 1 1 0 0 0 0 1 0 1 0 1 0
150	2	1 1 1 1 1 0 1 0 1 1 1 0 0 1 0 0 1 1 1 0 0 1 1 1 1 1 1 0 1 1 1 1 0 0 1 1 0 1 1 1 0 0 0 0 1 0 1 0 1 0
150	1	1 1 1 1 1 0 1 0 1 1 1 0 0 1 0 0 1 1 1 0 0 1 1 1 1 1 1 0 1 1 1 0 0 0 1 1 0 0 1 1 0 0 0 0 1 0 1 0 1 0
150	2	1 1 1 1 1 0 1 0 1 1 1 0 0 1 0 0 1 1 1 1 0 1 1 1 1 1 1 0 1 1 1 1 0 0 1 1 0 0 1 1 0 0 0 0 0 0 1 0 1 0
150	1	1 1 1 1 1 0 1 0 1 1 1 0 0 1 0 0 1 1 1 0 0 0 1 1 1 1 1 0 1 1 1 1 0 0 1 1 0 0 1 1 0 0 0 0 0 0 1 0 1 0
150	1	1 1 1 1 1 0 1 0 1 1 0 0 0 1 0 0 1 1 1 0 0 1 1 1 1 1 1 0 1 1 1 1 0 0 1 1 0 0 1 1 0 0 0 0 0 0 1 0 1 0
150	56	1 1 1 1 1 0 1 0 1 1 1 0 0 1 0 0 1 1 1 0 0 1 1 1 1 1 1 0 1 1 1 1 0 0 1 1 0 0 1 1 0 0 0 0 0 0 1 0 1 0
150	1	1 1 1 1 1 0 1 0 1 1 1 0 0 1 0 0 1 1 1 0 0 1 1 1 0 1 1 0 1 1 1 1 0 0 1 1 0 0 1 1 0 0 0 0 1 0 1 0 1 0
150	2	1 1 1 1 1 0 1 0 1 1 1 0 0 1 0 0 1 1 1 0 0 1 1 1 1 1 1 1 1 1 1 1 0 0 1 1 0 0 1 1 0 0 0 0 1 0 1 0 1 0
150	1	1 1 1 1 1 0 1 0 1 1 0 0 0 1 0 0 1 1 1 0 0 1 1 1 1 1 1 0 1 1 1 1 0 0 1 1 0 0 1 1 0 0 0 0 1 0 1 0 1 0
150	20	1 1 1 1 1 0 1 0 1 1 1 0 0 1 0 0 1 1 1 0 0 1 1 1 1 1 1 0 1 1 1 1 0 0 1 1 0 0 1 1 0 0 0 0 1 0 1 0 1 0
150	4	1 1 1 1 1 0 1 0 1 1 1 0 0 1 0 0 1 1 1 0 1 1 1 1 1 1 1 0 1 1 1 1 0 0 1 1 0 0 1 1 0 0 0 0 0 0 1 0 1 0
150	1	1 1 1 1 1 0 1 0 1 1 1 0 0 1 0 0 0 1 1 0 0 1 1 1 1 1 1 0 1 1 1 1 0 0 1 1 0 0 1 1 0 0 0 0 0 0 1 0 1 0
150	5	1 1 1 0 1 1 1 0 1 1 1 1 0 0 0 1 1 0 0 0 1 0 1 1 0 1 0 0 1 1 1 0 1 0 0 0 0 0 1 1 0 0 0 0 0 1 1 0 0 1
160	3	1 1 1 1 1 0 1 0 1 1 1 0 0 1 0 0 1 1 1 0 0 1 1 1 1 1 1 0 1 0 1 1 0 0 1 1 0 0 1 1 0 0 0 0 1 0 1 0 1 0
160	5	1 1 1 1 1 0 1 0 1 1 1 0 0 1 0 0 1 1 1 0 0 1 1 1 1 1 1 0 1 1 1 1 0 0 1 1 0 1 1 1 0 0 0 0 1 0 1 0 1 0
160	3	1 1 1 1 1 0 1 0 1 1 1 0 0 1 0 0 0 1 1 0 0 1 1 1 1 1 1 0 1 1 1 1 0 0 1 1 0 0 1 1 0 0 0 0 0 0 1 0 1 0
160	1	1 1 1 1 1 0 1 0 1 1 1 0 0 0 0 0 1 1 1 0 0 1 1 1 1 1 1 0 1 1 1 1 0 0 1 1 0 0 1 1 0 0 0 0 0 0 1 0 1 0
160	65	1 1 1 1 1 0 1 0 1 1 1 0 0 1 0 0 1 1 1 0 0 1 1 1 1 1 1 0 1 1 1 1 0 0 1 1 0 0 1 1 0 0 0 0 0 0 1 0 1 0
160	2	1 1 1 1 1 0 1 0 1 1 1 0 0 1 0 0 1 1 1 1 0 1 1 1 1 1 1 0 1 1 1 1 0 0 1 1 0 0 1 1 0 0 0 0 0 0 1 0 1 0
160	1	1 1 1 1 1 0 1 0 1 1 1 0 0 1 0 0 1 1 1 0 0 0 1 1 1 1 1 0 1 1 1 1 0 0 1 1 0 0 1 1 0 0 0 0 0 0 1 0 1 0
160	1	1 1 1 1 1 0 1 0 1 1 0 0 0 1 0 0 1 1 1 0 0 1 1 1 1 1 1 0 1 1 1 1 0 0 1 1 0 0 1 1 0 0 0 0 0 0 1 0 1 0
160	1	1 1 1 1 1 0 1 0 1 1 1 0 1 1 0 0 1 1 1 0 0 1 1 1 1 1 1 0 1 1 1 1 0 0 1 1 0 0 1 1 0 0 0 0 0 0 1 0 1 0
160	1	1 1 1 1 1 0 1 0 1 1 1 1 0 1 0 0 1 1 1 0 0 1 1 1 1 1 1 0 1 1 1 1 0 0 1 1 0 0 1 1 0 0 0 0 1 0 1 0 1 0
160	8	1 1 1 1 1 0 1 0 1 1 1 0 0 1 0 0 1 1 1 0 0 1 1 1 1 1 1 0 1 1 1 1 0 0 1 1 0 0 1 1 0 0 0 0 1 0 1 0 1 0
160	1	1 1 1 1 1 0 1 0 1 1 1 0 0 1 0 0 1 1 1 0 1 1 1 1 1 1 1 0 1 1 1 1 0 0 1 1 0 0 1 1 0 0 0 0 0 0 1 0 1 1
160	6	1 1 1 1 1 0 1 0 1 1 1 0 0 1 0 0 1 1 1 0 1 1 1 1 1 1 1 0 1 1 1 1 0 0 1 1 0 0 1 1 0 0 0 0 0 0 1 0 1 0
160	2	1 1 1 0 1 1 1 0 1 1 1 1 0 0 0 1 1 0 0 0 1 0 1 1 0 1 0 0 1 1 1 0 1 0 0 0 0 0 1 1 0 0 0 0 0 1 1 0 0 1
170	2	1 1 1 1 1 0 1 0 1 1 1 0 0 1 0 0 1 1 1 0 0 1 1 1 1 1 1 0 1 0 1 1 0 0 1 1 0 0 1 1 0 0 0 0 1 0 1 0 1 0
170	2	1 1 1 1 1 0 1 0 1 1 1 0 0 1 0 0 1 1 1 0 0 1 1 1 1 1 1 0 1 1 1 1 0 0 1 1 0 1 1 1 0 0 0 0 1 0 1 0 1 0
170	1	1 1 1 1 1 0 1 0 1 1 1 0 0 1 0 0 1 1 1 0 0 1 1 1 1 1 1 0 1 1 1 1 0 0 1 1 0 0 1 0 0 0 0 0 1 0 1 0 1 0
170	1	1 1 1 1 1 0 1 0 1 1 1 0 0 1 0 0 0 1 1 0 0 1 1 1 1 1 1 0 1 1 1 1 0 0 1 1 0 0 1 1 0 0 0 0 0 0 1 0 1 0
170	2	1 1 1 1 1 0 1 0 1 1 1 0 1 1 0 0 1 1 1 0 0 1 1 1 1 1 1 0 1 1 1 1 0 0 1 1 0 0 1 1 0 0 0 0 0 0 1 0 1 0
170	1	1 1 1 1 1 0 1 0 1 1 0 0 0 1 0 0 1 1 1 0 0 1 1 1 1 1 1 0 1 1 1 1 0 0 1 1 0 0 1 1 0 0 0 0 0 0 1 0 1 0
170	61	1 1 1 1 1 0 1 0 1 1 1 0 0 1 0 0 1 1 1 0 0 1 1 1 1 1 1 0 1 1 1 1 0 0 1 1 0 0 1 1 0 0 0 0 0 0 1 0 1 0
170	1	1 1 1 1 1 0 1 0 1 1 1 0 0 1 0 0 1 1 1 1 0 1 1 1 1 1 1 0 1 1 1 1 0 0 1 1 0 0 1 1 0 0 0 0 0 0 1 0 1 0
170	1	1 1 1 1 1 0 1 0 1 1 1 0 0 1 0 0 1 1 1 0 0 0 1 1 1 1 1 0 1 1 1 1 0 0 1 1 0 0 1 1 0 0 0 0 0 0 1 0 1 0
170	5	1 1 1 1 1 0 1 0 1 1 1 0 0 1 0 0 1 1 1 0 0 1 1 1 1 1 1 0 1 1 1 1 0 0 1 1 0 0 1 1 0 0 0 0 1 0 1 0 1 0
170	1	1 1 1 1 1 0 1 0 1 1 1 0 0 1 0 0 1 1 1 0 1 1 1 1 0 1 1 0 1 1 1 1 0 0 1 1 0 0 1 1 0 0 0 0 0 0 1 0 1 0
170	2	1 1 1 1 1 0 1 0 1 1 1 0 0 1 0 0 1 1 1 0 1 1 1 1 1 1 1 0 1 1 1 1 0 0 1 1 0 0 0 1 0 0 0 0 0 0 1 0 1 0
170	2	1 1 1 1 1 0 1 0 1 1 1 0 0 1 0 0 1 1 1 0 1 1 1 1 1 1 0 0 1 1 1 1 0 0 1 1 0 0 1 1 0 0 0 0 0 0 1 0 1 0
170	1	1 1 1 0 1 0 1 0 1 1 1 0 0 1 0 0 1 1 1 0 1 1 1 1 1 1 1 0 1 1 1 1 0 0 1 1 0 0 1 1 0 0 0 0 0 0 1 0 1 0
170	12	1 1 1 1 1 0 1 0 1 1 1 0 0 1 0 0 1 1 1 0 1 1 1 1 1 1 1 0 1 1 1 1 0 0 1 1 0 0 1 1 0 0 0 0 0 0 1 0 1 0
170	1	1 1 1 0 1 1 1 0 1 1 1 1 0 0 0 1 1 0 0 0 1 0 1 1 0 1 0 0 1 1 1 0 1 0 0 0 0 0 1 1 0 0 0 0 0 0 1 0 0 1
170	4	1 1 1 0 1 1 1 0 1 1 1 1 0 0 0 1 1 0 0 0 1 0 1 1 0 1 0 0 1 1 1 0 1 0 0 0 0 0 1 1 0 0 0 0 0 1 1 0 0 1
180	1	1 1 1 1 1 0 1 0 1 1 1 0 0 1 0 0 1 1 1 0 0 1 1 1 1 1 1 0 1 1 1 1 0 0 1 1 0 1 1 1 0 0 0 0 1 0 1 0 1 0
180	1	1 1 1 1 1 0 1 0 0 1 1 0 0 1 0 0 0 1 1 0 0 1 1 1 1 1 1 0 1 1 1 1 0 0 1 1 0 0 1 1 0 0 0 0 0 0 1 0 1 0
180	5	1 1 1 1 1 0 1 0 1 1 1 0 0 1 0 0 0 1 1 0 0 1 1 1 1 1 1 0 1 1 1 1 0 0 1 1 0 0 1 1 0 0 0 0 0 0 1 0 1 0
180	1	1 1 1 1 1 0 1 0 1 1 1 0 0 1 0 0 1 1 1 0 0 1 1 1 1 1 1 0 1 1 1 1 1 0 1 1 0 0 1 1 0 0 0 0 0 0 1 0 1 0
180	1	1 1 1 1 1 0 1 0 1 1 1 0 1 1 0 0 1 1 1 0 0 1 1 1 1 1 1 0 1 1 1 1 0 0 1 1 0 0 1 1 0 0 0 0 0 0 1 0 1 0
180	1	1 1 1 1 1 0 1 0 1 1 1 0 0 1 0 0 1 1 1 0 0 1 1 1 1 1 1 0 0 1 1 1 0 0 1 1 0 0 1 1 0 0 0 0 0 0 1 0 1 0
180	2	1 1 1 1 1 0 1 0 1 1 0 0 0 1 0 0 1 1 1 0 0 1 1 1 1 1 1 0 1 1 1 1 0 0 1 1 0 0 1 1 0 0 0 0 0 0 1 0 1 0
180	67	1 1 1 1 1 0 1 0 1 1 1 0 0 1 0 0 1 1 1 0 0 1 1 1 1 1 1 0 1 1 1 1 0 0 1 1 0 0 1 1 0 0 0 0 0 0 1 0 1 0
180	1	1 1 1 1 1 0 1 0 1 1 1 0 0 1 0 0 1 1 1 0 0 0 1 1 1 1 1 0 1 1 1 1 0 0 1 1 0 0 1 1 0 0 0 0 0 0 1 0 1 0
180	1	1 1 1 1 1 0 1 0 1 1 1 0 0 1 0 0 1 1 1 0 0 1 1 1 1 1 1 0 1 1 1 1 0 0 1 0 0 0 1 1 0 0 0 0 0 0 1 0 1 0
180	2	1 1 1 1 1 0 1 0 1 1 1 0 0 1 0 0 1 1 1 1 0 1 1 1 1 1 1 0 1 1 1 1 0 0 1 1 0 0 1 1 0 0 0 0 0 0 1 0 1 0
180	1	1 1 1 1 1 0 1 0 1 1 1 0 0 1 0 0 1 1 1 0 0 1 1 1 1 1 1 1 1 1 1 1 0 0 1 1 0 0 1 1 0 0 0 0 1 0 1 0 1 0
180	2	1 1 1 1 1 0 1 0 1 1 1 0 0 1 0 0 1 1 1 0 1 1 1 1 1 1 1 0 1 1 1 1 0 0 1 1 0 0 0 1 0 0 0 0 0 0 1 0 1 0
180	13	1 1 1 1 1 0 1 0 1 1 1 0 0 1 0 0 1 1 1 0 1 1 1 1 1 1 1 0 1 1 1 1 0 0 1 1 0 0 1 1 0 0 0 0 0 0 1 0 1 0
180	1	1 1 1 0 1 1 1 0 1 1 1 1 0 0 0 1 1 0 0 0 1 0 1 1 0 1 0 0 1 1 1 0 1 0 0 0 0 0 1 1 0 0 0 0 0 0 1 0 0 1
190	1	1 1 1 1 1 0 1 0 1 1 1 0 0 1 0 0 1 1 1 0 0 1 1 1 1 1 1 0 1 0 1 1 0 0 1 1 0 0 1 1 0 0 0 0 1 0 1 0 1 0
190	7	1 1 1 1 1 0 1 0 1 1 1 0 0 1 0 0 0 1 1 0 0 1 1 1 1 1 1 0 1 1 1 1 0 0 1 1 0 0 1 1 0 0 0 0 0 0 1 0 1 0
190	1	1 1 1 1 0 0 1 0 1 1 1 0 1 1 0 0 1 1 1 0 0 1 1 1 1 1 1 0 1 1 1 1 0 0 1 1 0 0 1 1 0 0 0 0 0 0 1 0 1 0
190	4	1 1 1 1 1 0 1 0 1 1 1 0 1 1 0 0 1 1 1 0 0 1 1 1 1 1 1 0 1 1 1 1 0 0 1 1 0 0 1 1 0 0 0 0 0 0 1 0 1 0
190	5	1 1 1 1 1 0 1 0 1 1 0 0 0 1 0 0 1 1 1 0 0 1 1 1 1 1 1 0 1 1 1 1 0 0 1 1 0 0 1 1 0 0 0 0 0 0 1 0 1 0
190	2	1 1 1 1 1 0 1 0 1 1 1 0 0 1 0 0 1 1 1 0 0 1 1 1 1 1 1 0 1 1 1 1 0 0 1 0 0 0 1 1 0 0 0 0 0 0 1 0 1 0
190	1	1 1 1 1 1 0 1 0 1 1 1 0 0 1 0 0 1 1 1 0 1 1 1 1 1 1 1 0 1 1 1 1 0 0 1 1 0 0 1 1 0 0 0 0 0 0 1 0 1 0
190	3	1 1 1 1 1 0 1 0 1 1 1 0 0 1 0 0 1 1 1 1 0 1 1 1 1 1 1 0 1 1 1 1 0 0 1 1 0 0 1 1 0 0 0 0 0 0 1 0 1 0
190	1	1 1 1 1 1 0 1 0 1 1 1 0 0 1 0 0 1 1 1 0 0 1 1 1 1 1 1 0 1 1 1 1 0 0 1 1 0 0 1 1 0 0 0 0 0 0 1 0 0 0
190	1	1 1 1 1 1 0 1 0 1 1 1 0 0 1 0 0 1 1 1 0 0 1 1 1 1 1 1 0 1 1 1 1 0 0 1 1 1 0 1 1 0 0 0 0 0 0 1 0 1 0
190	62	1 1 1 1 1 0 1 0 1 1 1 0 0 1 0 0 1 1 1 0 0 1 1 1 1 1 1 0 1 1 1 1 0 0 1 1 0 0 1 1 0 0 0 0 0 0 1 0 1 0
190	2	1 1 1 1 1 0 1 0 1 1 1 0 0 1 0 0 1 1 1 0 0 0 1 1 1 1 1 0 1 1 1 1 0 0 1 1 0 0 1 1 0 0 0 0 0 0 1 0 1 0
190	4	1 1 1 1 1 0 1 0 1 1 1 0 0 1 0 0 1 1 1 0 0 1 1 1 1 1 1 0 1 1 1 1 0 0 1 1 0 0 1 1 0 0 0 0 0 1 1 0 1 0
190	1	1 1 1 1 1 0 1 0 1 1 1 0 0 1 0 0 1 1 1 0 1 1 1 1 0 1 1 0 1 1 1 1 0 0 1 1 0 0 1 1 0 0 0 0 0 0 1 0 1 0
190	1	1 1 1 1 1 0 1 0 1 1 1 0 0 1 0 0 1 1 1 0 1 1 1 1 1 1 1 0 1 1 1 1 0 0 1 1 0 0 0 1 0 0 0 0 0 0 1 0 1 0
190	2	1 1 1 0 1 1 1 0 1 1 1 1 0 0 0 1 1 0 0 0 1 0 1 1 0 1 0 0 1 1 1 0 1 0 0 0 0 0 1 1 0 0 0 0 0 0 1 0 0 1
190	1	1 1 1 0 1 1 1 0 1 1 1 1 0 0 0 1 1 0 0 0 1 0 1 0 0 1 0 0 1 1 1 0 1 0 0 0 0 0 1 1 0 0 0 0 0 1 1 0 0 1
190	1	1 1 1 0 1 1 1 0 1 1 1 1 0 0 0 1 1 0 0 0 1 0 1 1 0 1 0 0 1 1 1 0 1 0 0 0 0 0 1 1 0 0 0 0 0 1 1 0 0 1
200	2	1 1 1 1 1 0 1 0 1 1 1 0 0 1 0 0 1 1 1 0 0 1 1 1 1 1 1 0 1 1 1 1 0 0 1 1 0 0 1 0 0 0 0 0 1 0 1 0 1 0
200	2	1 1 1 1 1 0 1 0 1 1 0 0 0 1 0 0 1 1 1 0 0 1 1 1 1 1 1 0 1 1 1 1 0 0 1 1 0 0 1 1 0 0 0 0 0 0 1 0 1 0
200	1	1 1 1 1 1 0 1 0 1 1 1 0 0 1 1 0 1 1 1 0 0 1 1 1 1 1 1 0 1 1 1 1 0 0 1 1 0 0 1 1 0 0 0 0 0 0 1 0 1 0
200	64	1 1 1 1 1 0 1 0 1 1 1 0 0 1 0 0 1 1 1 0 0 1 1 1 1 1 1 0 1 1 1 1 0 0 1 1 0 0 1 1 0 0 0 0 0 0 1 0 1 0
200	7	1 1 1 1 1 0 1 0 1 1 1 0 0 1 0 0 0 1 1 0 0 1 1 1 1 1 1 0 1 1 1 1 0 0 1 1 0 0 1 1 0 0 0 0 0 0 1 0 1 0
200	1	1 1 1 1 1 0 1 0 1 1 1 0 1 1 0 0 1 0 1 0 0 1 1 1 1 1 1 0 1 1 1 1 0 0 1 1 0 0 1 1 0 0 0 0 0 0 1 0 1 0
200	5	1 1 1 1 1 0 1 0 1 1 1 0 1 1 0 0 1 1 1 0 0 1 1 1 1 1 1 0 1 1 1 1 0 0 1 1 0 0 1 1 0 0 0 0 0 0 1 0 1 0
200	1	1 1 1 1 1 0 1 0 1 1 1 0 0 1 0 0 1 1 1 0 0 1 1 1 1 1 1 0 1 1 1 1 0 0 1 0 0 0 1 1 0 0 0 0 0 0 1 0 1 0
200	1	1 0 1 1 1 0 1 0 1 1 1 0 0 1 0 0 1 1 1 0 1 1 1 1 1 1 1 0 1 1 1 1 0 0 1 1 0 0 1 1 0 0 0 0 0 0 1 0 1 0
200	1	1 1 1 1 1 0 1 0 1 1 1 0 0 1 0 0 1 1 1 0 1 1 1 1 1 1 1 0 1 1 1 1 0 0 1 1 0 0 1 1 0 0 0 0 0 0 1 0 1 1
200	10	1 1 1 1 1 0 1 0 1 1 1 0 0 1 0 0 1 1 1 0 1 1 1 1 1 1 1 0 1 1 1 1 0 0 1 1 0 0 1 1 0 0 0 0 0 0 1 0 1 0
200	1	1 1 1 1 1 0 1 0 1 1 1 0 0 1 0 0 1 1 1 1 0 1 1 1 1 1 1 0 1 1 1 1 0 0 1 1 0 0 1 1 0 0 0 0 0 0 1 0 1 0
200	2	0 1 1 1 1 0 1 0 1 1 1 0 0 1 0 0 1 1 1 0 0 1 1 1 1 1 1 0 1 1 1 1 0 0 1 1 0 0 1 1 0 0 0 0 0 0 1 0 1 0
200	1	1 1 1 1 1 0 1 0 1 1 1 0 0 1 0 0 1 1 1 0 0 1 1 1 1 1 1 0 1 1 1 1 0 0 1 1 0 0 1 1 0 0 0 0 0 1 1 0 1 0
200	1	1 1 1 1 1 0 1 0 1 1 1 0 0 1 0 0 1 1 1 0 1 1 1 1 0 1 1 0 1 1 1 1 0 0 1 1 0 0 1 1 0 0 0 0 0 0 1 0 1 0
210	1	1 1 1 1 1 0 1 0 1 1 1 0 0 1 0 0 1 1 1 0 0 1 1 1 1 1 1 0 1 1 1 1 0 1 1 1 0 0 1 1 0 0 0 0 0 0 1 0 1 0
210	1	1 1 1 1 1 0 1 0 1 1 1 0 0 1 0 0 1 1 1 0 0 1 1 1 1 1 1 0 1 1 1 1 1 0 1 1 0 0 1 1 0 0 0 0 0 0 1 0 1 0
210	12	1 1 1 1 1 0 1 0 1 1 1 0 0 1 0 0 0 1 1 0 0 1 1 1 1 1 1 0 1 1 1 1 0 0 1 1 0 0 1 1 0 0 0 0 0 0 1 0 1 0
210	69	1 1 1 1 1 0 1 0 1 1 1 0 0 1 0 0 1 1 1 0 0 1 1 1 1 1 1 0 1 1 1 1 0 0 1 1 0 0 1 1 0 0 0 0 0 0 1 0 1 0
210	3	1 1 1 1 1 0 1 0 1 1 1 0 1 1 0 0 1 1 1 0 0 1 1 1 1 1 1 0 1 1 1 1 0 0 1 1 0 0 1 1 0 0 0 0 0 0 1 0 1 0
210	2	1 1 1 1 1 0 1 0 1 1 1 0 0 1 0 0 1 1 0 0 0 1 1 1 1 1 1 0 1 1 1 1 0 0 1 1 0 0 1 1 0 0 0 0 0 0 1 0 1 0
210	1	1 1 1 1 1 0 1 0 1 1 1 0 0 1 0 0 1 1 1 0 0 1 1 1 1 1 1 0 1 1 1 1 0 0 1 0 0 0 1 1 0 0 0 0 0 0 1 0 1 0
210	10	1 1 1 1 1 0 1 0 1 1 1 0 0 1 0 0 1 1 1 0 1 1 1 1 1 1 1 0 1 1 1 1 0 0 1 1 0 0 1 1 0 0 0 0 0 0 1 0 1 0
210	1	1 1 1 1 1 0 1 0 1 1 1 0 0 1 0 0 1 1 1 0 1 1 1 1 0 1 1 0 1 1 1 1 0 0 1 1 0 0 1 1 0 0 0 0 0 0 1 0 1 0
220	1	1 1 1 1 1 0 1 0 1 1 0 0 0 1 0 0 1 1 1 0 0 1 1 1 1 1 1 0 1 1 1 1 0 0 1 1 0 0 1 1 0 0 0 0 0 0 1 0 1 0
220	3	1 1 1 1 1 0 1 0 1 1 1 0 0 1 0 0 1 1 1 0 0 1 1 1 1 1 1 0 1 1 1 1 0 0 1 1 1 0 1 1 0 0 0 0 0 0 1 0 1 0
220	1	1 1 1 1 1 0 1 0 1 1 1 0 0 0 0 0 1 1 1 0 0 1 1 1 1 1 1 0 1 1 1 1 0 0 1 1 0 0 1 1 0 0 0 0 0 0 1 0 1 0
220	4	1 1 1 1 1 0 1 0 1 1 1 0 1 1 0 0 1 1 1 0 0 1 1 1 1 1 1 0 1 1 1 1 0 0 1 1 0 0 1 1 0 0 0 0 0 0 1 0 1 0
220	60	1 1 1 1 1 0 1 0 1 1 1 0 0 1 0 0 1 1 1 0 0 1 1 1 1 1 1 0 1 1 1 1 0 0 1 1 0 0 1 1 0 0 0 0 0 0 1 0 1 0
220	10	1 1 1 1 1 0 1 0 1 1 1 0 0 1 0 0 0 1 1 0 0 1 1 1 1 1 1 0 1 1 1 1 0 0 1 1 0 0 1 1 0 0 0 0 0 0 1 0 1 0
220	11	1 1 1 1 1 0 1 0 1 1 1 0 0 1 0 0 1 1 1 0 1 1 1 1 1 1 1 0 1 1 1 1 0 0 1 1 0 0 1 1 0 0 0 0 0 0 1 0 1 0
220	1	1 1 1 0 1 0 1 0 1 1 1 0 0 1 0 0 1 1 1 0 0 1 1 1 1 1 1 0 1 1 1 1 0 0 1 1 0 0 1 1 0 0 0 0 0 0 1 0 1 0
220	1	1 1 1 1 1 0 1 0 1 1 1 0 0 1 0 0 1 1 1 0 0 1 1 1 1 1 1 0 1 1 1 1 0 0 1 1 0 0 0 1 0 0 0 0 0 0 1 0 1 0
220	1	1 1 1 1 1 0 1 0 1 1 1 0 0 1 0 0 0 1 1 0 0 1 1 1 1 1 1 0 1 1 1 1 0 0 1 1 0 0 0 1 0 0 0 0 0 0 1 0 1 0
220	1	1 1 1 1 1 0 1 0 1 1 1 0 0 1 0 0 1 1 0 0 0 1 1 1 1 1 1 0 1 1 1 1 0 0 1 1 0 0 1 1 0 0 0 0 0 0 1 0 1 0
220	1	1 1 1 1 1 0 1 0 1 1 1 0 0 1 0 0 1 1 1 0 0 1 1 1 1 1 1 0 1 1 1 1 0 0 1 0 1 0 1 1 0 0 0 0 0 0 1 0 1 0
220	3	1 1 1 1 1 0 1 0 1 1 1 0 0 1 0 0 1 1 1 0 0 1 1 1 1 1 1 0 1 1 1 1 0 0 1 0 0 0 1 1 0 0 0 0 0 0 1 0 1 0
220	2	1 1 1 1 1 0 1 0 1 1 1 0 0 1 0 0 1 1 1 0 1 0 1 1 1 1 1 0 1 1 1 1 0 0 1 1 0 0 1 1 0 0 0 0 0 0 1 0 1 0
230	3	1 1 1 1 1 0 1 0 1 1 0 0 0 1 0 0 1 1 1 0 0 1 1 1 1 1 1 0 1 1 1 1 0 0 1 1 0 0 1 1 0 0 0 0 0 0 1 0 1 0
230	3	1 1 1 1 1 0 1 0 1 1 1 0 0 1 0 0 1 1 1 0 0 1 1 1 1 1 1 0 1 1 1 1 0 1 1 1 0 0 1 1 0 0 0 0 0 0 1 0 1 0
230	5	1 1 1 1 1 0 1 0 1 1 1 0 1 1 0 0 1 1 1 0 0 1 1 1 1 1 1 0 1 1 1 1 0 0 1 1 0 0 1 1 0 0 0 0 0 0 1 0 1 0
230	1	1 1 1 1 1 0 1 0 1 1 1 0 0 1 0 0 1 1 1 0 0 1 1 1 1 1 1 0 1 0 1 1 0 0 1 1 0 0 1 1 0 0 0 0 0 0 1 0 1 0
230	12	1 1 1 1 1 0 1 0 1 1 1 0 0 1 0 0 0 1 1 0 0 1 1 1 1 1 1 0 1 1 1 1 0 0 1 1 0 0 1 1 0 0 0 0 0 0 1 0 1 0
230	2	1 1 1 1 1 0 1 0 1 1 1 0 0 1 0 0 1 1 0 0 0 1 1 1 1 1 1 0 1 1 1 1 0 0 1 1 0 0 1 1 0 0 0 0 0 0 1 0 1 0
230	53	1 1 1 1 1 0 1 0 1 1 1 0 0 1 0 0 1 1 1 0 0 1 1 1 1 1 1 0 1 1 1 1 0 0 1 1 0 0 1 1 0 0 0 0 0 0 1 0 1 0
230	2	1 1 1 1 1 0 1 1 1 1 1 0 0 1 0 0 1 1 1 0 1 1 1 1 1 1 1 0 1 1 1 1 0 0 1 1 0 0 1 1 0 0 0 0 0 0 1 0 1 0
230	10	1 1 1 1 1 0 1 0 1 1 1 0 0 1 0 0 1 1 1 0 1 1 1 1 1 1 1 0 1 1 1 1 0 0 1 1 0 0 1 1 0 0 0 0 0 0 1 0 1 0
230	3	1 1 1 1 1 0 1 0 1 1 1 0 0 1 0 0 1 1 1 0 0 1 1 1 1 1 1 0 1 1 1 1 0 0 1 0 0 0 1 1 0 0 0 0 0 0 1 0 1 0
230	2	1 1 1 1 1 0 1 0 1 1 1 0 0 1 0 0 1 1 1 0 1 0 1 1 1 1 1 0 1 1 1 1 0 0 1 1 0 0 1 1 0 0 0 0 0 0 1 0 1 0
230	2	1 1 1 1 1 0 1 0 1 1 1 0 0 1 0 0 1 1 1 0 1 1 1 1 0 0 1 0 1 1 1 1 0 0 1 1 0 0 1 1 0 0 0 0 0 0 1 0 1 0
230	2	1 1 1 1 1 0 1 0 1 1 1 0 0 1 0 0 1 1 1 0 1 1 1 1 0 1 1 0 1 1 1 1 0 0 1 1 0 0 1 1 0 0 0 0 0 0 1 0 1 0
240	3	1 1 1 1 1 0 1 0 1 1 1 0 0 1 0 0 1 1 1 0 0 1 1 1 1 1 1 0 1 1 1 1 0 1 1 1 0 0 1 1 0 0 0 0 0 0 1 0 1 0
240	2	1 1 1 1 1 0 1 0 1 1 1 0 0 1 0 0 1 1 1 0 0 1 1 1 1 1 1 0 1 1 1 1 0 0 1 1 1 0 1 1 0 0 0 0 0 0 1 0 1 0
240	4	1 1 1 1 1 0 1 0 1 1 1 0 1 1 0 0 1 1 1 0 0 1 1 1 1 1 1 0 1 1 1 1 0 0 1 1 0 0 1 1 0 0 0 0 0 0 1 0 1 0
240	1	1 1 1 1 1 0 1 0 1 1 1 0 0 1 1 0 1 1 1 0 0 0 1 1 1 1 1 0 1 1 1 1 0 0 1 1 0 0 1 1 0 0 0 0 0 0 1 0 1 0
240	8	1 1 1 1 1 0 1 0 1 1 1 0 0 1 0 0 0 1 1 0 0 1 1 1 1 1 1 0 1 1 1 1 0 0 1 1 0 0 1 1 0 0 0 0 0 0 1 0 1 0
240	4	1 1 1 1 1 0 1 0 1 1 1 0 0 1 0 0 1 1 0 0 0 1 1 1 1 1 1 0 1 1 1 1 0 0 1 1 0 0 1 1 0 0 0 0 0 0 1 0 1 0
240	3	1 1 1 1 1 0 1 0 1 1 1 0 0 1 0 0 1 1 1 0 0 1 0 1 1 1 1 0 1 1 1 1 0 0 1 1 0 0 1 1 0 0 0 0 0 0 1 0 1 0
240	1	1 1 1 1 1 0 1 1 1 1 1 0 0 1 0 0 1 1 1 0 0 1 1 1 1 1 1 0 1 1 1 1 0 0 1 1 0 0 1 1 0 0 0 0 0 0 1 0 1 0
240	10	1 1 1 1 1 0 1 0 1 1 1 0 0 1 0 0 1 1 1 0 1 1 1 1 1 1 1 0 1 1 1 1 0 0 1 1 0 0 1 1 0 0 0 0 0 0 1 0 1 0
240	2	1 1 1 1 1 0 1 0 1 1 1 1 0 1 0 0 1 1 1 0 0 1 1 1 1 1 1 0 1 1 1 1 0 0 1 0 0 0 1 1 0 0 0 0 0 0 1 0 1 0
240	2	1 1 1 1 1 0 1 0 1 1 1 0 0 1 0 0 1 1 1 0 0 1 1 1 1 1 1 0 1 1 1 1 0 0 1 0 0 0 1 1 0 0 0 0 0 0 1 0 1 0
240	1	1 1 1 1 1 0 1 0 1 1 1 0 0 1 0 0 1 1 1 0 0 1 1 1 1 1 1 0 1 1 1 1 0 0 1 1 0 0 1 0 0 0 0 0 0 0 1 0 1 0
240	1	1 1 1 1 0 0 1 0 1 1 1 0 0 1 0 0 1 1 1 0 0 1 1 1 1 1 1 0 1 1 1 1 0 0 1 1 0 0 1 1 0 0 0 0 0 0 1 0 1 0
240	57	1 1 1 1 1 0 1 0 1 1 1 0 0 1 0 0 1 1 1 0 0 1 1 1 1 1 1 0 1 1 1 1 0 0 1 1 0 0 1 1 0 0 0 0 0 0 1 0 1 0
240	1	1 1 1 1 1 0 1 1 1 1 0 0 0 1 0 0 1 1 1 0 1 1 1 1 1 1 1 0 1 1 1 1 0 0 1 1 0 0 1 1 0 0 0 0 0 0 1 0 1 0
250	2	1 1 1 1 1 0 1 0 1 1 1 0 0 1 0 0 1 1 1 0 0 1 1 1 1 1 1 0 1 1 1 1 0 1 1 1 0 0 1 1 0 0 0 0 0 0 1 0 1 0
250	1	1 1 1 1 1 0 1 0 1 1 1 0 1 1 0 0 1 1 1 0 0 1 1 1 1 1 1 0 1 1 1 1 0 0 1 1 0 0 1 1 0 0 0 0 0 0 1 0 1 0
250	2	1 1 0 1 1 0 1 0 1 1 1 0 0 1 0 0 0 1 1 0 0 1 1 1 1 1 1 0 1 1 1 1 0 0 1 1 0 0 1 1 0 0 0 0 0 0 1 0 1 0
250	4	1 1 1 1 1 0 1 0 1 1 1 0 0 1 0 0 0 1 1 0 0 1 1 1 1 1 1 0 1 1 1 1 0 0 1 1 0 0 1 1 0 0 0 0 0 0 1 0 1 0
250	13	1 1 1 1 1 0 1 0 1 1 1 0 0 1 0 0 1 1 0 0 0 1 1 1 1 1 1 0 1 1 1 1 0 0 1 1 0 0 1 1 0 0 0 0 0 0 1 0 1 0
250	3	1 1 1 1 1 0 1 0 1 1 1 0 0 1 0 0 1 1 1 0 0 1 0 1 1 1 1 0 1 1 1 1 0 0 1 1 0 0 1 1 0 0 0 0 0 0 1 0 1 0
250	1	1 1 1 1 1 0 1 1 1 1 1 0 0 1 0 0 1 1 1 0 0 1 1 1 1 1 1 0 1 1 1 1 0 0 1 1 0 0 1 1 0 0 0 0 0 0 1 0 1 0
250	11	1 1 1 1 1 0 1 0 1 1 1 0 0 1 0 0 1 1 1 0 1 1 1 1 1 1 1 0 1 1 1 1 0 0 1 1 0 0 1 1 0 0 0 0 0 0 1 0 1 0
250	1	1 1 1 1 1 0 1 0 1 1 1 0 0 1 0 0 1 1 1 0 0 1 1 1 1 1 1 1 1 1 1 1 0 0 1 0 0 0 1 1 0 0 0 0 0 0 1 0 1 0
250	5	1 1 1 1 1 0 1 0 1 1 1 0 0 1 0 0 1 1 1 0 0 1 1 1 1 1 1 0 1 1 1 1 0 0 1 0 0 0 1 1 0 0 0 0 0 0 1 0 1 0
250	1	1 1 1 1 1 0 1 0 1 1 1 0 0 1 0 0 1 1 1 0 0 1 1 1 0 1 1 0 1 1 1 1 0 0 1 1 0 0 1 1 0 0 0 0 0 0 1 0 1 0
250	1	1 1 1 1 1 0 1 0 1 1 1 0 0 1 0 0 1 1 1 0 0 1 1 1 1 1 0 0 1 1 1 1 0 0 1 1 0 0 1 1 0 0 0 0 0 0 1 0 1 0
250	1	1 1 1 1 1 0 1 0 1 1 1 0 0 1 0 0 1 1 1 0 0 1 1 1 1 1 1 0 1 1 1 1 0 0 1 1 0 0 0 1 0 0 0 0 0 0 1 0 1 0
250	39	1 1 1 1 1 0 1 0 1 1 1 0 0 1 0 0 1 1 1 0 0 1 1 1 1 1 1 0 1 1 1 1 0 0 1 1 0 0 1 1 0 0 0 0 0 0 1 0 1 0
250	8	1 1 1 1 1 0 1 1 1 1 1 0 0 1 0 0 1 1 1 0 1 1 1 1 1 1 1 0 1 1 1 1 0 0 1 1 0 0 1 1 0 0 0 0 0 0 1 0 1 0
250	7	1 1 1 1 1 0 1 0 1 1 1 0 0 1 0 0 1 1 1 0 1 0 1 1 1 1 1 0 1 1 1 1 0 0 1 1 0 0 1 1 0 0 0 0 0 0 1 0 1 0
260	5	1 1 1 1 1 0 1 0 1 1 1 0 0 1 0 0 1 1 1 0 0 1 1 1 1 1 1 0 1 1 1 1 0 1 1 1 0 0 1 1 0 0 0 0 0 0 1 0 1 0
260	2	1 1 1 1 1 0 1 0 1 1 1 0 1 1 0 0 1 1 1 0 0 1 1 1 1 1 1 0 1 1 1 1 0 0 1 1 0 0 1 1 1 0 0 0 0 0 1 0 1 0
260	9	1 1 1 1 1 0 1 0 1 1 1 0 1 1 0 0 1 1 1 0 0 1 1 1 1 1 1 0 1 1 1 1 0 0 1 1 0 0 1 1 0 0 0 0 0 0 1 0 1 0
260	3	1 1 1 1 1 0 1 0 1 1 1 0 0 1 0 0 0 1 1 0 0 1 1 1 1 1 1 0 1 1 1 1 0 0 1 1 0 0 1 1 0 0 0 0 0 0 1 0 1 0
260	2	1 1 1 1 1 0 1 0 1 1 1 0 0 1 0 0 1 1 0 0 0 1 1 1 1 1 1 0 1 1 1 1 0 0 1 1 0 0 1 1 0 0 0 0 0 0 1 0 1 0
260	1	1 1 1 1 1 0 1 1 1 1 1 0 0 1 0 0 1 1 1 0 0 1 1 1 1 1 1 0 1 1 1 1 0 0 1 1 0 0 1 1 0 0 0 0 0 0 1 0 1 0
260	3	1 1 1 1 1 0 1 0 1 1 1 0 0 1 0 0 1 1 1 0 1 1 1 1 1 1 1 0 1 1 1 1 0 0 1 1 0 0 1 1 0 0 0 0 0 0 1 0 1 0
260	1	0 1 1 1 1 0 1 0 1 1 1 0 0 1 0 0 1 1 1 0 0 1 1 1 1 1 1 0 1 1 1 1 0 0 1 1 0 0 1 1 0 0 0 0 0 0 1 0 1 0
260	3	1 1 1 1 1 0 1 0 1 1 1 0 0 1 0 0 1 1 1 0 0 1 1 1 1 1 1 0 1 1 1 1 0 0 1 0 0 0 1 1 0 0 0 0 0 0 1 0 0 0
260	3	1 1 1 1 1 0 1 0 1 1 1 0 0 1 0 0 1 1 1 0 0 1 1 1 1 1 1 0 1 1 1 1 0 0 1 0 0 0 1 1 0 0 0 0 0 0 1 0 1 0
260	2	1 1 1 1 1 0 1 0 1 1 1 0 0 1 0 0 1 1 1 0 0 1 1 1 1 1 0 0 1 1 1 1 0 0 1 1 0 0 1 1 0 0 0 0 0 0 1 0 1 0
260	2	1 1 1 1 1 0 1 0 1 1 1 0 0 1 0 0 1 1 1 0 0 1 1 1 1 1 1 0 1 1 1 1 0 0 1 1 0 0 0 1 0 0 0 0 0 0 1 0 1 0
260	1	1 1 1 1 1 0 1 0 1 1 1 0 0 1 0 0 1 1 1 1 0 1 1 1 1 1 1 0 1 1 1 1 0 0 1 1 0 0 1 1 0 0 0 0 0 0 1 0 1 0
260	2	1 1 1 1 1 0 1 0 0 1 1 0 0 1 0 0 1 1 1 0 0 1 1 1 1 1 1 0 1 1 1 1 0 0 1 1 0 0 1 1 0 0 0 0 0 0 1 0 1 0
260	25	1 1 1 1 1 0 1 0 1 1 1 0 0 1 0 0 1 1 1 0 0 1 1 1 1 1 1 0 1 1 1 1 0 0 1 1 0 0 1 1 0 0 0 0 0 0 1 0 1 0
260	3	1 1 1 1 1 0 1 1 1 1 0 0 0 1 0 0 1 1 1 0 1 1 1 1 1 1 1 0 1 1 1 1 0 0 1 1 0 0 1 1 0 0 0 0 0 0 1 0 1 0
260	1	1 1 1 1 1 0 1 1 1 1 1 0 0 1 0 0 1 1 1 0 1 1 1 1 1 1 1 0 1 1 1 1 0 0 1 1 0 0 1 1 0 0 0 1 0 0 1 0 1 0
260	1	1 1 1 1 1 0 1 1 1 1 1 0 0 1 0 0 1 1 1 0 1 1 1 1 1 1 1 0 1 1 1 1 0 0 1 1 0 0 1 1 0 1 0 0 0 0 1 0 1 0
260	1	1 0 1 1 1 0 1 1 1 1 1 0 0 1 0 0 1 1 1 0 1 1 1 1 1 1 1 0 1 1 1 1 0 0 1 1 0 0 1 1 0 0 0 0 0 0 1 0 1 0
260	11	1 1 1 1 1 0 1 1 1 1 1 0 0 1 0 0 1 1 1 0 1 1 1 1 1 1 1 0 1 1 1 1 0 0 1 1 0 0 1 1 0 0 0 0 0 0 1 0 1 0
260	1	1 1 1 1 1 0 1 0 1 0 1 0 0 1 0 0 1 1 1 0 1 0 1 1 1 1 1 0 1 1 1 1 0 1 1 1 0 0 1 1 0 0 0 0 0 0 1 0 1 0
260	16	1 1 1 1 1 0 1 0 1 1 1 0 0 1 0 0 1 1 1 0 1 0 1 1 1 1 1 0 1 1 1 1 0 0 1 1 0 0 1 1 0 0 0 0 0 0 1 0 1 0
260	2	1 1 1 1 1 0 1 0 1 1 1 0 0 1 0 0 1 1 1 0 1 0 1 1 1 1 1 0 1 1 1 1 0 1 1 1 0 0 1 1 0 0 0 0 0 0 1 0 1 0
270	2	1 1 1 1 1 0 1 0 1 1 1 0 0 1 0 0 1 1 1 0 0 1 1 1 1 1 1 0 1 1 1 1 0 1 1 1 0 0 1 1 0 0 0 0 0 0 1 0 1 0
270	2	1 1 1 1 1 0 1 0 1 1 1 0 1 1 0 0 1 1 1 0 0 1 1 1 1 1 1 0 1 1 1 1 0 0 1 1 0 0 1 1 0 0 0 1 0 0 1 0 1 0
270	1	1 1 1 1 1 0 1 0 1 1 1 0 1 1 0 0 1 1 1 0 0 1 1 1 1 1 1 0 1 1 1 1 0 0 1 1 0 0 1 1 1 0 0 0 0 0 1 0 1 0
270	5	1 1 1 1 1 0 1 0 1 1 1 0 1 1 0 0 1 1 1 0 0 1 1 1 1 1 1 0 1 1 1 1 0 0 1 1 0 0 1 1 0 0 0 0 0 0 1 0 1 0
270	1	1 1 1 1 1 0 1 0 1 1 1 0 0 0 0 0 0 1 1 0 0 1 1 1 1 1 1 0 1 1 1 1 0 0 1 1 0 0 1 1 0 0 0 0 0 0 1 0 1 0
270	6	1 1 1 1 1 0 1 0 1 1 1 0 0 1 0 0 0 1 1 0 0 1 1 1 1 1 1 0 1 1 1 1 0 0 1 1 0 0 1 1 0 0 0 0 0 0 1 0 1 0
270	2	1 1 1 1 1 0 1 0 1 1 1 0 0 1 0 0 1 1 1 0 0 1 0 1 1 1 1 0 1 1 1 1 0 0 1 1 0 0 1 1 0 0 0 0 0 0 1 0 1 0
270	3	1 1 1 1 1 0 1 1 1 1 1 0 0 1 0 0 1 1 1 0 0 1 1 1 1 1 1 0 1 1 1 1 0 0 1 1 0 0 1 1 0 0 0 0 0 0 1 0 1 0
270	6	1 1 1 1 1 0 1 0 1 1 1 0 0 1 0 0 1 1 1 0 1 1 1 1 1 1 1 0 1 1 1 1 0 0 1 1 0 0 1 1 0 0 0 0 0 0 1 0 1 0
270	1	0 1 1 1 1 0 1 0 1 1 1 0 0 1 0 0 1 1 1 0 0 1 1 1 1 1 1 0 1 1 1 1 0 0 1 1 0 0 1 1 0 0 0 0 0 0 1 0 1 0
270	1	1 1 1 1 1 0 1 0 1 1 1 0 0 1 0 0 1 1 1 0 0 1 1 1 1 1 1 0 1 0 1 1 0 0 1 0 0 0 1 1 0 0 0 0 0 0 1 0 0 0
270	2	1 1 1 1 1 0 1 0 1 1 1 0 0 1 0 0 1 1 1 0 0 1 1 1 1 1 1 0 1 1 1 1 0 0 1 0 0 0 1 1 0 0 0 0 0 0 1 0 0 0
270	3	1 1 1 1 1 0 1 0 1 1 1 0 0 1 0 0 1 1 1 0 0 1 1 1 1 1 1 0 1 1 1 1 0 0 1 0 0 0 1 1 0 0 0 0 0 0 1 0 1 0
270	1	1 1 1 1 1 0 1 0 1 1 1 0 0 1 0 0 1 1 1 0 0 1 1 1 1 1 1 0 1 1 1 1 1 0 1 1 0 0 1 1 0 0 0 0 0 0 1 0 1 0
270	11	1 1 1 1 1 0 1 0 1 1 1 0 0 1 0 0 1 1 1 0 0 1 1 1 1 1 0 0 1 1 1 1 0 0 1 1 0 0 1 1 0 0 0 0 0 0 1 0 1 0
270	1	1 1 1 1 1 0 1 0 1 1 1 0 0 1 0 0 1 1 1 0 0 1 1 1 1 1 1 0 1 1 1 1 0 0 1 1 0 0 0 1 0 0 0 0 0 0 1 0 1 0
270	1	1 1 1 1 1 0 1 0 1 1 1 0 0 1 0 0 1 1 1 0 0 1 1 1 1 1 1 0 1 1 1 1 0 0 1 1 0 0 1 1 0 0 0 0 1 0 1 0 1 0
270	1	1 1 1 1 1 0 1 0 1 1 1 0 0 1 0 0 1 1 1 0 0 1 1 1 1 1 1 0 1 0 1 1 0 0 1 1 0 0 1 1 0 0 0 0 0 0 1 0 1 0
270	28	1 1 1 1 1 0 1 0 1 1 1 0 0 1 0 0 1 1 1 0 0 1 1 1 1 1 1 0 1 1 1 1 0 0 1 1 0 0 1 1 0 0 0 0 0 0 1 0 1 0
270	1	1 1 1 1 1 0 1 1 1 1 0 0 0 1 0 0 1 1 1 0 1 1 1 1 1 1 1 0 1 1 1 1 0 0 1 1 0 0 1 1 0 0 0 0 0 0 1 0 1 0
270	1	1 1 1 1 1 0 1 1 1 1 1 0 0 1 0 0 1 1 1 0 1 1 1 1 1 1 1 0 1 1 1 1 0 0 1 1 0 0 1 1 0 0 0 1 0 0 1 0 1 0
270	9	1 1 1 1 1 0 1 1 1 1 1 0 0 1 0 0 1 1 1 0 1 1 1 1 1 1 1 0 1 1 1 1 0 0 1 1 0 0 1 1 0 0 0 0 0 0 1 0 1 0
270	5	1 1 1 1 1 0 1 0 1 1 1 0 0 1 0 0 1 1 1 0 1 0 1 1 1 1 1 0 1 1 1 1 0 0 1 1 0 0 1 1 0 0 0 0 0 0 1 0 1 0
270	6	1 1 1 1 1 0 1 0 1 1 1 0 0 1 0 0 1 1 1 0 1 0 1 1 1 1 1 0 1 1 1 1 0 1 1 1 0 0 1 1 0 0 0 0 0 0 1 0 1 0
280	1	1 1 1 1 1 0 1 0 1 1 1 0 0 1 0 0 1 1 1 0 0 1 1 1 1 1 1 0 1 1 1 1 0 1 1 1 0 0 1 1 0 0 0 0 0 0 1 0 1 0
280	1	1 1 1 1 1 0 1 1 1 1 1 0 1 1 0 0 1 1 1 0 0 1 1 1 1 1 1 0 1 1 1 1 0 0 1 1 0 0 1 1 0 0 0 0 0 0 1 0 1 0
280	3	1 1 1 1 1 0 1 1 1 1 1 0 0 1 0 0 1 1 1 0 0 1 1 1 1 1 1 0 1 1 1 1 0 0 1 1 0 0 1 1 0 0 0 0 0 0 1 0 1 0
280	24	1 1 1 1 1 0 1 0 1 1 1 0 0 1 0 0 1 1 1 0 0 1 1 1 1 1 1 0 1 1 1 1 0 0 1 1 0 0 1 1 0 0 0 0 0 0 1 0 1 0
280	1	1 1 1 1 1 0 1 0 1 1 1 0 1 1 0 0 1 1 1 0 0 1 1 1 1 1 1 0 1 1 1 1 0 0 1 1 0 0 1 1 0 0 0 0 0 0 1 0 1 0
280	1	1 1 1 1 1 0 1 0 1 1 1 0 0 1 0 1 0 1 1 0 0 1 1 1 1 1 1 0 1 1 1 1 0 0 1 1 0 0 1 1 0 0 0 0 0 0 1 0 1 0
280	8	1 1 1 1 1 0 1 0 1 1 1 0 0 1 0 0 0 1 1 0 0 1 1 1 1 1 1 0 1 1 1 1 0 0 1 1 0 0 1 1 0 0 0 0 0 0 1 0 1 0
280	1	1 1 1 1 1 0 1 0 1 1 1 0 0 1 0 0 1 1 1 0 0 1 0 1 1 0 1 0 1 1 1 1 0 0 1 1 0 0 1 1 0 0 0 0 0 0 1 0 1 0
280	4	1 1 1 1 1 0 1 0 1 1 1 0 0 1 0 0 1 1 1 0 1 1 1 1 1 1 1 0 1 1 1 1 0 0 1 1 0 0 1 1 0 0 0 0 0 0 1 0 1 0
280	1	1 1 1 1 1 0 1 0 1 1 1 0 0 1 0 0 1 1 1 0 0 1 1 1 1 1 1 0 1 1 1 1 0 0 1 0 0 0 1 1 0 0 0 0 0 0 1 0 0 1
280	5	1 1 1 1 1 0 1 0 1 1 1 0 0 1 0 0 1 1 1 0 0 1 1 1 1 1 1 0 1 1 1 1 0 0 1 0 0 0 1 1 0 0 0 0 0 0 1 0 0 0
280	1	1 1 1 1 1 0 1 0 1 1 1 0 0 1 0 0 1 1 1 0 0 1 1 1 1 1 1 0 1 1 1 1 0 0 1 0 0 0 1 1 0 0 0 0 0 0 1 0 1 0
280	1	1 1 1 1 1 0 1 0 1 1 1 0 0 1 0 0 1 1 1 0 0 1 1 1 0 1 1 0 1 1 1 1 0 0 1 1 0 0 1 1 0 0 0 0 0 0 1 0 1 0
280	3	1 1 1 1 1 0 1 0 1 1 1 0 0 1 0 0 1 1 1 0 0 1 1 1 1 1 1 0 1 1 1 1 1 0 1 1 0 0 1 1 0 0 0 0 0 0 1 0 1 0
280	5	1 1 1 1 1 0 1 0 1 1 1 0 0 1 0 0 1 1 1 0 0 1 1 1 1 1 0 0 1 1 1 1 0 0 1 1 0 0 1 1 0 0 0 0 0 0 1 0 1 0
280	1	1 1 1 1 1 0 1 0 1 1 1 0 0 1 0 0 1 1 1 0 0 1 1 1 1 1 1 0 1 1 1 1 0 0 1 1 0 0 0 1 0 0 0 0 0 0 1 0 1 0
280	3	1 1 1 1 1 0 1 0 1 1 1 0 0 1 0 1 1 1 1 0 0 1 1 1 1 1 1 0 1 1 1 1 0 0 1 1 0 0 1 1 0 0 0 0 0 0 1 0 1 0
280	3	1 1 1 1 1 0 1 1 1 1 0 0 0 1 0 0 0 1 1 0 1 1 1 1 1 1 1 0 1 1 1 1 0 0 0 1 0 0 1 1 0 0 0 0 0 0 1 0 1 0
280	3	1 1 1 1 1 0 1 1 1 1 0 0 0 1 0 0 0 1 1 0 1 1 1 1 1 1 1 0 1 1 1 1 0 0 1 1 0 0 1 1 0 0 0 0 0 0 1 0 1 0
280	5	1 1 1 1 1 0 1 1 1 1 0 0 0 1 0 0 1 1 1 0 1 1 1 1 1 1 1 0 1 1 1 1 0 0 1 1 0 0 1 1 0 0 0 0 0 0 1 0 1 0
280	1	1 1 1 1 1 0 1 0 1 1 1 0 0 1 0 0 1 1 1 0 1 0 1 1 1 1 1 0 1 1 1 1 0 0 1 0 0 0 1 1 0 0 0 0 0 0 1 0 1 0
280	8	1 1 1 1 1 0 1 0 1 1 1 0 0 1 0 0 1 1 1 0 1 0 1 1 1 1 1 0 1 1 1 1 0 0 1 1 0 0 1 1 0 0 0 0 0 0 1 0 1 0
280	6	1 1 1 1 1 0 1 1 1 1 1 0 0 1 0 0 1 1 1 0 1 0 1 1 1 1 1 0 1 1 1 1 0 0 1 1 0 0 1 1 0 0 0 0 0 0 1 0 1 0
280	1	1 1 1 1 1 0 1 1 1 1 1 0 0 1 0 0 1 1 1 0 1 1 1 1 1 1 1 0 1 1 1 1 0 0 1 1 0 0 1 1 1 0 0 0 0 0 1 0 1 0
280	8	1 1 1 1 1 0 1 1 1 1 1 0 0 1 0 0 1 1 1 0 1 1 1 1 1 1 1 0 1 1 1 1 0 0 1 1 0 0 1 1 0 0 0 0 0 0 1 0 1 0
280	1	1 1 1 1 1 0 1 0 1 1 1 0 0 1 0 0 1 1 1 0 1 0 1 1 1 1 1 0 1 1 1 1 0 1 1 1 0 0 1 1 0 0 0 0 0 0 1 0 1 0
290	1	1 1 1 1 1 0 1 0 1 1 1 0 0 1 0 0 1 1 1 0 0 1 1 1 1 1 1 0 1 1 1 1 0 1 1 1 0 0 1 1 0 0 0 0 0 0 1 0 1 0
290	8	1 1 1 1 1 0 1 1 1 1 1 0 0 1 0 0 1 1 1 0 0 1 1 1 1 1 1 0 1 1 1 1 0 0 1 1 0 0 1 1 0 0 0 0 0 0 1 0 1 0
290	1	1 1 1 1 1 0 1 0 1 1 1 0 0 1 0 0 1 1 1 0 0 1 1 0 1 1 1 0 1 1 1 1 0 0 1 1 0 0 1 1 0 0 0 0 0 0 1 0 1 0
290	1	1 1 1 1 1 0 1 0 1 1 1 0 0 1 0 0 0 1 1 0 0 1 1 1 1 1 1 0 1 1 1 1 0 0 1 1 0 0 1 1 0 0 0 0 0 0 1 0 1 0
290	1	1 1 1 1 1 0 1 0 1 1 1 0 0 1 0 0 1 1 1 0 0 1 1 1 0 1 1 0 1 1 1 1 0 0 1 1 0 0 1 1 0 0 0 0 0 0 1 0 1 0
290	2	1 1 1 1 1 0 1 0 1 1 1 0 0 1 0 0 1 1 1 0 0 1 1 1 1 1 1 0 1 1 1 1 1 0 1 1 0 0 1 1 0 0 0 0 0 0 1 0 1 0
290	1	1 1 1 1 1 0 1 0 1 1 1 0 0 1 0 0 1 1 1 0 1 1 1 1 1 1 1 0 1 1 1 1 0 0 1 1 0 0 1 1 0 0 0 0 0 0 1 0 1 0
290	25	1 1 1 1 1 0 1 0 1 1 1 0 0 1 0 0 1 1 1 0 0 1 1 1 1 1 1 0 1 1 1 1 0 0 1 1 0 0 1 1 0 0 0 0 0 0 1 0 1 0
290	1	1 1 1 1 1 0 1 0 1 1 1 0 0 1 0 1 0 1 1 0 0 1 1 1 1 1 1 0 1 1 1 1 0 0 1 1 0 0 1 1 0 0 0 0 0 0 1 0 1 0
290	1	1 1 1 1 1 0 1 0 1 1 1 0 0 1 0 0 1 1 1 0 0 1 0 1 1 1 1 0 1 1 1 1 0 0 1 1 0 0 1 1 0 0 0 0 0 0 1 0 1 0
290	1	1 1 1 1 1 0 1 0 1 1 1 0 0 1 0 0 1 1 1 0 0 1 1 1 1 1 1 0 1 1 1 1 0 0 1 0 0 0 1 1 0 0 0 0 0 0 1 0 1 0
290	5	1 1 1 1 1 0 1 0 1 1 1 0 0 1 0 0 1 1 1 0 0 1 1 1 1 1 1 0 1 1 1 1 0 0 1 0 0 0 1 1 0 0 0 0 0 0 1 0 0 0
290	6	1 1 1 1 1 0 1 0 1 1 1 0 0 1 0 0 1 1 1 0 0 1 1 1 1 1 0 0 1 1 1 1 0 0 1 1 0 0 1 1 0 0 0 0 0 0 1 0 1 0
290	3	1 1 1 1 1 0 1 0 1 1 1 0 0 1 0 0 1 1 1 0 0 1 1 1 1 1 1 0 1 1 1 1 0 0 1 1 0 0 0 1 0 0 0 0 0 0 1 0 1 0
290	7	1 1 1 1 1 0 1 0 1 1 1 0 0 1 0 1 1 1 1 0 0 1 1 1 1 1 1 0 1 1 1 1 0 0 1 1 0 0 1 1 0 0 0 0 0 0 1 0 1 0
290	1	1 1 1 1 1 0 1 0 1 1 1 0 0 1 0 0 1 1 1 0 0 1 1 1 1 1 1 0 1 1 1 1 0 0 1 1 0 0 1 1 0 0 0 1 0 0 1 0 1 0
290	3	1 1 1 1 1 0 1 1 1 1 0 0 0 1 0 0 0 1 1 0 1 1 1 1 1 1 1 0 1 1 1 1 0 0 0 1 0 0 1 1 0 0 0 0 0 0 1 0 1 0
290	3	1 1 1 1 1 0 1 1 1 1 0 0 0 1 0 0 0 1 1 0 1 1 1 1 1 1 1 0 1 1 1 1 0 0 1 1 0 0 1 1 0 0 0 0 0 0 1 0 1 0
290	1	1 1 1 1 1 0 1 1 1 1 0 0 0 1 0 0 1 1 1 0 1 1 1 1 1 1 1 0 1 1 1 1 0 0 1 1 0 0 1 1 0 0 0 0 0 0 1 0 1 0
290	6	1 1 1 1 1 0 1 0 1 1 1 0 0 1 0 0 1 1 1 0 1 0 1 1 1 1 1 0 1 1 1 1 0 0 1 1 0 0 1 1 0 0 0 0 0 0 1 0 1 0
290	7	1 1 1 1 1 0 1 1 1 1 1 0 0 1 0 0 1 1 1 0 1 0 1 1 1 1 1 0 1 1 1 1 0 0 1 1 0 0 1 1 0 0 0 0 0 0 1 0 1 0
290	2	1 1 1 1 1 0 1 1 1 1 1 0 0 1 0 0 1 1 0 0 1 1 1 1 1 1 1 0 1 1 1 1 0 0 1 1 0 0 1 1 0 0 0 0 0 0 1 0 1 0
290	1	1 1 1 1 1 1 1 1 1 1 1 0 0 1 0 0 1 1 1 0 1 1 1 1 1 1 1 0 1 1 1 1 0 0 1 1 0 0 1 1 0 0 0 0 0 0 1 0 1 0
290	2	1 1 1 1 1 0 1 1 1 1 1 0 0 1 0 0 1 1 1 0 1 1 1 1 1 1 1 0 1 1 1 1 0 0 1 1 0 1 1 1 0 0 0 0 0 0 1 0 1 0
290	7	1 1 1 1 1 0 1 1 1 1 1 0 0 1 0 0 1 1 1 0 1 1 1 1 1 1 1 0 1 1 1 1 0 0 1 1 0 0 1 1 0 0 0 0 0 0 1 0 1 0
290	3	1 1 1 1 1 0 1 0 1 1 1 0 0 1 0 0 1 1 1 0 1 0 1 1 1 1 1 0 1 1 1 1 0 1 1 1 0 0 1 1 0 0 0 0 0 0 1 0 1 0
300	1	1 1 1 1 1 0 1 0 1 1 1 0 0 1 0 0 1 1 1 0 0 1 1 1 1 1 1 0 1 1 1 1 0 1 1 1 0 0 1 1 0 0 0 0 0 0 1 0 1 0
300	4	1 1 1 1 1 0 1 1 1 1 1 0 1 1 0 0 1 1 1 0 0 1 1 1 1 1 1 0 1 1 1 1 0 0 1 1 0 0 1 1 0 0 0 0 0 0 1 0 1 0
300	11	1 1 1 1 1 0 1 1 1 1 1 0 0 1 0 0 1 1 1 0 0 1 1 1 1 1 1 0 1 1 1 1 0 0 1 1 0 0 1 1 0 0 0 0 0 0 1 0 1 0
300	4	1 1 1 1 1 0 1 0 1 1 1 0 0 1 0 0 1 1 1 0 0 1 1 1 1 1 1 0 1 1 1 1 0 0 1 1 0 0 1 1 0 0 0 0 0 0 1 0 0 0
300	3	1 1 1 1 1 0 1 0 1 1 1 0 0 1 0 0 0 1 1 0 0 1 1 1 1 1 1 0 1 1 1 1 0 0 1 1 0 0 1 1 0 0 0 0 0 0 1 0 1 0
300	4	1 1 1 1 1 0 1 0 1 1 1 0 0 1 0 0 1 1 1 0 0 1 1 1 1 1 1 0 1 1 1 1 1 0 1 1 0 0 1 1 0 0 0 0 0 0 1 0 1 0
300	3	1 1 1 1 1 0 1 0 1 1 1 0 0 1 0 0 1 1 1 0 1 1 1 1 1 1 1 0 1 1 1 1 0 0 1 1 0 0 1 1 0 0 0 0 0 0 1 0 1 0
300	2	1 1 1 1 1 0 1 0 1 1 1 0 1 1 0 0 1 1 1 0 0 1 1 1 1 1 1 0 1 1 1 1 0 0 1 1 0 0 1 1 0 0 0 0 0 0 1 0 1 0
300	2	1 1 1 1 1 0 1 0 1 1 1 0 0 1 0 0 1 1 1 0 0 1 1 1 1 1 1 0 1 1 1 1 0 0 1 1 0 0 0 1 0 0 0 0 0 0 1 0 1 0
300	13	1 1 1 1 1 0 1 0 1 1 1 0 0 1 0 0 1 1 1 0 0 1 1 1 1 1 1 0 1 1 1 1 0 0 1 1 0 0 1 1 0 0 0 0 0 0 1 0 1 0
300	1	1 1 1 1 1 0 1 0 1 1 1 0 0 1 0 0 1 1 1 0 0 1 0 1 1 1 1 0 1 1 1 1 0 0 1 1 0 0 1 1 0 0 0 0 0 0 1 0 1 0
300	2	1 1 1 1 1 0 1 0 1 1 1 0 0 1 0 0 1 1 1 0 0 1 1 1 1 1 1 0 1 1 1 1 0 0 1 0 0 0 1 1 0 0 0 0 0 0 1 0 1 0
300	6	1 1 1 1 1 0 1 0 1 1 1 0 0 1 0 0 1 1 1 0 0 1 1 1 1 1 1 0 1 1 1 1 0 0 1 0 0 0 1 1 0 0 0 0 0 0 1 0 0 0
300	4	1 1 1 1 1 0 1 0 1 1 1 0 0 1 0 0 1 1 1 0 0 1 1 1 1 1 0 0 1 1 1 1 0 0 1 1 0 0 1 1 0 0 0 0 0 0 1 0 1 0
300	1	1 1 1 1 1 0 1 0 1 1 1 0 0 1 0 1 1 1 1 0 0 1 1 1 1 1 1 0 1 1 1 1 0 0 1 0 0 0 1 1 0 0 0 0 0 0 1 0 1 0
300	4	1 1 1 1 1 0 1 0 1 1 1 0 0 1 0 1 1 1 1 0 0 1 1 1 1 1 1 0 1 1 1 1 0 0 1 1 0 0 1 1 0 0 0 0 0 0 1 0 1 0
300	5	1 1 1 1 1 0 1 1 1 1 0 0 0 1 0 0 0 1 1 0 1 1 1 1 1 1 1 0 1 1 1 1 0 0 0 1 0 0 1 1 0 0 0 0 0 0 1 0 1 0
300	3	1 1 1 1 1 0 1 1 1 1 0 0 0 1 0 0 0 1 1 0 1 1 1 1 1 1 1 0 1 1 1 1 0 0 1 1 0 0 1 1 0 0 0 0 0 0 1 0 1 0
300	1	1 1 1 1 1 1 1 0 1 1 1 0 0 1 0 0 1 1 1 0 1 0 1 1 1 1 1 0 1 1 1 1 0 0 1 1 0 0 1 1 0 0 0 0 0 0 1 0 1 0
300	6	1 1 1 1 1 0 1 0 1 1 1 0 0 1 0 0 1 1 1 0 1 0 1 1 1 1 1 0 1 1 1 1 0 0 1 1 0 0 1 1 0 0 0 0 0 0 1 0 1 0
300	10	1 1 1 1 1 0 1 1 1 1 1 0 0 1 0 0 1 1 1 0 1 0 1 1 1 1 1 0 1 1 1 1 0 0 1 1 0 0 1 1 0 0 0 0 0 0 1 0 1 0
300	1	1 1 1 1 1 0 1 1 1 1 1 0 0 1 0 0 1 1 0 0 1 1 1 1 1 1 1 0 1 1 1 1 0 0 1 1 0 0 1 1 0 0 0 0 0 0 1 0 1 0
300	9	1 1 1 1 1 0 1 1 1 1 1 0 0 1 0 0 1 1 1 0 1 1 1 1 1 1 1 0 1 1 1 1 0 0 1 1 0 0 1 1 0 0 0 0 0 0 1 0 1 0
310	6	1 1 1 1 1 0 1 1 1 1 1 0 1 1 0 0 1 1 1 0 0 1 1 1 1 1 1 0 1 1 1 1 0 0 1 1 0 0 1 1 0 0 0 0 0 0 1 0 1 0
310	1	1 1 1 1 1 0 1 1 1 1 1 0 0 1 0 0 1 1 1 0 0 1 1 1 1 1 1 0 1 1 1 1 0 1 1 1 0 0 1 1 0 0 0 0 0 0 1 0 1 0
310	6	1 1 1 1 1 0 1 1 1 1 1 0 0 1 0 0 1 1 1 0 0 1 1 1 1 1 1 0 1 1 1 1 0 0 1 1 0 0 1 1 0 0 0 0 0 0 1 0 1 0
310	1	1 1 1 1 1 0 1 0 1 1 1 0 0 1 0 0 1 1 1 0 0 1 1 1 1 1 1 0 1 0 1 1 0 0 1 1 0 0 1 1 0 0 0 0 0 0 1 0 0 0
310	10	1 1 1 1 1 0 1 0 1 1 1 0 0 1 0 0 1 1 1 0 0 1 1 1 1 1 1 0 1 1 1 1 0 0 1 1 0 0 1 1 0 0 0 0 0 0 1 0 0 0
310	2	1 1 1 1 1 0 1 0 1 1 1 0 0 1 0 0 0 1 1 0 0 1 1 1 1 1 1 0 1 1 1 1 0 0 1 1 0 0 1 1 0 0 0 0 0 0 1 0 1 0
310	1	1 1 1 1 1 0 1 0 1 1 1 0 0 1 0 0 1 1 1 0 1 1 1 1 1 1 1 0 1 1 1 1 0 0 1 1 0 0 1 1 0 0 0 0 0 0 1 0 1 0
310	1	1 1 1 1 1 0 1 0 1 1 1 0 1 1 0 0 1 1 1 0 0 1 1 1 1 1 1 0 1 1 0 1 0 0 1 1 0 0 1 1 0 0 0 0 0 0 1 0 1 0
310	1	1 1 1 1 1 0 1 0 1 1 1 0 1 1 0 0 1 1 1 0 0 1 1 1 1 1 1 0 1 1 1 1 0 0 1 1 0 0 1 1 0 0 0 0 0 0 1 0 1 0
310	1	1 1 1 1 1 0 1 0 1 1 1 0 0 1 0 0 1 1 1 0 0 1 1 1 1 1 1 0 1 1 1 1 0 0 1 1 0 0 0 1 0 0 0 0 0 0 1 0 1 0
310	6	1 1 1 1 1 0 1 0 1 1 1 0 0 1 0 0 1 1 1 0 0 1 1 1 1 1 1 0 1 1 1 1 0 0 1 1 0 0 1 1 0 0 0 0 0 0 1 0 1 0
310	3	1 1 1 1 1 0 1 0 1 1 1 0 0 1 0 0 1 1 1 0 0 1 1 1 1 1 1 0 1 1 1 1 0 0 1 0 0 0 1 1 0 0 0 0 0 0 1 0 0 0
310	2	1 1 1 1 1 0 1 0 1 1 1 0 0 1 1 0 1 1 1 0 0 1 1 1 1 1 0 0 1 1 1 1 0 0 1 1 0 0 1 1 0 0 0 0 0 0 1 0 1 0
310	1	1 1 1 1 1 0 1 0 1 1 1 0 0 1 0 1 1 1 1 0 0 1 1 1 1 1 1 0 1 1 1 1 0 0 1 0 0 0 1 1 0 0 0 0 0 0 1 0 1 0
310	3	1 1 1 1 1 0 1 0 1 1 1 0 0 1 0 1 1 1 1 0 0 1 1 1 1 1 1 0 1 1 1 1 0 0 1 1 0 0 1 1 0 0 0 0 0 0 1 0 1 0
310	3	1 1 1 1 1 0 1 1 1 1 0 0 0 1 0 0 0 1 1 0 1 1 1 1 1 1 1 0 1 1 1 0 0 0 0 1 0 0 1 1 0 0 0 0 0 0 1 0 1 0
310	13	1 1 1 1 1 0 1 1 1 1 0 0 0 1 0 0 0 1 1 0 1 1 1 1 1 1 1 0 1 1 1 1 0 0 0 1 0 0 1 1 0 0 0 0 0 0 1 0 1 0
310	1	1 0 1 1 1 0 1 1 1 1 0 0 0 1 0 0 0 1 1 0 1 1 1 1 1 1 1 0 0 1 1 1 0 0 1 1 0 0 1 1 0 0 0 0 0 0 1 0 1 0
310	1	1 1 1 1 1 1 1 1 1 1 0 0 0 1 0 0 0 1 1 0 1 1 1 1 1 1 1 0 1 1 1 1 0 0 1 1 0 0 1 1 0 0 0 0 0 0 1 0 1 0
310	10	1 1 1 1 1 0 1 1 1 1 0 0 0 1 0 0 0 1 1 0 1 1 1 1 1 1 1 0 1 1 1 1 0 0 1 1 0 0 1 1 0 0 0 0 0 0 1 0 1 0
310	3	1 1 1 1 1 0 1 1 1 1 0 0 0 1 0 0 1 1 1 0 1 1 1 1 1 1 1 0 1 1 1 1 0 0 1 1 0 0 1 1 0 0 0 0 0 0 1 0 1 0
310	3	1 1 1 1 1 1 1 0 1 1 1 0 0 1 0 0 1 1 1 0 1 0 1 1 1 1 1 0 1 1 1 1 0 0 1 1 0 0 1 1 0 0 0 0 0 0 1 0 1 0
310	7	1 1 1 1 1 0 1 0 1 1 1 0 0 1 0 0 1 1 1 0 1 0 1 1 1 1 1 0 1 1 1 1 0 0 1 1 0 0 1 1 0 0 0 0 0 0 1 0 1 0
310	3	1 1 1 1 1 0 1 1 1 1 1 0 0 1 0 0 1 1 0 0 1 1 1 1 1 1 1 0 1 1 1 1 0 0 1 1 0 0 1 1 0 0 0 0 0 0 1 0 1 0
310	11	1 1 1 1 1 0 1 1 1 1 1 0 0 1 0 0 1 1 1 0 1 1 1 1 1 1 1 0 1 1 1 1 0 0 1 1 0 0 1 1 0 0 0 0 0 0 1 0 1 0
