0	100	0 0 0 0 0 0 0 0 0 0
10	1	0 0 0 1 0 0 0 0 0 0
10	1	0 0 0 0 0 0 0 1 0 0
10	2	0 0 0 0 0 1 0 0 0 0
10	1	0 0 1 0 0 0 0 0 0 0
10	1	0 1 0 0 0 0 0 0 0 0
10	94	0 0 0 0 0 0 0 0 0 0
20	1	0 0 0 1 0 0 0 0 0 0
20	2	0 0 0 0 0 0 0 1 0 0
20	1	0 0 1 0 0 0 0 0 0 0
20	1	0 0 0 0 0 0 0 0 0 1
20	95	0 0 0 0 0 0 0 0 0 0
30	5	0 0 0 1 0 0 0 0 0 0
30	3	0 0 0 0 0 0 0 1 0 0
30	1	0 0 0 0 0 0 0 0 0 1
30	88	0 0 0 0 0 0 0 0 0 0
30	2	0 0 1 0 0 0 0 0 0 0
30	1	0 0 0 0 1 0 0 0 0 0
40	1	0 0 0 1 0 0 0 0 0 0
40	2	0 0 0 0 0 0 0 1 0 0
40	1	0 0 0 0 0 1 0 0 0 0
40	1	0 0 1 0 0 0 0 0 0 0
40	1	0 0 0 0 0 0 1 0 0 0
40	94	0 0 0 0 0 0 0 0 0 0
50	2	0 0 0 1 0 0 0 0 0 1
50	7	0 0 0 0 0 0 0 1 0 0
50	2	0 1 0 0 0 0 0 0 0 0
50	2	0 0 1 0 0 0 0 0 0 0
50	87	0 0 0 0 0 0 0 0 0 0
60	2	0 0 0 0 0 0 0 1 0 0
60	1	0 1 0 0 0 0 0 0 0 0
60	8	0 0 1 0 0 0 0 0 0 0
60	3	0 0 0 0 1 0 0 0 0 0
60	3	0 0 0 0 0 0 0 0 0 1
60	83	0 0 0 0 0 0 0 0 0 0
70	1	0 0 0 1 0 0 0 0 0 1
70	1	0 0 0 0 0 0 0 1 0 0
70	1	0 1 0 0 0 0 0 0 0 0
70	1	0 0 1 1 0 0 0 0 0 0
70	17	0 0 1 0 0 0 0 0 0 0
70	2	1 0 0 0 0 0 0 0 0 0
70	1	0 0 0 0 0 0 0 0 0 1
70	3	0 0 0 0 1 0 0 0 0 0
70	73	0 0 0 0 0 0 0 0 0 0
80	3	0 0 0 0 0 0 0 1 0 0
80	1	0 1 0 0 1 0 0 0 0 0
80	52	0 0 0 0 0 0 0 0 0 0
80	8	0 1 0 0 0 0 0 0 0 0
80	5	0 0 0 1 1 0 0 0 0 0
80	2	0 0 0 1 0 0 0 0 0 0
80	1	0 0 1 1 0 0 0 0 0 0
80	1	0 0 1 0 0 0 1 0 0 0
80	1	0 0 0 0 0 1 0 0 0 0
80	1	1 0 0 0 0 0 0 0 0 0
80	20	0 0 1 0 0 0 0 0 0 0
80	1	0 0 0 0 0 0 0 0 0 1
80	2	0 0 0 0 1 0 0 0 0 0
80	1	0 0 0 0 0 0 0 1 1 1
80	1	0 0 0 0 0 0 0 0 1 1
90	1	0 0 0 0 0 1 0 1 0 0
90	1	0 1 0 0 0 0 1 0 0 0
90	1	0 0 0 1 0 0 0 0 0 1
90	4	0 0 0 0 1 0 0 0 0 0
90	1	0 1 0 0 0 0 0 0 0 1
90	14	0 1 0 0 0 0 0 0 0 0
90	1	0 0 1 1 0 0 0 0 0 0
90	1	1 0 1 0 0 0 0 0 0 0
90	5	1 0 0 0 0 0 0 0 0 0
90	1	0 0 1 0 0 0 0 1 0 0
90	18	0 0 1 0 0 0 0 0 0 0
90	47	0 0 0 0 0 0 0 0 0 0
90	4	0 0 0 1 1 0 0 0 0 0
90	1	0 0 0 0 0 0 0 0 1 1
100	5	0 0 0 0 0 0 0 1 0 0
100	1	0 1 0 0 1 0 1 0 0 0
100	3	0 1 0 0 0 0 1 0 0 0
100	5	0 0 0 1 0 0 0 0 0 1
100	1	0 0 0 0 1 0 0 0 0 0
100	43	0 0 0 0 0 0 0 0 0 0
100	13	0 1 0 0 0 0 0 0 0 0
100	2	0 0 1 1 0 0 0 0 0 0
100	2	0 0 0 0 0 0 1 0 0 0
100	3	1 0 0 0 0 0 0 0 0 0
100	19	0 0 1 0 0 0 0 0 0 0
100	1	0 0 0 0 0 1 0 0 0 0
100	1	0 0 1 0 0 0 0 1 0 0
100	1	0 0 0 1 1 0 0 0 0 0
110	3	0 0 0 0 0 0 0 1 0 0
110	2	0 1 0 0 0 0 1 0 0 0
110	7	0 0 0 1 0 0 0 0 0 1
110	1	0 0 0 0 1 0 0 0 0 0
110	3	0 0 0 0 0 0 1 0 0 0
110	20	0 0 1 0 0 0 0 0 0 0
110	40	0 0 0 0 0 0 0 0 0 0
110	3	1 0 0 0 0 0 0 0 0 0
110	17	0 1 0 0 0 0 0 0 0 0
110	2	1 0 0 1 0 0 0 0 0 0
110	2	0 0 0 1 1 0 0 0 0 0
120	2	0 0 0 0 0 0 0 1 0 0
120	1	0 1 0 0 0 0 1 0 0 0
120	1	0 0 0 1 0 0 0 0 0 0
120	10	0 0 0 1 0 0 0 0 0 1
120	1	0 0 0 0 1 0 0 0 0 1
120	1	0 0 0 0 1 0 0 0 0 0
120	2	0 1 0 0 0 0 0 0 1 0
120	1	0 0 0 0 0 0 1 0 1 0
120	10	0 0 0 0 0 0 1 0 0 0
120	20	0 1 0 0 0 0 0 0 0 0
120	30	0 0 0 0 0 0 0 0 0 0
120	1	0 0 1 0 0 0 1 0 0 0
120	9	0 0 1 0 0 0 0 0 0 0
120	8	1 0 0 0 0 0 0 0 0 0
120	1	1 0 1 1 0 0 0 0 0 0
120	1	0 0 1 1 0 0 0 0 0 0
120	1	0 0 0 1 1 0 0 0 0 0
130	1	0 0 0 0 1 0 0 1 0 0
130	2	0 0 0 0 0 0 0 1 0 0
130	3	0 0 0 1 0 0 0 0 0 1
130	4	0 1 0 0 0 0 0 0 1 0
130	2	0 0 0 0 0 0 1 0 1 0
130	1	0 0 0 1 0 0 0 0 0 0
130	2	0 0 0 0 0 0 1 0 0 0
130	14	0 0 1 0 0 0 0 0 0 0
130	11	1 0 0 0 0 0 0 0 0 0
130	36	0 0 0 0 0 0 0 0 0 0
130	1	0 1 0 0 0 0 0 0 0 1
130	18	0 1 0 0 0 0 0 0 0 0
130	1	1 0 0 0 0 1 0 0 0 0
130	2	1 0 1 1 0 0 0 0 0 0
130	2	0 0 0 1 1 0 0 0 0 0
140	1	0 0 0 0 0 0 0 1 0 0
140	3	0 0 0 1 0 0 0 0 0 1
140	1	0 1 0 0 0 0 0 0 1 0
140	1	0 0 0 1 0 0 0 0 0 0
140	4	0 0 0 0 0 0 1 0 0 0
140	15	0 1 0 0 0 0 0 0 0 0
140	12	0 0 1 0 0 0 0 0 0 0
140	35	0 0 0 0 0 0 0 0 0 0
140	2	0 0 1 1 0 0 0 0 0 0
140	17	1 0 0 0 0 0 0 0 0 0
140	1	1 0 1 1 1 0 0 0 0 0
140	7	1 0 1 1 0 0 0 0 0 0
140	1	0 0 0 1 1 0 0 0 0 0
150	1	0 0 0 0 0 0 0 1 0 1
150	1	0 0 0 1 0 0 0 0 0 1
150	1	0 1 0 0 0 0 0 0 1 0
150	1	0 0 0 1 0 0 0 0 0 0
150	11	0 0 1 0 0 0 0 0 0 0
150	18	0 1 0 0 0 0 0 0 0 0
150	30	0 0 0 0 0 0 0 0 0 0
150	19	1 0 0 0 0 0 0 0 0 0
150	1	0 0 0 0 0 0 1 0 1 0
150	3	0 0 0 0 0 0 1 0 0 0
150	1	0 1 0 0 0 0 0 1 0 0
150	2	0 0 1 0 0 0 0 0 1 0
150	4	0 0 1 1 0 0 0 0 0 0
150	4	1 0 1 1 1 0 0 0 0 0
150	2	1 0 1 1 0 0 0 0 0 0
150	1	0 0 0 1 1 0 0 0 0 0
