0	100	0 0 0 0 0 0 0 0 0 0
10	2	0 0 0 0 0 0 0 1 0 0
10	1	0 1 0 0 0 0 0 0 0 1
10	97	0 0 0 0 0 0 0 0 0 0
20	3	0 0 0 1 0 0 0 0 0 0
20	2	0 0 1 0 0 0 0 0 0 0
20	1	0 0 0 0 0 0 0 0 1 0
20	2	0 0 0 0 0 0 0 1 0 0
20	4	0 1 0 0 0 0 0 0 0 0
20	2	0 0 0 0 0 1 0 0 0 0
20	2	0 0 0 0 0 0 1 0 0 0
20	1	0 0 0 0 1 0 0 0 0 0
20	83	0 0 0 0 0 0 0 0 0 0
30	1	0 0 0 1 0 0 0 0 0 0
30	2	0 0 1 0 0 0 0 0 0 0
30	1	0 1 0 0 0 0 0 0 0 0
30	91	0 0 0 0 0 0 0 0 0 0
30	1	1 0 0 0 0 0 1 0 0 0
30	2	0 0 0 0 0 0 1 0 0 0
30	2	1 0 0 0 0 0 0 0 0 0
40	8	0 0 0 1 0 0 0 0 0 0
40	10	1 0 0 0 0 0 0 0 0 0
40	67	0 0 0 0 0 0 0 0 0 0
40	2	0 1 0 0 0 0 0 0 0 0
40	2	0 0 0 0 0 0 0 0 0 1
40	2	1 0 0 0 0 0 1 0 0 0
40	1	0 0 0 0 0 0 1 0 0 0
40	6	0 0 0 0 1 0 0 0 0 0
40	2	1 0 0 0 1 0 0 0 0 0
50	1	1 0 0 1 0 0 0 0 0 0
50	1	0 0 0 1 0 0 0 0 0 0
50	1	0 1 0 0 0 1 0 0 0 0
50	8	1 0 0 0 1 0 0 0 0 0
50	1	0 0 0 0 0 0 0 0 0 1
50	1	0 0 0 0 0 0 0 0 1 0
50	57	0 0 0 0 0 0 0 0 0 0
50	21	1 0 0 0 0 0 0 0 0 0
50	7	0 0 0 0 1 0 0 0 0 0
50	2	0 0 0 0 0 0 1 0 0 0
60	4	0 0 0 1 0 0 0 0 0 0
60	15	1 0 0 0 1 0 0 0 0 0
60	1	0 1 0 0 0 0 0 0 0 0
60	8	0 0 0 0 1 0 0 0 0 0
60	1	0 0 0 0 0 0 1 0 0 0
60	1	0 0 0 0 0 0 0 1 0 0
60	11	1 0 0 0 0 0 0 0 0 0
60	59	0 0 0 0 0 0 0 0 0 0
70	3	0 0 0 1 0 0 0 0 0 0
70	15	1 0 0 0 0 0 0 0 0 0
70	25	1 0 0 0 1 0 0 0 0 0
70	2	0 0 0 0 0 0 1 0 0 0
70	1	0 0 0 0 0 0 0 0 0 1
70	52	0 0 0 0 0 0 0 0 0 0
70	1	0 0 0 0 1 0 0 0 0 0
70	1	0 0 0 0 0 1 0 0 0 0
80	3	0 0 0 1 0 0 0 0 0 0
80	1	0 0 0 0 0 0 1 0 0 0
80	52	0 0 0 0 0 0 0 0 0 0
80	4	1 0 0 0 0 0 0 0 0 0
80	36	1 0 0 0 1 0 0 0 0 0
80	1	1 0 0 0 0 1 0 0 0 0
80	3	0 0 0 0 0 1 0 0 0 0
90	46	0 0 0 0 0 0 0 0 0 0
90	5	0 0 0 1 0 0 0 0 0 0
90	13	1 0 0 0 0 0 0 0 0 0
90	1	0 0 0 0 0 0 1 0 0 0
90	3	1 0 0 0 1 0 0 0 1 0
90	28	1 0 0 0 1 0 0 0 0 0
90	4	1 0 0 0 0 1 0 0 0 0
100	7	1 0 0 0 0 1 0 0 0 0
100	6	1 0 0 0 0 0 0 0 0 0
100	45	0 0 0 0 0 0 0 0 0 0
100	4	0 0 0 1 0 0 0 0 0 0
100	1	1 0 0 0 1 0 1 0 0 0
100	1	1 0 0 0 1 0 0 0 1 0
100	2	1 0 1 0 1 0 0 0 0 0
100	1	1 0 0 0 1 0 0 0 0 1
100	33	1 0 0 0 1 0 0 0 0 0
110	7	1 0 0 0 0 1 0 0 0 0
110	2	0 0 0 0 0 1 0 0 0 0
110	7	1 0 0 0 0 0 0 0 0 0
110	3	0 1 0 0 0 0 0 0 0 0
110	1	0 0 1 0 0 0 0 0 0 0
110	32	0 0 0 0 0 0 0 0 0 0
110	1	0 0 0 0 0 0 1 0 0 0
110	5	0 0 0 1 0 0 0 0 0 0
110	1	1 0 1 0 1 0 0 0 0 0
110	2	1 0 0 0 1 0 0 0 0 1
110	1	1 0 0 0 1 1 0 0 0 0
110	38	1 0 0 0 1 0 0 0 0 0
120	1	1 0 0 0 0 1 1 0 0 0
120	2	1 0 0 0 0 1 0 0 0 0
120	4	0 0 0 0 0 1 0 0 0 0
120	1	1 1 0 0 1 0 0 0 0 0
120	12	1 0 0 0 0 0 0 0 0 0
120	1	1 0 0 0 1 0 0 0 1 0
120	38	1 0 0 0 1 0 0 0 0 0
120	1	0 0 1 0 0 0 0 0 0 0
120	32	0 0 0 0 0 0 0 0 0 0
120	3	1 0 1 0 1 0 0 0 0 0
120	1	1 0 0 0 1 0 0 0 0 1
120	2	1 0 0 0 1 1 0 0 0 0
120	2	1 1 0 0 1 0 1 0 0 0
130	1	1 0 0 1 0 0 0 0 0 0
130	1	1 0 0 0 0 0 1 0 0 0
130	12	1 0 0 0 0 0 0 0 0 0
130	2	1 0 0 0 0 1 0 0 0 0
130	3	0 0 0 0 0 1 0 0 0 0
130	1	1 1 0 0 1 0 0 0 0 0
130	1	1 0 0 0 1 0 0 1 0 0
130	2	1 0 1 0 1 0 0 0 0 0
130	48	1 0 0 0 1 0 0 0 0 0
130	3	0 0 0 1 0 0 0 0 0 0
130	1	0 0 1 0 0 0 0 0 0 0
130	25	0 0 0 0 0 0 0 0 0 0
140	2	1 0 0 0 0 1 1 0 0 0
140	1	1 0 0 0 0 0 1 0 0 0
140	1	1 0 0 0 0 0 0 0 0 1
140	1	1 0 0 0 0 1 0 0 0 1
140	17	1 0 0 0 0 0 0 0 0 0
140	2	1 0 0 0 0 1 0 0 0 0
140	48	1 0 0 0 1 0 0 0 0 0
140	2	0 0 0 0 0 1 0 0 0 0
140	1	1 1 0 0 1 0 0 0 0 0
140	2	0 0 0 0 1 0 0 0 0 0
140	4	1 0 1 0 1 0 0 0 0 0
140	1	1 0 0 0 1 0 0 0 1 0
140	1	1 0 0 0 1 0 0 1 0 0
140	1	0 0 0 0 0 0 1 0 0 0
140	12	0 0 0 0 0 0 0 0 0 0
140	1	0 0 0 0 0 0 0 0 1 0
140	1	0 0 0 1 0 0 0 0 0 0
140	2	0 0 1 0 0 1 0 0 0 0
150	1	1 0 0 0 0 1 1 0 0 0
150	2	1 0 0 0 0 0 1 0 0 0
150	4	1 0 0 0 0 1 0 0 0 0
150	20	1 0 0 0 0 0 0 0 0 0
150	16	0 0 0 0 0 0 0 0 0 0
150	30	1 0 0 0 1 0 0 0 0 0
150	6	1 0 1 0 1 0 0 0 0 0
150	1	1 1 0 0 1 0 0 0 0 0
150	2	1 0 0 0 1 1 0 0 0 0
150	1	1 0 0 0 1 0 0 1 0 0
150	2	1 0 0 0 1 0 0 0 1 0
150	2	0 0 0 0 1 0 0 0 0 0
150	1	1 0 0 1 0 1 0 0 0 0
150	2	0 0 0 0 0 1 0 0 0 0
150	1	0 0 0 0 0 0 0 1 0 0
150	1	0 0 0 0 0 0 0 0 1 0
150	2	0 0 0 1 0 0 0 1 0 0
150	6	0 0 1 0 0 1 0 0 0 0
