0	100	0 0 0 0 0 0 0 0 0 0
10	3	0 0 0 0 0 0 0 0 0 1
10	97	0 0 0 0 0 0 0 0 0 0
20	2	0 1 0 0 0 0 0 0 0 0
20	1	0 0 0 0 0 0 0 0 1 0
20	2	0 0 0 0 0 0 0 0 0 1
20	2	0 0 0 1 0 0 0 0 0 0
20	1	0 0 0 0 1 0 0 0 0 0
20	1	1 0 0 0 0 0 0 0 0 0
20	1	0 0 0 0 0 0 1 0 0 0
20	90	0 0 0 0 0 0 0 0 0 0
30	1	0 1 0 0 0 0 0 0 0 0
30	1	0 0 0 0 0 0 0 0 1 0
30	1	0 0 0 0 0 1 0 0 0 1
30	2	0 0 0 0 0 1 0 0 0 0
30	1	0 0 0 0 1 0 0 0 0 0
30	2	1 0 0 1 0 0 0 1 0 0
30	1	0 0 0 0 0 0 0 1 0 0
30	1	0 0 0 1 0 0 0 0 0 0
30	90	0 0 0 0 0 0 0 0 0 0
40	2	0 1 0 0 0 0 0 0 0 0
40	2	0 0 0 0 0 0 0 0 1 0
40	2	0 0 0 0 1 0 0 0 0 0
40	1	1 0 0 1 0 0 0 1 0 0
40	2	0 0 0 0 0 0 0 1 0 0
40	1	0 0 0 1 0 0 0 0 0 0
40	90	0 0 0 0 0 0 0 0 0 0
50	1	0 1 0 0 0 1 0 0 0 0
50	1	0 0 1 0 0 0 0 0 1 0
50	3	0 0 0 0 0 1 0 0 0 0
50	1	0 0 0 0 1 0 0 0 0 0
50	80	0 0 0 0 0 0 0 0 0 0
50	7	0 1 0 0 0 0 0 0 0 0
50	1	1 0 0 0 0 0 1 0 1 0
50	2	0 0 0 0 0 0 0 0 1 0
50	1	0 0 0 1 1 0 0 0 0 0
50	3	1 0 0 0 0 0 0 0 0 0
60	9	0 1 0 0 0 0 0 0 0 0
60	3	0 0 0 0 0 1 0 0 0 0
60	5	0 1 0 0 0 1 0 0 0 0
60	1	0 0 0 0 1 0 0 1 0 0
60	2	0 0 0 0 0 0 0 1 0 0
60	1	0 0 0 0 0 1 0 0 1 0
60	73	0 0 0 0 0 0 0 0 0 0
60	1	0 1 0 0 0 0 0 0 0 1
60	2	0 0 0 0 0 0 1 0 0 0
60	1	1 0 0 0 0 0 1 0 1 0
60	1	0 0 0 1 1 0 0 0 1 0
60	1	0 0 0 1 1 0 0 0 0 0
70	10	0 1 0 0 0 0 0 0 0 0
70	7	0 1 0 0 0 1 0 0 0 0
70	6	0 0 0 1 0 0 0 0 0 0
70	2	0 0 0 0 1 0 0 0 0 0
70	2	1 0 0 0 0 0 0 0 0 0
70	67	0 0 0 0 0 0 0 0 0 0
70	5	0 0 0 0 0 0 0 0 0 1
70	1	0 0 0 1 1 0 0 0 1 0
80	1	0 0 0 0 0 1 0 0 0 0
80	10	0 1 0 0 0 0 0 0 0 0
80	8	0 1 0 0 0 1 0 0 0 0
80	1	0 0 0 1 1 0 0 0 0 0
80	2	0 0 0 1 0 0 0 0 0 0
80	1	1 0 0 0 0 0 0 0 0 1
80	6	1 0 0 0 0 0 0 0 0 0
80	58	0 0 0 0 0 0 0 0 0 0
80	9	0 0 0 0 0 0 0 0 0 1
80	2	0 0 0 0 0 0 1 0 0 0
80	2	0 0 0 1 1 0 0 0 1 0
90	12	0 1 0 0 0 1 0 0 0 0
90	13	0 1 0 0 0 0 0 0 0 0
90	2	0 1 0 0 0 1 0 0 0 1
90	2	0 0 0 1 1 0 0 0 0 0
90	3	0 0 0 1 0 1 0 0 0 0
90	8	0 0 0 1 0 0 0 0 0 0
90	9	1 0 0 0 0 0 0 0 0 0
90	1	0 0 1 0 0 0 0 0 0 0
90	1	0 0 0 0 0 1 0 0 0 0
90	7	0 0 0 0 0 0 0 0 0 1
90	1	0 0 0 0 0 0 0 1 0 0
90	41	0 0 0 0 0 0 0 0 0 0
100	9	0 1 0 0 0 1 0 0 0 0
100	9	0 1 0 0 0 0 0 0 0 0
100	1	0 0 0 0 0 1 0 0 0 0
100	1	0 0 0 0 0 1 0 0 1 0
100	1	0 0 0 0 0 0 0 1 0 0
100	3	0 0 1 0 0 0 0 0 0 0
100	10	0 0 0 1 0 0 0 0 0 0
100	48	0 0 0 0 0 0 0 0 0 0
100	1	1 0 0 0 0 0 0 1 0 0
100	14	1 0 0 0 0 0 0 0 0 0
100	1	0 0 0 0 0 0 0 0 0 1
100	2	0 0 0 0 1 0 0 0 0 1
110	2	0 1 0 1 0 1 0 0 0 0
110	1	0 1 0 0 0 0 1 0 0 0
110	2	0 0 0 0 0 0 0 0 1 0
110	1	0 0 0 0 0 0 0 1 0 0
110	5	0 0 1 0 0 0 0 0 0 0
110	10	0 0 0 1 0 0 0 0 0 0
110	1	0 0 0 0 1 0 0 0 0 0
110	8	0 1 0 0 0 0 0 0 0 0
110	35	0 0 0 0 0 0 0 0 0 0
110	1	1 1 0 0 0 1 0 0 0 0
110	11	0 1 0 0 0 1 0 0 0 0
110	1	0 0 0 0 0 1 0 0 0 0
110	1	0 0 1 1 0 0 0 0 0 0
110	1	0 1 0 1 0 0 0 0 0 0
110	20	1 0 0 0 0 0 0 0 0 0
120	1	0 0 0 0 0 0 1 0 0 0
120	3	0 0 1 0 0 0 0 0 0 0
120	29	0 0 0 0 0 0 0 0 0 0
120	21	0 0 0 1 0 0 0 0 0 0
120	8	0 1 0 0 0 0 0 0 0 0
120	1	0 0 0 0 0 1 0 0 0 0
120	1	0 1 0 0 1 1 0 0 0 0
120	11	0 1 0 0 0 1 0 0 0 0
120	25	1 0 0 0 0 0 0 0 0 0
130	1	0 0 0 0 0 0 0 1 0 0
130	3	0 1 1 0 0 0 0 0 0 0
130	9	0 0 1 0 0 0 0 0 0 0
130	12	0 0 0 1 0 0 0 0 0 0
130	19	0 1 0 0 0 0 0 0 0 0
130	20	0 0 0 0 0 0 0 0 0 0
130	1	1 0 0 0 0 0 0 0 1 0
130	25	1 0 0 0 0 0 0 0 0 0
130	1	0 0 0 1 0 0 0 1 0 0
130	1	0 1 0 1 0 0 0 0 0 0
130	6	0 1 0 0 0 1 0 0 0 0
130	1	0 0 0 0 0 1 0 0 0 0
130	1	1 1 0 0 0 1 0 0 0 0
140	5	0 1 0 1 0 1 0 0 0 0
140	3	0 1 1 0 0 0 0 0 0 0
140	42	1 0 0 0 0 0 0 0 0 0
140	11	0 0 0 0 0 0 0 0 0 0
140	7	0 1 0 0 0 1 0 0 0 0
140	11	0 1 0 0 0 0 0 0 0 0
140	2	0 0 1 0 0 0 0 0 0 0
140	1	0 0 0 0 0 1 0 0 0 0
140	1	0 0 0 1 0 0 0 1 0 0
140	2	1 0 0 1 0 0 0 0 0 0
140	13	0 0 0 1 0 0 0 0 0 0
140	2	1 1 0 0 0 1 0 0 0 0
150	2	1 1 0 1 0 1 0 0 0 0
150	5	0 1 0 1 0 1 0 0 0 0
150	3	0 0 1 0 0 0 0 0 0 0
150	7	0 1 1 0 0 0 0 0 0 0
150	2	1 0 0 1 0 0 0 0 0 0
150	1	1 0 0 0 0 0 1 0 0 0
150	29	1 0 0 0 0 0 0 0 0 0
150	1	0 1 0 0 0 1 0 0 1 0
150	1	0 1 0 0 0 1 0 0 0 0
150	16	0 0 0 0 0 0 0 0 0 0
150	1	0 1 0 0 0 0 0 1 0 0
150	4	0 1 0 0 0 0 0 0 0 0
150	5	0 1 0 1 0 0 0 0 0 0
150	16	0 0 0 1 0 0 0 0 0 0
150	1	1 0 0 0 0 1 0 0 0 0
150	1	1 1 0 0 0 1 0 1 0 0
150	5	1 1 0 0 0 1 0 0 0 0
