10	1	1 1 0 1 0 1 0 0 0 1
10	15	1 1 0 0 0 1 0 0 0 1
10	24	0 1 1 1 1 1 0 0 0 1
10	1	0 0 0 1 1 1 1 1 1 0
10	27	0 0 0 1 1 0 1 1 1 0
10	32	1 1 0 0 0 0 1 1 0 1
20	3	1 1 1 0 0 1 0 0 0 1
20	14	1 1 0 0 0 1 0 0 0 1
20	1	1 1 0 0 0 1 0 0 0 0
20	6	1 1 1 1 1 1 0 0 0 1
20	2	0 1 1 1 1 0 0 0 0 1
20	1	0 1 1 1 1 1 0 0 1 1
20	20	0 1 1 1 1 1 0 0 0 1
20	2	0 0 0 1 1 0 0 1 0 0
20	1	0 0 0 1 1 0 1 1 0 0
20	29	0 0 0 1 1 0 1 1 1 0
20	21	1 1 0 0 0 0 1 1 0 1
30	1	1 1 1 0 0 1 1 0 0 1
30	2	1 1 1 0 1 1 0 0 0 1
30	6	1 1 1 0 0 1 0 0 0 1
30	1	1 1 0 1 0 1 1 0 0 1
30	11	1 1 0 1 0 1 0 0 0 1
30	22	1 1 0 0 0 1 0 0 0 1
30	17	1 1 1 1 1 1 0 0 0 1
30	4	0 1 1 1 1 0 0 0 0 1
30	5	0 1 1 1 0 1 0 0 0 1
30	11	0 1 1 1 1 1 0 0 0 1
30	2	0 0 0 1 1 0 0 1 0 0
30	8	0 0 0 1 1 0 1 1 1 0
30	10	1 1 0 0 0 0 1 1 0 1
40	1	1 1 1 0 1 1 0 1 0 1
40	1	1 1 1 0 1 1 0 0 0 1
40	3	1 1 1 0 0 1 0 0 0 1
40	1	1 1 0 1 0 1 1 0 0 1
40	1	1 1 0 1 1 1 0 0 0 1
40	8	1 1 0 1 0 1 0 0 0 1
40	21	1 1 0 0 0 1 0 0 0 1
40	4	1 0 1 1 1 1 0 0 0 1
40	34	1 1 1 1 1 1 0 0 0 1
40	4	0 1 1 1 1 1 0 0 0 1
40	3	0 1 1 1 1 0 0 0 0 1
40	1	0 1 1 0 0 1 0 0 0 1
40	13	0 1 1 1 0 1 0 0 0 1
40	1	0 0 0 1 1 0 1 1 1 0
40	4	1 1 0 0 0 0 1 1 0 1
50	1	1 1 1 0 1 1 0 1 0 1
50	2	1 1 0 1 0 1 1 0 0 1
50	1	1 1 1 1 0 1 0 0 0 1
50	8	1 1 0 1 0 1 0 0 0 1
50	3	1 1 0 0 0 1 0 0 0 1
50	1	1 0 1 1 1 1 0 0 0 1
50	1	1 1 1 1 1 1 0 0 0 0
50	7	0 1 1 1 1 1 0 0 0 1
50	1	1 1 1 1 1 0 0 0 0 1
50	65	1 1 1 1 1 1 0 0 0 1
50	6	0 1 1 1 1 0 0 0 0 1
50	3	0 1 1 1 0 1 0 0 0 1
50	1	1 1 0 0 0 0 1 1 0 1
60	1	1 1 1 0 0 1 0 0 0 1
60	2	1 1 1 1 0 1 0 0 0 1
60	3	1 1 0 1 0 1 0 0 0 1
60	2	1 1 0 0 0 1 0 0 0 1
60	5	1 1 1 1 1 1 0 0 0 0
60	2	0 1 1 1 1 0 0 0 0 1
60	5	1 1 1 1 1 0 0 0 0 1
60	1	1 1 1 1 1 1 1 0 0 1
60	1	1 1 1 1 1 1 0 0 1 1
60	72	1 1 1 1 1 1 0 0 0 1
60	6	0 1 1 1 0 1 0 0 0 1
70	5	1 1 1 1 0 1 0 0 0 1
70	1	1 1 0 1 1 1 0 0 0 1
70	1	1 1 0 1 0 1 0 0 0 1
70	3	1 1 1 1 0 1 0 0 0 0
70	11	1 1 1 1 1 1 0 0 0 0
70	3	0 1 1 1 0 1 0 0 0 1
70	2	1 1 1 1 1 1 1 0 0 1
70	74	1 1 1 1 1 1 0 0 0 1
