10	14	1 0 0 0 0 0 0 0 1 0 1 0 0 0 1 0 0 1 0 0 1 0 1 1 1 1 1 0 1 0 0 0 1 0 0 1 0 0 0 1 0 0 1 1 1 0 1 1 0 1
10	22	0 0 0 0 1 0 0 0 1 1 0 0 1 0 0 0 1 0 0 0 1 0 1 0 0 0 0 0 0 1 0 1 0 0 0 0 0 0 1 0 1 1 1 1 1 1 1 1 1 1
10	29	0 0 0 0 1 1 0 1 0 0 1 1 0 1 1 1 0 1 1 1 1 1 1 0 0 1 1 1 1 0 0 0 0 1 1 1 1 0 0 0 1 1 0 1 0 0 0 1 0 0
10	1	0 1 0 0 0 1 0 1 1 1 1 1 1 1 0 0 0 1 0 0 1 0 1 0 0 1 1 1 1 1 1 0 0 1 1 0 0 0 0 1 0 0 1 1 0 0 0 0 1 1
10	1	0 1 0 0 0 1 0 1 1 1 1 1 1 0 0 0 0 1 0 0 1 0 1 0 0 1 1 0 1 1 1 0 0 1 1 0 0 0 0 1 0 0 1 1 0 0 0 0 1 1
10	12	0 1 0 0 0 1 0 1 1 1 1 1 1 1 0 0 0 1 0 0 1 0 1 0 0 1 1 0 1 1 1 0 0 1 1 0 0 0 0 1 0 0 1 1 0 0 0 0 1 1
10	21	1 0 0 0 1 1 0 0 1 1 0 1 1 0 0 1 0 0 0 0 1 0 0 0 1 0 1 1 1 1 0 0 1 1 0 0 1 1 0 1 1 0 1 1 0 0 1 1 0 1
20	15	1 0 0 0 0 0 0 0 1 0 1 0 0 0 1 0 0 1 0 0 1 0 1 1 1 1 1 0 1 0 0 0 1 0 0 1 0 0 0 1 0 0 1 1 1 0 1 1 0 1
20	22	0 0 0 0 1 0 0 0 1 1 0 0 1 0 0 0 1 0 0 0 1 0 1 0 0 0 0 0 0 1 0 1 0 0 0 0 0 0 1 0 1 1 1 1 1 1 1 1 1 1
20	1	0 0 0 0 1 1 0 1 0 0 1 1 0 1 1 1 0 1 1 1 1 1 1 0 0 1 0 1 1 0 0 0 0 1 1 1 1 0 0 0 1 1 0 1 0 0 0 1 0 0
20	32	0 0 0 0 1 1 0 1 0 0 1 1 0 1 1 1 0 1 1 1 1 1 1 0 0 1 1 1 1 0 0 0 0 1 1 1 1 0 0 0 1 1 0 1 0 0 0 1 0 0
20	16	0 1 0 0 0 1 0 1 1 1 1 1 1 1 0 0 0 1 0 0 1 0 1 0 0 1 1 0 1 1 1 0 0 1 1 0 0 0 0 1 0 0 1 1 0 0 0 0 1 1
20	14	1 0 0 0 1 1 0 0 1 1 0 1 1 0 0 1 0 0 0 0 1 0 0 0 1 0 1 1 1 1 0 0 1 1 0 0 1 1 0 1 1 0 1 1 0 0 1 1 0 1
30	1	1 0 0 0 0 0 1 0 1 0 1 0 0 0 1 0 0 1 0 0 1 0 1 1 1 1 1 0 1 0 0 0 1 0 0 1 0 0 0 1 0 0 1 1 1 0 1 1 0 1
30	16	1 0 0 0 0 0 0 0 1 0 1 0 0 0 1 0 0 1 0 0 1 0 1 1 1 1 1 0 1 0 0 0 1 0 0 1 0 0 0 1 0 0 1 1 1 0 1 1 0 1
30	21	0 0 0 0 1 0 0 0 1 1 0 0 1 0 0 0 1 0 0 0 1 0 1 0 0 0 0 0 0 1 0 1 0 0 0 0 0 0 1 0 1 1 1 1 1 1 1 1 1 1
30	1	0 0 0 1 1 1 0 1 0 0 1 1 0 1 1 1 0 1 1 1 1 1 1 0 0 1 1 1 1 0 0 0 0 1 1 1 1 0 0 0 1 1 0 1 0 0 0 1 0 0
30	29	0 0 0 0 1 1 0 1 0 0 1 1 0 1 1 1 0 1 1 1 1 1 1 0 0 1 1 1 1 0 0 0 0 1 1 1 1 0 0 0 1 1 0 1 0 0 0 1 0 0
30	17	0 1 0 0 0 1 0 1 1 1 1 1 1 1 0 0 0 1 0 0 1 0 1 0 0 1 1 0 1 1 1 0 0 1 1 0 0 0 0 1 0 0 1 1 0 0 0 0 1 1
30	1	0 0 0 0 0 1 0 1 1 1 1 1 1 1 0 0 0 1 0 0 1 0 1 0 0 1 1 0 1 1 1 0 0 1 1 0 0 0 0 1 0 0 1 1 0 0 0 0 1 1
30	6	0 1 0 0 0 1 0 1 1 1 1 1 1 1 0 0 0 1 0 0 1 0 1 0 0 1 1 1 1 1 1 0 0 1 1 0 0 0 0 1 0 0 1 1 0 0 0 0 1 1
30	8	1 0 0 0 1 1 0 0 1 1 0 1 1 0 0 1 0 0 0 0 1 0 0 0 1 0 1 1 1 1 0 0 1 1 0 0 1 1 0 1 1 0 1 1 0 0 1 1 0 1
40	7	1 0 0 0 0 0 0 0 1 0 1 0 0 0 1 0 0 1 0 0 1 0 1 1 1 1 1 0 1 0 0 0 1 0 0 1 0 0 0 1 0 0 1 1 1 0 1 1 0 1
40	20	0 0 0 0 1 0 0 0 1 1 0 0 1 0 0 0 1 0 0 0 1 0 1 0 0 0 0 0 0 1 0 1 0 0 0 0 0 0 1 0 1 1 1 1 1 1 1 1 1 1
40	6	0 0 0 0 1 1 0 1 0 0 1 1 0 1 1 1 0 1 1 1 1 1 1 0 0 1 1 1 1 0 0 0 0 1 1 1 1 0 0 0 0 1 0 1 0 0 0 1 0 0
40	1	0 0 0 0 1 1 0 1 0 0 1 1 0 1 1 1 0 1 1 1 1 1 1 0 0 1 1 1 1 0 0 0 0 1 1 1 1 0 0 0 1 1 0 0 0 0 0 1 0 0
40	1	0 0 0 0 1 1 0 1 0 0 1 1 0 1 1 1 0 1 1 1 1 0 1 0 0 1 1 1 1 0 0 0 0 1 1 1 1 0 0 0 1 1 0 1 0 0 0 1 0 0
40	27	0 0 0 0 1 1 0 1 0 0 1 1 0 1 1 1 0 1 1 1 1 1 1 0 0 1 1 1 1 0 0 0 0 1 1 1 1 0 0 0 1 1 0 1 0 0 0 1 0 0
40	6	0 1 0 0 0 1 0 1 1 1 1 1 1 1 0 0 0 1 0 0 1 0 1 0 0 1 1 1 1 1 1 0 0 1 1 0 0 0 0 1 0 0 1 1 0 0 0 0 1 1
40	22	0 1 0 0 0 1 0 1 1 1 1 1 1 1 0 0 0 1 0 0 1 0 1 0 0 1 1 0 1 1 1 0 0 1 1 0 0 0 0 1 0 0 1 1 0 0 0 0 1 1
40	2	0 1 0 0 0 1 0 1 1 1 1 1 1 1 0 0 0 1 0 0 1 0 1 0 0 0 1 1 1 1 1 0 0 1 1 0 0 0 0 1 0 0 1 1 0 0 0 0 1 1
40	1	0 1 0 0 0 1 0 1 1 1 1 1 1 1 0 0 0 1 0 0 1 0 1 0 0 1 1 1 1 1 1 0 0 1 1 0 0 0 0 1 0 0 1 1 0 0 1 0 1 1
40	7	1 0 0 0 1 1 0 0 1 1 0 1 1 0 0 1 0 0 0 0 1 0 0 0 1 0 1 1 1 1 0 0 1 1 0 0 1 1 0 1 1 0 1 1 0 0 1 1 0 1
50	1	1 0 0 0 0 0 0 0 1 0 1 0 0 0 1 0 0 1 0 0 1 0 1 1 1 1 1 0 1 0 0 0 1 0 0 1 0 0 0 1 0 0 1 1 1 0 1 1 0 1
50	7	0 0 0 0 1 0 0 0 1 1 0 0 1 0 0 0 1 0 0 0 1 0 1 0 0 0 0 0 0 1 0 1 0 0 0 0 0 0 1 0 1 1 1 1 1 1 1 1 1 1
50	3	0 0 0 0 1 1 0 1 0 0 1 1 0 1 1 1 0 1 1 1 1 1 1 0 0 1 1 1 1 0 0 0 0 1 1 1 1 0 0 0 0 1 0 1 0 0 0 1 0 0
50	1	0 0 0 0 1 1 0 1 0 0 1 1 0 1 1 1 0 1 1 1 1 1 1 0 0 1 1 1 1 0 0 0 0 1 1 1 1 0 0 0 1 1 0 0 0 0 0 1 0 0
50	21	0 0 0 0 1 1 0 1 0 0 1 1 0 1 1 1 0 1 1 1 1 1 1 0 0 1 1 1 1 0 0 0 0 1 1 1 1 0 0 0 1 1 0 1 0 0 0 1 0 0
50	2	0 1 0 0 0 1 0 1 1 1 1 1 1 1 0 0 0 1 0 0 1 0 1 0 0 1 1 0 1 1 0 0 0 1 1 0 0 0 0 1 0 0 1 1 0 0 0 0 1 1
50	25	0 1 0 0 0 1 0 1 1 1 1 1 1 1 0 0 0 1 0 0 1 0 1 0 0 1 1 1 1 1 1 0 0 1 1 0 0 0 0 1 0 0 1 1 0 0 0 0 1 1
50	1	1 1 0 0 0 1 0 1 1 1 1 1 1 1 0 0 0 1 0 0 1 0 1 0 0 1 1 0 1 1 1 0 0 1 1 0 0 0 0 1 0 0 1 1 0 0 0 0 1 1
50	1	0 1 0 0 0 1 0 1 1 1 1 1 1 1 0 0 0 1 0 0 1 0 1 0 0 1 1 0 1 1 1 0 0 1 1 0 0 0 0 1 0 0 1 1 0 0 1 0 1 1
50	1	0 1 0 0 0 1 0 1 1 1 1 1 1 1 0 0 0 1 0 0 1 0 1 0 0 1 1 0 1 1 1 0 1 1 1 0 0 0 0 1 0 0 1 1 0 0 0 0 1 1
50	1	0 1 0 0 0 1 0 1 1 1 1 0 1 1 0 0 0 1 0 0 1 0 1 0 0 1 1 0 1 1 1 0 0 1 1 0 0 0 0 1 0 0 1 1 0 0 0 0 1 1
50	28	0 1 0 0 0 1 0 1 1 1 1 1 1 1 0 0 0 1 0 0 1 0 1 0 0 1 1 0 1 1 1 0 0 1 1 0 0 0 0 1 0 0 1 1 0 0 0 0 1 1
50	6	0 1 0 0 0 1 0 1 1 1 1 1 1 1 0 0 0 1 0 0 1 0 1 0 0 0 1 1 1 1 1 0 0 1 1 0 0 0 0 1 0 0 1 1 0 0 0 0 1 1
50	2	1 0 0 0 1 1 0 0 1 1 0 1 1 0 0 1 0 0 0 0 1 0 0 0 1 0 1 1 1 1 0 0 1 1 0 0 1 1 0 1 1 0 1 1 0 0 1 1 0 1
60	1	1 0 0 0 0 0 0 0 1 0 1 0 0 0 1 0 0 1 0 0 1 0 1 1 1 1 1 0 1 0 0 0 1 0 0 1 0 0 0 1 0 0 1 1 1 0 1 1 0 1
60	3	0 0 0 0 1 0 0 0 1 1 0 0 1 0 0 0 1 0 0 0 1 0 1 0 0 0 0 0 0 1 0 1 0 0 0 0 0 0 1 0 1 1 1 1 1 1 1 1 1 1
60	1	0 0 0 0 1 1 0 1 0 0 1 1 0 1 1 1 0 1 1 1 1 1 1 0 0 1 1 1 1 0 0 0 0 1 1 1 1 0 0 0 1 1 0 0 0 0 0 1 0 0
60	1	0 0 0 0 1 1 0 1 0 0 1 1 0 1 1 1 0 1 1 1 1 1 1 0 0 1 1 1 1 0 0 0 0 1 1 0 1 0 0 0 1 1 0 1 0 0 0 1 0 0
60	9	0 0 0 0 1 1 0 1 0 0 1 1 0 1 1 1 0 1 1 1 1 1 1 0 0 1 1 1 1 0 0 0 0 1 1 1 1 0 0 0 1 1 0 1 0 0 0 1 0 0
60	1	0 1 1 0 0 1 0 1 1 1 1 1 1 1 0 0 0 1 0 0 1 0 1 0 0 1 1 1 1 1 1 0 0 1 1 0 0 0 0 1 0 0 1 1 0 0 0 0 1 1
60	1	0 1 0 0 0 1 0 1 1 1 1 1 1 1 0 0 0 1 0 0 1 0 1 0 0 1 1 1 1 1 1 0 0 1 1 0 0 0 1 1 0 0 1 1 0 0 0 0 1 1
60	1	0 1 0 0 0 1 0 1 1 1 1 1 1 1 0 0 0 1 0 0 1 0 1 0 0 1 1 1 1 1 1 0 0 1 0 0 0 0 0 1 0 0 1 1 0 0 0 0 1 1
60	26	0 1 0 0 0 1 0 1 1 1 1 1 1 1 0 0 0 1 0 0 1 0 1 0 0 1 1 1 1 1 1 0 0 1 1 0 0 0 0 1 0 0 1 1 0 0 0 0 1 1
60	1	1 1 0 0 0 1 0 1 1 1 1 1 1 1 0 0 0 1 0 0 1 0 1 0 0 1 1 0 1 1 1 1 0 1 1 0 0 1 0 1 0 0 1 1 0 0 0 0 1 1
60	1	1 1 0 0 0 1 0 1 1 1 1 1 1 1 0 0 0 1 0 0 1 0 1 0 0 1 1 0 1 1 1 1 0 1 1 0 0 0 0 1 0 0 1 1 0 0 0 0 1 1
60	3	1 1 0 0 0 1 0 1 1 1 1 1 1 1 0 0 0 1 0 0 1 0 1 0 0 1 1 0 1 1 1 0 0 1 1 0 0 0 0 1 0 0 1 1 0 0 0 0 1 1
60	2	0 1 0 0 0 1 0 1 1 1 1 1 1 1 0 0 0 1 0 0 1 0 1 0 0 1 1 0 1 1 1 0 1 1 1 0 0 0 0 1 0 0 1 1 0 0 0 0 1 1
60	1	0 1 0 0 0 1 0 1 1 1 1 1 1 1 0 0 0 1 0 0 1 1 1 0 0 1 1 0 1 1 1 0 0 1 1 0 0 0 0 1 0 0 1 1 0 0 0 0 1 1
60	42	0 1 0 0 0 1 0 1 1 1 1 1 1 1 0 0 0 1 0 0 1 0 1 0 0 1 1 0 1 1 1 0 0 1 1 0 0 0 0 1 0 0 1 1 0 0 0 0 1 1
60	1	0 1 0 0 0 1 0 1 1 1 1 1 1 1 0 0 0 1 0 0 1 0 1 0 0 0 1 1 1 1 1 0 0 1 1 0 0 0 0 1 0 0 1 1 0 0 0 0 1 1
60	2	1 0 0 0 1 1 0 0 1 1 0 1 1 0 0 1 0 0 0 0 1 0 0 1 1 0 1 1 1 1 0 0 1 1 0 0 1 1 0 1 1 0 1 1 0 0 1 1 0 1
60	3	1 0 0 0 1 1 0 0 1 1 0 1 1 0 0 1 0 0 0 0 1 0 0 0 1 0 1 1 1 1 0 0 1 1 0 0 1 1 0 1 1 0 1 1 0 0 1 1 0 1
70	10	0 0 0 0 1 1 0 1 0 0 1 1 0 1 1 1 0 1 1 1 1 1 1 0 0 1 1 1 1 0 0 0 0 1 1 1 1 0 0 0 1 1 0 1 0 0 0 1 0 0
70	1	0 1 1 0 0 1 0 1 1 1 1 1 1 1 0 0 0 1 0 0 1 0 1 0 0 1 1 1 1 1 1 0 0 1 1 0 0 0 0 1 0 0 1 1 0 0 0 0 1 1
70	1	0 1 0 0 0 1 0 1 1 1 1 1 1 1 0 0 0 1 0 0 1 0 1 0 0 1 1 1 1 1 1 1 0 1 1 0 0 0 0 1 0 0 1 1 0 0 0 0 1 1
70	1	0 1 0 0 0 1 0 1 1 1 1 1 1 1 0 1 0 1 0 0 1 0 1 0 0 1 1 0 1 1 1 0 0 1 1 0 0 0 0 1 0 0 1 1 0 0 0 0 1 1
70	2	0 1 0 0 0 1 0 1 1 1 1 1 1 1 0 0 0 1 0 0 1 0 1 0 0 1 1 0 1 1 1 0 0 1 1 0 0 0 0 0 0 0 1 1 1 0 0 0 1 1
70	5	1 1 0 0 0 1 0 1 1 1 1 1 1 1 0 0 0 1 0 0 1 0 1 0 0 1 1 0 1 1 1 0 0 1 1 0 0 0 0 1 0 0 1 1 0 0 0 0 1 1
70	21	0 1 0 0 0 1 0 1 1 1 1 1 1 1 0 0 0 1 0 0 1 0 1 0 0 1 1 1 1 1 1 0 0 1 1 0 0 0 0 1 0 0 1 1 0 0 0 0 1 1
70	38	0 1 0 0 0 1 0 1 1 1 1 1 1 1 0 0 0 1 0 0 1 0 1 0 0 1 1 0 1 1 1 0 0 1 1 0 0 0 0 1 0 0 1 1 0 0 0 0 1 1
70	2	1 1 0 0 0 1 0 1 1 1 1 1 1 1 0 0 0 1 0 0 1 0 1 0 0 1 1 0 1 1 1 1 0 1 1 0 0 1 0 1 0 0 1 1 0 0 0 0 1 1
70	7	1 1 0 0 0 1 0 1 1 1 1 1 1 1 0 0 0 1 0 0 1 0 1 0 0 1 1 0 1 1 1 1 0 1 1 0 0 0 0 1 0 0 1 1 0 0 0 0 1 1
70	2	0 1 0 0 0 1 0 1 1 1 0 1 1 1 0 0 0 1 0 0 1 0 1 0 0 1 1 0 1 1 1 0 0 1 1 0 0 0 0 1 0 0 1 1 0 0 0 0 1 1
70	1	0 1 0 0 0 1 0 1 1 1 1 1 1 1 0 0 0 1 0 0 1 1 1 0 0 1 1 0 1 1 1 0 0 1 1 0 0 0 0 1 0 0 1 1 0 0 0 0 1 1
70	1	0 1 0 0 0 1 0 1 1 1 1 1 1 1 0 0 0 1 1 0 1 0 1 0 0 1 1 0 1 1 1 0 0 1 1 0 0 0 0 1 0 0 1 1 0 0 0 0 1 0
70	5	0 1 0 0 0 1 0 1 1 1 1 1 1 1 0 0 0 1 1 0 1 0 1 0 0 1 1 0 1 1 1 0 0 1 1 0 0 0 0 1 0 0 1 1 0 0 0 0 1 1
70	3	0 1 1 0 0 1 0 1 1 1 1 1 1 1 0 0 0 1 0 0 1 0 1 0 0 1 1 0 1 1 1 0 0 1 1 0 0 0 0 1 0 0 1 1 0 0 0 0 1 1
80	5	0 0 0 0 1 1 0 1 0 0 1 1 0 1 1 1 0 1 1 1 1 1 1 0 0 1 1 1 1 0 0 0 0 1 1 1 1 0 0 0 1 1 0 1 0 0 0 1 0 0
80	8	0 1 1 0 0 1 0 1 1 1 1 1 1 1 0 0 0 1 0 0 1 0 1 0 0 1 1 1 1 1 1 0 0 1 1 0 0 0 0 1 0 0 1 1 0 0 0 0 1 1
80	1	0 1 0 0 0 1 1 1 1 1 1 1 1 1 0 0 0 1 0 0 1 0 1 0 0 1 1 1 1 1 1 0 0 1 1 0 0 0 0 1 0 0 1 1 0 0 0 0 1 1
80	1	0 1 0 0 0 1 0 1 1 1 1 1 1 1 0 0 0 1 0 0 1 0 1 0 0 1 1 1 1 1 1 0 0 1 0 0 0 0 0 1 0 0 1 1 0 0 0 0 1 1
80	1	0 1 0 0 0 1 0 1 1 1 1 1 1 1 0 0 0 1 0 0 1 0 1 0 0 1 1 0 1 1 1 0 0 1 1 0 0 0 0 0 0 0 1 1 1 0 0 0 1 1
80	5	1 1 0 0 0 1 0 1 1 1 1 1 1 1 0 0 0 1 0 0 1 0 1 0 0 1 1 0 1 1 1 0 0 1 1 0 0 0 0 1 0 0 1 1 0 0 0 0 1 1
80	1	0 1 0 0 0 1 0 1 1 1 1 1 1 1 0 0 0 1 0 0 1 0 1 1 0 1 1 1 1 1 1 0 0 1 1 0 0 0 0 1 0 0 1 1 0 0 0 0 1 1
80	18	0 1 0 0 0 1 0 1 1 1 1 1 1 1 0 0 0 1 0 0 1 0 1 0 0 1 1 1 1 1 1 0 0 1 1 0 0 0 0 1 0 0 1 1 0 0 0 0 1 1
80	1	0 0 0 0 0 1 0 1 1 1 1 1 1 1 0 0 0 1 0 0 1 0 1 0 0 1 1 0 1 1 1 0 0 1 1 0 0 0 0 1 0 0 1 1 0 0 0 0 1 1
80	47	0 1 0 0 0 1 0 1 1 1 1 1 1 1 0 0 0 1 0 0 1 0 1 0 0 1 1 0 1 1 1 0 0 1 1 0 0 0 0 1 0 0 1 1 0 0 0 0 1 1
80	1	0 1 0 0 0 1 0 1 1 1 1 1 1 1 1 0 0 1 0 0 1 0 1 0 0 1 1 0 1 1 1 0 0 1 1 0 0 0 0 1 0 0 1 1 0 0 0 0 1 1
80	6	1 1 0 0 0 1 0 1 1 1 1 1 1 1 0 0 0 1 0 0 1 0 1 0 0 1 1 0 1 1 1 1 0 1 1 0 0 0 0 1 0 0 1 1 0 0 0 0 1 1
80	5	0 1 1 0 0 1 0 1 1 1 1 1 1 1 0 0 0 1 0 0 1 0 1 0 0 1 1 0 1 1 1 0 0 1 1 0 0 0 0 1 0 0 1 1 0 0 0 0 1 1
90	1	0 1 1 0 0 1 0 1 1 1 1 1 1 1 0 0 0 0 0 0 1 0 1 0 0 1 1 1 1 1 1 0 0 1 1 0 0 0 0 1 0 0 1 1 0 0 0 0 1 1
90	13	0 1 1 0 0 1 0 1 1 1 1 1 1 1 0 0 0 1 0 0 1 0 1 0 0 1 1 1 1 1 1 0 0 1 1 0 0 0 0 1 0 0 1 1 0 0 0 0 1 1
90	12	0 1 0 0 0 1 1 1 1 1 1 1 1 1 0 0 0 1 0 0 1 0 1 0 0 1 1 1 1 1 1 0 0 1 1 0 0 0 0 1 0 0 1 1 0 0 0 0 1 1
90	11	1 1 0 0 0 1 0 1 1 1 1 1 1 1 0 0 0 1 0 0 1 0 1 0 0 1 1 0 1 1 1 1 0 1 1 0 0 0 0 1 0 0 1 1 0 0 0 0 1 1
90	16	1 1 0 0 0 1 0 1 1 1 1 1 1 1 0 0 0 1 0 0 1 0 1 0 0 1 1 0 1 1 1 0 0 1 1 0 0 0 0 1 0 0 1 1 0 0 0 0 1 1
90	13	0 1 0 0 0 1 0 1 1 1 1 1 1 1 0 0 0 1 0 0 1 0 1 0 0 1 1 1 1 1 1 0 0 1 1 0 0 0 0 1 0 0 1 1 0 0 0 0 1 1
90	1	0 1 0 0 0 1 0 1 1 1 1 1 1 1 0 0 0 1 0 0 1 0 1 0 0 1 1 0 1 1 1 0 0 1 1 0 0 0 1 1 0 0 1 1 0 0 0 0 1 1
90	2	0 1 1 0 0 1 0 1 1 1 1 1 1 1 0 0 0 1 0 0 1 0 1 0 0 1 1 0 1 1 1 0 0 1 1 0 0 0 0 1 0 0 1 1 0 0 0 0 1 1
90	1	0 1 0 0 0 0 0 1 1 1 1 1 1 1 0 0 0 1 0 0 1 0 1 0 0 1 1 0 1 1 1 0 0 1 1 0 0 0 0 1 0 0 1 1 0 0 0 0 1 1
90	2	0 1 0 0 0 1 0 1 1 1 1 1 1 1 0 0 0 1 0 0 1 0 1 0 0 1 1 0 1 1 0 0 0 1 1 0 0 0 0 1 0 0 1 1 0 0 0 0 1 1
90	1	0 1 0 0 1 1 0 1 1 1 1 1 1 1 0 0 0 1 0 0 1 0 1 0 0 1 1 0 1 1 1 0 0 1 1 0 0 0 0 1 0 0 1 1 0 0 0 0 1 1
90	1	0 1 0 0 0 1 0 1 1 1 1 1 1 1 0 0 0 1 0 0 1 0 1 0 0 1 1 0 1 1 1 0 0 1 1 0 0 0 0 1 0 0 1 1 0 1 0 0 1 1
90	26	0 1 0 0 0 1 0 1 1 1 1 1 1 1 0 0 0 1 0 0 1 0 1 0 0 1 1 0 1 1 1 0 0 1 1 0 0 0 0 1 0 0 1 1 0 0 0 0 1 1
100	2	0 1 1 0 0 1 0 1 1 1 1 1 1 1 0 0 0 0 0 0 1 0 1 0 0 1 1 1 1 1 1 0 0 1 1 0 0 0 0 1 0 0 1 1 0 0 0 0 1 1
100	1	0 1 1 0 0 1 0 1 1 1 1 1 1 1 0 0 0 1 0 0 1 0 1 0 0 1 1 1 1 1 1 0 0 1 1 0 0 0 0 1 0 1 1 1 0 0 0 0 1 1
100	1	0 1 1 0 0 1 0 1 1 1 1 1 1 1 0 0 0 1 1 0 1 0 1 0 0 1 1 1 1 1 1 0 0 1 1 0 0 0 0 1 0 0 1 1 0 0 0 0 1 1
100	12	0 1 1 0 0 1 0 1 1 1 1 1 1 1 0 0 0 1 0 0 1 0 1 0 0 1 1 1 1 1 1 0 0 1 1 0 0 0 0 1 0 0 1 1 0 0 0 0 1 1
100	7	0 1 0 0 0 1 1 1 1 1 1 1 1 1 0 0 0 1 0 0 1 0 1 0 0 1 1 1 1 1 1 0 0 1 1 0 0 0 0 1 0 0 1 1 0 0 0 0 1 1
100	2	1 1 0 0 0 1 0 1 1 1 1 1 1 1 0 1 0 1 0 0 1 0 1 0 0 1 1 0 1 1 1 0 0 1 1 0 0 0 0 1 0 0 1 1 0 0 0 0 1 1
100	10	1 1 0 0 0 1 0 1 1 1 1 1 1 1 0 0 0 1 0 0 1 0 1 0 0 1 1 0 1 1 1 1 0 1 1 0 0 0 0 1 0 0 1 1 0 0 0 0 1 1
100	1	1 1 0 0 0 1 0 1 1 1 1 1 1 1 0 0 0 1 0 0 1 0 1 0 0 1 1 0 1 1 0 0 0 1 1 0 0 0 0 1 0 0 1 1 0 0 0 0 1 1
100	37	1 1 0 0 0 1 0 1 1 1 1 1 1 1 0 0 0 1 0 0 1 0 1 0 0 1 1 0 1 1 1 0 0 1 1 0 0 0 0 1 0 0 1 1 0 0 0 0 1 1
100	6	0 1 0 0 0 1 0 1 1 1 1 1 1 1 0 0 0 1 0 0 1 0 1 0 0 1 1 1 1 1 1 0 0 1 1 0 0 0 0 1 0 0 1 1 0 0 0 0 1 1
100	2	0 1 1 0 0 1 0 1 1 1 1 1 1 1 0 0 0 1 0 0 1 0 1 0 0 1 1 0 1 1 1 0 0 1 1 0 0 0 0 1 0 0 1 1 0 0 0 0 1 1
100	1	0 1 0 0 1 1 0 1 1 1 1 1 1 1 0 0 0 0 0 0 1 0 1 0 0 1 1 0 1 1 1 0 0 1 1 0 0 0 0 1 0 0 1 1 0 0 0 0 1 1
100	2	0 1 0 0 1 1 0 1 1 1 1 1 1 1 0 0 0 1 0 0 1 0 1 0 0 1 1 0 1 1 1 0 0 1 1 0 0 0 0 1 0 0 1 1 0 0 0 0 1 1
100	14	0 1 0 0 0 1 0 1 1 1 1 1 1 1 0 0 0 1 0 0 1 0 1 0 0 1 1 0 1 1 1 0 0 1 1 0 0 0 0 1 0 0 1 1 0 0 0 0 1 1
100	2	0 1 1 0 0 1 0 1 1 1 1 1 1 1 0 0 0 1 0 0 1 0 1 0 0 1 1 0 1 1 0 0 0 1 1 0 0 0 0 1 0 0 1 1 0 0 0 0 1 1
110	3	0 1 1 0 0 1 0 1 1 1 1 1 1 1 0 0 0 0 0 0 1 0 1 0 0 1 1 1 1 1 1 0 0 1 1 0 0 0 0 1 0 0 1 1 0 0 0 0 1 1
110	1	0 1 1 0 0 1 0 1 1 1 1 1 1 1 0 0 0 1 0 0 1 0 1 0 0 1 1 1 1 1 1 0 0 1 1 0 0 0 0 1 0 1 1 1 0 0 0 0 1 1
110	1	0 1 1 0 0 1 0 1 1 1 1 1 1 1 0 0 0 1 0 0 1 0 1 0 0 1 1 1 1 1 0 0 0 1 1 0 0 0 0 1 0 0 1 1 0 0 0 0 1 1
110	4	0 1 0 0 0 1 0 1 1 1 1 1 1 1 0 0 0 1 0 0 1 0 1 0 0 1 1 1 1 1 1 0 0 1 1 0 0 0 0 1 0 0 1 1 0 0 0 0 1 1
110	13	0 1 1 0 0 1 0 1 1 1 1 1 1 1 0 0 0 1 0 0 1 0 1 0 0 1 1 1 1 1 1 0 0 1 1 0 0 0 0 1 0 0 1 1 0 0 0 0 1 1
110	1	0 1 0 1 0 1 1 1 1 1 1 1 1 1 0 0 0 1 0 0 1 0 1 0 0 1 1 1 1 1 1 0 0 1 1 0 0 0 0 1 0 0 1 1 0 0 0 0 1 1
110	10	0 1 0 0 0 1 1 1 1 1 1 1 1 1 0 0 0 1 0 0 1 0 1 0 0 1 1 1 1 1 1 0 0 1 1 0 0 0 0 1 0 0 1 1 0 0 0 0 1 1
110	4	1 1 0 0 0 1 0 1 1 1 1 1 1 1 0 1 0 1 0 0 1 0 1 0 0 1 1 0 1 1 1 0 0 1 1 0 0 0 0 1 0 0 1 1 0 0 0 0 1 1
110	1	1 0 0 0 0 1 0 1 1 1 1 1 1 1 0 0 0 1 0 0 1 0 1 0 0 1 1 0 1 1 1 1 0 1 1 0 0 0 0 1 0 0 1 1 0 0 0 0 1 1
110	1	1 1 0 0 0 1 0 0 1 1 1 1 1 1 0 0 0 1 0 0 1 0 1 0 0 1 1 0 1 1 1 1 0 1 1 0 0 0 0 1 0 0 1 1 0 0 0 0 1 1
110	18	1 1 0 0 0 1 0 1 1 1 1 1 1 1 0 0 0 1 0 0 1 0 1 0 0 1 1 0 1 1 1 1 0 1 1 0 0 0 0 1 0 0 1 1 0 0 0 0 1 1
110	1	1 1 0 0 0 1 0 1 1 1 1 1 1 1 0 0 0 1 0 0 1 0 1 0 0 1 1 1 1 1 1 0 0 1 1 0 0 0 0 1 0 0 1 1 0 0 0 0 1 1
110	26	1 1 0 0 0 1 0 1 1 1 1 1 1 1 0 0 0 1 0 0 1 0 1 0 0 1 1 0 1 1 1 0 0 1 1 0 0 0 0 1 0 0 1 1 0 0 0 0 1 1
110	3	0 1 0 0 0 1 0 1 1 1 1 1 1 1 0 0 0 0 0 0 1 0 1 0 0 1 1 1 1 1 1 0 0 1 1 0 0 0 0 1 0 0 1 1 0 0 0 0 1 1
110	3	0 1 1 0 0 1 0 1 1 1 1 1 1 1 0 0 0 1 0 0 1 0 1 0 0 1 1 0 1 1 1 0 0 1 1 0 0 0 0 1 0 0 1 1 0 0 0 0 1 1
110	2	0 1 0 0 1 1 0 1 1 1 1 1 1 1 0 0 0 0 0 0 1 0 1 0 0 1 1 0 1 1 1 0 0 1 1 0 0 0 0 1 0 0 1 1 0 0 0 0 1 1
110	1	0 1 0 0 1 1 0 1 1 1 1 1 1 1 0 0 0 1 0 0 1 0 1 0 0 1 1 0 1 1 1 0 0 1 1 0 0 0 0 1 0 0 1 1 0 0 0 0 1 1
110	4	0 1 0 0 0 1 0 1 1 1 1 1 1 1 0 0 0 1 0 0 1 0 1 0 0 1 1 0 1 1 1 0 0 1 1 0 0 0 0 1 0 0 1 1 0 0 0 0 1 1
110	3	0 1 1 0 0 1 0 1 1 1 1 1 1 1 0 0 0 1 0 0 1 0 1 0 0 1 1 0 1 1 0 0 0 1 1 0 0 0 0 1 0 0 1 1 0 0 0 0 1 1
120	2	0 1 1 0 0 1 0 1 1 1 1 1 1 1 0 0 0 0 0 0 1 0 1 0 0 1 1 1 1 1 1 1 0 1 1 0 0 0 0 1 0 0 1 1 0 0 0 0 1 1
120	5	0 1 1 0 0 1 0 1 1 1 1 1 1 1 0 0 0 0 0 0 1 0 1 0 0 1 1 1 1 1 1 0 0 1 1 0 0 0 0 1 0 0 1 1 0 0 0 0 1 1
120	1	0 1 1 0 0 1 0 1 1 1 1 1 1 1 0 0 0 1 0 0 1 0 1 0 0 1 1 1 1 1 0 0 0 1 1 0 0 0 0 1 0 0 1 1 0 0 0 0 1 1
120	1	0 1 1 0 0 1 0 1 1 1 1 1 1 1 0 0 0 1 0 0 1 0 1 0 0 1 1 1 1 1 1 1 0 1 1 0 0 0 0 1 0 0 1 1 0 0 0 0 1 1
120	1	0 1 0 0 0 1 0 1 1 1 1 1 1 1 0 0 0 1 0 0 1 0 1 0 0 1 1 1 1 1 1 0 0 1 1 0 0 0 0 1 0 0 1 1 0 0 0 0 1 1
120	28	0 1 1 0 0 1 0 1 1 1 1 1 1 1 0 0 0 1 0 0 1 0 1 0 0 1 1 1 1 1 1 0 0 1 1 0 0 0 0 1 0 0 1 1 0 0 0 0 1 1
120	1	0 1 0 0 0 1 1 1 1 1 1 1 1 1 0 0 0 1 1 0 1 0 1 0 0 1 1 1 1 1 1 0 0 1 1 0 0 0 0 1 0 0 1 1 0 0 0 0 1 1
120	8	0 1 0 0 0 1 1 1 1 1 1 1 1 1 0 0 0 1 0 0 1 0 1 0 0 1 1 1 1 1 1 0 0 1 1 0 0 0 0 1 0 0 1 1 0 0 0 0 1 1
120	1	1 1 0 0 0 1 0 1 1 1 1 1 1 1 0 1 0 1 0 0 1 0 1 0 0 1 1 0 1 1 1 0 0 1 1 0 0 0 0 1 0 0 1 1 0 0 0 0 1 1
120	16	1 1 0 0 0 1 0 1 1 1 1 1 1 1 0 0 0 1 0 0 1 0 1 0 0 1 1 0 1 1 1 1 0 1 1 0 0 0 0 1 0 0 1 1 0 0 0 0 1 1
120	1	1 1 0 0 0 1 0 1 1 1 1 1 1 1 0 0 0 1 0 0 1 0 1 0 0 0 1 0 1 1 1 1 0 1 1 0 0 0 0 1 0 0 1 1 0 0 0 0 1 1
120	23	1 1 0 0 0 1 0 1 1 1 1 1 1 1 0 0 0 1 0 0 1 0 1 0 0 1 1 0 1 1 1 0 0 1 1 0 0 0 0 1 0 0 1 1 0 0 0 0 1 1
120	11	0 1 1 0 0 1 0 1 1 1 1 1 1 1 0 0 0 1 0 0 1 0 1 0 0 1 1 0 1 1 1 0 0 1 1 0 0 0 0 1 0 0 1 1 0 0 0 0 1 1
120	1	0 1 0 0 0 1 0 1 1 1 1 1 1 1 0 0 0 1 0 0 1 0 1 0 0 1 1 0 1 1 1 0 0 1 1 0 0 0 0 1 0 0 1 1 0 0 0 0 1 1
130	1	0 1 1 0 0 1 0 1 1 1 1 1 1 1 0 0 0 0 0 0 1 0 1 0 0 1 1 1 1 1 1 1 0 1 1 0 0 0 0 1 0 0 1 1 0 0 0 0 1 1
130	1	0 1 1 0 0 1 0 1 1 1 1 1 1 1 0 0 0 1 0 0 1 0 1 0 0 1 1 1 1 1 1 1 0 1 1 0 0 0 0 1 0 0 1 1 0 0 0 0 1 1
130	27	0 1 1 0 0 1 0 1 1 1 1 1 1 1 0 0 0 1 0 0 1 0 1 0 0 1 1 1 1 1 1 0 0 1 1 0 0 0 0 1 0 0 1 1 0 0 0 0 1 1
130	4	0 1 0 0 0 1 0 1 1 1 1 1 1 1 0 0 0 1 0 0 1 0 1 0 0 1 1 1 1 1 1 0 0 1 1 0 0 0 0 1 0 0 1 1 0 0 0 0 1 1
130	1	0 1 0 0 0 1 1 1 1 1 1 1 0 1 0 0 0 1 0 0 1 0 1 0 0 1 1 1 1 1 1 0 0 1 1 0 0 0 0 1 0 0 1 1 0 0 0 0 0 1
130	1	0 1 0 0 0 1 1 1 1 1 1 1 0 1 0 0 1 1 0 0 1 0 1 0 0 1 1 1 1 1 1 0 0 1 1 0 0 0 0 1 0 0 1 1 0 0 0 0 1 1
130	10	0 1 0 0 0 1 1 1 1 1 1 1 0 1 0 0 0 1 0 0 1 0 1 0 0 1 1 1 1 1 1 0 0 1 1 0 0 0 0 1 0 0 1 1 0 0 0 0 1 1
130	6	0 1 0 0 0 1 1 1 1 1 1 1 1 1 0 0 0 1 0 0 1 0 1 0 0 1 1 1 1 1 1 0 0 1 1 0 0 0 0 1 0 0 1 1 0 0 0 0 1 1
130	1	1 1 0 0 0 1 0 1 1 1 1 1 1 1 0 1 0 1 0 0 1 0 1 0 0 1 1 0 1 1 1 0 0 1 1 0 0 0 0 1 0 0 1 1 0 0 0 0 1 1
130	1	1 1 0 0 0 1 0 1 1 1 1 1 1 1 0 0 0 1 0 0 1 0 0 0 0 1 1 0 1 1 1 1 0 1 1 0 0 0 0 1 0 0 1 1 0 0 0 0 1 1
130	10	1 1 0 0 0 1 0 1 1 1 1 1 1 1 0 0 0 1 0 0 1 0 1 0 0 1 1 0 1 1 1 1 0 1 1 0 0 0 0 1 0 0 1 1 0 0 0 0 1 1
130	27	1 1 0 0 0 1 0 1 1 1 1 1 1 1 0 0 0 1 0 0 1 0 1 0 0 1 1 0 1 1 1 0 0 1 1 0 0 0 0 1 0 0 1 1 0 0 0 0 1 1
130	10	0 1 1 0 0 1 0 1 1 1 1 1 1 1 0 0 0 1 0 0 1 0 1 0 0 1 1 0 1 1 1 0 0 1 1 0 0 0 0 1 0 0 1 1 0 0 0 0 1 1
140	1	0 1 1 0 1 1 0 1 1 1 1 1 1 1 0 0 0 1 0 0 1 0 1 0 0 1 1 1 1 1 0 0 0 1 1 0 0 0 0 1 0 0 1 1 0 0 0 0 1 1
140	6	0 1 1 0 1 1 0 1 1 1 1 1 1 1 0 0 0 1 0 0 1 0 1 0 0 1 1 1 1 1 1 0 0 1 1 0 0 0 0 1 0 0 1 1 0 0 0 0 1 1
140	14	0 1 1 0 0 1 0 1 1 1 1 1 1 1 0 0 0 1 0 0 1 0 1 0 0 1 1 1 1 1 1 0 0 1 1 0 0 0 0 1 0 0 1 1 0 0 0 0 1 1
140	6	0 1 0 0 0 1 0 1 1 1 1 1 1 1 0 0 0 1 0 0 1 0 1 0 0 1 1 1 1 1 1 0 0 1 1 0 0 0 0 1 0 0 1 1 0 0 0 0 1 1
140	4	0 1 0 0 0 1 1 1 1 1 1 1 0 1 0 0 0 1 0 0 1 0 1 0 0 1 1 1 1 1 1 0 0 1 1 0 0 0 0 1 0 0 1 1 0 0 0 0 1 1
140	4	0 1 0 0 0 1 1 1 1 1 1 1 1 1 0 0 0 1 0 0 1 0 1 0 0 0 1 1 1 1 1 0 0 1 1 0 0 0 0 1 0 0 1 1 0 0 0 0 1 1
140	8	0 1 0 0 0 1 1 1 1 1 1 1 1 1 0 0 0 1 0 0 1 0 1 0 0 1 1 1 1 1 1 0 0 1 1 0 0 0 0 1 0 0 1 1 0 0 0 0 1 1
140	2	1 1 0 0 0 1 0 1 1 1 1 1 1 1 0 1 0 1 0 0 1 0 1 0 0 1 1 0 1 1 1 0 0 1 1 0 0 0 0 1 0 0 1 1 0 0 0 0 1 1
140	1	1 1 0 0 0 1 0 1 1 1 1 1 1 1 0 0 0 1 0 0 1 0 1 0 0 0 1 0 1 1 1 1 0 1 1 0 0 0 0 1 0 0 1 1 0 0 0 0 1 1
140	3	1 1 0 0 1 1 0 1 1 1 1 1 1 1 0 0 0 1 0 0 1 0 0 0 0 1 1 0 1 1 1 1 0 1 1 0 0 0 0 1 0 0 1 1 0 0 0 0 1 1
140	1	1 1 1 0 0 1 0 1 1 1 1 1 1 1 0 0 0 1 0 0 1 0 1 0 0 1 1 0 1 1 1 1 0 1 1 0 0 0 0 1 0 0 1 1 0 0 0 0 1 1
140	1	1 1 0 0 0 1 0 1 1 1 1 1 1 1 0 0 0 1 0 0 1 0 1 0 0 1 1 0 1 1 1 1 0 1 1 0 0 0 0 1 0 0 1 1 0 0 0 0 1 1
140	4	1 1 0 0 0 1 0 1 1 1 1 1 1 1 0 0 0 1 0 0 1 0 1 0 0 1 1 0 1 0 1 0 0 1 1 0 0 0 0 1 0 0 1 1 0 0 0 0 1 1
140	1	1 1 0 0 0 1 0 1 1 1 1 1 1 1 0 0 0 1 0 1 1 0 1 0 0 1 1 0 1 1 1 0 0 1 1 0 0 0 0 1 0 0 1 1 0 0 0 0 1 1
140	25	1 1 0 0 0 1 0 1 1 1 1 1 1 1 0 0 0 1 0 0 1 0 1 0 0 1 1 0 1 1 1 0 0 1 1 0 0 0 0 1 0 0 1 1 0 0 0 0 1 1
140	19	0 1 1 0 0 1 0 1 1 1 1 1 1 1 0 0 0 1 0 0 1 0 1 0 0 1 1 0 1 1 1 0 0 1 1 0 0 0 0 1 0 0 1 1 0 0 0 0 1 1
150	1	0 1 1 0 0 1 0 1 1 1 1 1 1 1 0 0 0 0 0 0 1 0 1 0 0 1 1 1 1 1 1 0 0 1 1 0 0 0 0 1 0 0 1 1 0 0 0 0 1 1
150	1	0 1 1 0 1 1 0 1 1 1 1 1 1 1 0 0 0 1 0 0 1 0 1 0 0 1 1 1 1 1 0 0 0 1 1 0 0 0 0 1 0 0 1 1 0 0 0 0 1 1
150	1	0 1 1 0 1 1 0 1 1 1 1 1 1 1 0 0 0 1 0 0 1 0 1 0 0 1 1 1 1 1 1 0 0 1 1 0 0 0 0 1 0 0 1 1 0 0 0 0 1 1
150	3	0 1 1 0 0 1 0 1 1 1 1 1 1 1 0 0 0 1 0 0 1 0 1 0 0 1 1 1 1 1 1 0 0 1 1 0 0 0 0 1 0 0 1 1 0 0 0 0 1 0
150	2	0 1 1 0 0 1 0 1 1 1 1 1 1 1 0 0 0 1 0 0 1 0 1 0 0 1 1 1 1 1 1 0 1 1 1 0 0 0 0 1 0 0 1 1 0 0 0 0 1 1
150	1	0 1 1 0 0 1 0 1 1 1 1 1 1 1 0 0 0 1 0 0 1 0 1 0 0 1 1 0 1 1 1 0 0 1 1 0 0 0 0 0 0 0 1 1 0 0 0 0 1 1
150	12	0 1 1 0 0 1 0 1 1 1 1 1 1 1 0 0 0 1 0 0 1 0 1 0 0 1 1 0 1 1 1 0 0 1 1 0 0 0 0 1 0 0 1 1 0 0 0 0 1 1
150	1	0 1 1 0 0 1 0 1 1 1 1 1 1 1 0 0 0 1 0 0 0 0 1 0 0 1 1 1 1 1 1 0 0 1 1 0 0 0 0 1 0 0 1 1 0 0 0 0 1 1
150	14	0 1 1 0 0 1 0 1 1 1 1 1 1 1 0 0 0 1 0 0 1 0 1 0 0 1 1 1 1 1 1 0 0 1 1 0 0 0 0 1 0 0 1 1 0 0 0 0 1 1
150	2	0 1 0 0 0 1 0 1 1 1 1 1 1 1 0 0 0 1 0 0 1 0 1 0 0 1 1 1 1 1 1 0 0 1 1 0 0 0 0 1 0 0 1 1 0 0 0 0 1 1
150	2	0 1 0 0 0 1 1 1 1 1 1 1 0 1 0 0 0 0 0 0 1 0 1 0 0 1 1 1 1 1 1 0 0 1 1 0 0 0 0 1 0 0 1 1 0 0 0 0 1 1
150	5	0 1 0 0 0 1 1 1 1 1 1 1 0 1 0 0 0 1 0 0 1 0 1 0 0 1 1 1 1 1 1 0 0 1 1 0 0 0 0 1 0 0 1 1 0 0 0 0 1 1
150	3	0 1 0 0 0 1 1 1 1 1 1 1 1 1 0 0 0 1 0 0 1 0 1 0 0 0 1 1 1 1 1 0 0 1 1 0 0 0 0 1 0 0 1 1 0 0 0 0 1 1
150	14	0 1 0 0 0 1 1 1 1 1 1 1 1 1 0 0 0 1 0 0 1 0 1 0 0 1 1 1 1 1 1 0 0 1 1 0 0 0 0 1 0 0 1 1 0 0 0 0 1 1
150	1	1 1 0 0 0 1 0 1 1 1 1 1 1 1 0 0 0 1 0 0 1 0 1 0 0 0 1 0 1 1 1 1 0 1 1 0 0 0 0 1 0 0 1 1 0 0 0 0 1 1
150	5	1 1 0 0 1 1 0 1 1 1 1 1 1 1 0 0 0 1 0 0 1 0 0 0 0 1 1 0 1 1 1 1 0 1 1 0 0 0 0 1 0 0 1 1 0 0 0 0 1 1
150	2	1 1 0 1 0 1 0 1 1 1 1 1 1 1 0 0 0 1 0 0 1 0 1 0 0 1 1 0 1 1 1 1 0 1 1 0 0 0 0 1 0 0 1 1 0 0 0 0 1 1
150	1	1 1 1 0 0 1 0 1 1 1 1 1 1 1 0 0 0 1 0 0 1 0 1 0 0 1 1 0 1 1 1 1 0 1 1 0 0 0 0 1 0 0 1 1 0 0 0 0 1 1
150	3	1 1 0 0 0 1 0 1 1 1 1 1 1 1 0 0 0 1 0 0 1 0 1 0 0 1 1 0 1 1 1 1 0 1 1 0 0 0 0 1 0 0 1 1 0 0 0 0 1 1
150	1	1 1 0 0 0 1 0 1 1 1 1 1 1 1 0 0 0 1 0 0 1 0 1 0 0 1 1 0 1 0 1 0 0 1 1 0 0 0 0 1 0 0 1 1 0 0 0 0 1 1
150	2	1 1 0 0 0 1 0 1 1 1 1 1 1 1 0 0 0 1 0 0 1 0 1 0 0 1 1 1 1 1 1 0 0 1 1 0 0 0 0 1 0 0 1 1 0 0 0 0 1 1
150	1	1 1 1 0 0 1 0 1 1 1 1 1 1 1 0 0 0 1 0 0 1 0 1 0 0 1 1 0 1 1 1 0 0 1 1 0 0 0 0 1 0 0 1 1 0 0 0 0 1 1
150	1	1 1 0 0 0 1 0 1 1 1 1 1 1 1 0 0 0 1 0 0 1 0 1 0 0 1 1 0 1 1 1 0 0 1 1 0 0 0 0 1 0 0 1 1 0 0 1 0 1 1
150	1	1 1 0 0 1 1 0 1 1 1 1 1 1 1 0 0 0 1 0 0 1 0 1 0 0 1 1 0 1 1 1 0 0 1 1 0 0 0 0 1 0 0 1 1 0 0 0 0 1 1
150	20	1 1 0 0 0 1 0 1 1 1 1 1 1 1 0 0 0 1 0 0 1 0 1 0 0 1 1 0 1 1 1 0 0 1 1 0 0 0 0 1 0 0 1 1 0 0 0 0 1 1
160	3	0 1 1 0 1 1 0 1 1 1 1 1 1 1 0 0 0 1 0 0 1 0 1 0 0 1 1 1 1 1 0 0 0 1 1 0 0 0 0 1 0 0 1 1 0 0 0 0 1 1
160	2	0 1 1 0 1 1 0 1 1 1 1 1 1 1 0 0 0 1 0 0 1 0 1 0 0 1 1 1 1 1 1 0 0 1 1 0 1 0 0 1 0 0 1 1 0 0 0 0 1 1
160	3	0 1 1 0 1 1 0 1 1 1 1 1 1 1 0 0 0 1 0 0 1 0 1 0 0 1 1 1 1 1 1 0 0 1 1 0 0 0 0 1 0 0 1 1 0 0 0 0 1 1
160	5	0 1 1 0 0 1 0 1 1 1 1 1 1 1 0 0 0 1 0 0 1 0 1 0 0 1 1 1 1 1 1 0 0 1 1 0 0 0 0 1 0 0 1 1 0 0 0 0 1 0
160	1	0 1 1 0 0 1 0 1 1 1 1 1 1 1 0 0 0 1 0 0 1 0 1 0 0 1 1 1 1 1 1 0 1 1 1 0 0 0 0 1 0 0 1 1 0 0 0 0 1 1
160	1	0 1 1 0 0 1 0 1 1 1 1 1 1 1 0 0 0 1 0 0 1 0 1 0 0 1 1 0 1 1 1 0 0 1 1 0 0 0 0 0 0 0 1 1 0 0 0 0 1 1
160	10	0 1 1 0 0 1 0 1 1 1 1 1 1 1 0 0 0 1 0 0 1 0 1 0 0 1 1 0 1 1 1 0 0 1 1 0 0 0 0 1 0 0 1 1 0 0 0 0 1 1
160	1	0 1 1 0 0 1 0 1 1 1 1 1 1 1 0 0 0 1 0 0 1 0 1 0 0 1 1 1 1 1 1 0 0 0 1 0 0 0 0 1 0 0 1 1 0 0 0 0 1 1
160	2	0 1 1 0 0 1 0 1 1 1 1 1 1 1 0 0 0 1 0 0 0 0 1 0 0 1 1 1 1 1 1 0 0 1 1 0 0 0 0 1 0 0 1 1 0 0 0 0 1 1
160	3	0 1 1 1 0 1 0 1 1 1 1 1 1 1 0 0 0 1 0 0 1 0 1 0 0 1 1 1 1 1 1 0 0 1 1 0 0 0 0 1 0 0 1 1 0 0 0 0 1 1
160	11	0 1 1 0 0 1 0 1 1 1 1 1 1 1 0 0 0 1 0 0 1 0 1 0 0 1 1 1 1 1 1 0 0 1 1 0 0 0 0 1 0 0 1 1 0 0 0 0 1 1
160	5	0 1 0 0 0 1 1 1 1 1 1 1 0 1 0 0 0 0 0 0 1 0 1 0 0 1 1 1 1 1 1 0 0 1 1 0 0 0 0 1 0 0 1 1 0 0 0 0 1 1
160	2	0 1 0 0 0 1 1 1 1 1 1 1 0 1 0 0 0 1 0 0 1 0 1 0 0 1 1 1 1 1 1 0 0 1 1 0 0 0 0 1 0 0 1 1 0 0 0 0 1 1
160	1	0 1 0 0 0 1 1 1 1 1 1 1 1 1 0 0 0 1 0 0 1 0 1 0 0 0 1 1 1 1 1 0 0 1 1 0 0 0 0 1 0 0 1 1 0 0 0 0 1 1
160	7	0 1 0 0 0 1 1 1 1 1 1 1 1 1 0 0 0 1 0 0 1 0 1 0 0 1 1 1 1 1 1 0 0 1 1 0 0 0 0 1 0 0 1 1 0 0 0 0 1 1
160	1	1 1 0 0 0 1 0 1 1 1 1 1 1 1 0 0 0 1 0 0 1 0 1 0 0 0 1 0 1 1 1 1 0 1 1 0 0 0 0 1 0 0 1 1 0 0 0 0 1 1
160	1	1 1 0 0 1 1 0 0 1 1 1 1 1 1 0 0 0 1 0 0 1 0 0 0 0 1 1 0 1 0 1 1 0 1 1 0 0 0 0 1 0 0 1 1 0 0 0 0 1 1
160	7	1 1 0 0 1 1 0 1 1 1 1 1 1 1 0 0 0 1 0 0 1 0 0 0 0 1 1 0 1 1 1 1 0 1 1 0 0 0 0 1 0 0 1 1 0 0 0 0 1 1
160	3	1 1 0 1 0 1 0 1 1 1 1 1 1 1 0 0 0 1 0 0 1 0 1 0 0 1 1 0 1 1 1 1 0 1 1 0 0 0 0 1 0 0 1 1 0 0 0 0 1 1
160	3	1 1 1 0 0 1 0 1 1 1 1 1 1 1 0 0 0 1 0 0 1 0 1 0 0 1 1 0 1 1 1 1 0 1 1 0 0 0 0 1 0 0 1 1 0 0 0 0 1 1
160	2	1 1 0 0 0 1 0 1 1 1 1 1 1 1 0 0 0 1 0 0 1 0 1 0 0 1 1 0 1 1 1 1 1 1 1 0 0 0 0 1 0 0 1 1 0 0 0 0 1 1
160	2	1 1 0 0 0 1 0 1 1 1 1 1 1 1 0 0 0 1 0 0 1 0 1 0 0 1 1 0 1 1 1 1 0 1 1 0 0 0 0 1 0 0 1 1 0 0 0 0 1 1
160	2	1 1 0 0 0 1 0 1 1 1 1 1 1 1 0 0 0 1 0 0 1 0 1 0 0 1 1 1 1 1 1 0 0 1 1 0 0 0 0 1 0 0 1 1 0 0 0 0 1 1
160	3	1 1 0 0 1 1 0 1 1 1 1 1 1 1 0 0 0 1 0 0 1 0 1 0 0 1 1 0 1 1 1 0 0 1 1 0 0 0 0 1 0 0 1 1 0 0 0 0 1 1
160	1	1 1 0 0 0 1 0 1 1 1 1 1 1 1 0 0 0 1 0 0 1 0 1 0 0 1 1 0 0 1 1 0 0 1 1 0 0 0 0 1 0 0 1 1 0 0 0 0 1 1
160	1	1 1 0 0 0 1 0 1 1 1 1 1 1 1 0 0 0 1 0 0 1 0 1 0 0 1 1 0 1 1 1 0 0 1 1 0 0 1 0 1 0 0 1 1 0 0 0 0 1 1
160	17	1 1 0 0 0 1 0 1 1 1 1 1 1 1 0 0 0 1 0 0 1 0 1 0 0 1 1 0 1 1 1 0 0 1 1 0 0 0 0 1 0 0 1 1 0 0 0 0 1 1
170	2	0 1 1 0 1 1 0 1 1 1 1 1 1 1 0 0 0 1 0 0 1 0 1 0 0 1 1 1 1 1 0 0 0 1 1 0 0 0 0 1 0 0 1 1 0 0 0 0 1 1
170	2	0 1 1 0 1 1 0 1 1 1 1 1 1 1 0 0 0 1 0 0 1 0 1 0 0 1 1 1 1 1 1 0 0 1 1 0 1 0 0 1 0 0 1 1 0 0 0 0 1 1
170	8	0 1 1 0 1 1 0 1 1 1 1 1 1 1 0 0 0 1 0 0 1 0 1 0 0 1 1 1 1 1 1 0 0 1 1 0 0 0 0 1 0 0 1 1 0 0 0 0 1 1
170	2	0 1 1 0 0 1 0 1 1 1 1 1 1 1 0 0 0 1 0 0 1 0 1 0 0 1 1 1 1 1 0 0 0 1 1 0 0 0 0 1 0 0 1 1 0 0 0 0 1 0
170	10	0 1 1 0 0 1 0 1 1 1 1 1 1 1 0 0 0 1 0 0 1 0 1 0 0 1 1 1 1 1 1 0 0 1 1 0 0 0 0 1 0 0 1 1 0 0 0 0 1 0
170	5	0 1 1 0 0 1 0 1 1 1 1 1 1 1 0 0 0 1 0 0 1 0 1 0 0 1 1 0 1 1 1 0 0 1 1 0 0 0 0 1 0 0 1 1 0 0 0 0 1 1
170	1	0 1 1 0 0 1 0 1 1 1 1 1 1 1 0 0 0 1 0 0 1 0 1 0 0 0 1 1 1 1 1 0 0 1 1 0 0 0 0 1 0 0 1 1 0 0 0 0 1 1
170	8	0 1 1 0 0 1 0 1 1 1 1 1 1 1 0 0 0 1 0 0 1 0 1 0 0 1 1 1 1 1 1 0 0 1 1 0 0 0 0 1 0 0 1 1 0 0 0 0 1 1
170	1	0 1 0 0 0 1 1 1 1 1 1 1 0 1 0 0 0 0 0 0 1 0 1 0 0 1 1 1 1 1 1 0 0 1 1 0 0 0 0 1 0 0 1 1 0 0 0 0 1 1
170	1	0 1 0 0 0 1 1 1 1 1 1 1 1 1 0 0 0 1 0 0 1 0 1 0 0 0 1 1 1 1 1 0 0 1 1 0 0 0 0 1 0 0 1 1 0 0 0 0 1 1
170	1	0 1 1 0 0 1 1 1 1 1 1 1 1 1 0 0 0 1 0 0 1 0 1 0 0 1 1 1 1 1 1 0 0 1 1 0 0 0 0 1 0 0 1 1 0 0 0 0 1 1
170	8	0 1 0 0 0 1 1 1 1 1 1 1 1 1 0 0 0 1 0 0 1 0 1 0 0 1 1 1 1 1 1 0 0 1 1 0 0 0 0 1 0 0 1 1 0 0 0 0 1 1
170	4	1 1 0 0 0 1 0 1 1 1 1 1 1 1 0 0 0 1 0 0 1 0 1 0 0 0 1 0 1 1 1 1 0 1 1 0 0 0 0 1 0 0 1 1 0 0 0 0 1 1
170	2	1 1 0 0 1 1 0 1 1 1 1 1 1 1 0 0 0 1 0 0 1 0 0 0 0 1 1 0 1 0 1 1 0 1 1 0 0 0 0 1 0 0 1 1 0 0 0 0 1 1
170	2	1 1 0 0 1 1 0 1 1 1 1 1 0 1 0 0 0 1 0 0 1 0 0 0 0 1 1 0 1 1 1 1 0 1 1 0 0 0 0 1 0 0 1 1 0 0 0 0 1 1
170	2	1 1 0 0 1 1 0 1 1 1 1 1 1 0 0 0 0 1 0 0 1 0 0 0 0 1 1 0 1 1 1 1 0 1 1 0 0 0 0 1 0 0 1 1 0 0 0 0 1 1
170	11	1 1 0 0 1 1 0 1 1 1 1 1 1 1 0 0 0 1 0 0 1 0 0 0 0 1 1 0 1 1 1 1 0 1 1 0 0 0 0 1 0 0 1 1 0 0 0 0 1 1
170	1	1 1 0 0 0 1 0 1 1 1 1 1 1 1 0 0 0 1 0 0 1 0 1 0 0 1 1 0 1 1 1 1 0 1 1 0 0 0 0 1 0 0 1 1 0 0 0 0 1 1
170	15	1 1 0 1 0 1 0 1 1 1 1 1 1 1 0 0 0 1 0 0 1 0 1 0 0 1 1 0 1 1 1 1 0 1 1 0 0 0 0 1 0 0 1 1 0 0 0 0 1 1
170	3	1 1 1 0 0 1 0 1 1 1 1 1 1 1 0 0 0 1 0 0 1 0 1 0 0 1 1 0 1 1 1 1 0 1 1 0 0 0 0 1 0 0 1 1 0 0 0 0 1 1
170	3	1 1 0 0 0 1 0 1 1 1 1 1 1 1 0 0 0 1 0 0 1 0 1 0 0 1 1 0 1 1 1 1 1 1 1 0 0 0 0 1 0 0 1 1 0 0 0 0 1 1
170	2	1 1 0 0 1 1 0 1 1 1 1 1 1 1 0 0 0 1 0 0 1 0 1 0 0 1 1 0 1 1 1 0 0 1 1 0 0 0 0 1 0 0 1 1 0 0 0 0 1 1
170	2	1 1 0 0 0 1 1 1 1 1 1 1 1 1 0 0 0 1 0 0 1 0 1 0 0 1 1 0 1 1 1 0 0 1 1 0 0 0 0 1 0 0 1 1 0 0 0 0 1 1
170	1	1 1 0 0 0 1 0 1 1 1 1 1 1 1 0 0 0 0 0 0 1 0 1 0 0 1 1 0 1 1 1 0 0 1 1 0 0 0 0 1 0 0 1 1 0 0 0 0 1 1
170	3	1 1 0 0 0 1 0 1 1 1 1 1 1 1 0 0 0 1 0 0 1 0 1 0 0 1 1 0 1 1 1 0 0 1 1 0 0 0 0 1 0 0 1 1 0 0 0 0 1 1
180	9	0 1 1 0 1 1 0 1 1 1 1 1 1 1 0 0 0 1 0 0 1 0 1 0 0 1 1 1 1 1 0 0 0 1 1 0 0 0 0 1 0 0 1 1 0 0 0 0 1 1
180	1	0 1 1 0 1 1 0 1 1 1 1 1 1 1 0 0 0 1 0 0 1 0 1 0 0 1 1 1 1 1 1 0 0 1 1 0 1 0 0 1 0 0 1 1 0 0 0 0 1 1
180	6	0 1 1 0 1 1 0 1 1 1 1 1 1 1 0 0 0 1 0 0 1 0 1 0 0 1 1 1 1 1 1 0 0 1 1 0 0 0 0 1 0 0 1 1 0 0 0 0 1 1
180	2	0 1 1 0 0 1 0 1 1 1 1 1 1 1 0 0 0 1 0 0 1 0 1 0 0 1 1 1 1 1 0 0 0 1 1 0 0 0 0 1 0 0 1 1 0 0 0 0 1 0
180	1	0 1 1 0 0 1 0 1 1 1 1 1 1 1 0 0 0 1 0 0 1 0 1 0 0 1 1 1 1 1 1 0 0 1 1 0 0 1 0 1 0 0 1 1 0 0 0 0 1 0
180	1	0 1 1 0 0 1 0 1 1 1 1 1 1 1 0 0 0 1 0 0 1 0 1 0 0 1 1 1 1 1 1 0 0 1 1 0 0 0 0 1 0 0 1 0 0 0 0 0 1 0
180	12	0 1 1 0 0 1 0 1 1 1 1 1 1 1 0 0 0 1 0 0 1 0 1 0 0 1 1 1 1 1 1 0 0 1 1 0 0 0 0 1 0 0 1 1 0 0 0 0 1 0
180	1	0 1 1 0 0 1 0 1 1 1 1 1 1 1 0 0 0 1 0 0 1 0 1 0 0 1 1 0 1 1 1 0 0 1 1 0 0 0 0 0 0 0 1 1 0 0 0 0 1 1
180	1	0 1 1 0 0 1 0 1 1 1 1 1 1 1 0 0 0 1 0 0 1 0 1 0 0 1 1 0 1 1 1 0 0 1 1 0 0 0 0 1 0 0 1 0 0 0 0 0 1 1
180	2	0 1 1 0 0 1 0 1 1 1 1 1 1 1 0 0 0 1 0 0 1 0 1 0 0 1 1 0 1 1 1 0 0 1 1 0 0 0 0 1 0 0 1 1 0 0 0 0 1 1
180	1	0 1 1 0 0 1 0 1 1 1 1 1 1 1 0 0 0 1 0 0 1 0 0 0 0 1 1 1 1 1 1 0 0 1 1 0 0 0 0 1 0 0 1 1 0 0 0 0 1 1
180	4	0 1 1 0 0 1 0 1 1 1 1 1 1 1 0 0 0 1 0 0 1 0 1 0 0 1 1 1 1 1 1 0 0 1 1 0 0 0 0 1 0 0 1 1 0 0 0 0 1 1
180	2	0 1 0 0 0 1 1 1 1 1 1 1 1 1 0 0 0 1 0 0 1 0 1 0 0 0 1 1 1 1 1 0 0 1 1 0 0 0 0 1 0 0 1 1 0 0 0 0 1 1
180	5	0 1 0 0 0 1 1 1 1 1 1 1 1 1 0 0 0 1 0 0 1 0 1 0 0 1 1 1 1 1 1 0 0 1 1 0 0 0 0 1 0 0 1 1 0 0 0 0 1 1
180	2	1 1 0 0 1 1 0 1 1 1 1 1 1 1 0 0 0 1 0 0 1 0 0 0 0 1 1 0 1 0 1 1 0 1 1 0 0 0 0 1 0 0 1 1 0 0 0 0 1 1
180	1	1 1 0 0 1 1 0 1 1 1 1 1 0 1 0 0 0 1 0 0 1 0 0 0 0 1 1 0 1 1 1 1 0 1 1 0 0 0 0 1 0 0 1 1 0 0 0 0 1 1
180	2	1 1 0 0 1 1 0 1 1 1 1 1 1 0 0 0 0 1 0 0 1 0 0 0 0 1 1 0 1 1 1 1 0 1 1 0 0 0 0 1 0 0 1 1 0 0 0 0 1 1
180	17	1 1 0 0 1 1 0 1 1 1 1 1 1 1 0 0 0 1 0 0 1 0 0 0 0 1 1 0 1 1 1 1 0 1 1 0 0 0 0 1 0 0 1 1 0 0 0 0 1 1
180	17	1 1 0 1 0 1 0 1 1 1 1 1 1 1 0 0 0 1 0 0 1 0 1 0 0 1 1 0 1 1 1 1 0 1 1 0 0 0 0 1 0 0 1 1 0 0 0 0 1 1
180	1	1 1 1 0 0 1 0 1 1 1 1 1 1 1 0 0 0 1 0 0 1 0 1 0 0 1 1 0 1 1 1 1 0 1 1 0 0 0 0 1 0 0 1 1 0 0 0 0 1 1
180	3	1 1 0 0 1 1 0 1 0 1 1 1 1 1 0 0 0 1 0 0 1 0 1 0 0 1 1 0 1 1 1 0 0 1 1 0 0 0 0 1 0 0 1 1 0 0 0 0 1 1
180	2	1 1 0 0 1 1 0 1 1 1 1 1 1 1 0 0 0 1 0 0 1 0 1 0 0 1 1 0 1 1 1 0 0 1 1 0 0 0 0 1 0 0 1 1 0 0 0 0 1 1
180	7	1 1 0 0 0 1 0 1 1 1 1 1 1 1 0 0 0 1 0 0 1 0 1 0 0 1 1 0 1 1 1 0 0 1 1 0 0 0 0 1 0 0 1 1 0 0 0 0 1 1
190	5	0 1 1 0 1 1 0 1 1 1 1 1 1 1 0 0 0 1 0 0 1 0 1 0 0 1 1 1 1 1 0 0 0 1 1 0 0 0 0 1 0 0 1 1 0 0 0 0 1 1
190	1	0 1 1 0 1 1 0 1 1 1 1 1 0 1 0 0 0 1 0 0 1 0 1 0 0 1 1 1 1 1 1 0 0 1 1 0 0 0 0 1 0 0 1 1 0 0 0 0 1 1
190	12	0 1 1 0 1 1 0 1 1 1 1 1 1 1 0 0 0 1 0 0 1 0 1 0 0 1 1 1 1 1 1 0 0 1 1 0 0 0 0 1 0 0 1 1 0 0 0 0 1 1
190	3	0 1 1 0 0 1 0 1 0 1 1 1 1 1 0 0 0 1 0 0 1 0 1 0 0 1 1 1 1 1 1 0 0 1 1 0 0 0 0 1 0 0 1 1 0 0 0 0 1 0
190	1	0 1 1 0 0 1 0 1 1 1 1 1 1 1 0 0 0 1 0 0 1 0 1 0 0 1 1 1 1 1 1 0 0 1 1 0 0 0 0 1 0 0 1 1 1 0 0 0 1 0
190	1	0 1 1 0 0 1 0 1 1 1 1 1 1 1 0 0 0 0 0 0 1 0 1 0 0 1 1 1 1 1 1 0 0 1 1 0 0 0 0 1 0 0 1 1 0 0 0 0 1 0
190	23	0 1 1 0 0 1 0 1 1 1 1 1 1 1 0 0 0 1 0 0 1 0 1 0 0 1 1 1 1 1 1 0 0 1 1 0 0 0 0 1 0 0 1 1 0 0 0 0 1 0
190	6	0 1 1 0 0 1 0 1 1 1 1 1 1 1 0 0 0 1 0 0 1 0 1 0 0 1 1 0 1 1 1 0 0 1 1 0 0 0 0 1 0 0 1 0 0 0 0 0 1 1
190	1	0 1 0 0 0 1 1 1 1 1 1 1 1 1 0 0 0 1 0 0 1 0 1 0 0 0 1 1 1 1 1 0 0 1 1 0 0 0 0 1 0 0 1 1 0 0 0 0 1 1
190	1	0 1 0 0 0 1 1 1 1 1 1 1 1 1 0 0 0 1 0 0 1 0 1 0 0 1 1 1 1 1 1 0 0 1 1 0 0 0 0 1 0 0 1 1 0 0 0 0 1 1
190	1	1 1 0 0 0 1 0 1 1 1 1 1 1 1 0 0 0 1 0 0 1 0 1 0 0 0 1 0 1 1 1 1 0 1 1 0 0 0 0 1 0 0 1 1 0 0 0 0 1 1
190	2	1 1 0 0 1 1 0 1 1 1 1 1 1 1 0 0 0 1 0 0 1 0 0 0 0 1 1 0 1 0 1 1 0 1 1 0 0 0 0 1 0 0 1 1 0 0 0 0 1 1
190	3	1 1 0 0 1 1 0 1 1 1 1 1 1 0 0 0 0 1 0 0 1 0 0 0 0 1 1 0 1 1 1 1 0 1 1 0 0 0 0 1 0 0 1 1 0 0 0 0 1 1
190	11	1 1 0 0 1 1 0 1 1 1 1 1 1 1 0 0 0 1 0 0 1 0 0 0 0 1 1 0 1 1 1 1 0 1 1 0 0 0 0 1 0 0 1 1 0 0 0 0 1 1
190	1	1 1 0 1 0 1 1 1 1 1 1 1 1 1 0 0 0 1 0 0 1 0 1 0 0 1 1 0 1 1 1 1 0 1 1 0 0 0 0 1 0 0 1 1 0 0 0 0 1 1
190	13	1 1 0 1 0 1 0 1 1 1 1 1 1 1 0 0 0 1 0 0 1 0 1 0 0 1 1 0 1 1 1 1 0 1 1 0 0 0 0 1 0 0 1 1 0 0 0 0 1 1
190	3	1 1 1 0 0 1 0 1 1 1 1 1 1 1 0 0 0 1 0 0 1 0 1 0 0 1 1 0 1 1 1 1 0 1 1 0 0 0 0 1 0 0 1 1 0 0 0 0 1 1
190	7	1 1 0 0 1 1 0 1 1 1 1 1 1 1 0 0 0 1 0 0 1 0 1 0 0 1 1 0 1 1 1 0 0 1 1 0 0 0 0 1 0 0 1 1 0 0 0 0 1 1
190	5	1 1 0 0 0 1 0 1 1 1 1 1 1 1 0 0 0 1 0 0 1 0 1 0 0 1 1 0 1 1 1 0 0 1 1 0 0 0 0 1 0 0 1 1 0 0 0 0 1 1
200	1	0 1 1 0 1 1 0 1 1 1 1 1 1 1 0 0 0 1 0 0 1 0 1 0 0 1 1 1 1 1 0 0 0 1 1 0 0 0 0 1 0 0 1 1 0 0 0 0 1 1
200	1	0 1 1 0 1 1 0 1 1 1 1 1 1 1 0 0 0 1 0 0 1 0 1 0 0 1 1 1 1 1 1 0 0 1 1 0 0 0 0 1 0 0 1 1 0 0 0 0 0 1
200	19	0 1 1 0 1 1 0 1 1 1 1 1 1 1 0 0 0 1 0 0 1 0 1 0 0 1 1 1 1 1 1 0 0 1 1 0 0 0 0 1 0 0 1 1 0 0 0 0 1 1
200	2	0 1 1 0 1 1 0 1 1 1 1 1 1 1 0 0 0 1 0 0 1 0 1 0 0 1 1 1 1 1 0 0 0 1 1 0 0 0 0 1 0 0 1 1 0 0 0 0 1 0
200	4	0 1 1 0 0 1 0 1 1 1 1 1 1 1 0 0 0 1 0 0 1 0 1 0 0 1 1 1 1 1 0 0 0 1 1 0 0 0 0 1 0 0 1 1 0 0 0 0 1 0
200	1	0 1 1 0 0 1 0 1 0 1 1 1 1 1 0 0 0 1 0 0 1 0 1 0 0 1 1 1 1 1 1 0 0 1 1 0 0 0 0 1 0 0 1 1 0 0 0 0 1 0
200	3	0 1 1 0 0 1 0 1 1 1 1 1 1 1 0 0 0 1 0 1 1 0 1 0 0 1 1 1 1 1 1 0 0 1 1 0 0 0 0 1 0 0 1 0 0 0 0 0 1 0
200	1	0 1 1 0 0 1 0 1 1 1 1 1 1 1 0 0 0 1 0 0 1 0 1 0 0 1 1 1 1 1 1 0 0 1 1 0 0 0 0 1 0 0 1 0 0 0 0 0 1 0
200	2	0 1 1 1 0 1 0 1 1 1 1 1 1 1 0 0 0 1 0 0 1 0 1 0 0 1 1 1 1 1 1 0 0 1 1 0 0 0 0 1 0 0 1 1 0 0 0 0 1 0
200	9	0 1 1 0 0 1 0 1 1 1 1 1 1 1 0 0 0 1 0 0 1 0 1 0 0 1 1 1 1 1 1 0 0 1 1 0 0 0 0 1 0 0 1 1 0 0 0 0 1 0
200	3	0 1 1 0 0 1 0 1 1 1 1 1 1 1 0 0 0 1 0 0 1 0 1 0 0 1 1 0 1 1 1 0 0 1 1 0 0 0 0 1 0 0 1 0 0 0 0 0 1 1
200	1	0 1 1 0 0 1 1 1 1 1 1 1 1 1 0 0 0 1 0 0 1 0 1 0 0 1 1 1 1 1 1 0 0 1 1 0 0 0 0 1 0 0 1 1 0 0 0 0 1 1
200	1	1 1 0 0 1 1 0 1 1 1 1 1 1 1 0 0 0 1 0 0 1 0 0 0 0 1 1 0 1 1 1 1 0 1 1 0 0 0 0 1 1 0 1 1 0 0 0 0 1 1
200	20	1 1 0 0 1 1 0 1 1 1 1 1 1 1 0 0 0 1 0 0 1 0 0 0 0 1 1 0 1 1 1 1 0 1 1 0 0 0 0 1 0 0 1 1 0 0 0 0 1 1
200	1	1 1 1 1 0 1 0 1 1 1 1 1 1 1 0 0 0 1 0 0 1 0 1 0 0 1 1 0 1 1 1 1 0 1 1 0 0 0 0 1 0 0 1 1 0 0 0 0 1 1
200	1	1 1 0 1 0 1 1 1 1 1 1 1 1 1 0 0 0 1 0 0 1 0 1 0 0 1 1 0 1 1 1 1 0 1 1 0 0 0 0 1 0 0 1 1 0 0 0 0 1 1
200	1	1 1 0 1 0 1 0 1 1 1 1 1 1 1 0 0 0 1 0 0 1 0 1 0 0 1 1 0 1 1 1 1 0 1 1 0 0 0 0 1 0 0 0 1 0 0 0 0 1 1
200	2	1 1 0 1 0 1 0 1 0 1 1 1 1 1 0 0 0 1 0 0 1 0 1 0 0 1 1 0 1 1 1 1 0 1 1 0 0 0 0 1 0 0 1 1 0 0 0 0 1 1
200	1	1 1 0 1 0 1 0 1 1 1 1 1 1 1 0 1 0 1 0 0 1 0 1 0 0 1 1 0 1 1 1 1 0 1 1 0 0 0 0 1 0 0 1 1 0 0 0 0 1 1
200	18	1 1 0 1 0 1 0 1 1 1 1 1 1 1 0 0 0 1 0 0 1 0 1 0 0 1 1 0 1 1 1 1 0 1 1 0 0 0 0 1 0 0 1 1 0 0 0 0 1 1
200	1	1 1 1 0 0 1 0 1 1 1 1 1 1 1 0 0 0 1 0 1 1 0 1 0 0 1 1 0 1 1 1 1 0 1 1 0 0 0 0 1 0 0 1 1 0 0 0 0 1 1
200	2	1 1 1 0 0 1 0 1 1 1 1 1 1 1 0 0 0 1 0 0 1 0 1 0 0 1 1 0 1 1 1 1 0 1 1 0 0 0 0 1 0 0 1 1 0 0 0 0 1 1
200	1	1 1 0 0 1 1 0 1 1 1 1 1 1 1 0 0 0 1 0 0 1 1 1 0 0 1 1 0 1 1 1 0 0 1 1 0 0 0 0 1 0 0 1 1 0 0 0 0 1 1
200	3	1 1 0 0 1 1 0 1 1 1 1 1 1 1 0 0 0 1 0 0 1 0 1 0 0 1 1 0 1 1 1 0 0 1 1 0 0 0 0 1 0 0 1 1 0 0 0 0 1 1
200	1	1 1 0 0 0 1 0 1 1 1 1 1 1 1 0 0 0 1 0 0 1 0 1 0 0 1 1 0 1 1 1 0 0 1 1 0 0 0 0 1 0 0 1 1 0 0 0 0 1 1
210	1	0 1 1 0 1 1 0 1 1 1 1 1 1 1 0 0 0 1 0 0 1 0 1 0 0 1 1 1 1 1 0 0 0 1 1 0 0 0 0 1 0 0 1 1 0 0 0 0 1 1
210	1	0 1 1 0 1 1 0 1 1 1 1 1 1 1 0 0 0 1 0 0 1 0 1 0 0 1 1 1 1 1 1 0 0 1 1 0 0 0 0 1 0 0 1 1 0 0 0 0 0 1
210	1	0 1 1 0 1 1 0 1 1 1 1 1 1 1 0 0 0 1 0 0 1 0 1 0 0 1 1 1 1 1 1 0 0 1 1 0 0 0 0 0 0 0 1 1 0 0 0 0 1 1
210	12	0 1 1 0 1 1 0 1 1 1 1 1 1 1 0 0 0 1 0 0 1 0 1 0 0 1 1 1 1 1 1 0 0 1 1 0 0 0 0 1 0 0 1 1 0 0 0 0 1 1
210	1	0 1 1 0 1 1 0 1 1 1 1 1 1 1 0 0 0 1 0 0 1 0 1 0 0 1 1 1 1 1 0 0 0 1 1 0 0 0 0 1 0 0 1 1 0 0 0 0 1 0
210	8	0 1 1 0 0 1 0 1 1 1 1 1 1 1 0 0 0 1 0 0 1 0 1 0 0 1 1 1 1 1 1 0 0 1 1 0 0 0 0 1 0 0 1 1 0 0 0 0 1 0
210	2	0 1 1 0 0 1 0 1 1 1 1 1 1 1 0 0 0 1 0 0 1 0 1 0 0 1 1 1 1 1 0 0 0 1 1 0 0 0 0 1 0 0 1 1 0 0 0 0 1 0
210	7	0 1 1 0 0 1 0 1 1 1 1 1 1 1 0 0 0 1 0 1 1 0 1 0 0 1 1 1 1 1 1 0 0 1 1 0 0 0 0 1 0 0 1 0 0 0 0 0 1 0
210	2	0 1 1 1 0 1 0 1 1 1 1 1 1 1 0 0 0 1 0 0 1 0 1 0 0 1 1 1 1 1 1 0 0 1 1 0 0 0 0 1 0 0 1 1 0 0 0 0 1 0
210	2	0 1 1 0 0 1 0 1 1 1 1 1 1 1 0 0 0 1 0 0 1 0 1 0 0 1 1 0 1 1 1 0 0 1 1 0 0 0 0 1 0 0 1 0 0 0 0 0 1 1
210	1	0 1 1 0 0 1 1 1 1 1 1 1 1 1 0 0 0 1 0 0 1 0 1 0 0 1 1 1 1 1 1 0 0 1 1 0 0 0 0 1 0 0 1 1 0 0 0 0 1 1
210	1	1 1 0 0 1 1 0 1 1 1 1 1 1 1 0 0 0 1 0 0 1 0 0 0 0 1 1 0 1 0 1 1 0 1 1 0 0 0 0 1 0 0 1 1 0 0 0 0 1 1
210	1	1 1 0 0 1 1 0 1 1 1 1 1 1 0 0 0 0 1 0 0 1 0 0 0 0 1 1 0 1 1 1 1 0 1 1 0 0 0 0 1 0 0 1 1 0 0 0 0 1 1
210	1	1 1 0 0 1 1 0 1 1 1 1 1 1 1 0 0 0 1 0 0 1 0 0 0 0 1 1 0 1 1 1 1 0 1 1 0 0 0 0 1 1 0 1 1 0 0 0 0 1 1
210	1	1 1 0 0 1 1 0 1 1 1 1 1 0 1 0 0 0 1 0 0 1 0 0 0 0 1 1 0 1 1 1 1 0 1 1 0 0 0 0 1 0 0 1 1 0 0 0 0 1 1
210	25	1 1 0 0 1 1 0 1 1 1 1 1 1 1 0 0 0 1 0 0 1 0 0 0 0 1 1 0 1 1 1 1 0 1 1 0 0 0 0 1 0 0 1 1 0 0 0 0 1 1
210	1	1 1 1 1 0 1 0 1 1 1 1 0 1 1 0 0 0 1 0 0 1 0 1 0 0 1 1 0 1 1 1 1 0 1 1 0 0 0 0 1 0 0 1 1 0 0 0 0 1 1
210	1	1 1 0 1 0 1 1 1 1 1 1 1 1 1 0 0 0 1 0 0 1 0 1 0 0 1 1 0 1 1 1 1 0 1 1 0 0 0 0 1 0 0 1 1 0 0 0 0 1 1
210	1	1 1 0 1 0 1 0 1 1 1 1 1 1 1 0 0 0 1 0 0 1 0 1 0 0 1 1 0 1 1 1 1 0 1 1 0 0 0 0 1 0 0 0 1 0 0 0 0 1 1
210	1	1 1 0 1 0 1 0 1 1 1 1 1 1 1 0 0 0 1 0 0 1 0 1 0 0 1 1 0 1 1 1 1 0 1 0 0 0 0 0 1 0 0 1 1 0 0 0 0 1 1
210	14	1 1 0 1 0 1 0 1 1 1 1 1 1 1 0 0 0 1 0 0 1 0 1 0 0 1 1 0 1 1 1 1 0 1 1 0 0 0 0 1 0 0 1 1 0 0 0 0 1 1
210	1	1 0 1 0 0 1 0 1 1 1 1 1 1 1 0 0 0 1 0 0 1 0 1 0 0 1 1 0 1 1 1 1 0 1 1 0 0 0 0 1 0 0 1 1 0 0 0 0 1 1
210	2	1 1 1 0 0 1 0 1 1 1 1 1 1 1 0 0 0 1 0 0 1 0 1 0 0 1 1 0 1 1 1 1 0 1 1 0 0 0 0 1 0 0 1 1 0 0 0 0 1 1
210	4	1 1 0 0 1 1 0 1 1 1 1 1 1 1 0 0 0 1 0 0 1 1 1 0 0 1 1 0 1 1 1 0 0 1 1 0 0 0 0 1 0 0 1 1 0 0 0 0 1 1
210	1	0 1 0 0 1 1 0 1 1 1 1 1 1 1 0 0 0 1 0 0 1 0 1 0 0 1 1 0 1 1 1 0 0 1 1 0 0 0 0 1 0 0 1 1 0 0 0 0 1 1
210	6	1 1 0 0 1 1 0 1 1 1 1 1 1 1 0 0 0 1 0 0 1 0 1 0 0 1 1 0 1 1 1 0 0 1 1 0 0 0 0 1 0 0 1 1 0 0 0 0 1 1
210	1	1 1 0 0 0 1 0 1 1 1 1 1 1 1 0 0 0 1 0 0 1 0 1 0 0 1 1 0 1 1 1 0 0 1 1 0 0 0 0 1 0 0 1 1 0 0 0 0 1 1
220	1	0 1 1 0 1 1 0 1 1 1 1 1 1 1 0 0 0 1 0 0 1 0 1 0 1 1 1 1 1 1 1 0 0 1 1 0 0 0 0 1 0 0 1 1 0 0 0 0 1 1
220	14	0 1 1 0 1 1 0 1 1 1 1 1 1 1 0 0 0 1 0 0 1 0 1 0 0 1 1 1 1 1 1 0 0 1 1 0 0 0 0 1 0 0 1 1 0 0 0 0 1 1
220	17	0 1 1 0 0 1 0 1 1 1 1 1 1 1 0 0 0 1 0 0 1 0 1 0 0 1 1 1 1 1 1 0 0 1 1 0 0 0 0 1 0 0 1 1 0 0 0 0 1 0
220	5	1 1 1 0 0 1 0 1 1 1 1 1 1 1 0 0 0 1 0 1 1 0 1 0 0 1 1 1 1 1 1 0 0 1 1 0 0 0 0 1 0 0 1 0 0 0 0 0 1 0
220	17	0 1 1 0 0 1 0 1 1 1 1 1 1 1 0 0 0 1 0 1 1 0 1 0 0 1 1 1 1 1 1 0 0 1 1 0 0 0 0 1 0 0 1 0 0 0 0 0 1 0
220	3	0 1 1 1 0 1 0 1 1 1 1 1 1 1 0 0 0 1 0 0 1 0 1 0 0 1 1 1 1 1 1 0 0 1 1 0 0 0 0 1 0 0 1 1 0 0 0 0 1 0
220	5	0 1 1 0 0 1 0 1 1 1 1 1 1 1 0 0 0 1 0 0 1 0 1 0 0 1 1 0 1 1 1 0 0 1 1 0 0 0 0 1 0 0 1 0 0 0 0 0 1 1
220	12	1 1 0 0 1 1 0 1 1 1 1 1 1 1 0 0 0 1 0 0 1 0 0 0 0 1 1 0 1 1 1 1 0 1 1 0 0 0 0 1 0 0 1 1 0 0 0 0 1 1
220	4	1 1 1 1 0 1 0 1 1 1 1 0 1 1 0 0 0 1 0 0 1 0 1 0 0 1 1 0 1 1 1 1 0 1 1 0 0 0 0 1 0 0 1 1 0 0 0 0 1 1
220	5	1 1 0 1 0 1 1 1 1 1 1 1 1 1 0 0 0 1 0 0 1 0 1 0 0 1 1 0 1 1 1 1 0 1 1 0 0 0 0 1 0 0 1 1 0 0 0 0 1 1
220	1	1 1 0 1 0 1 0 1 1 1 1 1 1 1 0 0 0 1 0 0 1 0 1 0 0 1 1 0 1 0 1 1 0 1 1 0 0 0 0 1 0 0 1 1 0 0 0 0 1 1
220	12	1 1 0 1 0 1 0 1 1 1 1 1 1 1 0 0 0 1 0 0 1 0 1 0 0 1 1 0 1 1 1 1 0 1 1 0 0 0 0 1 0 0 1 1 0 0 0 0 1 1
220	1	1 1 1 0 0 1 0 1 1 1 1 1 1 1 0 0 0 1 0 0 1 0 1 0 0 1 1 0 1 1 1 1 0 1 1 0 0 0 0 1 0 0 1 1 0 0 0 0 1 1
220	3	1 1 0 0 1 1 0 1 1 1 1 1 1 1 0 0 0 1 0 0 1 0 1 0 0 1 1 0 1 1 1 0 0 1 1 0 0 0 0 1 0 0 1 1 0 0 0 0 1 1
230	1	0 1 1 0 1 1 0 1 1 1 1 1 1 1 0 0 0 1 0 0 1 0 1 0 0 1 1 1 1 1 0 0 0 1 1 0 0 0 0 1 0 0 1 1 0 0 0 0 1 1
230	1	0 1 1 0 1 1 0 1 1 1 1 1 1 1 0 0 0 1 0 0 1 0 1 0 0 1 0 1 1 1 1 0 0 1 1 0 1 0 0 1 0 0 1 1 0 0 0 0 1 1
230	12	0 1 1 0 1 1 0 1 1 1 1 1 1 1 0 0 0 1 0 0 1 0 1 0 0 1 1 1 1 1 1 0 0 1 1 0 0 0 0 1 0 0 1 1 0 0 0 0 1 1
230	2	0 1 1 0 1 1 0 1 1 1 1 1 1 1 0 0 0 1 0 0 1 0 1 0 0 1 1 1 1 1 0 0 0 1 1 0 0 0 0 1 0 0 1 1 0 0 0 0 1 0
230	6	0 1 1 0 0 1 0 1 1 1 1 1 1 1 0 0 0 1 0 0 1 0 1 0 0 1 1 1 1 1 1 0 0 1 1 0 0 0 0 1 0 0 1 1 0 0 0 0 1 0
230	9	1 1 1 0 0 1 0 1 1 1 1 1 1 1 0 0 0 1 0 1 1 0 1 0 0 1 1 1 1 1 1 0 0 1 1 0 0 0 0 1 0 0 1 0 0 0 0 0 1 0
230	14	0 1 1 0 0 1 0 1 1 1 1 1 1 1 0 0 0 1 0 1 1 0 1 0 0 1 1 1 1 1 1 0 0 1 1 0 0 0 0 1 0 0 1 0 0 0 0 0 1 0
230	1	0 1 1 1 0 1 0 1 1 1 1 1 1 1 0 0 0 1 0 0 1 0 1 0 0 1 1 1 1 1 1 0 0 1 1 0 0 0 0 0 0 0 1 1 0 0 0 0 1 0
230	7	0 1 1 1 0 1 0 1 1 1 1 1 1 1 0 0 0 1 0 0 1 0 1 0 0 1 1 1 1 1 1 0 0 1 1 0 0 0 0 1 0 0 1 1 0 0 0 0 1 0
230	5	0 1 1 0 0 1 0 1 1 1 1 1 1 1 0 0 0 1 0 0 1 0 1 0 0 1 1 0 1 1 1 0 0 1 1 0 0 0 0 1 0 0 1 0 0 0 0 0 1 1
230	1	1 1 0 0 1 1 0 1 1 1 1 1 1 0 0 0 0 1 0 0 1 0 0 0 0 1 1 0 1 1 1 1 0 0 1 0 0 0 0 1 0 0 1 1 0 0 0 0 1 1
230	3	1 1 0 0 1 1 0 1 1 1 1 1 1 1 0 0 0 1 0 0 1 0 0 0 0 1 1 0 1 1 1 1 0 1 1 0 0 0 0 1 0 0 1 1 0 0 0 0 1 1
230	15	1 1 1 1 0 1 0 1 1 1 1 0 1 1 0 0 0 1 0 0 1 0 1 0 0 1 1 0 1 1 1 1 0 1 1 0 0 0 0 1 0 0 1 1 0 0 0 0 1 1
230	1	1 1 0 1 0 1 1 1 1 1 1 1 1 1 0 0 0 1 0 0 1 0 1 0 0 1 1 0 1 1 1 1 0 1 1 0 1 0 0 1 0 0 1 1 0 0 0 0 1 1
230	8	1 1 0 1 0 1 1 1 1 1 1 1 1 1 0 0 0 1 0 0 1 0 1 0 0 1 1 0 1 1 1 1 0 1 1 0 0 0 0 1 0 0 1 1 0 0 0 0 1 1
230	11	1 1 0 1 0 1 0 1 1 1 1 1 1 1 0 0 0 1 0 0 1 0 1 0 0 1 1 0 1 1 1 1 0 1 1 0 0 0 0 1 0 0 1 1 0 0 0 0 1 1
230	1	1 1 1 0 0 1 1 1 1 1 1 1 1 1 0 0 0 1 0 0 1 0 1 0 0 1 1 0 1 1 1 1 0 1 1 0 0 0 0 1 0 0 1 1 0 0 0 0 1 1
230	1	1 1 1 0 0 1 0 1 1 1 1 1 1 1 0 0 0 1 0 0 1 0 1 0 0 1 1 0 1 1 1 1 0 1 1 0 0 0 0 1 0 0 1 1 0 0 0 0 1 1
230	1	1 1 0 0 1 1 0 1 1 1 1 1 1 1 0 0 0 1 0 0 1 1 1 0 0 1 1 0 1 1 1 0 0 1 1 0 0 0 0 1 0 0 1 1 0 0 0 0 1 1
240	4	0 1 1 0 1 1 0 1 1 1 1 1 1 1 0 0 0 1 0 0 1 0 1 0 0 1 1 1 1 1 1 0 0 1 1 0 0 0 0 1 0 0 1 1 0 0 0 0 1 1
240	6	0 1 1 0 1 1 0 1 1 1 1 1 1 1 0 0 0 1 0 0 1 0 1 0 0 1 1 1 1 1 0 0 0 1 1 0 0 0 0 1 0 0 1 1 0 0 0 0 1 0
240	3	0 1 1 0 0 1 0 1 1 1 1 1 1 1 0 0 0 1 0 0 1 0 1 0 0 1 1 1 1 1 1 0 0 1 1 0 0 0 0 1 0 0 1 1 0 0 0 0 1 0
240	3	0 1 1 0 0 1 0 1 1 1 1 1 1 1 0 0 0 1 0 1 0 0 1 0 0 1 1 1 1 1 1 0 0 1 1 0 0 0 0 1 0 0 1 0 0 0 0 0 1 0
240	14	0 1 1 0 0 1 0 1 1 1 1 1 1 1 0 0 0 1 0 1 1 0 1 0 0 1 1 1 1 1 1 0 0 1 1 0 0 0 0 1 0 0 1 0 0 0 0 0 1 0
240	23	1 1 1 0 0 1 0 1 1 1 1 1 1 1 0 0 0 1 0 1 1 0 1 0 0 1 1 1 1 1 1 0 0 1 1 0 0 0 0 1 0 0 1 0 0 0 0 0 1 0
240	1	0 1 1 0 0 1 0 1 1 1 1 1 1 1 0 0 0 1 0 1 1 0 1 0 0 1 1 1 1 1 1 0 0 1 1 0 1 0 0 1 0 0 1 0 0 0 0 0 1 0
240	2	0 1 1 1 0 1 0 1 1 1 1 1 1 1 0 0 0 1 0 0 1 0 1 0 0 1 1 1 1 1 1 0 0 1 0 0 0 0 0 1 0 0 1 1 0 0 0 0 1 0
240	9	0 1 1 1 0 1 0 1 1 1 1 1 1 1 0 0 0 1 0 0 1 0 1 0 0 1 1 1 1 1 1 0 0 1 1 0 0 0 0 1 0 0 1 1 0 0 0 0 1 0
240	2	0 1 1 0 0 1 0 1 1 1 1 1 1 1 0 0 0 1 0 0 1 0 1 0 0 1 1 0 1 1 1 0 0 1 1 0 0 0 0 1 0 0 1 0 0 0 0 0 1 1
240	1	1 1 0 0 1 1 0 1 1 1 1 1 1 1 0 0 0 1 0 0 1 0 0 0 0 1 1 0 1 1 1 1 0 1 1 0 0 0 0 1 0 0 1 1 0 0 0 0 1 1
240	1	1 1 1 1 0 1 1 1 1 1 1 0 1 1 0 0 0 1 0 0 1 0 1 0 0 1 1 0 1 1 1 1 0 1 1 0 0 0 0 1 0 0 1 1 0 0 0 0 1 1
240	17	1 1 1 1 0 1 0 1 1 1 1 0 1 1 0 0 0 1 0 0 1 0 1 0 0 1 1 0 1 1 1 1 0 1 1 0 0 0 0 1 0 0 1 1 0 0 0 0 1 1
240	1	1 1 0 1 0 1 1 1 1 1 1 1 1 1 0 0 0 1 0 0 1 0 1 0 0 1 1 0 1 1 1 1 0 0 1 0 0 0 0 1 0 0 1 1 0 0 0 0 1 1
240	10	1 1 0 1 0 1 1 1 1 1 1 1 1 1 0 0 0 1 0 0 1 0 1 0 0 1 1 0 1 1 1 1 0 1 1 0 0 0 0 1 0 0 1 1 0 0 0 0 1 1
240	2	1 1 0 1 0 1 0 1 1 1 1 1 1 1 0 0 0 1 0 0 1 0 1 0 0 1 1 0 1 1 1 1 0 1 1 0 0 0 0 1 0 0 1 1 0 0 0 0 1 1
240	1	1 1 0 0 1 1 0 1 1 1 1 1 1 1 0 0 0 1 0 0 1 1 1 0 0 1 1 0 1 1 1 1 0 1 1 0 0 0 0 1 0 0 1 1 0 0 0 0 1 1
250	1	0 1 1 0 1 1 0 1 1 1 1 1 1 1 0 0 0 1 0 0 1 0 1 0 0 1 1 1 1 1 0 0 0 1 1 0 0 0 0 1 0 0 1 1 0 0 0 0 1 0
250	21	0 1 1 1 0 1 0 1 1 1 1 1 1 1 0 0 0 1 0 0 1 0 1 0 0 1 1 1 1 1 1 0 0 1 1 0 0 0 0 1 0 0 1 1 0 0 0 0 1 0
250	2	0 1 1 0 0 1 0 1 1 1 1 1 1 1 0 0 0 1 0 0 1 0 1 0 0 1 1 1 1 1 1 0 0 1 1 0 0 0 0 1 0 0 1 1 0 0 0 0 1 0
250	5	0 1 1 0 0 1 0 1 1 1 1 1 1 1 0 0 0 1 0 1 0 0 1 0 0 1 1 1 1 1 1 0 0 1 1 0 0 0 0 1 0 0 1 0 0 0 0 0 1 0
250	1	0 1 1 0 0 1 0 1 1 1 1 1 1 1 0 0 0 1 0 1 1 0 1 0 0 1 1 1 1 1 1 0 0 1 1 0 0 0 1 1 0 0 1 0 0 0 0 0 1 0
250	10	0 1 1 0 0 1 0 1 1 1 1 1 1 1 0 0 0 1 0 1 1 0 1 0 0 1 1 1 1 1 1 0 0 1 1 0 0 0 0 1 0 0 1 0 0 0 0 0 1 0
250	21	1 1 1 0 0 1 0 1 1 1 1 1 1 1 0 0 0 1 0 1 1 0 1 0 0 1 1 1 1 1 1 0 0 1 1 0 0 0 0 1 0 0 1 0 0 0 0 0 1 0
250	2	1 1 1 1 0 1 0 1 1 1 1 0 1 1 0 0 0 1 0 0 1 0 1 0 0 0 1 0 1 1 1 1 0 1 1 0 0 0 0 1 0 0 1 1 0 0 0 0 1 1
250	1	1 0 1 1 0 1 0 1 1 1 1 0 1 1 0 0 0 1 0 0 1 0 1 0 0 1 1 0 1 1 1 1 0 1 1 0 0 0 0 1 0 0 1 1 0 0 0 0 1 1
250	25	1 1 1 1 0 1 0 1 1 1 1 0 1 1 0 0 0 1 0 0 1 0 1 0 0 1 1 0 1 1 1 1 0 1 1 0 0 0 0 1 0 0 1 1 0 0 0 0 1 1
250	2	1 1 0 1 0 1 1 1 1 1 1 1 1 1 0 0 1 1 0 0 1 0 1 0 0 1 1 0 1 1 1 1 0 1 1 0 0 0 0 1 0 0 1 1 0 0 0 0 1 1
250	6	1 1 0 1 0 1 1 1 1 1 1 1 1 1 0 0 0 1 0 0 1 0 1 0 0 1 1 0 1 1 1 1 0 1 1 0 0 0 0 1 0 0 1 1 0 0 0 0 1 1
250	1	1 1 0 1 0 1 0 1 1 1 1 1 1 1 0 0 0 1 0 0 1 0 1 0 0 1 1 0 1 1 1 0 0 1 1 0 0 0 0 1 0 0 1 1 1 0 0 0 1 1
250	2	1 1 0 1 0 1 0 1 1 1 1 1 1 1 0 0 0 1 0 0 1 0 1 0 0 1 1 0 1 1 1 1 0 1 1 0 0 0 0 1 0 0 1 1 0 0 0 0 1 1
260	5	0 1 1 1 0 1 0 1 1 1 1 1 1 1 0 0 0 1 0 0 1 0 1 0 0 1 1 1 1 1 1 0 0 1 1 0 0 0 0 1 0 0 1 1 0 0 0 0 1 0
260	6	0 1 1 0 0 1 0 1 1 1 1 1 1 1 0 0 0 1 0 1 1 0 1 0 0 1 1 1 1 1 1 0 0 1 1 0 0 0 0 1 0 0 1 0 0 0 0 0 1 0
260	5	0 1 1 0 0 1 0 1 1 1 1 1 1 1 0 0 0 1 0 1 0 0 1 0 0 1 1 1 1 1 1 0 0 1 1 0 0 0 0 1 0 0 1 0 0 0 0 0 1 0
260	2	1 1 1 0 0 1 0 1 1 1 1 1 1 1 0 0 0 1 0 1 1 0 1 0 0 1 1 1 1 1 1 0 0 1 1 0 0 1 0 1 0 0 1 0 0 0 0 0 1 1
260	4	1 1 1 0 0 1 0 1 1 1 1 1 1 1 0 0 0 1 0 1 1 0 1 0 0 1 1 1 1 1 1 0 0 1 1 0 0 1 0 1 0 0 1 0 0 0 0 0 1 0
260	1	1 0 1 0 0 1 0 1 1 1 1 1 1 1 0 0 0 1 0 1 1 0 1 0 0 1 1 1 1 1 1 0 0 1 1 0 0 0 0 1 0 0 1 0 0 0 0 0 1 0
260	1	1 1 1 0 0 1 0 1 1 1 1 1 1 1 0 0 0 1 0 1 1 0 1 0 0 1 1 1 1 1 1 0 0 1 1 0 0 0 0 1 1 0 1 0 0 0 0 0 1 0
260	1	1 1 1 0 0 1 0 1 1 1 1 1 1 1 0 0 0 1 0 1 1 0 1 0 0 1 1 1 1 1 1 0 0 1 1 0 0 0 0 1 0 1 1 0 0 0 0 0 1 0
260	1	1 1 1 0 0 1 0 1 1 1 1 1 1 1 0 0 0 1 1 1 1 0 1 0 0 1 1 1 1 1 1 0 0 1 1 0 0 0 0 1 0 0 1 0 0 0 0 0 1 0
260	1	1 1 1 0 0 1 0 1 1 1 1 1 1 1 0 0 0 1 0 1 1 1 1 0 0 1 1 1 1 1 1 0 0 1 1 0 0 0 0 1 0 0 1 0 0 0 0 0 1 0
260	43	1 1 1 0 0 1 0 1 1 1 1 1 1 1 0 0 0 1 0 1 1 0 1 0 0 1 1 1 1 1 1 0 0 1 1 0 0 0 0 1 0 0 1 0 0 0 0 0 1 0
260	4	1 1 1 1 0 1 0 1 1 1 1 0 1 1 0 0 0 1 0 0 1 0 1 0 0 0 1 0 1 1 1 1 0 1 1 0 0 0 0 1 0 0 1 1 0 0 0 0 1 1
260	1	1 1 1 1 0 1 0 1 1 1 1 0 0 1 1 0 0 1 0 0 1 0 1 0 0 1 1 0 1 1 1 1 0 1 1 0 0 0 0 1 0 0 1 1 0 0 0 0 1 1
260	20	1 1 1 1 0 1 0 1 1 1 1 0 1 1 0 0 0 1 0 0 1 0 1 0 0 1 1 0 1 1 1 1 0 1 1 0 0 0 0 1 0 0 1 1 0 0 0 0 1 1
260	1	1 1 0 1 0 1 1 1 1 1 1 1 1 1 1 0 0 1 0 0 1 0 1 0 0 1 1 0 1 1 1 1 0 1 1 0 0 0 0 1 0 0 1 1 0 0 0 0 0 1
260	1	1 1 0 1 0 1 1 1 1 1 1 1 1 1 0 0 0 1 0 0 1 0 1 0 0 1 1 0 1 1 1 1 0 1 1 0 0 0 0 1 0 0 1 1 0 0 0 0 1 1
260	2	1 1 0 1 0 1 0 1 1 1 1 1 1 1 0 0 0 1 0 0 1 0 1 0 0 1 1 0 1 1 1 1 0 1 1 0 0 0 0 1 0 0 1 1 0 0 0 0 1 1
260	1	1 1 0 0 1 1 0 1 1 1 1 1 1 1 0 0 0 1 0 0 1 0 1 0 0 1 1 0 1 1 1 0 0 1 1 0 0 0 0 1 0 0 1 1 0 0 0 0 1 1
270	6	0 1 1 1 0 1 0 1 1 1 1 1 1 1 0 0 0 1 0 0 1 0 1 0 0 1 1 1 1 1 1 0 0 1 1 0 0 0 0 1 0 0 1 1 0 0 0 0 1 0
270	6	0 1 1 0 0 1 0 1 1 1 1 1 1 1 0 0 0 1 0 1 1 0 1 0 0 1 1 1 1 1 1 0 0 1 1 0 0 0 0 1 0 0 1 0 0 0 0 0 1 0
270	2	0 1 1 0 0 1 0 1 1 1 1 1 1 1 0 0 0 1 0 1 0 0 1 0 0 1 1 1 1 1 1 0 0 1 1 0 0 0 0 1 0 0 1 0 0 0 0 0 1 0
270	2	1 1 1 0 0 1 0 1 1 1 1 1 1 1 0 0 0 1 0 1 1 0 1 0 0 1 1 1 1 1 1 0 0 1 1 0 0 1 0 1 0 0 1 0 0 0 0 0 1 1
270	8	1 1 1 0 0 1 0 1 1 1 1 1 1 1 0 0 0 1 0 1 1 0 1 0 0 1 1 1 1 1 1 0 0 1 1 0 0 1 0 1 0 0 1 0 0 0 0 0 1 0
270	2	1 1 1 0 0 1 0 1 1 1 1 1 1 1 0 0 0 1 0 1 1 0 1 0 0 1 1 1 1 1 1 0 0 1 1 0 0 0 0 1 0 1 1 0 0 0 0 0 1 0
270	58	1 1 1 0 0 1 0 1 1 1 1 1 1 1 0 0 0 1 0 1 1 0 1 0 0 1 1 1 1 1 1 0 0 1 1 0 0 0 0 1 0 0 1 0 0 0 0 0 1 0
270	1	1 1 1 1 0 1 0 1 1 1 1 0 1 1 0 0 0 1 0 0 1 0 1 0 0 0 1 0 1 1 1 0 0 1 1 0 0 0 0 1 0 0 1 1 0 0 0 0 1 1
270	4	1 1 1 1 0 1 0 1 1 1 1 0 1 1 0 0 0 1 0 0 1 0 1 0 0 0 1 0 1 1 1 1 0 1 1 0 0 0 0 1 0 0 1 1 0 0 0 0 1 1
270	2	1 1 1 1 0 1 0 1 1 1 1 0 1 1 0 1 0 1 0 0 1 0 1 0 0 1 1 0 1 1 1 1 0 1 1 0 0 0 0 1 0 0 1 1 0 0 0 0 1 1
270	8	1 1 1 1 0 1 0 1 1 1 1 0 1 1 0 0 0 1 0 0 1 0 1 0 0 1 1 0 1 1 1 1 0 1 1 0 0 0 0 1 0 0 1 1 0 0 0 0 1 1
270	1	1 1 0 1 0 1 1 1 1 1 1 1 1 1 1 0 0 1 0 0 1 0 1 0 0 1 1 0 1 1 1 1 0 1 1 0 0 0 0 1 0 0 1 1 0 0 0 0 0 1
280	3	0 1 1 1 0 1 0 1 1 1 1 1 1 1 0 0 0 1 0 0 1 0 1 0 0 1 1 1 1 1 1 0 0 1 1 0 0 0 0 1 0 0 1 1 0 0 0 0 1 0
280	7	0 1 1 0 0 1 0 1 1 1 1 1 1 1 0 0 0 1 0 1 1 0 1 0 0 1 1 1 1 1 1 0 0 1 1 0 0 0 0 1 0 0 1 0 0 0 0 0 1 0
280	10	1 1 1 0 0 1 0 1 1 1 1 1 1 1 0 0 0 1 0 1 1 0 1 0 0 1 1 1 1 1 1 0 0 1 1 0 0 1 0 1 0 0 1 0 0 0 0 0 1 0
280	1	1 0 1 0 0 1 0 1 1 1 1 1 1 1 0 0 0 1 0 1 1 0 1 0 0 1 1 1 1 1 1 0 0 1 1 0 0 0 0 1 0 0 1 0 0 0 0 0 1 0
280	1	1 1 1 0 0 1 0 1 1 1 1 1 1 1 0 0 0 1 0 1 1 0 1 0 0 1 1 1 1 1 1 0 0 1 1 0 0 0 0 1 1 0 1 0 0 0 0 0 1 0
280	1	1 1 1 0 0 1 0 1 1 1 1 1 1 1 0 0 0 1 0 1 1 0 1 1 0 1 1 1 1 1 1 0 0 1 1 0 0 0 0 1 0 0 1 0 0 0 0 0 1 0
280	3	1 1 1 1 0 1 0 1 1 1 1 1 1 1 0 0 0 1 0 1 1 0 1 0 0 1 1 1 1 1 1 0 0 1 1 0 0 0 0 1 0 0 1 0 0 0 0 0 1 0
280	2	1 1 1 0 0 1 0 1 1 1 1 1 0 1 0 0 0 1 0 1 1 0 1 0 0 1 1 1 1 1 1 0 0 1 1 0 0 0 0 1 0 0 1 0 0 0 0 0 1 0
280	1	1 1 1 0 0 1 0 1 0 1 1 1 1 1 0 0 0 1 0 1 1 0 1 0 0 1 1 1 1 1 1 0 0 1 1 0 0 0 0 1 0 0 1 0 0 0 0 0 1 0
280	2	1 1 1 0 0 1 0 1 1 1 1 1 1 1 0 0 0 1 0 1 1 0 1 0 0 1 1 1 1 0 1 0 0 1 1 0 0 0 0 1 0 0 1 0 0 0 0 0 1 0
280	1	1 1 1 0 0 1 0 1 1 1 1 1 1 1 0 0 0 1 0 1 1 0 1 0 0 1 1 1 1 1 0 0 0 1 1 0 0 0 0 1 0 0 1 0 0 0 0 0 1 0
280	56	1 1 1 0 0 1 0 1 1 1 1 1 1 1 0 0 0 1 0 1 1 0 1 0 0 1 1 1 1 1 1 0 0 1 1 0 0 0 0 1 0 0 1 0 0 0 0 0 1 0
280	7	1 1 1 1 0 1 0 1 1 1 1 0 1 1 0 0 0 1 0 0 1 0 1 0 0 0 1 0 1 1 1 1 0 1 1 0 0 0 0 1 0 0 1 1 0 0 0 0 1 1
280	1	1 1 1 1 0 1 0 1 1 1 1 0 0 1 1 0 0 1 0 0 1 0 1 0 0 1 1 0 1 1 1 1 0 1 1 0 0 0 0 1 0 0 1 1 0 0 0 0 1 1
280	1	1 1 1 1 0 1 0 0 1 1 1 0 1 1 0 0 0 1 0 0 1 0 1 0 0 1 1 0 1 0 1 1 0 1 1 0 0 0 0 1 0 0 1 1 0 0 0 0 1 1
280	3	1 1 1 1 0 1 0 1 1 1 1 0 1 1 0 0 0 1 0 0 1 0 1 0 0 1 1 0 1 1 1 1 0 1 1 0 0 0 0 1 0 0 1 1 0 0 0 0 1 1
290	1	0 1 1 1 0 1 0 1 1 1 1 1 1 1 0 0 0 1 0 0 1 0 1 0 0 1 1 1 1 1 1 0 0 1 1 0 0 0 0 1 0 0 1 1 0 0 0 0 1 0
290	7	0 1 1 0 0 1 0 1 1 1 1 1 1 1 0 0 0 1 0 1 1 0 1 0 0 1 1 1 1 1 1 0 0 1 1 0 0 0 0 1 0 0 1 0 0 0 0 0 1 0
290	12	1 1 1 0 0 1 0 1 1 1 1 1 1 1 0 0 0 1 0 1 1 0 1 0 0 1 1 1 1 1 1 0 0 1 1 0 0 1 0 1 0 0 1 0 0 0 0 0 1 0
290	1	1 1 1 1 0 1 0 1 1 1 1 1 1 1 0 0 0 1 0 1 1 0 1 0 0 1 1 1 1 1 1 0 0 1 1 0 0 0 0 1 0 0 1 0 0 0 0 0 1 0
290	1	1 1 1 0 0 1 0 1 1 1 1 1 0 1 0 0 0 1 0 1 1 0 1 0 0 1 1 1 1 1 1 0 0 1 1 0 0 0 0 1 0 0 1 0 0 0 0 0 1 0
290	3	1 1 1 0 0 1 0 1 1 1 1 1 1 1 0 0 0 1 0 1 1 0 1 0 0 1 1 1 1 0 1 0 0 1 1 0 0 0 0 1 0 0 1 0 0 0 0 0 1 0
290	1	1 1 1 0 0 1 0 1 1 1 1 1 1 1 0 0 0 1 0 1 1 0 1 0 0 1 1 1 1 1 1 0 0 1 0 0 0 0 0 1 0 0 1 0 0 0 0 0 1 0
290	1	1 1 1 0 1 1 0 1 1 1 1 1 1 1 0 0 0 1 0 1 1 0 1 0 0 1 1 1 1 1 1 0 0 1 1 0 0 0 0 1 0 0 1 0 0 0 0 0 1 0
290	61	1 1 1 0 0 1 0 1 1 1 1 1 1 1 0 0 0 1 0 1 1 0 1 0 0 1 1 1 1 1 1 0 0 1 1 0 0 0 0 1 0 0 1 0 0 0 0 0 1 0
290	3	1 1 1 0 0 1 0 1 1 1 1 1 1 1 0 0 0 1 0 1 1 0 1 0 0 1 1 1 1 1 0 0 0 1 1 0 0 0 0 1 0 0 1 0 0 0 0 0 1 0
290	2	1 1 1 0 0 1 0 1 1 1 1 1 1 1 0 0 0 1 0 1 1 0 1 0 0 1 1 1 1 1 1 0 0 1 1 0 0 0 0 1 0 1 1 0 0 0 0 0 1 0
290	2	1 1 1 0 0 1 0 1 1 1 1 1 1 1 0 0 0 1 0 1 1 0 1 0 0 1 1 1 1 1 1 0 0 1 1 0 0 0 0 1 0 0 1 1 0 0 0 0 1 0
290	1	1 1 1 1 0 1 0 1 1 1 1 0 1 1 0 0 0 1 0 0 1 0 1 0 0 0 1 0 1 1 1 1 0 1 1 0 0 0 0 1 0 0 1 1 0 0 0 0 1 1
290	2	1 1 1 1 0 1 0 1 1 1 1 0 0 1 1 0 0 1 0 0 1 0 1 0 0 1 1 0 1 1 1 1 0 1 1 0 0 0 0 1 0 0 1 1 0 0 0 0 1 1
290	2	1 1 1 1 0 1 0 1 1 1 1 0 1 1 0 0 0 1 0 0 1 0 1 0 0 1 1 0 1 1 1 1 0 1 1 0 0 0 0 1 0 0 1 1 0 0 0 0 1 1
300	2	1 1 1 0 0 1 0 1 1 1 1 1 1 1 0 0 0 1 0 1 1 0 1 1 0 1 1 1 1 1 1 0 0 1 1 0 0 1 0 1 0 0 1 0 0 0 0 0 1 0
300	2	1 1 1 0 0 1 0 1 1 1 1 1 1 1 0 0 0 1 0 1 1 1 1 0 0 1 1 1 1 1 1 0 0 1 1 0 0 0 0 1 0 0 1 0 0 0 0 0 1 0
300	1	1 1 1 0 0 1 0 1 1 1 1 1 1 1 0 0 0 1 0 1 1 0 1 0 0 1 1 1 1 1 1 0 0 0 1 0 0 0 0 1 0 0 1 0 0 0 0 0 1 0
300	16	1 1 1 0 0 1 0 1 1 1 1 1 1 1 0 0 0 1 0 1 1 0 1 0 0 1 1 1 1 1 1 0 0 1 1 0 0 1 0 1 0 0 1 0 0 0 0 0 1 0
300	68	1 1 1 0 0 1 0 1 1 1 1 1 1 1 0 0 0 1 0 1 1 0 1 0 0 1 1 1 1 1 1 0 0 1 1 0 0 0 0 1 0 0 1 0 0 0 0 0 1 0
300	1	1 1 1 0 0 1 0 1 1 1 1 1 1 1 0 0 0 1 0 1 1 0 1 1 0 1 1 1 1 1 1 0 0 1 1 0 0 0 0 1 0 0 1 0 0 0 0 0 1 0
300	3	1 1 1 1 0 1 0 1 1 1 1 1 1 1 0 0 0 1 0 1 1 0 1 0 0 1 1 1 1 1 1 0 0 1 1 0 0 0 0 1 0 0 1 0 0 0 0 0 1 0
300	1	1 1 1 0 0 1 0 1 1 1 1 1 0 1 0 0 0 1 0 1 1 0 1 0 0 1 1 1 1 1 1 0 0 1 1 0 0 0 0 1 0 0 1 0 0 0 0 0 1 0
300	2	1 1 1 0 0 1 0 1 1 1 1 1 1 1 0 0 0 1 0 1 1 0 1 0 0 1 1 1 1 0 1 0 0 1 1 0 0 0 0 1 0 0 1 0 0 0 0 0 1 0
300	1	1 1 1 0 0 1 0 1 1 1 1 1 1 1 0 0 0 1 0 1 1 0 1 0 0 1 1 1 1 1 1 0 0 1 1 0 0 0 0 1 0 0 1 0 0 1 0 0 1 0
300	1	1 1 1 0 0 1 0 1 1 1 1 1 1 1 0 0 0 1 0 1 1 0 1 0 0 1 1 1 1 1 1 0 0 1 1 0 0 0 0 1 0 0 1 0 1 0 0 0 1 0
300	2	1 1 1 1 0 1 0 1 1 1 1 0 1 1 0 0 0 1 0 0 1 0 1 0 0 1 1 0 1 1 1 1 0 1 1 0 0 0 0 1 0 0 1 1 0 0 0 0 1 1
310	2	0 1 1 0 0 1 0 1 1 1 1 1 1 1 0 0 0 1 0 1 1 0 1 0 0 1 1 1 1 1 1 0 0 1 1 0 0 0 0 1 0 0 1 0 0 0 0 0 1 0
310	1	1 1 1 0 0 1 0 1 1 1 1 1 1 1 0 0 0 1 0 1 1 0 1 0 0 0 1 1 1 1 1 0 0 1 1 0 0 1 0 1 0 0 1 0 0 0 0 0 1 0
310	15	1 1 1 0 0 1 0 1 1 1 1 1 1 1 0 0 0 1 0 1 1 0 1 0 0 1 1 1 1 1 1 0 0 1 1 0 0 1 0 1 0 0 1 0 0 0 0 0 1 0
310	1	1 1 1 0 0 1 0 1 1 1 1 1 1 1 0 0 0 1 0 1 1 0 1 0 0 1 1 1 1 1 1 0 1 1 1 0 0 0 0 1 0 0 1 0 0 0 0 0 1 0
310	59	1 1 1 0 0 1 0 1 1 1 1 1 1 1 0 0 0 1 0 1 1 0 1 0 0 1 1 1 1 1 1 0 0 1 1 0 0 0 0 1 0 0 1 0 0 0 0 0 1 0
310	6	1 1 1 0 0 1 0 1 1 1 1 1 1 1 0 0 0 1 0 1 1 0 1 0 0 1 1 1 1 1 1 0 0 1 1 0 0 0 0 1 1 0 1 0 0 0 0 0 1 0
310	3	1 1 1 1 0 1 0 1 1 1 1 1 1 1 0 0 0 1 0 1 1 0 1 0 0 1 1 1 1 1 1 0 0 1 1 0 0 0 0 1 0 0 1 0 0 0 0 0 1 0
310	4	1 1 1 0 0 1 1 1 1 1 1 1 1 1 0 0 0 1 0 1 1 0 1 0 0 1 1 1 1 1 1 0 0 1 1 0 0 0 0 1 0 0 1 0 0 0 0 0 1 0
310	1	1 1 1 0 0 1 0 1 1 1 1 1 1 1 0 0 0 1 0 1 1 0 1 0 0 1 0 1 1 1 1 0 0 1 1 0 0 0 0 1 0 0 1 0 0 0 0 0 1 0
310	3	1 1 1 0 0 1 0 1 1 1 1 1 0 1 0 0 0 1 0 1 1 0 1 0 0 1 1 1 1 1 1 0 0 1 1 0 0 0 0 1 0 0 1 0 0 0 0 0 1 0
310	4	1 1 1 0 0 1 0 1 1 1 1 1 1 1 0 0 0 1 0 1 1 0 1 0 0 1 1 1 1 0 1 0 0 1 1 0 0 0 0 1 0 0 1 0 0 0 0 0 1 0
310	1	1 1 1 1 0 1 0 1 1 1 1 0 1 1 0 0 0 1 0 0 1 0 1 0 0 1 1 0 1 1 1 1 0 1 1 0 0 0 0 1 0 0 1 1 0 0 0 0 1 1
