10	3	1 1 1 1 1 1 0 1 0 1 1 0 1 1 0 1 0 1 0 1 1 0 1 1 0 1 0 0 0 1 1 1 1 1 0 0 1 1 0 1 0 0 1 1 0 1 0 1 0 0
10	20	1 1 1 1 1 1 0 1 0 1 1 0 1 1 0 1 0 1 0 1 1 0 1 1 0 1 0 0 0 1 1 1 1 1 0 0 1 1 0 1 0 0 1 0 0 1 0 1 0 0
10	23	0 0 1 0 0 1 0 0 0 0 0 0 0 1 0 0 0 0 0 0 0 0 1 0 1 1 1 0 1 0 0 1 0 1 0 1 1 1 1 1 0 1 1 0 1 0 1 0 0 0
10	18	0 0 0 1 0 1 1 1 1 0 0 1 0 1 1 1 0 0 1 0 0 0 0 1 1 1 0 0 0 1 1 0 0 1 1 1 0 0 0 1 0 1 1 0 1 0 1 1 0 1
10	1	1 0 0 1 1 0 0 1 0 1 1 0 0 0 0 0 0 1 1 1 1 0 1 0 0 0 0 0 1 1 0 1 1 1 0 0 1 1 1 1 0 1 1 1 0 0 0 1 0 0
10	1	1 0 0 1 1 0 0 1 0 1 0 0 0 0 0 0 0 0 1 1 1 0 1 0 0 0 0 0 1 1 0 1 1 1 0 0 1 1 1 1 0 1 1 1 0 0 0 1 0 0
10	1	1 0 0 1 1 0 0 1 0 1 1 0 0 0 0 1 0 0 1 1 1 0 1 0 0 0 0 0 1 1 0 1 1 1 0 0 1 1 1 1 0 1 1 1 0 0 0 1 0 0
10	14	1 0 0 1 1 0 0 1 0 1 1 0 0 0 0 0 0 0 1 1 1 0 1 0 0 0 0 0 1 1 0 1 1 1 0 0 1 1 1 1 0 1 1 1 0 0 0 1 0 0
10	1	0 1 1 0 0 0 0 1 1 1 1 0 0 0 0 1 0 0 1 0 1 0 1 0 1 0 1 0 0 1 1 0 1 1 0 1 1 0 0 0 0 1 1 0 0 1 1 0 1 1
10	1	0 1 1 0 0 1 0 1 1 1 1 0 0 0 0 1 0 0 1 0 1 0 1 0 1 0 1 0 0 1 1 0 1 1 0 1 1 0 0 1 0 1 1 0 0 1 1 0 1 1
10	17	0 1 1 0 0 0 0 1 1 1 1 0 0 0 0 1 0 0 1 0 1 0 1 0 1 0 1 0 0 1 1 0 1 1 0 1 1 0 0 1 0 1 1 0 0 1 1 0 1 1
20	13	1 1 1 1 1 1 0 1 0 1 1 0 1 1 0 1 0 1 0 1 1 0 1 1 0 1 0 0 0 1 1 1 1 1 0 0 1 1 0 1 0 0 1 1 0 1 0 1 0 0
20	44	1 1 1 1 1 1 0 1 0 1 1 0 1 1 0 1 0 1 0 1 1 0 1 1 0 1 0 0 0 1 1 1 1 1 0 0 1 1 0 1 0 0 1 0 0 0 0 1 0 0
20	1	1 1 1 1 1 1 0 1 0 1 1 1 1 1 0 1 0 1 0 1 1 0 1 1 0 0 0 0 0 1 1 1 1 1 0 0 1 1 0 1 0 0 1 0 0 1 0 1 0 0
20	7	1 1 1 1 1 1 0 1 0 1 1 0 1 1 0 1 0 1 0 1 1 0 1 1 0 0 0 0 0 1 1 1 1 1 0 0 1 1 0 1 0 0 1 0 0 1 0 1 0 0
20	4	1 1 1 1 1 1 0 1 0 1 1 0 1 0 0 1 0 1 0 1 1 0 1 1 0 1 0 0 0 1 1 1 1 1 0 0 1 1 0 1 0 0 1 0 0 1 0 1 0 0
20	10	1 1 1 1 1 1 0 1 0 1 1 0 1 1 0 1 0 1 0 1 1 0 1 1 0 1 0 0 0 1 1 1 1 1 0 0 1 1 0 1 0 0 1 0 0 1 0 1 0 0
20	6	0 0 1 0 0 1 0 0 0 0 0 0 0 1 0 0 0 0 0 0 0 0 1 0 1 1 1 0 1 0 0 1 0 1 0 1 1 1 1 1 0 1 1 0 1 0 1 0 0 0
20	3	0 0 0 1 0 1 1 1 1 0 0 1 0 1 1 1 0 0 1 0 0 0 0 1 1 1 0 0 0 1 1 0 0 1 1 1 0 0 0 1 0 1 1 0 1 0 1 1 0 1
20	5	1 0 0 1 1 0 0 1 0 1 1 0 0 0 0 0 0 0 1 1 1 0 1 0 0 0 0 0 1 1 0 1 1 1 0 0 1 1 1 1 0 1 1 1 0 0 0 1 0 0
20	7	0 1 1 0 0 0 0 1 1 1 1 0 0 0 0 1 0 0 1 0 1 0 1 0 1 0 1 0 0 1 1 0 1 1 0 1 1 0 0 1 0 1 1 0 0 1 1 0 1 1
30	1	1 1 1 1 1 1 0 1 0 1 1 0 1 1 0 1 0 1 0 1 1 0 1 1 0 0 0 0 0 1 1 1 1 1 0 0 1 1 0 1 0 0 1 1 0 1 0 1 0 0
30	6	1 1 1 1 1 1 0 1 0 1 1 0 1 1 0 1 0 1 0 1 1 0 1 1 0 1 0 0 0 1 1 1 1 1 0 0 1 1 0 1 0 0 1 1 0 1 0 1 0 0
30	4	1 1 1 1 1 1 0 1 0 1 1 0 1 1 0 1 0 1 0 1 1 0 1 1 0 1 0 0 0 1 1 1 1 1 0 0 1 1 0 1 0 0 1 0 0 0 0 0 0 0
30	1	1 1 1 1 1 1 1 1 0 1 1 0 1 1 0 1 0 1 0 1 1 0 1 1 0 1 0 0 0 1 1 1 1 1 0 0 1 1 0 1 0 0 1 0 0 0 0 1 0 0
30	1	1 1 1 1 1 1 0 1 0 1 1 0 1 1 0 1 0 1 0 1 1 0 1 1 0 1 0 0 0 1 1 1 1 1 0 0 1 1 0 1 0 0 1 0 0 1 0 1 0 0
30	1	1 1 1 1 1 1 0 1 0 1 1 1 1 1 0 1 0 1 0 1 1 0 1 1 0 1 0 0 0 1 1 1 1 1 0 0 1 1 0 1 0 0 1 0 0 0 0 1 0 0
30	2	1 1 1 1 1 1 0 1 0 1 1 0 1 1 0 1 0 1 0 1 1 0 1 1 0 1 0 0 0 1 1 1 0 1 0 0 1 1 0 1 0 0 1 0 0 0 0 1 0 0
30	72	1 1 1 1 1 1 0 1 0 1 1 0 1 1 0 1 0 1 0 1 1 0 1 1 0 1 0 0 0 1 1 1 1 1 0 0 1 1 0 1 0 0 1 0 0 0 0 1 0 0
30	2	1 1 1 1 1 1 0 1 0 1 1 1 1 1 0 1 0 1 0 1 1 0 1 1 0 0 0 0 0 1 1 1 1 1 0 0 1 1 0 1 0 0 1 0 0 1 0 1 0 0
30	5	1 1 1 1 1 1 0 1 0 1 1 0 1 1 0 1 0 1 0 1 1 0 1 1 0 0 0 0 0 1 1 1 1 1 0 0 1 1 0 1 0 0 1 0 0 1 0 1 0 0
30	4	1 1 1 1 1 1 0 1 0 1 1 0 1 0 0 1 0 1 0 1 1 0 1 1 0 1 0 0 0 1 1 1 1 1 0 0 1 1 0 1 0 0 1 0 0 1 0 1 0 0
30	1	0 0 1 0 0 1 0 0 0 0 0 0 0 1 0 0 0 0 0 0 0 0 1 0 1 1 1 0 1 0 0 1 0 1 0 1 1 1 1 1 0 1 1 0 1 0 1 0 0 0
40	2	1 1 1 1 1 1 0 1 0 1 1 0 1 1 0 1 0 1 0 1 1 0 1 1 0 1 0 0 0 1 1 1 1 1 0 0 1 1 0 1 0 0 1 1 0 1 0 1 0 0
40	2	1 1 1 1 1 1 0 1 0 1 1 0 1 1 0 1 0 1 0 1 1 0 1 1 0 1 0 0 0 1 1 1 1 1 0 0 1 1 0 1 0 0 1 0 0 0 0 0 0 0
40	1	1 1 1 1 1 1 0 1 0 1 1 0 1 1 0 1 0 1 0 1 1 0 1 1 0 1 0 0 0 1 1 1 1 1 0 0 1 1 1 1 0 0 1 0 0 0 0 1 0 0
40	1	1 1 1 1 1 1 0 1 0 1 1 0 1 1 0 1 0 1 0 1 1 0 1 1 0 1 0 0 0 1 1 1 1 1 0 0 1 1 0 1 0 0 1 0 0 1 0 1 0 0
40	1	1 1 1 1 1 1 0 1 0 1 1 0 1 1 0 1 0 1 0 1 1 0 1 1 0 1 0 0 0 1 1 1 1 1 1 0 1 1 0 1 0 0 1 0 0 0 0 1 0 0
40	1	1 1 1 1 1 1 0 1 0 1 1 0 1 1 0 1 1 1 0 1 1 0 1 1 0 1 0 0 0 1 1 1 1 1 0 0 1 1 0 1 0 0 1 0 0 0 0 1 0 0
40	5	1 1 1 1 1 1 0 1 0 1 1 0 1 1 0 1 0 1 0 1 1 0 1 1 0 1 0 0 0 1 1 1 0 1 0 0 1 1 0 1 0 0 1 0 0 0 0 1 0 0
40	1	1 1 1 1 1 1 0 1 0 1 1 0 1 0 0 1 0 1 0 1 1 0 1 1 0 1 0 0 0 1 1 1 1 1 0 0 1 1 0 1 0 0 1 0 0 0 0 1 0 0
40	1	1 1 1 1 1 1 0 1 0 1 1 0 1 1 0 1 0 1 0 1 1 1 1 1 0 1 0 0 0 1 1 1 1 1 0 0 1 1 0 1 0 0 1 0 0 0 0 1 0 0
40	1	1 1 1 1 1 1 0 1 0 1 1 0 1 1 0 1 0 1 0 1 1 0 1 1 0 1 0 0 0 1 1 1 1 1 0 0 0 1 0 1 0 0 1 0 0 0 0 1 0 0
40	80	1 1 1 1 1 1 0 1 0 1 1 0 1 1 0 1 0 1 0 1 1 0 1 1 0 1 0 0 0 1 1 1 1 1 0 0 1 1 0 1 0 0 1 0 0 0 0 1 0 0
40	1	1 1 1 1 1 1 0 1 0 1 1 0 1 1 0 1 0 1 0 1 1 0 1 1 0 0 0 0 0 1 1 1 0 1 0 0 1 1 0 1 0 0 1 0 0 1 0 1 0 0
40	1	1 1 1 1 1 1 0 1 0 1 1 0 1 1 0 1 0 1 0 1 1 0 1 1 0 0 0 0 0 1 1 1 1 1 0 0 1 1 0 1 0 0 1 0 0 1 0 1 0 0
40	1	1 1 1 1 1 1 0 1 0 0 1 0 1 0 0 1 0 1 0 1 1 0 1 1 0 1 0 0 0 1 1 1 1 1 0 0 1 1 0 1 0 0 1 0 0 1 0 1 0 0
40	1	1 1 1 1 1 1 0 1 0 1 1 0 1 0 0 1 0 1 0 1 1 0 1 1 0 1 0 0 0 1 1 1 1 1 0 0 1 1 0 1 0 0 1 0 0 1 0 1 0 0
50	1	1 1 1 1 1 1 0 1 0 1 1 0 1 1 0 1 0 1 0 1 1 0 1 1 0 1 0 0 0 1 1 1 1 1 0 0 1 1 0 1 0 0 1 1 0 1 0 1 0 0
50	6	1 1 1 1 1 1 0 1 0 1 1 0 1 1 0 1 0 1 0 1 1 0 1 1 0 1 0 0 0 1 1 1 1 1 0 0 1 1 0 1 0 0 1 0 0 0 0 0 0 0
50	3	1 1 1 1 1 1 1 1 0 1 1 0 1 1 0 1 0 1 0 1 1 0 1 1 0 1 0 0 0 1 1 1 1 1 0 0 1 1 0 1 0 0 1 0 0 0 0 1 0 0
50	3	1 1 1 1 1 1 0 1 0 1 1 0 1 1 0 1 0 1 0 1 1 0 1 1 0 1 0 0 0 1 1 1 1 1 0 0 1 1 1 1 0 0 1 0 0 0 0 1 0 0
50	2	1 1 1 1 1 1 0 1 0 1 1 0 1 1 0 1 0 1 0 1 1 0 1 1 0 1 0 0 0 1 1 1 1 1 1 0 1 1 0 1 0 0 1 0 0 0 0 1 0 0
50	1	1 1 1 1 1 1 0 1 0 1 1 0 1 1 0 1 1 1 0 1 1 0 1 1 0 1 0 0 0 1 1 1 1 1 0 0 1 1 0 1 0 0 1 0 0 0 0 1 0 0
50	3	1 1 1 1 1 1 0 1 0 1 1 0 1 1 0 1 0 1 0 1 1 0 1 1 0 1 0 0 0 1 1 1 0 1 0 0 1 1 0 1 0 0 1 0 0 0 0 1 0 0
50	77	1 1 1 1 1 1 0 1 0 1 1 0 1 1 0 1 0 1 0 1 1 0 1 1 0 1 0 0 0 1 1 1 1 1 0 0 1 1 0 1 0 0 1 0 0 0 0 1 0 0
50	3	1 1 1 1 1 1 0 1 0 1 1 0 1 1 0 1 0 1 0 1 1 0 1 1 0 0 0 0 1 1 1 1 1 1 0 0 1 1 0 1 0 0 1 0 0 1 0 1 0 0
50	1	1 1 1 1 1 1 0 1 0 1 1 0 1 1 0 1 0 1 0 1 1 0 1 1 0 0 0 0 0 1 1 1 1 1 0 0 1 1 0 1 0 0 1 0 0 1 0 1 0 0
60	3	1 1 1 1 1 1 0 1 0 1 1 0 1 1 0 1 0 1 0 1 1 0 1 1 0 1 0 0 0 1 1 1 1 1 1 0 1 1 0 1 0 0 1 0 0 0 0 1 0 0
60	1	1 1 1 1 1 1 0 1 0 1 1 0 1 1 0 1 1 1 0 1 1 0 1 1 0 1 0 0 0 1 1 1 1 1 0 0 1 1 0 1 0 0 1 0 0 0 0 1 0 0
60	1	1 1 1 1 1 1 0 1 0 0 1 0 1 1 0 1 0 1 0 1 1 0 1 1 0 1 0 0 0 1 1 1 1 1 0 0 1 1 0 1 0 0 1 0 0 0 0 1 0 0
60	3	1 1 1 1 1 1 0 1 0 1 1 0 1 1 0 1 0 1 0 1 1 0 1 1 0 1 0 0 0 1 1 1 1 1 0 0 1 1 0 1 0 0 1 1 0 0 0 1 0 0
60	1	1 1 1 1 1 1 0 1 0 1 1 0 1 1 0 1 0 1 0 1 1 0 1 1 0 1 0 0 0 1 1 1 1 1 0 1 1 1 0 1 0 0 1 0 0 0 0 1 0 0
60	2	1 1 1 1 1 1 0 1 0 1 1 0 1 1 0 1 0 1 0 1 1 0 1 1 0 1 0 0 0 1 1 1 1 1 0 0 1 1 0 1 1 0 1 0 0 0 0 1 0 0
60	77	1 1 1 1 1 1 0 1 0 1 1 0 1 1 0 1 0 1 0 1 1 0 1 1 0 1 0 0 0 1 1 1 1 1 0 0 1 1 0 1 0 0 1 0 0 0 0 1 0 0
60	7	1 1 1 1 1 1 0 1 0 1 1 0 1 1 0 1 0 1 0 1 1 0 1 1 0 1 0 0 0 1 1 1 1 1 0 0 1 1 0 1 0 0 1 0 0 0 0 0 0 0
60	1	1 1 1 1 1 1 1 1 0 1 1 0 1 1 0 1 0 1 0 1 1 0 1 0 0 1 0 0 0 1 1 1 1 1 0 0 1 1 0 1 0 0 1 0 0 0 0 1 0 0
60	2	1 1 1 1 1 1 1 1 0 1 1 0 1 1 0 1 0 1 0 1 1 0 1 1 0 1 0 0 0 1 1 1 1 1 0 0 1 1 0 1 0 0 1 0 0 0 0 1 0 0
60	1	1 1 1 1 1 1 0 1 0 1 1 0 1 1 0 1 0 1 0 1 1 0 1 1 0 1 0 0 0 1 1 1 0 1 0 0 1 1 0 1 0 0 1 0 0 0 0 1 0 0
60	1	1 1 1 1 1 1 0 1 0 1 1 0 1 1 0 1 0 1 0 1 1 0 0 1 0 1 0 0 0 1 1 1 1 1 0 0 1 1 0 1 0 0 1 0 0 0 0 1 0 0
70	2	1 1 1 1 1 1 0 1 0 1 1 0 1 1 0 1 0 1 0 1 1 0 1 1 0 1 0 0 0 1 1 1 1 1 1 0 1 1 0 1 0 0 1 0 0 0 0 1 0 0
70	1	1 1 1 1 1 1 0 1 0 0 1 0 1 1 0 1 0 1 0 1 1 0 1 1 0 1 0 0 0 1 1 1 1 1 0 0 1 1 0 1 0 0 1 0 0 0 0 1 0 0
70	3	1 1 1 1 1 1 0 1 0 1 1 0 1 1 0 1 0 1 0 1 1 0 1 1 0 1 0 0 0 1 1 1 1 1 0 0 1 1 0 1 0 0 1 1 0 0 0 1 0 0
70	2	1 1 1 1 1 1 0 1 0 1 1 0 1 1 0 1 0 1 0 1 1 0 1 1 0 1 0 0 0 1 1 1 1 1 0 0 1 1 0 0 0 0 1 0 0 0 0 1 0 0
70	1	1 1 1 1 1 1 0 1 0 1 1 0 1 1 0 1 0 0 0 1 1 0 1 1 0 1 0 0 0 1 1 1 1 1 0 0 1 1 0 1 0 0 1 0 0 0 0 1 0 0
70	1	1 1 1 1 1 1 0 1 0 1 1 0 1 1 0 1 0 1 0 1 1 0 1 1 0 1 0 0 0 0 1 1 1 1 0 0 1 1 0 1 0 0 1 0 0 0 0 0 0 0
70	12	1 1 1 1 1 1 0 1 0 1 1 0 1 1 0 1 0 1 0 1 1 0 1 1 0 1 0 0 0 1 1 1 1 1 0 0 1 1 0 1 0 0 1 0 0 0 0 0 0 0
70	6	1 1 1 1 1 1 0 1 0 1 1 0 1 1 0 1 0 1 0 1 1 0 1 1 0 1 0 0 0 1 1 1 0 1 0 0 1 1 0 1 0 0 1 0 0 0 0 1 0 0
70	5	1 1 1 1 1 1 1 1 0 1 1 0 1 1 0 1 0 1 0 1 1 0 1 1 0 1 0 0 0 1 1 1 1 1 0 0 1 1 0 1 0 0 1 0 0 0 0 1 0 0
70	1	1 1 1 1 1 1 0 1 0 1 1 0 1 1 0 1 0 1 0 1 1 0 1 1 0 1 0 0 0 1 1 1 1 1 0 0 1 1 0 1 0 0 0 0 0 0 0 1 0 0
70	63	1 1 1 1 1 1 0 1 0 1 1 0 1 1 0 1 0 1 0 1 1 0 1 1 0 1 0 0 0 1 1 1 1 1 0 0 1 1 0 1 0 0 1 0 0 0 0 1 0 0
70	1	1 1 1 1 1 1 0 1 0 1 1 0 1 1 0 1 0 1 0 1 0 0 1 1 0 1 0 0 0 1 1 1 1 1 1 0 1 1 0 0 0 0 1 0 0 0 0 1 0 0
70	2	1 1 1 1 1 1 0 1 1 1 1 0 1 1 0 1 0 1 0 1 1 0 1 1 0 1 0 0 0 1 1 1 1 1 0 0 1 0 0 1 0 0 1 0 0 0 0 1 0 0
80	2	1 1 1 1 1 1 0 1 0 1 1 0 1 1 0 1 0 1 0 1 1 1 1 1 0 1 0 0 0 1 1 1 1 1 0 0 1 1 0 1 0 0 1 0 0 0 0 1 0 0
80	2	1 1 1 1 1 1 0 1 0 1 1 0 1 1 0 1 0 1 0 1 1 0 1 1 0 1 0 0 0 1 1 1 1 1 0 0 1 1 1 1 0 0 1 0 0 0 0 1 0 0
80	6	1 1 1 1 1 1 0 1 0 1 1 0 1 1 0 1 0 1 0 1 1 0 1 1 0 1 0 0 0 1 1 1 1 1 0 0 1 0 0 1 0 0 1 0 0 0 0 0 0 0
80	1	1 1 1 1 1 1 0 1 0 1 1 0 1 1 0 1 0 1 0 1 1 0 1 1 0 1 0 0 0 1 1 1 1 1 0 0 1 1 0 1 1 0 1 0 0 0 0 0 0 0
80	21	1 1 1 1 1 1 0 1 0 1 1 0 1 1 0 1 0 1 0 1 1 0 1 1 0 1 0 0 0 1 1 1 1 1 0 0 1 1 0 1 0 0 1 0 0 0 0 0 0 0
80	3	1 1 1 1 1 1 0 1 0 1 1 0 1 1 0 1 0 1 0 1 1 0 1 1 0 1 0 0 0 1 1 1 0 1 0 0 1 1 0 1 0 0 1 0 0 0 0 1 0 0
80	1	1 1 1 1 1 1 0 1 0 1 1 0 1 1 0 1 0 1 0 1 1 0 0 1 0 1 0 0 0 1 1 1 1 1 0 0 1 1 0 1 0 0 1 0 0 0 0 1 0 0
80	1	1 1 1 1 1 1 1 1 0 1 1 0 1 1 0 1 0 1 0 1 1 0 1 1 0 1 0 0 0 1 1 1 1 1 0 0 1 1 0 1 0 0 1 0 0 0 0 1 0 0
80	2	1 1 1 1 1 1 0 1 0 1 1 0 1 1 1 1 0 1 0 1 1 0 1 1 0 1 0 0 0 1 1 1 1 1 0 0 1 1 0 1 0 0 1 0 0 0 0 1 0 0
80	1	1 1 1 1 1 1 0 1 0 1 1 0 1 1 0 1 0 1 0 1 1 0 1 1 0 1 0 0 0 1 1 1 1 1 0 0 1 1 0 1 0 0 0 0 0 0 0 1 0 0
80	1	1 1 1 1 1 1 0 1 0 1 1 0 1 1 0 1 0 1 0 1 1 0 1 1 0 1 0 0 0 1 1 1 1 1 0 0 0 1 0 1 0 0 1 0 0 0 0 1 0 0
80	55	1 1 1 1 1 1 0 1 0 1 1 0 1 1 0 1 0 1 0 1 1 0 1 1 0 1 0 0 0 1 1 1 1 1 0 0 1 1 0 1 0 0 1 0 0 0 0 1 0 0
80	1	1 1 1 1 1 1 0 1 0 1 1 0 1 1 0 1 0 1 0 0 0 0 1 1 0 1 0 0 0 1 1 1 1 1 1 0 1 1 0 1 0 0 1 0 0 0 0 1 0 0
80	1	1 1 1 1 1 1 0 1 0 1 1 0 1 1 0 1 0 1 0 1 0 0 1 1 0 1 0 0 0 1 1 1 1 1 1 0 1 1 0 1 0 0 1 0 0 0 0 1 0 0
80	1	1 1 1 1 1 1 0 1 1 1 1 0 1 1 0 1 0 1 0 1 1 0 1 1 0 1 0 0 0 1 1 1 1 1 0 0 1 0 0 1 0 0 1 0 0 0 0 1 0 0
80	1	1 1 1 1 1 1 0 1 0 1 1 0 1 1 0 1 0 1 0 1 1 0 1 1 0 0 0 0 1 1 1 1 1 1 0 0 1 1 0 1 0 0 1 0 0 1 0 1 0 0
90	2	1 1 1 1 1 1 0 1 0 1 1 0 1 1 0 1 0 1 0 1 1 1 1 1 0 1 0 0 0 1 1 1 1 1 0 0 1 1 0 1 0 0 1 0 0 0 0 1 0 0
90	2	1 1 1 1 1 1 0 1 0 1 1 0 1 1 0 1 0 1 0 1 1 0 1 1 0 1 0 0 0 1 1 1 1 1 0 0 1 1 1 1 0 0 1 0 0 0 0 1 0 0
90	4	1 1 1 1 1 1 0 1 0 1 1 0 1 1 0 1 0 1 0 1 1 0 1 1 0 1 0 0 0 1 1 1 1 1 0 0 1 0 0 1 0 0 1 0 0 0 0 0 0 0
90	1	1 1 1 1 1 1 0 1 0 1 1 0 1 1 0 1 0 1 0 1 1 0 1 1 0 1 0 0 0 1 1 1 1 1 0 0 1 1 0 1 1 0 1 0 0 0 0 0 0 0
90	1	1 1 1 1 1 1 0 1 0 1 1 0 1 1 0 1 0 1 0 1 1 0 1 1 0 1 0 0 0 1 1 1 1 1 0 0 1 1 0 1 0 0 1 1 0 0 0 0 0 0
90	21	1 1 1 1 1 1 0 1 0 1 1 0 1 1 0 1 0 1 0 1 1 0 1 1 0 1 0 0 0 1 1 1 1 1 0 0 1 1 0 1 0 0 1 0 0 0 0 0 0 0
90	5	1 1 1 1 1 1 0 1 0 1 1 0 1 1 0 1 0 1 0 1 1 0 1 1 0 1 0 0 0 1 1 1 0 1 0 0 1 1 0 1 0 0 1 0 0 0 0 1 0 0
90	4	1 1 1 1 1 1 1 1 0 1 1 0 1 1 0 1 0 1 0 1 1 0 1 1 0 1 0 0 0 1 1 1 1 1 0 0 1 1 0 1 0 0 1 0 0 0 0 1 0 0
90	1	1 1 1 1 1 1 0 1 0 1 1 0 1 1 0 1 0 1 0 1 1 0 1 1 0 1 0 0 0 1 1 1 1 1 0 0 1 1 0 1 0 0 0 0 0 0 0 1 0 0
90	1	1 1 1 1 1 1 0 1 0 1 1 0 1 1 0 1 0 1 0 1 1 0 1 1 0 1 0 0 0 1 1 1 1 1 0 0 0 1 0 1 0 0 1 0 0 0 0 1 0 0
90	2	1 1 1 1 1 1 0 1 0 1 1 0 1 1 0 1 0 1 0 1 1 0 1 1 0 1 0 0 0 1 1 1 1 1 0 0 1 1 0 1 0 1 1 0 0 0 0 1 0 0
90	1	1 1 1 1 1 1 0 1 1 1 1 0 1 1 0 1 0 1 0 1 1 0 1 1 0 1 0 0 0 1 1 1 1 1 0 0 1 1 0 1 0 0 1 0 0 0 0 1 0 0
90	53	1 1 1 1 1 1 0 1 0 1 1 0 1 1 0 1 0 1 0 1 1 0 1 1 0 1 0 0 0 1 1 1 1 1 0 0 1 1 0 1 0 0 1 0 0 0 0 1 0 0
90	1	1 1 1 1 1 1 0 1 0 1 1 0 1 1 0 1 0 1 0 0 0 0 1 1 0 1 0 0 0 1 1 1 1 1 1 0 1 1 0 1 0 0 1 0 0 0 0 1 0 0
90	1	1 1 1 1 1 1 0 1 1 1 1 0 1 1 0 1 0 1 0 1 1 0 1 1 0 1 0 0 0 1 1 1 1 1 0 0 1 0 0 1 0 0 1 0 0 0 0 1 0 0
100	2	1 1 1 1 1 1 0 1 0 1 1 0 1 1 0 1 0 1 0 1 1 0 1 1 0 1 0 0 0 1 1 1 1 1 0 0 1 1 1 1 0 0 1 0 0 0 0 1 0 0
100	17	1 1 1 1 1 1 0 1 0 1 1 0 1 1 0 1 0 1 0 1 1 0 1 1 0 1 0 0 0 1 1 1 1 1 0 0 1 0 0 1 0 0 1 0 0 0 0 0 0 0
100	2	1 1 1 1 1 1 0 1 0 1 1 0 1 1 0 1 0 1 0 1 1 0 1 1 0 1 0 0 0 1 1 1 1 1 0 0 1 1 0 1 1 0 1 0 0 0 0 0 0 0
100	1	1 1 1 0 1 1 0 1 1 1 1 0 1 1 0 1 0 1 0 1 1 0 1 1 0 1 0 0 0 1 1 1 1 1 0 0 1 1 0 1 0 0 1 0 0 0 0 0 0 0
100	1	1 1 1 1 1 1 0 1 1 1 1 0 1 1 0 1 0 1 0 1 1 0 1 1 0 1 0 0 0 1 1 1 1 1 0 0 1 1 0 1 0 0 1 0 0 0 0 0 0 0
100	1	1 1 1 1 1 1 0 1 0 1 1 0 1 1 0 1 0 1 0 1 1 0 1 1 0 1 0 0 0 1 1 1 1 1 0 0 1 1 0 1 0 0 0 0 0 0 0 0 0 0
100	2	1 1 1 1 1 1 0 1 0 1 1 0 1 1 0 1 0 1 0 1 1 0 1 1 0 1 0 0 0 1 1 1 1 1 1 0 1 1 0 1 0 0 1 0 0 0 0 0 0 0
100	1	1 1 1 1 1 1 0 1 0 1 1 0 1 1 1 1 0 1 0 1 1 0 1 1 0 1 0 0 0 1 1 1 1 1 0 0 1 1 0 1 0 0 1 0 0 0 0 0 0 0
100	18	1 1 1 1 1 1 0 1 0 1 1 0 1 1 0 1 0 1 0 1 1 0 1 1 0 1 0 0 0 1 1 1 1 1 0 0 1 1 0 1 0 0 1 0 0 0 0 0 0 0
100	2	1 1 1 1 1 1 0 1 0 1 1 0 1 1 0 1 0 1 0 1 1 0 1 1 0 1 0 0 0 1 1 1 0 1 0 0 1 1 0 1 0 0 1 0 0 0 0 1 0 0
100	16	1 1 1 1 1 1 1 1 0 1 1 0 1 1 0 1 0 1 0 1 1 0 1 1 0 1 0 0 0 1 1 1 1 1 0 0 1 1 0 1 0 0 1 0 0 0 0 1 0 0
100	2	1 1 1 1 1 1 0 1 0 1 1 0 1 1 1 1 0 1 0 1 1 0 1 1 0 1 0 0 0 1 1 1 1 0 0 0 1 1 0 1 0 0 1 0 0 0 0 1 0 0
100	3	1 1 1 1 1 1 0 1 0 1 1 0 1 1 1 1 0 1 0 1 1 0 1 1 0 1 0 0 0 1 1 1 1 1 0 0 1 1 0 1 0 0 1 0 0 0 0 1 0 0
100	1	1 1 1 1 1 1 0 1 0 1 0 0 1 1 0 1 0 1 0 1 1 0 1 1 0 1 0 0 0 1 1 1 1 1 0 0 1 1 0 1 0 0 1 0 0 0 0 1 0 0
100	31	1 1 1 1 1 1 0 1 0 1 1 0 1 1 0 1 0 1 0 1 1 0 1 1 0 1 0 0 0 1 1 1 1 1 0 0 1 1 0 1 0 0 1 0 0 0 0 1 0 0
110	8	1 1 1 1 1 1 0 1 0 1 1 0 1 1 0 1 0 1 0 1 1 0 1 1 0 1 0 0 0 1 1 1 1 1 0 0 1 0 0 1 0 0 1 0 0 0 0 0 0 0
110	1	1 1 1 0 1 1 0 1 1 1 1 0 1 1 0 1 0 1 0 1 1 0 1 1 0 1 0 0 0 1 1 1 1 1 0 0 1 1 0 1 0 0 1 0 0 0 0 0 0 0
110	1	1 1 1 1 1 1 0 1 0 1 1 0 1 1 0 1 0 1 0 1 1 0 1 1 0 1 0 0 0 1 1 1 1 1 0 0 1 1 0 1 0 0 0 0 0 0 0 0 0 0
110	1	1 1 1 1 1 1 0 1 0 1 1 0 1 1 0 1 0 1 0 1 1 0 1 1 0 1 0 0 0 1 0 1 1 1 1 0 1 1 0 1 0 0 1 0 0 0 0 0 0 0
110	4	1 1 1 1 1 1 0 1 0 1 1 0 1 1 0 1 0 1 0 1 1 0 1 1 0 1 0 0 0 1 1 1 1 1 1 0 1 1 0 1 0 0 1 0 0 0 0 0 0 0
110	1	1 1 1 1 1 1 0 1 0 1 1 0 1 1 1 1 0 1 0 1 1 0 1 1 0 1 0 0 0 1 1 1 1 1 0 0 1 1 0 1 0 0 1 0 0 0 0 0 0 0
110	1	1 1 1 1 1 1 0 1 0 1 1 0 1 1 0 1 0 1 0 1 1 0 1 1 0 1 0 0 0 1 1 1 1 1 0 0 0 1 0 1 0 0 1 0 0 0 0 0 0 0
110	1	1 1 1 1 1 1 0 1 0 1 1 0 1 1 0 1 0 1 0 1 1 0 1 1 0 1 0 0 0 1 1 1 0 1 0 0 1 1 0 1 0 0 1 0 0 0 0 0 0 0
110	1	1 1 1 1 1 1 0 1 0 1 1 0 1 1 0 1 0 1 0 1 0 0 1 1 0 1 0 0 0 1 1 1 1 1 0 0 1 1 0 1 0 0 1 0 0 0 0 0 0 0
110	27	1 1 1 1 1 1 0 1 0 1 1 0 1 1 0 1 0 1 0 1 1 0 1 1 0 1 0 0 0 1 1 1 1 1 0 0 1 1 0 1 0 0 1 0 0 0 0 0 0 0
110	3	1 1 1 1 1 1 1 1 0 1 1 0 1 1 0 1 0 1 0 1 1 0 1 1 0 1 0 0 0 1 1 1 1 0 0 0 1 1 0 1 0 0 1 0 0 0 0 1 0 0
110	16	1 1 1 1 1 1 1 1 0 1 1 0 1 1 0 1 0 1 0 1 1 0 1 1 0 1 0 0 0 1 1 1 1 1 0 0 1 1 0 1 0 0 1 0 0 0 0 1 0 0
110	2	1 1 1 1 1 1 0 1 0 1 1 0 1 1 1 1 0 1 0 1 1 0 1 1 0 1 0 0 0 1 1 1 1 1 0 0 1 1 0 1 0 0 1 0 0 0 0 1 0 0
110	3	1 1 1 1 1 1 0 1 0 1 1 0 1 1 0 1 1 1 0 1 1 0 1 1 0 1 0 0 0 1 1 1 1 1 0 0 1 1 0 1 0 0 1 0 0 0 0 1 0 0
110	1	1 1 1 1 1 1 0 1 0 1 1 0 1 1 0 1 0 1 0 1 1 1 1 1 0 1 0 0 0 1 1 1 1 1 0 0 1 1 0 1 0 0 1 0 0 0 0 1 0 0
110	27	1 1 1 1 1 1 0 1 0 1 1 0 1 1 0 1 0 1 0 1 1 0 1 1 0 1 0 0 0 1 1 1 1 1 0 0 1 1 0 1 0 0 1 0 0 0 0 1 0 0
110	2	1 1 1 1 1 1 0 1 0 1 1 0 1 1 0 1 0 1 0 0 0 0 1 1 0 0 0 0 0 1 1 1 1 1 1 0 1 1 0 1 0 0 1 0 0 0 0 1 0 0
120	30	1 1 1 1 1 1 0 1 0 1 1 0 1 1 0 1 0 1 0 1 1 0 1 1 0 1 0 0 0 1 1 1 1 1 0 0 1 1 0 1 0 0 1 0 0 0 0 0 0 0
120	15	1 1 1 1 1 1 0 1 0 1 1 0 1 1 0 1 0 1 0 1 1 0 1 1 0 1 0 0 0 1 1 1 1 1 0 0 1 0 0 1 0 0 1 0 0 0 0 0 0 0
120	2	1 1 1 1 1 1 0 1 0 1 1 0 1 1 0 1 0 1 0 1 1 0 1 1 0 1 0 0 0 1 1 1 1 1 0 0 1 1 0 1 0 0 0 0 0 0 0 0 0 0
120	1	1 1 1 1 1 1 0 1 0 1 1 0 1 1 0 1 0 1 0 1 1 0 1 1 0 1 0 0 0 1 0 1 1 1 1 0 1 1 0 1 0 0 1 0 0 0 0 0 0 1
120	1	1 1 1 1 1 1 0 1 0 1 1 0 1 1 0 1 0 1 0 1 1 0 1 1 0 1 0 0 0 1 1 1 1 1 1 0 1 1 0 1 0 0 0 0 0 0 0 0 0 0
120	2	1 1 1 1 1 1 0 1 0 1 1 0 1 1 0 1 0 1 0 1 1 0 1 1 0 1 0 0 0 1 1 1 1 1 1 0 1 1 0 1 0 0 1 0 0 0 0 0 0 0
120	1	1 1 1 1 1 1 0 1 0 1 1 0 1 1 1 1 0 1 0 1 1 0 1 1 0 1 0 0 0 1 1 1 1 1 0 0 1 1 0 1 0 0 1 0 0 0 0 0 0 0
120	1	1 1 1 1 1 1 0 1 0 1 1 0 1 1 0 1 0 1 0 1 1 0 1 1 0 1 0 0 0 1 1 1 1 1 0 0 0 1 0 1 0 0 1 0 0 0 0 0 0 0
120	2	1 1 1 1 1 1 0 1 0 1 1 0 1 1 0 1 0 1 0 1 1 0 1 1 0 1 0 0 0 1 1 1 0 1 0 0 1 1 0 1 0 0 1 0 0 0 0 0 0 0
120	2	1 1 1 1 1 1 0 1 0 1 1 0 1 1 0 1 0 1 0 1 1 0 1 1 0 1 0 0 0 1 1 1 0 1 0 0 1 1 0 1 0 0 1 0 0 0 0 1 0 0
120	24	1 1 1 1 1 1 1 1 0 1 1 0 1 1 0 1 0 1 0 1 1 0 1 1 0 1 0 0 0 1 1 1 1 1 0 0 1 1 0 1 0 0 1 0 0 0 0 1 0 0
120	17	1 1 1 1 1 1 0 1 0 1 1 0 1 1 0 1 0 1 0 1 1 0 1 1 0 1 0 0 0 1 1 1 1 1 0 0 1 1 0 1 0 0 1 0 0 0 0 1 0 0
120	2	1 1 1 1 1 1 0 1 0 1 1 0 1 1 0 1 0 1 0 0 0 0 1 1 0 0 0 0 0 1 1 1 1 1 1 0 1 1 0 1 0 0 1 0 0 0 0 1 0 0
130	1	1 1 1 1 1 1 0 1 0 1 1 0 1 1 0 1 0 1 0 1 1 0 1 1 0 1 0 0 0 1 1 1 1 1 0 0 1 1 0 1 0 1 1 0 0 0 0 1 0 0
130	1	1 1 1 1 1 1 0 1 0 1 1 0 1 1 0 1 0 1 0 0 1 0 1 1 0 1 0 0 0 1 1 1 1 1 0 0 1 1 0 1 0 0 1 0 0 0 0 1 0 0
130	10	1 1 1 1 1 1 0 1 0 1 1 0 1 1 0 1 0 1 0 1 1 0 1 1 0 1 0 0 0 1 1 1 1 1 0 0 1 1 0 1 0 0 1 0 0 0 0 1 0 0
130	13	1 1 1 1 1 1 0 1 1 1 1 0 1 1 0 1 0 1 0 1 1 0 1 1 0 1 0 0 0 1 1 1 1 1 0 0 1 1 0 1 0 0 1 0 0 0 0 0 0 0
130	1	1 1 1 1 1 1 0 1 0 1 1 0 1 1 0 1 0 1 0 1 1 0 1 1 0 1 0 0 0 1 1 1 0 1 0 0 1 1 0 1 0 0 1 0 0 0 0 0 0 0
130	2	1 1 1 1 1 1 1 1 0 1 1 0 1 1 0 1 0 1 0 1 1 0 1 1 0 1 0 0 0 1 1 1 1 1 0 0 1 1 0 1 0 0 1 0 0 0 0 0 0 0
130	1	1 1 1 1 1 1 0 1 0 1 1 1 1 1 0 1 0 1 0 1 1 0 1 1 0 1 0 0 0 1 1 1 1 1 0 0 1 1 0 1 0 0 1 0 0 0 0 0 0 0
130	1	1 1 1 1 1 1 0 1 0 1 1 0 1 1 0 1 0 1 0 1 0 0 1 1 0 1 0 0 0 1 1 1 1 1 0 0 1 1 0 1 0 0 1 0 0 0 0 0 0 0
130	20	1 1 1 1 1 1 0 1 0 1 1 0 1 1 0 1 0 1 0 1 1 0 1 1 0 1 0 0 0 1 1 1 1 1 0 0 1 1 0 1 0 0 1 0 0 0 0 0 0 0
130	2	1 1 1 1 1 1 0 1 1 1 1 0 1 1 0 1 0 1 0 1 1 0 1 1 0 1 0 0 0 1 1 1 1 1 0 0 1 0 0 1 0 0 1 0 0 0 0 0 0 0
130	11	1 1 1 1 1 1 0 1 0 1 1 0 1 1 0 1 0 1 0 1 1 0 1 1 0 1 0 0 0 1 1 1 1 1 0 0 1 0 0 1 0 0 1 0 0 0 0 0 0 0
130	2	1 1 1 1 1 1 0 1 0 1 1 0 1 1 0 1 0 1 0 1 1 0 1 1 0 1 0 0 0 1 1 1 1 1 0 0 1 1 0 1 1 0 1 0 0 0 0 0 0 0
130	4	1 1 1 1 1 1 0 1 0 1 1 0 1 1 0 1 0 1 0 1 1 0 1 1 0 1 0 0 0 1 1 1 1 1 0 0 1 1 0 1 0 0 0 0 0 0 0 0 0 0
130	4	1 1 1 1 1 1 0 1 0 1 1 0 1 1 0 1 0 1 0 1 1 0 1 1 0 1 0 0 0 1 0 1 1 1 1 0 1 1 0 1 0 0 1 0 0 0 0 0 0 1
130	3	1 1 1 1 1 1 0 1 0 1 1 0 1 1 0 1 0 1 0 1 1 0 1 1 0 1 0 0 0 1 1 1 1 1 1 0 1 1 0 1 0 0 0 0 0 0 0 0 0 0
130	3	1 1 1 1 1 1 0 1 0 1 1 0 1 1 1 1 0 1 0 1 1 0 1 1 0 1 0 0 0 1 1 1 1 1 0 0 1 1 0 1 0 0 1 0 0 0 0 0 0 0
130	1	1 1 1 1 1 1 1 1 0 1 1 0 1 1 0 1 0 1 0 1 1 0 1 1 0 0 0 0 0 1 1 1 1 1 0 0 1 1 0 1 0 0 1 0 0 0 0 1 0 0
130	1	1 1 1 1 1 1 1 1 0 1 0 0 1 1 0 1 0 1 0 1 1 0 1 1 0 1 0 0 0 1 1 1 1 1 0 0 1 1 0 1 0 0 1 0 0 0 0 1 0 0
130	17	1 1 1 1 1 1 1 1 0 1 1 0 1 1 0 1 0 1 0 1 1 0 1 1 0 1 0 0 0 1 1 1 1 1 0 0 1 1 0 1 0 0 1 0 0 0 0 1 0 0
130	1	1 1 1 1 1 1 0 1 0 1 1 0 1 1 0 1 1 1 0 1 1 0 1 1 0 1 0 0 0 1 1 1 1 1 0 0 1 1 0 1 0 0 1 0 0 0 0 1 0 0
130	1	1 1 1 1 1 1 0 1 0 1 0 0 1 1 0 1 0 1 0 0 0 0 1 1 0 0 0 0 0 1 1 1 1 1 1 0 1 1 0 1 0 0 1 0 0 0 0 1 0 0
140	3	1 1 1 1 1 1 0 1 0 1 1 0 1 1 0 1 0 1 0 1 1 0 1 1 0 1 0 0 0 1 1 1 1 1 0 0 1 1 0 1 0 0 1 0 0 0 0 1 0 0
140	5	1 1 1 1 1 1 0 1 1 1 1 0 1 1 0 1 0 1 0 1 1 0 1 1 0 1 0 0 0 1 1 1 1 1 0 0 1 1 0 1 0 0 1 0 0 0 0 0 0 0
140	1	1 1 1 1 1 1 0 1 0 1 1 0 1 1 0 1 0 1 0 1 1 0 1 1 0 1 0 0 0 1 1 1 0 1 0 0 1 1 0 1 0 0 1 0 0 0 0 0 0 0
140	1	1 1 1 1 1 1 0 1 0 1 1 0 1 1 0 1 0 1 0 1 1 0 1 1 0 0 0 0 0 1 1 1 1 1 0 0 1 1 0 1 0 0 1 0 0 0 0 0 0 0
140	36	1 1 1 1 1 1 0 1 0 1 1 0 1 1 0 1 0 1 0 1 1 0 1 1 0 1 0 0 0 1 1 1 1 1 0 0 1 1 0 1 0 0 1 0 0 0 0 0 0 0
140	1	1 1 1 1 1 1 0 1 0 1 1 0 1 1 0 1 0 1 0 1 1 0 1 1 0 1 0 0 0 1 1 1 1 1 0 0 1 0 1 1 0 0 1 0 0 0 0 0 0 0
140	12	1 1 1 1 1 1 0 1 0 1 1 0 1 1 0 1 0 1 0 1 1 0 1 1 0 1 0 0 0 1 1 1 1 1 0 0 1 0 0 1 0 0 1 0 0 0 0 0 0 0
140	2	1 1 1 1 1 1 0 1 0 1 1 0 1 1 0 1 0 1 0 1 1 0 1 1 0 1 0 0 0 1 1 1 1 1 0 0 1 1 0 1 0 0 0 0 0 0 0 0 0 0
140	12	1 1 1 1 1 1 0 1 0 1 1 0 1 1 0 1 0 1 0 1 1 0 1 1 0 1 0 0 0 1 1 1 1 1 1 0 1 1 0 1 0 0 0 0 0 0 0 0 0 0
140	3	1 1 1 1 1 1 0 1 0 1 1 0 1 1 1 1 0 1 0 1 1 0 1 1 0 1 0 0 0 1 1 1 1 1 0 0 1 1 0 1 0 0 1 0 0 0 0 0 0 0
140	1	1 1 1 1 1 1 1 1 0 1 0 0 1 1 0 1 0 1 0 1 1 0 1 1 0 1 0 0 0 1 1 1 1 1 0 0 1 1 0 1 0 0 1 0 0 0 0 1 0 0
140	1	1 1 1 1 1 1 1 1 0 1 1 0 1 1 0 1 0 1 0 1 1 0 1 1 0 1 0 0 0 1 1 1 1 1 0 0 1 1 0 1 0 0 1 0 0 0 1 1 0 0
140	1	1 1 1 1 1 1 1 1 0 1 1 0 1 1 0 0 0 1 0 1 1 0 1 1 0 1 0 0 0 1 1 1 1 1 0 0 1 1 0 1 0 0 1 0 0 0 0 1 0 0
140	21	1 1 1 1 1 1 1 1 0 1 1 0 1 1 0 1 0 1 0 1 1 0 1 1 0 1 0 0 0 1 1 1 1 1 0 0 1 1 0 1 0 0 1 0 0 0 0 1 0 0
150	1	1 1 1 1 1 1 0 1 1 1 1 0 1 1 0 1 0 1 0 1 1 0 1 1 0 1 0 0 0 1 1 1 1 1 0 0 1 1 0 1 0 0 1 0 0 0 1 0 0 0
150	9	1 1 1 1 1 1 0 1 1 1 1 0 1 1 0 1 0 1 0 1 1 0 1 1 0 1 0 0 0 1 1 1 1 1 0 0 1 1 0 1 0 0 1 0 0 0 0 0 0 0
150	4	1 1 1 1 1 1 0 1 0 1 1 0 1 1 0 1 0 1 0 1 1 0 1 1 0 1 0 0 0 1 1 1 0 1 0 0 1 1 0 1 0 0 1 0 0 0 0 0 0 0
150	1	1 1 1 1 1 1 0 1 0 1 1 0 1 1 0 1 0 1 0 1 1 0 1 1 0 1 0 0 0 1 1 1 1 1 1 0 1 1 0 1 0 0 1 0 0 0 0 0 0 0
150	1	1 1 1 1 1 1 0 1 0 1 0 0 1 1 0 1 0 1 0 1 1 0 1 1 0 1 0 0 0 1 1 1 1 1 0 0 1 1 0 1 0 0 1 0 0 0 0 0 0 0
150	1	1 1 1 1 1 1 0 1 0 1 1 0 1 1 0 1 0 1 0 1 1 0 1 1 1 1 0 0 0 1 1 1 1 1 0 0 1 1 0 1 0 0 1 0 0 0 0 0 0 0
150	30	1 1 1 1 1 1 0 1 0 1 1 0 1 1 0 1 0 1 0 1 1 0 1 1 0 1 0 0 0 1 1 1 1 1 0 0 1 1 0 1 0 0 1 0 0 0 0 0 0 0
150	11	1 1 1 1 1 1 0 1 0 1 1 0 1 1 0 1 0 1 0 1 1 0 1 1 0 1 0 0 0 1 1 1 1 1 0 0 1 0 0 1 0 0 1 0 0 0 0 0 0 0
150	12	1 1 1 1 1 1 0 1 0 1 1 0 1 1 0 1 0 1 0 1 1 0 1 1 0 1 0 0 0 1 1 1 1 1 0 0 1 1 0 1 0 0 0 0 0 0 0 0 0 0
150	1	1 1 1 1 1 1 0 1 0 1 1 0 1 1 0 1 0 1 0 1 1 0 1 1 0 1 0 0 0 1 0 1 1 1 1 0 1 1 0 1 0 0 1 0 0 0 0 0 0 1
150	1	1 1 1 1 1 1 0 1 0 1 1 0 1 1 0 1 0 1 0 1 1 0 1 1 0 1 0 0 0 1 1 0 1 1 1 0 1 1 0 1 0 0 0 0 0 0 0 0 0 0
150	1	1 1 1 1 1 1 0 1 0 1 1 0 1 1 0 1 0 1 0 1 1 0 1 1 0 1 0 0 0 1 1 1 1 1 1 0 1 1 0 1 0 0 0 0 0 0 0 0 0 0
150	1	1 1 1 1 1 1 0 1 0 1 1 0 1 1 1 1 0 1 0 1 1 0 1 1 0 1 0 0 0 1 1 1 1 1 0 0 1 1 0 1 0 0 1 0 0 0 0 0 0 0
150	1	1 1 1 1 1 1 1 1 0 1 1 0 1 1 0 1 0 1 0 1 1 0 1 1 0 1 0 0 0 1 1 1 1 1 0 0 1 1 0 1 0 0 1 0 0 0 1 1 0 0
150	1	1 1 1 1 1 1 1 1 0 1 1 0 1 1 0 0 0 1 0 1 1 0 1 1 0 1 0 0 0 1 1 1 1 1 0 0 1 1 0 1 0 0 1 0 0 0 0 1 0 0
150	1	1 1 1 1 1 1 1 1 0 1 1 0 1 1 0 1 0 1 0 1 1 0 1 1 0 1 1 0 0 1 1 1 1 1 0 0 1 1 0 1 0 0 1 0 0 0 0 1 0 0
150	23	1 1 1 1 1 1 1 1 0 1 1 0 1 1 0 1 0 1 0 1 1 0 1 1 0 1 0 0 0 1 1 1 1 1 0 0 1 1 0 1 0 0 1 0 0 0 0 1 0 0
160	1	1 1 1 1 1 1 0 1 1 1 1 0 1 1 0 1 0 1 0 1 1 0 1 1 0 1 0 0 0 1 1 1 1 1 0 0 1 1 0 1 0 0 1 0 0 0 1 0 0 0
160	18	1 1 1 1 1 1 0 1 1 1 1 0 1 1 0 1 0 1 0 1 1 0 1 1 0 1 0 0 0 1 1 1 1 1 0 0 1 1 0 1 0 0 1 0 0 0 0 0 0 0
160	1	1 1 1 1 1 1 0 1 0 1 1 0 1 1 0 1 0 1 0 1 1 0 1 1 1 1 0 0 0 1 1 1 0 1 0 0 1 1 0 1 0 0 1 0 0 0 0 0 0 0
160	3	1 1 1 1 1 1 0 1 0 1 1 0 1 1 0 1 0 1 0 1 1 0 1 1 0 1 0 0 0 1 1 1 0 1 0 0 1 1 0 1 0 0 1 0 0 0 0 0 0 0
160	5	1 1 1 1 1 1 1 1 0 1 1 0 1 1 0 1 0 1 0 1 1 0 1 1 0 1 0 0 0 1 1 1 1 1 0 0 1 1 0 1 0 0 1 0 0 0 0 0 0 0
160	2	1 1 1 1 1 1 0 1 0 1 1 0 1 1 0 1 0 1 0 1 1 0 1 1 0 0 0 0 0 1 1 1 1 1 0 0 1 1 0 1 0 0 1 0 0 0 0 0 0 0
160	4	1 1 1 1 1 1 0 1 0 1 1 0 1 1 0 1 0 1 0 1 1 0 1 1 0 1 0 0 0 1 1 1 1 1 1 0 1 1 0 1 0 0 1 0 0 0 0 0 0 0
160	2	1 1 1 1 1 1 0 1 0 1 1 0 1 1 0 1 0 1 0 1 1 0 1 1 1 1 0 0 0 1 1 1 1 1 0 0 1 1 0 1 0 0 1 0 0 0 0 0 0 0
160	2	1 1 1 1 1 1 0 1 0 1 1 0 1 1 0 1 0 1 0 1 0 0 1 1 0 1 0 0 0 1 1 1 1 1 0 0 1 1 0 1 0 0 1 0 0 0 0 0 0 0
160	5	1 1 1 1 1 1 0 1 0 1 1 0 1 1 0 1 0 1 0 1 1 0 1 1 0 1 0 0 0 1 1 1 1 1 0 0 1 0 0 1 0 0 1 0 0 0 0 0 0 0
160	7	1 1 1 1 1 1 0 1 0 1 1 0 1 1 0 1 0 1 0 1 1 0 1 1 0 1 0 0 0 1 1 1 1 1 0 0 1 1 0 1 0 0 0 0 0 0 0 0 0 0
160	17	1 1 1 1 1 1 0 1 0 1 1 0 1 1 0 1 0 1 0 1 1 0 1 1 0 1 0 0 0 1 1 1 1 1 0 0 1 1 0 1 0 0 1 0 0 0 0 0 0 0
160	12	1 1 1 1 1 1 0 1 0 1 1 0 1 1 0 1 0 1 0 1 1 0 1 1 0 1 0 0 0 1 1 1 1 1 1 0 1 1 0 1 0 0 0 0 0 0 0 0 0 0
160	2	1 1 1 1 1 1 0 1 0 1 1 0 1 1 1 1 0 1 0 1 1 0 1 1 0 1 0 0 0 1 1 1 1 1 0 0 1 1 0 1 0 0 1 0 0 0 0 0 0 0
160	1	1 1 1 1 1 1 1 1 0 1 1 0 1 1 0 1 0 1 0 1 1 0 1 1 0 1 0 0 0 1 1 1 1 1 0 0 1 1 0 1 0 0 1 0 0 0 1 1 0 0
160	1	1 1 1 1 1 1 1 1 0 1 1 0 1 1 0 1 0 1 0 1 1 0 1 1 0 1 1 0 0 1 1 1 1 1 0 0 1 1 0 1 0 0 1 0 0 0 0 1 0 0
160	1	1 1 1 1 1 1 0 1 0 1 1 0 1 1 0 1 0 1 0 1 1 0 1 1 0 1 0 0 0 1 1 1 1 1 0 0 1 1 0 1 0 0 1 0 0 0 0 1 0 0
160	1	1 1 1 1 1 1 1 1 0 1 1 0 1 1 1 1 0 1 0 1 1 0 1 1 0 1 0 0 0 1 1 1 1 1 0 0 1 1 0 1 0 0 1 0 0 0 0 1 0 0
160	15	1 1 1 1 1 1 1 1 0 1 1 0 1 1 0 1 0 1 0 1 1 0 1 1 0 1 0 0 0 1 1 1 1 1 0 0 1 1 0 1 0 0 1 0 0 0 0 1 0 0
170	1	1 1 1 1 1 1 0 1 1 1 1 0 1 1 0 1 0 1 0 1 1 0 1 1 0 1 0 0 0 1 1 1 1 1 0 0 1 1 0 1 0 0 1 0 0 0 1 0 0 0
170	1	1 1 1 1 1 1 0 1 1 1 0 0 1 1 0 1 0 1 0 1 1 0 1 1 0 1 0 0 0 1 1 1 1 1 0 0 1 1 0 1 0 0 1 0 0 0 0 0 0 0
170	1	1 1 1 1 1 1 0 1 1 0 1 0 1 1 0 1 0 1 0 1 1 0 1 1 0 1 0 0 0 1 1 1 1 1 0 0 1 1 0 1 0 0 1 0 0 0 0 0 0 0
170	19	1 1 1 1 1 1 0 1 1 1 1 0 1 1 0 1 0 1 0 1 1 0 1 1 0 1 0 0 0 1 1 1 1 1 0 0 1 1 0 1 0 0 1 0 0 0 0 0 0 0
170	4	1 1 1 1 1 1 0 1 0 1 1 0 1 1 0 1 0 1 0 1 1 0 1 1 0 1 0 0 0 1 1 1 0 1 0 0 1 1 0 1 0 0 1 0 0 0 0 0 0 0
170	5	1 1 1 1 1 1 1 1 0 1 1 0 1 1 0 1 0 1 0 1 1 0 1 1 0 1 0 0 0 1 1 1 1 1 0 0 1 1 0 1 0 0 1 0 0 0 0 1 0 0
170	7	1 1 1 1 1 1 1 1 0 1 1 0 1 1 0 1 0 1 0 1 1 0 1 1 0 1 0 0 0 1 1 1 1 1 0 0 1 1 0 1 0 0 1 0 0 0 0 0 0 0
170	1	1 1 1 1 1 1 0 1 0 1 0 0 1 1 0 1 0 1 0 1 1 0 1 1 0 1 0 0 0 1 1 1 1 1 1 0 1 1 0 1 0 0 1 0 0 0 0 0 0 0
170	1	1 1 1 1 1 1 0 1 0 1 1 0 1 1 0 1 0 1 0 1 1 0 1 1 0 1 0 0 0 1 1 1 1 1 0 0 1 0 1 1 0 0 1 0 0 0 0 0 0 0
170	6	1 1 1 1 1 1 0 1 0 1 1 0 1 1 0 1 0 1 0 1 1 0 1 1 0 1 0 0 0 1 1 1 1 1 0 0 1 0 0 1 0 0 1 0 0 0 0 0 0 0
170	1	1 1 1 1 1 1 0 1 0 1 1 0 1 1 0 1 0 1 0 1 1 0 1 1 0 1 0 0 1 1 1 1 1 1 0 0 1 1 0 1 0 0 0 0 0 0 0 0 0 0
170	1	1 1 1 1 1 1 0 1 0 1 1 0 1 1 0 1 0 1 0 1 1 0 1 1 0 1 0 0 0 1 1 1 1 1 0 0 1 0 0 1 0 0 0 0 0 0 0 0 0 0
170	14	1 1 1 1 1 1 0 1 0 1 1 0 1 1 0 1 0 1 0 1 1 0 1 1 0 1 0 0 0 1 1 1 1 1 0 0 1 1 0 1 0 0 0 0 0 0 0 0 0 0
170	18	1 1 1 1 1 1 0 1 0 1 1 0 1 1 0 1 0 1 0 1 1 0 1 1 0 1 0 0 0 1 1 1 1 1 0 0 1 1 0 1 0 0 1 0 0 0 0 0 0 0
170	15	1 1 1 1 1 1 0 1 0 1 1 0 1 1 0 1 0 1 0 1 1 0 1 1 0 1 0 0 0 1 1 1 1 1 1 0 1 1 0 1 0 0 0 0 0 0 0 0 0 0
170	1	1 1 1 1 1 1 1 1 0 1 1 0 1 1 0 0 0 1 0 1 1 0 1 1 0 1 0 0 0 1 1 1 1 1 0 0 1 1 0 1 0 0 1 0 0 0 0 1 0 0
170	2	1 1 1 1 1 1 1 1 0 1 1 0 1 1 0 1 0 1 0 1 1 0 1 1 0 1 1 0 0 1 1 1 1 1 0 0 1 1 0 1 0 0 1 0 0 0 0 1 0 0
170	2	1 1 1 1 1 1 1 1 0 1 1 0 1 1 1 1 0 1 0 1 1 0 1 1 0 1 0 0 0 1 1 1 1 1 0 0 1 1 0 1 0 0 1 0 0 0 0 1 0 0
180	2	1 1 1 1 1 1 0 1 1 1 1 0 1 1 0 1 0 1 0 1 1 0 1 1 0 1 0 0 0 1 1 1 1 1 0 1 1 1 0 1 0 0 1 0 0 0 0 0 0 0
180	19	1 1 1 1 1 1 0 1 1 1 1 0 1 1 0 1 0 1 0 1 1 0 1 1 0 1 0 0 0 1 1 1 1 1 0 0 1 1 0 1 0 0 1 0 0 0 0 0 0 0
180	3	1 1 1 1 1 1 0 1 0 1 1 0 1 1 0 1 0 1 0 1 1 0 1 1 0 1 0 0 0 1 1 1 0 1 0 0 1 1 0 1 0 0 1 0 0 0 0 0 0 0
180	2	1 1 1 1 1 1 1 1 0 1 1 0 1 1 0 1 0 1 0 1 1 0 1 1 0 1 1 0 0 1 1 1 1 1 0 0 1 1 0 1 0 0 1 0 0 0 0 1 0 0
180	10	1 1 1 1 1 1 1 1 0 1 1 0 1 1 0 1 0 1 0 1 1 0 1 1 0 1 0 0 0 1 1 1 1 1 0 0 1 1 0 1 0 0 1 0 0 0 0 1 0 0
180	3	1 1 1 1 1 1 1 1 0 1 1 0 1 1 0 1 0 1 0 1 1 0 1 1 0 1 0 0 0 1 1 1 1 1 0 0 1 1 0 1 0 0 1 0 0 0 0 0 0 0
180	4	1 1 1 1 1 1 0 1 0 1 1 0 1 1 0 1 0 1 0 1 1 0 1 1 0 1 0 0 0 1 1 1 1 1 0 0 1 0 0 1 0 0 1 0 0 0 0 0 0 0
180	2	1 1 1 1 1 1 0 1 0 1 1 0 1 1 0 1 0 1 0 1 1 0 1 1 0 1 0 0 1 1 1 1 1 1 0 0 1 1 0 1 0 0 0 0 0 0 0 0 0 0
180	22	1 1 1 1 1 1 0 1 0 1 1 0 1 1 0 1 0 1 0 1 1 0 1 1 0 1 0 0 0 1 1 1 1 1 0 0 1 1 0 1 0 0 0 0 0 0 0 0 0 0
180	1	1 1 1 1 1 0 0 1 0 1 1 0 1 1 0 1 0 1 0 1 1 0 1 1 0 1 0 0 0 1 1 1 1 1 0 0 1 1 0 1 0 0 1 0 0 0 0 0 0 0
180	9	1 1 1 1 1 1 0 1 0 1 1 0 1 1 0 1 0 1 0 1 1 0 1 1 0 1 0 0 0 1 1 1 1 1 0 0 1 1 0 1 0 0 1 0 0 0 0 0 0 0
180	1	1 1 1 1 1 1 0 1 0 1 1 0 1 1 0 1 0 1 0 1 1 0 1 1 0 1 0 0 0 1 1 1 1 1 1 0 1 1 1 1 0 0 0 0 0 0 0 0 0 0
180	1	0 1 1 1 1 1 0 1 0 1 1 0 1 1 0 1 0 1 0 1 1 0 1 1 0 1 0 0 0 1 1 1 1 1 1 0 1 1 0 1 0 0 0 0 0 0 0 0 0 0
180	21	1 1 1 1 1 1 0 1 0 1 1 0 1 1 0 1 0 1 0 1 1 0 1 1 0 1 0 0 0 1 1 1 1 1 1 0 1 1 0 1 0 0 0 0 0 0 0 0 0 0
190	3	1 1 1 1 1 1 0 1 1 1 1 0 1 1 0 1 0 1 0 1 1 0 1 1 0 1 0 0 0 1 1 1 1 1 0 1 1 1 0 1 0 0 1 0 0 0 0 0 0 0
190	2	1 1 1 1 1 1 0 1 1 1 1 0 1 1 0 1 0 1 0 1 1 0 1 1 1 1 0 0 0 1 1 1 1 1 0 0 1 1 0 1 0 0 1 0 0 0 0 0 0 0
190	17	1 1 1 1 1 1 0 1 1 1 1 0 1 1 0 1 0 1 0 1 1 0 1 1 0 1 0 0 0 1 1 1 1 1 0 0 1 1 0 1 0 0 1 0 0 0 0 0 0 0
190	3	1 1 1 1 1 1 0 1 0 1 1 0 1 1 0 1 0 1 0 1 1 0 1 1 0 1 0 0 0 1 1 1 0 1 0 0 1 1 0 1 0 0 1 0 0 0 0 0 0 0
190	1	1 1 1 1 1 1 1 1 0 1 1 0 0 1 0 1 0 1 0 1 1 0 1 1 0 1 0 0 0 1 1 1 1 1 0 0 1 1 0 1 0 0 1 0 0 0 0 1 0 0
190	7	1 1 1 1 1 1 1 1 0 1 1 0 1 1 0 1 0 1 0 1 1 0 1 1 0 1 0 0 0 1 1 1 1 1 0 0 1 1 0 1 0 0 1 0 0 0 0 1 0 0
190	2	1 1 1 1 1 1 1 1 0 1 1 0 1 1 0 1 0 1 0 1 1 0 1 1 0 1 0 0 0 1 1 1 1 1 0 0 1 1 0 1 0 0 1 0 0 0 0 0 0 0
190	4	1 1 1 1 1 1 0 1 0 1 1 0 1 1 0 1 0 1 0 1 1 0 1 1 0 1 0 0 0 1 1 1 1 1 0 0 1 1 0 1 0 0 1 0 0 0 0 0 0 0
190	4	1 1 1 1 1 1 0 1 0 1 1 0 1 1 0 1 0 1 0 1 1 0 1 1 0 1 0 0 0 1 1 1 1 1 0 0 1 0 0 1 0 0 1 0 0 0 0 0 0 0
190	3	1 1 1 1 1 1 0 1 0 1 1 0 1 1 0 1 0 1 0 1 1 0 1 1 0 1 0 0 1 1 1 1 1 1 0 0 1 1 0 1 0 0 0 0 0 0 0 0 0 0
190	14	1 1 1 1 1 1 0 1 0 1 1 0 1 1 0 1 0 1 0 1 1 0 1 1 0 1 0 0 0 1 1 1 1 1 0 0 1 1 0 1 0 0 0 0 0 0 0 0 0 0
190	1	1 1 1 1 1 1 0 1 0 1 1 0 1 1 0 1 0 1 0 1 1 0 1 1 0 1 0 0 0 1 1 1 1 1 1 0 1 1 1 1 0 0 0 0 0 0 0 0 0 0
190	1	1 1 1 1 1 1 0 1 0 1 1 0 1 1 0 1 0 1 0 1 0 0 1 1 0 1 0 0 0 1 1 1 1 1 1 0 1 1 0 1 0 0 0 0 0 0 0 0 0 0
190	38	1 1 1 1 1 1 0 1 0 1 1 0 1 1 0 1 0 1 0 1 1 0 1 1 0 1 0 0 0 1 1 1 1 1 1 0 1 1 0 1 0 0 0 0 0 0 0 0 0 0
200	7	1 1 1 1 1 1 0 1 1 1 1 0 1 1 0 1 0 1 0 1 1 0 1 1 0 1 0 0 0 1 1 1 1 1 0 1 1 1 0 1 0 0 1 0 0 0 0 0 0 0
200	1	1 1 1 1 1 1 0 1 1 1 1 0 1 1 0 1 0 1 0 1 1 0 1 1 1 1 0 0 0 1 1 1 1 1 0 0 1 1 0 1 0 0 1 0 0 0 0 0 0 0
200	1	1 1 1 1 1 1 0 1 1 1 1 0 1 1 0 1 0 1 0 1 1 1 1 1 0 1 0 0 0 1 1 1 1 1 0 0 1 1 0 1 0 0 1 0 0 0 0 0 0 0
200	13	1 1 1 1 1 1 0 1 1 1 1 0 1 1 0 1 0 1 0 1 1 0 1 1 0 1 0 0 0 1 1 1 1 1 0 0 1 1 0 1 0 0 1 0 0 0 0 0 0 0
200	2	1 1 1 1 1 1 1 1 0 1 1 1 1 1 0 1 0 1 0 1 1 0 1 1 0 1 0 0 0 1 1 1 1 1 0 0 1 1 0 1 0 0 1 0 0 0 0 1 0 0
200	3	1 1 1 1 1 1 1 1 0 1 1 0 1 1 0 1 0 1 0 1 1 0 1 1 0 1 0 0 0 1 1 1 1 1 0 0 1 1 0 1 0 0 1 0 0 0 0 1 0 0
200	2	1 1 1 1 1 1 1 1 0 1 1 0 1 1 0 1 0 1 0 1 1 0 1 1 0 1 0 0 0 1 1 1 1 1 0 0 1 1 0 1 0 0 1 0 0 0 0 0 0 0
200	2	1 1 1 1 1 1 0 1 0 1 1 0 1 1 0 1 0 1 0 1 1 0 1 1 0 1 0 0 0 1 1 1 1 1 0 0 1 1 0 1 0 0 1 0 0 0 0 0 0 0
200	3	1 1 1 1 1 1 0 1 0 1 1 0 1 1 0 1 0 1 0 1 1 0 1 1 0 1 0 0 0 1 1 1 1 1 0 0 1 0 0 1 0 0 1 0 0 0 0 0 0 0
200	17	1 1 1 1 1 1 0 1 0 1 1 0 1 1 0 1 0 1 0 1 1 0 1 1 0 1 0 0 0 1 1 1 1 1 0 0 1 1 0 1 0 0 0 0 0 0 0 0 0 0
200	2	1 1 1 1 1 1 0 1 0 1 1 0 1 1 0 1 0 1 0 1 1 1 1 1 0 1 0 0 0 1 1 1 1 1 1 0 1 1 0 1 0 0 0 0 0 0 0 0 0 0
200	1	1 1 1 1 1 1 0 1 0 0 1 0 1 1 0 1 0 1 0 1 1 0 1 1 0 1 0 0 0 1 1 1 1 1 1 0 1 1 0 1 0 0 0 0 0 0 0 0 0 0
200	46	1 1 1 1 1 1 0 1 0 1 1 0 1 1 0 1 0 1 0 1 1 0 1 1 0 1 0 0 0 1 1 1 1 1 1 0 1 1 0 1 0 0 0 0 0 0 0 0 0 0
210	1	1 1 1 1 1 1 0 1 1 1 1 0 1 1 0 1 0 1 0 1 1 0 1 1 0 1 0 0 0 1 1 1 1 1 0 1 1 1 0 1 0 0 1 0 0 0 0 0 0 0
210	1	1 1 1 1 1 1 0 1 1 1 1 0 1 1 0 1 0 1 0 1 1 0 1 1 1 1 0 0 0 1 1 1 1 1 0 0 1 1 0 1 0 0 1 0 0 0 0 0 0 0
210	2	1 1 1 1 1 1 0 1 1 1 1 0 1 1 0 1 0 1 0 1 1 0 1 1 0 1 0 0 0 1 1 1 1 1 0 0 1 1 0 1 0 0 0 0 0 0 0 0 0 0
210	1	1 1 1 1 1 1 0 1 1 1 1 0 1 1 0 1 0 1 0 1 1 1 1 1 0 1 0 0 0 1 1 1 1 1 0 0 1 1 0 1 0 0 1 0 0 0 0 0 0 0
210	12	1 1 1 1 1 1 0 1 1 1 1 0 1 1 0 1 0 1 0 1 1 0 1 1 0 1 0 0 0 1 1 1 1 1 0 0 1 1 0 1 0 0 1 0 0 0 0 0 0 0
210	1	1 1 1 1 1 1 1 1 0 1 1 1 1 1 0 1 0 1 0 1 1 0 1 1 0 1 0 0 0 1 1 1 1 1 0 0 1 1 0 1 0 0 1 0 0 0 0 1 0 0
210	1	1 1 1 1 1 1 1 1 0 1 1 0 1 1 0 1 0 1 0 1 1 0 1 1 0 1 0 0 0 1 1 1 1 1 0 0 1 1 0 1 0 0 1 0 0 0 0 0 0 0
210	1	1 1 1 1 1 1 0 1 0 1 1 0 1 1 0 1 0 1 0 1 1 0 1 1 0 1 0 0 0 1 1 1 1 1 0 0 1 1 0 1 0 0 1 0 0 0 0 0 0 0
210	3	1 1 1 1 1 1 0 1 0 1 1 0 1 1 0 1 0 1 0 1 1 0 1 1 0 1 0 0 0 1 1 1 1 1 0 0 1 0 0 1 0 0 1 0 0 0 0 0 0 0
210	2	1 1 1 1 1 1 0 1 0 1 1 0 1 1 0 1 0 1 0 1 1 0 1 1 0 1 0 0 1 1 1 1 1 1 0 0 1 1 0 1 0 0 0 0 0 0 0 0 0 0
210	2	1 1 1 1 1 1 0 1 0 1 1 0 1 1 0 1 0 1 0 1 1 0 1 1 0 1 0 0 0 1 1 1 1 1 0 0 1 0 0 1 0 0 0 0 0 0 0 0 0 0
210	1	1 1 1 1 1 1 0 1 0 1 1 0 0 1 0 1 0 1 0 1 1 0 1 1 0 1 0 0 0 1 1 1 1 1 0 0 1 1 0 1 0 0 0 0 0 0 0 0 0 0
210	15	1 1 1 1 1 1 0 1 0 1 1 0 1 1 0 1 0 1 0 1 1 0 1 1 0 1 0 0 0 1 1 1 1 1 0 0 1 1 0 1 0 0 0 0 0 0 0 0 0 0
210	1	1 1 1 1 1 1 0 1 0 1 1 0 1 1 0 1 0 1 0 1 1 0 1 1 0 1 0 0 0 1 1 1 1 1 1 0 1 1 1 1 0 0 0 0 0 0 0 0 0 0
210	1	1 1 1 1 1 1 0 1 0 0 1 0 1 1 0 1 0 1 0 1 1 0 1 1 0 1 0 0 0 1 1 1 1 1 1 0 1 1 0 1 0 0 0 0 0 0 0 0 0 0
210	2	1 1 1 1 1 1 0 1 1 1 1 0 1 1 0 1 0 1 0 1 1 0 1 1 0 1 0 0 0 1 1 1 1 1 1 0 1 1 0 1 0 0 0 0 0 0 0 0 0 0
210	1	1 1 1 1 1 1 0 1 0 1 1 0 1 1 0 0 0 1 0 1 1 0 1 1 0 1 0 0 0 1 1 1 1 1 1 0 1 1 0 1 0 0 0 0 0 0 0 0 0 0
210	1	1 1 1 1 1 1 0 1 0 1 1 0 1 1 0 1 0 1 0 1 1 0 1 1 0 1 0 1 0 1 1 1 1 1 1 0 1 1 0 1 0 0 0 0 0 0 0 0 0 0
210	51	1 1 1 1 1 1 0 1 0 1 1 0 1 1 0 1 0 1 0 1 1 0 1 1 0 1 0 0 0 1 1 1 1 1 1 0 1 1 0 1 0 0 0 0 0 0 0 0 0 0
220	2	1 1 1 1 1 1 0 1 1 1 1 0 1 1 0 1 0 1 0 1 1 0 1 1 1 1 0 0 0 1 1 1 1 1 0 0 1 1 0 1 0 0 1 0 0 0 0 0 0 0
220	3	1 1 1 1 1 1 0 1 1 1 1 0 1 1 0 1 0 1 0 1 1 0 1 1 0 1 0 0 0 1 1 1 1 1 0 0 1 1 0 1 0 0 0 0 0 0 0 0 0 0
220	2	1 1 1 1 1 1 0 1 0 1 1 0 1 1 0 1 0 1 0 1 1 0 1 1 0 1 0 0 0 1 1 1 1 1 0 0 1 1 0 1 0 0 1 0 0 0 0 0 0 0
220	16	1 1 1 1 1 1 0 1 1 1 1 0 1 1 0 1 0 1 0 1 1 0 1 1 0 1 0 0 0 1 1 1 1 1 0 0 1 1 0 1 0 0 1 0 0 0 0 0 0 0
220	2	1 1 1 1 1 1 1 1 0 1 1 0 1 1 0 1 0 1 0 1 1 0 1 1 0 1 0 0 0 1 1 1 1 1 0 0 1 1 0 1 0 0 1 0 0 0 0 0 0 0
220	2	1 1 1 1 1 1 0 1 0 1 1 0 1 1 0 1 0 1 0 1 1 0 1 1 0 1 0 0 0 1 1 1 1 1 0 0 1 0 0 1 0 0 1 0 0 0 0 0 0 0
220	3	1 1 1 1 1 1 0 1 0 1 1 0 1 1 0 1 0 1 0 1 1 0 1 1 0 1 0 0 1 1 1 1 1 1 0 0 1 1 0 1 0 0 0 0 0 0 0 0 0 0
220	3	1 1 1 1 1 1 0 1 0 1 1 0 0 1 0 1 0 1 0 1 1 0 1 1 0 1 0 0 0 1 1 1 1 1 0 0 1 1 0 1 0 0 0 0 0 0 0 0 0 0
220	8	1 1 1 1 1 1 0 1 0 1 1 0 1 1 0 1 0 1 0 1 1 0 1 1 0 1 0 0 0 1 1 1 1 1 0 0 1 1 0 1 0 0 0 0 0 0 0 0 0 0
220	5	1 1 1 1 1 1 0 1 0 0 1 0 1 1 0 1 0 1 0 1 1 0 1 1 0 1 0 0 0 1 1 1 1 1 1 0 1 1 0 1 0 0 0 0 0 0 0 0 0 0
220	4	1 1 1 1 1 1 0 1 1 1 1 0 1 1 0 1 0 1 0 1 1 0 1 1 0 1 0 0 0 1 1 1 1 1 1 0 1 1 0 1 0 0 0 0 0 0 0 0 0 0
220	3	1 1 1 1 1 1 0 1 0 1 1 0 1 1 0 1 0 1 0 1 1 0 1 1 0 1 0 0 0 1 1 1 1 1 1 0 1 1 0 0 0 0 0 0 0 0 0 0 0 0
220	1	1 1 1 1 1 1 0 1 0 1 1 0 1 1 0 1 0 1 0 1 1 0 1 1 0 1 0 0 0 1 0 1 1 1 1 0 1 1 0 1 0 0 0 0 0 0 0 0 0 0
220	1	1 1 1 1 1 1 0 1 0 1 1 0 1 0 0 1 0 1 0 1 1 0 1 1 0 1 0 0 0 1 1 1 1 1 1 0 1 1 0 1 0 0 0 0 0 0 0 0 0 0
220	1	1 0 1 1 1 1 0 1 0 1 1 0 1 1 0 1 0 1 0 1 1 0 1 1 0 1 0 0 0 1 1 1 1 1 1 0 1 1 0 1 0 0 0 0 0 0 0 0 0 0
220	44	1 1 1 1 1 1 0 1 0 1 1 0 1 1 0 1 0 1 0 1 1 0 1 1 0 1 0 0 0 1 1 1 1 1 1 0 1 1 0 1 0 0 0 0 0 0 0 0 0 0
230	5	1 1 1 1 1 1 0 1 1 1 1 0 1 1 0 1 0 1 0 1 1 0 1 1 0 1 0 0 0 1 1 1 1 1 0 1 1 1 0 1 0 0 1 0 0 0 0 0 0 0
230	2	1 1 1 1 1 1 0 1 1 1 1 0 1 1 0 1 0 1 0 1 1 0 1 1 0 1 0 0 0 1 1 1 1 1 0 0 1 1 0 1 0 0 0 0 0 0 0 0 0 0
230	1	1 1 1 1 1 1 0 1 1 1 1 0 1 1 0 1 0 1 0 1 1 0 1 0 0 1 0 0 0 1 1 1 1 1 0 0 1 1 0 1 0 0 1 0 0 0 0 0 0 0
230	16	1 1 1 1 1 1 0 1 1 1 1 0 1 1 0 1 0 1 0 1 1 0 1 1 0 1 0 0 0 1 1 1 1 1 0 0 1 1 0 1 0 0 1 0 0 0 0 0 0 0
230	3	1 1 1 1 1 1 1 1 0 1 1 0 1 1 0 1 0 1 0 1 1 0 1 1 0 1 0 0 0 1 1 1 1 1 0 0 1 1 0 1 0 0 1 0 0 0 0 0 0 0
230	1	1 1 1 1 1 1 0 1 0 1 1 0 1 1 0 1 0 1 0 1 1 0 1 1 0 1 0 0 0 1 1 1 1 1 0 0 1 0 0 1 0 0 1 0 0 0 0 0 0 0
230	3	1 1 1 1 1 1 0 1 0 1 1 0 0 1 0 1 0 1 0 1 1 0 1 1 0 1 0 0 0 1 1 1 1 1 0 0 1 1 0 1 0 0 0 0 0 0 0 0 0 0
230	3	1 1 1 1 1 1 0 1 0 1 1 0 1 1 0 1 0 1 0 1 1 0 1 1 0 1 0 0 0 1 1 1 1 1 0 0 1 1 0 1 0 0 0 0 0 0 0 0 0 0
230	8	1 1 1 1 1 1 0 1 1 1 1 0 1 1 0 1 0 1 0 1 1 0 1 1 0 1 0 0 0 1 1 1 1 1 1 0 1 1 0 1 0 0 0 0 0 0 0 0 0 0
230	1	1 1 1 1 1 1 0 1 0 1 1 0 1 1 0 1 0 1 0 1 1 0 1 1 0 1 0 0 0 1 1 1 1 1 1 0 1 1 0 0 0 0 0 0 0 0 0 0 0 0
230	2	1 1 1 1 1 1 0 1 0 1 1 0 1 1 0 1 0 1 0 0 1 0 1 1 0 1 0 0 0 1 1 1 1 1 1 0 1 1 0 1 0 0 0 0 0 0 0 0 0 0
230	1	1 1 1 1 1 1 0 1 0 1 1 0 1 1 0 1 0 1 0 1 1 0 1 1 0 1 0 0 0 1 0 1 1 1 1 0 1 1 0 1 0 0 0 0 0 0 0 0 0 0
230	1	1 1 1 1 1 1 0 1 0 1 1 0 1 1 0 1 0 1 0 1 1 0 1 1 0 1 0 0 0 1 1 1 1 1 1 0 1 1 0 1 0 0 0 0 0 0 1 0 0 0
230	1	1 1 1 1 1 1 0 1 0 1 1 0 1 1 0 1 0 1 0 1 1 0 1 1 0 1 1 0 0 1 1 1 1 1 1 0 1 1 0 1 0 0 0 0 0 0 0 0 0 0
230	1	1 1 1 1 1 1 0 1 0 1 1 1 1 1 0 1 0 1 0 1 1 0 1 1 0 1 0 0 0 1 1 1 1 1 1 0 1 1 0 1 0 0 0 0 0 0 0 0 0 0
230	1	1 1 1 1 1 1 0 1 0 1 1 0 1 1 0 1 0 1 0 1 1 0 1 1 0 1 0 0 0 1 1 1 1 1 1 0 1 1 0 1 0 0 1 0 0 0 0 0 0 0
230	1	1 1 1 1 1 1 0 1 0 1 1 0 1 0 0 1 0 1 0 1 1 0 1 1 0 1 0 0 0 1 1 1 1 1 1 0 1 1 0 1 0 0 0 0 0 0 0 0 0 0
230	2	1 1 1 1 1 1 0 1 0 1 1 0 1 1 0 1 0 1 0 1 1 0 1 1 0 1 0 0 0 1 1 1 1 0 1 0 1 1 0 1 0 0 0 0 0 0 0 0 0 0
230	1	1 1 1 1 1 1 0 1 0 1 1 0 1 1 0 1 0 1 0 1 1 0 1 1 0 1 0 0 0 1 1 0 1 1 1 0 1 1 0 1 0 0 0 0 0 0 0 0 0 0
230	46	1 1 1 1 1 1 0 1 0 1 1 0 1 1 0 1 0 1 0 1 1 0 1 1 0 1 0 0 0 1 1 1 1 1 1 0 1 1 0 1 0 0 0 0 0 0 0 0 0 0
240	1	1 1 1 1 1 1 0 1 1 1 1 0 1 1 0 1 0 1 0 1 1 0 1 1 0 1 1 0 0 1 1 1 1 1 0 1 1 1 0 1 0 0 1 0 0 0 0 0 0 0
240	1	1 1 1 1 1 1 0 1 1 1 1 0 1 1 0 1 0 1 0 1 1 0 1 1 0 1 0 0 0 1 1 1 1 1 0 1 1 1 0 1 0 0 1 0 0 0 0 0 0 0
240	5	1 1 1 1 1 1 0 1 1 1 1 0 1 1 0 1 0 1 0 1 1 0 1 1 0 1 0 0 0 1 1 1 1 1 0 0 1 1 0 1 0 0 0 0 0 0 0 0 0 0
240	2	1 1 1 1 1 1 0 1 0 1 1 0 1 1 0 1 0 1 0 1 1 0 1 1 0 1 0 0 0 1 1 1 1 1 0 0 1 1 0 1 0 0 1 0 0 0 0 0 0 0
240	1	1 1 1 1 1 1 0 1 1 1 1 0 1 1 0 1 0 1 0 1 1 0 1 0 0 1 0 0 0 1 1 1 1 1 0 0 1 1 0 1 0 0 1 0 0 0 0 0 0 0
240	1	1 1 1 1 1 1 0 1 1 1 1 0 1 1 0 1 0 1 0 1 1 0 1 1 0 0 0 0 0 1 1 1 1 1 0 0 1 1 0 1 0 0 1 0 0 0 0 0 0 0
240	1	1 1 1 1 1 1 0 1 1 1 1 0 1 1 0 1 0 1 0 1 1 0 1 1 0 1 0 0 0 1 1 1 1 1 0 0 1 1 1 1 0 0 1 0 0 0 0 0 0 0
240	12	1 1 1 1 1 1 0 1 1 1 1 0 1 1 0 1 0 1 0 1 1 0 1 1 0 1 0 0 0 1 1 1 1 1 0 0 1 1 0 1 0 0 1 0 0 0 0 0 0 0
240	1	1 1 1 1 1 1 0 1 0 1 1 0 1 1 0 1 0 1 1 1 1 0 1 1 0 1 0 0 0 1 1 1 1 1 0 0 1 1 0 1 0 0 0 0 0 0 0 0 0 0
240	6	1 1 1 1 1 1 0 1 0 1 1 0 1 1 0 1 0 1 0 1 1 0 1 1 0 1 0 0 0 1 1 1 1 1 0 0 1 1 0 1 0 0 0 0 0 0 0 0 0 0
240	11	1 1 1 1 1 1 0 1 1 1 1 0 1 1 0 1 0 1 0 1 1 0 1 1 0 1 0 0 0 1 1 1 1 1 1 0 1 1 0 1 0 0 0 0 0 0 0 0 0 0
240	4	1 1 1 1 1 1 0 1 0 1 1 0 1 1 0 1 0 1 0 1 1 0 1 1 0 1 0 0 0 1 1 1 1 1 1 0 1 1 0 0 0 0 0 0 0 0 0 0 0 0
240	1	1 1 1 1 1 1 0 1 0 0 1 0 1 1 0 1 0 1 0 0 1 0 1 1 0 1 0 0 0 1 1 1 1 1 1 0 1 1 0 1 0 0 0 0 0 0 0 0 0 0
240	1	1 1 1 1 1 1 0 1 0 1 1 0 1 1 0 1 0 1 0 0 1 0 1 1 0 1 0 0 0 1 1 1 1 1 1 0 1 1 0 1 0 0 0 0 0 0 0 0 0 0
240	1	1 1 1 1 1 1 0 1 0 1 1 0 1 1 0 1 0 1 0 1 1 0 1 1 0 1 0 0 0 1 0 1 1 1 1 0 1 1 0 1 0 0 0 0 0 0 0 0 0 0
240	2	1 1 1 1 1 1 0 1 0 1 1 0 1 1 0 1 0 1 0 1 1 0 1 1 0 1 0 0 0 1 1 1 1 0 1 0 1 1 0 1 0 0 0 0 0 0 0 0 0 0
240	2	1 1 1 1 1 1 0 1 0 1 1 0 1 1 0 1 0 1 0 1 1 0 1 1 0 0 0 0 0 1 1 1 1 1 1 0 1 1 0 1 0 0 0 0 0 0 0 0 0 0
240	1	1 1 1 1 1 1 0 1 0 1 1 0 1 1 0 1 0 1 0 1 1 0 1 1 0 1 1 0 0 1 1 1 1 1 1 0 1 1 0 1 0 0 0 0 0 0 0 0 0 0
240	46	1 1 1 1 1 1 0 1 0 1 1 0 1 1 0 1 0 1 0 1 1 0 1 1 0 1 0 0 0 1 1 1 1 1 1 0 1 1 0 1 0 0 0 0 0 0 0 0 0 0
250	2	1 1 1 1 1 1 0 1 1 1 1 0 1 1 0 1 0 1 0 1 1 0 1 1 0 1 0 0 0 1 1 1 1 1 0 1 1 1 0 1 0 0 1 0 0 0 0 0 0 0
250	6	1 1 1 1 1 1 0 1 1 1 1 0 1 1 0 1 0 1 0 1 1 0 1 1 0 1 0 0 0 1 1 1 1 1 0 0 1 1 0 1 0 0 0 0 0 0 0 0 0 0
250	1	1 1 1 1 1 1 0 1 1 1 1 0 1 1 0 1 0 1 0 1 1 0 1 1 0 1 0 0 0 1 1 1 1 1 0 0 1 1 1 1 0 0 1 0 0 0 0 0 0 0
250	13	1 1 1 1 1 1 0 1 1 1 1 0 1 1 0 1 0 1 0 1 1 0 1 1 0 1 0 0 0 1 1 1 1 1 0 0 1 1 0 1 0 0 1 0 0 0 0 0 0 0
250	1	1 1 1 1 1 1 0 1 0 1 1 0 1 1 0 1 0 1 0 1 1 0 1 1 0 1 0 0 1 1 1 1 1 1 0 0 1 1 0 1 0 0 0 0 0 0 0 0 0 0
250	3	1 1 1 1 1 1 0 1 0 1 1 0 1 1 0 1 0 1 0 1 1 0 1 1 0 1 0 0 0 1 1 1 1 1 0 0 1 1 0 1 0 0 0 0 0 0 0 0 0 0
250	1	1 1 1 1 1 1 0 1 1 1 1 0 1 1 0 1 0 1 0 1 1 0 1 1 0 1 0 0 0 1 1 0 1 1 1 0 1 1 0 1 0 0 0 0 0 0 0 0 0 0
250	16	1 1 1 1 1 1 0 1 1 1 1 0 1 1 0 1 0 1 0 1 1 0 1 1 0 1 0 0 0 1 1 1 1 1 1 0 1 1 0 1 0 0 0 0 0 0 0 0 0 0
250	2	1 1 1 1 1 1 0 1 0 1 1 0 1 1 0 1 0 1 0 1 1 0 1 1 0 1 0 0 0 1 1 1 1 1 1 0 1 1 0 0 0 0 0 0 0 0 0 0 0 0
250	5	1 1 1 1 1 1 0 1 0 1 1 0 1 1 0 1 0 1 0 1 1 0 1 1 0 1 0 0 0 1 0 1 1 1 1 0 1 1 0 1 0 0 0 0 0 0 0 0 0 0
250	4	1 1 1 1 1 1 0 1 0 1 1 0 1 1 0 1 0 1 0 1 1 0 1 1 0 0 0 0 0 1 1 1 1 1 1 0 1 1 0 1 0 0 0 0 0 0 0 0 0 0
250	2	1 1 1 1 1 1 0 1 0 1 1 0 1 1 0 1 0 1 0 1 1 0 1 1 0 1 1 0 0 1 1 1 1 1 1 0 1 1 0 1 0 0 0 0 0 0 0 0 0 0
250	1	1 0 1 1 1 1 0 1 0 1 1 0 1 1 0 1 0 1 0 1 1 0 1 1 0 1 0 0 0 1 1 1 1 1 1 0 1 1 0 1 0 0 0 0 0 0 0 0 0 0
250	43	1 1 1 1 1 1 0 1 0 1 1 0 1 1 0 1 0 1 0 1 1 0 1 1 0 1 0 0 0 1 1 1 1 1 1 0 1 1 0 1 0 0 0 0 0 0 0 0 0 0
260	2	1 1 1 1 1 1 0 1 1 1 1 0 1 1 0 1 0 1 0 1 1 0 1 1 0 1 0 0 0 1 1 1 1 1 0 1 1 1 0 1 0 0 1 0 0 0 0 0 0 0
260	2	1 1 1 1 1 1 0 1 1 1 1 0 1 1 0 1 0 1 0 1 1 0 1 1 0 1 0 0 0 1 1 0 1 1 0 0 1 1 0 1 0 0 0 0 0 0 0 0 0 0
260	11	1 1 1 1 1 1 0 1 1 1 1 0 1 1 0 1 0 1 0 1 1 0 1 1 0 1 0 0 0 1 1 1 1 1 0 0 1 1 0 1 0 0 0 0 0 0 0 0 0 0
260	1	1 1 1 1 1 1 0 1 0 1 1 0 1 1 0 1 0 1 0 1 1 0 1 1 0 1 0 0 0 1 1 1 1 1 0 0 1 1 0 1 0 0 1 0 0 0 0 0 0 0
260	2	1 1 1 1 1 1 0 1 1 1 1 0 1 1 0 1 0 1 0 1 1 0 1 1 0 1 0 0 0 1 1 1 1 1 0 0 1 1 0 1 0 0 1 0 0 0 0 0 0 0
260	1	1 1 1 1 1 1 0 1 0 1 1 0 1 1 0 1 1 1 0 1 1 0 1 1 0 1 0 0 0 1 1 1 1 1 1 0 1 1 0 1 0 0 0 0 0 0 0 0 0 0
260	48	1 1 1 1 1 1 0 1 0 1 1 0 1 1 0 1 0 1 0 1 1 0 1 1 0 1 0 0 0 1 1 1 1 1 1 0 1 1 0 1 0 0 0 0 0 0 0 0 0 0
260	1	1 1 1 1 1 1 0 1 1 1 1 0 1 1 0 1 0 1 0 1 1 0 1 1 1 1 0 0 0 1 1 1 1 1 1 0 1 1 0 1 0 0 0 0 0 0 0 0 0 0
260	27	1 1 1 1 1 1 0 1 1 1 1 0 1 1 0 1 0 1 0 1 1 0 1 1 0 1 0 0 0 1 1 1 1 1 1 0 1 1 0 1 0 0 0 0 0 0 0 0 0 0
260	2	1 1 1 1 1 1 0 1 0 1 1 0 1 1 0 1 0 1 0 1 1 0 1 1 0 1 0 0 0 1 0 1 1 1 1 0 1 1 0 1 0 0 0 0 0 0 0 0 0 0
260	1	1 1 1 1 1 1 0 0 0 1 1 0 1 1 0 1 0 1 0 1 1 0 1 1 0 0 0 0 0 1 1 1 1 1 1 0 1 1 0 1 0 0 0 0 0 0 0 0 0 0
260	2	1 1 1 1 1 1 0 1 0 1 1 0 1 1 0 1 0 1 0 1 1 0 1 1 0 0 0 0 0 1 1 1 1 1 1 0 1 1 0 1 0 0 0 0 0 0 0 0 0 0
270	1	1 1 1 1 1 1 0 1 1 1 1 0 1 1 0 1 0 1 0 1 1 0 1 1 0 1 0 0 0 1 1 0 1 1 0 0 1 1 0 1 0 0 0 0 0 0 0 0 0 0
270	1	1 1 1 1 1 1 0 1 1 1 1 0 1 1 0 1 0 1 0 1 1 0 1 1 0 1 0 0 0 1 1 1 1 1 0 0 1 1 0 1 0 0 0 0 0 0 0 0 0 0
270	1	1 1 1 1 1 1 0 1 1 1 1 0 1 1 0 1 0 1 0 1 1 0 1 0 0 1 0 0 0 1 1 1 1 1 0 0 1 1 0 1 0 1 1 0 0 0 0 0 0 0
270	3	1 1 1 1 1 1 0 1 1 1 1 0 1 1 0 1 0 1 0 1 1 0 1 0 0 1 0 0 0 1 1 1 1 1 0 0 1 1 0 1 0 0 1 0 0 0 0 0 0 0
270	1	1 1 1 1 1 1 0 1 1 1 1 0 1 1 0 1 0 1 0 1 1 0 1 1 0 1 0 0 0 1 1 1 1 1 0 0 1 1 0 1 0 0 1 0 0 0 0 0 0 0
270	1	1 1 1 1 1 1 0 1 1 1 1 0 1 1 0 1 0 1 0 1 1 0 1 1 0 1 0 0 0 1 1 0 1 1 1 0 1 1 0 1 0 0 0 0 0 0 0 0 0 0
270	1	1 1 1 1 1 1 0 1 0 1 1 0 1 1 0 1 1 1 0 1 1 0 1 1 0 1 0 0 0 1 1 1 1 1 1 0 1 1 0 1 0 0 0 0 0 0 0 0 0 0
270	1	1 1 1 1 1 1 0 1 0 1 1 0 1 1 0 1 0 1 0 1 1 0 1 1 0 1 0 0 0 1 1 1 1 1 1 0 1 1 0 0 0 0 0 0 0 0 0 0 0 0
270	3	1 1 1 1 1 1 0 1 0 1 1 0 1 1 0 1 0 1 0 1 1 0 1 1 0 0 0 0 0 1 1 1 1 1 1 0 1 1 0 1 0 0 0 0 0 0 0 0 0 0
270	38	1 1 1 1 1 1 0 1 0 1 1 0 1 1 0 1 0 1 0 1 1 0 1 1 0 1 0 0 0 1 1 1 1 1 1 0 1 1 0 1 0 0 0 0 0 0 0 0 0 0
270	48	1 1 1 1 1 1 0 1 1 1 1 0 1 1 0 1 0 1 0 1 1 0 1 1 0 1 0 0 0 1 1 1 1 1 1 0 1 1 0 1 0 0 0 0 0 0 0 0 0 0
270	1	1 1 1 1 1 1 0 1 0 1 1 0 1 1 0 1 0 1 0 1 1 0 1 1 0 1 1 0 0 1 1 1 1 1 1 0 1 1 0 1 0 0 0 0 0 0 0 0 0 0
280	1	1 1 1 1 1 1 0 1 1 1 1 0 1 1 0 1 0 1 0 1 1 0 1 1 0 1 0 0 0 1 1 0 1 1 0 0 1 1 0 1 0 0 0 0 0 0 0 0 0 0
280	1	1 1 1 1 1 1 0 1 1 1 1 0 1 1 0 1 1 1 0 1 1 0 1 1 0 1 0 0 0 1 1 1 1 1 0 0 1 1 0 1 0 0 0 0 0 0 0 0 0 0
280	10	1 1 1 1 1 1 0 1 1 1 1 0 1 1 0 1 0 1 0 1 1 0 1 1 0 1 0 0 0 1 1 1 1 1 0 0 1 1 0 1 0 0 0 0 0 0 0 0 0 0
280	1	1 1 1 1 1 1 0 1 1 1 1 0 1 1 0 1 0 1 0 1 1 0 1 0 0 1 0 0 0 1 0 1 1 1 0 0 1 1 0 1 0 0 1 0 0 0 0 0 0 0
280	2	1 1 1 1 1 1 0 1 1 1 1 0 1 1 0 1 0 1 0 1 1 0 1 1 0 1 0 0 0 1 1 1 1 1 0 0 1 1 0 1 0 0 1 0 0 0 0 0 0 0
280	1	1 1 1 1 1 1 0 1 1 1 1 0 1 1 0 1 0 1 0 1 1 0 1 1 0 1 0 0 0 1 1 0 1 1 1 0 1 1 0 1 0 0 0 0 0 0 0 0 0 0
280	1	1 1 1 1 1 1 0 1 0 1 1 0 1 1 0 1 0 1 0 1 1 0 1 1 0 1 0 0 0 1 1 1 1 1 1 0 1 1 0 0 0 0 0 0 0 0 0 0 0 0
280	1	1 1 1 1 1 1 0 1 1 1 1 0 1 1 0 1 0 1 0 1 1 0 1 0 0 1 0 0 0 1 1 1 1 1 1 0 1 1 0 1 0 0 0 0 0 0 0 0 0 0
280	21	1 1 1 1 1 1 0 1 0 1 1 0 1 1 0 1 0 1 0 1 1 0 1 1 0 1 0 0 0 1 1 1 1 1 1 0 1 1 0 1 0 0 0 0 0 0 0 0 0 0
280	52	1 1 1 1 1 1 0 1 1 1 1 0 1 1 0 1 0 1 0 1 1 0 1 1 0 1 0 0 0 1 1 1 1 1 1 0 1 1 0 1 0 0 0 0 0 0 0 0 0 0
280	1	1 1 1 1 1 1 0 1 0 1 1 0 1 0 0 1 0 1 0 1 1 0 1 1 0 1 0 0 0 1 1 1 1 1 1 0 1 1 0 1 0 0 0 0 0 0 0 0 0 0
280	1	1 1 1 1 1 1 0 1 1 1 1 0 1 1 0 1 0 1 0 1 1 0 1 1 0 1 1 0 0 1 1 1 1 1 1 0 1 1 0 1 0 0 0 0 0 0 0 0 0 0
280	1	1 1 1 1 1 1 0 1 1 1 1 0 1 1 0 1 0 1 0 1 1 0 1 1 0 1 0 0 0 1 1 1 1 1 1 0 1 1 0 0 0 0 0 0 0 0 0 0 0 0
280	6	1 1 1 1 1 1 0 1 0 1 1 0 1 1 0 1 0 1 0 1 1 0 1 1 0 1 1 0 0 1 1 1 1 1 1 0 1 1 0 1 0 0 0 0 0 0 0 0 0 0
290	1	1 1 1 1 1 1 0 1 1 1 1 0 1 1 0 1 0 1 0 1 1 0 1 1 0 1 0 0 0 1 1 0 1 1 0 0 1 1 0 1 0 0 0 0 0 0 0 0 0 0
290	12	1 1 1 1 1 1 0 1 1 1 1 0 1 1 0 1 0 1 0 1 1 0 1 1 0 1 0 0 0 1 1 1 1 1 0 0 1 1 0 1 0 0 0 0 0 0 0 0 0 0
290	2	0 1 1 1 1 1 0 1 1 1 1 0 1 1 0 1 0 1 0 1 1 0 1 1 0 1 0 0 0 1 1 1 1 1 1 0 1 1 0 1 0 0 0 0 0 0 0 0 0 0
290	4	1 1 1 1 1 1 0 1 1 1 1 0 1 1 0 1 0 1 0 1 1 0 1 1 0 1 0 0 0 1 1 1 1 1 1 0 1 1 0 0 0 0 0 0 0 0 0 0 0 0
290	54	1 1 1 1 1 1 0 1 1 1 1 0 1 1 0 1 0 1 0 1 1 0 1 1 0 1 0 0 0 1 1 1 1 1 1 0 1 1 0 1 0 0 0 0 0 0 0 0 0 0
290	19	1 1 1 1 1 1 0 1 0 1 1 0 1 1 0 1 0 1 0 1 1 0 1 1 0 1 0 0 0 1 1 1 1 1 1 0 1 1 0 1 0 0 0 0 0 0 0 0 0 0
290	3	1 1 1 1 1 1 0 1 1 1 1 0 1 1 0 1 0 1 0 1 1 0 1 1 0 1 0 0 0 1 1 1 1 1 1 1 1 1 0 1 0 0 0 0 0 0 0 0 0 0
290	5	1 1 1 1 1 1 0 1 0 1 1 0 1 1 0 1 0 1 0 1 1 0 1 1 0 1 1 0 0 1 1 1 1 1 1 0 1 1 0 1 0 0 0 0 0 0 0 0 0 0
300	3	1 1 1 1 1 1 0 1 1 1 1 0 1 1 0 1 0 1 0 0 1 0 1 1 0 1 0 0 0 1 1 0 1 1 0 0 1 1 0 1 0 0 0 0 0 0 0 0 0 0
300	1	1 1 1 1 1 1 0 1 1 1 1 0 1 1 0 1 0 1 0 1 1 0 1 1 0 1 0 0 0 1 1 0 1 1 0 0 1 1 0 1 0 0 0 0 0 0 0 0 0 0
300	1	1 1 1 1 1 1 1 1 1 1 1 0 1 1 0 1 0 1 0 1 1 0 1 1 0 1 0 0 0 1 1 1 1 1 0 0 1 1 0 1 0 0 0 0 0 0 0 0 0 0
300	1	1 1 1 1 1 1 0 1 1 1 1 0 0 1 0 1 0 1 0 1 1 0 1 1 0 1 0 0 0 1 1 1 1 1 0 0 1 1 0 1 0 0 0 0 0 0 0 0 0 0
300	6	1 1 1 1 1 1 0 1 1 1 1 0 1 1 0 1 0 1 0 1 1 0 1 1 0 1 0 0 0 1 1 1 1 1 0 0 1 1 0 1 0 0 0 0 0 0 0 0 0 0
300	1	1 1 1 1 1 1 0 1 1 1 1 0 1 1 0 1 0 1 0 1 1 0 1 1 0 1 0 0 0 1 1 0 1 1 1 0 1 1 0 1 0 0 0 0 0 0 0 0 0 0
300	1	1 1 1 1 1 1 0 1 1 1 1 0 1 1 0 1 0 1 0 1 1 0 1 1 0 1 0 0 0 1 1 1 1 1 1 0 1 1 0 0 0 0 0 0 0 0 0 0 0 0
300	1	1 1 1 1 1 1 0 1 1 1 1 0 1 1 1 1 0 1 0 1 1 0 1 1 0 1 0 0 0 1 1 1 1 1 1 0 1 1 0 1 0 0 0 0 0 0 0 0 0 0
300	1	1 1 1 1 1 1 0 1 1 1 1 0 1 1 0 1 0 1 0 1 1 0 1 1 0 1 0 0 0 1 1 1 1 1 1 0 1 1 0 1 0 0 0 1 0 0 0 0 0 0
300	1	1 1 1 1 1 1 0 1 1 1 1 0 1 1 0 1 0 1 0 1 1 0 1 1 0 1 0 0 0 1 1 1 0 1 1 0 1 1 0 1 0 0 0 0 0 0 0 0 0 0
300	1	1 1 1 1 1 1 0 1 1 1 1 0 1 1 0 1 1 1 0 1 1 0 1 1 0 1 0 0 0 1 1 1 1 1 1 0 1 1 0 1 0 0 0 0 0 0 0 0 0 0
300	56	1 1 1 1 1 1 0 1 1 1 1 0 1 1 0 1 0 1 0 1 1 0 1 1 0 1 0 0 0 1 1 1 1 1 1 0 1 1 0 1 0 0 0 0 0 0 0 0 0 0
300	6	1 1 1 1 1 1 0 1 0 1 1 0 1 1 0 1 0 1 0 1 1 0 1 1 0 1 1 0 0 1 1 1 1 1 1 0 1 1 0 1 0 0 0 0 0 0 0 0 0 0
300	18	1 1 1 1 1 1 0 1 0 1 1 0 1 1 0 1 0 1 0 1 1 0 1 1 0 1 0 0 0 1 1 1 1 1 1 0 1 1 0 1 0 0 0 0 0 0 0 0 0 0
300	2	1 1 1 1 1 1 0 1 1 1 1 0 1 1 0 1 0 1 0 1 1 0 1 1 0 1 0 0 0 1 1 1 1 1 1 1 1 1 0 1 0 0 0 0 0 0 0 0 0 0
310	1	1 1 1 1 1 1 0 1 1 1 1 0 1 1 0 1 0 1 0 1 1 0 1 1 0 1 0 0 0 0 1 0 1 1 0 0 1 1 0 1 0 0 0 0 0 0 0 0 0 0
310	4	1 1 1 1 1 1 0 1 1 1 1 0 1 1 0 1 0 1 0 1 1 0 1 1 0 1 0 0 0 1 1 0 1 1 0 0 1 1 0 1 0 0 0 0 0 0 0 0 0 0
310	4	1 1 1 1 1 1 1 1 1 1 1 0 1 1 0 1 0 1 0 1 1 0 1 1 0 1 0 0 0 1 1 1 1 1 0 0 1 1 0 1 0 0 0 0 0 0 0 0 0 0
310	2	1 1 1 1 1 1 0 1 1 1 1 0 1 1 0 1 0 1 0 1 1 0 1 1 0 1 0 0 0 1 1 1 1 1 0 0 1 1 0 1 0 0 0 0 0 0 0 0 0 0
310	2	1 1 1 1 1 1 0 1 1 1 1 0 1 1 0 1 0 1 0 1 1 0 1 1 0 1 0 0 0 1 1 0 1 1 1 0 1 1 0 1 0 0 0 0 0 0 0 0 0 0
310	2	1 1 1 1 1 1 0 1 1 1 1 0 1 1 0 1 0 1 0 1 1 0 1 1 0 1 0 0 0 1 1 1 1 1 1 0 1 1 0 0 0 0 0 0 0 0 0 0 0 0
310	3	1 1 1 1 1 1 0 1 1 1 1 0 1 1 0 1 0 1 0 1 1 0 1 1 0 1 1 0 0 1 1 1 1 1 1 0 1 1 0 1 0 0 0 0 0 0 0 0 0 0
310	7	1 1 1 1 1 1 0 1 1 1 1 0 1 1 0 1 0 1 0 1 1 0 1 1 0 1 0 0 0 1 1 1 1 1 1 1 1 1 0 1 0 0 0 0 0 0 0 0 0 0
310	9	1 1 1 1 1 1 0 1 0 1 1 0 1 1 0 1 0 1 0 1 1 0 1 1 0 1 0 0 0 1 1 1 1 1 1 0 1 1 0 1 0 0 0 0 0 0 0 0 0 0
310	1	1 1 1 1 1 1 0 1 1 1 1 0 1 0 0 1 0 1 0 1 1 0 1 1 0 1 0 0 0 1 1 1 1 1 1 0 1 1 0 1 0 0 0 0 0 0 0 0 0 0
310	1	1 0 1 1 1 1 0 1 1 1 1 0 1 1 0 1 0 1 0 1 1 0 1 1 0 1 0 0 0 1 1 1 1 1 1 0 1 1 0 1 0 0 0 0 0 0 0 0 0 0
310	60	1 1 1 1 1 1 0 1 1 1 1 0 1 1 0 1 0 1 0 1 1 0 1 1 0 1 0 0 0 1 1 1 1 1 1 0 1 1 0 1 0 0 0 0 0 0 0 0 0 0
310	4	1 1 1 1 1 1 0 1 0 1 1 0 1 1 0 1 0 1 0 1 1 0 1 1 0 1 1 0 0 1 1 1 1 1 1 0 1 1 0 1 0 0 0 0 0 0 0 0 0 0
