10	1	0 0 0 0 1 0 1 0 0 1 1 1 1 1 0 1 1 0 1 1 0 1 1 0 0 1 1 0 0 1 1 0 1 1 0 0 1 0 0 1 0 1 1 1 1 1 0 0 1 0
10	18	0 0 0 0 1 0 1 0 0 1 1 1 1 1 0 1 1 0 1 1 0 1 1 0 1 1 1 0 0 1 1 0 1 1 0 0 1 0 0 1 0 1 1 1 1 1 0 0 1 0
10	1	0 0 1 0 0 0 0 1 0 0 1 1 0 1 0 1 1 1 1 1 1 0 0 1 0 1 0 1 0 1 0 0 1 1 0 1 0 0 1 0 0 1 1 0 1 0 0 1 1 1
10	13	0 0 1 0 0 0 0 1 0 0 1 1 0 1 0 1 1 1 1 1 1 1 0 1 0 1 0 1 0 1 0 0 1 1 0 1 0 0 1 0 0 1 1 0 1 0 0 1 1 1
10	2	0 0 0 0 0 0 1 1 1 1 1 0 0 0 1 1 0 1 1 0 0 0 0 0 0 1 0 0 0 0 1 0 1 1 1 1 0 1 1 0 0 1 0 1 0 0 1 0 0 0
10	1	1 0 0 0 0 0 1 0 1 1 1 0 0 0 1 1 0 1 1 0 0 0 0 0 0 1 0 0 0 0 1 0 1 1 1 1 0 1 1 0 0 1 0 1 0 0 1 0 0 0
10	13	0 0 0 0 0 0 1 0 1 1 1 0 0 0 1 1 0 1 1 0 0 0 0 0 0 1 0 0 0 0 1 0 1 1 1 1 0 1 1 0 0 1 0 1 0 0 1 0 0 0
10	1	1 0 0 0 0 1 0 1 1 0 1 1 1 1 0 0 1 0 0 0 1 0 0 1 0 0 1 1 1 1 1 0 0 0 1 0 0 0 0 1 0 0 0 1 1 1 0 0 0 1
10	1	1 0 0 0 0 1 0 1 1 0 1 0 1 1 0 0 1 0 0 0 1 0 0 1 1 0 1 1 1 1 1 0 0 0 1 0 0 0 0 1 0 0 0 1 1 1 0 0 0 1
10	27	1 0 0 0 0 1 0 1 1 0 1 0 1 1 0 0 1 0 0 0 1 0 0 1 0 0 1 1 1 1 1 0 0 0 1 0 0 0 0 1 0 0 0 1 1 1 0 0 0 1
10	22	0 0 1 0 1 0 1 0 1 0 1 0 0 1 1 0 1 1 0 0 1 1 0 1 0 1 1 1 0 1 1 0 0 0 1 0 0 1 1 0 0 0 0 1 0 0 1 0 0 1
20	1	0 0 0 0 1 0 1 0 0 1 1 1 1 1 0 1 1 0 1 1 0 1 1 0 1 1 1 1 0 1 1 0 1 1 0 0 1 0 0 1 0 1 1 1 1 1 0 0 1 0
20	12	0 0 0 0 1 0 1 0 0 1 1 1 1 1 0 1 1 0 1 1 0 1 1 0 1 1 1 0 0 1 1 0 1 1 0 0 1 0 0 1 0 1 1 1 1 1 0 0 1 0
20	12	0 0 1 0 0 0 0 1 0 0 1 1 0 1 0 1 1 1 1 1 1 1 0 1 0 1 0 1 0 1 0 0 1 1 0 1 0 0 1 0 0 1 1 0 1 0 0 1 1 1
20	3	0 0 0 0 0 0 1 0 1 1 1 0 0 0 1 1 0 1 1 0 0 0 0 0 0 1 0 0 0 0 0 0 1 1 1 1 0 1 1 0 0 1 0 1 0 0 1 0 0 0
20	9	0 0 0 0 0 0 1 0 1 1 1 0 0 0 1 1 0 1 1 0 0 0 0 0 0 1 0 0 0 0 1 0 1 1 1 1 0 1 1 0 0 1 0 1 0 0 1 0 0 0
20	1	1 0 0 0 0 1 0 1 1 0 1 0 1 1 0 0 1 0 0 0 1 1 0 1 0 0 1 1 1 1 1 0 0 0 1 0 0 0 0 1 0 0 0 1 1 1 0 0 0 1
20	1	1 0 0 0 0 1 0 1 1 0 1 0 1 1 0 0 1 0 0 0 1 0 0 1 0 0 1 1 1 1 1 0 0 0 1 0 0 0 0 1 0 0 0 1 0 1 0 0 0 1
20	1	1 0 0 0 0 1 0 1 1 0 1 0 1 1 0 0 1 0 0 0 1 0 0 1 0 0 1 1 1 1 1 0 0 0 1 0 0 0 0 1 0 0 0 1 1 1 0 1 0 1
20	34	1 0 0 0 0 1 0 1 1 0 1 0 1 1 0 0 1 0 0 0 1 0 0 1 0 0 1 1 1 1 1 0 0 0 1 0 0 0 0 1 0 0 0 1 1 1 0 0 0 1
20	3	0 0 1 0 1 0 1 0 1 0 1 0 0 1 1 0 1 1 0 0 1 1 0 1 0 1 1 1 0 1 1 0 0 0 1 0 0 1 1 0 0 0 0 1 0 0 0 0 0 1
20	2	0 0 1 0 0 0 1 0 1 0 1 0 0 1 1 0 1 1 0 0 1 1 0 1 0 1 1 1 0 1 1 0 0 0 1 0 0 1 1 0 0 0 0 1 0 0 1 0 0 1
20	21	0 0 1 0 1 0 1 0 1 0 1 0 0 1 1 0 1 1 0 0 1 1 0 1 0 1 1 1 0 1 1 0 0 0 1 0 0 1 1 0 0 0 0 1 0 0 1 0 0 1
30	6	0 0 0 0 1 0 1 0 0 1 1 1 1 1 0 1 1 0 1 1 0 1 1 0 1 1 1 0 0 1 1 0 1 1 0 0 1 0 0 1 0 1 1 1 1 1 0 0 1 0
30	7	0 0 1 0 0 0 0 1 0 0 1 1 0 1 0 1 1 1 1 1 1 1 0 1 0 1 0 1 0 1 0 0 1 1 0 1 0 0 1 0 0 1 1 0 1 0 0 1 1 1
30	1	0 0 0 0 0 0 1 0 1 1 1 0 0 0 1 1 0 1 1 0 0 0 0 0 0 1 0 0 0 0 0 0 1 1 1 1 0 1 1 0 0 1 0 1 0 0 1 0 0 0
30	4	0 0 0 0 0 0 1 0 1 1 1 0 0 0 1 1 0 1 1 0 0 0 0 0 0 1 0 0 0 0 1 0 1 1 1 1 0 1 1 0 0 1 0 1 0 0 1 0 0 0
30	2	1 0 0 0 0 1 0 1 1 0 1 0 1 1 0 0 1 0 0 0 1 0 0 1 0 0 1 1 1 1 1 0 0 0 1 0 0 0 0 1 0 0 0 1 0 1 0 0 0 1
30	1	1 0 0 0 0 1 0 1 1 0 0 0 1 1 0 0 1 0 0 0 1 0 0 1 0 0 1 1 1 1 1 0 0 0 1 0 0 0 0 1 0 0 0 1 1 1 0 0 0 0
30	2	1 0 0 0 0 1 0 1 1 0 0 0 1 1 0 0 1 0 0 0 1 0 0 1 0 0 1 1 1 1 1 0 0 0 1 0 0 0 0 1 0 0 0 1 1 1 0 0 0 1
30	1	1 0 0 0 0 1 0 1 1 0 1 0 1 1 0 0 1 0 1 0 1 0 0 1 0 0 1 1 1 1 1 0 0 0 1 0 0 0 0 1 0 0 0 1 1 1 0 0 0 1
30	1	1 0 0 0 0 1 0 1 1 0 1 0 1 1 0 0 1 0 0 0 1 0 0 1 0 0 1 1 1 1 1 0 0 0 1 0 0 0 0 0 0 0 0 1 1 1 0 0 0 1
30	39	1 0 0 0 0 1 0 1 1 0 1 0 1 1 0 0 1 0 0 0 1 0 0 1 0 0 1 1 1 1 1 0 0 0 1 0 0 0 0 1 0 0 0 1 1 1 0 0 0 1
30	1	0 0 1 0 1 0 1 0 1 0 1 0 0 1 1 1 1 1 0 0 1 1 0 1 0 1 1 1 0 1 1 0 0 0 1 0 0 1 1 0 0 0 0 1 0 0 0 0 0 1
30	16	0 0 1 0 1 0 1 0 1 0 1 0 0 1 1 0 1 1 0 0 1 1 0 1 0 1 1 1 0 1 1 0 0 0 1 0 0 1 1 0 0 0 0 1 0 0 0 0 0 1
30	3	0 0 1 0 1 0 1 0 1 0 1 0 0 1 1 0 1 1 0 0 1 1 0 1 1 1 1 1 0 1 1 0 0 0 1 0 0 1 1 0 0 0 0 1 0 0 1 0 0 1
30	2	0 0 1 0 1 0 1 0 1 0 1 0 0 1 0 0 1 1 0 0 1 1 0 1 0 1 1 1 0 1 1 0 0 0 1 0 0 1 1 0 0 0 0 1 0 0 1 0 0 1
30	1	0 0 1 0 1 0 0 0 1 0 1 0 0 1 1 0 1 1 0 0 1 1 0 1 0 1 1 1 0 1 1 0 0 0 1 0 0 1 1 0 0 0 0 1 0 0 1 0 0 1
30	13	0 0 1 0 1 0 1 0 1 0 1 0 0 1 1 0 1 1 0 0 1 1 0 1 0 1 1 1 0 1 1 0 0 0 1 0 0 1 1 0 0 0 0 1 0 0 1 0 0 1
40	4	0 0 0 0 1 0 1 0 0 1 1 1 1 1 0 1 1 0 1 1 0 1 1 0 1 1 1 0 0 1 1 0 1 1 0 0 1 0 0 1 0 1 1 1 1 1 0 0 1 0
40	4	0 0 1 0 0 0 0 1 0 0 1 1 0 1 0 1 1 1 1 1 1 1 0 1 0 1 0 1 0 1 0 0 1 1 0 1 0 0 1 0 0 1 1 0 1 0 0 1 1 1
40	2	0 0 0 0 0 0 1 0 1 1 1 0 0 0 1 1 0 1 1 0 0 0 0 0 0 1 0 0 0 0 1 0 1 1 1 1 0 1 1 0 0 1 0 1 0 0 1 0 0 0
40	4	1 0 0 0 0 1 0 1 1 0 1 0 1 1 0 0 1 0 0 0 1 0 0 1 0 0 1 1 1 1 1 0 0 0 1 0 0 0 0 1 0 0 0 1 0 1 0 0 0 1
40	13	1 0 0 0 0 1 0 1 1 0 1 0 1 1 0 0 1 0 0 0 1 0 0 1 0 0 1 1 1 1 1 0 0 0 1 0 0 0 0 1 0 0 0 1 1 1 0 0 0 1
40	1	0 0 1 0 1 0 1 0 1 0 1 0 1 1 1 0 1 1 0 0 1 1 0 1 0 1 1 1 1 1 1 0 0 0 1 0 0 1 1 0 0 0 0 1 0 0 0 0 0 1
40	6	0 0 1 0 1 0 1 0 1 0 1 0 0 1 1 0 1 1 0 0 1 1 0 1 0 1 1 1 1 1 1 0 0 0 1 0 0 1 1 0 0 0 0 1 0 0 0 0 0 1
40	1	0 0 1 0 1 0 1 0 1 0 1 0 0 1 1 1 1 1 0 0 1 1 0 1 0 1 1 1 0 1 1 0 0 0 1 0 0 1 1 0 0 0 0 1 0 0 0 0 0 1
40	2	0 0 1 0 1 0 1 0 1 0 1 0 0 1 1 0 1 1 0 0 1 1 0 1 0 1 1 1 0 1 1 0 1 0 1 0 0 1 1 0 0 0 0 1 0 0 0 0 0 1
40	1	0 0 1 0 1 0 1 0 1 0 1 0 0 1 0 0 1 1 0 0 1 1 0 1 0 1 1 1 0 1 1 0 0 0 1 0 0 1 1 0 0 0 0 1 0 0 0 0 0 1
40	1	0 0 1 0 1 0 1 0 1 0 1 0 0 1 1 0 1 1 0 0 1 1 0 1 0 1 0 1 0 1 1 0 0 0 1 0 0 1 1 0 0 0 0 1 0 0 0 0 0 1
40	9	0 0 1 0 1 0 1 0 1 0 1 0 0 1 1 0 1 1 0 0 1 1 0 1 0 1 1 1 0 1 1 0 0 0 1 0 0 1 1 0 0 0 0 1 0 0 1 0 0 1
40	1	0 0 1 0 1 0 1 0 1 0 1 0 0 1 1 0 1 1 0 0 1 1 0 1 0 1 1 1 0 1 1 0 0 0 1 0 0 1 1 0 0 0 0 0 0 0 0 0 0 1
40	1	0 0 1 0 1 0 1 0 1 0 1 0 0 1 1 0 1 1 0 0 1 1 0 1 0 1 1 1 0 1 1 0 0 0 1 0 0 1 1 1 0 0 0 1 0 0 0 0 0 1
40	45	0 0 1 0 1 0 1 0 1 0 1 0 0 1 1 0 1 1 0 0 1 1 0 1 0 1 1 1 0 1 1 0 0 0 1 0 0 1 1 0 0 0 0 1 0 0 0 0 0 1
40	1	0 0 1 0 1 0 1 0 1 0 1 0 0 1 0 0 1 1 0 0 1 1 0 1 0 1 1 1 0 1 1 0 0 0 1 0 0 1 1 0 0 0 0 1 0 0 1 0 0 1
40	4	0 0 1 0 1 0 0 0 1 0 1 0 0 1 1 0 1 1 0 0 1 1 0 1 0 1 1 1 0 1 1 0 0 0 1 0 0 1 1 0 0 0 0 1 0 0 1 0 0 1
50	1	0 0 1 0 0 0 0 1 0 0 1 1 0 1 0 1 1 1 1 1 1 1 0 1 0 1 0 1 0 1 0 0 1 1 0 1 0 0 1 0 0 1 1 0 1 0 0 1 1 1
50	1	0 0 0 0 0 0 1 0 1 1 1 0 0 0 1 1 0 1 1 0 0 0 0 0 0 1 0 0 0 0 1 0 1 1 1 1 0 1 1 0 0 1 0 1 0 0 1 0 0 0
50	3	1 0 0 0 0 1 0 1 1 0 1 0 1 1 0 0 1 0 0 0 1 0 0 1 0 0 1 1 1 1 1 0 0 0 1 0 0 0 0 1 0 0 0 1 0 1 0 0 0 1
50	1	1 0 0 0 0 1 0 1 1 0 1 0 1 1 0 0 1 0 0 0 1 0 0 1 0 0 1 1 1 1 1 0 0 0 1 0 0 0 0 1 0 0 0 1 1 1 0 0 0 1
50	2	0 0 1 0 1 0 1 0 1 0 1 0 1 1 1 0 1 1 0 0 1 1 0 1 0 1 1 1 1 1 1 0 0 0 1 0 0 1 1 0 0 0 0 1 0 0 0 0 0 1
50	7	0 0 1 0 1 0 1 0 1 0 1 0 0 1 1 0 1 1 0 0 1 1 0 1 0 1 1 1 1 1 1 0 0 0 1 0 0 1 1 0 0 0 0 1 0 0 0 0 0 1
50	1	0 0 1 0 1 0 1 0 1 0 1 0 0 1 1 1 1 1 0 0 1 1 0 1 0 1 1 1 0 1 1 0 0 0 1 0 0 1 1 0 0 0 0 1 0 0 0 0 0 1
50	3	0 0 1 0 1 0 1 0 1 0 1 0 0 1 1 0 1 1 0 0 1 1 0 1 0 1 1 1 0 1 1 0 1 0 1 0 0 1 1 0 0 0 0 1 0 0 0 0 0 1
50	7	0 0 1 0 1 0 1 0 1 0 1 0 0 1 1 0 1 1 0 0 1 1 0 1 0 1 1 1 0 1 1 0 0 0 1 0 0 1 1 0 0 0 0 1 0 0 1 0 0 1
50	1	0 0 1 0 1 0 1 0 1 0 1 0 0 1 1 0 1 1 0 0 1 1 0 1 0 1 1 1 0 1 1 0 0 0 1 0 0 1 1 0 0 0 0 0 0 0 0 0 0 1
50	1	0 0 1 0 1 0 1 0 1 0 1 0 0 1 1 0 1 1 0 0 1 1 0 1 0 1 1 1 0 1 1 0 0 0 1 0 0 1 1 1 0 0 0 1 0 0 0 0 0 1
50	1	0 0 1 0 1 0 1 0 1 0 1 0 0 1 1 0 1 1 0 0 1 1 1 1 0 1 1 1 0 1 1 0 0 0 1 0 0 1 1 0 0 0 0 1 0 0 0 0 0 1
50	66	0 0 1 0 1 0 1 0 1 0 1 0 0 1 1 0 1 1 0 0 1 1 0 1 0 1 1 1 0 1 1 0 0 0 1 0 0 1 1 0 0 0 0 1 0 0 0 0 0 1
50	3	0 0 1 0 1 0 1 0 1 0 1 0 0 1 1 0 1 1 0 0 1 1 0 1 1 1 1 1 0 1 1 0 0 0 1 0 0 1 1 0 0 0 0 1 0 0 1 0 0 1
50	1	0 0 1 0 1 0 1 0 1 0 1 0 0 1 0 0 0 1 0 0 1 1 0 1 0 1 1 1 0 1 1 0 0 0 1 0 0 1 1 0 0 0 0 1 0 0 1 0 0 1
50	1	0 0 1 0 1 0 1 0 1 0 1 0 0 1 1 0 1 1 0 0 1 1 0 1 0 1 1 1 0 1 1 0 0 0 0 0 0 1 1 0 0 0 0 1 0 0 1 0 0 1
60	1	1 0 0 0 0 1 0 1 1 0 1 0 1 1 0 0 1 0 0 0 1 0 0 1 0 0 1 1 1 1 1 0 0 0 1 0 0 0 0 1 0 0 0 1 0 1 0 0 0 1
60	2	0 0 1 0 1 0 1 0 1 0 1 0 1 1 1 0 1 1 0 0 1 0 0 1 0 1 1 1 1 1 1 0 0 0 1 0 0 1 1 0 0 0 0 1 0 0 0 0 0 1
60	4	0 0 1 0 1 0 1 0 1 0 1 0 1 1 1 0 1 1 0 0 1 1 0 1 0 1 1 1 1 1 1 0 0 0 1 0 0 1 1 0 0 0 0 1 0 0 0 0 0 1
60	5	0 0 1 0 1 0 1 0 1 0 1 0 0 1 1 0 1 1 0 0 1 1 0 1 0 1 1 1 1 1 1 0 0 0 1 0 0 1 1 0 0 0 0 1 0 0 0 0 0 1
60	4	0 0 1 0 1 0 1 0 1 0 1 0 0 1 0 0 1 1 0 0 1 1 0 1 0 1 1 1 0 1 1 0 0 0 1 0 0 1 1 0 0 0 0 1 0 0 0 0 0 1
60	1	0 0 1 0 1 0 1 0 1 0 1 0 0 1 1 0 1 1 0 1 1 1 0 1 0 1 1 1 0 1 1 0 0 0 1 0 0 1 1 0 0 0 0 1 0 0 1 0 0 1
60	4	0 0 1 0 1 0 1 0 1 0 1 0 0 1 1 0 1 1 0 0 1 1 0 1 0 1 1 1 0 1 1 0 0 0 1 0 0 1 1 0 0 0 0 1 0 0 1 0 0 1
60	1	0 0 1 0 1 0 1 0 1 0 1 0 0 1 1 0 1 1 0 0 1 1 0 1 0 1 1 1 0 1 1 0 0 0 1 0 0 1 1 0 0 0 0 0 0 0 0 0 0 1
60	1	0 0 1 1 1 0 1 0 1 0 1 0 0 1 1 0 1 1 0 0 1 1 0 1 0 1 1 1 0 1 1 0 0 0 1 0 0 1 1 0 0 0 0 1 0 0 0 0 0 1
60	1	0 0 1 0 1 0 1 0 1 0 1 0 0 1 1 0 1 1 0 0 1 1 0 1 0 1 1 1 0 1 1 0 0 0 1 0 0 1 1 0 0 0 0 1 0 1 0 0 0 1
60	75	0 0 1 0 1 0 1 0 1 0 1 0 0 1 1 0 1 1 0 0 1 1 0 1 0 1 1 1 0 1 1 0 0 0 1 0 0 1 1 0 0 0 0 1 0 0 0 0 0 1
60	1	0 0 1 0 1 0 1 0 1 0 1 0 0 1 1 0 1 1 0 0 1 1 0 1 0 1 1 1 0 1 1 0 0 0 0 0 0 1 1 0 0 0 0 1 0 0 1 0 0 1
70	1	1 0 0 0 0 1 0 1 1 0 1 0 1 1 0 0 1 0 0 0 1 0 0 1 0 0 1 1 1 1 0 0 0 0 1 0 0 0 0 1 0 0 0 1 0 1 0 0 0 1
70	3	0 0 1 0 1 1 1 0 1 0 1 0 1 1 1 0 1 1 0 0 1 1 0 1 0 1 1 1 1 1 1 0 0 0 1 0 0 1 1 0 0 0 0 1 0 0 0 0 0 1
70	1	0 0 1 0 1 0 1 0 1 0 1 0 1 1 1 0 1 1 0 0 1 1 0 1 0 1 1 1 1 1 1 0 0 0 1 0 0 1 1 0 0 0 1 1 0 0 0 0 0 1
70	5	0 0 1 0 1 0 1 0 1 0 1 0 1 1 1 0 1 1 0 0 1 1 0 1 0 1 1 1 1 1 1 0 0 0 1 0 0 1 1 0 0 0 0 1 0 0 0 0 0 1
70	6	0 0 1 0 1 0 1 0 1 0 1 0 0 1 1 0 1 1 0 0 1 1 0 1 0 1 1 1 1 1 1 0 0 0 1 0 0 1 1 0 0 0 0 1 0 0 0 0 0 1
70	3	0 0 1 0 1 0 1 0 1 0 1 0 0 1 1 0 1 1 0 0 1 1 0 1 0 1 1 1 0 1 1 0 0 0 1 0 0 1 1 0 0 0 0 1 0 0 1 0 0 1
70	1	0 0 1 0 1 0 1 0 1 0 1 0 0 1 1 0 0 1 0 0 1 1 0 1 0 1 1 1 0 1 1 0 0 0 1 0 0 1 1 0 0 0 0 0 0 0 0 0 0 1
70	1	0 0 1 0 1 0 1 0 1 0 1 0 0 1 1 0 1 1 0 0 1 1 0 1 0 0 1 1 0 1 1 0 0 0 1 0 0 1 1 0 0 0 0 1 0 0 0 0 0 1
70	1	1 0 1 0 1 0 1 0 1 0 1 0 0 1 1 0 1 1 0 0 1 1 0 1 0 1 1 1 0 1 1 0 0 0 1 0 0 1 1 0 0 0 0 1 0 0 0 0 0 1
70	2	0 0 1 0 1 0 1 0 1 0 1 0 0 1 1 0 1 1 0 0 1 1 0 1 0 1 1 1 0 1 1 0 0 0 1 0 0 1 1 0 0 0 0 1 0 0 0 0 0 0
70	1	0 0 1 0 1 0 1 0 1 1 1 0 0 1 1 0 1 1 0 0 1 1 0 1 0 1 1 1 0 1 1 0 0 0 1 0 0 1 1 0 0 0 0 1 0 0 0 0 0 1
70	1	0 0 1 0 1 0 1 0 1 0 1 0 0 1 1 0 1 1 0 0 1 1 0 1 0 1 1 1 0 1 1 0 0 0 1 1 0 1 1 0 0 0 0 1 0 0 0 0 0 1
70	1	0 0 1 0 1 0 1 0 1 0 1 0 0 1 1 0 1 1 0 0 1 1 0 1 0 1 1 1 0 1 1 0 0 1 1 0 0 1 1 0 0 0 0 1 0 0 0 0 0 1
70	1	0 0 1 0 1 0 1 0 1 0 1 0 0 1 1 0 1 1 0 0 1 1 0 1 0 1 1 1 0 1 1 0 0 0 1 0 0 1 1 0 0 0 0 1 1 0 0 0 0 1
70	1	0 0 1 0 1 0 1 0 1 0 1 0 0 1 1 0 1 0 0 0 1 1 0 1 0 1 1 1 0 1 1 0 0 0 1 0 0 1 1 0 0 0 0 1 0 0 0 0 0 1
70	71	0 0 1 0 1 0 1 0 1 0 1 0 0 1 1 0 1 1 0 0 1 1 0 1 0 1 1 1 0 1 1 0 0 0 1 0 0 1 1 0 0 0 0 1 0 0 0 0 0 1
80	1	0 0 1 1 1 1 1 0 1 0 1 0 1 1 1 0 1 1 0 0 1 1 0 1 0 1 1 1 1 1 1 0 0 0 1 0 0 1 1 0 0 0 0 1 0 0 0 0 0 1
80	4	0 0 1 0 1 1 1 0 1 0 1 0 1 1 1 0 1 1 0 0 1 1 0 1 0 1 1 1 1 1 1 0 0 0 1 0 0 1 1 0 0 0 0 1 0 0 0 0 0 1
80	8	0 0 1 0 1 0 1 0 1 0 1 0 1 1 1 0 1 1 0 0 1 1 0 1 0 1 1 1 1 1 1 0 0 0 1 0 0 1 1 0 0 0 0 1 0 0 0 0 0 1
80	3	0 0 1 0 1 0 1 0 1 0 1 0 0 1 1 0 1 1 0 0 1 1 0 1 0 1 1 1 1 1 1 0 0 0 1 0 0 1 1 0 0 0 0 1 0 0 0 0 0 1
80	1	0 0 1 0 1 0 1 0 1 0 1 0 0 1 1 0 1 1 0 0 1 1 0 1 0 1 1 1 0 1 1 0 0 0 1 0 0 1 1 0 0 0 0 1 0 0 1 0 0 1
80	3	0 0 1 0 1 0 1 0 1 0 1 0 0 1 1 0 0 1 0 0 1 1 0 1 0 1 1 1 0 1 1 0 0 0 1 0 0 1 1 0 0 0 0 0 0 0 0 0 0 1
80	3	1 0 1 0 1 0 1 0 1 0 1 0 0 1 1 0 1 1 0 0 1 1 0 1 0 1 1 1 0 1 1 0 0 0 1 0 0 1 1 0 0 0 0 1 0 0 0 0 0 1
80	5	0 1 1 0 1 0 1 0 1 0 1 0 0 1 1 0 1 1 0 0 1 1 0 1 0 1 1 1 0 1 1 0 0 0 1 0 0 1 1 0 0 0 0 1 0 0 0 0 0 1
80	4	0 0 1 0 1 0 1 0 1 1 1 0 0 1 1 0 1 1 0 0 1 1 0 1 0 1 1 1 0 1 1 0 0 0 1 0 0 1 1 0 0 0 0 1 0 0 0 0 0 1
80	1	0 0 1 1 1 0 1 0 1 0 1 0 0 1 1 0 1 1 0 0 1 1 0 0 0 1 1 1 0 1 1 0 0 0 1 0 0 1 1 0 0 0 0 1 0 0 0 0 0 1
80	3	0 0 1 0 1 0 1 0 1 0 1 1 0 1 1 0 1 1 0 0 1 1 0 1 0 1 1 1 0 1 1 0 0 0 1 0 0 1 1 0 0 0 0 1 0 0 0 0 0 0
80	2	0 0 1 0 1 0 1 0 1 0 1 1 0 1 1 0 1 1 0 0 1 1 0 1 0 1 1 1 0 1 1 0 0 0 1 0 0 1 1 0 0 0 0 1 0 0 0 0 0 1
80	1	0 0 1 0 1 0 1 0 1 0 1 0 0 1 1 1 1 1 0 0 1 1 0 1 0 1 1 0 0 1 1 0 0 0 1 0 0 1 1 0 0 0 0 1 0 0 0 0 0 1
80	1	0 0 1 0 1 0 1 0 1 0 1 0 0 1 1 0 1 1 0 0 1 1 0 1 0 1 0 1 0 1 1 0 0 0 1 0 0 1 1 0 0 0 0 1 0 0 0 0 0 1
80	60	0 0 1 0 1 0 1 0 1 0 1 0 0 1 1 0 1 1 0 0 1 1 0 1 0 1 1 1 0 1 1 0 0 0 1 0 0 1 1 0 0 0 0 1 0 0 0 0 0 1
90	4	0 0 1 0 1 0 1 0 1 0 1 0 1 1 1 0 1 1 0 0 1 1 0 1 0 1 1 1 1 1 1 0 0 0 1 0 0 1 1 0 0 0 0 1 0 0 0 0 0 1
90	1	0 0 1 0 1 1 1 0 0 0 1 0 1 1 1 0 1 1 0 0 1 1 0 1 0 1 1 1 1 1 1 0 0 0 1 0 0 1 1 0 0 0 0 1 0 0 0 0 0 1
90	6	0 0 1 0 1 1 1 0 1 0 1 0 1 1 1 0 1 1 0 0 1 1 0 1 0 1 1 1 1 1 1 0 0 0 1 0 0 1 1 0 0 0 0 1 0 0 0 0 0 1
90	1	0 0 1 0 1 0 1 0 1 0 1 0 0 1 1 0 1 1 0 0 1 1 0 1 0 1 1 1 1 1 1 0 0 1 1 0 0 1 1 0 0 0 0 1 0 0 0 0 0 1
90	3	0 0 1 0 1 0 1 0 1 0 1 0 0 1 1 0 1 1 0 0 1 1 0 1 0 1 1 1 1 1 1 0 0 0 1 0 0 1 1 0 0 0 0 1 0 0 0 0 0 1
90	2	0 0 1 0 1 0 1 0 1 0 1 0 0 1 1 1 1 1 0 0 1 1 0 1 0 1 1 1 0 1 1 0 0 0 1 0 0 1 1 0 0 0 0 1 0 0 0 0 0 1
90	2	0 0 1 0 1 0 1 0 1 0 1 0 0 1 1 0 1 1 0 0 1 1 0 1 0 1 1 1 0 1 1 0 0 0 1 0 0 1 1 0 0 0 0 1 0 0 1 0 0 1
90	1	0 0 1 0 1 0 1 0 1 0 1 0 0 1 1 0 0 1 0 0 1 1 0 1 0 1 1 1 0 1 1 0 0 0 1 0 0 1 1 0 0 0 0 0 0 0 0 0 0 1
90	4	1 0 1 0 1 0 1 0 1 0 1 0 0 1 1 0 1 1 0 0 1 1 0 1 0 1 1 1 0 1 1 0 0 0 1 0 0 1 1 0 0 0 0 1 0 0 0 0 0 1
90	8	0 1 1 0 1 0 1 0 1 0 1 0 0 1 1 0 1 1 0 0 1 1 0 1 0 1 1 1 0 1 1 0 0 0 1 0 0 1 1 0 0 0 0 1 0 0 0 0 0 1
90	2	0 0 1 0 1 0 1 0 1 0 1 0 0 1 1 0 1 1 0 0 1 1 0 1 0 1 1 1 0 1 1 0 0 0 1 0 0 1 1 0 0 0 0 1 0 0 0 0 0 0
90	5	0 0 1 0 1 0 1 0 1 1 1 0 0 1 1 0 1 1 0 0 1 1 0 1 0 1 1 1 0 1 1 0 0 0 1 0 0 1 1 0 0 0 0 1 0 0 0 0 0 1
90	3	0 0 1 0 1 0 1 0 1 0 1 1 0 1 1 0 1 1 0 0 1 1 0 1 0 1 1 1 0 1 1 0 0 0 1 0 0 1 1 0 0 0 0 1 0 0 0 0 0 0
90	2	0 0 1 0 1 0 1 0 1 0 1 0 0 1 1 0 1 1 0 0 1 1 0 1 1 1 1 1 0 1 1 0 0 0 1 0 0 1 1 0 0 0 0 1 0 0 0 0 0 1
90	1	0 0 1 0 1 0 1 0 1 0 1 0 0 1 1 0 1 1 0 0 1 1 0 1 0 1 1 1 0 1 1 0 0 0 1 0 0 1 1 0 0 0 0 1 0 1 0 0 0 1
90	55	0 0 1 0 1 0 1 0 1 0 1 0 0 1 1 0 1 1 0 0 1 1 0 1 0 1 1 1 0 1 1 0 0 0 1 0 0 1 1 0 0 0 0 1 0 0 0 0 0 1
100	2	0 0 1 0 1 0 1 0 1 0 1 0 1 1 1 0 1 1 0 0 1 1 0 1 0 1 1 1 1 1 1 0 0 0 1 0 0 1 1 0 0 0 0 1 0 0 0 0 0 1
100	18	0 0 1 0 1 1 1 0 1 0 1 0 1 1 1 0 1 1 0 0 1 1 0 1 0 1 1 1 1 1 1 0 0 0 1 0 0 1 1 0 0 0 0 1 0 0 0 0 0 1
100	1	0 0 1 0 1 0 1 0 1 0 1 0 0 1 1 0 1 1 0 0 1 1 0 1 0 1 1 1 1 1 1 0 0 0 1 0 0 1 1 0 0 0 0 1 0 0 0 0 0 1
100	1	0 0 1 0 1 0 1 0 1 0 1 0 0 1 1 1 1 1 0 0 1 1 0 1 0 1 1 1 0 1 1 0 0 0 1 0 0 1 1 0 0 0 0 1 0 0 0 0 0 1
100	1	0 0 1 0 1 0 1 0 1 0 1 0 0 1 1 0 1 1 0 0 1 1 0 1 0 1 1 1 0 0 1 0 0 0 1 0 0 1 1 0 0 0 0 0 0 0 0 0 0 1
100	2	0 0 1 0 1 0 1 0 1 0 1 0 0 1 1 0 0 1 0 0 1 1 0 1 0 1 1 1 0 0 1 0 0 0 1 0 0 1 1 0 0 0 0 0 0 0 0 0 0 1
100	10	0 0 1 0 1 0 1 0 1 0 1 0 0 1 1 0 0 1 0 0 1 1 0 1 0 1 1 1 0 1 1 0 0 0 1 0 0 1 1 0 0 0 0 0 0 0 0 0 0 1
100	1	1 0 1 0 1 0 1 0 1 0 1 0 0 1 1 0 1 1 0 0 1 1 0 1 0 1 1 0 0 1 1 0 0 0 1 0 0 1 1 0 0 0 0 1 0 0 0 0 0 1
100	10	1 0 1 0 1 0 1 0 1 0 1 0 0 1 1 0 1 1 0 0 1 1 0 1 0 1 1 1 0 1 1 0 0 0 1 0 0 1 1 0 0 0 0 1 0 0 0 0 0 1
100	3	0 1 1 0 1 0 1 0 1 0 1 0 0 1 1 0 1 1 0 0 1 1 0 1 0 1 1 1 0 1 1 0 0 0 1 0 0 1 1 0 0 0 0 1 0 0 0 0 0 1
100	1	0 0 1 0 1 0 1 0 1 0 1 0 0 1 1 0 1 1 0 0 1 1 0 1 0 1 1 1 0 1 1 0 0 0 1 0 0 1 1 0 0 0 0 1 0 0 0 0 0 0
100	6	0 0 1 0 1 0 1 0 1 1 1 0 0 1 1 0 1 1 0 0 1 1 0 1 0 1 1 1 0 1 1 0 0 0 1 0 0 1 1 0 0 0 0 1 0 0 0 0 0 1
100	2	0 0 1 1 1 0 1 0 1 0 1 0 0 1 1 0 1 1 0 0 1 1 0 0 0 1 1 1 0 1 1 0 0 0 1 0 0 1 1 0 0 0 0 1 0 0 0 0 0 1
100	11	0 0 1 0 1 0 1 0 1 0 1 1 0 1 1 0 1 1 0 0 1 1 0 1 0 1 1 1 0 1 1 0 0 0 1 0 0 1 1 0 0 0 0 1 0 0 0 0 0 0
100	1	0 0 1 0 1 0 1 0 1 0 1 0 0 1 1 0 1 1 0 0 1 1 0 1 0 0 1 1 0 1 1 0 0 0 1 0 0 1 1 0 0 0 0 1 0 0 0 0 0 1
100	30	0 0 1 0 1 0 1 0 1 0 1 0 0 1 1 0 1 1 0 0 1 1 0 1 0 1 1 1 0 1 1 0 0 0 1 0 0 1 1 0 0 0 0 1 0 0 0 0 0 1
110	1	0 0 1 0 1 1 1 0 1 0 1 0 1 0 1 0 1 1 0 0 1 1 0 1 0 1 1 1 1 1 1 0 0 0 1 0 0 1 1 0 0 0 0 1 0 0 0 0 0 1
110	1	0 0 1 0 1 1 1 0 1 0 1 0 1 1 1 0 1 1 0 0 1 0 0 1 0 1 1 1 1 1 1 0 0 0 1 0 0 1 1 0 0 0 0 1 0 0 0 0 0 1
110	35	0 0 1 0 1 1 1 0 1 0 1 0 1 1 1 0 1 1 0 0 1 1 0 1 0 1 1 1 1 1 1 0 0 0 1 0 0 1 1 0 0 0 0 1 0 0 0 0 0 1
110	1	0 0 1 0 1 0 1 0 1 0 1 0 0 1 1 1 1 1 0 0 1 1 0 1 0 1 1 1 0 1 1 0 0 0 1 0 0 1 1 0 0 0 0 1 0 0 0 0 0 1
110	1	0 0 1 0 1 0 1 0 1 0 1 0 0 1 1 0 0 1 0 0 0 1 0 1 0 1 1 1 0 0 1 0 0 0 1 0 0 1 1 0 0 0 0 0 0 0 0 0 0 1
110	3	0 0 1 0 1 0 1 0 1 0 1 0 0 1 1 0 0 1 0 0 1 1 0 1 0 1 1 1 0 0 1 0 0 0 1 0 0 1 1 0 0 0 0 0 0 0 0 0 0 1
110	5	0 0 1 0 1 0 1 0 1 0 1 0 0 1 1 0 0 1 0 0 1 1 0 1 0 1 1 1 0 1 1 0 0 0 1 0 0 1 1 0 0 0 0 0 0 0 0 0 0 1
110	3	1 0 1 0 1 0 1 0 1 0 1 0 0 1 1 0 1 1 0 0 1 1 0 1 0 1 1 0 0 1 1 0 0 0 1 0 0 1 1 0 0 0 0 1 0 0 0 0 0 1
110	6	1 0 1 0 1 0 1 0 1 0 1 0 0 1 1 0 1 1 0 0 1 1 0 1 0 1 1 1 0 1 1 0 0 0 1 0 0 1 1 0 0 0 0 1 0 0 0 0 0 1
110	2	0 1 1 0 1 0 1 0 1 0 1 0 0 1 1 0 1 1 0 0 1 1 0 1 0 1 1 1 0 1 1 0 0 0 1 0 0 1 1 0 0 0 0 1 0 0 0 0 0 1
110	2	0 0 1 0 1 0 1 0 1 0 1 0 0 1 1 0 1 1 0 0 1 1 0 1 0 1 1 1 0 1 1 0 0 0 1 0 0 1 1 0 0 0 0 1 0 0 0 0 0 0
110	1	0 0 1 0 1 0 1 0 1 1 1 0 0 1 0 0 1 1 0 0 1 1 0 1 0 1 1 1 0 1 1 0 0 0 1 0 0 1 1 0 0 0 0 1 0 0 0 0 0 1
110	2	0 0 1 0 1 0 1 0 1 1 1 0 0 1 1 0 1 1 0 0 1 1 0 1 0 1 1 1 0 1 1 0 0 0 1 0 0 1 1 0 0 0 0 1 0 0 0 0 0 1
110	4	0 0 1 1 1 0 1 0 1 0 1 0 0 1 1 0 1 1 0 0 1 1 0 0 0 1 1 1 0 1 1 0 0 0 1 0 0 1 1 0 0 0 0 1 0 0 0 0 0 1
110	17	0 0 1 0 1 0 1 0 1 0 1 1 0 1 1 0 1 1 0 0 1 1 0 1 0 1 1 1 0 1 1 0 0 0 1 0 0 1 1 0 0 0 0 1 0 0 0 0 0 0
110	1	0 0 1 0 1 0 1 0 1 0 1 1 0 1 1 0 1 1 0 0 1 1 0 1 0 1 1 1 0 1 1 0 0 0 1 0 0 1 1 0 0 0 0 1 0 0 0 0 0 1
110	2	0 0 1 1 1 0 1 0 1 0 1 0 0 1 1 0 1 1 0 0 1 1 0 1 0 1 1 1 0 1 1 0 0 0 1 0 0 1 1 0 0 0 0 1 0 0 0 0 0 1
110	13	0 0 1 0 1 0 1 0 1 0 1 0 0 1 1 0 1 1 0 0 1 1 0 1 0 1 1 1 0 1 1 0 0 0 1 0 0 1 1 0 0 0 0 1 0 0 0 0 0 1
120	1	0 0 1 0 1 1 1 0 0 0 1 0 1 1 1 0 1 1 0 0 1 1 0 1 0 1 1 1 1 1 1 0 0 0 1 0 0 1 1 0 0 0 0 1 0 0 0 0 0 1
120	1	0 0 1 0 1 1 1 0 1 0 1 0 1 1 1 0 1 1 0 0 1 1 1 1 0 1 1 1 1 1 1 0 0 0 1 0 0 1 1 0 0 0 0 1 0 0 0 0 0 1
120	22	0 0 1 0 1 1 1 0 1 0 1 0 1 1 1 0 1 1 0 0 1 1 0 1 0 1 1 1 1 1 1 0 0 0 1 0 0 1 1 0 0 0 0 1 0 0 0 0 0 1
120	3	0 0 1 0 1 0 1 0 1 0 1 0 0 1 1 1 1 1 0 0 1 1 0 1 0 1 1 1 0 1 1 0 0 0 1 0 0 1 1 0 0 0 0 1 0 0 0 0 0 1
120	3	0 0 1 0 1 0 1 0 1 0 1 0 0 1 1 0 1 1 0 0 1 1 0 1 0 1 1 1 0 0 1 0 0 0 1 0 0 1 1 0 0 0 0 0 0 0 0 0 0 1
120	1	1 0 1 0 1 0 1 0 1 0 1 0 0 1 1 0 0 1 0 0 1 1 0 1 0 1 1 1 0 1 1 0 0 0 1 0 0 1 1 0 0 0 0 0 0 0 0 0 0 1
120	11	0 0 1 0 1 0 1 0 1 0 1 0 0 1 1 0 0 1 0 0 1 1 0 1 0 1 1 1 0 1 1 0 0 0 1 0 0 1 1 0 0 0 0 0 0 0 0 0 0 1
120	3	1 0 1 0 1 0 1 0 1 0 1 0 0 1 1 0 1 1 0 0 1 1 0 1 0 1 1 0 0 1 1 0 0 0 1 0 0 1 1 0 0 0 0 1 0 0 0 0 0 1
120	1	1 0 1 0 1 0 1 1 1 0 1 0 0 1 1 0 1 1 0 0 1 1 0 1 0 1 1 1 0 1 1 0 0 0 1 0 0 1 1 0 0 0 0 1 0 0 0 0 0 1
120	1	1 0 1 0 1 0 1 0 1 0 0 0 0 1 1 0 1 1 0 0 1 1 0 1 0 1 1 1 0 1 1 0 0 0 1 0 0 1 1 0 0 0 0 1 0 0 0 0 0 1
120	7	1 0 1 0 1 0 1 0 1 0 1 0 0 1 1 0 1 1 0 0 1 1 0 1 0 1 1 1 0 1 1 0 0 0 1 0 0 1 1 0 0 0 0 1 0 0 0 0 0 1
120	2	1 1 1 0 1 0 1 0 1 0 1 0 0 1 1 0 1 1 0 0 1 1 0 1 0 1 1 1 0 1 1 0 0 0 1 0 0 1 1 0 0 0 0 1 0 0 0 0 0 1
120	7	0 1 1 0 1 0 1 0 1 0 1 0 0 1 1 0 1 1 0 0 1 1 0 1 0 1 1 1 0 1 1 0 0 0 1 0 0 1 1 0 0 0 0 1 0 0 0 0 0 1
120	1	0 0 1 0 1 0 1 0 1 1 1 0 0 1 0 0 1 1 0 0 1 1 0 1 0 1 1 1 0 1 1 0 0 0 1 0 0 1 1 0 0 0 0 1 0 0 0 0 0 1
120	7	0 0 1 0 1 0 1 0 1 1 1 0 0 1 1 0 1 1 0 0 1 1 0 1 0 1 1 1 0 1 1 0 0 0 1 0 0 1 1 0 0 0 0 1 0 0 0 0 0 1
120	1	0 0 1 0 1 0 1 0 1 0 1 0 0 1 1 0 1 1 0 0 1 1 0 0 0 1 1 1 0 1 1 0 0 0 1 0 0 1 1 0 0 0 0 1 0 0 0 0 0 1
120	12	0 0 1 1 1 0 1 0 1 0 1 0 0 1 1 0 1 1 0 0 1 1 0 0 0 1 1 1 0 1 1 0 0 0 1 0 0 1 1 0 0 0 0 1 0 0 0 0 0 1
120	1	0 0 1 0 1 0 1 0 1 0 1 1 0 1 0 0 1 1 0 0 1 1 0 1 0 1 1 1 0 1 1 0 0 0 1 0 0 1 1 0 0 0 0 1 0 0 0 0 0 0
120	9	0 0 1 0 1 0 1 0 1 0 1 1 0 1 1 0 1 1 0 0 1 1 0 1 0 1 1 1 0 1 1 0 0 0 1 0 0 1 1 0 0 0 0 1 0 0 0 0 0 0
120	6	0 0 1 0 1 0 1 0 1 0 1 0 0 1 1 0 1 1 0 0 1 1 0 1 0 1 1 1 0 1 1 0 0 0 1 0 0 1 1 0 0 0 0 1 0 0 0 0 0 1
130	2	0 0 1 0 1 1 1 0 1 0 1 0 1 0 1 0 1 1 0 0 1 1 0 1 0 1 1 1 1 1 1 0 0 0 1 0 0 1 1 0 0 0 0 1 0 0 0 0 0 1
130	23	0 0 1 0 1 1 1 0 1 0 1 0 1 1 1 0 1 1 0 0 1 1 0 1 0 1 1 1 1 1 1 0 0 0 1 0 0 1 1 0 0 0 0 1 0 0 0 0 0 1
130	5	0 0 1 0 1 0 1 0 1 0 1 0 0 1 1 1 1 1 0 0 1 1 0 1 0 1 1 1 0 1 1 0 0 0 1 0 0 1 1 0 0 0 0 1 0 0 0 0 0 1
130	1	0 0 1 0 1 0 1 0 1 0 0 0 0 1 1 0 1 1 0 0 1 1 0 1 0 1 1 1 0 0 1 0 0 0 1 0 0 1 1 0 0 0 0 0 0 0 0 0 0 1
130	5	0 0 1 0 1 0 1 0 1 0 1 0 0 1 1 0 1 1 0 0 1 1 0 1 0 1 1 1 0 0 1 0 0 0 1 0 0 1 1 0 0 0 0 0 0 0 0 0 0 1
130	1	0 0 1 0 1 0 1 0 1 0 1 0 0 1 1 0 0 1 0 0 1 1 0 1 0 1 1 1 0 0 1 0 0 0 1 0 0 1 1 0 0 0 0 0 0 0 0 0 0 1
130	1	1 0 1 0 1 0 1 0 1 0 1 0 0 1 1 0 0 1 0 0 1 1 0 1 0 1 1 1 0 1 1 0 0 0 1 0 0 1 1 0 0 0 0 0 0 0 0 0 0 1
130	1	0 0 1 0 1 0 1 0 1 0 1 0 0 1 1 0 0 1 0 0 1 0 0 1 0 1 1 1 0 1 1 0 0 0 1 0 0 1 1 0 0 0 0 0 0 0 0 0 0 1
130	11	0 0 1 0 1 0 1 0 1 0 1 0 0 1 1 0 0 1 0 0 1 1 0 1 0 1 1 1 0 1 1 0 0 0 1 0 0 1 1 0 0 0 0 0 0 0 0 0 0 1
130	2	1 0 1 0 1 0 1 0 1 0 1 0 0 1 1 0 1 1 0 0 1 1 0 1 0 1 1 0 0 1 1 0 0 0 1 0 0 1 1 0 0 0 0 1 0 0 0 0 0 1
130	3	1 0 1 0 1 0 1 0 1 0 1 0 0 1 1 0 1 1 0 0 1 1 0 1 0 1 1 1 0 1 1 0 0 0 1 0 0 1 1 0 0 0 0 1 0 0 0 0 0 1
130	1	1 1 1 0 1 0 1 0 1 0 1 0 0 1 1 0 1 1 0 0 1 1 0 1 0 1 1 1 0 1 1 0 0 0 1 0 0 1 1 0 0 0 0 1 0 0 0 0 0 1
130	2	0 0 1 1 1 0 1 0 1 0 1 0 0 1 1 0 1 1 0 0 1 1 0 1 0 1 1 1 0 1 1 0 0 0 1 0 0 1 1 0 0 0 0 1 0 0 0 0 0 1
130	3	0 0 1 0 1 0 1 0 1 0 1 0 0 1 1 0 1 1 0 0 1 1 0 1 0 1 1 1 0 1 1 0 0 0 1 0 0 1 1 0 0 0 0 1 0 0 0 0 0 1
130	7	0 1 1 0 1 0 1 0 1 0 1 0 0 1 1 0 1 1 0 0 1 1 0 1 0 1 1 1 0 1 1 0 0 0 1 0 0 1 1 0 0 0 0 1 0 0 0 0 0 1
130	5	0 0 1 0 1 0 1 0 1 1 1 0 0 1 0 0 1 1 0 0 1 1 0 1 0 1 1 1 0 1 1 0 0 0 1 0 0 1 1 0 0 0 0 1 0 0 0 0 0 1
130	7	0 0 1 0 1 0 1 0 1 1 1 0 0 1 1 0 1 1 0 0 1 1 0 1 0 1 1 1 0 1 1 0 0 0 1 0 0 1 1 0 0 0 0 1 0 0 0 0 0 1
130	6	0 0 1 1 1 0 1 0 1 0 1 0 0 1 1 0 1 1 0 0 1 1 0 0 0 1 1 1 0 1 1 0 0 0 1 0 0 1 1 0 0 0 0 1 0 0 0 0 0 1
130	1	0 0 1 1 1 0 1 0 1 0 1 1 0 1 1 0 1 1 0 0 1 1 0 1 0 1 1 1 0 1 1 0 0 0 1 0 0 1 1 0 0 0 0 1 0 0 0 0 0 0
130	13	0 0 1 0 1 0 1 0 1 0 1 1 0 1 1 0 1 1 0 0 1 1 0 1 0 1 1 1 0 1 1 0 0 0 1 0 0 1 1 0 0 0 0 1 0 0 0 0 0 0
140	1	0 0 1 0 1 1 1 0 1 1 1 0 1 1 1 0 1 1 0 0 1 1 0 1 0 1 1 1 1 1 1 0 0 0 1 0 0 1 1 0 0 0 0 1 0 0 0 0 0 1
140	1	0 0 1 0 1 1 1 0 1 0 1 0 1 1 1 0 1 1 0 0 1 1 0 1 0 1 1 1 1 1 1 0 0 0 1 0 0 1 1 0 0 0 0 1 1 0 0 0 0 1
140	15	0 0 1 0 1 1 1 0 1 0 1 0 1 1 1 0 1 1 0 0 1 1 0 1 0 1 1 1 1 1 1 0 0 0 1 0 0 1 1 0 0 0 0 1 0 0 0 0 0 1
140	1	0 0 1 0 1 0 1 0 1 0 1 0 0 1 1 0 1 1 0 0 1 1 0 1 0 1 1 1 0 0 1 0 0 0 1 0 0 1 1 0 1 0 0 0 0 0 0 0 0 1
140	2	0 0 1 0 1 0 1 0 1 0 1 0 0 1 1 0 1 1 0 0 1 1 0 1 0 1 1 1 0 0 1 0 0 0 1 0 0 1 1 0 0 0 0 0 0 0 0 0 0 1
140	3	0 0 1 0 1 0 1 0 1 0 1 0 0 1 1 0 0 1 0 0 1 1 0 1 0 1 1 1 0 0 1 0 0 0 1 0 0 1 1 0 0 0 0 0 0 0 0 0 0 1
140	1	1 0 1 0 1 0 1 0 1 0 1 0 0 1 1 0 0 1 0 0 1 1 0 1 0 1 1 1 0 1 1 0 0 0 1 0 0 1 1 0 0 0 0 0 0 0 0 0 0 1
140	1	0 0 1 0 1 0 1 0 1 0 1 0 0 1 1 0 0 1 0 0 1 0 0 1 0 1 1 1 0 1 1 0 0 0 1 0 0 1 1 0 0 0 0 0 0 0 0 0 0 1
140	1	0 0 1 0 1 0 1 0 0 0 1 0 0 1 1 0 0 1 0 0 1 1 0 1 0 1 1 1 0 1 1 0 0 0 1 0 0 1 1 0 0 0 0 0 0 0 0 0 0 1
140	16	0 0 1 0 1 0 1 0 1 0 1 0 0 1 1 0 0 1 0 0 1 1 0 1 0 1 1 1 0 1 1 0 0 0 1 0 0 1 1 0 0 0 0 0 0 0 0 0 0 1
140	3	1 0 1 0 1 0 1 0 1 0 1 0 0 1 1 0 1 1 0 0 1 1 0 1 0 1 1 0 0 1 1 0 0 0 1 0 0 1 1 0 0 0 0 1 0 0 0 0 0 1
140	5	1 1 1 0 1 0 1 0 1 0 1 0 0 1 1 0 1 1 0 0 1 1 0 1 0 1 1 1 0 1 1 0 0 0 1 0 0 1 1 0 0 0 0 1 0 0 0 0 0 1
140	3	0 1 1 0 1 0 1 0 1 0 1 1 0 1 1 0 1 1 0 0 1 1 0 1 0 1 1 1 0 1 1 0 0 0 1 0 0 1 1 0 0 0 0 1 0 0 0 0 0 1
140	1	0 0 1 1 1 0 1 0 1 0 1 0 0 1 1 0 1 1 0 0 1 1 0 1 0 1 1 1 0 1 1 0 0 0 1 0 0 1 1 0 0 0 0 1 0 0 0 0 0 1
140	3	0 0 1 0 1 0 1 0 1 0 1 0 0 1 1 0 1 1 0 0 1 1 0 1 0 1 1 1 0 1 1 0 0 0 1 0 0 1 1 0 0 0 0 1 0 0 0 0 0 1
140	9	0 1 1 0 1 0 1 0 1 0 1 0 0 1 1 0 1 1 0 0 1 1 0 1 0 1 1 1 0 1 1 0 0 0 1 0 0 1 1 0 0 0 0 1 0 0 0 0 0 1
140	1	0 0 1 0 1 0 1 0 1 1 1 0 0 1 0 0 1 0 0 0 1 1 0 1 0 1 1 1 0 1 1 0 0 0 1 0 0 1 1 0 0 0 0 1 0 0 0 0 0 1
140	5	0 0 1 0 1 0 1 0 1 1 1 0 0 1 0 0 1 1 0 0 1 1 0 1 0 1 1 1 0 1 1 0 0 0 1 0 0 1 1 0 0 0 0 1 0 0 0 0 0 1
140	1	0 1 1 0 1 0 1 0 1 1 1 0 0 1 1 0 1 1 0 0 1 1 0 1 0 1 1 1 0 1 1 0 0 0 1 0 0 1 1 0 0 0 0 1 0 0 0 0 0 1
140	5	0 0 1 0 1 0 1 0 1 1 1 0 0 1 1 0 1 1 0 0 1 1 0 1 0 1 1 1 0 1 1 0 0 0 1 0 0 1 1 0 0 0 0 1 0 0 0 0 0 1
140	2	0 0 1 1 1 0 1 0 1 0 1 0 0 1 1 0 1 1 0 0 1 1 0 0 0 1 1 0 0 1 1 0 0 0 1 0 0 1 1 0 0 0 0 1 0 0 0 0 0 1
140	3	0 0 1 1 1 0 1 0 1 0 1 0 0 1 1 0 1 1 0 0 1 1 0 0 0 1 1 1 0 1 1 0 0 0 1 0 0 1 1 0 0 0 0 1 0 0 0 0 0 1
140	9	0 0 1 0 1 0 1 0 1 0 1 1 0 1 1 0 1 1 0 0 1 1 0 1 0 1 1 1 0 1 1 0 0 0 1 0 0 1 1 0 0 0 0 1 0 0 0 0 0 0
140	1	0 0 1 1 1 0 0 0 1 0 1 1 0 1 1 0 1 1 0 0 1 1 0 1 0 1 1 1 0 1 1 0 0 0 1 0 0 1 1 0 0 0 0 1 0 0 0 0 0 0
140	7	0 0 1 1 1 0 1 0 1 0 1 1 0 1 1 0 1 1 0 0 1 1 0 1 0 1 1 1 0 1 1 0 0 0 1 0 0 1 1 0 0 0 0 1 0 0 0 0 0 0
150	1	0 0 1 0 1 1 1 0 1 0 1 0 1 1 1 0 1 1 0 0 1 1 0 1 0 1 1 1 1 1 1 0 0 0 1 0 0 1 1 0 0 0 0 1 1 0 0 0 0 1
150	1	0 0 1 0 1 1 0 0 1 0 1 0 1 1 1 0 1 1 0 0 1 1 0 1 0 1 1 1 1 1 1 0 0 0 1 0 0 1 1 0 0 0 0 1 0 0 0 0 0 1
150	19	0 0 1 0 1 1 1 0 1 0 1 0 1 1 1 0 1 1 0 0 1 1 0 1 0 1 1 1 1 1 1 0 0 0 1 0 0 1 1 0 0 0 0 1 0 0 0 0 0 1
150	4	0 0 1 0 1 0 1 0 1 0 1 0 0 1 1 0 1 1 0 0 1 1 0 1 0 1 1 1 0 0 1 0 0 0 1 0 0 1 1 0 0 0 0 0 0 0 0 0 0 1
150	1	0 0 1 0 1 0 1 0 1 0 0 0 0 1 1 0 1 1 0 0 1 1 0 1 0 1 1 1 0 0 1 0 0 0 1 0 0 1 1 0 0 0 0 0 0 0 0 0 0 1
150	1	1 0 1 0 1 0 1 0 1 0 1 0 0 1 1 0 0 1 0 0 1 1 0 1 0 1 1 1 0 1 1 0 0 0 1 0 0 1 1 0 0 0 0 0 0 0 0 0 0 1
150	21	0 0 1 0 1 0 1 0 1 0 1 0 0 1 1 0 0 1 0 0 1 1 0 1 0 1 1 1 0 1 1 0 0 0 1 0 0 1 1 0 0 0 0 0 0 0 0 0 0 1
150	1	1 0 1 0 1 0 1 0 1 0 1 0 0 1 1 0 1 1 0 0 1 1 0 1 0 1 1 1 0 1 1 0 0 0 1 0 0 1 1 0 0 0 0 1 0 0 0 0 0 1
150	7	1 1 1 0 1 0 1 0 1 0 1 0 0 1 1 0 1 1 0 0 1 1 0 1 0 1 1 1 0 1 1 0 0 0 1 0 0 1 1 0 0 0 0 1 0 0 0 0 0 1
150	13	0 1 1 0 1 0 1 0 1 0 1 0 0 1 1 0 1 1 0 0 1 1 0 1 0 1 1 1 0 1 1 0 0 0 1 0 0 1 1 0 0 0 0 1 0 0 0 0 0 1
150	5	0 0 1 0 1 0 1 0 1 1 1 0 0 1 0 0 1 1 0 0 1 1 0 1 0 1 1 1 0 1 1 0 0 0 1 0 0 1 1 0 0 0 0 1 0 0 0 0 0 1
150	1	0 1 1 0 1 0 1 0 1 1 1 0 0 1 1 0 0 1 0 0 1 1 0 1 0 1 1 1 0 1 1 0 0 0 1 0 0 1 1 0 0 0 0 1 0 0 0 0 0 1
150	1	0 0 1 0 1 0 1 0 1 1 1 0 0 1 1 0 1 1 0 0 1 1 0 1 0 1 1 1 0 1 1 0 0 0 1 0 0 1 1 0 0 0 0 1 0 0 0 0 0 1
150	1	0 0 1 0 1 0 1 0 1 0 0 1 0 1 1 0 1 1 0 0 1 1 0 1 0 1 1 1 0 1 1 0 0 0 1 0 0 1 1 0 0 0 0 1 0 0 0 0 0 0
150	7	0 0 1 0 1 0 1 0 1 0 1 1 0 1 1 0 1 1 0 0 1 1 0 1 0 1 1 1 0 1 1 0 0 0 1 0 0 1 1 0 0 0 0 1 0 0 0 0 0 0
150	12	0 0 1 1 1 0 1 0 1 0 1 1 0 1 1 0 1 1 0 0 1 1 0 1 0 1 1 1 0 1 1 0 0 0 1 0 0 1 1 0 0 0 0 1 0 0 0 0 0 0
150	1	0 0 1 0 1 0 1 0 1 0 1 1 0 1 0 0 1 1 0 0 1 0 0 1 0 1 1 1 0 1 1 0 0 0 1 0 0 1 1 0 0 0 0 1 0 0 0 0 0 0
150	2	0 0 1 0 1 1 1 0 1 0 1 1 0 1 1 0 1 1 0 0 1 1 0 1 0 1 1 1 0 1 1 0 0 0 1 1 0 1 1 0 0 0 0 1 0 0 0 0 0 0
150	1	0 0 1 0 1 0 1 0 1 0 1 1 0 1 1 0 1 1 0 0 1 1 0 1 0 1 1 1 0 1 1 0 0 0 1 1 0 1 1 0 0 0 0 1 0 0 0 0 0 0
160	1	0 0 1 0 1 1 1 1 1 0 1 0 1 1 1 0 1 1 0 0 1 1 0 1 0 1 1 1 1 1 1 0 0 0 1 0 0 1 1 0 0 0 0 1 0 0 0 0 0 1
160	1	0 0 1 0 1 1 1 0 1 0 0 0 1 1 1 0 1 1 0 0 1 1 0 1 0 1 1 1 1 1 1 0 0 0 1 0 0 1 1 0 0 0 0 1 0 0 0 0 0 1
160	2	0 0 1 0 1 1 1 0 1 0 1 0 1 1 1 0 1 1 0 0 1 1 0 1 0 1 1 1 1 1 1 0 0 0 1 0 1 1 1 0 0 0 0 1 0 0 0 0 0 1
160	1	0 0 1 0 1 1 1 0 1 0 1 0 1 1 1 0 1 1 0 0 1 1 0 1 0 1 1 1 1 1 1 0 0 0 1 0 0 1 0 0 0 0 0 1 0 0 0 0 0 1
160	15	0 0 1 0 1 1 1 0 1 0 1 0 1 1 1 0 1 1 0 0 1 1 0 1 0 1 1 1 1 1 1 0 0 0 1 0 0 1 1 0 0 0 0 1 0 0 0 0 0 1
160	1	0 0 1 0 1 0 1 0 1 0 1 0 0 1 1 0 1 1 0 0 1 1 0 1 0 1 1 1 0 0 1 0 0 0 1 0 0 1 1 0 0 0 0 0 0 0 0 0 0 1
160	1	0 0 1 0 1 0 1 0 1 0 1 0 0 1 1 0 1 1 0 0 1 1 0 1 0 1 1 1 0 0 1 0 0 0 1 0 0 1 1 0 1 0 0 0 0 0 0 0 0 1
160	1	0 0 1 0 1 0 1 0 1 0 1 0 0 1 1 0 0 1 0 0 1 1 0 1 0 1 1 1 0 0 1 0 0 0 1 0 0 1 1 0 0 0 0 0 0 0 0 0 0 1
160	1	1 0 1 0 1 0 1 0 1 0 1 0 0 1 1 0 0 1 0 0 1 1 0 1 0 1 1 1 0 1 1 0 0 0 1 0 0 1 1 0 0 0 0 0 0 0 0 0 0 1
160	2	0 0 1 0 1 0 1 0 1 0 1 0 0 1 1 0 0 1 1 0 1 1 0 1 0 1 1 1 0 1 1 0 0 0 1 0 0 1 1 0 0 0 0 0 0 0 0 0 0 1
160	1	0 0 1 0 1 0 1 0 1 0 1 0 0 1 1 0 0 1 0 0 1 1 0 1 0 1 1 1 0 1 1 0 0 0 0 0 0 1 1 0 0 0 0 0 0 0 0 0 0 1
160	14	0 0 1 0 1 0 1 0 1 0 1 0 0 1 1 0 0 1 0 0 1 1 0 1 0 1 1 1 0 1 1 0 0 0 1 0 0 1 1 0 0 0 0 0 0 0 0 0 0 1
160	17	1 1 1 0 1 0 1 0 1 0 1 0 0 1 1 0 1 1 0 0 1 1 0 1 0 1 1 1 0 1 1 0 0 0 1 0 0 1 1 0 0 0 0 1 0 0 0 0 0 1
160	1	0 1 1 0 1 0 1 0 1 0 1 0 0 1 1 1 1 1 0 0 1 1 0 1 0 1 1 1 0 1 1 0 0 0 1 0 0 1 1 0 0 0 0 1 0 0 0 0 0 1
160	7	0 1 1 0 1 0 1 0 1 0 1 0 0 1 1 0 1 1 0 0 1 1 0 1 0 1 1 1 0 1 1 0 0 0 1 0 0 1 1 0 0 0 0 1 0 0 0 0 0 1
160	2	0 0 1 0 1 0 1 0 1 1 1 0 0 1 0 0 1 1 0 0 1 1 0 1 0 1 1 1 0 1 1 0 0 0 1 0 0 1 1 0 0 0 0 1 0 0 0 0 0 1
160	2	0 0 1 0 1 0 1 0 1 1 1 0 0 1 1 0 1 1 0 0 1 1 0 1 0 1 1 1 0 1 1 0 0 0 1 0 0 1 1 0 0 0 0 1 0 0 0 0 0 1
160	2	0 0 1 1 1 0 1 0 1 0 1 0 0 1 1 0 1 1 0 0 1 1 0 0 0 1 1 0 0 1 1 0 0 0 1 0 0 1 1 0 0 0 0 1 0 0 0 0 0 1
160	4	0 0 1 0 1 0 1 0 1 0 1 1 0 1 1 0 1 1 0 0 1 1 0 1 0 1 1 1 0 1 1 0 0 0 1 0 0 1 1 0 0 0 0 1 0 0 0 0 0 0
160	22	0 0 1 1 1 0 1 0 1 0 1 1 0 1 1 0 1 1 0 0 1 1 0 1 0 1 1 1 0 1 1 0 0 0 1 0 0 1 1 0 0 0 0 1 0 0 0 0 0 0
160	1	0 0 1 0 1 0 1 0 1 0 1 1 0 1 0 0 1 1 0 0 1 0 0 1 0 1 1 1 0 1 1 0 0 0 1 0 0 1 1 0 0 0 0 1 0 0 0 0 0 0
160	1	0 0 1 0 1 1 1 0 1 0 1 1 0 1 1 0 1 1 0 0 1 1 0 1 0 1 1 1 0 1 1 0 0 0 1 1 0 1 1 0 0 0 0 1 0 0 0 0 0 0
170	2	0 0 1 0 1 1 1 1 1 0 1 0 1 1 1 0 1 1 0 0 1 1 0 1 0 1 1 1 1 1 1 0 0 0 1 0 0 1 1 0 0 0 0 1 0 0 0 0 0 1
170	5	0 1 1 0 1 1 1 0 1 0 1 0 1 1 1 0 1 1 0 0 1 1 0 1 0 1 1 1 1 1 1 0 0 0 1 0 0 1 1 0 0 0 0 1 0 0 0 0 0 1
170	9	0 0 1 0 1 1 1 0 1 0 1 0 1 1 1 0 1 1 0 0 1 1 0 1 0 1 1 1 1 1 1 0 0 0 1 0 0 1 1 0 0 0 0 1 0 0 0 0 0 1
170	1	0 0 1 0 1 0 1 0 1 0 1 0 0 1 1 0 0 1 1 0 1 1 0 1 0 1 1 1 0 1 1 0 0 0 0 0 0 1 1 0 0 0 0 0 0 0 0 0 0 1
170	1	0 0 1 0 1 0 1 0 1 0 1 0 0 1 1 0 0 1 0 0 1 1 0 1 0 1 1 1 0 1 1 0 0 0 0 0 0 1 1 0 0 0 0 0 0 0 0 0 0 1
170	2	0 0 1 0 1 0 1 0 1 0 1 0 0 1 1 0 0 1 0 0 1 1 0 1 0 1 1 1 0 1 1 0 0 0 1 0 0 1 1 0 0 0 0 0 0 1 0 0 0 1
170	1	0 0 1 0 1 0 1 0 1 0 1 0 0 1 1 0 0 1 0 0 1 1 0 1 0 1 1 1 0 1 1 0 0 0 1 0 1 1 1 0 0 0 0 0 0 0 0 0 0 1
170	7	0 0 1 0 1 0 1 0 1 0 1 0 0 1 1 0 0 1 0 0 1 1 0 1 0 1 1 1 0 1 1 0 0 0 1 0 0 1 1 0 0 0 0 0 0 0 0 0 0 1
170	1	1 0 1 0 1 0 1 0 1 0 1 0 0 1 1 0 1 1 0 0 1 1 0 1 0 1 1 0 0 1 1 0 0 0 1 0 0 1 1 0 0 0 0 1 0 0 0 0 0 1
170	1	1 1 1 0 1 0 1 0 1 0 1 0 0 1 1 0 1 1 0 0 1 1 0 1 0 1 1 1 0 1 1 0 0 0 1 0 0 1 1 0 0 0 0 1 0 0 0 0 0 0
170	16	1 1 1 0 1 0 1 0 1 0 1 0 0 1 1 0 1 1 0 0 1 1 0 1 0 1 1 1 0 1 1 0 0 0 1 0 0 1 1 0 0 0 0 1 0 0 0 0 0 1
170	6	0 1 1 0 1 0 1 0 1 0 1 0 0 1 1 0 1 1 0 0 1 1 0 1 0 1 1 1 0 1 1 0 0 0 1 0 0 1 1 0 0 0 0 1 0 0 0 0 0 1
170	2	0 0 1 0 1 0 1 0 1 1 1 0 0 1 0 0 1 1 0 0 1 1 0 1 0 1 1 1 0 1 1 0 0 0 1 0 0 1 1 0 0 0 0 1 0 0 0 0 0 1
170	2	0 0 1 0 1 0 1 0 1 1 1 0 0 1 1 0 1 1 0 0 1 1 0 1 0 1 1 1 0 1 1 0 0 0 1 0 0 1 1 0 0 0 0 1 0 0 0 0 0 1
170	2	0 0 1 0 1 0 1 0 1 0 1 1 0 1 1 0 1 1 0 0 1 1 0 1 0 1 1 1 0 1 1 0 0 0 1 0 0 1 1 0 0 0 0 1 0 0 0 0 0 0
170	2	0 0 1 1 1 0 1 0 1 0 1 1 0 1 1 0 1 0 0 0 1 1 0 1 0 1 1 1 0 1 1 0 0 0 1 0 0 1 1 0 0 0 0 1 0 0 0 0 0 0
170	1	0 0 0 1 1 0 1 0 1 0 1 1 0 1 1 0 1 1 0 0 1 1 0 1 0 1 1 1 0 1 1 0 0 0 1 0 0 1 1 0 0 0 0 1 0 0 0 0 0 0
170	1	0 0 1 1 1 0 1 0 1 0 1 1 0 1 1 0 1 1 0 0 1 0 0 1 0 1 1 1 0 1 1 0 0 0 1 0 0 1 1 0 0 0 0 1 0 0 0 0 0 0
170	1	0 0 1 1 1 0 1 0 1 0 1 1 0 1 1 0 1 1 0 0 1 1 0 1 0 1 1 1 1 1 1 0 0 0 1 0 0 1 1 0 0 0 0 1 0 0 0 0 0 0
170	35	0 0 1 1 1 0 1 0 1 0 1 1 0 1 1 0 1 1 0 0 1 1 0 1 0 1 1 1 0 1 1 0 0 0 1 0 0 1 1 0 0 0 0 1 0 0 0 0 0 0
170	1	0 0 1 0 1 0 1 0 1 0 1 1 0 1 0 0 1 1 0 0 1 0 0 1 0 1 1 1 0 1 1 0 0 0 1 0 0 1 1 0 0 0 0 1 0 0 0 0 0 0
170	1	0 0 1 0 1 1 1 0 1 0 1 1 0 1 1 0 1 1 0 0 1 1 0 1 0 1 1 1 0 1 1 0 0 0 1 1 0 1 1 0 0 0 0 1 0 0 0 0 0 0
180	1	0 0 1 0 1 1 1 0 1 1 1 0 1 1 1 0 1 1 0 0 1 1 0 1 0 1 1 1 1 1 1 0 0 0 1 0 0 1 1 0 0 0 0 1 0 0 0 0 0 1
180	1	0 0 1 0 1 1 1 1 1 0 1 0 1 1 1 0 1 1 0 0 1 1 0 1 0 1 1 1 1 1 1 0 0 0 1 0 0 1 1 0 0 0 0 1 0 0 0 0 0 1
180	1	0 0 1 0 1 1 1 0 1 0 1 0 1 1 1 0 1 1 0 0 1 1 1 1 0 1 1 1 1 1 1 0 0 0 1 0 0 1 1 0 0 0 0 1 0 0 0 0 0 1
180	2	0 1 1 0 1 1 1 0 1 0 1 0 1 1 1 0 1 1 0 0 1 1 0 1 0 1 1 1 1 1 1 0 0 0 1 0 0 1 1 0 0 0 0 1 0 0 0 0 0 1
180	5	0 0 1 0 1 1 1 0 1 0 1 0 1 1 1 0 1 1 0 0 1 1 0 1 0 1 1 1 1 1 1 0 0 0 1 0 0 1 1 0 0 0 0 1 0 0 0 0 0 1
180	6	0 0 1 0 1 0 1 0 1 0 1 0 0 1 1 0 0 1 1 0 1 1 0 1 0 1 1 1 0 1 1 0 0 0 0 0 0 1 1 0 0 0 0 0 0 0 0 0 0 1
180	2	0 0 1 0 1 0 1 0 1 0 1 0 0 1 1 0 0 1 0 0 1 1 0 1 0 1 1 1 0 1 1 0 0 0 0 0 0 1 1 0 0 0 0 0 0 0 0 0 0 1
180	1	1 1 1 0 1 0 1 0 1 0 1 0 0 1 1 0 1 1 0 0 1 1 0 1 0 1 1 1 0 1 1 0 0 0 1 0 0 1 1 0 0 0 0 1 0 0 0 0 0 0
180	22	1 1 1 0 1 0 1 0 1 0 1 0 0 1 1 0 1 1 0 0 1 1 0 1 0 1 1 1 0 1 1 0 0 0 1 0 0 1 1 0 0 0 0 1 0 0 0 0 0 1
180	5	0 1 1 0 1 0 1 0 1 0 1 0 0 1 1 0 1 1 0 0 1 1 0 1 0 1 1 1 0 1 1 0 0 0 1 0 0 1 1 0 0 0 0 1 0 0 0 0 0 1
180	1	0 0 1 0 1 0 1 0 1 1 1 0 0 1 1 0 1 1 0 0 1 1 0 1 0 1 1 1 0 1 1 0 0 0 1 0 0 1 1 0 0 0 0 1 0 0 0 0 0 1
180	2	0 0 1 0 1 0 1 0 1 0 1 1 0 1 1 0 1 1 0 0 1 1 0 1 0 1 1 1 0 1 1 0 0 0 1 0 0 1 1 0 0 0 0 1 0 0 0 0 0 0
180	4	0 0 1 1 1 0 1 0 1 0 1 1 0 1 1 0 1 0 0 0 1 1 0 1 0 1 1 1 0 1 1 0 0 0 1 0 0 1 1 0 0 0 0 1 0 0 0 0 0 0
180	2	1 0 1 1 1 0 1 0 1 0 1 1 0 1 1 0 1 1 0 0 1 1 0 1 0 1 1 1 0 1 1 0 0 0 1 0 0 1 1 0 0 0 0 1 0 0 0 0 0 0
180	2	0 0 1 1 1 0 1 0 1 0 1 1 0 1 1 0 1 1 0 0 1 1 0 1 0 1 1 1 1 1 1 0 0 0 1 0 0 1 1 0 0 0 0 1 0 0 0 0 0 0
180	1	0 0 1 1 1 0 1 0 1 0 1 0 0 1 1 0 1 1 0 0 1 1 0 1 0 1 1 1 0 1 1 0 0 0 1 0 0 1 1 0 0 0 0 1 0 0 0 0 0 0
180	1	0 0 1 1 1 0 1 0 1 0 1 1 0 1 1 0 1 1 0 0 0 1 0 1 0 1 1 1 0 1 1 0 0 0 1 0 0 1 1 0 0 0 0 1 0 0 0 0 0 0
180	1	0 0 1 1 1 0 1 0 1 0 1 1 0 1 1 0 1 1 0 0 1 1 0 1 0 1 1 1 0 1 1 0 0 0 1 0 0 1 1 0 0 0 0 0 0 0 0 0 0 0
180	36	0 0 1 1 1 0 1 0 1 0 1 1 0 1 1 0 1 1 0 0 1 1 0 1 0 1 1 1 0 1 1 0 0 0 1 0 0 1 1 0 0 0 0 1 0 0 0 0 0 0
180	2	0 0 1 0 1 0 1 0 1 0 1 1 0 1 0 0 1 1 0 0 1 0 0 1 0 1 1 1 0 1 1 0 0 0 1 0 0 1 1 0 0 0 0 1 0 0 0 0 0 0
180	2	0 0 1 0 1 1 1 0 1 0 1 1 0 1 1 0 1 1 0 0 1 1 0 1 0 1 1 1 0 1 1 0 0 0 1 1 0 1 1 0 0 0 0 1 0 0 0 0 0 0
190	1	0 0 1 0 1 1 1 0 1 1 1 0 1 1 1 0 1 1 0 0 1 1 0 1 0 1 1 1 1 1 1 0 0 0 1 0 0 1 1 0 0 0 0 1 0 0 0 0 0 1
190	2	0 0 1 0 1 1 1 1 1 0 1 0 1 1 1 0 1 1 0 0 1 1 0 1 0 1 1 1 1 1 1 0 0 0 1 0 0 1 1 0 0 0 0 1 0 0 0 0 0 1
190	4	0 1 1 0 1 1 1 0 1 0 1 0 1 1 1 0 1 1 0 0 1 1 0 1 0 1 1 1 1 1 1 0 0 0 1 0 0 1 1 0 0 0 0 1 0 0 0 0 0 1
190	2	0 0 1 0 1 1 1 0 1 0 1 0 1 1 1 0 1 1 0 0 1 1 0 1 0 1 1 1 1 1 1 0 0 0 1 0 0 1 1 0 0 0 0 1 0 0 0 0 0 1
190	6	1 1 1 0 1 0 1 0 1 0 1 0 0 1 1 0 1 1 0 0 1 1 0 1 0 1 1 1 0 1 1 0 0 0 1 0 0 1 1 0 0 0 0 1 0 0 0 0 0 0
190	1	1 1 1 0 1 0 1 0 1 0 1 0 1 1 1 0 1 1 0 0 1 1 0 1 0 1 1 1 0 1 1 0 0 0 1 0 0 1 1 0 0 0 0 1 0 0 0 0 0 1
190	26	1 1 1 0 1 0 1 0 1 0 1 0 0 1 1 0 1 1 0 0 1 1 0 1 0 1 1 1 0 1 1 0 0 0 1 0 0 1 1 0 0 0 0 1 0 0 0 0 0 1
190	4	0 1 1 0 1 0 1 0 1 0 1 0 0 1 1 0 1 1 0 0 1 1 0 1 0 1 1 1 0 1 1 0 0 0 1 0 0 1 1 0 0 0 0 1 0 0 0 0 0 1
190	1	0 0 1 0 1 0 1 0 1 0 1 1 0 1 1 0 1 1 0 0 1 1 0 1 0 1 1 1 0 1 1 0 0 0 1 0 0 1 1 0 0 0 0 1 0 0 0 0 0 0
190	1	1 0 1 0 1 0 1 0 1 0 1 1 0 1 1 0 1 1 0 0 1 1 0 1 0 1 1 1 0 1 1 0 0 0 1 0 0 1 1 0 0 0 0 1 0 0 0 0 0 0
190	1	1 0 1 1 1 0 1 0 1 0 1 1 0 1 1 0 1 1 0 0 1 1 0 1 0 1 1 1 0 1 1 0 0 0 1 0 0 1 1 0 0 1 0 1 0 0 0 0 0 0
190	9	1 0 1 1 1 0 1 0 1 0 1 1 0 1 1 0 1 1 0 0 1 1 0 1 0 1 1 1 0 1 1 0 0 0 1 0 0 1 1 0 0 0 0 1 0 0 0 0 0 0
190	1	0 0 1 1 1 0 1 0 1 0 1 1 0 1 1 0 1 1 0 0 1 1 0 1 0 1 1 1 1 1 1 0 0 0 1 0 0 1 1 0 0 0 0 1 0 0 0 0 0 0
190	4	0 0 1 1 1 0 1 0 1 0 1 1 0 1 1 0 1 1 0 0 0 1 0 1 0 1 1 1 0 1 1 0 0 0 1 0 0 1 1 0 0 0 0 1 0 0 0 0 0 0
190	1	0 0 1 1 1 0 1 0 1 0 1 1 0 1 1 0 1 1 0 0 1 1 0 1 0 1 1 1 0 1 1 0 0 0 1 0 0 1 1 0 0 0 0 0 0 0 0 0 0 0
190	3	0 0 1 1 1 0 1 0 1 0 1 1 0 0 1 0 1 1 0 0 1 1 0 1 0 1 1 1 0 1 1 0 0 0 1 0 0 1 1 0 0 0 0 1 0 0 0 0 0 0
190	2	0 0 1 1 1 0 1 0 1 0 1 1 0 1 1 0 1 1 0 0 1 1 0 1 0 1 1 1 0 1 1 0 0 0 1 1 0 1 1 0 0 0 0 1 0 0 0 0 0 0
190	1	0 0 1 1 1 0 1 0 1 0 1 1 0 1 1 0 1 1 0 0 1 1 0 1 0 1 1 1 0 1 1 0 0 0 1 0 0 1 1 0 1 0 0 1 0 0 0 0 0 0
190	28	0 0 1 1 1 0 1 0 1 0 1 1 0 1 1 0 1 1 0 0 1 1 0 1 0 1 1 1 0 1 1 0 0 0 1 0 0 1 1 0 0 0 0 1 0 0 0 0 0 0
190	2	0 0 1 0 1 1 1 0 1 0 1 1 0 1 1 0 1 1 0 0 1 1 0 1 0 1 1 1 0 1 1 0 0 0 1 1 0 1 1 0 0 0 0 1 0 0 0 0 0 0
200	2	0 0 1 0 1 1 1 0 1 1 1 0 1 1 1 0 1 1 0 0 1 1 0 1 0 1 1 1 1 1 1 0 0 0 1 0 0 1 1 0 0 0 0 1 0 0 0 0 0 1
200	3	0 0 1 0 1 1 1 1 1 0 1 0 1 1 1 0 1 1 0 0 1 1 0 1 0 1 1 1 1 1 1 0 0 0 1 0 0 1 1 0 0 0 0 1 0 0 0 0 0 1
200	2	0 0 1 0 1 1 1 0 1 0 1 0 1 1 1 0 1 1 0 0 1 1 1 1 0 1 1 1 1 1 1 0 0 0 1 0 0 1 1 0 0 0 0 1 0 0 0 0 0 1
200	1	0 1 1 0 1 1 1 0 1 0 1 0 1 1 1 0 1 1 0 0 1 1 0 1 0 1 1 1 1 1 1 0 0 0 1 0 0 1 1 0 0 0 0 1 0 0 0 0 0 1
200	2	1 1 1 0 1 0 1 0 1 0 1 0 0 1 1 0 1 1 0 0 1 1 0 1 0 1 1 1 0 1 1 0 0 0 1 0 0 1 1 0 0 0 0 1 0 0 0 0 0 0
200	1	0 1 1 0 1 0 1 0 1 0 1 0 0 1 1 0 1 1 0 0 1 1 0 1 0 1 1 1 0 1 1 0 0 0 1 0 0 1 1 0 0 0 0 1 0 0 0 0 0 1
200	17	1 1 1 0 1 0 1 0 1 0 1 0 0 1 1 0 1 1 0 0 1 1 0 1 0 1 1 1 0 1 1 0 0 0 1 0 0 1 1 0 0 0 0 1 0 0 0 0 0 1
200	2	0 0 1 1 1 0 1 0 1 0 1 1 0 1 1 0 1 0 0 0 1 1 0 1 0 1 1 1 0 1 1 0 0 0 1 0 0 1 1 0 0 0 0 1 0 0 0 0 0 0
200	1	1 0 1 1 1 0 1 0 1 0 1 1 0 1 1 0 1 1 0 0 1 1 0 1 0 1 1 1 0 1 1 0 0 0 1 0 0 1 1 1 0 0 0 1 0 0 0 0 0 0
200	16	1 0 1 1 1 0 1 0 1 0 1 1 0 1 1 0 1 1 0 0 1 1 0 1 0 1 1 1 0 1 1 0 0 0 1 0 0 1 1 0 0 0 0 1 0 0 0 0 0 0
200	1	0 0 1 1 1 0 1 0 1 0 1 1 0 1 1 0 1 1 0 0 1 1 0 1 0 1 1 1 1 1 1 0 0 0 1 0 0 1 1 0 0 0 0 1 0 0 0 0 0 0
200	1	0 0 1 1 1 0 1 0 1 0 1 0 0 1 1 0 1 1 0 0 1 0 0 1 0 1 1 1 0 1 1 0 0 0 1 0 0 1 1 0 0 0 0 1 0 0 0 0 0 0
200	1	0 0 1 1 1 0 1 0 1 0 1 1 0 1 1 0 1 1 0 0 0 1 0 0 0 1 1 1 0 1 1 0 0 0 1 0 0 1 1 0 0 0 0 1 0 0 0 0 0 0
200	1	0 0 1 1 1 0 1 0 1 0 1 1 0 1 1 0 1 1 0 0 0 1 0 1 0 1 1 1 0 1 1 0 0 0 1 0 0 1 1 0 0 0 0 1 0 0 0 0 0 0
200	6	0 0 1 1 1 0 1 0 1 0 1 1 0 1 1 0 1 1 0 0 1 1 0 1 0 1 1 1 0 1 1 0 0 0 1 0 0 1 1 0 0 0 0 0 0 0 0 0 0 0
200	1	0 0 1 1 1 0 1 0 1 0 1 1 0 1 1 0 1 1 0 0 1 1 0 1 0 0 1 1 0 1 1 0 0 0 1 0 0 1 1 0 0 0 0 1 0 0 0 0 0 0
200	1	0 0 1 1 1 0 1 0 1 0 1 1 0 1 1 0 1 1 0 0 1 1 0 1 0 1 1 1 0 1 1 0 0 0 0 0 0 1 1 0 0 0 0 1 0 0 0 0 0 0
200	2	0 0 1 1 1 0 1 0 1 0 1 1 0 1 1 0 1 1 0 0 1 1 0 1 0 1 1 1 0 1 1 0 0 0 1 0 0 1 1 0 0 0 0 1 0 0 0 1 0 0
200	1	0 0 1 1 1 0 1 0 1 0 1 1 1 1 1 0 1 1 0 0 1 1 0 1 0 1 1 1 0 1 1 0 0 0 1 0 0 1 1 0 0 0 0 1 0 0 0 0 0 0
200	35	0 0 1 1 1 0 1 0 1 0 1 1 0 1 1 0 1 1 0 0 1 1 0 1 0 1 1 1 0 1 1 0 0 0 1 0 0 1 1 0 0 0 0 1 0 0 0 0 0 0
200	2	0 0 1 0 1 0 1 0 1 0 1 1 0 1 0 0 1 1 0 0 1 0 0 1 0 1 1 1 0 1 1 0 0 0 1 0 0 1 1 0 0 0 0 1 0 0 0 0 0 0
200	1	0 0 1 0 1 1 1 0 1 0 1 1 0 1 1 0 1 1 0 0 1 1 0 1 0 1 1 1 0 1 1 0 0 0 1 1 0 1 1 0 0 0 0 1 0 0 0 0 0 0
210	1	0 0 1 0 1 1 1 1 1 0 1 0 1 1 1 0 1 1 0 0 1 1 0 1 0 1 1 1 1 1 1 0 0 0 1 0 0 1 1 0 0 0 0 1 0 0 0 0 0 1
210	2	0 1 1 0 1 1 1 0 1 0 1 0 1 1 1 0 1 1 0 0 1 1 0 1 0 1 1 1 1 1 1 0 0 0 1 0 0 1 1 0 0 0 0 1 0 0 0 0 0 1
210	6	1 1 1 0 1 0 1 0 1 0 1 0 0 1 1 0 1 1 0 0 1 1 0 1 0 1 1 1 0 1 1 0 0 0 1 0 0 1 1 0 0 0 0 1 0 0 0 0 0 0
210	1	1 1 1 0 1 0 1 0 1 0 1 0 0 1 0 0 1 1 0 0 1 1 0 1 0 1 1 1 0 1 1 0 0 0 1 0 0 1 1 0 0 0 1 1 0 0 0 0 0 1
210	4	1 1 1 0 1 0 1 0 1 0 1 0 0 1 0 0 1 1 0 0 1 1 0 1 0 1 1 1 0 1 1 0 0 0 1 0 0 1 1 0 0 0 0 1 0 0 0 0 0 1
210	13	1 1 1 0 1 0 1 0 1 0 1 0 0 1 1 0 1 1 0 0 1 1 0 1 0 1 1 1 0 1 1 0 0 0 1 0 0 1 1 0 0 0 0 1 0 0 0 0 0 1
210	2	0 0 1 1 1 0 1 0 1 0 1 1 0 1 1 0 1 0 0 0 1 1 0 1 0 1 1 1 0 1 1 0 0 0 1 0 0 1 1 0 0 0 0 1 0 0 0 0 0 0
210	2	1 0 1 1 1 0 1 0 1 0 1 1 0 1 1 0 1 1 0 0 1 1 0 1 0 1 1 1 0 1 1 0 0 0 1 0 0 1 1 0 0 1 0 1 0 0 0 0 0 0
210	35	1 0 1 1 1 0 1 0 1 0 1 1 0 1 1 0 1 1 0 0 1 1 0 1 0 1 1 1 0 1 1 0 0 0 1 0 0 1 1 0 0 0 0 1 0 0 0 0 0 0
210	1	0 0 1 1 1 0 1 0 1 0 1 1 0 1 1 0 1 1 0 0 1 1 0 1 0 1 1 1 1 1 1 0 0 0 1 0 0 1 1 0 0 0 0 1 0 0 0 0 0 0
210	1	0 0 1 1 1 0 1 0 1 0 1 1 0 1 1 0 1 1 0 0 1 1 0 1 0 1 1 1 0 1 1 0 0 1 1 0 0 1 1 0 0 0 0 0 0 0 0 0 0 0
210	12	0 0 1 1 1 0 1 0 1 0 1 1 0 1 1 0 1 1 0 0 1 1 0 1 0 1 1 1 0 1 1 0 0 0 1 0 0 1 1 0 0 0 0 0 0 0 0 0 0 0
210	1	0 0 1 1 1 0 1 0 1 0 1 1 0 1 1 0 1 1 0 0 1 1 0 1 0 1 1 1 0 1 1 0 0 0 0 0 0 1 1 0 0 0 0 1 0 0 0 0 0 0
210	19	0 0 1 1 1 0 1 0 1 0 1 1 0 1 1 0 1 1 0 0 1 1 0 1 0 1 1 1 0 1 1 0 0 0 1 0 0 1 1 0 0 0 0 1 0 0 0 0 0 0
220	1	0 0 1 0 1 1 1 1 1 0 1 0 1 1 1 0 1 1 0 0 1 1 0 1 0 1 1 1 1 1 1 0 0 0 1 0 0 1 1 0 0 0 0 1 0 0 0 0 0 1
220	2	1 1 1 0 1 0 1 0 1 0 1 0 0 1 1 0 1 1 0 0 1 1 0 1 0 1 1 1 0 1 1 0 0 0 1 1 0 1 1 0 0 0 0 1 0 0 0 0 0 0
220	2	1 1 1 0 1 0 0 0 1 0 1 0 0 1 1 0 1 1 0 0 1 1 0 1 0 1 1 1 0 1 1 0 0 0 1 0 0 1 1 0 0 0 0 1 0 0 0 0 0 0
220	1	1 1 1 0 1 0 1 0 1 0 1 0 0 0 1 0 1 1 0 0 1 1 0 1 0 1 1 1 0 1 1 0 0 0 1 0 0 1 1 0 0 0 0 1 0 0 0 0 0 0
220	4	1 1 1 0 1 0 1 0 1 0 1 0 0 1 1 0 1 1 0 0 1 1 0 1 0 1 1 1 0 1 1 0 0 0 1 0 0 1 1 0 0 0 0 1 0 0 0 0 0 0
220	1	1 1 1 0 1 0 1 0 1 1 1 0 0 0 1 0 1 1 0 0 1 1 0 1 0 1 1 1 0 1 1 0 0 0 1 0 0 1 1 0 0 0 0 1 0 0 0 0 0 1
220	1	1 1 1 0 1 0 1 0 1 0 1 0 0 1 0 0 1 1 0 0 1 1 0 1 0 1 1 1 0 1 1 0 0 0 1 0 0 1 1 0 0 0 1 1 0 0 0 0 0 1
220	1	1 1 1 0 1 1 1 0 1 0 1 0 0 1 1 0 1 1 0 0 1 1 0 1 0 1 1 1 0 1 1 0 0 0 1 0 0 1 1 0 0 0 0 1 0 0 0 0 0 1
220	2	1 1 1 0 1 0 1 0 1 0 1 0 0 1 1 0 1 1 0 0 1 1 0 1 0 1 1 1 0 1 1 0 0 0 1 0 0 1 1 0 0 0 0 1 0 0 0 0 1 1
220	11	1 1 1 0 1 0 1 0 1 0 1 0 0 1 1 0 1 1 0 0 1 1 0 1 0 1 1 1 0 1 1 0 0 0 1 0 0 1 1 0 0 0 0 1 0 0 0 0 0 1
220	2	0 0 1 1 1 0 1 0 1 0 1 1 0 1 1 0 1 0 0 0 1 1 0 1 0 1 1 1 0 1 1 0 0 0 1 0 0 1 1 0 0 0 0 1 0 0 0 0 0 0
220	1	1 0 1 1 1 0 1 0 1 0 1 1 0 1 1 0 1 1 0 0 1 1 0 1 0 1 0 1 0 1 1 0 0 0 1 0 0 1 1 0 0 0 0 1 0 0 0 0 0 0
220	1	1 0 1 1 1 0 1 0 1 0 1 1 0 1 1 0 1 1 0 0 1 1 0 1 0 1 1 1 0 1 1 1 0 0 1 0 0 1 1 0 0 0 0 1 0 0 0 0 0 0
220	1	1 0 1 1 1 0 1 0 1 0 1 1 0 1 1 0 1 1 0 0 1 1 0 1 0 1 1 1 0 1 1 0 0 0 1 1 0 1 1 0 0 0 0 1 0 0 0 0 0 0
220	34	1 0 1 1 1 0 1 0 1 0 1 1 0 1 1 0 1 1 0 0 1 1 0 1 0 1 1 1 0 1 1 0 0 0 1 0 0 1 1 0 0 0 0 1 0 0 0 0 0 0
220	3	0 0 1 1 1 0 1 0 1 0 1 1 0 1 1 0 1 1 0 0 1 1 0 1 0 1 1 1 1 1 1 0 0 0 1 0 0 1 1 0 0 0 0 1 0 0 0 0 0 0
220	2	0 0 1 1 1 0 1 0 1 0 1 1 0 1 1 0 1 1 0 0 0 1 0 1 0 1 1 1 0 1 1 0 0 0 1 0 0 1 1 0 0 0 0 1 0 0 0 0 0 0
220	1	0 0 1 1 1 0 1 0 1 0 1 1 0 1 1 0 0 1 0 0 1 1 0 1 0 1 1 1 0 1 1 0 0 0 1 0 0 1 1 0 0 0 0 0 0 0 0 0 0 0
220	19	0 0 1 1 1 0 1 0 1 0 1 1 0 1 1 0 1 1 0 0 1 1 0 1 0 1 1 1 0 1 1 0 0 0 1 0 0 1 1 0 0 0 0 0 0 0 0 0 0 0
220	1	0 0 1 1 1 0 1 0 1 0 1 1 0 1 1 0 1 1 0 0 1 1 0 1 0 1 1 1 0 1 1 0 0 0 1 0 0 0 1 0 0 0 0 0 0 0 0 0 0 0
220	1	0 0 1 1 1 0 1 0 1 0 1 1 0 1 1 0 1 1 0 0 1 1 0 1 0 1 1 1 0 1 1 0 0 0 1 0 0 1 1 0 0 0 0 1 0 0 1 0 0 0
220	8	0 0 1 1 1 0 1 0 1 0 1 1 0 1 1 0 1 1 0 0 1 1 0 1 0 1 1 1 0 1 1 0 0 0 1 0 0 1 1 0 0 0 0 1 0 0 0 0 0 0
230	3	0 0 1 0 1 1 1 1 1 0 1 0 1 1 1 0 1 1 0 0 1 1 0 1 0 1 1 1 1 1 1 0 0 0 1 0 0 1 1 0 0 0 0 1 0 0 0 0 0 1
230	2	1 1 1 0 1 0 1 1 1 0 1 0 0 1 1 0 1 1 0 0 1 1 0 1 0 1 1 1 0 1 1 0 0 0 1 0 0 1 1 0 0 0 0 1 0 0 0 0 0 0
230	6	1 1 1 0 1 0 1 0 1 0 1 0 0 1 1 0 1 1 0 0 1 1 0 1 0 1 1 1 0 1 1 0 0 0 1 0 0 1 1 0 0 0 0 1 0 0 0 0 0 0
230	2	1 1 1 0 1 0 1 0 1 1 1 0 0 0 1 0 1 1 0 0 1 1 0 1 0 1 1 1 0 1 1 0 0 0 1 0 0 1 1 0 0 0 0 1 0 0 0 0 0 1
230	3	1 1 1 0 1 1 1 0 1 0 1 0 0 1 1 0 1 1 0 0 1 1 0 1 0 1 1 1 0 1 1 0 0 0 1 0 0 1 1 0 0 0 0 1 0 0 0 0 0 1
230	1	1 1 1 0 1 0 1 0 1 0 1 0 0 1 1 0 1 1 0 0 1 1 0 1 0 1 1 1 0 1 1 0 0 0 0 0 0 1 1 0 0 0 0 1 0 0 0 0 0 1
230	5	1 1 1 0 1 0 1 0 1 0 1 0 0 1 1 0 1 1 0 0 1 1 0 1 0 1 1 1 0 1 1 0 0 0 1 0 0 1 1 0 0 0 0 1 0 0 0 0 0 1
230	1	0 0 1 1 1 0 1 0 1 0 1 1 0 1 1 0 1 0 0 0 1 1 0 1 0 1 1 1 0 1 1 0 0 0 1 0 0 1 1 0 0 0 0 1 0 0 0 0 0 0
230	2	1 0 1 1 1 0 1 0 1 0 1 1 0 1 1 0 1 1 1 0 1 1 0 1 0 1 1 1 0 1 1 0 0 0 1 0 0 1 1 0 1 0 0 1 0 0 0 0 0 0
230	1	1 0 1 1 1 0 1 0 1 0 1 1 0 1 1 0 1 1 1 0 1 1 0 1 0 1 1 1 0 1 1 0 0 0 1 0 0 1 1 0 0 0 0 1 0 0 0 0 0 0
230	1	1 0 1 1 1 0 1 0 1 0 1 1 0 1 1 0 1 1 0 0 1 1 0 1 0 1 1 1 0 1 1 0 1 0 1 0 0 1 1 0 0 0 0 1 0 0 0 0 0 0
230	1	1 0 1 1 1 0 1 0 1 0 1 1 0 1 1 0 1 1 0 0 1 1 0 1 0 1 1 1 0 1 1 0 0 1 1 0 0 1 1 0 0 0 0 1 0 0 0 0 0 0
230	1	1 0 1 1 1 0 1 0 1 0 1 1 0 1 1 0 1 1 0 0 1 1 0 1 0 1 1 1 0 1 0 0 0 0 1 0 0 1 1 0 0 0 0 1 0 0 0 0 0 0
230	48	1 0 1 1 1 0 1 0 1 0 1 1 0 1 1 0 1 1 0 0 1 1 0 1 0 1 1 1 0 1 1 0 0 0 1 0 0 1 1 0 0 0 0 1 0 0 0 0 0 0
230	1	0 0 1 1 1 0 1 0 1 0 1 1 0 1 1 0 0 1 0 0 1 1 0 1 0 1 1 1 0 1 1 0 0 0 1 0 0 1 1 0 0 0 0 0 0 0 0 0 0 0
230	1	0 0 1 1 1 0 1 0 1 0 1 1 0 1 1 0 1 1 0 0 1 1 0 1 0 1 1 1 0 1 1 0 0 0 1 0 0 0 1 0 0 0 0 0 0 0 0 0 0 0
230	18	0 0 1 1 1 0 1 0 1 0 1 1 0 1 1 0 1 1 0 0 1 1 0 1 0 1 1 1 0 1 1 0 0 0 1 0 0 1 1 0 0 0 0 0 0 0 0 0 0 0
230	3	0 0 1 1 1 0 1 0 1 0 1 1 0 1 1 0 1 1 0 0 1 1 0 1 0 1 1 1 0 1 1 0 0 0 1 0 0 1 1 0 0 0 0 1 0 0 0 0 0 0
240	1	0 0 1 0 1 1 1 1 1 0 1 0 1 1 1 0 1 1 0 0 1 1 0 1 0 1 1 1 1 1 1 0 0 0 1 0 0 1 1 0 0 0 0 1 0 0 0 0 0 1
240	2	1 1 1 0 1 0 1 1 1 0 1 0 0 1 1 0 1 1 0 0 1 1 0 1 0 1 1 1 0 1 1 0 0 0 1 0 0 1 1 0 0 0 0 1 0 0 0 0 0 0
240	3	1 1 1 0 1 0 1 0 1 0 1 0 0 1 1 0 1 1 0 0 1 1 0 1 0 1 1 1 0 1 1 0 0 0 1 0 0 1 1 0 0 0 0 1 0 0 0 0 0 0
240	5	1 1 1 0 1 0 1 0 1 1 1 0 0 0 1 0 1 1 0 0 1 1 0 1 0 1 1 1 0 1 1 0 0 0 1 0 0 1 1 0 0 0 0 1 0 0 0 0 0 1
240	1	1 1 1 0 1 1 1 0 1 0 1 0 0 1 1 0 1 1 0 1 1 1 0 1 0 1 1 1 0 1 1 0 0 0 1 0 0 1 1 0 0 0 0 1 0 0 0 0 0 1
240	5	1 1 1 0 1 1 1 0 1 0 1 0 0 1 1 0 1 1 0 0 1 1 0 1 0 1 1 1 0 1 1 0 0 0 1 0 0 1 1 0 0 0 0 1 0 0 0 0 0 1
240	1	1 0 1 0 1 0 1 0 1 0 1 0 0 1 1 0 1 1 0 0 1 1 0 1 0 1 1 1 0 1 1 0 0 0 1 0 0 1 1 0 0 0 0 1 0 0 0 0 0 1
240	1	0 0 1 1 1 0 1 0 1 0 1 1 0 1 1 0 1 0 0 0 1 1 0 1 0 1 1 1 0 1 1 0 0 0 1 0 0 1 1 0 0 0 0 1 0 0 0 0 0 0
240	2	1 0 1 1 1 0 1 0 1 0 1 1 0 1 1 0 1 1 1 0 1 1 0 1 0 1 1 1 0 1 1 0 0 0 1 0 0 1 1 0 0 0 0 1 0 0 0 0 0 0
240	1	1 0 1 1 1 0 1 0 1 0 1 1 0 1 1 0 1 1 0 0 1 1 0 1 0 1 1 1 0 1 1 0 0 0 1 0 0 1 1 0 0 0 0 0 0 0 0 0 0 0
240	1	0 0 1 1 1 0 1 0 1 0 1 1 0 1 1 0 1 1 0 0 1 1 0 1 0 1 1 1 0 1 1 0 0 0 1 0 0 1 1 0 0 0 0 1 0 0 0 0 0 0
240	56	1 0 1 1 1 0 1 0 1 0 1 1 0 1 1 0 1 1 0 0 1 1 0 1 0 1 1 1 0 1 1 0 0 0 1 0 0 1 1 0 0 0 0 1 0 0 0 0 0 0
240	1	0 0 1 1 1 0 1 0 1 0 1 1 0 1 1 0 0 1 0 0 1 1 0 1 0 1 1 1 0 1 1 0 0 0 1 0 0 1 1 0 0 0 0 0 0 0 0 0 0 0
240	20	0 0 1 1 1 0 1 0 1 0 1 1 0 1 1 0 1 1 0 0 1 1 0 1 0 1 1 1 0 1 1 0 0 0 1 0 0 1 1 0 0 0 0 0 0 0 0 0 0 0
250	8	1 1 1 0 1 0 1 1 1 0 1 0 0 1 1 0 1 1 0 0 1 1 0 1 0 1 1 1 0 1 1 0 0 0 1 0 0 1 1 0 0 0 0 1 0 0 0 0 0 0
250	5	1 1 1 0 1 0 1 0 1 0 1 0 0 1 1 0 1 1 0 0 1 1 0 1 0 1 1 1 0 1 1 0 0 0 1 0 0 1 1 0 0 0 0 1 0 0 0 0 0 0
250	1	1 1 1 0 1 0 1 0 1 1 1 0 0 0 1 0 1 0 0 0 1 1 0 1 0 1 1 1 0 1 1 0 0 0 1 0 0 1 1 0 0 0 0 1 0 0 0 0 0 1
250	1	1 1 1 0 1 0 1 0 1 1 1 0 0 0 1 0 1 1 0 0 1 1 0 1 0 1 1 1 0 1 1 0 0 0 1 0 0 1 1 0 0 0 0 1 0 0 0 0 0 1
250	1	1 1 1 0 0 1 1 0 1 0 1 0 0 1 1 0 1 1 0 0 1 1 0 1 0 1 1 1 0 1 1 0 0 0 1 0 0 1 1 0 0 0 0 1 0 0 0 0 0 1
250	1	1 1 1 0 1 1 1 0 1 0 1 0 0 1 1 0 1 1 0 0 1 1 0 1 0 1 1 1 0 1 1 1 0 0 1 0 0 1 1 0 0 0 0 1 0 0 0 0 0 1
250	4	1 1 1 0 1 1 1 0 1 0 1 0 0 1 1 0 1 1 0 0 1 1 0 1 0 1 1 1 0 1 1 0 0 0 1 0 0 1 1 0 0 0 0 1 0 0 0 0 0 1
250	1	1 1 1 0 1 0 1 0 1 0 1 0 0 1 1 0 1 1 0 0 1 1 0 1 0 1 1 1 0 1 1 0 0 0 1 0 0 1 1 0 0 0 0 1 0 0 0 0 0 1
250	1	0 0 1 1 1 0 1 0 1 0 1 1 0 1 1 0 1 0 0 0 1 1 0 1 0 1 1 1 0 1 1 0 0 0 1 0 0 1 1 0 0 0 0 1 0 0 0 0 0 0
250	1	0 0 1 1 1 0 1 0 1 0 1 1 0 1 1 0 1 1 0 0 1 1 0 1 0 1 1 1 0 1 1 0 0 0 1 0 0 1 1 0 0 0 0 1 0 0 0 0 0 0
250	1	1 0 1 1 1 0 1 0 1 0 1 1 0 0 1 0 1 1 0 0 1 1 0 1 0 1 1 1 0 1 1 0 0 0 1 0 0 1 1 0 0 0 0 1 0 0 0 0 0 0
250	1	1 0 1 1 1 0 1 0 1 0 1 1 0 1 1 0 1 1 0 0 1 1 0 1 0 1 1 1 1 1 1 0 0 0 1 0 0 1 1 0 0 0 0 1 0 0 0 0 0 0
250	54	1 0 1 1 1 0 1 0 1 0 1 1 0 1 1 0 1 1 0 0 1 1 0 1 0 1 1 1 0 1 1 0 0 0 1 0 0 1 1 0 0 0 0 1 0 0 0 0 0 0
250	1	0 0 1 1 1 0 1 0 1 0 1 1 0 1 1 0 1 1 0 0 1 1 0 1 0 1 0 1 0 1 1 0 0 0 1 0 0 1 1 0 0 0 0 0 0 0 0 0 0 0
250	19	0 0 1 1 1 0 1 0 1 0 1 1 0 1 1 0 1 1 0 0 1 1 0 1 0 1 1 1 0 1 1 0 0 0 1 0 0 1 1 0 0 0 0 0 0 0 0 0 0 0
260	1	0 0 1 0 1 1 1 1 1 0 1 0 1 1 1 0 1 1 0 0 1 1 0 1 0 1 1 1 1 1 1 0 0 0 1 0 0 1 1 0 0 0 0 1 0 0 0 0 0 1
260	2	1 1 1 0 1 0 1 1 1 0 1 0 0 1 1 0 1 1 0 1 1 1 0 1 0 1 1 1 0 1 1 0 0 0 1 0 0 1 1 0 0 0 0 1 0 0 0 0 0 0
260	12	1 1 1 0 1 0 1 1 1 0 1 0 0 1 1 0 1 1 0 0 1 1 0 1 0 1 1 1 0 1 1 0 0 0 1 0 0 1 1 0 0 0 0 1 0 0 0 0 0 0
260	2	1 1 1 0 1 0 1 0 1 0 1 0 0 1 1 1 1 1 0 0 1 1 0 1 0 1 1 1 0 1 1 0 0 0 1 0 0 1 1 0 0 0 0 1 0 0 0 0 0 0
260	2	1 1 1 0 1 0 1 0 1 0 1 0 0 1 1 0 1 1 0 0 1 1 0 1 0 1 1 1 0 1 1 0 0 0 1 0 0 1 1 0 0 0 0 1 0 0 0 0 0 0
260	3	1 1 1 0 1 0 1 0 1 1 1 0 0 0 1 0 1 1 0 0 1 1 0 1 0 1 1 1 0 1 1 0 0 0 1 0 0 1 1 0 0 0 0 1 0 0 0 0 0 1
260	5	1 1 1 0 1 1 1 0 1 0 1 0 0 1 1 0 1 1 0 0 1 1 0 1 0 1 1 1 0 1 1 0 0 0 1 0 0 1 1 0 0 0 0 1 0 0 0 0 0 1
260	1	1 1 1 0 1 0 1 0 1 0 1 0 0 1 1 0 1 1 0 0 1 1 0 1 0 1 1 1 0 1 1 0 0 0 1 0 0 1 1 0 0 0 0 1 0 0 0 0 0 1
260	2	1 0 1 1 1 0 1 0 1 0 1 1 0 1 1 0 1 1 0 0 1 1 0 1 0 1 1 1 0 1 1 0 0 0 1 0 0 1 1 0 0 0 0 0 0 0 0 0 0 0
260	2	1 0 1 1 1 0 1 0 1 0 1 1 0 1 1 0 1 1 0 0 1 1 0 1 0 1 1 1 0 1 1 0 0 0 1 0 0 1 1 0 0 0 0 1 0 0 0 1 0 0
260	6	1 0 1 1 1 0 1 0 1 0 1 1 0 1 1 0 1 1 0 0 1 1 0 1 0 1 1 1 0 1 1 0 0 0 1 0 1 1 1 0 0 0 0 1 0 0 0 0 0 0
260	1	1 0 1 1 1 0 1 0 1 0 1 1 0 1 1 0 1 1 0 0 1 1 0 1 0 1 1 1 0 1 1 0 0 0 1 0 0 1 1 0 0 1 0 1 0 0 0 0 0 0
260	2	1 0 1 1 1 0 1 0 1 0 1 1 0 1 1 0 1 1 0 0 1 1 0 1 0 1 1 1 0 1 1 0 0 0 1 0 0 1 1 0 0 0 0 1 0 0 0 0 1 0
260	1	1 0 1 1 1 0 1 0 1 0 1 1 0 1 1 0 1 1 0 0 0 1 0 1 0 1 1 1 0 1 1 0 0 0 1 0 0 1 1 0 0 0 0 1 0 0 0 0 0 0
260	1	1 0 1 1 1 1 1 0 1 0 1 1 0 1 1 0 1 1 0 0 1 1 0 1 0 1 1 1 0 1 1 0 0 0 1 0 0 1 1 0 0 0 0 1 0 0 0 0 0 0
260	43	1 0 1 1 1 0 1 0 1 0 1 1 0 1 1 0 1 1 0 0 1 1 0 1 0 1 1 1 0 1 1 0 0 0 1 0 0 1 1 0 0 0 0 1 0 0 0 0 0 0
260	1	0 0 1 1 1 0 1 0 1 0 1 1 0 1 1 0 0 1 0 0 1 1 0 1 0 1 1 1 0 1 1 0 0 0 1 0 0 1 1 0 0 0 0 0 0 0 0 0 0 0
260	1	0 0 1 1 1 0 1 0 1 0 1 1 0 1 1 0 1 1 0 0 1 1 0 1 0 0 1 1 0 1 1 0 0 0 1 0 0 1 1 0 0 0 0 0 0 0 0 0 0 0
260	2	0 0 1 1 1 0 1 0 1 0 1 1 0 1 1 0 1 1 0 0 1 1 0 1 0 1 0 1 0 1 1 0 0 0 1 0 0 1 1 0 0 0 0 0 0 0 0 0 0 0
260	10	0 0 1 1 1 0 1 0 1 0 1 1 0 1 1 0 1 1 0 0 1 1 0 1 0 1 1 1 0 1 1 0 0 0 1 0 0 1 1 0 0 0 0 0 0 0 0 0 0 0
270	1	1 1 1 0 1 0 1 1 1 0 1 0 0 1 1 0 1 1 0 1 1 1 0 1 0 1 1 1 0 1 1 0 0 0 1 0 0 1 1 0 0 0 0 1 0 0 0 0 0 0
270	12	1 1 1 0 1 0 1 1 1 0 1 0 0 1 1 0 1 1 0 0 1 1 0 1 0 1 1 1 0 1 1 0 0 0 1 0 0 1 1 0 0 0 0 1 0 0 0 0 0 0
270	1	1 1 1 0 1 0 1 0 1 0 1 0 0 1 1 1 1 1 0 0 1 1 0 1 0 1 1 1 0 1 1 0 0 0 1 0 0 1 1 0 0 0 0 1 0 0 0 0 0 0
270	2	1 1 1 0 1 0 1 0 1 0 1 0 0 1 1 0 1 1 0 0 1 1 0 1 0 1 1 1 0 1 1 0 0 0 1 0 0 1 1 0 0 0 0 1 0 0 0 0 0 0
270	3	1 1 1 0 1 0 1 0 1 1 1 0 0 0 1 0 1 0 0 0 1 1 0 1 0 1 1 1 0 1 1 0 0 0 1 0 0 1 1 0 0 0 0 1 0 0 0 0 0 1
270	6	1 1 1 0 1 0 1 0 1 1 1 0 0 0 1 0 1 1 0 0 1 1 0 1 0 1 1 1 0 1 1 0 0 0 1 0 0 1 1 0 0 0 0 1 0 0 0 0 0 1
270	1	1 1 1 0 1 1 1 0 1 0 1 0 0 1 1 0 1 1 0 0 1 1 1 1 0 1 1 1 0 1 1 0 0 0 1 0 0 1 1 0 0 0 0 1 0 0 0 0 0 1
270	5	1 1 1 0 1 1 1 0 1 0 1 0 0 1 1 0 1 1 0 0 1 1 0 1 0 1 1 1 0 1 1 0 0 0 1 0 0 1 1 0 0 0 0 1 0 0 0 0 0 1
270	4	1 0 1 1 1 0 1 0 1 0 1 1 0 1 1 0 1 1 0 0 1 1 0 1 0 1 1 1 0 1 1 0 0 0 1 0 0 1 1 0 0 0 0 0 0 0 0 0 0 0
270	1	1 0 1 1 1 0 1 0 1 0 1 1 0 1 1 0 1 1 0 0 1 1 0 1 0 1 1 1 0 1 1 1 0 0 1 0 0 1 1 0 0 0 0 1 0 0 0 0 0 0
270	1	1 0 1 1 1 0 1 0 1 0 1 1 0 1 1 0 1 1 0 0 1 1 0 1 0 1 1 1 0 1 1 0 0 1 1 0 0 1 1 0 0 0 0 1 0 0 0 0 0 0
270	55	1 0 1 1 1 0 1 0 1 0 1 1 0 1 1 0 1 1 0 0 1 1 0 1 0 1 1 1 0 1 1 0 0 0 1 0 0 1 1 0 0 0 0 1 0 0 0 0 0 0
270	8	0 0 1 1 1 0 1 0 1 0 1 1 0 1 1 0 1 1 0 0 1 1 0 1 0 1 1 1 0 1 1 0 0 0 1 0 0 1 1 0 0 0 0 0 0 0 0 0 0 0
280	7	1 1 1 0 1 0 1 1 1 0 1 0 0 1 1 0 1 1 0 1 1 1 0 1 0 1 1 1 0 1 1 0 0 0 1 0 0 1 1 0 0 0 0 1 0 0 0 0 0 0
280	1	1 1 1 0 1 0 1 1 1 0 1 0 0 1 1 0 1 1 0 0 1 1 0 1 0 0 1 1 0 1 1 0 0 0 1 0 0 1 1 0 0 0 0 1 0 0 0 0 0 0
280	36	1 1 1 0 1 0 1 1 1 0 1 0 0 1 1 0 1 1 0 0 1 1 0 1 0 1 1 1 0 1 1 0 0 0 1 0 0 1 1 0 0 0 0 1 0 0 0 0 0 0
280	1	1 1 1 0 1 0 1 0 1 0 1 0 0 1 1 1 1 1 0 0 1 1 0 1 0 1 1 1 0 1 1 0 0 0 1 0 0 1 1 0 0 0 0 1 0 0 0 0 0 0
280	1	1 1 1 0 1 0 1 0 1 0 1 0 0 1 1 0 1 1 0 0 1 1 0 1 0 1 1 1 0 1 1 0 0 0 1 0 0 1 1 0 0 0 0 1 0 0 0 0 1 0
280	1	1 1 1 0 1 0 1 0 1 0 1 0 0 1 1 0 1 1 0 0 1 1 0 1 0 1 1 1 0 1 1 0 0 0 1 0 0 1 1 0 0 0 0 1 0 0 0 0 0 0
280	2	1 1 1 0 1 0 1 0 1 1 1 0 0 0 1 0 1 0 0 0 1 1 0 1 0 1 1 1 0 1 1 0 0 0 1 0 0 1 1 0 0 0 0 1 0 0 0 0 0 1
280	3	1 1 1 0 1 0 1 0 1 1 1 0 0 0 1 0 1 1 0 0 1 1 0 1 0 1 1 1 0 1 1 0 0 0 1 0 0 1 1 0 0 0 0 1 0 0 0 0 0 1
280	1	1 1 1 0 1 1 1 0 1 0 1 0 0 1 1 0 1 1 0 0 1 1 0 1 0 1 1 1 0 1 1 0 0 0 1 0 0 1 1 0 0 0 0 1 0 0 0 0 0 1
280	6	1 0 1 1 1 0 1 0 1 0 1 1 0 1 1 0 1 1 0 0 1 1 0 1 0 1 1 1 0 1 1 0 0 0 1 0 0 1 1 0 0 0 0 0 0 0 0 0 0 0
280	1	1 0 1 1 1 0 1 0 1 0 1 1 0 1 1 1 1 1 0 0 1 1 0 1 0 1 1 1 0 1 1 0 0 0 1 0 0 1 1 0 0 0 0 1 0 0 0 0 0 0
280	1	1 0 1 1 1 0 1 0 1 0 1 1 0 1 1 0 1 1 0 0 1 1 0 1 0 1 1 1 0 1 1 0 1 0 1 0 0 1 1 0 0 0 0 1 0 0 0 0 0 0
280	1	1 0 1 1 1 0 1 0 1 0 1 0 0 1 1 0 1 1 0 0 1 1 0 1 0 1 1 1 0 1 1 0 0 0 1 0 0 1 1 0 0 0 0 1 0 0 0 0 0 0
280	2	1 0 1 1 1 0 1 0 1 0 1 1 0 1 1 0 1 1 0 0 1 1 0 1 0 1 1 1 0 1 1 1 0 0 1 0 0 1 1 0 0 0 0 1 0 0 0 0 0 0
280	1	1 0 1 1 1 0 1 0 1 0 0 1 0 1 1 0 1 1 0 0 1 1 0 1 0 1 1 1 0 1 1 0 0 0 1 0 0 1 1 0 0 0 0 1 0 0 0 0 0 0
280	29	1 0 1 1 1 0 1 0 1 0 1 1 0 1 1 0 1 1 0 0 1 1 0 1 0 1 1 1 0 1 1 0 0 0 1 0 0 1 1 0 0 0 0 1 0 0 0 0 0 0
280	6	0 0 1 1 1 0 1 0 1 0 1 1 0 1 1 0 1 1 0 0 1 1 0 1 0 1 1 1 0 1 1 0 0 0 1 0 0 1 1 0 0 0 0 0 0 0 0 0 0 0
290	15	1 1 1 0 1 0 1 1 1 0 1 0 0 1 1 0 1 1 0 1 1 1 0 1 0 1 1 1 0 1 1 0 0 0 1 0 0 1 1 0 0 0 0 1 0 0 0 0 0 0
290	3	1 1 1 0 1 0 1 1 1 0 1 0 0 1 1 0 1 1 0 0 1 1 0 1 0 1 1 1 0 1 1 0 0 0 1 0 0 1 1 0 0 0 0 0 0 0 0 0 0 0
290	34	1 1 1 0 1 0 1 1 1 0 1 0 0 1 1 0 1 1 0 0 1 1 0 1 0 1 1 1 0 1 1 0 0 0 1 0 0 1 1 0 0 0 0 1 0 0 0 0 0 0
290	2	1 1 1 0 1 0 1 0 1 0 1 0 0 1 1 1 1 1 0 0 1 1 0 1 0 1 1 1 0 1 1 0 0 0 1 0 0 1 1 0 0 0 0 1 0 0 0 0 0 0
290	2	1 1 1 0 1 0 1 0 1 0 1 0 0 1 1 0 1 1 0 0 1 1 0 1 0 1 1 1 0 1 1 0 0 0 1 0 0 1 1 0 0 0 0 0 0 0 0 0 0 0
290	2	1 1 1 0 1 0 1 0 1 0 1 0 0 1 1 0 1 1 0 0 1 1 0 1 0 1 1 1 0 1 1 0 0 0 1 0 0 1 1 0 0 0 0 1 0 0 0 0 0 0
290	3	1 0 1 1 1 0 1 0 1 0 1 1 0 1 1 0 1 1 0 0 1 1 0 1 0 1 1 1 0 1 1 0 0 0 1 0 0 1 1 0 0 0 0 0 0 0 0 0 0 0
290	3	1 0 1 1 1 0 1 0 1 0 1 1 0 1 1 0 1 1 0 0 1 1 0 1 0 1 1 1 0 1 1 0 0 0 1 0 1 1 1 0 0 0 0 1 0 0 0 0 0 0
290	1	1 0 1 1 1 0 1 0 1 0 1 1 0 1 1 0 1 1 0 0 1 0 0 1 0 1 1 1 0 1 1 0 0 0 1 0 0 1 1 0 0 0 0 1 0 0 0 0 0 0
290	2	1 0 1 1 1 0 1 0 1 0 1 1 0 1 1 0 1 1 0 0 1 1 0 1 0 1 1 1 0 1 1 0 0 0 1 0 0 1 1 0 1 0 0 1 0 0 0 0 0 0
290	1	1 0 1 1 1 0 1 0 1 0 1 1 0 1 1 0 1 1 0 0 1 1 0 1 0 1 1 1 0 1 1 0 0 1 1 0 0 1 1 0 0 0 0 1 0 0 0 0 0 0
290	1	1 0 1 1 1 0 1 0 1 0 1 1 0 1 0 0 1 1 0 0 1 1 0 1 0 1 1 1 0 1 1 0 0 0 1 0 0 1 1 0 0 0 0 1 0 0 0 0 0 0
290	28	1 0 1 1 1 0 1 0 1 0 1 1 0 1 1 0 1 1 0 0 1 1 0 1 0 1 1 1 0 1 1 0 0 0 1 0 0 1 1 0 0 0 0 1 0 0 0 0 0 0
290	3	0 0 1 1 1 0 1 0 1 0 1 1 0 1 1 0 1 1 0 0 1 1 0 1 0 1 1 1 0 1 1 0 0 0 1 0 0 1 1 0 0 0 0 0 0 0 0 0 0 0
300	1	1 1 1 0 1 0 1 1 1 0 1 0 0 1 1 0 1 1 0 1 1 1 0 1 0 1 1 1 0 1 1 0 0 0 1 1 0 1 1 0 0 0 0 1 0 0 0 0 0 0
300	10	1 1 1 0 1 0 1 1 1 0 1 0 0 1 1 0 1 1 0 1 1 1 0 1 0 1 1 1 0 1 1 0 0 0 1 0 0 1 1 0 0 0 0 1 0 0 0 0 0 0
300	3	1 1 1 0 1 0 1 1 1 0 1 0 0 1 1 0 1 1 0 0 1 1 0 1 0 1 1 1 0 1 1 0 0 0 1 0 0 1 1 0 0 0 0 0 0 0 0 0 0 0
300	2	1 1 1 0 1 0 1 1 1 0 1 0 0 1 1 0 1 1 0 0 1 1 0 1 1 1 1 1 0 1 1 0 0 0 1 0 0 1 1 0 0 0 0 1 0 0 0 0 0 0
300	1	1 1 1 0 1 0 1 0 1 0 1 0 0 1 1 0 1 1 0 0 1 1 0 1 0 1 1 1 0 1 1 0 0 0 1 0 0 1 1 0 0 0 0 1 0 0 0 0 0 0
300	42	1 1 1 0 1 0 1 1 1 0 1 0 0 1 1 0 1 1 0 0 1 1 0 1 0 1 1 1 0 1 1 0 0 0 1 0 0 1 1 0 0 0 0 1 0 0 0 0 0 0
300	2	1 1 1 0 1 0 1 0 1 0 1 0 0 1 1 1 1 1 0 0 1 1 0 1 0 1 1 1 0 1 1 0 0 0 1 0 0 1 1 0 0 0 0 1 0 0 0 0 0 0
300	8	1 1 1 0 1 0 1 0 1 0 1 0 0 1 1 0 1 1 0 0 1 1 0 1 0 1 1 1 0 1 1 0 0 0 1 0 0 1 1 0 0 0 0 0 0 0 0 0 0 0
300	1	1 1 1 0 1 0 1 0 1 1 1 0 0 0 1 0 1 1 0 0 1 1 0 1 0 1 1 1 0 1 1 0 0 0 1 0 0 1 1 0 0 0 0 1 0 0 0 0 0 1
300	14	1 0 1 1 1 0 1 0 1 0 1 1 0 1 1 0 1 1 0 0 1 1 0 1 0 1 1 1 0 1 1 0 0 0 1 0 0 1 1 0 0 0 0 0 0 0 0 0 0 0
300	10	1 0 1 1 1 0 1 0 1 0 1 1 0 1 1 0 1 1 0 0 1 1 0 1 0 1 1 1 0 1 1 0 0 0 1 0 0 1 1 0 0 0 0 1 0 0 0 0 0 0
300	3	1 0 1 1 1 0 1 0 1 0 1 1 0 1 1 0 1 1 0 0 1 1 0 1 0 1 1 1 0 1 1 0 0 0 1 0 1 1 1 0 0 0 0 1 0 0 0 0 0 0
300	1	1 0 1 1 1 0 1 0 1 0 1 1 1 1 1 0 1 1 0 0 1 1 0 1 0 1 1 1 0 1 1 0 0 0 1 0 0 1 1 0 0 0 0 1 0 0 0 0 0 0
300	1	1 0 1 1 1 0 1 0 1 0 1 1 0 1 1 0 1 1 0 0 1 1 0 1 0 1 1 1 0 1 1 0 0 0 1 0 0 1 1 0 1 0 0 1 0 0 0 0 0 0
300	1	0 0 1 1 1 0 1 0 1 0 1 1 0 1 1 0 1 1 0 0 1 1 0 1 0 1 1 1 0 1 1 0 0 0 1 0 0 1 1 0 0 0 0 0 0 0 0 0 0 0
310	1	1 1 1 0 1 0 1 1 1 0 1 0 0 1 1 0 1 1 0 1 1 1 0 1 0 1 1 1 0 1 1 0 0 0 1 0 0 1 1 0 0 0 0 1 0 1 0 0 0 0
310	5	1 1 1 0 1 0 1 1 1 0 1 0 0 1 1 0 1 1 0 1 1 1 0 1 0 1 1 1 0 1 1 0 0 0 1 0 0 1 1 0 0 0 0 1 0 0 0 0 0 0
310	2	1 1 1 0 1 0 1 1 1 0 1 0 0 1 1 0 1 1 0 0 1 1 0 1 1 1 1 1 0 1 1 0 0 0 1 0 0 1 1 0 0 0 0 1 0 0 0 0 0 0
310	1	1 1 1 1 1 0 1 1 1 0 1 0 0 1 1 0 1 1 0 0 1 1 0 1 0 1 1 1 0 1 1 0 0 0 1 0 0 1 1 0 0 0 0 1 0 0 0 0 1 0
310	1	1 1 0 0 1 0 1 1 1 0 1 0 0 1 1 0 1 1 0 0 1 1 0 1 0 1 1 1 0 1 1 0 0 0 1 0 0 1 1 0 0 0 0 1 0 0 0 0 0 0
310	2	1 1 1 0 1 0 1 1 1 0 1 0 0 1 1 0 1 1 0 0 1 1 0 1 0 1 1 1 0 1 1 0 0 0 1 0 0 1 1 1 0 0 0 1 0 0 0 0 0 0
310	55	1 1 1 0 1 0 1 1 1 0 1 0 0 1 1 0 1 1 0 0 1 1 0 1 0 1 1 1 0 1 1 0 0 0 1 0 0 1 1 0 0 0 0 1 0 0 0 0 0 0
310	6	1 1 1 0 1 0 1 0 1 0 1 0 0 1 1 0 1 1 0 0 1 1 0 1 0 1 1 1 0 1 1 0 0 0 1 0 0 1 1 0 0 0 0 0 0 0 0 0 0 0
310	16	1 0 1 1 1 0 1 0 1 0 1 1 0 1 1 0 1 1 0 0 1 1 0 1 0 1 1 1 0 1 1 0 0 0 1 0 0 1 1 0 0 0 0 0 0 0 0 0 0 0
310	1	1 0 1 1 1 0 1 0 1 0 1 1 0 1 1 0 0 1 0 0 1 1 0 1 0 1 1 1 0 1 1 0 0 0 1 0 0 1 1 0 0 0 0 1 0 0 0 0 0 0
310	7	1 0 1 1 1 0 1 0 1 0 1 1 0 1 1 0 1 1 0 0 1 1 0 1 0 1 1 1 0 1 1 0 0 0 1 0 0 1 1 0 0 0 0 1 0 0 0 0 0 0
310	1	1 0 1 1 1 0 1 0 1 0 1 1 0 1 1 0 1 1 0 0 1 1 0 1 0 1 1 1 0 1 1 0 0 0 1 0 0 1 1 0 1 0 0 1 0 0 0 0 0 0
310	2	0 0 1 1 1 0 1 0 1 0 1 1 0 1 1 0 1 1 0 0 1 1 0 1 0 1 1 1 0 1 1 0 0 0 1 0 0 1 1 0 0 0 0 0 0 0 0 0 0 0
