10	2	0 0 1 0 0 0 0 1 1 1 1 0 0 0 0 1 0 0 1 0 0 1 1 1 0 0 0 1 0 1 1 1 0 1 0 0 0 0 1 1 0 0 0 0 0 1 1 0 1 0
10	16	0 0 1 0 0 0 0 1 1 1 1 0 0 0 0 1 0 0 1 1 0 1 1 1 0 0 0 1 0 1 1 1 0 1 0 0 0 0 1 1 0 0 0 0 0 1 1 0 1 0
10	24	0 0 0 0 1 0 0 1 0 1 0 1 1 0 0 1 0 0 0 0 0 0 1 0 0 0 0 0 0 1 0 1 1 1 0 1 0 1 0 1 1 0 1 0 0 1 1 1 1 0
10	20	0 1 1 0 1 1 0 0 0 1 1 1 1 0 1 0 0 1 1 0 1 1 0 1 1 0 1 0 1 0 1 0 1 0 1 1 1 0 1 0 0 1 1 1 1 1 0 1 0 0
10	1	0 0 1 1 0 0 1 0 1 0 0 0 0 0 1 1 1 0 1 0 1 0 1 0 0 0 1 1 1 0 1 1 1 0 1 1 1 0 1 1 1 1 0 1 1 1 0 0 0 0
10	1	0 0 1 1 0 0 1 0 1 0 0 0 0 0 1 1 1 0 1 0 1 0 1 0 0 0 1 1 1 0 1 1 1 0 1 1 1 0 1 1 1 1 0 1 1 0 1 0 0 0
10	18	0 0 1 1 0 0 1 0 1 0 0 0 0 0 1 1 1 0 1 0 1 0 1 0 0 0 1 1 1 0 1 1 1 0 1 1 1 0 1 1 1 1 0 1 1 0 0 0 0 0
10	18	0 1 0 1 1 0 1 1 0 1 1 1 1 0 1 0 0 0 1 0 1 0 1 0 1 1 0 1 1 1 1 1 0 1 0 1 0 0 0 1 0 1 0 0 1 0 0 0 0 0
20	2	0 0 1 0 0 0 0 1 1 1 1 0 0 0 0 1 0 0 1 0 0 1 1 1 0 0 0 1 0 1 1 1 0 1 0 0 0 0 1 1 0 0 0 0 0 1 1 0 1 0
20	8	0 0 1 0 0 0 0 1 1 1 1 0 0 0 0 1 0 0 1 1 0 1 1 1 0 0 0 1 0 1 1 1 0 1 0 0 0 0 1 1 0 0 0 0 0 1 1 0 1 0
20	27	0 0 0 0 1 0 0 1 0 1 0 1 1 0 0 1 0 0 0 0 0 0 1 0 0 0 0 0 0 1 0 1 1 1 0 1 0 1 0 1 1 0 1 0 0 1 1 1 1 0
20	2	0 1 1 0 1 1 0 0 0 1 1 1 1 0 1 0 0 1 1 0 1 1 0 1 1 0 1 0 1 0 0 0 1 0 1 1 1 0 1 0 0 1 1 1 1 1 0 1 0 0
20	1	1 1 1 0 1 1 0 0 0 1 1 1 1 0 1 0 0 1 1 0 1 1 0 1 1 0 1 0 1 0 1 0 1 0 1 1 1 0 1 0 0 1 1 1 1 1 0 1 0 0
20	14	0 1 1 0 1 1 0 0 0 1 1 1 1 0 1 0 0 1 1 0 1 1 0 1 1 0 1 0 1 0 1 0 1 0 1 1 1 0 1 0 0 1 1 1 1 1 0 1 0 0
20	18	0 0 1 1 0 0 1 0 1 0 0 0 0 0 1 1 1 0 1 0 1 0 1 0 0 0 1 1 1 0 1 1 1 0 1 1 1 0 1 1 1 1 0 1 1 0 0 0 0 0
20	9	0 1 0 1 1 0 1 1 0 1 1 1 1 0 1 0 0 0 1 0 1 0 1 0 1 1 0 1 1 1 1 1 0 1 0 1 0 0 0 0 0 1 0 0 1 0 0 0 0 0
20	2	0 1 0 1 1 0 1 1 0 1 1 1 1 0 1 0 0 0 1 0 1 0 1 0 1 1 0 1 1 1 1 1 0 1 0 1 0 0 0 1 0 1 0 0 1 1 0 0 0 0
20	17	0 1 0 1 1 0 1 1 0 1 1 1 1 0 1 0 0 0 1 0 1 0 1 0 1 1 0 1 1 1 1 1 0 1 0 1 0 0 0 1 0 1 0 0 1 0 0 0 0 0
30	5	0 0 1 0 0 0 0 1 1 1 1 0 0 0 0 1 0 0 1 0 0 1 1 1 0 0 0 1 0 1 1 1 0 1 0 0 0 0 1 1 0 0 0 0 0 1 1 0 1 0
30	2	0 0 1 0 0 0 0 1 1 1 1 0 0 0 0 1 0 0 1 1 0 1 1 1 0 0 0 0 0 1 1 1 0 1 0 0 0 0 1 1 0 0 0 0 0 1 1 0 1 0
30	1	0 0 1 0 0 0 0 1 1 1 1 0 0 0 0 1 0 0 1 1 0 1 1 1 0 0 0 1 0 1 1 1 0 1 0 0 0 0 1 1 0 0 0 0 0 0 1 0 1 0
30	4	0 0 1 0 0 0 0 1 1 1 1 0 0 0 0 1 0 0 1 1 0 1 1 1 0 0 0 1 0 1 1 1 0 1 0 0 0 0 1 1 0 0 0 0 0 1 1 0 1 0
30	2	0 0 0 0 1 0 0 1 0 1 0 1 1 0 0 1 0 0 0 0 0 0 1 0 0 0 0 0 0 1 0 1 1 1 0 1 0 1 0 1 1 0 1 0 0 1 1 1 1 0
30	2	0 1 1 0 1 1 0 0 0 1 1 1 1 0 1 0 0 1 1 0 1 1 0 1 1 0 1 0 1 0 1 0 1 0 1 1 1 0 1 0 0 1 1 1 1 1 0 1 0 0
30	5	0 0 1 1 0 0 1 0 1 0 0 0 0 0 1 1 1 0 1 0 1 0 1 0 0 0 1 1 1 0 1 1 1 0 1 1 1 0 1 1 1 1 0 1 1 0 0 0 0 0
30	1	0 1 0 1 1 0 1 1 0 1 1 1 1 0 1 0 0 0 1 0 1 0 1 0 1 1 1 1 1 1 1 1 0 1 0 1 0 0 0 0 0 1 0 0 1 0 0 0 0 0
30	5	0 1 0 1 1 0 1 1 0 1 1 1 1 0 1 0 0 0 1 0 1 0 1 0 1 1 0 1 1 1 1 1 0 1 0 1 0 0 0 1 0 1 0 0 1 0 0 0 0 0
30	1	0 1 0 1 1 0 1 1 0 1 1 1 1 0 1 0 0 0 1 0 1 0 0 0 1 1 0 1 1 1 1 1 0 1 0 1 0 0 0 0 0 1 0 0 1 0 0 0 0 0
30	56	0 1 0 1 1 0 1 1 0 1 1 1 1 0 1 0 0 0 1 0 1 0 1 0 1 1 0 1 1 1 1 1 0 1 0 1 0 0 0 0 0 1 0 0 1 0 0 0 0 0
30	14	1 1 0 1 1 0 1 1 0 1 1 1 1 0 1 0 0 0 1 0 1 0 1 0 1 1 0 1 1 1 1 1 0 1 0 1 0 0 0 1 0 1 0 0 1 0 0 0 0 0
30	2	0 1 0 1 1 0 1 1 0 1 1 1 1 0 1 0 0 0 1 0 1 0 1 0 1 1 0 1 1 1 1 1 0 1 0 1 0 0 0 1 0 1 0 0 1 1 0 0 0 0
40	1	0 0 1 0 0 0 0 1 1 1 1 0 0 0 0 1 0 0 1 0 0 1 1 1 0 0 0 1 0 1 1 1 0 1 0 0 0 0 1 1 0 0 0 0 0 1 1 0 1 0
40	1	0 0 1 0 0 0 0 1 1 1 1 0 0 0 0 1 0 0 1 1 0 1 1 1 0 0 0 1 0 1 1 1 0 1 0 0 0 0 1 1 0 0 0 0 0 0 1 0 1 0
40	18	1 1 0 1 1 0 1 1 0 1 1 1 1 0 1 0 0 0 1 0 1 0 1 0 1 1 0 1 1 1 1 1 0 1 0 1 0 0 0 1 0 1 0 0 1 0 0 0 0 0
40	5	0 1 0 1 1 0 1 1 0 1 1 1 1 0 1 0 0 0 1 0 1 0 1 0 1 1 0 1 1 1 1 1 0 1 0 1 0 0 0 1 0 1 0 0 1 0 0 0 0 0
40	2	0 1 0 1 1 0 1 1 0 1 1 1 1 0 1 0 0 0 1 0 1 0 0 0 1 1 0 1 1 1 1 1 0 1 0 1 0 0 0 0 0 1 0 0 1 0 0 0 0 0
40	1	0 1 0 1 1 0 1 1 0 1 1 1 1 0 1 0 0 0 1 0 1 0 1 0 1 1 0 1 1 1 0 1 0 1 0 1 0 0 0 0 0 1 0 0 1 0 0 0 0 0
40	2	0 1 0 1 1 0 1 1 0 1 1 1 1 0 1 0 0 0 1 0 1 0 1 0 0 1 0 1 1 1 1 1 0 1 0 1 0 0 0 0 0 1 0 0 1 0 0 0 0 0
40	1	0 1 0 0 1 0 1 1 0 1 1 1 1 0 1 0 0 0 1 0 1 0 1 0 1 1 0 1 1 1 1 1 0 1 0 1 0 0 0 0 0 1 0 0 1 0 0 0 0 0
40	60	0 1 0 1 1 0 1 1 0 1 1 1 1 0 1 0 0 0 1 0 1 0 1 0 1 1 0 1 1 1 1 1 0 1 0 1 0 0 0 0 0 1 0 0 1 0 0 0 0 0
40	3	0 1 1 1 1 0 1 1 0 1 1 1 1 0 1 0 0 0 1 0 1 0 1 0 1 1 0 1 1 1 1 1 0 1 0 1 0 0 0 1 0 1 0 0 1 0 0 0 0 0
40	4	1 1 0 1 1 0 1 1 0 1 1 1 1 0 1 0 0 0 1 0 1 0 1 0 1 1 0 1 1 1 1 1 0 1 0 1 0 0 0 1 1 1 0 0 1 0 0 0 0 0
40	1	0 1 0 1 1 0 1 1 0 1 1 1 0 0 1 0 0 0 1 0 1 0 1 0 1 1 0 1 1 1 1 1 0 1 0 1 0 0 0 1 0 1 0 0 1 1 0 0 0 0
40	1	0 1 0 1 1 0 1 1 0 1 1 1 1 0 1 0 0 0 1 0 1 0 1 0 1 1 0 1 1 1 1 1 0 1 0 1 0 0 0 1 0 1 0 0 1 1 0 0 0 0
50	1	0 1 0 1 1 0 1 1 0 1 1 1 1 0 1 0 0 0 1 0 1 0 1 0 1 1 0 1 1 1 1 1 1 1 0 1 1 0 0 0 0 1 0 0 1 0 0 0 0 0
50	4	0 1 0 1 1 0 1 1 0 1 1 1 1 0 1 0 0 0 1 0 1 0 1 0 1 1 0 1 1 1 1 1 0 1 0 1 1 0 0 0 0 1 0 0 1 0 0 0 0 0
50	2	1 1 0 1 1 0 1 1 0 1 1 1 1 0 1 0 0 0 1 0 1 0 1 0 1 1 0 1 1 1 0 1 0 1 0 1 0 0 0 1 0 1 0 0 1 0 0 0 0 0
50	39	1 1 0 1 1 0 1 1 0 1 1 1 1 0 1 0 0 0 1 0 1 0 1 0 1 1 0 1 1 1 1 1 0 1 0 1 0 0 0 1 0 1 0 0 1 0 0 0 0 0
50	2	0 1 0 1 1 0 1 1 0 1 1 1 1 0 1 0 0 0 1 0 1 0 1 0 1 1 0 1 1 1 1 1 0 1 0 1 0 0 0 1 0 1 0 0 1 0 0 0 0 0
50	1	1 1 0 1 1 0 1 1 0 1 1 1 1 0 1 0 0 0 1 0 1 0 1 0 1 1 0 1 1 1 1 1 0 1 0 1 0 0 0 0 0 1 0 0 1 0 0 0 0 0
50	1	0 1 0 1 1 0 1 1 0 1 1 1 1 0 1 0 0 0 1 0 1 0 1 0 0 1 0 1 1 1 1 1 0 1 0 1 0 0 0 0 0 1 0 0 1 0 0 0 0 0
50	2	0 1 0 1 1 0 1 1 0 1 1 1 1 0 1 0 0 0 1 0 1 0 1 0 1 1 0 1 1 1 1 1 0 1 0 1 0 0 0 0 0 0 0 0 1 0 0 0 0 0
50	39	0 1 0 1 1 0 1 1 0 1 1 1 1 0 1 0 0 0 1 0 1 0 1 0 1 1 0 1 1 1 1 1 0 1 0 1 0 0 0 0 0 1 0 0 1 0 0 0 0 0
50	7	0 1 1 1 1 0 1 1 0 1 1 1 1 0 1 0 0 0 1 0 1 0 1 0 1 1 0 1 1 1 1 1 0 1 0 1 0 0 0 1 0 1 0 0 1 0 0 0 0 0
50	1	0 1 0 1 1 0 1 1 0 1 1 1 0 0 1 0 0 0 1 0 1 0 1 0 1 1 0 1 1 1 1 1 0 1 0 1 0 0 0 1 0 1 0 0 1 1 0 0 0 0
50	1	0 1 0 1 1 0 1 1 0 1 1 1 1 0 1 0 0 0 1 0 1 0 1 0 1 1 0 1 1 1 1 1 0 1 0 1 0 0 0 1 0 1 0 0 1 1 0 0 0 0
60	2	0 1 0 1 1 0 1 1 0 1 1 1 1 0 1 0 0 0 1 0 1 0 1 0 1 1 0 1 1 1 1 1 0 1 0 1 1 0 0 0 0 1 0 0 1 0 0 0 0 0
60	3	1 1 0 1 1 0 1 1 0 1 1 1 1 0 0 0 0 0 1 0 1 0 1 0 1 1 0 1 1 1 1 1 0 1 0 1 0 0 0 1 0 1 0 0 1 0 0 0 0 0
60	2	1 1 0 1 1 0 1 1 0 1 1 1 1 0 1 0 0 0 1 0 1 0 1 0 1 1 0 1 1 1 0 1 0 1 0 1 0 0 0 1 0 1 0 0 1 0 0 0 0 0
60	1	1 1 0 1 1 0 1 1 0 1 1 1 1 0 1 0 0 0 1 0 0 0 1 0 1 1 0 1 1 1 1 1 0 1 0 1 0 0 0 1 0 1 0 0 1 0 0 0 0 0
60	2	1 1 0 1 1 0 1 1 0 1 1 1 1 0 1 0 0 0 0 0 1 0 1 0 1 1 0 1 1 1 1 1 0 1 0 1 0 0 0 1 0 1 0 0 1 0 0 0 0 0
60	1	1 1 0 1 1 0 1 1 0 1 1 1 1 0 1 0 0 0 1 0 1 0 1 0 1 1 0 1 1 1 1 1 0 1 0 1 0 0 0 1 0 1 0 0 1 1 0 0 0 0
60	47	1 1 0 1 1 0 1 1 0 1 1 1 1 0 1 0 0 0 1 0 1 0 1 0 1 1 0 1 1 1 1 1 0 1 0 1 0 0 0 1 0 1 0 0 1 0 0 0 0 0
60	1	1 1 0 1 1 0 1 1 0 1 1 1 1 0 1 0 0 0 1 0 1 0 1 0 1 1 0 1 1 1 1 1 0 1 0 1 0 0 0 0 0 1 0 0 1 0 0 0 0 0
60	3	0 1 0 1 1 0 1 1 0 1 1 1 1 0 1 0 0 0 1 0 1 0 1 0 1 1 0 1 1 1 1 1 0 1 0 1 0 0 0 0 0 0 0 0 1 0 0 0 0 0
60	1	0 1 0 1 1 0 1 1 0 1 1 1 1 0 1 0 0 0 1 0 1 0 1 0 1 1 0 1 1 1 1 1 0 0 0 1 0 0 0 0 0 1 0 0 1 0 0 0 0 0
60	19	0 1 0 1 1 0 1 1 0 1 1 1 1 0 1 0 0 0 1 0 1 0 1 0 1 1 0 1 1 1 1 1 0 1 0 1 0 0 0 0 0 1 0 0 1 0 0 0 0 0
60	1	0 1 1 1 1 0 1 1 0 1 1 1 1 0 1 0 0 0 1 0 1 0 1 0 1 1 0 1 1 1 1 1 0 1 0 1 0 0 0 1 0 1 0 1 1 0 0 0 0 0
60	1	0 1 1 1 1 0 1 1 0 1 1 1 1 0 1 1 0 0 1 0 1 0 1 0 1 1 0 1 1 1 1 1 0 1 0 1 0 0 0 1 0 1 0 0 1 0 0 0 0 0
60	14	0 1 1 1 1 0 1 1 0 1 1 1 1 0 1 0 0 0 1 0 1 0 1 0 1 1 0 1 1 1 1 1 0 1 0 1 0 0 0 1 0 1 0 0 1 0 0 0 0 0
60	1	0 1 0 1 1 0 1 1 0 1 1 1 0 0 1 0 0 0 1 0 1 0 1 0 1 1 0 1 1 1 1 1 0 1 0 1 0 0 0 1 0 1 0 0 1 1 0 0 0 0
60	1	0 1 0 1 1 0 1 1 0 1 1 1 1 0 1 0 0 0 1 0 1 0 1 0 1 1 0 1 1 1 1 1 0 1 0 1 0 0 0 1 0 1 0 0 1 1 0 0 0 0
70	2	0 1 0 1 1 0 1 1 0 1 1 1 1 0 1 0 0 0 1 0 1 0 1 0 1 1 0 1 1 1 1 1 0 1 0 1 1 0 0 0 0 1 0 0 1 0 0 0 0 0
70	4	1 1 0 1 1 0 1 1 0 1 1 1 1 0 0 0 0 0 1 0 1 0 1 0 1 1 0 1 1 1 1 1 0 1 0 1 0 0 0 1 0 1 0 0 1 0 0 0 0 0
70	1	1 1 0 1 1 0 1 1 0 1 1 1 1 0 1 0 0 0 1 0 1 0 1 0 1 1 0 1 1 1 0 1 0 1 0 1 0 0 0 1 0 1 0 0 1 0 0 0 0 0
70	3	1 1 0 1 1 0 1 1 0 1 1 1 1 0 1 0 0 0 1 0 0 0 1 0 1 1 0 1 1 1 1 1 0 1 0 1 0 0 0 1 0 1 0 0 1 0 0 0 0 0
70	4	1 1 0 1 1 0 1 1 0 1 1 1 1 0 1 0 0 0 0 0 1 0 1 0 1 1 0 1 1 1 1 1 0 1 0 1 0 0 0 1 0 1 0 0 1 0 0 0 0 0
70	2	1 1 0 1 1 0 1 1 0 1 1 1 0 0 1 0 0 0 1 0 1 0 1 0 1 1 0 1 1 1 1 1 0 1 0 1 0 0 0 1 0 1 0 0 1 0 0 0 0 0
70	1	0 1 0 1 1 0 1 1 0 1 1 1 1 0 1 0 0 0 1 0 1 0 1 0 1 1 0 1 1 1 1 1 0 1 0 1 0 0 0 1 0 1 0 0 1 0 0 0 0 0
70	1	1 1 0 1 1 0 1 1 0 1 1 1 1 0 1 0 0 0 1 0 1 0 1 0 1 1 0 1 1 1 1 1 0 1 1 1 0 0 0 1 0 1 0 0 1 0 0 0 0 0
70	1	1 1 0 1 1 0 1 1 0 1 1 1 1 0 1 0 0 0 1 0 1 0 1 0 1 1 0 1 1 1 1 1 0 1 0 1 0 0 0 1 0 1 0 0 1 0 0 1 0 0
70	1	1 1 0 1 1 0 1 0 0 1 1 1 1 0 1 0 0 0 1 0 1 0 1 0 1 1 0 1 1 1 1 1 0 1 0 1 0 0 0 1 0 1 0 0 1 0 0 0 0 0
70	1	1 1 0 1 1 0 1 1 0 1 1 1 1 0 1 0 0 0 1 0 1 0 1 0 1 1 0 0 1 1 1 1 0 1 0 1 0 0 0 1 0 1 0 0 1 0 0 0 0 0
70	52	1 1 0 1 1 0 1 1 0 1 1 1 1 0 1 0 0 0 1 0 1 0 1 0 1 1 0 1 1 1 1 1 0 1 0 1 0 0 0 1 0 1 0 0 1 0 0 0 0 0
70	2	1 1 0 1 1 0 1 1 0 1 1 1 1 0 1 0 0 0 1 0 0 0 1 0 1 1 0 1 1 1 1 1 0 1 0 1 0 0 0 0 0 1 0 0 1 0 0 0 0 0
70	2	0 1 0 1 1 0 1 1 0 1 1 1 0 0 1 0 0 0 1 0 1 0 1 0 1 1 0 1 1 1 1 1 0 1 0 1 0 0 0 0 0 0 0 0 1 0 0 0 0 0
70	1	0 1 0 1 1 0 1 1 0 1 1 1 1 0 1 0 0 0 1 0 1 0 1 0 1 1 0 1 1 1 1 1 1 1 0 1 0 0 0 0 0 0 0 0 1 0 0 0 0 0
70	5	0 1 0 1 1 0 1 1 0 1 1 1 1 0 1 0 0 0 1 0 1 0 1 0 1 1 0 1 1 1 1 1 0 1 0 1 0 0 0 0 0 0 0 0 1 0 0 0 0 0
70	2	0 1 0 1 1 0 1 1 0 1 1 1 1 0 1 0 0 0 1 0 1 0 1 0 1 1 0 1 1 1 1 1 0 1 0 1 0 0 0 0 0 1 0 0 1 0 0 0 0 0
70	1	0 1 1 1 1 0 1 1 0 1 1 1 1 0 1 1 0 0 1 0 1 0 1 0 1 1 0 1 1 1 1 1 0 1 0 1 0 0 0 1 0 1 0 0 1 0 0 0 0 0
70	14	0 1 1 1 1 0 1 1 0 1 1 1 1 0 1 0 0 0 1 0 1 0 1 0 1 1 0 1 1 1 1 1 0 1 0 1 0 0 0 1 0 1 0 0 1 0 0 0 0 0
80	1	0 1 0 1 1 0 1 1 0 1 1 1 1 0 1 0 0 0 1 0 1 0 1 0 1 1 0 1 1 1 1 1 0 1 0 1 1 0 0 0 0 1 0 0 1 0 0 0 0 0
80	4	1 1 0 1 1 0 1 1 0 1 1 1 1 0 0 0 0 0 1 0 1 0 1 0 1 1 0 1 1 1 1 1 0 1 0 1 0 0 0 1 0 1 0 0 1 0 0 0 0 0
80	4	1 1 0 1 1 0 1 1 0 1 1 1 1 0 1 0 0 0 1 0 1 0 1 0 1 1 0 1 1 1 0 1 0 1 0 1 0 0 0 1 0 1 0 0 1 0 0 0 0 0
80	1	1 1 0 1 1 0 1 1 0 1 1 1 1 0 1 0 0 0 1 0 0 0 1 0 1 1 0 1 1 1 1 1 0 1 0 1 0 0 0 1 0 1 0 0 1 0 0 0 0 0
80	2	1 1 0 1 1 0 1 1 0 1 1 1 1 0 1 0 0 0 0 0 1 0 1 0 1 1 0 1 1 1 1 1 0 1 0 1 0 0 0 1 0 1 0 0 1 0 0 0 0 0
80	3	1 1 0 1 1 0 1 1 0 1 1 1 1 0 1 0 0 0 1 0 1 0 1 0 1 1 0 1 1 1 1 1 0 1 1 1 0 0 0 1 0 1 0 0 1 0 0 0 0 0
80	2	1 1 0 1 1 0 1 1 0 1 1 1 1 0 1 0 0 0 1 0 1 0 1 0 1 1 0 1 1 1 1 1 0 1 0 1 0 0 0 0 0 1 0 0 1 0 0 0 0 0
80	1	1 1 0 1 1 0 1 1 0 1 1 1 1 0 1 0 0 0 1 0 1 0 1 0 1 1 0 1 1 1 1 1 0 1 0 1 0 0 0 1 0 1 0 0 0 0 0 0 0 0
80	3	1 1 0 1 1 0 1 1 0 1 1 0 1 0 1 0 0 0 1 0 1 0 1 0 1 1 0 1 1 1 1 1 0 1 0 1 0 0 0 1 0 1 0 0 1 0 0 0 0 0
80	1	1 1 0 1 1 0 1 1 0 1 1 1 1 0 1 0 0 0 1 0 1 0 1 0 1 1 0 1 0 1 1 1 0 1 0 1 0 0 0 1 0 1 0 0 1 0 0 0 0 0
80	57	1 1 0 1 1 0 1 1 0 1 1 1 1 0 1 0 0 0 1 0 1 0 1 0 1 1 0 1 1 1 1 1 0 1 0 1 0 0 0 1 0 1 0 0 1 0 0 0 0 0
80	3	1 1 0 1 1 0 1 1 0 1 1 1 1 0 1 0 0 0 1 0 0 0 1 0 1 1 0 1 1 1 1 1 0 1 0 1 0 0 0 0 0 1 0 0 1 0 0 0 0 0
80	4	0 1 0 1 1 0 1 1 0 1 1 1 1 0 1 0 0 0 1 0 1 0 1 0 1 1 0 1 1 1 1 1 0 1 0 1 0 0 0 0 0 0 0 0 1 0 0 0 0 0
80	1	0 1 0 1 1 0 1 1 0 1 1 1 1 0 1 0 0 0 1 0 1 0 1 0 1 1 0 1 1 1 1 1 0 1 0 1 0 0 0 0 0 1 0 0 1 0 0 0 0 0
80	1	0 1 1 1 1 0 1 1 0 1 1 1 0 0 1 0 0 0 1 0 1 0 1 0 1 1 0 1 1 1 1 1 0 1 0 1 0 0 0 1 0 1 0 0 1 0 0 0 0 0
80	12	0 1 1 1 1 0 1 1 0 1 1 1 1 0 1 0 0 0 1 0 1 0 1 0 1 1 0 1 1 1 1 1 0 1 0 1 0 0 0 1 0 1 0 0 1 0 0 0 0 0
90	1	0 1 0 1 1 0 1 1 0 1 1 1 1 0 1 0 0 0 1 0 1 0 1 0 1 1 0 1 1 1 1 1 0 1 0 1 1 0 0 0 0 1 0 0 1 0 0 0 0 0
90	6	1 1 0 1 1 0 1 1 0 1 1 1 1 0 0 0 0 0 1 0 1 0 1 0 1 1 0 1 1 1 1 1 0 1 0 1 0 0 0 1 0 1 0 0 1 0 0 0 0 0
90	8	1 1 0 1 1 0 1 1 0 1 1 1 1 0 1 0 0 0 1 0 1 0 1 0 1 1 0 1 1 1 0 1 0 1 0 1 0 0 0 1 0 1 0 0 1 0 0 0 0 0
90	1	1 1 0 1 1 0 1 1 0 1 1 1 1 0 1 0 0 0 1 0 0 0 1 0 1 1 0 1 1 1 1 1 0 1 0 1 0 0 0 1 0 1 0 0 1 0 0 0 0 0
90	3	1 1 0 1 1 0 1 1 0 1 1 1 1 0 1 0 0 0 0 0 1 0 1 0 1 1 0 1 1 1 1 1 0 1 0 1 0 0 0 1 0 1 0 0 1 0 0 0 0 0
90	3	1 1 0 1 1 0 1 1 0 1 1 1 1 0 1 0 0 0 1 0 1 0 1 0 1 1 0 1 1 1 1 1 0 1 1 1 0 0 0 1 0 1 0 0 1 0 0 0 0 0
90	5	1 1 0 1 1 0 1 1 0 1 1 1 1 0 1 0 0 0 1 0 1 0 1 0 1 1 0 1 1 1 1 1 0 1 0 1 0 0 0 1 0 1 0 0 0 0 0 0 0 0
90	1	1 1 0 1 1 0 1 1 0 1 1 0 1 0 1 0 0 0 1 0 1 0 1 0 1 1 0 1 1 1 1 1 0 1 0 1 0 0 0 1 0 1 0 0 1 0 0 0 0 0
90	1	1 1 0 1 1 0 1 1 0 1 1 1 1 0 1 0 0 0 1 0 1 0 1 0 1 1 1 1 1 1 1 1 0 1 0 1 0 0 0 1 0 1 0 0 1 0 0 0 0 0
90	1	1 1 0 0 1 0 1 1 0 1 1 1 1 0 1 0 0 0 1 0 1 0 1 0 1 1 0 1 1 1 1 1 0 1 0 1 0 0 0 1 0 1 0 0 1 0 0 0 0 0
90	52	1 1 0 1 1 0 1 1 0 1 1 1 1 0 1 0 0 0 1 0 1 0 1 0 1 1 0 1 1 1 1 1 0 1 0 1 0 0 0 1 0 1 0 0 1 0 0 0 0 0
90	1	1 1 0 1 0 0 1 1 0 1 1 1 1 0 1 0 0 0 1 0 0 0 1 0 1 1 0 1 1 1 1 1 0 1 0 1 0 0 0 0 0 1 0 0 1 0 0 0 0 0
90	1	1 1 0 1 1 0 1 1 0 1 1 1 1 0 1 0 0 0 1 0 0 0 1 0 1 1 0 1 1 1 1 1 0 1 0 1 0 0 0 0 0 1 0 0 1 0 0 0 0 0
90	4	0 1 0 1 1 0 1 1 0 1 1 1 1 0 1 0 0 0 1 0 1 0 1 0 1 1 0 1 1 1 1 1 0 1 0 1 0 0 0 0 0 0 0 0 1 0 0 0 0 0
90	1	0 1 1 1 1 0 1 1 0 1 1 1 1 0 1 0 0 1 1 0 1 0 1 0 1 1 0 1 1 1 1 1 0 1 0 1 0 0 0 1 0 1 0 0 1 0 0 0 0 0
90	1	0 1 1 1 1 0 1 1 0 1 1 1 1 0 1 0 0 0 1 0 1 0 1 0 1 1 0 1 1 1 1 1 0 1 0 1 0 0 0 1 1 1 0 0 1 0 0 0 0 0
90	10	0 1 1 1 1 0 1 1 0 1 1 1 1 0 1 0 0 0 1 0 1 0 1 0 1 1 0 1 1 1 1 1 0 1 0 1 0 0 0 1 0 1 0 0 1 0 0 0 0 0
100	2	1 1 0 1 1 1 1 1 0 1 1 1 1 0 0 0 0 0 1 0 1 0 1 0 1 1 0 1 1 1 1 1 0 1 0 1 0 0 0 1 0 1 0 0 1 0 0 0 0 0
100	9	1 1 0 1 1 0 1 1 0 1 1 1 1 0 0 0 0 0 1 0 1 0 1 0 1 1 0 1 1 1 1 1 0 1 0 1 0 0 0 1 0 1 0 0 1 0 0 0 0 0
100	1	1 1 0 1 1 0 1 1 0 1 1 1 1 0 1 0 0 0 1 0 1 0 1 0 1 1 0 1 1 1 0 1 0 1 0 1 0 0 0 1 0 1 0 0 1 0 0 0 0 0
100	4	1 1 0 1 1 0 1 1 0 1 1 1 1 0 1 0 0 0 0 0 1 0 1 0 1 1 0 1 1 1 1 1 0 1 0 1 0 0 0 1 0 1 0 0 1 0 0 0 0 0
100	2	1 1 0 1 1 0 1 1 0 1 1 1 1 0 1 0 0 0 0 0 1 0 1 0 1 1 0 1 1 1 1 1 0 1 0 1 0 0 0 1 0 1 0 0 0 0 0 0 0 0
100	4	1 1 0 1 1 0 1 1 0 1 1 1 1 0 1 0 0 0 1 0 1 0 1 0 1 1 0 1 1 1 1 1 0 1 0 1 0 0 0 1 0 1 0 0 0 0 0 0 0 0
100	3	1 1 0 1 1 0 1 1 0 1 1 1 1 0 1 0 0 0 1 0 1 0 1 0 1 1 0 1 1 1 1 1 0 1 0 1 0 0 1 1 0 1 0 0 1 0 0 0 0 0
100	1	1 1 0 1 1 0 1 1 0 1 1 0 1 0 1 0 0 0 1 0 1 0 1 0 1 1 0 1 1 1 1 1 0 1 0 1 0 0 0 1 0 1 0 0 1 0 0 0 0 0
100	1	1 1 0 1 1 0 1 1 0 1 1 1 1 0 1 0 0 0 1 0 1 0 1 0 0 1 0 1 1 1 1 1 0 1 0 1 0 0 0 1 0 1 0 0 1 0 0 0 0 0
100	51	1 1 0 1 1 0 1 1 0 1 1 1 1 0 1 0 0 0 1 0 1 0 1 0 1 1 0 1 1 1 1 1 0 1 0 1 0 0 0 1 0 1 0 0 1 0 0 0 0 0
100	1	0 1 0 1 1 0 1 1 0 1 1 1 1 0 1 0 0 0 1 0 1 0 1 0 1 1 0 1 1 1 1 1 1 1 0 1 0 0 0 0 0 0 0 0 1 0 0 0 0 0
100	1	0 1 0 1 1 0 1 1 0 1 1 1 1 0 1 0 0 0 1 0 1 0 1 0 1 1 0 1 1 1 1 1 0 1 0 1 0 0 0 0 0 0 0 0 1 0 0 0 0 0
100	4	0 1 1 1 1 0 1 1 0 1 1 1 0 0 1 0 0 0 1 0 1 0 1 0 1 1 0 1 1 1 1 1 0 1 0 1 0 0 0 1 0 1 0 0 1 0 0 0 0 0
100	16	0 1 1 1 1 0 1 1 0 1 1 1 1 0 1 0 0 0 1 0 1 0 1 0 1 1 0 1 1 1 1 1 0 1 0 1 0 0 0 1 0 1 0 0 1 0 0 0 0 0
110	4	1 1 0 1 1 0 1 1 0 1 1 1 1 0 0 0 0 0 1 0 1 0 1 0 1 1 0 1 1 1 1 1 0 1 0 1 0 0 0 1 0 1 0 0 1 0 0 0 0 0
110	4	1 1 0 1 1 0 1 1 0 1 1 1 1 0 1 0 0 0 1 0 1 0 1 0 1 1 0 1 1 1 0 1 0 1 0 1 0 0 0 1 0 1 0 0 1 0 0 0 0 0
110	3	1 1 0 1 1 0 1 1 0 1 1 1 1 0 1 0 0 0 0 0 1 0 1 0 1 1 0 1 1 1 1 1 0 1 0 1 0 0 0 1 0 1 0 0 1 0 0 0 0 0
110	1	1 1 0 1 1 0 1 1 0 1 1 1 1 0 1 0 0 0 0 0 1 0 1 0 1 1 0 1 1 1 1 1 0 1 0 1 0 0 0 1 0 1 0 0 0 0 0 0 0 0
110	9	1 1 0 1 1 0 1 1 0 1 1 1 1 0 1 0 0 0 1 0 1 0 1 0 1 1 0 1 1 1 1 1 0 1 0 1 0 0 0 1 0 1 0 0 0 0 0 0 0 0
110	4	1 1 0 1 1 0 1 1 0 1 1 1 1 0 1 0 0 0 1 0 1 0 1 0 1 1 0 1 1 1 1 1 0 1 0 1 0 0 1 1 0 1 0 0 1 0 0 0 0 0
110	1	1 1 0 1 1 0 1 1 0 1 1 0 1 0 1 0 0 0 1 0 1 0 1 0 1 1 0 1 1 1 1 1 0 1 0 1 0 0 0 1 0 1 0 0 1 0 0 0 0 0
110	7	1 1 0 1 1 0 1 1 0 1 1 1 1 0 1 0 0 0 1 0 1 0 1 0 0 1 0 1 1 1 1 1 0 1 0 1 0 0 0 1 0 1 0 0 1 0 0 0 0 0
110	2	1 1 0 1 1 1 1 1 0 0 1 1 1 0 1 0 0 0 1 0 1 0 1 0 1 1 0 1 1 1 1 1 0 1 0 1 0 0 0 1 0 1 0 0 1 0 0 0 0 0
110	1	1 1 0 1 1 0 1 1 0 1 1 1 1 0 1 0 0 0 1 0 1 0 1 0 1 1 0 1 1 1 1 1 0 0 0 1 0 0 0 1 0 1 0 0 1 0 0 0 0 0
110	41	1 1 0 1 1 0 1 1 0 1 1 1 1 0 1 0 0 0 1 0 1 0 1 0 1 1 0 1 1 1 1 1 0 1 0 1 0 0 0 1 0 1 0 0 1 0 0 0 0 0
110	4	0 1 0 1 1 0 1 1 0 1 1 1 1 0 1 0 0 0 1 0 1 0 1 0 1 1 0 1 1 1 1 1 0 1 0 1 0 0 0 0 0 0 0 0 1 0 0 0 0 0
110	3	0 1 1 1 1 0 1 1 0 1 1 1 0 0 1 0 0 0 1 0 1 0 1 0 1 1 0 1 1 1 1 1 0 1 0 1 0 0 0 1 0 1 0 0 1 0 0 0 0 0
110	1	0 1 1 1 1 0 1 1 0 1 1 1 1 0 1 0 0 0 1 0 1 0 1 0 1 1 0 1 1 1 1 1 0 1 0 1 0 0 0 1 0 1 0 0 0 0 0 0 0 0
110	15	0 1 1 1 1 0 1 1 0 1 1 1 1 0 1 0 0 0 1 0 1 0 1 0 1 1 0 1 1 1 1 1 0 1 0 1 0 0 0 1 0 1 0 0 1 0 0 0 0 0
120	1	0 1 0 1 1 0 1 1 0 1 1 1 1 0 0 0 0 0 1 0 1 0 1 0 1 1 0 1 1 1 1 1 0 1 0 1 0 0 0 1 0 1 0 0 1 0 0 0 0 0
120	5	1 1 0 1 1 0 1 1 0 1 1 1 1 0 0 0 0 0 1 0 1 0 1 0 1 1 0 1 1 1 1 1 0 1 0 1 0 0 0 1 0 1 0 0 1 0 0 0 0 0
120	1	1 1 0 1 1 0 1 1 0 1 1 1 1 0 1 0 0 0 1 0 1 0 1 0 1 1 0 1 1 1 0 1 0 1 0 1 0 0 0 1 0 1 0 0 1 0 0 0 0 0
120	3	1 1 0 1 1 0 1 1 0 1 1 1 1 0 1 0 0 0 1 0 0 0 1 0 1 1 0 1 1 1 1 1 0 1 0 1 0 0 0 1 0 1 0 0 1 0 0 0 0 0
120	4	1 1 0 1 1 0 1 1 0 1 1 1 1 0 1 0 0 0 0 0 1 0 1 0 1 1 0 1 1 1 1 1 0 1 0 1 0 0 0 1 0 1 0 0 1 0 0 0 0 0
120	17	1 1 0 1 1 0 1 1 0 1 1 1 1 0 1 0 0 0 1 0 1 0 1 0 1 1 0 1 1 1 1 1 0 1 0 1 0 0 0 1 0 1 0 0 0 0 0 0 0 0
120	3	1 1 0 1 1 0 1 1 0 1 1 1 1 0 1 0 0 0 1 0 1 0 1 0 1 1 0 1 1 1 1 1 0 1 0 1 0 0 1 1 0 1 0 0 1 0 0 0 0 0
120	1	1 1 0 1 1 0 1 1 0 1 1 1 1 0 1 0 0 1 1 0 1 0 1 0 0 1 0 1 1 1 1 1 0 1 0 1 0 0 0 1 0 1 0 0 1 0 0 0 0 0
120	1	1 1 0 1 1 0 1 1 0 1 1 1 1 0 1 0 0 0 1 0 1 0 1 0 0 1 0 1 1 1 1 1 0 1 0 1 0 0 0 1 0 1 0 0 1 0 0 0 0 0
120	1	1 1 0 1 1 0 1 1 0 1 1 1 0 0 1 0 0 0 1 0 1 0 1 0 1 1 0 1 1 1 1 1 0 1 0 1 0 0 0 1 0 1 0 0 1 0 0 0 0 0
120	41	1 1 0 1 1 0 1 1 0 1 1 1 1 0 1 0 0 0 1 0 1 0 1 0 1 1 0 1 1 1 1 1 0 1 0 1 0 0 0 1 0 1 0 0 1 0 0 0 0 0
120	3	0 1 0 1 1 0 1 1 0 1 1 1 1 0 1 0 0 0 1 0 1 0 1 0 1 1 0 1 1 1 1 1 1 1 0 1 0 0 0 0 0 0 0 0 1 0 0 0 0 0
120	2	0 1 0 1 1 0 1 1 0 1 1 1 1 0 0 0 0 0 1 0 1 0 1 0 1 1 0 1 1 1 1 1 0 1 0 1 0 0 0 0 0 0 0 0 1 0 0 0 0 0
120	4	0 1 1 1 1 0 1 1 0 1 1 1 0 0 1 0 0 0 1 0 1 0 1 0 1 1 0 1 1 1 1 1 0 1 0 1 0 0 0 1 0 1 0 0 1 0 0 0 0 0
120	1	0 1 1 1 1 0 1 1 0 1 1 1 1 0 1 0 0 0 1 0 1 0 1 0 1 1 0 1 1 1 1 1 0 1 0 1 0 0 0 1 0 1 0 0 1 1 0 0 0 0
120	12	0 1 1 1 1 0 1 1 0 1 1 1 1 0 1 0 0 0 1 0 1 0 1 0 1 1 0 1 1 1 1 1 0 1 0 1 0 0 0 1 0 1 0 0 1 0 0 0 0 0
130	1	0 1 0 1 1 0 1 1 0 1 1 1 1 0 0 0 0 0 1 0 1 0 1 0 1 1 0 1 1 1 1 1 0 1 0 1 0 0 0 1 0 1 0 0 1 0 0 0 0 0
130	3	1 1 0 1 1 0 1 1 0 1 1 1 1 0 0 0 0 0 1 0 1 0 1 0 1 1 0 1 1 1 1 1 0 1 0 1 0 0 0 1 0 1 0 0 1 0 0 0 0 0
130	1	1 1 0 1 1 0 1 1 0 1 1 1 1 0 1 0 0 0 1 0 1 0 1 0 1 1 0 1 1 1 0 1 0 1 0 1 0 0 0 1 0 1 0 0 1 0 0 0 0 0
130	2	1 1 0 1 1 0 1 1 0 1 1 1 1 0 1 0 0 0 1 0 0 0 1 0 1 1 0 1 1 1 1 1 0 1 0 1 0 0 0 1 0 1 0 0 1 0 0 0 0 0
130	4	1 1 0 1 1 0 1 1 0 1 1 1 1 0 1 0 0 0 0 0 1 0 1 0 1 1 0 1 1 1 1 1 0 1 0 1 0 0 0 1 0 1 0 0 1 0 0 0 0 0
130	21	1 1 0 1 1 0 1 1 0 1 1 1 1 0 1 0 0 0 1 0 1 0 1 0 1 1 0 1 1 1 1 1 0 1 0 1 0 0 0 1 0 1 0 0 0 0 0 0 0 0
130	1	1 1 0 1 1 0 1 1 0 1 1 1 1 0 1 0 0 0 1 0 1 0 1 0 1 1 0 1 1 1 1 1 0 1 0 1 0 0 1 1 0 1 0 0 1 0 0 0 0 0
130	1	1 1 0 1 1 1 1 1 0 0 1 1 1 0 1 0 0 0 1 0 1 0 1 0 1 1 0 1 1 1 1 1 0 1 0 1 1 0 0 1 0 1 0 0 1 0 0 0 0 0
130	3	1 1 0 1 1 1 1 1 0 0 1 1 1 0 1 0 0 0 1 0 1 0 1 0 1 1 0 1 1 1 1 1 0 1 0 1 0 0 0 1 0 1 0 0 1 0 0 0 0 0
130	1	1 1 0 1 1 0 1 1 0 1 1 1 1 0 1 0 0 0 1 0 1 0 1 0 1 0 0 1 1 1 1 1 0 1 0 1 0 0 0 1 0 1 0 0 1 0 0 0 0 0
130	47	1 1 0 1 1 0 1 1 0 1 1 1 1 0 1 0 0 0 1 0 1 0 1 0 1 1 0 1 1 1 1 1 0 1 0 1 0 0 0 1 0 1 0 0 1 0 0 0 0 0
130	1	0 1 0 1 1 0 1 1 0 1 1 1 1 0 1 0 0 0 1 0 1 0 1 0 1 1 0 1 1 1 1 1 1 1 0 1 0 0 0 0 0 0 0 0 1 0 0 0 0 0
130	4	0 1 0 1 1 0 1 1 0 1 1 1 1 0 0 0 0 0 1 0 1 0 1 0 1 1 0 1 1 1 1 1 0 1 0 1 0 0 0 0 0 0 0 0 1 0 0 0 0 0
130	1	0 1 0 1 1 0 1 1 0 1 1 1 1 0 1 0 0 0 1 0 1 0 1 0 1 1 0 1 1 1 1 1 0 1 0 1 0 0 0 0 0 0 0 0 1 0 0 0 0 0
130	3	0 1 1 1 1 0 1 1 0 1 1 1 0 0 1 0 0 0 1 0 1 0 1 0 1 1 0 1 1 1 1 1 0 1 0 1 0 0 0 1 0 1 0 0 1 0 0 0 0 0
130	6	0 1 1 1 1 0 1 1 0 1 1 1 1 0 1 0 0 0 1 0 1 0 1 0 1 1 0 1 1 1 1 1 0 1 0 1 0 0 0 1 0 1 0 0 1 0 0 0 0 0
140	1	1 1 0 1 1 0 1 1 0 1 1 1 1 0 0 0 0 0 1 0 1 0 1 0 1 1 0 1 1 1 1 1 0 1 0 1 0 0 0 0 0 1 0 0 1 0 0 0 0 0
140	4	1 1 0 1 1 0 1 1 0 1 1 1 1 0 1 0 0 0 1 0 0 0 1 0 1 1 0 1 1 1 1 1 0 1 0 1 0 0 0 1 0 1 0 0 1 0 0 0 0 0
140	3	1 1 0 1 1 0 1 1 0 1 1 1 1 0 1 0 0 0 0 0 1 0 1 0 1 1 0 1 1 1 1 1 0 1 0 1 0 0 0 1 0 1 0 0 1 0 0 0 0 0
140	2	1 1 0 1 1 0 1 1 0 1 1 1 1 0 1 0 0 0 1 0 1 0 1 0 1 1 0 1 1 1 1 1 0 1 0 1 0 0 0 1 0 0 0 0 0 0 0 0 0 0
140	24	1 1 0 1 1 0 1 1 0 1 1 1 1 0 1 0 0 0 1 0 1 0 1 0 1 1 0 1 1 1 1 1 0 1 0 1 0 0 0 1 0 1 0 0 0 0 0 0 0 0
140	1	1 1 0 1 1 0 1 1 0 1 1 1 1 0 1 0 0 0 1 0 1 0 1 0 1 1 0 1 1 1 1 1 0 1 0 1 0 0 1 1 0 1 0 0 1 0 0 0 0 0
140	2	1 1 0 1 1 0 1 1 0 1 1 1 1 0 1 0 0 0 1 0 1 0 1 0 0 1 0 1 1 1 1 1 0 1 0 1 0 0 0 1 0 1 0 0 1 0 0 0 0 0
140	1	1 1 0 1 1 1 1 1 0 0 1 1 1 0 1 0 0 0 1 0 1 0 1 0 1 1 0 1 1 1 1 1 0 1 0 1 0 0 0 1 0 1 0 0 1 0 0 0 0 0
140	1	1 1 0 1 1 0 0 1 0 1 1 1 1 0 1 0 0 0 1 0 1 0 1 0 1 1 0 1 1 1 1 1 0 1 0 1 0 0 0 1 0 1 0 0 1 0 0 0 0 0
140	49	1 1 0 1 1 0 1 1 0 1 1 1 1 0 1 0 0 0 1 0 1 0 1 0 1 1 0 1 1 1 1 1 0 1 0 1 0 0 0 1 0 1 0 0 1 0 0 0 0 0
140	1	0 1 0 1 1 0 1 1 0 1 1 1 1 0 0 0 0 0 1 0 1 0 1 0 1 1 0 0 1 1 1 1 0 1 0 1 0 0 0 0 0 0 0 0 1 0 0 0 0 0
140	2	0 1 0 1 1 0 1 1 0 1 1 1 1 0 0 0 0 0 1 0 1 0 1 0 1 1 0 1 1 1 1 1 0 1 0 1 0 0 0 0 0 0 0 0 1 0 0 0 0 0
140	1	0 1 0 1 1 0 1 1 0 1 1 1 1 0 1 0 0 0 1 0 1 0 1 0 1 1 0 1 1 1 1 1 0 1 0 1 0 0 0 0 0 0 0 0 1 0 0 0 0 0
140	5	0 1 1 1 1 0 1 1 0 1 1 1 0 0 1 0 0 0 1 0 1 0 1 0 1 1 0 1 1 1 1 1 0 1 0 1 0 0 0 1 0 1 0 0 1 0 0 0 0 0
140	1	0 1 1 1 1 0 1 1 0 1 1 1 1 0 1 0 0 0 1 0 1 0 1 0 1 1 0 1 1 1 1 1 0 1 0 1 1 0 0 1 0 1 0 0 1 0 0 0 0 0
140	2	0 1 1 1 1 0 1 1 0 1 1 1 1 0 1 0 0 0 1 0 1 0 1 0 1 1 0 1 1 1 1 1 0 1 0 1 0 0 0 1 0 1 0 0 1 0 0 0 0 0
150	1	1 1 0 1 1 0 1 1 0 1 1 1 1 0 1 0 0 0 0 0 1 0 1 0 1 1 0 1 1 1 1 1 0 1 0 1 0 0 0 1 0 1 0 0 1 0 0 0 0 0
150	1	1 1 0 1 1 0 1 1 0 1 1 1 1 0 1 0 0 0 1 0 1 0 1 0 1 1 0 1 1 1 1 1 0 1 0 1 0 0 0 1 0 0 0 0 0 0 0 0 0 0
150	1	1 1 0 1 1 0 1 1 0 1 1 1 1 0 1 0 1 0 1 0 1 0 1 0 1 1 0 1 1 1 1 1 0 1 0 1 0 0 0 1 0 1 0 0 0 0 0 0 0 0
150	1	1 1 0 1 1 0 1 1 0 1 1 1 1 0 1 0 0 1 1 0 1 0 1 0 1 1 0 1 1 1 1 1 0 1 0 1 0 0 0 1 0 1 0 0 0 0 0 0 0 0
150	2	1 1 0 1 1 0 1 1 0 1 1 1 1 0 1 0 0 0 0 0 1 0 1 0 1 1 0 1 1 1 1 1 0 1 0 1 0 0 0 1 0 1 0 0 0 0 0 0 0 0
150	33	1 1 0 1 1 0 1 1 0 1 1 1 1 0 1 0 0 0 1 0 1 0 1 0 1 1 0 1 1 1 1 1 0 1 0 1 0 0 0 1 0 1 0 0 1 0 0 0 0 0
150	1	1 1 0 1 1 0 1 1 0 1 1 1 1 0 1 0 0 0 1 0 1 0 1 0 1 1 0 1 1 1 1 1 0 1 0 1 0 0 0 1 0 1 0 0 0 1 0 0 0 0
150	1	1 1 0 1 1 0 1 1 1 1 1 1 1 0 1 0 0 0 1 0 1 0 1 0 1 1 0 1 1 1 1 1 0 1 0 1 0 0 0 1 0 1 0 0 0 0 0 0 0 0
150	38	1 1 0 1 1 0 1 1 0 1 1 1 1 0 1 0 0 0 1 0 1 0 1 0 1 1 0 1 1 1 1 1 0 1 0 1 0 0 0 1 0 1 0 0 0 0 0 0 0 0
150	3	1 1 0 1 1 0 1 1 0 1 1 1 1 0 1 0 0 0 1 0 1 0 1 0 1 1 0 1 1 1 1 1 0 1 0 1 0 0 1 1 0 1 0 0 1 0 0 0 0 0
150	3	1 1 0 1 1 1 1 1 0 0 1 1 1 0 1 0 0 0 1 0 1 0 1 0 1 1 0 1 1 1 1 1 0 1 0 1 0 0 0 1 0 1 0 0 1 0 0 0 0 0
150	1	1 1 0 1 1 0 1 1 0 1 1 1 1 0 1 0 0 0 1 0 1 0 1 0 1 1 1 1 1 1 1 1 0 1 0 1 0 0 0 1 0 1 0 0 1 0 0 0 0 0
150	1	1 1 0 1 1 0 1 1 0 1 1 1 1 0 1 0 0 0 1 0 1 0 1 0 1 0 0 1 1 1 1 1 0 1 0 1 0 0 0 1 0 1 0 0 1 0 0 0 0 0
150	1	1 1 0 1 1 0 1 1 0 1 1 1 1 0 1 0 0 0 1 0 1 0 1 0 1 1 0 1 1 1 1 1 0 1 0 1 0 0 0 0 0 1 0 0 1 0 0 0 0 0
150	2	1 1 0 1 1 0 1 1 0 1 1 1 1 0 1 0 0 0 1 0 1 0 1 0 1 1 0 1 1 1 1 1 0 1 0 0 0 0 0 1 0 1 0 0 1 0 0 0 0 0
150	1	1 1 0 1 1 0 1 1 0 1 1 1 1 0 1 0 0 0 1 0 1 0 1 0 1 1 0 1 1 1 1 1 0 1 0 1 0 0 0 1 1 1 0 0 1 0 0 0 0 0
150	2	0 1 0 1 1 0 1 1 0 1 1 1 1 0 1 0 0 0 1 0 1 0 1 0 1 1 0 1 1 1 1 1 0 1 0 1 0 0 0 0 0 0 0 0 1 0 0 0 0 0
150	5	0 1 1 1 1 0 1 1 0 1 1 1 0 0 1 0 0 0 1 0 1 0 1 0 1 1 0 1 1 1 1 1 0 1 0 1 0 0 0 1 0 1 0 0 1 0 0 0 0 0
150	1	0 1 1 1 1 0 1 1 0 1 1 1 1 1 1 0 0 0 1 0 1 0 1 0 1 1 0 1 1 1 1 1 0 1 0 1 0 0 0 1 0 1 0 0 1 0 0 0 0 0
150	1	0 1 1 1 1 0 1 1 0 1 1 1 1 0 1 0 0 0 1 0 1 0 1 0 1 1 0 1 1 1 1 1 0 1 0 1 0 0 0 1 0 1 0 0 1 0 0 0 0 0
160	1	1 1 0 1 1 0 1 1 0 1 1 1 1 0 1 0 0 0 1 0 1 0 1 0 1 1 0 1 1 1 1 1 0 1 0 1 0 0 0 1 0 0 0 0 0 0 0 0 0 0
160	2	1 1 0 1 1 0 1 1 0 1 1 1 1 0 1 0 0 0 1 0 1 0 1 0 1 1 0 1 1 1 1 1 0 1 1 1 0 0 0 1 0 1 0 0 0 0 0 0 0 0
160	1	1 1 0 1 1 0 1 1 0 1 1 1 1 0 1 0 0 1 1 0 1 0 1 0 1 1 0 1 1 1 1 1 0 1 0 1 0 0 0 1 0 1 0 0 0 0 0 0 0 0
160	1	1 1 0 1 1 0 1 1 0 1 1 1 1 0 1 0 0 0 1 0 1 0 1 0 1 1 0 1 1 1 0 1 0 1 0 1 0 0 0 1 0 1 0 0 0 0 0 0 0 0
160	1	1 1 0 1 1 0 1 1 0 1 1 1 1 0 1 0 0 0 0 0 1 0 1 0 1 1 0 1 1 1 1 1 0 1 0 1 0 0 0 1 0 1 0 0 0 0 0 0 0 0
160	1	1 1 1 1 1 0 1 1 0 1 1 1 1 0 1 0 0 0 1 0 1 0 1 0 1 1 0 1 1 1 1 1 0 1 0 1 0 0 0 1 0 1 0 0 1 0 0 0 0 0
160	2	1 1 0 1 1 0 1 1 0 1 1 1 0 0 1 0 0 0 1 0 1 0 1 0 1 1 0 1 1 1 1 1 0 1 0 1 0 0 0 1 0 1 0 0 1 0 0 0 0 0
160	1	1 1 0 1 1 0 1 1 0 1 1 1 1 0 1 0 0 0 1 0 1 0 1 0 0 1 0 1 1 1 1 1 0 1 0 1 0 0 0 1 0 1 0 0 1 0 0 0 0 0
160	4	1 1 0 1 1 0 1 1 0 1 1 1 1 0 1 0 0 0 1 0 1 0 1 0 1 1 1 1 1 1 1 1 0 1 0 1 0 0 0 1 0 1 0 0 1 0 0 0 0 0
160	2	1 1 0 1 1 0 1 1 0 1 1 1 1 0 1 0 0 0 1 0 1 0 1 0 1 1 0 1 1 1 1 1 0 1 0 1 0 0 0 0 0 1 0 0 1 0 0 0 0 0
160	28	1 1 0 1 1 0 1 1 0 1 1 1 1 0 1 0 0 0 1 0 1 0 1 0 1 1 0 1 1 1 1 1 0 1 0 1 0 0 0 1 0 1 0 0 1 0 0 0 0 0
160	1	1 1 1 1 1 0 1 1 0 1 1 1 1 0 1 0 0 0 1 0 1 0 1 0 1 1 0 1 1 1 1 1 0 1 0 1 0 0 0 1 0 1 0 0 0 0 0 0 0 0
160	1	1 1 0 1 1 0 1 1 0 1 1 1 1 0 1 0 0 0 1 0 1 0 1 0 1 1 0 1 1 1 1 1 0 1 0 1 0 0 1 1 0 1 0 0 0 0 0 0 0 0
160	1	1 1 0 1 1 0 1 1 0 1 1 1 1 0 1 0 0 0 1 0 1 0 1 0 1 1 0 1 1 1 1 1 0 1 0 1 0 0 0 1 0 1 0 0 0 1 0 0 0 0
160	41	1 1 0 1 1 0 1 1 0 1 1 1 1 0 1 0 0 0 1 0 1 0 1 0 1 1 0 1 1 1 1 1 0 1 0 1 0 0 0 1 0 1 0 0 0 0 0 0 0 0
160	1	1 1 0 1 1 0 1 1 0 1 1 1 1 0 1 0 0 0 1 0 1 0 1 0 1 1 0 1 1 1 1 1 0 1 0 1 0 0 1 1 0 1 0 0 1 0 0 0 0 0
160	1	1 1 0 1 1 1 1 1 0 0 1 1 1 0 1 0 0 0 1 0 1 0 1 0 1 1 0 1 1 1 1 1 0 1 0 1 0 0 0 1 0 1 0 0 1 0 0 0 0 0
160	1	0 1 0 1 1 0 1 1 0 1 1 1 1 0 1 0 0 0 1 0 1 0 1 0 1 1 0 1 1 1 1 1 0 1 0 1 0 0 0 0 0 0 0 0 1 0 0 0 0 0
160	7	0 1 1 1 1 0 1 1 0 1 1 1 0 0 1 0 0 0 1 0 1 0 1 0 1 1 0 1 1 1 1 1 0 1 0 1 0 0 0 1 0 1 0 0 1 0 0 0 0 0
160	2	0 1 1 1 1 0 1 1 0 1 1 1 1 0 1 0 0 0 1 0 1 0 1 0 1 1 0 1 1 1 1 1 0 1 0 1 0 0 0 1 0 1 0 0 1 0 0 0 0 0
170	2	1 1 0 1 1 0 1 1 0 1 1 1 1 0 1 0 0 0 1 0 1 0 1 0 1 1 0 1 1 1 1 1 0 1 0 1 0 0 0 1 0 0 0 0 0 0 0 0 0 0
170	1	1 1 0 1 1 0 1 1 0 1 1 1 1 0 1 0 0 0 1 0 1 0 1 0 1 1 0 1 1 1 1 1 0 1 1 1 0 0 0 1 0 1 0 0 0 0 0 0 0 0
170	1	1 1 0 1 1 0 1 1 0 1 1 1 1 0 1 0 0 0 1 0 1 0 1 0 1 1 0 1 1 1 0 1 0 1 0 1 0 0 0 1 0 1 0 0 0 0 0 0 0 0
170	58	1 1 0 1 1 0 1 1 0 1 1 1 1 0 1 0 0 0 1 0 1 0 1 0 1 1 0 1 1 1 1 1 0 1 0 1 0 0 0 1 0 1 0 0 0 0 0 0 0 0
170	1	1 1 0 1 1 0 1 1 0 1 1 1 1 0 1 0 0 0 0 0 1 0 1 0 1 1 0 1 1 1 1 1 0 1 0 1 0 0 0 1 0 1 0 0 0 0 0 0 0 0
170	19	1 1 0 1 1 0 1 1 0 1 1 1 1 0 1 0 0 0 1 0 1 0 1 0 1 1 0 1 1 1 1 1 0 1 0 1 0 0 0 1 0 1 0 0 1 0 0 0 0 0
170	3	1 1 0 1 1 0 1 1 0 1 1 1 1 0 1 0 0 0 1 0 1 0 1 0 1 1 1 1 1 1 1 1 0 1 0 1 0 0 0 1 0 1 0 0 1 0 0 0 0 0
170	1	1 1 0 1 1 0 1 1 0 1 1 1 1 0 1 0 0 0 1 0 1 0 1 0 1 1 0 1 1 1 1 1 0 1 0 1 0 0 1 1 0 1 0 0 1 0 0 0 0 0
170	3	1 1 1 1 1 0 1 1 0 1 1 1 1 0 1 0 0 0 1 0 1 0 1 0 1 1 0 1 1 1 1 1 0 1 0 1 0 0 0 1 0 1 0 0 0 0 0 0 0 0
170	1	1 1 0 1 0 0 1 1 0 1 1 1 1 0 1 0 0 0 1 0 1 0 1 0 1 1 0 1 1 1 1 1 0 1 0 1 0 0 0 1 0 1 0 0 0 0 0 0 0 0
170	2	1 1 0 1 1 1 1 1 0 0 1 1 1 0 1 0 0 0 1 0 1 0 1 0 1 1 0 1 1 1 1 1 0 1 0 1 0 0 0 1 0 1 0 0 1 0 0 0 0 0
170	3	0 1 1 1 1 0 1 1 0 1 1 1 0 0 0 0 0 0 1 0 1 0 1 0 1 1 0 1 1 1 1 1 0 1 0 1 0 0 0 1 0 1 0 0 1 0 0 0 0 0
170	4	0 1 1 1 1 0 1 1 0 1 1 1 0 0 1 0 0 0 1 0 1 0 1 0 1 1 0 1 1 1 1 1 0 1 0 1 0 0 0 1 0 1 0 0 1 0 0 0 0 0
170	1	0 1 1 1 1 0 1 1 0 1 1 1 1 0 1 0 0 0 1 0 1 0 1 0 1 1 0 1 1 1 1 1 0 1 0 1 0 0 0 1 0 1 0 0 1 0 0 0 0 0
180	3	1 1 0 1 1 0 1 1 0 1 1 1 1 0 1 0 0 0 1 0 1 0 1 0 1 1 0 1 1 1 1 1 0 1 1 1 0 0 0 1 0 1 0 0 0 0 0 0 0 0
180	1	1 1 0 1 1 0 1 1 0 1 1 1 1 0 1 0 0 0 1 0 1 0 1 0 1 1 0 1 1 1 0 1 0 1 0 1 0 0 0 1 0 1 0 0 0 0 0 0 0 0
180	2	1 1 0 1 1 0 1 1 0 1 0 1 1 0 1 0 0 0 0 0 1 0 1 0 1 1 0 1 1 1 1 1 0 1 0 1 0 0 0 1 0 1 0 0 0 0 0 0 0 0
180	15	1 1 0 1 1 0 1 1 0 1 1 1 1 0 1 0 0 0 1 0 1 0 1 0 1 1 0 1 1 1 1 1 0 1 0 1 0 0 0 1 0 1 0 0 1 0 0 0 0 0
180	1	1 1 0 1 1 0 1 1 0 1 1 1 1 0 1 0 0 0 1 0 1 0 1 0 1 1 0 1 1 1 1 1 0 1 0 1 0 0 1 1 0 1 0 0 0 0 0 0 0 0
180	62	1 1 0 1 1 0 1 1 0 1 1 1 1 0 1 0 0 0 1 0 1 0 1 0 1 1 0 1 1 1 1 1 0 1 0 1 0 0 0 1 0 1 0 0 0 0 0 0 0 0
180	4	1 1 0 1 1 0 1 1 0 1 1 1 1 0 1 0 0 0 1 0 1 0 1 0 0 1 0 1 1 1 1 1 0 1 0 1 0 0 0 1 0 1 0 0 1 0 0 0 0 0
180	2	1 1 0 1 1 0 1 1 0 1 1 1 1 0 1 0 0 0 1 0 1 1 1 0 1 1 0 1 1 1 1 1 0 1 0 1 0 0 0 1 0 1 0 0 1 0 0 0 0 0
180	1	1 1 0 1 1 0 1 1 0 1 1 1 1 0 1 0 0 0 1 0 1 0 1 0 1 1 0 1 1 1 1 1 0 1 0 1 0 0 0 1 0 1 0 0 1 1 0 0 0 0
180	1	1 1 0 1 1 0 1 1 0 1 1 1 1 0 1 0 0 0 1 0 1 0 1 0 1 1 1 1 1 1 1 1 0 1 0 1 0 0 0 1 0 1 0 0 1 0 0 0 0 0
180	4	1 1 1 1 1 0 1 1 0 1 1 1 1 0 1 0 0 0 1 0 1 0 1 0 1 1 0 1 1 1 1 1 0 1 0 1 0 0 0 1 0 1 0 0 0 0 0 0 0 0
180	3	1 1 0 1 1 0 1 1 0 1 1 1 1 0 1 0 0 0 1 0 1 1 1 0 1 1 0 1 1 1 1 1 0 1 0 1 0 0 0 1 0 1 0 0 0 0 0 0 0 0
180	1	1 1 0 1 0 0 1 1 0 1 1 1 1 0 1 0 0 0 1 0 1 0 1 0 1 1 0 1 1 1 1 1 0 1 0 1 0 0 0 1 0 1 0 0 0 0 0 0 0 0
190	3	1 1 0 1 1 0 1 1 0 1 1 1 1 0 1 0 0 0 1 0 1 0 1 0 1 1 0 1 1 1 1 1 0 1 1 1 0 0 0 1 0 1 0 0 0 0 0 0 0 0
190	4	1 1 0 1 1 0 1 1 0 1 1 1 1 0 1 0 0 0 1 0 1 0 1 0 1 1 0 1 1 1 0 1 0 1 0 1 0 0 0 1 0 1 0 0 0 0 0 0 0 0
190	5	1 1 0 1 1 0 1 1 0 1 0 1 1 0 1 0 0 0 0 0 1 0 1 0 1 1 0 1 1 1 1 1 0 1 0 1 0 0 0 1 0 1 0 0 0 0 0 0 0 0
190	8	1 1 0 1 1 0 1 1 0 1 1 1 1 0 1 0 0 0 1 0 1 0 1 0 1 1 0 1 1 1 1 1 0 1 0 1 0 0 0 1 0 1 0 0 1 0 0 0 0 0
190	2	1 1 0 1 1 0 1 1 0 1 1 1 1 0 1 0 0 0 1 0 1 0 0 0 1 1 0 1 1 1 1 1 0 1 0 1 0 0 0 1 0 1 0 0 0 0 0 0 0 0
190	2	1 1 0 1 1 0 1 1 0 1 1 1 1 0 1 0 0 0 0 0 1 0 1 0 1 1 0 1 1 1 1 1 0 1 0 1 0 0 0 1 0 1 0 0 0 0 0 0 0 0
190	8	1 1 1 1 1 0 1 1 0 1 1 1 1 0 1 0 0 0 1 0 1 0 1 0 1 1 0 1 1 1 1 1 0 1 0 1 0 0 0 1 0 1 0 0 0 0 0 0 0 0
190	61	1 1 0 1 1 0 1 1 0 1 1 1 1 0 1 0 0 0 1 0 1 0 1 0 1 1 0 1 1 1 1 1 0 1 0 1 0 0 0 1 0 1 0 0 0 0 0 0 0 0
190	1	1 1 0 1 1 0 1 1 0 1 1 1 1 0 1 0 0 0 1 0 1 1 1 0 1 1 0 1 1 1 1 1 1 1 0 1 0 0 0 1 0 1 0 0 0 0 0 0 0 0
190	5	1 1 0 1 1 0 1 1 0 1 1 1 1 0 1 0 0 0 1 0 1 1 1 0 1 1 0 1 1 1 1 1 0 1 0 1 0 0 0 1 0 1 0 0 0 0 0 0 0 0
190	1	0 1 1 1 1 0 1 1 0 1 1 1 0 0 1 0 0 0 1 0 1 0 1 0 1 1 0 1 1 1 1 1 0 1 0 1 0 0 0 1 0 1 0 0 1 0 0 0 0 0
200	5	1 1 0 1 1 0 1 1 0 1 1 1 1 0 1 0 0 0 1 0 1 0 1 0 1 1 0 1 1 1 1 1 0 1 1 1 0 0 0 1 0 1 0 0 0 0 0 0 0 0
200	1	1 1 0 1 1 0 1 1 0 1 1 1 1 0 1 0 0 0 1 0 1 0 1 0 1 1 0 1 1 1 0 1 0 1 0 1 0 0 0 1 0 1 0 0 0 0 0 0 0 0
200	6	1 1 0 1 1 0 1 1 0 1 0 1 1 0 1 0 0 0 0 0 1 0 1 0 1 1 0 1 1 1 1 1 0 1 0 1 0 0 0 1 0 1 0 0 0 0 0 0 0 0
200	2	1 1 0 1 1 0 1 1 0 1 1 1 1 0 1 0 0 0 1 0 1 0 1 0 1 1 0 1 1 1 1 1 0 1 0 1 0 0 0 1 0 1 0 0 1 0 0 0 0 0
200	1	1 1 0 1 1 0 1 1 0 1 1 1 1 0 1 0 0 0 0 0 1 0 1 0 1 1 0 1 1 1 1 1 0 1 0 1 0 0 0 1 0 1 0 0 0 0 0 0 0 0
200	1	1 0 1 1 1 0 1 1 0 1 1 1 1 0 1 0 0 0 1 0 1 0 1 0 1 1 0 1 1 1 1 1 0 1 0 1 0 0 0 1 0 1 0 0 0 0 0 0 0 0
200	11	1 1 1 1 1 0 1 1 0 1 1 1 1 0 1 0 0 0 1 0 1 0 1 0 1 1 0 1 1 1 1 1 0 1 0 1 0 0 0 1 0 1 0 0 0 0 0 0 0 0
200	1	1 1 0 1 1 0 1 1 0 1 1 1 1 0 1 0 0 0 1 0 1 0 1 0 1 1 0 1 1 0 1 1 0 1 0 1 0 0 0 1 0 1 0 0 0 0 0 0 0 0
200	2	1 1 0 1 1 0 1 1 0 1 1 1 1 0 1 0 0 0 1 0 1 0 1 0 1 1 0 1 1 1 1 1 0 1 0 0 0 0 0 1 0 1 0 0 0 0 0 0 0 0
200	1	1 1 0 1 1 0 1 1 0 1 1 1 1 0 1 0 0 0 1 0 1 0 1 0 1 1 0 0 1 1 1 1 0 1 0 1 0 0 0 1 0 1 0 0 0 0 0 0 0 0
200	67	1 1 0 1 1 0 1 1 0 1 1 1 1 0 1 0 0 0 1 0 1 0 1 0 1 1 0 1 1 1 1 1 0 1 0 1 0 0 0 1 0 1 0 0 0 0 0 0 0 0
200	1	1 1 0 1 1 0 1 1 0 1 1 1 1 0 1 0 0 0 1 0 1 1 1 0 1 1 0 1 1 1 1 1 0 1 0 1 0 0 0 1 0 1 0 0 0 0 0 0 0 0
200	1	0 1 1 1 1 0 1 1 0 1 1 1 0 0 1 0 0 0 1 0 1 0 1 0 1 1 0 1 1 1 1 1 0 1 0 1 0 0 0 1 0 1 0 0 1 0 0 0 0 0
210	3	1 1 0 1 1 0 1 1 0 1 1 1 1 0 1 0 0 0 1 0 1 0 1 0 1 1 0 1 1 1 1 1 0 1 1 1 0 0 0 1 0 1 0 0 0 0 0 0 0 0
210	3	1 1 0 1 1 0 1 1 0 1 1 1 1 0 1 0 0 0 1 0 1 0 1 0 1 1 0 1 1 1 0 1 0 1 0 1 0 0 0 1 0 1 0 0 0 0 0 0 0 0
210	1	1 1 0 1 1 0 1 1 0 1 0 1 1 0 1 0 0 0 0 0 1 0 1 0 1 1 0 1 1 1 1 1 0 1 0 1 0 0 0 1 0 1 0 0 0 0 0 0 0 0
210	1	1 1 0 1 1 0 1 1 0 1 1 1 1 0 1 0 0 0 1 0 1 0 1 0 1 1 0 1 1 1 1 1 0 1 0 1 0 0 0 1 0 1 0 0 1 0 0 0 0 0
210	1	1 1 0 1 1 0 1 1 0 1 1 1 1 0 1 0 0 0 0 0 1 0 1 0 1 1 0 1 1 1 1 1 0 1 0 1 0 0 0 1 0 1 0 0 0 0 0 0 0 0
210	3	1 1 1 1 1 0 1 1 0 1 0 1 1 0 1 0 0 0 1 0 1 0 1 0 1 1 0 1 1 1 1 1 0 1 0 1 0 0 0 1 0 1 0 0 0 0 0 0 0 0
210	1	1 1 0 1 1 0 1 1 0 1 1 1 1 0 1 0 0 0 1 0 1 0 1 0 1 1 0 1 1 1 1 1 0 1 0 1 0 0 1 1 0 1 0 0 0 0 0 0 0 0
210	3	1 1 0 1 1 0 1 0 0 1 1 1 1 0 1 0 0 0 1 0 1 0 1 0 1 1 0 1 1 1 1 1 0 1 0 1 0 0 0 1 0 1 0 0 0 0 0 0 0 0
210	2	1 1 0 1 1 0 1 1 0 1 0 1 1 0 1 0 0 0 1 0 1 0 1 0 1 1 0 1 1 1 1 1 0 1 0 1 0 0 0 1 0 1 0 0 0 0 0 0 0 0
210	1	1 1 0 1 1 0 1 1 0 1 1 1 1 0 1 0 0 0 1 0 1 0 1 0 1 1 0 1 1 1 1 1 0 1 0 1 0 0 0 1 0 1 0 1 0 0 0 0 0 0
210	46	1 1 0 1 1 0 1 1 0 1 1 1 1 0 1 0 0 0 1 0 1 0 1 0 1 1 0 1 1 1 1 1 0 1 0 1 0 0 0 1 0 1 0 0 0 0 0 0 0 0
210	1	1 1 1 1 1 0 1 1 0 1 1 1 1 0 1 0 0 0 1 0 1 0 1 0 1 1 0 1 1 1 1 1 0 1 0 1 0 0 0 1 0 1 0 1 0 0 0 0 0 0
210	1	1 1 1 1 1 0 1 1 0 1 1 1 1 0 1 0 0 0 1 0 1 0 1 0 1 1 0 1 1 1 1 1 0 1 0 1 0 0 0 1 0 1 0 0 0 1 0 0 0 0
210	31	1 1 1 1 1 0 1 1 0 1 1 1 1 0 1 0 0 0 1 0 1 0 1 0 1 1 0 1 1 1 1 1 0 1 0 1 0 0 0 1 0 1 0 0 0 0 0 0 0 0
210	1	1 1 0 1 1 0 1 1 0 1 1 1 1 0 1 0 0 0 1 0 1 0 1 0 1 1 0 1 1 0 1 1 0 1 0 1 0 0 0 1 0 1 0 0 0 0 0 0 0 0
210	1	0 1 1 1 1 0 1 1 0 1 1 1 0 0 1 0 0 0 1 0 1 0 1 0 1 1 0 1 1 1 1 1 0 1 0 1 0 0 0 1 0 1 0 0 1 0 0 0 0 0
220	6	1 1 0 1 1 0 1 1 0 1 1 1 1 0 1 0 0 0 1 0 1 0 1 0 1 1 0 1 1 1 0 1 0 1 0 1 0 0 0 1 0 1 0 0 0 0 0 0 0 0
220	3	1 1 0 1 1 0 1 1 0 1 0 1 1 0 1 0 0 0 0 0 1 0 1 0 1 1 0 1 1 1 1 1 0 1 0 1 0 0 0 1 0 1 0 0 0 0 0 0 0 0
220	2	1 1 0 1 1 0 1 1 0 1 1 1 1 0 1 0 0 0 0 0 1 0 1 0 1 1 0 1 1 1 1 1 0 1 0 1 0 0 0 1 0 1 0 0 0 0 0 0 0 0
220	1	1 1 0 1 1 0 1 1 0 1 0 1 1 0 1 0 0 0 1 0 1 0 1 0 1 1 0 1 1 1 1 1 0 1 0 1 0 0 0 1 0 1 0 0 0 0 0 0 0 0
220	1	1 1 0 1 1 0 1 1 0 1 1 1 1 0 1 0 0 0 1 0 1 0 1 0 1 0 0 1 1 1 1 1 0 1 0 1 0 0 0 1 0 1 0 0 0 0 0 0 0 0
220	1	1 1 1 1 1 0 1 1 0 1 1 1 1 0 1 0 0 0 1 0 1 0 1 0 1 1 1 1 1 1 1 1 0 1 0 1 0 0 0 1 0 1 0 0 0 0 0 0 0 0
220	45	1 1 1 1 1 0 1 1 0 1 1 1 1 0 1 0 0 0 1 0 1 0 1 0 1 1 0 1 1 1 1 1 0 1 0 1 0 0 0 1 0 1 0 0 0 0 0 0 0 0
220	1	1 1 0 1 1 0 1 0 0 1 1 1 1 0 1 0 0 0 1 0 1 0 1 0 1 1 0 1 1 1 1 1 0 1 0 1 0 0 0 1 0 1 0 0 0 0 0 0 0 0
220	34	1 1 0 1 1 0 1 1 0 1 1 1 1 0 1 0 0 0 1 0 1 0 1 0 1 1 0 1 1 1 1 1 0 1 0 1 0 0 0 1 0 1 0 0 0 0 0 0 0 0
220	6	1 1 0 1 1 0 1 1 0 1 1 1 1 0 1 0 0 0 1 0 1 0 1 0 1 1 0 1 1 0 1 1 0 1 0 1 0 0 0 1 0 1 0 0 0 0 0 0 0 0
230	2	1 1 0 1 1 0 1 1 0 1 1 1 1 0 1 0 0 0 1 0 1 0 1 0 1 1 0 1 1 1 1 1 0 1 1 1 0 0 0 1 0 1 0 0 0 0 0 0 0 0
230	7	1 1 0 1 1 0 1 1 0 1 1 1 1 0 1 0 0 0 1 0 1 0 1 0 1 1 0 1 1 1 0 1 0 1 0 1 0 0 0 1 0 1 0 0 0 0 0 0 0 0
230	7	1 1 1 1 1 0 1 1 0 1 0 1 1 0 1 0 0 0 1 0 1 0 1 0 1 1 0 1 1 1 1 1 0 1 0 1 0 0 0 1 0 1 0 0 0 0 0 0 0 0
230	1	1 1 0 1 1 0 1 1 0 1 1 1 1 0 1 0 0 0 1 0 1 0 1 0 1 1 0 1 1 1 1 1 0 1 0 1 1 0 0 1 0 1 0 0 0 0 0 0 0 0
230	1	1 1 0 1 1 0 1 1 1 1 1 1 1 0 1 0 0 0 1 0 1 0 1 0 1 1 0 1 1 1 1 1 1 1 0 1 0 0 1 1 0 1 0 0 0 0 0 0 0 0
230	2	1 1 0 1 1 0 1 1 0 1 1 1 1 0 1 0 0 0 1 0 1 0 1 0 1 1 0 1 1 1 1 1 0 1 0 1 0 0 1 1 0 1 0 0 0 0 0 0 0 0
230	1	1 1 1 1 1 0 1 1 0 1 1 1 1 0 1 0 0 0 1 0 1 0 1 0 1 1 1 1 1 1 1 1 0 1 0 1 0 0 0 1 0 1 0 0 0 0 0 0 0 0
230	1	1 1 1 1 1 0 1 1 0 1 1 1 1 0 1 0 0 0 1 0 1 0 1 0 1 1 0 1 1 1 1 1 0 1 1 1 0 0 0 1 0 1 0 0 0 0 0 0 0 0
230	56	1 1 1 1 1 0 1 1 0 1 1 1 1 0 1 0 0 0 1 0 1 0 1 0 1 1 0 1 1 1 1 1 0 1 0 1 0 0 0 1 0 1 0 0 0 0 0 0 0 0
230	17	1 1 0 1 1 0 1 1 0 1 1 1 1 0 1 0 0 0 1 0 1 0 1 0 1 1 0 1 1 1 1 1 0 1 0 1 0 0 0 1 0 1 0 0 0 0 0 0 0 0
230	1	1 1 1 1 1 0 1 1 0 1 1 1 1 0 1 0 0 0 1 0 1 0 1 0 1 1 0 1 1 1 1 1 0 1 0 1 0 0 0 1 0 1 0 1 0 0 0 0 0 0
230	4	1 1 0 1 1 0 1 1 0 1 1 1 1 0 1 0 0 0 1 0 1 0 1 0 1 1 0 1 1 0 1 1 0 1 0 1 0 0 0 1 0 1 0 0 0 0 0 0 0 0
240	2	1 1 0 1 1 0 1 1 0 1 1 1 1 0 1 0 0 0 1 0 1 0 1 0 1 1 0 1 1 1 0 1 0 1 0 1 0 0 0 1 0 1 0 0 0 0 0 0 0 0
240	6	1 1 1 1 1 0 1 1 0 1 0 1 1 0 1 0 0 0 1 0 1 0 1 0 1 1 0 1 1 1 1 1 0 1 0 1 0 0 0 1 0 1 0 0 0 0 0 0 0 0
240	2	1 1 0 1 1 0 1 1 1 1 1 1 1 0 1 0 0 0 1 0 1 0 1 0 1 1 0 1 1 1 1 1 1 1 0 1 0 0 1 1 0 1 0 0 0 0 0 0 0 0
240	1	1 1 1 1 1 0 1 1 0 1 1 1 1 0 1 0 1 0 1 0 1 0 1 0 1 1 0 1 1 1 1 1 0 1 0 1 0 0 0 1 0 1 0 0 0 0 0 0 0 0
240	2	1 1 1 1 1 0 1 1 0 1 1 1 1 0 1 0 0 0 1 0 1 0 1 0 1 1 0 1 1 1 1 1 0 0 0 1 0 0 0 1 0 1 0 0 0 0 0 0 0 0
240	1	1 1 1 1 1 0 1 1 0 1 1 1 1 0 1 0 0 0 0 0 1 0 1 0 1 1 0 1 1 1 1 1 0 1 0 1 0 0 0 1 0 1 0 0 0 0 0 0 0 0
240	1	1 1 1 0 1 0 1 1 0 1 1 1 1 0 1 0 0 0 1 0 1 0 1 0 1 1 0 1 1 1 1 1 0 1 0 1 0 0 0 1 0 1 0 0 0 0 0 0 0 0
240	1	1 1 1 1 1 0 1 1 0 1 1 1 1 0 1 0 0 0 1 0 1 0 1 1 1 1 0 1 1 1 1 1 0 1 0 1 0 0 0 1 0 1 0 0 0 0 0 0 0 0
240	71	1 1 1 1 1 0 1 1 0 1 1 1 1 0 1 0 0 0 1 0 1 0 1 0 1 1 0 1 1 1 1 1 0 1 0 1 0 0 0 1 0 1 0 0 0 0 0 0 0 0
240	2	1 1 0 1 1 0 1 1 0 1 1 1 1 0 1 0 0 0 1 0 0 0 1 0 1 1 0 1 1 1 1 1 0 1 0 1 0 0 0 1 0 1 0 0 0 0 0 0 0 0
240	10	1 1 0 1 1 0 1 1 0 1 1 1 1 0 1 0 0 0 1 0 1 0 1 0 1 1 0 1 1 1 1 1 0 1 0 1 0 0 0 1 0 1 0 0 0 0 0 0 0 0
240	1	1 1 0 1 1 0 1 1 0 1 1 1 1 0 1 0 0 0 1 0 1 0 1 0 1 1 0 1 1 0 1 1 0 1 0 1 0 0 0 1 0 1 0 0 0 0 0 0 0 0
250	1	1 1 1 1 1 0 1 1 0 1 0 1 1 0 1 0 0 0 1 0 1 0 1 0 1 1 1 1 1 1 1 1 0 1 0 1 0 0 0 1 0 1 0 0 0 0 0 0 0 0
250	4	1 1 1 1 1 0 1 1 0 1 0 1 1 0 1 0 0 0 1 0 1 0 1 0 1 1 0 1 1 1 1 1 0 1 0 1 0 0 0 1 0 1 0 0 0 0 0 0 0 0
250	3	1 1 0 1 1 0 1 1 1 1 1 1 1 0 1 0 0 0 1 0 1 0 1 0 1 1 0 1 1 1 1 1 1 1 0 1 0 0 1 1 0 1 0 0 0 0 0 0 0 0
250	3	1 1 1 1 1 0 1 1 0 1 1 1 1 0 1 0 0 0 1 0 1 0 1 0 1 1 0 1 1 1 1 1 0 1 0 1 1 0 0 1 0 1 0 0 0 0 0 0 0 0
250	1	1 1 1 1 1 0 1 1 0 1 1 1 1 0 1 0 0 0 1 0 1 0 1 0 1 1 0 1 1 1 1 1 0 1 0 1 0 0 1 1 0 1 0 0 0 0 0 0 0 0
250	6	1 1 1 1 1 0 1 1 0 1 1 1 1 0 1 0 0 0 1 0 1 0 1 0 1 1 0 1 1 1 1 1 0 1 0 1 0 0 0 1 0 1 0 1 0 0 0 0 0 0
250	1	1 1 1 1 1 1 1 1 0 1 1 1 1 0 1 0 0 0 1 0 1 0 1 0 1 1 0 1 1 1 1 1 0 1 0 1 0 0 0 1 0 1 0 0 0 0 0 0 0 0
250	5	1 1 1 1 1 0 1 1 0 1 1 1 1 0 0 0 0 0 1 0 1 0 1 0 1 1 0 1 1 1 1 1 0 1 0 1 0 0 0 1 0 1 0 0 0 0 0 0 0 0
250	5	1 1 0 1 1 0 1 1 0 1 1 1 1 0 1 0 0 0 1 0 1 0 1 0 1 1 0 1 1 1 1 1 0 1 0 1 0 0 0 1 0 1 0 0 0 0 0 0 0 0
250	1	1 1 1 1 1 0 1 1 0 1 1 1 1 0 1 0 0 0 1 0 0 0 1 0 1 1 0 1 1 1 1 1 0 1 0 1 0 0 0 1 0 1 0 0 0 0 0 0 0 0
250	2	1 1 1 1 1 0 1 1 0 1 1 1 1 0 1 0 0 1 1 0 1 0 1 0 1 1 0 1 1 1 1 1 0 1 0 1 0 0 0 1 0 1 0 0 0 0 0 0 0 0
250	67	1 1 1 1 1 0 1 1 0 1 1 1 1 0 1 0 0 0 1 0 1 0 1 0 1 1 0 1 1 1 1 1 0 1 0 1 0 0 0 1 0 1 0 0 0 0 0 0 0 0
250	1	1 1 0 1 1 0 1 1 0 1 1 1 1 0 1 0 0 0 1 0 1 0 1 0 1 1 0 1 1 0 1 1 0 1 0 1 0 0 0 1 0 1 0 0 0 0 0 0 0 0
260	2	1 1 1 1 1 0 1 1 0 1 0 1 1 0 1 0 0 0 1 0 1 0 1 0 1 1 0 1 1 1 1 1 0 1 0 1 0 0 0 1 0 1 0 0 0 0 0 0 0 0
260	2	1 1 1 1 1 0 1 1 0 1 1 1 1 1 1 0 0 0 1 0 1 0 1 0 1 1 0 1 1 1 1 1 0 1 0 1 1 0 0 1 0 1 0 0 0 0 0 0 0 0
260	4	1 1 1 1 1 0 1 1 0 1 1 1 1 0 1 0 0 0 1 0 1 0 1 0 1 1 0 1 1 1 1 1 0 1 0 1 1 0 0 1 0 1 0 0 0 0 0 0 0 0
260	2	1 1 1 1 1 0 1 1 0 1 1 1 1 0 1 0 0 0 1 0 1 0 1 0 1 1 0 1 1 1 1 1 0 1 0 1 0 0 0 1 0 1 0 1 0 0 0 0 0 0
260	1	1 1 1 1 1 0 1 1 0 1 1 1 1 0 0 0 0 0 1 0 1 0 1 0 1 1 0 1 1 1 1 1 0 1 0 1 0 0 0 1 0 1 0 0 0 0 0 0 0 0
260	2	1 1 1 1 1 0 1 1 0 1 1 1 1 0 1 0 0 0 1 0 1 0 1 0 1 1 0 1 1 1 1 1 0 1 0 1 0 0 0 1 0 1 0 0 0 0 0 1 0 0
260	1	1 1 1 1 1 0 1 1 0 1 1 1 1 0 1 0 0 0 1 0 1 0 1 0 1 1 0 1 1 1 1 1 0 1 0 1 0 0 0 1 0 1 0 0 0 0 0 0 0 1
260	2	1 1 1 1 1 0 1 1 0 1 1 1 1 0 1 0 0 0 1 0 1 0 1 0 1 1 0 1 0 1 1 1 0 1 0 1 0 0 0 1 0 1 0 0 0 0 0 0 0 0
260	84	1 1 1 1 1 0 1 1 0 1 1 1 1 0 1 0 0 0 1 0 1 0 1 0 1 1 0 1 1 1 1 1 0 1 0 1 0 0 0 1 0 1 0 0 0 0 0 0 0 0
270	3	1 1 1 1 1 0 1 1 0 1 0 1 1 0 1 0 0 0 1 0 1 0 1 0 1 1 0 1 1 1 1 1 0 1 0 1 0 0 0 1 0 1 0 0 0 0 0 0 0 0
270	1	1 1 0 1 1 0 1 1 1 1 1 1 1 0 1 0 0 0 1 0 1 0 1 0 1 1 0 1 1 1 1 1 1 1 0 1 0 0 1 1 0 1 0 0 0 0 0 0 0 0
270	1	1 1 1 1 1 0 1 1 0 1 1 1 1 1 1 0 0 0 1 0 1 0 1 0 1 1 0 1 1 1 1 1 0 1 0 1 1 0 0 1 0 1 0 0 0 0 0 0 0 0
270	7	1 1 1 1 1 0 1 1 0 1 1 1 1 0 1 0 0 0 1 0 1 0 1 0 1 1 0 1 1 1 1 1 0 1 0 1 1 0 0 1 0 1 0 0 0 0 0 0 0 0
270	2	1 1 1 1 1 0 1 1 0 1 1 1 1 0 1 0 0 0 1 0 1 0 1 0 1 1 0 1 1 1 1 1 0 1 0 1 0 0 1 1 0 1 0 0 0 0 0 0 0 0
270	2	1 1 1 1 1 0 1 1 0 1 1 1 1 0 0 0 0 0 1 0 1 0 1 0 1 1 0 1 1 1 1 1 0 1 0 1 0 0 0 1 0 1 0 0 0 0 0 0 0 0
270	1	1 1 1 1 1 0 1 1 0 1 1 1 1 0 1 0 0 1 1 0 1 0 1 0 1 1 0 1 1 1 1 1 0 1 0 1 0 0 0 1 0 1 0 0 0 0 0 0 0 0
270	1	1 1 1 1 1 0 1 1 0 1 1 1 1 0 1 0 0 0 1 0 1 0 1 0 1 1 0 1 1 1 1 1 0 1 0 1 0 0 0 1 0 1 0 0 0 0 0 1 0 0
270	1	1 1 1 1 1 0 1 1 0 1 1 1 1 0 1 0 0 0 1 0 1 0 1 0 1 1 0 1 1 1 1 1 0 1 0 1 0 1 0 1 0 1 0 0 0 0 0 0 0 0
270	2	1 1 1 1 0 0 1 1 0 1 1 1 1 0 1 0 0 0 1 0 1 0 1 0 1 1 0 1 1 1 1 1 0 1 0 1 0 0 0 1 0 1 0 0 0 0 0 0 0 0
270	79	1 1 1 1 1 0 1 1 0 1 1 1 1 0 1 0 0 0 1 0 1 0 1 0 1 1 0 1 1 1 1 1 0 1 0 1 0 0 0 1 0 1 0 0 0 0 0 0 0 0
280	3	1 1 1 1 1 0 1 1 0 1 0 1 1 0 1 0 0 0 1 0 1 0 1 0 1 1 0 1 1 1 1 1 0 1 0 1 0 0 0 1 0 1 0 0 0 0 0 0 0 0
280	1	1 1 1 1 1 0 1 1 0 1 1 1 1 1 1 0 0 0 1 0 1 0 1 0 1 1 0 1 1 1 1 1 0 1 0 1 1 0 0 1 0 1 0 0 0 0 0 0 0 0
280	1	1 1 1 1 1 0 1 1 0 1 1 1 1 0 1 0 0 0 1 0 1 0 1 0 1 1 0 1 1 1 1 1 0 1 0 1 1 0 0 1 0 1 0 0 0 0 0 0 0 0
280	2	1 1 1 1 1 0 1 1 0 1 1 1 1 0 1 0 0 0 1 0 1 0 1 0 1 1 0 1 1 1 1 1 0 1 0 1 0 0 1 1 0 1 0 0 0 0 0 0 0 0
280	7	1 1 1 1 1 0 1 1 0 1 1 1 1 0 0 0 0 0 1 0 1 0 1 0 1 1 0 1 1 1 1 1 0 1 0 1 0 0 0 1 0 1 0 0 0 0 0 0 0 0
280	2	1 1 1 1 1 0 1 1 0 1 1 1 1 0 1 0 0 1 1 0 1 0 1 0 1 1 0 1 1 1 1 1 0 1 0 1 0 0 0 1 0 1 0 0 0 0 0 0 0 0
280	1	1 1 1 1 1 0 1 1 0 1 1 1 1 0 1 0 0 0 1 0 1 0 1 0 1 1 0 1 1 1 0 1 0 1 0 1 0 0 0 1 0 1 0 0 0 0 0 0 0 0
280	1	1 1 1 1 1 0 1 1 0 1 1 0 1 0 1 0 0 0 1 0 1 0 1 0 1 1 0 1 1 1 1 1 0 1 0 1 0 0 0 1 0 1 0 0 0 0 0 0 0 0
280	1	1 1 1 1 1 0 1 1 0 1 1 1 1 0 1 0 0 0 1 0 1 0 1 0 1 1 0 1 1 1 1 1 0 1 0 1 0 1 0 1 0 1 0 0 0 0 0 0 0 0
280	81	1 1 1 1 1 0 1 1 0 1 1 1 1 0 1 0 0 0 1 0 1 0 1 0 1 1 0 1 1 1 1 1 0 1 0 1 0 0 0 1 0 1 0 0 0 0 0 0 0 0
290	1	1 1 1 1 1 0 1 1 0 1 1 1 1 0 1 0 0 0 1 0 1 0 1 0 1 1 0 1 1 1 1 1 0 1 0 0 0 0 0 1 0 1 0 0 0 0 0 0 0 0
290	1	0 1 1 1 1 0 1 1 0 1 1 1 1 0 1 0 0 0 1 0 1 0 1 0 1 1 0 1 1 1 1 1 0 1 0 1 0 0 0 1 0 1 0 0 0 0 0 0 0 0
290	75	1 1 1 1 1 0 1 1 0 1 1 1 1 0 1 0 0 0 1 0 1 0 1 0 1 1 0 1 1 1 1 1 0 1 0 1 0 0 0 1 0 1 0 0 0 0 0 0 0 0
290	2	1 1 1 1 1 0 1 1 0 1 1 1 1 1 1 0 0 0 1 0 1 0 1 0 1 1 0 1 1 1 1 1 0 1 0 1 1 0 0 1 0 1 0 0 0 0 0 0 0 0
290	1	1 1 1 1 1 0 1 1 0 1 1 1 1 0 1 0 0 0 1 0 1 0 1 0 1 1 0 1 1 1 1 1 0 1 0 1 1 0 0 1 0 1 0 0 0 0 0 0 0 0
290	11	1 1 1 1 1 0 1 1 0 1 1 1 1 0 0 0 0 0 1 0 1 0 1 0 1 1 0 1 1 1 1 1 0 1 0 1 0 0 0 1 0 1 0 0 0 0 0 0 0 0
290	1	1 1 1 1 1 0 1 1 0 1 0 1 1 0 1 0 0 1 1 0 1 0 1 0 1 1 0 1 1 1 1 1 0 1 0 1 0 0 0 1 0 1 0 0 0 0 0 0 0 0
290	1	1 1 1 1 1 0 1 1 0 1 1 1 1 0 1 0 0 1 1 0 1 0 1 0 1 1 0 1 1 1 1 1 0 1 0 1 0 0 0 1 0 1 0 0 0 0 0 0 0 0
290	2	1 1 1 1 1 0 1 1 0 1 1 1 1 0 1 0 0 0 1 0 1 0 1 0 1 1 0 1 1 1 0 1 0 1 0 1 0 0 0 1 0 1 0 0 0 0 0 0 0 0
290	1	1 1 1 1 1 0 0 1 0 1 1 1 1 0 1 0 0 0 1 0 1 0 1 0 1 1 0 1 1 1 1 1 0 1 0 1 0 0 0 1 0 1 0 0 0 0 0 0 0 0
290	1	1 1 1 1 1 0 1 1 0 1 1 1 1 0 1 0 0 0 1 0 1 1 1 0 1 1 0 1 1 1 1 1 0 1 0 1 0 0 0 1 0 1 0 0 0 0 0 0 0 0
290	1	1 1 1 1 1 0 1 1 0 1 1 1 1 0 1 0 0 0 1 0 1 0 1 0 1 1 0 1 1 1 1 1 0 1 0 1 0 0 0 1 0 0 0 0 0 0 0 0 0 0
290	1	1 1 1 1 1 0 1 1 1 1 1 1 1 0 1 0 0 0 1 0 1 0 1 0 1 1 0 1 1 1 1 1 0 1 0 1 0 0 0 1 0 1 0 0 0 0 0 0 0 0
290	1	1 1 1 1 0 0 1 1 0 1 1 1 1 0 1 0 0 0 1 0 1 0 1 0 1 1 0 1 1 1 1 1 0 1 0 1 0 0 0 1 0 1 0 0 0 0 0 0 0 0
300	2	1 1 1 1 1 0 1 1 0 1 1 1 1 0 1 0 0 0 1 0 1 0 1 0 1 1 0 1 1 1 1 1 0 1 0 0 0 0 0 1 0 1 0 0 0 0 0 0 0 1
300	2	1 1 1 1 1 0 1 1 0 1 1 1 1 0 1 0 0 0 1 0 1 0 1 0 1 1 0 1 1 1 1 1 0 1 0 1 0 1 0 1 0 1 0 0 0 0 0 0 0 0
300	2	1 1 1 1 1 0 1 1 0 1 1 1 1 0 1 0 0 0 1 0 1 0 1 0 1 1 0 1 1 1 1 1 0 1 1 1 0 0 0 1 0 1 0 0 0 0 0 0 0 0
300	1	1 1 1 1 1 0 1 1 0 1 1 1 1 0 1 0 0 0 1 0 1 0 1 0 1 1 0 1 1 0 1 1 0 1 0 1 0 0 0 1 0 1 0 0 0 0 0 1 0 0
300	1	1 1 1 1 1 0 1 1 0 1 1 1 1 0 0 0 0 0 1 0 1 0 1 0 1 1 0 1 1 1 1 1 0 1 0 1 0 0 1 1 0 1 0 0 0 0 0 0 0 0
300	17	1 1 1 1 1 0 1 1 0 1 1 1 1 0 0 0 0 0 1 0 1 0 1 0 1 1 0 1 1 1 1 1 0 1 0 1 0 0 0 1 0 1 0 0 0 0 0 0 0 0
300	3	1 1 1 1 1 0 1 1 0 1 0 1 1 0 1 0 0 0 1 0 1 0 1 0 1 1 0 1 1 1 1 1 0 1 0 1 0 0 0 1 0 1 0 0 0 0 0 0 0 0
300	2	1 1 1 1 1 0 1 1 1 1 1 1 1 0 1 0 0 0 1 0 1 0 1 0 1 1 0 1 1 1 1 1 0 1 0 1 0 0 0 1 0 1 0 0 0 0 0 0 0 0
300	1	1 1 1 1 1 0 0 1 0 1 1 1 1 0 1 0 0 0 1 0 1 0 1 0 1 1 0 1 1 1 1 1 0 1 0 1 0 0 0 1 0 1 0 0 0 0 0 0 0 0
300	56	1 1 1 1 1 0 1 1 0 1 1 1 1 0 1 0 0 0 1 0 1 0 1 0 1 1 0 1 1 1 1 1 0 1 0 1 0 0 0 1 0 1 0 0 0 0 0 0 0 0
300	2	1 1 1 1 1 0 1 1 0 1 1 1 1 0 0 0 0 0 1 0 1 0 1 0 0 1 0 1 1 1 1 1 0 1 0 1 0 0 0 1 0 1 0 0 0 0 0 0 0 0
300	1	1 1 1 1 1 0 1 1 0 1 1 1 1 0 0 0 0 0 1 0 1 0 1 0 1 1 0 1 1 1 0 1 0 1 0 1 0 0 0 1 0 1 0 0 0 0 0 0 0 0
300	1	1 1 1 1 1 0 1 1 0 1 0 1 1 0 1 0 0 1 1 0 1 0 1 0 1 1 0 1 1 1 1 1 1 1 0 1 0 0 0 1 0 1 0 0 0 0 0 0 0 0
300	1	1 1 1 1 1 0 1 1 0 1 0 1 1 0 1 0 0 1 1 0 1 0 1 0 1 1 0 1 1 1 1 1 0 1 0 1 0 0 0 1 0 1 0 0 0 0 0 0 0 0
300	2	1 1 1 1 1 0 1 1 0 1 1 1 1 0 1 0 0 0 1 0 1 0 1 0 1 1 0 1 1 1 0 1 0 1 0 1 0 0 0 1 0 1 0 0 0 0 0 0 0 0
300	3	1 1 1 1 1 0 1 1 0 1 1 1 1 0 1 0 0 0 1 0 1 1 1 0 1 1 0 1 1 1 1 1 0 1 0 1 0 0 0 1 0 1 0 0 0 0 0 0 0 0
300	1	1 1 1 1 1 0 1 1 0 1 1 1 1 0 1 0 1 0 1 0 1 0 1 0 1 1 0 1 1 1 1 1 0 1 0 1 0 0 0 1 0 1 0 0 0 0 0 0 0 0
300	2	1 1 1 1 0 0 1 1 0 1 1 1 1 0 1 0 0 0 1 0 1 0 1 0 1 1 0 1 1 1 1 1 0 1 0 1 0 0 0 1 0 1 0 0 0 0 0 0 0 0
310	1	1 1 1 0 1 0 1 1 0 1 1 1 1 0 1 0 0 0 1 0 1 0 1 0 1 1 0 1 1 1 1 1 0 1 0 1 0 0 0 1 0 1 0 0 0 0 0 0 0 0
310	1	1 1 1 1 1 0 1 1 0 1 1 1 1 0 1 0 0 0 1 0 1 0 1 0 1 1 1 1 1 1 1 1 0 1 0 1 1 0 0 1 0 1 0 0 0 0 0 0 0 0
310	1	1 1 1 1 1 0 1 1 0 1 1 1 1 0 0 0 0 0 1 0 1 0 1 0 1 1 0 1 0 1 1 1 0 1 0 1 0 0 0 1 0 1 0 0 0 0 0 0 0 0
310	1	1 1 1 1 1 0 1 1 0 0 1 1 1 0 0 0 0 0 1 0 1 0 1 0 1 1 0 1 1 1 1 1 0 1 0 1 0 0 0 1 0 1 0 0 0 0 0 0 0 0
310	14	1 1 1 1 1 0 1 1 0 1 1 1 1 0 0 0 0 0 1 0 1 0 1 0 1 1 0 1 1 1 1 1 0 1 0 1 0 0 0 1 0 1 0 0 0 0 0 0 0 0
310	2	1 1 1 1 1 0 1 1 1 1 1 1 1 0 1 0 0 0 1 0 1 0 1 0 1 1 0 1 1 1 1 1 0 1 0 1 0 0 0 1 0 1 0 0 0 0 0 0 0 0
310	1	1 1 1 1 1 0 1 1 0 1 1 1 1 0 1 0 0 0 1 0 1 0 1 0 1 1 0 1 1 0 1 1 0 1 0 1 0 0 0 1 0 1 0 0 0 1 0 0 0 0
310	5	1 1 1 1 1 0 1 1 0 1 1 1 1 0 1 0 0 0 1 0 1 1 1 0 1 1 0 1 1 1 1 1 0 1 0 1 0 0 0 1 0 1 0 0 0 0 0 0 0 0
310	1	1 1 1 1 0 0 1 1 0 1 1 1 1 0 1 0 0 0 1 0 1 0 1 0 1 1 0 1 1 1 1 1 0 1 0 1 0 0 0 1 0 1 0 0 0 0 0 0 0 0
310	57	1 1 1 1 1 0 1 1 0 1 1 1 1 0 1 0 0 0 1 0 1 0 1 0 1 1 0 1 1 1 1 1 0 1 0 1 0 0 0 1 0 1 0 0 0 0 0 0 0 0
310	5	1 1 1 1 1 0 1 1 0 1 0 1 1 0 1 0 0 1 1 0 1 0 1 0 1 1 0 1 1 1 1 1 0 1 0 1 0 0 0 1 0 1 0 0 0 0 0 0 0 0
310	2	1 1 1 1 1 0 1 1 0 1 1 1 1 0 1 0 0 1 1 0 1 0 1 0 1 1 0 1 1 1 1 1 0 1 0 1 0 0 0 1 0 1 0 0 0 0 0 0 0 0
310	1	1 1 1 1 1 0 1 1 0 0 1 1 1 0 1 0 0 0 1 1 1 0 1 0 1 1 0 1 1 1 1 1 0 1 0 1 0 0 0 1 0 1 0 0 0 0 0 0 0 1
310	4	1 1 1 1 1 0 1 1 0 1 1 1 1 0 1 0 0 0 1 1 1 0 1 0 1 1 0 1 1 1 1 1 0 1 0 1 0 0 0 1 0 1 0 0 0 0 0 0 0 0
310	4	1 1 1 1 1 0 1 1 0 1 1 1 1 0 1 0 0 0 1 0 1 0 1 0 1 1 0 1 1 1 1 1 0 1 0 1 0 0 0 1 0 0 0 0 0 0 0 0 0 0
