0	100	0 0 0 0 0 0 0 0 0 0
10	2	0 0 0 0 0 0 0 0 1 0
10	1	0 1 0 0 0 0 0 0 0 0
10	97	0 0 0 0 0 0 0 0 0 0
20	1	1 0 0 0 0 0 0 0 0 0
20	5	0 0 0 0 0 0 0 0 1 0
20	2	0 0 0 1 0 0 0 0 0 0
20	1	0 0 0 0 1 0 0 0 0 0
20	2	0 0 1 0 1 0 0 0 0 0
20	2	0 0 1 0 0 0 0 0 0 0
20	3	0 0 0 0 0 1 0 0 0 0
20	83	0 0 0 0 0 0 0 0 0 0
20	1	0 0 0 0 0 0 1 0 0 0
30	3	0 0 0 0 0 0 0 0 1 0
30	3	0 0 0 1 0 0 0 0 0 0
30	1	0 0 0 0 1 0 0 0 0 0
30	3	0 0 1 0 1 0 0 0 0 0
30	1	0 0 1 0 0 0 0 0 0 0
30	2	0 0 0 0 0 1 0 0 0 0
30	2	0 1 0 0 0 0 0 0 0 0
30	85	0 0 0 0 0 0 0 0 0 0
40	4	1 0 0 0 0 0 0 0 0 0
40	1	0 0 0 0 0 0 0 0 1 0
40	1	0 0 0 1 0 0 0 0 0 1
40	7	0 0 0 1 0 0 0 0 0 0
40	1	0 0 0 0 1 0 0 0 0 0
40	1	0 0 1 0 1 0 0 0 0 0
40	2	0 0 1 0 0 0 0 0 0 0
40	5	0 0 0 0 0 1 0 0 0 0
40	3	0 1 0 0 0 0 0 0 0 0
40	1	0 0 0 0 0 0 0 0 0 1
40	1	0 0 0 0 0 0 1 0 0 0
40	73	0 0 0 0 0 0 0 0 0 0
50	3	0 0 1 0 0 0 0 0 0 0
50	1	0 0 0 0 1 0 0 0 0 0
50	1	0 0 0 1 0 0 0 0 1 0
50	4	0 0 0 1 0 0 0 0 0 0
50	1	0 0 0 0 0 0 0 0 0 1
50	2	0 0 0 0 0 0 0 0 1 0
50	73	0 0 0 0 0 0 0 0 0 0
50	4	1 0 0 0 0 0 0 0 0 0
50	1	1 0 0 0 0 0 0 0 1 0
50	3	0 0 0 0 0 1 0 0 0 0
50	1	0 0 0 1 0 0 0 0 0 1
50	1	0 0 1 0 1 0 0 0 0 0
50	5	0 1 0 0 0 0 0 0 0 0
60	2	0 0 1 0 0 0 0 0 0 0
60	4	0 0 0 0 1 0 0 0 0 0
60	1	0 1 0 1 0 0 0 0 0 0
60	10	1 0 0 0 0 0 0 0 0 0
60	5	0 0 0 0 0 0 0 0 1 0
60	6	0 1 0 0 0 0 0 0 0 0
60	5	0 0 0 0 0 1 0 0 0 0
60	1	0 0 0 0 0 0 0 1 0 0
60	1	0 0 0 0 0 0 0 0 0 1
60	5	0 0 0 1 0 0 0 0 0 0
60	50	0 0 0 0 0 0 0 0 0 0
60	5	0 0 0 1 0 0 0 0 0 1
60	2	0 0 0 1 0 1 0 0 0 1
60	3	0 0 1 0 1 0 0 0 0 0
70	2	0 0 1 0 0 0 0 0 0 0
70	3	0 1 0 1 0 0 0 0 0 0
70	9	0 0 0 1 0 0 0 0 0 0
70	12	1 0 0 0 0 0 0 0 0 0
70	17	0 1 0 0 0 0 0 0 0 0
70	3	0 0 0 0 0 1 0 0 0 0
70	1	0 0 0 0 0 0 0 1 0 0
70	48	0 0 0 0 0 0 0 0 0 0
70	1	0 0 1 0 0 0 0 0 1 0
70	1	0 0 0 1 1 1 0 0 0 1
70	3	0 0 1 0 1 0 0 0 0 0
80	5	0 0 0 0 0 1 0 0 0 0
80	5	0 0 0 0 1 0 0 0 0 0
80	1	0 0 0 0 0 0 1 0 0 0
80	45	0 0 0 0 0 0 0 0 0 0
80	1	0 0 1 0 0 0 0 0 1 0
80	1	0 1 0 1 0 0 0 0 0 0
80	8	0 0 0 1 0 0 0 0 0 0
80	1	1 0 0 0 0 0 0 0 1 0
80	1	0 0 0 0 0 0 0 1 0 0
80	9	1 0 0 0 0 0 0 0 0 0
80	20	0 1 0 0 0 0 0 0 0 0
80	3	0 0 1 0 1 0 0 0 0 0
90	2	0 0 0 0 0 1 0 0 0 0
90	1	0 0 0 0 1 0 0 0 0 1
90	4	0 0 0 0 1 0 0 0 0 0
90	1	0 0 0 0 0 0 1 0 0 0
90	24	0 0 0 0 0 0 0 0 0 0
90	13	0 0 0 1 0 0 0 0 0 0
90	2	1 1 0 0 0 0 0 0 0 0
90	12	1 0 0 0 0 0 0 0 0 0
90	7	0 1 0 1 0 0 0 0 0 0
90	27	0 1 0 0 0 0 0 0 0 0
90	1	0 0 1 0 0 0 0 0 1 0
90	3	0 0 0 1 0 0 0 0 0 1
90	3	0 0 1 0 1 0 0 0 0 0
100	3	0 0 0 0 0 1 0 0 0 0
100	2	0 0 0 0 1 0 0 0 0 0
100	2	0 0 0 0 0 0 0 0 1 0
100	1	0 0 0 0 0 0 1 0 0 0
100	16	0 0 0 0 0 0 0 0 0 0
100	2	0 0 0 1 0 1 0 0 0 0
100	12	0 0 0 1 0 0 0 0 0 0
100	1	0 0 1 0 0 0 0 0 0 0
100	8	0 1 0 1 0 0 0 0 0 0
100	3	1 1 0 0 0 0 0 0 0 0
100	1	1 0 0 0 1 0 0 0 0 0
100	8	1 0 0 0 0 0 0 0 0 0
100	2	0 1 1 0 0 0 0 0 0 0
100	23	0 1 0 0 0 0 0 0 0 0
100	7	0 0 0 1 0 0 0 0 0 1
100	9	0 0 1 0 1 0 0 0 0 0
110	3	0 0 0 0 1 1 0 0 0 0
110	2	0 0 0 1 0 1 0 0 0 0
110	3	0 0 0 0 0 1 0 0 0 0
110	1	0 1 0 0 0 0 0 0 1 0
110	8	1 1 0 0 0 0 0 0 0 0
110	12	1 0 0 0 0 0 0 0 0 0
110	8	0 0 0 1 0 0 0 0 0 1
110	9	0 1 0 1 0 0 0 0 0 0
110	11	0 0 0 1 0 0 0 0 0 0
110	6	0 0 0 0 0 0 0 0 0 0
110	1	0 0 1 0 0 0 0 0 0 0
110	2	0 1 0 1 0 0 0 1 0 0
110	3	0 1 1 0 0 0 0 0 0 0
110	26	0 1 0 0 0 0 0 0 0 0
110	1	0 0 0 1 0 0 1 0 0 1
110	4	0 0 1 0 1 0 0 0 0 0
120	3	0 0 0 0 1 1 0 0 0 0
120	16	0 0 0 1 0 0 0 0 0 0
120	10	0 0 0 1 0 1 0 0 0 0
120	1	0 0 0 0 1 0 0 0 0 0
120	1	0 1 0 0 0 0 0 0 1 0
120	4	0 0 0 0 0 0 0 0 0 0
120	21	0 1 0 0 0 0 0 0 0 0
120	11	1 1 0 0 0 0 0 0 0 0
120	11	1 0 0 0 0 0 0 0 0 0
120	1	0 0 0 1 0 0 0 0 0 1
120	1	0 1 0 1 0 0 0 0 0 1
120	16	0 1 0 1 0 0 0 0 0 0
120	1	0 1 1 0 0 0 0 0 0 0
120	3	0 0 1 0 1 0 0 0 0 0
130	2	0 0 0 1 0 0 0 0 0 1
130	14	0 0 0 1 0 1 0 0 0 0
130	7	0 0 0 1 0 0 0 0 0 0
130	1	0 0 0 0 0 1 0 0 0 0
130	1	0 1 0 0 0 0 0 0 0 1
130	1	0 1 0 1 0 0 0 0 0 1
130	20	0 1 0 0 0 0 0 0 0 0
130	1	0 1 0 1 0 0 0 1 0 0
130	30	0 1 0 1 0 0 0 0 0 0
130	9	1 1 0 0 0 0 0 0 0 0
130	1	0 1 1 0 0 0 0 0 0 0
130	9	1 0 0 0 0 0 0 0 0 0
130	1	0 1 0 1 0 1 0 0 0 0
130	3	1 0 0 0 1 0 0 0 1 0
140	1	0 0 0 0 1 1 0 0 0 0
140	4	0 0 0 1 0 0 0 0 1 1
140	5	0 0 0 1 0 0 0 0 0 1
140	9	0 0 0 1 0 1 0 0 0 0
140	13	0 1 0 0 0 0 0 0 0 0
140	24	0 1 0 1 0 0 0 0 0 0
140	16	0 0 0 1 0 0 0 0 0 0
140	1	0 0 0 1 0 0 0 0 1 0
140	1	0 1 0 0 0 0 0 1 0 0
140	11	1 1 0 0 0 0 0 0 0 0
140	2	0 1 1 0 0 0 0 0 0 0
140	1	0 1 0 0 0 0 0 0 1 0
140	1	0 1 0 1 0 0 0 1 0 0
140	1	1 1 0 1 0 0 0 0 0 0
140	4	0 1 0 1 0 1 0 0 0 0
140	3	1 0 0 0 0 0 0 0 0 0
140	3	0 0 1 0 1 0 0 0 0 0
150	4	0 0 0 0 1 1 0 0 0 0
150	1	0 0 1 1 0 1 0 0 1 0
150	1	0 0 0 1 0 0 0 0 1 1
150	1	0 0 0 1 0 0 0 0 0 1
150	6	0 0 0 1 0 1 0 0 0 0
150	2	1 1 0 1 0 0 0 0 0 0
150	3	0 1 1 0 0 0 0 0 0 0
150	10	0 1 0 0 0 0 0 0 0 0
150	4	1 0 0 0 0 0 0 0 0 0
150	9	1 1 0 0 0 0 0 0 0 0
150	32	0 1 0 1 0 0 0 0 0 0
150	4	0 1 0 1 0 1 0 0 0 0
150	16	0 0 0 1 0 0 0 0 0 0
150	2	1 0 0 1 0 0 0 0 0 0
150	3	1 0 1 0 1 0 0 0 0 0
150	2	0 0 1 0 1 0 0 0 0 0
