0	100	0 0 0 0 0 0 0 0 0 0
10	2	0 1 0 0 0 0 0 0 0 0
10	1	1 0 0 0 0 0 0 0 0 0
10	1	0 0 0 0 0 1 0 0 0 0
10	1	0 0 0 0 0 0 0 1 0 0
10	1	0 0 0 0 0 0 0 0 1 0
10	94	0 0 0 0 0 0 0 0 0 0
20	1	0 1 0 0 1 0 0 0 0 0
20	4	0 1 0 0 0 0 0 0 0 0
20	1	0 0 0 0 1 0 0 0 0 0
20	3	1 0 0 0 0 0 0 0 0 0
20	1	0 0 0 1 0 0 0 0 0 0
20	1	0 0 1 0 0 0 0 0 0 0
20	89	0 0 0 0 0 0 0 0 0 0
30	1	0 1 0 0 1 0 0 0 0 0
30	2	0 1 0 0 0 0 0 0 0 0
30	2	0 0 0 0 1 0 0 0 0 0
30	3	0 0 0 1 0 0 0 0 0 0
30	1	0 0 1 0 0 0 0 0 0 0
30	91	0 0 0 0 0 0 0 0 0 0
40	6	0 1 0 0 1 0 0 0 0 0
40	3	0 1 0 0 0 0 0 0 0 0
40	1	0 0 0 0 1 0 0 0 0 0
40	2	0 0 0 0 0 0 0 1 0 0
40	3	1 0 0 0 0 0 0 0 0 0
40	1	0 0 0 1 0 0 0 1 0 0
40	1	0 0 0 1 0 0 0 0 0 0
40	1	0 0 0 0 0 1 0 0 0 0
40	6	0 0 1 0 0 0 0 0 0 0
40	76	0 0 0 0 0 0 0 0 0 0
50	1	0 0 0 0 1 0 0 0 0 0
50	4	0 1 0 0 1 0 0 0 0 0
50	2	0 0 0 0 0 0 0 1 0 0
50	2	0 0 0 0 0 0 1 0 0 0
50	5	1 0 0 0 0 0 0 0 0 0
50	5	0 0 1 0 0 0 0 0 0 0
50	5	0 0 0 0 0 0 0 0 0 1
50	6	0 0 0 1 0 0 0 0 0 0
50	3	0 0 0 0 0 1 0 0 0 0
50	63	0 0 0 0 0 0 0 0 0 0
50	3	0 1 0 0 0 0 0 0 0 0
50	1	0 0 1 0 0 1 0 0 0 0
60	1	0 0 0 0 1 0 0 0 0 0
60	7	0 1 0 0 1 0 0 0 0 0
60	3	0 0 0 0 0 0 0 1 0 0
60	4	0 0 0 0 0 0 1 0 0 0
60	56	0 0 0 0 0 0 0 0 0 0
60	6	1 0 0 0 0 0 0 0 0 0
60	1	0 1 1 0 0 0 0 0 1 0
60	3	0 1 1 0 0 0 0 0 0 0
60	6	0 0 1 0 0 0 0 0 0 0
60	1	0 0 0 0 0 0 0 0 0 1
60	3	0 0 0 1 0 0 0 0 0 0
60	1	0 0 0 0 0 1 0 0 0 0
60	8	0 1 0 0 0 0 0 0 0 0
70	3	0 1 1 0 0 0 0 0 0 0
70	22	0 1 0 0 0 0 0 0 0 0
70	3	0 1 0 0 1 0 0 0 0 0
70	1	0 0 0 0 0 0 0 1 0 0
70	3	0 0 0 0 0 0 1 0 0 0
70	3	0 0 0 0 0 1 0 0 0 0
70	5	1 0 0 0 0 0 0 0 0 0
70	1	0 0 1 0 0 1 0 0 0 0
70	8	0 0 1 0 0 0 0 0 0 0
70	1	0 0 0 1 0 0 1 0 0 0
70	1	0 0 0 1 0 0 0 0 0 0
70	49	0 0 0 0 0 0 0 0 0 0
80	1	0 1 1 0 0 0 0 0 0 0
80	2	0 1 0 0 0 0 0 0 0 1
80	1	0 1 0 1 0 0 0 0 0 0
80	29	0 1 0 0 0 0 0 0 0 0
80	2	1 0 0 0 0 0 0 0 0 0
80	5	0 0 1 0 0 0 0 0 0 0
80	1	0 0 0 1 0 0 0 1 0 0
80	9	0 0 0 1 0 0 0 0 0 0
80	50	0 0 0 0 0 0 0 0 0 0
90	4	0 1 0 1 0 0 0 0 0 0
90	2	0 1 0 0 1 0 0 0 0 0
90	1	1 1 0 0 0 0 0 0 0 0
90	39	0 1 0 0 0 0 0 0 0 0
90	3	0 0 0 1 0 0 0 0 0 0
90	2	1 0 0 0 0 0 0 0 0 0
90	40	0 0 0 0 0 0 0 0 0 0
90	1	0 0 1 0 1 0 0 0 0 0
90	8	0 0 1 0 0 0 0 0 0 0
100	1	0 1 0 0 0 1 0 0 0 0
100	5	0 1 0 0 1 0 0 0 0 0
100	36	0 1 0 0 0 0 0 0 0 0
100	1	0 0 0 0 0 0 0 1 0 0
100	1	0 0 0 0 0 0 1 0 0 0
100	1	0 0 0 0 0 0 0 0 1 0
100	1	1 0 0 0 0 0 0 0 0 0
100	32	0 0 0 0 0 0 0 0 0 0
100	1	1 1 0 0 0 0 0 0 0 0
100	8	0 0 0 1 0 0 0 0 0 0
100	13	0 0 1 0 0 0 0 0 0 0
110	2	0 1 1 1 0 0 0 0 0 0
110	10	0 0 0 1 0 0 0 0 0 0
110	2	0 1 0 1 0 0 0 0 0 0
110	2	0 1 0 0 0 1 0 0 0 0
110	5	0 1 0 0 1 0 0 0 0 0
110	1	0 1 0 0 0 0 1 0 0 0
110	2	1 1 0 0 0 0 0 0 0 0
110	40	0 1 0 0 0 0 0 0 0 0
110	1	0 0 0 0 0 0 0 1 0 0
110	2	1 0 0 0 0 0 0 0 0 0
110	18	0 0 0 0 0 0 0 0 0 0
110	14	0 0 1 0 0 0 0 0 0 0
110	1	0 0 0 1 0 0 1 0 0 0
120	2	0 1 1 1 0 0 0 0 0 0
120	3	0 1 0 1 0 0 0 0 0 0
120	26	0 0 0 0 0 0 0 0 0 0
120	7	0 0 0 1 0 0 0 0 0 0
120	7	0 1 0 0 1 0 0 0 0 0
120	3	1 1 0 0 0 0 0 0 0 0
120	1	0 1 1 0 0 0 0 0 0 0
120	40	0 1 0 0 0 0 0 0 0 0
120	1	0 0 0 0 0 0 0 1 0 0
120	1	1 0 0 0 0 0 0 0 0 0
120	9	0 0 1 0 0 0 0 0 0 0
130	6	0 1 1 1 0 0 0 0 0 0
130	1	0 0 0 0 0 0 0 1 0 0
130	3	1 0 0 0 0 0 0 0 0 0
130	21	0 0 0 0 0 0 0 0 0 0
130	9	0 0 1 0 0 0 0 0 0 0
130	3	0 0 0 1 0 0 0 0 0 0
130	5	1 1 0 0 0 0 0 0 0 0
130	1	0 1 1 0 0 0 0 0 0 0
130	1	0 1 0 0 0 0 1 0 0 0
130	3	0 1 0 0 1 0 0 0 0 0
130	43	0 1 0 0 0 0 0 0 0 0
130	3	1 1 0 1 0 0 0 0 0 0
130	1	0 0 1 0 0 1 0 0 0 0
140	1	0 1 0 1 0 0 0 0 0 0
140	3	0 1 1 1 0 0 0 0 0 0
140	3	1 1 0 0 0 0 0 0 0 0
140	1	1 0 0 0 0 0 0 0 0 0
140	6	0 0 1 0 0 0 0 0 0 0
140	17	0 0 0 0 0 0 0 0 0 0
140	1	0 1 0 0 0 0 0 0 0 1
140	51	0 1 0 0 0 0 0 0 0 0
140	1	0 0 0 1 0 0 0 0 0 1
140	3	0 0 0 1 0 0 0 0 0 0
140	8	0 1 0 0 1 0 0 0 0 0
140	1	1 1 0 1 0 0 0 0 0 0
140	4	0 0 1 0 0 1 0 0 0 0
150	5	1 1 0 1 0 0 0 0 0 0
150	5	1 0 0 0 0 0 0 0 0 0
150	9	1 1 0 0 0 0 0 0 0 0
150	2	0 0 1 0 0 1 0 0 0 0
150	8	0 0 1 0 0 0 0 0 0 0
150	1	0 1 1 0 0 0 0 0 0 0
150	1	0 1 0 0 0 0 1 0 0 0
150	46	0 1 0 0 0 0 0 0 0 0
150	13	0 0 0 0 0 0 0 0 0 0
150	8	0 1 0 0 1 0 0 0 0 0
150	1	0 0 0 1 0 0 0 0 0 0
150	1	0 1 0 0 1 0 0 0 1 0
