0	100	0 0 0 0 0 0 0 0 0 0
10	1	0 0 0 0 0 0 0 1 0 0
10	1	0 0 1 0 0 0 0 0 0 0
10	1	0 0 0 0 1 0 0 0 0 0
10	2	1 0 0 0 0 0 0 0 0 0
10	2	0 0 0 0 0 0 1 0 0 0
10	1	0 0 0 1 0 0 0 0 0 0
10	1	0 1 0 0 0 0 0 0 0 0
10	1	0 0 0 0 0 1 0 0 0 0
10	90	0 0 0 0 0 0 0 0 0 0
20	2	0 0 0 0 0 0 0 0 1 0
20	1	0 0 0 0 0 0 1 0 0 0
20	2	0 0 0 1 0 0 0 0 0 0
20	2	0 1 0 0 0 0 0 0 0 0
20	93	0 0 0 0 0 0 0 0 0 0
30	2	0 0 0 0 0 0 0 0 0 1
30	6	0 0 0 0 0 0 0 1 0 0
30	2	1 0 0 0 0 0 0 0 0 0
30	3	0 0 0 0 0 0 0 0 1 0
30	2	0 0 0 0 0 0 1 0 0 0
30	6	0 1 0 0 0 0 0 0 0 0
30	1	0 0 0 0 0 1 0 0 0 0
30	78	0 0 0 0 0 0 0 0 0 0
40	3	0 0 0 0 0 0 0 0 0 1
40	3	0 0 0 0 0 0 1 0 0 0
40	1	0 0 1 0 0 0 0 0 0 0
40	1	0 0 0 0 0 0 0 0 1 0
40	5	0 0 0 0 0 0 0 1 0 0
40	2	1 0 0 0 0 0 0 0 0 0
40	2	0 1 0 0 0 0 0 0 0 0
40	1	0 0 0 0 0 1 0 0 0 0
40	4	0 0 0 1 0 0 0 0 0 0
40	78	0 0 0 0 0 0 0 0 0 0
50	3	0 0 0 0 0 0 0 0 0 1
50	4	0 0 0 0 0 0 1 0 0 0
50	3	0 0 1 0 0 0 0 0 0 0
50	2	0 0 0 0 0 0 0 0 1 0
50	3	0 0 0 0 0 0 0 1 0 0
50	1	1 0 0 0 0 0 0 0 0 0
50	6	0 1 0 0 0 0 0 0 0 0
50	1	0 1 1 0 1 0 0 0 0 0
50	1	0 0 0 0 1 0 0 0 0 0
50	5	0 0 0 0 0 1 0 0 0 0
50	7	0 0 0 1 0 0 0 0 0 0
50	63	0 0 0 0 0 0 0 0 0 0
50	1	0 1 0 0 0 1 0 0 0 0
60	5	0 0 1 0 0 0 0 0 0 0
60	3	0 0 0 0 0 0 0 0 1 0
60	12	0 1 0 0 0 0 0 0 0 0
60	1	0 0 1 0 0 1 0 0 0 0
60	4	0 0 0 0 0 1 0 0 0 0
60	6	1 0 0 0 0 0 0 0 0 0
60	8	0 0 0 1 0 0 0 0 0 0
60	61	0 0 0 0 0 0 0 0 0 0
70	5	0 0 1 0 0 0 0 0 0 0
70	2	0 0 0 0 0 0 0 0 1 0
70	64	0 0 0 0 0 0 0 0 0 0
70	7	0 1 0 0 0 0 0 0 0 0
70	15	0 0 0 1 0 0 0 0 0 0
70	2	0 0 0 0 0 1 0 0 0 0
70	1	1 0 0 0 0 0 0 0 0 0
70	2	0 0 0 0 0 0 0 1 0 0
70	2	0 1 0 1 0 0 0 0 0 0
80	3	0 0 0 0 0 0 0 0 0 1
80	2	0 0 0 0 0 0 1 0 0 0
80	4	0 0 0 0 0 0 0 0 1 0
80	12	0 0 0 1 0 0 0 0 0 0
80	4	0 1 0 1 0 0 0 0 0 0
80	7	0 1 0 0 0 0 0 0 0 0
80	2	0 0 0 0 0 1 0 0 0 0
80	5	1 0 0 0 0 0 0 0 0 0
80	60	0 0 0 0 0 0 0 0 0 0
80	1	0 0 1 1 0 0 0 0 0 0
90	3	0 0 0 0 0 0 1 0 0 0
90	3	0 0 1 1 0 0 0 0 0 0
90	58	0 0 0 0 0 0 0 0 0 0
90	8	0 0 1 0 0 0 0 0 0 0
90	1	0 1 0 0 0 0 0 0 1 0
90	7	0 0 0 1 0 0 0 0 0 0
90	1	0 1 0 1 0 0 0 0 1 0
90	8	0 1 0 1 0 0 0 0 0 0
90	3	0 0 0 0 0 1 0 0 0 0
90	2	1 0 0 0 0 0 0 0 0 0
90	4	0 1 0 0 0 0 0 0 0 0
90	2	0 1 0 0 1 0 0 0 0 0
100	8	0 0 1 1 0 0 0 0 0 0
100	5	0 0 0 0 0 1 0 0 0 0
100	8	0 0 0 1 0 0 0 0 0 0
100	2	0 1 0 0 1 0 0 0 1 0
100	1	0 1 0 0 1 0 0 0 0 0
100	1	0 1 1 0 0 0 0 0 0 0
100	1	1 1 0 0 0 0 0 0 0 0
100	9	0 1 0 0 0 0 0 0 0 0
100	6	0 0 1 0 0 0 0 0 0 0
100	51	0 0 0 0 0 0 0 0 0 0
100	4	0 1 0 1 0 0 0 0 0 0
100	4	1 0 0 0 0 0 0 0 0 0
110	5	0 0 1 1 0 0 0 0 0 0
110	3	0 0 0 1 0 0 0 0 0 0
110	54	0 0 0 0 0 0 0 0 0 0
110	3	0 1 0 1 0 0 0 0 0 0
110	3	0 1 0 0 1 0 0 0 0 0
110	2	0 1 0 0 1 0 0 0 1 0
110	2	0 1 0 0 0 0 1 0 0 0
110	17	0 1 0 0 0 0 0 0 0 0
110	2	1 0 1 0 0 0 0 0 0 0
110	6	0 0 1 0 0 0 0 0 0 0
110	3	1 0 0 0 0 0 0 0 0 0
120	1	0 0 0 0 0 0 1 0 0 0
120	1	0 0 0 1 0 1 0 0 0 0
120	2	0 0 0 0 0 0 0 1 0 0
120	25	0 0 0 0 0 0 0 0 0 0
120	12	0 0 0 1 0 0 0 0 0 0
120	9	0 0 1 1 0 0 0 0 0 0
120	8	0 0 1 0 0 0 0 0 0 0
120	1	0 1 0 0 0 0 0 0 0 1
120	1	0 1 0 0 1 0 0 0 0 0
120	24	0 1 0 0 0 0 0 0 0 0
120	12	0 1 0 1 0 0 0 0 0 0
120	1	0 1 0 0 1 0 0 0 1 0
120	1	0 1 0 0 0 0 1 0 0 0
120	1	1 0 1 0 0 0 0 0 0 0
120	1	1 0 0 0 0 0 0 0 0 0
130	2	0 0 0 0 0 0 1 0 0 0
130	8	0 0 1 1 0 0 0 0 0 0
130	5	0 1 0 1 0 0 0 0 0 0
130	14	0 0 0 1 0 0 0 0 0 0
130	2	0 0 0 1 0 1 0 0 0 0
130	14	0 0 0 0 0 0 0 0 0 0
130	1	0 0 0 0 0 1 0 0 0 0
130	4	1 0 0 0 0 0 0 0 0 0
130	7	0 0 1 0 0 0 0 0 0 0
130	1	0 0 0 0 1 0 0 0 0 0
130	3	0 1 1 1 0 0 0 0 0 0
130	1	0 1 0 0 1 0 1 0 0 0
130	1	0 1 0 0 0 0 1 0 0 0
130	33	0 1 0 0 0 0 0 0 0 0
130	1	0 1 0 1 0 1 0 0 0 0
130	1	0 1 0 0 1 0 0 0 1 0
130	1	0 1 0 0 0 0 1 0 0 1
130	1	1 0 1 0 0 0 0 0 0 0
140	2	0 0 0 0 0 0 1 0 0 0
140	1	0 0 1 1 0 0 0 1 0 0
140	1	1 0 1 0 0 0 0 0 0 0
140	5	0 0 1 0 0 0 0 0 0 0
140	2	0 1 1 1 0 0 0 0 0 0
140	16	0 0 1 1 0 0 0 0 0 0
140	1	0 0 0 1 0 1 0 0 0 0
140	7	0 0 0 1 0 0 0 0 0 0
140	2	0 1 0 1 0 0 0 1 0 0
140	1	1 1 0 1 0 0 0 0 0 0
140	3	0 1 0 1 0 0 0 0 0 0
140	12	0 0 0 0 0 0 0 0 0 0
140	1	0 0 0 0 0 1 0 0 0 0
140	2	1 0 0 0 0 0 0 0 0 0
140	6	0 1 0 1 1 0 0 0 0 0
140	1	0 1 0 0 0 0 1 0 0 0
140	34	0 1 0 0 0 0 0 0 0 0
140	3	0 1 0 1 0 1 0 0 0 0
150	1	1 0 0 0 0 0 0 0 0 0
150	4	1 0 1 0 0 0 0 0 0 0
150	5	0 0 0 0 0 0 0 0 0 0
150	1	0 0 1 0 0 0 0 0 0 1
150	4	0 0 1 0 0 0 0 0 0 0
150	12	0 1 0 1 0 0 0 0 0 0
150	9	0 1 1 1 0 0 0 0 0 0
150	7	0 0 1 1 0 0 0 0 0 0
150	6	0 0 0 1 0 1 0 0 0 0
150	1	0 0 0 1 0 0 0 0 0 0
150	2	1 1 0 1 0 0 0 0 0 0
150	5	0 1 0 1 1 0 0 0 0 0
150	2	1 0 1 1 0 0 0 0 0 0
150	1	0 1 0 0 0 0 0 0 1 0
150	31	0 1 0 0 0 0 0 0 0 0
150	1	0 1 1 1 0 1 0 0 0 0
150	6	0 1 0 1 0 1 0 0 0 0
150	2	0 1 0 0 1 0 0 0 1 0
