0	100	0 0 0 0 0 0 0 0 0 0
10	1	0 0 0 0 0 0 0 1 0 0
10	2	0 0 0 0 0 0 0 0 1 0
10	1	0 1 0 0 0 0 0 0 0 0
10	1	0 0 1 0 0 0 0 0 0 0
10	95	0 0 0 0 0 0 0 0 0 0
20	1	0 0 0 0 0 0 0 1 0 0
20	3	1 0 0 0 0 0 0 0 0 0
20	2	0 1 0 0 0 0 0 0 0 0
20	2	0 0 1 0 0 0 0 0 0 0
20	1	0 0 0 0 1 0 0 0 0 0
20	91	0 0 0 0 0 0 0 0 0 0
30	2	0 0 0 0 0 0 0 1 0 0
30	2	0 0 0 1 0 0 0 0 0 0
30	4	0 0 1 0 0 0 0 0 0 0
30	1	0 0 0 0 1 0 0 0 0 0
30	1	0 0 0 0 0 0 1 0 0 0
30	90	0 0 0 0 0 0 0 0 0 0
40	2	0 0 0 0 0 0 0 1 0 0
40	1	1 0 0 0 0 0 0 0 0 0
40	4	0 0 0 1 0 0 0 0 0 0
40	1	0 0 0 0 0 1 0 0 0 0
40	1	0 0 1 0 0 0 0 0 0 0
40	2	0 0 0 0 1 0 0 0 0 0
40	1	0 0 0 0 0 0 1 0 0 0
40	88	0 0 0 0 0 0 0 0 0 0
50	4	0 0 0 0 0 0 0 1 0 0
50	5	0 1 0 0 0 0 0 0 0 0
50	5	0 0 0 1 0 0 0 0 0 0
50	6	0 0 1 0 0 0 0 0 0 0
50	1	0 0 0 0 1 0 1 0 0 0
50	2	0 0 0 0 1 0 0 0 0 0
50	1	0 0 0 0 0 0 1 0 0 0
50	76	0 0 0 0 0 0 0 0 0 0
60	1	0 0 1 0 0 0 0 1 0 0
60	2	0 0 0 0 0 0 0 1 0 0
60	4	1 0 0 0 0 0 0 0 0 0
60	2	0 1 0 0 0 0 0 0 0 0
60	5	0 0 0 1 0 0 0 0 0 0
60	68	0 0 0 0 0 0 0 0 0 0
60	9	0 0 1 0 0 0 0 0 0 0
60	3	0 0 0 0 1 0 0 0 0 0
60	2	0 0 0 0 0 0 0 0 1 0
60	3	0 0 0 0 0 1 0 0 0 0
60	1	0 0 0 0 0 0 0 0 0 1
70	3	0 0 0 0 0 0 0 1 0 0
70	2	0 0 0 0 0 1 0 0 0 0
70	2	0 0 0 1 0 0 0 0 0 0
70	19	0 0 1 0 0 0 0 0 0 0
70	1	0 0 0 0 0 0 0 0 1 0
70	66	0 0 0 0 0 0 0 0 0 0
70	2	0 1 0 0 0 0 0 0 0 0
70	1	1 1 0 0 0 0 0 0 0 0
70	1	1 0 0 0 0 0 0 0 1 0
70	2	1 0 0 0 0 0 0 0 0 0
70	1	0 0 0 1 0 0 0 0 0 1
80	29	0 0 1 0 0 0 0 0 0 0
80	1	0 0 0 0 0 1 0 0 0 0
80	60	0 0 0 0 0 0 0 0 0 0
80	4	0 0 0 1 0 0 0 0 0 0
80	1	0 0 1 0 1 0 0 0 0 0
80	2	1 0 0 0 0 0 0 0 0 0
80	1	1 0 1 0 0 0 0 0 1 0
80	2	1 0 0 0 0 0 0 0 1 0
90	2	0 0 1 0 1 0 0 0 0 0
90	4	0 0 0 1 0 0 0 0 0 0
90	37	0 0 1 0 0 0 0 0 0 0
90	51	0 0 0 0 0 0 0 0 0 0
90	2	0 1 1 0 0 0 0 0 0 0
90	1	0 0 1 0 0 0 0 1 0 0
90	1	0 0 1 0 0 0 1 0 0 0
90	1	1 0 1 0 0 0 0 0 1 0
90	1	1 0 0 0 0 0 0 0 1 0
100	2	0 0 0 1 1 0 0 0 0 0
100	1	0 0 0 0 0 0 1 0 0 0
100	3	0 0 0 1 0 0 0 0 0 0
100	2	0 0 1 0 0 0 0 1 0 0
100	1	0 0 1 1 0 0 0 0 0 0
100	53	0 0 1 0 0 0 0 0 0 0
100	28	0 0 0 0 0 0 0 0 0 0
100	1	1 1 1 0 0 0 0 0 0 0
100	8	0 1 1 0 0 0 0 0 0 0
100	1	1 1 0 0 0 0 0 0 0 0
110	2	0 0 1 0 1 0 0 0 0 0
110	4	0 0 0 1 1 0 0 0 0 0
110	2	0 0 0 0 0 0 1 0 0 0
110	2	0 0 0 1 0 0 0 0 0 0
110	18	0 0 0 0 0 0 0 0 0 0
110	2	0 0 1 0 0 0 0 1 0 0
110	1	0 0 1 1 0 0 0 0 0 0
110	7	0 1 1 0 0 0 0 0 0 0
110	54	0 0 1 0 0 0 0 0 0 0
110	1	0 1 1 0 0 1 0 0 0 0
110	7	1 1 0 0 0 0 0 0 0 0
120	1	0 0 0 1 1 0 0 1 0 0
120	1	0 0 0 1 1 0 0 0 0 0
120	1	0 0 0 0 0 0 0 0 1 0
120	1	0 0 0 0 0 0 1 0 0 0
120	2	0 0 0 1 0 0 0 0 0 0
120	19	0 0 0 0 0 0 0 0 0 0
120	3	0 0 1 0 0 0 0 1 0 0
120	2	0 0 1 1 0 0 0 0 0 0
120	1	0 1 1 0 0 0 0 0 0 1
120	6	0 1 1 0 0 0 0 0 0 0
120	59	0 0 1 0 0 0 0 0 0 0
120	4	1 1 0 0 0 0 0 0 0 0
130	1	0 0 0 1 0 0 0 0 0 0
130	2	0 0 0 0 1 0 0 0 0 0
130	1	0 0 0 0 0 1 0 0 0 0
130	8	0 0 0 0 0 0 0 0 0 0
130	1	0 1 1 0 0 0 0 1 0 0
130	3	0 0 1 0 0 0 0 1 0 0
130	1	0 0 1 1 0 0 0 0 0 0
130	1	0 1 1 0 0 0 1 0 0 0
130	2	0 0 1 0 0 1 0 0 0 0
130	1	0 0 1 0 1 0 0 0 0 0
130	46	0 0 1 0 0 0 0 0 0 0
130	17	0 1 1 0 0 0 0 0 0 0
130	16	1 1 0 0 0 0 0 0 0 0
140	53	0 0 1 0 0 0 0 0 0 0
140	12	0 0 0 0 0 0 0 0 0 0
140	2	0 0 0 1 0 0 0 0 0 0
140	1	0 0 1 0 0 0 0 1 0 0
140	1	0 1 1 0 0 0 1 0 0 0
140	2	0 0 1 0 0 1 0 0 0 0
140	1	0 1 1 1 0 0 0 0 0 0
140	1	1 1 1 0 0 0 0 0 0 0
140	25	0 1 1 0 0 0 0 0 0 0
140	2	1 1 0 0 0 0 0 0 0 0
150	4	0 0 1 0 0 1 0 0 0 0
150	2	1 0 1 0 0 0 0 0 0 0
150	39	0 1 1 0 0 0 0 0 0 0
150	34	0 0 1 0 0 0 0 0 0 0
150	6	0 0 0 0 0 0 0 0 0 0
150	2	0 1 1 0 0 0 0 1 0 0
150	2	0 1 1 0 1 0 0 0 0 0
150	1	0 1 1 1 0 0 0 0 0 0
150	1	0 0 1 1 1 0 0 0 0 0
150	1	1 1 0 0 0 0 0 1 0 0
150	8	1 1 0 0 0 0 0 0 0 0
