10	1	1 1 1 0 1 0 1 1 0 1 1 0 1 0 0 1 0 0 0 0 1 1 1 0 1 0 1 0 1 1 0 0 0 0 1 0 1 0 1 0 1 1 0 1 1 0 0 1 0 0
10	1	1 1 1 0 1 0 1 1 0 1 1 0 1 0 0 1 0 0 0 0 1 1 1 0 1 0 1 0 1 1 0 0 0 1 1 0 1 0 1 0 1 1 0 0 1 0 0 1 0 0
10	1	1 1 1 0 1 0 1 1 0 1 1 0 1 0 0 1 0 0 0 0 1 1 1 0 1 0 1 0 1 1 0 0 0 1 1 0 1 0 1 0 1 1 0 1 0 0 0 1 0 0
10	29	1 1 1 0 1 0 1 1 0 1 1 0 1 0 0 1 0 0 0 0 1 1 1 0 1 0 1 0 1 1 0 0 0 1 1 0 1 0 1 0 1 1 0 1 1 0 0 1 0 0
10	1	1 0 0 0 1 1 0 0 0 1 0 0 1 1 1 1 1 1 0 1 0 0 0 1 1 1 0 1 1 1 1 1 1 0 1 0 0 1 1 1 1 0 0 0 1 1 1 1 0 1
10	1	1 0 0 0 1 1 0 0 0 1 0 0 1 1 1 1 1 1 0 0 0 0 0 1 1 1 0 1 1 1 1 1 1 0 1 0 0 1 0 1 1 0 0 0 1 1 1 1 0 1
10	12	1 0 0 0 1 1 0 0 0 1 0 0 1 1 1 1 1 1 0 0 0 0 0 1 1 1 0 1 1 1 1 1 1 0 1 0 0 1 1 1 1 0 0 0 1 1 1 1 0 1
10	1	1 1 1 0 1 0 0 0 0 1 1 1 1 1 0 0 0 1 0 0 1 0 0 1 1 0 0 0 1 0 1 1 1 0 0 1 0 1 1 0 0 1 0 1 1 0 0 0 1 1
10	15	1 1 1 1 1 0 0 0 0 1 1 1 1 1 0 0 0 1 0 0 1 0 0 1 1 0 0 0 1 0 1 1 1 0 0 1 0 1 1 0 0 1 0 1 1 0 0 0 1 1
10	3	1 1 1 0 1 1 1 0 1 0 1 0 1 1 1 1 1 0 1 0 1 1 0 1 0 1 1 1 1 1 1 1 0 1 0 0 1 0 1 0 1 1 0 0 1 0 0 0 1 1
10	11	1 1 1 0 1 1 1 0 1 0 1 0 1 1 1 1 1 0 1 1 1 1 0 1 0 1 1 1 1 1 1 1 0 1 0 0 1 0 1 0 1 1 0 0 1 0 0 0 1 1
10	1	1 1 1 0 1 0 0 0 0 0 1 1 1 1 1 1 0 0 0 0 1 0 1 1 0 1 1 1 1 0 0 0 1 0 1 0 0 0 1 1 0 0 0 0 1 0 1 1 0 0
10	2	1 1 1 0 1 0 0 0 1 1 1 1 1 1 0 1 0 0 0 0 1 0 1 1 0 1 1 1 1 0 0 0 1 0 1 0 0 0 1 1 0 0 0 0 1 0 1 1 0 0
10	1	1 1 1 0 1 0 0 0 1 0 1 1 1 1 0 1 0 0 0 0 1 0 1 1 0 1 1 1 1 0 0 0 1 0 1 0 1 0 1 1 0 0 0 0 1 0 1 1 0 0
10	20	1 1 1 0 1 0 0 0 1 0 1 1 1 1 0 1 0 0 0 0 1 0 1 1 0 1 1 1 1 0 0 0 1 0 1 0 0 0 1 1 0 0 0 0 1 0 1 1 0 0
20	4	1 1 1 0 1 0 1 1 0 1 1 0 1 0 0 1 1 0 0 0 1 1 1 0 1 0 1 0 1 1 0 0 0 1 1 0 1 0 1 0 1 1 0 1 1 0 0 1 0 0
20	1	1 1 1 0 1 0 1 1 0 1 0 0 1 0 0 1 0 0 0 0 1 1 1 0 1 0 0 0 1 1 0 0 0 1 1 0 1 0 1 0 1 1 0 1 1 0 0 1 0 0
20	18	1 1 1 0 1 0 1 1 0 1 1 0 1 0 0 1 0 0 0 0 1 1 1 0 1 0 1 0 1 1 0 0 0 1 1 0 1 0 1 0 1 1 0 1 1 0 0 1 0 0
20	6	1 1 1 0 1 0 1 1 0 1 0 0 1 0 0 1 0 0 0 0 1 1 1 0 1 0 1 0 1 1 0 0 0 1 1 0 1 0 1 0 1 1 0 1 1 0 0 1 0 0
20	1	1 1 1 0 1 0 1 1 0 1 1 0 1 0 0 1 0 0 0 0 1 1 1 0 1 1 1 0 1 1 0 0 0 0 1 0 1 0 1 0 1 1 0 1 1 0 0 1 0 0
20	5	1 1 1 0 1 0 1 1 0 1 1 0 1 0 0 1 0 0 0 0 1 1 1 0 1 0 1 0 1 1 0 0 0 0 1 0 1 0 1 0 1 1 0 1 1 0 0 1 0 0
20	1	1 1 1 0 1 0 1 1 0 1 1 0 1 0 1 1 0 0 0 0 1 1 1 0 1 0 1 0 1 1 0 0 0 1 1 0 1 1 1 0 1 1 0 1 1 0 0 1 0 0
20	3	1 1 1 0 1 0 1 1 0 1 1 0 1 0 1 1 0 0 0 0 1 1 1 0 1 0 1 0 1 1 0 0 0 1 1 0 1 0 1 0 1 1 0 1 1 0 0 1 0 0
20	2	1 1 1 0 1 0 1 1 0 1 1 0 1 0 0 1 0 0 0 0 1 1 1 0 1 0 1 0 1 1 0 0 0 1 1 0 1 0 1 0 1 1 0 0 1 0 0 1 0 0
20	4	1 0 0 0 1 1 0 0 0 1 0 0 1 1 1 1 1 1 0 0 0 0 0 1 1 1 0 1 1 1 1 1 1 0 1 0 0 1 1 1 1 0 0 0 1 1 1 1 0 1
20	2	1 1 1 1 1 0 0 0 0 1 1 1 1 1 0 0 0 1 0 0 1 0 1 1 1 0 0 0 1 0 1 1 1 0 0 1 0 1 1 0 0 1 0 1 1 0 0 0 1 1
20	1	1 1 1 1 1 0 0 0 0 1 1 0 1 1 0 0 0 1 0 0 1 0 0 1 1 0 0 0 1 0 1 1 1 0 0 1 0 1 1 0 0 1 0 1 1 0 0 0 1 1
20	13	1 1 1 1 1 0 0 0 0 1 1 1 1 1 0 0 0 1 0 0 1 0 0 1 1 0 0 0 1 0 1 1 1 0 0 1 0 1 1 0 0 1 0 1 1 0 0 0 1 1
20	8	1 1 1 0 1 1 1 0 1 0 1 0 1 1 1 1 1 0 1 0 1 1 0 1 0 1 1 1 1 1 1 1 0 1 0 0 1 0 1 0 1 1 0 0 1 0 0 0 1 1
20	1	1 1 1 0 1 1 1 0 1 0 1 0 1 1 1 1 1 0 1 1 1 1 0 1 0 1 1 1 1 1 1 1 0 1 0 0 0 0 1 0 1 1 0 0 1 0 0 0 1 1
20	3	1 1 1 0 1 1 1 0 1 0 1 0 1 1 1 1 1 0 1 1 1 1 0 1 0 1 0 1 1 1 1 1 0 1 0 0 1 0 1 0 1 1 0 0 1 0 0 0 1 1
20	1	1 1 1 0 1 1 1 0 1 1 1 0 1 1 1 1 1 0 1 1 1 1 0 1 0 1 1 1 1 1 1 1 0 1 0 0 1 0 1 0 1 1 0 0 1 0 0 0 1 1
20	5	1 1 1 0 1 1 1 0 1 0 1 0 1 1 1 1 1 0 1 1 1 1 0 1 0 1 1 1 1 1 1 1 0 1 0 0 1 0 1 0 1 1 0 0 1 0 0 0 1 1
20	4	1 1 1 0 1 0 0 0 0 0 1 1 1 1 0 1 1 0 0 0 1 0 1 1 0 1 1 1 1 0 0 0 1 0 1 0 0 0 1 1 0 0 0 0 1 0 1 1 0 0
20	3	1 1 1 0 1 0 0 0 0 0 1 1 1 1 0 1 0 0 0 0 1 0 1 1 0 1 1 1 1 0 0 0 1 0 1 0 0 0 1 1 0 0 0 0 1 0 1 1 0 0
20	5	1 1 1 0 1 0 0 0 1 1 1 1 1 1 0 1 0 0 0 0 1 0 1 1 0 1 1 1 1 0 0 0 1 0 1 0 0 0 1 1 0 0 0 0 1 0 1 1 0 0
20	9	1 1 1 0 1 0 0 0 1 0 1 1 1 1 0 1 0 0 0 0 1 0 1 1 0 1 1 1 1 0 0 0 1 0 1 0 0 0 1 1 0 0 0 0 1 0 1 1 0 0
30	4	1 1 1 0 1 0 1 1 0 1 1 0 1 0 0 1 1 0 0 0 1 1 1 0 1 0 1 0 1 1 0 0 0 1 1 0 1 0 1 0 1 1 0 1 1 0 0 1 0 0
30	1	1 1 1 0 1 0 1 1 0 1 1 0 1 0 0 1 0 0 0 0 1 1 1 0 1 0 1 0 1 1 0 0 0 0 1 0 1 0 1 0 1 1 0 1 1 0 0 1 0 0
30	5	1 1 1 0 1 0 1 1 0 1 1 0 1 0 0 1 0 0 0 0 1 1 1 0 1 0 1 0 1 1 0 0 0 1 1 0 1 0 1 0 1 1 0 1 0 0 0 1 0 0
30	1	1 1 1 0 1 0 1 1 0 1 1 0 1 0 0 1 0 0 0 0 1 1 1 0 1 0 1 0 1 1 0 0 0 1 1 0 1 0 1 0 1 1 0 1 1 0 1 1 0 0
30	8	1 1 1 0 1 0 1 1 0 1 1 0 1 0 0 1 0 0 0 0 1 1 1 0 1 0 1 0 1 1 0 0 0 1 1 0 1 0 1 0 1 1 0 0 1 0 0 1 0 0
30	2	1 1 1 0 1 0 1 1 0 1 1 0 1 0 0 1 0 0 0 0 1 1 1 0 1 0 1 0 1 1 0 0 0 1 1 0 1 0 1 0 1 1 0 1 1 1 0 1 0 0
30	30	1 1 1 0 1 0 1 1 0 1 1 0 1 0 0 1 0 0 0 0 1 1 1 0 1 0 1 0 1 1 0 0 0 1 1 0 1 0 1 0 1 1 0 1 1 0 0 1 0 0
30	1	1 1 1 0 1 0 1 1 0 1 0 0 1 0 0 1 0 0 0 0 1 1 1 0 1 0 1 0 1 1 0 0 0 1 1 0 1 0 1 0 1 1 0 0 1 0 0 1 0 0
30	8	1 1 1 0 1 0 1 1 0 1 0 0 1 0 0 1 0 0 0 0 1 1 1 0 1 0 1 0 1 1 0 0 0 1 1 0 1 0 1 0 1 1 0 1 1 0 0 1 0 0
30	4	1 1 1 0 1 0 1 1 0 1 1 0 1 0 1 1 0 0 0 0 1 1 1 0 1 0 1 0 1 1 0 0 0 1 1 0 1 0 1 0 1 1 0 1 1 0 0 1 0 0
30	1	1 1 1 0 1 0 1 1 1 1 1 0 1 0 0 1 0 0 0 0 1 1 1 0 1 0 1 0 1 1 0 0 0 1 1 0 1 0 1 0 1 1 0 0 1 0 0 1 0 0
30	1	1 1 1 1 1 0 0 0 0 1 1 1 1 1 0 0 0 1 0 0 1 0 1 1 1 0 0 0 1 0 1 1 1 0 0 1 0 1 1 0 0 1 0 1 1 0 0 0 1 1
30	1	1 1 1 1 1 0 0 0 0 1 1 0 1 1 0 0 0 1 0 0 1 0 0 1 1 0 0 0 1 0 1 1 1 0 0 1 0 1 1 0 0 1 0 1 1 0 0 0 1 1
30	4	1 1 1 1 1 0 0 0 0 1 1 1 1 1 0 0 0 1 0 0 1 0 0 1 1 0 0 0 1 0 1 1 1 0 0 1 0 1 1 0 0 1 0 1 1 0 0 0 1 1
30	7	1 1 1 0 1 1 1 0 1 0 1 0 1 1 1 1 1 0 1 0 1 1 0 1 0 1 1 1 1 1 1 1 0 1 0 0 1 0 1 0 1 1 0 0 1 0 0 0 1 1
30	1	1 1 1 0 1 1 1 0 1 0 1 0 1 1 1 1 1 0 1 1 1 1 0 1 0 1 1 1 1 1 1 1 0 1 0 0 0 0 1 0 1 1 0 0 1 0 0 0 1 1
30	3	1 1 1 0 1 1 1 0 1 0 1 0 1 1 1 1 1 0 1 1 1 1 0 1 0 1 0 1 1 1 1 1 0 1 0 0 1 0 1 0 1 1 0 0 1 0 0 0 1 1
30	4	1 1 1 0 1 1 1 0 1 0 1 0 1 1 1 1 1 0 1 1 1 1 0 1 0 1 1 0 1 1 1 1 0 1 0 0 1 0 1 0 1 1 0 0 1 0 0 0 0 1
30	1	1 1 1 0 1 1 1 0 1 1 1 0 1 1 1 1 1 0 1 1 1 1 0 1 0 1 1 1 1 1 1 1 0 1 0 0 1 0 1 0 1 1 0 0 1 0 0 0 1 1
30	2	1 1 1 0 1 1 1 0 1 0 1 1 1 1 1 1 1 0 1 1 1 1 0 1 0 1 1 1 1 1 1 1 0 1 0 0 1 0 1 0 1 1 0 0 1 0 0 0 1 1
30	2	1 1 1 0 1 1 1 0 1 0 1 0 1 1 1 1 1 0 1 1 1 1 0 1 0 1 1 1 1 1 1 1 0 1 0 0 1 0 1 0 1 1 0 0 1 0 0 0 1 1
30	1	1 1 1 0 1 0 0 0 0 0 1 1 1 1 0 1 1 0 0 0 1 0 1 1 0 1 1 1 1 0 0 0 1 0 1 0 0 0 1 1 0 0 0 0 1 0 1 1 0 0
30	4	1 1 1 0 1 0 0 0 1 0 1 1 1 1 0 1 0 0 0 0 1 0 1 1 0 1 1 1 1 0 0 0 1 0 1 0 0 0 1 1 0 0 0 0 1 0 1 1 0 0
30	4	1 1 1 0 1 0 0 0 1 1 1 1 1 1 0 1 0 0 0 0 1 0 1 1 0 1 1 1 1 0 0 0 1 0 1 0 0 0 1 1 0 0 0 0 1 0 1 1 0 0
40	3	1 1 1 0 1 0 1 1 0 1 1 0 1 0 0 1 1 0 0 0 1 1 1 0 1 0 1 0 1 1 0 0 0 1 1 0 1 0 1 0 1 1 0 1 1 0 0 1 0 0
40	8	1 1 1 0 1 0 1 1 0 1 1 0 1 0 0 1 0 0 0 0 1 1 1 0 1 0 1 0 1 1 0 0 0 1 1 0 1 0 1 0 1 1 0 1 0 0 0 1 0 0
40	2	1 1 1 0 1 0 1 1 0 1 1 0 1 0 1 1 0 0 0 0 1 1 1 0 1 0 1 0 1 1 0 0 0 1 1 0 1 0 1 0 1 1 0 1 1 0 0 1 0 0
40	10	1 1 1 0 1 0 1 1 0 1 1 0 1 0 0 1 0 0 0 0 1 1 1 0 1 0 1 0 1 1 0 0 0 1 1 0 1 0 1 0 1 1 0 1 1 0 0 1 0 0
40	28	1 1 1 0 1 0 1 1 0 1 1 0 1 0 0 1 0 0 0 0 1 1 1 0 1 0 1 0 1 1 0 0 0 1 1 0 1 0 1 0 1 1 0 0 1 0 0 1 0 0
40	1	1 1 1 0 1 0 1 1 0 1 1 0 1 0 0 1 0 0 0 0 1 1 1 0 1 0 1 1 1 1 0 0 0 1 1 0 1 0 1 0 1 1 0 1 1 0 0 1 0 0
40	2	1 1 1 0 1 0 1 1 0 1 0 0 1 0 0 1 0 0 0 0 1 1 0 0 1 0 1 0 1 1 0 0 0 1 1 0 1 0 1 0 1 1 0 1 1 0 0 1 0 0
40	8	1 1 1 0 1 0 1 1 0 1 0 0 1 0 0 1 0 0 0 0 1 1 1 0 1 0 1 0 1 1 0 0 0 1 1 0 1 0 1 0 1 1 0 1 1 0 0 1 0 0
40	1	1 1 1 0 1 0 1 1 0 1 1 0 1 0 1 1 0 0 0 0 1 1 1 0 1 0 1 0 1 1 0 0 0 1 1 0 1 1 1 0 1 1 0 1 1 0 0 1 0 0
40	2	1 0 1 0 1 0 1 1 0 1 1 0 1 0 0 1 0 0 0 0 1 1 1 0 1 0 1 0 1 1 0 0 0 1 1 0 1 0 1 0 1 1 0 0 1 0 0 1 0 0
40	2	1 1 1 0 1 0 1 1 0 1 1 0 1 0 1 1 0 0 0 0 1 1 1 0 1 0 1 0 1 1 0 0 0 1 1 0 1 0 1 0 1 1 0 0 1 0 0 1 0 0
40	7	1 1 1 0 1 0 1 1 1 1 1 0 1 0 0 1 0 0 0 0 1 1 1 0 1 0 1 0 1 1 0 0 0 1 1 0 1 0 1 0 1 1 0 0 1 0 0 1 0 0
40	3	1 1 1 0 1 1 1 0 1 0 1 0 1 1 1 1 1 0 1 0 1 1 0 1 0 1 1 1 1 1 1 1 0 1 0 0 1 0 1 0 1 1 0 0 1 0 0 0 1 1
40	1	1 1 1 0 1 1 1 0 1 0 1 0 1 1 1 1 1 0 1 1 1 1 0 1 0 1 0 1 1 1 1 1 0 1 0 0 1 0 1 0 1 1 0 0 1 0 0 0 1 1
40	3	1 1 1 0 1 1 1 0 1 0 1 0 1 1 1 1 1 0 1 1 1 1 0 1 0 1 1 0 1 1 1 1 0 1 0 0 1 0 1 0 1 1 0 0 1 0 0 0 0 1
40	2	1 1 1 0 1 1 1 0 1 1 1 0 1 1 1 1 1 0 1 1 1 1 0 1 0 1 1 1 1 1 1 1 0 1 0 0 1 0 1 0 1 1 0 0 1 0 0 0 1 1
40	1	1 1 1 0 1 0 0 0 0 0 1 1 1 1 0 1 1 0 0 0 1 0 1 1 0 1 1 1 1 0 0 0 1 0 1 0 0 0 1 1 0 0 0 0 1 0 1 1 0 0
40	3	1 1 1 0 1 0 0 0 1 0 1 1 1 1 0 1 0 0 0 0 1 0 1 1 0 1 1 1 1 0 0 0 1 0 1 0 0 0 1 1 0 0 0 0 1 0 1 1 0 0
40	1	1 1 1 0 1 0 0 0 1 1 1 1 1 1 0 1 0 0 0 0 1 0 1 1 0 1 1 1 1 0 0 0 1 0 1 0 0 0 1 1 0 1 0 0 1 0 1 1 0 0
40	12	1 1 1 0 1 0 0 0 1 1 1 1 1 1 0 1 0 0 0 0 1 0 1 1 0 1 1 1 1 0 0 0 1 0 1 0 0 0 1 1 0 0 0 0 1 0 1 1 0 0
50	4	1 1 1 0 1 0 1 1 0 1 1 0 1 0 0 1 1 0 0 0 1 1 1 0 1 0 1 0 1 1 0 0 0 1 1 0 1 0 1 0 1 1 0 1 1 0 0 1 0 0
50	10	1 1 1 0 1 0 1 1 0 1 1 0 1 0 0 1 0 0 0 0 1 1 1 0 1 0 1 0 1 1 0 0 0 1 1 0 1 0 1 0 1 1 0 1 0 0 0 1 0 0
50	2	1 1 1 0 1 0 1 1 0 1 1 0 1 0 0 1 0 0 0 0 1 1 0 0 1 0 1 0 1 1 0 0 0 1 1 0 1 0 1 0 1 1 0 1 1 0 0 1 0 0
50	1	1 1 1 0 1 0 1 0 0 1 1 0 1 0 0 1 0 0 0 0 1 1 1 0 1 0 1 0 1 1 0 0 0 1 1 0 1 0 1 0 1 1 0 1 1 0 0 1 0 0
50	5	1 1 1 0 1 0 1 1 0 1 1 0 1 0 0 1 0 0 0 0 1 1 1 0 1 0 1 0 1 1 0 0 0 1 1 0 1 0 1 0 1 1 0 1 1 0 0 1 0 0
50	3	1 1 1 0 1 0 1 1 0 1 1 0 1 0 1 1 0 0 0 0 1 1 1 0 1 0 1 0 1 1 0 0 0 1 1 0 1 0 1 0 1 1 0 0 1 0 0 1 0 0
50	19	1 1 1 0 1 0 1 1 0 1 1 0 1 0 0 1 0 0 0 0 1 1 1 0 1 0 1 0 1 1 0 0 0 1 1 0 1 0 1 0 1 1 0 0 1 0 0 1 0 0
50	2	1 1 1 0 1 0 1 1 0 1 1 0 1 0 0 1 0 0 0 0 1 1 1 0 1 0 1 1 1 1 0 0 0 1 1 0 1 0 1 0 1 1 0 1 1 0 0 1 0 0
50	1	1 1 1 0 1 0 1 1 0 1 0 0 1 0 0 1 0 0 0 0 1 1 1 0 1 0 1 0 1 1 0 0 0 1 1 0 1 0 1 0 1 1 0 0 1 0 0 1 0 0
50	3	1 1 1 0 1 0 1 1 0 1 0 0 1 0 0 1 0 0 0 0 1 1 1 0 1 0 1 0 1 1 0 0 0 1 1 0 1 0 1 0 1 1 0 1 1 0 0 1 0 0
50	16	1 1 1 0 1 0 1 1 1 1 1 0 1 0 0 1 0 0 0 0 1 1 1 0 1 0 1 0 1 1 0 0 0 1 1 0 1 0 1 0 1 1 0 0 1 0 0 1 0 0
50	3	1 1 1 0 1 1 1 0 1 0 1 0 1 1 1 1 1 0 1 1 1 1 0 1 0 1 1 1 1 1 1 1 0 1 1 0 1 0 1 0 1 1 0 0 1 0 0 0 1 1
50	2	1 1 1 0 1 1 1 0 1 0 1 0 1 1 1 1 1 0 1 0 1 1 0 1 0 1 1 1 1 1 1 1 0 1 0 0 1 0 1 0 1 1 0 0 1 0 0 0 1 1
50	1	1 1 1 0 1 1 1 0 1 0 1 0 1 1 1 1 1 1 1 1 1 1 0 1 1 1 1 0 1 1 1 1 0 1 0 0 1 0 1 0 1 1 0 0 1 0 0 0 0 1
50	5	1 1 1 0 1 1 1 0 1 0 1 0 1 1 1 1 1 0 1 1 1 1 0 1 0 1 1 0 1 1 1 1 0 1 0 0 1 0 1 0 1 1 0 0 1 0 0 0 0 1
50	7	1 1 1 0 1 1 1 0 1 1 1 0 1 1 1 1 1 0 1 1 1 1 0 1 0 1 1 1 1 1 1 1 0 1 0 0 1 0 1 0 1 1 0 0 1 0 0 0 1 1
50	1	1 1 1 0 1 0 0 0 1 0 1 1 1 1 0 1 0 0 0 0 1 0 1 1 0 1 1 1 1 0 0 0 1 0 1 0 1 0 1 1 0 0 0 0 1 0 1 1 0 0
50	1	1 1 1 0 1 0 0 0 1 0 1 1 1 1 0 1 0 0 0 0 1 0 1 1 0 1 1 1 1 0 0 0 0 0 1 0 0 0 1 1 0 0 0 0 1 0 1 1 0 0
50	1	1 1 1 0 1 0 0 0 1 0 1 1 1 1 0 1 0 0 0 0 1 0 1 1 0 1 1 1 1 0 0 0 1 0 1 0 0 0 1 1 0 0 0 0 1 0 1 1 0 0
50	3	1 1 1 0 1 0 0 0 1 1 1 1 0 1 0 1 0 0 0 0 1 0 1 1 0 1 1 1 1 0 0 0 1 0 1 0 0 0 1 1 0 0 0 0 1 0 1 1 0 0
50	10	1 1 1 0 1 0 0 0 1 1 1 1 1 1 0 1 0 0 0 0 1 0 1 1 0 1 1 1 1 0 0 0 1 0 1 0 0 0 1 1 0 0 0 0 1 0 1 1 0 0
60	1	1 1 1 0 1 0 1 1 0 1 1 0 1 0 0 1 0 0 0 0 1 1 1 0 1 0 1 0 1 1 0 0 0 1 1 0 1 0 1 0 1 1 0 1 0 0 0 1 0 0
60	3	1 1 1 0 1 0 1 1 0 1 1 1 1 0 0 1 0 0 0 0 1 1 1 0 1 0 1 0 1 1 0 0 0 1 1 0 1 0 1 0 1 1 0 0 1 0 0 1 0 0
60	6	1 1 1 0 1 0 1 1 0 1 1 0 1 0 1 1 0 0 0 0 1 1 1 0 1 0 1 0 1 1 0 0 0 1 1 0 1 0 1 0 1 1 0 0 1 0 0 1 0 0
60	3	1 1 1 0 1 0 1 1 0 1 1 0 1 0 0 1 0 0 0 0 1 1 1 0 1 0 1 1 1 1 0 0 0 1 0 0 1 0 1 0 1 1 0 0 1 0 0 1 0 0
60	1	1 1 1 0 1 0 1 1 0 1 1 0 1 0 0 1 0 0 0 0 1 1 1 0 1 0 1 1 1 1 0 0 0 1 1 0 1 0 1 0 1 1 0 0 1 0 0 1 0 0
60	1	1 1 1 0 1 0 1 1 0 1 1 0 1 0 0 1 0 0 0 0 1 1 1 0 1 0 1 0 1 1 0 0 0 1 1 0 1 0 1 0 0 1 0 0 1 0 0 1 0 0
60	21	1 1 1 0 1 0 1 1 0 1 1 0 1 0 0 1 0 0 0 0 1 1 1 0 1 0 1 0 1 1 0 0 0 1 1 0 1 0 1 0 1 1 0 0 1 0 0 1 0 0
60	1	1 1 1 0 1 0 1 1 0 1 0 0 1 0 0 1 0 0 0 0 1 1 1 0 1 0 1 0 1 1 0 0 0 1 1 0 1 0 1 0 1 1 0 0 1 0 0 1 0 0
60	4	1 1 1 0 1 0 1 1 1 1 1 0 1 0 0 1 0 0 0 0 1 1 1 0 1 0 1 0 1 1 0 0 0 1 1 0 1 0 1 0 1 0 0 0 1 0 0 1 0 0
60	1	1 1 1 0 1 0 0 1 1 1 1 0 1 0 0 1 0 0 0 0 1 1 1 0 1 0 1 0 1 1 0 0 0 1 1 0 1 0 1 0 1 1 0 0 1 0 0 1 0 0
60	32	1 1 1 0 1 0 1 1 1 1 1 0 1 0 0 1 0 0 0 0 1 1 1 0 1 0 1 0 1 1 0 0 0 1 1 0 1 0 1 0 1 1 0 0 1 0 0 1 0 0
60	2	1 1 1 0 1 1 1 0 1 0 1 0 1 1 1 1 1 0 1 1 1 1 0 1 0 1 1 0 1 1 1 1 0 1 0 0 1 0 1 0 1 1 0 0 1 0 0 0 1 1
60	3	1 1 1 0 1 1 1 0 1 0 1 0 1 1 1 1 1 0 1 1 1 1 0 1 0 1 1 0 1 1 1 1 0 1 0 0 1 0 1 0 1 1 0 0 1 0 0 0 0 1
60	2	1 1 1 0 1 1 1 0 1 1 1 0 1 1 1 1 1 0 1 1 1 1 0 1 0 1 1 1 1 1 1 1 0 1 0 0 1 0 1 0 1 1 0 0 1 0 0 0 1 1
60	1	1 1 1 0 1 0 0 0 1 0 1 1 1 1 0 1 0 0 0 0 1 0 1 1 0 1 1 1 1 0 0 0 1 0 1 0 1 0 1 1 0 0 0 0 1 0 1 1 0 0
60	1	1 1 1 0 1 0 0 0 1 1 1 1 0 1 0 1 0 0 0 0 1 0 1 1 0 1 1 1 1 0 0 0 1 0 1 0 0 0 1 1 0 0 0 0 1 0 1 1 0 0
60	4	1 1 1 1 1 0 0 0 1 1 1 1 1 1 0 1 0 0 0 0 1 0 1 1 0 1 1 1 1 0 0 0 1 0 1 0 0 0 1 1 0 0 0 0 1 0 1 1 0 0
60	2	1 1 1 0 1 0 0 0 1 1 1 1 1 1 0 1 0 0 0 0 1 0 1 1 0 1 1 1 1 0 0 0 1 0 1 0 0 0 1 1 0 0 0 0 1 0 1 0 0 0
60	11	1 1 1 0 1 0 0 0 1 1 1 1 1 1 0 1 0 0 0 0 1 0 1 1 0 1 1 1 1 0 0 0 1 0 1 0 0 0 1 1 0 0 0 0 1 0 1 1 0 0
70	12	1 1 1 0 1 0 1 1 0 1 1 0 1 0 0 1 0 0 0 0 1 1 1 0 1 0 1 0 1 1 0 0 0 1 1 0 1 0 1 0 1 1 0 0 1 0 0 1 0 0
70	3	1 1 1 0 1 0 1 1 0 1 1 0 1 0 1 1 0 0 0 0 1 1 1 0 1 0 1 0 1 1 0 0 0 1 1 0 1 0 1 0 1 1 0 0 1 0 0 1 0 0
70	1	1 1 1 0 1 0 1 1 0 1 1 0 1 0 0 1 0 0 0 0 1 1 1 0 1 0 0 0 1 1 0 0 0 1 1 0 1 0 1 0 1 1 0 0 1 0 0 1 0 0
70	1	1 1 1 0 1 0 1 1 0 1 1 0 1 0 0 1 0 0 0 0 1 1 1 0 1 0 1 1 1 1 0 0 0 1 1 0 1 0 1 0 1 1 0 1 1 0 0 1 0 0
70	3	1 1 1 1 1 0 1 1 1 1 1 0 1 0 0 1 0 0 0 0 1 1 1 0 1 0 1 0 1 1 0 0 0 1 1 0 1 0 1 0 1 0 0 0 1 0 0 1 0 0
70	5	1 1 1 0 1 0 1 1 1 1 1 0 1 0 0 1 0 0 0 0 1 1 1 0 1 0 1 0 1 1 0 0 0 1 1 0 1 0 1 0 1 0 0 0 1 0 0 1 0 0
70	1	1 1 1 0 1 0 0 1 1 1 1 0 1 0 0 1 0 0 0 0 1 1 1 0 1 0 1 0 1 1 0 0 0 1 1 0 1 0 1 0 1 1 0 0 1 0 0 1 0 0
70	35	1 1 1 0 1 0 1 1 1 1 1 0 1 0 0 1 0 0 0 0 1 1 1 0 1 0 1 0 1 1 0 0 0 1 1 0 1 0 1 0 1 1 0 0 1 0 0 1 0 0
70	5	1 1 1 0 1 1 1 0 1 0 1 0 1 1 1 1 1 0 1 1 1 1 0 1 0 1 1 0 1 1 1 1 0 1 0 0 1 0 1 0 1 1 0 0 1 0 0 0 0 1
70	3	1 1 1 0 1 1 1 0 1 1 1 0 1 1 1 1 1 0 1 1 1 1 0 1 0 1 1 1 1 1 1 1 0 1 0 0 1 0 1 0 1 1 0 0 1 0 0 0 1 1
70	4	1 1 1 0 1 0 0 0 1 1 1 1 0 1 0 1 0 0 0 0 1 0 1 1 0 1 1 1 1 0 0 0 1 0 1 0 0 0 1 1 0 0 0 0 1 0 1 1 0 0
70	11	1 1 1 1 1 0 0 0 1 1 1 1 1 1 0 1 0 0 0 0 1 0 1 1 0 1 1 1 1 0 0 0 1 0 1 0 0 0 1 1 0 0 0 0 1 0 1 1 0 0
70	2	1 1 1 0 1 0 0 1 1 1 1 1 1 1 0 1 0 0 0 0 1 0 1 1 0 1 1 1 1 0 0 0 1 0 1 0 0 0 1 1 0 0 0 0 1 0 1 0 0 0
70	1	1 1 1 0 1 0 0 0 1 1 1 1 1 1 0 1 0 0 0 0 1 0 1 1 0 1 1 1 0 0 0 0 1 0 1 0 0 0 1 1 0 0 0 0 1 0 1 0 0 0
70	6	1 1 1 0 1 0 0 0 1 1 1 1 1 1 0 1 0 0 0 0 1 0 1 1 0 1 1 1 1 0 0 0 1 0 1 0 0 0 1 1 0 0 0 0 1 0 1 0 0 0
70	7	1 1 1 0 1 0 0 0 1 1 1 1 1 1 0 1 0 0 0 0 1 0 1 1 0 1 1 1 1 0 0 0 1 0 1 0 0 0 1 1 0 0 0 0 1 0 1 1 0 0
80	7	1 1 1 0 1 0 1 1 0 1 1 0 1 0 0 1 0 0 0 0 1 1 1 0 1 0 1 0 1 1 0 0 0 1 1 0 1 0 1 0 1 1 0 0 1 0 0 1 0 0
80	1	1 1 1 0 1 0 1 1 0 1 1 1 1 0 0 1 0 0 0 0 1 1 1 0 1 0 1 0 1 1 0 0 0 1 1 0 1 0 1 0 1 1 0 0 1 0 0 1 0 0
80	1	1 1 1 0 1 0 1 1 0 1 1 0 1 0 1 1 0 0 0 0 1 1 1 0 1 0 1 0 1 1 0 0 0 1 1 0 1 0 1 0 1 1 0 0 1 0 0 1 0 0
80	1	1 1 1 0 1 0 1 1 0 1 1 0 1 0 0 1 0 0 0 0 1 1 1 0 1 0 0 0 1 1 0 0 0 1 1 0 1 0 1 0 1 1 0 0 1 0 0 1 0 0
80	2	1 1 1 1 1 0 1 1 1 1 1 0 1 0 0 1 0 0 0 0 1 1 1 0 1 0 1 0 1 1 0 0 0 1 1 0 1 0 1 0 1 0 0 0 1 0 0 1 0 0
80	2	1 1 1 0 1 0 1 1 1 1 1 0 1 0 0 1 0 0 0 0 0 1 1 0 1 0 1 0 1 1 0 0 0 1 1 0 1 0 1 0 1 0 0 0 1 0 0 1 0 0
80	9	1 1 1 0 1 0 1 1 1 1 1 0 1 0 0 1 0 0 0 0 1 1 1 0 1 0 1 0 1 1 0 0 0 1 1 0 1 0 1 0 1 0 0 0 1 0 0 1 0 0
80	6	1 1 1 0 1 0 1 1 1 1 1 0 1 0 0 1 0 0 0 0 1 1 1 0 1 0 1 0 1 1 0 0 0 1 1 0 1 0 1 0 1 1 0 0 0 0 0 1 0 0
80	2	1 1 1 0 1 0 1 1 1 1 1 0 1 0 0 1 0 0 0 0 1 1 1 0 1 0 1 0 1 1 0 0 0 1 0 0 1 0 1 0 1 1 0 0 1 0 0 1 0 0
80	1	1 1 1 0 1 0 1 1 1 1 1 0 1 0 0 1 0 0 0 0 1 1 1 0 1 0 1 0 1 0 0 0 0 1 1 0 1 0 1 0 1 1 0 0 1 0 0 1 0 0
80	34	1 1 1 0 1 0 1 1 1 1 1 0 1 0 0 1 0 0 0 0 1 1 1 0 1 0 1 0 1 1 0 0 0 1 1 0 1 0 1 0 1 1 0 0 1 0 0 1 0 0
80	3	1 1 1 0 1 1 1 0 1 0 1 0 1 1 1 1 1 0 1 1 1 1 0 1 0 1 1 0 1 1 1 1 0 1 0 0 1 0 1 0 1 1 0 0 1 0 0 0 0 1
80	2	1 1 1 0 1 1 1 0 1 1 1 0 1 1 1 1 1 0 1 1 1 1 0 1 0 1 1 1 1 1 1 1 0 1 0 0 1 0 1 0 1 1 0 0 1 0 0 0 1 1
80	2	1 1 1 0 1 0 0 0 1 1 1 1 0 1 0 1 0 0 0 0 1 0 1 1 0 1 1 1 1 0 0 0 1 0 1 0 0 0 1 1 0 0 0 0 1 0 1 1 0 0
80	1	1 1 1 1 1 0 0 0 1 1 1 1 1 1 0 1 0 0 0 0 1 0 1 1 0 1 0 1 1 0 0 0 1 0 1 0 0 0 1 1 0 0 0 0 1 0 1 1 0 0
80	9	1 1 1 1 1 0 0 0 1 1 1 1 1 1 0 1 0 0 0 0 1 0 1 1 0 1 1 1 1 0 0 0 1 0 1 0 0 0 1 1 0 0 0 0 1 0 1 1 0 0
80	1	1 1 1 0 1 0 0 1 1 1 1 1 1 1 0 1 0 0 0 0 1 0 1 1 0 1 1 1 1 0 0 0 1 0 1 0 0 0 1 1 0 0 0 0 1 0 1 0 0 0
80	6	1 1 1 0 1 0 0 0 1 1 1 1 1 1 0 1 0 0 0 0 1 0 1 1 0 1 1 1 1 0 0 0 1 0 1 0 0 0 1 1 0 0 0 0 1 0 1 0 0 0
80	10	1 1 1 0 1 0 0 0 1 1 1 1 1 1 0 1 0 0 0 0 1 0 1 1 0 1 1 1 1 0 0 0 1 0 1 0 0 0 1 1 0 0 0 0 1 0 1 1 0 0
90	3	1 1 1 0 1 0 1 1 0 1 1 0 1 0 0 1 0 0 0 0 1 1 1 0 1 0 1 0 1 1 0 0 0 1 1 0 1 0 1 0 1 1 0 0 1 0 0 1 0 0
90	1	1 1 1 0 1 0 1 1 0 1 1 0 1 0 1 1 0 0 0 0 1 1 1 0 1 0 1 0 1 1 0 0 0 1 1 0 1 0 1 1 1 1 0 0 1 0 0 1 0 0
90	1	1 1 1 0 1 0 1 1 0 1 1 0 1 0 1 1 0 0 0 0 1 1 1 0 1 0 1 0 1 1 0 0 0 1 1 0 1 0 1 0 1 1 0 0 1 0 0 1 0 0
90	1	1 1 1 1 1 0 1 1 1 1 1 0 1 0 0 1 0 0 0 0 1 1 1 0 1 0 1 0 1 1 0 0 0 1 1 0 1 0 1 0 1 0 0 0 1 0 0 1 0 0
90	1	1 1 1 0 1 0 1 1 1 1 1 0 1 0 0 1 0 0 0 0 0 1 1 0 1 0 1 0 1 1 0 0 0 1 1 0 1 0 1 0 1 0 0 0 1 0 0 1 0 0
90	1	1 1 1 0 1 0 1 1 1 1 1 0 1 0 0 1 0 0 0 0 1 1 1 0 1 0 1 0 1 1 0 0 0 1 1 0 1 0 1 0 0 0 0 0 1 0 0 1 0 0
90	1	1 1 1 0 1 0 1 1 1 1 1 0 1 0 0 1 0 0 0 0 1 1 1 0 1 0 1 0 1 1 0 0 0 1 1 0 1 0 0 0 1 0 0 0 1 0 0 1 0 0
90	1	1 1 1 0 1 0 1 1 1 1 1 0 1 0 0 1 0 0 0 0 1 1 0 0 1 0 1 0 1 1 0 0 0 1 1 0 1 0 1 0 1 0 0 0 1 0 0 1 0 0
90	23	1 1 1 0 1 0 1 1 1 1 1 0 1 0 0 1 0 0 0 0 1 1 1 0 1 0 1 0 1 1 0 0 0 1 1 0 1 0 1 0 1 0 0 0 1 0 0 1 0 0
90	4	1 1 1 0 1 0 1 1 1 1 1 0 1 0 0 1 0 0 0 0 1 1 1 0 1 0 1 0 1 1 0 0 0 1 1 0 1 0 1 0 1 1 0 0 0 0 0 1 0 0
90	1	1 1 1 0 1 0 1 1 1 1 1 0 1 0 0 1 0 0 0 0 1 1 0 0 1 0 1 0 1 1 0 0 0 1 1 0 1 0 1 0 1 1 0 0 1 0 0 1 0 0
90	1	1 1 1 0 1 0 1 1 1 1 1 0 1 0 0 1 0 0 0 0 1 1 1 1 1 0 1 0 1 1 0 0 0 1 1 0 1 0 1 0 1 1 0 0 1 0 0 1 0 0
90	33	1 1 1 0 1 0 1 1 1 1 1 0 1 0 0 1 0 0 0 0 1 1 1 0 1 0 1 0 1 1 0 0 0 1 1 0 1 0 1 0 1 1 0 0 1 0 0 1 0 0
90	2	1 1 1 0 1 1 1 0 1 0 1 0 1 1 1 1 1 0 1 1 1 1 0 1 0 1 1 0 1 1 1 1 0 1 0 0 1 0 1 0 1 1 0 0 1 0 0 0 0 1
90	2	1 1 1 0 1 1 1 0 1 1 1 0 1 1 1 1 1 0 1 1 1 1 0 1 0 1 1 1 1 1 1 1 0 1 0 0 1 0 1 0 1 1 0 0 1 0 0 0 1 1
90	12	1 1 1 1 1 0 0 0 1 1 1 1 1 1 0 1 0 0 0 0 1 0 1 1 0 1 1 1 1 0 0 0 1 0 1 0 0 0 1 1 0 0 0 0 1 0 1 1 0 0
90	8	1 1 1 0 1 0 0 1 1 1 1 1 1 1 0 1 0 0 0 0 1 0 1 1 0 1 1 1 1 0 0 0 1 0 1 0 0 0 1 1 0 0 0 0 1 0 1 0 0 0
90	1	1 1 1 0 1 0 0 0 1 1 1 1 1 1 0 1 0 0 0 0 1 0 1 1 0 1 1 1 1 0 0 0 1 0 1 0 0 0 1 1 0 0 0 0 0 0 1 0 0 0
90	3	1 1 1 0 1 0 0 0 1 1 1 1 1 1 0 1 0 0 0 0 1 0 1 1 0 1 1 1 1 0 0 0 1 0 1 0 0 0 1 1 0 0 0 0 1 0 1 0 0 0
100	1	1 1 1 0 1 0 1 1 0 1 1 0 1 0 0 1 0 0 0 0 1 1 1 0 1 0 1 0 1 1 0 0 0 1 1 0 1 0 1 0 1 1 0 0 1 0 0 1 0 0
100	2	1 1 1 1 1 0 1 1 1 1 1 0 1 0 0 1 0 0 0 0 1 1 1 0 1 0 1 0 1 1 0 0 0 1 1 0 1 0 1 0 1 0 0 0 1 0 0 1 0 0
100	11	1 1 1 0 1 0 1 1 1 1 1 0 1 0 0 0 0 0 0 0 1 1 1 0 1 0 1 0 1 1 0 0 0 1 1 0 1 0 1 0 1 0 0 0 1 0 0 1 0 0
100	1	1 1 1 0 1 0 1 1 1 1 1 0 1 0 0 1 0 0 0 0 1 1 1 0 1 0 1 1 1 1 0 0 0 1 1 0 1 0 1 0 1 0 0 0 1 0 0 1 0 0
100	23	1 1 1 0 1 0 1 1 1 1 1 0 1 0 0 1 0 0 0 0 1 1 1 0 1 0 1 0 1 1 0 0 0 1 1 0 1 0 1 0 1 0 0 0 1 0 0 1 0 0
100	6	1 1 1 0 1 0 1 1 1 1 1 0 1 0 0 1 0 0 0 0 1 1 1 0 1 0 1 0 1 1 0 0 0 1 1 0 1 0 1 0 1 1 0 0 0 0 0 1 0 0
100	3	1 1 1 0 1 0 1 1 1 1 1 0 1 0 0 1 0 0 0 1 1 1 1 0 1 0 1 0 1 1 0 0 0 1 0 0 1 0 1 0 1 1 0 0 1 0 0 1 0 0
100	2	1 1 1 0 1 0 1 1 1 1 1 0 1 0 0 1 0 0 0 0 1 1 1 0 0 0 1 0 1 1 0 0 0 1 1 0 1 0 1 0 1 1 0 0 1 0 0 1 0 0
100	1	1 1 1 0 1 0 1 1 1 1 1 0 1 0 0 1 0 0 0 0 1 1 1 0 1 0 1 0 0 1 0 0 0 1 1 0 1 0 1 0 1 1 0 0 0 0 0 1 0 0
100	18	1 1 1 0 1 0 1 1 1 1 1 0 1 0 0 1 0 0 0 0 1 1 1 0 1 0 1 0 1 1 0 0 0 1 1 0 1 0 1 0 1 1 0 0 1 0 0 1 0 0
100	10	1 1 1 1 1 0 0 0 1 1 1 1 1 1 0 1 0 0 0 0 1 0 1 1 0 1 1 1 1 0 0 0 1 0 1 0 0 0 1 1 0 0 0 0 1 0 1 1 0 0
100	16	1 1 1 0 1 0 0 1 1 1 1 1 1 1 0 1 0 0 0 0 1 0 1 1 0 1 1 1 1 0 0 0 1 0 1 0 0 0 1 1 0 0 0 0 1 0 1 0 0 0
100	2	1 1 1 0 1 0 0 0 1 1 1 1 1 1 0 1 0 0 0 0 1 0 1 1 0 1 1 1 1 0 0 0 1 0 1 0 0 0 1 1 0 0 0 0 0 0 1 0 0 0
100	1	1 1 1 0 1 0 0 0 1 1 1 1 1 1 0 1 0 0 0 0 1 0 1 1 0 1 1 1 1 0 0 0 1 0 1 0 0 0 1 1 0 0 0 0 1 0 1 0 1 0
100	3	1 1 1 0 1 0 0 0 1 1 1 1 1 1 0 1 0 0 0 0 1 0 1 1 0 1 1 1 1 0 0 0 1 0 1 0 0 0 1 1 0 0 0 0 1 0 1 0 0 0
110	4	1 1 1 1 1 0 1 1 1 1 1 0 1 0 0 1 0 0 0 0 1 1 1 0 1 0 1 0 1 1 0 0 0 1 1 0 1 0 1 0 1 0 0 0 1 0 0 1 0 0
110	7	1 1 1 0 1 0 1 1 1 1 1 0 1 0 0 1 0 0 0 0 1 1 1 0 1 0 1 0 1 1 0 0 0 1 1 0 1 0 1 0 0 0 0 0 1 0 0 1 0 0
110	1	1 1 1 0 1 0 1 1 1 1 1 0 1 0 0 0 0 0 0 0 1 1 0 0 1 0 1 0 1 1 0 0 0 1 1 0 1 0 1 0 1 0 0 0 1 1 0 1 0 0
110	1	1 1 1 0 1 0 1 1 1 1 1 0 1 0 0 0 0 0 0 0 1 1 0 0 1 0 1 0 1 1 0 0 0 1 1 0 1 0 1 0 1 0 0 0 1 0 0 1 0 0
110	5	1 1 1 0 1 0 1 1 1 1 1 0 1 0 0 0 0 0 0 0 1 1 1 0 1 0 1 0 1 1 0 0 0 1 1 0 1 0 1 0 1 0 0 0 1 0 0 1 0 0
110	4	1 1 1 0 1 0 1 1 1 1 1 0 1 0 0 1 0 0 0 0 1 1 1 0 1 0 1 0 1 1 0 0 0 1 1 0 1 0 0 0 1 0 0 0 1 0 0 1 0 0
110	1	1 1 1 0 1 0 1 1 1 1 1 0 1 0 0 1 0 0 0 0 1 1 1 0 1 0 1 1 1 1 0 0 0 1 1 0 1 0 1 0 1 0 0 0 1 0 0 1 0 0
110	7	1 1 1 0 1 0 1 1 1 1 1 0 1 0 0 1 0 0 0 0 1 1 1 0 1 0 1 0 1 1 0 0 0 1 1 0 1 0 1 0 1 1 0 0 1 0 0 1 0 0
110	1	1 1 1 0 1 0 1 1 1 1 1 0 1 0 0 1 0 0 0 0 1 1 1 0 1 0 1 0 1 1 0 0 0 1 1 1 1 0 1 0 1 0 0 0 1 0 0 1 0 0
110	1	1 1 1 0 1 0 1 1 1 1 1 0 1 0 0 1 0 0 0 0 1 1 1 0 1 0 1 0 0 1 0 0 0 1 1 0 1 0 1 0 1 0 0 0 1 0 0 1 0 0
110	40	1 1 1 0 1 0 1 1 1 1 1 0 1 0 0 1 0 0 0 0 1 1 1 0 1 0 1 0 1 1 0 0 0 1 1 0 1 0 1 0 1 0 0 0 1 0 0 1 0 0
110	3	1 1 1 0 1 0 1 1 1 1 1 0 1 0 0 1 0 0 0 0 1 1 1 0 1 0 1 0 1 1 0 0 0 1 1 0 1 0 1 0 1 1 0 0 0 0 0 1 0 0
110	1	1 1 1 0 1 0 1 1 1 1 1 0 1 0 0 1 0 0 0 1 1 1 1 0 1 0 1 0 1 1 0 0 0 1 0 0 1 0 1 0 1 1 0 0 1 0 0 1 0 0
110	4	1 1 1 0 1 0 1 1 1 1 1 0 1 0 0 1 0 0 0 0 1 1 1 0 1 0 1 0 0 1 0 0 0 1 1 0 1 0 1 0 1 1 0 0 0 0 0 1 0 0
110	3	1 1 1 1 1 0 0 0 1 1 1 1 1 1 0 1 0 0 0 0 1 0 1 1 0 1 1 1 1 0 0 0 1 0 1 0 0 0 1 1 0 0 0 0 1 0 1 1 0 0
110	13	1 1 1 0 1 0 0 1 1 1 1 1 1 1 0 1 0 0 0 0 1 0 1 1 0 1 1 1 1 0 0 0 1 0 1 0 0 0 1 1 0 0 0 0 1 0 1 0 0 0
110	3	1 1 1 0 1 0 0 0 1 1 1 1 1 1 0 1 0 0 0 0 1 0 1 1 0 1 1 1 1 0 0 0 1 0 1 0 0 0 1 1 0 0 0 0 0 0 1 0 0 0
110	1	1 1 1 0 1 0 0 0 1 1 1 1 1 1 0 1 0 0 0 0 1 0 1 1 0 1 1 1 1 0 0 0 1 0 1 0 0 0 1 1 0 0 0 0 1 0 1 0 0 0
120	1	1 1 1 1 1 0 0 1 1 1 1 0 1 0 0 1 0 0 0 0 1 1 1 0 1 0 1 0 1 1 0 0 0 1 1 0 1 0 1 0 1 0 0 0 1 0 0 1 0 0
120	12	1 1 1 1 1 0 1 1 1 1 1 0 1 0 0 1 0 0 0 0 1 1 1 0 1 0 1 0 1 1 0 0 0 1 1 0 1 0 1 0 1 0 0 0 1 0 0 1 0 0
120	5	1 1 1 0 1 0 1 1 1 1 1 0 1 0 0 1 0 0 0 0 1 1 1 0 1 0 1 0 1 1 0 0 0 1 1 0 1 0 1 0 0 0 0 0 1 0 0 1 0 0
120	1	1 1 1 0 1 0 1 1 1 1 1 0 1 0 0 0 0 0 0 0 1 1 1 0 1 0 1 0 1 1 0 0 0 1 1 0 1 0 1 0 1 0 0 0 0 0 0 1 0 0
120	10	1 1 1 0 1 0 1 1 1 1 1 0 1 0 0 0 0 0 0 0 1 1 1 0 1 0 1 0 1 1 0 0 0 1 1 0 1 0 1 0 1 0 0 0 1 0 0 1 0 0
120	3	1 1 1 0 1 0 1 1 1 1 1 0 1 0 0 1 0 0 0 0 1 1 1 0 1 0 1 0 1 1 0 0 0 1 1 0 1 0 0 0 1 0 0 0 1 0 0 1 0 0
120	2	1 1 1 0 1 0 1 1 1 1 1 0 1 0 0 1 0 0 0 0 1 1 1 0 1 0 1 1 1 1 0 0 0 1 1 0 1 0 1 0 1 0 0 0 1 0 0 1 0 0
120	1	1 1 1 0 1 0 1 1 1 1 1 0 1 0 0 1 0 0 0 0 1 1 1 1 1 0 1 0 1 1 0 0 0 1 1 0 1 0 1 0 1 0 0 0 1 0 0 1 0 0
120	2	1 1 1 0 1 0 1 1 1 1 1 0 1 0 0 1 0 0 0 0 1 1 1 0 1 0 1 0 1 1 0 0 0 1 1 0 1 0 1 0 1 1 0 0 1 0 0 1 0 0
120	1	1 1 1 0 1 0 1 1 1 1 1 0 1 0 0 1 0 0 0 0 1 1 1 0 1 0 1 0 1 1 0 0 0 1 1 1 1 0 1 0 1 0 0 0 1 0 0 1 0 0
120	1	1 1 1 0 1 0 1 1 1 1 1 0 1 0 0 1 0 0 0 0 1 1 1 0 1 0 1 0 1 1 0 0 0 0 1 0 1 0 1 0 1 0 0 0 1 0 0 1 0 0
120	42	1 1 1 0 1 0 1 1 1 1 1 0 1 0 0 1 0 0 0 0 1 1 1 0 1 0 1 0 1 1 0 0 0 1 1 0 1 0 1 0 1 0 0 0 1 0 0 1 0 0
120	3	1 1 1 0 1 0 1 1 1 1 1 0 1 0 0 1 0 0 0 0 1 1 1 0 1 0 1 0 1 1 0 0 0 1 1 0 1 0 1 0 1 1 0 0 0 0 0 1 0 0
120	1	1 1 1 0 1 0 1 1 1 1 1 0 1 0 0 1 0 0 0 0 1 1 1 0 1 0 1 0 0 1 0 0 0 1 1 0 1 0 1 0 1 1 0 0 0 0 0 1 0 0
120	2	1 1 1 1 1 0 0 0 1 1 1 1 1 1 0 1 0 0 0 0 1 0 1 1 0 1 1 1 1 0 0 0 1 0 1 0 0 0 1 1 0 0 0 0 1 0 1 1 0 0
120	1	1 1 1 0 1 0 0 1 1 0 1 1 1 1 0 1 0 0 0 0 1 0 1 1 0 1 1 1 1 0 0 0 1 0 1 0 0 0 1 1 0 0 0 0 1 0 1 0 0 0
120	8	1 1 1 0 1 0 0 1 1 1 1 1 1 1 0 1 0 0 0 0 1 0 1 1 0 1 1 1 1 0 0 0 1 0 1 0 0 0 1 1 0 0 0 0 1 0 1 0 0 0
120	1	1 1 1 0 1 0 0 0 1 1 1 1 1 1 0 1 0 0 0 0 1 0 1 1 0 1 1 1 1 0 0 0 1 0 1 0 0 0 1 1 0 0 0 0 0 0 1 0 0 0
120	3	1 1 1 0 1 0 0 0 1 1 1 1 1 1 0 1 0 0 0 0 1 0 1 1 0 1 1 1 1 0 0 0 1 0 1 0 0 0 1 1 0 0 0 0 1 0 1 0 0 0
130	13	1 1 1 1 1 0 1 1 1 1 1 0 1 0 0 1 0 0 0 0 1 1 1 0 1 0 1 0 1 1 0 0 0 1 1 0 1 0 1 0 1 0 0 0 1 0 0 1 0 0
130	1	1 1 1 0 1 0 1 1 1 1 1 0 1 0 0 1 0 1 0 0 1 1 1 0 1 0 1 0 1 1 0 0 0 1 1 0 1 0 1 0 0 0 0 0 1 0 0 1 0 0
130	14	1 1 1 0 1 0 1 1 1 1 1 0 1 0 0 1 0 0 0 0 1 1 1 0 1 0 1 0 1 1 0 0 0 1 1 0 1 0 1 0 0 0 0 0 1 0 0 1 0 0
130	4	1 1 1 0 1 0 1 1 1 1 1 0 1 0 0 0 0 0 0 0 1 1 1 0 1 0 1 0 1 1 0 0 0 1 1 0 1 0 1 0 1 0 0 0 0 0 0 1 0 0
130	11	1 1 1 0 1 0 1 1 1 1 1 0 1 0 0 0 0 0 0 0 1 1 1 0 1 0 1 0 1 1 0 0 0 1 1 0 1 0 1 0 1 0 0 0 1 0 0 1 0 0
130	3	1 1 1 0 1 0 1 1 1 1 1 0 1 0 0 1 0 0 0 0 1 1 1 0 1 0 1 0 1 1 0 0 0 1 1 0 1 0 0 0 1 0 0 0 1 0 0 1 0 0
130	2	1 1 1 0 1 0 1 1 1 1 1 0 1 0 0 1 0 0 0 0 1 1 1 1 1 0 1 0 1 1 0 0 0 1 1 0 1 0 1 0 1 0 0 0 1 0 0 1 0 0
130	30	1 1 1 0 1 0 1 1 1 1 1 0 1 0 0 1 0 0 0 0 1 1 1 0 1 0 1 0 1 1 0 0 0 1 1 0 1 0 1 0 1 0 0 0 1 0 0 1 0 0
130	3	1 1 1 0 1 0 1 1 1 1 1 0 1 0 0 1 0 0 0 0 1 1 1 0 1 0 1 1 1 1 0 0 0 1 1 0 1 0 1 0 1 0 0 0 1 0 0 1 0 0
130	2	1 1 1 0 1 0 1 1 1 1 1 0 1 0 0 1 0 0 0 0 1 1 1 0 1 0 1 0 1 1 0 0 0 1 1 0 1 0 1 0 1 1 0 0 1 0 0 1 0 0
130	6	1 1 1 0 1 0 1 1 1 1 1 0 1 0 0 1 0 0 0 0 1 1 1 0 1 0 1 0 1 1 0 0 0 1 1 0 1 0 1 0 1 1 0 0 0 0 0 1 0 0
130	3	1 1 1 0 1 0 1 1 1 1 1 0 1 0 0 1 0 0 0 0 1 1 1 0 1 0 1 0 0 1 0 0 0 1 1 0 1 0 1 0 1 1 0 0 0 0 0 1 0 0
130	7	1 1 1 0 1 0 0 1 1 1 1 1 1 1 0 1 0 0 0 0 1 0 1 1 0 1 1 1 1 0 0 0 1 0 1 0 0 0 1 1 0 0 0 0 1 0 1 0 0 0
130	1	1 1 1 0 1 0 0 0 1 1 1 1 1 1 0 1 0 0 0 0 1 0 1 1 0 1 1 1 1 0 0 0 1 0 1 0 0 0 1 1 0 0 0 0 1 0 1 0 0 0
140	18	1 1 1 1 1 0 1 1 1 1 1 0 1 0 0 1 0 0 0 0 1 1 1 0 1 0 1 0 1 1 0 0 0 1 1 0 1 0 1 0 1 0 0 0 1 0 0 1 0 0
140	1	1 1 1 0 1 0 1 1 1 1 1 0 1 0 0 1 0 0 0 0 1 1 1 0 1 0 1 0 1 1 0 0 0 1 0 0 1 0 1 0 0 0 0 0 1 0 0 1 0 0
140	13	1 1 1 0 1 0 1 1 1 1 1 0 1 0 0 1 0 0 0 0 1 1 1 0 1 0 1 0 1 1 0 0 0 1 1 0 1 0 1 0 0 0 0 0 1 0 0 1 0 0
140	3	1 1 1 0 1 0 1 1 1 1 1 0 1 0 0 0 0 0 0 0 1 1 1 0 1 0 1 0 1 1 0 0 0 1 1 0 1 0 1 0 1 0 0 0 0 0 0 1 0 0
140	1	1 1 1 0 0 0 1 1 1 1 1 0 1 0 0 0 0 0 0 0 1 1 1 0 1 0 1 0 1 1 0 0 0 1 1 0 1 0 1 0 1 0 0 0 1 0 0 1 0 0
140	10	1 1 1 0 1 0 1 1 1 1 1 0 1 0 0 0 0 0 0 0 1 1 1 0 1 0 1 0 1 1 0 0 0 1 1 0 1 0 1 0 1 0 0 0 1 0 0 1 0 0
140	1	1 1 1 0 0 0 1 1 1 1 1 0 1 0 0 1 0 0 0 0 1 1 1 0 1 0 1 0 1 1 0 0 0 1 1 0 1 0 1 0 1 0 0 0 1 0 0 1 0 0
140	22	1 1 1 0 1 0 1 1 1 1 1 0 1 0 0 1 0 0 0 0 1 1 1 0 1 0 1 0 1 1 0 0 0 1 1 0 1 0 1 0 1 0 0 0 1 0 0 1 0 0
140	8	1 1 1 0 1 0 1 1 1 1 1 0 1 0 0 1 0 0 0 0 1 1 1 0 1 0 1 0 1 1 0 0 0 1 1 0 1 0 0 0 1 0 0 0 1 0 0 1 0 0
140	7	1 1 1 0 1 0 1 1 1 1 1 0 1 0 0 1 0 0 0 0 1 1 1 0 1 0 1 1 1 1 0 0 0 1 1 0 1 0 1 0 1 0 0 0 1 0 0 1 0 0
140	1	1 1 1 0 1 0 1 1 1 1 1 0 1 0 0 1 0 0 0 0 1 1 1 0 1 0 1 0 1 1 0 0 0 1 1 0 1 0 1 0 1 1 0 0 1 0 0 1 0 0
140	7	1 1 1 0 1 0 1 1 1 1 1 0 1 0 0 1 0 0 0 0 1 1 1 0 1 0 1 0 1 1 0 0 0 1 1 0 1 0 1 0 1 1 0 0 0 0 0 1 0 0
140	1	1 1 1 0 1 0 1 1 1 1 1 0 1 0 0 1 0 0 0 0 1 1 1 0 1 0 1 0 0 1 0 0 0 1 1 0 1 0 1 0 1 1 0 0 0 0 0 1 0 0
140	2	1 1 1 0 1 0 0 1 1 1 1 1 1 1 0 1 0 0 0 1 1 0 1 1 0 1 1 1 1 0 0 0 1 0 1 0 0 0 1 1 0 0 0 0 1 0 1 0 0 0
140	1	1 1 1 0 1 0 0 1 1 1 1 1 1 1 0 1 0 0 0 0 1 0 1 1 0 1 1 1 1 0 0 0 1 0 1 0 0 1 1 1 0 0 0 0 1 0 1 0 0 0
140	4	1 1 1 0 1 0 0 1 1 1 1 1 1 1 0 1 0 0 0 0 1 0 1 1 0 1 1 1 1 0 0 0 1 0 1 0 0 0 1 1 0 0 0 0 1 0 1 0 0 0
150	1	1 1 1 1 1 0 1 1 1 1 1 0 1 0 0 1 0 0 0 0 0 1 1 0 1 0 1 0 1 1 0 0 0 1 1 0 1 0 1 0 1 0 0 0 1 0 0 1 0 0
150	14	1 1 1 1 1 0 1 1 1 1 1 0 1 0 0 1 0 0 0 0 1 1 1 0 1 0 1 0 1 1 0 0 0 1 1 0 1 0 1 0 1 0 0 0 1 0 0 1 0 0
150	4	1 1 1 0 1 0 1 1 1 1 1 0 1 0 0 1 0 0 0 0 1 1 1 0 1 0 1 0 1 1 0 0 0 1 0 0 1 0 1 0 0 0 0 0 1 0 0 1 0 0
150	28	1 1 1 0 1 0 1 1 1 1 1 0 1 0 0 1 0 0 0 0 1 1 1 0 1 0 1 0 1 1 0 0 0 1 1 0 1 0 1 0 0 0 0 0 1 0 0 1 0 0
150	5	1 1 1 0 1 0 1 1 1 1 1 0 1 0 0 0 0 0 0 0 1 1 1 0 1 0 1 0 1 1 0 0 0 1 1 0 1 0 1 0 1 0 0 0 0 0 0 1 0 0
150	5	1 1 1 0 1 0 1 1 1 1 1 0 1 0 0 0 0 0 0 0 1 1 1 0 1 0 1 0 1 1 0 0 0 1 1 0 1 0 1 0 1 0 0 0 1 0 0 1 0 0
150	7	1 1 1 0 1 0 1 1 1 1 1 0 1 0 0 1 0 0 0 0 1 1 1 0 1 0 1 0 1 1 0 0 0 1 1 0 1 0 0 0 1 0 0 0 1 0 0 1 0 0
150	1	1 0 1 0 1 0 1 1 1 1 1 0 1 0 0 1 0 0 0 0 1 1 1 0 1 0 1 0 1 1 0 0 0 1 1 0 1 0 1 0 1 0 0 0 1 0 0 1 0 0
150	1	1 1 1 0 1 0 1 1 1 1 1 0 1 0 0 1 0 0 0 1 1 1 1 0 1 0 1 0 1 1 0 0 0 1 1 0 1 0 1 0 1 0 0 0 1 0 0 1 0 0
150	25	1 1 1 0 1 0 1 1 1 1 1 0 1 0 0 1 0 0 0 0 1 1 1 0 1 0 1 0 1 1 0 0 0 1 1 0 1 0 1 0 1 0 0 0 1 0 0 1 0 0
150	1	1 1 1 0 1 0 1 1 1 1 1 0 1 0 0 1 0 0 0 0 1 1 1 0 1 0 1 1 1 1 0 0 0 1 1 0 1 0 1 0 1 0 0 0 1 0 0 1 0 0
150	4	1 1 1 0 1 0 1 1 1 1 1 0 1 0 0 1 0 0 0 0 1 1 1 0 1 0 1 0 1 1 0 0 0 1 1 0 1 0 1 0 1 1 0 0 1 0 0 1 0 0
150	1	1 1 1 0 1 0 1 1 1 1 1 0 1 0 0 1 0 0 0 0 1 1 1 0 1 0 1 0 0 1 0 0 0 1 1 0 1 0 1 0 1 1 0 0 0 0 0 0 0 0
150	1	1 1 1 0 1 0 0 1 1 1 1 1 1 1 0 1 0 0 0 0 1 0 1 1 0 1 1 1 1 0 0 0 1 0 1 0 0 1 1 1 0 0 0 0 1 0 1 0 0 0
150	2	1 1 1 0 1 0 0 1 1 1 1 1 1 1 0 1 0 0 0 0 1 0 1 1 0 1 1 1 1 0 0 0 1 0 1 0 0 0 1 1 0 0 0 0 1 0 1 0 0 0
160	24	1 1 1 1 1 0 1 1 1 1 1 0 1 0 0 1 0 0 0 0 1 1 1 0 1 0 1 0 1 1 0 0 0 1 1 0 1 0 1 0 1 0 0 0 1 0 0 1 0 0
160	1	1 1 1 0 1 0 1 1 1 1 1 0 1 0 0 1 0 0 0 0 1 1 1 0 1 0 1 0 1 1 0 0 0 1 1 1 1 0 1 0 1 0 0 0 1 0 0 1 0 0
160	5	1 1 1 0 1 0 1 1 1 1 1 0 1 0 0 1 0 0 0 0 1 1 1 0 1 0 1 0 1 1 0 0 0 1 1 0 1 0 0 0 1 0 0 0 1 0 0 1 0 0
160	12	1 1 1 0 1 0 1 1 1 1 1 0 1 0 0 1 0 0 0 0 1 1 1 0 1 0 1 0 1 1 0 0 0 1 1 0 1 0 1 0 1 0 0 0 1 0 0 1 0 0
160	3	1 1 1 0 1 0 1 1 1 1 1 0 1 0 0 1 0 0 0 0 1 1 1 0 1 0 1 0 1 1 0 0 0 1 0 0 1 0 1 0 0 0 0 0 1 0 0 1 0 0
160	41	1 1 1 0 1 0 1 1 1 1 1 0 1 0 0 1 0 0 0 0 1 1 1 0 1 0 1 0 1 1 0 0 0 1 1 0 1 0 1 0 0 0 0 0 1 0 0 1 0 0
160	1	1 1 1 0 1 0 1 1 1 1 1 0 1 0 0 1 0 0 0 0 1 1 1 1 1 0 1 0 1 1 0 0 0 1 1 0 1 0 1 0 0 0 0 0 1 0 0 1 0 0
160	2	1 1 1 0 1 0 1 1 1 1 1 0 1 0 0 0 0 0 0 0 1 1 1 1 1 0 1 0 1 1 0 0 0 1 1 0 1 0 1 0 1 0 0 0 0 0 0 1 0 0
160	3	1 1 1 0 1 0 1 1 1 1 1 0 1 0 0 0 0 0 0 0 1 1 1 0 1 0 1 0 1 1 0 0 0 1 1 0 1 0 1 0 1 0 0 0 0 0 0 1 0 0
160	4	1 1 1 0 1 0 1 1 1 1 1 0 1 0 0 0 0 0 0 0 1 1 1 0 1 0 1 0 1 1 0 0 0 1 1 0 1 0 1 0 1 0 0 0 1 0 0 1 0 0
160	1	1 1 1 0 1 0 1 1 1 1 1 0 1 0 0 1 0 0 0 0 1 1 1 0 1 0 1 0 1 1 0 0 0 1 1 0 1 0 1 0 1 1 0 0 0 0 0 1 0 0
160	1	1 1 1 0 1 0 1 1 1 1 1 0 1 0 0 1 0 0 0 0 1 1 1 0 1 0 1 0 0 1 0 0 0 1 1 0 1 0 1 0 1 1 0 0 0 0 0 0 0 0
160	2	1 1 1 0 1 0 0 1 1 1 1 1 1 1 0 1 0 0 0 0 1 0 1 1 0 1 1 1 1 0 0 0 1 0 1 0 0 0 1 1 0 0 0 0 1 0 1 0 0 0
170	1	1 1 1 1 1 0 1 1 1 1 1 0 1 0 0 1 0 0 0 0 1 1 1 0 1 0 0 0 1 1 0 0 0 1 1 0 1 0 1 0 1 0 0 0 1 0 0 1 0 0
170	19	1 1 1 1 1 0 1 1 1 1 1 0 1 0 0 1 0 0 0 0 1 1 1 0 1 0 1 0 1 1 0 0 0 1 1 0 1 0 1 0 1 0 0 0 1 0 0 1 0 0
170	1	1 1 1 0 1 0 1 1 1 1 1 0 1 0 0 1 0 0 0 0 1 1 1 0 1 0 1 0 1 1 0 0 0 1 1 0 1 0 0 0 1 0 0 0 1 0 0 1 0 0
170	4	1 1 1 0 1 0 1 1 1 1 1 0 1 0 0 1 0 0 0 0 1 1 1 0 1 1 1 0 1 1 0 0 0 1 1 0 1 0 1 0 1 0 0 0 1 0 0 1 0 0
170	10	1 1 1 0 1 0 1 1 1 1 1 0 1 0 0 1 0 0 0 0 1 1 1 0 1 0 1 0 1 1 0 0 0 1 1 0 1 0 1 0 1 0 0 0 1 0 0 1 0 0
170	1	1 1 1 0 1 0 1 1 1 1 1 0 1 0 0 1 0 0 0 0 1 1 1 1 1 0 1 0 1 1 0 0 0 1 1 0 1 0 1 0 0 0 0 0 1 0 0 1 0 0
170	39	1 1 1 0 1 0 1 1 1 1 1 0 1 0 0 1 0 0 0 0 1 1 1 0 1 0 1 0 1 1 0 0 0 1 1 0 1 0 1 0 0 0 0 0 1 0 0 1 0 0
170	8	1 1 1 0 1 0 1 1 1 1 1 0 1 0 0 1 0 0 0 0 1 1 1 0 1 0 1 0 1 1 0 0 0 1 0 0 1 0 1 0 0 0 0 0 1 0 0 1 0 0
170	1	1 1 1 0 1 0 1 1 1 1 1 0 1 0 1 1 0 0 0 0 1 1 1 0 1 0 1 0 1 1 0 0 0 1 1 0 1 0 1 0 0 0 0 0 1 0 0 1 0 0
170	2	1 1 1 0 1 0 1 1 1 1 1 0 1 0 0 0 1 0 0 0 1 1 1 0 1 0 1 0 1 1 0 0 0 1 1 0 1 0 1 0 1 0 0 0 0 0 1 1 0 0
170	1	1 1 1 0 1 0 1 1 1 1 1 0 1 0 0 0 0 0 0 0 1 1 1 0 1 0 1 0 1 1 0 0 0 1 1 1 1 0 1 0 1 0 0 0 0 0 0 1 0 0
170	8	1 1 1 0 1 0 1 1 1 1 1 0 1 0 0 0 0 0 0 0 1 1 1 0 1 0 1 0 1 1 0 0 0 1 1 0 1 0 1 0 1 0 0 0 0 0 0 1 0 0
170	1	1 1 1 0 1 0 1 1 1 0 1 0 1 0 0 0 0 0 0 1 1 1 1 0 1 0 1 0 1 1 0 0 0 1 1 0 1 0 1 0 1 0 0 0 1 0 0 1 0 0
170	2	1 1 1 0 1 0 1 1 1 1 1 0 1 0 0 0 0 0 0 0 1 1 1 0 1 0 1 0 1 1 0 0 0 1 1 0 1 0 1 0 1 0 0 0 1 0 0 1 0 0
170	2	1 1 1 0 1 0 1 1 1 1 1 0 1 0 0 1 0 0 0 0 1 1 1 0 1 0 1 0 0 1 0 0 0 1 1 0 1 0 1 0 1 1 0 0 0 0 0 0 0 0
180	1	1 1 1 1 1 0 1 1 1 1 1 0 1 0 0 1 0 0 0 0 1 1 1 1 1 0 1 0 1 1 0 0 0 1 1 0 1 0 1 0 1 0 0 0 1 0 0 1 0 0
180	1	1 1 1 1 1 0 1 1 1 1 1 0 1 0 0 1 0 0 0 1 1 1 1 0 1 0 1 0 1 1 0 0 0 1 1 0 1 0 1 0 1 0 0 0 1 0 0 1 0 0
180	20	1 1 1 1 1 0 1 1 1 1 1 0 1 0 0 1 0 0 0 0 1 1 1 0 1 0 1 0 1 1 0 0 0 1 1 0 1 0 1 0 1 0 0 0 1 0 0 1 0 0
180	1	1 1 1 0 1 0 1 1 1 1 1 0 1 0 0 1 0 0 0 0 1 1 1 0 1 0 1 0 1 1 0 0 0 1 0 0 1 0 0 0 1 0 0 0 1 0 0 1 0 0
180	4	1 1 1 0 1 0 1 1 1 1 1 0 1 0 0 1 0 0 0 0 1 1 1 0 1 0 1 0 1 1 0 0 0 1 1 0 1 0 0 0 1 0 0 0 1 0 0 1 0 0
180	1	1 1 1 0 1 0 1 1 1 1 1 0 1 0 0 1 0 0 0 0 1 1 1 0 1 1 1 0 1 1 0 0 0 1 1 0 1 0 1 0 1 0 0 0 1 0 0 1 0 0
180	1	1 1 1 0 1 0 1 1 1 1 1 0 1 0 0 1 0 0 0 0 1 1 1 0 1 0 1 0 1 1 1 0 0 1 1 0 1 0 1 0 1 0 0 0 1 0 0 1 0 0
180	4	1 1 1 0 1 0 1 1 1 1 1 0 1 0 0 1 0 0 0 0 1 1 1 0 1 0 1 0 1 1 0 0 0 1 1 0 1 0 1 0 1 0 0 0 1 0 0 1 0 0
180	3	1 1 1 0 1 0 1 1 1 1 1 0 1 0 0 1 0 0 0 0 1 1 1 1 1 0 1 0 1 1 0 0 0 1 1 0 1 0 1 0 0 0 0 0 1 0 0 1 0 0
180	1	1 1 1 0 1 0 1 1 1 1 1 0 1 0 1 1 0 0 0 0 1 1 1 0 1 0 1 0 1 1 0 0 0 1 1 0 1 0 1 0 0 0 0 0 1 0 0 1 0 0
180	47	1 1 1 0 1 0 1 1 1 1 1 0 1 0 0 1 0 0 0 0 1 1 1 0 1 0 1 0 1 1 0 0 0 1 1 0 1 0 1 0 0 0 0 0 1 0 0 1 0 0
180	10	1 1 1 0 1 0 1 1 1 1 1 0 1 0 0 1 0 0 0 0 1 1 1 0 1 0 1 0 1 1 0 0 0 1 0 0 1 0 1 0 0 0 0 0 1 0 0 1 0 0
180	6	1 1 1 0 1 0 1 1 1 1 1 0 1 0 0 0 0 0 0 0 1 1 1 0 1 0 1 0 1 1 0 0 0 1 1 0 1 0 1 0 1 0 0 0 0 0 0 1 0 0
190	1	1 1 1 1 1 0 1 1 1 1 1 0 1 0 0 1 0 0 0 0 1 1 1 1 1 0 1 0 1 1 0 0 0 1 1 0 1 0 1 0 1 0 0 0 1 0 0 1 0 0
190	1	1 1 1 1 1 0 1 1 1 1 1 0 0 0 0 1 0 0 0 0 1 1 1 0 1 0 1 0 1 1 0 0 0 1 1 0 1 0 1 0 1 0 0 0 1 0 0 1 0 0
190	19	1 1 1 1 1 0 1 1 1 1 1 0 1 0 0 1 0 0 0 0 1 1 1 0 1 0 1 0 1 1 0 0 0 1 1 0 1 0 1 0 1 0 0 0 1 0 0 1 0 0
190	1	1 1 1 0 1 0 1 1 1 1 1 1 1 0 0 1 0 0 0 0 1 1 1 0 1 0 1 0 1 1 0 0 0 1 1 0 1 0 0 0 1 0 0 0 1 0 0 1 0 0
190	2	1 1 1 0 1 0 1 1 1 1 1 0 1 0 0 1 0 0 0 0 1 1 1 0 1 0 1 0 1 1 0 0 0 1 1 0 1 0 0 0 1 0 0 0 1 0 0 1 0 0
190	2	1 1 1 0 1 0 1 1 1 1 1 0 1 0 0 1 0 0 0 0 1 1 1 0 1 1 1 0 1 1 0 0 0 1 1 0 1 0 1 0 1 0 0 0 1 0 0 1 0 0
190	4	1 1 1 0 1 0 1 1 1 1 1 0 1 0 0 1 0 0 0 0 1 1 1 0 1 0 1 0 1 1 0 0 0 1 1 0 1 0 1 0 1 0 0 0 1 0 0 1 0 0
190	4	1 1 1 0 1 0 1 1 1 1 1 0 1 0 0 1 0 0 0 0 1 1 1 1 1 0 1 0 1 1 0 0 0 1 1 0 1 0 1 0 0 0 0 0 1 0 0 1 0 0
190	1	1 1 1 0 1 0 1 1 1 1 1 0 1 0 0 1 0 0 0 0 1 1 1 0 1 0 1 0 1 1 0 0 1 1 1 0 1 0 1 0 0 0 0 0 1 0 0 1 0 0
190	54	1 1 1 0 1 0 1 1 1 1 1 0 1 0 0 1 0 0 0 0 1 1 1 0 1 0 1 0 1 1 0 0 0 1 1 0 1 0 1 0 0 0 0 0 1 0 0 1 0 0
190	2	1 1 1 0 1 0 1 1 1 1 1 0 1 0 0 1 0 0 0 0 1 1 1 0 1 0 1 0 1 1 0 0 0 1 0 0 1 0 1 0 0 0 0 0 1 0 0 1 0 0
190	2	1 1 1 0 1 0 1 1 1 1 1 0 1 0 0 0 0 0 0 0 1 1 1 0 1 0 1 0 1 1 0 0 0 1 1 1 1 0 1 0 1 0 0 0 0 0 0 1 0 0
190	2	1 1 1 0 1 0 1 1 1 1 1 0 1 0 0 0 0 0 0 0 1 1 1 0 1 0 1 0 1 1 0 0 0 1 1 0 1 0 1 0 1 0 0 0 0 0 0 0 0 0
190	5	1 1 1 0 1 0 1 1 1 1 1 0 1 0 0 0 0 0 0 0 1 1 1 0 1 0 1 0 1 1 0 0 0 1 1 0 1 0 1 0 1 0 0 0 0 0 0 1 0 0
200	3	1 1 1 1 1 0 1 1 1 1 1 0 0 0 0 1 0 0 0 0 1 1 1 0 1 0 1 0 1 1 0 0 0 1 1 0 1 0 1 0 1 0 0 0 1 0 0 1 0 0
200	1	1 1 1 1 1 0 0 1 1 1 1 0 1 0 0 1 0 0 0 0 1 1 1 0 1 0 1 0 1 1 0 0 0 1 1 0 1 0 1 0 1 0 0 0 1 0 0 1 0 0
200	30	1 1 1 1 1 0 1 1 1 1 1 0 1 0 0 1 0 0 0 0 1 1 1 0 1 0 1 0 1 1 0 0 0 1 1 0 1 0 1 0 1 0 0 0 1 0 0 1 0 0
200	1	1 1 1 0 1 0 1 1 1 1 1 0 1 0 0 1 0 0 0 0 1 1 1 0 1 0 1 0 1 1 0 0 0 1 1 0 1 0 0 0 1 0 0 0 1 0 0 1 0 0
200	2	1 1 1 0 1 0 1 1 1 1 1 0 1 0 0 1 0 0 0 0 1 1 1 0 1 1 1 0 1 1 0 0 0 1 1 0 1 0 1 0 1 0 0 0 1 0 0 1 0 0
200	1	1 1 1 0 1 0 1 1 1 1 1 0 1 0 0 1 0 0 0 0 1 1 1 0 1 0 1 0 1 1 0 0 0 1 1 0 1 0 1 0 1 0 0 0 1 0 0 1 0 0
200	1	1 1 1 0 1 0 1 1 1 1 1 0 1 0 0 1 0 0 1 0 1 1 1 1 1 0 1 0 1 1 0 0 0 1 1 0 1 0 1 0 0 0 0 0 1 0 0 1 0 0
200	6	1 1 1 0 1 0 1 1 1 1 1 0 1 0 0 1 0 0 0 0 1 1 1 1 1 0 1 0 1 1 0 0 0 1 1 0 1 0 1 0 0 0 0 0 1 0 0 1 0 0
200	1	1 1 1 0 1 0 1 1 1 1 1 0 0 0 0 1 0 0 0 0 1 1 1 0 1 0 1 0 1 1 0 0 0 1 1 0 1 0 1 0 0 0 0 0 1 0 0 1 0 0
200	1	1 1 1 0 0 0 1 1 1 1 1 0 1 0 0 1 0 0 0 0 1 1 1 0 1 0 1 0 1 1 0 0 0 1 1 0 1 0 1 0 0 0 0 0 1 0 0 1 0 0
200	3	1 1 1 0 1 0 1 1 1 1 1 0 1 0 0 1 0 0 0 0 1 1 1 0 1 0 1 0 1 1 0 0 0 0 1 0 1 0 1 0 0 0 0 0 1 0 0 1 0 0
200	1	1 1 1 0 1 0 1 1 1 1 1 0 1 0 0 1 0 0 0 0 1 0 1 0 1 0 1 0 1 1 0 0 0 1 1 0 1 0 1 0 0 0 0 0 1 0 0 1 0 0
200	41	1 1 1 0 1 0 1 1 1 1 1 0 1 0 0 1 0 0 0 0 1 1 1 0 1 0 1 0 1 1 0 0 0 1 1 0 1 0 1 0 0 0 0 0 1 0 0 1 0 0
200	2	1 1 1 0 1 0 1 1 1 1 1 0 1 0 0 1 0 0 0 0 1 1 1 0 1 0 1 0 1 1 0 0 0 1 0 0 1 0 1 0 0 0 0 0 1 0 0 1 0 0
200	1	1 1 1 0 1 0 1 1 1 1 1 0 1 0 0 0 0 0 0 0 1 1 1 0 1 0 1 0 1 1 0 0 0 1 1 1 1 0 1 0 1 0 0 0 0 0 0 1 0 0
200	5	1 1 1 0 1 0 1 1 1 1 1 0 1 0 0 0 0 0 0 0 1 1 1 0 1 0 1 0 1 1 0 0 0 1 1 0 1 0 1 0 1 0 0 0 0 0 0 1 0 0
210	22	1 1 1 1 1 0 1 1 1 1 1 0 1 0 0 1 0 0 0 0 1 1 1 0 1 0 1 0 1 1 0 0 0 1 1 0 1 0 1 0 1 0 0 0 1 0 0 1 0 0
210	1	1 1 1 1 1 0 1 1 1 1 1 0 1 0 0 1 0 0 0 0 1 1 1 0 1 1 1 0 1 1 0 0 0 1 1 0 1 0 1 0 1 0 0 0 1 0 0 1 0 0
210	1	1 1 1 1 1 0 1 1 1 1 1 0 1 0 0 1 0 0 0 0 1 1 1 0 1 0 1 0 1 1 0 1 0 1 1 0 1 0 1 0 1 0 0 0 1 0 0 1 0 0
210	6	1 1 1 0 1 0 1 1 1 1 1 0 1 0 0 1 0 0 0 0 1 1 1 1 1 0 1 0 1 1 0 0 0 1 1 0 1 0 1 0 0 0 0 0 1 0 0 1 0 0
210	1	1 1 1 0 1 0 1 1 1 1 1 0 1 0 1 1 0 0 0 0 1 1 1 0 1 0 1 0 1 1 0 0 0 1 1 0 1 0 1 0 0 0 0 0 1 0 0 1 0 0
210	1	1 1 1 0 1 0 1 1 1 1 1 0 0 0 0 1 0 0 0 0 1 1 1 0 1 0 1 0 1 1 0 0 0 1 1 0 1 0 1 0 0 0 0 0 1 0 0 1 0 0
210	2	1 1 1 0 1 0 1 1 1 1 1 0 1 0 0 1 0 0 0 0 1 1 1 0 1 0 1 0 1 1 0 0 0 1 1 0 1 0 1 0 0 0 0 0 1 0 0 0 0 0
210	1	1 1 1 0 1 0 1 1 1 1 1 0 1 0 0 1 0 0 0 0 1 0 1 0 0 0 1 0 1 1 0 0 0 1 1 0 1 0 1 0 0 0 0 0 1 0 0 1 0 0
210	1	1 1 1 0 1 0 1 1 1 1 1 0 1 1 0 1 0 0 0 0 1 1 1 0 1 0 1 0 1 1 0 0 0 1 1 0 1 0 1 0 0 0 0 0 1 0 0 1 0 0
210	51	1 1 1 0 1 0 1 1 1 1 1 0 1 0 0 1 0 0 0 0 1 1 1 0 1 0 1 0 1 1 0 0 0 1 1 0 1 0 1 0 0 0 0 0 1 0 0 1 0 0
210	6	1 1 1 0 1 0 1 1 1 1 1 0 1 0 0 1 0 0 0 0 1 1 1 0 1 0 1 0 1 1 0 0 0 1 0 0 1 0 1 0 0 0 0 0 1 0 0 1 0 0
210	7	1 1 1 0 1 0 1 1 1 1 1 0 1 0 0 0 0 0 0 0 1 1 1 0 1 0 1 0 1 1 0 0 0 1 1 0 1 0 1 0 1 0 0 0 0 0 0 1 0 0
220	1	1 1 1 1 1 0 1 1 1 1 1 0 1 0 0 1 0 0 0 0 1 1 1 1 1 0 1 0 1 1 0 1 0 1 1 0 1 0 1 0 1 0 0 0 1 0 0 1 0 0
220	1	1 1 1 1 1 0 1 1 1 1 1 0 1 0 0 1 0 0 0 0 1 1 1 0 1 0 1 0 1 1 0 1 0 1 1 0 1 0 1 0 1 0 0 0 1 0 0 1 0 0
220	1	1 1 1 1 1 0 1 1 1 1 1 0 1 0 0 1 0 0 0 1 1 1 1 0 1 0 1 0 1 1 0 0 0 1 1 0 1 0 1 0 1 0 0 0 1 0 0 1 0 0
220	1	1 1 1 1 1 0 1 1 1 1 1 0 1 0 0 1 0 0 0 0 1 1 1 0 1 0 1 0 1 1 0 0 0 1 1 0 1 0 1 0 1 0 0 0 1 0 0 0 0 0
220	1	1 1 1 1 1 0 1 1 1 1 1 0 1 0 0 1 0 0 0 0 1 1 1 0 1 0 1 0 1 1 0 0 0 0 1 0 1 0 1 0 1 0 0 0 1 0 0 1 0 0
220	16	1 1 1 1 1 0 1 1 1 1 1 0 1 0 0 1 0 0 0 0 1 1 1 0 1 0 1 0 1 1 0 0 0 1 1 0 1 0 1 0 1 0 0 0 1 0 0 1 0 0
220	1	1 1 1 0 1 0 1 1 1 1 1 0 1 0 0 1 0 0 0 0 1 1 1 0 1 0 1 0 1 1 0 0 0 1 1 0 1 0 0 0 1 0 0 0 1 0 0 1 0 0
220	5	1 1 1 0 1 0 1 1 1 1 1 0 1 0 0 1 0 0 0 0 1 1 1 1 1 0 1 0 1 1 0 0 0 1 1 0 1 0 1 0 0 0 0 0 1 0 0 1 0 0
220	3	1 1 1 0 1 0 1 1 1 1 1 0 1 0 0 1 0 0 0 0 1 1 1 0 1 0 1 0 1 1 0 0 0 1 1 0 1 0 1 0 0 0 0 0 1 0 0 0 0 0
220	51	1 1 1 0 1 0 1 1 1 1 1 0 1 0 0 1 0 0 0 0 1 1 1 0 1 0 1 0 1 1 0 0 0 1 1 0 1 0 1 0 0 0 0 0 1 0 0 1 0 0
220	1	1 1 1 0 1 0 1 1 1 1 1 0 1 1 0 1 0 0 0 0 1 1 1 0 1 0 1 0 1 1 0 0 0 1 1 0 1 0 1 0 0 0 0 0 1 0 0 1 0 0
220	2	1 1 1 0 1 0 1 1 1 1 1 0 1 0 0 1 0 0 0 0 1 1 1 0 1 0 1 0 1 1 0 0 0 1 0 0 1 0 1 0 0 0 0 0 1 0 0 1 0 0
220	1	1 1 1 0 1 0 1 1 1 1 1 0 1 0 0 0 0 0 0 0 1 1 1 0 1 0 1 0 1 1 0 0 0 1 1 0 1 0 1 0 0 0 0 0 0 0 0 1 0 0
220	15	1 1 1 0 1 0 1 1 1 1 1 0 1 0 0 0 0 0 0 0 1 1 1 0 1 0 1 0 1 1 0 0 0 1 1 0 1 0 1 0 1 0 0 0 0 0 0 1 0 0
230	1	1 1 1 1 1 0 1 1 1 1 1 0 1 0 0 1 0 0 0 0 1 1 1 0 1 0 1 0 1 1 0 0 0 1 1 0 1 0 1 0 1 0 0 0 1 0 0 0 0 0
230	1	1 1 1 1 1 0 1 1 1 1 1 0 1 0 0 1 0 0 0 0 1 1 1 0 1 0 1 1 1 1 0 0 0 1 1 0 1 0 1 0 1 0 0 0 1 0 0 1 0 0
230	1	1 1 1 0 1 0 1 1 1 1 1 0 1 0 0 1 0 0 0 0 1 1 1 0 1 0 1 0 1 1 0 0 0 1 1 0 1 0 1 0 1 0 0 0 1 0 0 1 0 0
230	11	1 1 1 1 1 0 1 1 1 1 1 0 1 0 0 1 0 0 0 0 1 1 1 0 1 0 1 0 1 1 0 0 0 1 1 0 1 0 1 0 1 0 0 0 1 0 0 1 0 0
230	4	1 1 1 0 1 0 1 1 1 1 1 0 1 0 0 1 0 0 0 0 1 1 1 1 1 0 1 0 1 1 0 0 0 1 1 0 1 0 1 0 0 0 0 0 1 0 0 1 0 0
230	1	1 1 1 0 1 0 1 1 1 1 1 1 1 0 0 1 0 0 0 0 1 1 1 0 1 0 1 0 1 1 0 0 0 1 1 0 1 0 1 0 0 0 0 0 1 0 0 1 0 0
230	6	1 1 1 0 1 0 1 1 1 1 1 0 1 0 0 1 0 0 0 0 1 1 1 0 1 0 1 0 1 1 0 0 0 1 1 0 1 0 1 0 0 0 0 0 1 0 0 0 0 0
230	6	1 1 1 0 1 0 1 1 1 1 1 0 1 0 0 1 0 0 0 0 1 1 1 0 1 0 1 0 1 1 0 0 0 1 0 0 1 0 1 0 0 0 0 0 1 0 0 1 0 0
230	46	1 1 1 0 1 0 1 1 1 1 1 0 1 0 0 1 0 0 0 0 1 1 1 0 1 0 1 0 1 1 0 0 0 1 1 0 1 0 1 0 0 0 0 0 1 0 0 1 0 0
230	1	1 1 1 0 1 0 1 1 1 1 1 0 0 0 0 1 0 0 0 0 1 1 1 0 1 0 1 0 1 1 0 0 0 1 1 0 1 0 1 0 0 0 0 0 1 0 0 1 0 0
230	3	1 1 1 0 1 0 1 1 1 1 1 0 1 1 0 1 0 0 0 0 1 1 1 0 1 0 1 0 1 1 0 0 0 1 1 0 1 0 1 0 0 0 0 0 1 0 0 1 0 0
230	1	1 1 1 0 1 0 1 1 1 1 1 0 1 0 0 1 0 0 0 0 1 1 1 0 1 0 1 0 1 1 0 0 0 0 1 1 1 0 1 0 0 0 0 0 1 0 0 1 0 0
230	1	1 1 1 0 1 0 1 1 1 1 1 0 1 0 0 1 0 0 0 0 1 1 1 0 1 0 1 0 1 1 0 0 0 1 1 1 1 0 1 0 0 0 0 0 1 0 0 1 0 0
230	2	1 1 1 0 1 0 1 1 1 1 1 0 1 0 0 0 0 0 0 0 1 1 1 0 1 0 1 0 1 1 0 0 0 1 1 0 1 0 1 0 0 0 0 0 0 0 0 1 0 0
230	1	1 1 1 0 1 0 1 1 1 1 1 0 1 0 0 0 0 0 0 0 1 1 1 0 1 0 1 0 1 1 0 0 0 1 1 0 1 0 1 0 1 0 0 1 0 0 0 1 0 0
230	14	1 1 1 0 1 0 1 1 1 1 1 0 1 0 0 0 0 0 0 0 1 1 1 0 1 0 1 0 1 1 0 0 0 1 1 0 1 0 1 0 1 0 0 0 0 0 0 1 0 0
240	2	1 1 1 1 1 0 1 1 1 1 1 0 1 0 0 1 0 0 0 0 1 1 1 0 1 0 1 0 1 1 0 0 0 1 1 0 1 0 1 0 1 0 0 0 1 0 0 0 0 0
240	3	1 1 1 1 1 0 1 1 1 1 1 0 1 0 0 1 0 0 0 0 1 1 1 0 1 0 0 0 1 1 0 0 0 1 1 0 1 0 1 0 1 0 0 0 1 0 0 1 0 0
240	11	1 1 1 1 1 0 1 1 1 1 1 0 1 0 0 1 0 0 0 0 1 1 1 0 1 0 1 0 1 1 0 0 0 1 1 0 1 0 1 0 1 0 0 0 1 0 0 1 0 0
240	1	1 1 1 1 1 0 1 1 1 1 1 0 1 0 0 1 0 0 0 0 1 1 1 0 1 0 1 0 1 1 0 0 0 1 1 0 1 0 1 1 1 0 0 0 1 0 0 1 0 1
240	5	1 1 1 0 1 0 1 1 1 1 1 0 1 0 0 1 0 0 0 0 1 1 1 1 1 0 1 0 1 1 0 0 0 1 1 0 1 0 1 0 0 0 0 0 1 0 0 1 0 0
240	14	1 1 1 0 1 0 1 1 1 1 1 0 1 0 0 1 0 0 0 0 1 1 1 0 1 0 1 0 1 1 0 0 0 1 1 0 1 0 1 0 0 0 0 0 1 0 0 0 0 0
240	1	1 1 1 0 1 0 1 1 1 1 1 0 1 0 0 1 0 0 0 0 1 1 1 0 1 0 1 0 1 0 0 0 0 1 0 0 1 0 1 0 0 0 0 0 1 0 0 1 0 0
240	1	1 1 1 0 1 0 1 1 1 1 1 0 1 0 0 1 0 0 0 0 1 1 1 0 1 0 1 0 1 1 0 0 0 1 0 0 1 0 1 0 0 0 0 0 1 0 0 1 0 0
240	2	1 1 1 0 1 0 1 1 1 1 1 0 0 0 0 1 0 0 0 0 1 1 1 0 1 0 1 0 1 1 0 0 0 1 1 0 1 0 1 0 0 0 0 0 1 0 0 1 0 0
240	1	1 1 1 0 1 0 1 1 1 1 1 0 1 0 0 1 0 0 0 0 1 1 1 0 1 0 1 0 1 0 0 0 0 1 1 0 1 0 1 0 0 0 0 0 1 0 0 1 0 0
240	1	1 1 1 0 1 0 1 1 1 1 1 0 1 0 0 0 0 0 0 0 1 1 1 0 1 0 1 0 1 1 0 0 0 1 1 0 1 0 1 0 0 0 0 0 1 0 0 1 0 0
240	6	1 1 1 0 1 0 1 1 1 1 1 0 1 1 0 1 0 0 0 0 1 1 1 0 1 0 1 0 1 1 0 0 0 1 1 0 1 0 1 0 0 0 0 0 1 0 0 1 0 0
240	37	1 1 1 0 1 0 1 1 1 1 1 0 1 0 0 1 0 0 0 0 1 1 1 0 1 0 1 0 1 1 0 0 0 1 1 0 1 0 1 0 0 0 0 0 1 0 0 1 0 0
240	3	1 1 1 0 1 0 1 1 1 1 1 0 1 0 0 1 0 0 0 0 1 1 1 0 1 0 1 0 1 1 0 0 0 1 1 1 1 0 1 0 0 0 0 0 1 0 0 1 0 0
240	3	1 1 1 0 1 0 1 1 1 1 1 0 1 0 0 0 0 0 0 0 1 1 1 0 1 0 1 0 1 1 0 0 0 1 1 0 1 0 1 0 0 0 0 0 0 0 0 1 0 0
240	1	1 1 1 0 1 0 1 1 1 1 1 0 1 0 0 0 0 0 0 0 1 1 1 0 1 0 1 0 1 1 0 0 0 1 1 0 1 0 1 0 1 0 0 0 0 0 0 0 0 0
240	8	1 1 1 0 1 0 1 1 1 1 1 0 1 0 0 0 0 0 0 0 1 1 1 0 1 0 1 0 1 1 0 0 0 1 1 0 1 0 1 0 1 0 0 0 0 0 0 1 0 0
250	15	1 1 1 1 1 0 1 1 1 1 1 0 1 0 0 1 0 0 0 0 1 1 1 0 1 0 1 0 1 1 0 0 0 1 1 0 1 0 1 0 1 0 0 0 1 0 0 0 0 0
250	1	1 1 1 1 1 0 1 1 1 1 1 0 1 0 0 1 0 0 0 0 1 1 1 0 1 0 1 1 1 1 0 0 0 1 1 0 1 0 1 0 1 0 0 0 1 0 0 1 0 0
250	14	1 1 1 1 1 0 1 1 1 1 1 0 1 0 0 1 0 0 0 0 1 1 1 0 1 0 1 0 1 1 0 0 0 1 1 0 1 0 1 0 1 0 0 0 1 0 0 1 0 0
250	1	1 1 1 1 1 0 1 1 1 1 1 0 1 0 0 1 0 0 0 0 1 1 1 0 1 0 1 0 1 1 0 0 0 1 1 0 1 0 1 1 1 0 0 0 1 0 0 1 0 1
250	8	1 1 1 0 1 0 1 1 1 1 1 0 1 0 0 1 0 0 0 0 1 1 1 0 1 0 1 0 1 1 0 0 0 1 1 0 1 0 1 0 0 0 0 0 1 0 0 0 0 0
250	1	1 1 1 0 1 0 1 1 1 1 1 0 1 0 0 1 1 0 0 0 1 1 1 0 1 0 1 0 1 1 0 0 0 1 0 0 1 0 1 0 0 0 0 0 1 0 0 1 0 0
250	1	1 1 1 0 1 1 1 1 1 1 1 0 1 0 0 1 0 0 0 0 1 1 1 0 1 0 1 0 1 1 0 0 0 1 0 0 1 0 1 0 0 0 0 0 1 0 0 1 0 0
250	1	1 1 1 0 1 0 1 1 1 1 1 0 1 0 0 1 0 0 0 0 1 1 1 0 1 0 1 0 1 1 0 0 0 1 0 0 1 0 1 0 0 0 0 0 1 0 0 1 0 0
250	2	1 1 1 0 1 0 1 1 1 1 1 0 0 0 0 1 0 0 0 0 1 1 1 0 1 0 1 0 1 1 0 0 0 1 1 0 1 0 1 0 0 0 0 0 1 0 0 1 0 0
250	2	1 1 1 0 1 0 1 1 1 1 1 0 1 0 0 0 0 0 0 0 1 1 1 0 1 0 1 0 1 1 0 0 0 1 1 0 1 0 1 0 0 0 0 0 1 0 0 1 0 0
250	2	1 1 1 0 1 0 1 1 1 1 1 0 1 1 0 1 0 0 0 0 1 1 1 0 1 0 1 0 1 1 0 0 0 1 1 0 1 0 1 0 0 0 0 0 1 0 0 1 0 0
250	1	1 1 1 0 1 0 1 1 1 1 1 1 1 0 0 1 0 0 0 0 1 1 1 0 1 0 1 0 1 1 0 0 0 1 1 0 1 0 1 0 0 0 0 0 1 0 0 1 0 0
250	1	1 1 1 0 1 0 1 1 1 1 1 0 1 0 0 1 0 0 0 0 1 1 1 0 1 0 1 0 1 1 0 0 0 1 1 0 0 0 1 0 0 0 0 0 1 0 0 1 0 0
250	1	1 1 1 0 1 0 1 1 1 0 1 0 1 0 0 1 0 0 0 0 1 1 1 0 1 0 1 0 1 1 0 0 0 1 1 0 1 0 1 0 0 0 0 0 1 0 0 1 0 0
250	1	1 1 1 0 1 0 1 1 1 1 1 0 1 0 0 1 0 0 0 0 1 1 1 0 1 0 1 0 0 1 0 0 0 1 1 0 1 0 1 0 0 0 0 0 1 0 0 1 0 0
250	4	1 1 1 0 1 0 1 1 1 1 1 0 1 0 0 1 0 0 0 0 1 1 1 0 1 0 1 0 1 1 0 0 0 1 1 1 1 0 1 0 0 0 0 0 1 0 0 1 0 0
250	36	1 1 1 0 1 0 1 1 1 1 1 0 1 0 0 1 0 0 0 0 1 1 1 0 1 0 1 0 1 1 0 0 0 1 1 0 1 0 1 0 0 0 0 0 1 0 0 1 0 0
250	1	1 1 1 0 1 0 1 1 1 1 1 0 1 0 0 1 1 0 0 0 1 1 1 0 0 0 1 0 1 1 0 0 0 1 1 0 1 0 1 0 0 0 0 0 1 0 0 1 0 0
250	2	1 1 1 0 1 0 1 1 1 1 1 0 1 0 0 0 0 0 0 0 1 1 1 0 1 0 1 1 1 1 0 0 0 1 1 0 1 0 1 0 0 0 0 0 0 0 0 1 0 0
250	4	1 1 1 0 1 0 1 1 1 1 1 0 1 0 0 0 0 0 0 0 1 1 1 0 1 0 1 0 1 1 0 0 0 1 1 0 1 0 1 0 0 0 0 0 0 0 0 1 0 0
250	1	1 1 1 0 1 0 1 1 1 1 1 0 1 0 0 0 0 0 0 0 1 1 1 0 1 0 1 0 1 1 0 0 0 1 1 0 1 0 1 0 1 0 0 0 0 0 0 1 0 0
260	10	1 1 1 1 1 0 1 1 1 1 1 0 1 0 0 1 0 0 0 0 1 1 1 0 1 0 1 0 1 1 0 0 0 1 1 0 1 0 1 0 1 0 0 0 1 0 0 0 0 0
260	22	1 1 1 1 1 0 1 1 1 1 1 0 1 0 0 1 0 0 0 0 1 1 1 0 1 0 1 0 1 1 0 0 0 1 1 0 1 0 1 0 1 0 0 0 1 0 0 1 0 0
260	2	1 1 1 0 1 0 1 1 1 1 1 0 1 0 0 1 0 0 0 0 1 1 1 1 1 0 1 0 1 1 0 0 0 1 1 0 1 0 1 0 0 0 0 0 1 0 0 1 0 0
260	3	1 1 1 0 1 0 1 1 1 1 1 0 1 0 0 1 0 0 0 0 1 1 1 0 1 0 1 0 1 1 0 0 0 1 0 0 1 0 1 0 0 0 0 0 1 0 0 0 0 0
260	14	1 1 1 0 1 0 1 1 1 1 1 0 1 0 0 1 0 0 0 0 1 1 1 0 1 0 1 0 1 1 0 0 0 1 1 0 1 0 1 0 0 0 0 0 1 0 0 0 0 0
260	3	1 1 1 0 1 0 1 1 1 1 1 0 1 0 0 1 0 0 0 0 1 1 1 0 1 0 1 0 1 1 0 0 0 1 0 0 1 0 1 0 0 0 0 0 1 0 0 1 0 0
260	2	1 1 1 0 1 0 1 1 1 1 1 0 0 0 0 1 0 0 0 0 1 1 1 0 1 0 1 0 1 1 0 0 0 1 1 0 1 0 1 0 0 0 0 0 1 0 0 1 0 0
260	1	1 1 1 0 1 0 1 0 1 1 1 0 1 1 0 1 0 0 0 0 1 1 1 0 1 0 1 0 1 1 0 0 0 1 1 0 1 0 1 0 0 0 0 0 1 0 0 1 0 0
260	3	1 1 1 0 1 0 1 1 1 1 1 0 1 1 0 1 0 0 0 0 1 1 1 0 1 0 1 0 1 1 0 0 0 1 1 0 1 0 1 0 0 0 0 0 1 0 0 1 0 0
260	1	1 1 1 0 1 0 1 1 1 1 1 1 1 0 0 1 0 0 0 0 1 1 1 0 1 0 1 0 1 1 0 1 0 1 1 0 1 0 1 0 0 0 0 0 1 0 0 1 0 0
260	5	1 1 1 0 1 0 1 1 1 1 1 0 1 0 0 1 0 0 0 0 1 1 1 0 1 0 1 0 1 1 0 0 0 1 1 1 1 0 1 0 0 0 0 0 1 0 0 1 0 0
260	22	1 1 1 0 1 0 1 1 1 1 1 0 1 0 0 1 0 0 0 0 1 1 1 0 1 0 1 0 1 1 0 0 0 1 1 0 1 0 1 0 0 0 0 0 1 0 0 1 0 0
260	6	1 1 1 0 1 0 1 1 1 1 1 0 1 0 0 0 0 0 0 0 1 1 1 0 1 0 1 0 1 1 0 0 0 1 1 0 1 0 1 0 0 0 0 0 0 0 0 1 0 0
260	6	1 1 1 0 1 0 1 1 1 1 1 0 1 0 0 0 0 0 0 0 1 1 1 0 1 0 1 0 1 1 0 0 0 1 1 0 1 0 1 0 1 0 0 0 0 0 0 1 0 0
270	1	1 1 1 1 1 0 1 1 1 1 1 0 1 0 0 1 0 0 0 0 1 1 1 0 1 0 1 1 1 1 0 0 0 1 1 0 1 0 1 0 1 0 0 0 1 0 0 0 0 0
270	9	1 1 1 1 1 0 1 1 1 1 1 0 1 0 0 1 0 0 0 0 1 1 1 0 1 0 1 0 1 1 0 0 0 1 1 0 1 0 1 0 1 0 0 0 1 0 0 0 0 0
270	8	1 1 1 1 1 0 1 1 1 1 1 0 1 0 0 1 0 0 0 0 1 1 1 0 1 0 1 0 1 1 0 0 0 1 1 0 1 0 1 0 1 0 0 0 1 0 0 1 0 0
270	4	1 1 1 0 1 0 1 1 1 1 1 0 1 0 0 1 0 0 0 0 1 1 1 1 1 0 1 0 1 1 0 0 0 1 1 0 1 0 1 0 0 0 0 0 1 0 0 1 0 0
270	3	1 1 1 0 1 0 1 1 1 1 1 0 1 0 0 1 0 0 0 0 1 1 1 0 1 0 1 0 1 1 0 0 0 1 0 0 1 0 1 0 0 0 0 0 1 0 0 0 0 0
270	1	1 1 1 0 1 0 1 1 1 1 1 0 1 0 0 1 0 0 0 0 1 1 1 0 1 0 1 0 1 1 0 0 0 1 1 0 1 0 1 0 0 0 0 0 0 0 0 0 0 0
270	18	1 1 1 0 1 0 1 1 1 1 1 0 1 0 0 1 0 0 0 0 1 1 1 0 1 0 1 0 1 1 0 0 0 1 1 0 1 0 1 0 0 0 0 0 1 0 0 0 0 0
270	1	1 1 1 0 1 0 1 1 1 1 1 0 1 0 0 1 0 0 0 0 1 1 1 0 1 0 1 0 1 1 0 0 0 1 0 0 1 0 1 0 0 0 0 0 1 0 0 1 0 0
270	1	1 0 1 0 1 0 1 1 1 1 1 0 1 0 0 1 0 0 0 0 1 1 1 0 1 0 1 0 1 1 0 0 0 1 1 1 1 0 1 0 0 0 0 0 1 0 0 1 0 0
270	5	1 1 1 0 1 0 1 1 1 1 1 0 1 0 0 1 0 0 0 0 1 1 1 0 1 0 1 0 1 1 0 0 0 1 1 1 1 0 1 0 0 0 0 0 1 0 0 1 0 0
270	3	1 1 1 0 1 0 1 1 1 1 1 0 1 0 0 1 0 0 0 0 1 1 1 0 1 0 1 0 1 1 0 1 0 1 1 0 1 0 1 0 0 0 0 0 1 0 0 1 0 0
270	1	1 1 1 0 1 0 1 1 1 1 1 0 1 0 0 1 0 0 0 0 1 1 1 0 1 0 1 0 1 1 0 0 0 1 1 0 1 0 1 0 0 0 0 0 1 0 0 1 0 1
270	24	1 1 1 0 1 0 1 1 1 1 1 0 1 0 0 1 0 0 0 0 1 1 1 0 1 0 1 0 1 1 0 0 0 1 1 0 1 0 1 0 0 0 0 0 1 0 0 1 0 0
270	1	1 1 1 0 1 0 1 0 1 1 1 0 1 0 0 0 0 0 0 0 1 1 1 0 1 0 1 0 1 1 0 0 0 1 1 0 1 0 1 0 0 0 0 0 0 0 0 1 0 0
270	10	1 1 1 0 1 0 1 1 1 1 1 0 1 0 0 0 0 0 0 0 1 1 1 0 1 0 1 0 1 1 0 0 0 1 1 0 1 0 1 0 1 0 0 0 0 0 0 1 0 0
270	8	1 1 1 0 1 0 1 1 1 1 1 0 1 0 0 0 0 0 0 0 1 1 1 0 1 0 1 0 1 1 0 0 0 1 1 0 1 0 1 0 0 0 0 0 0 0 0 1 0 0
270	2	1 1 1 0 1 0 1 1 1 1 1 0 1 0 0 0 0 0 0 0 1 1 1 0 1 0 1 0 1 1 0 0 0 1 1 0 1 0 1 1 1 0 0 0 0 0 0 1 0 0
280	1	1 1 1 1 1 0 1 1 1 1 0 0 1 0 0 1 0 0 0 0 1 1 1 0 1 0 1 0 1 1 0 0 0 1 1 0 1 0 1 0 1 0 0 0 1 0 0 0 0 0
280	1	1 1 1 1 1 0 1 1 1 1 1 0 1 0 0 1 0 0 0 0 1 1 1 0 1 0 1 0 1 1 0 0 0 1 1 0 1 0 1 0 1 0 0 0 1 0 0 1 0 0
280	1	1 1 1 1 1 0 1 1 1 1 1 0 1 0 0 1 0 0 0 0 1 1 1 0 1 0 1 0 1 1 0 0 0 1 0 0 1 0 1 0 1 0 0 0 1 0 0 0 0 0
280	29	1 1 1 1 1 0 1 1 1 1 1 0 1 0 0 1 0 0 0 0 1 1 1 0 1 0 1 0 1 1 0 0 0 1 1 0 1 0 1 0 1 0 0 0 1 0 0 0 0 0
280	4	1 1 1 0 1 0 1 1 1 1 1 0 1 0 0 1 0 0 0 0 1 1 1 1 1 0 1 0 1 1 0 0 0 1 1 0 1 0 1 0 0 0 0 0 1 0 0 1 0 0
280	1	1 1 1 0 1 0 1 1 1 1 1 0 1 0 0 1 0 0 0 0 1 1 1 0 1 0 1 0 1 1 0 0 0 1 1 0 1 0 1 0 0 0 0 0 0 0 0 0 0 0
280	1	1 1 1 0 1 0 1 1 1 1 1 0 1 0 0 1 0 0 0 0 1 1 1 0 1 0 1 0 1 1 0 0 0 1 1 0 0 0 1 0 0 0 0 0 1 0 0 0 0 0
280	1	1 1 1 0 1 0 1 1 1 1 1 0 1 0 0 1 0 0 0 0 1 1 1 0 1 0 1 0 1 1 0 0 1 1 1 0 1 0 1 0 0 0 0 0 1 0 0 0 0 0
280	29	1 1 1 0 1 0 1 1 1 1 1 0 1 0 0 1 0 0 0 0 1 1 1 0 1 0 1 0 1 1 0 0 0 1 1 0 1 0 1 0 0 0 0 0 1 0 0 0 0 0
280	1	1 1 1 0 1 0 1 1 1 1 1 0 1 0 0 1 0 0 0 0 1 1 1 0 1 0 1 0 1 1 0 0 0 1 0 0 1 0 1 0 0 0 0 0 1 0 0 1 0 0
280	1	1 1 1 0 1 0 1 1 1 1 1 0 1 1 0 1 0 0 0 0 1 1 1 0 1 0 1 0 1 1 0 0 0 1 1 0 1 0 1 0 0 0 0 0 1 0 0 1 0 0
280	1	1 1 1 0 1 0 1 1 1 1 1 0 1 0 0 1 0 0 0 0 1 1 1 0 1 0 1 0 1 1 0 1 0 1 1 0 1 0 1 0 0 0 0 0 1 0 0 1 0 0
280	12	1 1 1 0 1 0 1 1 1 1 1 0 1 0 0 1 0 0 0 0 1 1 1 0 1 0 1 0 1 1 0 0 0 1 1 0 1 0 1 0 0 0 0 0 1 0 0 1 0 0
280	5	1 1 1 0 1 0 1 1 1 1 1 0 1 0 0 1 0 0 0 0 1 1 1 0 1 0 1 0 1 1 0 0 0 1 1 1 1 0 1 0 0 0 0 0 1 0 0 1 0 0
280	1	1 1 1 0 1 0 1 0 1 1 1 0 1 0 0 0 0 0 0 0 1 1 1 0 1 0 1 0 1 1 0 0 0 1 1 0 1 0 1 0 0 0 0 0 0 0 0 1 0 0
280	3	1 1 1 0 1 0 1 1 1 1 1 0 1 0 0 0 0 0 0 0 1 1 1 0 1 0 1 0 1 1 0 0 0 1 1 0 1 0 1 0 1 0 0 0 0 0 0 1 0 0
280	7	1 1 1 0 1 0 1 1 1 1 1 0 1 0 0 0 0 0 0 0 1 1 1 0 1 0 1 0 1 1 0 0 0 1 1 0 1 0 1 0 0 0 0 0 0 0 0 1 0 0
280	1	1 1 1 0 1 0 1 1 1 1 1 0 1 0 0 0 0 0 0 0 1 1 1 0 1 0 1 0 1 1 0 0 0 1 1 0 1 0 1 1 1 0 0 0 0 0 0 1 0 0
290	1	1 1 1 1 1 0 1 1 1 1 1 0 1 0 0 1 0 0 0 0 1 1 1 0 1 0 1 0 1 1 0 0 0 1 1 0 1 0 1 0 1 0 0 0 1 0 0 1 0 0
290	2	1 1 1 1 1 0 1 1 1 1 1 0 1 0 0 1 0 0 0 0 1 1 1 0 1 0 1 0 1 1 0 0 0 1 1 0 1 0 1 0 1 0 0 0 1 0 1 0 0 0
290	1	1 1 1 1 1 0 1 1 1 1 1 0 1 0 0 1 0 0 0 0 1 1 1 0 1 0 1 0 1 1 0 0 0 1 1 1 1 0 1 0 1 0 0 0 1 0 0 0 0 0
290	30	1 1 1 1 1 0 1 1 1 1 1 0 1 0 0 1 0 0 0 0 1 1 1 0 1 0 1 0 1 1 0 0 0 1 1 0 1 0 1 0 1 0 0 0 1 0 0 0 0 0
290	1	1 1 1 0 1 0 1 1 1 1 1 0 1 0 0 1 0 0 0 0 1 1 1 0 1 0 1 0 1 1 0 0 0 1 1 0 1 0 1 1 0 0 0 0 1 0 0 0 0 0
290	3	1 1 1 0 1 0 1 1 1 1 1 0 1 0 0 1 0 0 0 0 1 1 1 0 1 0 1 0 1 1 0 0 0 1 1 0 0 0 1 0 0 0 0 0 1 0 0 0 0 0
290	1	1 1 1 0 1 0 1 1 1 1 0 0 1 0 0 1 0 0 0 0 1 1 1 0 1 0 1 0 1 1 0 0 0 1 1 0 1 0 1 0 0 0 0 0 1 0 0 0 0 0
290	1	1 1 1 0 1 0 1 1 1 1 1 0 1 0 0 1 0 0 0 1 1 1 1 0 1 0 1 0 1 1 0 0 0 1 1 0 1 0 1 0 0 0 0 0 1 0 0 0 0 0
290	33	1 1 1 0 1 0 1 1 1 1 1 0 1 0 0 1 0 0 0 0 1 1 1 0 1 0 1 0 1 1 0 0 0 1 1 0 1 0 1 0 0 0 0 0 1 0 0 0 0 0
290	1	1 1 1 0 1 0 1 1 1 1 1 0 1 0 0 1 0 0 0 0 1 1 1 0 1 0 1 0 1 1 0 0 0 1 0 0 1 0 1 0 0 0 0 0 1 0 0 1 0 0
290	1	1 1 1 0 1 0 1 1 1 1 1 0 1 0 0 1 0 0 0 0 1 1 1 0 1 0 1 0 1 1 0 1 0 1 1 0 1 0 1 0 0 0 0 0 1 0 0 1 0 0
290	11	1 1 1 0 1 0 1 1 1 1 1 0 1 0 0 1 0 0 0 0 1 1 1 0 1 0 1 0 1 1 0 0 0 1 1 0 1 0 1 0 0 0 0 0 1 0 0 1 0 0
290	1	1 1 1 0 1 0 1 1 1 1 1 0 1 0 0 1 0 0 0 0 1 1 1 0 1 0 1 0 1 1 0 0 0 1 1 1 1 0 1 0 0 0 0 0 1 0 0 1 0 0
290	1	1 1 1 0 1 0 1 1 1 1 1 0 1 0 0 0 0 0 0 0 1 1 1 0 1 0 1 0 1 1 0 0 0 1 1 0 1 0 1 0 1 0 0 0 0 0 0 1 0 0
290	2	1 1 1 0 1 0 1 1 1 1 1 0 1 0 0 0 0 0 0 0 1 1 1 0 1 0 1 0 1 1 0 0 0 1 1 0 1 1 1 0 0 0 0 0 0 0 0 1 0 0
290	8	1 1 1 0 1 0 1 1 1 1 1 0 1 0 0 0 0 0 0 0 1 1 1 0 1 0 1 0 1 1 0 0 0 1 1 0 1 0 1 0 0 0 0 0 0 0 0 1 0 0
290	2	1 1 1 0 1 0 1 1 1 1 1 0 1 0 0 0 0 0 0 0 1 1 1 0 1 0 1 0 1 1 0 0 0 1 1 0 1 0 1 1 1 0 0 0 0 0 0 1 0 0
300	1	1 1 1 1 1 0 1 1 1 1 1 0 1 0 0 1 0 0 0 0 1 1 1 0 1 0 1 0 1 1 0 0 0 1 1 0 1 0 1 0 1 0 0 0 1 0 0 1 0 0
300	1	1 1 1 1 1 0 1 1 1 1 1 0 1 0 0 1 0 0 0 0 1 1 1 0 1 0 1 0 1 1 0 0 0 1 1 1 1 0 1 0 1 0 0 0 1 0 0 0 0 0
300	1	1 1 1 0 1 0 1 1 1 1 1 0 1 0 0 1 0 0 0 0 1 1 1 0 1 0 1 0 1 1 0 0 0 1 1 0 1 0 1 0 1 0 0 0 1 0 0 0 0 0
300	1	1 1 1 1 1 0 1 1 1 1 1 0 1 0 0 1 0 0 0 0 1 1 1 0 1 0 1 0 1 1 0 0 0 1 1 0 1 0 0 0 1 0 0 0 1 0 0 0 0 0
300	34	1 1 1 1 1 0 1 1 1 1 1 0 1 0 0 1 0 0 0 0 1 1 1 0 1 0 1 0 1 1 0 0 0 1 1 0 1 0 1 0 1 0 0 0 1 0 0 0 0 0
300	1	1 1 1 0 1 0 1 1 1 1 1 0 1 0 0 1 0 0 0 1 1 1 1 0 1 0 1 0 1 1 0 0 0 1 1 0 1 0 1 0 0 0 0 0 1 0 0 0 0 0
300	44	1 1 1 0 1 0 1 1 1 1 1 0 1 0 0 1 0 0 0 0 1 1 1 0 1 0 1 0 1 1 0 0 0 1 1 0 1 0 1 0 0 0 0 0 1 0 0 0 0 0
300	3	1 1 1 0 1 0 1 1 1 1 1 0 1 0 0 1 0 0 0 0 1 1 1 0 1 0 1 0 1 1 0 0 0 1 0 0 1 0 1 0 0 0 0 0 1 0 0 1 0 0
300	5	1 1 1 0 1 0 1 1 1 1 1 0 1 0 0 1 0 0 0 0 1 1 1 0 1 0 1 0 1 1 0 0 0 1 1 0 1 0 1 0 0 0 0 0 1 0 0 1 0 0
300	3	1 1 1 0 1 0 1 1 1 1 1 0 1 0 0 1 0 0 0 0 1 1 1 0 1 0 1 0 1 1 0 0 0 1 1 1 1 0 1 0 0 0 0 0 1 0 0 1 0 0
300	1	1 1 1 0 1 0 1 1 1 1 1 0 1 0 0 0 0 0 0 0 1 1 1 0 1 0 1 0 1 1 0 0 0 1 1 0 1 1 1 0 0 0 0 0 0 0 0 1 0 0
300	5	1 1 1 0 1 0 1 1 1 1 1 0 1 0 0 0 0 0 0 0 1 1 1 0 1 0 1 0 1 1 0 0 0 1 1 0 1 0 1 0 0 0 0 0 0 0 0 1 0 0
310	2	1 1 1 1 1 0 1 1 1 1 1 0 1 0 0 1 0 0 0 0 1 1 1 0 1 0 1 0 1 1 0 0 0 1 1 0 1 0 1 0 1 0 0 0 1 0 0 1 0 0
310	3	1 1 1 1 1 0 1 1 1 1 1 0 1 1 0 1 0 0 0 0 1 1 1 0 1 0 1 0 1 1 0 0 0 1 1 0 1 0 1 0 1 0 0 0 1 0 0 0 0 0
310	2	1 1 1 1 1 0 1 1 1 1 1 0 1 0 0 1 0 0 0 0 1 1 1 0 1 0 1 0 1 1 0 0 0 1 1 0 1 0 1 0 1 0 0 0 1 0 1 0 0 0
310	32	1 1 1 1 1 0 1 1 1 1 1 0 1 0 0 1 0 0 0 0 1 1 1 0 1 0 1 0 1 1 0 0 0 1 1 0 1 0 1 0 1 0 0 0 1 0 0 0 0 0
310	1	1 1 1 0 1 0 1 1 1 1 1 0 1 0 0 1 0 0 0 0 1 1 1 0 1 1 1 0 1 1 1 0 0 1 1 0 1 0 0 0 0 0 0 0 1 0 0 0 0 0
310	1	1 1 1 0 1 0 1 1 1 1 1 0 1 0 0 1 0 0 0 0 1 1 1 0 1 0 1 0 1 1 0 0 0 1 1 0 1 0 0 0 0 0 0 0 1 0 0 0 0 0
310	37	1 1 1 0 1 0 1 1 1 1 1 0 1 0 0 1 0 0 0 0 1 1 1 0 1 0 1 0 1 1 0 0 0 1 1 0 1 0 1 0 0 0 0 0 1 0 0 0 0 0
310	1	1 1 1 0 1 0 1 1 1 1 1 0 1 0 0 1 0 0 0 0 1 1 1 0 1 0 1 0 1 1 0 0 0 1 0 0 1 0 1 0 0 0 0 0 1 0 0 1 0 0
310	2	1 1 1 0 1 0 1 1 1 1 1 0 1 0 0 1 0 0 0 0 1 1 1 0 1 0 1 0 1 1 0 0 0 1 1 0 1 0 1 0 0 0 0 0 1 0 0 1 0 0
310	6	1 1 1 0 1 0 1 1 1 1 1 0 1 0 0 1 0 0 0 0 1 1 1 0 1 0 1 0 1 1 0 0 0 1 1 1 1 0 1 0 0 0 0 0 1 0 0 1 0 0
310	2	1 1 1 0 1 0 1 1 1 1 1 0 1 0 0 0 0 0 0 0 1 1 1 0 1 0 1 0 1 1 0 0 0 1 1 0 1 1 1 0 0 0 0 0 0 0 0 1 0 0
310	11	1 1 1 0 1 0 1 1 1 1 1 0 1 0 0 0 0 0 0 0 1 1 1 0 1 0 1 0 1 1 0 0 0 1 1 0 1 0 1 0 0 0 0 0 0 0 0 1 0 0
