10	1	1 1 0 1 0 0 1 0 1 1 0 0 0 0 1 1 0 1 0 1 0 1 1 0 1 1 0 1 1 1 1 1 0 1 1 0 0 1 1 0 0 0 1 1 1 1 1 1 1 1
10	12	1 1 0 1 0 0 1 0 1 1 0 0 0 0 1 1 0 1 0 1 0 1 1 0 1 1 0 1 1 1 0 1 0 1 1 0 0 1 1 0 0 0 1 1 1 1 1 1 1 1
10	17	1 0 1 0 0 0 1 0 1 0 1 1 0 1 1 0 0 1 1 1 1 1 0 1 1 0 1 1 0 1 1 1 1 0 0 0 1 0 0 0 1 0 0 0 1 0 0 0 1 1
10	1	1 1 0 0 1 0 0 1 1 0 1 0 0 0 0 0 0 0 1 1 1 0 1 1 1 1 0 0 0 1 1 1 0 1 1 0 1 0 0 0 1 1 0 1 0 0 0 0 0 1
10	2	1 1 0 0 1 0 0 1 1 0 1 0 0 0 0 0 0 0 0 1 1 0 1 1 1 1 0 0 0 1 1 1 0 1 1 0 1 0 0 0 1 1 0 0 0 0 0 0 0 1
10	1	1 1 0 0 1 0 0 1 1 0 1 0 0 0 0 0 0 0 1 1 1 0 1 1 1 1 0 0 0 1 1 1 0 1 1 0 1 0 0 1 1 1 0 0 0 0 0 0 0 1
10	17	1 1 0 0 1 0 0 1 1 0 1 0 0 0 0 0 0 0 1 1 1 0 1 1 1 1 0 0 0 1 1 1 0 1 1 0 1 0 0 0 1 1 0 0 0 0 0 0 0 1
10	24	1 0 0 1 0 0 0 1 1 1 1 1 1 1 0 0 0 1 1 1 1 0 0 1 1 0 0 1 1 1 0 0 0 1 1 1 1 0 1 0 0 0 0 0 1 0 1 1 1 1
10	1	1 1 1 1 1 1 1 1 1 0 0 1 1 1 1 1 1 1 1 0 0 1 0 0 1 1 1 0 1 1 0 0 0 0 1 0 1 0 0 0 0 1 1 1 0 0 0 1 0 0
10	4	1 1 1 1 1 1 1 1 1 0 0 1 1 1 0 1 0 1 1 0 0 1 0 0 1 1 1 0 1 1 0 1 0 0 1 0 1 0 0 0 0 1 1 1 0 0 0 1 0 0
10	1	1 1 1 1 1 1 1 1 1 0 0 1 1 1 0 1 1 1 1 0 0 1 0 0 1 1 1 0 1 1 0 0 0 0 1 0 1 0 0 0 0 1 1 0 0 0 1 1 0 0
10	5	1 1 1 1 1 1 1 1 1 0 0 1 1 1 0 1 1 1 1 0 0 1 0 0 1 1 1 0 1 1 0 0 0 0 1 0 1 0 0 0 0 1 1 0 0 0 0 1 0 0
10	1	1 1 1 1 1 1 1 1 1 0 0 1 1 1 0 1 1 1 1 0 0 1 0 0 1 1 1 0 1 1 0 0 0 0 1 0 1 0 0 0 0 1 0 1 0 0 0 1 0 0
10	13	1 1 1 1 1 1 1 1 1 0 0 1 1 1 0 1 1 1 1 0 0 1 0 0 1 1 1 0 1 1 0 0 0 0 1 0 1 0 0 0 0 1 1 1 0 0 0 1 0 0
20	1	1 1 0 1 0 0 1 0 1 1 0 0 0 0 1 1 0 1 0 1 0 1 1 0 1 1 0 1 1 1 0 1 0 1 1 0 0 1 1 0 0 0 1 1 1 1 1 1 0 1
20	3	1 0 1 0 0 0 1 0 1 0 1 1 0 1 1 0 0 1 1 1 1 1 0 1 1 0 1 1 0 1 1 1 1 0 0 0 1 0 0 0 1 0 0 0 1 0 0 0 1 1
20	2	1 1 1 0 1 0 0 1 1 0 1 0 0 0 0 0 0 0 1 1 1 0 1 1 1 1 0 0 0 1 1 1 0 1 1 0 1 0 0 0 1 1 0 0 0 0 0 0 0 1
20	1	1 1 0 0 1 0 0 1 1 0 1 0 0 0 0 0 0 0 1 1 1 0 1 1 1 1 0 0 0 1 1 1 0 1 1 0 1 0 0 0 1 1 0 0 0 0 0 0 0 1
20	5	1 0 0 1 0 0 0 1 1 1 1 1 1 1 0 0 0 1 1 1 1 0 0 1 1 0 0 1 1 1 0 0 0 1 1 1 1 0 1 0 0 0 0 0 1 0 1 1 1 1
20	5	1 1 1 1 1 1 1 1 1 0 0 1 1 1 1 1 1 1 1 0 0 1 0 0 1 1 1 0 1 1 0 0 0 0 1 0 1 0 0 0 0 1 1 1 0 0 0 1 0 0
20	8	1 1 1 1 1 1 1 1 1 0 0 1 1 1 0 1 0 1 1 0 0 1 0 0 1 1 1 0 1 1 0 1 0 0 1 0 1 0 0 0 0 1 1 1 0 0 0 1 0 0
20	2	1 1 1 1 1 1 1 1 1 0 0 1 1 1 0 1 1 1 1 0 0 1 0 0 1 1 1 0 1 1 0 1 0 0 1 0 1 0 0 0 0 1 1 1 0 0 0 1 0 0
20	4	1 1 1 1 1 1 1 1 1 0 0 1 1 1 0 1 1 1 1 0 0 1 0 0 1 1 1 0 1 1 0 0 0 0 1 0 1 0 0 0 0 1 1 0 0 0 1 1 0 0
20	2	1 1 1 1 1 1 1 1 1 0 0 1 1 1 0 1 1 1 1 0 0 1 0 0 1 1 1 0 0 1 0 0 0 0 1 0 1 0 0 0 0 1 1 0 0 0 0 1 0 0
20	1	1 1 1 1 1 1 1 1 1 0 0 1 1 1 0 1 1 1 1 0 0 1 0 0 1 0 1 0 1 1 0 0 0 0 1 0 1 0 0 0 0 1 1 0 0 0 0 1 0 0
20	1	1 1 1 1 1 1 1 1 1 0 0 1 1 1 0 1 1 1 1 0 0 1 0 0 1 1 1 1 1 1 0 0 0 0 1 0 1 0 0 0 0 1 1 0 0 0 0 1 0 0
20	1	1 1 1 1 1 1 1 1 1 0 0 1 1 0 0 1 1 1 1 0 0 1 0 0 1 1 1 0 1 1 0 0 0 0 1 0 1 0 0 0 0 1 1 0 0 0 0 1 0 0
20	48	1 1 1 1 1 1 1 1 1 0 0 1 1 1 0 1 1 1 1 0 0 1 0 0 1 1 1 0 1 1 0 0 0 0 1 0 1 0 0 0 0 1 1 0 0 0 0 1 0 0
20	2	0 1 1 1 1 1 1 1 1 0 0 1 1 1 0 1 1 1 1 0 0 1 0 0 1 1 1 0 1 1 0 0 0 0 1 0 1 0 0 0 0 1 1 1 0 0 0 1 0 0
20	11	1 1 1 1 1 1 1 1 1 0 0 1 1 1 0 1 1 1 1 0 0 1 0 0 1 1 1 0 1 1 0 0 0 0 1 0 1 0 0 0 0 1 0 1 0 0 0 1 0 0
20	2	1 1 1 1 1 1 1 1 1 1 0 1 1 1 0 1 1 1 1 0 0 1 0 0 1 1 1 0 1 1 0 0 0 0 1 0 1 0 0 0 0 1 1 1 0 0 0 1 0 0
20	1	1 1 1 1 1 1 1 1 1 0 0 1 1 1 0 1 1 1 1 0 0 1 0 0 1 1 1 0 1 1 0 0 0 0 1 0 1 0 0 0 0 1 1 1 0 0 0 1 0 0
30	1	1 1 1 1 1 1 1 1 1 0 0 1 1 1 1 1 1 1 1 0 0 1 0 0 1 1 1 0 1 1 0 0 0 0 1 0 1 0 0 0 0 1 1 1 0 0 0 1 0 0
30	3	1 1 1 1 1 1 1 1 1 0 0 0 1 1 0 1 0 1 1 0 0 1 0 0 1 1 1 0 1 1 0 1 0 0 1 0 1 0 0 0 0 1 1 1 0 0 0 1 0 0
30	6	1 1 1 1 1 1 1 1 1 0 0 1 1 1 0 1 0 1 1 0 0 1 0 0 1 1 1 0 1 1 0 1 0 0 1 0 1 0 0 0 0 1 1 1 0 0 0 1 0 0
30	5	1 1 1 1 1 1 1 1 1 0 0 1 1 1 0 1 1 1 1 0 0 1 0 0 1 1 1 0 1 1 0 0 0 0 1 0 1 0 0 0 0 1 1 0 0 0 1 1 0 0
30	1	1 1 1 1 1 1 1 1 1 0 0 1 0 0 0 1 1 1 1 0 0 1 0 0 1 1 1 0 1 1 0 0 0 0 1 0 1 0 0 0 0 1 1 0 0 0 0 1 0 0
30	2	1 1 1 1 1 1 1 1 1 0 0 1 1 0 0 1 1 1 1 0 0 1 0 0 1 1 1 0 1 1 0 0 0 0 1 0 1 0 0 0 0 1 1 0 0 0 0 1 0 0
30	1	1 1 1 1 1 1 1 1 1 0 0 1 1 1 0 1 1 1 1 0 0 1 0 0 1 1 1 0 1 1 0 0 0 0 1 0 1 0 0 0 0 1 1 0 0 1 0 1 0 0
30	1	1 1 1 1 1 1 1 1 1 0 0 1 1 1 0 1 1 1 1 0 0 1 0 0 1 1 1 0 1 1 0 0 0 0 1 0 1 0 0 0 0 1 1 1 0 0 0 1 0 0
30	3	1 1 1 1 1 1 1 1 1 0 0 1 1 1 0 1 1 1 1 0 0 1 0 0 1 1 1 1 1 1 0 0 0 0 1 0 1 0 0 0 0 1 1 0 0 0 0 1 0 0
30	49	1 1 1 1 1 1 1 1 1 0 0 1 1 1 0 1 1 1 1 0 0 1 0 0 1 1 1 0 1 1 0 0 0 0 1 0 1 0 0 0 0 1 1 0 0 0 0 1 0 0
30	1	1 1 1 1 1 1 1 1 1 0 0 1 1 1 0 1 1 1 1 0 0 1 0 0 1 1 1 0 1 1 0 0 0 0 1 0 1 0 0 0 0 1 1 1 0 0 0 1 0 1
30	1	1 0 1 1 1 1 1 1 1 0 0 1 1 1 0 1 1 1 1 0 0 1 0 0 1 1 1 0 1 1 0 0 0 0 1 0 1 0 0 0 0 1 0 1 0 0 0 1 0 0
30	26	1 1 1 1 1 1 1 1 1 0 0 1 1 1 0 1 1 1 1 0 0 1 0 0 1 1 1 0 1 1 0 0 0 0 1 0 1 0 0 0 0 1 0 1 0 0 0 1 0 0
40	2	1 1 1 1 1 1 1 1 1 0 0 1 1 1 1 1 1 1 1 0 0 1 0 0 1 1 1 0 1 1 0 0 0 0 1 0 1 0 0 0 0 1 1 1 0 0 0 1 0 0
40	2	1 1 1 1 1 1 0 1 1 0 0 0 1 1 0 1 0 1 1 0 0 1 0 0 1 1 1 0 1 0 0 1 0 0 1 0 1 0 0 0 0 1 1 1 0 0 0 1 0 0
40	1	1 1 1 1 1 1 1 1 1 0 0 1 1 1 0 1 0 1 1 0 0 1 0 0 1 1 1 0 1 1 0 1 0 0 1 0 1 0 0 0 0 1 1 1 0 0 0 1 0 0
40	1	1 1 1 1 1 1 1 1 1 0 0 1 1 1 0 1 1 1 1 0 0 1 0 0 1 1 1 0 1 1 0 1 0 0 1 0 1 0 0 0 0 1 1 1 0 0 0 1 0 0
40	1	1 1 1 1 1 1 1 1 0 0 0 1 1 1 0 1 1 1 1 0 0 1 0 0 1 1 1 0 1 1 0 0 0 0 1 0 1 0 0 0 0 1 1 0 0 0 0 1 0 0
40	1	1 1 1 1 1 1 1 1 1 1 0 1 1 1 0 1 1 1 1 0 0 1 0 0 1 1 1 0 1 1 0 0 0 0 1 0 1 0 0 0 0 1 1 0 0 0 0 1 0 0
40	1	1 1 1 1 1 1 1 1 1 0 0 1 1 1 0 1 1 1 1 0 0 1 1 0 1 1 1 0 1 1 0 0 0 0 1 0 1 0 0 0 1 1 1 0 0 0 0 1 0 0
40	1	1 1 1 1 1 1 1 1 1 0 0 1 1 1 0 1 1 1 1 0 0 1 1 0 1 1 1 0 1 1 0 0 0 0 1 0 1 0 0 0 0 1 1 0 0 0 0 1 0 0
40	1	0 1 1 1 1 1 1 1 1 0 0 1 1 1 0 1 1 1 1 0 0 1 0 0 1 1 1 0 1 1 0 0 0 0 1 0 1 0 0 0 0 1 1 0 0 0 0 1 0 0
40	1	1 1 1 1 1 1 1 1 1 0 0 0 1 1 0 1 1 1 1 0 0 1 0 0 1 1 1 0 1 1 0 0 0 0 1 0 1 0 0 0 0 1 1 0 0 0 0 1 0 0
40	1	1 1 0 1 1 1 1 1 1 0 0 1 1 1 0 1 1 1 1 0 0 1 0 0 1 1 1 0 1 1 0 0 0 0 1 0 1 0 0 0 0 1 1 0 0 0 0 1 0 0
40	1	1 1 1 1 1 1 1 1 1 0 0 1 1 1 0 1 1 1 1 0 0 1 0 0 1 1 1 0 1 1 0 0 0 0 1 0 1 0 0 0 0 0 1 0 0 0 0 1 0 0
40	3	1 1 1 1 1 1 1 0 1 0 0 1 1 1 0 1 1 1 1 0 0 1 0 0 1 1 1 0 1 1 0 0 0 0 1 0 1 0 0 0 0 1 1 0 0 0 0 1 0 0
40	1	1 1 1 1 1 1 1 1 1 0 0 1 1 0 0 1 1 1 1 0 0 1 0 0 1 1 1 0 1 1 0 0 0 0 1 0 1 0 0 0 0 1 1 0 0 0 0 1 0 0
40	66	1 1 1 1 1 1 1 1 1 0 0 1 1 1 0 1 1 1 1 0 0 1 0 0 1 1 1 0 1 1 0 0 0 0 1 0 1 0 0 0 0 1 1 0 0 0 0 1 0 0
40	3	1 1 1 1 1 1 1 1 1 0 0 1 1 1 0 1 1 1 1 0 0 1 0 0 1 1 1 0 1 1 0 0 0 0 1 0 1 0 0 0 0 1 1 1 0 0 0 1 0 1
40	1	1 1 1 1 1 1 1 1 1 0 0 1 1 1 0 1 1 1 1 0 0 1 0 0 1 1 1 0 1 1 0 0 0 0 1 0 1 0 0 0 0 0 0 1 0 0 0 1 0 0
40	12	1 1 1 1 1 1 1 1 1 0 0 1 1 1 0 1 1 1 1 0 0 1 0 0 1 1 1 0 1 1 0 0 0 0 1 0 1 0 0 0 0 1 0 1 0 0 0 1 0 0
50	3	1 1 1 1 1 1 1 1 1 0 0 0 1 1 0 1 0 1 1 0 0 1 0 0 1 1 1 0 1 1 0 1 0 0 1 0 1 0 0 0 0 1 1 1 0 0 0 1 0 0
50	5	1 1 1 1 1 1 1 1 1 0 0 1 1 0 0 1 1 1 1 0 0 1 0 0 1 1 1 0 1 1 0 0 0 0 1 0 1 0 0 0 0 1 1 0 0 0 0 1 0 0
50	1	1 1 1 1 1 1 1 1 1 0 0 1 1 1 0 1 1 1 1 0 0 1 0 0 1 1 1 0 1 1 0 0 0 0 1 0 1 1 0 0 0 1 1 0 0 0 0 1 0 0
50	1	1 1 1 1 1 1 1 1 1 0 0 1 1 1 0 1 1 1 1 0 0 1 0 1 1 1 1 0 1 1 0 0 0 0 1 0 1 0 0 0 0 1 1 0 0 0 0 1 0 0
50	1	1 1 1 1 1 1 1 1 1 0 0 1 1 1 0 1 1 1 1 0 0 1 0 0 1 1 1 0 1 1 0 0 0 0 1 0 1 0 0 0 0 1 1 0 0 0 0 1 1 0
50	81	1 1 1 1 1 1 1 1 1 0 0 1 1 1 0 1 1 1 1 0 0 1 0 0 1 1 1 0 1 1 0 0 0 0 1 0 1 0 0 0 0 1 1 0 0 0 0 1 0 0
50	1	1 1 1 1 1 1 1 1 1 0 0 1 1 1 0 1 1 1 1 0 0 1 0 0 1 1 1 0 1 1 0 0 0 0 1 0 1 0 0 0 0 0 0 1 0 0 0 1 0 0
50	7	1 1 1 1 1 1 1 1 1 0 0 1 1 1 0 1 1 1 1 0 0 1 0 0 1 1 1 0 1 1 0 0 0 0 1 0 1 0 0 0 0 1 0 1 0 0 0 1 0 0
60	3	1 1 1 1 1 1 1 1 1 0 0 1 1 1 1 1 1 1 1 0 0 1 0 0 1 1 1 0 1 1 0 0 0 0 1 0 1 0 0 0 0 1 1 1 0 0 0 1 0 0
60	1	1 1 1 1 1 1 1 1 1 0 0 0 1 1 0 1 0 1 1 0 0 1 0 0 1 1 1 0 1 1 0 1 0 0 1 0 1 0 0 0 0 1 1 1 0 0 0 1 0 0
60	5	1 1 1 1 1 1 1 1 1 0 0 1 1 0 0 1 1 1 1 0 0 1 0 0 1 1 1 0 1 1 0 0 0 0 1 0 1 0 0 0 0 1 1 0 0 0 0 1 0 0
60	1	1 1 1 1 1 1 1 1 1 0 0 1 1 1 0 1 1 1 1 0 0 1 0 0 1 1 1 0 1 1 0 0 1 0 1 0 1 0 0 0 0 1 1 0 0 0 0 1 0 0
60	1	1 1 1 1 0 1 1 1 1 0 0 1 1 1 0 1 1 1 1 0 0 1 0 0 1 1 1 0 1 1 0 0 0 0 1 0 1 0 0 0 0 1 1 0 0 0 0 1 0 0
60	2	1 1 1 1 1 1 1 1 1 0 0 1 1 1 0 1 1 1 1 0 0 1 0 1 1 1 1 0 1 1 0 0 0 0 1 0 1 0 0 0 0 1 1 0 0 0 0 1 0 0
60	2	1 1 1 1 1 1 1 1 1 0 0 1 1 1 0 1 1 1 1 0 0 1 0 0 1 1 1 0 1 1 0 0 0 0 1 0 1 0 0 0 0 1 1 0 0 0 0 0 0 0
60	1	0 1 1 1 1 1 1 1 1 0 0 1 1 1 0 1 1 1 1 0 0 1 0 0 1 1 1 0 1 1 0 0 0 0 1 0 1 0 0 0 0 1 1 0 0 0 0 1 0 0
60	66	1 1 1 1 1 1 1 1 1 0 0 1 1 1 0 1 1 1 1 0 0 1 0 0 1 1 1 0 1 1 0 0 0 0 1 0 1 0 0 0 0 1 1 0 0 0 0 1 0 0
60	1	1 1 1 1 1 1 1 1 1 0 1 1 1 1 0 1 1 1 1 0 0 1 0 0 1 1 1 1 1 1 0 0 0 0 1 0 1 0 0 0 0 1 0 1 0 0 0 1 0 0
60	2	1 1 1 1 1 1 1 1 1 0 1 1 1 1 0 1 1 1 1 0 0 1 0 0 1 1 1 0 1 1 0 0 0 0 1 0 1 0 0 0 0 1 0 1 0 0 0 1 0 0
60	2	1 1 1 1 1 1 1 1 1 0 0 1 1 1 0 1 1 1 1 0 0 1 0 0 1 1 1 0 1 1 0 0 0 0 1 0 1 0 0 0 0 1 0 1 0 0 1 1 0 0
60	13	1 1 1 1 1 1 1 1 1 0 0 1 1 1 0 1 1 1 1 0 0 1 0 0 1 1 1 0 1 1 0 0 0 0 1 0 1 0 0 0 0 1 0 1 0 0 0 1 0 0
70	1	1 1 1 1 1 1 1 1 1 0 0 1 1 0 0 1 1 1 1 0 0 1 0 0 1 1 1 0 1 1 0 0 0 0 1 0 1 0 0 1 0 1 1 0 0 0 0 1 0 0
70	2	1 1 1 1 1 1 1 1 1 0 0 1 1 1 0 1 1 1 1 0 0 1 0 0 1 1 1 0 1 1 0 0 0 1 1 0 1 0 0 0 0 1 1 0 0 0 0 1 0 0
70	1	1 1 1 1 1 1 1 1 1 0 0 1 1 1 0 1 1 1 1 0 0 1 0 0 0 1 1 0 1 1 0 0 0 0 1 0 1 0 0 0 0 1 1 0 0 0 0 1 0 0
70	71	1 1 1 1 1 1 1 1 1 0 0 1 1 1 0 1 1 1 1 0 0 1 0 0 1 1 1 0 1 1 0 0 0 0 1 0 1 0 0 0 0 1 1 0 0 0 0 1 0 0
70	1	1 1 1 1 1 1 1 1 1 0 0 1 1 1 0 1 1 1 1 0 0 1 0 0 1 1 1 0 1 1 0 0 1 0 1 0 1 0 0 0 0 1 1 0 0 0 0 1 0 0
70	1	1 1 1 1 1 1 1 1 1 0 0 1 1 1 0 1 1 1 1 0 0 1 0 1 1 1 1 0 1 1 0 0 0 0 1 0 1 0 0 0 0 1 1 0 0 0 0 1 0 0
70	1	1 1 1 1 1 1 1 1 1 0 0 0 1 1 0 1 1 1 1 0 0 1 0 0 1 1 1 0 1 1 0 0 0 0 1 0 1 0 0 0 0 1 1 0 0 0 0 1 0 0
70	1	1 1 1 1 1 1 1 1 1 0 1 1 1 1 0 1 1 1 1 0 0 1 0 0 1 1 1 1 1 1 0 0 0 0 1 0 1 0 0 0 0 1 0 1 0 0 0 1 0 0
70	3	1 1 1 1 1 1 1 1 1 0 1 1 1 1 0 1 1 1 1 0 0 1 0 0 1 1 1 0 1 1 0 0 0 0 1 0 1 0 0 0 0 1 0 1 0 0 0 1 0 0
70	6	1 1 1 1 1 1 1 1 1 0 0 1 1 1 0 1 1 1 1 0 0 1 0 0 1 1 1 0 1 1 0 0 0 0 1 0 1 0 0 0 0 1 0 1 0 0 1 1 0 0
70	2	1 1 1 1 1 1 1 1 1 0 0 1 1 0 0 1 1 1 1 0 0 1 0 0 1 1 1 0 1 1 0 0 0 0 1 0 1 0 0 0 0 1 0 1 0 0 0 1 0 0
70	10	1 1 1 1 1 1 1 1 1 0 0 1 1 1 0 1 1 1 1 0 0 1 0 0 1 1 1 0 1 1 0 0 0 0 1 0 1 0 0 0 0 1 0 1 0 0 0 1 0 0
80	2	1 1 1 1 1 1 1 1 1 0 0 1 1 0 0 1 1 1 1 0 0 1 0 0 1 1 1 0 1 1 0 0 0 0 1 0 1 0 0 1 0 1 1 0 0 0 0 1 0 0
80	1	1 1 1 1 1 1 1 1 1 0 0 1 1 1 0 1 1 1 1 0 0 1 0 0 1 1 1 0 1 1 0 0 0 1 1 0 1 0 0 0 0 1 1 0 0 0 0 1 0 0
80	1	1 1 1 1 1 1 1 1 1 0 0 1 1 1 0 1 0 1 1 0 0 1 0 0 1 1 1 0 1 1 0 0 0 0 1 0 1 0 0 0 0 1 1 0 0 0 0 1 0 0
80	1	1 1 1 1 1 1 1 1 1 0 0 1 1 1 0 1 1 1 1 0 0 1 0 1 1 1 1 0 1 1 0 0 0 0 1 0 1 0 0 0 0 1 1 0 0 0 0 1 0 0
80	1	1 1 1 1 1 0 1 1 1 0 0 1 1 1 0 1 1 1 1 0 0 1 0 0 1 1 1 0 1 1 0 0 0 0 1 0 1 0 0 0 0 1 1 0 0 0 0 1 0 0
80	1	1 1 1 1 1 1 1 1 1 0 0 1 1 1 0 1 1 1 1 0 0 1 0 0 1 1 1 1 1 1 0 0 0 0 1 0 1 0 0 0 0 1 1 0 0 0 0 1 0 0
80	1	1 1 1 1 1 1 1 1 1 0 0 1 1 1 0 1 1 1 1 0 0 1 0 0 1 1 1 0 1 1 0 0 0 0 1 0 1 0 0 0 0 1 1 0 1 0 0 1 0 0
80	69	1 1 1 1 1 1 1 1 1 0 0 1 1 1 0 1 1 1 1 0 0 1 0 0 1 1 1 0 1 1 0 0 0 0 1 0 1 0 0 0 0 1 1 0 0 0 0 1 0 0
80	5	1 1 1 1 1 1 1 1 1 0 0 1 1 1 0 1 1 1 1 0 0 1 0 0 1 1 1 0 1 1 0 0 1 0 1 0 1 0 0 0 0 1 1 0 0 0 0 1 0 0
80	4	1 1 1 1 1 1 1 1 1 0 1 1 1 1 0 1 1 1 1 0 0 1 0 0 1 1 1 0 1 1 0 0 0 0 1 0 1 0 0 0 0 1 1 0 0 0 0 1 0 0
80	1	1 1 1 1 1 1 1 1 1 0 0 1 1 1 0 1 1 1 1 0 0 1 0 0 1 1 1 0 1 1 0 0 0 0 1 0 1 0 0 0 0 1 0 1 0 0 0 1 1 0
80	1	1 1 1 1 1 1 1 1 1 0 0 1 1 1 0 0 1 1 1 0 0 1 0 0 1 1 1 0 1 1 0 0 0 0 1 0 1 0 0 0 0 1 0 1 0 0 0 1 0 0
80	12	1 1 1 1 1 1 1 1 1 0 0 1 1 1 0 1 1 1 1 0 0 1 0 0 1 1 1 0 1 1 0 0 0 0 1 0 1 0 0 0 0 1 0 1 0 0 0 1 0 0
90	2	1 1 1 1 1 1 1 1 1 0 0 1 1 0 0 1 1 1 1 0 0 1 0 0 1 1 1 0 1 1 0 0 0 0 1 0 1 0 0 1 0 1 1 0 0 0 0 1 0 0
90	5	1 1 1 1 1 1 1 1 1 0 0 1 1 1 0 1 0 1 1 0 0 1 0 0 1 1 1 0 1 1 0 0 0 0 1 0 1 0 0 0 0 1 1 0 0 0 0 1 0 0
90	1	1 1 1 1 1 1 1 0 1 0 0 1 0 1 0 1 1 1 1 0 0 1 0 0 1 1 1 0 1 1 0 0 0 0 1 0 1 0 0 0 0 1 1 0 0 0 0 1 0 0
90	2	1 1 1 1 1 1 1 1 1 0 0 1 0 1 0 1 1 1 1 0 0 1 0 0 1 1 1 0 1 1 0 0 0 0 1 0 1 0 0 0 0 1 1 0 0 0 0 1 0 0
90	1	1 1 1 1 1 1 1 1 1 0 0 1 1 1 0 1 1 1 1 0 0 1 0 0 1 1 1 1 1 1 0 0 0 0 1 0 1 0 0 0 0 1 1 0 0 0 0 1 0 0
90	1	1 1 1 1 1 1 1 0 1 0 0 1 1 1 0 1 1 1 1 0 0 1 0 0 1 1 1 0 1 1 0 0 0 0 1 0 1 0 0 0 0 1 1 0 0 0 0 1 0 0
90	1	1 1 1 1 1 1 1 1 1 0 0 1 1 1 0 1 1 1 1 0 0 1 0 0 1 1 1 0 1 1 0 0 0 0 1 0 1 0 0 0 0 1 0 0 0 0 0 1 0 0
90	7	1 1 1 1 1 1 1 1 1 0 1 1 1 1 0 1 1 1 1 0 0 1 0 0 1 1 1 0 1 1 0 0 0 0 1 0 1 0 0 0 0 1 1 0 0 0 0 1 0 0
90	2	1 1 1 1 1 1 1 1 1 0 0 0 1 1 0 1 1 1 1 0 0 1 0 0 1 1 1 0 1 1 0 0 0 0 1 0 1 0 0 0 0 1 1 0 0 0 0 1 0 0
90	1	1 1 1 1 1 1 1 1 1 0 0 1 1 1 0 1 1 1 1 0 0 1 0 1 1 1 1 0 1 1 0 0 0 0 1 0 1 0 0 0 0 1 1 0 0 0 0 1 0 0
90	1	1 1 1 1 1 1 1 1 1 0 0 1 1 1 0 1 1 1 1 0 0 1 0 0 1 1 1 0 1 1 0 0 0 0 1 0 1 0 0 0 0 1 1 0 1 0 0 1 0 0
90	63	1 1 1 1 1 1 1 1 1 0 0 1 1 1 0 1 1 1 1 0 0 1 0 0 1 1 1 0 1 1 0 0 0 0 1 0 1 0 0 0 0 1 1 0 0 0 0 1 0 0
90	5	1 1 1 1 1 1 1 1 1 0 0 1 1 1 0 1 1 1 1 0 0 1 0 0 1 1 1 0 1 1 0 0 1 0 1 0 1 0 0 0 0 1 1 0 0 0 0 1 0 0
90	8	1 1 1 1 1 1 1 1 1 0 0 1 1 1 0 1 1 1 1 0 0 1 0 0 1 1 1 0 1 1 0 0 0 0 1 0 1 0 0 0 0 1 0 1 0 0 0 1 0 0
100	6	1 1 1 1 1 1 1 1 1 0 0 1 0 1 0 1 1 1 1 0 0 1 0 0 1 1 1 0 1 1 0 0 0 0 1 0 1 0 0 0 0 1 1 0 0 0 0 1 0 0
100	1	1 1 1 1 1 1 1 1 1 0 0 1 1 1 0 1 1 1 1 0 0 1 0 0 1 1 1 0 1 1 0 0 0 0 1 0 1 0 0 0 0 1 1 0 0 0 0 1 0 1
100	4	1 1 1 1 1 1 1 1 1 0 1 1 1 1 0 1 1 1 1 0 0 1 0 0 1 1 1 0 1 1 0 0 0 0 1 0 1 0 0 0 0 1 1 0 0 0 0 1 0 0
100	2	1 1 1 1 1 1 1 1 1 0 0 0 1 1 0 1 1 1 1 0 0 1 0 0 1 1 1 0 1 1 0 0 0 0 1 0 1 0 0 0 0 1 1 0 0 0 0 1 0 0
100	1	1 1 1 1 1 1 1 1 1 0 0 1 1 1 0 1 1 1 1 0 1 1 0 0 1 1 1 0 1 1 0 0 0 0 1 0 1 0 0 0 0 1 1 0 0 0 0 1 0 0
100	1	1 1 1 1 1 1 1 1 1 0 0 1 1 1 0 1 1 1 1 0 0 1 0 1 1 1 1 0 1 1 0 0 0 0 1 0 1 0 0 0 0 1 1 0 0 0 0 1 0 0
100	1	1 1 1 1 1 1 1 1 1 0 0 1 1 1 0 1 1 1 1 0 0 1 0 0 1 1 1 0 1 1 0 0 0 0 1 0 0 0 0 0 0 1 1 0 0 0 0 1 0 0
100	72	1 1 1 1 1 1 1 1 1 0 0 1 1 1 0 1 1 1 1 0 0 1 0 0 1 1 1 0 1 1 0 0 0 0 1 0 1 0 0 0 0 1 1 0 0 0 0 1 0 0
100	2	1 1 1 1 1 1 1 1 1 0 0 1 1 1 0 1 1 1 1 0 0 1 0 0 1 1 1 0 1 1 0 0 1 0 1 0 1 0 0 0 0 1 1 0 0 0 0 1 0 0
100	3	1 1 1 1 1 1 1 1 1 0 0 1 1 1 0 1 0 1 1 0 0 1 0 0 1 1 1 0 1 1 0 0 0 0 1 0 1 0 0 0 0 1 0 1 0 0 0 1 0 0
100	7	1 1 1 1 1 1 1 1 1 0 0 1 1 1 0 1 1 1 1 0 0 1 0 0 1 1 1 0 1 1 0 0 0 0 1 0 1 0 0 0 0 1 0 1 0 0 0 1 0 0
110	2	1 1 1 1 1 1 1 1 1 0 0 1 1 1 0 1 0 1 1 0 0 1 0 0 1 1 1 0 1 1 0 0 0 0 1 0 1 0 0 0 0 1 1 0 0 0 0 1 0 0
110	6	1 1 1 1 1 1 1 1 1 0 0 1 0 1 0 1 1 1 1 0 0 1 0 0 1 1 1 0 1 1 0 0 0 0 1 0 1 0 0 0 0 1 1 0 0 0 0 1 0 0
110	4	1 1 1 1 1 1 1 1 1 0 1 1 1 1 0 1 1 1 1 0 0 1 0 0 1 1 1 0 1 1 0 0 0 0 1 0 1 0 0 0 0 1 1 0 0 0 0 1 0 0
110	1	1 1 1 1 1 1 1 1 1 0 0 0 1 1 0 1 1 1 1 0 0 1 0 0 1 1 0 0 1 1 0 0 0 0 1 0 1 0 0 0 0 1 1 0 0 0 0 1 0 0
110	4	1 1 1 1 1 1 1 1 1 0 0 0 1 1 0 1 1 1 1 0 0 1 0 0 1 1 1 0 1 1 0 0 0 0 1 0 1 0 0 0 0 1 1 0 0 0 0 1 0 0
110	2	1 1 1 1 1 1 1 1 1 0 0 1 1 1 0 1 1 1 1 0 1 1 0 0 1 1 1 0 1 1 0 0 0 0 1 0 1 0 0 0 0 1 1 0 0 0 0 1 0 0
110	2	1 1 1 1 1 1 1 1 1 0 0 1 1 1 0 1 1 1 1 0 0 1 0 0 1 1 1 0 1 1 0 0 0 0 1 0 0 0 0 0 0 1 1 0 0 0 0 1 0 0
110	2	1 1 1 1 1 1 1 1 1 0 0 1 1 1 0 1 1 1 1 0 0 1 0 0 1 1 1 0 1 1 0 0 0 0 1 0 1 0 0 0 0 1 1 0 0 0 1 1 0 0
110	1	1 1 1 1 1 1 0 1 1 0 0 0 1 1 0 1 1 1 1 0 0 1 0 0 1 1 1 0 1 1 0 0 0 0 1 0 1 0 0 0 0 1 1 0 0 0 0 1 0 0
110	56	1 1 1 1 1 1 1 1 1 0 0 1 1 1 0 1 1 1 1 0 0 1 0 0 1 1 1 0 1 1 0 0 0 0 1 0 1 0 0 0 0 1 1 0 0 0 0 1 0 0
110	1	1 1 1 1 1 1 1 1 1 0 0 0 1 1 0 1 1 1 1 0 0 1 0 0 1 1 1 0 1 1 0 0 1 0 1 0 1 0 0 0 0 1 1 0 0 0 0 1 0 0
110	4	1 1 1 1 1 1 1 1 1 0 0 1 1 1 0 1 1 1 1 0 0 1 0 0 1 1 1 0 1 1 0 0 1 0 1 0 1 0 0 0 0 1 1 0 0 0 0 1 0 0
110	15	1 1 1 1 1 1 1 1 1 0 0 1 1 1 0 1 1 1 1 0 0 1 0 0 1 1 1 0 1 1 0 0 0 0 1 0 1 0 0 0 0 1 0 1 0 0 0 1 0 0
120	1	1 1 1 1 1 1 1 1 1 0 0 1 1 1 0 1 0 1 0 0 0 1 0 0 1 1 1 0 1 1 0 0 0 0 1 0 1 0 0 0 0 1 1 0 0 0 0 1 0 0
120	4	1 1 1 1 1 1 1 1 1 0 0 1 1 1 0 1 0 1 1 0 0 1 0 0 1 1 1 0 1 1 0 0 0 0 1 0 1 0 0 0 0 1 1 0 0 0 0 1 0 0
120	13	1 1 1 1 1 1 1 1 1 0 0 1 0 1 0 1 1 1 1 0 0 1 0 0 1 1 1 0 1 1 0 0 0 0 1 0 1 0 0 0 0 1 1 0 0 0 0 1 0 0
120	2	1 1 1 1 1 1 1 1 1 0 1 1 1 1 0 1 1 1 1 0 0 1 0 0 1 1 1 0 1 1 0 0 0 0 1 0 1 0 0 0 0 1 0 0 0 0 0 1 0 0
120	7	1 1 1 1 1 1 1 1 1 0 1 1 1 1 0 1 1 1 1 0 0 1 0 0 1 1 1 0 1 1 0 0 0 0 1 0 1 0 0 0 0 1 1 0 0 0 0 1 0 0
120	2	1 1 1 1 1 1 1 1 1 0 0 0 1 1 0 1 1 1 1 0 0 1 0 0 1 1 0 0 1 1 0 0 0 0 1 0 1 0 0 0 0 1 1 0 0 0 0 1 0 0
120	2	1 1 1 1 1 1 1 1 1 0 0 0 1 1 0 1 1 1 1 0 0 1 0 0 1 1 1 0 1 1 0 0 0 0 1 0 1 0 0 0 0 1 1 0 0 0 0 1 0 0
120	1	1 1 1 1 1 1 1 1 1 0 0 1 1 1 0 1 1 1 1 0 0 1 0 0 1 1 1 0 1 1 0 0 0 0 1 0 0 0 0 0 0 1 1 0 0 0 0 1 0 0
120	1	1 1 1 1 1 1 1 1 1 0 0 1 1 1 0 1 1 1 1 0 0 1 0 0 1 1 1 0 1 1 0 0 0 0 1 0 1 0 0 0 0 1 1 0 0 0 0 0 0 0
120	1	1 1 1 1 1 1 1 1 1 0 0 1 1 1 0 1 1 1 1 0 0 1 0 0 1 1 1 0 1 1 0 0 1 0 1 0 1 0 0 0 0 1 1 0 0 0 0 1 0 0
120	1	1 1 1 1 1 1 1 1 1 0 0 1 1 1 0 1 1 1 1 0 0 1 0 0 1 1 1 0 1 1 0 0 0 1 1 0 1 0 0 0 0 1 1 0 0 0 0 1 0 0
120	51	1 1 1 1 1 1 1 1 1 0 0 1 1 1 0 1 1 1 1 0 0 1 0 0 1 1 1 0 1 1 0 0 0 0 1 0 1 0 0 0 0 1 1 0 0 0 0 1 0 0
120	4	1 1 1 1 1 1 1 1 1 0 0 1 1 1 0 1 0 1 1 0 0 1 0 0 1 1 1 0 1 1 0 0 0 0 1 0 1 0 0 0 0 1 0 1 0 0 0 1 0 0
120	10	1 1 1 1 1 1 1 1 1 0 0 1 1 1 0 1 1 1 1 0 0 1 0 0 1 1 1 0 1 1 0 0 0 0 1 0 1 0 0 0 0 1 0 1 0 0 0 1 0 0
130	1	1 1 1 1 1 1 1 1 1 0 0 1 1 1 0 1 0 1 0 0 0 1 0 0 1 1 1 0 1 1 0 0 0 0 1 0 1 0 0 0 0 1 1 0 0 0 0 1 0 0
130	50	1 1 1 1 1 1 1 1 1 0 0 1 1 1 0 1 1 1 1 0 0 1 0 0 1 1 1 0 1 1 0 0 0 0 1 0 1 0 0 0 0 1 1 0 0 0 0 1 0 0
130	3	1 1 1 1 1 1 1 1 1 0 0 1 1 1 0 1 0 1 1 0 0 1 0 0 1 1 1 0 1 1 0 0 0 0 1 0 1 0 0 0 0 1 1 0 0 0 0 1 0 0
130	1	1 1 1 1 1 1 1 1 1 0 0 1 0 1 0 1 1 1 1 0 0 1 0 0 1 1 1 0 1 1 0 0 0 0 1 0 1 0 1 0 0 1 1 0 0 0 0 1 0 0
130	8	1 1 1 1 1 1 1 1 1 0 0 1 0 1 0 1 1 1 1 0 0 1 0 0 1 1 1 0 1 1 0 0 0 0 1 0 1 0 0 0 0 1 1 0 0 0 0 1 0 0
130	7	1 1 1 1 1 1 1 1 1 0 1 1 1 1 0 1 1 1 1 0 0 1 0 0 1 1 1 0 1 1 0 0 0 0 1 0 1 0 0 0 0 1 1 0 0 0 0 1 0 0
130	3	1 1 1 1 1 1 1 1 1 0 0 0 1 1 0 1 1 1 1 0 0 1 0 0 1 1 0 0 1 1 0 0 0 0 1 0 1 0 0 0 0 1 1 0 0 0 0 1 0 0
130	3	1 1 1 1 1 1 1 1 1 0 0 0 1 1 0 1 1 1 1 0 0 1 0 0 1 1 1 0 1 1 0 0 0 0 1 0 1 0 0 0 0 1 1 0 0 0 0 1 0 0
130	3	1 1 1 1 1 1 1 1 1 0 0 1 1 1 0 1 1 1 1 0 0 1 0 0 1 1 1 0 1 1 0 0 0 0 1 0 0 0 0 0 0 1 1 0 0 0 0 1 0 0
130	1	1 1 1 1 1 1 1 1 1 0 0 1 1 1 0 1 1 1 1 0 0 1 0 0 1 1 1 0 1 1 0 0 0 0 1 0 1 0 0 0 0 1 1 1 0 0 0 1 0 0
130	3	1 1 1 1 1 1 1 1 1 0 0 1 1 1 0 1 1 1 1 0 0 1 0 0 1 1 1 0 1 1 0 0 0 0 1 0 1 0 0 0 0 1 1 0 0 0 0 0 0 0
130	1	1 1 1 1 1 1 1 1 1 0 0 1 1 0 0 1 1 1 1 0 0 1 0 0 1 1 1 0 1 1 0 0 0 0 1 0 1 0 0 0 0 1 1 0 0 0 0 1 0 0
130	1	1 1 1 1 1 1 1 1 1 0 0 1 1 1 0 1 1 1 1 0 0 0 0 0 1 1 1 0 1 1 0 0 0 0 1 0 1 0 0 0 0 1 0 1 0 0 0 1 0 0
130	15	1 1 1 1 1 1 1 1 1 0 0 1 1 1 0 1 1 1 1 0 0 1 0 0 1 1 1 0 1 1 0 0 0 0 1 0 1 0 0 0 0 1 0 1 0 0 0 1 0 0
140	2	1 1 1 1 1 1 1 1 1 0 0 1 1 1 0 1 1 1 1 0 0 1 0 0 1 1 1 0 1 1 1 0 0 0 1 0 1 0 0 0 0 1 1 0 0 0 0 1 0 0
140	1	1 1 1 1 1 1 1 1 1 0 0 1 1 1 0 1 1 1 1 0 0 1 0 0 1 1 1 1 1 1 0 0 0 0 1 0 1 0 0 0 0 1 1 0 0 0 0 1 0 0
140	7	1 1 1 1 1 1 1 1 1 0 0 1 0 1 0 1 1 1 1 0 0 1 0 0 1 1 1 0 1 1 0 0 0 0 1 0 1 0 0 0 0 1 1 0 0 0 0 1 0 0
140	1	1 1 1 1 1 1 1 1 1 0 0 1 1 1 0 1 1 1 1 0 0 1 0 0 1 1 1 0 1 0 0 0 0 0 1 0 1 0 0 0 0 1 1 0 0 0 0 1 0 0
140	1	1 1 1 1 1 1 1 1 1 0 0 0 1 1 0 1 1 1 1 0 0 1 0 0 1 1 1 0 1 1 0 0 0 0 1 0 1 0 0 0 0 1 1 0 0 0 0 1 0 0
140	1	1 1 1 1 1 1 1 1 1 0 0 1 1 1 0 1 0 1 1 0 0 1 0 0 1 1 0 0 1 1 0 0 0 0 1 0 1 0 0 0 0 1 1 0 0 0 0 1 0 0
140	4	1 1 1 1 1 1 1 1 1 0 0 1 1 1 0 1 0 1 1 0 0 1 0 0 1 1 1 0 1 1 0 0 0 0 1 0 1 0 0 0 0 1 1 0 0 0 0 1 0 0
140	5	1 1 1 1 1 1 1 1 1 0 0 1 1 1 0 1 1 1 1 0 0 1 0 0 1 1 1 0 1 1 0 0 0 0 1 0 1 0 0 0 0 1 1 0 0 0 0 0 0 0
140	4	1 1 1 1 1 1 1 1 1 0 0 1 1 1 0 1 1 1 1 0 0 1 0 0 1 1 1 0 1 1 0 0 1 0 1 0 1 0 0 0 0 1 1 0 0 0 0 1 0 0
140	36	1 1 1 1 1 1 1 1 1 0 0 1 1 1 0 1 1 1 1 0 0 1 0 0 1 1 1 0 1 1 0 0 0 0 1 0 1 0 0 0 0 1 1 0 0 0 0 1 0 0
140	4	1 1 1 1 1 1 1 1 1 0 0 1 1 1 0 1 0 1 1 0 0 1 0 0 1 1 1 0 1 1 0 0 0 0 1 0 1 0 0 0 0 1 1 0 0 0 0 0 0 0
140	1	1 1 1 1 1 1 1 1 1 0 0 1 0 1 0 1 1 1 1 0 0 1 0 0 1 1 1 0 1 1 0 0 0 0 1 0 1 0 1 0 0 1 1 0 0 0 0 1 0 0
140	1	1 1 1 1 1 1 1 1 1 0 1 1 1 1 0 1 1 1 1 0 0 1 0 1 1 1 1 0 1 1 0 0 0 0 1 0 1 0 0 0 0 1 1 0 0 0 0 1 0 0
140	7	1 1 1 1 1 1 1 1 1 0 1 1 1 1 0 1 1 1 1 0 0 1 0 0 1 1 1 0 1 1 0 0 0 0 1 0 1 0 0 0 0 1 1 0 0 0 0 1 0 0
140	3	1 1 1 1 1 1 1 1 1 0 0 1 1 1 0 1 1 1 1 0 0 1 0 0 1 1 1 0 1 1 0 0 0 0 1 0 0 0 0 0 0 1 1 0 0 0 0 1 0 0
140	2	1 1 1 1 1 1 1 1 1 0 0 1 1 1 0 1 1 1 1 0 0 1 0 0 1 1 1 0 1 1 0 0 0 0 1 0 1 0 0 0 0 0 1 0 0 0 0 0 0 0
140	1	1 1 1 1 1 1 1 1 1 0 0 1 1 1 0 1 1 1 1 0 0 1 0 0 1 1 1 0 1 1 0 0 0 0 1 0 1 0 0 1 0 1 1 0 0 0 0 1 0 0
140	1	1 1 1 1 1 1 1 1 1 0 1 1 1 1 0 1 1 1 1 0 0 1 0 0 1 1 1 0 1 1 0 0 0 0 1 0 1 0 0 0 0 1 0 1 0 0 0 1 0 0
140	1	1 1 1 1 1 1 1 1 1 0 0 1 1 1 1 1 1 1 1 0 0 1 0 0 1 1 1 0 1 1 0 0 0 0 1 0 1 0 0 0 0 1 0 1 0 0 0 1 0 0
140	17	1 1 1 1 1 1 1 1 1 0 0 1 1 1 0 1 1 1 1 0 0 1 0 0 1 1 1 0 1 1 0 0 0 0 1 0 1 0 0 0 0 1 0 1 0 0 0 1 0 0
150	1	1 1 1 1 0 1 1 1 1 0 0 1 0 1 0 1 1 1 1 0 0 1 0 0 1 1 1 0 1 1 0 0 0 0 1 0 1 0 0 0 0 1 1 0 0 0 0 1 0 0
150	2	1 1 1 1 1 1 1 1 1 0 0 1 0 1 0 1 1 1 1 0 0 1 0 0 1 1 1 0 1 1 0 0 0 0 1 0 1 0 0 0 0 1 1 0 0 0 0 0 0 0
150	9	1 1 1 1 1 1 1 1 1 0 0 1 0 1 0 1 1 1 1 0 0 1 0 0 1 1 1 0 1 1 0 0 0 0 1 0 1 0 0 0 0 1 1 0 0 0 0 1 0 0
150	3	1 1 1 1 1 1 1 1 1 0 0 1 1 1 0 1 1 1 1 0 0 1 0 0 1 1 1 0 1 0 0 0 0 0 1 0 1 0 0 0 0 1 1 0 0 0 0 1 0 0
150	1	0 1 1 1 1 1 1 1 1 0 0 1 1 1 0 1 0 1 1 0 0 1 0 0 1 1 1 0 1 1 0 0 0 0 1 0 1 0 0 0 0 1 1 0 0 0 0 1 0 0
150	1	1 1 1 1 1 1 1 1 1 0 0 1 1 1 0 1 0 1 1 0 0 1 0 0 1 1 1 0 1 1 0 0 0 0 1 0 1 0 0 0 0 1 1 0 0 0 0 1 0 0
150	1	1 1 1 1 1 1 1 1 1 0 0 1 1 0 0 1 1 1 1 0 0 1 0 0 1 1 1 0 1 1 0 0 0 0 1 0 1 0 0 0 0 1 1 0 0 0 0 0 0 0
150	1	1 1 1 1 1 1 1 1 1 0 0 1 1 1 0 1 0 1 1 0 0 1 0 0 1 1 1 0 1 1 0 0 0 0 1 0 1 0 0 0 0 1 1 0 0 0 0 0 0 0
150	7	1 1 1 1 1 1 1 1 1 0 0 1 1 1 0 1 1 1 1 0 0 1 0 0 1 1 1 0 1 1 0 0 0 0 1 0 1 0 0 0 0 1 1 0 0 0 0 0 0 0
150	10	1 1 1 1 1 1 1 1 1 0 0 1 1 1 0 1 1 1 1 0 0 1 0 0 1 1 1 0 1 1 0 0 1 0 1 0 1 0 0 0 0 1 1 0 0 0 0 1 0 0
150	46	1 1 1 1 1 1 1 1 1 0 0 1 1 1 0 1 1 1 1 0 0 1 0 0 1 1 1 0 1 1 0 0 0 0 1 0 1 0 0 0 0 1 1 0 0 0 0 1 0 0
150	1	1 1 1 1 1 1 1 1 1 0 0 1 0 1 0 1 1 1 1 0 0 1 0 0 1 1 1 0 1 1 0 0 0 0 1 0 1 0 1 0 0 1 1 0 0 0 0 1 0 0
150	1	1 1 1 0 1 1 1 1 1 0 1 1 1 1 0 1 1 1 1 0 0 1 0 0 1 1 1 0 1 1 0 0 0 0 1 0 1 0 0 0 0 1 1 0 0 0 0 1 0 0
150	3	1 1 1 1 1 1 1 1 1 0 1 1 1 1 0 1 1 1 1 0 0 1 0 0 1 1 1 0 1 1 0 0 0 0 1 0 1 0 0 0 0 1 1 0 0 0 0 1 0 0
150	2	1 1 1 1 1 1 1 1 1 0 0 1 1 1 0 0 1 1 1 0 0 1 0 0 1 1 1 0 1 1 0 0 1 0 1 0 1 0 0 0 0 1 1 0 0 0 0 1 0 0
150	1	1 1 1 1 1 1 1 1 1 0 0 1 1 0 0 1 1 1 1 0 0 1 0 0 1 1 1 0 1 1 0 0 0 0 1 0 1 0 0 0 0 1 1 0 0 0 0 1 0 0
150	1	1 1 1 1 1 1 1 1 1 0 0 1 1 1 0 1 1 1 1 0 0 1 0 0 1 1 1 0 1 1 0 0 0 0 1 0 1 0 0 1 0 1 1 0 0 0 0 1 0 0
150	1	0 1 1 1 1 1 1 1 1 0 0 1 1 1 0 1 1 1 1 0 0 1 0 0 1 1 1 0 1 1 0 0 0 0 1 0 1 0 0 0 0 1 0 1 0 0 0 1 0 0
150	8	1 1 1 1 1 1 1 1 1 0 0 1 1 1 0 1 1 1 1 0 0 1 0 0 1 1 1 0 1 1 0 0 0 0 1 0 1 0 0 0 0 1 0 1 0 0 0 1 0 0
160	2	1 1 1 1 1 1 1 1 1 0 0 1 0 1 0 1 1 1 1 0 0 1 0 0 1 1 1 0 1 1 0 0 0 0 1 0 1 0 0 0 0 1 1 0 0 0 0 0 0 0
160	2	1 1 1 1 1 1 1 1 1 0 0 1 0 1 0 1 1 1 1 0 0 1 0 0 1 1 1 0 1 1 0 0 0 0 1 0 1 0 0 0 0 1 1 0 0 0 0 1 0 0
160	2	1 1 1 1 1 1 1 1 1 0 0 1 1 1 0 1 1 1 1 0 0 1 0 0 1 1 1 0 1 0 0 0 0 0 1 0 1 0 0 0 0 1 1 0 0 0 0 1 0 0
160	1	1 1 1 1 1 1 1 1 1 0 0 1 1 1 0 1 0 1 1 0 0 1 0 0 1 1 1 0 1 1 0 0 0 0 1 0 1 0 0 0 0 1 1 0 0 0 0 1 0 0
160	1	1 1 1 1 1 1 0 1 1 0 0 1 1 1 0 1 1 1 1 0 0 1 0 0 1 1 1 0 1 1 0 0 0 0 1 0 1 0 0 0 0 1 1 0 0 0 0 0 0 0
160	22	1 1 1 1 1 1 1 1 1 0 0 1 1 1 0 1 1 1 1 0 0 1 0 0 1 1 1 0 1 1 0 0 0 0 1 0 1 0 0 0 0 1 1 0 0 0 0 0 0 0
160	2	1 1 1 1 1 1 0 1 1 0 0 1 1 1 0 1 1 1 1 0 0 1 0 0 1 1 1 0 1 1 0 0 1 0 1 0 1 0 0 0 0 1 1 0 0 0 0 1 0 0
160	1	1 1 1 1 1 1 1 1 1 0 0 1 1 1 0 1 1 1 1 0 1 1 0 0 1 1 1 0 1 1 0 0 0 0 1 0 1 0 0 0 0 1 1 0 0 0 0 1 0 0
160	2	1 1 1 1 1 1 1 1 1 0 0 1 1 1 0 1 1 1 1 0 0 1 0 0 1 0 1 0 1 1 0 0 0 0 1 0 1 0 0 0 0 1 1 0 0 0 0 1 0 0
160	45	1 1 1 1 1 1 1 1 1 0 0 1 1 1 0 1 1 1 1 0 0 1 0 0 1 1 1 0 1 1 0 0 0 0 1 0 1 0 0 0 0 1 1 0 0 0 0 1 0 0
160	5	1 1 1 1 1 1 1 1 1 0 0 1 1 1 0 1 1 1 1 0 0 1 0 0 1 1 1 0 1 1 0 0 1 0 1 0 1 0 0 0 0 1 1 0 0 0 0 1 0 0
160	2	1 1 1 1 1 1 1 1 1 0 0 1 1 1 0 1 1 1 1 0 0 1 0 0 1 1 1 0 1 1 0 0 0 0 1 0 0 0 0 0 0 1 1 0 0 0 0 1 0 0
160	5	1 1 1 1 1 1 1 1 1 0 1 1 1 1 0 1 1 1 1 0 0 1 0 0 1 1 1 0 1 1 0 0 0 0 1 0 1 0 0 0 0 1 1 0 0 0 0 1 0 0
160	2	1 1 1 1 1 1 1 1 1 0 0 1 1 1 0 1 1 1 1 0 0 1 0 0 1 1 1 0 1 1 0 0 0 0 1 0 1 0 0 0 0 0 1 0 0 0 0 0 0 0
160	4	1 1 1 1 1 1 1 1 1 0 0 1 1 1 0 1 1 1 1 0 0 1 0 0 1 1 1 0 1 1 0 0 0 0 1 0 1 0 0 1 0 1 1 0 0 0 0 1 0 0
160	2	1 1 1 1 1 1 1 1 1 0 0 1 1 1 0 1 1 1 1 0 0 1 0 0 1 1 1 0 1 1 0 0 0 0 1 0 1 0 0 0 0 1 0 1 0 0 0 1 0 0
170	1	1 1 1 1 1 1 1 1 0 0 0 1 0 1 0 1 1 1 1 0 0 1 0 0 1 1 1 0 1 1 0 0 0 0 1 0 1 0 0 0 0 1 1 0 0 0 0 1 0 0
170	3	1 1 1 1 1 1 1 1 1 0 0 1 0 1 0 1 1 1 1 0 0 1 0 0 1 1 1 0 1 1 0 0 0 0 1 0 1 0 0 0 0 1 1 0 0 0 0 1 0 0
170	4	1 1 1 1 1 1 1 1 1 0 0 1 1 1 0 1 1 1 1 0 0 1 0 0 1 1 1 0 1 0 0 0 0 0 1 0 1 0 0 0 0 1 1 0 0 0 0 1 0 0
170	1	0 1 1 1 1 1 1 1 1 0 0 1 1 1 0 1 0 1 1 0 0 1 0 0 1 1 1 0 1 1 0 0 0 0 1 0 1 0 0 0 0 1 1 0 0 0 0 1 0 0
170	2	1 1 1 1 1 1 0 1 1 0 0 1 1 1 0 1 1 1 1 0 0 1 0 0 1 1 1 0 1 1 0 0 0 0 1 0 1 0 0 0 0 1 1 0 0 0 0 0 0 0
170	1	1 1 1 1 1 1 1 1 1 0 0 1 1 1 0 0 1 1 1 0 0 1 0 0 1 1 1 0 1 1 0 0 0 0 1 0 1 0 0 0 0 1 1 0 0 0 0 0 0 0
170	1	1 1 1 0 1 1 1 1 1 0 0 1 1 1 0 1 1 1 1 0 0 1 0 0 1 1 1 0 1 1 0 0 0 0 1 0 1 0 0 0 0 1 1 0 0 0 0 0 0 0
170	5	1 1 1 1 1 1 1 1 1 0 0 1 1 1 0 1 1 1 1 0 0 1 0 0 1 1 1 0 1 1 0 0 0 0 1 0 1 0 0 0 0 0 1 0 0 0 0 0 0 0
170	19	1 1 1 1 1 1 1 1 1 0 0 1 1 1 0 1 1 1 1 0 0 1 0 0 1 1 1 0 1 1 0 0 0 0 1 0 1 0 0 0 0 1 1 0 0 0 0 0 0 0
170	1	1 1 1 1 1 1 0 1 1 0 0 1 1 1 0 1 1 1 1 0 0 1 0 0 1 1 1 0 1 1 0 0 1 0 1 0 1 0 0 0 0 1 1 0 0 0 0 1 0 0
170	1	1 1 1 1 1 1 1 1 1 0 0 1 1 1 0 1 1 1 1 0 1 1 0 0 1 1 1 0 1 1 0 0 0 0 1 0 1 0 0 0 0 1 1 0 0 0 0 1 0 0
170	2	1 1 1 1 1 1 1 1 1 0 0 1 1 1 0 1 1 1 1 0 0 1 0 0 1 1 1 0 1 1 0 0 0 0 1 0 1 0 1 0 0 1 1 0 0 0 0 1 0 0
170	1	1 1 1 1 1 1 1 1 1 0 0 1 1 1 0 1 1 1 1 0 0 1 0 0 1 1 0 0 1 1 0 0 0 0 1 0 1 0 0 1 0 1 1 0 0 0 0 1 0 0
170	4	1 1 1 1 1 1 1 1 1 0 0 1 1 1 0 1 1 1 1 0 0 1 0 0 1 1 1 0 1 1 0 0 0 0 1 0 1 0 0 1 0 1 1 0 0 0 0 1 0 0
170	45	1 1 1 1 1 1 1 1 1 0 0 1 1 1 0 1 1 1 1 0 0 1 0 0 1 1 1 0 1 1 0 0 0 0 1 0 1 0 0 0 0 1 1 0 0 0 0 1 0 0
170	1	1 1 1 1 1 1 1 1 1 0 0 1 1 1 0 1 1 1 1 0 0 1 0 0 1 1 1 0 1 1 0 0 1 0 1 0 1 0 0 0 0 1 1 0 0 0 0 1 0 0
170	3	1 1 1 1 1 1 1 1 1 0 1 1 1 1 0 1 1 1 1 0 0 1 0 0 1 1 1 0 1 1 0 0 0 0 1 0 1 0 0 0 0 1 1 0 0 0 0 1 0 0
170	2	1 1 1 1 1 1 1 1 1 0 0 1 1 1 0 1 1 1 1 0 0 1 0 0 1 1 1 0 1 1 0 0 0 0 1 0 1 0 0 0 0 1 0 1 1 0 0 1 0 0
170	3	1 1 1 1 1 1 1 1 1 0 0 1 1 1 0 1 1 1 1 0 0 1 0 0 1 1 1 0 1 1 0 0 0 0 1 0 1 0 0 0 0 1 0 1 0 0 0 1 0 0
180	1	1 1 1 1 1 1 1 1 0 0 0 1 0 1 0 1 1 1 1 0 0 1 0 0 1 1 1 1 1 1 0 0 0 0 1 0 1 0 0 0 0 1 1 0 0 0 0 1 0 0
180	1	1 1 1 1 1 1 1 1 0 0 0 1 0 1 0 1 1 1 1 0 0 1 0 0 1 1 1 0 1 1 0 0 0 0 1 0 1 0 0 0 0 1 1 0 0 0 0 1 0 0
180	3	1 1 1 1 1 1 1 1 1 0 0 1 0 1 0 1 1 1 1 0 0 1 0 0 1 1 1 0 1 1 0 0 0 0 1 0 1 0 0 0 0 1 1 0 0 0 0 1 0 0
180	2	1 1 1 1 1 1 1 1 1 0 0 1 1 1 0 1 0 1 1 0 0 1 0 0 1 1 1 0 1 1 0 0 0 0 1 0 1 0 0 0 0 1 1 0 0 0 0 1 0 0
180	1	1 1 1 1 1 1 1 1 1 0 0 1 1 1 0 0 1 1 1 0 0 1 0 0 1 1 1 0 1 1 0 0 0 0 1 0 1 0 0 0 0 1 1 0 0 0 0 0 0 0
180	1	1 1 1 1 1 1 1 1 1 0 0 1 1 1 0 1 1 1 1 0 0 1 0 0 1 1 1 0 1 1 0 0 0 0 1 0 1 0 0 0 0 0 1 0 0 0 0 0 0 1
180	1	1 1 1 1 1 1 1 1 1 0 0 1 1 1 0 1 1 1 1 0 0 1 0 0 1 1 1 0 1 1 0 0 0 0 1 0 1 0 0 0 1 0 1 0 0 0 0 0 0 0
180	2	1 1 1 1 1 1 1 1 1 0 0 1 1 1 0 1 0 1 1 0 0 1 0 0 1 1 1 0 1 1 0 0 0 0 1 0 1 0 0 0 0 0 1 0 0 0 0 0 0 0
180	1	1 1 1 1 1 1 1 1 1 0 0 1 0 1 0 1 1 1 1 0 1 1 0 0 1 1 1 0 1 1 0 0 0 0 1 0 1 0 0 0 0 0 1 0 0 0 0 0 0 0
180	2	1 1 1 1 1 1 1 1 1 0 0 1 1 1 0 1 1 1 1 0 1 1 0 0 1 1 1 0 1 1 0 0 0 0 1 0 1 0 0 0 0 0 1 0 0 0 0 0 0 0
180	24	1 1 1 1 1 1 1 1 1 0 0 1 1 1 0 1 1 1 1 0 0 1 0 0 1 1 1 0 1 1 0 0 0 0 1 0 1 0 0 0 0 0 1 0 0 0 0 0 0 0
180	1	1 1 1 1 1 1 1 1 1 0 0 1 1 1 0 1 1 1 1 0 0 1 0 0 1 0 1 0 1 1 0 0 0 0 1 0 1 0 0 0 0 1 1 0 0 0 0 0 0 0
180	20	1 1 1 1 1 1 1 1 1 0 0 1 1 1 0 1 1 1 1 0 0 1 0 0 1 1 1 0 1 1 0 0 0 0 1 0 1 0 0 0 0 1 1 0 0 0 0 0 0 0
180	2	1 1 1 1 1 1 1 1 1 0 0 1 1 0 0 1 1 1 1 0 0 1 0 0 1 1 1 0 1 1 0 0 0 0 1 0 1 0 0 0 0 1 1 0 0 0 0 1 0 0
180	1	1 1 1 1 1 1 1 1 1 0 0 1 1 1 0 1 1 1 1 0 0 1 0 0 1 1 0 0 1 1 0 0 0 0 1 0 1 0 0 1 0 1 1 0 0 0 0 1 0 0
180	1	1 1 1 1 1 1 1 1 1 0 0 0 1 1 0 1 1 1 1 0 0 1 0 0 1 1 1 0 1 1 0 0 0 0 1 0 1 0 0 0 0 1 1 0 0 0 0 1 0 0
180	30	1 1 1 1 1 1 1 1 1 0 0 1 1 1 0 1 1 1 1 0 0 1 0 0 1 1 1 0 1 1 0 0 0 0 1 0 1 0 0 0 0 1 1 0 0 0 0 1 0 0
180	3	1 1 1 1 1 1 1 1 1 0 0 1 1 1 0 1 1 1 1 0 0 1 0 0 1 1 1 0 1 1 0 0 0 0 1 0 0 0 0 0 0 0 1 0 0 0 0 0 0 0
180	1	1 1 0 1 1 1 1 1 1 0 0 1 1 1 0 1 1 1 1 0 0 1 0 0 1 1 1 0 1 1 0 0 0 0 1 0 1 0 0 0 0 1 0 1 0 0 0 1 0 0
180	2	1 1 1 1 1 1 1 1 1 0 0 1 1 1 0 1 1 1 1 0 0 1 0 0 1 1 1 0 1 1 0 0 0 0 1 0 1 0 0 0 0 1 0 1 0 0 0 1 0 0
190	1	1 1 1 1 1 1 1 1 0 0 0 1 0 1 0 1 1 1 1 0 0 1 0 0 1 1 1 1 1 1 0 0 0 0 1 0 1 0 0 0 0 1 1 0 0 0 0 1 0 0
190	1	1 1 1 1 1 1 1 1 0 0 0 1 0 1 0 1 1 1 1 0 0 1 0 0 1 1 1 0 1 1 0 0 0 0 1 0 1 0 0 0 0 1 1 0 0 0 0 1 0 0
190	2	1 1 1 1 1 1 1 1 1 0 0 1 1 1 0 0 1 1 1 0 0 1 0 0 1 1 1 0 1 1 0 0 0 0 1 0 1 0 0 0 0 1 1 0 0 0 0 0 0 0
190	1	1 1 1 1 1 1 1 1 1 0 0 1 1 1 0 1 1 1 1 0 0 1 0 0 1 1 1 0 1 1 0 0 0 0 1 0 1 0 0 0 0 0 1 0 0 0 0 0 0 1
190	4	1 1 1 1 1 1 1 1 1 0 0 1 1 1 0 1 0 1 1 0 0 1 0 0 1 1 1 0 1 1 0 0 0 0 1 0 1 0 0 0 0 0 1 0 0 0 0 0 0 0
190	2	1 1 1 1 1 1 1 1 1 0 0 1 1 1 0 1 1 1 1 0 0 1 0 0 1 1 1 0 1 1 0 0 0 0 1 0 1 0 0 0 0 0 1 0 0 1 0 0 0 0
190	40	1 1 1 1 1 1 1 1 1 0 0 1 1 1 0 1 1 1 1 0 0 1 0 0 1 1 1 0 1 1 0 0 0 0 1 0 1 0 0 0 0 0 1 0 0 0 0 0 0 0
190	2	1 1 1 1 1 1 1 1 1 0 0 1 1 1 0 1 1 1 1 0 0 1 0 0 1 0 1 0 1 1 0 0 0 0 1 0 1 0 0 0 0 1 1 0 0 0 0 0 0 0
190	1	1 1 1 1 1 1 1 1 1 0 0 1 1 1 0 1 1 1 1 0 0 1 0 0 1 1 1 0 1 1 0 0 1 0 1 0 1 0 0 0 0 1 1 0 0 0 0 0 0 0
190	12	1 1 1 1 1 1 1 1 1 0 0 1 1 1 0 1 1 1 1 0 0 1 0 0 1 1 1 0 1 1 0 0 0 0 1 0 1 0 0 0 0 1 1 0 0 0 0 0 0 0
190	2	1 1 1 1 1 1 1 1 1 0 0 1 1 1 0 1 1 1 1 0 0 1 0 0 1 1 1 0 1 1 0 0 0 0 1 0 1 0 0 1 0 1 1 0 0 0 0 1 0 0
190	20	1 1 1 1 1 1 1 1 1 0 0 1 1 1 0 1 1 1 1 0 0 1 0 0 1 1 1 0 1 1 0 0 0 0 1 0 1 0 0 0 0 1 1 0 0 0 0 1 0 0
190	1	1 1 1 1 1 1 1 1 1 0 0 1 1 1 0 1 1 1 1 0 0 1 0 0 1 1 1 0 1 1 0 0 1 0 1 0 1 0 0 0 0 1 1 0 0 0 0 1 0 0
190	9	1 1 1 1 1 1 1 1 1 0 0 1 1 1 0 1 1 1 1 0 0 1 0 0 1 1 1 0 1 1 0 0 0 0 1 0 0 0 0 0 0 0 1 0 0 0 0 0 0 0
190	2	1 1 1 1 1 1 1 1 1 0 0 1 1 1 0 1 1 1 1 0 0 1 0 0 1 1 1 0 1 1 0 0 0 0 1 0 1 0 0 0 0 1 0 1 0 0 0 1 0 0
200	1	1 1 1 1 1 1 1 1 1 0 0 1 1 1 0 1 1 1 1 0 0 1 0 0 1 1 1 0 1 1 0 0 0 0 1 0 1 0 0 0 0 0 1 0 0 0 0 0 0 1
200	5	1 1 1 1 1 1 1 1 1 0 0 1 1 1 0 1 0 1 1 0 0 1 0 0 1 1 1 0 1 1 0 0 0 0 1 0 1 0 0 0 0 0 1 0 0 0 0 0 0 0
200	3	1 1 1 1 1 1 1 1 1 0 0 1 0 1 0 1 1 1 1 0 1 1 0 0 1 1 1 0 1 1 0 0 0 0 1 0 1 0 0 0 0 0 1 0 0 0 0 0 0 0
200	1	1 1 1 1 0 1 1 1 1 0 0 1 1 1 0 1 1 1 1 0 0 1 0 0 1 1 1 0 1 1 0 0 0 0 1 0 1 0 0 0 0 0 1 0 0 0 0 0 0 0
200	58	1 1 1 1 1 1 1 1 1 0 0 1 1 1 0 1 1 1 1 0 0 1 0 0 1 1 1 0 1 1 0 0 0 0 1 0 1 0 0 0 0 0 1 0 0 0 0 0 0 0
200	4	1 1 1 1 1 1 1 1 1 0 0 1 1 1 0 1 1 1 1 0 0 1 0 0 1 0 1 0 1 1 0 0 0 0 1 0 1 0 0 0 0 1 1 0 0 0 0 0 0 0
200	9	1 1 1 1 1 1 1 1 1 0 0 1 1 1 0 1 1 1 1 0 0 1 0 0 1 1 1 0 1 1 0 0 0 0 1 0 1 0 0 0 0 1 1 0 0 0 0 1 0 0
200	10	1 1 1 1 1 1 1 1 1 0 0 1 1 1 0 1 1 1 1 0 0 1 0 0 1 1 1 0 1 1 0 0 0 0 1 0 1 0 0 0 0 1 1 0 0 0 0 0 0 0
200	2	1 1 1 1 1 1 1 1 1 0 0 1 1 1 0 1 1 1 1 0 0 1 0 0 1 1 1 0 1 1 0 0 1 0 1 0 1 0 0 0 0 1 1 0 0 0 0 1 0 0
200	6	1 1 1 1 1 1 1 1 1 0 0 1 1 1 0 1 1 1 1 0 0 1 0 0 1 1 1 0 1 1 0 0 0 0 1 0 0 0 0 0 0 0 1 0 0 0 0 0 0 0
200	1	1 1 1 1 1 1 1 1 1 0 0 1 1 1 0 1 1 1 1 0 0 1 0 0 1 1 1 0 1 1 0 0 0 0 1 0 1 0 0 0 0 1 0 1 0 0 0 1 0 0
210	2	1 1 1 1 1 1 1 1 1 0 0 1 0 1 0 1 1 1 1 0 0 1 0 0 1 1 1 0 1 1 0 0 0 0 1 0 1 1 0 0 0 1 1 0 0 0 0 1 0 0
210	2	1 1 1 1 1 1 1 1 1 0 0 1 1 1 0 1 0 1 1 0 0 1 0 0 1 1 1 0 1 1 0 0 0 0 1 0 1 0 0 0 0 0 1 0 0 0 0 0 0 0
210	2	1 1 1 1 1 1 1 1 1 0 0 1 0 1 0 1 1 1 1 0 0 1 0 0 1 1 1 0 1 1 1 0 0 0 1 0 1 0 0 0 0 0 1 0 0 0 0 0 0 0
210	1	1 1 1 1 1 1 1 1 1 0 0 1 1 1 0 1 1 1 1 0 0 1 0 0 1 1 1 0 1 1 0 0 0 0 1 0 1 0 0 0 0 0 0 0 0 0 0 0 0 0
210	4	1 1 1 1 1 1 1 1 1 0 0 1 1 1 0 1 1 1 1 0 0 1 0 0 1 1 1 0 1 1 0 0 0 0 1 0 0 0 0 0 0 0 1 0 0 0 0 0 0 0
210	1	1 1 1 1 1 1 1 1 1 1 0 1 1 1 0 1 1 1 1 0 0 1 0 0 1 1 1 0 1 1 0 0 0 0 1 0 1 0 0 0 0 0 1 0 0 0 0 0 0 0
210	1	1 1 1 1 1 1 1 1 1 0 0 1 1 1 0 1 1 1 1 0 0 1 0 0 0 1 1 0 1 1 0 0 0 0 1 0 1 0 0 0 0 0 1 0 0 0 0 0 0 0
210	73	1 1 1 1 1 1 1 1 1 0 0 1 1 1 0 1 1 1 1 0 0 1 0 0 1 1 1 0 1 1 0 0 0 0 1 0 1 0 0 0 0 0 1 0 0 0 0 0 0 0
210	5	1 1 1 1 1 1 1 1 1 0 0 1 1 1 0 1 1 1 1 0 0 1 0 0 1 0 1 0 1 1 0 0 0 0 1 0 1 0 0 0 0 1 1 0 0 0 0 0 0 0
210	8	1 1 1 1 1 1 1 1 1 0 0 1 1 1 0 1 1 1 1 0 0 1 0 0 1 1 1 0 1 1 0 0 0 0 1 0 1 0 0 0 0 1 1 0 0 0 0 0 0 0
210	1	1 1 1 1 1 1 1 1 1 0 0 1 1 1 0 1 1 1 1 0 0 1 0 0 1 1 1 0 1 1 0 0 0 0 1 0 1 0 0 0 0 1 0 1 0 0 0 1 0 0
220	4	1 1 1 1 1 1 1 1 1 0 0 1 0 1 0 1 1 1 1 0 1 1 0 0 1 1 1 0 1 1 0 0 0 0 1 0 1 0 0 0 0 0 1 0 0 0 0 0 0 0
220	1	1 1 1 1 1 1 1 1 1 0 0 1 0 1 0 1 1 1 1 0 0 1 0 0 1 1 1 0 1 1 1 0 0 0 1 0 1 0 0 0 0 0 1 0 0 0 0 0 0 0
220	1	1 1 1 1 1 1 1 1 1 0 0 1 0 1 0 1 1 1 1 0 0 1 0 0 1 1 1 0 1 1 0 0 0 0 1 0 1 0 0 0 0 0 1 0 0 0 0 0 0 0
220	1	1 1 1 1 0 1 1 1 1 0 0 1 1 1 0 1 1 1 1 0 0 1 0 0 1 1 1 0 1 1 0 0 0 0 1 0 1 0 0 0 0 0 1 0 0 0 0 0 0 0
220	1	1 1 1 1 1 1 1 1 1 0 1 1 1 1 0 1 1 1 1 0 0 1 0 0 1 1 1 0 1 1 0 0 0 0 1 0 1 0 0 0 0 0 1 0 0 0 0 0 0 0
220	1	1 1 1 1 1 1 1 1 1 0 0 1 1 1 0 1 1 1 0 0 0 1 0 0 1 1 1 0 1 1 0 0 0 0 1 0 0 0 0 0 0 0 1 0 0 0 0 0 0 0
220	12	1 1 1 1 1 1 1 1 1 0 0 1 1 1 0 1 1 1 1 0 0 1 0 0 1 1 1 0 1 1 0 0 0 0 1 0 0 0 0 0 0 0 1 0 0 0 0 0 0 0
220	1	1 1 1 1 1 1 1 1 1 0 0 1 1 1 0 1 1 0 1 0 0 1 0 0 1 1 1 0 1 1 0 0 0 0 1 0 1 0 0 0 0 0 1 0 0 0 0 0 0 0
220	1	1 1 1 1 1 1 1 1 1 0 0 1 1 1 1 1 1 1 1 0 0 1 0 0 1 1 1 0 1 1 0 0 0 0 1 0 1 0 0 0 0 0 1 0 0 0 0 0 0 0
220	9	1 1 1 1 1 1 1 1 1 0 0 1 1 1 0 1 1 1 1 0 0 1 0 0 1 1 1 0 1 1 0 0 0 0 1 0 1 0 0 0 0 1 1 0 0 0 0 0 0 0
220	1	1 1 1 1 1 1 1 1 1 0 0 1 1 1 0 0 1 1 1 0 0 1 0 0 1 1 1 0 1 1 0 0 0 0 1 0 1 0 0 0 0 0 1 0 0 0 0 0 0 0
220	1	1 1 1 1 1 1 1 0 1 0 0 1 1 1 0 1 1 1 1 0 0 1 0 0 1 1 1 0 1 1 0 0 0 0 1 0 1 0 0 0 0 0 1 0 0 0 0 0 0 0
220	66	1 1 1 1 1 1 1 1 1 0 0 1 1 1 0 1 1 1 1 0 0 1 0 0 1 1 1 0 1 1 0 0 0 0 1 0 1 0 0 0 0 0 1 0 0 0 0 0 0 0
230	2	1 1 1 1 1 1 1 1 1 0 0 1 1 1 0 1 0 1 1 0 0 1 0 0 1 1 1 0 1 1 0 0 0 0 1 0 1 0 0 0 1 0 1 0 0 0 0 0 0 0
230	1	1 1 1 1 1 1 1 1 1 0 0 1 0 1 0 1 1 1 1 0 1 1 0 0 1 1 1 0 1 1 0 0 0 0 1 0 1 0 0 0 0 0 1 0 0 0 0 0 0 0
230	1	1 1 1 1 0 1 1 1 1 0 0 1 1 1 0 1 1 1 1 0 0 1 0 0 1 1 1 0 1 1 0 0 0 0 1 0 1 0 0 0 0 0 1 0 0 0 0 0 0 0
230	1	1 1 1 1 1 1 1 1 1 0 0 0 1 1 0 1 1 1 1 0 0 1 0 0 1 1 1 0 1 1 0 0 0 0 1 0 1 0 0 0 0 0 1 0 0 0 0 0 0 0
230	1	1 1 1 1 1 1 1 1 1 0 0 1 1 1 0 1 1 1 1 0 0 1 0 0 1 1 1 0 1 1 0 0 0 0 1 0 1 0 0 0 0 0 0 0 0 0 0 0 0 0
230	4	1 1 1 1 1 1 1 1 1 0 0 1 1 1 0 1 1 1 1 0 0 1 0 0 1 1 1 0 1 1 0 0 0 0 1 0 0 0 0 0 0 0 1 0 0 0 0 0 0 0
230	1	1 1 1 0 1 1 1 1 1 0 0 1 1 1 1 1 1 1 1 0 0 1 0 0 1 1 1 0 1 1 0 0 0 0 1 0 1 0 0 0 0 0 1 0 0 0 0 0 0 0
230	17	1 1 1 1 1 1 1 1 1 0 0 1 1 1 0 1 1 1 1 0 0 1 0 0 1 1 1 0 1 1 0 0 0 0 1 0 1 0 0 0 0 1 1 0 0 0 0 0 0 0
230	1	1 1 1 1 1 1 1 1 1 0 0 1 1 1 0 1 1 1 1 0 1 1 0 0 1 1 1 0 1 1 0 0 0 0 1 0 1 0 0 0 0 0 1 0 0 0 0 0 0 0
230	1	1 1 1 1 1 1 1 1 1 0 0 1 1 1 0 1 1 1 1 0 0 1 0 0 1 1 1 0 1 1 0 0 0 0 1 0 1 0 0 0 0 0 1 0 1 0 0 0 0 0
230	1	1 1 1 1 1 1 1 1 1 0 0 1 1 1 0 1 1 1 1 0 0 1 0 0 1 1 1 0 1 0 0 0 0 0 1 0 1 0 0 0 0 0 1 0 0 0 0 0 0 0
230	1	1 1 1 1 1 1 1 1 1 0 0 1 1 1 0 1 1 1 1 0 0 1 0 0 1 1 0 0 1 1 0 0 0 0 1 0 1 0 0 0 0 0 1 0 0 0 0 0 0 0
230	68	1 1 1 1 1 1 1 1 1 0 0 1 1 1 0 1 1 1 1 0 0 1 0 0 1 1 1 0 1 1 0 0 0 0 1 0 1 0 0 0 0 0 1 0 0 0 0 0 0 0
240	1	1 1 1 1 1 1 1 1 1 0 0 1 1 1 0 1 0 1 1 0 0 1 0 0 1 1 1 0 1 1 0 0 0 0 1 0 1 0 0 0 0 0 1 0 0 0 0 0 0 0
240	1	1 1 1 1 1 1 1 1 1 0 0 1 0 1 0 1 1 1 1 0 1 1 0 0 1 1 1 0 1 1 0 0 0 0 1 0 1 0 0 0 0 0 1 0 0 0 0 0 0 0
240	1	1 1 1 1 0 1 1 1 1 0 0 1 1 1 0 1 1 1 1 0 0 1 0 0 1 1 1 0 1 1 0 0 0 0 1 0 1 0 0 0 0 0 1 0 0 0 0 0 0 0
240	4	1 1 1 1 1 1 1 1 1 0 0 1 1 1 0 1 1 1 1 0 0 1 0 0 1 1 1 0 1 1 0 0 0 0 1 0 1 0 0 0 0 0 0 0 0 0 0 0 0 0
240	2	1 1 1 1 1 1 1 1 1 0 0 1 1 1 0 1 1 1 1 0 0 1 0 0 1 1 1 0 1 1 1 0 0 0 1 0 0 0 0 0 0 0 1 0 0 0 0 0 0 0
240	9	1 1 1 1 1 1 1 1 1 0 0 1 1 1 0 1 1 1 1 0 0 1 0 0 1 1 1 0 1 1 0 0 0 0 1 0 0 0 0 0 0 0 1 0 0 0 0 0 0 0
240	1	1 1 1 1 1 1 1 1 1 0 0 1 1 1 0 1 1 1 1 0 0 1 0 0 1 1 1 0 1 1 0 0 0 0 1 0 1 0 0 1 0 1 1 0 0 0 0 0 0 0
240	11	1 1 1 1 1 1 1 1 1 0 0 1 1 1 0 1 1 1 1 0 0 1 0 0 1 1 1 0 1 1 0 0 0 0 1 0 1 0 0 0 0 1 1 0 0 0 0 0 0 0
240	1	1 1 1 1 1 1 1 0 1 0 0 1 1 1 0 1 1 1 1 0 0 1 0 0 1 1 1 0 1 1 0 0 0 0 1 0 1 0 0 0 0 0 1 0 0 0 0 0 0 0
240	1	1 1 1 1 1 1 1 1 1 0 0 1 1 1 0 1 1 1 1 0 1 1 0 0 1 1 1 0 1 1 0 0 0 0 1 0 1 0 0 0 0 0 1 0 0 0 0 0 0 0
240	1	1 1 1 1 1 1 1 1 1 0 0 1 1 1 0 1 1 1 1 1 0 1 0 0 1 1 1 0 1 1 0 0 0 0 1 0 1 0 0 0 0 0 1 0 0 0 0 0 0 0
240	1	1 1 1 1 1 1 1 1 1 0 0 1 1 1 0 1 1 1 1 0 0 1 0 0 1 1 1 0 1 1 0 0 0 0 1 0 1 0 0 0 0 0 1 0 1 0 0 0 0 0
240	2	1 1 1 1 1 1 1 1 1 0 0 1 1 1 0 1 1 1 1 0 0 1 0 0 1 1 1 0 1 1 0 0 0 0 1 0 1 0 0 0 0 0 1 0 0 0 0 0 1 0
240	64	1 1 1 1 1 1 1 1 1 0 0 1 1 1 0 1 1 1 1 0 0 1 0 0 1 1 1 0 1 1 0 0 0 0 1 0 1 0 0 0 0 0 1 0 0 0 0 0 0 0
250	3	1 1 1 1 1 1 1 1 1 0 0 1 0 1 0 1 1 1 1 0 1 1 0 0 1 1 1 0 1 1 0 0 0 0 1 0 1 0 0 0 0 0 1 0 0 0 0 0 0 0
250	8	1 1 1 1 1 1 1 1 1 0 0 1 1 1 0 1 1 1 1 0 0 1 0 0 1 1 1 0 1 1 0 0 0 0 1 0 1 0 0 0 0 0 0 0 0 0 0 0 0 0
250	9	1 1 1 1 1 1 1 1 1 0 0 1 1 1 0 1 1 1 1 0 0 1 0 0 1 1 1 0 1 1 0 0 0 0 1 0 0 0 0 0 0 0 1 0 0 0 0 0 0 0
250	1	1 1 1 1 1 1 1 1 1 0 0 1 1 1 0 1 1 1 1 0 0 1 0 0 1 1 1 0 1 1 0 0 0 0 1 0 1 0 0 1 0 1 1 0 0 0 0 0 0 0
250	3	1 1 1 1 1 1 1 1 1 0 0 1 1 1 0 1 1 1 1 1 0 1 0 0 1 1 1 0 1 1 0 0 0 0 1 0 1 0 0 0 0 0 1 0 0 0 0 0 0 0
250	1	1 1 1 1 0 1 1 1 1 0 0 1 1 1 0 1 1 1 1 0 0 1 0 0 1 1 1 0 1 1 0 0 0 0 1 0 1 0 0 0 0 0 1 0 1 0 0 0 0 0
250	1	1 1 1 1 1 1 1 1 1 0 0 1 1 1 0 1 1 1 1 0 0 1 0 0 1 1 1 0 1 1 0 0 0 0 1 0 1 0 0 0 0 0 1 0 1 0 0 0 0 0
250	2	1 1 1 1 1 0 1 1 1 0 0 1 1 1 0 1 1 1 1 0 0 1 0 0 1 1 1 0 1 1 0 0 0 0 1 0 1 0 0 0 0 0 1 0 0 0 0 0 0 0
250	1	1 1 1 1 1 1 1 1 1 0 0 1 1 1 0 1 1 1 1 0 0 1 0 0 1 0 1 0 1 1 0 0 0 0 1 0 1 0 0 0 0 0 1 0 0 0 0 0 0 0
250	2	1 1 1 1 0 1 1 1 1 0 0 1 1 1 0 1 1 1 1 0 0 1 0 0 1 1 1 0 1 1 0 0 0 0 1 0 1 0 0 0 0 0 1 0 0 0 0 0 0 0
250	69	1 1 1 1 1 1 1 1 1 0 0 1 1 1 0 1 1 1 1 0 0 1 0 0 1 1 1 0 1 1 0 0 0 0 1 0 1 0 0 0 0 0 1 0 0 0 0 0 0 0
260	20	1 1 1 1 1 1 1 1 1 0 0 1 1 1 0 1 1 1 1 0 0 1 0 0 1 1 1 0 1 1 0 0 0 0 1 0 1 0 0 0 0 0 0 0 0 0 0 0 0 0
260	2	1 1 1 1 1 1 1 1 1 0 0 1 1 1 0 1 1 1 1 0 0 1 0 0 1 1 1 0 1 1 1 0 0 0 1 0 0 0 0 0 0 0 1 0 0 0 0 0 0 0
260	2	1 1 1 1 1 1 1 1 1 0 0 1 1 1 0 1 1 1 1 0 0 1 0 0 1 1 1 0 1 1 0 0 0 0 1 0 0 0 0 0 0 0 1 0 0 1 0 0 0 0
260	9	1 1 1 1 1 1 1 1 1 0 0 1 1 1 0 1 1 1 1 0 0 1 0 0 1 1 1 0 1 1 0 0 0 0 1 0 0 0 0 0 0 0 1 0 0 0 0 0 0 0
260	1	1 1 1 1 1 1 1 1 1 0 0 1 1 1 0 1 1 1 1 0 0 1 0 0 1 1 1 0 1 1 0 0 0 0 1 0 1 0 0 0 0 1 1 0 0 0 0 0 0 0
260	1	1 1 1 1 1 1 1 1 0 0 0 1 1 1 0 1 1 1 1 1 0 1 0 0 1 1 1 0 1 1 0 0 0 0 1 0 1 0 0 0 0 0 1 0 0 0 0 0 0 0
260	4	1 1 1 1 1 1 1 1 1 0 0 1 1 1 0 1 1 1 1 1 0 1 0 0 1 1 1 0 1 1 0 0 0 0 1 0 1 0 0 0 0 0 1 0 0 0 0 0 0 0
260	1	1 1 1 1 1 1 1 1 1 0 0 1 1 1 0 1 1 1 1 0 0 1 0 0 1 1 1 0 1 1 0 0 0 0 1 0 1 0 0 0 0 0 1 0 1 0 0 0 0 0
260	2	1 1 1 1 1 0 1 1 1 0 0 1 1 1 0 1 1 1 1 0 0 1 0 0 1 1 1 0 1 1 0 0 0 0 1 0 1 0 0 0 0 0 1 0 0 0 0 0 0 0
260	51	1 1 1 1 1 1 1 1 1 0 0 1 1 1 0 1 1 1 1 0 0 1 0 0 1 1 1 0 1 1 0 0 0 0 1 0 1 0 0 0 0 0 1 0 0 0 0 0 0 0
260	3	1 1 1 1 1 1 1 1 1 0 0 1 1 1 0 1 1 1 1 0 0 1 0 0 1 1 1 0 1 1 0 0 1 0 1 0 1 0 0 0 0 0 1 0 0 0 0 0 0 0
260	3	1 1 1 1 1 1 1 1 1 0 0 1 1 1 0 1 1 1 1 0 0 1 0 0 1 1 0 0 1 1 0 0 0 0 1 0 1 0 0 0 0 0 1 0 0 0 0 0 0 0
260	1	1 1 1 1 1 1 1 1 1 0 0 1 1 1 0 1 1 1 1 0 0 1 0 0 1 0 1 0 1 1 0 0 0 0 1 0 1 0 0 0 0 0 1 0 1 0 0 0 0 0
270	15	1 1 1 1 1 1 1 1 1 0 0 1 1 1 0 1 1 1 1 0 0 1 0 0 1 1 1 0 1 1 0 0 0 0 1 0 1 0 0 0 0 0 0 0 0 0 0 0 0 0
270	3	1 1 1 1 1 1 1 1 1 0 0 1 1 1 0 1 1 1 1 0 0 1 0 0 1 1 1 0 1 1 0 0 0 0 1 0 0 0 0 0 0 0 1 0 0 0 0 0 0 0
270	2	1 1 1 1 1 1 1 1 1 0 0 1 1 1 0 1 1 1 1 0 0 1 0 0 1 1 1 0 1 1 0 0 0 0 1 0 1 0 0 0 0 1 1 0 0 0 0 0 0 0
270	5	1 1 1 1 1 1 1 1 1 0 0 1 1 1 0 1 1 1 1 1 0 1 0 0 1 1 1 0 1 1 0 0 0 0 1 0 1 0 0 0 0 0 1 0 0 0 0 0 0 0
270	1	1 1 1 1 1 1 1 1 1 0 0 1 1 1 0 1 1 1 1 0 0 1 0 1 1 1 1 0 1 1 0 0 0 0 1 0 1 0 0 0 0 0 1 0 0 0 0 0 0 0
270	1	1 1 1 1 1 1 1 1 1 0 0 1 1 1 0 1 1 1 1 0 0 1 0 0 1 1 1 0 1 1 0 0 0 0 1 0 1 0 0 0 1 0 1 0 0 0 0 0 0 0
270	4	1 1 1 1 1 1 1 1 1 0 0 1 1 1 0 1 1 1 1 0 0 1 0 0 1 1 1 0 1 1 0 0 1 0 1 0 1 0 0 0 0 0 1 0 0 0 0 0 0 0
270	67	1 1 1 1 1 1 1 1 1 0 0 1 1 1 0 1 1 1 1 0 0 1 0 0 1 1 1 0 1 1 0 0 0 0 1 0 1 0 0 0 0 0 1 0 0 0 0 0 0 0
270	2	1 1 1 1 1 1 0 1 1 0 0 1 1 1 0 1 1 1 1 0 0 1 0 0 1 1 1 0 1 1 0 0 1 0 1 0 1 0 0 0 0 0 1 0 0 0 0 0 0 0
280	2	1 1 1 1 1 1 1 1 1 0 0 1 1 1 0 1 1 1 1 0 0 1 0 0 1 1 1 0 1 1 0 0 0 1 1 0 1 1 0 0 0 0 0 0 0 0 0 0 0 0
280	3	1 1 1 1 1 1 1 1 1 0 0 1 1 1 0 1 1 1 1 0 0 1 0 0 1 1 1 0 1 1 0 0 0 0 1 0 1 1 0 0 0 0 0 0 0 0 0 0 0 0
280	4	1 1 0 1 1 1 1 1 1 0 0 1 1 1 0 1 1 1 1 0 0 1 0 0 1 1 1 0 1 1 0 0 0 0 1 0 1 0 0 0 0 0 0 0 0 0 0 0 0 0
280	1	1 1 1 1 1 1 1 1 1 0 0 1 1 1 0 1 1 1 1 0 0 1 0 0 1 1 1 0 1 1 0 0 0 0 1 0 1 0 1 0 0 0 0 0 0 0 0 0 0 0
280	27	1 1 1 1 1 1 1 1 1 0 0 1 1 1 0 1 1 1 1 0 0 1 0 0 1 1 1 0 1 1 0 0 0 0 1 0 1 0 0 0 0 0 0 0 0 0 0 0 0 0
280	1	1 1 1 1 1 1 1 1 1 0 0 1 1 1 0 1 1 1 1 0 0 1 0 0 1 1 1 0 1 1 0 0 0 0 1 0 0 0 0 0 0 0 1 0 0 1 0 0 0 0
280	1	1 1 1 1 1 1 1 1 1 0 0 1 1 1 0 1 1 1 1 0 0 1 0 0 1 1 1 0 1 1 0 0 0 0 1 0 0 0 0 0 0 0 1 0 0 0 0 0 0 0
280	1	1 1 1 1 1 1 1 1 1 0 0 1 1 1 0 1 1 1 1 0 0 1 0 0 1 1 1 0 1 1 0 0 0 0 1 0 1 0 0 0 0 1 1 0 0 0 0 0 0 0
280	1	1 1 1 1 1 1 1 1 1 0 0 1 1 1 0 1 1 1 1 0 0 1 0 0 1 1 1 0 1 1 0 0 0 0 0 0 1 0 0 0 0 0 1 0 0 0 0 0 0 0
280	59	1 1 1 1 1 1 1 1 1 0 0 1 1 1 0 1 1 1 1 0 0 1 0 0 1 1 1 0 1 1 0 0 0 0 1 0 1 0 0 0 0 0 1 0 0 0 0 0 0 0
290	1	1 1 1 1 1 1 1 1 1 0 0 1 1 1 0 1 1 1 1 0 0 1 0 0 1 1 1 0 1 1 0 0 0 0 1 0 1 1 0 0 0 0 0 0 0 0 0 0 0 0
290	6	1 1 1 1 1 1 1 1 1 0 0 1 1 1 0 1 1 1 1 0 0 1 0 0 1 1 1 0 1 1 0 0 0 1 1 0 1 1 0 0 0 0 0 0 0 0 0 0 0 0
290	1	1 1 1 1 1 1 1 1 1 0 0 1 1 1 0 1 1 1 1 0 0 1 0 0 1 1 1 0 1 1 0 0 0 0 1 0 1 0 1 0 0 0 0 0 0 0 0 0 0 0
290	2	1 1 1 1 1 1 1 1 1 0 0 1 1 1 0 1 1 0 1 0 0 1 0 0 1 1 1 0 1 1 0 0 0 0 1 0 1 0 0 0 0 0 0 0 0 0 0 0 0 0
290	1	1 1 1 1 1 0 1 1 1 0 0 1 1 1 0 1 1 1 1 0 0 1 0 0 1 1 1 0 1 1 0 0 0 0 1 0 1 0 0 0 0 0 0 0 0 0 0 0 0 0
290	36	1 1 1 1 1 1 1 1 1 0 0 1 1 1 0 1 1 1 1 0 0 1 0 0 1 1 1 0 1 1 0 0 0 0 1 0 1 0 0 0 0 0 0 0 0 0 0 0 0 0
290	4	1 1 1 1 1 1 1 1 1 0 0 1 1 1 0 1 1 1 1 0 0 1 0 0 1 1 1 0 1 1 0 0 0 0 1 0 0 0 0 0 0 0 1 0 0 1 0 0 0 0
290	3	1 1 1 1 1 1 1 1 1 0 0 1 1 1 0 1 1 1 1 0 0 1 0 0 1 1 1 0 1 1 0 0 0 0 1 0 0 0 0 0 0 0 1 0 0 0 0 0 0 0
290	5	1 1 1 1 1 1 1 1 1 0 0 1 1 1 0 1 1 1 1 0 0 1 0 0 1 1 1 0 1 1 0 0 0 0 1 0 1 0 0 0 0 1 1 0 0 0 0 0 0 0
290	1	1 1 1 1 1 0 1 1 1 0 0 1 1 1 0 1 1 1 1 0 0 1 0 0 1 1 1 0 1 1 0 0 0 0 1 0 1 0 0 0 0 0 1 0 0 0 0 0 0 0
290	1	1 1 1 1 1 1 1 1 1 0 0 1 1 1 0 1 1 0 1 0 0 1 0 0 1 1 1 0 1 1 0 0 0 0 1 0 1 0 0 0 0 0 1 0 0 0 0 0 0 0
290	39	1 1 1 1 1 1 1 1 1 0 0 1 1 1 0 1 1 1 1 0 0 1 0 0 1 1 1 0 1 1 0 0 0 0 1 0 1 0 0 0 0 0 1 0 0 0 0 0 0 0
300	7	1 1 1 1 1 1 1 1 1 0 0 1 1 1 0 1 1 1 1 0 0 1 0 0 1 1 1 0 1 1 0 0 0 0 1 0 1 1 0 0 0 0 0 0 0 0 0 0 0 0
300	3	1 1 1 1 1 1 1 1 1 0 0 1 1 1 0 1 1 1 1 0 0 1 0 0 1 1 1 0 1 1 0 0 0 1 1 0 1 1 0 0 0 0 0 0 0 0 0 0 0 0
300	5	1 1 1 1 1 1 1 1 1 0 0 1 1 1 0 1 1 0 1 0 0 1 0 0 1 1 1 0 1 1 0 0 0 0 1 0 1 0 0 0 0 0 0 0 0 0 0 0 0 0
300	2	1 1 1 1 1 1 1 1 1 0 0 1 1 1 0 1 1 1 0 0 0 1 0 0 1 1 1 0 1 1 0 0 0 0 1 0 1 0 0 0 0 0 0 0 0 1 0 0 0 0
300	1	1 1 1 1 1 1 1 1 1 0 0 1 1 1 0 1 1 1 1 0 0 1 0 0 1 0 1 0 1 1 0 0 0 0 1 0 1 0 0 0 0 0 0 0 0 0 0 0 0 0
300	2	1 1 1 1 1 1 1 1 1 0 0 1 1 1 0 1 1 1 1 0 0 1 0 0 1 1 1 0 1 0 0 0 0 0 1 0 1 0 0 0 0 0 0 0 0 0 0 0 0 0
300	1	1 1 1 1 1 1 1 1 1 0 1 1 1 1 0 1 1 1 1 0 0 1 0 0 1 1 1 0 1 1 0 0 0 0 1 0 1 0 0 0 0 0 1 0 0 0 0 0 0 0
300	1	1 1 1 1 1 1 1 1 1 0 0 1 1 1 0 1 1 1 1 0 0 1 0 0 0 1 1 0 1 1 0 0 0 0 1 0 1 0 0 0 0 0 1 0 0 0 0 0 0 0
300	20	1 1 1 1 1 1 1 1 1 0 0 1 1 1 0 1 1 1 1 0 0 1 0 0 1 1 1 0 1 1 0 0 0 0 1 0 1 0 0 0 0 0 1 0 0 0 0 0 0 0
300	49	1 1 1 1 1 1 1 1 1 0 0 1 1 1 0 1 1 1 1 0 0 1 0 0 1 1 1 0 1 1 0 0 0 0 1 0 1 0 0 0 0 0 0 0 0 0 0 0 0 0
300	1	1 1 1 1 1 1 1 1 1 0 0 1 1 1 0 1 1 1 1 0 0 1 0 0 1 1 1 0 1 1 0 0 0 0 1 0 0 0 0 0 0 0 1 0 0 1 0 0 0 0
300	2	1 1 1 1 1 1 1 1 1 0 0 1 1 1 0 1 1 1 1 0 0 1 0 0 1 1 1 0 1 1 0 0 0 0 1 1 0 0 0 0 0 0 1 0 0 0 0 0 0 0
300	1	1 1 1 1 1 1 1 1 1 0 0 1 1 1 0 1 1 1 1 0 0 1 0 0 1 1 1 0 1 1 0 0 0 0 1 0 0 0 0 0 0 0 1 0 0 0 0 0 0 0
300	2	0 1 1 1 1 1 1 1 1 0 0 1 1 1 0 1 1 1 1 1 0 1 0 0 1 1 1 0 1 1 0 0 0 0 1 0 1 0 0 0 0 0 1 0 0 0 0 0 0 0
300	2	1 1 1 1 1 1 1 1 1 0 0 1 1 1 0 1 1 1 1 1 0 1 0 0 1 1 1 0 1 1 0 0 0 0 1 0 1 0 0 0 0 0 1 0 0 0 0 0 0 0
300	1	1 1 1 1 1 1 1 1 1 0 0 1 1 1 0 1 1 1 1 0 0 1 0 0 1 1 1 0 1 1 0 0 0 0 1 0 1 1 0 0 0 0 1 0 0 0 0 0 0 0
310	1	1 1 1 1 1 1 1 0 1 0 0 1 1 1 0 1 1 1 1 0 0 1 0 0 1 1 1 0 1 1 0 0 0 0 1 0 1 1 0 0 0 0 0 0 0 0 0 0 0 0
310	5	1 1 1 1 1 1 1 1 1 0 0 1 1 1 0 1 1 1 1 0 0 1 0 0 1 1 1 0 1 1 0 0 0 1 1 0 1 1 0 0 0 0 0 0 0 0 0 0 0 0
310	2	1 1 1 1 1 1 1 1 1 0 0 1 1 1 0 1 1 1 1 0 0 1 0 0 1 1 1 0 1 1 0 0 0 0 1 0 1 0 1 0 0 0 0 0 0 0 0 0 0 0
310	6	1 1 1 1 1 1 1 1 1 0 0 1 1 1 0 1 1 0 1 0 0 1 0 0 1 1 1 0 1 1 0 0 0 0 1 0 1 0 0 0 0 0 0 0 0 0 0 0 0 0
310	1	1 1 1 1 1 1 1 1 1 0 0 1 1 1 0 1 1 1 1 0 0 1 0 0 1 0 1 0 1 1 0 0 0 0 1 0 1 0 0 0 0 0 0 0 0 0 0 0 0 0
310	1	1 1 1 1 1 1 1 1 1 0 0 1 1 1 0 1 1 1 1 0 0 1 0 0 1 1 1 0 1 0 0 0 0 0 1 0 1 0 0 0 0 0 0 0 0 0 0 0 0 0
310	13	1 1 1 1 1 1 1 1 1 0 0 1 1 1 0 1 1 1 1 0 0 1 0 0 1 1 1 0 1 1 0 0 0 0 1 0 1 0 0 0 0 0 1 0 0 0 0 0 0 0
310	2	1 1 1 1 1 1 1 1 1 0 0 1 1 1 0 1 1 1 1 0 0 1 0 0 0 1 1 0 1 1 0 0 0 0 1 0 1 0 0 0 0 0 1 0 0 0 0 0 0 0
310	2	1 1 1 1 1 1 1 1 1 0 0 1 1 1 0 1 1 1 1 0 0 1 0 0 1 1 1 0 1 1 0 0 0 0 1 0 1 0 0 0 0 0 0 0 0 0 0 0 1 0
310	1	1 1 1 1 0 1 1 1 1 0 0 1 1 1 0 1 1 1 1 0 0 1 0 0 1 1 1 0 1 1 0 0 0 0 1 0 1 0 0 0 0 0 0 0 0 0 0 0 0 0
310	64	1 1 1 1 1 1 1 1 1 0 0 1 1 1 0 1 1 1 1 0 0 1 0 0 1 1 1 0 1 1 0 0 0 0 1 0 1 0 0 0 0 0 0 0 0 0 0 0 0 0
310	1	1 1 1 1 1 1 1 1 1 0 0 1 1 1 0 1 1 1 1 0 0 1 0 0 1 1 1 0 1 1 0 0 0 0 1 0 0 0 0 0 0 0 1 0 0 0 0 0 0 0
310	1	1 1 1 1 1 1 1 1 1 0 0 1 1 1 0 1 1 1 1 1 0 1 0 0 1 1 1 0 1 1 0 0 0 0 1 0 1 0 0 0 0 0 1 0 0 0 0 0 0 0
