10	11	1 0 0 1 0 0 1 1 1 1
10	14	1 1 1 0 0 1 0 1 1 1
10	2	1 0 1 0 0 0 0 1 1 0
10	17	1 0 1 0 0 0 0 0 1 0
10	1	0 1 1 0 1 0 0 0 0 0
10	36	1 1 1 0 1 0 0 0 0 0
10	18	1 1 1 1 1 0 0 0 0 0
10	1	1 1 1 0 1 1 0 0 0 0
20	1	1 0 0 1 0 0 1 1 1 1
20	3	1 0 1 0 0 0 0 0 1 0
20	3	0 1 1 0 1 0 0 0 0 0
20	1	1 1 1 0 0 0 0 0 0 0
20	1	1 0 1 0 1 0 0 0 0 0
20	43	1 1 1 0 1 0 0 0 0 0
20	3	1 1 0 1 1 0 0 0 0 0
20	1	1 1 1 1 1 0 0 0 1 0
20	1	0 1 1 1 1 0 0 0 0 0
20	43	1 1 1 1 1 0 0 0 0 0
30	1	1 1 1 1 0 0 0 0 0 0
30	1	1 1 1 1 1 1 0 0 0 0
30	1	1 1 1 1 1 0 1 0 0 0
30	56	1 1 1 1 1 0 0 0 0 0
30	3	1 1 1 0 1 1 0 0 0 0
30	38	1 1 1 0 1 0 0 0 0 0
40	4	1 1 1 1 0 0 0 0 0 0
40	1	1 1 1 1 1 1 1 0 0 0
40	1	1 1 1 1 1 1 0 0 0 0
40	2	1 1 1 0 1 1 0 0 0 0
40	20	1 1 1 0 1 0 0 0 0 0
40	72	1 1 1 1 1 0 0 0 0 0
50	1	1 1 1 1 0 1 0 0 0 0
50	1	1 1 1 1 1 0 0 1 0 0
50	1	1 1 1 1 1 0 1 0 0 0
50	68	1 1 1 1 1 0 0 0 0 0
50	12	1 1 1 1 0 0 0 0 0 0
50	1	1 1 1 0 1 1 0 0 0 0
50	15	1 1 1 0 1 0 0 0 0 0
50	1	1 0 1 1 1 0 0 0 0 0
60	1	1 1 1 1 1 1 0 0 0 0
60	1	1 1 1 1 0 0 1 0 0 0
60	71	1 1 1 1 1 0 0 0 0 0
60	12	1 1 1 1 0 0 0 0 0 0
60	1	1 1 1 1 1 0 0 0 1 0
60	1	1 1 0 1 1 0 0 0 0 0
60	2	1 0 1 1 1 0 0 0 0 0
60	9	1 1 1 0 1 0 0 0 0 0
60	1	0 1 1 1 1 0 0 0 0 0
60	1	1 1 1 0 1 0 0 0 0 1
70	2	1 1 1 1 1 1 0 0 0 0
70	3	1 0 1 1 1 0 0 0 0 0
70	11	1 1 1 1 0 0 0 0 0 0
70	9	1 1 1 0 1 0 0 0 0 0
70	1	1 1 1 1 1 0 0 0 1 0
70	73	1 1 1 1 1 0 0 0 0 0
70	1	1 1 1 0 1 0 0 0 0 1
