10	1	1 0 1 1 0 1 1 1 0 1 1 0 0 1 1 0 0 1 1 0 0 0 1 0 0 0 0 0 1 0 1 1 0 1 0 1 1 1 0 0 1 0 0 1 1 0 0 1 1 1
10	23	1 0 1 1 0 1 1 1 0 1 1 0 0 1 1 0 0 0 1 0 0 0 1 0 0 0 0 0 1 0 1 1 0 1 0 1 1 1 0 0 1 0 0 1 1 0 0 1 1 1
10	1	1 1 0 0 0 1 1 1 0 0 1 0 1 1 0 0 0 1 0 1 1 0 0 0 1 1 0 0 1 0 1 0 1 0 0 0 0 1 0 1 0 1 0 0 0 1 1 0 1 0
10	21	1 1 0 0 0 1 1 1 0 0 1 0 1 1 0 0 0 1 0 1 1 0 0 0 1 1 0 0 1 0 1 0 1 0 0 0 0 1 0 1 1 1 0 0 0 1 1 0 1 0
10	3	1 0 0 1 0 1 0 1 1 1 1 0 1 0 0 0 0 0 0 1 0 0 1 1 1 0 0 0 1 1 0 1 1 0 0 1 1 1 0 0 1 1 0 1 0 0 0 0 1 0
10	16	1 0 0 1 0 1 0 1 1 1 1 0 1 0 0 0 0 0 0 1 0 0 1 1 1 0 0 0 1 1 0 1 1 0 0 1 1 1 0 0 1 1 0 1 0 1 0 0 1 0
10	1	0 0 1 1 0 0 0 1 0 0 0 0 0 0 1 1 1 1 1 1 0 1 0 1 0 1 0 0 1 1 0 0 1 0 1 0 1 1 1 1 0 0 1 0 1 1 1 1 0 0
10	1	0 0 1 1 0 0 0 1 0 0 0 0 0 0 1 1 1 1 1 1 0 1 0 0 0 1 0 0 1 1 0 0 1 0 1 0 1 1 1 0 0 0 1 0 1 1 1 1 0 0
10	16	0 0 1 1 0 0 0 1 0 0 0 0 0 0 1 1 1 1 1 1 0 1 0 1 0 1 0 0 1 1 0 0 1 0 1 0 1 1 1 0 0 0 1 0 1 1 1 1 0 0
10	1	1 1 0 0 1 0 0 0 0 0 1 0 0 0 1 1 0 0 1 0 1 1 0 1 0 1 0 0 1 1 1 0 1 1 1 0 0 0 0 1 1 1 1 0 1 0 0 1 1 1
10	16	1 1 1 0 1 0 0 0 0 0 1 0 0 0 1 1 0 0 1 0 1 1 0 1 0 1 0 0 1 1 1 0 1 1 1 0 0 0 0 1 1 1 1 0 1 0 0 1 1 1
20	2	1 0 1 1 0 1 1 1 0 1 0 0 0 1 1 0 0 0 1 0 0 0 1 0 0 0 0 0 1 0 1 1 0 1 0 1 1 1 0 0 1 0 0 1 1 0 0 1 1 1
20	2	1 0 1 1 0 1 1 1 0 1 1 0 0 1 1 0 0 0 1 0 0 0 1 0 1 0 0 0 1 0 1 1 0 1 0 1 1 1 0 0 1 0 0 1 1 0 0 1 1 1
20	16	1 0 1 1 0 1 1 1 0 1 1 0 0 1 1 0 0 0 1 0 0 0 1 0 0 0 0 0 1 0 1 1 0 1 0 1 1 1 0 0 1 0 0 1 1 0 0 1 1 1
20	1	1 1 0 0 0 1 1 1 0 0 1 1 1 1 0 0 0 1 0 1 1 0 0 0 1 1 0 0 1 0 1 0 1 0 0 0 0 1 0 1 1 1 0 0 0 1 1 0 1 0
20	1	1 1 0 0 0 1 1 1 0 0 1 0 1 1 0 0 0 1 0 1 1 1 0 0 1 1 0 0 1 0 1 0 1 0 0 0 0 1 0 1 1 1 0 0 0 1 1 0 1 0
20	14	1 1 0 0 0 1 1 1 0 0 1 0 1 1 0 0 0 1 0 1 1 0 0 0 1 1 0 0 1 0 1 0 1 0 0 0 0 1 0 1 1 1 0 0 0 1 1 0 1 0
20	12	1 0 0 1 0 1 0 1 1 1 1 0 1 0 0 0 0 0 0 1 0 0 1 1 1 0 0 0 1 1 0 1 1 0 0 1 1 1 0 0 1 1 0 1 0 0 0 0 1 0
20	1	1 0 0 1 0 1 0 1 1 1 1 0 1 0 0 0 0 0 0 1 0 0 1 1 1 0 0 0 1 1 0 1 1 1 0 1 1 1 0 0 1 1 0 1 0 1 0 0 1 0
20	1	1 0 0 1 0 1 0 1 1 1 1 0 1 0 0 0 0 0 0 1 0 0 1 1 1 0 0 0 1 1 0 1 1 0 0 1 1 1 0 0 1 1 1 1 0 1 0 0 1 0
20	21	1 0 0 1 0 1 0 1 1 1 1 0 1 0 0 0 0 0 0 1 0 0 1 1 1 0 0 0 1 1 0 1 1 0 0 1 1 1 0 0 1 1 0 1 0 1 0 0 1 0
20	13	0 0 1 1 0 0 0 1 0 0 0 0 0 0 1 1 1 1 1 1 0 1 0 1 0 1 0 0 1 1 0 0 1 0 1 0 1 1 1 0 0 0 1 0 1 1 1 1 0 0
20	16	1 1 1 0 1 0 0 0 0 0 1 0 0 0 1 1 0 0 1 0 1 1 0 1 0 1 0 0 1 1 1 0 1 1 1 0 0 0 0 1 1 1 1 0 1 0 0 1 1 1
30	1	1 0 1 1 0 1 1 1 0 1 1 0 0 1 1 0 0 1 1 0 0 0 1 0 0 0 0 0 1 0 1 1 0 1 0 1 1 1 0 0 1 0 0 1 1 0 0 1 1 1
30	1	1 0 1 1 0 1 1 1 0 1 0 0 0 1 1 0 0 0 1 0 0 0 1 0 0 0 0 0 1 0 1 1 0 1 0 1 1 1 0 0 1 0 0 1 1 0 0 1 1 1
30	3	1 0 1 1 0 1 1 1 0 1 1 0 0 1 1 0 0 0 1 0 0 0 1 0 1 0 0 0 1 0 1 1 0 1 0 1 1 1 0 0 1 0 0 1 1 0 0 1 1 1
30	20	1 0 1 1 0 1 1 1 0 1 1 0 0 1 1 0 0 0 1 0 0 0 1 0 0 0 0 0 1 0 1 1 0 1 0 1 1 1 0 0 1 0 0 1 1 0 0 1 1 1
30	1	1 1 0 0 0 1 1 1 0 0 1 1 1 1 0 0 0 1 0 1 1 0 0 0 1 1 0 0 1 0 1 0 1 0 0 0 0 1 0 1 1 1 0 0 0 1 1 0 1 0
30	8	1 1 0 0 0 1 1 1 0 0 1 0 1 1 0 0 0 1 0 1 1 0 0 0 1 1 0 0 1 0 1 0 1 0 0 0 0 1 0 1 1 1 0 0 0 1 1 0 1 0
30	1	1 0 0 1 0 1 0 1 1 1 1 0 0 0 0 0 0 0 0 1 0 0 1 1 1 0 0 0 1 1 0 1 1 0 0 1 1 1 0 0 1 1 0 1 0 0 0 0 1 0
30	32	1 0 0 1 0 1 0 1 1 1 1 0 1 0 0 0 0 0 0 1 0 0 1 1 1 0 0 0 1 1 0 1 1 0 0 1 1 1 0 0 1 1 0 1 0 0 0 0 1 0
30	11	1 0 0 1 0 1 0 1 1 1 1 0 1 0 0 0 0 0 0 1 0 0 1 1 1 0 0 0 1 1 0 1 1 0 0 1 1 1 0 0 1 1 0 1 0 1 0 0 1 0
30	8	0 0 1 1 0 0 0 1 0 0 0 0 0 0 1 1 1 1 1 1 0 1 0 1 0 1 0 0 1 1 0 0 1 0 1 0 1 1 1 0 0 0 1 0 1 1 1 1 0 0
30	1	1 1 1 0 1 0 0 1 0 0 1 0 0 0 1 1 0 0 1 0 1 1 0 1 0 1 0 0 1 1 1 0 1 1 1 0 0 0 0 1 1 1 1 0 1 0 0 1 1 1
30	13	1 1 1 0 1 0 0 0 0 0 1 0 0 0 1 1 0 0 1 0 1 1 0 1 0 1 0 0 1 1 1 0 1 1 1 0 0 0 0 1 1 1 1 0 1 0 0 1 1 1
40	3	1 0 1 1 0 1 1 1 0 1 1 0 0 1 1 0 0 0 1 0 0 0 1 0 0 0 0 1 1 0 1 1 0 1 0 1 1 1 0 0 1 0 0 1 1 0 0 1 1 1
40	5	1 0 1 1 0 1 1 1 0 1 1 0 0 1 1 0 0 0 1 0 0 0 1 0 0 0 0 0 1 0 1 1 0 1 0 1 1 1 0 0 1 0 0 1 1 0 0 1 1 1
40	4	1 1 0 0 0 1 1 1 0 0 1 0 1 1 0 0 0 1 0 1 1 0 0 0 1 1 0 0 1 0 1 0 1 0 0 0 0 1 0 1 1 1 0 0 0 1 1 0 1 0
40	1	1 0 1 1 0 1 0 1 1 1 1 0 1 0 0 0 0 0 0 1 0 0 1 1 1 0 0 0 1 1 0 1 1 0 0 1 1 1 0 0 1 1 0 1 0 0 0 0 1 0
40	3	1 0 0 1 0 1 0 1 1 1 1 0 1 0 0 0 0 0 0 1 0 0 1 1 1 0 0 0 1 1 0 0 1 0 0 1 1 1 0 0 1 1 0 1 0 0 0 0 1 0
40	1	1 0 0 1 0 1 0 1 1 1 1 0 1 0 0 0 0 0 1 1 0 0 1 1 1 0 0 0 1 1 0 1 1 0 0 1 1 1 0 0 1 1 0 1 0 0 0 0 1 0
40	2	1 0 0 1 0 1 0 1 1 1 1 0 1 0 0 0 0 0 0 1 0 0 1 1 1 0 0 0 1 1 0 1 1 0 0 1 1 1 0 0 1 1 0 1 0 1 0 0 1 0
40	71	1 0 0 1 0 1 0 1 1 1 1 0 1 0 0 0 0 0 0 1 0 0 1 1 1 0 0 0 1 1 0 1 1 0 0 1 1 1 0 0 1 1 0 1 0 0 0 0 1 0
40	2	1 0 0 1 0 1 0 1 1 1 1 0 1 0 0 0 0 0 0 1 0 0 1 1 1 1 0 0 1 1 0 1 1 0 0 1 1 1 0 0 1 1 0 1 0 1 0 0 1 0
40	2	1 1 0 1 0 1 0 1 1 1 1 0 1 0 0 0 0 0 0 1 0 0 1 1 1 0 0 0 1 1 0 1 1 0 0 1 1 1 0 0 1 1 0 1 0 1 0 0 1 0
40	1	0 0 1 1 0 0 0 1 0 0 0 0 0 0 1 1 1 1 1 1 0 1 0 1 0 1 0 0 1 1 0 0 1 0 1 0 1 1 1 0 0 0 1 0 1 1 1 1 0 0
40	5	1 1 1 0 1 0 0 0 0 0 1 0 0 0 1 1 0 0 1 0 1 1 0 1 0 1 0 0 1 1 1 0 1 1 1 0 0 0 0 1 1 1 1 0 1 0 0 1 1 1
50	12	1 0 1 1 0 1 0 1 1 1 1 0 1 0 0 0 0 0 0 1 0 0 1 1 1 0 0 0 1 1 0 1 1 0 0 1 1 1 0 0 1 1 0 1 0 0 0 0 1 0
50	2	1 0 0 1 0 1 0 1 1 1 1 0 1 0 1 0 0 0 0 1 0 0 1 1 1 0 0 0 1 1 0 0 1 0 0 1 1 1 0 0 1 1 0 1 0 0 0 0 1 0
50	4	1 0 0 1 0 1 0 1 1 1 1 0 1 0 0 0 0 0 0 1 0 0 1 1 1 0 0 0 1 1 0 0 1 0 0 1 1 1 0 0 1 1 0 1 0 0 0 0 1 0
50	1	1 0 0 1 0 1 0 1 1 1 1 0 1 0 0 0 0 0 0 1 0 0 1 0 1 0 0 0 1 1 0 1 1 0 0 1 1 1 0 0 1 1 0 1 0 0 0 0 1 0
50	2	1 0 0 1 0 1 0 1 1 1 1 0 1 0 0 0 0 0 0 1 0 0 1 1 1 0 0 0 1 0 0 1 1 0 0 1 1 1 0 0 1 1 0 1 0 0 0 0 1 0
50	72	1 0 0 1 0 1 0 1 1 1 1 0 1 0 0 0 0 0 0 1 0 0 1 1 1 0 0 0 1 1 0 1 1 0 0 1 1 1 0 0 1 1 0 1 0 0 0 0 1 0
50	1	1 0 0 1 0 1 0 1 1 1 1 0 1 0 0 0 0 0 0 1 0 0 1 1 1 0 0 0 1 1 0 1 1 0 0 1 1 1 0 1 1 1 0 1 0 0 0 0 1 0
50	2	1 0 0 1 0 1 0 1 1 1 1 0 1 0 0 0 0 0 1 1 0 0 1 1 1 0 0 0 1 1 0 1 1 0 0 1 1 1 0 0 1 1 0 1 0 0 0 0 1 0
50	1	1 0 0 1 0 1 0 1 1 1 1 0 1 0 0 0 0 0 0 1 0 0 1 1 1 0 0 0 1 1 0 1 1 0 0 1 1 1 0 0 1 1 0 1 0 1 0 0 1 0
50	2	1 1 0 1 0 1 0 1 1 1 1 0 1 0 0 0 0 0 0 1 0 0 1 1 1 0 0 0 1 1 0 1 1 0 0 1 1 1 0 0 1 1 0 1 0 1 0 0 1 0
50	1	1 1 1 0 1 0 0 0 0 0 1 0 0 0 1 1 0 0 1 0 1 1 0 1 0 1 0 0 1 1 1 0 1 1 1 0 0 0 0 1 1 1 1 0 1 0 0 1 1 1
60	1	1 0 1 1 0 1 0 1 1 1 1 0 1 0 0 0 0 0 0 1 0 0 1 1 1 0 0 0 1 1 0 1 1 0 0 1 1 1 0 0 1 1 0 1 0 0 0 0 1 1
60	15	1 0 1 1 0 1 0 1 1 1 1 0 1 0 0 0 0 0 0 1 0 0 1 1 1 0 0 0 1 1 0 1 1 0 0 1 1 1 0 0 1 1 0 1 0 0 0 0 1 0
60	1	1 0 0 1 0 1 0 1 1 1 1 0 1 0 1 0 0 0 0 1 0 0 1 1 1 0 0 0 1 1 0 0 1 0 0 1 1 1 0 0 1 1 0 1 0 0 0 0 1 0
60	10	1 0 0 1 0 1 0 1 1 1 1 0 1 0 0 0 0 0 0 1 0 0 1 1 1 0 0 0 1 1 0 0 1 0 0 1 1 1 0 0 1 1 0 1 0 0 0 0 1 0
60	1	1 0 0 1 0 1 0 1 1 1 1 0 1 0 0 0 0 0 0 1 0 0 1 1 1 0 0 0 1 0 0 1 1 0 0 1 1 1 0 0 1 1 0 1 0 0 0 0 1 0
60	1	1 0 0 1 0 1 0 1 1 1 1 0 1 0 0 0 0 0 0 1 0 0 1 1 1 0 0 0 1 1 0 1 1 0 0 1 1 1 0 0 1 1 0 1 0 0 1 0 1 0
60	62	1 0 0 1 0 1 0 1 1 1 1 0 1 0 0 0 0 0 0 1 0 0 1 1 1 0 0 0 1 1 0 1 1 0 0 1 1 1 0 0 1 1 0 1 0 0 0 0 1 0
60	2	1 0 0 1 0 1 0 1 1 1 1 0 1 0 0 0 0 0 0 1 0 0 1 1 1 0 0 0 1 1 0 1 1 0 1 1 1 1 0 0 1 1 0 1 0 0 0 0 1 0
60	2	1 0 0 1 0 1 0 1 1 1 1 0 1 0 0 0 0 0 0 1 0 0 1 1 1 0 0 0 1 1 0 1 1 0 0 1 1 1 0 1 1 1 0 1 0 0 0 0 1 0
60	3	1 0 0 1 0 1 0 1 1 1 1 0 1 0 0 0 0 0 1 1 0 0 1 1 1 0 0 0 1 1 0 1 1 0 0 1 1 1 0 0 1 1 0 1 0 0 0 0 1 0
60	1	1 0 0 1 0 1 0 1 1 1 1 0 1 0 0 0 0 0 0 1 0 0 1 1 1 0 0 0 1 1 0 1 1 0 0 1 1 1 0 0 1 1 0 1 0 1 0 0 1 0
60	1	1 1 0 1 0 1 0 1 1 1 1 0 1 0 0 0 0 0 0 1 0 0 1 1 1 0 0 0 1 1 0 1 1 0 0 1 1 1 0 0 1 1 0 1 0 0 0 0 1 0
70	2	1 0 1 1 0 1 0 1 1 1 1 0 1 0 0 0 0 0 0 1 0 0 1 1 1 0 0 0 1 1 0 1 1 0 0 1 1 1 0 0 1 1 0 1 0 0 0 0 1 1
70	2	1 0 1 1 0 1 0 1 1 1 1 0 1 0 0 0 0 0 0 1 0 0 1 1 1 0 0 0 1 1 0 1 1 0 0 1 1 1 0 0 1 1 0 0 0 0 0 0 1 0
70	2	1 0 1 1 0 1 0 1 1 1 1 0 1 0 0 0 0 0 0 1 0 0 1 1 1 0 1 0 1 1 0 1 1 0 0 1 1 1 0 0 1 1 0 1 0 0 0 0 1 0
70	41	1 0 0 1 0 1 0 1 1 1 1 0 1 0 0 0 0 0 0 1 0 0 1 1 1 0 0 0 1 1 0 1 1 0 0 1 1 1 0 0 1 1 0 1 0 0 0 0 1 0
70	21	1 0 1 1 0 1 0 1 1 1 1 0 1 0 0 0 0 0 0 1 0 0 1 1 1 0 0 0 1 1 0 1 1 0 0 1 1 1 0 0 1 1 0 1 0 0 0 0 1 0
70	3	1 0 0 1 0 1 0 1 1 1 1 0 1 0 1 0 0 0 0 1 0 0 1 1 1 0 0 0 1 1 0 0 1 0 0 1 1 1 0 0 1 1 0 1 0 0 0 0 1 0
70	1	1 0 0 1 0 1 0 1 1 1 1 0 1 0 0 0 0 1 0 1 0 0 1 1 1 0 0 0 1 1 0 0 1 0 0 1 1 1 0 0 1 1 0 1 0 0 0 0 1 0
70	13	1 0 0 1 0 1 0 1 1 1 1 0 1 0 0 0 0 0 0 1 0 0 1 1 1 0 0 0 1 1 0 0 1 0 0 1 1 1 0 0 1 1 0 1 0 0 0 0 1 0
70	1	1 0 0 1 0 1 0 1 1 1 1 0 1 0 0 0 0 0 0 1 0 0 1 1 1 0 0 0 1 1 0 1 1 0 0 1 1 1 0 0 1 1 0 1 0 0 1 0 1 0
70	1	1 0 0 1 0 1 0 1 0 1 1 0 1 0 0 0 0 0 0 1 0 0 1 1 1 0 0 0 1 1 0 1 1 0 0 1 1 1 0 0 1 1 0 1 0 0 0 0 1 0
70	1	1 0 0 1 0 1 0 1 1 1 1 0 1 0 0 0 0 0 0 1 0 0 1 1 1 0 0 0 1 1 0 1 1 0 1 1 1 1 0 0 1 1 0 1 0 0 0 0 1 0
70	1	1 0 0 1 0 1 0 1 1 1 0 0 1 0 0 0 0 0 0 1 0 0 1 1 1 0 0 0 1 1 0 1 1 0 0 1 1 1 0 0 1 1 0 1 0 0 0 0 1 0
70	3	1 0 0 1 0 1 1 1 1 1 1 0 1 0 0 0 0 0 1 1 0 0 1 1 1 0 0 0 1 1 0 1 1 0 0 1 1 1 0 0 1 1 0 1 0 0 0 0 1 0
70	2	1 0 0 1 0 1 0 1 1 1 1 0 1 0 0 0 0 0 1 1 0 0 1 1 1 0 0 0 1 1 0 1 1 0 0 1 1 1 0 0 1 1 0 1 0 0 0 0 1 0
70	1	1 1 0 0 0 1 0 1 1 1 1 0 1 0 0 0 0 0 0 1 0 0 1 1 1 0 0 0 1 1 0 1 1 0 0 1 1 1 0 0 1 1 0 1 0 0 0 0 1 0
70	3	1 1 0 1 0 1 0 1 1 1 1 0 1 0 0 0 0 0 0 1 0 0 1 1 1 0 0 0 1 1 0 1 1 0 0 1 1 1 0 0 1 1 0 1 0 0 0 0 1 0
70	2	1 1 0 1 0 1 0 1 1 1 1 0 1 0 0 0 0 0 0 1 0 0 1 1 1 0 0 0 1 1 0 1 1 0 0 1 1 1 0 0 1 1 0 1 0 1 0 0 1 0
80	1	1 0 1 1 0 1 0 1 1 1 1 0 1 0 0 0 0 0 0 1 0 0 1 1 1 0 1 0 1 1 0 1 1 0 0 1 1 1 0 0 1 1 0 1 0 0 0 0 1 0
80	1	1 0 0 1 0 1 0 1 1 1 1 0 1 0 0 0 0 0 0 1 0 0 1 1 1 0 0 0 1 1 0 1 1 0 0 1 1 1 0 0 0 1 0 1 0 0 0 0 1 0
80	41	1 0 1 1 0 1 0 1 1 1 1 0 1 0 0 0 0 0 0 1 0 0 1 1 1 0 0 0 1 1 0 1 1 0 0 1 1 1 0 0 1 1 0 1 0 0 0 0 1 0
80	1	1 0 0 1 0 1 0 1 1 1 1 0 1 0 0 0 0 0 0 1 0 0 1 1 1 0 0 0 1 1 0 1 1 0 0 1 1 1 0 0 1 1 1 1 0 0 0 0 1 0
80	34	1 0 0 1 0 1 0 1 1 1 1 0 1 0 0 0 0 0 0 1 0 0 1 1 1 0 0 0 1 1 0 1 1 0 0 1 1 1 0 0 1 1 0 1 0 0 0 0 1 0
80	2	1 0 0 1 0 1 0 1 1 1 1 0 1 0 0 0 0 0 0 1 0 0 1 1 1 0 0 0 1 1 0 1 1 0 1 1 1 1 0 0 1 1 0 1 0 0 0 0 1 0
80	1	1 0 1 1 0 1 1 1 1 1 1 0 1 0 0 0 0 0 0 1 0 0 1 1 1 0 0 0 1 1 0 1 1 0 0 1 1 1 0 0 1 1 0 1 0 0 0 0 1 0
80	1	1 0 1 1 0 1 0 1 1 1 1 0 1 0 0 0 0 0 0 1 0 0 1 1 1 0 0 0 1 1 0 1 1 0 0 1 0 1 0 0 1 1 0 1 0 0 0 0 1 0
80	5	1 0 0 1 0 1 0 1 1 1 1 0 1 0 1 0 0 0 0 1 0 0 1 1 1 0 0 0 1 1 0 0 1 0 0 1 1 1 0 0 1 1 0 1 0 0 0 0 1 0
80	1	1 0 0 1 0 1 0 1 1 1 1 0 1 0 0 0 0 0 0 1 0 0 1 1 1 0 0 0 1 1 0 0 1 0 0 1 1 1 0 0 1 1 0 1 0 0 0 1 1 0
80	4	1 0 0 1 0 1 0 1 1 1 1 0 1 0 0 0 0 0 0 1 0 0 1 1 1 0 0 0 1 1 0 0 1 0 0 1 1 1 0 0 1 1 0 1 0 0 0 0 1 0
80	4	1 0 0 1 0 1 1 1 1 1 1 0 1 0 0 0 0 0 1 1 0 0 1 1 1 0 0 0 1 1 0 1 1 0 0 1 1 1 0 0 1 1 0 1 0 0 0 0 1 0
80	4	1 1 0 1 0 1 0 1 1 1 1 0 1 0 0 0 0 0 0 1 0 0 1 1 1 0 0 0 1 1 0 1 1 0 0 1 1 1 0 0 1 1 0 1 0 0 0 0 1 0
90	1	1 0 1 1 0 1 0 1 1 1 1 0 1 0 0 0 0 0 0 1 0 0 1 1 1 0 0 0 1 1 0 1 1 0 0 1 1 1 0 0 1 1 0 1 0 0 0 0 1 1
90	1	1 0 1 1 0 1 0 1 1 1 1 0 1 0 0 0 0 1 0 1 0 0 1 1 1 0 0 0 1 1 0 1 1 0 0 1 1 1 0 0 1 1 0 1 0 0 0 0 1 0
90	2	1 0 1 1 0 1 0 1 1 1 1 0 1 0 0 0 0 0 0 1 0 0 1 1 1 1 0 0 1 1 0 1 1 0 0 1 1 1 0 0 1 1 0 1 0 0 0 0 1 0
90	1	1 0 1 1 0 1 0 1 1 1 1 0 1 0 0 0 0 0 0 1 0 0 1 1 1 0 0 0 1 1 0 1 1 0 0 1 1 1 0 0 1 0 0 1 0 0 0 0 1 0
90	53	1 0 1 1 0 1 0 1 1 1 1 0 1 0 0 0 0 0 0 1 0 0 1 1 1 0 0 0 1 1 0 1 1 0 0 1 1 1 0 0 1 1 0 1 0 0 0 0 1 0
90	1	1 0 0 1 0 1 0 1 1 1 1 0 1 0 0 0 0 0 0 1 0 0 1 1 1 0 0 0 1 1 0 1 1 0 1 1 1 1 0 0 1 1 0 1 0 0 0 0 1 0
90	3	1 0 0 1 0 1 0 1 1 1 1 0 1 0 0 0 0 0 0 1 0 0 1 1 1 0 0 0 1 1 0 0 1 0 0 1 1 1 0 0 1 1 0 1 0 0 0 0 1 0
90	17	1 0 0 1 0 1 0 1 1 1 1 0 1 0 0 0 0 0 0 1 0 0 1 1 1 0 0 0 1 1 0 1 1 0 0 1 1 1 0 0 1 1 0 1 0 0 0 0 1 0
90	2	1 0 1 1 0 1 0 1 1 1 1 0 1 0 0 0 0 0 0 1 0 0 1 1 1 0 0 1 1 1 0 1 1 0 0 1 1 1 0 0 1 1 0 1 0 0 0 0 1 0
90	6	1 0 1 1 0 1 1 1 1 1 1 0 1 0 0 0 0 0 0 1 0 0 1 1 1 0 0 0 1 1 0 1 1 0 0 1 1 1 0 0 1 1 0 1 0 0 0 0 1 0
90	3	1 0 1 1 0 1 0 1 1 1 1 0 1 0 0 0 0 0 0 1 0 0 1 1 1 0 0 0 1 1 0 1 1 0 0 1 0 1 0 0 1 1 0 1 0 0 0 0 1 0
90	1	1 0 0 1 0 1 0 1 1 1 1 0 1 0 1 0 0 0 0 1 0 0 1 1 1 0 0 0 1 1 0 0 1 0 0 1 1 1 0 0 1 1 0 1 0 0 0 0 1 0
90	3	1 0 0 1 0 1 1 1 1 1 1 0 1 0 0 0 0 0 1 1 0 0 1 1 1 0 0 0 1 1 0 1 1 0 0 1 1 1 0 0 1 1 0 1 0 0 0 0 1 0
90	6	1 1 0 1 0 1 0 1 1 1 1 0 1 0 0 0 0 0 0 1 0 0 1 1 1 0 0 0 1 1 0 1 1 0 0 1 1 1 0 0 1 1 0 1 0 0 0 0 1 0
100	3	1 0 1 1 0 1 0 1 1 1 1 0 1 0 0 0 0 0 0 1 0 0 1 1 1 0 1 0 1 1 0 1 1 0 0 1 1 1 0 0 1 1 0 1 0 0 0 0 1 0
100	2	1 0 1 1 0 1 0 1 1 1 1 0 1 0 0 0 0 0 0 1 0 0 1 1 1 0 0 0 1 1 0 1 1 0 0 1 1 1 0 0 1 0 0 1 0 0 0 0 1 0
100	2	1 0 1 1 0 1 0 1 1 1 1 0 1 0 0 0 0 0 0 1 0 0 1 1 1 0 0 0 1 1 0 1 1 0 0 1 1 1 0 0 1 1 0 1 0 0 0 0 0 0
100	1	1 0 1 1 0 1 0 1 1 1 1 0 1 0 0 0 0 0 0 1 0 0 1 0 1 0 0 0 1 1 0 1 1 0 0 1 1 1 0 0 1 1 0 1 0 0 0 0 1 0
100	4	1 0 1 1 0 1 0 1 1 1 1 0 1 0 0 0 0 0 0 1 0 0 1 1 1 0 0 0 1 1 0 1 1 0 0 1 0 1 0 0 1 1 0 1 0 0 0 0 1 0
100	4	1 0 0 1 0 1 0 1 1 1 1 0 1 0 0 0 0 0 0 1 0 0 1 1 1 0 0 0 1 1 0 1 1 0 0 1 1 1 0 0 1 1 0 1 0 0 0 0 1 0
100	1	1 0 1 1 0 1 1 1 1 1 1 0 1 0 0 0 0 0 0 1 0 0 1 1 1 1 0 0 1 1 0 1 1 0 0 1 1 1 0 0 1 1 0 1 0 0 0 0 1 0
100	14	1 0 1 1 0 1 1 1 1 1 1 0 1 0 0 0 0 0 0 1 0 0 1 1 1 0 0 0 1 1 0 1 1 0 0 1 1 1 0 0 1 1 0 1 0 0 0 0 1 0
100	1	1 0 1 1 0 1 0 1 1 1 1 0 1 0 0 0 0 0 0 1 0 0 1 1 1 1 0 0 1 1 0 1 1 0 0 1 1 1 0 0 1 1 0 1 0 0 0 0 1 0
100	1	1 0 1 1 0 1 0 1 1 1 1 0 1 0 0 0 0 0 0 1 0 0 1 1 1 0 0 0 1 1 0 1 1 0 0 1 1 1 1 0 1 1 0 1 0 0 0 0 1 0
100	58	1 0 1 1 0 1 0 1 1 1 1 0 1 0 0 0 0 0 0 1 0 0 1 1 1 0 0 0 1 1 0 1 1 0 0 1 1 1 0 0 1 1 0 1 0 0 0 0 1 0
100	3	1 0 0 1 0 1 0 1 1 1 1 0 1 0 0 0 0 0 0 1 0 0 1 1 1 0 0 0 1 1 0 0 1 0 0 1 1 1 0 0 1 1 0 1 0 0 0 0 1 0
100	1	1 0 0 1 0 1 1 1 1 1 1 0 1 0 0 0 0 0 1 1 0 0 1 1 1 0 0 0 1 1 0 1 1 0 0 1 1 1 0 0 1 1 0 1 0 0 0 0 1 0
100	5	1 1 0 1 0 1 0 1 1 1 1 0 1 0 0 0 0 0 0 1 0 0 1 1 1 0 0 0 1 1 0 1 1 0 0 1 1 1 0 0 1 1 0 1 0 0 0 0 1 0
110	1	1 0 1 1 0 1 0 1 1 1 1 0 1 0 0 0 0 0 0 1 0 0 1 1 1 0 1 0 1 1 0 1 1 0 0 1 1 1 0 0 1 1 0 1 0 0 0 0 1 0
110	4	1 0 1 1 0 1 0 1 1 1 1 0 1 0 0 0 0 0 0 1 0 0 1 1 1 0 0 0 1 1 0 1 1 0 0 1 1 1 0 0 1 0 0 1 0 0 0 0 1 0
110	7	1 0 1 1 0 1 0 1 1 1 1 0 1 0 0 0 0 0 0 1 0 0 1 1 1 0 0 0 1 1 0 1 1 0 0 1 1 1 0 0 1 1 0 1 0 0 0 0 0 0
110	2	1 0 0 1 0 1 0 1 1 1 1 0 1 0 0 0 0 0 0 1 0 0 1 1 1 0 0 0 1 1 0 1 1 0 0 1 1 1 0 0 1 1 0 1 0 0 0 0 1 0
110	1	1 0 1 1 0 1 1 1 1 1 1 0 1 0 0 0 0 0 0 1 0 0 1 1 1 0 0 0 1 1 0 1 1 0 0 1 1 1 1 0 1 1 0 1 0 0 0 0 1 0
110	22	1 0 1 1 0 1 1 1 1 1 1 0 1 0 0 0 0 0 0 1 0 0 1 1 1 0 0 0 1 1 0 1 1 0 0 1 1 1 0 0 1 1 0 1 0 0 0 0 1 0
110	5	1 0 1 1 0 1 0 1 1 1 1 0 1 0 0 0 0 0 0 1 0 0 1 1 1 0 0 1 1 1 0 1 1 0 0 1 1 1 0 0 1 1 0 1 0 0 0 0 1 0
110	44	1 0 1 1 0 1 0 1 1 1 1 0 1 0 0 0 0 0 0 1 0 0 1 1 1 0 0 0 1 1 0 1 1 0 0 1 1 1 0 0 1 1 0 1 0 0 0 0 1 0
110	1	1 0 0 1 0 1 0 1 1 0 1 0 1 0 0 0 0 0 0 1 0 0 1 1 1 0 0 0 1 1 0 0 1 0 0 1 1 1 0 0 1 1 0 1 0 0 0 0 1 0
110	1	1 0 0 1 0 1 0 1 1 1 1 0 1 0 0 0 0 0 0 1 0 0 1 1 1 0 0 0 1 1 0 0 1 0 0 1 1 1 0 0 1 1 0 1 0 0 0 0 1 1
110	6	1 0 0 1 0 1 0 1 1 1 1 0 1 0 0 0 0 0 0 1 0 0 1 1 1 0 0 0 1 1 0 0 1 0 0 1 1 1 0 0 1 1 0 1 0 0 0 0 1 0
110	6	1 1 0 1 0 1 0 1 1 1 1 0 1 0 0 0 0 0 0 1 0 0 1 1 1 0 0 0 1 1 0 1 1 0 0 1 1 1 0 0 1 1 0 1 0 0 0 0 1 0
120	2	1 0 1 1 0 1 0 1 1 1 1 0 1 0 0 0 0 0 0 1 0 0 1 1 1 0 0 0 1 1 0 1 1 0 0 1 1 0 0 0 1 0 0 1 0 0 0 0 0 0
120	2	1 0 1 1 0 1 0 1 1 1 1 0 1 0 0 0 0 0 0 1 0 0 1 1 1 0 0 0 1 1 0 1 1 0 0 1 1 1 0 0 1 0 0 1 0 0 0 0 0 0
120	12	1 0 1 1 0 1 0 1 1 1 1 0 1 0 0 0 0 0 0 1 0 0 1 1 1 0 0 0 1 1 0 1 1 0 0 1 1 1 0 0 1 0 0 1 0 0 0 0 1 0
120	6	1 0 1 1 0 1 0 1 1 1 1 0 1 0 0 0 0 0 0 1 0 0 1 1 1 0 0 0 1 1 0 1 1 0 0 1 1 1 0 0 1 1 0 1 0 0 0 0 0 0
120	3	1 0 1 1 0 1 1 1 1 1 1 0 1 0 0 0 0 0 0 1 0 0 1 1 1 0 0 0 1 1 0 1 1 0 0 1 1 1 0 0 1 0 0 1 0 0 0 0 1 0
120	2	1 0 1 1 0 1 1 1 1 1 1 0 1 0 0 0 0 0 0 1 0 0 1 1 1 0 0 0 1 1 0 1 1 0 0 1 0 1 0 0 1 1 0 1 0 0 0 0 1 0
120	23	1 0 1 1 0 1 1 1 1 1 1 0 1 0 0 0 0 0 0 1 0 0 1 1 1 0 0 0 1 1 0 1 1 0 0 1 1 1 0 0 1 1 0 1 0 0 0 0 1 0
120	7	1 0 1 1 1 1 0 1 1 1 1 0 1 0 0 0 0 0 0 1 0 0 1 1 1 0 0 0 1 1 0 1 1 0 0 1 1 1 0 0 1 1 0 1 0 0 0 0 1 0
120	4	1 0 1 1 0 1 0 1 1 1 1 0 1 0 0 0 0 0 0 0 0 0 1 1 1 0 0 0 1 1 0 1 1 0 0 1 1 1 0 0 1 1 0 1 0 0 0 0 1 0
120	1	1 0 1 1 0 1 0 1 1 1 1 0 1 0 0 0 0 0 0 1 0 0 1 1 1 1 0 0 1 1 0 1 1 0 0 1 1 1 0 0 1 1 0 1 0 0 0 0 1 0
120	28	1 0 1 1 0 1 0 1 1 1 1 0 1 0 0 0 0 0 0 1 0 0 1 1 1 0 0 0 1 1 0 1 1 0 0 1 1 1 0 0 1 1 0 1 0 0 0 0 1 0
120	1	1 0 0 1 0 1 0 1 1 1 1 0 1 0 0 0 0 0 0 1 0 0 1 1 1 0 0 0 1 1 0 0 1 0 0 1 1 1 0 0 1 1 0 1 0 0 0 0 1 0
120	2	1 0 0 1 0 1 1 1 1 1 1 0 1 0 0 0 0 0 1 1 0 0 1 1 1 0 0 0 1 1 0 1 1 0 0 1 1 1 0 0 1 1 0 1 0 0 0 0 1 0
120	7	1 1 0 1 0 1 0 1 1 1 1 0 1 0 0 0 0 0 0 1 0 0 1 1 1 0 0 0 1 1 0 1 1 0 0 1 1 1 0 0 1 1 0 1 0 0 0 0 1 0
130	2	1 0 1 1 0 1 0 1 1 1 1 0 1 0 0 0 0 0 0 1 0 0 1 1 1 0 0 0 1 1 0 1 1 0 0 1 1 0 0 0 1 0 0 1 0 0 0 0 0 0
130	1	1 0 1 1 0 1 0 1 1 1 1 0 1 0 0 0 0 0 0 1 0 0 1 1 1 0 0 0 1 1 0 1 1 0 0 1 1 1 0 0 1 0 0 1 0 0 0 1 0 0
130	11	1 0 1 1 0 1 0 1 1 1 1 0 1 0 0 0 0 0 0 1 0 0 1 1 1 0 0 0 1 1 0 1 1 0 0 1 1 1 0 0 1 0 0 1 0 0 0 0 0 0
130	4	1 0 1 1 0 1 0 1 1 1 1 0 1 0 0 0 0 0 0 1 0 0 1 1 1 0 0 0 0 1 0 1 1 0 0 1 1 1 0 0 1 0 0 1 0 0 0 0 1 0
130	2	1 0 1 1 0 1 0 1 1 1 1 0 1 0 0 0 0 0 0 1 0 0 1 1 1 0 0 0 1 1 0 0 1 0 0 1 1 1 0 0 1 0 0 1 0 0 0 0 1 0
130	14	1 0 1 1 0 1 0 1 1 1 1 0 1 0 0 0 0 0 0 1 0 0 1 1 1 0 0 0 1 1 0 1 1 0 0 1 1 1 0 0 1 0 0 1 0 0 0 0 1 0
130	3	1 0 1 1 0 1 0 1 1 1 1 0 1 0 0 1 0 0 0 1 0 0 1 1 1 0 0 0 1 1 0 1 1 0 0 1 1 1 0 0 1 1 0 1 0 0 0 0 0 0
130	8	1 0 1 1 0 1 0 1 1 1 1 0 1 0 0 0 0 0 0 1 0 0 1 1 1 0 0 0 1 1 0 1 1 0 0 1 1 1 0 0 1 1 0 1 0 0 0 0 0 0
130	4	1 0 1 1 0 1 1 1 1 1 1 0 1 0 0 0 0 0 0 0 0 0 1 1 1 0 0 0 1 1 0 1 1 0 0 1 1 1 0 0 1 1 0 1 0 0 0 0 1 0
130	27	1 0 1 1 0 1 1 1 1 1 1 0 1 0 0 0 0 0 0 1 0 0 1 1 1 0 0 0 1 1 0 1 1 0 0 1 1 1 0 0 1 1 0 1 0 0 0 0 1 0
130	1	1 0 1 1 0 1 0 1 1 1 1 0 1 0 0 0 0 0 0 1 0 0 1 1 1 1 0 0 1 1 0 1 1 0 0 1 1 1 0 0 1 1 0 1 0 0 0 0 1 0
130	22	1 0 1 1 0 1 0 1 1 1 1 0 1 0 0 0 0 0 0 1 0 0 1 1 1 0 0 0 1 1 0 1 1 0 0 1 1 1 0 0 1 1 0 1 0 0 0 0 1 0
130	1	1 0 0 1 0 1 1 1 1 1 1 0 1 0 0 0 0 0 1 1 0 0 1 1 1 0 0 0 1 1 0 1 1 0 0 1 1 1 0 0 1 1 0 1 0 0 0 0 1 0
140	5	1 0 1 1 0 1 0 1 1 1 1 0 1 0 0 0 0 0 0 1 0 0 1 1 1 0 0 0 1 1 0 1 1 0 0 1 1 0 0 0 1 0 0 1 0 0 0 0 0 0
140	1	1 0 1 1 0 1 0 1 1 1 1 0 1 0 0 0 0 0 0 1 0 0 1 1 1 0 0 0 1 1 0 1 1 0 0 1 0 1 0 0 1 0 0 1 0 0 0 0 0 0
140	18	1 0 1 1 0 1 0 1 1 1 1 0 1 0 0 0 0 0 0 1 0 0 1 1 1 0 0 0 1 1 0 1 1 0 0 1 1 1 0 0 1 0 0 1 0 0 0 0 0 0
140	1	1 0 1 1 0 1 0 1 1 1 1 0 1 0 0 0 0 0 0 1 0 0 1 1 1 0 0 0 1 1 0 0 1 0 0 1 1 1 0 0 1 1 0 1 0 0 0 0 1 0
140	9	1 0 1 1 0 1 0 1 1 1 1 0 1 0 0 0 0 0 0 1 0 0 1 1 1 0 0 0 1 1 0 1 1 0 0 1 1 1 0 0 1 1 0 1 0 0 0 0 1 0
140	14	1 0 1 1 0 1 0 1 1 1 1 0 1 0 0 0 0 0 0 1 0 0 1 1 1 0 0 0 1 1 0 1 1 0 0 1 1 1 0 0 1 0 0 1 0 0 0 0 1 0
140	3	1 0 1 1 0 1 0 1 1 1 1 0 1 0 0 0 0 0 0 1 0 0 1 1 1 0 0 0 1 1 0 1 1 0 0 1 0 1 0 0 1 1 0 1 0 0 0 0 0 0
140	1	1 0 1 1 0 1 0 1 1 1 1 0 1 0 0 1 0 0 0 1 0 0 1 1 1 0 0 0 1 1 0 1 1 0 0 1 1 1 0 0 1 1 0 1 0 0 0 0 0 0
140	1	1 0 1 1 0 1 0 1 1 1 1 0 1 0 0 0 0 0 0 1 0 0 1 1 1 0 0 0 1 1 0 1 1 0 0 1 1 1 1 0 1 1 0 1 0 0 0 0 0 0
140	10	1 0 1 1 0 1 0 1 1 1 1 0 1 0 0 0 0 0 0 1 0 0 1 1 1 0 0 0 1 1 0 1 1 0 0 1 1 1 0 0 1 1 0 1 0 0 0 0 0 0
140	5	1 0 1 1 0 1 1 1 1 1 1 0 1 0 0 0 0 0 0 1 0 0 1 1 1 0 0 0 1 1 0 1 1 0 0 1 1 1 0 0 1 0 0 1 0 0 0 0 1 0
140	1	1 0 1 1 0 1 1 1 1 1 1 1 1 0 0 0 0 0 0 1 0 0 1 1 1 0 0 0 1 1 0 1 1 0 0 1 1 1 0 0 1 1 0 1 0 0 0 0 1 0
140	1	1 0 1 1 0 1 1 1 1 1 1 0 1 0 0 0 0 0 0 1 0 0 1 1 1 0 0 0 1 1 0 1 1 0 0 1 1 1 0 0 1 1 0 1 0 0 0 1 1 0
140	27	1 0 1 1 0 1 1 1 1 1 1 0 1 0 0 0 0 0 0 1 0 0 1 1 1 0 0 0 1 1 0 1 1 0 0 1 1 1 0 0 1 1 0 1 0 0 0 0 1 0
140	1	1 0 1 1 0 1 0 1 1 1 1 0 1 0 0 0 0 0 0 1 0 0 1 1 1 0 0 0 1 1 0 1 1 0 0 1 1 1 0 0 0 1 0 1 0 0 0 0 1 0
140	1	1 0 0 1 0 1 1 1 1 1 1 0 1 0 0 0 0 0 1 1 0 0 1 1 1 0 0 0 1 1 0 1 1 0 0 1 1 1 0 0 1 1 0 1 0 0 0 0 1 0
140	1	1 1 0 1 0 1 0 1 1 1 1 0 1 0 0 0 0 0 0 1 0 0 1 1 1 0 0 0 1 1 0 1 1 0 0 1 1 1 0 0 1 1 0 1 0 0 0 0 1 0
150	9	1 0 1 1 0 1 0 1 1 1 1 0 1 0 0 0 0 0 0 1 0 0 1 1 1 0 0 0 1 1 0 1 1 0 0 1 1 0 0 0 1 0 0 1 0 0 0 0 0 0
150	1	1 0 1 1 0 1 0 1 1 1 1 0 1 0 0 1 0 0 0 1 0 0 1 1 1 0 0 0 1 1 0 1 1 0 0 1 1 1 0 0 1 0 0 1 0 0 0 0 0 0
150	41	1 0 1 1 0 1 0 1 1 1 1 0 1 0 0 0 0 0 0 1 0 0 1 1 1 0 0 0 1 1 0 1 1 0 0 1 1 1 0 0 1 0 0 1 0 0 0 0 0 0
150	3	1 0 1 1 0 1 0 1 1 1 1 0 1 0 0 0 0 0 0 1 0 0 1 1 1 0 0 0 1 1 0 1 1 0 0 1 1 1 0 0 1 1 0 1 0 0 0 0 1 0
150	2	1 0 1 1 0 1 0 1 1 1 1 0 1 0 0 0 0 0 0 1 0 0 1 1 0 0 0 0 1 1 0 1 1 0 0 1 1 1 0 0 1 0 0 1 0 0 0 0 1 0
150	13	1 0 1 1 0 1 0 1 1 1 1 0 1 0 0 0 0 0 0 1 0 0 1 1 1 0 0 0 1 1 0 1 1 0 0 1 1 1 0 0 1 0 0 1 0 0 0 0 1 0
150	3	1 0 1 1 0 1 0 1 1 1 1 0 0 0 0 0 0 0 0 1 0 0 1 1 1 0 0 0 1 1 0 1 1 0 0 1 1 1 0 0 1 1 0 1 0 0 0 0 0 0
150	1	1 0 1 1 0 1 0 1 1 1 1 0 1 0 0 0 0 0 0 1 0 0 1 1 1 0 0 0 1 1 0 1 1 0 0 1 1 1 1 0 1 1 0 1 0 0 0 0 0 0
150	10	1 0 1 1 0 1 0 1 1 1 1 0 1 0 0 0 0 0 0 1 0 0 1 1 1 0 0 0 1 1 0 1 1 0 0 1 1 1 0 0 1 1 0 1 0 0 0 0 0 0
150	1	1 0 1 1 0 1 1 1 1 1 1 0 1 0 0 0 0 0 0 1 0 0 1 1 1 0 0 0 1 1 0 1 1 0 0 1 1 1 0 0 1 0 0 1 0 1 0 0 1 0
150	4	1 0 1 1 0 1 1 1 1 1 1 0 1 0 0 0 0 0 0 1 0 0 1 1 1 0 0 0 1 1 0 1 1 0 0 1 1 1 0 0 1 0 0 1 0 0 0 0 1 0
150	9	1 0 1 1 0 1 1 1 1 1 1 0 1 0 0 0 0 0 0 1 0 0 1 1 1 0 0 0 1 1 0 1 1 0 0 1 1 1 0 0 1 1 0 1 0 0 0 0 1 0
150	1	1 0 1 1 0 1 0 1 1 1 1 0 1 0 0 0 0 0 0 1 0 0 1 1 1 0 0 0 1 1 0 1 1 0 0 1 1 1 0 0 0 1 0 1 0 0 0 0 1 0
150	2	1 1 0 1 0 1 0 1 1 1 1 0 1 0 0 0 0 0 0 1 0 0 1 1 1 0 0 0 1 1 0 1 1 0 0 1 1 1 0 0 1 1 0 1 0 0 0 0 1 0
160	8	1 0 1 1 0 1 0 1 1 1 1 0 1 0 0 0 0 0 0 1 0 0 1 1 1 0 0 0 1 1 0 1 1 0 0 1 1 0 0 0 1 0 0 1 0 0 0 0 0 0
160	2	1 0 1 1 0 1 0 1 1 1 0 0 1 0 0 0 0 0 0 1 0 0 1 1 1 0 0 0 1 1 0 1 1 0 0 1 1 1 0 0 1 0 0 1 0 0 0 0 0 0
160	1	1 0 1 1 0 1 0 1 1 1 1 0 1 0 0 0 0 0 0 1 0 0 1 1 1 0 0 0 1 0 0 1 1 0 0 1 1 1 0 0 1 0 0 1 0 0 0 0 0 0
160	33	1 0 1 1 0 1 0 1 1 1 1 0 1 0 0 0 0 0 0 1 0 0 1 1 1 0 0 0 1 1 0 1 1 0 0 1 1 1 0 0 1 0 0 1 0 0 0 0 0 0
160	16	1 0 1 1 0 1 0 1 1 1 1 0 1 0 0 0 0 0 0 1 0 0 1 1 1 0 0 0 1 1 0 1 1 0 0 1 1 1 0 0 1 0 0 1 0 0 0 0 1 0
160	3	1 0 1 1 0 1 0 1 1 1 1 0 0 0 0 0 0 0 0 1 0 0 1 1 1 0 0 0 1 1 0 1 1 0 0 1 1 1 0 0 1 1 0 1 0 0 0 0 0 0
160	1	1 0 1 1 0 1 1 1 1 1 1 0 1 0 0 0 0 0 0 1 0 0 1 1 0 0 0 0 1 1 0 1 1 0 0 1 1 1 0 0 1 0 0 1 0 0 0 0 1 0
160	11	1 0 1 1 0 1 1 1 1 1 1 0 1 0 0 0 0 0 0 1 0 0 1 1 1 0 0 0 1 1 0 1 1 0 0 1 1 1 0 0 1 0 0 1 0 0 0 0 1 0
160	1	1 0 1 1 0 1 1 1 1 1 1 1 1 0 0 0 0 0 0 1 0 0 1 1 1 0 0 0 1 1 0 1 1 0 0 1 1 1 0 0 1 1 0 1 0 0 0 0 1 0
160	21	1 0 1 1 0 1 1 1 1 1 1 0 1 0 0 0 0 0 0 1 0 0 1 1 1 0 0 0 1 1 0 1 1 0 0 1 1 1 0 0 1 1 0 1 0 0 0 0 1 0
160	1	1 0 1 1 0 1 0 1 1 1 1 0 1 0 0 0 0 0 0 0 0 0 1 1 1 0 0 0 1 1 0 1 1 0 0 1 1 1 0 0 0 1 0 1 0 0 0 0 1 0
160	1	1 0 1 1 0 1 0 1 1 1 1 0 1 0 0 0 0 0 0 1 0 0 1 1 1 0 0 0 1 1 0 1 1 0 0 1 1 1 0 0 0 1 0 1 0 0 0 0 1 0
160	1	1 1 0 1 0 1 0 1 1 1 1 0 1 0 0 0 0 0 0 1 0 0 1 1 1 0 0 0 1 1 0 1 1 0 0 1 1 1 0 0 1 1 0 1 0 0 0 0 1 0
170	1	0 0 1 1 0 1 0 1 1 1 1 0 1 0 0 0 0 0 0 1 0 0 1 1 1 0 0 0 1 1 0 1 1 0 0 1 1 0 0 0 1 0 0 1 0 0 0 0 0 0
170	14	1 0 1 1 0 1 0 1 1 1 1 0 1 0 0 0 0 0 0 1 0 0 1 1 1 0 0 0 1 1 0 1 1 0 0 1 1 0 0 0 1 0 0 1 0 0 0 0 0 0
170	1	1 0 1 1 0 1 0 1 1 1 1 0 1 0 0 1 0 0 0 1 0 0 1 1 1 0 0 0 1 1 0 1 1 0 0 1 1 1 0 0 1 0 0 1 0 0 0 0 0 0
170	2	1 0 1 1 0 1 0 1 1 1 1 0 1 0 0 0 0 0 0 1 0 0 1 1 1 0 0 0 1 1 0 1 1 0 0 1 1 1 1 0 1 0 0 1 0 0 0 0 0 0
170	10	1 0 1 1 0 1 0 1 1 1 1 0 1 0 0 0 0 0 0 1 0 0 1 1 1 0 0 0 1 1 0 1 1 0 0 1 1 1 0 0 1 0 0 1 0 0 0 0 1 0
170	1	1 0 1 1 0 1 0 1 1 1 1 0 1 0 1 0 0 0 0 1 0 0 1 1 1 0 0 0 1 1 0 1 1 0 0 1 1 1 0 0 1 0 0 1 0 0 0 0 0 0
170	50	1 0 1 1 0 1 0 1 1 1 1 0 1 0 0 0 0 0 0 1 0 0 1 1 1 0 0 0 1 1 0 1 1 0 0 1 1 1 0 0 1 0 0 1 0 0 0 0 0 0
170	10	1 0 1 1 0 1 1 1 1 1 1 0 1 0 0 0 0 0 0 1 0 0 1 1 1 0 0 0 1 1 0 1 1 0 0 1 1 1 0 0 1 0 0 1 0 0 0 0 1 0
170	1	1 0 1 1 0 1 1 1 0 1 1 0 1 0 0 0 0 0 0 1 0 0 1 1 1 0 0 0 1 1 0 1 0 0 0 1 1 1 0 0 1 1 0 1 0 0 0 0 1 0
170	1	1 1 1 1 0 1 1 1 1 1 1 0 1 0 0 0 0 0 0 1 0 0 1 1 1 0 0 0 1 1 0 1 1 0 0 1 1 1 0 0 1 1 0 1 0 0 0 0 1 0
170	9	1 0 1 1 0 1 1 1 1 1 1 0 1 0 0 0 0 0 0 1 0 0 1 1 1 0 0 0 1 1 0 1 1 0 0 1 1 1 0 0 1 1 0 1 0 0 0 0 1 0
180	11	1 0 1 1 0 1 0 1 1 1 1 0 1 0 0 0 0 0 0 1 0 0 1 1 1 0 0 0 1 1 0 1 1 0 0 1 1 0 0 0 1 0 0 1 0 0 0 0 0 0
180	4	1 0 1 1 0 1 0 1 1 1 1 0 1 0 0 1 0 0 0 1 0 0 1 1 1 0 0 0 1 1 0 1 1 0 0 1 1 1 0 0 1 0 0 1 0 0 0 0 0 0
180	2	1 0 1 1 0 1 0 1 1 1 0 0 1 0 0 0 0 0 0 1 0 0 1 1 1 0 0 0 1 1 0 1 1 0 0 1 1 1 0 0 1 0 0 1 0 0 0 0 0 0
180	1	1 0 1 1 0 1 0 1 1 1 1 0 1 0 0 0 0 0 0 1 0 0 1 1 1 0 0 0 1 1 0 1 1 0 0 1 1 1 1 0 1 0 0 1 0 0 0 0 0 0
180	3	1 0 1 1 0 1 0 1 1 1 1 0 1 0 0 0 0 0 0 1 0 0 1 1 1 0 0 0 1 1 0 1 1 0 0 1 1 1 0 0 1 0 0 1 0 0 0 0 1 0
180	3	1 0 1 1 0 1 1 1 1 1 1 0 1 0 0 0 0 0 0 1 0 0 1 1 1 0 0 0 1 1 0 1 1 0 0 1 1 1 0 0 1 0 0 1 0 0 0 0 0 0
180	1	1 0 1 1 0 0 0 1 1 1 1 0 1 0 0 0 0 0 0 1 0 0 1 1 1 0 0 0 1 1 0 1 1 0 0 1 1 1 0 0 1 0 0 1 0 0 0 0 0 0
180	51	1 0 1 1 0 1 0 1 1 1 1 0 1 0 0 0 0 0 0 1 0 0 1 1 1 0 0 0 1 1 0 1 1 0 0 1 1 1 0 0 1 0 0 1 0 0 0 0 0 0
180	1	1 0 1 1 0 1 1 1 1 1 1 0 1 0 0 0 0 0 0 1 0 0 1 1 1 0 0 0 1 0 0 1 1 0 0 1 1 1 0 0 1 0 0 1 0 0 0 0 1 0
180	1	0 0 1 1 0 1 1 1 1 1 1 0 1 0 0 0 0 0 0 1 0 0 1 1 1 0 0 0 1 1 0 1 1 0 0 1 1 1 0 0 1 0 0 1 0 0 0 0 1 0
180	13	1 0 1 1 0 1 1 1 1 1 1 0 1 0 0 0 0 0 0 1 0 0 1 1 1 0 0 0 1 1 0 1 1 0 0 1 1 1 0 0 1 0 0 1 0 0 0 0 1 0
180	1	1 0 1 1 0 1 1 1 1 1 1 0 1 0 0 0 0 0 0 1 0 0 1 1 1 0 0 0 1 1 0 1 1 0 0 1 1 1 0 0 1 1 0 0 0 0 0 0 1 0
180	1	1 0 1 1 0 1 0 1 1 1 1 0 1 0 0 0 0 0 0 1 0 0 1 1 1 0 0 0 1 1 0 1 1 0 0 1 1 1 0 0 1 1 0 1 0 0 0 0 1 0
180	7	1 0 1 1 0 1 1 1 1 1 1 0 1 0 0 0 0 0 0 1 0 0 1 1 1 0 0 0 1 1 0 1 1 0 0 1 1 1 0 0 1 1 0 1 0 0 0 0 1 0
190	1	1 0 1 1 0 1 0 1 1 1 1 0 1 0 0 0 1 0 0 1 0 0 1 1 1 0 0 0 1 1 0 1 1 0 0 1 1 1 0 0 1 0 0 1 0 0 0 0 0 0
190	1	1 0 1 1 0 1 0 1 1 1 1 0 1 0 0 0 0 0 0 1 0 0 0 1 1 0 0 0 1 1 0 1 1 0 0 1 1 1 0 0 1 0 0 1 0 0 0 0 0 0
190	1	1 0 1 1 0 1 0 1 1 1 1 0 1 0 0 0 0 0 0 1 0 0 1 1 1 0 0 0 1 1 0 1 0 0 0 1 1 0 0 0 1 0 0 1 0 0 0 0 0 0
190	1	1 0 1 1 0 1 0 1 1 1 1 0 1 0 0 0 1 0 0 1 0 0 1 1 1 0 0 0 1 1 0 1 1 0 0 1 1 0 0 0 1 0 0 1 0 0 0 0 0 0
190	9	1 0 1 1 0 1 0 1 1 1 1 0 1 0 0 0 0 0 0 1 0 0 1 1 1 0 0 0 1 1 0 1 1 0 0 1 1 0 0 0 1 0 0 1 0 0 0 0 0 0
190	1	1 0 1 1 0 1 0 1 1 1 1 0 1 0 0 0 0 0 0 1 0 0 1 1 1 0 0 0 1 1 1 1 1 0 0 1 1 1 0 0 1 0 0 1 0 0 0 0 0 0
190	48	1 0 1 1 0 1 0 1 1 1 1 0 1 0 0 0 0 0 0 1 0 0 1 1 1 0 0 0 1 1 0 1 1 0 0 1 1 1 0 0 1 0 0 1 0 0 0 0 0 0
190	1	1 0 1 1 0 1 0 1 1 1 1 0 1 0 0 0 0 0 0 1 0 0 1 1 1 0 0 0 1 1 0 1 1 0 0 1 1 0 0 0 1 0 0 1 0 0 0 1 0 0
190	2	1 0 1 1 0 1 0 1 1 1 1 0 1 0 0 1 0 0 0 1 0 0 1 1 1 0 0 0 1 1 0 1 1 0 0 1 1 1 0 0 1 0 0 1 0 0 0 0 0 0
190	2	1 0 1 1 0 1 0 1 1 1 0 0 1 0 0 0 0 0 0 1 0 0 1 1 1 0 0 0 1 1 0 1 1 0 0 1 1 1 0 0 1 0 0 1 0 0 0 0 0 0
190	3	1 0 1 1 0 1 0 1 1 1 1 0 1 0 0 0 0 0 0 1 0 0 1 1 1 0 0 0 1 1 0 1 1 0 0 1 1 1 1 0 1 0 0 1 0 0 0 0 0 0
190	4	1 0 1 1 0 1 1 1 1 1 1 0 1 0 0 0 0 0 0 1 0 0 1 1 1 0 0 0 1 1 0 1 1 0 0 1 1 1 0 0 1 0 0 1 0 0 0 0 0 0
190	21	1 0 1 1 0 1 1 1 1 1 1 0 1 0 0 0 0 0 0 1 0 0 1 1 1 0 0 0 1 1 0 1 1 0 0 1 1 1 0 0 1 0 0 1 0 0 0 0 1 0
190	2	1 0 1 1 0 1 0 1 1 1 1 0 1 0 1 0 0 0 0 1 0 0 1 1 1 0 0 0 1 1 0 1 1 0 0 1 1 1 0 0 1 0 0 1 0 0 0 0 0 0
190	1	1 0 1 1 0 1 1 1 1 1 1 0 1 0 0 0 0 0 0 1 0 0 1 1 1 0 0 0 1 0 0 1 1 0 0 1 1 1 0 0 1 0 0 1 0 0 0 0 1 0
190	2	1 0 1 1 0 1 1 1 1 1 1 0 1 0 0 0 0 0 0 1 0 0 1 1 1 0 0 0 1 1 0 1 1 0 0 1 1 1 0 0 1 1 0 1 0 0 0 0 1 0
200	1	1 1 1 1 0 1 0 1 1 1 1 0 1 0 0 0 0 0 0 1 0 0 1 1 1 0 0 0 1 1 0 1 1 0 0 1 1 1 0 0 1 0 0 1 0 0 0 0 0 0
200	52	1 0 1 1 0 1 0 1 1 1 1 0 1 0 0 0 0 0 0 1 0 0 1 1 1 0 0 0 1 1 0 1 1 0 0 1 1 1 0 0 1 0 0 1 0 0 0 0 0 0
200	6	1 0 1 1 0 1 0 1 1 1 1 0 1 0 0 0 0 0 0 1 0 0 1 1 1 0 0 0 1 1 0 1 1 0 0 1 1 0 0 0 1 0 0 1 0 0 0 0 0 0
200	2	1 0 1 1 0 1 0 1 1 1 0 0 1 0 0 0 0 0 0 1 0 0 1 1 1 0 0 0 1 1 0 1 1 0 0 1 1 1 0 0 1 0 0 1 0 0 0 0 0 0
200	2	1 0 1 1 0 1 0 1 1 1 1 0 1 0 0 0 0 0 0 1 0 0 1 1 1 0 0 0 1 0 0 1 1 0 0 1 1 1 0 0 1 0 0 1 0 0 0 0 0 0
200	5	1 0 1 1 0 1 1 1 1 1 1 0 1 0 0 0 0 0 0 1 0 0 1 1 1 0 0 0 1 1 0 1 1 0 0 1 1 1 0 0 1 0 0 1 0 0 0 0 0 0
200	4	1 0 1 1 0 1 0 1 1 1 1 0 1 0 0 1 0 0 0 1 0 0 1 1 1 0 0 0 1 1 0 1 1 0 0 1 1 1 0 0 1 0 0 1 0 0 0 0 0 0
200	1	1 0 1 1 0 1 0 1 1 1 1 0 1 0 0 0 0 0 0 1 0 0 1 1 1 0 0 0 1 1 0 1 0 0 0 1 1 1 0 0 1 0 0 1 0 0 0 0 0 0
200	1	1 0 1 1 0 1 0 1 1 1 0 0 1 0 0 0 0 0 0 1 0 0 1 1 1 0 0 0 1 1 0 0 1 0 0 1 1 1 0 0 1 0 0 1 0 0 0 0 0 0
200	1	1 0 1 1 0 1 1 1 1 1 1 0 1 0 0 0 0 0 0 1 0 1 1 1 1 0 0 0 1 1 0 1 1 0 0 1 1 1 0 0 1 0 0 1 0 0 0 0 1 0
200	15	1 0 1 1 0 1 1 1 1 1 1 0 1 0 0 0 0 0 0 1 0 0 1 1 1 0 0 0 1 1 0 1 1 0 0 1 1 1 0 0 1 0 0 1 0 0 0 0 1 0
200	1	1 0 1 1 0 1 0 1 1 1 1 0 1 0 1 0 0 0 0 1 0 0 1 1 1 0 0 0 1 1 0 1 1 0 0 1 1 1 0 0 1 0 0 1 0 0 0 0 0 0
200	8	1 0 1 1 0 1 1 1 1 1 1 0 1 0 0 0 0 0 1 1 0 0 1 1 1 0 0 0 1 1 0 1 1 0 0 1 1 1 0 0 1 0 0 1 0 0 0 0 1 0
200	1	1 0 0 1 0 1 1 1 1 1 1 0 1 0 0 0 0 0 0 1 0 0 1 1 1 0 0 0 1 1 0 1 1 0 0 1 1 1 0 0 1 1 0 1 0 0 0 0 1 0
210	2	1 0 1 1 0 1 0 1 1 1 1 0 1 0 0 0 0 0 0 1 0 0 1 1 1 0 0 0 1 1 0 1 1 0 0 1 0 1 0 0 1 0 0 1 0 0 0 0 0 0
210	1	1 1 1 1 0 1 0 1 1 1 1 0 1 1 0 0 0 0 0 1 0 0 1 1 1 0 0 0 1 1 0 1 1 0 0 1 1 1 0 0 1 0 0 1 0 0 0 0 0 0
210	1	1 1 1 1 0 1 0 1 1 1 1 0 1 0 0 0 0 0 0 1 0 0 1 1 1 0 0 0 1 1 0 1 1 0 0 1 1 1 0 0 1 0 0 1 0 0 0 0 0 0
210	2	1 0 1 1 0 1 0 1 1 1 1 0 1 0 0 0 0 0 0 1 0 0 0 1 1 0 0 0 1 1 0 1 1 0 0 1 1 1 0 0 1 0 0 1 0 0 0 0 0 0
210	3	1 0 1 1 0 1 0 1 1 1 1 0 1 0 0 0 0 0 0 1 0 0 1 1 1 0 0 0 1 1 0 1 1 0 0 1 1 1 1 0 1 0 0 1 0 0 0 0 0 0
210	8	1 0 1 1 0 1 0 1 1 1 1 0 1 0 0 0 0 0 0 1 0 0 1 1 1 0 0 0 1 1 0 1 1 0 0 1 1 0 0 0 1 0 0 1 0 0 0 0 0 0
210	53	1 0 1 1 0 1 0 1 1 1 1 0 1 0 0 0 0 0 0 1 0 0 1 1 1 0 0 0 1 1 0 1 1 0 0 1 1 1 0 0 1 0 0 1 0 0 0 0 0 0
210	1	1 0 1 1 0 1 0 1 1 1 1 0 1 0 0 0 0 0 0 1 0 0 1 1 1 0 0 0 1 0 0 1 1 0 0 1 1 1 0 0 1 0 0 1 0 0 1 0 0 0
210	1	1 0 1 1 0 1 0 1 1 1 1 0 1 0 0 0 0 0 0 1 0 0 1 1 1 0 0 0 1 0 0 1 1 0 0 1 1 1 0 0 1 0 0 1 0 0 0 0 0 0
210	1	1 0 1 1 0 1 1 1 1 1 1 0 1 0 0 0 0 0 0 1 0 0 1 1 1 0 0 0 1 1 0 1 1 0 1 1 1 1 0 0 1 0 0 1 0 0 0 0 0 0
210	5	1 0 1 1 0 1 1 1 1 1 1 0 1 0 0 0 0 0 0 1 0 0 1 1 1 0 0 0 1 1 0 1 1 0 0 1 1 1 0 0 1 0 0 1 0 0 0 0 0 0
210	1	1 0 1 1 0 1 0 1 1 1 1 0 1 0 0 1 0 0 0 1 0 0 1 1 1 0 0 0 1 1 0 1 1 0 0 1 1 1 0 0 1 0 0 1 0 0 0 0 0 0
210	1	1 0 1 1 0 1 0 1 1 1 1 0 1 0 0 0 0 0 0 1 0 0 1 1 1 0 0 0 1 1 0 1 1 0 0 1 1 0 0 0 1 0 0 1 0 0 0 1 0 0
210	1	1 0 1 1 0 1 1 1 1 1 1 0 1 0 0 0 0 0 0 1 0 1 1 1 1 0 0 0 1 1 0 0 1 0 0 1 1 1 0 0 1 0 0 1 0 0 0 0 1 0
210	19	1 0 1 1 0 1 1 1 1 1 1 0 1 0 0 0 0 0 0 1 0 0 1 1 1 0 0 0 1 1 0 1 1 0 0 1 1 1 0 0 1 0 0 1 0 0 0 0 1 0
220	4	1 1 1 1 0 1 0 1 1 1 1 0 1 0 0 0 0 0 0 1 0 0 1 1 1 0 0 0 1 1 0 1 1 0 0 1 1 1 0 0 1 0 0 1 0 0 0 0 0 0
220	2	1 0 1 1 0 1 0 1 1 1 1 0 1 0 0 0 0 0 0 1 0 0 1 1 1 0 0 0 1 1 0 1 1 0 0 1 1 0 0 0 1 0 0 1 0 0 0 0 0 0
220	1	1 0 1 1 0 1 0 1 1 1 1 0 1 0 0 0 0 0 0 1 0 0 1 1 0 0 0 0 1 1 0 1 1 0 0 1 1 1 0 0 1 0 0 1 0 0 0 0 0 0
220	2	1 0 1 1 0 1 0 1 1 1 0 0 1 0 0 0 0 0 0 1 0 0 1 1 1 0 0 0 1 1 0 1 1 0 0 1 1 1 0 0 1 0 0 1 0 0 0 0 0 0
220	1	1 0 1 1 0 1 0 1 1 1 1 0 1 0 0 0 0 0 0 1 0 1 1 1 1 0 0 0 1 1 0 1 1 0 0 1 1 1 0 0 1 0 0 1 0 0 0 0 0 0
220	1	1 0 1 1 0 1 0 1 1 1 1 0 1 0 0 0 0 0 0 1 0 0 1 1 1 0 0 0 1 1 0 1 1 0 0 1 1 1 0 0 1 0 0 1 0 0 0 1 0 0
220	1	1 0 1 1 0 1 0 1 1 1 1 0 1 0 0 0 0 0 0 1 0 0 1 1 1 1 0 0 1 1 0 1 1 0 0 1 1 1 0 0 1 0 0 1 0 0 0 0 0 0
220	1	1 0 1 1 0 1 0 1 1 1 1 0 1 0 0 0 0 0 0 1 0 0 1 1 1 0 0 1 1 1 0 1 1 0 0 1 1 1 0 0 1 0 0 1 0 0 0 0 0 0
220	50	1 0 1 1 0 1 0 1 1 1 1 0 1 0 0 0 0 0 0 1 0 0 1 1 1 0 0 0 1 1 0 1 1 0 0 1 1 1 0 0 1 0 0 1 0 0 0 0 0 0
220	5	1 0 1 1 0 1 1 1 1 1 1 0 1 0 0 0 0 0 0 1 0 0 1 1 1 0 0 0 1 1 0 1 1 0 1 1 1 1 0 0 1 0 0 1 0 0 0 0 0 0
220	1	1 0 1 1 0 1 1 1 1 1 1 0 1 0 0 0 0 0 0 1 0 0 1 1 1 0 0 0 1 1 0 1 0 0 0 1 1 1 0 0 1 0 0 1 0 0 0 0 0 0
220	4	1 0 1 1 0 1 1 1 1 1 1 0 1 0 0 0 0 0 0 1 0 0 1 1 1 0 0 0 1 1 0 1 1 0 0 1 1 1 0 0 1 0 0 1 0 0 0 0 0 0
220	1	1 0 1 1 0 1 0 1 1 1 1 0 1 0 0 1 0 0 0 1 0 0 1 1 1 0 0 0 1 1 0 1 1 0 0 1 1 1 0 0 1 0 0 1 0 0 0 0 0 0
220	1	1 0 1 1 0 1 1 1 1 1 1 0 1 0 0 0 0 0 0 1 0 1 1 1 1 0 0 0 1 1 0 0 1 0 0 1 1 1 0 0 1 0 0 1 0 0 0 0 1 0
220	2	1 0 1 1 0 1 1 1 1 1 1 0 1 0 0 0 0 0 0 1 0 1 1 1 1 0 0 0 1 1 0 1 1 0 0 1 1 1 0 0 1 0 0 1 0 0 0 0 1 0
220	7	1 0 1 1 0 1 1 1 1 1 1 0 1 0 0 0 0 0 1 1 0 0 1 1 1 0 0 0 1 1 0 1 1 0 0 1 1 1 0 0 1 0 0 1 0 0 0 0 1 0
220	14	1 0 1 1 0 1 1 1 1 1 1 0 1 0 0 0 0 0 0 1 0 0 1 1 1 0 0 0 1 1 0 1 1 0 0 1 1 1 0 0 1 0 0 1 0 0 0 0 1 0
220	2	1 0 1 1 0 1 0 1 1 1 1 0 1 0 0 0 0 0 0 1 0 0 1 1 1 0 0 0 1 1 0 1 1 0 0 0 1 1 0 0 1 0 0 1 0 0 0 0 0 0
230	1	1 1 1 1 0 1 0 1 1 1 1 0 1 0 0 0 0 0 0 1 0 0 1 0 1 0 0 0 1 1 0 1 1 0 0 1 1 1 0 0 1 0 0 1 0 0 0 0 0 0
230	2	1 1 1 1 0 1 0 1 1 1 1 0 1 0 0 0 0 0 0 1 0 0 1 1 1 0 0 0 1 1 0 1 1 0 0 1 1 1 0 0 1 0 0 1 0 0 0 0 0 0
230	1	1 0 1 1 0 1 0 1 1 1 1 0 1 0 0 0 0 0 0 1 0 0 0 1 1 0 0 0 1 1 0 1 1 0 0 1 1 1 0 0 1 0 0 1 0 0 0 0 0 0
230	1	1 0 1 1 0 1 0 1 1 1 1 0 1 0 0 0 0 0 0 1 0 0 1 1 1 0 0 0 1 1 0 0 1 0 0 1 1 0 0 0 1 0 0 1 0 0 0 0 0 0
230	11	1 0 1 1 0 1 0 1 1 1 1 0 1 0 0 0 0 0 0 1 0 0 1 1 1 0 0 0 1 1 0 1 1 0 0 1 1 0 0 0 1 0 0 1 0 0 0 0 0 0
230	2	1 0 1 1 0 1 0 1 1 1 1 0 1 0 0 0 0 0 0 1 0 0 1 1 1 0 1 0 1 1 0 1 1 0 0 1 1 1 0 0 1 0 0 1 0 0 0 0 0 0
230	1	1 0 1 1 0 1 0 1 1 1 1 0 1 0 0 0 0 0 0 1 0 1 1 1 1 0 0 0 1 1 0 1 1 0 0 1 1 1 0 0 1 0 0 1 0 0 0 0 0 0
230	3	1 0 1 1 0 1 1 1 1 1 1 0 1 0 0 0 0 0 0 1 0 0 1 1 1 0 0 0 1 1 0 1 1 0 0 0 1 1 0 0 1 0 0 1 0 0 0 0 0 0
230	1	1 0 1 1 0 1 0 1 1 1 1 0 1 0 0 0 0 0 0 1 0 0 1 1 1 0 0 0 1 1 0 1 1 0 0 0 1 0 0 0 1 0 0 1 0 0 0 0 0 0
230	1	1 0 1 1 0 1 0 1 1 1 1 0 1 0 0 0 1 0 0 1 0 0 1 1 1 0 0 0 1 1 0 1 1 0 0 0 1 1 0 0 1 0 0 1 0 0 0 0 0 0
230	36	1 0 1 1 0 1 0 1 1 1 1 0 1 0 0 0 0 0 0 1 0 0 1 1 1 0 0 0 1 1 0 1 1 0 0 1 1 1 0 0 1 0 0 1 0 0 0 0 0 0
230	1	1 0 1 1 0 1 0 1 1 1 1 0 1 0 0 0 0 0 0 1 0 0 1 1 1 0 0 0 1 1 0 1 1 0 0 1 1 1 0 0 1 0 0 0 0 0 0 0 0 0
230	1	1 0 1 1 0 1 0 1 0 1 1 0 1 0 0 0 0 0 0 1 0 0 1 1 1 0 0 0 1 1 0 1 1 0 0 1 1 1 0 0 1 0 0 1 0 0 0 0 0 0
230	1	1 0 1 1 0 1 0 1 1 1 1 0 1 0 0 0 0 0 1 1 0 0 1 1 1 0 0 0 1 1 0 1 1 0 0 1 1 1 0 0 1 0 0 1 0 0 0 0 0 0
230	1	1 0 1 1 0 1 1 1 1 1 1 0 1 0 0 0 0 0 0 1 0 0 1 1 1 0 0 0 1 1 0 1 1 0 1 1 1 1 0 0 1 0 0 1 0 0 0 0 0 0
230	8	1 0 1 1 0 1 1 1 1 1 1 0 1 0 0 0 0 0 0 1 0 0 1 1 1 0 0 0 1 1 0 1 0 0 0 1 1 1 0 0 1 0 0 1 0 0 0 0 0 0
230	3	1 0 1 1 0 1 1 1 1 1 1 0 1 0 0 0 0 0 0 1 0 0 1 1 1 0 0 0 1 1 0 1 1 0 0 1 1 1 0 0 1 0 0 1 0 0 0 0 0 0
230	1	1 0 1 1 0 1 1 1 1 1 1 0 1 0 0 0 0 0 0 1 0 1 1 1 1 0 0 0 1 1 0 1 1 0 0 1 1 1 0 0 1 0 0 1 0 0 0 0 1 0
230	1	1 1 1 1 0 1 1 1 1 1 1 0 1 0 0 0 0 0 0 1 0 0 1 1 1 0 0 0 1 1 0 1 1 0 0 1 1 1 0 0 1 0 0 1 0 0 0 0 1 0
230	1	1 0 1 1 0 1 1 1 1 1 1 0 1 0 0 0 0 0 1 1 0 0 1 1 1 0 0 0 1 1 0 1 1 1 0 1 1 1 0 0 1 0 0 1 0 0 0 0 1 0
230	4	1 0 1 1 0 1 1 1 1 1 1 0 1 0 0 0 0 0 1 1 0 0 1 1 1 0 0 0 1 1 0 1 1 0 0 1 1 1 0 0 1 0 0 1 0 0 0 0 1 0
230	18	1 0 1 1 0 1 1 1 1 1 1 0 1 0 0 0 0 0 0 1 0 0 1 1 1 0 0 0 1 1 0 1 1 0 0 1 1 1 0 0 1 0 0 1 0 0 0 0 1 0
240	5	1 1 1 1 0 1 0 1 1 1 1 0 1 0 0 0 0 0 0 1 0 0 1 1 1 0 0 0 1 1 0 1 1 0 0 1 1 1 0 0 1 0 0 1 0 0 0 0 0 0
240	2	1 0 1 1 0 1 0 1 1 1 1 0 1 0 0 0 0 0 0 1 0 0 1 1 1 0 0 0 1 1 0 0 1 0 0 1 1 0 0 0 1 0 0 1 0 0 0 0 0 0
240	1	1 0 1 1 0 1 0 1 1 1 1 0 1 0 0 0 0 0 0 1 0 0 1 1 1 0 0 0 1 1 0 1 1 0 0 1 1 0 0 0 1 0 0 1 0 0 0 0 0 1
240	1	1 0 1 1 0 1 0 1 1 1 1 0 1 0 0 0 0 0 0 1 0 0 1 1 1 0 0 0 1 1 0 1 1 0 0 1 1 0 0 0 1 0 0 1 0 0 0 0 0 0
240	1	1 0 1 1 0 1 0 1 1 1 1 0 1 0 0 0 0 0 0 1 0 1 1 1 1 0 0 0 1 1 0 1 1 0 0 1 1 1 0 0 1 0 0 1 0 0 0 0 0 0
240	4	1 0 1 1 0 1 1 1 1 1 1 0 1 0 0 0 0 0 0 1 0 0 1 1 1 0 0 0 1 1 0 1 1 0 0 0 1 1 0 0 1 0 0 1 0 0 0 0 0 0
240	1	1 0 1 1 0 1 0 1 1 1 1 0 1 0 0 0 0 0 0 1 0 0 1 1 1 0 0 0 1 1 0 1 1 0 0 0 1 0 0 0 1 0 0 1 0 0 0 0 0 0
240	1	1 0 1 1 0 1 0 1 1 1 1 0 1 0 0 0 0 0 0 1 0 0 1 1 1 0 0 0 1 1 0 1 1 0 0 0 1 1 0 0 1 0 0 1 0 0 0 0 0 0
240	38	1 0 1 1 0 1 0 1 1 1 1 0 1 0 0 0 0 0 0 1 0 0 1 1 1 0 0 0 1 1 0 1 1 0 0 1 1 1 0 0 1 0 0 1 0 0 0 0 0 0
240	4	1 0 1 1 0 1 1 1 1 1 1 0 1 0 0 0 0 0 0 1 0 0 1 1 1 0 0 0 1 1 0 1 1 0 1 1 1 1 0 0 1 0 0 1 0 0 0 0 0 0
240	9	1 0 1 1 0 1 1 1 1 1 1 0 1 0 0 0 0 0 0 1 0 0 1 1 1 0 0 0 1 1 0 1 0 0 0 1 1 1 0 0 1 0 0 1 0 0 0 0 0 0
240	6	1 0 1 1 0 1 1 1 1 1 1 0 1 0 0 0 0 0 0 1 0 0 1 1 1 0 0 0 1 1 0 1 1 0 0 1 1 1 0 0 1 0 0 1 0 0 0 0 0 0
240	1	1 0 1 1 0 1 0 1 1 1 1 0 1 0 0 1 0 0 0 1 0 0 1 1 1 0 0 0 1 1 0 1 1 0 0 1 1 1 0 0 1 0 0 1 0 0 0 0 0 0
240	1	1 0 1 1 0 1 1 1 1 1 1 1 1 0 0 0 0 0 1 1 0 0 1 1 1 0 0 0 1 1 0 1 1 0 0 1 1 1 0 0 1 0 0 1 0 0 0 0 1 0
240	9	1 0 1 1 0 1 1 1 1 1 1 0 1 0 0 0 0 0 1 1 0 0 1 1 1 0 0 0 1 1 0 1 1 0 0 1 1 1 0 0 1 0 0 1 0 0 0 0 1 0
240	16	1 0 1 1 0 1 1 1 1 1 1 0 1 0 0 0 0 0 0 1 0 0 1 1 1 0 0 0 1 1 0 1 1 0 0 1 1 1 0 0 1 0 0 1 0 0 0 0 1 0
250	8	1 1 1 1 0 1 0 1 1 1 1 0 1 0 0 0 0 0 0 1 0 0 1 1 1 0 0 0 1 1 0 1 1 0 0 1 1 1 0 0 1 0 0 1 0 0 0 0 0 0
250	1	1 0 1 1 0 1 0 1 1 1 1 0 1 0 0 0 0 0 0 1 0 0 1 1 1 0 0 0 1 1 0 0 1 0 0 1 1 0 0 0 1 0 0 1 0 0 0 0 0 0
250	1	1 0 1 1 0 1 0 1 1 1 1 0 1 0 0 0 0 0 0 1 0 0 1 1 1 0 0 0 1 1 0 1 1 0 0 1 1 0 0 0 1 0 0 1 0 0 0 0 0 1
250	1	1 0 1 1 0 1 0 1 1 1 1 0 1 0 0 0 0 0 0 1 0 0 1 1 1 0 0 0 1 1 0 1 1 0 0 1 1 0 0 0 1 0 0 1 0 1 0 0 0 0
250	1	1 0 1 1 0 1 0 1 1 1 1 0 1 0 0 0 0 0 0 1 0 0 1 1 1 0 0 0 1 1 0 1 1 0 0 1 1 0 0 0 1 0 0 1 0 0 0 0 0 0
250	9	1 0 1 1 0 1 1 1 1 1 1 0 1 0 0 0 0 0 0 1 0 0 1 1 1 0 0 0 1 1 0 1 1 0 0 0 1 1 0 0 1 0 0 1 0 0 0 0 0 0
250	1	1 0 1 1 0 1 0 1 1 0 1 0 1 0 0 0 0 0 0 1 0 0 1 1 1 0 0 0 1 1 0 1 1 0 0 1 1 1 0 0 1 0 0 1 0 0 0 0 0 0
250	2	1 0 1 1 0 1 0 1 1 1 1 0 1 1 0 0 0 0 0 1 0 0 1 1 1 0 0 0 1 1 0 1 1 0 0 1 1 1 0 0 1 0 0 1 0 0 0 0 0 0
250	29	1 0 1 1 0 1 0 1 1 1 1 0 1 0 0 0 0 0 0 1 0 0 1 1 1 0 0 0 1 1 0 1 1 0 0 1 1 1 0 0 1 0 0 1 0 0 0 0 0 0
250	2	1 0 1 1 0 1 1 1 1 1 1 0 1 0 0 0 0 0 0 1 0 0 1 1 1 0 0 0 1 1 0 1 1 0 1 1 1 1 0 0 1 0 0 1 0 0 0 0 0 0
250	6	1 0 1 1 0 1 1 1 1 1 1 0 1 0 0 0 0 0 0 1 0 0 1 1 1 0 0 0 1 1 1 1 0 0 0 1 1 1 0 0 1 0 0 1 0 0 0 0 0 0
250	18	1 0 1 1 0 1 1 1 1 1 1 0 1 0 0 0 0 0 0 1 0 0 1 1 1 0 0 0 1 1 0 1 0 0 0 1 1 1 0 0 1 0 0 1 0 0 0 0 0 0
250	8	1 0 1 1 0 1 1 1 1 1 1 0 1 0 0 0 0 0 0 1 0 0 1 1 1 0 0 0 1 1 0 1 1 0 0 1 1 1 0 0 1 0 0 1 0 0 0 0 0 0
250	1	1 0 1 1 0 1 1 1 1 1 1 0 1 0 0 0 0 0 1 1 0 0 1 1 1 0 0 0 1 1 0 1 1 1 0 1 1 1 0 0 1 0 0 1 0 0 0 0 1 0
250	3	1 0 1 1 0 1 1 1 1 1 1 0 1 0 0 0 0 0 1 1 0 0 1 1 1 0 0 0 1 1 0 1 1 0 0 1 1 1 0 0 1 0 0 1 0 0 0 0 1 0
250	9	1 0 1 1 0 1 1 1 1 1 1 0 1 0 0 0 0 0 0 1 0 0 1 1 1 0 0 0 1 1 0 1 1 0 0 1 1 1 0 0 1 0 0 1 0 0 0 0 1 0
260	16	1 1 1 1 0 1 0 1 1 1 1 0 1 0 0 0 0 0 0 1 0 0 1 1 1 0 0 0 1 1 0 1 1 0 0 1 1 1 0 0 1 0 0 1 0 0 0 0 0 0
260	1	1 0 1 1 0 1 0 1 1 1 1 0 1 0 0 0 0 0 0 1 0 0 0 1 1 0 0 0 1 1 0 1 1 0 0 1 1 1 0 0 1 0 0 1 0 0 0 0 0 0
260	2	1 0 1 1 0 1 0 1 1 1 1 0 1 0 0 0 0 0 0 1 0 0 1 1 1 0 0 0 1 1 0 1 1 0 0 1 1 0 0 0 1 0 0 1 0 1 0 0 0 0
260	1	1 0 1 1 0 1 0 1 1 1 1 0 1 0 0 0 0 0 0 1 0 0 1 1 1 0 0 0 1 1 0 1 1 0 0 1 1 0 0 0 1 0 0 1 0 0 0 0 0 0
260	11	1 0 1 1 0 1 1 1 1 1 1 0 1 0 0 0 0 0 0 1 0 0 1 1 1 0 0 0 1 1 0 1 1 0 0 0 1 1 0 0 1 0 0 1 0 0 0 0 0 0
260	14	1 0 1 1 0 1 1 1 1 1 1 0 1 0 0 0 0 0 0 1 0 0 1 1 1 0 0 0 1 1 0 1 1 0 0 1 1 1 0 0 1 0 0 1 0 0 0 0 0 0
260	21	1 0 1 1 0 1 0 1 1 1 1 0 1 0 0 0 0 0 0 1 0 0 1 1 1 0 0 0 1 1 0 1 1 0 0 1 1 1 0 0 1 0 0 1 0 0 0 0 0 0
260	6	1 0 1 1 0 1 1 1 1 1 1 0 1 0 0 0 0 0 0 1 0 0 1 1 1 0 0 0 1 1 0 1 1 0 1 1 1 1 0 0 1 0 0 1 0 0 0 0 0 0
260	2	1 0 1 1 0 1 1 1 1 1 1 0 1 0 0 0 0 0 0 1 0 0 1 1 1 0 0 0 1 1 1 1 0 0 0 1 1 1 0 0 1 0 0 1 0 0 0 0 0 0
260	1	1 0 1 1 0 1 1 1 1 1 1 0 1 0 0 0 0 0 0 1 0 0 1 1 1 0 0 0 1 1 0 1 0 0 0 1 1 1 0 0 1 0 0 1 0 0 0 1 0 0
260	1	1 0 1 1 0 1 1 1 1 1 1 0 1 0 0 0 0 0 0 1 0 0 1 1 1 0 0 0 1 1 0 1 0 0 0 1 1 1 0 0 1 0 0 1 1 0 0 0 0 0
260	19	1 0 1 1 0 1 1 1 1 1 1 0 1 0 0 0 0 0 0 1 0 0 1 1 1 0 0 0 1 1 0 1 0 0 0 1 1 1 0 0 1 0 0 1 0 0 0 0 0 0
260	1	1 0 1 1 0 1 1 1 1 1 1 0 1 0 0 0 0 0 1 1 0 0 1 1 1 0 0 0 1 1 0 1 1 1 0 1 1 1 0 0 1 0 0 1 0 0 0 0 1 0
260	1	1 0 1 1 0 1 1 1 1 1 1 0 1 0 0 1 0 0 0 1 0 0 1 1 1 0 0 0 1 1 0 1 1 0 0 1 1 1 0 0 1 0 0 1 0 0 0 0 1 0
260	3	1 0 1 1 0 1 1 1 1 1 1 0 1 0 0 0 0 0 0 1 0 0 1 1 1 0 0 0 1 1 0 1 1 0 0 1 1 1 0 0 1 0 0 1 0 0 0 0 1 0
270	2	1 1 1 1 0 1 0 1 1 1 1 0 1 0 0 0 0 0 0 1 0 0 1 0 1 0 0 0 1 1 0 1 1 0 0 1 1 1 0 0 1 0 0 1 0 0 0 0 0 0
270	11	1 0 1 1 0 1 0 1 1 1 1 0 1 0 0 0 0 0 0 1 0 0 1 1 1 0 0 0 1 1 0 1 1 0 0 1 1 1 0 0 1 0 0 1 0 0 0 0 0 0
270	17	1 1 1 1 0 1 0 1 1 1 1 0 1 0 0 0 0 0 0 1 0 0 1 1 1 0 0 0 1 1 0 1 1 0 0 1 1 1 0 0 1 0 0 1 0 0 0 0 0 0
270	1	1 0 1 1 0 1 0 1 1 1 1 0 1 0 0 0 0 0 0 1 0 0 0 1 1 0 0 0 1 1 0 1 1 0 0 1 1 1 0 0 1 0 0 1 0 0 0 0 0 0
270	5	1 0 1 1 0 1 1 1 1 1 1 0 1 0 0 0 0 0 0 1 0 0 1 1 1 0 0 0 1 1 0 1 1 0 0 0 1 1 0 0 1 0 0 1 0 0 0 0 0 0
270	1	1 0 1 1 0 1 0 1 1 1 1 0 1 0 0 0 0 0 0 1 0 0 1 1 1 0 0 0 1 1 0 1 1 0 0 1 1 1 0 0 0 0 0 1 0 0 0 0 0 1
270	1	1 0 1 1 0 1 1 1 1 1 1 0 1 0 0 0 0 0 0 1 0 0 1 1 1 1 0 0 1 1 0 1 1 0 0 1 1 1 0 0 1 0 0 1 0 0 0 0 0 0
270	13	1 0 1 1 0 1 1 1 1 1 1 0 1 0 0 0 0 0 0 1 0 0 1 1 1 0 0 0 1 1 0 1 1 0 0 1 1 1 0 0 1 0 0 1 0 0 0 0 0 0
270	1	1 0 1 1 0 1 0 1 1 1 1 0 1 0 0 0 0 0 0 1 0 0 1 1 1 0 0 0 1 1 0 1 1 0 0 1 1 1 0 0 1 0 0 1 0 1 0 0 0 0
270	8	1 0 1 1 0 1 1 1 1 1 1 0 1 0 0 0 0 0 0 1 0 0 1 1 1 0 0 0 1 1 0 1 1 0 1 1 1 1 0 0 1 0 0 1 0 0 0 0 0 0
270	5	1 0 1 1 0 1 1 1 1 1 1 0 1 0 0 0 0 0 0 1 0 0 1 1 1 0 0 0 1 1 1 1 0 0 0 1 1 1 0 0 1 0 0 1 0 0 0 0 0 0
270	1	1 0 1 1 0 1 1 1 1 1 1 0 1 0 0 0 0 0 0 1 0 0 1 1 1 0 0 0 1 1 0 1 0 0 0 1 1 1 0 0 1 0 0 1 1 0 0 0 0 0
270	1	1 0 1 1 0 1 1 1 1 1 1 0 1 0 1 0 0 0 0 1 0 0 1 1 1 0 0 0 1 1 0 1 0 0 0 1 1 1 0 0 1 0 0 1 0 0 0 0 0 0
270	19	1 0 1 1 0 1 1 1 1 1 1 0 1 0 0 0 0 0 0 1 0 0 1 1 1 0 0 0 1 1 0 1 0 0 0 1 1 1 0 0 1 0 0 1 0 0 0 0 0 0
270	1	1 0 1 1 0 1 1 1 1 1 1 0 1 0 0 0 0 0 1 1 0 0 1 1 1 1 0 0 1 1 0 1 1 1 0 1 1 1 0 0 1 0 0 1 0 0 0 0 1 0
270	2	1 0 1 1 0 1 1 1 1 1 1 0 1 0 0 0 0 0 1 1 0 0 1 1 1 0 0 0 1 1 0 1 1 1 0 1 1 1 0 0 1 0 0 1 0 0 0 0 1 0
270	9	1 0 1 1 0 1 1 1 1 1 1 0 1 0 0 0 0 0 1 1 0 0 1 1 1 0 0 0 1 1 0 1 1 0 0 1 1 1 0 0 1 0 0 1 0 0 0 0 1 0
270	2	1 0 1 1 0 1 1 1 1 1 1 0 1 0 0 0 0 0 0 1 0 0 1 1 1 0 0 0 1 1 0 1 1 0 0 1 1 1 0 0 1 0 0 1 0 0 0 0 1 0
280	1	1 0 1 1 0 1 0 1 1 1 1 0 1 0 0 0 0 0 0 1 0 0 1 1 1 0 0 0 1 1 0 1 1 0 0 1 1 1 0 0 1 0 0 1 0 0 0 0 1 0
280	10	1 0 1 1 0 1 0 1 1 1 1 0 1 0 0 0 0 0 0 1 0 0 1 1 1 0 0 0 1 1 0 1 1 0 0 1 1 1 0 0 1 0 0 1 0 0 0 0 0 0
280	8	1 1 1 1 0 1 0 1 1 1 1 0 1 0 0 0 0 0 0 1 0 0 1 1 1 0 0 0 1 1 0 1 1 0 0 1 1 1 0 0 1 0 0 1 0 0 0 0 0 0
280	1	1 0 1 1 0 1 0 1 1 1 1 0 1 0 0 0 0 0 0 1 0 0 0 1 1 0 0 0 1 1 0 1 1 0 0 1 1 1 0 0 1 0 0 1 0 0 0 0 0 0
280	10	1 0 1 1 0 1 1 1 1 1 1 0 1 0 0 0 0 0 0 1 0 0 1 1 1 0 0 0 1 1 0 1 1 0 0 0 1 1 0 0 1 0 0 1 0 0 0 0 0 0
280	1	1 0 1 1 0 1 1 1 1 1 1 0 1 0 1 0 0 0 0 1 0 0 1 1 1 0 0 0 1 1 0 1 1 0 0 1 1 1 0 0 1 0 0 1 0 0 0 0 0 0
280	11	1 0 1 1 0 1 1 1 1 1 1 0 1 0 0 0 0 0 0 1 0 0 1 1 1 0 0 0 1 1 0 1 1 0 0 1 1 1 0 0 1 0 0 1 0 0 0 0 0 0
280	1	1 0 1 1 0 1 0 1 1 1 1 0 1 0 0 0 0 0 0 1 0 0 1 0 1 0 0 0 1 1 0 1 1 0 0 1 1 1 0 0 1 0 0 1 0 0 0 0 0 0
280	1	1 0 1 1 0 1 1 1 1 1 1 0 1 0 0 0 0 0 1 1 0 0 1 1 1 0 0 0 1 1 0 1 1 0 1 1 1 1 0 0 1 0 0 1 0 0 0 0 0 0
280	6	1 0 1 1 0 1 1 1 1 1 1 0 1 0 0 0 0 0 0 1 0 0 1 1 1 0 0 0 1 1 0 1 1 0 1 1 1 1 0 0 1 0 0 1 0 0 0 0 0 0
280	1	1 0 1 1 0 1 1 1 1 1 1 0 1 0 0 0 0 0 0 1 0 0 1 1 1 0 0 0 1 1 1 1 0 0 0 1 1 1 0 0 1 0 0 1 0 0 0 1 0 0
280	9	1 0 1 1 0 1 1 1 1 1 1 0 1 0 0 0 0 0 0 1 0 0 1 1 1 0 0 0 1 1 1 1 0 0 0 1 1 1 0 0 1 0 0 1 0 0 0 0 0 0
280	1	1 1 1 1 0 1 1 1 1 1 1 0 1 0 0 0 0 0 0 1 0 0 1 1 1 0 0 0 1 1 0 1 0 0 0 1 1 1 0 0 1 0 0 0 0 0 0 0 0 0
280	1	1 0 1 1 0 1 1 1 1 1 1 0 1 0 0 0 0 0 0 1 0 0 1 1 1 0 0 0 1 1 0 1 0 0 0 1 1 1 0 0 1 0 0 0 0 0 0 0 0 0
280	1	1 0 1 1 0 1 1 1 1 1 1 0 1 0 0 0 0 0 0 0 0 0 1 1 1 0 0 0 1 1 0 1 0 0 0 1 1 1 0 0 1 0 0 1 0 0 0 0 0 0
280	32	1 0 1 1 0 1 1 1 1 1 1 0 1 0 0 0 0 0 0 1 0 0 1 1 1 0 0 0 1 1 0 1 0 0 0 1 1 1 0 0 1 0 0 1 0 0 0 0 0 0
280	1	1 0 1 1 0 1 1 1 1 1 1 0 1 0 0 0 0 0 1 1 0 0 1 1 1 0 0 0 1 1 0 1 1 1 0 1 1 1 0 0 1 0 0 1 0 0 0 0 1 0
280	3	1 0 1 1 0 1 1 1 1 1 1 0 1 0 0 0 0 0 1 1 0 0 1 1 1 0 0 0 1 1 0 1 1 0 0 1 1 1 0 0 1 0 0 1 0 0 0 0 1 0
280	1	1 0 1 1 0 1 1 1 1 1 1 0 1 0 0 0 0 0 0 1 0 0 1 1 1 0 0 0 1 1 0 1 1 0 0 1 1 1 0 0 1 0 0 1 0 0 0 0 1 0
290	1	1 0 1 1 0 1 0 1 1 1 1 0 1 0 0 0 0 0 0 1 0 0 1 1 1 0 0 0 1 1 0 0 1 0 0 1 1 1 0 0 1 0 0 1 0 0 0 0 0 0
290	3	1 0 1 1 0 1 0 1 1 1 1 0 1 0 0 0 0 0 0 1 0 0 1 1 1 0 0 0 1 1 0 1 1 0 0 1 1 1 0 0 1 0 0 1 0 0 0 0 0 0
290	18	1 1 1 1 0 1 0 1 1 1 1 0 1 0 0 0 0 0 0 1 0 0 1 1 1 0 0 0 1 1 0 1 1 0 0 1 1 1 0 0 1 0 0 1 0 0 0 0 0 0
290	1	1 0 1 1 1 1 1 1 1 1 1 0 1 0 0 0 0 0 0 1 0 0 1 1 1 0 0 0 1 1 0 1 1 0 0 0 1 1 0 0 1 0 0 1 0 0 0 0 0 0
290	7	1 0 1 1 0 1 1 1 1 1 1 0 1 0 0 0 0 0 0 1 0 0 1 1 1 0 0 0 1 1 0 1 1 0 0 0 1 1 0 0 1 0 0 1 0 0 0 0 0 0
290	1	1 0 1 1 0 1 1 1 1 1 1 0 1 0 1 0 0 0 0 1 0 0 1 1 1 0 0 0 1 1 0 1 1 0 0 1 1 1 0 0 1 0 0 1 0 0 0 0 0 0
290	1	0 0 1 1 0 1 1 1 1 1 1 0 1 0 0 0 0 0 0 1 0 0 0 1 1 0 0 0 1 1 0 1 1 0 0 1 1 1 0 0 1 0 0 1 0 0 0 0 0 0
290	6	1 0 1 1 0 1 1 1 1 1 1 0 1 0 0 0 0 0 0 1 0 0 1 1 1 0 0 0 1 1 0 1 1 0 1 1 1 1 0 0 1 0 0 1 0 0 0 0 0 0
290	1	1 0 1 1 0 1 1 1 1 1 1 0 1 1 0 0 0 0 0 1 0 0 1 1 1 0 0 0 1 1 0 1 1 0 0 1 1 1 0 0 1 0 0 1 0 0 0 0 0 0
290	2	1 0 1 1 0 1 1 1 1 1 1 0 1 0 0 0 0 0 0 1 0 0 1 1 1 0 0 0 1 1 1 1 1 0 0 1 1 1 0 0 1 0 0 1 0 0 0 0 0 0
290	7	1 0 1 1 0 1 1 1 1 1 1 0 1 0 0 0 0 0 0 1 0 0 1 1 1 0 0 0 1 1 0 1 1 0 0 1 1 1 0 0 1 0 0 1 0 0 0 0 0 0
290	1	1 0 1 1 0 1 1 1 1 1 1 0 1 0 0 0 0 0 0 1 0 0 1 1 1 0 0 0 1 1 1 1 0 0 0 1 1 1 0 0 1 0 0 1 0 0 0 1 0 0
290	11	1 0 1 1 0 1 1 1 1 1 1 0 1 0 0 0 0 0 0 1 0 0 1 1 1 0 0 0 1 1 1 1 0 0 0 1 1 1 0 0 1 0 0 1 0 0 0 0 0 0
290	1	1 0 1 1 0 1 1 1 1 1 1 0 1 0 0 0 0 0 0 1 0 0 1 1 1 0 0 0 1 1 0 1 0 0 0 1 1 1 0 0 1 0 0 0 0 0 0 0 0 0
290	1	1 0 1 1 0 1 1 1 1 1 1 0 1 0 0 0 0 0 0 1 0 0 1 1 1 0 0 0 1 1 0 1 0 0 0 0 1 1 0 0 1 0 0 1 0 0 0 0 0 0
290	2	1 0 1 1 0 1 1 1 1 1 1 1 1 0 0 0 0 0 0 1 0 0 1 1 1 0 0 0 1 1 0 1 0 0 0 1 1 1 0 0 1 0 0 1 0 0 0 0 0 0
290	1	1 0 1 1 0 1 1 1 1 1 1 0 1 0 0 0 0 0 0 1 0 0 1 1 1 0 0 0 1 1 0 1 0 0 0 1 0 1 0 0 1 0 0 1 0 0 0 0 0 0
290	2	1 0 1 1 0 1 1 0 1 1 1 0 1 0 0 0 0 0 0 1 0 0 1 1 1 0 0 0 1 1 0 1 0 0 0 1 1 1 0 0 1 0 0 1 0 0 0 0 0 0
290	31	1 0 1 1 0 1 1 1 1 1 1 0 1 0 0 0 0 0 0 1 0 0 1 1 1 0 0 0 1 1 0 1 0 0 0 1 1 1 0 0 1 0 0 1 0 0 0 0 0 0
290	2	1 0 1 1 0 1 1 1 1 1 1 0 1 0 0 0 0 0 1 1 0 0 1 1 1 0 0 0 1 1 0 1 1 0 0 1 1 1 0 0 1 0 0 1 0 0 0 0 1 0
300	2	1 0 1 1 0 1 0 1 1 1 1 0 1 0 0 0 0 0 0 1 0 0 1 1 1 0 0 0 1 1 0 1 1 0 0 1 1 1 0 0 1 0 0 1 0 0 0 0 0 0
300	1	1 1 1 1 0 1 0 1 1 1 1 0 1 0 0 0 0 0 0 1 0 0 1 1 1 0 0 0 1 1 0 1 1 0 0 1 0 1 0 0 1 0 0 1 0 0 0 0 0 0
300	13	1 1 1 1 0 1 0 1 1 1 1 0 1 0 0 0 0 0 0 1 0 0 1 1 1 0 0 0 1 1 0 1 1 0 0 1 1 1 0 0 1 0 0 1 0 0 0 0 0 0
300	2	1 0 1 1 0 1 1 1 1 1 1 0 1 0 1 0 0 0 1 1 0 0 1 1 1 0 0 0 1 1 0 1 1 0 0 1 1 1 0 0 1 0 0 1 0 0 0 0 0 0
300	3	1 0 1 1 0 1 1 1 1 1 1 0 1 0 0 0 0 0 1 1 0 0 1 1 1 0 0 0 1 1 0 1 1 0 0 1 1 1 0 0 1 0 0 1 0 0 0 0 0 0
300	8	1 0 1 1 0 1 1 1 1 1 1 0 1 0 0 0 0 0 0 1 0 0 1 1 1 0 0 0 1 1 0 1 1 0 0 1 1 1 0 0 1 0 0 1 0 0 0 0 0 0
300	1	1 0 1 1 0 1 1 1 1 1 1 0 1 0 0 0 0 0 0 1 0 0 1 1 1 0 0 1 1 1 0 1 1 0 0 0 1 1 0 0 1 0 0 1 0 0 0 0 0 0
300	7	1 0 1 1 0 1 1 1 1 1 1 0 1 0 0 0 0 0 0 1 0 0 1 1 1 0 0 0 1 1 0 1 1 0 0 0 1 1 0 0 1 0 0 1 0 0 0 0 0 0
300	1	1 0 1 1 0 1 1 1 1 1 1 0 1 0 1 0 0 0 0 1 0 0 1 1 1 0 0 0 1 1 0 1 1 0 0 1 1 1 0 0 1 0 0 1 0 0 0 0 0 0
300	1	1 0 1 1 0 1 1 1 1 1 1 0 1 0 0 0 0 0 0 1 0 0 1 1 1 0 0 0 1 1 0 1 1 0 1 0 1 1 0 0 1 0 0 1 0 0 0 0 0 0
300	14	1 0 1 1 0 1 1 1 1 1 1 0 1 0 0 0 0 0 0 1 0 0 1 1 1 0 0 0 1 1 0 1 1 0 1 1 1 1 0 0 1 0 0 1 0 0 0 0 0 0
300	2	1 0 1 1 0 1 1 1 1 1 1 0 1 0 0 0 0 0 0 1 0 0 1 1 1 0 0 0 1 1 1 1 0 0 0 1 1 1 0 0 1 0 0 1 0 0 0 1 0 0
300	13	1 0 1 1 0 1 1 1 1 1 1 0 1 0 0 0 0 0 0 1 0 0 1 1 1 0 0 0 1 1 1 1 0 0 0 1 1 1 0 0 1 0 0 1 0 0 0 0 0 0
300	2	1 0 1 1 0 1 1 1 1 1 1 0 1 0 0 0 0 0 0 1 0 0 1 1 1 0 0 0 1 1 0 1 0 0 0 1 1 1 0 0 1 0 0 0 0 0 0 0 0 0
300	30	1 0 1 1 0 1 1 1 1 1 1 0 1 0 0 0 0 0 0 1 0 0 1 1 1 0 0 0 1 1 0 1 0 0 0 1 1 1 0 0 1 0 0 1 0 0 0 0 0 0
310	1	1 1 1 1 0 1 0 1 1 1 1 0 1 0 0 0 0 0 0 1 0 0 1 1 1 0 0 0 1 1 0 1 1 0 0 1 1 0 0 0 1 0 0 1 0 0 0 0 0 0
310	13	1 1 1 1 0 1 0 1 1 1 1 0 1 0 0 0 0 0 0 1 0 0 1 1 1 0 0 0 1 1 0 1 1 0 0 1 1 1 0 0 1 0 0 1 0 0 0 0 0 0
310	3	1 0 1 1 0 1 1 1 1 1 1 0 1 0 0 0 0 0 0 1 0 0 1 1 1 0 0 0 1 1 0 1 1 0 0 1 1 1 0 0 1 0 0 1 0 1 0 0 0 0
310	1	1 0 1 1 0 1 1 1 1 1 1 0 1 0 1 0 0 0 1 1 0 0 1 1 1 0 0 0 1 1 0 1 1 0 0 1 1 1 0 0 1 0 0 1 0 0 0 0 0 0
310	1	1 0 1 1 0 1 1 1 1 1 1 0 1 0 0 0 0 0 1 1 0 0 1 1 1 0 0 0 1 1 0 1 1 0 0 1 1 1 0 0 1 0 0 1 0 0 0 0 0 0
310	1	1 0 1 1 0 1 1 1 1 1 1 0 1 0 0 0 0 0 0 1 0 0 1 1 1 1 0 0 1 1 0 1 1 0 0 1 1 1 0 0 1 0 0 1 0 0 0 0 0 0
310	4	1 0 1 1 0 1 1 1 1 1 1 0 1 0 0 0 0 0 0 1 0 0 1 1 1 0 0 0 1 1 0 1 1 0 0 1 1 1 0 0 1 0 0 1 0 0 0 0 0 0
310	3	1 0 1 1 0 1 1 1 1 1 1 0 1 0 0 0 0 0 0 1 0 0 1 1 1 0 0 0 1 1 0 1 1 0 0 0 1 1 0 0 1 0 0 1 0 0 0 0 0 0
310	1	1 0 1 1 0 1 1 1 1 1 1 0 1 0 1 0 0 0 0 1 0 0 1 1 1 0 0 0 1 1 0 1 1 0 0 1 1 1 0 0 1 0 0 1 0 0 0 0 0 0
310	13	1 0 1 1 0 1 1 1 1 1 1 0 1 0 0 0 0 0 0 1 0 0 1 1 1 0 0 0 1 1 0 1 1 0 1 1 1 1 0 0 1 0 0 1 0 0 0 0 0 0
310	8	1 0 1 1 0 1 1 1 1 1 1 0 1 0 0 0 0 0 0 1 0 0 1 1 1 0 0 0 1 1 1 1 0 0 0 1 1 1 0 0 1 0 0 1 0 0 0 0 0 0
310	6	1 0 1 1 0 1 1 1 1 1 1 0 1 0 0 0 0 0 0 1 0 0 1 1 1 0 0 0 1 1 0 1 0 0 0 1 1 1 0 0 1 0 0 0 0 0 0 0 0 0
310	1	1 0 1 1 0 1 1 1 1 1 1 0 1 0 0 0 0 0 0 1 0 0 1 1 1 1 0 0 1 1 0 1 0 0 0 1 1 1 0 0 1 0 0 1 0 0 0 0 0 0
310	2	1 0 1 1 0 1 1 1 1 1 1 1 1 0 0 0 0 0 0 1 0 0 1 1 1 0 0 0 1 1 0 1 0 0 0 1 1 1 0 0 1 0 0 1 0 0 0 0 0 0
310	41	1 0 1 1 0 1 1 1 1 1 1 0 1 0 0 0 0 0 0 1 0 0 1 1 1 0 0 0 1 1 0 1 0 0 0 1 1 1 0 0 1 0 0 1 0 0 0 0 0 0
310	1	1 0 1 1 0 1 1 1 1 1 1 0 1 0 0 0 0 0 1 1 0 0 1 1 1 0 0 0 1 1 0 1 1 0 0 1 1 1 0 0 1 1 0 1 0 0 0 0 1 0
