10	1	0 1 1 0 1 1 1 1 1 1
10	23	0 1 1 0 1 1 1 0 1 1
10	18	0 0 0 1 0 0 0 1 1 1
10	4	1 1 1 1 1 1 0 0 0 1
10	1	0 1 1 1 1 0 0 0 0 1
10	28	0 1 1 1 1 1 0 0 0 1
10	1	1 1 0 1 0 0 1 1 0 1
10	24	0 1 0 1 0 0 1 1 0 1
20	22	0 1 1 0 1 1 1 0 1 1
20	1	0 0 1 1 0 0 0 1 1 1
20	1	0 0 0 0 0 0 0 1 1 1
20	8	0 0 0 1 0 0 0 1 1 1
20	16	0 1 1 1 1 1 0 0 0 1
20	23	1 1 1 1 1 1 0 0 0 1
20	7	0 1 1 1 1 0 0 0 0 1
20	2	0 1 1 1 1 1 1 0 0 1
20	1	0 1 1 1 0 1 0 0 0 1
20	1	0 1 0 1 0 0 1 1 1 1
20	18	0 1 0 1 0 0 1 1 0 1
30	3	0 1 1 0 1 1 1 0 1 1
30	1	0 0 0 1 0 0 0 1 1 1
30	1	0 1 1 1 1 1 1 0 0 1
30	7	0 1 1 1 1 0 0 0 0 1
30	1	0 1 1 1 1 1 0 1 0 1
30	2	0 1 1 1 0 1 0 0 0 1
30	15	0 1 1 1 1 1 0 0 0 1
30	3	1 1 1 1 1 0 0 0 0 1
30	1	1 0 1 1 1 1 0 0 0 1
30	1	1 1 1 1 1 1 1 0 0 1
30	57	1 1 1 1 1 1 0 0 0 1
30	2	0 1 1 1 1 0 0 0 0 0
30	6	0 1 0 1 0 0 1 1 0 1
40	2	0 1 1 0 1 1 1 0 1 1
40	6	1 1 1 1 1 0 0 0 0 1
40	4	0 1 1 1 1 0 0 0 0 1
40	2	0 1 1 1 1 1 0 1 0 1
40	1	0 1 1 1 0 1 0 0 0 1
40	6	0 1 1 1 1 1 0 0 0 1
40	1	1 1 1 0 1 1 0 0 0 1
40	3	1 1 1 1 1 1 0 0 0 0
40	68	1 1 1 1 1 1 0 0 0 1
40	6	0 1 1 1 1 0 0 0 0 0
40	1	0 1 0 1 0 0 1 1 0 1
50	4	1 1 1 1 1 0 0 0 0 1
50	1	0 1 1 1 1 0 0 0 0 1
50	7	0 1 1 1 1 1 0 0 0 1
50	1	1 0 1 1 1 1 0 0 0 1
50	2	1 1 1 1 1 1 0 0 0 0
50	81	1 1 1 1 1 1 0 0 0 1
50	4	0 1 1 1 1 0 0 0 0 0
60	4	1 1 1 1 1 0 0 0 0 1
60	1	0 1 1 1 1 1 0 0 0 0
60	2	0 1 1 1 1 1 0 0 0 1
60	1	1 1 1 0 1 1 0 0 0 1
60	7	1 1 1 1 1 1 0 0 0 0
60	83	1 1 1 1 1 1 0 0 0 1
60	2	0 1 1 1 1 0 0 0 0 0
70	1	1 1 1 1 1 0 0 0 0 1
70	1	0 1 1 1 1 0 0 0 0 1
70	3	0 1 1 1 1 1 0 0 0 1
70	2	1 1 1 0 1 1 0 0 0 0
70	10	1 1 1 1 1 1 0 0 0 0
70	1	1 1 1 1 0 1 0 0 1 1
70	1	1 1 1 1 1 1 1 0 0 1
70	79	1 1 1 1 1 1 0 0 0 1
70	2	0 1 1 1 1 0 0 0 0 0
