10	3	1 1 1 0 1 1 1 1 1 1 1 1 1 0 0 0 1 0 1 0 0 1 0 0 0 0 0 1 0 1 1 1 1 0 0 1 1 1 1 0 1 0 0 1 1 1 0 0 0 1
10	1	1 1 1 0 1 1 1 1 1 1 1 1 1 0 0 0 1 0 1 0 0 1 0 0 0 0 0 1 0 1 1 1 1 0 1 1 1 1 1 0 1 1 0 1 1 1 0 0 0 1
10	2	1 1 1 0 1 1 1 1 1 1 1 1 1 0 0 0 1 0 1 0 0 1 0 0 0 0 0 1 0 1 1 1 1 0 0 1 1 1 1 0 0 1 0 1 1 1 0 0 0 1
10	1	1 1 0 0 1 1 1 1 1 1 1 1 1 0 0 0 1 0 1 0 0 1 0 0 0 0 0 1 0 1 1 1 1 0 0 1 1 1 1 0 1 1 0 1 1 1 0 0 0 1
10	1	1 1 1 0 1 1 1 1 1 1 0 1 1 0 0 0 1 0 1 0 0 1 0 0 0 0 0 1 0 1 1 1 1 0 0 1 1 1 1 0 1 1 0 1 1 1 0 0 0 1
10	14	1 1 1 0 1 1 1 1 1 1 1 1 1 0 0 0 1 0 1 0 0 1 0 0 0 0 0 1 0 1 1 1 1 0 0 1 1 1 1 0 1 1 0 1 1 1 0 0 0 1
10	31	1 1 0 0 1 1 0 0 0 1 1 1 0 1 0 1 0 1 1 1 0 1 1 0 0 0 0 0 1 1 1 0 1 1 1 1 0 1 1 0 0 0 1 0 1 1 0 0 1 1
10	19	0 1 1 0 1 1 0 0 0 0 0 0 1 0 0 1 1 0 1 0 1 0 1 0 0 0 0 0 1 0 1 1 0 1 0 1 0 1 0 0 1 1 1 0 0 0 1 0 1 1
10	18	0 0 1 0 1 0 0 1 0 1 1 0 1 1 0 1 1 1 1 0 1 1 1 0 0 0 0 0 1 1 1 1 1 1 1 1 0 1 0 0 1 0 1 1 1 1 0 0 1 1
10	1	0 0 0 1 1 1 1 1 1 1 1 0 1 0 0 0 0 1 1 0 0 1 1 0 1 0 0 1 1 0 1 1 0 1 1 0 0 0 1 1 1 0 1 0 0 0 1 0 0 1
10	9	0 0 0 1 1 1 1 1 1 1 1 0 1 0 0 0 0 1 1 0 0 1 1 0 1 0 0 1 1 0 1 0 0 1 1 0 0 0 1 1 1 0 1 0 0 0 1 0 0 1
20	1	1 1 1 0 1 1 1 0 1 1 1 1 1 0 0 0 1 0 1 0 0 1 0 0 0 0 0 1 0 1 1 1 1 0 0 1 1 1 1 0 1 0 0 1 1 1 0 0 0 1
20	1	1 1 1 0 1 1 1 1 1 1 1 1 1 0 0 0 1 1 1 0 0 1 0 0 0 0 0 1 0 1 1 1 1 0 0 1 1 1 1 0 1 0 0 1 1 1 0 0 0 1
20	3	1 1 1 0 1 1 1 1 1 1 1 1 1 0 0 0 1 0 1 1 0 1 0 0 0 0 0 1 0 1 1 1 1 0 0 1 1 1 1 0 1 0 0 1 1 1 0 0 0 1
20	1	1 1 1 0 1 1 1 1 1 1 1 1 1 0 0 0 1 0 1 0 0 1 0 0 0 0 0 1 0 1 0 1 1 0 0 1 1 1 1 0 1 1 0 1 1 1 0 0 0 1
20	10	1 1 1 0 1 1 1 1 1 1 1 1 1 0 0 0 1 0 1 0 0 1 0 0 0 0 0 1 0 1 1 1 1 0 0 1 1 1 1 0 1 1 0 1 1 1 0 0 0 1
20	35	1 1 1 0 1 1 1 1 1 1 1 1 1 0 0 0 1 0 1 0 0 1 0 0 0 0 0 1 0 1 1 1 1 0 0 1 1 1 1 0 1 0 0 1 1 1 0 0 0 1
20	1	1 1 1 0 1 1 1 1 1 1 1 1 1 0 0 0 1 0 1 0 0 1 0 0 0 0 0 1 0 1 1 1 1 0 1 1 1 1 1 1 1 1 0 1 1 1 0 0 0 1
20	1	1 1 1 0 1 1 1 1 1 1 1 1 1 0 0 0 1 0 1 0 0 1 0 0 0 0 0 1 0 1 1 1 1 0 1 0 1 1 1 0 1 1 0 1 1 1 0 0 0 1
20	5	1 1 1 0 1 1 1 1 1 1 1 1 1 0 0 0 1 0 1 0 0 1 0 0 0 0 0 1 0 1 1 1 1 0 1 1 1 1 1 0 1 1 0 1 1 1 0 0 0 1
20	1	1 1 1 0 1 1 1 1 1 1 1 1 1 0 0 0 1 1 1 0 0 1 0 0 0 0 0 1 0 1 1 1 1 0 0 1 1 1 1 0 1 1 0 1 1 1 0 0 0 1
20	25	1 1 1 0 1 1 1 1 1 1 1 1 1 0 0 0 1 0 1 0 0 1 0 0 0 0 0 1 0 1 1 1 1 0 0 1 1 1 1 0 0 1 0 1 1 1 0 0 0 1
20	2	1 1 0 0 1 1 1 1 1 1 1 1 1 0 0 0 1 0 1 0 0 1 0 0 0 0 0 1 0 1 1 1 1 0 0 1 1 1 1 0 1 1 0 1 1 1 0 0 0 1
20	1	1 1 0 0 1 1 0 0 0 1 1 0 0 1 0 1 0 1 1 1 0 1 1 0 0 0 0 0 1 1 1 0 1 1 1 1 0 1 1 0 0 0 1 0 1 1 0 0 1 1
20	6	1 1 0 0 1 1 0 0 0 1 1 1 0 1 0 1 0 1 1 1 0 1 1 0 0 0 0 0 1 1 1 0 1 1 1 1 0 1 1 0 0 0 1 0 1 1 0 0 1 1
20	2	0 1 1 0 1 1 0 0 0 0 0 0 1 0 0 1 1 0 1 0 1 0 1 0 0 0 0 0 1 0 1 1 0 1 0 1 0 1 0 0 1 1 1 0 0 0 1 0 1 1
20	1	0 0 1 0 1 0 0 1 0 1 1 0 1 1 0 1 1 1 1 0 1 1 1 0 0 0 0 0 1 1 1 1 1 1 1 1 0 1 0 0 1 0 1 1 1 1 0 0 1 1
20	3	0 0 0 1 1 1 1 1 1 1 1 0 1 0 0 0 0 1 1 0 0 1 1 0 1 0 0 1 1 0 1 0 0 1 1 0 1 0 1 1 1 0 1 0 0 0 1 0 0 1
20	1	0 0 0 1 1 1 1 1 1 1 1 0 1 0 0 0 0 1 1 0 0 1 1 0 1 0 0 1 1 1 1 0 0 1 1 0 0 0 1 1 1 0 1 0 0 0 1 0 0 1
30	1	1 1 1 0 1 1 0 1 1 1 1 1 1 0 0 0 1 0 1 0 0 1 0 0 0 0 0 1 0 1 1 1 1 0 0 1 1 1 1 0 1 0 0 1 1 1 0 0 0 1
30	4	1 1 1 0 1 1 1 1 1 1 1 1 1 0 0 0 1 1 1 0 0 1 0 0 0 0 0 1 0 1 1 1 1 0 0 1 1 1 1 0 1 0 0 1 1 1 0 0 0 1
30	1	1 1 1 0 1 1 1 1 1 1 1 1 1 0 0 0 1 0 1 1 0 1 0 0 0 0 0 1 0 1 1 1 1 0 0 1 0 1 1 0 1 0 0 1 1 1 0 0 0 1
30	1	1 1 1 0 1 1 1 1 1 1 1 1 1 0 0 0 1 0 1 1 0 1 0 0 0 0 0 1 0 1 1 1 1 0 0 1 1 1 1 0 1 1 0 1 1 1 0 0 0 1
30	2	1 1 1 0 1 1 1 1 1 1 1 1 1 0 0 0 1 0 1 1 0 1 0 0 0 0 0 1 0 1 1 1 1 0 0 1 1 1 1 0 1 0 0 1 1 1 0 0 0 1
30	1	1 1 1 0 1 1 1 1 1 1 1 1 1 0 0 0 1 0 1 0 0 1 0 0 0 0 0 1 0 1 1 1 1 0 1 1 1 1 1 1 1 1 0 1 1 1 0 0 0 1
30	3	1 1 1 0 1 1 1 1 1 1 1 1 1 0 0 0 1 0 1 0 0 1 0 0 0 0 0 1 0 1 1 1 1 0 1 1 1 1 1 0 1 1 0 1 1 1 0 0 0 1
30	2	1 1 1 0 1 1 1 1 1 1 1 1 1 0 0 0 1 0 1 0 0 1 0 0 0 0 0 1 0 1 1 1 1 0 0 1 1 1 1 0 1 1 0 1 1 1 0 0 0 1
30	2	1 1 1 0 1 1 1 1 1 1 1 1 1 0 0 0 1 0 1 0 0 1 0 0 0 0 0 1 0 1 1 1 1 0 0 1 1 1 1 0 1 0 0 1 1 0 0 0 0 1
30	1	1 1 1 0 1 1 1 1 1 1 1 1 1 0 0 0 1 0 1 0 0 1 0 0 0 0 0 0 0 1 1 1 1 0 0 1 1 1 1 0 1 0 0 1 1 1 0 0 0 1
30	45	1 1 1 0 1 1 1 1 1 1 1 1 1 0 0 0 1 0 1 0 0 1 0 0 0 0 0 1 0 1 1 1 1 0 0 1 1 1 1 0 1 0 0 1 1 1 0 0 0 1
30	2	1 1 1 1 1 1 1 1 1 1 1 1 1 0 0 0 1 1 1 0 0 1 0 0 0 0 0 1 0 1 1 1 1 0 0 1 1 1 1 0 1 1 0 1 1 1 0 0 0 1
30	2	1 1 1 0 1 1 1 1 1 1 1 1 1 0 0 0 1 1 1 0 0 1 0 0 0 0 0 1 0 1 1 1 1 0 0 1 1 1 1 0 1 1 0 1 1 1 0 0 0 1
30	1	1 1 1 0 1 1 1 1 1 1 1 1 1 0 0 0 1 0 0 0 0 1 0 0 0 0 0 1 0 1 1 1 1 0 0 1 1 1 1 0 0 1 0 1 1 1 0 0 0 1
30	4	1 1 1 0 1 1 1 1 1 1 1 1 1 0 0 0 1 0 1 0 1 1 0 0 0 0 0 1 0 1 1 1 1 0 0 1 1 1 1 0 0 1 0 1 1 1 0 0 0 1
30	3	1 1 1 0 1 1 1 1 1 1 1 1 1 0 0 0 1 0 1 0 0 1 0 0 0 0 0 1 0 1 1 1 1 0 0 1 1 1 1 1 0 1 0 1 1 1 0 0 0 1
30	20	1 1 1 0 1 1 1 1 1 1 1 1 1 0 0 0 1 0 1 0 0 1 0 0 0 0 0 1 0 1 1 1 1 0 0 1 1 1 1 0 0 1 0 1 1 1 0 0 0 1
30	1	1 1 0 0 1 1 1 1 1 1 1 1 1 1 0 0 1 0 1 0 0 1 0 0 0 0 0 1 0 1 1 1 1 0 0 1 1 1 1 0 1 1 0 1 1 1 0 0 0 1
30	1	1 1 0 0 1 1 1 1 1 1 1 1 1 0 0 0 1 0 1 0 0 1 0 0 0 0 0 1 0 1 1 1 1 0 0 1 1 1 1 0 1 1 0 1 1 1 0 0 0 1
30	3	0 0 0 1 1 1 1 1 1 1 1 0 1 0 0 0 0 1 1 0 0 1 1 0 1 0 0 1 1 0 1 0 0 1 1 0 1 0 1 1 1 0 1 0 0 0 1 0 0 1
40	5	1 1 1 0 1 1 1 1 1 1 1 1 1 0 0 0 1 0 1 1 0 1 0 0 0 0 0 1 0 1 1 1 1 0 0 1 1 1 1 0 1 0 0 1 1 1 0 0 0 1
40	1	1 1 1 0 1 1 1 1 1 1 1 1 1 0 0 0 1 0 1 0 0 1 0 0 0 0 0 1 0 1 1 1 1 0 1 1 1 1 1 0 1 1 0 1 1 1 0 0 0 1
40	1	1 1 1 0 1 1 1 1 1 1 1 1 1 0 0 0 1 0 1 0 0 1 0 0 0 0 0 1 0 1 1 1 1 0 0 1 1 1 1 0 0 0 0 1 1 1 0 0 0 1
40	1	1 1 1 0 1 1 1 1 1 1 1 1 1 0 0 0 1 0 1 0 0 1 0 0 0 0 0 1 0 1 1 1 1 1 0 1 1 1 1 0 1 0 0 1 1 1 0 0 0 1
40	59	1 1 1 0 1 1 1 1 1 1 1 1 1 0 0 0 1 0 1 0 0 1 0 0 0 0 0 1 0 1 1 1 1 0 0 1 1 1 1 0 1 0 0 1 1 1 0 0 0 1
40	6	1 1 1 0 1 1 1 1 1 1 1 1 1 0 0 0 1 0 1 0 0 1 0 0 0 0 0 1 0 1 1 1 1 0 0 1 1 1 1 0 1 1 0 1 1 1 0 0 0 1
40	2	1 1 1 0 1 1 1 1 1 1 1 1 1 0 0 0 1 1 1 0 0 1 0 0 0 0 0 1 0 1 1 1 1 0 0 1 1 1 1 0 1 1 0 1 1 1 0 0 0 1
40	2	1 1 1 0 1 1 1 1 1 1 1 1 1 0 0 0 1 0 0 0 0 1 0 0 0 0 0 1 0 1 1 1 1 0 0 1 1 1 1 0 0 1 0 1 1 1 0 0 0 1
40	2	1 1 1 0 1 1 1 1 1 1 1 1 1 0 0 0 1 0 1 0 1 1 0 0 0 0 0 1 0 1 1 1 1 0 0 1 1 1 1 0 0 1 0 1 1 1 0 0 0 1
40	18	1 1 1 0 1 1 1 1 1 1 1 1 1 0 0 0 1 0 1 0 0 1 0 0 0 0 0 1 0 1 1 1 1 0 0 1 1 1 1 0 0 1 0 1 1 1 0 0 0 1
40	1	0 0 0 1 1 1 1 1 1 1 1 0 0 0 0 0 0 1 1 0 0 1 1 0 1 0 0 1 1 1 1 0 0 1 1 0 0 0 1 1 1 0 1 0 0 0 1 0 0 1
40	2	0 0 0 1 1 1 1 1 1 1 1 0 1 0 0 0 0 1 1 0 0 1 1 0 1 0 0 1 1 1 1 0 0 1 1 0 0 0 1 1 1 0 1 0 0 0 1 0 0 1
50	1	1 1 1 0 1 1 0 1 1 1 1 1 1 0 0 0 1 0 1 0 0 1 0 0 0 0 0 1 0 1 1 1 1 0 0 1 1 1 1 0 1 0 0 1 1 1 0 0 0 1
50	1	1 1 1 0 1 1 1 1 1 1 1 0 1 0 0 0 1 1 1 0 0 1 0 0 0 0 0 1 0 1 1 1 1 0 0 1 1 1 1 0 1 0 0 1 1 1 0 0 0 1
50	4	1 1 1 0 1 1 1 1 1 1 1 1 1 0 0 0 1 0 1 1 0 1 0 0 0 0 0 1 0 1 1 1 1 0 0 1 1 1 1 0 1 0 0 1 1 1 0 0 0 1
50	2	1 1 1 0 1 1 1 1 1 1 1 1 1 0 0 0 1 0 1 0 0 1 0 0 0 0 0 1 0 1 1 1 1 0 0 1 1 1 1 0 1 0 0 1 1 1 0 0 0 0
50	2	1 1 1 0 1 1 1 1 1 1 1 1 1 0 0 0 0 0 1 0 0 1 0 0 0 0 0 1 0 1 1 1 1 0 0 1 1 1 1 0 1 0 0 1 1 1 0 0 0 1
50	54	1 1 1 0 1 1 1 1 1 1 1 1 1 0 0 0 1 0 1 0 0 1 0 0 0 0 0 1 0 1 1 1 1 0 0 1 1 1 1 0 1 0 0 1 1 1 0 0 0 1
50	2	1 1 1 0 1 1 1 1 1 1 1 1 1 0 1 0 1 0 1 0 0 1 0 0 0 0 0 1 0 1 1 1 1 0 0 1 1 1 1 0 1 0 0 1 1 1 0 0 0 1
50	2	1 1 1 0 1 1 1 1 1 1 1 1 1 0 1 0 1 0 1 0 0 1 0 0 0 0 0 1 0 1 0 1 1 0 0 1 1 1 1 0 1 0 0 1 1 1 0 0 0 1
50	1	1 1 1 0 1 1 1 1 1 1 1 1 1 0 0 0 1 1 1 0 0 1 0 0 0 0 0 1 0 1 1 1 1 0 0 1 1 1 1 0 1 1 0 1 1 1 0 0 0 1
50	1	1 1 1 0 1 1 1 1 1 1 1 1 1 0 0 0 1 0 0 0 0 1 0 0 0 0 0 1 0 1 1 1 1 0 0 1 1 1 1 0 0 1 0 1 1 1 0 0 0 1
50	1	1 1 1 0 1 1 1 1 1 1 1 1 1 0 0 0 1 0 1 0 0 1 0 0 0 0 0 1 0 1 1 1 1 0 0 1 1 1 1 1 0 1 0 0 1 1 0 0 0 1
50	1	1 1 1 0 1 1 1 1 1 1 1 1 1 0 1 0 1 0 1 0 0 1 0 0 0 0 0 1 0 1 1 1 1 1 0 1 1 1 1 0 0 1 0 1 1 1 0 0 0 1
50	1	1 1 1 0 1 1 1 1 1 1 1 1 1 0 1 0 1 0 1 0 0 1 0 0 0 0 0 1 0 1 1 1 1 0 0 1 1 1 1 0 0 1 0 1 1 1 0 0 0 1
50	27	1 1 1 0 1 1 1 1 1 1 1 1 1 0 0 0 1 0 1 0 0 1 0 0 0 0 0 1 0 1 1 1 1 0 0 1 1 1 1 0 0 1 0 1 1 1 0 0 0 1
60	1	1 1 1 0 1 1 1 1 1 1 1 0 1 0 0 0 1 1 1 0 0 1 0 0 0 0 0 1 0 1 1 1 1 0 0 1 1 1 1 0 1 0 0 1 1 1 0 0 0 1
60	8	1 1 1 0 1 1 1 1 1 1 1 1 1 0 0 0 1 1 1 0 0 1 0 0 0 0 0 1 0 1 1 1 1 0 0 1 1 1 1 0 1 0 0 1 1 1 0 0 0 1
60	1	1 1 1 0 1 1 1 1 1 1 1 1 1 0 0 0 1 0 1 1 0 1 0 0 0 0 0 1 0 1 1 1 1 0 0 1 1 1 1 0 1 0 0 1 1 0 0 0 0 1
60	6	1 1 1 0 1 1 1 1 1 1 1 1 1 0 0 0 1 0 1 1 0 1 0 0 0 0 0 1 0 1 1 1 1 0 0 1 1 1 1 0 1 0 0 1 1 1 0 0 0 1
60	1	1 1 1 0 1 1 1 1 1 1 1 1 1 0 0 0 1 0 1 0 0 1 0 0 1 0 0 1 0 1 1 1 1 0 0 1 1 1 1 0 1 0 0 1 1 1 0 0 0 0
60	11	1 1 1 0 1 1 1 1 1 1 1 1 1 0 0 0 1 0 1 0 0 1 0 0 0 0 0 1 0 1 1 1 1 0 0 1 1 1 1 0 1 0 0 1 1 1 0 0 0 0
60	1	1 1 1 0 1 1 1 1 1 1 1 1 1 0 0 0 0 0 1 0 0 1 0 0 0 0 0 1 0 1 1 1 1 0 0 1 1 1 1 0 1 0 0 1 1 1 0 0 0 1
60	1	1 1 1 0 1 1 1 1 1 1 1 1 0 0 0 0 1 0 1 0 0 1 0 0 0 0 0 1 0 1 1 1 1 0 0 1 1 1 1 0 1 0 0 1 1 1 0 0 0 1
60	1	1 1 1 0 1 1 1 1 1 1 1 1 1 0 0 0 1 0 1 0 1 1 0 0 0 0 0 1 0 1 1 1 1 0 0 1 1 1 1 0 1 0 0 1 1 1 0 0 0 1
60	1	1 1 1 0 1 1 1 1 1 1 1 1 1 0 0 0 1 0 1 0 0 1 0 0 0 0 0 1 0 1 1 1 1 0 0 1 1 1 1 0 1 1 0 1 1 1 0 0 0 1
60	1	1 1 1 0 1 1 1 1 1 1 1 1 1 0 0 0 1 0 1 0 0 1 0 0 1 0 0 1 0 1 1 1 1 0 0 1 1 1 1 0 1 0 0 1 1 1 0 0 0 1
60	1	1 1 1 0 1 1 1 1 1 1 1 1 1 0 0 0 1 0 1 0 0 1 0 0 0 0 0 1 0 1 1 1 1 0 0 1 1 0 1 0 1 0 0 1 1 1 0 0 0 1
60	44	1 1 1 0 1 1 1 1 1 1 1 1 1 0 0 0 1 0 1 0 0 1 0 0 0 0 0 1 0 1 1 1 1 0 0 1 1 1 1 0 1 0 0 1 1 1 0 0 0 1
60	2	1 1 1 0 1 1 1 1 1 1 1 1 1 0 1 0 1 0 1 0 0 1 0 0 0 0 0 1 0 1 1 1 1 0 0 1 1 1 1 0 1 0 0 1 1 1 0 0 0 1
60	1	1 1 1 0 1 1 1 1 1 1 1 1 1 0 1 0 1 0 1 0 0 1 0 0 0 0 0 1 0 1 0 1 1 0 0 1 1 1 1 0 1 0 0 1 1 1 0 0 0 1
60	2	1 1 1 0 1 1 1 1 1 1 1 1 1 0 0 0 1 1 1 0 0 1 0 0 0 0 0 1 0 1 1 1 1 0 0 1 1 1 1 0 1 1 0 1 1 1 0 0 0 1
60	2	1 1 1 0 1 1 1 1 1 1 0 1 1 0 0 0 1 0 1 0 0 1 0 0 0 0 0 1 0 1 1 1 1 0 0 1 1 1 1 0 0 1 0 1 1 1 0 1 0 0
60	3	1 1 1 0 1 1 1 1 1 1 1 1 1 0 0 0 1 0 1 0 0 1 0 0 0 0 0 1 0 1 1 1 1 0 0 1 1 1 1 1 0 1 0 1 1 1 0 0 0 1
60	1	1 1 1 0 1 1 1 1 1 1 1 1 1 0 0 0 1 0 1 0 0 1 0 0 0 0 0 1 0 1 1 1 1 0 0 1 1 1 1 0 0 1 0 1 1 1 0 1 0 1
60	11	1 1 1 0 1 1 1 1 1 1 1 1 1 0 0 0 1 0 1 0 0 1 0 0 0 0 0 1 0 1 1 1 1 0 0 1 1 1 1 0 0 1 0 1 1 1 0 0 0 1
70	2	1 1 1 0 1 1 1 1 1 1 1 0 1 0 1 0 1 1 1 0 0 1 0 0 0 0 0 1 0 1 1 1 1 0 0 1 1 1 1 0 1 0 0 1 1 1 0 0 0 1
70	2	1 1 1 0 1 1 1 1 1 1 1 0 1 0 0 0 1 1 1 0 0 1 0 0 0 0 0 1 0 1 1 1 1 0 0 1 1 1 1 0 1 0 0 1 1 1 0 0 0 1
70	2	1 1 1 0 1 1 1 1 1 1 1 1 1 0 0 0 1 1 1 0 0 1 0 0 0 0 0 1 0 1 1 1 1 0 0 1 1 1 1 0 1 0 0 1 1 1 0 0 0 1
70	1	1 1 1 0 1 1 1 1 1 1 1 1 1 0 0 0 1 0 1 1 0 1 0 0 0 0 0 1 0 1 1 1 1 0 0 1 1 1 1 0 1 0 0 1 1 0 0 0 0 1
70	4	1 1 1 0 1 1 1 1 1 1 1 1 1 0 0 0 1 0 1 1 0 1 0 0 0 0 0 1 0 1 1 1 1 0 0 1 1 1 1 0 1 0 0 1 1 1 0 0 0 1
70	1	1 1 1 0 1 1 1 1 1 1 1 1 0 0 0 0 1 0 1 0 0 1 0 0 0 0 0 1 0 1 1 1 1 0 0 1 1 1 1 0 1 0 0 1 1 1 0 0 0 0
70	17	1 1 1 0 1 1 1 1 1 1 1 1 1 0 0 0 1 0 1 0 0 1 0 0 0 0 0 1 0 1 1 1 1 0 0 1 1 1 1 0 1 0 0 1 1 1 0 0 0 0
70	1	1 1 1 0 1 1 1 1 1 1 1 1 1 0 0 0 0 0 1 0 0 1 0 0 0 0 0 1 0 1 1 1 1 0 0 1 1 1 1 0 1 0 0 1 1 1 0 0 0 1
70	1	1 1 1 0 1 1 1 1 1 1 1 1 0 0 0 0 1 0 1 0 0 1 0 0 0 0 0 1 0 1 1 1 1 0 0 1 1 1 1 0 1 0 0 1 1 0 0 0 0 1
70	1	1 1 1 0 1 1 1 1 1 1 1 1 0 0 0 0 1 0 1 0 0 1 0 0 0 0 0 1 0 1 1 1 1 0 0 1 1 1 1 0 1 0 0 1 1 1 0 0 0 1
70	1	1 1 1 0 1 1 1 1 1 1 1 1 1 0 0 0 1 0 1 0 1 1 0 0 0 0 0 1 0 1 1 1 1 0 0 1 1 1 1 0 1 0 0 1 1 1 0 0 0 1
70	1	1 1 1 0 1 1 1 1 1 1 1 1 1 0 0 0 1 0 1 0 0 1 0 0 0 0 0 1 0 1 1 1 1 0 0 1 1 1 1 1 1 0 0 1 1 1 0 0 0 1
70	1	1 1 1 0 1 1 1 1 1 1 1 1 1 0 0 0 1 0 1 0 0 1 0 0 0 0 0 1 0 1 1 1 1 0 0 0 1 1 1 0 1 0 0 1 1 1 0 0 0 1
70	1	0 1 1 0 1 1 1 1 1 1 1 1 1 0 0 0 1 0 1 0 0 1 0 0 0 0 0 1 0 1 1 1 1 0 0 1 1 1 1 0 1 0 0 1 1 1 0 0 0 1
70	41	1 1 1 0 1 1 1 1 1 1 1 1 1 0 0 0 1 0 1 0 0 1 0 0 0 0 0 1 0 1 1 1 1 0 0 1 1 1 1 0 1 0 0 1 1 1 0 0 0 1
70	1	1 1 1 0 1 1 1 1 1 1 0 1 1 0 0 0 1 0 1 0 0 1 0 0 0 0 0 1 0 1 1 1 1 0 0 1 1 1 1 0 0 1 0 1 1 1 0 1 0 0
70	2	1 1 1 0 1 1 1 1 1 1 1 1 1 0 0 0 1 0 1 0 0 1 0 0 0 0 0 1 0 1 1 1 1 0 0 1 1 1 1 1 0 1 0 1 1 1 0 0 0 1
70	2	1 1 1 0 1 1 1 1 1 1 1 1 1 0 1 0 1 0 1 0 0 1 0 0 0 0 0 1 0 1 1 1 1 0 0 1 1 1 1 0 0 1 0 1 1 1 0 0 0 1
70	2	1 1 1 0 1 1 1 1 1 1 1 1 1 0 0 0 1 0 1 0 0 1 0 0 0 0 0 1 0 1 1 0 1 0 0 1 1 1 1 0 0 1 0 1 1 1 0 0 0 1
70	16	1 1 1 0 1 1 1 1 1 1 1 1 1 0 0 0 1 0 1 0 0 1 0 0 0 0 0 1 0 1 1 1 1 0 0 1 1 1 1 0 0 1 0 1 1 1 0 0 0 1
80	2	1 1 1 0 1 1 1 1 1 1 1 0 1 0 1 0 1 1 1 0 0 1 0 0 0 0 0 1 0 1 1 1 1 0 0 1 1 1 1 0 1 0 0 1 1 1 0 0 0 1
80	3	1 1 1 0 1 1 1 1 1 1 1 0 1 0 0 0 1 1 1 0 0 1 0 0 0 0 0 1 0 1 1 1 1 0 0 1 1 1 1 0 1 0 0 1 1 1 0 0 0 1
80	2	1 1 1 0 1 1 1 1 1 1 1 1 1 0 0 0 1 1 1 0 0 1 0 0 0 0 0 1 0 1 1 1 1 0 0 1 1 1 1 0 1 0 0 1 1 1 0 0 0 1
80	9	1 1 1 0 1 1 1 1 1 1 1 1 1 0 0 0 1 0 1 1 0 1 0 0 0 0 0 1 0 1 1 1 1 0 0 1 1 1 1 0 1 0 0 1 1 0 0 0 0 1
80	1	1 1 1 0 1 1 1 1 1 1 1 1 1 0 0 0 1 0 1 1 0 1 0 0 0 0 0 1 0 1 1 1 1 0 0 1 1 1 1 0 1 0 0 1 1 1 0 0 0 1
80	1	1 1 1 0 1 1 1 1 1 1 1 1 1 0 0 0 1 0 1 0 0 1 0 0 1 0 0 1 0 1 1 1 1 0 0 1 1 1 1 0 1 0 0 1 1 1 0 0 0 0
80	1	1 1 1 0 1 1 1 1 1 1 1 1 0 0 0 0 1 0 1 0 0 1 0 0 0 0 0 1 0 1 1 1 1 0 0 1 1 1 1 0 1 0 0 1 1 1 0 0 0 0
80	38	1 1 1 0 1 1 1 1 1 1 1 1 1 0 0 0 1 0 1 0 0 1 0 0 0 0 0 1 0 1 1 1 1 0 0 1 1 1 1 0 1 0 0 1 1 1 0 0 0 1
80	16	1 1 1 0 1 1 1 1 1 1 1 1 1 0 0 0 1 0 1 0 0 1 0 0 0 0 0 1 0 1 1 1 1 0 0 1 1 1 1 0 1 0 0 1 1 1 0 0 0 0
80	2	1 1 1 0 1 1 1 1 1 1 1 1 1 0 0 0 0 0 1 0 0 1 0 0 0 0 0 1 0 1 1 1 1 0 0 1 1 1 1 0 1 0 0 1 1 1 0 0 0 1
80	3	1 1 1 0 1 1 1 1 1 1 1 1 1 0 0 0 1 0 1 0 0 1 0 0 0 0 0 1 0 1 1 1 1 1 0 1 1 1 1 0 1 0 0 0 1 1 0 0 0 1
80	2	1 1 1 0 1 1 1 1 1 1 1 1 1 0 0 0 1 0 1 0 1 1 0 0 0 0 0 1 0 1 1 1 1 0 0 1 1 1 1 0 1 0 0 1 1 1 0 0 0 1
80	1	1 1 1 0 1 1 1 1 1 1 1 1 1 0 0 0 1 0 1 0 0 1 0 0 0 0 0 1 0 1 1 1 1 0 0 1 1 1 1 1 1 0 0 1 1 1 0 0 0 1
80	1	1 1 1 0 1 1 1 1 1 1 1 0 1 0 0 0 1 0 1 0 0 1 0 0 0 0 0 1 0 1 1 1 1 0 0 1 1 1 1 0 1 0 0 1 1 1 0 0 0 1
80	1	1 1 1 0 1 1 1 1 1 1 1 1 1 0 0 0 1 0 1 0 0 1 0 0 0 0 0 1 0 1 1 1 1 0 0 1 1 1 1 0 1 0 0 1 0 1 0 0 0 1
80	2	1 1 1 0 1 1 1 1 1 1 1 1 1 0 0 0 1 0 1 0 0 1 0 0 0 0 0 1 0 1 1 1 1 0 0 1 1 1 1 1 0 1 0 1 0 1 0 0 0 1
80	1	1 1 1 0 1 1 1 1 1 1 1 1 1 0 1 0 1 0 1 0 0 1 0 0 0 0 0 1 0 1 1 1 1 0 0 1 1 1 1 0 0 1 0 1 1 1 0 0 0 1
80	2	1 1 1 0 1 1 1 1 1 1 1 1 1 0 0 0 1 0 1 0 0 1 0 0 0 0 0 1 0 1 1 0 1 0 0 1 1 1 1 0 0 1 0 1 1 1 0 0 0 1
80	1	1 1 1 0 1 1 1 1 1 1 1 1 1 0 0 1 1 0 1 0 0 1 0 0 0 0 0 1 0 1 1 1 1 0 0 1 1 1 1 0 0 1 0 1 1 1 0 0 0 1
80	11	1 1 1 0 1 1 1 1 1 1 1 1 1 0 0 0 1 0 1 0 0 1 0 0 0 0 0 1 0 1 1 1 1 0 0 1 1 1 1 0 0 1 0 1 1 1 0 0 0 1
90	1	1 1 1 0 1 1 1 1 1 1 1 0 1 0 0 0 1 1 1 0 0 1 0 0 0 0 0 1 0 1 1 1 1 0 0 1 1 1 1 0 0 0 0 1 1 1 0 0 0 1
90	5	1 1 1 0 1 1 1 1 1 1 1 1 1 0 0 0 1 0 1 1 0 1 0 0 0 0 0 1 0 1 1 1 1 0 0 1 1 1 1 0 1 0 0 1 1 0 0 0 0 1
90	3	1 1 1 0 1 1 1 1 1 1 1 1 1 0 0 0 1 0 1 0 0 1 0 0 1 0 0 1 0 1 1 1 1 0 0 1 1 1 1 0 1 0 0 1 1 1 0 0 0 0
90	5	1 1 1 0 1 1 1 1 1 1 1 1 1 0 0 0 1 0 1 0 0 1 0 1 0 0 0 1 0 1 1 1 1 0 0 1 1 1 1 0 1 0 0 1 1 1 0 0 0 1
90	1	1 1 1 0 1 1 1 1 1 1 1 1 1 0 0 0 1 0 1 0 0 1 0 0 0 0 0 1 0 1 1 1 1 1 0 1 1 1 1 0 1 0 0 1 1 1 0 0 0 1
90	1	1 1 1 0 1 1 1 1 1 1 1 1 1 0 0 0 1 0 1 0 0 1 0 0 0 0 0 1 0 0 1 1 1 0 0 1 1 1 1 1 1 0 0 1 1 1 0 0 0 1
90	1	1 1 1 0 1 1 1 1 1 1 1 1 1 0 0 0 1 0 1 0 0 1 0 0 0 0 0 1 0 1 1 1 1 0 0 1 1 1 1 1 1 0 0 1 1 1 0 0 0 1
90	27	1 1 1 0 1 1 1 1 1 1 1 1 1 0 0 0 1 0 1 0 0 1 0 0 0 0 0 1 0 1 1 1 1 0 0 1 1 1 1 0 1 0 0 1 1 1 0 0 0 1
90	1	1 1 1 0 1 0 1 1 1 1 1 1 1 0 0 0 1 0 1 0 0 1 0 0 0 0 0 1 0 1 1 1 1 0 0 1 1 1 1 0 1 0 0 1 1 1 0 0 0 0
90	35	1 1 1 0 1 1 1 1 1 1 1 1 1 0 0 0 1 0 1 0 0 1 0 0 0 0 0 1 0 1 1 1 1 0 0 1 1 1 1 0 1 0 0 1 1 1 0 0 0 0
90	1	1 1 1 0 1 1 1 1 1 1 1 1 1 0 0 0 0 0 1 0 0 1 0 0 0 0 0 1 0 1 1 1 1 0 0 1 1 1 1 0 1 0 0 1 1 1 0 0 0 1
90	4	1 1 1 0 1 1 1 1 1 1 1 1 0 0 0 0 1 0 1 0 0 1 0 0 0 0 0 1 0 1 1 1 1 0 0 1 1 1 1 0 1 0 0 1 1 1 0 0 0 1
90	2	1 1 1 0 1 1 1 1 1 1 1 1 1 0 0 0 1 0 1 0 0 1 0 0 0 0 0 1 0 1 1 1 1 1 0 1 1 1 1 0 1 0 0 0 1 1 0 0 0 1
90	1	1 1 1 0 1 1 1 1 1 0 1 1 1 0 0 0 1 0 1 0 0 1 0 0 0 0 0 1 0 1 1 1 1 1 0 1 1 1 1 0 1 0 0 1 1 1 0 0 0 1
90	1	1 1 1 0 1 1 1 1 1 1 1 1 1 0 0 0 1 0 1 0 0 1 0 0 0 0 0 1 0 1 1 1 1 0 0 1 1 1 1 1 0 1 0 1 0 1 0 0 0 1
90	11	1 1 1 0 1 1 1 1 1 1 1 1 1 0 0 0 1 0 1 0 0 1 0 0 0 0 0 1 0 1 1 1 1 0 0 1 1 1 1 0 0 1 0 1 1 1 0 0 0 1
100	2	1 1 1 0 1 1 1 1 1 1 1 1 1 0 0 0 1 1 1 0 0 1 0 0 0 0 0 1 0 1 1 1 1 0 0 1 1 1 1 0 1 0 0 1 1 1 0 0 0 1
100	10	1 1 1 0 1 1 1 1 1 1 1 1 1 0 0 0 1 0 1 1 0 1 0 0 0 0 0 1 0 1 1 1 1 0 0 1 1 1 1 0 1 0 0 1 1 0 0 0 0 1
100	1	1 1 1 0 1 1 1 1 1 1 1 1 1 0 0 0 1 0 1 0 0 1 0 0 1 0 0 1 0 1 1 1 1 0 0 1 1 1 1 0 1 0 0 1 1 1 0 0 0 0
100	1	1 1 1 0 1 1 1 1 1 1 1 1 0 0 0 0 1 0 1 0 0 1 0 0 0 0 0 1 0 1 1 1 1 0 0 1 1 1 1 0 1 0 0 1 1 1 0 0 0 0
100	2	1 1 1 0 1 1 1 1 1 1 1 1 1 0 0 0 1 0 1 0 0 1 0 0 0 0 0 1 0 0 1 1 1 0 0 1 1 1 1 1 1 0 0 1 1 1 0 0 0 1
100	1	1 1 1 0 1 1 1 1 1 1 1 1 1 0 0 0 1 0 1 0 1 1 0 0 0 0 0 1 0 1 1 1 1 0 0 1 1 1 1 0 1 0 0 1 1 1 0 0 0 1
100	16	1 1 1 0 1 1 1 1 1 1 1 1 1 0 0 0 1 0 1 0 0 1 0 0 0 0 0 1 0 1 1 1 1 0 0 1 1 1 1 0 1 0 0 1 1 1 0 0 0 1
100	1	1 1 1 0 1 1 1 1 1 1 1 1 1 0 0 0 1 0 1 0 0 1 0 0 0 0 0 1 0 1 1 1 1 1 0 1 1 1 1 0 1 0 0 1 1 1 0 0 0 0
100	1	1 1 1 0 1 1 1 1 1 1 1 1 1 0 0 0 1 0 1 0 0 1 0 0 0 0 1 1 0 1 1 1 1 0 0 1 1 1 1 0 1 0 0 1 1 1 0 0 0 0
100	1	1 1 1 0 1 1 1 1 1 1 1 1 1 0 0 0 1 0 1 0 0 1 0 0 0 0 0 1 0 1 0 1 1 0 0 1 1 1 1 0 1 0 0 1 1 1 0 0 0 0
100	47	1 1 1 0 1 1 1 1 1 1 1 1 1 0 0 0 1 0 1 0 0 1 0 0 0 0 0 1 0 1 1 1 1 0 0 1 1 1 1 0 1 0 0 1 1 1 0 0 0 0
100	1	1 1 1 0 1 1 1 1 1 1 1 1 1 0 0 0 1 0 1 0 0 1 0 0 0 0 0 1 0 1 1 1 1 1 0 1 1 1 1 0 1 0 0 0 1 1 0 0 0 1
100	1	1 1 1 0 1 1 1 1 1 1 1 1 1 0 0 0 1 0 1 0 1 1 0 0 0 0 0 1 0 1 1 1 1 0 1 1 1 1 1 0 1 0 0 1 1 1 0 0 0 1
100	1	1 1 1 0 1 1 1 1 1 1 1 1 1 0 0 0 1 0 1 0 0 1 1 0 0 0 0 1 0 1 1 1 1 0 0 1 1 1 1 1 1 0 0 1 1 1 0 0 0 1
100	2	1 1 1 0 1 1 1 1 1 1 1 1 1 0 1 0 1 0 1 0 0 1 0 0 0 0 0 1 0 1 1 1 1 0 0 1 1 1 1 0 0 1 0 1 1 1 0 0 0 1
100	12	1 1 1 0 1 1 1 1 1 1 1 1 1 0 0 0 1 0 1 0 0 1 0 0 0 0 0 1 0 1 1 1 1 0 0 1 1 1 1 0 0 1 0 1 1 1 0 0 0 1
110	1	1 1 1 0 1 1 1 1 1 1 1 0 1 0 1 0 1 1 1 0 0 1 0 0 0 0 0 1 0 1 1 1 1 0 0 1 1 1 1 0 1 0 0 1 1 1 0 0 0 1
110	3	1 1 1 0 1 1 1 1 1 1 1 1 1 0 0 0 1 1 1 0 0 1 0 0 0 0 0 1 0 1 1 1 1 0 0 1 1 1 1 0 1 0 0 1 1 1 0 0 0 1
110	9	1 1 1 0 1 1 1 1 1 1 1 1 1 0 0 0 1 0 1 1 0 1 0 0 0 0 0 1 0 1 1 1 1 0 0 1 1 1 1 0 1 0 0 1 1 0 0 0 0 1
110	1	1 1 1 0 1 1 1 1 1 1 1 1 1 0 0 0 1 0 1 1 0 1 0 0 0 0 0 1 0 1 1 1 1 0 0 1 1 1 1 0 1 0 0 1 1 1 0 0 0 1
110	1	1 1 1 0 1 1 1 1 1 1 1 1 1 0 0 0 1 0 1 0 0 1 0 0 1 0 0 1 0 1 1 1 1 0 0 1 1 1 1 0 1 0 0 1 1 1 0 0 0 0
110	5	1 1 1 0 1 1 1 1 1 1 1 1 0 0 0 0 1 0 1 0 0 1 0 0 0 0 0 1 0 1 1 1 1 0 0 1 1 1 1 0 1 0 0 1 1 1 0 0 0 0
110	4	1 1 1 0 1 1 1 1 1 1 1 1 1 0 0 0 1 0 1 0 0 1 0 0 0 0 0 1 0 1 1 1 1 0 0 1 1 1 1 0 1 0 0 1 1 1 0 0 0 1
110	1	1 1 1 0 1 1 1 1 1 1 1 1 1 0 0 0 1 0 1 0 0 1 0 0 0 0 1 1 0 1 1 1 1 0 0 1 1 1 1 0 1 0 0 1 1 1 0 0 0 0
110	1	1 1 1 0 1 1 1 1 1 1 1 1 1 0 0 0 1 0 1 1 0 1 0 0 0 0 0 1 0 1 1 1 1 0 0 1 1 1 1 0 1 0 0 1 1 1 0 0 0 0
110	1	1 1 1 0 1 1 1 1 1 1 1 1 1 0 0 0 1 0 1 0 0 1 0 0 0 0 0 1 0 1 1 1 1 0 1 1 1 1 1 0 1 0 0 1 1 1 0 0 0 0
110	1	1 1 1 0 1 1 1 1 1 1 1 1 1 0 0 0 1 1 1 0 0 1 0 0 0 0 0 1 0 1 1 1 1 0 0 1 1 1 1 0 1 0 0 1 1 1 0 0 0 0
110	1	1 1 1 0 1 1 1 1 1 1 1 1 1 0 0 0 1 0 1 0 0 1 0 0 0 0 0 1 0 1 1 1 1 0 0 1 1 1 1 0 1 0 1 1 1 1 0 0 0 0
110	66	1 1 1 0 1 1 1 1 1 1 1 1 1 0 0 0 1 0 1 0 0 1 0 0 0 0 0 1 0 1 1 1 1 0 0 1 1 1 1 0 1 0 0 1 1 1 0 0 0 0
110	1	1 1 1 0 1 1 1 1 1 1 1 1 1 0 0 0 1 0 1 0 0 1 0 0 0 0 0 1 0 1 1 1 1 1 0 1 1 1 1 0 1 0 0 0 1 1 0 0 0 1
110	1	1 1 1 0 1 1 1 1 1 1 1 1 1 0 1 0 1 0 1 0 0 1 0 0 0 0 0 1 0 1 1 1 1 0 0 1 1 1 1 0 0 1 0 1 1 1 0 0 0 1
110	3	1 1 1 0 1 1 1 1 1 1 1 1 1 0 0 0 1 0 1 0 0 1 0 0 0 0 0 1 0 1 1 1 1 0 0 1 1 1 1 0 0 1 0 1 1 1 0 0 0 1
120	1	1 1 1 0 1 1 1 1 1 1 1 1 1 0 0 0 1 1 1 0 0 1 0 0 0 0 0 1 0 1 1 1 1 0 0 1 1 1 1 0 1 0 0 1 1 1 0 0 0 1
120	1	1 1 1 0 1 1 1 0 1 1 1 1 1 0 0 0 1 0 1 1 0 1 0 0 0 0 0 1 0 1 1 1 1 0 0 1 1 1 1 0 1 0 0 1 1 0 0 0 0 1
120	13	1 1 1 0 1 1 1 1 1 1 1 1 1 0 0 0 1 0 1 1 0 1 0 0 0 0 0 1 0 1 1 1 1 0 0 1 1 1 1 0 1 0 0 1 1 0 0 0 0 1
120	1	1 1 1 0 1 1 1 1 1 1 1 1 1 0 0 0 1 0 1 0 0 1 0 0 1 0 0 1 0 1 1 1 1 0 0 1 1 1 1 0 1 0 0 1 1 1 0 0 0 0
120	2	1 1 1 0 1 1 1 1 1 1 1 1 0 0 0 0 1 0 1 0 0 1 0 0 0 0 0 1 0 1 1 1 1 0 0 1 1 1 1 0 1 0 0 1 1 1 0 0 0 0
120	1	1 1 1 0 1 1 1 1 1 1 1 0 1 0 0 0 1 0 1 0 0 1 0 0 0 0 0 1 1 1 1 1 1 0 0 1 1 1 1 0 1 0 0 1 1 1 0 0 0 1
120	5	1 1 1 0 1 1 1 1 1 1 1 1 1 0 0 0 1 0 1 0 0 1 0 0 0 0 0 1 0 1 1 1 1 0 0 1 1 1 1 0 1 0 0 1 1 1 0 0 0 1
120	2	1 1 1 0 1 1 1 1 1 1 1 1 1 0 0 0 1 0 1 0 0 1 0 0 0 0 1 1 0 1 1 1 1 0 0 1 1 1 1 0 1 0 0 1 1 1 0 0 0 0
120	1	1 1 1 0 1 1 1 1 1 1 1 1 1 0 0 0 1 0 1 1 0 1 0 0 0 0 0 1 0 1 1 1 1 0 0 1 1 1 1 0 1 0 0 1 1 1 0 0 0 0
120	1	1 1 1 0 1 1 1 1 1 1 1 1 1 0 0 0 1 0 1 0 0 1 0 0 0 0 0 1 0 1 1 1 1 0 0 1 1 1 1 0 1 0 0 1 1 1 1 0 0 0
120	67	1 1 1 0 1 1 1 1 1 1 1 1 1 0 0 0 1 0 1 0 0 1 0 0 0 0 0 1 0 1 1 1 1 0 0 1 1 1 1 0 1 0 0 1 1 1 0 0 0 0
120	2	1 1 1 0 1 1 1 1 1 1 1 1 1 0 0 0 1 0 1 0 0 1 0 0 0 0 0 1 0 1 1 1 1 1 0 1 1 1 1 0 1 0 0 0 1 1 0 0 0 1
120	1	1 1 1 0 1 1 1 1 1 1 1 1 1 0 0 0 1 0 1 0 0 1 1 0 0 0 0 1 0 1 1 1 1 0 0 1 1 1 1 1 1 0 0 1 1 1 0 0 0 1
120	1	1 1 1 0 1 1 1 1 1 1 1 1 1 0 1 0 1 0 1 0 0 1 0 0 0 0 0 1 0 1 1 1 1 0 0 1 1 1 1 0 0 1 0 1 1 1 0 0 0 1
120	1	1 1 1 0 1 1 1 1 1 1 1 1 1 0 0 0 1 0 1 0 0 1 0 0 0 0 0 1 0 1 1 1 1 0 0 1 1 1 1 0 0 1 0 1 1 1 0 0 0 1
130	1	1 1 1 0 1 1 1 1 1 1 1 1 1 0 0 0 1 0 1 1 0 1 0 0 0 0 0 1 0 1 1 0 1 0 0 1 1 1 1 0 1 0 0 1 1 0 0 0 0 1
130	13	1 1 1 0 1 1 1 1 1 1 1 1 1 0 0 0 1 0 1 1 0 1 0 0 0 0 0 1 0 1 1 1 1 0 0 1 1 1 1 0 1 0 0 1 1 0 0 0 0 1
130	1	1 1 1 0 1 1 1 1 1 1 1 1 1 0 0 0 1 0 1 0 0 1 0 0 1 0 0 1 0 1 1 1 1 0 0 1 1 1 1 0 1 0 0 1 1 1 0 0 0 0
130	3	1 1 1 0 1 1 1 1 1 1 1 1 0 0 0 0 1 0 1 0 0 1 0 0 0 0 0 1 0 1 1 1 1 0 0 1 1 1 1 0 1 0 0 1 1 1 0 0 0 0
130	2	1 1 1 0 1 1 1 1 1 1 1 1 1 0 0 0 1 0 1 0 0 1 0 0 0 0 0 1 0 1 1 1 1 0 0 1 1 1 1 0 1 0 0 1 1 1 0 0 0 1
130	1	1 1 1 0 1 1 1 1 1 1 1 1 1 0 0 0 1 0 1 0 0 1 0 0 0 0 1 1 0 1 1 1 1 0 0 1 1 1 1 0 1 0 0 1 1 1 0 0 0 0
130	1	1 1 1 0 1 1 1 1 1 1 1 1 1 0 0 0 1 0 1 1 0 1 0 0 0 0 0 1 0 1 1 1 1 0 0 1 1 1 1 0 1 0 0 1 1 1 0 0 0 0
130	1	1 1 1 0 1 1 1 1 1 1 1 1 1 0 0 0 0 0 1 0 0 1 0 0 0 0 0 1 0 1 1 1 1 0 0 1 1 1 1 0 1 0 0 1 1 1 0 0 0 0
130	4	1 1 1 0 1 1 1 1 1 1 1 1 1 0 0 0 1 0 1 0 0 1 0 0 0 0 0 1 1 1 1 1 1 0 0 1 1 1 1 0 1 0 0 1 1 1 0 0 0 0
130	1	1 1 1 0 1 1 0 1 1 1 1 1 1 0 0 0 1 0 1 0 0 1 0 0 0 0 0 1 0 1 1 1 1 0 0 1 1 1 1 0 1 0 0 1 1 1 0 0 0 0
130	1	1 1 1 0 1 1 1 1 1 1 1 1 1 0 0 0 1 0 1 0 0 1 0 0 0 0 0 1 0 1 1 1 1 0 0 1 1 1 1 0 1 0 0 1 1 0 0 0 0 0
130	70	1 1 1 0 1 1 1 1 1 1 1 1 1 0 0 0 1 0 1 0 0 1 0 0 0 0 0 1 0 1 1 1 1 0 0 1 1 1 1 0 1 0 0 1 1 1 0 0 0 0
130	1	1 1 1 0 1 1 1 1 1 1 1 1 1 0 0 0 1 0 1 0 0 1 0 0 0 0 0 1 0 1 1 1 1 1 0 1 1 1 1 0 1 0 0 0 1 1 0 0 0 1
140	3	1 1 1 0 1 1 1 1 1 1 1 1 1 0 0 0 1 0 1 1 0 1 0 0 0 0 0 1 0 1 1 0 1 0 0 1 1 1 1 0 1 0 0 1 1 0 0 0 0 1
140	1	1 1 1 0 1 1 1 0 1 1 1 1 1 0 0 0 1 0 1 1 0 1 0 0 0 0 0 1 0 1 1 1 1 0 0 1 1 1 1 0 1 0 0 1 1 0 0 0 0 1
140	5	1 1 1 0 1 1 1 1 1 1 1 1 1 0 0 0 1 0 1 1 0 1 0 0 0 0 0 1 0 1 1 1 1 0 0 1 1 1 1 0 1 0 0 1 1 0 0 0 0 1
140	1	1 1 1 0 1 1 1 1 1 1 1 1 1 0 0 0 1 0 1 0 0 1 0 0 1 0 0 1 0 1 1 1 1 0 0 1 1 1 1 0 1 0 0 1 1 1 0 0 0 0
140	1	1 1 1 1 1 1 1 1 1 1 1 1 0 0 0 0 1 0 1 0 0 1 0 0 0 0 0 1 0 1 1 1 1 0 0 1 1 1 1 0 1 0 0 1 1 1 0 0 0 0
140	2	1 1 1 0 1 1 1 1 1 1 1 1 0 0 0 0 1 0 1 0 0 1 0 0 0 0 0 1 0 1 1 1 1 0 0 1 1 1 1 0 1 0 0 1 1 1 0 0 0 0
140	1	1 1 1 0 1 1 1 1 1 1 1 1 1 0 0 0 1 0 1 0 0 1 0 0 0 0 0 1 0 1 1 1 1 0 0 1 1 1 1 0 1 0 0 1 1 1 0 0 0 1
140	2	1 1 1 0 1 1 1 1 1 1 1 1 1 0 0 0 1 0 1 0 0 1 0 0 0 0 0 1 1 1 1 1 1 0 0 1 1 1 1 0 1 0 0 1 1 1 0 0 0 0
140	1	1 1 1 0 1 1 1 1 1 1 1 1 1 0 0 0 1 0 1 0 0 1 0 0 0 1 0 1 0 1 1 1 1 0 0 1 1 1 1 0 1 0 0 1 1 1 0 0 0 0
140	1	1 1 1 0 1 1 1 1 1 1 1 1 1 0 0 0 1 0 0 0 0 1 0 0 0 0 0 1 0 1 1 1 1 0 0 1 1 1 1 0 1 0 0 1 1 1 0 0 0 0
140	82	1 1 1 0 1 1 1 1 1 1 1 1 1 0 0 0 1 0 1 0 0 1 0 0 0 0 0 1 0 1 1 1 1 0 0 1 1 1 1 0 1 0 0 1 1 1 0 0 0 0
150	4	1 1 1 0 1 1 1 1 1 1 1 1 1 0 0 0 1 0 1 1 0 1 0 0 0 0 0 1 0 1 1 0 1 0 0 1 1 1 1 0 1 0 0 1 1 0 0 0 0 1
150	1	1 0 1 0 1 1 1 1 1 1 1 1 1 0 0 0 1 0 1 1 0 1 0 0 0 0 0 1 0 1 1 1 1 0 0 1 1 1 1 0 1 0 0 1 1 0 0 0 0 1
150	3	1 1 1 0 1 1 1 1 1 1 1 1 1 0 0 0 1 0 1 1 0 1 0 0 0 0 0 1 0 1 1 1 1 0 0 1 1 1 1 0 1 0 0 1 1 0 0 0 0 1
150	2	1 1 1 0 1 1 1 1 1 1 1 1 1 0 0 0 1 0 1 0 0 1 0 0 1 0 0 1 0 1 1 1 1 0 0 1 1 1 1 0 1 0 0 1 1 1 0 0 0 0
150	2	1 1 1 1 1 1 1 1 1 1 1 1 0 0 0 0 1 0 1 0 0 1 0 0 0 0 0 1 0 1 1 1 1 0 0 1 1 1 1 0 1 0 0 1 1 1 0 0 0 0
150	4	1 1 1 0 1 1 1 1 1 1 1 1 0 0 0 0 1 0 1 0 0 1 0 0 0 0 0 1 0 1 1 1 1 0 0 1 1 1 1 0 1 0 0 1 1 1 0 0 0 0
150	3	1 1 1 0 1 1 1 1 1 1 1 1 1 0 0 0 1 0 1 0 0 1 0 0 0 0 0 1 0 1 1 1 1 0 0 1 1 1 1 0 1 0 0 1 1 0 0 0 0 0
150	2	1 1 1 0 1 1 1 1 1 1 1 1 1 0 0 0 1 0 1 0 0 1 0 0 0 0 0 1 0 1 1 1 1 1 0 1 1 1 1 0 1 0 0 1 1 1 0 0 0 0
150	1	1 1 1 0 1 1 1 1 1 1 1 1 1 0 0 0 1 0 0 0 0 1 0 0 0 0 0 1 0 1 1 1 1 0 0 1 1 1 1 0 1 0 0 1 1 1 0 0 0 0
150	2	1 1 1 0 1 1 1 1 1 1 1 1 1 0 0 0 1 0 1 0 0 1 0 0 0 0 0 1 0 1 1 1 1 0 1 1 1 1 1 0 1 0 0 1 1 1 0 0 0 0
150	1	1 1 0 0 1 1 1 1 1 1 1 1 1 0 0 0 1 0 1 0 0 1 0 0 0 0 0 1 0 1 1 1 1 0 0 1 1 1 1 0 1 0 0 1 1 1 0 0 0 0
150	74	1 1 1 0 1 1 1 1 1 1 1 1 1 0 0 0 1 0 1 0 0 1 0 0 0 0 0 1 0 1 1 1 1 0 0 1 1 1 1 0 1 0 0 1 1 1 0 0 0 0
150	1	1 1 1 0 1 1 1 1 1 1 1 1 1 0 0 0 1 0 1 0 0 1 0 0 0 0 0 1 0 1 1 1 1 1 0 1 1 1 1 0 1 0 0 0 1 1 0 0 0 1
160	1	1 1 1 0 1 1 1 1 0 1 1 1 1 0 0 0 1 0 1 1 0 1 0 0 0 0 0 1 0 1 1 0 1 0 0 1 1 1 1 0 1 0 0 1 1 0 0 0 0 1
160	8	1 1 1 0 1 1 1 1 1 1 1 1 1 0 0 0 1 0 1 1 0 1 0 0 0 0 0 1 0 1 1 0 1 0 0 1 1 1 1 0 1 0 0 1 1 0 0 0 0 1
160	2	1 1 0 0 1 1 1 1 1 1 1 1 1 0 0 0 1 0 1 1 0 1 0 0 0 0 0 1 0 1 1 1 1 0 0 1 1 1 1 0 1 0 0 1 1 0 0 0 0 1
160	1	1 1 1 0 1 1 1 1 1 1 1 1 1 0 0 0 1 0 1 1 0 1 0 0 0 0 0 1 0 1 1 1 1 0 0 1 1 1 1 0 1 0 0 1 1 0 0 0 0 1
160	6	1 1 1 0 1 1 1 1 1 1 1 1 0 0 0 0 1 0 1 0 0 1 0 0 0 0 0 1 0 1 1 1 1 0 0 1 1 1 1 0 1 0 0 1 1 1 0 0 0 0
160	4	1 1 1 0 1 1 1 1 1 1 1 1 1 0 0 0 1 0 1 0 0 1 0 0 0 0 0 1 1 1 1 1 1 0 0 1 1 1 1 0 1 0 0 1 1 1 0 0 0 0
160	2	1 1 1 0 1 1 1 1 1 1 1 1 1 0 0 0 1 0 1 0 0 1 0 0 0 0 0 1 0 1 1 1 1 0 0 1 1 1 1 0 1 0 0 1 1 0 0 0 0 0
160	2	1 1 1 0 1 1 1 1 1 1 1 1 1 0 0 0 1 0 0 0 0 1 0 0 0 0 0 1 0 1 1 1 1 0 0 1 1 1 1 0 1 0 0 1 1 1 0 0 0 0
160	3	1 1 1 0 1 1 1 1 1 1 1 1 1 0 0 0 1 0 1 0 1 1 0 0 0 0 0 1 0 1 1 1 1 0 0 1 1 1 1 0 1 0 0 1 1 1 0 0 0 0
160	2	1 1 1 0 1 1 1 1 1 1 1 1 1 0 0 0 1 0 1 0 0 1 0 0 0 0 0 1 0 1 1 1 1 0 1 1 1 1 1 0 1 0 0 1 1 1 0 0 0 0
160	1	1 1 1 0 1 1 1 1 1 1 1 1 1 0 0 0 1 0 1 0 0 1 0 0 0 0 0 1 0 1 1 1 1 0 0 1 1 1 1 0 1 0 0 1 0 1 0 0 0 0
160	67	1 1 1 0 1 1 1 1 1 1 1 1 1 0 0 0 1 0 1 0 0 1 0 0 0 0 0 1 0 1 1 1 1 0 0 1 1 1 1 0 1 0 0 1 1 1 0 0 0 0
160	1	1 1 1 0 1 1 1 1 1 1 1 1 1 0 0 0 1 0 1 0 0 1 0 0 0 0 0 1 0 1 1 1 1 1 0 1 1 1 1 0 1 0 0 0 1 1 0 0 0 1
170	3	1 1 1 0 1 1 1 1 1 1 1 1 1 0 0 0 1 0 1 1 0 1 0 0 0 0 0 1 0 1 1 0 1 0 0 1 1 1 1 0 1 0 0 1 1 0 0 0 0 1
170	2	1 1 1 0 1 1 1 1 1 1 1 1 1 0 0 0 1 0 1 1 0 1 0 0 0 0 0 1 0 1 1 1 1 0 0 1 1 1 1 0 1 0 0 1 1 0 0 0 0 1
170	6	1 1 1 0 1 1 1 1 1 1 1 1 0 0 0 0 1 0 1 0 0 1 0 0 0 0 0 1 0 1 1 1 1 0 0 1 1 1 1 0 1 0 0 1 1 1 0 0 0 0
170	1	1 1 1 0 1 1 1 1 1 1 1 1 1 0 0 0 1 0 1 0 0 1 0 0 0 0 0 1 1 1 1 1 1 0 0 1 1 1 1 0 1 0 0 1 1 1 0 0 0 0
170	2	1 1 1 0 1 1 1 1 1 1 1 1 1 0 0 0 1 0 1 0 0 1 0 0 0 1 0 1 0 1 1 1 1 0 0 1 1 1 1 0 1 0 0 1 1 1 0 0 0 0
170	1	1 1 1 0 1 1 1 1 1 1 1 1 1 0 0 0 1 0 1 0 0 1 0 0 0 0 0 1 0 1 1 1 1 0 0 1 1 1 1 0 0 0 0 1 1 0 0 0 0 0
170	4	1 1 1 0 1 1 1 1 1 1 1 1 1 0 0 0 1 0 1 0 0 1 0 0 0 0 0 1 0 1 1 1 1 0 0 1 1 1 1 0 1 0 0 1 1 0 0 0 0 0
170	4	1 1 1 0 1 1 1 1 1 1 1 1 1 0 0 0 1 0 0 0 0 1 0 0 0 0 0 1 0 1 1 1 1 0 0 1 1 1 1 0 1 0 0 1 1 1 0 0 0 0
170	5	1 1 1 0 1 1 1 1 1 1 1 1 1 0 0 0 1 0 1 0 0 1 0 0 0 0 0 1 0 1 1 1 1 0 1 1 1 1 1 0 1 0 0 1 1 1 0 0 0 0
170	4	1 1 1 0 1 1 1 1 1 1 1 1 1 0 0 0 1 0 1 0 0 1 0 0 0 0 0 1 0 1 1 1 1 0 0 1 0 1 1 0 1 0 0 1 1 1 0 0 0 0
170	3	1 1 1 0 1 1 1 1 1 1 1 1 1 0 0 0 1 0 1 0 0 1 0 0 0 0 0 1 0 1 1 1 1 0 0 1 1 1 1 0 1 0 0 1 0 1 0 0 0 0
170	1	1 1 1 0 1 1 1 1 1 1 1 1 1 0 0 0 1 0 1 0 0 1 0 0 0 0 0 1 0 1 1 1 1 0 0 1 1 0 1 0 1 0 0 1 1 1 0 0 0 0
170	63	1 1 1 0 1 1 1 1 1 1 1 1 1 0 0 0 1 0 1 0 0 1 0 0 0 0 0 1 0 1 1 1 1 0 0 1 1 1 1 0 1 0 0 1 1 1 0 0 0 0
170	1	1 1 1 0 1 1 1 1 1 1 1 1 1 0 0 0 1 0 1 0 0 1 0 0 0 0 0 1 0 1 1 1 1 1 0 1 1 1 1 0 1 0 0 0 1 1 0 0 0 1
180	3	1 1 1 0 1 1 1 1 1 1 1 1 1 0 0 0 1 0 1 1 0 1 0 0 0 0 0 1 0 1 1 0 1 0 0 1 1 1 1 0 1 0 0 1 1 0 0 0 0 1
180	2	1 1 1 0 1 1 1 1 1 1 1 1 1 0 0 0 1 0 1 1 0 1 0 0 0 0 0 1 0 1 1 1 1 0 0 1 1 1 1 0 1 0 0 1 1 0 0 0 0 1
180	1	1 1 1 0 1 1 1 1 1 1 1 1 0 0 0 0 1 1 1 0 0 1 0 0 0 0 0 1 0 1 1 1 1 0 0 1 1 1 1 0 1 0 0 1 1 1 0 0 0 0
180	11	1 1 1 0 1 1 1 1 1 1 1 1 0 0 0 0 1 0 1 0 0 1 0 0 0 0 0 1 0 1 1 1 1 0 0 1 1 1 1 0 1 0 0 1 1 1 0 0 0 0
180	1	1 1 1 0 1 1 1 1 1 1 1 1 1 0 0 0 1 0 1 0 0 1 0 0 0 0 0 1 1 1 1 1 1 0 0 1 1 1 1 0 1 0 0 1 1 1 0 0 0 0
180	1	1 1 1 0 1 1 1 1 1 1 1 1 1 0 0 0 1 0 1 0 0 1 0 0 0 1 0 1 0 1 1 1 1 0 0 1 1 1 1 0 1 0 0 1 1 1 0 0 0 0
180	4	1 1 1 0 1 1 1 1 1 1 1 1 1 0 0 0 1 0 1 0 0 1 0 0 0 0 0 1 0 1 1 1 1 0 0 1 1 1 1 0 0 0 0 1 1 0 0 0 0 0
180	7	1 1 1 0 1 1 1 1 1 1 1 1 1 0 0 0 1 0 1 0 0 1 0 0 0 0 0 1 0 1 1 1 1 0 0 1 1 1 1 0 1 0 0 1 1 0 0 0 0 0
180	1	1 1 1 0 1 1 1 1 1 1 1 1 1 0 0 0 1 0 1 0 1 1 0 0 0 0 0 1 0 1 1 1 1 0 0 1 1 1 1 0 1 0 0 1 1 1 0 0 0 0
180	5	1 1 1 0 1 1 1 1 1 1 1 1 1 0 0 0 1 0 1 0 0 1 0 0 0 0 0 1 0 1 1 1 1 0 1 1 1 1 1 0 1 0 0 1 1 1 0 0 0 0
180	1	1 1 1 0 1 1 1 1 1 1 1 1 1 0 0 0 1 0 1 0 0 1 0 0 0 0 0 1 0 1 1 1 1 0 0 1 0 1 1 0 1 0 0 1 1 1 0 0 0 0
180	1	1 1 1 0 1 1 1 1 1 1 1 1 1 0 0 0 1 0 1 0 0 1 0 0 0 0 0 1 0 0 1 1 1 0 0 1 1 1 1 0 1 0 0 1 1 1 0 0 0 0
180	1	1 1 1 0 1 1 1 1 1 1 1 1 1 0 0 0 1 0 1 0 0 1 0 0 1 0 0 1 0 1 1 1 1 0 0 1 1 1 1 0 1 0 0 1 1 1 0 0 0 0
180	60	1 1 1 0 1 1 1 1 1 1 1 1 1 0 0 0 1 0 1 0 0 1 0 0 0 0 0 1 0 1 1 1 1 0 0 1 1 1 1 0 1 0 0 1 1 1 0 0 0 0
180	1	1 1 1 0 1 1 1 1 1 1 1 1 1 0 0 0 1 0 1 0 0 1 0 0 0 0 0 1 0 1 1 1 1 1 0 1 1 1 1 0 1 0 0 0 1 1 0 0 0 1
190	1	1 1 1 0 1 1 1 1 1 1 1 1 1 0 0 0 1 0 1 1 0 1 0 0 0 0 0 1 0 1 1 0 1 0 0 1 1 1 1 0 1 0 0 1 1 0 0 0 0 1
190	7	1 1 1 0 1 1 1 1 1 1 1 1 0 0 0 0 1 0 1 0 0 1 0 0 0 0 0 1 0 1 1 1 1 0 0 1 1 1 1 0 1 0 0 1 1 1 0 0 0 0
190	1	1 1 1 0 1 1 1 1 1 1 1 1 1 0 0 1 1 0 1 0 0 1 0 0 0 0 0 1 1 1 1 1 1 0 0 1 1 1 1 0 1 0 0 1 1 1 0 0 0 0
190	3	1 1 1 0 1 1 1 1 1 1 1 1 1 0 0 0 1 0 1 0 0 1 0 0 0 0 0 1 1 1 1 1 1 0 0 1 1 1 1 0 1 0 0 1 1 1 0 0 0 0
190	2	1 1 1 0 1 1 1 1 1 1 1 1 1 0 0 0 1 0 1 0 0 1 0 0 0 1 0 1 0 1 1 1 1 0 0 1 1 1 1 0 1 0 0 1 1 1 0 0 0 0
190	1	1 1 1 0 1 1 1 1 1 1 1 1 1 0 0 0 1 0 1 0 0 1 0 0 0 0 0 1 0 1 1 1 1 0 0 1 1 1 1 0 0 0 0 1 1 1 0 0 0 0
190	1	1 1 1 0 1 1 1 1 1 1 1 1 0 0 0 0 1 0 1 0 0 1 0 0 0 0 0 1 0 1 1 1 1 0 0 1 1 1 1 0 0 0 0 1 1 0 0 0 0 0
190	2	1 1 1 0 1 1 1 1 1 1 1 1 1 0 0 0 1 0 1 0 0 1 0 0 0 0 0 1 0 1 1 1 1 0 0 1 1 1 1 0 0 0 0 1 1 0 0 0 0 0
190	1	1 1 1 0 1 1 1 1 1 1 0 1 1 0 0 0 1 0 1 0 0 1 0 0 0 0 0 1 0 1 1 1 1 0 0 1 1 1 1 0 1 0 0 1 1 0 0 0 0 0
190	21	1 1 1 0 1 1 1 1 1 1 1 1 1 0 0 0 1 0 1 0 0 1 0 0 0 0 0 1 0 1 1 1 1 0 0 1 1 1 1 0 1 0 0 1 1 0 0 0 0 0
190	1	1 1 1 0 1 1 1 1 1 1 1 1 1 0 0 0 1 0 1 0 1 1 0 0 0 0 0 1 0 1 1 1 1 0 0 1 1 1 1 0 1 0 0 1 1 1 0 0 0 0
190	2	1 1 1 0 1 1 1 1 1 1 1 1 1 0 0 0 1 0 1 0 0 1 0 0 0 0 0 1 0 1 1 1 1 0 1 1 1 1 1 0 1 0 0 1 1 1 0 0 0 0
190	4	1 1 1 0 1 1 1 1 1 1 1 1 1 0 0 0 1 0 1 0 0 1 0 0 0 0 0 1 0 1 1 1 1 0 0 1 0 1 1 0 1 0 0 1 1 1 0 0 0 0
190	1	1 1 1 0 1 1 1 1 1 1 1 1 1 0 0 0 1 0 1 0 0 1 0 0 0 0 0 1 0 1 1 1 1 0 0 1 1 1 1 0 1 0 0 1 0 1 0 0 0 0
190	1	1 1 1 0 1 1 1 1 1 1 1 1 1 0 0 0 1 0 1 0 0 1 0 0 0 0 0 1 0 0 1 1 1 0 0 1 1 1 1 0 1 0 0 1 1 1 0 0 0 0
190	1	1 1 1 1 1 1 1 1 1 1 1 1 1 0 0 0 0 0 1 0 0 1 0 0 0 0 0 1 0 1 1 1 1 0 0 1 1 1 1 0 1 0 0 1 1 1 0 0 0 0
190	2	1 1 1 1 1 1 1 1 1 1 1 1 1 0 0 0 1 0 1 0 0 1 0 0 0 0 0 1 0 1 1 1 1 0 0 1 1 1 1 0 1 0 0 1 1 1 0 0 0 0
190	45	1 1 1 0 1 1 1 1 1 1 1 1 1 0 0 0 1 0 1 0 0 1 0 0 0 0 0 1 0 1 1 1 1 0 0 1 1 1 1 0 1 0 0 1 1 1 0 0 0 0
190	3	1 1 1 0 1 1 1 1 1 1 1 1 1 0 0 0 1 0 1 0 0 1 0 0 0 0 0 1 0 1 1 1 1 1 0 1 1 1 1 0 1 0 0 0 1 1 0 0 0 1
200	7	1 1 1 0 1 1 1 1 1 1 1 1 0 0 0 0 1 0 1 0 0 1 0 0 0 0 0 1 0 1 1 1 1 0 0 1 1 1 1 0 1 0 0 1 1 1 0 0 0 0
200	1	1 1 1 0 1 1 1 1 1 1 1 1 1 0 0 0 1 0 1 0 0 1 0 0 0 0 0 1 1 1 1 1 1 0 0 1 1 1 1 0 1 0 0 1 1 1 0 0 0 0
200	2	1 1 1 0 1 1 1 1 1 1 1 1 0 0 0 0 1 0 1 0 0 1 0 0 0 0 0 1 0 1 1 1 1 0 0 1 1 1 1 0 0 0 0 1 1 0 0 0 0 0
200	4	1 1 1 0 1 1 1 1 1 1 1 1 1 0 0 0 1 0 1 0 0 1 0 0 0 0 0 1 0 1 1 1 1 0 0 1 1 1 1 0 0 0 0 1 1 0 0 0 0 0
200	1	1 1 1 0 1 1 1 1 1 1 0 1 1 0 0 0 1 0 1 0 0 1 0 0 0 0 0 1 0 1 1 1 1 0 0 1 1 1 1 0 1 0 0 1 1 0 0 0 0 0
200	49	1 1 1 0 1 1 1 1 1 1 1 1 1 0 0 0 1 0 1 0 0 1 0 0 0 0 0 1 0 1 1 1 1 0 0 1 1 1 1 0 1 0 0 1 1 0 0 0 0 0
200	1	1 1 1 0 1 1 1 1 1 1 1 1 1 0 0 0 1 0 1 0 0 1 0 0 0 0 0 1 0 1 1 1 1 0 1 1 1 1 1 0 1 0 0 1 1 1 0 0 0 0
200	1	1 1 1 0 1 1 1 1 1 1 1 1 1 0 0 0 1 0 1 0 0 1 0 0 0 0 0 1 0 1 1 1 1 0 0 0 1 1 1 0 1 0 0 1 1 1 0 0 0 0
200	1	1 1 1 0 1 1 1 1 1 1 1 1 1 0 0 0 1 0 1 0 0 1 0 0 0 0 0 1 0 1 1 1 1 0 0 1 0 1 1 0 1 0 0 1 1 1 0 0 0 0
200	4	1 1 1 0 1 1 1 1 1 0 1 1 1 0 0 0 1 0 1 0 0 1 0 0 0 0 0 1 0 1 1 1 1 0 0 1 1 1 1 0 1 0 0 1 1 1 0 0 0 0
200	1	1 1 1 0 1 1 1 1 1 1 1 1 1 0 0 0 1 0 1 0 0 1 0 0 0 0 0 1 0 0 1 1 1 0 0 1 1 1 1 0 1 0 0 1 1 1 0 0 0 0
200	3	1 1 1 0 1 1 1 1 1 1 1 1 1 0 0 0 1 0 1 0 0 1 0 0 1 0 0 1 0 1 1 1 1 0 0 1 1 1 1 0 1 0 0 1 1 1 0 0 0 0
200	1	1 1 1 0 1 0 1 1 1 1 1 1 1 0 0 0 1 0 1 0 0 1 0 0 0 0 0 1 0 1 1 1 1 0 0 1 1 1 1 0 1 0 0 1 1 1 0 0 0 0
200	22	1 1 1 0 1 1 1 1 1 1 1 1 1 0 0 0 1 0 1 0 0 1 0 0 0 0 0 1 0 1 1 1 1 0 0 1 1 1 1 0 1 0 0 1 1 1 0 0 0 0
200	2	1 1 1 0 1 1 1 1 1 1 1 1 1 0 0 0 1 0 1 0 0 1 0 0 0 0 0 1 0 1 1 1 1 1 0 1 1 1 1 0 1 0 0 0 1 1 0 0 0 1
210	1	1 1 1 0 1 1 1 1 1 1 1 1 0 0 0 0 1 0 1 0 0 0 0 0 0 0 0 1 0 1 1 1 1 0 0 1 1 1 1 0 1 0 0 1 1 1 0 0 0 0
210	1	1 1 1 0 1 1 1 1 1 1 1 1 0 0 0 0 1 0 1 0 0 1 0 0 0 0 0 1 0 1 1 1 1 0 0 1 1 1 1 0 1 0 0 1 1 1 0 0 0 0
210	2	1 1 1 0 1 1 1 1 1 1 1 1 1 0 0 0 1 0 1 0 0 1 0 0 0 1 0 1 0 1 1 1 1 0 0 1 1 1 1 0 1 0 0 1 1 1 0 0 0 0
210	14	1 1 1 0 1 1 1 1 1 1 1 1 0 0 0 0 1 0 1 0 0 1 0 0 0 0 0 1 0 1 1 1 1 0 0 1 1 1 1 0 0 0 0 1 1 0 0 0 0 0
210	12	1 1 1 0 1 1 1 1 1 1 1 1 1 0 0 0 1 0 1 0 0 1 0 0 0 0 0 1 0 1 1 1 1 0 0 1 1 1 1 0 0 0 0 1 1 0 0 0 0 0
210	3	1 1 1 0 1 1 1 1 1 1 0 1 1 0 0 0 1 0 1 0 0 1 0 0 0 0 0 1 0 1 1 1 1 0 0 1 1 1 1 0 1 0 0 1 1 0 0 0 0 0
210	2	1 1 1 0 1 1 1 1 1 1 1 1 1 0 0 0 1 0 1 0 0 1 1 0 0 0 0 1 0 1 1 1 1 0 0 1 1 1 1 0 1 0 0 1 1 0 0 0 0 0
210	1	1 1 1 0 1 1 1 1 1 1 1 1 1 0 0 0 1 0 1 0 0 1 0 0 0 0 0 1 0 1 1 1 1 0 0 0 1 1 1 0 1 0 0 1 1 0 0 0 0 0
210	1	1 1 1 0 1 1 1 1 1 1 1 1 1 0 0 0 1 0 1 0 0 1 0 0 0 0 0 1 0 1 1 1 1 0 0 1 1 1 1 0 1 0 0 1 0 0 0 0 0 0
210	1	1 1 1 0 1 1 1 1 1 1 1 1 1 1 0 0 1 0 1 0 0 1 0 0 0 0 0 1 0 1 1 1 1 0 0 1 1 1 1 0 1 0 0 1 1 0 0 0 0 0
210	37	1 1 1 0 1 1 1 1 1 1 1 1 1 0 0 0 1 0 1 0 0 1 0 0 0 0 0 1 0 1 1 1 1 0 0 1 1 1 1 0 1 0 0 1 1 0 0 0 0 0
210	2	1 1 1 0 1 1 1 1 1 1 1 1 1 0 0 0 1 0 1 0 0 1 0 0 0 0 0 1 0 1 1 1 1 0 1 1 1 1 1 0 1 0 0 1 1 1 0 0 0 0
210	3	1 1 1 1 1 1 1 1 1 1 1 1 1 0 0 0 1 0 1 0 0 1 0 0 0 0 0 1 0 1 1 1 1 0 0 1 1 1 1 0 1 0 0 1 1 1 0 0 0 0
210	2	1 1 1 0 1 1 1 1 1 1 1 1 1 0 0 0 1 0 1 0 0 1 0 0 1 0 0 1 0 1 1 1 1 0 0 1 1 1 1 0 1 0 0 1 1 1 0 0 0 0
210	1	1 1 1 0 1 0 1 1 1 1 1 1 1 0 0 0 1 0 1 0 0 1 0 0 0 0 0 1 0 1 1 1 1 0 0 1 1 1 1 0 1 0 0 1 1 1 0 0 0 0
210	13	1 1 1 0 1 1 1 1 1 1 1 1 1 0 0 0 1 0 1 0 0 1 0 0 0 0 0 1 0 1 1 1 1 0 0 1 1 1 1 0 1 0 0 1 1 1 0 0 0 0
210	4	1 1 1 0 1 1 1 1 1 1 1 1 1 0 0 0 1 0 1 0 0 1 0 0 0 0 0 1 0 1 1 1 1 1 0 1 1 1 1 0 1 0 0 0 1 1 0 0 0 1
220	1	1 1 1 0 1 1 1 1 1 1 1 1 0 0 0 0 1 0 1 0 0 0 0 0 0 0 0 1 0 1 1 1 1 0 0 1 1 1 1 0 1 0 0 1 1 1 0 0 0 0
220	17	1 1 1 0 1 1 1 1 1 1 1 1 1 0 0 0 1 0 1 0 0 1 0 0 0 0 0 1 0 1 1 1 1 0 0 1 1 1 1 0 1 0 0 1 1 1 0 0 0 0
220	17	1 1 1 0 1 1 1 1 1 1 1 1 0 0 0 0 1 0 1 0 0 1 0 0 0 0 0 1 0 1 1 1 1 0 0 1 1 1 1 0 0 0 0 1 1 0 0 0 0 0
220	2	1 1 1 0 1 1 1 1 1 1 1 1 0 0 0 0 1 0 1 0 0 1 0 0 0 0 0 1 0 1 1 1 1 0 0 1 1 1 1 0 0 0 1 1 1 0 0 0 0 0
220	27	1 1 1 0 1 1 1 1 1 1 1 1 1 0 0 0 1 0 1 0 0 1 0 0 0 0 0 1 0 1 1 1 1 0 0 1 1 1 1 0 0 0 0 1 1 0 0 0 0 0
220	1	1 1 1 0 1 1 1 1 1 0 1 1 0 0 0 0 1 0 1 0 0 1 0 0 0 0 0 1 0 1 1 1 1 0 0 1 1 1 1 0 0 0 0 1 1 0 0 0 0 0
220	1	1 1 1 0 1 1 1 1 1 1 1 1 1 0 0 0 1 0 1 0 0 1 0 0 0 0 0 1 0 1 1 1 1 0 0 1 1 1 1 0 0 0 0 1 1 0 1 0 0 0
220	2	1 1 1 0 1 1 1 1 1 1 0 1 1 0 0 0 1 0 1 0 0 1 0 0 0 0 0 1 0 1 1 1 1 0 0 1 1 1 1 0 1 0 0 1 1 0 0 0 0 0
220	2	1 1 1 0 1 1 1 1 1 1 1 1 1 0 0 0 1 0 1 0 0 1 1 0 0 0 0 1 0 1 1 1 1 0 0 1 1 1 1 0 1 0 0 1 1 0 0 0 0 0
220	1	1 0 1 0 1 1 1 1 1 1 1 1 1 0 0 0 1 0 1 0 0 1 0 0 0 0 0 1 0 1 1 1 1 0 0 1 1 1 1 0 1 0 0 1 1 0 0 0 0 0
220	3	1 1 1 0 1 1 1 1 1 1 1 1 1 0 0 0 1 0 1 0 0 1 0 0 0 0 0 1 0 1 1 1 1 0 0 1 1 1 1 0 1 0 0 1 0 0 0 0 0 0
220	1	1 1 1 0 1 1 1 1 1 1 1 1 1 0 0 0 1 0 1 0 0 1 0 0 0 0 0 1 0 1 1 1 1 0 0 1 1 1 1 1 1 0 0 1 1 0 0 0 0 0
220	1	1 1 1 0 1 1 1 1 1 1 1 1 1 0 0 0 1 0 1 1 0 1 0 0 0 0 0 1 0 1 1 1 1 0 0 1 1 1 1 0 1 0 0 1 1 0 0 0 0 0
220	23	1 1 1 0 1 1 1 1 1 1 1 1 1 0 0 0 1 0 1 0 0 1 0 0 0 0 0 1 0 1 1 1 1 0 0 1 1 1 1 0 1 0 0 1 1 0 0 0 0 0
220	1	1 1 1 0 1 1 1 1 1 1 1 1 1 0 0 0 1 0 1 0 0 1 0 0 1 0 0 1 0 1 1 1 1 0 0 1 1 1 1 0 1 0 0 1 1 1 0 0 0 0
230	17	1 1 1 0 1 1 1 1 1 1 1 1 1 0 0 0 1 0 1 0 0 1 0 0 0 0 0 1 0 1 1 1 1 0 0 1 1 1 1 0 1 0 0 1 1 0 0 0 0 0
230	9	1 1 1 0 1 1 1 1 1 1 1 1 1 0 0 0 1 0 1 0 0 1 0 0 0 0 0 1 0 1 1 1 1 0 0 1 1 1 1 0 1 0 0 1 1 1 0 0 0 0
230	1	1 1 1 0 1 1 1 1 1 1 1 1 0 0 0 0 1 0 1 0 0 1 0 0 0 0 0 1 0 1 1 1 0 0 0 1 1 1 1 0 0 0 0 1 1 0 0 0 0 0
230	36	1 1 1 0 1 1 1 1 1 1 1 1 0 0 0 0 1 0 1 0 0 1 0 0 0 0 0 1 0 1 1 1 1 0 0 1 1 1 1 0 0 0 0 1 1 0 0 0 0 0
230	25	1 1 1 0 1 1 1 1 1 1 1 1 1 0 0 0 1 0 1 0 0 1 0 0 0 0 0 1 0 1 1 1 1 0 0 1 1 1 1 0 0 0 0 1 1 0 0 0 0 0
230	2	1 1 1 0 1 1 1 1 1 0 1 1 0 0 0 0 1 0 1 0 0 1 0 0 0 0 0 1 0 1 1 1 1 0 0 1 1 1 1 0 0 0 0 1 1 0 0 0 0 0
230	2	1 1 1 0 1 1 1 1 1 1 1 1 1 0 0 0 1 0 1 0 0 1 0 0 0 0 0 1 0 1 1 1 1 0 0 1 1 1 1 0 0 0 0 1 1 0 1 0 0 0
230	2	1 1 1 0 1 1 1 1 1 1 0 1 1 0 0 0 1 0 1 0 0 1 0 0 0 0 0 1 0 1 1 1 1 0 0 1 1 1 1 0 1 0 0 1 1 0 0 0 0 0
230	4	1 0 1 0 1 1 1 1 1 1 1 1 1 0 0 0 1 0 1 0 0 1 0 0 0 0 0 1 0 1 1 1 1 0 0 1 1 1 1 0 1 0 0 1 1 0 0 0 0 0
230	1	1 1 1 0 1 1 1 1 1 1 1 1 1 0 0 0 1 0 1 0 0 1 0 0 0 0 0 1 0 1 1 1 1 0 0 0 1 1 1 0 1 0 0 1 1 0 0 0 0 0
230	1	1 1 1 1 1 1 1 1 1 1 1 1 1 0 0 0 1 0 1 0 0 1 0 0 0 0 0 1 0 1 1 1 1 1 0 1 1 1 1 0 1 0 0 1 1 1 0 0 0 0
240	10	1 1 1 0 1 1 1 1 1 1 1 1 1 0 0 0 1 0 1 0 0 1 0 0 0 0 0 1 0 1 1 1 1 0 0 1 1 1 1 0 1 0 0 1 1 0 0 0 0 0
240	1	1 1 1 0 1 1 1 0 1 1 1 1 1 0 0 0 1 0 1 0 0 1 0 0 0 0 0 1 0 1 1 1 1 0 0 1 1 1 1 0 1 0 0 1 1 1 0 0 0 0
240	3	1 1 1 0 1 1 1 1 1 1 1 1 1 0 0 0 1 0 1 0 0 1 0 0 0 0 0 1 0 1 1 1 1 0 0 1 1 1 1 0 1 0 0 1 1 1 0 0 0 0
240	26	1 1 1 0 1 1 1 1 1 1 1 1 0 0 0 0 1 0 1 0 0 1 0 0 0 0 0 1 0 1 1 1 1 0 0 1 1 1 1 0 0 0 0 1 1 0 0 0 0 0
240	2	1 1 1 0 1 1 1 1 1 1 1 1 0 0 0 0 0 0 1 0 0 1 0 0 0 0 0 1 0 1 1 1 1 0 0 1 1 1 1 0 0 0 0 1 1 0 0 0 0 0
240	1	1 1 1 0 1 1 1 1 1 1 1 1 1 0 0 0 1 0 1 0 0 0 0 0 0 0 0 1 0 1 1 1 1 0 0 1 1 1 1 0 0 0 0 1 1 0 0 0 0 0
240	1	1 1 1 0 1 1 1 1 1 1 1 1 1 0 0 0 1 0 0 0 0 1 0 0 0 0 0 1 0 1 1 1 1 0 0 1 1 1 1 0 0 0 0 1 1 0 0 0 0 0
240	48	1 1 1 0 1 1 1 1 1 1 1 1 1 0 0 0 1 0 1 0 0 1 0 0 0 0 0 1 0 1 1 1 1 0 0 1 1 1 1 0 0 0 0 1 1 0 0 0 0 0
240	4	1 1 1 0 1 1 1 1 1 1 1 1 0 0 0 0 1 0 1 0 0 1 0 0 0 0 0 1 0 1 1 1 1 0 0 1 1 1 1 0 0 0 0 1 0 0 0 0 0 0
240	2	1 1 1 0 1 1 1 1 1 1 1 1 1 0 0 0 1 0 1 0 0 1 0 0 0 0 0 1 0 1 1 1 1 0 0 1 1 1 1 0 0 0 0 1 1 0 1 0 0 0
240	1	1 0 1 0 1 1 1 1 1 1 1 1 1 0 0 0 1 0 1 0 0 1 0 0 0 0 0 1 0 1 1 1 1 0 0 1 1 1 1 0 1 0 0 1 1 0 0 0 0 0
240	1	1 1 1 1 1 1 1 1 1 1 1 1 1 0 0 0 1 0 1 0 0 1 0 0 0 0 0 1 0 1 1 1 1 0 0 1 1 1 1 0 1 0 0 1 1 1 0 0 0 0
250	1	1 1 1 0 1 1 1 1 0 1 1 1 1 0 0 0 1 0 1 0 0 1 0 0 0 0 0 1 0 1 1 1 1 0 0 1 1 1 1 0 0 0 0 1 1 0 0 0 0 0
250	44	1 1 1 0 1 1 1 1 1 1 1 1 1 0 0 0 1 0 1 0 0 1 0 0 0 0 0 1 0 1 1 1 1 0 0 1 1 1 1 0 0 0 0 1 1 0 0 0 0 0
250	5	1 1 1 0 1 1 1 1 1 1 1 1 1 0 0 0 1 0 1 0 0 1 0 0 0 0 0 1 0 1 1 1 1 0 0 1 1 1 1 0 1 0 0 1 1 0 0 0 0 0
250	2	1 1 1 0 1 1 1 1 1 1 1 1 0 0 0 0 1 0 1 0 0 1 0 0 0 0 0 1 0 1 1 1 0 0 0 1 1 1 1 0 0 0 0 1 1 0 0 0 0 0
250	1	1 1 1 1 1 1 1 1 1 1 1 1 0 0 0 0 1 0 1 0 0 1 0 0 0 0 0 1 0 1 1 1 1 0 0 1 1 1 1 0 0 0 0 1 1 0 0 0 0 0
250	2	1 1 1 0 1 1 1 1 1 1 1 1 0 0 0 0 1 0 0 0 0 1 0 0 0 0 0 1 0 1 1 1 1 0 0 1 1 1 1 0 0 0 0 1 1 0 0 0 0 0
250	1	1 1 1 0 1 1 1 1 1 1 1 1 0 0 0 0 1 1 1 0 0 1 0 0 0 0 0 1 0 1 1 1 1 0 0 1 1 1 1 0 0 0 0 1 1 0 0 0 0 0
250	2	1 1 1 0 1 1 1 1 1 1 1 1 0 0 0 0 0 0 1 0 0 1 0 1 0 0 0 1 0 1 1 1 1 0 0 1 1 1 1 0 0 0 0 1 1 0 0 0 0 0
250	1	1 1 1 0 1 1 1 1 1 1 1 1 0 0 0 0 1 0 1 0 0 1 0 0 0 0 0 1 0 0 1 1 1 0 0 1 1 1 1 0 0 0 0 1 1 0 0 0 0 0
250	1	1 0 1 0 1 1 1 1 1 1 1 1 0 0 0 0 1 0 1 0 0 1 0 0 0 0 0 1 0 1 1 1 1 0 0 1 1 1 1 0 0 0 0 1 1 0 0 0 0 0
250	28	1 1 1 0 1 1 1 1 1 1 1 1 0 0 0 0 1 0 1 0 0 1 0 0 0 0 0 1 0 1 1 1 1 0 0 1 1 1 1 0 0 0 0 1 1 0 0 0 0 0
250	2	1 1 1 0 1 1 1 1 1 1 1 1 1 0 0 0 1 0 1 0 0 0 0 0 0 0 0 1 0 1 1 1 1 0 0 1 1 1 1 0 0 0 0 1 1 0 0 0 0 0
250	1	1 1 1 0 1 1 1 1 1 1 1 1 1 0 0 0 1 0 1 0 0 1 1 0 0 0 0 1 0 1 1 1 1 0 0 1 1 1 1 0 0 0 0 1 1 0 0 0 0 0
250	1	1 1 1 0 1 1 1 1 1 1 1 1 0 0 0 0 1 0 1 0 0 1 0 0 0 0 0 1 0 1 1 1 1 0 0 0 1 1 1 0 0 0 0 1 0 0 0 0 0 0
250	7	1 1 1 0 1 1 1 1 1 1 1 1 0 0 0 0 1 0 1 0 0 1 0 0 0 0 0 1 0 1 1 1 1 0 0 1 1 1 1 0 0 0 0 1 0 0 0 0 0 0
250	1	1 1 1 0 1 1 1 1 1 1 1 1 1 0 0 0 1 0 1 0 0 1 0 0 0 0 0 1 0 1 1 1 1 0 0 1 1 1 1 0 0 0 0 1 1 0 1 0 0 0
260	1	1 1 1 0 1 1 1 1 0 1 1 1 1 0 0 0 1 0 1 0 0 1 0 0 0 0 0 1 0 1 1 1 1 0 0 1 1 1 1 0 0 0 0 1 1 0 0 0 0 0
260	2	1 1 1 0 1 1 1 1 1 1 1 1 1 0 0 0 1 0 1 0 0 0 0 0 0 0 0 1 0 1 1 1 1 0 0 1 1 1 1 0 0 0 0 1 1 0 0 0 0 0
260	41	1 1 1 0 1 1 1 1 1 1 1 1 1 0 0 0 1 0 1 0 0 1 0 0 0 0 0 1 0 1 1 1 1 0 0 1 1 1 1 0 0 0 0 1 1 0 0 0 0 0
260	1	1 1 1 0 1 1 1 1 1 1 1 1 1 0 0 0 1 0 1 0 0 1 0 0 0 0 0 1 0 1 1 1 1 0 0 1 1 1 1 0 1 0 0 1 1 0 0 0 0 0
260	2	1 1 1 0 1 1 1 1 1 1 1 1 0 0 0 0 1 0 1 0 0 1 0 0 0 0 0 1 0 1 1 1 0 0 0 1 1 1 1 0 0 0 0 1 1 0 0 0 0 0
260	4	1 1 1 1 1 1 1 1 1 1 1 1 0 0 0 0 1 0 1 0 0 1 0 0 0 0 0 1 0 1 1 1 1 0 0 1 1 1 1 0 0 0 0 1 1 0 0 0 0 0
260	1	1 1 1 0 1 1 1 1 1 1 1 1 0 0 0 0 1 0 0 0 0 1 0 0 0 0 0 1 0 1 1 1 1 0 0 1 1 1 1 0 0 0 0 1 1 0 0 0 0 0
260	3	1 1 1 0 1 1 1 1 1 1 1 1 0 0 0 0 1 1 1 0 0 1 0 0 0 0 0 1 0 1 1 1 1 0 0 1 1 1 1 0 0 0 0 1 1 0 0 0 0 0
260	1	1 1 1 0 1 1 1 1 1 1 1 1 0 0 0 0 0 0 1 0 0 1 0 1 0 0 0 1 0 1 1 1 1 0 0 1 1 1 1 0 0 0 0 1 1 0 0 0 0 0
260	1	1 1 1 0 1 1 1 1 1 1 1 1 0 0 0 0 1 0 1 0 0 1 0 0 0 0 0 1 0 0 1 1 1 0 0 1 1 1 1 0 0 0 0 1 1 0 0 0 0 0
260	22	1 1 1 0 1 1 1 1 1 1 1 1 0 0 0 0 1 0 1 0 0 1 0 0 0 0 0 1 0 1 1 1 1 0 0 1 1 1 1 0 0 0 0 1 1 0 0 0 0 0
260	2	1 1 1 0 1 1 1 1 1 1 1 1 0 0 0 0 1 0 1 0 0 1 0 0 0 0 0 1 0 1 1 1 1 0 0 0 1 1 1 0 0 0 0 1 0 0 0 0 0 0
260	19	1 1 1 0 1 1 1 1 1 1 1 1 0 0 0 0 1 0 1 0 0 1 0 0 0 0 0 1 0 1 1 1 1 0 0 1 1 1 1 0 0 0 0 1 0 0 0 0 0 0
270	1	1 1 1 0 1 1 1 1 1 1 1 1 1 0 0 0 1 0 1 0 0 1 0 0 0 0 0 1 0 1 1 1 1 0 0 1 1 1 1 1 0 0 0 1 1 0 0 0 0 0
270	1	1 1 1 0 1 1 1 1 1 1 1 1 1 0 0 0 1 1 1 0 0 1 0 0 0 0 0 1 0 1 1 1 1 0 0 1 1 1 1 0 0 0 0 1 1 0 0 0 0 0
270	31	1 1 1 0 1 1 1 1 1 1 1 1 1 0 0 0 1 0 1 0 0 1 0 0 0 0 0 1 0 1 1 1 1 0 0 1 1 1 1 0 0 0 0 1 1 0 0 0 0 0
270	1	1 1 1 0 1 1 1 1 1 1 1 1 0 0 0 0 1 0 1 0 0 1 0 0 0 0 0 1 0 1 1 1 0 0 0 1 1 1 1 0 0 0 0 1 1 0 0 0 0 0
270	1	1 1 1 1 1 1 1 1 1 1 1 0 0 0 0 0 1 0 1 0 0 1 0 0 0 0 0 1 0 1 1 1 1 0 0 1 1 1 1 0 0 0 0 1 1 0 0 0 0 0
270	3	1 1 1 0 1 1 1 1 1 1 1 1 0 0 0 0 1 0 1 0 0 1 1 0 0 0 0 1 0 1 1 1 1 0 0 1 1 1 1 0 0 0 0 1 1 0 0 0 0 0
270	4	1 1 1 0 1 1 1 1 1 1 1 1 0 0 0 0 1 1 1 0 0 1 0 0 0 0 0 1 0 1 1 1 1 0 0 1 1 1 1 0 0 0 0 1 1 0 0 0 0 0
270	1	1 1 1 0 0 1 1 1 1 1 1 1 0 0 0 0 1 0 1 0 0 1 0 0 0 0 0 1 0 1 1 1 1 0 0 1 1 1 1 0 0 0 0 1 1 0 0 0 0 0
270	25	1 1 1 0 1 1 1 1 1 1 1 1 0 0 0 0 1 0 1 0 0 1 0 0 0 0 0 1 0 1 1 1 1 0 0 1 1 1 1 0 0 0 0 1 1 0 0 0 0 0
270	1	1 1 1 0 0 1 1 1 1 1 1 1 0 0 0 0 1 0 1 0 0 1 0 0 0 0 0 1 0 1 1 1 1 0 0 0 1 1 1 0 0 0 0 1 0 0 0 0 0 0
270	22	1 1 1 0 1 1 1 1 1 1 1 1 0 0 0 0 1 0 1 0 0 1 0 0 0 0 0 1 0 1 1 1 1 0 0 1 1 1 1 0 0 0 0 1 0 0 0 0 0 0
270	8	1 1 1 0 1 1 1 1 1 1 1 1 0 0 0 0 1 0 1 0 0 1 0 0 0 0 0 1 0 1 1 1 1 0 0 0 1 1 1 0 0 0 0 1 0 0 0 0 0 0
270	1	1 1 1 0 1 1 1 1 1 1 1 1 0 0 0 0 1 0 1 0 0 1 0 0 0 0 0 1 0 1 1 1 1 0 0 1 1 1 1 0 0 0 0 0 0 0 0 0 0 0
280	1	1 1 1 0 1 1 1 1 1 1 1 1 1 0 0 0 1 0 1 0 0 1 0 0 0 0 0 1 0 1 1 1 1 0 0 1 1 1 1 0 0 0 0 1 1 0 0 0 0 1
280	2	1 1 1 0 1 1 1 1 1 1 1 1 1 0 0 0 1 0 1 0 0 1 0 0 0 0 0 1 0 1 1 1 1 0 0 1 1 1 1 1 0 0 0 1 1 0 0 0 0 0
280	3	1 1 1 0 1 1 1 1 1 1 1 0 1 0 0 0 1 0 1 0 0 1 0 0 0 0 0 1 0 1 1 1 1 0 0 1 1 1 1 0 0 0 0 1 1 0 0 0 0 0
280	1	1 1 1 0 1 1 1 1 1 1 1 1 1 0 0 0 1 0 1 0 0 1 0 0 0 0 0 1 0 1 1 1 1 0 0 1 1 1 1 0 0 0 0 1 0 0 0 0 0 0
280	17	1 1 1 0 1 1 1 1 1 1 1 1 0 0 0 0 1 0 1 0 0 1 0 0 0 0 0 1 0 1 1 1 1 0 0 1 1 1 1 0 0 0 0 1 1 0 0 0 0 0
280	20	1 1 1 0 1 1 1 1 1 1 1 1 1 0 0 0 1 0 1 0 0 1 0 0 0 0 0 1 0 1 1 1 1 0 0 1 1 1 1 0 0 0 0 1 1 0 0 0 0 0
280	2	1 1 1 0 1 1 1 1 1 1 1 1 0 0 0 0 1 0 1 0 0 1 0 0 0 0 0 1 0 1 1 1 0 0 0 1 1 1 1 0 0 0 0 1 1 0 0 0 0 0
280	1	1 1 1 1 1 1 1 1 1 1 1 0 0 0 0 0 1 0 1 0 0 1 0 0 0 0 0 1 0 1 1 1 1 0 0 1 1 1 1 0 0 0 0 1 1 0 0 0 0 0
280	1	1 1 1 0 1 1 1 1 1 1 1 1 0 0 0 0 1 0 1 0 0 1 1 0 0 0 0 1 0 1 1 1 1 0 0 1 1 1 1 0 0 0 0 1 1 0 0 0 0 0
280	2	1 1 1 0 1 1 1 1 1 1 1 1 0 0 0 0 1 0 1 0 1 1 0 0 0 1 0 1 0 1 1 1 1 0 0 1 1 1 1 0 0 0 0 1 1 0 0 0 0 0
280	2	1 1 1 0 1 1 1 1 1 1 1 1 0 0 0 0 1 0 1 0 0 1 0 0 0 0 0 1 0 1 1 1 1 0 1 1 1 1 1 0 0 0 0 1 1 0 0 0 0 0
280	1	1 1 1 0 1 1 1 1 1 1 1 1 0 0 0 0 1 0 1 1 0 1 0 0 0 0 0 1 0 1 1 1 1 0 0 1 1 1 1 0 0 0 0 1 0 0 0 0 0 0
280	1	1 1 1 0 1 1 1 1 1 1 1 1 0 0 0 0 1 0 1 0 0 1 0 1 0 0 0 1 0 1 1 1 1 0 0 1 1 1 1 0 0 0 0 1 0 0 0 0 0 0
280	28	1 1 1 0 1 1 1 1 1 1 1 1 0 0 0 0 1 0 1 0 0 1 0 0 0 0 0 1 0 1 1 1 1 0 0 1 1 1 1 0 0 0 0 1 0 0 0 0 0 0
280	18	1 1 1 0 1 1 1 1 1 1 1 1 0 0 0 0 1 0 1 0 0 1 0 0 0 0 0 1 0 1 1 1 1 0 0 0 1 1 1 0 0 0 0 1 0 0 0 0 0 0
290	4	1 1 1 0 1 1 1 1 1 1 1 1 1 0 0 0 1 0 1 0 0 1 0 0 0 0 0 1 0 1 1 1 1 0 0 1 1 1 1 1 0 0 0 1 1 0 0 0 0 0
290	1	1 1 1 0 1 1 1 1 1 1 1 1 0 0 0 0 1 0 1 0 0 1 0 0 0 0 0 1 0 1 1 1 1 0 0 1 1 1 1 0 0 1 0 1 1 0 0 0 0 0
290	1	1 1 1 0 1 1 1 1 1 1 1 1 0 0 0 0 1 1 1 0 0 1 0 0 0 0 0 1 0 1 1 1 1 0 0 1 1 1 1 0 0 0 0 1 1 0 0 0 0 0
290	1	1 1 1 0 1 1 1 1 1 1 1 1 1 0 0 0 1 0 1 0 0 1 0 0 0 0 0 1 0 1 1 1 1 0 0 1 1 0 1 0 0 0 0 1 1 0 0 0 0 0
290	1	1 1 1 0 1 1 1 1 1 1 1 1 0 0 0 0 1 0 1 0 0 1 0 0 0 0 0 1 0 1 1 1 1 0 0 1 1 0 1 0 0 0 0 1 1 0 0 0 0 0
290	1	1 1 1 0 1 1 1 1 1 1 1 1 0 0 0 0 1 0 1 0 0 1 1 0 0 0 0 1 0 1 1 1 1 0 0 1 1 1 1 0 0 0 0 1 1 0 0 0 0 0
290	35	1 1 1 0 1 1 1 1 1 1 1 1 0 0 0 0 1 0 1 0 0 1 0 0 0 0 0 1 0 1 1 1 1 0 0 1 1 1 1 0 0 0 0 1 0 0 0 0 0 0
290	18	1 1 1 0 1 1 1 1 1 1 1 1 0 0 0 0 1 0 1 0 0 1 0 0 0 0 0 1 0 1 1 1 1 0 0 1 1 1 1 0 0 0 0 1 1 0 0 0 0 0
290	17	1 1 1 0 1 1 1 1 1 1 1 1 1 0 0 0 1 0 1 0 0 1 0 0 0 0 0 1 0 1 1 1 1 0 0 1 1 1 1 0 0 0 0 1 1 0 0 0 0 0
290	1	1 1 1 0 1 1 1 1 1 1 1 1 0 0 0 0 1 0 1 0 0 1 0 0 0 0 1 1 0 1 1 1 1 0 0 1 1 1 1 0 0 0 0 1 1 0 0 0 0 0
290	1	1 1 1 0 1 1 1 1 1 1 1 1 0 0 0 0 1 0 1 0 0 1 0 0 0 0 0 1 0 1 1 1 1 0 1 1 1 1 1 0 0 0 0 1 1 0 0 0 0 0
290	3	1 1 1 0 1 1 1 1 1 1 1 1 0 0 0 0 1 0 1 0 0 1 0 1 0 0 0 1 0 1 1 1 1 0 0 1 1 1 1 0 0 0 0 1 0 0 0 0 0 0
290	1	1 1 1 0 1 1 1 1 1 1 1 1 0 0 0 0 1 0 1 0 0 1 0 0 0 0 0 1 0 1 1 1 0 0 0 1 1 1 1 0 0 0 0 1 0 0 0 0 0 0
290	3	1 1 1 0 1 1 0 1 1 1 1 1 0 0 0 0 1 0 1 0 0 1 0 0 0 0 0 1 0 1 1 1 1 0 0 0 1 1 1 0 0 0 0 1 0 0 0 0 0 0
290	12	1 1 1 0 1 1 1 1 1 1 1 1 0 0 0 0 1 0 1 0 0 1 0 0 0 0 0 1 0 1 1 1 1 0 0 0 1 1 1 0 0 0 0 1 0 0 0 0 0 0
300	4	1 1 1 0 1 1 1 1 1 1 1 1 1 0 0 0 1 0 1 0 0 1 0 0 0 0 0 1 0 1 1 1 1 0 0 1 1 1 1 1 0 0 0 1 1 0 0 0 0 0
300	1	1 1 1 0 1 1 1 1 1 1 1 1 0 0 0 0 1 0 1 0 0 1 1 0 0 0 0 1 0 1 1 1 1 0 0 1 1 1 1 0 0 0 0 1 1 0 0 0 0 0
300	3	1 1 1 0 1 1 1 1 1 1 1 1 0 0 0 0 1 0 1 0 0 1 0 1 0 0 0 1 0 1 1 1 1 0 0 1 1 1 1 0 0 0 0 1 0 0 0 0 0 0
300	2	1 1 1 0 1 1 1 1 1 1 1 0 0 0 0 0 1 0 1 0 0 1 0 0 0 0 0 1 0 1 1 1 1 0 0 1 1 1 1 0 0 0 0 1 0 0 0 0 0 0
300	50	1 1 1 0 1 1 1 1 1 1 1 1 0 0 0 0 1 0 1 0 0 1 0 0 0 0 0 1 0 1 1 1 1 0 0 1 1 1 1 0 0 0 0 1 0 0 0 0 0 0
300	3	1 1 1 0 1 1 1 1 1 1 1 1 0 0 0 0 0 0 1 0 0 1 0 0 0 0 0 1 0 1 1 1 1 0 0 1 1 1 1 0 0 0 0 1 1 0 0 0 0 0
300	1	1 1 1 0 1 1 1 1 1 1 1 1 0 0 0 0 1 0 1 0 0 1 0 0 0 0 0 1 0 0 1 1 1 0 0 1 1 1 1 0 0 0 0 1 1 0 0 0 0 0
300	12	1 1 1 0 1 1 1 1 1 1 1 1 0 0 0 0 1 0 1 0 0 1 0 0 0 0 0 1 0 1 1 1 1 0 0 1 1 1 1 0 0 0 0 1 1 0 0 0 0 0
300	5	1 1 1 0 1 1 1 1 1 1 1 1 1 0 0 0 1 0 1 0 0 1 0 0 0 0 0 1 0 1 1 1 1 0 0 1 1 1 1 0 0 0 0 1 1 0 0 0 0 0
300	1	1 1 1 0 1 1 1 1 1 1 1 1 0 0 0 0 1 0 1 0 0 1 0 0 0 1 0 1 0 1 1 1 1 0 0 1 1 1 1 0 0 0 0 1 1 0 0 0 0 0
300	1	1 1 1 0 1 1 1 1 1 1 1 1 0 0 0 0 1 0 1 0 0 1 0 0 0 0 0 1 0 1 1 1 1 0 0 1 1 1 1 0 0 0 0 1 1 0 0 1 0 0
300	1	1 1 1 0 1 1 1 1 1 1 1 1 0 0 0 0 1 0 1 0 0 1 0 0 0 0 0 1 0 1 1 1 0 0 0 1 1 1 1 0 0 0 0 1 0 0 0 0 0 0
300	1	1 1 1 0 1 1 1 1 1 1 1 1 0 0 0 0 1 0 1 1 0 1 0 0 0 0 0 1 0 1 1 1 1 0 0 0 1 1 1 0 0 0 0 1 0 0 0 0 0 0
300	15	1 1 1 0 1 1 1 1 1 1 1 1 0 0 0 0 1 0 1 0 0 1 0 0 0 0 0 1 0 1 1 1 1 0 0 0 1 1 1 0 0 0 0 1 0 0 0 0 0 0
310	2	1 1 1 0 1 1 1 1 1 1 1 1 1 0 0 0 1 0 1 0 0 1 0 0 0 0 0 1 0 1 1 1 1 0 0 0 1 1 1 1 0 0 0 1 1 0 0 0 0 0
310	9	1 1 1 0 1 1 1 1 1 1 1 1 1 0 0 0 1 0 1 0 0 1 0 0 0 0 0 1 0 1 1 1 1 0 0 1 1 1 1 1 0 0 0 1 1 0 0 0 0 0
310	2	1 1 1 0 1 1 1 1 1 1 1 1 1 0 0 0 1 0 1 0 0 1 0 0 0 0 0 1 0 1 1 1 1 0 0 1 1 1 1 0 0 0 0 1 0 0 0 0 0 0
310	1	1 1 1 0 1 1 1 1 1 1 1 1 0 0 0 0 1 0 1 0 0 1 0 0 1 0 0 1 0 1 1 1 1 0 0 1 1 1 1 0 0 0 0 1 0 0 0 0 0 0
310	46	1 1 1 0 1 1 1 1 1 1 1 1 0 0 0 0 1 0 1 0 0 1 0 0 0 0 0 1 0 1 1 1 1 0 0 1 1 1 1 0 0 0 0 1 0 0 0 0 0 0
310	2	1 1 1 0 0 1 1 1 1 1 1 1 0 0 0 0 1 0 1 0 0 1 0 0 0 0 0 1 0 1 1 1 1 0 0 1 1 1 1 0 0 0 0 1 0 0 0 0 0 0
310	1	1 1 1 0 1 1 1 1 1 1 1 1 0 0 0 0 1 0 1 0 0 1 0 0 0 0 0 1 0 1 1 0 1 0 0 1 1 1 1 0 0 0 0 1 0 0 0 0 0 0
310	1	1 1 1 0 1 1 1 1 1 1 1 1 0 0 0 0 1 0 1 0 0 1 0 0 0 0 0 1 0 1 1 1 1 0 0 1 1 1 1 0 0 0 0 1 0 1 0 0 0 0
310	1	1 1 1 0 1 1 1 1 1 1 1 1 0 0 0 0 1 0 1 0 0 1 0 1 0 0 0 1 0 1 1 1 1 0 0 1 1 1 1 0 0 1 0 1 0 0 0 0 0 0
310	1	1 1 1 0 1 1 1 1 1 1 1 1 0 0 0 0 1 1 1 0 0 1 0 0 0 0 0 1 0 1 1 1 1 0 0 1 1 1 1 0 0 0 0 1 0 0 0 0 0 0
310	2	1 1 1 0 1 1 1 1 1 1 1 1 0 1 0 0 1 0 1 0 0 1 0 0 0 0 0 1 0 1 1 1 1 0 0 1 1 1 1 0 0 0 0 1 0 0 0 0 0 0
310	1	1 1 1 0 1 1 1 1 1 1 1 1 0 0 0 0 1 0 1 0 0 0 0 0 0 0 0 1 0 1 1 1 1 0 0 1 1 1 1 0 0 0 0 1 1 0 0 0 0 0
310	5	1 1 1 0 1 1 1 1 1 1 1 1 0 0 0 0 1 0 1 0 0 1 0 0 0 0 0 1 0 1 1 1 1 0 0 1 1 1 1 0 0 0 0 1 1 0 0 0 0 0
310	1	1 1 1 0 1 1 1 1 1 1 1 1 1 0 0 0 1 0 1 0 0 1 0 0 0 0 0 1 0 1 1 1 1 0 0 1 1 1 1 0 0 0 0 1 1 0 0 0 0 0
310	1	1 1 1 0 1 1 1 1 1 1 1 1 0 0 0 0 1 0 1 0 0 1 0 0 0 1 0 1 0 1 1 1 1 0 0 1 1 1 1 0 0 0 0 1 1 0 0 0 0 0
310	1	1 1 1 0 1 1 1 1 1 1 1 1 0 0 0 1 1 0 1 0 0 1 0 0 0 0 0 1 0 1 1 1 1 0 0 0 1 1 1 0 0 0 0 1 0 0 0 0 0 0
310	23	1 1 1 0 1 1 1 1 1 1 1 1 0 0 0 0 1 0 1 0 0 1 0 0 0 0 0 1 0 1 1 1 1 0 0 0 1 1 1 0 0 0 0 1 0 0 0 0 0 0
