0	100	0 0 0 0 0 0 0 0 0 0
10	1	0 0 0 1 0 0 0 0 0 0
10	1	1 0 0 0 0 0 0 0 0 0
10	1	0 0 1 0 0 0 0 0 0 0
10	97	0 0 0 0 0 0 0 0 0 0
20	2	1 0 0 0 0 0 0 0 0 0
20	1	0 0 1 0 0 0 0 0 0 0
20	1	0 0 0 0 0 1 0 0 0 0
20	1	0 1 0 0 0 0 0 0 0 0
20	95	0 0 0 0 0 0 0 0 0 0
30	1	1 0 0 0 0 0 0 0 0 0
30	1	0 0 1 0 0 0 1 0 0 0
30	5	0 0 1 0 0 0 0 0 0 0
30	2	0 0 0 0 0 0 1 0 0 0
30	2	0 1 0 0 0 0 0 0 0 0
30	1	0 0 0 0 0 0 0 0 1 0
30	2	0 0 0 0 0 1 0 0 0 0
30	1	0 0 0 1 0 0 0 0 0 0
30	85	0 0 0 0 0 0 0 0 0 0
40	2	0 0 0 0 0 0 0 0 1 0
40	10	0 1 0 0 0 0 0 0 0 0
40	2	0 0 0 0 0 0 0 0 0 1
40	70	0 0 0 0 0 0 0 0 0 0
40	1	0 0 0 0 1 0 0 0 0 0
40	13	0 0 1 0 0 0 0 0 0 0
40	2	1 0 0 0 0 0 0 0 0 0
50	10	0 1 0 0 0 0 0 0 0 0
50	3	0 0 0 0 0 0 0 0 0 1
50	2	1 0 0 0 0 0 0 0 0 0
50	15	0 0 1 0 0 0 0 0 0 0
50	1	0 0 0 0 0 1 0 0 0 0
50	67	0 0 0 0 0 0 0 0 0 0
50	2	0 0 1 1 0 0 0 0 0 0
60	4	0 0 0 0 0 0 0 0 1 0
60	2	1 1 0 0 0 0 0 0 0 0
60	5	0 1 0 0 0 0 0 0 0 0
60	1	0 0 0 1 0 0 0 0 0 0
60	1	0 0 0 0 0 0 1 0 0 1
60	9	1 0 0 0 0 0 0 0 0 0
60	1	0 0 1 0 1 0 0 0 0 0
60	13	0 0 1 0 0 0 0 0 0 0
60	2	0 0 0 0 0 0 1 0 0 0
60	62	0 0 0 0 0 0 0 0 0 0
70	10	0 1 0 0 0 0 0 0 0 0
70	2	0 0 0 1 0 0 0 0 0 0
70	7	1 0 0 0 0 0 0 0 0 0
70	1	1 0 1 0 0 0 0 0 0 0
70	17	0 0 1 0 0 0 0 0 0 0
70	63	0 0 0 0 0 0 0 0 0 0
80	3	0 0 0 0 0 0 0 0 1 0
80	6	0 1 0 0 0 0 0 0 0 1
80	1	0 0 0 0 0 1 0 0 0 0
80	17	1 0 0 0 0 0 0 0 0 0
80	1	0 0 0 0 0 0 1 0 0 0
80	1	0 0 0 1 0 0 0 0 0 0
80	13	0 0 1 0 0 0 0 0 0 0
80	41	0 0 0 0 0 0 0 0 0 0
80	1	0 1 0 0 0 1 0 0 0 0
80	9	0 1 0 0 0 0 0 0 0 0
80	2	1 0 0 0 0 0 0 0 0 1
80	1	0 0 1 0 0 0 1 0 0 0
80	1	1 0 0 1 0 0 0 0 0 0
80	1	1 0 0 0 0 0 0 1 0 0
80	2	1 0 1 0 0 0 0 0 0 0
90	3	0 1 0 0 0 0 0 0 0 1
90	1	0 0 0 0 0 0 1 0 0 0
90	1	0 1 0 1 0 0 0 0 0 0
90	1	0 0 0 1 0 0 0 0 0 0
90	1	1 1 0 0 0 0 0 0 0 0
90	1	0 1 0 0 1 0 0 0 0 0
90	14	0 1 0 0 0 0 0 0 0 0
90	15	0 0 1 0 0 0 0 0 0 0
90	1	0 0 0 0 0 0 0 0 0 1
90	32	0 0 0 0 0 0 0 0 0 0
90	2	1 0 0 0 0 0 0 0 0 1
90	3	1 0 1 0 0 0 0 0 0 0
90	5	1 0 0 0 0 0 0 1 0 0
90	1	1 0 0 0 0 0 0 0 1 0
90	17	1 0 0 0 0 0 0 0 0 0
90	1	0 0 1 0 0 0 1 0 0 0
90	1	0 0 1 1 0 0 0 0 0 1
100	3	0 1 0 0 0 0 0 0 1 1
100	1	0 1 0 0 0 0 0 1 0 0
100	1	0 1 1 0 0 0 0 0 0 0
100	11	0 1 0 0 0 0 0 0 0 0
100	8	0 1 0 0 0 0 0 0 0 1
100	2	0 0 1 0 1 0 0 0 0 0
100	6	1 0 1 0 0 0 0 0 0 0
100	20	0 0 1 0 0 0 0 0 0 0
100	34	0 0 0 0 0 0 0 0 0 0
100	1	1 0 0 0 0 0 0 1 0 0
100	13	1 0 0 0 0 0 0 0 0 0
110	17	0 1 0 0 0 0 0 0 0 0
110	1	1 1 0 0 0 0 0 0 0 1
110	7	0 1 0 0 0 0 0 0 0 1
110	1	0 0 0 1 0 0 0 0 0 0
110	1	1 1 0 0 0 0 0 0 0 0
110	1	0 0 1 0 1 0 0 0 0 0
110	4	1 0 0 0 0 0 0 0 1 0
110	1	1 0 0 1 0 0 0 0 0 0
110	1	1 0 0 0 1 0 0 0 0 0
110	1	1 0 0 0 0 0 0 0 0 1
110	17	1 0 0 0 0 0 0 0 0 0
110	4	1 0 1 0 0 0 0 0 0 0
110	18	0 0 0 0 0 0 0 0 0 0
110	23	0 0 1 0 0 0 0 0 0 0
110	2	0 0 0 0 0 0 0 1 0 0
110	1	1 0 1 0 0 0 0 1 0 0
120	1	0 1 1 0 0 0 0 0 0 0
120	11	0 1 0 0 0 0 0 0 0 1
120	17	0 1 0 0 0 0 0 0 0 0
120	2	0 0 0 0 0 1 0 0 0 0
120	1	0 0 0 0 0 0 1 0 0 0
120	1	0 0 0 1 0 0 0 0 0 0
120	17	0 0 0 0 0 0 0 0 0 0
120	1	1 1 0 0 0 0 0 0 0 0
120	1	0 0 1 0 1 0 0 0 0 0
120	3	1 0 0 0 0 0 0 0 1 0
120	3	1 0 0 1 0 0 0 0 0 0
120	13	1 0 0 0 0 0 0 0 0 0
120	6	1 0 1 0 0 0 0 0 0 0
120	1	0 0 1 0 0 0 0 0 1 0
120	20	0 0 1 0 0 0 0 0 0 0
120	2	0 0 0 1 0 1 0 0 0 0
130	1	0 1 1 0 0 0 0 0 0 0
130	2	0 1 0 0 0 0 0 0 0 1
130	15	0 1 0 0 0 0 0 0 0 0
130	15	0 0 0 0 0 0 0 0 0 0
130	2	0 0 0 0 0 1 0 0 0 0
130	1	1 1 0 0 0 0 0 0 0 0
130	5	0 0 1 0 1 0 0 0 0 0
130	2	1 0 0 1 0 0 0 0 0 0
130	1	1 0 0 0 0 0 0 1 0 0
130	1	1 0 1 0 0 0 0 0 0 1
130	18	1 0 0 0 0 0 0 0 0 0
130	9	1 0 1 0 0 0 0 0 0 0
130	19	0 0 1 0 0 0 0 0 0 0
130	9	0 0 0 1 0 1 0 0 0 0
140	2	0 1 1 0 0 0 0 0 0 1
140	2	0 1 0 0 0 0 0 0 0 1
140	1	0 1 0 1 0 0 0 0 0 0
140	13	0 1 0 0 0 0 0 0 0 0
140	14	0 0 1 0 0 0 0 0 0 0
140	7	0 0 0 0 0 0 0 0 0 0
140	1	0 0 0 1 0 0 0 0 0 0
140	1	0 0 0 1 0 0 1 0 0 0
140	1	0 0 1 0 0 0 1 0 0 0
140	4	0 0 1 0 1 0 0 0 0 0
140	1	1 0 0 0 0 0 0 0 1 0
140	4	1 0 0 1 0 0 0 0 0 0
140	1	1 0 0 0 0 0 0 1 0 0
140	27	1 0 0 0 0 0 0 0 0 0
140	16	1 0 1 0 0 0 0 0 0 0
140	1	1 0 1 0 0 0 0 1 0 0
140	1	0 1 0 1 0 1 0 0 0 0
140	3	0 0 0 1 0 1 0 0 0 0
150	2	0 1 0 0 0 0 0 0 0 1
150	5	0 1 0 0 0 0 0 0 0 0
150	4	0 0 0 0 0 0 0 0 0 0
150	1	1 0 0 0 0 0 0 0 1 0
150	9	1 0 0 1 0 0 0 0 0 0
150	20	1 0 1 0 0 0 0 0 0 0
150	21	1 0 0 0 0 0 0 0 0 0
150	2	0 0 1 0 1 0 0 0 0 0
150	1	0 0 1 0 0 0 1 0 0 0
150	25	0 0 1 0 0 0 0 0 0 0
150	1	0 0 0 1 0 0 0 0 0 0
150	1	1 1 1 0 0 0 0 0 0 0
150	1	1 0 0 0 0 0 0 1 0 0
150	2	1 0 1 0 0 0 1 0 0 0
150	3	1 0 1 0 0 1 0 0 0 0
150	2	0 0 0 1 0 1 0 0 0 0
