10	26	1 0 1 0 1 0 0 0 0 0 0 0 1 1 1 0 0 0 0 1 1 1 1 1 0 0 1 1 0 0 0 1 0 0 0 0 0 0 0 1 1 1 1 1 0 1 0 0 1 1
10	1	0 1 1 0 0 1 1 1 1 1 0 0 1 0 0 1 0 0 1 1 0 0 0 1 0 1 1 0 1 0 0 1 0 0 1 1 1 1 1 1 0 0 0 0 1 0 1 1 1 0
10	8	0 1 1 0 0 1 0 1 1 1 0 0 1 0 0 1 0 0 1 1 0 0 0 1 0 1 1 0 1 0 0 1 0 0 1 1 1 1 1 1 1 0 0 0 1 0 1 1 1 0
10	1	1 0 1 0 1 1 1 1 1 1 1 0 0 1 0 0 0 0 1 0 0 1 0 0 1 1 0 0 1 1 0 0 1 0 0 0 0 1 1 1 1 1 1 0 1 0 1 0 1 1
10	17	1 0 1 0 1 1 1 1 1 1 0 0 0 1 0 0 0 0 1 0 0 1 0 0 1 1 0 0 1 1 0 0 1 0 0 0 0 1 1 1 1 1 1 0 1 0 1 0 1 1
10	1	0 1 0 1 0 0 0 1 1 0 1 1 0 1 0 0 0 0 0 0 0 1 0 1 1 0 1 1 0 0 0 1 1 1 1 1 0 1 0 1 1 0 0 0 1 1 1 1 1 0
10	7	0 1 0 1 0 0 0 1 1 0 1 1 0 1 0 0 0 0 0 0 0 1 0 1 1 0 0 1 0 0 0 1 1 1 1 1 0 1 0 1 1 0 0 0 1 1 1 1 1 0
10	5	1 0 1 1 0 1 0 1 1 1 1 0 1 0 0 1 1 0 1 1 0 1 1 1 1 1 0 0 0 1 1 0 1 1 1 1 1 0 1 0 0 0 0 1 1 0 0 0 0 1
10	2	1 0 1 1 0 1 0 1 1 1 1 0 1 0 0 1 1 0 1 1 1 1 1 0 1 1 0 0 0 1 1 0 1 1 1 1 1 0 1 0 0 0 0 1 1 0 0 0 0 1
10	32	1 0 1 1 0 1 0 1 1 1 1 0 1 0 0 1 1 0 1 1 0 1 1 0 1 1 0 0 0 1 1 0 1 1 1 1 1 0 1 0 0 0 0 1 1 0 0 0 0 1
20	2	1 0 1 0 1 0 0 0 0 0 0 0 1 1 1 0 0 0 0 1 1 1 1 1 0 0 1 1 0 0 0 1 0 0 0 0 0 0 0 1 1 1 1 1 0 1 0 0 1 1
20	1	1 0 1 0 1 1 1 1 1 1 0 0 0 1 0 0 0 0 1 0 0 1 0 0 1 1 0 0 1 1 0 0 1 0 0 0 0 1 1 1 1 1 1 0 1 0 1 0 1 1
20	1	0 1 0 1 0 0 0 1 1 0 1 1 0 1 0 0 0 0 0 0 0 1 0 1 1 0 0 1 0 0 0 1 1 1 1 1 0 1 0 1 1 0 0 0 1 1 1 1 1 0
20	2	1 0 1 1 0 1 0 1 1 1 1 0 1 0 0 1 1 0 1 1 0 1 1 1 1 1 0 0 0 1 1 0 1 1 1 1 1 0 1 0 0 0 0 1 1 0 0 0 0 1
20	7	1 0 1 1 0 1 0 1 1 1 1 0 1 1 0 1 1 0 1 1 0 1 1 0 1 1 0 0 0 1 1 0 1 1 1 1 1 0 1 0 0 0 0 1 1 0 0 0 0 1
20	1	1 0 1 1 0 1 0 1 1 1 1 0 1 0 0 1 1 0 1 1 0 1 1 0 1 1 0 0 0 1 1 0 1 1 1 1 1 0 1 0 0 0 0 0 1 0 0 0 0 1
20	1	1 0 1 1 0 1 0 1 1 1 1 0 1 0 0 1 1 0 1 1 0 1 1 0 1 1 0 0 0 1 1 0 1 0 1 1 1 0 1 0 0 0 0 1 1 0 0 0 0 1
20	2	1 0 1 1 0 1 0 1 1 1 1 0 1 0 0 1 1 0 1 1 1 1 1 0 1 1 0 0 0 1 1 0 1 1 1 1 1 0 1 0 0 0 0 1 1 0 0 0 0 1
20	81	1 0 1 1 0 1 0 1 1 1 1 0 1 0 0 1 1 0 1 1 0 1 1 0 1 1 0 0 0 1 1 0 1 1 1 1 1 0 1 0 0 0 0 1 1 0 0 0 0 1
20	1	1 0 0 1 0 1 0 1 1 1 1 0 1 0 0 1 1 0 1 1 0 1 1 0 1 1 0 0 0 1 1 0 1 1 1 1 1 0 1 0 0 0 0 1 1 0 0 0 0 1
20	1	1 0 1 1 0 1 0 1 1 1 1 0 1 0 0 1 1 0 1 1 0 1 0 0 1 1 0 0 0 1 1 0 1 1 1 1 1 0 1 0 0 0 0 1 1 0 0 0 0 1
30	3	1 0 1 1 0 1 0 1 1 1 1 0 1 0 0 1 1 0 1 1 0 1 1 1 1 1 0 0 0 1 1 0 1 1 1 1 1 0 1 0 0 0 0 1 1 0 0 0 0 1
30	12	1 0 1 1 0 1 0 1 1 1 1 0 1 1 0 1 1 0 1 1 0 1 1 0 1 1 0 0 0 1 1 0 1 1 1 1 1 0 1 0 0 0 0 1 1 0 0 0 0 1
30	2	1 0 1 1 0 1 0 1 1 1 1 0 1 0 0 1 1 0 1 1 1 1 1 0 1 1 1 0 0 1 1 0 1 1 1 1 1 0 1 0 0 0 0 1 1 0 0 0 0 1
30	10	1 0 1 1 0 1 0 1 1 1 1 0 1 0 0 1 1 0 1 1 1 1 1 0 1 1 0 0 0 1 1 0 1 1 1 1 1 0 1 0 0 0 0 1 1 0 0 0 0 1
30	1	1 0 1 1 0 1 0 1 1 0 1 0 1 0 0 1 1 0 1 1 0 1 1 0 1 1 0 0 0 1 1 0 1 1 1 1 1 0 1 0 0 0 0 1 1 0 0 0 0 1
30	71	1 0 1 1 0 1 0 1 1 1 1 0 1 0 0 1 1 0 1 1 0 1 1 0 1 1 0 0 0 1 1 0 1 1 1 1 1 0 1 0 0 0 0 1 1 0 0 0 0 1
30	1	1 0 1 1 0 1 0 1 1 1 1 0 1 0 0 1 1 0 1 1 0 1 1 0 1 1 0 0 0 1 1 0 1 0 1 1 1 0 1 0 0 0 0 1 1 0 0 0 0 1
40	1	0 0 1 1 0 1 0 1 1 1 1 0 1 0 0 1 1 0 1 1 0 1 1 1 1 1 0 0 0 1 1 0 1 1 1 1 1 0 1 0 0 0 0 1 1 0 0 0 0 1
40	1	1 0 1 1 0 1 0 1 1 1 1 0 1 0 0 1 1 0 1 1 0 1 1 1 1 1 0 0 0 1 1 0 1 1 1 1 1 0 1 0 0 0 0 1 1 0 0 0 0 1
40	12	1 0 1 1 0 1 0 1 1 1 1 0 1 1 0 1 1 0 1 1 0 1 1 0 1 1 0 0 0 1 1 0 1 1 1 1 1 0 1 0 0 0 0 1 1 0 0 0 0 1
40	1	1 0 1 1 0 1 0 1 1 1 1 0 1 0 0 1 1 0 1 1 1 1 1 0 1 1 1 0 0 1 1 0 1 1 1 1 1 0 1 0 0 0 0 1 1 0 0 0 0 1
40	1	1 0 1 1 0 1 0 1 1 1 1 0 1 0 0 1 1 0 1 1 1 1 1 0 1 1 0 0 0 1 1 0 1 1 1 1 1 0 1 0 1 0 0 1 1 0 0 0 0 1
40	13	1 0 1 1 0 1 0 1 1 1 1 0 1 0 0 1 1 0 1 1 1 1 1 0 1 1 0 0 0 1 1 0 1 1 1 1 1 0 1 0 0 0 0 1 1 0 0 0 0 1
40	1	1 0 1 1 0 1 0 1 1 1 1 0 1 0 0 1 1 1 1 1 0 1 1 0 1 1 0 0 0 1 1 0 1 1 1 1 1 0 1 0 0 0 0 1 1 0 0 0 0 1
40	1	1 1 1 1 0 1 0 1 1 1 1 0 1 0 0 1 1 0 1 1 0 1 1 0 1 1 0 0 0 1 1 0 1 1 1 1 1 0 1 0 0 0 0 1 1 0 0 0 0 1
40	69	1 0 1 1 0 1 0 1 1 1 1 0 1 0 0 1 1 0 1 1 0 1 1 0 1 1 0 0 0 1 1 0 1 1 1 1 1 0 1 0 0 0 0 1 1 0 0 0 0 1
50	2	1 0 1 1 0 1 0 1 1 1 1 0 0 1 0 1 1 0 1 1 0 1 1 0 1 1 0 0 0 1 1 0 1 1 1 1 1 0 1 0 0 0 0 1 1 0 0 0 0 1
50	1	1 0 1 1 0 1 0 1 0 1 1 0 1 1 0 1 1 0 1 1 0 1 1 0 1 1 0 0 0 1 1 0 1 1 1 1 1 0 1 0 0 0 0 1 1 0 0 0 0 1
50	20	1 0 1 1 0 1 0 1 1 1 1 0 1 1 0 1 1 0 1 1 0 1 1 0 1 1 0 0 0 1 1 0 1 1 1 1 1 0 1 0 0 0 0 1 1 0 0 0 0 1
50	1	1 0 1 1 0 1 0 1 1 1 1 0 1 0 0 1 1 0 1 1 1 1 1 0 1 1 1 0 0 1 1 0 1 1 1 1 1 0 1 0 0 0 0 1 1 0 0 0 0 1
50	1	1 0 1 1 0 1 0 1 1 1 1 0 1 0 0 1 1 0 1 1 1 1 1 0 1 1 0 0 0 1 1 0 1 1 1 1 0 0 1 0 0 0 0 1 1 0 0 0 0 1
50	7	1 0 1 1 0 1 0 1 1 1 1 0 1 0 0 1 1 0 1 1 1 1 1 0 1 1 0 0 0 1 1 0 1 1 1 1 1 0 1 0 0 0 0 1 1 0 0 0 0 1
50	1	1 0 1 1 0 1 0 1 1 1 1 1 1 0 0 1 1 0 1 1 0 1 1 0 1 1 0 0 0 1 1 0 1 1 1 1 1 0 1 0 0 0 0 1 1 0 0 0 0 1
50	1	1 0 1 1 0 1 0 1 1 1 1 0 1 0 0 1 1 0 1 1 0 1 1 0 1 1 0 0 0 1 1 0 1 1 1 1 1 0 1 0 0 0 0 1 1 0 0 1 0 1
50	1	1 0 1 1 0 1 0 1 1 1 0 0 1 0 0 1 1 0 1 1 0 1 1 0 1 1 0 0 0 1 1 0 1 1 1 1 1 0 1 0 0 0 0 1 1 0 0 0 0 1
50	65	1 0 1 1 0 1 0 1 1 1 1 0 1 0 0 1 1 0 1 1 0 1 1 0 1 1 0 0 0 1 1 0 1 1 1 1 1 0 1 0 0 0 0 1 1 0 0 0 0 1
60	3	1 0 1 1 0 1 0 1 1 1 1 0 0 1 0 1 1 0 1 1 0 1 1 0 1 1 0 0 0 1 1 0 1 1 1 1 1 0 1 0 0 0 0 1 1 0 0 0 0 1
60	14	1 0 1 1 0 1 0 1 1 1 1 0 1 1 0 1 1 0 1 1 0 1 1 0 1 1 0 0 0 1 1 0 1 1 1 1 1 0 1 0 0 0 0 1 1 0 0 0 0 1
60	1	1 0 1 1 0 1 0 1 1 1 1 0 1 0 0 1 1 0 1 1 1 1 1 0 0 1 0 0 0 1 1 0 1 1 1 1 1 0 1 0 0 0 0 1 1 0 0 0 0 1
60	10	1 0 1 1 0 1 0 1 1 1 1 0 1 0 0 1 1 0 1 1 1 1 1 0 1 1 0 0 0 1 1 0 1 1 1 1 1 0 1 0 0 0 0 1 1 0 0 0 0 1
60	1	1 0 1 1 0 1 0 1 1 1 1 0 1 0 0 1 1 1 1 1 0 1 1 0 1 1 0 0 0 1 1 0 1 1 1 1 1 0 1 0 0 0 0 1 1 0 0 0 0 1
60	1	1 0 1 1 0 1 0 1 1 1 1 0 1 0 0 1 1 0 1 1 0 1 1 0 1 1 0 0 0 1 1 0 1 0 1 1 1 0 1 0 0 0 0 1 1 0 0 0 0 1
60	1	1 0 1 1 0 1 0 1 1 1 1 0 1 0 0 1 1 0 1 1 0 1 1 0 1 1 0 0 0 1 1 0 1 1 1 1 1 0 1 0 0 0 0 1 1 0 0 1 0 1
60	1	1 0 1 1 0 1 0 1 1 1 1 0 1 0 0 1 1 0 1 1 0 1 1 0 1 1 0 0 0 1 1 0 0 1 1 1 1 0 1 0 0 0 0 1 1 0 0 0 0 1
60	1	0 0 1 1 0 1 0 1 1 1 1 0 1 0 0 1 1 0 1 1 0 1 1 0 1 1 0 0 0 1 1 0 1 1 1 1 1 0 1 0 0 0 0 1 1 0 0 0 0 1
60	1	1 0 1 1 0 1 0 1 1 1 1 0 1 0 0 1 1 0 1 1 0 1 0 0 1 1 0 0 0 1 1 0 1 1 1 1 1 0 1 0 0 0 0 1 1 0 0 0 0 1
60	66	1 0 1 1 0 1 0 1 1 1 1 0 1 0 0 1 1 0 1 1 0 1 1 0 1 1 0 0 0 1 1 0 1 1 1 1 1 0 1 0 0 0 0 1 1 0 0 0 0 1
70	1	1 0 1 1 0 1 0 1 1 1 1 0 1 0 0 1 1 0 1 1 0 1 1 1 1 1 0 0 0 1 1 0 1 1 1 1 1 0 1 0 0 0 0 1 1 0 0 0 0 1
70	5	1 0 1 1 0 1 0 1 1 1 1 0 1 0 0 1 1 0 1 1 1 1 1 0 1 1 0 0 0 1 1 0 1 1 1 1 1 0 1 0 0 0 0 1 1 0 0 0 0 1
70	76	1 0 1 1 0 1 0 1 1 1 1 0 1 0 0 1 1 0 1 1 0 1 1 0 1 1 0 0 0 1 1 0 1 1 1 1 1 0 1 0 0 0 0 1 1 0 0 0 0 1
70	11	1 0 1 1 0 1 0 1 1 1 1 0 1 1 0 1 1 0 1 1 0 1 1 0 1 1 0 0 0 1 1 0 1 1 1 1 1 0 1 0 0 0 0 1 1 0 0 0 0 1
70	1	1 0 1 1 0 1 0 1 1 1 1 0 1 0 0 1 1 0 1 1 1 1 1 0 0 1 0 0 0 1 1 0 1 1 1 1 1 0 1 0 0 0 0 1 1 0 0 0 0 1
70	3	1 0 1 1 0 1 0 1 1 1 1 1 1 0 0 1 1 0 1 1 0 1 1 0 1 1 0 0 0 1 1 0 1 1 1 1 1 0 1 0 0 0 0 1 1 0 0 0 0 1
70	1	1 0 1 1 0 1 0 1 1 1 1 0 1 0 0 1 0 0 1 1 0 1 1 0 1 1 0 0 0 1 1 0 1 1 1 1 1 0 1 0 0 0 0 1 1 0 0 0 0 1
70	1	1 0 1 1 0 1 0 1 1 1 1 0 1 0 0 1 1 0 1 1 0 1 1 0 1 1 0 0 0 1 1 0 1 1 1 1 1 0 1 0 0 0 1 1 1 0 0 0 0 1
70	1	1 0 1 1 0 1 0 1 1 1 1 0 1 0 0 1 1 0 1 1 0 1 1 0 1 1 0 0 0 1 1 0 1 1 1 1 1 0 1 1 0 0 0 1 1 0 0 0 0 1
80	2	1 0 1 1 0 1 0 1 1 1 1 0 0 1 0 1 1 0 1 1 0 1 1 0 1 1 0 0 0 1 1 0 1 1 1 1 1 0 1 0 0 0 0 1 1 0 0 0 0 1
80	11	1 0 1 1 0 1 0 1 1 1 1 0 1 0 0 1 1 0 1 1 1 1 1 0 1 1 0 0 0 1 1 0 1 1 1 1 1 0 1 0 0 0 0 1 1 0 0 0 0 1
80	6	1 0 1 1 0 1 0 1 1 1 1 1 1 0 0 1 1 0 1 1 0 1 1 0 1 1 0 0 0 1 1 0 1 1 1 1 1 0 1 0 0 0 0 1 1 0 0 0 0 1
80	1	1 0 1 1 0 1 0 1 1 1 1 0 1 0 0 1 1 0 1 1 0 1 1 0 1 1 0 0 0 1 1 0 1 1 1 1 1 0 1 0 0 0 0 1 1 0 1 0 0 1
80	1	1 0 1 1 0 1 0 1 1 1 1 0 1 0 0 1 0 0 1 1 0 1 1 0 1 1 0 0 0 1 1 0 1 1 1 1 1 0 1 0 0 0 0 1 1 0 0 0 0 1
80	1	1 0 1 1 0 1 0 1 1 1 1 0 1 0 0 1 1 0 1 1 0 1 1 0 1 1 0 0 0 1 1 0 1 1 1 1 1 0 1 0 0 0 1 1 1 0 0 0 0 1
80	1	1 0 1 1 0 1 0 1 1 1 1 0 1 0 0 1 1 0 1 1 0 1 1 0 1 1 0 0 0 1 1 0 1 1 1 1 1 0 1 1 0 0 0 1 1 0 0 0 0 1
80	63	1 0 1 1 0 1 0 1 1 1 1 0 1 0 0 1 1 0 1 1 0 1 1 0 1 1 0 0 0 1 1 0 1 1 1 1 1 0 1 0 0 0 0 1 1 0 0 0 0 1
80	13	1 0 1 1 0 1 0 1 1 1 1 0 1 1 0 1 1 0 1 1 0 1 1 0 1 1 0 0 0 1 1 0 1 1 1 1 1 0 1 0 0 0 0 1 1 0 0 0 0 1
80	1	1 0 1 1 0 1 0 1 1 1 1 0 1 0 0 1 1 1 1 1 0 1 1 0 1 1 0 0 0 1 1 1 1 1 1 1 1 0 1 0 0 0 0 1 1 0 0 0 0 1
90	3	1 0 1 1 0 1 0 1 1 1 1 0 1 0 0 1 1 0 1 1 0 1 1 1 1 1 0 0 1 1 1 0 1 1 1 1 1 0 1 0 0 0 0 1 1 0 0 0 0 1
90	1	1 0 1 1 0 1 0 1 1 1 1 0 0 0 0 1 1 0 1 1 1 1 1 0 1 1 0 0 0 1 1 0 1 1 1 1 1 0 1 0 0 0 0 1 1 0 0 0 0 1
90	1	1 0 1 1 0 1 0 1 1 1 1 0 1 0 0 1 1 0 1 1 1 1 1 0 1 1 0 0 0 1 1 0 1 1 1 1 0 0 1 0 0 0 0 1 1 0 0 0 0 1
90	15	1 0 1 1 0 1 0 1 1 1 1 0 1 0 0 1 1 0 1 1 1 1 1 0 1 1 0 0 0 1 1 0 1 1 1 1 1 0 1 0 0 0 0 1 1 0 0 0 0 1
90	5	1 0 1 1 0 1 0 1 1 1 1 1 1 0 0 1 1 0 1 1 0 1 1 0 1 1 0 0 0 1 1 0 1 1 1 1 1 0 1 0 0 0 0 1 1 0 0 0 0 1
90	2	1 0 1 1 0 1 0 1 1 1 1 0 1 0 0 1 0 0 1 1 0 1 1 0 1 1 0 0 0 1 1 0 1 1 1 1 1 0 1 0 0 0 0 1 1 0 0 0 0 1
90	1	1 0 1 1 0 1 0 1 1 1 1 0 1 0 0 1 1 0 1 1 0 1 1 0 1 1 0 0 0 1 1 0 1 1 1 1 1 0 1 0 0 0 1 1 1 0 0 0 0 1
90	2	1 0 1 1 0 1 0 1 1 1 1 0 1 0 0 1 1 0 1 1 0 1 1 0 0 1 0 0 0 1 1 0 1 1 1 1 1 0 1 0 0 0 0 1 1 0 0 0 0 1
90	1	1 0 1 1 0 1 0 1 1 1 1 0 1 0 0 1 1 0 1 1 0 1 1 0 1 1 0 0 0 1 1 0 1 1 1 1 1 0 1 0 0 0 0 0 1 0 0 0 0 1
90	51	1 0 1 1 0 1 0 1 1 1 1 0 1 0 0 1 1 0 1 1 0 1 1 0 1 1 0 0 0 1 1 0 1 1 1 1 1 0 1 0 0 0 0 1 1 0 0 0 0 1
90	1	1 0 1 1 0 1 0 1 1 1 1 0 1 1 0 1 1 0 1 1 0 1 1 0 1 1 1 0 0 1 1 0 1 1 1 1 1 0 1 0 0 0 0 1 1 0 0 0 0 1
90	14	1 0 1 1 0 1 0 1 1 1 1 0 1 1 0 1 1 0 1 1 0 1 1 0 1 1 0 0 0 1 1 0 1 1 1 1 1 0 1 0 0 0 0 1 1 0 0 0 0 1
90	3	1 0 1 1 0 1 0 1 1 1 1 0 1 0 0 1 1 1 1 1 0 1 1 0 1 1 0 0 0 1 1 1 1 1 1 1 1 0 1 0 0 0 0 1 1 0 0 0 0 1
100	1	1 0 1 1 0 1 0 1 1 1 1 0 0 1 0 1 1 0 1 1 0 1 1 0 1 1 0 0 0 1 1 0 1 1 1 1 1 0 1 0 0 0 0 1 1 0 0 0 0 1
100	1	1 0 1 1 0 1 0 1 1 1 1 0 1 0 0 1 1 0 1 1 1 1 1 0 1 1 0 0 0 1 1 0 1 1 1 1 0 0 1 0 0 1 0 1 1 0 0 0 0 1
100	10	1 0 1 1 0 1 0 1 1 1 1 0 1 0 0 1 1 0 1 1 1 1 1 0 1 1 0 0 0 1 1 0 1 1 1 1 1 0 1 0 0 0 0 1 1 0 0 0 0 1
100	2	1 0 1 1 0 1 0 1 1 1 1 1 1 0 0 1 1 0 1 1 0 1 1 0 1 1 0 0 0 1 1 0 1 1 1 1 1 0 1 0 0 0 0 1 1 0 0 0 0 1
100	5	1 0 1 1 0 1 0 1 1 1 1 0 1 0 0 1 0 0 1 1 0 1 1 0 1 1 0 0 0 1 1 0 1 1 1 1 1 0 1 0 0 0 0 1 1 0 0 0 0 1
100	1	1 0 1 1 0 1 0 1 1 1 1 0 1 0 0 1 1 0 1 1 0 1 1 0 1 1 0 0 0 1 1 0 1 1 1 0 1 0 1 0 0 0 0 1 1 0 0 0 0 1
100	1	1 0 1 1 0 1 0 1 1 1 1 0 1 0 0 1 1 0 1 1 0 1 1 0 0 1 0 0 0 1 1 0 1 1 1 1 1 0 1 0 0 0 0 1 1 0 0 0 0 1
100	1	1 1 1 1 0 1 0 1 1 1 1 0 1 0 0 1 1 0 1 1 0 1 1 0 1 1 0 0 0 1 1 0 1 1 1 1 1 0 1 0 0 0 0 1 1 0 0 0 0 1
100	2	1 0 1 1 0 1 0 1 1 1 1 0 1 0 0 1 1 0 1 1 0 1 1 0 1 1 0 0 0 1 1 0 1 1 1 1 1 0 1 0 0 0 0 1 1 0 0 0 0 0
100	1	1 0 1 1 0 1 0 1 1 1 1 0 1 0 0 1 1 0 1 1 0 1 1 0 1 1 0 0 0 0 1 0 1 1 1 1 1 0 1 0 0 0 0 1 1 0 0 0 0 1
100	57	1 0 1 1 0 1 0 1 1 1 1 0 1 0 0 1 1 0 1 1 0 1 1 0 1 1 0 0 0 1 1 0 1 1 1 1 1 0 1 0 0 0 0 1 1 0 0 0 0 1
100	3	1 0 1 1 0 1 0 1 1 1 1 0 1 1 0 1 1 0 1 1 0 1 1 0 1 1 1 0 0 1 1 0 1 1 1 1 1 0 1 0 0 0 0 1 1 0 0 0 0 1
100	1	1 0 1 1 0 1 0 1 1 1 1 0 1 1 0 1 1 0 1 1 0 1 1 0 1 1 0 0 0 1 1 0 1 0 1 1 1 0 1 0 0 0 0 1 1 0 0 0 0 1
100	11	1 0 1 1 0 1 0 1 1 1 1 0 1 1 0 1 1 0 1 1 0 1 1 0 1 1 0 0 0 1 1 0 1 1 1 1 1 0 1 0 0 0 0 1 1 0 0 0 0 1
100	3	1 0 1 1 0 1 0 1 1 1 1 0 1 0 0 1 1 1 1 1 0 1 1 0 1 1 0 0 0 1 1 1 1 1 1 1 1 0 1 0 0 0 0 1 1 0 0 0 0 1
110	2	1 0 1 1 0 1 0 1 1 1 1 0 1 0 0 1 1 0 1 1 0 1 1 1 1 1 0 0 1 1 1 0 1 1 1 1 1 0 1 0 0 0 0 1 1 0 0 0 0 1
110	2	1 0 1 1 0 1 1 1 1 1 1 0 1 0 0 1 1 0 1 1 1 1 1 0 1 1 0 0 0 1 1 0 1 1 1 1 1 0 1 0 0 0 0 1 1 0 0 0 0 1
110	1	1 0 1 1 0 1 0 1 1 1 1 0 1 0 0 1 1 0 1 1 1 1 1 0 1 1 0 0 0 1 1 0 1 1 1 1 1 0 1 0 0 0 1 1 1 0 0 0 0 1
110	11	1 0 1 1 0 1 0 1 1 1 1 0 1 0 0 1 1 0 1 1 1 1 1 0 1 1 0 0 0 1 1 0 1 1 1 1 1 0 1 0 0 0 0 1 1 0 0 0 0 1
110	1	1 0 1 1 0 1 0 1 1 1 1 1 1 0 0 1 1 0 1 1 0 1 1 0 1 1 0 0 0 1 1 0 1 1 1 1 1 0 1 0 0 0 0 1 1 0 0 1 0 1
110	3	1 0 1 1 0 1 0 1 1 1 1 1 1 0 0 1 1 0 1 1 0 1 1 0 1 1 0 0 0 1 1 0 1 1 1 1 1 0 1 0 0 0 0 1 1 0 0 0 0 1
110	1	1 0 1 1 0 1 0 1 1 1 1 0 1 0 0 1 0 0 1 1 0 1 1 0 1 1 0 0 0 1 1 0 1 1 1 1 1 0 1 0 0 0 0 1 1 0 0 0 0 1
110	1	1 0 1 1 0 1 0 1 1 1 1 0 1 0 0 1 1 0 1 1 0 1 1 0 1 1 0 0 0 1 1 0 1 1 1 1 1 0 1 0 0 0 0 1 1 0 0 0 0 0
110	1	1 0 1 1 0 1 0 1 1 1 1 0 1 0 0 1 1 0 1 1 0 1 0 0 1 1 0 0 0 1 1 0 1 1 1 1 0 0 1 0 0 0 0 1 1 0 0 0 0 1
110	6	1 0 1 1 0 1 0 1 1 1 1 0 1 0 0 1 1 0 1 1 0 1 1 0 1 1 0 0 0 1 1 0 1 1 1 1 0 0 1 0 0 0 0 1 1 0 0 0 0 1
110	1	1 0 1 1 0 1 0 1 1 1 1 0 1 0 0 1 1 0 1 0 0 1 1 0 1 1 0 0 0 1 1 0 1 1 1 1 1 0 1 0 0 0 0 1 1 0 0 0 0 1
110	42	1 0 1 1 0 1 0 1 1 1 1 0 1 0 0 1 1 0 1 1 0 1 1 0 1 1 0 0 0 1 1 0 1 1 1 1 1 0 1 0 0 0 0 1 1 0 0 0 0 1
110	3	1 0 1 1 0 1 0 1 1 1 1 0 1 1 0 1 1 0 1 1 0 1 1 0 1 1 0 0 0 1 1 0 1 1 1 1 1 0 1 0 0 0 0 1 1 0 0 0 0 0
110	11	1 0 1 1 0 1 0 1 1 1 1 0 1 1 0 1 1 0 1 1 0 1 1 0 1 1 0 0 0 1 1 0 1 1 1 1 1 0 1 0 0 0 0 1 1 0 0 0 0 1
110	13	1 0 1 1 0 1 0 1 1 1 1 0 1 1 0 1 1 0 1 1 0 1 1 0 1 1 1 0 0 1 1 0 1 1 1 1 1 0 1 0 0 0 0 1 1 0 0 0 0 1
110	1	1 0 1 1 0 1 0 1 1 1 1 0 1 1 0 1 1 0 1 1 0 1 1 0 1 1 0 0 0 1 1 0 1 1 1 0 1 0 1 0 0 0 0 1 1 0 0 0 0 1
120	1	1 0 1 1 0 1 1 1 1 1 1 0 1 0 0 1 1 0 1 1 1 1 1 0 1 1 0 0 0 1 1 0 0 1 1 1 1 0 1 0 0 0 0 1 1 0 0 0 0 1
120	1	1 0 1 1 0 1 0 1 1 1 1 0 1 0 0 1 1 0 1 1 1 1 1 0 1 1 0 0 0 1 1 0 1 1 1 1 1 0 1 0 0 0 1 1 1 0 0 0 0 1
120	2	1 0 1 1 0 1 0 1 1 1 1 0 1 1 0 1 1 0 1 1 1 1 1 0 1 1 0 0 0 1 1 0 1 1 1 1 1 0 1 0 0 0 0 1 1 0 0 0 0 1
120	16	1 0 1 1 0 1 0 1 1 1 1 0 1 0 0 1 1 0 1 1 1 1 1 0 1 1 0 0 0 1 1 0 1 1 1 1 1 0 1 0 0 0 0 1 1 0 0 0 0 1
120	4	1 0 1 1 0 1 0 1 1 1 1 1 1 0 0 1 1 0 1 1 0 1 1 0 1 1 0 0 0 1 1 0 1 1 1 1 1 0 1 0 0 0 0 1 1 0 0 0 0 1
120	1	1 0 1 1 0 1 0 1 1 1 1 0 1 0 0 1 0 0 1 1 0 1 1 0 1 1 0 0 0 1 1 0 1 1 1 1 1 0 1 0 0 0 0 1 1 0 0 0 0 1
120	2	1 0 1 1 0 1 0 1 1 1 1 0 1 0 0 1 1 0 1 1 0 1 1 0 1 1 0 0 0 1 1 0 1 1 1 1 1 0 1 0 0 0 0 1 1 0 0 0 0 0
120	4	1 0 1 1 0 1 0 1 1 1 1 0 1 0 0 1 1 0 1 1 0 1 1 0 1 1 0 0 0 1 1 0 1 1 1 1 0 0 1 0 0 0 0 1 1 0 0 0 0 1
120	1	1 0 1 1 0 1 0 1 1 1 1 0 1 0 0 1 1 0 1 0 0 1 1 0 1 1 0 0 0 1 1 0 1 1 1 1 1 0 1 0 0 0 0 1 1 0 0 0 0 1
120	1	1 0 1 1 0 1 0 1 1 1 1 0 1 0 0 1 1 0 1 1 0 1 1 0 1 1 0 1 0 1 1 0 1 1 1 1 1 0 1 0 0 0 0 1 1 0 0 0 0 1
120	1	1 0 1 1 0 1 0 1 1 1 1 0 1 0 0 1 1 0 1 1 0 0 1 0 1 1 0 0 0 1 1 0 1 1 1 1 1 0 1 0 0 0 0 1 1 0 0 0 0 1
120	1	1 0 1 1 0 1 0 1 1 1 1 0 1 0 0 1 1 0 1 1 0 1 1 0 0 1 0 0 0 1 1 0 1 1 1 1 1 0 1 0 0 0 0 1 1 0 0 0 0 1
120	39	1 0 1 1 0 1 0 1 1 1 1 0 1 0 0 1 1 0 1 1 0 1 1 0 1 1 0 0 0 1 1 0 1 1 1 1 1 0 1 0 0 0 0 1 1 0 0 0 0 1
120	1	1 0 1 1 0 1 0 1 1 1 1 0 1 1 0 1 1 0 1 1 0 1 1 0 1 1 0 0 0 1 1 0 1 1 1 1 1 0 1 0 0 0 0 1 1 0 0 0 0 0
120	7	1 0 1 1 0 1 0 1 1 1 1 0 1 1 0 1 1 0 1 1 0 1 1 0 1 1 0 0 0 1 1 0 1 1 1 1 1 0 1 0 0 0 0 1 1 0 0 0 0 1
120	18	1 0 1 1 0 1 0 1 1 1 1 0 1 1 0 1 1 0 1 1 0 1 1 0 1 1 1 0 0 1 1 0 1 1 1 1 1 0 1 0 0 0 0 1 1 0 0 0 0 1
130	2	1 0 1 1 0 1 1 1 1 1 1 0 1 0 0 1 1 0 1 1 1 1 1 0 1 1 0 0 0 1 1 0 1 1 1 1 1 0 1 0 0 0 0 1 1 0 0 0 0 1
130	2	1 0 1 1 0 1 0 1 1 1 1 0 1 0 0 1 1 0 1 1 1 1 1 0 1 1 0 0 0 1 1 0 1 0 1 1 1 0 1 0 0 0 0 1 1 0 0 0 0 1
130	1	1 0 1 1 0 1 0 1 1 1 1 0 1 0 0 1 1 0 1 1 1 1 1 0 1 1 0 0 0 1 1 0 1 1 1 1 1 0 1 0 0 0 0 1 1 0 0 0 1 1
130	1	1 0 1 1 0 1 0 1 1 1 1 0 1 0 0 1 1 0 1 1 1 1 1 0 1 1 0 0 0 1 1 0 1 1 1 1 1 0 1 0 0 0 0 0 1 0 0 0 0 1
130	12	1 0 1 1 0 1 0 1 1 1 1 0 1 0 0 1 1 0 1 1 1 1 1 0 1 1 0 0 0 1 1 0 1 1 1 1 1 0 1 0 0 0 0 1 1 0 0 0 0 1
130	28	1 0 1 1 0 1 0 1 1 1 1 0 1 0 0 1 1 0 1 1 0 1 1 0 1 1 0 0 0 1 1 0 1 1 1 1 1 0 1 0 0 0 0 1 1 0 0 0 0 1
130	4	1 0 1 1 0 1 0 1 1 1 1 1 1 0 0 1 1 0 1 1 0 1 1 0 1 1 0 0 0 1 1 0 1 1 1 1 1 0 1 0 0 0 0 1 1 0 0 0 0 1
130	8	1 0 1 1 0 1 0 1 1 1 1 0 1 0 0 1 1 0 1 1 0 1 1 0 1 1 0 0 0 1 1 0 1 1 1 1 1 0 1 0 0 0 0 1 1 0 0 0 0 0
130	1	1 0 1 1 0 1 0 1 1 1 1 0 1 0 0 1 1 0 1 1 0 1 1 0 1 1 0 0 0 1 1 0 1 1 1 1 0 0 1 0 0 0 0 1 1 0 0 0 0 1
130	1	1 0 1 1 0 1 0 1 1 1 1 0 1 0 0 1 1 0 1 1 0 1 1 0 1 1 0 1 0 1 1 0 1 1 1 1 0 0 1 0 0 0 0 1 1 0 0 0 0 1
130	1	1 1 1 1 0 1 0 1 1 1 1 0 1 0 0 1 1 0 1 1 0 1 1 0 1 1 0 0 0 1 1 0 1 1 1 1 1 0 1 0 0 0 0 1 1 0 0 0 0 1
130	2	1 0 1 1 0 1 0 1 1 1 1 0 1 0 0 1 1 0 1 1 0 1 1 0 1 1 0 0 0 1 1 0 1 1 1 1 1 0 0 0 0 0 0 1 1 0 0 0 0 1
130	23	1 0 1 1 0 1 0 1 1 1 1 0 1 1 0 1 1 0 1 1 0 1 1 0 1 1 1 0 0 1 1 0 1 1 1 1 1 0 1 0 0 0 0 1 1 0 0 0 0 1
130	12	1 0 1 1 0 1 0 1 1 1 1 0 1 1 0 1 1 0 1 1 0 1 1 0 1 1 0 0 0 1 1 0 1 1 1 1 1 0 1 0 0 0 0 1 1 0 0 0 0 1
130	1	1 0 1 1 0 1 0 1 1 1 1 0 1 0 0 1 1 0 1 1 0 1 1 1 1 1 0 0 0 1 1 0 1 1 1 1 1 0 1 0 0 0 0 1 1 0 1 0 0 1
130	1	1 0 1 1 0 1 0 1 1 1 1 0 1 1 0 1 1 0 1 1 0 1 1 0 1 1 0 0 0 1 1 0 1 1 1 1 1 0 1 0 0 0 0 1 1 0 0 0 0 0
140	1	1 0 1 1 0 1 1 1 1 1 1 0 1 0 0 1 1 0 1 1 1 1 1 0 1 1 0 0 0 1 1 1 1 1 1 1 1 0 1 0 0 0 0 1 1 0 0 0 0 1
140	6	1 0 1 1 0 1 1 1 1 1 1 0 1 0 0 1 1 0 1 1 1 1 1 0 1 1 0 0 0 1 1 0 1 1 1 1 1 0 1 0 0 0 0 1 1 0 0 0 0 1
140	1	1 0 1 1 0 1 0 1 1 1 1 0 1 0 0 1 1 0 1 1 1 1 1 0 1 1 0 0 0 1 1 0 1 1 1 1 1 0 1 0 0 0 0 0 1 0 0 0 0 1
140	5	1 0 1 1 0 1 0 1 1 1 1 0 1 0 0 1 1 0 1 1 1 1 1 0 1 1 0 0 0 1 1 0 1 1 1 1 1 0 1 0 0 0 0 1 1 0 0 0 0 1
140	1	1 0 1 1 0 1 0 1 1 1 1 0 1 0 0 1 1 0 1 1 0 1 1 1 1 1 0 0 0 1 1 0 1 1 1 1 1 0 1 0 0 0 0 1 1 0 0 0 0 1
140	1	0 0 1 1 0 1 0 1 1 1 1 0 1 0 0 1 1 0 1 1 0 1 1 0 1 1 0 0 0 1 1 0 1 1 1 1 1 0 1 0 0 0 0 1 1 0 0 0 0 1
140	1	1 0 1 1 0 1 0 1 1 1 1 0 1 0 0 1 0 0 1 1 0 1 1 0 1 1 0 0 0 1 1 0 1 1 1 1 1 0 1 0 0 0 0 1 1 0 0 0 0 1
140	1	1 0 1 1 0 1 0 1 1 1 1 0 1 0 0 1 1 0 1 1 0 1 1 0 1 1 0 0 0 1 1 0 1 1 1 1 0 0 1 0 0 0 0 1 1 0 0 0 0 1
140	30	1 0 1 1 0 1 0 1 1 1 1 0 1 0 0 1 1 0 1 1 0 1 1 0 1 1 0 0 0 1 1 0 1 1 1 1 1 0 1 0 0 0 0 1 1 0 0 0 0 1
140	10	1 0 1 1 0 1 0 1 1 1 1 1 1 0 0 1 1 0 1 1 0 1 1 0 1 1 0 0 0 1 1 0 1 1 1 1 1 0 1 0 0 0 0 1 1 0 0 0 0 1
140	7	1 0 1 1 0 1 0 1 1 1 1 0 1 0 0 1 1 0 1 1 0 1 1 0 1 1 0 0 0 1 1 0 1 1 1 1 1 0 1 0 0 0 0 1 1 0 0 0 0 0
140	3	1 0 1 1 0 1 0 1 1 1 1 0 1 0 0 1 1 0 1 0 0 1 1 0 1 1 0 0 0 1 1 0 1 1 1 1 1 0 1 0 0 0 0 1 1 0 0 0 0 1
140	1	1 0 1 1 0 1 0 1 1 1 1 0 1 0 0 1 1 0 1 1 0 1 1 0 1 1 0 1 0 1 1 0 1 1 1 1 0 0 1 0 0 0 0 1 1 0 0 0 0 1
140	12	1 0 1 1 0 1 0 1 1 1 1 0 1 1 0 1 1 0 1 1 0 1 1 0 1 1 0 0 0 1 1 0 1 1 1 1 1 0 1 0 0 0 0 1 1 0 0 0 0 1
140	18	1 0 1 1 0 1 0 1 1 1 1 0 1 1 0 1 1 0 1 1 0 1 1 0 1 1 1 0 0 1 1 0 1 1 1 1 1 0 1 0 0 0 0 1 1 0 0 0 0 1
140	2	1 0 1 1 0 1 0 1 1 1 1 0 1 1 0 1 1 0 1 1 0 1 1 0 1 1 0 0 0 1 1 0 1 1 1 1 1 0 1 0 0 0 0 1 1 0 0 0 0 0
150	12	1 0 1 1 0 1 1 1 1 1 1 0 1 0 0 1 1 0 1 1 1 1 1 0 1 1 0 0 0 1 1 0 1 1 1 1 1 0 1 0 0 0 0 1 1 0 0 0 0 1
150	5	1 0 1 1 0 1 0 1 1 1 1 0 1 0 0 1 1 0 1 1 1 1 1 0 1 1 0 0 0 1 1 0 1 1 1 1 1 0 1 0 0 0 0 0 1 0 0 0 0 1
150	2	1 0 1 1 0 1 0 1 1 1 1 0 0 0 0 1 1 0 1 1 1 1 1 0 1 1 0 0 0 1 1 0 1 1 1 1 1 0 1 0 0 0 0 1 1 0 0 0 0 1
150	1	1 0 1 1 0 1 0 1 1 1 1 0 1 0 0 1 1 0 1 1 1 1 1 0 1 1 0 0 0 1 0 0 1 1 1 1 1 0 1 0 0 0 0 1 1 0 0 0 0 1
150	8	1 0 1 1 0 1 0 1 1 1 1 0 1 0 0 1 1 0 1 1 1 1 1 0 1 1 0 0 0 1 1 0 1 1 1 1 1 0 1 0 0 0 0 1 1 0 0 0 0 1
150	2	1 0 1 1 0 1 0 1 1 1 1 0 1 0 0 1 0 0 1 1 0 1 1 0 1 1 0 0 0 1 1 0 1 1 1 1 1 0 1 0 0 0 0 1 1 0 0 0 0 1
150	4	1 0 1 1 0 1 0 1 1 1 1 0 1 1 0 1 1 0 1 1 0 1 1 0 1 1 0 0 0 1 1 0 1 1 1 1 1 0 1 0 0 0 0 1 1 0 0 0 0 0
150	12	1 0 1 1 0 1 0 1 1 1 1 0 1 1 0 1 1 0 1 1 0 1 1 0 1 1 0 0 0 1 1 0 1 1 1 1 1 0 1 0 0 0 0 1 1 0 0 0 0 1
150	1	1 0 1 1 0 1 0 1 0 1 1 0 1 0 0 1 1 0 1 1 0 1 1 0 1 1 0 0 0 1 1 0 1 1 1 1 1 0 1 0 0 0 0 1 1 0 0 0 0 1
150	7	1 0 1 1 0 1 0 1 1 1 1 0 1 0 0 1 1 0 1 1 0 1 1 0 1 1 0 0 0 1 1 0 1 1 1 1 1 0 1 0 0 0 0 1 1 0 0 0 0 0
150	17	1 0 1 1 0 1 0 1 1 1 1 0 1 0 0 1 1 0 1 1 0 1 1 0 1 1 0 0 0 1 1 0 1 1 1 1 1 0 1 0 0 0 0 1 1 0 0 0 0 1
150	5	1 0 1 1 0 1 0 1 1 1 1 1 1 0 0 1 1 0 1 1 0 1 1 0 1 1 0 0 0 1 1 0 1 1 1 1 1 0 1 0 0 0 0 1 1 0 0 0 0 1
150	4	1 0 1 1 0 1 0 1 1 1 1 0 1 0 0 1 1 0 1 0 0 1 1 0 1 1 0 0 0 1 1 0 1 1 1 1 1 0 1 0 0 0 0 1 1 0 0 0 0 1
150	1	1 0 1 1 0 1 0 1 1 1 1 0 1 0 0 1 1 0 1 1 0 1 1 0 1 1 0 1 0 1 1 0 1 1 1 1 0 0 1 0 0 0 0 1 1 0 0 0 0 1
150	1	1 1 1 1 0 1 0 1 1 1 1 0 1 0 0 1 1 1 1 1 0 1 1 0 1 1 0 0 0 1 1 0 1 1 1 1 1 0 1 0 0 0 0 1 1 0 0 0 0 1
150	5	1 1 1 1 0 1 0 1 1 1 1 0 1 0 0 1 1 0 1 1 0 1 1 0 1 1 0 0 0 1 1 0 1 1 1 1 1 0 1 0 0 0 0 1 1 0 0 0 0 1
150	2	1 0 1 1 1 1 0 1 1 1 1 0 1 1 0 1 1 0 1 1 0 1 1 0 1 1 1 0 0 1 1 0 1 1 1 1 1 0 1 0 0 0 0 1 1 0 0 0 0 1
150	1	1 0 1 1 0 1 0 1 1 1 1 0 1 1 0 1 1 0 1 1 0 1 1 0 1 1 1 0 0 1 1 0 1 1 1 1 1 0 1 0 0 1 0 1 1 0 0 0 0 1
150	10	1 0 1 1 0 1 0 1 1 1 1 0 1 1 0 1 1 0 1 1 0 1 1 0 1 1 1 0 0 1 1 0 1 1 1 1 1 0 1 0 0 0 0 1 1 0 0 0 0 1
160	1	1 0 1 1 0 1 1 1 1 1 1 0 1 0 0 1 1 0 1 1 1 1 1 0 1 1 0 0 0 1 1 0 1 1 1 1 1 0 1 0 0 0 0 1 0 0 0 0 0 1
160	1	1 0 1 1 0 1 1 1 1 1 1 0 1 0 0 1 1 0 1 1 1 1 1 0 1 1 0 0 0 1 1 0 1 1 1 1 1 0 1 1 0 0 0 1 1 0 0 0 0 1
160	13	1 0 1 1 0 1 1 1 1 1 1 0 1 0 0 1 1 0 1 1 1 1 1 0 1 1 0 0 0 1 1 0 1 1 1 1 1 0 1 0 0 0 0 1 1 0 0 0 0 1
160	1	1 0 1 1 0 1 0 1 1 1 1 0 1 0 0 1 1 0 1 1 1 1 1 0 1 1 0 0 0 1 1 0 1 1 1 1 1 0 1 0 0 0 0 0 1 0 1 0 0 1
160	1	1 0 1 1 0 1 0 1 1 1 1 0 1 0 0 1 1 0 1 1 1 1 1 0 1 1 0 0 0 1 0 0 1 1 1 1 1 0 1 0 0 0 0 0 1 0 0 0 0 1
160	15	1 0 1 1 0 1 0 1 1 1 1 0 1 0 0 1 1 0 1 1 1 1 1 0 1 1 0 0 0 1 1 0 1 1 1 1 1 0 1 0 0 0 0 0 1 0 0 0 0 1
160	1	1 0 1 1 0 1 0 1 1 1 1 0 1 0 0 1 1 0 1 1 1 1 1 0 1 0 0 0 0 1 1 0 1 1 1 1 1 0 1 0 0 0 0 1 1 0 0 0 0 1
160	4	1 0 1 1 0 1 0 1 1 1 1 0 1 0 0 1 1 0 1 1 1 1 1 0 1 1 0 0 0 1 1 0 1 1 1 1 1 0 1 0 0 0 0 1 1 0 0 0 0 1
160	1	1 0 1 1 0 1 0 1 1 1 1 0 1 0 0 1 0 0 1 1 0 1 1 0 1 1 0 0 0 1 1 0 1 1 1 1 1 0 1 0 0 0 0 1 1 0 0 0 0 1
160	2	1 0 1 1 0 1 0 1 1 1 1 0 1 1 0 1 1 0 1 1 0 1 1 0 1 1 0 0 0 1 1 0 1 1 1 1 1 0 1 0 0 0 0 1 1 0 0 0 0 0
160	1	1 0 1 1 0 1 0 1 1 1 1 1 1 1 0 1 1 0 1 1 0 1 1 0 1 1 0 0 0 1 1 0 1 1 1 1 1 0 1 0 0 0 0 1 1 0 0 0 0 1
160	4	1 0 1 1 0 1 0 1 1 1 1 0 1 1 0 1 1 0 1 1 0 1 1 0 1 1 0 0 0 1 1 0 1 1 1 1 1 0 1 0 0 0 0 1 1 0 0 0 0 1
160	13	1 0 1 1 0 1 0 1 1 1 1 0 1 0 0 1 1 0 1 1 0 1 1 0 1 1 0 0 0 1 1 0 1 1 1 1 1 0 1 0 0 0 0 1 1 0 0 0 0 0
160	1	1 0 1 1 0 1 0 1 1 1 1 0 1 0 0 1 1 0 1 1 0 1 1 0 1 0 0 0 0 1 1 0 1 1 1 1 1 0 1 0 0 0 0 1 1 0 0 0 0 1
160	22	1 0 1 1 0 1 0 1 1 1 1 0 1 0 0 1 1 0 1 1 0 1 1 0 1 1 0 0 0 1 1 0 1 1 1 1 1 0 1 0 0 0 0 1 1 0 0 0 0 1
160	1	1 0 1 1 0 1 0 1 1 1 1 0 1 0 0 1 1 0 1 1 0 1 1 0 1 1 0 1 0 1 1 0 1 1 1 1 0 0 1 0 0 0 0 1 1 0 0 0 0 1
160	1	1 1 1 1 0 1 0 1 1 1 1 0 1 0 0 1 1 1 1 1 0 1 1 0 1 0 0 0 0 1 1 0 1 1 1 1 1 0 1 0 0 0 0 1 1 0 0 0 0 1
160	2	1 1 1 1 0 1 0 1 1 1 1 0 1 0 0 1 1 1 1 1 0 1 1 0 1 1 0 0 0 1 1 0 1 1 1 1 1 0 1 0 0 0 0 1 1 0 0 0 0 1
160	2	1 1 1 1 0 1 0 1 1 1 1 0 1 0 0 1 1 0 1 1 0 1 1 0 1 1 0 0 1 1 1 0 1 1 1 1 1 0 1 0 0 0 0 1 1 0 0 0 0 1
160	4	1 1 1 1 0 1 0 1 1 1 1 0 1 0 0 1 1 0 1 1 0 1 1 0 1 1 0 0 0 1 1 0 1 1 1 1 1 0 1 0 0 0 0 1 1 0 0 0 0 1
160	1	1 0 1 1 1 1 0 1 1 1 1 0 1 1 0 1 1 0 1 1 0 1 1 0 1 1 1 0 0 1 1 0 1 1 1 1 1 0 1 0 0 0 0 1 1 0 0 0 0 1
160	8	1 0 1 1 0 1 0 1 1 1 1 0 1 1 0 1 1 0 1 1 0 1 1 0 1 1 1 0 0 1 1 0 1 1 1 1 1 0 1 0 0 0 0 1 1 0 0 0 0 1
170	25	1 0 1 1 0 1 1 1 1 1 1 0 1 0 0 1 1 0 1 1 1 1 1 0 1 1 0 0 0 1 1 0 1 1 1 1 1 0 1 0 0 0 0 1 1 0 0 0 0 1
170	1	1 0 1 1 0 1 0 1 1 1 1 0 1 0 0 1 1 0 1 1 1 1 1 0 1 1 0 0 1 1 1 0 1 1 1 1 1 0 1 0 0 0 0 0 1 0 0 0 0 1
170	18	1 0 1 1 0 1 0 1 1 1 1 0 1 0 0 1 1 0 1 1 1 1 1 0 1 1 0 0 0 1 1 0 1 1 1 1 1 0 1 0 0 0 0 0 1 0 0 0 0 1
170	5	1 0 1 1 0 1 0 1 1 1 1 0 1 0 0 1 1 0 1 1 1 1 1 0 1 1 0 0 0 1 1 0 1 1 1 1 1 0 1 0 0 0 0 1 1 0 0 0 0 1
170	2	1 0 1 1 0 1 0 1 1 1 1 0 1 0 0 1 0 0 1 1 0 1 1 0 1 1 0 0 0 1 1 0 1 1 1 1 1 0 1 0 0 0 0 1 1 0 0 0 0 1
170	1	1 0 1 1 0 1 0 1 1 1 1 0 1 1 0 1 1 0 1 1 0 1 1 0 1 1 0 0 0 1 1 0 1 1 1 1 1 0 1 0 0 0 0 1 1 0 0 0 0 0
170	17	1 0 1 1 0 1 0 1 1 1 1 0 1 0 0 1 1 0 1 1 0 1 1 0 1 1 0 0 0 1 1 0 1 1 1 1 1 0 1 0 0 0 0 1 1 0 0 0 0 0
170	1	1 0 1 1 0 1 0 1 1 1 1 0 1 0 0 1 1 0 1 1 0 1 1 0 1 1 0 0 0 1 1 0 1 0 1 1 1 0 1 0 0 0 0 1 1 0 0 0 0 1
170	11	1 0 1 1 0 1 0 1 1 1 1 0 1 0 0 1 1 0 1 1 0 1 1 0 1 1 0 0 0 1 1 0 1 1 1 1 1 0 1 0 0 0 0 1 1 0 0 0 0 1
170	3	1 0 1 1 0 1 0 1 1 1 1 1 1 0 0 1 1 0 1 1 0 1 1 0 1 1 0 0 0 1 1 0 1 1 1 1 1 0 1 0 0 0 0 1 1 0 0 0 0 1
170	1	1 0 1 1 0 1 0 1 1 1 1 0 1 0 0 1 1 0 1 1 0 1 1 0 1 0 0 1 0 1 1 0 1 1 1 1 0 0 1 0 0 0 0 1 1 0 0 0 0 1
170	1	1 1 1 1 0 1 0 1 1 1 1 0 1 0 0 1 1 1 1 1 1 1 1 0 1 0 0 0 0 1 1 0 1 1 1 1 1 0 1 0 0 0 0 1 1 0 0 0 0 1
170	4	1 1 1 1 0 1 0 1 1 1 1 0 1 0 0 1 1 1 1 1 0 1 1 0 1 0 0 0 0 1 1 0 1 1 1 1 1 0 1 0 0 0 0 1 1 0 0 0 0 1
170	2	1 1 1 1 0 1 0 1 1 1 1 0 1 0 0 1 1 0 1 1 0 1 1 0 1 1 0 0 0 1 1 0 1 1 1 1 1 0 1 0 0 0 0 1 1 0 0 0 0 1
170	1	1 0 1 1 1 1 0 1 1 1 1 0 1 1 0 1 1 0 1 1 0 1 1 0 1 1 1 0 0 1 1 0 1 1 1 1 1 0 1 0 0 0 0 1 1 0 0 0 0 1
170	2	1 0 1 1 0 1 1 1 1 1 1 0 1 1 0 1 1 0 1 1 0 1 1 0 1 1 1 0 0 1 1 0 1 1 1 1 1 0 1 0 0 0 0 1 1 0 0 0 0 1
170	5	1 0 1 1 0 1 0 1 1 1 1 0 1 1 0 1 1 0 1 1 0 1 1 0 1 1 1 0 0 1 1 0 1 1 1 1 1 0 1 0 0 0 0 1 1 0 0 0 0 1
180	11	1 0 1 1 0 1 1 1 1 1 1 0 1 0 0 1 1 0 1 1 1 1 1 0 1 1 0 0 0 1 1 0 1 1 1 1 1 0 1 0 0 0 0 1 0 0 0 0 0 1
180	3	1 1 1 1 0 1 1 1 1 1 1 0 1 0 0 1 1 0 1 1 1 1 1 0 1 1 0 0 0 1 1 0 1 1 1 1 1 0 1 0 0 0 0 1 1 0 0 0 0 1
180	1	1 0 1 1 0 1 1 1 1 1 1 0 1 0 0 1 1 0 1 1 1 1 1 0 1 1 0 0 0 1 1 0 1 0 1 1 1 0 1 0 0 0 0 1 1 0 0 0 0 1
180	25	1 0 1 1 0 1 1 1 1 1 1 0 1 0 0 1 1 0 1 1 1 1 1 0 1 1 0 0 0 1 1 0 1 1 1 1 1 0 1 0 0 0 0 1 1 0 0 0 0 1
180	21	1 0 1 1 0 1 0 1 1 1 1 0 1 0 0 1 1 0 1 1 1 1 1 0 1 1 0 0 0 1 1 0 1 1 1 1 1 0 1 0 0 0 0 0 1 0 0 0 0 1
180	1	1 0 1 1 0 1 0 1 1 1 1 0 1 0 0 1 1 0 1 1 1 1 1 0 1 1 0 0 0 1 1 0 1 1 1 1 1 0 1 0 0 0 0 1 1 0 0 0 0 1
180	1	1 0 1 1 0 1 0 1 1 1 1 0 1 0 0 1 0 0 1 1 0 1 1 0 1 1 0 0 0 1 1 0 1 1 1 1 1 0 1 0 0 0 0 1 1 0 0 0 0 1
180	5	1 0 1 1 0 1 0 1 1 1 1 0 1 0 0 1 1 0 1 1 0 1 1 0 1 1 0 0 0 1 1 0 1 1 1 1 1 0 1 0 0 0 0 1 1 0 0 0 0 1
180	1	1 0 1 1 0 1 0 1 1 1 1 0 1 1 0 1 1 0 1 1 0 1 1 0 1 1 0 0 0 1 1 0 1 1 1 1 1 0 1 0 0 0 0 1 1 0 0 0 0 1
180	1	1 0 1 1 0 1 0 1 1 1 1 0 1 0 0 1 1 0 1 1 0 1 1 0 1 1 0 0 0 1 1 0 0 1 1 1 1 0 1 0 0 0 0 1 1 0 0 0 0 0
180	11	1 0 1 1 0 1 0 1 1 1 1 0 1 0 0 1 1 0 1 1 0 1 1 0 1 1 0 0 0 1 1 0 1 1 1 1 1 0 1 0 0 0 0 1 1 0 0 0 0 0
180	2	1 0 1 1 1 1 0 1 1 1 1 0 1 0 0 1 1 0 1 1 0 1 1 0 1 1 0 0 0 1 1 0 1 1 1 1 1 0 1 0 0 0 0 1 1 0 0 0 0 1
180	7	1 1 1 1 0 1 0 1 1 1 1 0 1 0 0 1 1 1 1 1 0 1 1 0 1 0 0 0 0 1 1 0 1 1 1 1 1 0 1 0 0 0 0 1 1 0 0 0 0 1
180	8	1 1 1 1 0 1 0 1 1 1 1 0 1 0 0 1 1 0 1 1 0 1 1 0 1 1 0 0 0 1 1 0 1 1 1 1 1 0 1 0 0 0 0 1 1 0 0 0 0 1
180	1	1 0 1 1 0 1 1 1 1 1 1 0 1 1 0 1 1 0 1 1 0 1 1 0 1 1 1 0 0 1 1 0 1 1 1 1 1 0 1 0 0 0 0 1 1 0 0 0 0 1
180	1	1 0 1 1 0 1 0 1 1 1 1 0 1 1 0 1 1 0 1 1 0 1 1 0 1 1 1 0 0 1 1 0 1 1 1 1 1 0 1 0 0 0 0 1 1 0 0 0 0 1
190	11	1 0 1 1 0 1 1 1 1 1 1 0 1 0 0 1 1 0 1 1 1 1 1 0 1 1 0 0 0 1 1 0 1 1 1 1 1 0 1 0 0 0 0 1 0 0 0 0 0 1
190	5	1 1 1 1 0 1 1 1 1 1 1 0 1 0 0 1 1 0 1 1 1 1 1 0 1 1 0 0 0 1 1 0 1 1 1 1 1 0 1 0 0 0 0 1 1 0 0 0 0 1
190	6	1 0 1 1 0 1 0 1 1 1 1 0 1 0 0 1 1 0 1 1 1 1 1 0 1 1 0 0 0 1 1 0 1 1 1 1 1 0 1 0 0 0 0 1 1 0 0 0 0 1
190	1	1 0 1 1 0 1 1 1 1 1 1 0 1 0 0 1 1 0 1 1 0 1 1 0 1 1 0 0 0 1 1 0 1 1 1 1 1 0 1 0 0 0 0 1 1 0 0 0 0 1
190	24	1 0 1 1 0 1 1 1 1 1 1 0 1 0 0 1 1 0 1 1 1 1 1 0 1 1 0 0 0 1 1 0 1 1 1 1 1 0 1 0 0 0 0 1 1 0 0 0 0 1
190	2	1 0 1 1 0 1 0 1 1 1 1 0 1 0 0 1 1 0 1 1 1 1 1 0 1 1 0 0 0 1 1 0 1 1 1 1 1 0 1 0 0 0 0 0 1 0 1 0 0 1
190	1	1 0 1 1 0 1 0 1 1 1 1 0 1 0 0 1 1 0 1 1 1 0 1 0 1 1 0 0 0 1 1 0 1 1 1 1 1 0 1 0 0 0 0 0 1 0 0 0 0 1
190	1	1 0 1 1 1 1 0 1 1 1 1 0 1 0 0 1 1 0 1 1 1 1 1 0 1 1 0 0 0 1 1 0 1 1 1 1 1 0 1 0 0 0 0 0 1 0 0 0 0 1
190	17	1 0 1 1 0 1 0 1 1 1 1 0 1 0 0 1 1 0 1 1 1 1 1 0 1 1 0 0 0 1 1 0 1 1 1 1 1 0 1 0 0 0 0 0 1 0 0 0 0 1
190	6	1 0 1 1 0 1 0 1 1 1 1 0 1 0 0 1 1 0 1 1 0 1 1 0 1 1 0 0 0 1 1 0 1 1 1 1 1 0 1 0 0 0 0 1 1 0 0 0 0 1
190	1	1 0 1 1 0 1 0 1 1 1 1 0 1 0 0 1 1 0 1 1 0 1 1 0 1 1 0 0 0 1 1 0 1 1 1 1 1 0 0 0 0 0 0 1 1 0 0 0 0 0
190	14	1 0 1 1 0 1 0 1 1 1 1 0 1 0 0 1 1 0 1 1 0 1 1 0 1 1 0 0 0 1 1 0 1 1 1 1 1 0 1 0 0 0 0 1 1 0 0 0 0 0
190	5	1 1 1 1 0 1 0 1 1 1 1 0 1 0 0 1 1 1 1 1 0 1 1 0 1 0 0 0 0 1 1 0 1 1 1 1 1 0 1 0 0 0 0 1 1 0 0 0 0 1
190	2	1 1 1 1 0 1 0 1 1 1 1 0 1 0 0 1 1 0 1 1 0 1 1 0 1 1 0 0 0 1 1 0 1 1 1 1 1 0 1 0 0 0 0 1 1 0 0 0 0 1
190	4	1 0 1 1 1 1 0 1 1 1 1 0 1 1 0 1 1 0 1 1 0 1 1 0 1 1 1 0 0 1 1 0 1 1 1 1 1 0 1 0 0 0 0 1 1 0 0 0 0 1
200	12	1 0 1 1 0 1 1 1 1 1 1 0 1 0 0 1 1 0 1 1 1 1 1 0 1 1 0 0 0 1 1 0 1 1 1 1 1 0 1 0 0 0 0 1 0 0 0 0 0 1
200	8	1 1 1 1 0 1 1 1 1 1 1 0 1 0 0 1 1 0 1 1 1 1 1 0 1 1 0 0 0 1 1 0 1 1 1 1 1 0 1 0 0 0 0 1 1 0 0 0 0 1
200	1	1 0 1 1 0 1 1 1 1 1 1 0 1 0 0 1 1 0 1 1 0 1 1 0 1 1 0 0 0 1 1 0 1 1 1 1 1 0 1 0 0 0 0 1 1 0 0 0 0 1
200	2	1 0 1 1 0 1 1 1 1 1 1 1 1 0 0 1 1 0 1 1 1 1 1 0 1 1 0 0 0 1 1 0 1 1 1 1 1 0 1 0 0 0 0 1 1 0 0 0 0 1
200	1	1 0 1 1 0 1 1 1 1 1 1 0 1 0 0 1 1 0 1 1 1 1 1 1 1 1 0 0 0 1 1 0 1 1 1 1 1 0 1 0 0 0 0 1 1 0 0 0 0 1
200	1	1 0 1 1 0 1 1 1 1 1 1 0 1 0 0 1 1 0 1 1 1 1 1 0 1 1 0 0 0 1 1 0 1 1 0 1 1 0 1 0 0 0 0 1 1 0 0 0 0 1
200	1	1 0 1 1 0 1 1 1 1 1 1 0 1 1 0 1 1 0 1 1 1 1 1 0 1 1 0 0 0 1 1 0 1 1 1 1 1 0 1 0 0 0 0 1 1 0 0 0 0 1
200	23	1 0 1 1 0 1 1 1 1 1 1 0 1 0 0 1 1 0 1 1 1 1 1 0 1 1 0 0 0 1 1 0 1 1 1 1 1 0 1 0 0 0 0 1 1 0 0 0 0 1
200	1	1 0 1 1 0 1 0 1 1 1 1 0 1 0 0 1 1 0 1 1 1 1 1 0 1 1 0 0 0 1 1 0 1 1 0 1 1 0 1 0 0 0 0 0 1 0 0 0 0 1
200	16	1 0 1 1 0 1 0 1 1 1 1 0 1 0 0 1 1 0 1 1 1 1 1 0 1 1 0 0 0 1 1 0 1 1 1 1 1 0 1 0 0 0 0 0 1 0 0 0 0 1
200	3	1 0 1 1 0 1 0 1 1 1 1 0 1 0 0 1 1 0 1 1 1 1 1 0 1 1 0 1 0 1 1 0 1 1 1 1 1 0 1 0 0 0 0 1 1 0 0 0 0 1
200	2	1 0 1 1 0 1 0 1 1 1 1 0 1 0 0 1 1 0 1 1 0 1 1 0 1 1 0 0 0 1 1 0 1 1 1 1 1 0 1 0 0 0 0 1 1 0 0 0 0 1
200	3	1 0 1 1 0 1 0 1 1 1 1 0 1 0 0 1 1 0 1 1 0 1 1 0 1 1 0 0 0 1 1 0 1 1 1 1 1 0 0 0 0 0 0 1 1 0 0 0 0 0
200	2	1 0 1 1 0 1 0 1 1 1 1 0 1 0 0 1 1 0 1 1 0 1 1 0 1 1 0 0 0 1 0 0 1 1 1 1 1 0 1 0 0 0 0 1 1 0 0 0 0 0
200	2	1 0 1 1 0 1 0 1 1 1 1 0 1 0 0 1 1 1 1 1 0 1 1 0 1 1 0 0 0 1 1 0 1 1 1 1 1 0 1 0 0 0 0 1 1 0 0 0 0 0
200	14	1 0 1 1 0 1 0 1 1 1 1 0 1 0 0 1 1 0 1 1 0 1 1 0 1 1 0 0 0 1 1 0 1 1 1 1 1 0 1 0 0 0 0 1 1 0 0 0 0 0
200	8	1 1 1 1 0 1 0 1 1 1 1 0 1 0 0 1 1 1 1 1 0 1 1 0 1 0 0 0 0 1 1 0 1 1 1 1 1 0 1 0 0 0 0 1 1 0 0 0 0 1
210	1	1 0 1 1 0 1 1 1 1 1 1 0 1 0 0 1 1 0 0 1 1 1 1 0 1 1 0 0 0 1 1 0 1 1 1 1 1 0 1 0 0 0 0 1 0 0 0 0 0 1
210	1	1 0 1 1 0 1 1 1 1 1 1 0 1 0 0 1 1 0 1 1 1 1 1 0 1 1 0 0 0 1 1 0 1 1 1 1 0 0 1 0 0 0 0 1 0 0 0 0 0 1
210	1	1 0 1 1 0 1 1 1 1 1 1 0 1 0 0 1 1 0 1 1 1 1 1 0 1 1 0 0 0 1 1 0 1 1 1 1 1 0 1 0 0 0 0 1 0 1 0 0 0 1
210	34	1 0 1 1 0 1 1 1 1 1 1 0 1 0 0 1 1 0 1 1 1 1 1 0 1 1 0 0 0 1 1 0 1 1 1 1 1 0 1 0 0 0 0 1 0 0 0 0 0 1
210	7	1 1 1 1 0 1 1 1 1 1 1 0 1 0 0 1 1 0 1 1 1 1 1 0 1 1 0 0 0 1 1 0 1 1 1 1 1 0 1 0 0 0 0 1 1 0 0 0 0 1
210	2	1 0 1 1 0 1 0 1 1 1 1 0 1 0 0 1 1 0 1 1 1 1 1 0 1 1 0 0 0 1 1 0 1 1 1 1 1 0 1 0 0 0 0 1 1 0 0 0 0 1
210	1	1 0 1 1 0 1 1 1 1 1 1 0 0 0 0 1 1 0 1 1 0 1 1 0 1 1 0 0 0 1 1 0 1 1 1 1 1 0 1 0 0 0 0 1 1 0 0 0 0 1
210	1	1 0 1 1 0 1 1 1 1 1 1 0 1 0 0 1 1 0 1 1 0 1 1 0 1 1 0 0 0 1 1 0 1 1 1 1 1 0 1 0 0 0 0 1 1 0 0 0 0 1
210	12	1 0 1 1 0 1 1 1 1 1 1 0 1 0 0 1 1 0 1 1 1 1 1 0 1 1 0 0 0 1 1 0 1 1 1 1 1 0 1 0 0 0 0 1 1 0 0 0 0 1
210	3	1 0 1 1 1 1 0 1 1 1 1 0 1 0 0 1 1 0 1 1 1 1 1 0 1 1 0 0 0 1 1 0 1 1 1 1 1 0 1 0 0 0 0 0 1 0 0 0 0 1
210	1	1 0 1 1 0 1 0 1 1 1 1 0 0 0 0 1 1 0 1 1 1 1 1 0 1 1 0 1 0 1 1 0 1 1 1 1 1 0 1 0 0 0 0 0 1 0 0 0 0 1
210	1	1 0 1 1 0 1 0 1 1 1 1 0 1 0 0 1 1 0 1 1 1 1 1 0 1 1 0 0 0 1 1 0 1 1 1 1 0 0 1 0 0 0 0 0 1 0 0 0 0 1
210	12	1 0 1 1 0 1 0 1 1 1 1 0 1 0 0 1 1 0 1 1 1 1 1 0 1 1 0 0 0 1 1 0 1 1 1 1 1 0 1 0 0 0 0 0 1 0 0 0 0 1
210	7	1 0 1 1 0 1 0 1 1 1 1 0 1 0 0 1 1 0 1 1 0 1 1 0 1 1 0 0 0 1 0 0 1 1 1 1 1 0 1 0 0 0 0 1 1 0 0 0 0 0
210	11	1 0 1 1 0 1 0 1 1 1 1 0 1 0 0 1 1 0 1 1 0 1 1 0 1 1 0 0 0 1 1 0 1 1 1 1 1 0 1 0 0 0 0 1 1 0 0 0 0 0
210	3	1 1 1 1 0 1 0 1 1 1 1 0 1 0 0 1 1 1 1 1 0 1 1 0 1 0 0 0 0 1 1 0 1 1 1 1 1 0 1 0 0 0 0 1 1 0 0 0 0 1
210	1	1 0 1 1 1 1 0 1 1 1 1 0 1 1 0 1 1 0 1 1 0 1 1 0 1 1 1 0 0 1 1 1 1 1 1 1 1 0 1 0 0 0 0 1 1 0 0 0 0 1
210	1	1 0 1 1 1 1 0 1 1 1 1 0 1 1 0 1 1 0 1 1 0 1 1 0 1 1 1 0 0 1 1 0 1 1 1 1 1 0 1 0 0 0 0 1 1 0 0 0 0 1
220	2	1 0 0 1 0 1 1 1 1 1 1 0 1 0 0 1 1 0 1 1 1 1 1 0 1 1 0 0 0 1 1 0 1 1 1 1 1 0 1 0 0 0 0 1 0 0 0 0 0 1
220	45	1 0 1 1 0 1 1 1 1 1 1 0 1 0 0 1 1 0 1 1 1 1 1 0 1 1 0 0 0 1 1 0 1 1 1 1 1 0 1 0 0 0 0 1 0 0 0 0 0 1
220	1	1 1 1 1 0 1 1 1 1 1 1 0 1 0 0 1 1 0 1 1 1 1 1 0 1 1 0 0 0 1 1 0 1 1 1 1 1 0 1 0 0 0 0 1 1 0 0 1 0 1
220	9	1 1 1 1 0 1 1 1 1 1 1 0 1 0 0 1 1 0 1 1 1 1 1 0 1 1 0 0 0 1 1 0 1 1 1 1 1 0 1 0 0 0 0 1 1 0 0 0 0 1
220	2	1 0 1 1 0 1 1 1 1 1 1 0 1 0 0 1 1 0 1 1 0 1 1 0 1 1 0 0 0 1 1 0 1 1 1 1 1 0 1 0 0 0 0 1 1 0 0 0 0 1
220	1	1 0 1 1 1 1 1 1 1 1 1 0 1 0 0 1 1 0 1 1 1 1 1 0 1 1 0 0 0 1 1 0 1 1 1 1 1 0 1 0 0 0 0 1 1 0 0 0 0 1
220	5	1 0 1 1 0 1 1 1 1 1 1 0 1 0 0 1 1 0 1 1 1 1 1 0 1 1 0 0 0 1 1 0 1 1 1 1 1 0 1 0 0 0 0 1 1 0 0 0 0 1
220	1	1 0 1 1 1 1 0 1 1 1 1 0 1 0 0 1 1 0 1 1 1 1 1 0 1 1 0 0 0 1 1 0 1 1 1 1 1 0 1 0 0 0 0 0 1 0 0 0 0 1
220	1	1 0 1 1 0 1 0 1 1 1 1 0 0 0 0 1 1 0 1 1 1 1 1 0 1 1 0 1 0 1 1 0 1 1 1 1 1 0 1 0 0 0 0 0 1 0 0 0 0 1
220	2	1 0 1 1 0 1 0 1 1 1 1 0 1 0 0 1 1 0 1 1 1 1 1 0 1 1 0 0 0 1 1 1 1 1 1 1 1 0 1 0 0 0 0 0 1 0 0 0 0 1
220	1	1 0 1 1 0 1 0 1 1 1 1 0 1 0 0 1 1 0 1 1 1 1 1 0 1 1 0 0 1 1 1 0 1 1 1 1 1 0 1 0 0 0 0 0 1 0 0 0 0 1
220	11	1 0 1 1 0 1 0 1 1 1 1 0 1 0 0 1 1 0 1 1 1 1 1 0 1 1 0 0 0 1 1 0 1 1 1 1 1 0 1 0 0 0 0 0 1 0 0 0 0 1
220	9	1 0 1 1 0 1 0 1 1 1 1 0 1 0 0 1 1 0 1 1 0 1 1 0 1 1 0 0 0 1 1 0 1 1 1 1 1 0 1 0 0 0 0 1 1 0 0 0 0 0
220	2	1 1 1 1 0 1 0 1 1 1 1 0 0 0 0 1 1 1 1 1 0 1 1 0 1 0 0 0 0 1 1 0 1 1 1 1 1 0 1 0 0 0 0 1 0 0 0 0 0 1
220	7	1 1 1 1 0 1 0 1 1 1 1 0 1 0 0 1 1 1 1 1 0 1 1 0 1 0 0 0 0 1 1 0 1 1 1 1 1 0 1 0 0 0 0 1 0 0 0 0 0 1
220	1	1 1 1 1 0 1 0 1 1 1 1 0 1 0 0 1 1 1 1 1 0 1 1 0 1 0 0 0 0 1 1 0 1 1 1 1 1 0 1 0 0 0 0 1 1 0 0 0 0 1
230	1	1 0 1 1 0 1 1 1 1 1 1 0 1 0 0 0 1 0 1 1 1 1 1 0 1 1 0 0 0 1 1 0 1 1 1 1 1 0 1 0 0 0 0 1 0 0 0 0 0 1
230	2	1 0 1 1 1 1 1 1 1 1 1 0 1 0 0 1 1 0 1 1 1 1 1 0 1 1 0 0 0 1 1 0 1 1 1 1 1 0 1 0 0 0 0 1 0 0 0 0 0 1
230	13	1 0 1 1 0 1 1 1 1 1 1 0 1 0 0 1 1 0 1 1 1 1 1 0 1 1 0 0 0 1 1 0 1 1 1 1 1 0 1 0 0 0 0 1 1 0 0 0 0 1
230	13	1 1 1 1 0 1 1 1 1 1 1 0 1 0 0 1 1 0 1 1 1 1 1 0 1 1 0 0 0 1 1 0 1 1 1 1 1 0 1 0 0 0 0 1 1 0 0 0 0 1
230	40	1 0 1 1 0 1 1 1 1 1 1 0 1 0 0 1 1 0 1 1 1 1 1 0 1 1 0 0 0 1 1 0 1 1 1 1 1 0 1 0 0 0 0 1 0 0 0 0 0 1
230	1	1 0 1 1 0 1 1 1 1 1 1 0 1 0 0 1 1 0 0 1 0 1 1 0 1 1 0 0 0 1 1 0 1 1 1 1 0 0 1 0 0 0 0 1 1 0 0 0 0 1
230	4	1 0 1 1 0 1 1 1 1 1 1 0 1 0 0 1 1 0 0 1 0 1 1 0 1 1 0 0 0 1 1 0 1 1 1 1 1 0 1 0 0 0 0 1 1 0 0 0 0 1
230	3	1 0 1 1 1 1 0 1 1 1 1 0 1 0 0 1 1 0 1 1 1 1 1 0 1 1 0 0 0 1 1 0 1 1 1 1 1 0 1 0 0 0 0 0 1 0 0 0 0 1
230	1	1 0 1 1 0 1 0 1 1 1 1 0 0 0 0 1 1 0 1 1 1 1 1 0 1 1 0 1 0 1 1 0 1 1 1 1 1 0 1 0 0 0 0 0 1 0 0 0 0 1
230	11	1 0 1 1 0 1 0 1 1 1 1 0 1 0 0 1 1 0 1 1 1 1 1 0 1 1 0 0 0 1 1 0 1 1 1 1 1 0 1 0 0 0 0 0 1 0 0 0 0 1
230	4	1 0 1 1 0 1 0 1 1 1 1 0 1 0 0 1 1 0 1 1 0 1 1 0 1 1 0 0 0 1 0 0 1 1 1 1 1 0 1 0 0 0 0 1 1 0 0 0 0 0
230	2	1 0 1 1 0 1 0 1 1 1 1 0 1 0 0 1 1 0 1 1 0 1 1 0 1 1 0 0 0 1 1 0 1 1 1 1 1 0 1 0 0 0 0 1 1 0 0 0 0 0
230	1	1 1 1 1 0 1 0 1 1 1 1 0 0 0 0 1 1 1 1 1 0 1 1 0 1 0 0 0 0 1 1 0 1 1 1 1 1 0 1 0 0 0 0 1 0 0 0 0 0 1
230	2	1 1 1 1 0 1 0 1 1 1 1 0 1 0 0 1 1 1 1 1 0 1 1 0 1 0 0 0 0 1 1 0 1 1 1 1 1 0 1 0 0 0 0 1 0 0 0 0 0 1
230	2	1 1 1 1 0 1 0 1 1 1 1 0 1 0 0 1 1 0 1 1 0 0 1 0 1 1 0 0 0 1 1 0 1 1 1 1 1 0 1 0 0 0 0 1 1 0 0 0 0 1
240	1	1 0 1 1 1 1 1 1 1 1 1 0 1 0 0 1 1 0 1 1 1 1 1 0 1 1 0 0 0 1 1 0 1 1 1 1 1 0 1 0 0 0 0 1 0 0 0 0 0 1
240	6	1 0 1 1 0 1 1 1 1 1 1 0 1 0 0 1 1 0 1 1 1 1 1 0 1 1 0 0 0 1 1 0 1 1 1 1 1 0 1 0 0 0 0 1 1 0 0 0 0 1
240	16	1 1 1 1 0 1 1 1 1 1 1 0 1 0 0 1 1 0 1 1 1 1 1 0 1 1 0 0 0 1 1 0 1 1 1 1 1 0 1 0 0 0 0 1 1 0 0 0 0 1
240	1	1 0 1 1 0 1 1 1 1 1 1 0 1 0 0 1 1 0 1 1 1 1 1 0 1 1 0 0 0 1 1 0 1 1 1 1 1 0 1 0 0 0 0 1 0 0 0 0 0 0
240	1	1 0 1 1 0 1 1 0 1 1 1 0 1 0 0 1 1 0 1 1 1 1 1 0 1 1 0 0 0 1 1 0 1 1 1 1 1 0 1 0 0 0 0 1 0 0 0 0 0 1
240	1	1 0 1 1 0 1 1 1 1 1 1 0 1 0 0 1 1 0 1 1 1 1 1 0 1 1 0 0 0 1 1 1 1 1 1 1 1 0 1 0 0 0 0 1 0 0 0 0 0 1
240	54	1 0 1 1 0 1 1 1 1 1 1 0 1 0 0 1 1 0 1 1 1 1 1 0 1 1 0 0 0 1 1 0 1 1 1 1 1 0 1 0 0 0 0 1 0 0 0 0 0 1
240	3	1 0 1 1 0 1 1 1 1 1 1 0 1 0 0 1 1 0 0 1 0 1 1 0 1 1 0 0 0 1 1 0 1 1 1 1 1 0 1 0 0 0 0 1 1 0 0 0 0 1
240	1	1 0 1 1 0 1 1 1 1 1 1 0 1 0 0 1 1 1 1 1 0 1 1 0 1 1 0 0 0 1 1 0 1 1 1 1 1 0 1 0 0 0 0 1 1 0 0 0 0 1
240	5	1 0 1 1 0 1 1 1 1 1 1 0 1 0 0 1 1 0 1 1 0 1 1 0 1 1 0 0 0 1 1 0 1 1 1 1 1 0 1 0 0 0 0 1 1 0 0 0 0 1
240	3	1 0 1 1 0 1 0 1 1 1 1 0 1 0 0 1 1 0 1 1 1 1 1 0 1 1 0 0 0 1 1 0 1 1 1 1 1 0 1 0 0 0 0 0 1 0 0 0 0 1
240	1	1 0 1 1 0 1 0 1 1 1 1 0 1 0 0 1 1 0 1 1 0 1 1 0 1 1 0 0 0 1 0 1 1 1 1 1 1 0 1 0 0 0 0 1 1 0 0 0 0 0
240	2	1 0 1 1 0 1 0 1 1 1 1 0 1 0 0 1 1 0 1 1 0 1 1 0 1 1 0 0 0 1 0 0 1 1 1 1 1 0 1 0 0 0 0 1 1 0 0 0 0 0
240	1	1 0 1 1 0 1 0 1 1 1 1 0 1 0 0 1 1 0 1 1 0 1 1 0 1 1 0 0 0 1 1 0 1 1 1 1 1 0 1 0 0 0 0 1 1 0 0 0 0 0
240	2	1 1 1 1 0 1 0 1 1 1 1 0 0 0 0 1 1 1 1 1 0 1 1 0 1 0 0 0 0 1 1 0 1 1 1 1 1 0 1 0 0 0 0 1 0 0 0 0 0 1
240	2	1 1 1 1 0 1 0 1 1 1 1 0 1 0 0 1 1 1 1 1 0 1 1 0 1 0 0 0 0 1 1 0 1 1 1 1 1 0 1 0 0 0 0 1 0 0 0 0 0 1
250	6	1 0 1 1 1 1 1 1 1 1 1 0 1 0 0 1 1 0 1 1 1 1 1 0 1 1 0 0 0 1 1 0 1 1 1 1 1 0 1 0 0 0 0 1 0 0 0 0 0 1
250	14	1 1 1 1 0 1 1 1 1 1 1 0 1 0 0 1 1 0 1 1 1 1 1 0 1 1 0 0 0 1 1 0 1 1 1 1 1 0 1 0 0 0 0 1 1 0 0 0 0 1
250	7	1 0 1 1 0 1 1 1 1 1 1 0 1 0 0 1 1 0 1 1 1 1 1 0 1 1 0 0 0 1 1 0 1 1 1 1 1 0 1 0 0 0 0 1 1 0 0 0 0 1
250	1	1 0 1 1 0 1 1 1 1 1 1 0 1 0 0 1 1 0 1 1 1 1 1 0 1 1 0 0 0 1 1 0 1 0 1 1 1 0 1 0 0 0 0 1 0 0 0 0 0 1
250	61	1 0 1 1 0 1 1 1 1 1 1 0 1 0 0 1 1 0 1 1 1 1 1 0 1 1 0 0 0 1 1 0 1 1 1 1 1 0 1 0 0 0 0 1 0 0 0 0 0 1
250	1	1 0 1 1 0 1 1 1 1 1 1 0 1 0 0 1 1 1 1 1 0 1 1 0 1 1 0 0 0 1 1 0 1 1 1 1 1 0 1 0 0 0 0 1 1 0 0 0 0 1
250	1	1 0 1 1 0 1 1 1 1 1 1 0 1 0 0 1 1 0 1 1 0 1 1 0 1 1 0 0 0 1 1 0 1 1 1 1 1 0 1 0 0 0 0 1 1 0 0 0 0 1
250	2	1 0 1 1 0 1 0 1 1 1 1 0 1 0 0 1 1 0 1 1 1 1 1 0 1 1 0 0 0 1 1 0 1 1 1 1 1 0 1 0 0 0 0 0 1 0 0 0 0 1
250	1	1 0 1 1 0 1 0 1 1 1 1 0 1 0 0 1 1 0 1 1 0 1 1 0 1 1 0 0 0 1 0 0 1 1 1 1 1 0 1 0 0 0 0 1 1 0 0 0 0 0
250	2	1 1 1 1 0 1 0 1 1 1 1 0 0 0 0 1 1 1 1 1 0 1 1 0 1 0 0 0 0 1 1 0 1 1 1 1 1 0 1 0 0 0 0 1 0 0 0 0 0 1
250	1	1 1 1 1 0 1 0 1 1 1 1 0 1 0 0 1 1 1 1 1 0 1 1 0 1 0 0 0 0 1 1 0 1 1 1 1 1 0 1 0 0 0 1 1 0 0 0 0 0 1
250	3	1 1 1 1 0 1 0 1 1 1 1 0 1 0 0 1 1 1 1 1 0 1 1 0 1 0 0 0 0 1 1 0 1 1 1 1 1 0 1 0 0 0 0 1 0 0 0 0 0 1
260	9	1 0 1 1 1 1 1 1 1 1 1 0 1 0 0 1 1 0 1 1 1 1 1 0 1 1 0 0 0 1 1 0 1 1 1 1 1 0 1 0 0 0 0 1 0 0 0 0 0 1
260	10	1 1 1 1 0 1 1 1 1 1 1 0 1 0 0 1 1 0 1 1 1 1 1 0 1 1 0 0 0 1 1 0 1 1 1 1 1 0 1 0 0 0 0 1 1 0 0 0 0 1
260	3	1 0 1 1 0 1 1 1 1 1 1 0 1 0 0 1 1 0 1 1 1 1 1 0 1 1 0 0 0 1 1 0 1 1 1 1 1 0 1 0 0 0 0 1 1 0 0 0 0 1
260	1	1 0 1 1 0 1 1 1 1 1 1 0 1 0 0 1 1 0 1 1 1 1 1 0 1 1 0 0 0 1 1 0 1 1 0 1 1 0 1 0 0 0 0 1 0 0 0 0 0 1
260	1	1 0 1 1 0 1 1 1 1 1 1 0 1 0 0 1 1 0 1 1 1 1 1 0 1 1 0 0 0 1 1 0 1 1 1 1 1 0 1 0 0 0 1 1 0 0 0 0 0 1
260	1	1 0 1 1 0 1 1 1 1 0 1 0 1 0 0 1 1 0 1 1 1 1 1 0 1 1 0 0 0 1 1 0 1 1 1 1 1 0 1 0 0 0 0 1 0 0 0 0 0 1
260	1	1 0 1 1 0 1 1 1 1 1 1 0 1 0 0 1 1 0 1 1 1 1 1 0 1 1 1 0 0 1 1 0 1 1 1 1 1 0 1 0 0 0 0 1 0 0 0 0 0 1
260	65	1 0 1 1 0 1 1 1 1 1 1 0 1 0 0 1 1 0 1 1 1 1 1 0 1 1 0 0 0 1 1 0 1 1 1 1 1 0 1 0 0 0 0 1 0 0 0 0 0 1
260	3	1 0 1 1 0 1 0 1 1 1 1 0 1 0 0 1 1 0 1 1 1 1 1 0 1 1 0 0 0 1 1 0 1 1 1 1 1 0 1 0 0 0 0 0 1 0 0 0 0 1
260	5	1 1 1 1 0 1 0 1 1 1 1 0 1 0 0 1 1 1 1 1 0 1 1 0 1 0 0 0 0 1 1 0 1 1 1 1 1 0 1 0 0 0 0 1 0 0 0 0 0 1
260	1	1 1 1 1 0 1 0 1 1 1 1 1 1 0 0 1 1 0 1 1 0 0 1 0 1 1 0 0 0 1 1 0 1 1 1 1 1 0 1 0 0 0 0 1 1 0 0 0 0 1
270	1	1 0 1 1 1 1 1 1 1 1 1 0 1 0 0 1 1 0 1 1 1 1 1 0 1 1 0 0 0 1 1 0 1 1 1 1 1 0 1 0 0 0 0 1 0 0 0 0 0 0
270	2	1 0 1 1 1 1 1 1 1 1 1 0 1 0 0 1 1 0 1 0 1 1 1 0 1 1 0 0 0 1 1 0 1 1 1 1 1 0 1 0 0 0 0 1 0 0 0 0 0 1
270	12	1 0 1 1 1 1 1 1 1 1 1 0 1 0 0 1 1 0 1 1 1 1 1 0 1 1 0 0 0 1 1 0 1 1 1 1 1 0 1 0 0 0 0 1 0 0 0 0 0 1
270	2	1 1 1 1 0 1 1 1 1 1 1 0 1 0 0 1 1 0 0 1 1 1 1 0 1 1 0 0 0 1 1 0 1 1 1 1 1 0 1 0 0 0 0 1 1 0 0 0 0 1
270	5	1 1 1 1 0 1 1 1 1 1 1 0 1 0 0 1 1 0 1 1 1 1 1 0 1 1 0 0 0 1 1 0 1 1 1 1 1 0 1 0 0 0 0 1 1 0 0 0 0 1
270	1	1 0 1 1 0 1 1 1 1 1 1 0 1 0 0 1 1 0 1 1 1 1 1 0 1 1 0 0 0 1 1 0 1 1 1 1 1 0 1 0 0 0 0 1 1 0 0 0 0 1
270	1	1 0 1 1 0 1 1 1 1 1 1 0 1 0 0 1 1 0 1 1 1 1 1 0 1 1 0 0 0 1 1 0 1 1 0 1 1 0 1 0 0 0 0 1 0 0 0 0 0 1
270	1	1 0 1 1 0 1 1 1 1 1 1 0 1 0 0 1 1 0 1 1 1 1 1 0 1 1 0 0 0 1 1 1 1 1 1 1 1 0 1 0 0 0 0 1 0 0 0 0 0 1
270	1	1 0 1 0 0 1 1 1 1 1 1 0 1 0 0 1 1 0 1 1 1 1 1 0 1 1 0 0 0 1 1 0 1 1 1 1 1 0 1 0 0 0 0 1 0 0 0 0 0 1
270	67	1 0 1 1 0 1 1 1 1 1 1 0 1 0 0 1 1 0 1 1 1 1 1 0 1 1 0 0 0 1 1 0 1 1 1 1 1 0 1 0 0 0 0 1 0 0 0 0 0 1
270	3	1 0 1 1 0 1 1 1 1 1 1 0 1 0 0 1 1 1 1 1 0 1 1 0 1 1 0 0 0 1 1 0 1 1 1 1 1 0 1 0 0 0 0 1 1 0 0 0 0 1
270	3	1 0 1 1 0 1 0 1 1 1 1 0 1 0 0 1 1 0 1 1 1 1 1 0 1 1 0 0 0 1 1 0 1 1 1 1 1 0 1 0 0 0 0 0 1 0 0 0 0 1
270	1	1 1 1 1 0 1 0 1 1 1 1 0 1 0 0 1 1 1 1 1 0 1 1 0 1 0 0 0 0 1 1 0 1 1 1 1 1 0 1 0 0 0 0 1 0 0 0 0 0 1
280	1	1 0 1 1 1 1 1 1 1 1 1 0 1 0 0 1 1 0 1 0 0 1 1 0 1 1 0 0 0 1 1 0 1 1 1 1 1 0 1 0 0 0 0 1 1 0 0 0 0 1
280	1	1 0 1 1 1 1 1 1 1 1 1 0 1 0 0 1 1 0 1 0 1 1 1 0 1 1 0 0 0 1 1 0 1 1 1 1 1 0 1 0 0 0 0 1 0 0 0 0 0 1
280	4	1 0 1 1 1 1 1 1 1 1 1 0 1 0 0 1 1 1 1 1 1 1 1 0 1 1 0 0 0 1 1 0 1 1 1 1 1 0 1 0 0 0 0 1 0 0 0 0 0 1
280	2	1 0 1 1 1 1 1 1 1 1 1 0 1 0 0 1 1 0 1 1 1 1 1 0 1 1 0 0 0 1 0 0 1 1 1 1 1 0 1 0 0 0 0 1 0 0 0 0 0 1
280	1	1 0 1 1 1 1 1 1 1 1 1 0 1 0 0 1 1 0 1 1 1 1 1 0 1 1 0 1 0 1 1 0 1 1 1 1 1 0 1 0 0 0 0 1 0 0 0 0 0 1
280	24	1 0 1 1 1 1 1 1 1 1 1 0 1 0 0 1 1 0 1 1 1 1 1 0 1 1 0 0 0 1 1 0 1 1 1 1 1 0 1 0 0 0 0 1 0 0 0 0 0 1
280	5	1 1 1 1 0 1 1 1 1 1 1 0 1 0 0 1 1 0 1 1 1 1 1 0 1 1 0 0 0 1 1 0 1 1 1 1 1 0 1 0 0 0 0 1 1 0 0 0 0 1
280	1	1 0 1 1 0 1 1 1 1 1 1 0 1 0 0 0 1 0 1 1 1 1 1 0 1 1 0 0 0 1 1 0 1 1 1 1 1 0 1 0 0 0 0 1 0 0 0 0 0 1
280	3	1 0 1 0 0 1 1 1 1 1 1 0 1 0 0 1 1 0 1 1 1 1 1 0 1 1 0 0 0 1 1 0 1 1 1 1 1 0 1 0 0 0 0 1 0 0 0 0 0 1
280	1	1 1 1 1 0 1 1 1 1 1 1 0 1 0 0 1 1 0 0 1 1 1 1 0 1 1 0 0 0 1 1 0 1 1 1 1 1 0 1 1 0 0 0 1 0 0 0 0 0 1
280	2	1 1 1 1 0 1 1 1 1 1 1 0 1 0 0 1 1 0 0 1 1 1 1 0 1 1 0 0 0 1 1 0 1 1 1 1 1 0 1 0 0 0 0 1 0 0 0 0 0 1
280	1	1 0 1 1 0 1 1 1 1 0 1 0 1 0 0 1 1 0 1 1 1 1 1 0 1 1 0 0 0 1 1 0 1 1 1 1 1 0 1 0 0 0 0 1 0 0 0 0 0 1
280	49	1 0 1 1 0 1 1 1 1 1 1 0 1 0 0 1 1 0 1 1 1 1 1 0 1 1 0 0 0 1 1 0 1 1 1 1 1 0 1 0 0 0 0 1 0 0 0 0 0 1
280	1	1 0 1 1 0 1 0 1 1 1 1 0 1 0 0 1 1 0 1 1 1 1 1 0 1 1 0 0 0 1 1 0 1 1 1 1 1 0 1 0 0 0 0 0 1 0 0 0 0 1
280	1	1 0 1 1 0 1 0 1 1 1 1 0 1 0 0 1 1 1 1 1 0 1 1 0 1 0 0 0 0 1 1 0 1 1 1 1 1 0 1 0 0 0 0 1 0 0 0 0 0 1
280	3	1 1 1 1 0 1 0 1 1 1 1 0 1 0 0 1 1 1 1 1 0 1 1 0 1 0 0 0 0 1 1 0 1 1 1 1 1 0 1 0 0 0 0 1 0 0 0 0 0 1
290	3	1 0 1 1 1 1 1 1 1 1 1 0 1 0 0 1 1 0 1 1 1 1 1 0 1 1 0 0 0 1 1 0 1 1 1 1 1 0 1 0 0 0 0 1 0 0 0 0 0 0
290	1	1 0 1 1 1 1 1 1 1 1 1 0 1 0 0 1 1 0 1 0 1 1 1 0 1 1 0 0 0 1 1 0 1 1 1 1 1 0 1 0 0 0 0 0 0 0 0 0 0 1
290	12	1 0 1 1 1 1 1 1 1 1 1 0 1 0 0 1 1 0 1 0 1 1 1 0 1 1 0 0 0 1 1 0 1 1 1 1 1 0 1 0 0 0 0 1 0 0 0 0 0 1
290	9	1 0 1 1 1 1 1 1 1 1 1 0 1 0 0 1 1 0 1 1 1 1 1 0 1 1 0 0 0 1 0 0 1 1 1 1 1 0 1 0 0 0 0 1 0 0 0 0 0 1
290	1	1 0 1 1 1 1 0 1 1 1 1 0 1 0 0 1 1 0 1 1 1 1 1 0 1 1 0 0 0 1 1 0 1 1 1 1 1 0 1 0 0 0 0 1 0 0 0 0 0 1
290	34	1 0 1 1 1 1 1 1 1 1 1 0 1 0 0 1 1 0 1 1 1 1 1 0 1 1 0 0 0 1 1 0 1 1 1 1 1 0 1 0 0 0 0 1 0 0 0 0 0 1
290	4	1 1 1 1 0 1 1 1 1 1 1 0 1 0 0 1 1 0 1 1 1 1 1 0 1 1 0 0 0 1 1 0 1 1 1 1 1 0 1 0 0 0 0 1 1 0 0 0 0 1
290	1	1 0 1 1 0 1 1 1 1 1 1 0 1 0 0 1 1 0 1 1 1 1 1 0 0 1 0 0 0 1 1 0 1 1 1 1 1 0 1 0 0 0 0 1 0 0 0 0 0 1
290	1	1 0 1 1 0 1 1 1 1 1 1 0 1 0 0 1 1 0 1 1 1 1 1 0 1 1 0 0 0 1 1 0 1 1 1 1 1 0 1 0 0 0 0 0 0 0 0 0 0 1
290	30	1 0 1 1 0 1 1 1 1 1 1 0 1 0 0 1 1 0 1 1 1 1 1 0 1 1 0 0 0 1 1 0 1 1 1 1 1 0 1 0 0 0 0 1 0 0 0 0 0 1
290	1	1 0 1 1 0 1 1 1 1 1 1 0 1 0 0 1 1 1 1 1 0 1 1 0 1 1 0 0 0 1 1 0 1 1 1 1 1 0 1 0 0 0 0 1 1 0 0 0 0 1
290	3	1 1 1 1 0 1 0 1 1 1 1 0 1 0 0 1 1 1 1 1 0 1 1 0 1 0 0 0 0 1 1 0 1 1 1 1 1 0 1 0 0 0 0 1 0 0 0 0 0 1
300	3	1 0 1 1 1 1 1 1 1 1 1 0 1 0 0 1 1 0 1 0 0 1 1 0 1 1 0 0 0 1 1 0 1 1 1 1 1 0 1 0 0 0 0 1 0 0 0 0 0 1
300	1	1 0 1 1 1 1 1 1 1 1 1 0 1 0 0 1 1 0 1 0 1 1 1 0 1 1 0 0 0 1 1 0 1 1 1 1 1 0 1 0 0 0 0 0 0 0 0 0 0 1
300	5	1 0 1 1 1 1 1 1 1 1 1 0 1 0 0 1 1 0 1 0 1 1 1 0 1 1 0 0 0 1 1 0 1 1 1 1 1 0 1 0 0 0 0 1 0 0 0 0 0 1
300	14	1 0 1 1 1 1 1 1 1 1 1 0 1 0 0 1 1 0 1 1 1 1 1 0 1 1 0 0 0 1 0 0 1 1 1 1 1 0 1 0 0 0 0 1 0 0 0 0 0 1
300	1	1 0 0 1 1 1 1 1 1 1 1 0 1 0 0 1 1 0 1 1 1 1 1 0 1 1 0 0 0 1 1 0 1 1 1 1 1 0 1 0 0 0 0 1 0 0 0 0 0 1
300	1	1 0 1 1 1 1 1 1 1 1 1 0 1 0 0 1 1 0 1 1 1 1 1 0 1 0 0 0 0 1 1 0 1 1 1 1 1 0 1 0 0 0 0 1 0 0 0 0 0 1
300	40	1 0 1 1 1 1 1 1 1 1 1 0 1 0 0 1 1 0 1 1 1 1 1 0 1 1 0 0 0 1 1 0 1 1 1 1 1 0 1 0 0 0 0 1 0 0 0 0 0 1
300	3	1 1 1 1 0 1 1 1 1 1 1 0 1 0 0 1 1 0 1 1 1 1 1 0 1 1 0 0 0 1 1 0 1 1 1 1 1 0 1 0 0 0 0 1 1 0 0 0 0 1
300	2	1 0 1 1 0 1 1 1 1 1 1 0 1 0 0 1 1 0 1 1 1 1 1 0 0 1 0 0 0 1 1 0 1 1 1 1 1 0 1 0 0 0 0 1 0 0 0 0 0 1
300	1	1 0 1 1 0 1 1 1 1 1 1 0 1 0 0 1 1 0 1 1 1 1 1 0 1 0 0 0 0 1 1 0 1 1 1 1 1 0 1 0 0 0 0 1 0 0 0 0 0 1
300	1	1 0 0 1 0 1 1 1 1 1 1 0 1 0 0 1 1 0 1 1 1 1 1 0 1 1 0 0 0 1 1 0 1 1 1 1 1 0 1 0 0 0 0 1 0 0 0 0 0 1
300	26	1 0 1 1 0 1 1 1 1 1 1 0 1 0 0 1 1 0 1 1 1 1 1 0 1 1 0 0 0 1 1 0 1 1 1 1 1 0 1 0 0 0 0 1 0 0 0 0 0 1
300	2	1 1 1 1 0 1 0 1 1 1 1 0 1 0 0 1 1 1 1 1 0 1 1 0 1 0 0 0 0 1 1 0 1 1 1 1 1 0 1 0 0 0 0 1 0 0 0 0 0 1
310	1	1 0 1 1 1 1 1 1 1 1 1 0 1 0 0 1 1 0 1 0 0 1 1 0 1 1 0 0 0 1 1 0 1 1 1 1 1 0 1 0 0 0 0 1 0 0 0 0 0 1
310	4	1 0 1 1 1 1 1 1 1 1 1 0 1 0 0 1 1 0 1 0 1 1 1 0 1 1 0 0 0 1 1 0 1 1 1 1 1 0 1 0 0 0 0 0 0 0 0 0 0 1
310	40	1 0 1 1 1 1 1 1 1 1 1 0 1 0 0 1 1 0 1 1 1 1 1 0 1 1 0 0 0 1 1 0 1 1 1 1 1 0 1 0 0 0 0 1 0 0 0 0 0 1
310	1	1 0 1 1 1 1 1 1 1 1 1 0 1 0 0 1 1 0 1 0 1 1 1 0 1 1 0 0 0 1 1 0 1 0 1 1 1 0 1 0 0 0 0 1 0 0 0 0 0 1
310	1	1 0 1 1 1 1 1 1 1 1 1 0 1 0 0 1 1 0 1 0 1 1 1 0 1 1 0 0 0 1 1 0 1 1 1 1 1 0 1 0 1 0 0 1 0 0 0 0 0 1
310	1	1 0 1 1 1 1 1 1 1 1 1 0 1 0 0 1 1 0 1 0 1 1 1 0 1 1 0 0 0 1 1 0 1 1 1 1 0 0 1 0 0 0 0 1 0 0 0 0 0 1
310	15	1 0 1 1 1 1 1 1 1 1 1 0 1 0 0 1 1 0 1 0 1 1 1 0 1 1 0 0 0 1 1 0 1 1 1 1 1 0 1 0 0 0 0 1 0 0 0 0 0 1
310	7	1 0 1 1 1 1 1 1 1 1 1 0 1 0 0 1 1 0 1 1 1 1 1 0 1 1 0 0 0 1 0 0 1 1 1 1 1 0 1 0 0 0 0 1 0 0 0 0 0 1
310	1	1 0 1 1 1 1 1 1 1 1 1 0 1 0 0 1 1 0 1 1 1 1 1 0 1 1 0 0 0 1 1 0 1 1 1 1 1 0 1 1 0 0 0 1 0 0 0 0 0 1
310	2	1 1 1 1 0 1 1 1 1 1 1 0 1 0 0 1 1 0 1 1 1 1 1 0 1 1 0 0 0 1 1 0 1 1 1 1 1 0 1 0 0 0 0 1 1 0 0 0 0 1
310	2	1 0 1 1 0 1 1 1 1 1 1 0 1 0 0 1 1 0 1 1 1 1 1 0 1 1 0 0 0 1 1 0 1 1 0 1 1 0 1 0 0 0 0 1 0 0 0 0 0 1
310	2	1 0 1 1 0 1 1 1 1 1 1 0 1 0 0 1 1 0 1 1 1 1 1 0 0 1 0 0 0 1 1 0 1 1 1 1 1 0 1 0 0 0 0 1 0 0 0 0 0 1
310	1	1 0 1 1 0 1 1 1 1 1 1 0 1 0 0 1 1 0 1 1 1 1 1 0 1 0 0 0 0 1 1 0 1 1 1 1 1 0 1 0 0 0 0 1 0 0 0 0 0 1
310	2	1 0 1 1 0 1 1 1 1 1 1 0 1 0 0 1 1 0 1 0 1 1 1 0 1 1 0 0 0 1 1 0 1 1 1 1 1 0 1 0 0 0 0 1 0 0 0 0 0 1
310	1	1 0 1 1 0 1 1 1 1 1 1 0 1 0 0 1 1 0 1 1 1 1 1 0 1 1 0 0 0 1 1 0 1 1 1 1 1 1 1 0 0 0 0 1 0 0 0 0 0 1
310	1	1 0 0 1 0 1 1 1 1 1 1 0 1 0 0 1 1 0 1 1 1 1 1 0 1 1 0 0 0 1 1 0 1 1 1 1 1 0 1 0 0 0 0 1 0 0 0 0 0 1
310	18	1 0 1 1 0 1 1 1 1 1 1 0 1 0 0 1 1 0 1 1 1 1 1 0 1 1 0 0 0 1 1 0 1 1 1 1 1 0 1 0 0 0 0 1 0 0 0 0 0 1
