0	100	0 0 0 0 0 0 0 0 0 0
10	1	0 1 0 0 0 0 0 0 0 0
10	2	0 0 0 0 0 0 0 1 0 0
10	1	0 0 0 1 0 0 0 0 0 0
10	1	0 0 0 0 0 1 0 0 0 0
10	95	0 0 0 0 0 0 0 0 0 0
20	4	0 1 0 0 0 0 0 0 0 0
20	1	0 0 0 0 0 0 0 1 0 0
20	2	0 0 0 1 0 0 0 0 0 0
20	1	0 0 0 0 0 0 0 0 0 1
20	3	0 0 0 0 1 0 0 0 0 0
20	6	0 0 1 0 0 0 0 0 0 0
20	83	0 0 0 0 0 0 0 0 0 0
30	1	0 1 0 0 0 0 0 0 0 0
30	4	0 0 0 1 0 0 0 0 0 0
30	1	0 0 0 0 0 0 0 0 0 1
30	5	0 0 0 0 1 0 0 0 0 0
30	6	0 0 1 0 0 0 0 0 0 0
30	5	1 0 0 0 0 0 0 0 0 0
30	78	0 0 0 0 0 0 0 0 0 0
40	3	0 1 0 0 0 0 0 0 0 0
40	5	0 1 1 0 0 0 0 0 0 0
40	1	0 0 0 1 0 0 0 0 0 0
40	2	0 0 0 0 0 0 0 0 0 1
40	1	1 0 0 0 1 0 0 0 0 0
40	1	0 0 0 0 1 0 0 0 0 0
40	1	0 0 0 0 0 1 0 0 0 0
40	15	0 0 1 0 0 0 0 0 0 0
40	70	0 0 0 0 0 0 0 0 0 0
40	1	1 0 0 0 0 0 0 0 0 0
50	6	0 1 0 0 0 0 0 0 0 0
50	6	0 0 1 0 0 0 0 0 0 0
50	5	0 1 1 0 0 0 0 0 0 0
50	2	0 0 0 0 0 0 0 0 0 1
50	4	1 0 0 0 1 0 0 0 0 0
50	5	0 0 0 0 1 0 0 0 0 0
50	2	0 0 0 0 0 0 1 0 0 0
50	1	0 0 0 0 0 1 0 0 0 0
50	3	1 0 0 0 0 0 0 0 0 0
50	66	0 0 0 0 0 0 0 0 0 0
60	2	0 1 0 1 0 0 0 0 0 0
60	6	0 1 0 0 0 0 0 0 0 0
60	5	0 0 0 0 0 1 0 0 0 0
60	1	0 0 0 0 0 0 0 1 0 0
60	7	0 0 0 1 0 0 0 0 0 0
60	45	0 0 0 0 0 0 0 0 0 0
60	19	0 1 1 0 0 0 0 0 0 0
60	13	0 0 1 0 0 0 0 0 0 0
60	1	1 0 0 0 0 0 0 0 0 0
60	1	0 0 0 0 0 0 1 0 0 0
70	1	0 1 1 1 0 0 0 0 0 0
70	4	0 1 0 1 0 0 0 0 0 0
70	2	0 0 0 0 0 0 1 0 0 0
70	6	0 1 0 0 0 0 0 0 0 0
70	5	0 0 0 1 0 0 0 0 0 0
70	34	0 0 0 0 0 0 0 0 0 0
70	11	0 0 1 0 0 0 0 0 0 0
70	1	0 0 0 1 0 0 0 1 0 0
70	1	0 0 1 1 0 0 0 0 0 0
70	3	0 0 0 0 0 1 0 0 0 0
70	4	0 0 0 0 1 0 0 0 0 0
70	3	0 0 0 1 0 0 1 0 0 0
70	24	0 1 1 0 0 0 0 0 0 0
70	1	0 1 1 0 0 1 0 0 0 0
80	1	0 1 0 1 0 0 0 0 0 0
80	2	0 0 0 0 0 0 1 0 0 0
80	1	0 1 1 0 0 0 1 0 0 0
80	2	0 0 1 0 0 0 0 0 0 0
80	1	1 1 1 0 0 0 0 0 0 0
80	16	0 1 0 0 0 0 0 0 0 0
80	29	0 1 1 0 0 0 0 0 0 0
80	1	0 0 0 1 0 1 0 0 0 0
80	1	0 0 0 1 0 0 0 0 0 0
80	6	0 0 0 0 0 1 0 0 0 0
80	1	0 0 0 1 1 0 0 0 0 0
80	1	0 0 0 0 1 0 0 0 0 0
80	33	0 0 0 0 0 0 0 0 0 0
80	4	0 0 1 1 0 0 0 0 0 0
80	1	0 0 0 0 1 0 0 1 0 0
90	1	0 1 0 0 0 1 0 0 0 0
90	3	0 0 0 0 0 0 1 0 0 0
90	2	0 0 1 1 0 0 0 0 0 0
90	1	1 0 1 0 0 0 0 0 0 0
90	11	0 0 1 0 0 0 0 0 0 0
90	2	1 1 1 0 0 0 0 0 0 0
90	6	0 1 0 0 0 0 0 0 0 0
90	24	0 0 0 0 0 0 0 0 0 0
90	37	0 1 1 0 0 0 0 0 0 0
90	1	0 1 0 0 1 0 0 0 0 0
90	1	0 0 0 1 0 0 1 0 0 0
90	1	0 0 0 1 0 1 0 0 0 1
90	1	0 0 0 1 0 1 0 0 0 0
90	1	1 0 0 0 0 1 0 0 0 0
90	7	0 0 0 0 0 1 0 0 0 0
90	1	0 0 0 0 1 0 0 0 0 0
100	1	0 0 0 0 0 0 1 0 1 0
100	1	0 0 0 1 0 0 0 0 0 0
100	3	0 0 1 1 0 0 0 1 0 0
100	3	0 0 1 1 0 0 0 0 0 0
100	7	0 0 1 0 0 0 0 0 0 0
100	1	0 0 1 0 0 0 1 0 0 0
100	1	1 1 1 0 0 0 0 0 0 0
100	2	0 0 0 0 0 0 0 1 0 0
100	41	0 1 1 0 0 0 0 0 0 0
100	8	0 1 0 0 0 0 0 0 0 0
100	19	0 0 0 0 0 0 0 0 0 0
100	5	0 0 0 0 0 1 0 0 0 0
100	4	0 0 0 1 0 1 0 0 0 0
100	1	1 0 0 0 1 0 0 0 0 0
100	3	0 0 0 0 1 0 0 0 0 0
110	5	0 0 1 1 0 0 0 1 0 0
110	7	0 0 1 1 0 0 0 0 0 0
110	12	0 0 0 0 0 0 0 0 0 0
110	4	0 0 1 0 0 0 0 0 0 0
110	3	1 1 1 0 0 0 0 0 0 0
110	1	0 0 0 0 0 0 0 0 1 0
110	5	0 1 0 0 0 0 0 0 0 0
110	48	0 1 1 0 0 0 0 0 0 0
110	2	0 0 0 0 0 0 0 0 0 1
110	8	0 0 0 0 0 1 0 0 0 0
110	1	0 0 0 1 1 0 0 0 0 0
110	2	0 0 0 1 0 1 0 0 0 0
110	2	0 0 0 0 1 0 0 0 0 0
120	1	0 0 1 1 0 0 0 0 0 0
120	1	0 0 1 1 0 0 0 1 0 0
120	1	0 0 0 0 0 0 0 0 0 1
120	1	0 1 1 1 0 0 0 0 0 0
120	1	1 1 0 0 0 0 0 0 0 0
120	6	1 1 1 0 0 0 0 0 0 0
120	1	0 1 1 0 1 0 0 0 0 0
120	7	0 1 0 0 0 0 0 0 0 0
120	4	0 0 1 0 0 0 0 0 0 0
120	49	0 1 1 0 0 0 0 0 0 0
120	2	0 1 0 0 0 1 0 0 0 0
120	1	0 1 0 1 0 0 0 0 0 0
120	1	0 0 0 0 1 1 0 0 0 0
120	5	0 0 0 0 0 1 0 0 0 0
120	9	0 0 0 0 0 0 0 0 0 0
120	2	1 1 1 0 0 0 1 0 0 0
120	3	0 0 0 0 0 0 0 0 1 0
120	5	0 0 0 1 1 0 0 0 0 0
130	3	0 0 1 1 0 0 0 0 0 0
130	1	0 1 1 1 0 0 0 0 0 0
130	14	1 1 1 0 0 0 0 0 0 0
130	1	0 1 0 1 0 0 0 0 0 0
130	9	0 1 0 0 0 0 0 0 0 0
130	51	0 1 1 0 0 0 0 0 0 0
130	3	0 0 0 0 0 1 0 0 0 0
130	4	0 0 0 0 0 0 0 0 0 0
130	2	0 0 1 0 0 0 0 0 0 0
130	7	1 1 1 0 0 0 1 0 0 0
130	2	0 0 0 1 0 1 0 0 0 1
130	3	0 0 0 1 0 1 0 0 0 0
140	1	0 0 1 1 0 0 0 0 0 0
140	2	0 1 1 1 0 0 0 0 0 0
140	2	0 1 1 0 1 0 0 0 0 0
140	56	0 1 1 0 0 0 0 0 0 0
140	9	1 1 1 0 0 0 0 0 0 0
140	4	0 1 0 0 0 0 0 0 0 0
140	8	0 0 0 0 0 1 0 0 0 0
140	6	0 0 0 0 0 0 0 0 0 0
140	5	1 1 1 0 0 0 1 0 0 0
140	4	0 0 0 1 1 0 0 0 0 0
140	3	0 0 0 1 0 1 0 0 0 0
150	5	0 0 1 1 0 0 0 0 0 0
150	4	0 1 1 1 0 0 0 0 0 0
150	1	0 1 1 0 1 0 1 0 0 0
150	2	0 1 1 0 1 0 0 0 0 0
150	7	1 1 1 0 0 0 0 0 0 0
150	1	0 1 1 0 0 0 1 0 0 0
150	72	0 1 1 0 0 0 0 0 0 0
150	1	0 1 0 0 0 0 1 0 1 0
150	2	0 0 0 0 0 1 0 0 0 0
150	4	0 0 0 0 0 0 0 0 0 0
150	1	0 0 0 1 1 0 0 0 0 0
