10	1	1 1 1 0 1 0 0 0 1 0 1 0 0 1 0 1 1 1 1 1 1 1 1 0 1 1 1 1 0 0 1 0 1 1 1 1 1 1 1 0 0 0 1 0 0 1 1 1 0 0
10	22	1 1 1 0 1 0 0 0 1 0 1 0 0 1 0 1 1 1 1 1 1 1 1 0 1 1 1 1 0 0 1 0 1 1 1 1 1 1 1 0 0 0 1 0 1 1 1 1 0 0
10	6	0 0 1 0 1 0 0 0 0 0 1 0 0 0 0 0 0 0 1 1 0 0 1 1 0 1 0 0 0 0 1 1 1 1 1 0 0 1 0 1 1 0 0 0 1 0 1 1 1 1
10	1	0 0 0 1 1 0 1 0 0 1 1 1 1 1 1 1 1 1 1 0 0 0 1 1 1 0 0 1 1 0 1 0 0 1 1 1 1 0 0 0 0 0 0 0 0 1 1 0 1 0
10	2	0 0 0 1 1 0 1 0 0 1 1 1 1 1 1 1 1 1 1 0 1 0 1 1 1 0 0 1 1 0 1 0 0 1 1 0 1 0 0 0 0 0 0 0 0 1 1 0 1 0
10	20	0 0 0 1 1 0 1 0 0 1 1 1 1 1 1 1 1 1 1 0 0 0 1 1 1 0 0 1 1 0 1 0 0 1 1 0 1 0 0 0 0 0 0 0 0 1 1 0 1 0
10	1	0 0 0 0 1 1 0 0 0 0 1 0 0 1 0 1 1 0 0 0 1 1 1 1 1 0 0 1 1 1 0 0 0 0 0 1 1 1 0 0 0 0 1 1 1 0 1 0 0 0
10	23	0 0 0 0 1 1 0 0 0 0 1 0 0 1 0 1 1 0 0 0 1 1 1 1 1 0 0 1 1 1 1 0 0 0 0 1 1 1 0 0 0 0 1 1 1 0 1 0 0 0
10	24	0 0 0 0 0 1 0 1 1 1 0 1 0 0 1 0 1 0 0 0 0 0 0 0 0 0 1 0 0 1 1 1 0 1 0 1 0 1 1 0 1 1 1 1 1 1 1 1 0 1
20	1	1 1 1 0 1 0 0 0 1 0 1 0 0 1 0 1 1 1 1 1 1 1 1 0 1 1 1 1 0 0 1 0 1 1 1 1 1 1 1 0 0 0 1 0 1 0 1 1 0 0
20	1	1 1 1 0 1 0 0 0 1 0 1 0 1 1 0 1 1 1 1 1 1 1 1 0 1 1 1 1 0 0 1 0 1 1 1 1 1 1 1 0 0 0 1 0 1 1 1 1 0 0
20	26	1 1 1 0 1 0 0 0 1 0 1 0 0 1 0 1 1 1 1 1 1 1 1 0 1 1 1 1 0 0 1 0 1 1 1 1 1 1 1 0 0 0 1 0 1 1 1 1 0 0
20	6	0 0 1 0 1 0 0 0 0 0 1 0 0 0 0 0 0 0 1 1 0 0 1 1 0 1 0 0 0 0 1 1 1 1 1 0 0 1 0 1 1 0 0 0 1 0 1 1 1 1
20	14	0 0 0 1 1 0 1 0 0 1 1 1 1 1 1 1 1 1 1 0 0 0 1 1 1 0 0 1 1 0 1 0 0 1 1 1 1 0 0 0 0 0 0 0 0 1 1 0 1 0
20	2	0 0 0 1 1 0 1 0 0 1 1 1 1 1 1 1 1 1 1 0 1 0 1 1 1 0 0 1 1 0 1 0 0 1 1 0 1 0 0 0 0 0 0 0 0 1 1 0 1 0
20	1	0 0 0 1 1 0 1 0 0 1 1 1 1 1 1 1 1 1 1 1 0 0 1 1 1 0 0 1 1 0 1 0 0 1 1 0 1 0 0 0 0 0 0 0 0 1 1 0 1 0
20	12	0 0 0 1 1 0 1 0 0 1 1 1 1 1 1 1 1 1 1 0 0 0 1 1 1 0 0 1 1 0 1 0 0 1 1 0 1 0 0 0 0 0 0 0 0 1 1 0 1 0
20	1	0 0 0 0 1 1 0 0 0 0 1 0 0 0 0 1 1 0 0 0 1 1 1 1 1 0 0 1 1 1 1 0 0 0 0 1 1 1 0 0 0 0 1 1 1 0 1 0 0 0
20	24	0 0 0 0 1 1 0 0 0 0 1 0 0 1 0 1 1 0 0 0 1 1 1 1 1 0 0 1 1 1 1 0 0 0 0 1 1 1 0 0 0 0 1 1 1 0 1 0 0 0
20	12	0 0 0 0 0 1 0 1 1 1 0 1 0 0 1 0 1 0 0 0 0 0 0 0 0 0 1 0 0 1 1 1 0 1 0 1 0 1 1 0 1 1 1 1 1 1 1 1 0 1
30	3	1 1 1 0 1 0 0 0 1 0 1 0 0 1 0 1 1 1 1 1 1 1 1 0 1 1 1 1 0 0 1 0 1 1 1 1 1 1 1 0 0 0 1 0 0 1 1 1 0 0
30	1	1 1 1 0 1 0 0 0 1 0 1 0 0 1 0 1 1 1 1 1 1 1 1 0 1 1 1 1 0 0 1 0 1 1 1 1 1 1 1 0 0 0 1 0 1 0 1 1 0 0
30	2	1 1 1 1 1 0 0 0 1 0 1 1 0 1 0 1 1 1 1 1 1 1 1 0 1 1 1 1 0 0 1 0 1 1 1 1 1 1 1 0 0 0 1 0 1 1 1 1 0 0
30	2	1 1 1 0 1 0 0 0 1 0 1 1 0 1 0 1 1 1 1 1 1 1 1 0 1 1 1 1 0 0 1 0 1 1 1 1 1 1 1 0 0 0 1 0 1 1 1 1 0 0
30	1	1 1 1 0 1 0 0 0 1 0 1 0 0 1 0 1 1 1 1 1 1 1 1 0 1 1 1 1 0 0 1 0 1 1 1 1 1 1 1 0 0 0 1 0 1 1 1 1 0 1
30	22	1 1 1 0 1 0 0 0 1 0 1 0 0 1 0 1 1 1 1 1 1 1 1 0 1 1 1 1 0 0 1 0 1 1 1 1 1 1 1 0 0 0 1 0 1 1 1 1 0 0
30	2	0 0 1 0 1 0 0 0 0 0 1 0 0 0 0 0 0 0 1 1 0 0 1 1 0 1 0 0 0 0 1 1 1 1 1 0 0 1 0 1 1 0 0 0 1 0 1 1 1 1
30	13	0 0 0 1 1 0 1 0 0 1 1 1 1 1 1 1 1 1 1 0 0 0 1 1 1 0 0 1 1 0 1 0 0 1 1 0 1 0 0 0 0 0 0 0 0 1 1 0 1 0
30	15	0 0 0 1 1 0 1 0 0 1 1 1 1 1 1 1 1 1 1 0 0 0 1 1 1 0 0 1 1 0 1 0 0 1 1 1 1 0 0 0 0 0 0 0 0 1 1 0 1 0
30	2	0 0 0 1 1 0 1 0 0 1 1 1 1 1 1 1 1 1 1 0 1 0 1 1 1 0 0 1 1 0 1 0 0 1 1 0 1 0 0 0 0 0 0 0 0 1 1 0 1 0
30	3	0 0 0 1 1 0 1 0 0 1 1 1 1 1 1 1 1 1 1 0 0 0 1 1 1 0 0 1 1 0 1 1 0 1 1 0 1 0 0 0 0 0 0 0 0 1 1 0 1 0
30	1	0 0 0 1 1 0 1 1 0 1 1 1 1 1 1 1 1 1 1 0 0 0 1 1 1 0 0 1 1 0 1 0 0 1 1 0 1 0 0 0 0 0 0 0 0 1 1 0 1 0
30	1	0 0 0 1 1 0 1 0 0 1 1 1 1 1 1 1 1 1 1 1 0 0 1 1 1 0 0 1 1 0 1 0 0 1 1 0 1 0 0 0 0 0 0 0 0 1 1 0 1 0
30	17	0 0 0 0 1 1 0 0 0 0 1 0 0 1 0 1 1 0 0 0 1 1 1 1 1 0 0 1 1 1 1 0 0 0 0 1 1 1 0 0 0 0 1 1 1 0 1 0 0 0
30	15	0 0 0 0 0 1 0 1 1 1 0 1 0 0 1 0 1 0 0 0 0 0 0 0 0 0 1 0 0 1 1 1 0 1 0 1 0 1 1 0 1 1 1 1 1 1 1 1 0 1
40	1	1 1 0 0 1 0 0 0 1 0 1 0 0 1 0 1 1 1 1 1 1 1 1 0 1 1 1 1 0 0 1 0 1 1 1 1 1 1 1 0 0 0 1 0 0 1 1 1 0 0
40	2	1 1 1 0 1 0 0 0 1 0 1 0 0 1 0 1 1 1 1 1 1 1 1 0 1 1 1 1 0 0 1 0 1 1 1 1 1 1 1 0 0 0 1 0 0 1 1 1 0 0
40	2	1 1 1 0 1 0 0 0 1 0 1 0 0 1 0 1 1 1 1 1 1 1 1 0 1 1 1 1 0 0 1 0 1 1 1 1 1 1 1 0 0 0 1 0 1 0 1 1 0 0
40	3	1 1 1 1 1 0 0 0 1 0 1 1 0 1 0 1 1 1 1 1 1 1 1 0 1 1 1 1 0 0 1 0 1 1 1 1 1 1 1 0 0 0 1 0 1 1 1 1 0 0
40	1	1 1 1 0 1 0 0 0 1 0 1 1 0 1 0 1 1 1 1 1 1 1 1 0 1 1 1 1 0 0 1 0 1 1 1 1 1 1 1 0 0 0 1 0 1 1 1 1 0 0
40	15	1 1 1 0 1 0 0 0 1 0 1 0 0 1 0 1 1 1 1 1 1 1 1 0 1 1 1 1 0 0 1 0 1 1 1 1 1 1 1 0 0 0 1 0 1 1 1 1 0 0
40	1	0 0 0 1 1 0 1 0 0 1 1 1 1 0 1 1 1 1 1 0 0 0 1 1 1 0 0 1 1 0 1 0 1 1 1 0 1 0 0 0 1 0 0 0 0 1 1 0 1 0
40	1	0 0 0 1 1 0 1 0 0 1 1 1 1 0 1 1 1 1 1 0 0 0 1 1 1 0 0 1 1 0 1 0 0 1 1 0 1 0 0 0 0 0 0 0 0 1 1 0 1 0
40	5	0 0 0 1 1 0 1 0 0 1 1 1 1 1 1 1 1 1 1 0 0 0 1 1 1 0 0 1 1 0 1 1 0 1 1 0 1 0 0 0 0 0 0 0 0 1 1 0 1 0
40	31	0 0 0 1 1 0 1 0 0 1 1 1 1 1 1 1 1 1 1 0 0 0 1 1 1 0 0 1 1 0 1 0 0 1 1 1 1 0 0 0 0 0 0 0 0 1 1 0 1 0
40	23	0 0 0 1 1 0 1 0 0 1 1 1 1 1 1 1 1 1 1 0 0 0 1 1 1 0 0 1 1 0 1 0 0 1 1 0 1 0 0 0 0 0 0 0 0 1 1 0 1 0
40	5	0 0 0 1 1 0 1 0 0 1 1 1 1 1 1 1 1 1 1 0 1 0 1 1 1 0 0 1 1 0 1 0 0 1 1 0 1 0 0 0 0 0 0 0 0 1 1 0 1 0
40	1	0 0 0 1 1 0 1 1 0 1 1 1 1 1 1 1 1 1 1 0 0 0 1 1 1 0 0 1 1 0 1 0 0 1 1 0 1 0 0 0 0 0 0 0 0 1 1 0 1 0
40	1	0 0 0 1 1 0 1 0 0 1 1 1 1 1 1 1 1 1 1 1 0 0 1 1 1 0 0 1 1 0 1 0 0 1 1 0 1 0 0 0 0 0 0 0 0 1 1 0 1 0
40	1	0 0 0 0 1 1 0 0 0 0 1 0 0 1 0 1 1 0 0 0 1 1 1 1 1 0 0 1 1 1 1 0 0 0 0 1 1 1 0 0 0 0 1 1 1 0 1 0 0 0
40	7	0 0 0 0 0 1 0 1 1 1 0 1 0 0 1 0 1 0 0 0 0 0 0 0 0 0 1 0 0 1 1 1 0 1 0 1 0 1 1 0 1 1 1 1 1 1 1 1 0 1
50	2	1 1 1 0 1 0 0 0 1 0 1 0 0 1 0 1 1 1 1 1 1 1 1 0 1 1 1 1 0 0 1 0 1 1 1 1 1 1 1 0 0 0 1 0 0 1 1 1 0 0
50	3	1 1 1 0 1 0 0 0 1 0 1 0 0 1 0 1 1 1 1 1 1 1 1 0 1 1 1 1 0 0 1 0 1 1 1 1 1 1 1 0 0 0 1 0 1 0 1 1 0 0
50	1	1 1 1 1 1 0 0 0 1 0 1 1 0 1 0 1 1 1 1 1 1 1 1 0 1 1 1 1 0 0 1 0 1 1 1 1 1 1 1 0 0 0 1 0 1 1 1 1 0 0
50	1	1 1 1 0 1 0 0 0 1 0 1 0 0 1 0 1 1 1 1 1 1 1 1 0 1 1 1 1 0 0 1 0 1 1 1 1 1 1 1 0 0 0 1 0 1 1 1 0 0 0
50	8	1 1 1 0 1 0 0 0 1 0 1 0 0 1 0 1 1 1 1 1 1 1 1 0 1 1 1 1 0 0 1 0 1 1 1 1 1 1 1 0 0 0 1 0 1 1 1 1 0 0
50	2	0 0 0 1 1 0 1 0 0 1 1 1 1 0 1 1 1 1 1 0 0 0 1 1 1 0 0 1 1 0 1 0 0 1 1 0 1 0 0 0 0 0 0 0 0 1 1 0 1 0
50	4	0 0 0 1 1 0 1 0 0 1 1 1 1 1 1 1 1 1 1 0 0 0 1 1 1 0 0 1 1 0 1 1 0 1 1 0 1 0 0 0 0 0 0 0 0 1 1 0 1 0
50	1	0 0 0 1 1 1 1 0 0 1 1 1 1 1 1 1 1 1 1 0 0 0 1 1 1 0 0 1 1 0 1 0 0 1 1 1 1 0 0 0 0 0 0 0 0 1 1 0 1 0
50	1	0 0 0 1 1 0 1 0 0 1 1 1 1 1 1 1 1 1 1 0 0 0 1 1 1 0 1 1 1 0 1 0 0 1 1 1 1 0 0 0 0 0 0 0 0 1 1 0 1 0
50	1	0 0 0 1 1 0 1 0 0 1 1 1 1 1 1 1 1 1 1 0 0 1 1 1 1 0 0 1 1 0 1 0 0 1 1 1 1 0 0 0 0 0 0 0 0 1 1 0 1 0
50	36	0 0 0 1 1 0 1 0 0 1 1 1 1 1 1 1 1 1 1 0 0 0 1 1 1 0 0 1 1 0 1 0 0 1 1 1 1 0 0 0 0 0 0 0 0 1 1 0 1 0
50	2	0 0 0 1 1 0 1 0 0 1 1 1 1 1 1 1 1 1 1 1 0 0 1 1 1 0 0 1 1 0 1 0 0 1 1 0 1 0 0 0 0 0 0 0 0 1 1 0 1 0
50	32	0 0 0 1 1 0 1 0 0 1 1 1 1 1 1 1 1 1 1 0 0 0 1 1 1 0 0 1 1 0 1 0 0 1 1 0 1 0 0 0 0 0 0 0 0 1 1 0 1 0
50	4	0 0 0 1 1 0 1 0 0 1 1 1 1 1 1 1 1 1 1 0 1 0 1 1 1 0 0 1 1 0 1 0 0 1 1 0 1 0 0 0 0 0 0 0 0 1 1 0 1 0
50	1	0 0 0 0 1 1 0 0 0 0 1 0 0 1 0 1 1 0 0 0 1 1 1 1 1 0 0 1 1 1 1 0 0 0 0 1 1 1 0 0 0 0 1 1 1 0 1 0 0 0
50	1	0 0 0 0 0 1 0 1 1 1 0 1 0 0 1 0 1 0 0 0 0 0 0 0 0 0 1 0 0 1 1 1 0 1 0 1 0 1 1 0 1 1 1 1 1 1 1 1 0 1
60	1	1 1 1 0 1 0 0 0 1 0 1 0 0 1 0 1 1 1 1 1 1 1 1 0 1 1 1 1 0 0 1 0 1 0 1 1 1 1 1 0 0 0 1 0 0 1 1 1 0 0
60	2	1 1 1 0 1 0 0 0 1 0 1 0 0 1 0 1 1 1 1 1 1 1 1 0 1 1 1 1 0 0 1 0 1 1 1 1 1 1 1 0 0 0 1 0 0 1 1 1 0 0
60	2	1 1 1 0 1 0 0 0 1 0 1 0 0 1 0 1 1 1 1 1 1 1 1 0 1 1 1 1 0 0 1 0 1 1 1 1 1 1 1 0 0 0 1 0 1 0 1 1 0 0
60	5	1 1 1 1 1 0 0 0 1 0 1 1 0 1 0 1 1 1 1 1 1 1 1 0 1 1 1 1 0 0 1 0 1 1 1 1 1 1 1 0 0 0 1 0 1 1 1 1 0 0
60	1	1 1 1 0 1 0 0 0 1 0 1 1 0 1 0 1 1 1 1 1 1 1 1 0 1 1 1 1 0 0 1 0 1 1 1 1 1 1 1 0 0 0 1 0 1 1 1 1 0 0
60	2	1 1 1 0 1 0 0 0 1 0 1 0 0 1 0 1 1 1 1 1 1 1 1 0 1 1 1 1 0 0 1 0 1 1 1 1 1 1 1 0 0 0 1 0 1 1 1 1 0 0
60	3	0 0 0 1 1 0 1 0 0 1 1 1 1 1 1 1 1 1 1 0 0 0 1 1 1 0 0 1 1 0 1 1 0 1 1 0 1 0 0 0 0 0 0 0 0 1 1 0 1 0
60	1	0 0 0 1 1 0 1 0 0 1 1 1 1 1 1 1 1 1 1 0 0 1 1 1 1 0 0 1 1 0 1 0 0 1 1 1 1 0 0 0 0 0 0 0 0 1 1 0 1 0
60	1	0 0 0 1 1 0 1 0 0 1 1 1 1 1 1 1 1 1 1 0 0 0 1 1 1 0 0 1 1 0 1 0 0 1 1 1 0 0 0 0 0 0 0 0 0 1 1 0 1 0
60	46	0 0 0 1 1 0 1 0 0 1 1 1 1 1 1 1 1 1 1 0 0 0 1 1 1 0 0 1 1 0 1 0 0 1 1 1 1 0 0 0 0 0 0 0 0 1 1 0 1 0
60	2	0 0 0 1 1 0 1 0 0 1 1 1 1 1 1 1 1 1 1 1 0 0 1 1 1 0 0 1 1 0 1 0 0 1 1 0 1 0 0 0 0 0 0 0 0 1 0 0 1 0
60	1	0 0 0 1 1 0 1 0 0 1 1 1 1 1 1 1 1 1 1 1 0 0 1 1 1 0 0 1 1 0 1 0 0 1 1 0 1 0 0 0 0 0 0 0 0 1 1 0 1 0
60	1	0 0 0 1 1 0 1 0 0 1 1 1 1 1 1 1 1 1 1 0 0 0 0 1 1 0 0 1 1 0 1 0 0 1 1 0 1 0 0 0 0 0 0 0 0 1 1 0 1 0
60	1	0 0 0 1 1 0 1 0 0 1 1 1 1 1 1 1 1 1 1 0 0 0 1 1 1 0 0 1 1 0 1 0 0 1 1 0 1 0 1 0 0 0 0 0 0 1 1 0 1 0
60	19	0 0 0 1 1 0 1 0 0 1 1 1 1 1 1 1 1 1 1 0 0 0 1 1 1 0 0 1 1 0 1 0 0 1 1 0 1 0 0 0 0 0 0 0 0 1 1 0 1 0
60	1	1 0 0 1 1 0 1 0 0 1 1 1 1 1 1 1 1 1 1 0 1 0 1 1 1 0 0 1 1 0 1 0 0 1 1 0 1 0 0 0 0 0 0 0 0 1 1 0 1 0
60	3	0 0 0 1 1 0 1 0 0 1 1 1 1 1 1 1 1 1 1 0 1 0 1 1 1 0 0 1 1 0 1 0 0 1 1 0 1 0 0 0 0 0 0 0 0 1 1 0 1 0
60	1	0 0 0 1 1 0 1 1 0 1 1 1 1 1 1 1 1 1 1 0 0 0 1 1 1 0 0 1 1 0 1 0 0 1 1 0 1 0 0 0 0 0 0 0 0 1 0 0 1 0
60	5	0 0 0 1 1 0 1 1 0 1 1 1 1 1 1 1 1 1 1 0 0 0 1 1 1 0 0 1 1 0 1 0 0 1 1 0 1 0 0 0 0 0 0 0 0 1 1 0 1 0
60	2	0 0 0 0 0 1 0 1 1 1 0 1 0 0 1 0 1 0 0 0 0 0 0 0 0 0 1 0 0 1 1 1 0 1 0 1 0 1 1 0 1 1 1 1 1 1 1 1 0 1
70	1	1 1 1 0 1 0 0 0 1 0 1 0 0 1 0 1 1 1 1 1 1 1 1 0 1 1 1 1 0 0 1 0 1 0 1 1 1 1 1 0 0 0 1 0 0 1 1 1 0 0
70	1	1 1 1 0 1 0 0 0 1 0 1 0 0 1 0 1 1 1 1 1 1 1 1 0 1 1 1 1 0 0 1 0 1 1 1 1 1 1 1 0 0 0 1 0 0 1 1 1 0 0
70	2	1 1 1 0 1 0 0 0 1 0 1 0 0 1 0 1 1 1 1 1 1 1 1 0 1 1 1 1 0 0 1 0 1 1 1 1 1 1 1 0 0 0 1 0 1 0 1 1 0 0
70	1	1 1 1 0 1 0 0 0 1 0 1 0 0 1 0 1 1 1 1 1 1 1 1 0 1 1 1 1 0 0 1 0 1 1 1 1 1 1 1 0 0 0 1 0 1 1 1 1 0 0
70	4	0 0 0 1 1 0 1 0 0 1 1 1 1 1 1 1 1 1 1 0 0 0 1 1 1 0 0 1 1 0 1 1 0 1 1 0 1 0 0 0 0 0 0 0 0 1 1 0 1 0
70	2	0 0 0 1 1 1 1 0 0 1 1 1 1 1 1 1 1 1 1 0 0 0 0 1 1 0 0 1 1 0 1 0 0 1 1 1 1 0 0 0 0 0 0 0 0 1 1 0 1 0
70	7	0 0 0 1 1 1 1 0 0 1 1 1 1 1 1 1 1 1 1 0 0 0 1 1 1 0 0 1 1 0 1 0 0 1 1 1 1 0 0 0 0 0 0 0 0 1 1 0 1 0
70	2	0 0 0 1 1 0 1 0 0 1 1 1 1 1 1 1 1 1 1 0 0 1 1 1 1 0 0 1 1 0 1 0 0 1 1 1 1 0 0 0 0 0 0 0 0 1 1 0 1 0
70	2	0 0 0 1 1 0 1 0 0 1 1 1 1 1 1 1 1 1 1 0 0 0 1 1 1 0 0 1 1 0 1 0 0 1 1 1 1 0 0 0 0 0 0 0 0 1 1 0 0 0
70	3	0 0 0 1 1 0 1 0 0 1 1 1 1 1 1 1 1 1 1 0 0 0 1 1 1 0 0 1 1 0 1 0 0 1 1 1 0 0 0 0 0 0 0 0 0 1 1 0 1 0
70	1	0 0 0 1 1 0 1 0 0 1 1 1 1 1 0 1 1 1 1 0 0 0 1 1 1 0 0 1 1 0 1 0 0 1 1 1 1 0 0 0 0 0 0 0 0 1 1 0 1 0
70	30	0 0 0 1 1 0 1 0 0 1 1 1 1 1 1 1 1 1 1 0 0 0 1 1 1 0 0 1 1 0 1 0 0 1 1 1 1 0 0 0 0 0 0 0 0 1 1 0 1 0
70	3	0 0 0 1 1 0 1 0 1 1 1 1 1 1 1 1 1 1 1 1 0 0 1 1 1 0 0 1 1 0 1 0 0 1 1 0 1 0 0 0 0 0 0 0 0 1 0 0 1 0
70	2	0 0 0 1 1 0 1 0 0 1 1 1 1 1 1 1 1 1 1 0 0 0 1 1 1 0 0 1 0 0 1 0 0 1 1 0 1 0 0 0 0 0 0 0 0 1 1 0 1 0
70	1	1 0 0 1 1 0 1 0 0 1 1 1 1 1 1 1 1 1 1 0 1 0 1 1 1 0 0 1 1 0 1 0 0 1 1 0 1 0 0 0 0 0 0 0 0 1 1 0 1 0
70	3	0 0 0 1 1 0 1 0 0 1 1 1 1 1 1 1 1 1 1 0 1 0 1 1 1 0 0 1 1 0 1 0 0 1 1 0 1 0 0 0 0 0 0 0 0 1 1 0 1 0
70	16	0 0 0 1 1 0 1 1 0 1 1 1 1 1 1 1 1 1 1 0 0 0 1 1 1 0 0 1 1 0 1 0 0 1 1 0 1 0 0 0 0 0 0 0 0 1 1 0 1 0
70	19	0 0 0 1 1 0 1 0 0 1 1 1 1 1 1 1 1 1 1 0 0 0 1 1 1 0 0 1 1 0 1 0 0 1 1 0 1 0 0 0 0 0 0 0 0 1 1 0 1 0
80	1	1 1 1 0 1 0 0 0 1 0 1 0 0 1 0 1 1 1 1 1 1 1 1 0 1 1 1 1 0 0 1 0 1 1 1 1 1 1 1 0 0 0 1 0 1 0 1 1 0 0
80	3	0 0 0 1 1 0 1 0 0 1 1 1 1 1 1 1 1 1 1 0 0 0 1 1 1 0 0 1 1 0 1 1 0 1 1 0 1 0 0 0 0 0 0 0 0 1 1 0 1 0
80	8	0 0 0 1 1 1 1 0 0 1 1 1 1 1 1 1 1 1 1 0 0 0 1 1 1 0 0 1 1 0 1 0 0 1 1 1 1 0 0 0 0 0 0 0 0 1 1 0 1 0
80	1	0 0 0 1 1 0 1 0 0 1 1 1 1 1 1 1 1 1 1 0 0 1 1 1 1 0 0 1 1 0 1 0 0 1 1 1 1 0 0 0 0 0 0 0 0 1 1 0 0 0
80	7	0 0 0 1 1 0 1 0 0 1 1 1 1 1 1 1 1 1 1 0 0 0 1 1 1 0 0 1 1 0 1 0 0 1 1 1 1 0 0 0 0 0 0 0 0 1 1 0 0 0
80	1	0 0 0 1 1 0 1 0 0 1 1 1 1 1 1 1 1 1 1 0 0 0 1 1 1 0 0 0 1 0 1 0 0 1 1 1 1 0 0 0 0 0 0 0 0 1 1 0 1 0
80	1	0 0 0 1 1 0 1 0 0 1 1 1 1 1 1 1 1 1 1 0 0 0 1 1 1 0 0 1 1 0 1 0 0 1 1 1 1 0 0 1 0 0 0 0 0 1 1 0 1 0
80	29	0 0 0 1 1 0 1 0 0 1 1 1 1 1 1 1 1 1 1 0 0 0 1 1 1 0 0 1 1 0 1 0 0 1 1 1 1 0 0 0 0 0 0 0 0 1 1 0 1 0
80	4	0 0 0 1 1 0 1 0 0 1 1 1 1 1 1 1 1 1 1 1 0 0 1 1 1 0 0 1 1 0 1 0 0 1 1 0 1 0 0 0 0 0 0 0 1 1 0 0 1 0
80	4	0 0 0 1 1 0 1 0 0 1 1 1 1 1 1 1 1 1 1 1 0 0 1 1 1 0 0 1 1 0 1 0 0 1 1 0 1 0 0 0 0 0 0 0 0 1 0 0 1 0
80	1	0 0 0 1 1 0 1 0 0 1 1 1 1 1 1 1 1 1 1 0 0 0 0 1 1 0 0 1 1 0 1 0 0 1 1 0 1 0 0 0 0 0 0 0 0 1 1 0 1 0
80	1	0 0 0 1 1 0 1 0 0 1 1 1 1 1 1 1 1 1 1 0 0 0 1 1 1 0 0 1 0 0 1 0 0 1 1 0 1 0 0 0 0 0 0 0 0 1 1 0 1 0
80	8	0 0 0 1 1 0 1 0 0 1 1 1 1 1 1 1 1 1 1 0 1 0 1 1 1 0 0 1 1 0 1 0 0 1 1 0 1 0 0 0 0 0 0 0 0 1 1 0 1 0
80	1	0 0 0 1 1 0 1 1 0 1 1 1 1 1 1 1 1 1 1 1 0 0 1 1 1 0 0 1 1 0 1 0 0 1 1 0 1 0 0 0 0 0 0 0 0 1 1 0 1 0
80	20	0 0 0 1 1 0 1 1 0 1 1 1 1 1 1 1 1 1 1 0 0 0 1 1 1 0 0 1 1 0 1 0 0 1 1 0 1 0 0 0 0 0 0 0 0 1 1 0 1 0
80	1	0 1 0 1 1 0 1 0 0 1 1 1 1 1 1 1 1 1 1 0 0 0 1 1 1 0 0 1 1 0 1 0 0 1 1 0 1 0 0 0 0 0 0 0 0 1 1 0 1 0
80	9	0 0 0 1 1 0 1 0 0 1 1 1 1 1 1 1 1 1 1 0 0 0 1 1 1 0 0 1 1 0 1 0 0 1 1 0 1 0 0 0 0 0 0 0 0 1 1 0 1 0
90	3	1 1 1 1 1 0 0 0 1 0 1 1 0 1 0 1 1 1 1 1 1 1 1 0 1 1 1 1 0 0 1 0 1 1 1 1 1 1 1 0 0 0 1 0 1 1 1 1 0 0
90	2	0 0 0 1 1 0 1 0 0 1 1 1 1 1 1 1 1 1 1 0 0 0 1 1 1 0 0 1 1 0 1 1 0 1 1 0 0 0 0 0 0 0 0 0 0 1 1 0 1 0
90	2	0 0 0 1 1 0 1 0 0 1 1 1 1 1 1 1 1 1 1 0 0 0 1 1 1 0 0 1 1 0 1 1 0 1 1 0 1 0 0 0 0 0 0 0 0 1 1 0 1 0
90	1	0 0 0 1 1 1 1 0 0 1 1 1 1 1 1 1 1 1 1 0 0 0 0 1 1 0 0 1 1 0 1 0 0 1 1 1 1 0 0 0 0 0 0 0 0 1 1 0 1 0
90	12	0 0 0 1 1 1 1 0 0 1 1 1 1 1 1 1 1 1 1 0 0 0 1 1 1 0 0 1 1 0 1 0 0 1 1 1 1 0 0 0 0 0 0 0 0 1 1 0 1 0
90	3	0 0 0 1 1 0 1 0 0 1 1 1 1 1 1 1 1 1 1 0 0 1 1 1 1 0 0 1 1 0 1 0 0 1 1 1 1 0 0 0 0 0 0 0 0 1 1 0 0 0
90	23	0 0 0 1 1 0 1 0 0 1 1 1 1 1 1 1 1 1 1 0 0 0 1 1 1 0 0 1 1 0 1 0 0 1 1 1 1 0 0 0 0 0 0 0 0 1 1 0 0 0
90	1	0 0 0 1 1 0 1 0 0 1 1 1 1 1 0 1 1 1 1 0 0 0 1 1 1 0 0 1 1 0 1 0 0 1 1 1 1 0 0 0 0 0 0 0 0 1 1 0 1 0
90	15	0 0 0 1 1 0 1 0 0 1 1 1 1 1 1 1 1 1 1 0 0 0 1 1 1 0 0 1 1 0 1 0 0 1 1 1 1 0 0 0 0 0 0 0 0 1 1 0 1 0
90	2	0 0 0 1 1 0 1 0 0 1 1 1 1 1 1 1 1 1 1 1 0 0 1 1 1 0 0 1 1 0 1 0 0 1 1 0 1 0 0 0 0 0 0 0 1 0 0 0 1 0
90	2	0 0 0 1 1 0 1 0 0 1 1 1 1 1 1 1 1 1 1 1 0 0 1 1 1 0 0 1 1 0 1 0 0 1 1 0 1 0 0 0 0 0 0 0 0 1 0 0 1 0
90	2	1 0 0 1 1 0 1 0 0 1 1 1 1 1 1 1 1 1 1 0 1 0 1 1 1 0 0 1 1 0 1 0 0 1 1 0 1 0 0 0 0 0 0 0 0 1 1 0 1 0
90	1	0 0 0 0 1 0 1 0 0 1 1 1 1 1 1 1 1 1 1 0 1 0 1 1 1 0 0 1 1 0 1 0 0 1 1 0 1 0 0 0 0 0 0 0 0 1 1 0 1 0
90	2	0 0 0 1 1 0 1 0 0 1 1 1 1 1 1 1 1 1 1 0 1 0 1 1 1 0 0 1 1 0 1 0 0 1 1 0 1 0 0 0 0 0 0 0 0 1 1 0 1 0
90	1	0 0 0 1 1 0 1 1 0 1 1 1 1 1 1 1 1 1 1 1 0 0 1 1 1 0 0 1 1 0 1 0 0 1 1 0 1 0 0 0 0 0 0 0 0 1 1 0 1 0
90	3	0 0 0 1 1 0 1 0 0 1 1 1 1 1 1 1 1 1 1 0 0 0 1 1 1 0 0 1 1 0 1 0 0 1 1 0 1 0 0 0 0 0 0 0 0 1 1 0 1 0
90	25	0 0 0 1 1 0 1 1 0 1 1 1 1 1 1 1 1 1 1 0 0 0 1 1 1 0 0 1 1 0 1 0 0 1 1 0 1 0 0 0 0 0 0 0 0 1 1 0 1 0
100	2	0 0 0 1 1 0 1 0 0 1 1 1 1 1 1 1 1 1 1 0 0 0 1 1 1 0 0 1 1 0 1 1 0 1 1 0 1 0 0 0 0 0 0 0 0 1 1 0 1 0
100	1	0 0 0 1 1 1 1 0 0 1 1 1 1 1 1 1 1 1 1 0 0 0 1 1 1 0 0 1 1 1 1 0 0 1 1 1 1 0 0 0 0 0 0 0 0 1 1 0 0 0
100	2	0 0 0 1 1 1 1 0 0 1 1 1 1 1 1 1 1 1 1 0 0 0 1 1 1 0 0 1 1 0 1 0 0 1 1 1 1 0 0 0 0 0 0 0 0 1 1 0 0 0
100	1	0 0 0 1 1 1 1 0 0 1 1 1 1 1 1 1 1 1 1 0 0 0 1 1 1 0 0 1 1 0 1 0 0 1 1 0 1 0 0 0 0 0 0 0 0 1 1 0 1 0
100	26	0 0 0 1 1 1 1 0 0 1 1 1 1 1 1 1 1 1 1 0 0 0 1 1 1 0 0 1 1 0 1 0 0 1 1 1 1 0 0 0 0 0 0 0 0 1 1 0 1 0
100	1	0 0 0 1 1 0 1 0 0 1 1 1 1 1 1 1 1 1 1 0 0 0 1 1 1 0 0 1 1 0 1 0 0 1 1 1 0 0 0 0 0 0 0 0 0 1 1 0 1 0
100	1	0 0 0 1 1 0 1 0 0 1 1 1 1 1 1 1 1 1 1 0 0 0 1 1 1 0 0 1 1 0 1 0 0 1 1 1 1 0 0 0 0 0 0 0 0 1 1 0 1 0
100	25	0 0 0 1 1 0 1 0 0 1 1 1 1 1 1 1 1 1 1 0 0 0 1 1 1 0 0 1 1 0 1 0 0 1 1 1 1 0 0 0 0 0 0 0 0 1 1 0 0 0
100	1	0 0 0 1 1 0 1 0 0 1 1 1 1 1 1 1 1 1 1 0 1 0 1 1 1 0 0 1 1 0 1 0 0 1 1 1 1 0 0 0 0 0 0 0 0 1 1 0 1 0
100	3	0 0 0 1 1 0 1 0 0 1 1 1 1 1 1 1 1 1 1 1 0 0 1 1 1 0 0 1 1 0 1 0 0 1 1 0 1 0 0 0 0 0 0 0 1 0 0 0 1 0
100	1	0 0 0 1 1 0 1 0 0 1 1 1 1 1 1 1 1 1 1 1 0 0 1 1 1 0 0 1 1 0 1 0 0 1 1 0 1 0 0 0 0 0 0 0 0 1 0 0 1 0
100	2	0 0 0 1 1 0 1 0 0 1 1 1 1 1 1 1 1 1 1 0 0 0 1 1 1 0 0 1 0 0 1 0 0 1 1 0 1 0 0 0 0 0 0 0 0 1 1 0 1 0
100	1	1 0 0 1 1 0 1 0 0 1 1 1 1 1 1 1 1 1 1 0 1 0 1 1 1 0 0 1 1 0 1 0 0 1 1 0 1 0 0 0 0 0 0 0 0 1 1 0 1 0
100	3	0 0 0 1 1 0 1 0 0 1 1 1 1 1 1 1 1 1 1 0 1 0 1 1 1 0 0 1 1 0 1 0 0 1 1 0 1 0 0 0 0 0 0 0 0 1 1 0 1 0
100	1	0 0 0 1 1 0 1 1 0 1 1 1 1 1 1 1 1 1 1 0 0 0 1 1 1 0 0 1 1 0 1 0 0 1 1 0 0 0 0 0 0 0 0 0 0 1 1 0 1 0
100	2	0 0 0 1 1 0 1 1 0 1 1 1 1 1 1 0 1 1 1 1 0 0 1 1 1 0 0 1 1 0 1 0 0 1 1 0 1 0 0 0 0 0 0 0 0 1 1 0 1 0
100	2	0 0 0 1 1 0 1 1 0 1 1 1 1 1 1 1 1 1 1 1 0 0 1 1 1 0 0 1 1 0 1 0 0 1 1 0 1 0 0 0 0 0 0 0 0 1 1 0 1 0
100	1	0 0 0 1 1 0 1 1 1 1 1 1 1 1 1 1 1 1 1 0 0 0 1 1 1 0 0 1 1 0 1 0 0 1 1 0 1 0 0 0 0 0 0 0 0 1 1 0 1 0
100	23	0 0 0 1 1 0 1 1 0 1 1 1 1 1 1 1 1 1 1 0 0 0 1 1 1 0 0 1 1 0 1 0 0 1 1 0 1 0 0 0 0 0 0 0 0 1 1 0 1 0
100	1	0 1 0 1 1 0 1 0 0 1 1 1 1 1 1 1 1 1 1 0 0 0 1 1 1 0 0 1 1 0 1 0 0 1 1 0 1 0 0 0 0 0 0 0 0 1 1 0 1 0
110	4	0 0 0 1 1 1 1 0 0 1 1 1 1 1 1 1 1 1 1 0 0 0 1 1 1 0 0 1 1 0 1 0 0 1 1 1 1 0 0 0 0 0 0 0 0 1 1 0 0 0
110	2	0 0 0 1 1 1 1 0 0 1 1 1 1 1 1 1 1 1 1 0 0 0 1 1 1 0 0 1 0 0 1 0 0 1 1 1 1 0 0 0 0 0 0 0 0 1 1 0 1 0
110	1	0 0 1 1 1 1 1 0 0 1 0 1 1 1 1 1 1 1 1 0 0 0 1 1 1 0 0 1 1 0 1 0 0 1 1 1 1 0 0 0 0 0 0 0 0 1 1 0 1 0
110	1	0 0 0 1 1 1 1 0 0 1 0 1 1 1 1 1 1 1 1 0 0 0 1 1 1 0 0 1 1 0 1 0 0 1 1 1 1 0 0 0 0 0 0 0 0 1 1 0 1 0
110	18	0 0 0 1 1 1 1 0 0 1 1 1 1 1 1 1 1 1 1 0 0 0 1 1 1 0 0 1 1 0 1 0 0 1 1 1 1 0 0 0 0 0 0 0 0 1 1 0 1 0
110	1	0 0 0 1 1 0 1 0 0 1 1 1 1 1 1 1 1 1 1 0 0 1 1 1 1 0 0 1 1 0 1 0 0 1 1 1 1 0 0 0 0 0 0 0 0 1 1 0 0 0
110	1	0 0 0 1 1 0 1 0 0 1 1 1 1 1 1 1 1 1 0 0 0 0 1 1 1 0 0 1 1 0 1 0 0 1 1 1 1 0 0 0 0 0 0 0 0 1 1 0 0 0
110	1	0 0 0 1 1 0 1 0 0 1 1 1 1 1 1 1 1 1 1 0 0 0 1 1 1 0 0 1 1 0 1 0 0 1 1 1 1 0 0 0 0 0 0 0 0 1 1 0 1 0
110	13	0 0 0 1 1 0 1 0 0 1 1 1 1 1 1 1 1 1 1 0 0 0 1 1 1 0 0 1 1 0 1 0 0 1 1 1 1 0 0 0 0 0 0 0 0 1 1 0 0 0
110	2	0 0 0 1 1 0 1 0 0 1 1 1 1 1 1 1 1 1 1 1 0 0 1 1 1 0 0 1 1 0 1 0 0 1 1 0 1 0 0 0 0 0 0 0 1 0 0 0 1 0
110	1	0 0 0 1 1 0 1 0 0 1 1 1 1 1 1 1 1 1 1 1 0 0 1 1 1 0 0 1 1 0 1 0 0 1 1 0 1 0 0 0 0 0 0 0 0 1 0 0 1 0
110	1	0 0 0 1 1 0 1 0 0 1 1 1 1 1 1 1 1 1 1 0 0 0 0 1 1 0 0 1 1 0 1 0 0 1 1 0 1 0 0 0 0 0 0 0 0 1 1 0 1 0
110	2	0 0 0 1 1 0 1 0 0 1 1 1 1 1 1 1 1 1 1 0 0 0 1 1 1 0 0 1 0 0 1 0 0 1 1 0 1 0 0 0 0 0 0 0 0 1 1 0 1 0
110	2	0 0 0 1 1 0 1 0 0 1 1 1 1 1 1 1 1 1 1 0 1 0 1 1 1 0 0 1 1 0 1 0 0 1 1 0 1 0 0 0 0 0 0 0 0 1 1 0 1 0
110	2	0 0 0 1 1 0 1 1 0 1 1 1 1 1 1 1 1 1 1 0 0 0 1 1 1 0 0 1 1 0 1 0 0 1 1 0 0 0 0 0 0 0 0 0 0 1 1 0 1 0
110	2	0 0 0 1 1 0 1 1 0 1 1 1 1 1 1 0 1 1 1 1 0 0 1 1 1 0 0 1 1 0 1 0 0 1 1 0 1 0 0 0 0 0 0 0 0 1 1 0 1 0
110	13	0 0 0 1 1 0 1 1 1 1 1 1 1 1 1 1 1 1 1 0 0 0 1 1 1 0 0 1 1 0 1 0 0 1 1 0 1 0 0 0 0 0 0 0 0 1 1 0 1 0
110	1	0 0 0 0 1 0 1 1 0 1 1 1 1 1 1 1 1 1 1 0 0 0 1 1 1 0 0 1 1 0 1 0 0 1 1 0 1 0 0 0 0 0 0 0 0 1 1 0 1 0
110	32	0 0 0 1 1 0 1 1 0 1 1 1 1 1 1 1 1 1 1 0 0 0 1 1 1 0 0 1 1 0 1 0 0 1 1 0 1 0 0 0 0 0 0 0 0 1 1 0 1 0
120	6	0 0 0 1 1 1 1 0 0 1 1 1 1 1 1 1 1 1 1 0 0 0 1 1 1 0 0 1 1 0 1 0 0 1 1 1 1 0 0 0 0 0 0 0 0 1 1 0 0 0
120	6	0 0 0 1 1 1 1 0 0 1 1 1 1 1 1 1 1 1 1 0 0 0 1 1 1 0 0 1 0 0 1 0 0 1 1 1 1 0 0 0 0 0 0 0 0 1 1 0 1 0
120	1	0 0 0 1 1 1 1 0 0 1 0 1 1 1 1 1 1 1 1 0 0 0 1 1 1 0 0 1 1 0 1 0 0 1 1 1 1 0 0 0 0 0 0 0 0 1 1 0 1 0
120	1	0 0 0 1 1 1 1 0 0 1 1 1 1 1 0 1 1 1 1 0 0 0 1 1 1 0 0 1 1 0 1 0 0 1 1 1 1 0 0 0 0 0 0 0 0 1 1 0 1 0
120	2	0 0 0 1 1 1 1 0 0 1 1 1 1 1 1 1 1 1 1 0 0 0 1 1 1 0 0 1 1 0 1 0 0 1 1 1 1 0 0 0 0 0 0 0 0 0 1 0 1 0
120	23	0 0 0 1 1 1 1 0 0 1 1 1 1 1 1 1 1 1 1 0 0 0 1 1 1 0 0 1 1 0 1 0 0 1 1 1 1 0 0 0 0 0 0 0 0 1 1 0 1 0
120	2	0 0 0 1 1 0 1 0 0 1 1 1 1 1 1 1 1 1 1 0 0 1 1 1 1 0 0 1 1 0 1 0 0 1 1 1 1 0 0 0 0 0 0 0 0 1 1 0 0 0
120	1	0 0 0 1 1 0 1 0 0 1 1 1 1 1 1 1 0 1 1 0 0 0 1 1 1 0 0 1 1 0 1 0 0 1 1 1 1 1 0 0 0 0 0 0 0 1 1 0 0 0
120	1	0 0 0 1 1 0 1 0 0 1 1 1 1 1 1 1 1 1 1 0 1 0 1 1 1 0 0 1 1 0 1 0 0 1 1 1 1 0 0 1 0 0 0 0 0 1 1 0 0 0
120	1	0 0 0 1 1 0 1 0 0 1 1 1 1 1 1 0 1 1 1 0 0 0 1 1 1 0 0 1 1 0 1 0 0 1 1 1 1 0 0 0 0 0 0 0 0 1 1 0 0 0
120	6	0 0 0 1 1 0 1 0 0 1 1 1 1 1 1 1 1 1 1 0 0 0 1 1 1 0 0 1 1 0 1 0 0 1 1 1 1 0 0 0 0 0 0 0 0 1 1 0 0 0
120	3	0 0 0 1 1 0 1 1 0 1 1 1 1 1 1 1 1 1 1 0 0 0 1 1 1 0 0 1 1 0 1 0 0 1 1 0 0 0 0 0 0 0 0 0 0 1 1 0 1 0
120	3	0 0 0 1 1 0 1 1 0 1 1 1 1 1 1 0 1 1 1 1 0 0 1 1 1 0 0 1 1 0 1 0 0 1 1 0 1 0 0 0 0 0 0 0 0 1 1 0 1 0
120	2	0 0 0 1 1 0 1 1 0 1 1 1 1 1 1 1 1 1 1 1 0 0 1 1 1 0 0 1 1 0 1 0 0 1 1 0 1 0 0 0 0 0 0 0 0 1 1 0 1 0
120	1	0 0 0 1 1 0 1 1 1 1 1 1 0 1 1 1 1 1 1 0 0 0 1 1 1 0 0 1 1 0 1 0 0 1 1 0 1 0 0 0 0 0 0 0 0 1 1 0 1 0
120	1	0 0 0 1 1 0 1 1 1 1 1 1 1 1 1 1 1 1 1 0 0 0 1 1 1 0 0 1 1 0 1 0 0 1 1 1 1 0 0 0 0 0 0 0 0 1 1 0 1 0
120	12	0 0 0 1 1 0 1 1 1 1 1 1 1 1 1 1 1 1 1 0 0 0 1 1 1 0 0 1 1 0 1 0 0 1 1 0 1 0 0 0 0 0 0 0 0 1 1 0 1 0
120	1	0 0 0 1 1 0 1 1 0 1 1 1 1 1 1 1 1 1 1 0 0 0 1 0 1 0 0 1 1 0 1 0 0 1 1 0 1 0 0 0 0 0 0 0 0 1 1 0 1 0
120	1	0 0 0 0 1 0 1 1 0 1 1 1 1 1 1 1 1 1 1 0 0 0 1 1 1 0 0 1 1 0 1 0 0 1 1 0 1 0 0 0 0 0 0 0 0 1 1 0 1 0
120	26	0 0 0 1 1 0 1 1 0 1 1 1 1 1 1 1 1 1 1 0 0 0 1 1 1 0 0 1 1 0 1 0 0 1 1 0 1 0 0 0 0 0 0 0 0 1 1 0 1 0
130	3	0 0 0 1 1 1 1 0 0 1 1 1 1 1 1 1 1 1 1 0 0 0 1 1 0 0 0 1 1 0 1 0 0 1 1 1 1 0 0 0 0 0 0 0 0 1 1 0 0 0
130	7	0 0 0 1 1 0 1 0 0 1 1 1 1 1 1 1 1 1 1 0 0 0 1 1 1 0 0 1 1 0 1 0 0 1 1 1 1 0 0 0 0 0 0 0 0 1 1 0 0 0
130	27	0 0 0 1 1 1 1 0 0 1 1 1 1 1 1 1 1 1 1 0 0 0 1 1 1 0 0 1 1 0 1 0 0 1 1 1 1 0 0 0 0 0 0 0 0 1 1 0 0 0
130	7	0 0 0 1 1 1 1 0 0 1 1 1 1 1 1 1 1 1 1 0 0 0 1 1 1 0 0 1 1 0 1 0 0 1 1 1 1 0 0 0 0 0 0 0 0 1 1 0 1 0
130	1	0 0 0 1 1 1 1 0 0 1 1 1 1 1 1 0 1 1 1 0 0 0 1 1 1 0 0 1 1 0 1 0 0 1 1 1 1 0 0 0 0 0 0 0 0 1 1 0 0 0
130	8	0 0 0 1 1 1 1 0 0 1 1 1 1 1 1 1 1 1 1 0 0 0 1 1 1 0 0 1 0 0 1 0 0 1 1 1 1 0 0 0 0 0 0 0 0 1 1 0 1 0
130	1	0 0 1 1 1 1 1 0 0 1 0 1 1 1 1 1 1 1 1 0 0 0 1 1 1 0 0 1 1 0 1 0 0 1 1 1 1 0 0 0 0 0 0 0 0 1 1 0 1 0
130	1	0 0 0 1 1 0 1 0 0 1 1 1 1 1 1 1 1 1 1 1 0 0 1 1 1 0 0 1 1 0 1 0 0 1 1 0 1 0 0 0 0 0 0 0 1 0 0 0 1 0
130	2	0 0 0 1 1 0 1 1 0 1 1 1 1 1 1 1 1 1 1 0 0 0 1 1 1 0 0 1 1 0 1 0 0 1 1 0 0 0 0 0 0 0 0 0 0 1 1 0 1 0
130	1	0 0 0 1 1 0 1 1 0 1 1 1 1 1 1 1 1 1 1 1 0 0 1 1 1 0 0 1 1 0 1 0 0 1 1 0 1 0 0 0 0 0 0 0 0 1 1 0 1 0
130	1	0 0 0 1 1 0 1 1 1 1 1 1 1 1 1 1 1 1 1 0 0 0 1 1 1 0 0 1 1 0 1 0 0 1 1 0 1 0 0 1 0 0 0 0 0 1 1 0 1 0
130	4	0 0 0 1 1 0 1 1 1 1 1 1 1 0 1 1 1 1 1 0 0 0 1 1 1 0 0 1 1 0 1 0 0 1 1 0 1 0 0 0 0 0 0 0 0 1 1 0 1 0
130	1	0 0 0 1 1 0 1 1 1 1 1 1 1 1 0 1 1 1 1 0 0 0 1 1 1 0 0 1 1 0 1 0 0 1 1 0 1 0 0 0 0 0 0 0 0 1 1 0 1 0
130	18	0 0 0 1 1 0 1 1 1 1 1 1 1 1 1 1 1 1 1 0 0 0 1 1 1 0 0 1 1 0 1 0 0 1 1 0 1 0 0 0 0 0 0 0 0 1 1 0 1 0
130	1	0 0 0 1 1 1 1 1 0 1 1 1 1 1 1 1 1 1 1 0 0 0 1 1 1 0 0 1 1 0 1 0 0 1 1 0 1 0 0 0 0 0 0 0 0 1 1 0 1 0
130	17	0 0 0 1 1 0 1 1 0 1 1 1 1 1 1 1 1 1 1 0 0 0 1 1 1 0 0 1 1 0 1 0 0 1 1 0 1 0 0 0 0 0 0 0 0 1 1 0 1 0
140	11	0 0 0 1 1 0 1 0 0 1 1 1 1 1 1 1 1 1 1 0 0 0 1 1 1 0 0 1 1 0 1 0 0 1 1 1 1 0 0 0 0 0 0 0 0 1 1 0 0 0
140	1	0 0 0 1 1 1 1 0 0 1 1 0 1 1 1 1 1 1 1 0 0 0 1 1 1 0 0 1 1 0 1 0 0 1 1 1 1 0 0 0 0 0 0 0 0 1 1 0 0 0
140	1	0 0 0 1 1 1 1 0 0 1 1 1 1 1 1 1 1 1 1 0 0 0 1 1 1 0 0 1 1 0 1 0 0 0 1 1 1 0 0 0 0 0 0 0 0 1 1 0 0 0
140	1	0 0 0 1 1 1 1 0 0 1 1 1 1 1 1 1 1 1 1 0 0 0 1 1 1 0 0 1 1 0 1 0 0 1 1 1 0 0 0 0 0 0 0 0 0 1 1 0 0 0
140	1	0 0 0 1 1 1 1 0 0 1 1 1 1 1 1 1 1 1 1 0 0 0 1 1 1 0 0 1 1 0 1 0 0 1 1 1 1 0 0 0 0 0 0 0 0 0 1 0 0 0
140	1	0 0 0 1 1 1 1 0 0 0 1 1 1 1 1 1 1 1 1 0 0 0 1 1 1 0 0 1 1 0 1 0 0 1 1 1 1 0 0 0 0 0 0 0 0 1 1 0 0 0
140	32	0 0 0 1 1 1 1 0 0 1 1 1 1 1 1 1 1 1 1 0 0 0 1 1 1 0 0 1 1 0 1 0 0 1 1 1 1 0 0 0 0 0 0 0 0 1 1 0 0 0
140	3	0 0 0 1 1 1 1 0 0 1 1 1 1 1 1 1 1 1 1 0 0 0 1 1 1 0 0 1 1 0 1 0 0 1 1 1 1 0 0 0 0 0 0 0 0 1 1 0 1 0
140	1	0 0 0 1 1 1 1 0 0 1 1 1 1 1 1 1 1 1 1 0 0 0 0 0 1 0 0 1 0 0 1 0 0 1 1 1 1 0 0 0 0 0 0 0 0 1 1 0 1 0
140	3	0 0 0 1 1 1 1 0 0 1 1 1 1 1 1 1 1 1 1 0 0 0 1 1 1 0 0 1 0 0 1 0 0 1 1 1 1 0 0 0 0 0 0 0 0 1 1 0 1 0
140	7	0 0 1 1 1 1 1 0 0 1 0 1 1 1 1 1 1 1 1 0 0 0 1 1 1 0 0 1 1 0 1 0 0 1 1 1 1 0 0 0 0 0 0 0 0 1 1 0 1 0
140	1	0 0 0 1 1 0 1 1 0 1 1 1 1 1 1 0 1 1 1 1 0 0 1 1 1 0 0 1 1 0 1 0 0 1 1 0 1 0 0 0 0 0 0 0 0 1 1 0 1 0
140	2	0 0 0 1 1 0 1 1 1 1 1 1 1 1 1 1 1 1 1 0 0 0 1 1 1 0 0 1 1 0 1 0 0 1 1 0 1 0 0 1 0 0 0 0 0 1 1 0 1 0
140	1	0 0 0 1 1 0 1 1 1 1 1 1 0 1 1 1 1 1 1 0 0 0 1 1 1 0 0 1 1 0 1 0 0 1 1 0 1 0 0 0 0 0 0 0 0 1 1 0 1 0
140	1	0 0 0 1 1 0 1 1 1 1 1 1 1 0 1 1 1 1 1 0 0 0 1 1 1 0 0 1 1 0 1 0 0 1 1 0 1 0 0 0 0 0 0 0 0 1 1 0 1 0
140	1	0 0 0 1 1 0 1 1 1 1 1 1 1 1 0 1 1 1 1 0 0 0 1 1 1 0 0 1 1 0 1 0 0 1 1 0 1 0 0 0 0 0 0 0 0 1 1 0 1 0
140	1	0 0 0 1 1 0 1 1 1 1 1 1 1 1 1 1 1 1 1 0 0 0 1 1 1 0 0 1 1 0 1 0 0 1 1 0 1 0 0 0 0 0 0 0 0 0 1 0 1 0
140	2	0 0 0 1 1 0 1 1 1 1 1 1 1 1 1 1 1 1 1 0 0 0 1 1 1 0 0 0 1 0 1 0 0 1 1 0 1 0 0 0 0 0 0 0 0 1 1 0 1 0
140	1	0 0 0 1 1 0 1 1 1 1 1 1 1 1 1 1 1 1 1 0 0 0 1 1 1 0 0 1 1 0 1 0 0 1 1 1 1 0 0 0 0 0 0 0 0 1 1 0 1 0
140	1	0 0 0 1 1 0 1 1 1 1 0 1 1 1 1 1 1 1 1 0 0 0 1 1 1 0 0 1 1 0 1 0 0 1 1 0 1 0 0 0 0 0 0 0 0 1 1 0 1 0
140	18	0 0 0 1 1 0 1 1 1 1 1 1 1 1 1 1 1 1 1 0 0 0 1 1 1 0 0 1 1 0 1 0 0 1 1 0 1 0 0 0 0 0 0 0 0 1 1 0 1 0
140	3	0 0 0 1 1 1 1 1 0 1 1 1 1 1 1 1 1 1 1 0 0 0 1 1 1 0 0 1 1 0 1 0 0 1 1 0 1 0 0 0 0 0 0 0 0 1 1 0 1 0
140	6	0 0 0 1 1 0 1 1 0 1 1 1 1 1 1 1 1 1 1 0 0 0 1 1 1 0 0 1 1 0 1 0 0 1 1 0 1 0 0 0 0 0 0 0 0 1 1 0 1 0
150	1	0 0 0 1 1 0 1 0 0 1 1 1 1 1 1 1 1 1 1 0 0 0 1 1 1 0 0 1 1 0 1 0 0 1 1 1 1 0 0 0 0 0 0 0 0 1 1 0 0 0
150	1	0 0 0 1 1 1 1 0 0 1 1 1 1 1 1 1 1 1 1 0 0 0 1 1 1 0 0 1 1 0 1 0 0 1 1 1 1 0 1 0 0 0 0 0 0 1 1 0 0 0
150	1	0 0 0 1 1 1 1 0 0 1 1 1 1 1 1 1 1 1 1 0 0 0 1 1 1 0 0 1 1 0 1 0 1 1 1 1 1 0 0 0 0 0 0 0 0 1 1 0 0 0
150	44	0 0 0 1 1 1 1 0 0 1 1 1 1 1 1 1 1 1 1 0 0 0 1 1 1 0 0 1 1 0 1 0 0 1 1 1 1 0 0 0 0 0 0 0 0 1 1 0 0 0
150	1	0 0 0 1 1 1 1 0 0 1 1 1 1 1 1 1 1 1 1 0 0 0 1 1 1 0 0 1 1 0 1 0 0 1 1 1 1 0 0 0 0 0 0 0 0 1 1 0 1 0
150	2	0 0 0 1 1 1 1 0 0 1 1 1 1 1 1 1 1 1 1 0 0 0 1 1 1 0 0 1 0 0 1 0 0 1 1 1 1 0 0 0 0 0 0 0 0 1 1 0 1 0
150	1	0 0 1 1 1 1 1 0 0 1 0 1 0 1 1 1 1 1 1 0 0 0 1 1 1 0 0 1 1 0 1 0 0 1 1 1 1 0 0 0 0 0 0 0 0 1 1 0 1 0
150	4	0 0 1 1 1 1 1 0 0 1 0 1 1 1 1 1 1 1 1 0 0 0 1 1 1 0 0 1 1 0 1 0 0 1 1 1 1 0 0 0 0 0 0 0 0 1 1 0 1 0
150	1	0 0 0 1 1 0 1 1 0 1 1 1 1 1 1 1 1 1 1 1 0 0 1 1 1 0 0 1 1 0 1 0 0 1 1 0 1 0 0 0 0 1 0 0 0 1 1 0 1 0
150	4	0 0 0 1 1 0 1 1 1 1 1 1 1 0 1 1 1 1 1 0 0 0 1 1 1 0 0 1 1 0 1 0 0 1 1 0 1 0 0 0 0 0 0 0 0 1 1 0 1 0
150	2	0 0 0 1 1 0 1 1 1 1 1 1 1 1 0 1 1 1 1 0 0 0 1 1 1 0 0 1 1 0 1 0 0 1 1 0 1 0 0 0 0 0 0 0 0 1 0 0 1 0
150	6	0 0 0 1 1 0 1 1 1 1 1 1 1 1 0 1 1 1 1 0 0 0 1 1 1 0 0 1 1 0 1 0 0 1 1 0 1 0 0 0 0 0 0 0 0 1 1 0 1 0
150	1	0 0 0 1 1 0 1 1 1 1 1 1 1 1 1 1 1 1 1 0 0 1 1 1 1 0 0 1 1 0 1 0 0 1 1 0 1 0 0 0 0 0 0 0 0 1 1 0 1 0
150	1	0 0 0 1 1 0 1 1 1 1 1 1 1 1 1 1 1 1 1 0 0 0 1 1 1 0 0 0 1 1 1 0 0 1 1 0 1 0 0 0 0 0 0 0 0 1 1 0 1 0
150	20	0 0 0 1 1 0 1 1 1 1 1 1 1 1 1 1 1 1 1 0 0 0 1 1 1 0 0 1 1 0 1 0 0 1 1 0 1 0 0 0 0 0 0 0 0 1 1 0 1 0
150	1	0 0 0 1 1 0 1 1 1 1 1 1 1 1 1 1 1 1 1 0 0 0 1 1 1 0 0 0 1 0 1 0 0 1 1 0 1 0 0 0 0 0 0 0 0 1 1 0 1 0
150	1	0 0 0 1 1 0 1 1 1 1 1 1 1 1 1 1 1 1 1 0 0 0 1 1 1 0 0 1 1 0 1 0 0 1 1 0 1 0 0 0 0 0 0 0 0 1 1 0 1 1
150	2	0 0 0 1 1 0 1 1 1 1 1 1 1 1 1 1 1 1 1 0 0 0 1 1 1 0 0 1 1 0 1 0 0 1 1 0 1 0 0 0 0 0 0 0 0 1 0 0 1 0
150	2	0 0 0 1 1 1 1 1 0 1 1 1 1 1 1 1 1 1 1 0 0 0 1 1 1 0 0 1 1 0 1 0 0 1 1 0 1 0 0 0 0 0 0 0 0 1 1 0 1 0
150	4	0 0 0 1 1 0 1 1 0 1 1 1 1 1 1 1 1 1 1 0 0 0 1 1 1 0 0 1 1 0 1 0 0 1 1 0 1 0 0 0 0 0 0 0 0 1 1 0 1 0
160	1	0 0 0 1 1 1 1 0 0 1 1 1 1 1 1 1 1 1 1 0 0 0 1 1 1 0 0 1 1 0 1 0 1 1 1 1 1 0 0 0 0 0 0 0 0 1 1 0 0 0
160	1	0 0 0 1 1 1 1 0 0 1 1 1 1 1 1 1 1 1 1 0 0 0 1 1 1 0 0 1 1 0 1 0 0 1 1 1 1 0 0 1 0 0 0 0 0 1 1 0 0 0
160	46	0 0 0 1 1 1 1 0 0 1 1 1 1 1 1 1 1 1 1 0 0 0 1 1 1 0 0 1 1 0 1 0 0 1 1 1 1 0 0 0 0 0 0 0 0 1 1 0 0 0
160	1	0 0 0 1 1 1 1 0 0 1 1 1 1 1 1 1 1 1 1 0 0 0 1 1 1 0 0 1 0 0 1 0 0 1 1 1 1 0 0 0 0 0 0 0 0 1 1 0 1 0
160	3	0 0 1 1 1 1 1 0 0 1 0 1 1 1 1 1 1 1 1 0 0 0 1 1 1 0 0 1 1 0 1 0 0 1 1 1 1 0 0 0 0 0 0 0 0 1 1 0 1 0
160	2	0 0 0 1 1 0 1 1 1 1 1 1 0 1 1 1 1 1 1 0 0 0 1 1 1 0 0 1 1 0 1 0 0 1 1 0 1 0 0 1 0 0 0 0 0 1 1 0 1 0
160	1	0 0 0 1 1 0 1 1 1 1 1 1 0 1 1 1 1 1 1 0 0 0 1 1 1 0 0 1 1 0 1 0 0 1 1 0 1 0 0 0 0 0 0 0 0 1 1 0 1 0
160	1	0 0 0 1 1 0 1 1 1 1 1 1 1 1 0 1 1 1 1 0 0 0 1 1 1 0 0 1 1 0 1 0 0 1 1 0 1 0 0 0 0 0 0 0 0 1 1 0 1 0
160	25	0 0 0 1 1 0 1 1 1 1 1 1 1 1 1 1 1 1 1 0 0 0 1 1 1 0 0 1 1 0 1 0 0 1 1 0 1 0 0 0 0 0 0 0 0 1 1 0 1 0
160	4	0 0 0 1 1 0 1 1 1 1 1 1 1 1 1 1 1 1 1 0 0 0 1 1 1 0 0 1 1 0 1 0 0 1 1 0 1 0 0 0 0 0 0 0 0 0 1 0 1 0
160	1	0 0 0 1 1 0 1 1 1 1 1 1 1 1 1 1 1 0 1 0 0 0 1 1 1 0 0 1 1 0 1 0 0 1 1 0 1 0 0 0 0 0 0 0 0 1 1 0 1 0
160	7	0 0 0 1 1 0 1 1 1 1 1 1 1 1 1 1 1 1 1 0 0 0 1 1 1 0 0 1 1 0 1 0 0 1 1 0 1 0 0 0 0 0 0 0 0 1 0 0 1 0
160	1	0 0 0 1 1 0 1 1 1 1 1 1 1 1 1 1 1 1 1 0 0 0 1 1 1 0 1 1 1 0 1 0 0 1 1 0 1 0 0 0 0 0 0 0 0 1 1 0 1 0
160	1	0 0 1 1 1 0 1 1 1 1 1 1 1 1 1 1 1 1 1 0 0 0 1 1 1 0 0 1 1 0 1 0 0 1 1 0 1 0 0 0 0 0 0 0 0 1 1 0 1 0
160	4	0 0 0 1 1 1 1 1 0 1 1 1 1 1 1 1 1 1 1 0 0 0 1 1 1 0 0 1 1 0 1 0 0 1 1 0 1 0 0 0 0 0 0 0 0 1 1 0 1 0
160	1	0 0 0 1 1 0 1 1 0 1 1 1 1 1 1 1 1 1 1 0 0 0 1 1 1 0 0 1 1 0 1 0 0 1 1 0 1 0 0 0 0 0 0 0 0 1 1 0 1 0
170	4	0 0 0 1 1 1 1 0 0 1 1 1 1 1 1 1 1 1 1 0 0 0 1 1 1 0 0 1 1 0 1 0 0 1 1 1 0 0 0 0 0 0 0 0 0 1 1 0 0 0
170	1	0 0 0 1 1 1 1 0 0 1 1 1 1 1 1 1 1 1 1 0 0 0 1 1 1 0 0 1 1 0 1 0 1 1 1 1 1 0 0 0 0 0 0 0 0 1 1 0 0 0
170	3	0 0 0 1 1 1 1 0 0 1 1 1 1 1 1 1 1 1 1 0 0 0 1 1 1 0 0 1 1 0 1 0 0 0 1 1 1 0 0 0 0 0 0 0 0 1 1 0 0 0
170	1	0 0 0 1 1 1 1 0 0 1 1 1 1 1 1 1 0 1 1 0 0 0 1 1 1 0 0 1 1 0 1 0 0 1 1 1 1 0 0 0 0 0 0 0 0 1 1 0 0 0
170	1	0 0 0 1 1 1 1 0 0 1 0 1 1 1 1 1 1 1 1 0 0 0 1 1 1 0 0 1 1 0 1 0 0 1 1 1 1 0 0 0 0 0 0 0 0 1 1 0 0 0
170	36	0 0 0 1 1 1 1 0 0 1 1 1 1 1 1 1 1 1 1 0 0 0 1 1 1 0 0 1 1 0 1 0 0 1 1 1 1 0 0 0 0 0 0 0 0 1 1 0 0 0
170	1	0 0 0 1 1 1 1 0 0 1 1 1 1 1 1 1 1 1 1 0 0 0 1 1 1 0 0 1 0 0 1 0 0 1 1 1 1 0 0 0 0 0 0 0 0 1 1 0 1 0
170	9	0 0 1 1 1 1 1 0 0 1 0 1 1 1 1 1 1 1 1 0 0 0 1 1 1 0 0 1 1 0 1 0 0 1 1 1 1 0 0 0 0 0 0 0 0 1 1 0 1 0
170	2	0 0 0 1 1 0 1 1 1 1 1 1 0 1 1 1 1 1 1 0 0 0 1 1 1 0 0 1 1 0 1 0 0 1 1 0 1 0 0 1 0 0 0 0 0 1 1 0 1 0
170	1	0 0 0 1 1 0 1 1 1 1 1 1 1 1 0 1 1 1 1 0 0 0 1 1 1 0 0 1 1 0 1 0 0 1 1 0 1 0 0 0 0 0 0 0 0 1 1 0 1 0
170	1	0 0 0 1 1 0 1 1 1 1 1 1 1 1 1 1 1 1 1 1 0 0 1 1 1 0 0 1 1 0 1 0 0 1 1 0 1 0 0 0 0 0 0 0 0 1 1 0 1 0
170	1	0 0 0 1 1 0 1 1 1 1 1 1 1 1 1 1 1 1 1 0 0 0 1 1 1 0 0 1 1 0 1 0 0 1 1 0 1 0 0 0 0 0 0 0 0 1 1 0 0 0
170	18	0 0 0 1 1 0 1 1 1 1 1 1 1 1 1 1 1 1 1 0 0 0 1 1 1 0 0 1 1 0 1 0 0 1 1 0 1 0 0 0 0 0 0 0 0 1 1 0 1 0
170	3	0 0 0 1 1 0 1 1 1 1 1 1 1 1 1 1 1 1 1 0 0 0 1 1 1 0 0 1 1 0 1 0 0 1 1 0 1 0 0 0 0 0 0 0 0 0 1 0 1 0
170	2	0 0 0 1 1 0 1 1 1 1 0 1 1 1 1 1 1 1 1 0 0 0 1 1 1 0 0 1 1 0 1 0 0 1 1 0 1 0 0 0 0 0 0 0 0 1 1 0 1 0
170	8	0 0 0 1 1 0 1 1 1 1 1 1 1 1 1 1 1 1 1 0 0 0 1 1 1 0 0 1 1 0 1 0 0 1 1 0 1 0 0 0 0 0 0 0 0 1 0 0 1 0
170	3	0 0 0 1 1 0 1 1 1 1 1 1 1 1 1 1 1 1 1 0 0 0 1 1 1 0 1 1 1 0 1 0 0 1 1 0 1 0 0 0 0 0 0 0 0 1 1 0 1 0
170	1	0 0 0 1 1 1 1 1 0 1 1 0 1 1 1 1 1 1 1 0 0 0 1 1 1 0 0 1 1 0 1 0 0 1 1 0 1 0 0 0 0 0 0 0 0 1 1 0 1 0
170	4	0 0 0 1 1 1 1 1 0 1 1 1 1 1 1 1 1 1 1 0 0 0 1 1 1 0 0 1 1 0 1 0 0 1 1 0 1 0 0 0 0 0 0 0 0 1 1 0 1 0
180	5	0 0 0 1 1 1 1 0 0 1 1 1 1 1 1 1 1 1 1 0 0 0 1 1 1 0 0 1 1 0 1 0 0 1 1 1 0 0 0 0 0 0 0 0 0 1 1 0 0 0
180	1	0 0 0 1 1 1 1 0 0 1 1 1 1 1 1 1 1 1 1 0 0 0 1 1 1 0 0 1 1 0 1 0 1 1 1 1 1 0 0 0 0 0 0 0 0 1 1 0 0 0
180	1	0 1 0 1 1 1 1 0 0 1 1 1 1 1 1 1 1 1 1 0 0 0 1 1 1 0 0 1 1 0 1 0 0 1 1 1 1 0 0 0 0 0 0 0 0 1 1 0 0 0
180	4	0 0 0 1 1 1 1 0 0 1 1 1 1 1 1 1 1 1 1 0 0 0 1 1 1 0 0 1 1 0 1 0 0 0 1 1 1 0 0 0 0 0 0 0 0 1 1 0 0 0
180	2	0 0 0 1 1 1 1 0 0 1 1 1 1 1 1 1 1 1 1 0 0 0 1 1 1 0 0 1 1 0 1 0 0 1 1 1 1 0 0 0 0 0 0 0 0 1 1 0 1 0
180	28	0 0 0 1 1 1 1 0 0 1 1 1 1 1 1 1 1 1 1 0 0 0 1 1 1 0 0 1 1 0 1 0 0 1 1 1 1 0 0 0 0 0 0 0 0 1 1 0 0 0
180	5	0 0 1 1 1 1 1 0 0 1 0 1 1 1 1 1 1 1 1 0 0 0 1 1 1 0 0 1 1 0 1 0 0 1 1 1 1 0 0 0 0 0 0 0 0 1 1 0 1 0
180	1	0 0 0 1 1 0 1 1 1 1 1 1 1 1 0 1 1 1 1 0 0 0 1 1 1 0 0 1 1 0 1 0 0 1 1 0 1 0 0 0 0 0 0 0 0 1 1 0 1 0
180	1	0 0 0 1 1 0 1 1 1 1 1 1 1 1 1 1 1 1 1 1 0 0 1 1 1 0 0 1 1 0 1 0 0 1 1 0 1 0 0 0 0 0 0 0 0 1 1 0 1 0
180	9	0 0 0 1 1 0 1 1 1 1 1 1 1 1 1 1 1 1 1 0 0 0 1 1 1 0 0 1 1 0 1 0 0 1 1 0 1 0 0 0 0 0 0 0 0 1 1 0 0 0
180	5	0 0 0 1 1 0 1 1 1 1 1 1 1 1 1 1 1 1 1 0 0 0 1 1 1 0 0 1 1 0 1 0 0 1 1 0 1 0 0 0 0 0 0 0 0 0 1 0 1 0
180	1	0 0 0 1 1 0 1 1 0 1 1 1 1 1 1 1 1 1 1 0 0 0 1 1 1 0 0 1 1 0 1 0 0 1 1 0 1 0 0 0 0 0 0 0 0 1 1 0 1 0
180	19	0 0 0 1 1 0 1 1 1 1 1 1 1 1 1 1 1 1 1 0 0 0 1 1 1 0 0 1 1 0 1 0 0 1 1 0 1 0 0 0 0 0 0 0 0 1 1 0 1 0
180	4	0 0 0 1 1 0 1 1 1 1 0 1 1 1 1 1 1 1 1 0 0 0 1 1 1 0 0 1 1 0 1 0 0 1 1 0 1 0 0 0 0 0 0 0 0 1 1 0 1 0
180	9	0 0 0 1 1 0 1 1 1 1 1 1 1 1 1 1 1 1 1 0 0 0 1 1 1 0 0 1 1 0 1 0 0 1 1 0 1 0 0 0 0 0 0 0 0 1 0 0 1 0
180	1	0 0 0 1 1 0 1 1 1 1 1 1 1 1 1 1 1 1 1 0 0 0 1 1 1 0 1 1 1 0 1 0 0 1 1 0 1 0 0 0 0 0 0 0 0 1 1 0 1 0
180	1	0 0 0 1 1 1 1 1 0 1 1 0 1 1 1 1 1 1 1 0 0 0 1 1 1 0 0 1 1 0 1 0 0 1 1 0 1 0 0 0 0 0 0 0 0 1 1 0 1 0
180	3	0 0 0 1 1 1 1 1 0 1 1 1 1 1 1 1 1 1 1 0 0 0 1 1 1 0 0 1 1 0 1 0 0 1 1 0 1 0 0 0 0 0 0 0 0 1 1 0 1 0
190	2	0 0 0 1 1 1 1 0 0 1 1 1 1 1 1 1 1 1 1 0 0 0 1 1 1 0 0 1 1 0 1 0 1 1 1 1 1 0 0 0 0 0 0 0 0 1 1 0 0 0
190	1	0 0 0 1 1 1 1 0 0 1 1 1 1 1 1 1 1 1 1 0 0 0 0 1 1 0 0 1 1 0 1 0 0 0 1 1 1 0 0 0 0 0 0 0 0 1 1 0 0 0
190	5	0 0 0 1 1 1 1 0 0 1 1 1 1 1 1 1 1 1 1 0 0 0 1 1 1 0 0 1 1 0 1 0 0 0 1 1 1 0 0 0 0 0 0 0 0 1 1 0 0 0
190	3	0 0 0 1 1 1 1 0 0 1 1 1 1 1 1 1 0 1 1 0 0 0 1 1 1 0 0 1 1 0 1 0 0 1 1 1 1 0 0 0 0 0 0 0 0 1 1 0 0 0
190	2	0 0 0 1 1 1 1 1 0 1 1 1 1 1 1 1 1 1 1 0 0 0 1 1 1 0 0 1 1 0 1 0 0 1 1 1 1 0 0 0 0 0 0 0 0 1 1 0 0 0
190	28	0 0 0 1 1 1 1 0 0 1 1 1 1 1 1 1 1 1 1 0 0 0 1 1 1 0 0 1 1 0 1 0 0 1 1 1 1 0 0 0 0 0 0 0 0 1 1 0 0 0
190	1	0 0 0 1 1 1 1 0 0 1 1 1 1 1 1 1 1 1 1 0 0 0 1 1 1 0 0 1 1 0 1 0 0 0 1 1 1 0 0 0 0 0 0 0 0 1 1 0 1 0
190	5	0 0 1 1 1 1 1 0 0 1 0 1 1 1 1 1 1 1 1 0 0 0 1 1 1 0 0 1 1 0 1 0 0 1 1 1 1 0 0 0 0 0 0 0 0 1 1 0 1 0
190	1	0 0 0 1 1 0 1 1 1 1 1 1 0 1 1 1 1 1 1 0 0 0 1 1 1 0 0 1 0 0 1 0 0 1 1 0 1 0 0 1 0 0 0 0 0 1 1 0 1 0
190	1	0 0 0 1 1 0 1 1 1 1 1 1 0 1 1 1 1 1 1 0 0 0 1 1 1 0 0 1 1 0 1 0 0 1 1 0 1 0 0 1 0 0 0 0 0 1 1 0 1 0
190	1	0 0 0 1 1 0 1 1 1 1 1 1 1 1 0 1 1 1 1 0 0 0 1 1 1 0 0 1 1 0 1 0 0 1 1 0 1 0 0 0 0 0 0 0 0 1 1 0 1 0
190	1	0 0 0 1 1 0 1 1 1 1 1 1 1 1 1 1 1 1 1 0 0 0 1 1 1 0 0 1 1 0 1 0 0 1 1 0 0 0 0 0 0 0 0 0 0 1 1 0 0 0
190	6	0 0 0 1 1 0 1 1 1 1 1 1 1 1 1 1 1 1 1 0 0 0 1 1 1 0 0 1 1 0 1 0 0 1 1 0 1 0 0 0 0 0 0 0 0 1 1 0 0 0
190	13	0 0 0 1 1 0 1 1 1 1 1 1 1 1 1 1 1 1 1 0 0 0 1 1 1 0 0 1 1 0 1 0 0 1 1 0 1 0 0 0 0 0 0 0 0 1 1 0 1 0
190	2	0 0 0 1 1 0 1 1 1 1 1 1 1 1 1 1 1 1 1 0 0 0 1 1 1 0 0 1 1 0 1 0 0 1 1 0 1 0 0 0 0 0 0 0 0 0 1 0 1 0
190	1	0 0 0 1 1 0 1 1 1 1 1 1 1 1 1 1 1 1 1 0 0 0 1 1 1 0 0 1 1 0 1 0 0 1 1 1 1 0 0 0 0 0 0 0 0 1 0 0 1 0
190	15	0 0 0 1 1 0 1 1 1 1 1 1 1 1 1 1 1 1 1 0 0 0 1 1 1 0 0 1 1 0 1 0 0 1 1 0 1 0 0 0 0 0 0 0 0 1 0 0 1 0
190	1	0 0 0 1 1 0 1 1 1 1 1 1 1 1 1 1 1 1 1 0 0 0 1 1 1 0 1 1 1 0 1 0 0 1 1 0 1 0 0 0 0 0 0 0 0 1 1 0 1 0
190	1	0 0 0 1 1 1 1 1 0 1 1 1 1 1 1 1 1 1 1 0 0 0 1 1 1 0 0 1 1 0 1 0 0 1 1 0 0 0 0 0 0 0 0 0 0 1 1 0 1 0
190	10	0 0 0 1 1 1 1 1 0 1 1 1 1 1 1 1 1 1 1 0 0 0 1 1 1 0 0 1 1 0 1 0 0 1 1 0 1 0 0 0 0 0 0 0 0 1 1 0 1 0
200	1	0 0 0 1 1 1 1 0 0 1 1 1 1 1 1 1 1 1 1 0 0 0 1 1 1 0 0 1 1 0 1 0 1 1 1 1 1 0 0 0 0 0 0 0 0 1 1 0 0 0
200	3	0 0 0 1 1 1 1 0 0 1 1 1 1 1 1 1 1 1 1 0 0 0 1 1 1 0 0 1 1 0 1 0 0 0 1 1 1 0 0 0 0 0 0 0 0 1 1 0 0 0
200	1	0 0 0 1 1 1 1 1 0 1 1 1 1 1 1 1 1 1 1 0 0 0 1 1 1 0 0 1 1 0 1 0 0 1 1 1 1 0 0 0 0 0 0 0 0 1 1 0 0 0
200	1	0 0 0 1 1 1 1 0 0 1 1 1 1 1 1 1 1 1 1 0 0 0 1 1 1 0 0 1 1 0 1 0 0 1 1 1 1 0 0 0 0 0 0 0 0 1 1 0 0 1
200	1	0 0 0 1 1 1 1 0 0 1 1 1 1 1 1 1 1 1 1 0 0 0 1 1 1 0 0 1 1 0 1 0 0 1 1 1 1 0 0 0 0 0 0 0 0 0 1 0 0 0
200	13	0 0 0 1 1 1 1 0 0 1 1 1 1 1 1 1 1 1 1 0 0 0 1 1 1 0 0 1 1 0 1 0 0 1 1 1 1 0 0 0 0 0 0 0 0 1 1 0 0 0
200	1	0 0 0 1 1 1 1 0 0 1 1 1 1 1 1 1 1 1 1 0 0 0 1 1 1 0 0 1 1 0 1 0 0 0 1 1 1 0 0 0 0 0 0 0 0 1 1 0 1 0
200	1	0 0 1 1 1 1 1 0 0 0 0 1 1 1 1 1 1 1 1 0 1 0 1 1 1 0 0 1 1 0 1 0 0 1 1 1 1 0 0 0 0 0 0 0 0 1 1 0 1 0
200	5	0 0 1 1 1 1 1 0 0 1 0 1 1 1 1 1 1 1 1 0 0 0 1 1 1 0 0 1 1 0 1 0 0 1 1 1 1 0 0 0 0 0 0 0 0 1 1 0 1 0
200	4	0 0 0 1 1 0 1 1 1 1 1 1 1 1 1 1 1 1 1 0 0 0 1 1 1 0 0 1 1 0 1 0 0 1 1 0 1 0 0 0 0 0 0 0 0 1 1 0 0 0
200	2	0 0 1 1 1 0 1 1 1 1 1 1 1 1 1 1 1 1 1 0 0 0 1 1 1 0 0 1 1 0 1 0 0 1 1 0 1 0 0 0 0 0 0 0 0 1 1 0 1 0
200	1	0 0 0 1 1 0 1 1 1 1 0 1 1 1 1 1 1 1 1 0 0 0 1 1 1 0 0 1 1 0 1 0 0 1 1 0 1 0 0 0 0 0 0 0 0 1 1 0 1 0
200	1	0 0 0 1 1 0 1 1 1 1 1 1 1 1 1 1 1 1 1 0 0 0 1 1 1 0 0 1 1 0 1 0 1 1 1 0 1 0 0 0 0 0 0 0 0 1 1 0 1 0
200	13	0 0 0 1 1 0 1 1 1 1 1 1 1 1 1 1 1 1 1 0 0 0 1 1 1 0 0 1 1 0 1 0 0 1 1 0 1 0 0 0 0 0 0 0 0 1 1 0 1 0
200	5	0 0 0 1 1 0 1 1 1 1 1 1 1 1 1 1 1 1 1 0 0 0 1 1 1 0 0 1 1 0 1 0 0 1 1 0 1 0 0 0 0 0 0 0 0 0 1 0 1 0
200	4	0 0 0 1 1 0 1 1 1 1 1 1 1 1 1 1 1 1 1 0 0 0 1 1 1 0 0 1 1 0 1 0 0 1 1 1 1 0 0 0 0 0 0 0 0 1 0 0 1 0
200	4	0 1 0 1 1 0 1 1 1 1 1 1 1 1 1 1 1 1 1 0 0 0 1 1 1 0 0 1 1 0 1 0 0 1 1 0 1 0 0 0 0 0 0 0 0 1 0 0 1 0
200	1	0 0 0 1 1 0 1 1 1 1 0 1 1 1 1 1 1 1 1 0 0 0 1 1 1 0 0 1 1 0 1 0 0 1 1 0 1 0 0 0 0 0 0 0 0 1 0 0 1 0
200	31	0 0 0 1 1 0 1 1 1 1 1 1 1 1 1 1 1 1 1 0 0 0 1 1 1 0 0 1 1 0 1 0 0 1 1 0 1 0 0 0 0 0 0 0 0 1 0 0 1 0
200	1	0 0 0 1 1 0 1 1 1 1 1 1 1 1 1 1 1 1 1 0 0 0 1 1 1 0 1 1 1 0 1 0 0 1 1 0 1 0 0 0 0 0 0 0 0 1 1 0 1 0
200	6	0 0 0 1 1 1 1 1 0 1 1 1 1 1 1 1 1 1 1 0 0 0 1 1 1 0 0 1 1 0 1 0 0 1 1 0 1 0 0 0 0 0 0 0 0 1 1 0 1 0
210	1	0 0 0 1 1 1 1 0 0 1 1 1 1 1 1 1 1 1 1 0 0 0 1 1 1 0 0 1 1 0 1 0 0 0 1 1 1 0 0 0 0 0 0 0 0 1 1 0 0 0
210	1	0 0 0 1 1 1 1 0 0 1 1 1 1 1 1 1 1 1 1 0 0 0 0 1 1 0 0 1 1 0 1 0 0 1 1 1 1 0 0 0 0 0 0 0 0 1 1 0 0 0
210	2	0 0 0 1 1 1 1 1 0 1 1 1 1 1 1 1 1 1 1 0 0 0 1 1 1 0 0 1 1 0 1 0 0 1 1 1 1 0 0 0 1 0 0 0 0 1 1 0 0 0
210	6	0 0 0 1 1 1 1 1 0 1 1 1 1 1 1 1 1 1 1 0 0 0 1 1 1 0 0 1 1 0 1 0 0 1 1 1 1 0 0 0 0 0 0 0 0 1 1 0 0 0
210	1	0 0 0 1 1 1 1 0 0 1 1 1 1 1 1 1 1 1 1 0 0 0 1 1 1 0 0 1 0 0 1 0 0 1 1 1 1 0 0 0 0 0 0 0 0 1 1 0 0 0
210	11	0 0 0 1 1 1 1 0 0 1 1 1 1 1 1 1 1 1 1 0 0 0 1 1 1 0 0 1 1 0 1 0 0 1 1 1 1 0 0 0 0 0 0 0 0 1 1 0 0 0
210	1	0 0 0 1 1 0 1 1 1 1 1 1 1 1 0 1 1 1 1 0 0 0 1 1 1 0 0 1 1 0 1 0 0 1 1 0 1 0 0 0 0 0 0 0 0 1 1 0 1 0
210	2	0 0 0 1 1 1 1 1 1 1 1 1 1 1 1 1 1 1 1 0 0 0 1 1 1 0 0 1 1 0 1 0 0 1 1 0 1 0 0 0 0 0 0 0 0 1 1 0 0 0
210	8	0 0 0 1 1 0 1 1 1 1 1 1 1 1 1 1 1 1 1 0 0 0 1 1 1 0 0 1 1 0 1 0 0 1 1 0 1 0 0 0 0 0 0 0 0 1 1 0 0 0
210	2	0 0 1 1 1 0 1 1 1 1 1 1 1 1 1 1 1 1 1 0 0 0 1 1 1 0 0 1 1 0 1 0 0 1 1 0 1 0 0 0 0 0 0 0 0 1 1 0 1 0
210	14	0 0 0 1 1 0 1 1 1 1 1 1 1 1 1 1 1 1 1 0 0 0 1 1 1 0 0 1 1 0 1 0 0 1 1 0 1 0 0 0 0 0 0 0 0 1 1 0 1 0
210	3	0 0 0 1 1 0 1 1 1 1 1 1 1 1 1 1 1 1 1 0 0 0 1 1 1 0 0 1 1 0 1 0 0 1 1 0 1 0 0 0 0 0 0 0 0 0 1 0 1 0
210	4	0 0 0 1 1 0 1 1 1 1 1 1 1 1 1 1 1 1 1 0 0 0 1 1 1 0 0 1 1 0 1 0 0 1 1 1 1 0 0 0 0 0 0 0 0 1 0 0 1 0
210	17	0 1 0 1 1 0 1 1 1 1 1 1 1 1 1 1 1 1 1 0 0 0 1 1 1 0 0 1 1 0 1 0 0 1 1 0 1 0 0 0 0 0 0 0 0 1 0 0 1 0
210	1	0 0 0 1 1 0 1 1 1 1 1 1 1 1 1 1 1 1 1 0 0 0 1 1 1 0 0 1 1 0 1 0 0 1 1 0 1 0 1 0 0 0 0 0 0 1 0 0 1 0
210	18	0 0 0 1 1 0 1 1 1 1 1 1 1 1 1 1 1 1 1 0 0 0 1 1 1 0 0 1 1 0 1 0 0 1 1 0 1 0 0 0 0 0 0 0 0 1 0 0 1 0
210	1	0 0 0 0 1 0 1 1 1 1 1 1 1 1 1 1 1 1 1 0 0 0 1 1 1 0 1 1 1 0 1 0 0 1 1 0 1 0 0 0 0 0 0 0 0 1 1 0 1 0
210	2	0 0 0 1 1 0 1 1 1 1 1 1 1 1 1 1 1 1 1 0 0 0 1 1 1 0 1 1 1 0 1 0 0 1 1 0 1 0 0 0 0 0 0 0 0 1 1 0 1 0
210	5	0 0 0 1 1 1 1 1 0 1 1 1 1 1 1 1 1 1 1 0 0 0 1 1 1 0 0 1 1 0 1 0 0 1 1 0 1 0 0 0 0 0 0 0 0 1 1 0 1 0
220	5	0 0 0 1 1 1 1 1 0 1 1 1 1 1 1 1 1 1 1 0 0 0 1 1 1 0 0 1 1 0 1 0 0 1 1 1 1 0 0 0 0 0 0 0 0 1 1 0 0 0
220	1	0 0 0 1 1 1 1 0 0 1 1 1 1 1 1 1 1 1 1 0 0 0 1 1 1 0 0 1 1 0 1 0 0 1 1 1 1 0 0 0 1 0 0 0 0 1 1 0 0 0
220	4	0 0 0 1 1 1 1 0 0 1 1 1 1 1 1 1 1 1 1 0 0 0 1 1 1 0 0 1 1 0 1 0 0 1 1 1 1 0 0 0 0 0 0 0 0 1 1 0 0 0
220	1	0 0 1 1 1 1 1 0 0 1 0 1 1 1 1 1 1 1 1 0 0 0 1 1 1 0 0 1 1 0 1 0 0 1 1 1 1 0 0 0 0 0 0 0 0 1 1 0 0 0
220	6	0 0 0 1 1 0 1 1 1 1 1 1 1 1 0 1 1 1 1 0 0 0 1 1 1 0 0 1 1 0 1 0 0 1 1 0 1 0 0 0 0 0 0 0 0 1 1 0 1 0
220	2	0 0 0 1 1 1 1 1 1 1 1 1 1 1 1 1 1 1 1 0 0 0 1 1 1 0 0 1 1 0 1 0 0 1 1 0 1 0 0 0 0 0 0 0 0 1 1 0 0 0
220	15	0 0 0 1 1 0 1 1 1 1 1 1 1 1 1 1 1 1 1 0 0 0 1 1 1 0 0 1 1 0 1 0 0 1 1 0 1 0 0 0 0 0 0 0 0 1 1 0 0 0
220	4	0 0 1 1 1 0 1 1 1 1 1 1 1 1 1 1 1 1 1 0 0 0 1 1 1 0 0 1 1 0 1 0 0 1 1 0 1 0 0 0 0 0 0 0 0 1 1 0 1 0
220	4	0 0 0 1 1 0 1 1 1 1 1 1 1 1 1 1 1 1 1 0 0 0 1 1 1 0 0 1 1 0 1 0 0 1 1 0 1 0 0 0 0 0 0 0 0 1 1 0 1 0
220	1	0 0 0 1 1 0 1 1 1 1 1 1 1 1 1 1 1 1 1 0 0 0 1 0 1 0 0 1 1 0 1 0 0 1 1 1 1 0 0 0 0 0 0 0 0 1 0 0 1 0
220	2	0 0 0 1 1 0 1 1 1 1 1 1 1 1 1 1 1 1 1 0 0 0 1 1 1 0 0 1 1 0 1 0 0 1 1 1 1 0 0 0 0 0 0 0 0 1 0 0 1 0
220	2	0 1 0 1 1 0 1 1 1 1 1 1 1 1 1 0 1 1 1 0 0 0 1 1 1 0 0 1 1 0 1 0 0 1 1 0 1 0 0 0 0 0 0 0 0 1 0 0 1 0
220	2	0 1 0 1 1 0 1 1 1 1 1 1 1 1 1 1 1 1 1 0 0 0 1 1 1 0 0 1 1 0 1 0 0 0 1 0 1 0 0 0 0 0 0 0 0 1 0 0 1 0
220	25	0 0 0 1 1 0 1 1 1 1 1 1 1 1 1 1 1 1 1 0 0 0 1 1 1 0 0 1 1 0 1 0 0 1 1 0 1 0 0 0 0 0 0 0 0 1 0 0 1 0
220	19	0 1 0 1 1 0 1 1 1 1 1 1 1 1 1 1 1 1 1 0 0 0 1 1 1 0 0 1 1 0 1 0 0 1 1 0 1 0 0 0 0 0 0 0 0 1 0 0 1 0
220	3	0 0 0 1 1 0 1 1 1 1 1 1 1 1 1 1 1 1 1 0 0 0 1 1 1 0 0 1 1 1 1 0 0 1 1 0 1 0 0 0 0 0 0 0 0 1 0 0 1 0
220	1	0 0 0 1 1 1 1 1 0 1 1 1 0 1 1 1 1 1 1 0 0 0 1 1 1 0 0 1 1 0 1 0 0 1 1 0 1 0 0 0 0 0 0 0 0 1 1 0 1 0
220	2	0 0 0 1 1 1 1 1 0 1 1 1 1 1 1 1 1 1 1 0 0 0 1 1 1 0 0 1 1 0 1 0 0 1 1 0 1 0 0 0 0 0 0 0 0 1 1 0 1 0
220	1	1 0 0 1 1 1 1 1 0 1 1 1 1 1 1 1 1 1 1 0 0 0 1 1 1 0 0 1 1 0 1 0 0 1 1 0 1 0 0 0 0 0 0 0 0 1 1 0 1 0
230	1	0 0 0 1 1 1 1 1 0 0 1 1 1 1 1 1 1 1 1 0 0 0 1 1 1 0 0 1 1 0 1 0 0 1 1 1 1 0 0 0 0 0 0 0 0 1 1 0 0 0
230	2	0 0 0 1 1 1 1 0 0 1 1 1 1 1 1 1 1 1 1 0 0 0 1 1 1 0 0 1 1 0 1 0 0 1 1 1 1 0 0 0 0 0 0 0 0 1 1 0 0 0
230	4	0 0 1 1 1 1 1 0 0 1 0 1 1 1 1 1 1 1 1 0 0 0 1 1 1 0 0 1 1 0 1 0 0 1 1 1 1 0 0 0 0 0 0 0 0 1 1 0 0 0
230	3	0 0 0 1 1 0 1 1 1 1 1 1 1 1 0 1 1 1 1 0 0 0 1 1 1 0 0 1 1 0 1 0 0 1 1 0 1 0 0 0 0 0 0 0 0 1 1 0 1 0
230	6	0 0 0 1 1 1 1 1 1 1 1 1 1 1 1 1 1 1 1 0 0 0 1 1 1 0 0 1 1 0 1 0 0 1 1 0 1 0 0 0 0 0 0 0 0 1 1 0 0 0
230	10	0 0 0 1 1 0 1 1 1 1 1 1 1 1 1 1 1 1 1 0 0 0 1 1 1 0 0 1 1 0 1 0 0 1 1 0 1 0 0 0 0 0 0 0 0 1 1 0 0 0
230	4	0 0 1 1 1 0 1 1 1 1 1 1 1 1 1 1 1 1 1 0 0 0 1 1 1 0 0 1 1 0 1 0 0 1 1 0 1 0 0 0 0 0 0 0 0 1 1 0 1 0
230	2	0 0 0 1 1 0 1 1 1 1 1 1 1 1 1 1 1 1 1 0 0 0 1 1 1 0 0 1 1 0 1 0 0 1 1 0 1 0 0 0 0 0 0 0 0 0 1 0 1 0
230	2	0 0 0 1 1 0 1 1 1 1 1 1 1 1 1 1 1 1 1 0 0 0 1 1 1 0 0 1 1 0 1 0 0 1 1 1 1 0 0 0 0 0 0 0 0 1 0 0 1 0
230	1	0 1 0 1 1 0 1 1 1 1 1 1 1 1 1 0 1 1 1 0 0 0 1 1 1 0 0 1 1 0 1 1 0 1 1 0 1 0 0 0 0 0 0 0 0 1 0 0 1 0
230	3	0 1 0 1 1 0 1 1 1 1 1 1 1 1 1 0 1 1 1 0 0 0 1 1 1 0 0 1 1 0 1 0 0 1 1 0 1 0 0 0 0 0 0 0 0 1 0 0 1 0
230	1	0 1 0 1 1 0 1 1 1 1 1 1 1 1 1 1 1 1 1 0 0 0 1 1 1 0 0 1 1 0 1 0 0 0 1 0 1 0 0 0 0 0 0 0 0 1 0 0 1 0
230	13	0 0 0 1 1 0 1 1 1 1 1 1 1 1 1 1 1 1 1 0 0 0 1 1 1 0 0 1 1 0 1 0 0 1 1 0 1 0 0 0 0 0 0 0 0 1 0 0 1 0
230	5	1 1 0 1 1 0 1 1 1 1 1 1 1 1 1 1 1 1 1 0 0 0 1 1 1 0 0 1 1 0 1 0 0 1 1 0 1 0 0 0 0 0 0 0 0 1 0 0 1 0
230	37	0 1 0 1 1 0 1 1 1 1 1 1 1 1 1 1 1 1 1 0 0 0 1 1 1 0 0 1 1 0 1 0 0 1 1 0 1 0 0 0 0 0 0 0 0 1 0 0 1 0
230	2	0 0 0 1 1 0 1 1 1 1 1 1 1 1 1 1 1 1 1 0 0 0 1 1 1 0 0 1 1 1 1 0 0 1 1 0 1 0 0 0 0 0 0 0 0 1 0 0 1 0
230	1	0 0 0 1 1 1 1 1 1 1 1 1 1 1 1 1 1 1 1 0 0 0 1 1 1 0 0 1 1 0 1 0 0 1 1 0 1 0 0 0 0 0 0 0 0 1 0 0 1 0
230	1	0 0 0 1 1 1 1 1 0 1 1 1 1 1 1 1 1 1 1 0 0 0 1 1 1 0 0 1 1 0 1 0 0 1 1 0 1 0 0 0 0 0 0 0 0 1 1 0 1 0
230	2	1 0 0 1 1 1 1 1 0 1 1 1 1 1 1 1 1 1 1 0 0 0 1 1 1 0 0 1 1 0 1 0 0 1 1 0 1 0 0 0 0 0 0 0 0 1 1 0 1 0
240	1	0 0 0 1 1 1 1 1 0 1 1 1 1 1 1 0 1 1 1 0 0 0 1 1 1 0 0 1 1 0 1 0 0 1 1 1 1 0 0 0 0 0 0 0 0 1 1 0 0 0
240	1	0 0 0 1 1 1 1 1 0 1 1 1 1 1 1 1 1 1 1 0 0 0 1 1 1 0 0 1 1 0 1 0 0 1 1 1 1 0 0 0 0 0 0 0 0 1 1 0 0 0
240	1	0 0 0 1 1 1 1 0 0 1 1 1 1 1 1 1 1 1 1 0 0 0 1 1 1 0 0 1 1 0 1 0 0 1 1 1 1 0 0 0 0 0 0 0 0 1 1 0 0 0
240	2	0 0 1 1 1 1 1 0 0 1 0 1 1 1 1 1 1 1 1 0 0 0 1 1 1 0 0 1 1 0 1 0 0 1 1 1 1 0 0 0 0 0 0 0 0 1 1 0 0 0
240	1	0 0 0 1 1 0 1 1 1 1 1 1 1 1 0 1 1 1 1 0 0 0 1 1 1 0 0 1 1 0 1 0 0 1 1 0 1 0 0 0 0 0 0 0 0 1 1 0 1 0
240	1	0 0 0 1 1 1 1 1 1 1 1 1 1 1 1 1 1 1 1 0 0 0 1 1 1 0 0 1 1 0 1 0 0 1 1 0 1 1 0 0 0 0 0 0 0 1 1 0 0 0
240	1	0 0 0 1 1 1 1 1 1 1 1 1 1 1 1 1 0 1 1 0 0 0 1 1 1 0 0 1 1 0 1 0 0 1 1 0 1 0 0 0 0 0 0 0 0 1 1 0 0 0
240	5	0 0 0 1 1 1 1 1 1 1 1 1 1 1 1 1 1 1 1 0 0 0 1 1 1 0 0 1 1 0 1 0 0 1 1 0 1 0 0 0 0 0 0 0 0 1 1 0 0 0
240	1	0 0 0 1 1 0 1 1 1 1 1 1 1 1 1 1 1 1 1 0 0 0 1 1 1 0 0 1 1 0 1 0 0 0 1 0 1 0 0 0 0 0 0 0 0 1 1 0 0 0
240	4	0 0 0 1 1 0 1 1 1 1 1 1 1 1 1 1 1 1 1 0 0 0 1 1 1 0 0 1 1 0 1 0 0 1 1 0 1 0 0 0 0 0 0 0 0 1 1 0 0 0
240	1	0 0 1 1 1 0 1 1 1 1 1 1 1 1 1 1 1 1 1 0 0 0 1 1 1 0 0 1 1 0 1 0 0 1 1 0 1 0 0 0 0 0 0 0 0 1 1 0 1 0
240	3	0 0 0 1 1 0 1 1 1 1 1 1 1 1 1 1 1 1 1 0 0 0 1 1 1 0 0 1 1 0 1 0 0 1 1 0 1 0 0 0 0 0 0 0 0 0 1 0 1 0
240	4	0 0 0 1 1 0 1 1 1 1 1 1 1 1 1 1 1 1 1 0 0 0 1 1 1 0 0 1 1 0 1 0 0 1 1 1 1 0 0 0 0 0 0 0 0 1 0 0 1 0
240	1	0 1 0 1 1 0 1 1 1 1 1 1 1 1 1 0 1 1 1 0 0 0 1 1 1 0 0 1 1 0 1 0 0 1 1 0 1 1 0 0 0 0 0 0 0 1 0 0 1 0
240	3	0 1 0 1 1 0 1 1 1 1 1 1 1 1 1 0 1 1 1 0 0 0 1 1 1 0 0 1 1 0 1 0 0 1 1 0 1 0 0 0 0 0 0 0 0 1 0 0 1 0
240	11	0 0 0 1 1 0 1 1 1 1 1 1 1 1 1 1 1 1 1 0 0 0 1 1 1 0 0 1 1 0 1 0 0 1 1 0 1 0 0 0 0 0 0 0 0 1 0 0 1 0
240	1	1 1 0 1 1 0 1 1 1 1 1 1 1 1 1 1 1 1 1 0 1 0 1 1 1 0 0 1 1 0 1 0 0 1 1 0 1 0 0 0 0 0 0 0 0 1 0 0 1 0
240	6	1 1 0 1 1 0 1 1 1 1 1 1 1 1 1 1 1 1 1 0 0 0 1 1 1 0 0 1 1 0 1 0 0 1 1 0 1 0 0 0 0 0 0 0 0 1 0 0 1 0
240	2	0 1 0 1 1 0 1 1 1 1 0 1 1 1 1 1 1 1 1 0 0 0 1 1 1 0 0 1 1 0 1 0 0 1 1 0 1 0 0 0 0 0 0 0 0 1 0 0 1 0
240	3	0 1 0 1 1 0 1 1 1 1 1 1 1 1 1 1 1 0 1 0 0 0 1 1 1 0 0 1 1 0 1 0 0 1 1 0 1 0 0 0 0 0 0 0 0 1 0 0 1 0
240	47	0 1 0 1 1 0 1 1 1 1 1 1 1 1 1 1 1 1 1 0 0 0 1 1 1 0 0 1 1 0 1 0 0 1 1 0 1 0 0 0 0 0 0 0 0 1 0 0 1 0
250	1	0 0 0 1 1 1 1 1 0 1 1 1 1 1 1 0 1 1 1 0 0 0 1 1 1 0 0 1 1 0 1 0 0 1 1 1 1 0 0 0 0 0 0 0 0 1 1 0 0 0
250	1	0 0 0 1 1 1 1 1 0 0 1 1 1 1 1 1 1 1 1 0 0 0 1 1 1 0 0 1 1 0 1 0 0 1 1 1 1 0 0 0 0 0 0 0 0 1 1 0 0 0
250	1	0 0 0 1 1 1 1 1 0 1 1 1 1 1 1 1 1 1 1 0 0 0 1 1 1 0 0 1 1 0 1 0 0 1 1 1 1 0 0 0 0 0 0 0 0 1 1 0 0 0
250	3	0 0 1 1 1 1 1 0 0 1 0 1 1 1 1 1 1 1 1 0 0 0 1 1 1 0 0 1 1 0 1 0 0 1 1 1 1 0 0 0 0 0 0 0 0 1 1 0 0 0
250	1	0 0 0 1 1 0 1 1 1 1 1 1 1 1 0 1 1 1 1 0 0 0 1 1 1 0 0 1 1 0 1 0 0 1 1 0 1 0 0 0 0 0 0 0 0 1 1 0 1 0
250	1	0 0 0 1 1 1 1 1 1 1 1 1 1 1 1 1 1 1 1 0 0 0 1 1 1 0 0 1 1 0 1 0 0 1 1 0 1 1 0 0 0 0 0 0 0 1 1 0 0 0
250	15	0 0 0 1 1 1 1 1 1 1 1 1 1 1 1 1 1 1 1 0 0 0 1 1 1 0 0 1 1 0 1 0 0 1 1 0 1 0 0 0 0 0 0 0 0 1 1 0 0 0
250	1	0 0 0 1 1 0 1 1 1 1 1 1 1 0 1 1 1 1 1 0 0 0 1 1 1 0 0 1 1 0 1 0 0 1 1 0 1 0 0 0 0 0 0 0 0 1 1 0 0 0
250	3	0 0 0 1 1 0 1 1 1 1 1 1 1 1 1 1 1 1 1 0 0 0 1 1 1 0 0 1 1 0 1 0 0 1 1 0 1 0 0 0 0 0 0 0 0 1 1 0 0 0
250	1	0 0 1 1 1 0 1 1 1 1 1 1 1 1 1 1 1 1 1 0 0 0 1 1 1 0 0 1 1 0 1 0 0 1 1 0 1 0 0 0 0 0 0 0 0 1 1 0 1 0
250	2	0 0 0 1 1 0 1 1 1 1 1 1 1 1 1 1 1 1 1 0 0 0 1 1 1 0 0 1 1 0 1 0 0 1 1 0 1 0 0 0 0 0 0 0 0 0 1 0 1 0
250	1	0 0 0 1 1 0 1 1 1 1 1 1 1 1 1 1 1 1 1 0 0 0 1 1 1 0 0 1 1 0 1 0 0 1 1 1 1 0 0 0 0 0 0 0 0 1 0 0 1 0
250	2	0 1 0 1 1 0 1 1 1 1 1 1 1 1 1 0 1 1 1 0 0 0 1 1 1 0 0 1 1 0 1 0 0 1 1 0 1 0 0 0 0 0 0 0 0 1 0 0 1 0
250	4	0 0 0 1 1 0 1 1 1 1 1 1 1 1 1 1 1 1 1 0 0 0 1 1 1 0 0 1 1 0 1 0 0 1 1 0 1 0 0 0 0 0 0 0 0 1 0 0 1 0
250	2	1 1 0 1 1 0 1 1 1 1 1 1 1 1 1 1 1 1 1 0 0 0 1 1 1 0 0 0 1 0 1 0 0 1 1 0 1 0 0 0 0 0 0 0 0 1 0 0 1 0
250	1	1 1 0 1 1 0 1 1 1 1 1 1 1 1 1 1 1 1 1 0 0 0 1 1 1 0 0 1 1 0 1 0 0 1 1 0 1 0 0 0 1 0 0 0 0 1 0 0 1 0
250	16	1 1 0 1 1 0 1 1 1 1 1 1 1 1 1 1 1 1 1 0 0 0 1 1 1 0 0 1 1 0 1 0 0 1 1 0 1 0 0 0 0 0 0 0 0 1 0 0 1 0
250	1	0 1 0 1 1 0 1 1 1 1 1 1 1 1 1 1 1 0 1 0 0 0 1 1 1 0 0 1 1 0 1 0 0 1 1 0 1 0 0 0 0 0 0 0 0 1 0 0 1 0
250	43	0 1 0 1 1 0 1 1 1 1 1 1 1 1 1 1 1 1 1 0 0 0 1 1 1 0 0 1 1 0 1 0 0 1 1 0 1 0 0 0 0 0 0 0 0 1 0 0 1 0
260	3	0 0 0 1 1 1 1 1 0 1 1 1 1 1 1 0 1 1 1 0 0 0 1 1 1 0 0 1 1 0 1 0 0 1 1 1 1 0 0 0 0 0 0 0 0 1 1 0 0 0
260	2	0 0 0 1 1 1 1 1 0 1 1 1 1 1 1 1 1 1 1 0 0 0 1 1 1 0 0 1 1 0 1 0 0 1 1 1 1 0 0 0 0 0 0 0 0 1 1 0 0 0
260	6	0 0 0 1 1 1 1 1 1 1 1 1 1 1 1 1 1 1 1 0 0 0 1 1 1 0 0 1 1 0 1 0 0 1 1 0 1 0 0 0 0 0 0 0 0 1 1 0 0 0
260	2	0 0 1 1 1 0 1 1 1 1 1 1 1 1 1 1 1 1 1 0 0 0 1 1 1 0 0 1 1 0 1 0 0 1 1 0 1 0 0 0 0 0 0 0 0 1 1 0 1 0
260	1	0 0 0 1 1 0 1 1 1 1 1 1 1 1 1 1 1 1 1 0 0 0 1 1 1 0 0 1 1 0 1 0 0 1 1 0 1 0 0 0 0 0 0 0 0 0 1 0 1 0
260	2	0 1 0 1 1 0 1 1 1 1 1 1 1 1 1 0 1 1 1 0 0 0 1 1 1 0 0 1 1 0 1 0 0 1 1 0 0 0 0 0 0 0 0 0 0 1 0 0 1 0
260	2	0 1 0 1 1 0 1 1 1 1 1 1 1 1 1 0 1 1 1 0 0 0 1 1 1 0 0 1 1 0 1 0 0 1 1 0 1 0 0 0 0 0 0 0 0 1 0 0 1 0
260	1	0 0 0 1 1 0 1 1 1 1 1 1 1 1 1 1 1 1 1 0 0 0 1 1 1 0 0 1 1 0 1 0 0 1 1 0 1 0 0 0 0 0 0 1 0 1 0 0 1 0
260	4	0 0 0 1 1 0 1 1 1 1 1 1 1 1 1 1 1 1 1 0 0 0 1 1 1 0 0 1 1 0 1 0 0 1 1 0 1 0 0 0 0 0 0 0 0 1 0 0 1 0
260	1	1 1 0 1 1 0 1 1 1 1 1 1 1 1 1 1 1 1 1 0 0 0 1 1 1 0 1 0 1 0 1 0 0 1 1 0 1 0 0 0 0 0 0 0 0 1 0 0 1 0
260	2	1 1 0 1 1 0 1 1 1 1 1 1 1 1 1 1 1 1 1 0 0 0 1 1 1 0 0 0 1 0 1 0 0 1 1 0 1 0 0 0 0 0 0 0 0 1 0 0 1 0
260	1	1 1 0 1 1 0 1 1 1 1 1 1 1 1 1 1 1 1 1 0 0 0 1 1 1 0 0 1 1 0 1 0 0 1 1 0 1 0 0 1 0 0 0 0 0 1 0 0 1 0
260	17	1 1 0 1 1 0 1 1 1 1 1 1 1 1 1 1 1 1 1 0 0 0 1 1 1 0 0 1 1 0 1 0 0 1 1 0 1 0 0 0 0 0 0 0 0 1 0 0 1 0
260	1	0 1 0 1 1 0 1 1 1 1 1 1 1 1 1 1 1 0 1 0 0 0 1 1 1 0 0 1 1 0 1 0 0 1 1 0 1 0 0 0 0 0 0 0 0 1 0 0 1 0
260	2	0 1 0 1 1 0 1 1 1 1 1 1 1 1 1 1 1 1 1 0 0 0 1 1 1 0 0 1 1 0 1 0 0 1 1 0 1 0 0 0 0 0 0 0 0 1 0 0 0 0
260	1	0 1 0 1 1 0 1 1 1 1 1 1 1 1 1 1 1 1 1 0 0 0 1 1 1 0 0 1 1 0 1 0 0 1 1 0 1 0 0 0 0 0 0 0 0 1 0 1 1 0
260	52	0 1 0 1 1 0 1 1 1 1 1 1 1 1 1 1 1 1 1 0 0 0 1 1 1 0 0 1 1 0 1 0 0 1 1 0 1 0 0 0 0 0 0 0 0 1 0 0 1 0
270	3	0 0 0 1 1 1 1 1 1 1 1 1 1 1 1 1 1 1 1 0 0 0 1 1 1 0 0 1 1 0 1 0 0 1 1 0 1 0 0 0 0 0 0 0 0 1 1 0 0 0
270	1	0 0 0 1 1 0 1 1 1 1 1 0 1 1 1 1 1 1 1 0 0 0 1 1 1 0 0 1 1 0 1 0 0 1 1 0 1 0 0 0 0 0 0 0 0 0 1 0 1 0
270	1	0 0 0 1 1 0 1 1 1 1 1 1 1 1 1 1 1 1 1 0 0 0 1 1 1 0 0 1 1 0 1 0 0 1 1 0 1 0 0 0 0 0 0 0 0 0 1 0 1 0
270	3	0 1 0 1 1 0 1 1 1 1 1 1 1 1 1 0 1 1 1 0 0 0 1 1 1 0 0 1 1 0 1 0 0 1 1 0 0 0 0 0 0 0 0 0 0 1 0 0 1 0
270	3	0 1 0 1 1 0 1 1 1 1 1 1 1 1 1 0 1 1 1 0 0 0 1 1 1 0 0 1 1 0 1 0 0 1 1 0 1 0 0 0 0 0 0 0 0 1 0 0 1 0
270	1	1 1 0 1 1 0 1 1 1 1 1 1 1 1 1 1 1 1 1 0 1 0 1 1 1 0 0 1 1 0 1 0 0 1 1 0 1 0 0 0 0 0 0 0 0 1 0 0 1 0
270	2	1 1 0 1 1 0 1 1 1 1 1 1 1 1 1 1 1 1 1 0 0 0 1 1 1 0 0 1 1 0 1 0 0 1 1 0 1 0 0 1 0 0 0 0 0 1 0 0 1 0
270	1	1 1 1 1 1 0 1 1 1 1 1 1 1 1 1 1 1 1 1 0 0 0 1 1 1 0 0 1 1 0 1 0 0 1 1 0 1 0 0 0 0 0 0 0 0 1 0 0 1 0
270	1	1 1 0 1 1 0 1 1 1 1 1 1 1 1 1 1 1 1 1 0 0 0 1 1 0 0 0 1 1 0 1 0 0 1 1 0 1 0 0 0 0 0 1 0 0 1 0 0 1 0
270	1	1 1 0 1 1 0 1 1 1 1 1 1 1 1 1 1 1 1 1 0 0 0 1 1 0 0 0 1 1 0 1 0 0 1 1 0 1 0 0 0 0 0 0 0 0 1 0 0 1 0
270	1	1 1 0 1 1 0 1 1 1 1 1 1 1 1 1 1 1 1 1 0 0 0 1 1 1 0 0 1 1 1 1 0 0 1 1 0 1 0 0 0 0 0 0 0 0 1 0 0 1 0
270	36	1 1 0 1 1 0 1 1 1 1 1 1 1 1 1 1 1 1 1 0 0 0 1 1 1 0 0 1 1 0 1 0 0 1 1 0 1 0 0 0 0 0 0 0 0 1 0 0 1 0
270	1	0 1 0 1 1 0 1 1 1 1 1 1 1 1 1 1 1 1 1 0 0 0 1 0 1 0 0 1 1 0 1 0 0 1 1 0 1 0 0 0 0 0 0 0 0 1 0 0 1 0
270	1	0 1 0 1 1 0 1 1 1 1 1 1 1 1 1 1 1 1 0 0 0 0 1 1 1 0 0 1 1 0 1 0 0 1 1 0 1 0 0 0 0 0 0 0 0 1 0 0 1 0
270	1	0 1 0 1 1 0 0 1 1 1 1 1 1 1 1 1 1 1 1 0 0 0 1 1 1 0 0 1 1 0 1 0 0 1 1 0 1 0 0 0 0 0 0 0 0 1 0 0 1 0
270	1	0 1 0 0 1 0 1 1 1 1 1 1 1 1 1 1 1 1 1 0 0 0 1 1 1 0 0 1 1 0 1 0 0 1 1 0 1 0 0 0 0 0 0 0 0 1 0 0 1 0
270	42	0 1 0 1 1 0 1 1 1 1 1 1 1 1 1 1 1 1 1 0 0 0 1 1 1 0 0 1 1 0 1 0 0 1 1 0 1 0 0 0 0 0 0 0 0 1 0 0 1 0
280	4	0 1 0 1 1 0 1 1 1 1 1 1 1 1 1 0 1 1 1 0 0 0 1 1 1 0 0 1 1 0 1 0 0 1 1 0 0 0 0 0 0 0 0 0 0 1 0 0 1 0
280	1	0 1 0 1 1 0 1 1 1 1 1 1 1 1 1 0 1 1 1 0 0 0 1 1 1 0 0 1 1 0 1 0 0 1 1 1 1 0 0 0 0 0 0 0 0 1 0 0 1 0
280	25	0 1 0 1 1 0 1 1 1 1 1 1 1 1 1 1 1 1 1 0 0 0 1 1 1 0 0 1 1 0 1 0 0 1 1 0 1 0 0 0 0 0 0 0 0 1 0 0 1 0
280	2	0 1 0 1 1 0 1 1 1 1 1 1 1 1 1 0 1 1 1 0 0 0 1 1 1 0 0 1 1 0 1 0 0 1 1 0 1 0 0 0 0 0 0 0 0 1 0 0 1 0
280	1	0 0 0 1 1 0 1 1 1 1 1 1 1 1 1 1 1 1 1 1 0 0 1 1 1 0 0 1 1 0 1 0 0 1 1 0 1 0 0 0 0 0 0 0 0 1 0 0 1 0
280	1	0 0 0 1 1 0 1 1 1 1 1 1 1 1 1 1 1 1 1 0 0 0 1 1 1 0 0 1 1 0 1 0 0 1 1 0 1 0 0 0 0 0 0 0 0 1 0 0 1 0
280	1	1 1 0 1 1 0 1 1 1 1 1 1 1 1 1 1 0 1 1 0 1 0 1 1 1 0 0 1 1 0 1 0 0 1 1 0 1 0 0 0 0 0 0 0 0 1 0 0 1 0
280	3	1 1 0 1 1 0 1 1 1 1 1 1 1 1 1 1 1 1 1 0 1 0 1 1 1 0 0 1 1 0 1 0 0 1 1 0 1 0 0 0 0 0 0 0 0 1 0 0 1 0
280	1	1 1 0 1 1 0 1 1 1 1 1 1 1 1 1 1 1 1 1 0 0 0 1 1 1 0 0 0 1 0 1 0 0 1 1 0 1 0 0 0 0 0 0 0 0 1 0 0 1 0
280	2	1 1 0 1 1 0 1 1 1 1 1 1 1 1 1 1 1 1 1 0 0 0 1 1 1 0 0 1 1 0 1 0 0 1 1 0 1 0 0 1 0 0 0 0 0 1 0 0 1 0
280	3	1 1 1 1 1 0 1 1 1 1 1 1 1 1 1 1 1 1 1 0 0 0 1 1 1 0 0 1 1 0 1 0 0 1 1 0 1 0 0 0 0 0 0 0 0 1 0 0 1 0
280	1	1 1 0 1 1 0 1 1 1 1 1 1 1 1 1 1 1 1 1 1 0 0 1 1 1 0 0 1 1 0 1 0 0 1 1 0 1 0 0 0 0 0 0 0 0 1 0 0 1 0
280	51	1 1 0 1 1 0 1 1 1 1 1 1 1 1 1 1 1 1 1 0 0 0 1 1 1 0 0 1 1 0 1 0 0 1 1 0 1 0 0 0 0 0 0 0 0 1 0 0 1 0
280	3	0 1 0 1 1 0 1 1 1 1 1 1 1 1 1 1 1 1 1 0 0 0 1 1 1 0 0 1 1 0 1 0 0 1 1 0 1 0 0 0 0 0 0 0 0 1 0 0 0 0
280	1	0 1 0 1 1 0 1 1 1 1 1 1 1 1 1 1 1 1 0 0 0 0 1 1 1 0 0 1 1 0 1 0 0 1 1 0 1 0 0 0 0 0 0 0 0 1 0 0 1 0
290	2	0 0 0 1 1 1 1 1 1 1 1 1 1 1 1 1 1 1 1 0 0 0 1 1 1 0 0 1 1 0 1 0 0 1 1 0 1 0 0 0 0 0 0 0 0 0 1 0 0 0
290	1	0 0 0 1 1 1 1 1 1 1 1 1 1 1 1 1 1 1 1 0 0 0 1 1 1 0 0 1 1 0 1 0 0 1 1 0 1 0 0 0 0 0 0 0 0 1 1 0 0 0
290	18	0 1 0 1 1 0 1 1 1 1 1 1 1 1 1 1 1 1 1 0 0 0 1 1 1 0 0 1 1 0 1 0 0 1 1 0 1 0 0 0 0 0 0 0 0 1 0 0 1 0
290	1	1 1 0 1 1 0 1 1 1 1 1 1 1 1 1 1 1 1 1 0 1 0 1 1 1 0 0 1 1 0 1 0 0 1 1 0 1 0 0 0 0 0 1 0 0 1 0 0 1 0
290	7	1 1 0 1 1 0 1 1 1 1 1 1 1 1 1 1 1 1 1 0 1 0 1 1 1 0 0 1 1 0 1 0 0 1 1 0 1 0 0 0 0 0 0 0 0 1 0 0 1 0
290	1	1 1 0 1 1 0 1 1 1 1 1 1 1 1 1 1 1 1 1 0 0 0 1 1 1 0 0 0 1 0 1 0 0 1 1 0 1 0 0 0 0 0 0 0 0 1 0 0 1 0
290	1	1 1 0 1 1 0 1 1 1 1 1 1 1 1 1 1 1 1 1 0 0 0 1 1 1 0 0 1 1 0 1 0 0 1 1 0 1 0 0 1 0 0 0 0 0 1 0 0 1 0
290	3	1 1 1 1 1 0 1 1 1 1 1 1 1 1 1 1 1 1 1 0 0 0 1 1 1 0 0 1 1 0 1 0 0 1 1 0 1 0 0 0 0 0 0 0 0 1 0 0 1 0
290	1	1 1 0 1 1 0 1 1 1 1 1 1 1 1 1 1 1 1 1 0 0 0 1 1 1 0 0 1 1 0 1 0 0 1 1 0 1 1 0 0 0 0 0 0 0 1 0 0 1 0
290	60	1 1 0 1 1 0 1 1 1 1 1 1 1 1 1 1 1 1 1 0 0 0 1 1 1 0 0 1 1 0 1 0 0 1 1 0 1 0 0 0 0 0 0 0 0 1 0 0 1 0
290	2	0 1 0 1 1 0 1 1 1 1 1 1 1 1 1 1 1 1 1 0 0 0 1 1 1 0 0 1 1 0 1 1 0 1 1 0 1 0 0 0 0 0 0 0 0 1 0 0 0 0
290	3	0 1 0 1 1 0 1 1 1 1 1 1 1 1 1 1 1 1 1 0 0 0 1 1 1 0 0 1 1 0 1 0 0 1 1 0 1 0 0 0 0 0 0 0 0 1 0 0 0 0
300	3	0 0 0 1 1 1 1 1 1 1 1 1 1 1 1 1 1 1 1 0 0 0 1 1 1 0 0 1 1 0 1 0 0 1 1 0 1 0 0 0 0 0 0 0 0 1 1 0 0 0
300	1	0 1 0 1 1 0 1 1 1 1 1 1 1 1 1 1 1 1 1 0 0 0 1 1 1 0 0 0 1 0 1 0 0 1 1 0 1 0 0 0 0 0 0 0 0 1 0 0 1 0
300	1	1 1 0 1 1 0 1 1 1 1 1 1 1 1 0 1 1 1 1 0 0 0 1 1 1 0 0 1 1 0 1 0 0 1 1 0 1 0 0 0 0 0 0 0 0 1 0 0 1 0
300	3	1 1 0 1 1 0 1 1 1 1 1 1 1 1 1 1 1 1 1 0 0 0 1 1 1 0 0 1 1 0 1 0 0 1 1 0 1 0 0 1 0 0 0 0 0 1 0 0 1 0
300	1	1 1 0 1 1 0 1 0 1 1 1 1 1 1 1 1 1 1 1 0 0 0 1 1 1 0 0 1 1 0 1 0 0 1 1 0 1 0 0 0 0 0 0 0 0 1 0 0 1 0
300	8	0 1 0 1 1 0 1 1 1 1 1 1 1 1 1 1 1 1 1 0 0 0 1 1 1 0 0 1 1 0 1 0 0 1 1 0 1 0 0 0 0 0 0 0 0 1 0 0 1 0
300	53	1 1 0 1 1 0 1 1 1 1 1 1 1 1 1 1 1 1 1 0 0 0 1 1 1 0 0 1 1 0 1 0 0 1 1 0 1 0 0 0 0 0 0 0 0 1 0 0 1 0
300	1	1 1 0 0 1 0 1 1 1 1 1 1 1 1 1 1 1 1 1 0 1 0 1 1 1 0 0 1 1 0 1 0 0 1 1 0 1 0 0 0 0 0 0 0 0 1 0 0 1 0
300	4	1 1 0 1 1 0 1 1 1 1 1 1 1 1 1 1 1 1 1 0 1 0 1 1 1 0 0 1 1 0 1 0 0 1 1 0 1 0 0 0 0 0 0 0 0 1 0 0 1 0
300	14	1 1 1 1 1 0 1 1 1 1 1 1 1 1 1 1 1 1 1 0 0 0 1 1 1 0 0 1 1 0 1 0 0 1 1 0 1 0 0 0 0 0 0 0 0 1 0 0 1 0
300	7	1 1 0 1 1 0 1 1 1 1 1 1 1 1 1 1 1 1 1 0 0 0 1 1 1 0 0 1 1 0 1 0 0 1 1 1 1 0 0 0 0 0 0 0 0 1 0 0 1 0
300	2	1 1 0 1 1 0 1 1 1 1 1 1 1 1 1 1 1 1 1 0 0 0 1 1 1 0 0 1 0 0 1 0 0 1 1 0 1 0 0 0 0 0 0 0 0 1 0 0 1 0
300	2	0 1 0 1 1 0 1 1 1 1 1 1 1 1 1 1 1 1 1 0 0 0 1 1 1 0 0 1 1 0 1 0 0 1 1 0 1 0 0 0 0 0 0 0 0 1 0 0 0 0
310	3	1 1 0 1 1 0 1 1 1 1 1 1 1 1 0 1 1 1 1 0 0 0 1 1 1 0 0 1 1 0 1 0 0 1 1 0 1 0 0 0 0 0 0 0 0 1 0 0 1 0
310	1	1 1 0 1 1 0 1 1 1 1 1 1 1 0 1 1 1 1 1 0 0 0 1 1 1 0 0 1 1 0 1 0 0 1 1 0 1 0 0 0 0 0 0 0 0 1 0 0 1 0
310	5	0 1 0 1 1 0 1 1 1 1 1 1 1 1 1 1 1 1 1 0 0 0 1 1 1 0 0 1 1 0 1 0 0 1 1 0 1 0 0 0 0 0 0 0 0 1 0 0 0 0
310	6	0 1 0 1 1 0 1 1 1 1 1 1 1 1 1 1 1 1 1 0 0 0 1 1 1 0 0 1 1 0 1 0 0 1 1 0 1 0 0 0 0 0 0 0 0 1 0 0 1 0
310	1	1 1 0 1 1 0 1 1 1 1 0 1 1 1 1 1 1 1 1 0 0 0 1 1 1 0 0 1 1 0 1 0 0 1 1 0 1 0 0 0 0 0 0 0 0 1 0 0 1 0
310	2	1 1 0 1 1 0 1 1 1 1 1 1 1 1 1 1 1 1 1 0 0 0 1 1 1 0 0 1 1 0 1 0 0 1 1 1 1 0 0 0 0 0 0 0 0 1 0 0 1 0
310	1	1 1 0 1 1 0 1 1 1 1 1 1 1 1 1 1 1 1 1 1 0 0 1 1 1 0 0 1 1 0 1 0 0 1 1 0 1 0 0 0 0 0 0 0 0 1 0 0 1 0
310	52	1 1 0 1 1 0 1 1 1 1 1 1 1 1 1 1 1 1 1 0 0 0 1 1 1 0 0 1 1 0 1 0 0 1 1 0 1 0 0 0 0 0 0 0 0 1 0 0 1 0
310	3	1 1 0 1 1 0 1 1 1 1 1 1 1 1 1 1 1 1 1 0 1 0 1 1 1 0 0 1 1 0 1 0 0 1 1 0 1 0 0 0 0 0 0 0 0 1 0 0 1 0
310	2	1 1 1 1 1 0 1 1 1 1 1 1 1 1 1 1 1 1 1 0 0 0 1 1 1 0 0 1 1 0 1 0 0 1 1 0 1 0 1 0 0 0 0 0 0 1 0 0 1 0
310	23	1 1 1 1 1 0 1 1 1 1 1 1 1 1 1 1 1 1 1 0 0 0 1 1 1 0 0 1 1 0 1 0 0 1 1 0 1 0 0 0 0 0 0 0 0 1 0 0 1 0
310	1	1 1 0 1 1 0 1 1 1 1 1 1 1 1 1 1 1 1 1 0 0 0 1 1 1 0 0 1 0 0 1 0 0 1 1 0 1 0 0 0 0 0 0 0 0 1 0 0 1 0
