10	1	1 0 0 1 0 0 1 0 1 1
10	30	1 0 0 0 0 0 1 0 1 1
10	22	1 0 0 0 1 0 1 0 1 0
10	2	1 0 1 1 0 0 1 0 0 0
10	1	1 0 1 0 0 0 1 0 1 0
10	27	1 0 1 1 0 0 1 0 1 0
10	1	1 1 1 0 1 1 0 0 1 1
10	16	1 1 1 0 1 1 1 0 1 1
20	19	1 0 0 0 0 0 1 0 1 1
20	14	1 0 0 0 1 0 1 0 1 0
20	15	1 0 1 1 0 0 1 0 0 0
20	1	1 1 1 0 0 0 1 0 1 0
20	2	1 0 1 1 0 0 0 0 1 0
20	20	1 0 1 1 0 0 1 0 1 0
20	4	1 1 1 0 1 1 0 0 1 1
20	25	1 1 1 0 1 1 1 0 1 1
30	1	1 0 0 0 0 0 1 0 1 0
30	14	1 0 0 0 0 0 1 0 1 1
30	4	1 0 0 0 1 0 1 0 1 0
30	1	1 1 1 1 0 0 1 0 1 0
30	24	1 0 1 1 0 0 1 0 1 0
30	48	1 0 1 1 0 0 1 0 0 0
30	2	1 0 1 1 0 0 0 0 1 0
30	1	1 1 1 0 1 1 0 0 1 1
30	5	1 1 1 0 1 1 1 0 1 1
40	3	1 0 0 0 0 0 1 0 1 1
40	1	1 0 0 0 1 0 1 0 1 0
40	4	1 0 1 1 0 0 0 1 1 0
40	8	1 0 1 1 0 0 0 0 1 0
40	17	1 0 1 1 0 0 1 0 1 0
40	2	1 0 1 1 0 0 1 1 0 0
40	62	1 0 1 1 0 0 1 0 0 0
40	3	1 1 1 0 1 1 1 0 1 1
50	1	1 0 1 1 0 1 1 0 0 0
50	2	1 0 1 1 0 0 0 1 1 0
50	7	1 0 1 1 0 0 1 0 1 0
50	11	1 0 1 1 0 0 0 0 1 0
50	1	1 1 1 1 0 0 1 0 0 0
50	1	1 0 1 1 1 0 1 0 0 0
50	1	1 0 1 1 0 0 0 0 0 0
50	72	1 0 1 1 0 0 1 0 0 0
50	2	1 0 1 1 0 0 1 1 0 0
50	1	1 0 1 1 0 0 1 0 0 1
50	1	1 0 0 1 0 0 1 0 0 0
60	3	1 0 1 1 0 0 1 0 1 0
60	15	1 0 1 1 0 0 0 0 1 0
60	5	1 1 1 1 0 0 1 0 0 0
60	3	1 0 0 1 0 0 1 0 0 0
60	1	1 0 1 1 0 0 1 1 0 0
60	1	0 0 1 1 0 0 1 0 0 0
60	72	1 0 1 1 0 0 1 0 0 0
70	5	1 0 1 1 0 0 0 0 0 0
70	9	1 0 1 1 0 0 0 0 1 0
70	6	1 1 1 1 0 0 1 0 0 0
70	1	1 0 1 1 0 1 1 0 0 0
70	1	1 0 1 1 0 0 1 0 0 1
70	78	1 0 1 1 0 0 1 0 0 0
