0	100	0 0 0 0 0 0 0 0 0 0
10	2	0 0 0 0 0 0 0 0 1 0
10	1	0 0 0 0 1 0 0 0 0 0
10	2	0 0 0 1 0 0 0 0 0 0
10	3	1 0 0 0 0 0 0 0 0 0
10	1	0 0 0 0 0 1 0 0 0 0
10	91	0 0 0 0 0 0 0 0 0 0
20	1	0 0 0 0 0 0 0 0 1 0
20	1	0 0 0 0 1 0 0 0 0 0
20	1	0 0 0 1 0 0 0 0 0 0
20	4	1 0 0 0 0 0 0 0 0 0
20	1	0 0 0 0 0 1 0 0 0 0
20	2	0 0 1 0 0 0 0 0 0 0
20	90	0 0 0 0 0 0 0 0 0 0
30	1	0 0 0 0 0 0 0 0 1 0
30	1	0 0 0 1 0 0 0 0 0 0
30	1	1 0 0 0 0 0 0 0 0 0
30	1	0 0 0 0 0 1 0 0 0 0
30	1	0 0 0 0 0 0 0 0 0 1
30	1	0 1 0 0 0 0 0 0 0 0
30	5	0 0 1 0 0 0 0 0 0 0
30	3	0 0 0 0 0 0 0 1 0 0
30	86	0 0 0 0 0 0 0 0 0 0
40	3	0 0 0 1 0 0 0 0 0 0
40	1	1 0 0 0 0 0 0 1 0 0
40	83	0 0 0 0 0 0 0 0 0 0
40	1	1 0 0 0 0 0 0 0 0 0
40	1	0 0 0 0 0 1 0 0 0 0
40	3	0 1 0 0 0 0 0 0 0 0
40	1	0 0 0 0 0 0 1 0 0 0
40	6	0 0 1 0 0 0 0 0 0 0
40	1	0 0 0 0 0 0 0 1 0 0
50	1	1 0 0 0 0 1 0 0 0 0
50	5	0 0 0 0 0 1 0 0 0 0
50	2	1 0 0 0 0 0 0 0 0 0
50	4	0 0 0 0 0 0 0 0 1 0
50	1	0 0 0 0 0 0 1 0 0 0
50	10	0 0 1 0 0 0 0 0 0 0
50	75	0 0 0 0 0 0 0 0 0 0
50	1	1 0 0 0 0 0 0 1 0 0
50	1	1 1 0 0 0 0 0 0 0 0
60	5	0 0 0 0 0 1 0 0 0 0
60	4	1 0 0 0 0 0 0 0 0 0
60	3	0 0 0 0 0 0 1 0 0 0
60	1	0 0 0 0 1 0 0 0 0 0
60	1	0 0 1 1 0 0 0 0 0 0
60	5	0 0 1 0 0 0 0 0 0 0
60	1	0 0 0 1 0 0 0 0 0 0
60	4	0 0 0 0 0 0 0 0 0 1
60	1	0 1 0 0 0 0 0 0 0 0
60	68	0 0 0 0 0 0 0 0 0 0
60	2	1 0 0 0 0 0 0 1 0 0
60	5	1 1 0 0 0 0 0 0 0 0
70	2	0 0 0 0 0 1 0 1 0 0
70	4	0 0 0 0 0 1 0 0 0 0
70	8	1 0 0 0 0 0 0 0 0 0
70	4	0 0 1 0 0 0 0 0 0 0
70	1	0 0 0 0 0 0 0 1 0 0
70	1	0 0 0 0 0 0 0 0 0 1
70	67	0 0 0 0 0 0 0 0 0 0
70	1	0 0 0 0 0 0 1 0 0 0
70	2	0 0 0 1 0 0 0 0 0 0
70	1	1 0 0 0 0 0 0 1 0 0
70	8	1 1 0 0 0 0 0 0 0 0
70	1	0 1 0 0 1 0 0 0 0 0
80	1	1 0 0 0 0 1 0 0 0 0
80	1	0 0 0 0 0 1 0 0 0 0
80	1	1 0 0 0 0 0 0 1 0 0
80	9	1 1 0 0 0 0 0 0 0 0
80	6	1 0 0 0 0 0 0 0 0 0
80	2	0 0 0 1 0 0 0 0 1 0
80	6	0 0 0 0 0 0 0 0 1 0
80	1	0 1 0 0 0 0 0 0 0 0
80	1	0 0 1 0 0 0 0 0 0 0
80	3	0 0 0 0 0 0 1 0 0 0
80	1	0 0 0 1 0 0 0 0 0 0
80	67	0 0 0 0 0 0 0 0 0 0
80	1	0 0 0 0 0 0 0 0 0 1
90	2	1 0 0 0 0 1 0 0 0 0
90	1	0 0 0 0 0 0 0 1 0 0
90	1	1 0 0 0 0 0 0 1 0 0
90	13	1 0 0 0 0 0 0 0 0 0
90	1	1 1 1 0 0 0 0 0 0 0
90	1	1 1 0 0 0 0 0 0 1 0
90	21	1 1 0 0 0 0 0 0 0 0
90	2	1 0 0 1 0 0 0 0 0 0
90	1	0 0 0 0 0 0 0 0 1 0
90	2	0 0 0 1 0 0 0 0 0 0
90	3	0 0 0 0 0 0 0 0 0 1
90	2	0 0 1 0 0 0 0 0 0 0
90	50	0 0 0 0 0 0 0 0 0 0
100	3	0 0 0 0 0 0 0 1 0 0
100	9	1 0 0 0 0 0 0 0 0 0
100	28	1 1 0 0 0 0 0 0 0 0
100	1	1 0 0 1 0 0 0 1 0 0
100	1	1 0 0 1 0 0 0 0 0 0
100	3	0 0 0 0 0 0 0 0 1 0
100	2	0 0 0 1 0 0 0 0 0 0
100	2	1 0 0 0 0 0 0 0 1 0
100	4	0 0 1 0 0 0 0 0 0 0
100	46	0 0 0 0 0 0 0 0 0 0
100	1	0 1 0 0 0 0 0 0 0 0
110	1	0 0 0 0 0 1 0 0 0 0
110	1	1 0 0 0 0 0 0 1 0 0
110	7	1 0 0 0 0 0 0 0 0 0
110	1	1 1 0 0 1 0 0 0 0 0
110	37	1 1 0 0 0 0 0 0 0 0
110	2	0 0 0 1 0 0 0 0 0 0
110	1	0 0 0 0 0 0 0 0 0 1
110	5	0 0 1 0 0 0 0 0 0 0
110	44	0 0 0 0 0 0 0 0 0 0
110	1	0 1 1 0 0 0 0 0 0 0
120	1	0 0 0 0 0 1 0 0 0 0
120	35	0 0 0 0 0 0 0 0 0 0
120	7	1 0 0 0 0 0 0 0 0 0
120	1	1 1 0 1 0 0 0 0 0 0
120	1	1 1 0 0 0 0 0 0 0 1
120	1	1 1 1 0 0 0 0 0 0 0
120	38	1 1 0 0 0 0 0 0 0 0
120	4	1 0 0 1 0 0 0 1 0 0
120	2	1 0 0 1 0 0 0 0 0 0
120	2	0 0 0 1 0 0 0 0 0 0
120	2	0 0 0 0 0 0 0 0 0 1
120	6	0 0 1 0 0 0 0 0 0 0
130	1	1 0 0 0 0 0 0 1 0 0
130	1	0 0 0 1 0 0 0 0 0 0
130	9	0 0 1 0 0 0 0 0 0 0
130	1	0 0 0 0 1 0 0 0 0 0
130	20	0 0 0 0 0 0 0 0 0 0
130	10	1 0 0 0 0 0 0 0 0 0
130	2	1 1 0 1 0 0 0 0 0 0
130	1	1 1 0 0 0 0 0 1 0 0
130	1	1 0 0 0 1 0 0 0 0 0
130	4	1 1 1 0 0 0 0 0 0 0
130	1	1 1 0 0 0 0 1 0 0 0
130	1	1 1 0 0 0 0 0 0 1 0
130	43	1 1 0 0 0 0 0 0 0 0
130	3	1 0 0 1 0 0 0 1 0 0
130	2	0 1 1 0 0 0 0 0 0 0
140	3	1 0 0 0 0 0 0 1 0 0
140	4	0 0 0 1 0 0 0 0 0 0
140	1	0 0 0 0 0 0 1 0 0 0
140	14	0 0 0 0 0 0 0 0 0 0
140	1	1 0 1 0 0 0 0 0 0 0
140	6	0 0 1 0 0 0 0 0 0 0
140	4	1 0 0 0 0 0 0 0 0 0
140	2	1 1 0 1 0 0 0 0 0 0
140	2	1 1 0 0 0 0 0 1 0 0
140	1	1 1 1 0 1 0 0 0 0 0
140	5	1 1 1 0 0 0 0 0 0 0
140	1	1 1 0 0 0 0 1 0 0 0
140	52	1 1 0 0 0 0 0 0 0 0
140	3	1 0 0 1 0 0 0 1 0 0
140	1	0 1 1 0 0 0 0 0 0 0
150	1	1 0 0 0 0 0 0 1 0 0
150	7	0 0 1 0 0 0 0 0 0 0
150	1	0 0 0 0 0 0 0 0 0 1
150	14	0 0 0 0 0 0 0 0 0 0
150	1	1 0 0 0 0 0 0 0 1 0
150	3	1 1 0 0 0 0 0 1 0 0
150	4	1 0 0 0 0 0 0 0 0 0
150	7	1 0 0 1 0 0 0 0 0 0
150	5	1 1 0 1 0 0 0 0 0 0
150	4	1 1 1 0 0 0 0 0 0 0
150	1	1 1 0 0 0 1 0 0 0 0
150	1	1 1 0 0 1 0 0 0 0 0
150	1	1 1 0 0 0 0 1 0 0 0
150	45	1 1 0 0 0 0 0 0 0 0
150	4	1 0 0 1 0 0 0 1 0 0
150	1	0 1 1 0 0 0 0 0 0 0
