10	2	0 1 1 1 0 0 0 1 1 1
10	1	0 1 1 1 0 1 0 0 1 1
10	14	0 1 1 1 0 1 0 1 1 1
10	1	0 1 1 0 1 0 1 0 0 0
10	1	1 1 1 0 1 0 1 0 0 1
10	21	0 1 1 0 1 0 1 0 0 1
10	1	0 0 0 0 1 0 1 0 0 1
10	1	1 0 1 0 1 0 1 0 0 1
10	32	0 0 1 0 1 0 1 0 0 1
10	26	0 1 0 0 1 0 1 1 0 1
20	3	0 1 1 1 0 1 0 0 1 1
20	15	0 1 1 1 0 1 0 1 1 1
20	2	0 1 1 1 1 0 1 0 0 1
20	3	0 1 1 0 1 0 1 0 0 0
20	1	1 1 1 0 1 0 1 0 0 1
20	1	0 1 0 0 1 0 1 0 0 1
20	24	0 1 1 0 1 0 1 0 0 1
20	1	1 0 1 0 1 0 1 0 0 1
20	24	0 0 1 0 1 0 1 0 0 1
20	26	0 1 0 0 1 0 1 1 0 1
30	9	0 1 1 1 0 1 0 0 1 1
30	1	0 1 1 1 0 1 0 1 1 0
30	14	0 1 1 1 0 1 0 1 1 1
30	8	0 1 1 1 1 0 1 0 0 1
30	7	0 1 1 0 1 0 1 0 0 0
30	1	0 1 1 0 0 0 1 0 0 1
30	10	0 0 1 0 1 0 1 0 0 1
30	23	0 1 1 0 1 0 1 0 0 1
30	27	0 1 0 0 1 0 1 1 0 1
40	1	1 1 1 1 0 1 0 0 1 1
40	9	0 1 1 1 0 1 0 1 1 1
40	10	0 1 1 1 0 1 0 0 1 1
40	8	0 1 1 1 0 1 0 1 1 0
40	13	0 1 1 1 1 0 1 0 0 1
40	15	0 1 1 0 1 0 1 0 0 0
40	1	0 1 1 0 1 1 1 0 0 0
40	20	0 1 1 0 1 0 1 0 0 1
40	2	0 0 1 0 1 0 1 0 0 1
40	3	0 0 1 0 1 0 0 0 0 1
40	4	1 0 1 0 1 0 1 0 0 1
40	1	0 1 0 0 1 0 1 1 1 1
40	13	0 1 0 0 1 0 1 1 0 1
50	13	0 1 1 1 0 1 0 0 1 1
50	1	1 1 1 1 0 1 0 0 1 1
50	3	0 1 1 1 0 1 0 1 1 1
50	1	0 1 1 1 0 1 0 0 1 0
50	11	0 1 1 1 0 1 0 1 1 0
50	1	0 1 1 1 1 1 0 0 0 0
50	9	0 1 1 1 1 0 1 0 0 1
50	1	0 1 1 0 1 1 1 0 0 0
50	8	0 1 1 0 1 0 1 0 0 1
50	46	0 1 1 0 1 0 1 0 0 0
50	2	0 1 0 0 1 0 1 0 0 1
50	1	1 1 1 0 1 0 1 0 0 1
50	1	0 0 1 0 1 0 0 0 0 1
50	2	0 1 0 0 1 0 1 1 0 1
60	1	0 1 1 0 0 1 0 0 1 1
60	9	0 1 1 1 0 1 0 0 1 0
60	20	0 1 1 1 0 1 0 0 1 1
60	1	0 1 1 1 0 1 0 1 1 1
60	5	1 1 1 1 0 1 0 0 1 1
60	5	0 1 1 1 0 1 0 1 1 0
60	2	0 1 1 1 1 0 1 0 0 0
60	4	0 1 1 1 1 1 1 0 0 0
60	1	0 1 1 1 0 0 1 0 0 1
60	9	0 1 1 1 1 0 1 0 0 1
60	2	0 1 1 0 1 0 1 0 0 1
60	1	1 1 1 0 1 0 1 0 0 1
60	2	1 1 1 0 1 0 1 0 0 0
60	1	0 0 1 0 1 0 1 0 0 0
60	36	0 1 1 0 1 0 1 0 0 0
60	1	0 1 0 0 1 0 1 1 0 1
70	1	0 1 1 1 1 1 0 0 1 1
70	15	0 1 1 1 0 1 0 0 1 0
70	2	0 0 1 1 0 1 0 0 1 1
70	29	0 1 1 1 0 1 0 0 1 1
70	1	1 1 1 1 0 1 0 0 1 1
70	7	0 1 1 1 0 1 0 1 1 0
70	1	0 1 1 0 1 1 1 0 0 0
70	3	0 1 1 1 1 0 1 0 0 0
70	31	0 1 1 0 1 0 1 0 0 0
70	3	1 1 1 1 1 0 1 0 0 0
70	2	0 1 1 1 1 1 1 0 0 0
70	4	0 1 1 1 1 0 1 0 0 1
70	1	1 1 1 0 1 0 1 0 0 0
