10	24	0 1 0 0 0 0 0 1 0 0
10	4	0 1 1 1 0 1 1 0 0 1
10	16	0 1 1 1 1 1 1 0 0 1
10	1	0 0 1 1 1 1 0 0 0 1
10	36	0 0 1 0 1 1 0 0 0 1
10	2	1 0 0 0 1 0 1 0 0 0
10	17	1 0 0 1 1 0 1 0 0 0
20	1	0 0 0 0 0 0 0 1 0 0
20	19	0 1 0 0 0 0 0 1 0 0
20	30	0 1 1 1 1 1 1 0 0 1
20	1	0 0 1 0 1 1 0 0 0 0
20	31	0 0 1 0 1 1 0 0 0 1
20	4	1 0 0 1 1 0 0 0 0 0
20	2	1 0 0 0 1 0 1 0 0 0
20	1	1 0 0 1 1 0 1 1 0 0
20	11	1 0 0 1 1 0 1 0 0 0
30	8	0 1 0 1 0 0 0 1 0 0
30	1	0 1 0 0 0 0 0 0 0 0
30	14	0 1 0 0 0 0 0 1 0 0
30	1	0 1 1 1 0 1 1 0 0 1
30	1	1 1 1 1 1 1 1 0 0 1
30	1	0 1 1 1 1 1 0 0 0 1
30	17	0 1 1 1 1 1 1 0 0 1
30	4	0 0 1 1 1 1 0 0 0 1
30	1	1 0 1 0 1 1 0 0 0 1
30	1	0 0 1 0 1 1 0 0 1 1
30	29	0 0 1 0 1 1 0 0 0 1
30	8	1 0 0 1 1 0 0 0 0 0
30	1	1 0 0 0 1 0 1 0 0 0
30	7	1 0 1 1 1 0 1 0 0 0
30	6	1 0 0 1 1 0 1 0 0 0
40	1	0 1 0 1 0 0 0 1 0 0
40	1	0 1 0 0 0 0 0 0 0 0
40	3	0 1 1 0 0 0 0 1 0 0
40	5	0 1 0 0 0 0 0 1 0 0
40	2	0 1 1 1 0 1 1 0 0 1
40	3	1 1 1 1 1 1 1 0 0 1
40	1	0 1 1 1 1 1 0 0 0 1
40	11	0 1 1 1 1 1 1 0 0 1
40	1	0 0 1 0 1 1 0 0 0 0
40	1	0 0 1 1 1 0 0 0 0 1
40	5	0 0 1 1 1 1 0 0 0 1
40	14	0 0 1 0 1 1 0 0 0 1
40	5	1 1 0 1 1 0 0 0 0 0
40	6	1 0 0 1 1 0 1 0 0 0
40	3	1 0 0 1 1 0 0 1 0 0
40	21	1 0 0 1 1 0 0 0 0 0
40	2	1 0 0 0 1 0 1 0 0 0
40	1	1 0 1 1 1 0 1 0 0 1
40	14	1 0 1 1 1 0 1 0 0 0
50	1	0 1 0 0 0 0 0 0 0 0
50	1	0 1 0 0 0 0 0 1 0 0
50	8	1 1 1 1 1 1 1 0 0 1
50	1	0 1 1 1 1 1 0 0 0 1
50	2	1 0 1 0 1 0 0 0 0 1
50	2	0 0 1 0 1 1 0 0 0 1
50	19	1 1 0 1 1 0 0 0 0 0
50	14	1 0 0 1 1 0 1 0 0 0
50	1	1 0 1 1 1 0 0 0 0 0
50	25	1 0 0 1 1 0 0 0 0 0
50	1	1 0 1 1 1 0 1 0 0 1
50	2	0 0 1 1 1 0 1 0 0 0
50	23	1 0 1 1 1 0 1 0 0 0
60	4	0 1 0 1 0 0 0 1 0 0
60	1	1 1 1 1 1 0 1 0 0 1
60	8	1 1 1 1 1 1 1 0 0 1
60	6	0 1 1 1 1 1 0 0 0 1
60	19	1 0 0 1 1 0 0 0 0 0
60	46	1 1 0 1 1 0 0 0 0 0
60	1	1 0 1 1 1 0 1 0 0 1
60	8	1 0 1 1 1 0 1 0 0 0
60	3	1 0 0 1 1 0 1 0 0 0
60	2	1 0 0 1 1 0 0 1 0 0
60	2	1 0 0 0 1 0 0 0 0 0
70	4	0 1 0 1 0 0 0 1 0 0
70	1	1 1 1 1 1 1 0 0 0 1
70	1	1 1 1 1 1 0 1 0 0 1
70	7	1 1 1 1 1 1 1 0 0 1
70	4	0 1 1 1 1 1 0 0 0 1
70	2	0 1 0 1 1 0 0 0 0 0
70	2	1 0 0 1 1 0 1 0 0 0
70	7	1 0 0 1 1 0 0 0 0 0
70	1	1 1 0 1 0 0 0 0 0 0
70	57	1 1 0 1 1 0 0 0 0 0
70	13	1 0 1 1 1 0 1 0 0 0
70	1	1 0 0 1 1 0 0 1 0 0
