10	1	0 1 0 0 0 1 1 1 0 1
10	35	1 1 0 0 0 1 1 1 0 1
10	1	0 1 1 1 0 0 0 1 0 0
10	1	0 1 1 1 0 0 0 0 0 1
10	25	0 1 1 1 0 0 0 1 0 1
10	1	1 1 1 0 0 0 0 1 1 0
10	20	1 1 1 0 0 0 0 1 1 1
10	16	1 1 1 1 1 1 0 1 1 0
20	15	1 1 0 0 0 1 1 1 0 1
20	12	0 1 1 1 0 0 0 1 0 0
20	3	0 1 1 1 0 0 0 0 0 1
20	36	0 1 1 1 0 0 0 1 0 1
20	2	0 1 1 1 1 0 0 1 0 1
20	1	1 1 1 0 0 0 0 1 1 0
20	1	1 1 1 1 0 0 0 1 1 1
20	15	1 1 1 0 0 0 0 1 1 1
20	2	1 1 1 1 1 1 1 1 1 0
20	1	1 0 1 1 1 1 0 1 1 0
20	12	1 1 1 1 1 1 0 1 1 0
30	2	1 1 0 0 0 1 1 1 0 0
30	10	1 1 0 0 0 1 1 1 0 1
30	3	0 1 1 1 1 0 0 1 0 1
30	2	0 1 1 1 0 1 0 1 0 1
30	7	0 1 1 1 0 0 0 0 0 1
30	25	0 1 1 1 0 0 0 1 0 1
30	33	0 1 1 1 0 0 0 1 0 0
30	1	1 1 1 0 0 0 0 1 1 0
30	1	1 1 1 1 0 0 0 1 1 1
30	8	1 1 1 0 0 0 0 1 1 1
30	1	1 1 1 1 1 1 0 1 0 0
30	7	1 1 1 1 1 1 0 1 1 0
40	5	1 1 0 0 0 1 1 1 0 1
40	2	0 1 1 1 0 0 1 1 0 1
40	2	1 1 1 1 0 0 0 1 0 0
40	2	0 1 1 1 0 1 0 1 0 1
40	1	0 1 0 1 0 0 0 0 0 1
40	11	0 1 1 1 0 0 0 0 0 1
40	17	0 1 1 1 0 0 0 1 0 1
40	49	0 1 1 1 0 0 0 1 0 0
40	5	1 1 1 0 0 0 0 1 1 0
40	1	1 1 1 0 0 0 0 1 1 1
40	5	1 1 1 1 1 1 0 1 0 0
50	4	1 1 1 1 0 0 0 1 0 0
50	1	1 1 1 1 0 0 0 1 0 1
50	1	0 1 0 1 0 0 0 0 0 1
50	5	0 1 1 1 0 0 0 0 0 0
50	1	1 1 1 1 0 0 0 0 0 1
50	7	0 1 1 1 0 0 0 0 0 1
50	13	0 1 1 1 0 0 0 1 0 1
50	57	0 1 1 1 0 0 0 1 0 0
50	2	1 1 1 0 0 0 0 1 1 0
50	1	1 1 1 0 0 0 0 1 1 1
50	7	1 1 1 1 1 1 0 1 0 0
50	1	1 1 1 1 0 1 0 1 1 0
60	1	1 1 1 1 0 0 0 1 0 1
60	21	0 1 1 1 0 0 0 0 0 0
60	3	0 1 1 1 0 1 0 1 0 0
60	1	1 1 1 1 0 0 0 1 0 0
60	42	0 1 1 1 0 0 0 1 0 0
60	1	0 1 0 1 0 0 0 0 0 1
60	18	0 1 1 1 0 0 0 0 0 1
60	1	0 1 1 1 1 1 0 1 1 0
60	1	0 1 1 1 1 1 0 1 0 0
60	11	1 1 1 1 1 1 0 1 0 0
70	1	1 1 1 1 0 0 0 1 0 1
70	4	0 1 1 1 0 0 0 1 0 1
70	29	0 1 1 1 0 0 0 1 0 0
70	1	0 1 0 1 0 0 0 0 0 0
70	23	0 1 1 1 0 0 0 0 0 0
70	2	1 1 1 1 0 0 0 1 0 0
70	8	0 1 1 1 0 0 0 0 0 1
70	1	0 1 1 1 1 1 0 1 0 0
70	1	1 1 1 1 1 1 0 1 1 0
70	1	1 1 1 1 1 1 1 1 0 0
70	27	1 1 1 1 1 1 0 1 0 0
70	2	1 1 1 1 0 1 0 1 1 0
