10	1	0 1 0 0 0 1 0 0 0 1
10	24	0 1 0 0 0 1 1 0 0 1
10	23	0 1 0 0 1 1 0 1 1 1
10	1	0 0 0 0 0 1 1 1 0 0
10	22	0 0 1 0 0 1 1 1 0 0
10	2	1 0 1 1 1 0 0 0 0 0
10	1	1 0 1 1 1 0 1 0 1 0
10	26	1 0 1 1 1 0 0 0 1 0
20	15	0 1 0 0 0 1 1 0 0 1
20	1	1 1 0 0 1 1 0 1 1 1
20	12	0 1 0 0 1 1 0 1 1 1
20	22	0 0 1 0 0 1 1 1 0 0
20	6	1 0 1 1 1 0 0 0 0 0
20	1	1 0 1 1 1 1 1 0 1 0
20	9	1 0 1 1 1 0 1 0 1 0
20	1	1 0 1 1 1 0 0 0 1 1
20	2	1 0 1 1 0 0 0 0 1 0
20	31	1 0 1 1 1 0 0 0 1 0
30	3	0 1 0 0 0 1 1 0 0 1
30	2	0 1 0 0 1 1 0 1 1 1
30	4	0 0 1 0 0 1 1 1 0 0
30	5	1 0 1 1 1 1 0 0 0 0
30	34	1 0 1 1 1 0 0 0 0 0
30	3	1 0 1 1 1 1 0 0 1 0
30	1	1 0 1 1 1 0 0 1 1 0
30	5	1 0 1 1 1 0 1 0 1 0
30	34	1 0 1 1 1 0 0 0 1 0
30	9	1 0 1 1 0 0 0 0 1 0
40	1	0 1 0 0 0 1 1 0 0 1
40	1	0 1 0 0 1 1 0 1 1 1
40	3	1 0 1 1 1 1 0 0 0 0
40	1	1 0 1 1 0 0 0 0 0 0
40	2	1 0 1 1 1 0 1 0 0 0
40	27	1 0 1 1 1 0 0 0 1 0
40	1	1 0 1 1 1 0 0 0 0 1
40	61	1 0 1 1 1 0 0 0 0 0
40	1	1 1 1 1 1 0 0 0 1 0
40	2	1 0 1 1 0 0 0 0 1 0
50	6	1 0 1 1 1 1 0 0 0 0
50	6	1 0 1 1 0 0 0 0 0 0
50	1	1 0 1 0 1 0 0 0 1 0
50	1	1 0 1 1 1 0 1 0 1 0
50	10	1 0 1 1 1 0 0 0 1 0
50	1	1 0 0 1 1 0 0 0 0 0
50	75	1 0 1 1 1 0 0 0 0 0
60	6	1 0 1 1 1 1 0 0 0 0
60	2	1 0 1 0 1 0 0 0 0 0
60	6	1 0 1 1 1 0 0 0 1 0
60	1	1 0 1 1 0 0 0 0 0 0
60	2	1 1 1 1 1 0 0 0 0 0
60	81	1 0 1 1 1 0 0 0 0 0
60	1	1 0 1 0 1 0 0 0 1 0
60	1	1 0 0 1 1 0 0 0 0 0
70	4	1 1 1 1 1 0 0 0 0 0
70	78	1 0 1 1 1 0 0 0 0 0
70	11	1 0 1 1 1 1 0 0 0 0
70	6	1 0 1 1 1 0 0 0 1 0
70	1	1 0 1 1 0 0 0 0 0 0
