10	4	0 1 1 1 0 0 1 0 1 0 0 1 0 1 0 0 0 0 1 0 1 1 0 0 1 1 0 0 0 1 0 0 1 1 1 1 1 0 1 1 1 0 0 0 1 0 0 1 0 1
10	3	1 0 1 0 1 1 0 0 0 0 1 1 0 0 0 1 1 0 1 1 1 0 1 1 1 1 1 0 0 0 0 0 0 1 0 1 0 0 1 0 0 1 0 1 0 1 1 1 1 0
10	3	1 1 1 1 0 0 0 0 0 1 1 0 1 1 0 1 1 1 1 0 0 0 1 1 1 0 0 0 0 0 0 1 0 0 1 1 0 0 0 0 0 1 1 1 1 0 0 1 1 0
10	1	1 1 1 0 0 1 1 1 1 1 0 1 1 1 0 0 1 0 1 0 0 1 0 0 1 1 1 0 1 0 0 0 1 0 0 1 0 0 1 0 1 0 1 0 0 1 0 0 0 0
10	83	1 1 1 0 0 1 1 1 1 1 0 1 1 1 0 0 1 0 1 0 0 1 0 0 1 1 1 0 1 0 0 0 1 0 1 1 0 0 1 0 1 0 1 0 0 1 0 0 0 0
10	6	1 1 0 1 0 1 1 0 1 0 0 0 0 0 1 0 0 0 1 1 0 0 0 0 1 0 0 1 1 0 1 1 0 0 1 0 1 1 1 0 0 1 0 1 1 0 0 1 0 1
20	1	1 1 1 0 0 1 1 1 1 1 0 1 1 1 1 0 1 0 1 0 0 1 0 0 1 1 1 0 1 0 0 0 1 0 1 1 0 0 1 0 1 0 1 0 0 1 0 0 0 0
20	92	1 1 1 0 0 1 1 1 1 1 0 1 1 1 0 0 1 0 1 0 0 1 0 0 1 1 1 0 1 0 0 0 1 0 1 1 0 0 1 0 1 0 1 0 0 1 0 0 0 0
20	2	1 1 1 0 0 1 1 1 1 1 0 1 1 1 0 0 1 0 1 0 0 1 0 0 1 1 1 0 1 0 0 0 1 0 0 1 0 0 1 0 1 0 1 0 0 1 0 0 0 0
20	1	1 1 1 0 0 1 1 1 1 1 0 1 1 1 0 0 1 0 1 0 0 1 0 0 1 1 1 0 1 0 0 0 1 0 1 0 0 0 1 0 1 0 1 0 0 1 0 0 0 0
20	1	1 1 1 0 0 1 1 1 1 0 0 1 1 1 0 0 1 0 1 0 0 1 0 0 1 1 1 0 1 0 0 0 1 0 1 1 0 0 1 0 1 0 1 0 0 1 0 0 0 0
20	2	1 1 1 0 0 1 1 1 1 1 0 1 1 1 0 0 1 0 1 0 0 1 0 0 1 1 1 0 1 1 0 0 1 0 1 1 0 0 1 0 1 0 1 0 0 1 0 0 0 0
20	1	1 1 1 0 0 1 1 1 1 1 0 1 1 1 0 0 0 0 1 0 0 1 0 0 1 1 1 0 1 0 0 0 1 0 1 1 0 0 1 0 1 0 1 0 0 1 0 0 0 0
30	1	1 1 1 0 0 1 1 1 1 1 0 1 1 1 0 0 1 0 1 0 0 1 0 0 1 1 1 0 1 0 0 0 1 0 1 1 0 0 1 0 1 0 1 1 0 1 0 0 0 0
30	1	1 1 1 0 0 1 1 1 1 1 0 1 1 1 0 0 1 0 1 0 0 1 0 0 1 1 1 0 1 0 0 0 1 0 1 1 0 0 1 0 1 0 1 0 0 1 1 0 0 0
30	1	1 1 1 0 0 1 1 1 1 1 0 0 1 1 0 0 1 0 1 0 0 1 0 0 1 1 1 0 1 0 0 0 1 0 1 1 0 0 1 0 1 0 1 0 0 1 0 0 0 0
30	1	1 1 1 0 0 1 1 1 1 1 0 1 1 1 0 0 1 0 1 0 0 1 0 0 1 1 1 0 1 0 0 0 1 0 1 1 0 0 1 0 1 0 0 0 0 1 0 0 0 0
30	1	1 1 1 0 0 1 1 1 1 1 0 1 1 1 0 0 1 0 1 0 0 1 0 0 1 1 1 0 1 1 0 0 1 0 1 1 0 0 0 0 1 0 1 0 0 1 0 0 0 0
30	1	1 1 1 0 0 1 1 1 1 1 0 1 1 1 0 0 1 0 1 0 0 1 0 0 1 1 1 0 1 1 0 0 1 0 1 1 0 0 1 0 1 0 1 0 0 1 0 0 0 0
30	1	1 1 1 0 0 1 1 1 1 1 1 1 1 1 0 0 1 0 1 0 0 1 0 0 1 1 1 0 1 0 0 0 1 0 1 1 0 0 1 0 1 0 1 0 0 1 0 0 0 0
30	1	1 1 1 1 0 1 1 1 1 1 0 1 1 1 0 0 1 0 1 0 0 1 0 0 1 1 1 0 1 0 0 0 1 0 1 1 0 0 1 0 1 0 1 0 0 1 0 0 0 0
30	1	1 1 1 0 0 1 1 1 1 1 0 1 1 1 0 0 1 0 1 0 0 1 0 0 1 1 1 0 1 0 1 0 1 0 1 1 0 0 1 0 1 0 1 0 0 1 0 0 0 0
30	1	1 1 1 0 0 1 1 1 1 1 0 1 1 1 0 0 1 0 1 1 0 1 0 0 1 1 1 0 1 0 0 0 1 0 1 1 0 0 1 0 1 0 1 0 0 1 0 0 0 0
30	1	1 0 1 0 0 1 1 1 1 1 0 1 1 1 0 0 1 0 1 0 0 1 0 0 1 1 1 0 1 0 0 0 1 0 1 1 0 0 1 0 1 0 1 0 0 1 0 0 0 0
30	89	1 1 1 0 0 1 1 1 1 1 0 1 1 1 0 0 1 0 1 0 0 1 0 0 1 1 1 0 1 0 0 0 1 0 1 1 0 0 1 0 1 0 1 0 0 1 0 0 0 0
40	2	1 1 1 0 0 1 1 1 1 1 0 1 1 1 0 0 1 0 1 0 0 1 0 0 1 1 1 0 1 0 0 0 1 0 1 1 0 0 1 0 1 0 1 1 0 1 0 0 0 0
40	1	1 1 1 0 0 1 1 1 1 1 0 1 1 1 0 0 1 0 1 0 0 1 0 0 1 1 1 0 1 0 0 0 1 0 1 1 0 0 1 0 1 0 0 0 0 1 0 0 0 0
40	1	1 1 1 0 0 1 1 1 1 1 0 1 1 1 0 0 1 0 1 0 0 1 1 0 1 1 1 0 1 0 0 0 1 0 1 1 0 0 1 0 1 0 1 0 0 1 0 0 0 0
40	3	1 1 1 0 0 1 1 1 1 1 0 1 1 1 0 0 1 0 1 0 0 1 0 0 1 1 1 0 1 1 0 0 1 0 1 1 0 0 0 0 1 0 1 0 0 1 0 0 0 0
40	1	1 1 1 0 0 1 1 1 1 1 0 1 1 1 0 0 1 0 1 0 0 1 0 0 1 1 1 0 1 1 0 0 1 0 1 1 0 0 1 0 1 0 1 0 0 1 0 0 0 0
40	1	1 1 1 0 0 1 1 1 1 1 1 1 1 1 0 0 1 0 1 0 0 1 0 0 1 1 1 0 1 0 0 0 1 0 1 1 0 0 1 0 1 0 1 0 0 1 0 0 0 0
40	2	1 1 1 1 0 1 1 1 1 1 0 1 1 1 0 0 1 0 1 0 0 1 0 0 1 1 1 0 1 0 0 0 1 0 1 1 0 0 1 0 1 0 1 0 0 1 0 0 0 0
40	1	1 1 1 0 0 1 1 1 1 1 0 1 1 1 0 0 1 0 1 0 0 1 0 0 1 1 0 0 1 0 0 0 1 0 1 1 0 0 1 0 1 0 1 0 0 1 0 0 0 0
40	1	1 1 1 0 1 1 1 1 1 1 0 1 1 1 0 0 1 0 1 0 0 1 0 0 1 1 1 0 1 0 0 0 1 0 1 1 0 0 1 0 1 0 1 0 0 1 0 0 0 0
40	82	1 1 1 0 0 1 1 1 1 1 0 1 1 1 0 0 1 0 1 0 0 1 0 0 1 1 1 0 1 0 0 0 1 0 1 1 0 0 1 0 1 0 1 0 0 1 0 0 0 0
40	5	1 1 1 0 0 1 1 1 1 1 0 1 1 1 0 0 1 0 1 0 0 1 0 0 1 1 1 0 1 1 0 0 1 0 1 0 0 0 1 0 1 0 1 0 0 1 0 0 0 0
50	1	1 1 1 0 0 1 1 1 1 1 0 1 1 1 0 0 1 0 1 0 0 1 0 0 1 1 1 0 1 1 0 0 1 0 1 1 0 0 0 0 1 0 1 0 0 1 0 0 0 0
50	4	1 1 1 1 0 1 1 1 1 1 0 1 1 1 0 0 1 0 1 0 0 1 0 0 1 1 1 0 1 0 0 0 1 0 1 1 0 0 1 0 1 0 1 0 0 1 0 0 0 0
50	5	1 1 1 0 0 1 1 1 1 1 0 1 1 1 0 0 1 0 1 1 0 1 0 0 1 1 1 0 1 0 0 0 1 0 1 1 0 0 1 0 1 0 1 0 0 1 0 0 0 0
50	2	1 1 1 0 0 1 1 1 1 1 0 1 1 1 0 0 1 0 1 0 0 1 0 0 1 1 1 0 1 0 0 0 1 0 1 1 0 0 1 1 1 0 1 0 0 1 0 0 0 0
50	1	1 1 1 0 0 1 1 1 1 1 0 1 1 1 0 0 1 0 1 0 0 0 0 0 1 1 1 0 1 0 0 0 1 0 1 1 0 0 1 0 1 0 1 0 0 1 0 0 0 0
50	2	1 1 1 0 0 0 1 1 1 1 0 1 1 1 0 0 1 0 1 0 0 1 0 0 1 1 1 0 1 0 0 0 1 0 1 1 0 0 1 0 1 0 1 0 0 1 0 0 0 0
50	1	0 1 1 0 0 1 1 1 1 1 0 1 1 1 0 0 1 0 1 0 0 1 0 0 1 1 1 0 1 0 0 0 1 0 1 1 0 0 1 0 1 0 1 0 0 1 0 0 0 0
50	1	1 1 1 0 0 1 1 0 1 1 0 1 1 1 0 0 1 0 1 0 0 1 0 0 1 1 1 0 1 0 0 0 1 0 1 1 0 0 1 0 1 0 1 0 0 1 0 0 0 0
50	78	1 1 1 0 0 1 1 1 1 1 0 1 1 1 0 0 1 0 1 0 0 1 0 0 1 1 1 0 1 0 0 0 1 0 1 1 0 0 1 0 1 0 1 0 0 1 0 0 0 0
50	5	1 1 1 0 0 1 1 1 1 1 0 1 1 1 0 0 1 0 1 0 0 1 0 0 1 1 1 0 1 1 0 0 1 0 1 0 0 0 1 0 1 0 1 0 0 1 0 0 0 0
60	1	1 1 1 0 0 1 1 1 1 1 0 1 1 1 0 0 1 0 1 0 0 1 0 0 1 1 1 0 1 0 0 0 1 0 1 1 0 0 1 0 1 0 1 1 0 1 0 0 0 0
60	1	1 1 1 0 0 1 1 1 1 1 0 1 1 1 0 0 1 0 1 0 0 1 0 0 1 1 1 0 1 1 0 0 1 0 1 1 0 0 0 0 1 0 1 0 0 1 0 0 0 0
60	1	1 1 1 0 0 1 1 1 1 1 1 1 1 1 0 0 1 0 1 0 0 1 0 0 1 1 1 0 1 0 0 0 1 0 1 1 0 0 1 0 1 0 1 0 0 1 0 0 0 0
60	5	1 1 1 1 0 1 1 1 1 1 0 1 1 1 0 0 1 0 1 0 0 1 0 0 1 1 1 0 1 0 0 0 1 0 1 1 0 0 1 0 1 0 1 0 0 1 0 0 0 0
60	4	1 1 1 0 0 1 1 1 1 1 0 1 1 1 0 0 1 0 1 1 0 1 0 0 1 1 1 0 1 0 0 0 1 0 1 1 0 0 1 0 1 0 1 0 0 1 0 0 0 0
60	1	1 1 1 0 0 1 1 1 1 1 0 1 1 1 0 0 1 0 1 0 0 1 0 0 1 1 1 0 1 0 0 0 1 0 1 1 0 0 1 1 1 0 1 0 0 1 0 0 0 0
60	1	1 1 1 0 0 1 1 1 1 1 0 1 1 1 0 0 0 0 1 0 0 1 0 0 1 1 1 0 1 0 0 0 1 0 1 1 0 0 1 0 1 0 1 0 0 0 0 0 0 0
60	3	1 1 1 0 0 1 1 1 1 1 0 1 1 1 0 0 1 0 1 0 0 1 0 0 1 1 1 0 1 0 0 0 1 0 1 1 0 0 1 0 1 0 1 0 0 0 0 0 0 0
60	1	1 1 1 0 1 1 1 1 1 1 0 1 1 1 0 0 1 1 1 0 0 1 0 0 1 1 1 0 1 0 0 0 1 0 1 1 0 0 1 0 1 0 1 0 0 1 0 0 0 0
60	1	1 1 1 0 0 1 1 1 1 1 0 1 1 1 0 0 1 1 1 0 0 1 0 0 1 1 1 0 1 0 0 0 1 0 1 1 0 0 1 0 1 0 1 0 0 1 0 0 0 0
60	1	1 1 1 0 0 1 1 1 1 0 0 1 1 1 0 0 1 0 1 0 0 1 0 0 1 1 1 0 1 0 0 0 1 0 1 1 0 0 1 0 1 0 1 0 0 1 0 0 0 0
60	2	1 1 1 0 0 1 1 1 0 1 0 1 1 1 0 0 1 0 1 0 0 1 0 0 1 1 1 0 1 0 0 0 1 0 1 1 0 0 1 0 1 0 1 0 0 1 0 0 0 0
60	74	1 1 1 0 0 1 1 1 1 1 0 1 1 1 0 0 1 0 1 0 0 1 0 0 1 1 1 0 1 0 0 0 1 0 1 1 0 0 1 0 1 0 1 0 0 1 0 0 0 0
60	4	1 1 1 0 0 1 1 1 1 1 0 1 1 1 0 0 1 0 1 0 0 1 0 0 1 1 1 0 1 1 0 0 1 0 1 0 0 0 1 0 1 0 1 0 0 1 0 0 0 0
70	4	1 1 1 0 0 1 1 1 1 1 0 1 1 1 0 0 1 0 1 0 0 1 0 0 1 1 1 0 1 1 0 0 1 0 1 1 0 0 0 0 1 0 1 0 0 1 0 0 0 0
70	6	1 1 1 0 0 1 1 1 1 1 1 1 1 1 0 0 1 0 1 0 0 1 0 0 1 1 1 0 1 0 0 0 1 0 1 1 0 0 1 0 1 0 1 0 0 1 0 0 0 0
70	1	1 1 1 1 0 1 1 1 1 1 0 1 1 1 0 0 1 0 1 0 0 1 0 0 1 1 1 0 1 0 0 0 1 0 1 1 0 0 1 1 1 0 1 0 0 1 0 0 0 0
70	6	1 1 1 1 0 1 1 1 1 1 0 1 1 1 0 0 1 0 1 0 0 1 0 0 1 1 1 0 1 0 0 0 1 0 1 1 0 0 1 0 1 0 1 0 0 1 0 0 0 0
70	1	1 1 1 0 0 1 1 1 1 1 0 1 1 1 0 0 1 0 0 1 0 1 0 0 1 1 1 0 1 0 0 0 1 0 1 1 0 0 1 1 1 0 1 0 0 1 0 0 0 0
70	2	1 1 1 0 0 1 1 1 1 1 0 1 1 1 0 0 1 0 1 0 0 1 0 0 1 1 1 0 1 0 0 0 1 0 1 1 0 0 1 1 1 0 1 0 0 1 0 0 0 0
70	2	1 1 1 0 0 1 1 1 1 1 0 1 1 1 0 0 1 0 1 0 0 1 0 0 1 1 1 0 1 0 0 0 1 0 1 1 0 0 1 0 1 0 1 0 1 0 0 0 0 0
70	8	1 1 1 0 0 1 1 1 1 1 0 1 1 1 0 0 1 0 1 0 0 1 0 0 1 1 1 0 1 0 0 0 1 0 1 1 0 0 1 0 1 0 1 0 0 0 0 0 0 0
70	1	1 1 1 0 0 1 1 1 1 1 0 1 1 1 0 0 1 1 1 0 0 1 0 0 1 1 1 0 1 0 0 0 1 0 1 1 0 0 1 0 1 0 1 0 0 1 0 0 0 0
70	1	1 1 1 0 0 1 1 1 0 1 0 1 1 1 0 0 1 0 1 0 0 1 0 0 1 1 1 0 1 0 0 0 1 0 1 1 0 0 1 0 1 0 1 0 0 1 0 0 0 0
70	1	1 1 1 0 0 1 1 1 1 1 0 1 1 1 0 0 1 0 1 0 0 1 0 0 1 1 1 0 1 0 0 0 1 0 1 1 0 0 1 0 0 0 1 0 0 1 0 0 0 0
70	1	1 1 1 0 0 1 1 0 1 1 0 1 1 1 0 0 1 0 1 0 0 1 0 0 1 1 1 0 1 0 0 0 1 0 1 1 0 0 1 0 1 0 1 0 0 1 0 0 0 0
70	1	1 1 1 0 0 1 1 1 1 1 0 1 1 1 0 0 1 0 1 0 0 1 0 0 1 1 1 0 1 0 0 0 1 0 1 1 0 0 1 0 1 0 1 0 0 1 1 0 0 0
70	59	1 1 1 0 0 1 1 1 1 1 0 1 1 1 0 0 1 0 1 0 0 1 0 0 1 1 1 0 1 0 0 0 1 0 1 1 0 0 1 0 1 0 1 0 0 1 0 0 0 0
70	2	1 1 1 1 0 1 1 1 1 1 0 1 1 1 0 0 1 0 1 0 0 1 0 0 1 1 1 0 1 1 0 0 1 0 1 0 0 0 1 0 1 0 1 0 0 1 0 0 0 0
70	4	1 1 1 0 0 1 1 1 1 1 0 1 1 1 0 0 1 0 1 0 0 1 0 0 1 1 1 0 1 1 0 0 1 0 1 0 0 0 1 0 1 0 1 0 0 1 0 0 0 0
80	6	1 1 1 0 0 1 1 1 1 1 0 1 1 1 0 0 1 0 1 0 0 1 0 0 1 1 1 0 1 0 0 0 1 0 1 1 0 0 1 0 1 0 1 1 0 1 0 0 0 0
80	1	1 1 1 0 0 1 1 1 1 1 0 1 1 1 0 0 1 0 1 0 0 1 0 0 1 1 1 1 1 1 0 0 1 0 1 1 0 0 0 0 1 0 1 0 0 1 0 0 0 0
80	3	1 1 1 0 0 1 1 1 1 1 0 1 1 1 0 0 1 0 1 0 0 1 0 0 1 1 1 0 1 1 0 0 1 0 1 1 0 0 0 0 1 0 1 0 0 1 0 0 0 0
80	2	1 1 1 0 0 1 1 1 1 1 1 1 1 1 0 0 1 0 1 0 0 1 0 0 1 1 1 0 1 0 0 0 1 0 1 1 0 0 1 0 1 0 1 0 0 1 0 0 0 0
80	1	1 0 1 1 0 1 1 1 1 1 0 1 1 1 0 0 1 0 1 0 0 1 0 0 1 1 1 0 1 0 0 0 1 0 1 1 0 0 1 0 1 0 1 0 0 1 0 0 0 0
80	14	1 1 1 1 0 1 1 1 1 1 0 1 1 1 0 0 1 0 1 0 0 1 0 0 1 1 1 0 1 0 0 0 1 0 1 1 0 0 1 0 1 0 1 0 0 1 0 0 0 0
80	2	1 1 1 0 0 1 1 1 1 1 0 1 1 1 0 0 1 0 1 1 0 1 0 0 1 1 1 0 1 0 0 0 1 0 1 1 0 0 1 0 1 0 1 0 0 1 0 0 0 0
80	2	1 1 1 0 0 1 1 1 1 1 0 1 1 1 0 0 1 0 1 0 0 1 0 0 1 1 1 0 1 0 0 0 1 0 1 1 0 0 1 1 1 0 1 0 0 1 0 0 0 0
80	1	1 1 1 0 0 1 1 1 1 1 0 1 1 1 0 0 1 0 1 0 0 1 0 0 1 1 1 0 1 0 0 0 1 0 1 1 0 0 1 0 1 0 1 0 1 0 0 0 0 0
80	8	1 1 1 0 0 1 1 1 1 1 0 1 1 1 0 0 1 0 1 0 0 1 0 0 1 1 1 0 1 0 0 0 1 0 1 1 0 0 1 0 1 0 1 0 0 0 0 0 0 0
80	1	1 1 1 0 1 1 1 1 1 1 0 1 1 1 0 0 1 1 1 0 0 1 0 0 1 1 1 0 1 0 0 0 1 0 1 1 0 0 1 0 1 0 1 0 1 1 0 0 0 0
80	9	1 1 1 0 1 1 1 1 1 1 0 1 1 1 0 0 1 1 1 0 0 1 0 0 1 1 1 0 1 0 0 0 1 0 1 1 0 0 1 0 1 0 1 0 0 1 0 0 0 0
80	1	1 1 1 0 0 1 1 1 1 1 0 1 1 1 0 0 1 0 1 0 0 1 0 0 1 1 1 0 1 0 0 0 1 0 1 1 0 0 1 0 0 0 1 0 0 1 0 0 0 0
80	1	1 1 1 0 0 1 1 1 1 1 0 1 1 1 0 0 1 0 1 0 0 1 0 1 1 1 1 0 1 0 0 0 1 0 1 1 0 0 1 0 1 0 1 0 0 1 0 0 0 0
80	47	1 1 1 0 0 1 1 1 1 1 0 1 1 1 0 0 1 0 1 0 0 1 0 0 1 1 1 0 1 0 0 0 1 0 1 1 0 0 1 0 1 0 1 0 0 1 0 0 0 0
80	1	1 1 1 0 0 1 1 1 1 1 0 1 1 1 0 0 1 0 1 0 0 1 0 0 1 1 1 0 1 1 0 0 1 0 1 0 0 0 1 0 1 0 1 0 0 1 0 0 0 0
90	3	1 1 1 0 0 1 1 1 1 1 0 1 1 1 0 0 1 0 1 0 0 1 0 0 1 1 1 1 1 1 0 0 1 0 1 1 0 0 0 0 1 0 1 0 0 1 0 0 0 0
90	1	1 1 1 0 0 1 1 1 1 1 0 1 1 0 0 0 1 0 1 0 0 1 0 0 1 1 1 0 1 1 0 0 1 0 1 1 0 0 0 0 1 0 1 0 0 1 0 0 0 0
90	4	1 1 1 0 0 1 1 1 1 1 0 1 1 1 0 0 1 0 1 0 0 1 0 0 1 1 1 0 1 1 0 0 1 0 1 1 0 0 0 0 1 0 1 0 0 1 0 0 0 0
90	1	1 1 1 0 0 1 1 1 1 1 1 1 1 1 0 0 1 0 1 0 0 1 0 0 1 1 1 0 1 0 0 0 1 0 1 1 0 0 1 0 1 0 1 0 0 1 0 0 0 0
90	1	1 1 1 0 0 1 1 1 1 1 0 1 1 1 0 0 1 0 1 0 0 1 0 0 1 1 0 0 1 0 0 0 1 0 1 1 0 0 1 0 1 0 1 0 0 1 0 0 0 0
90	26	1 1 1 1 0 1 1 1 1 1 0 1 1 1 0 0 1 0 1 0 0 1 0 0 1 1 1 0 1 0 0 0 1 0 1 1 0 0 1 0 1 0 1 0 0 1 0 0 0 0
90	1	1 1 1 0 0 1 1 1 0 1 0 1 1 1 0 0 1 0 1 0 0 1 0 0 1 1 1 0 1 0 0 0 1 0 1 1 0 0 1 0 1 0 1 0 0 1 0 0 0 0
90	1	1 1 1 0 0 1 1 1 1 1 0 1 1 1 0 0 1 0 1 1 0 1 0 0 1 1 1 0 1 0 0 0 1 0 1 1 0 0 1 0 1 0 1 0 0 1 0 0 0 0
90	1	1 1 1 0 0 1 1 1 1 1 0 1 1 1 0 0 1 0 1 0 0 1 0 0 1 1 1 0 1 0 0 0 1 0 1 1 0 0 1 0 1 0 1 0 1 1 0 0 0 0
90	31	1 1 1 0 0 1 1 1 1 1 0 1 1 1 0 0 1 0 1 0 0 1 0 0 1 1 1 0 1 0 0 0 1 0 1 1 0 0 1 0 1 0 1 0 0 1 0 0 0 0
90	3	1 1 1 0 0 1 1 1 1 1 0 1 1 1 0 0 1 0 1 0 0 1 0 0 1 1 1 0 1 0 0 0 1 0 1 1 0 0 1 1 1 0 1 0 0 1 0 0 0 0
90	11	1 1 1 0 0 1 1 1 1 1 0 1 1 1 0 0 1 0 1 0 0 1 0 0 1 1 1 0 1 0 0 0 1 0 1 1 0 0 1 0 1 0 1 0 0 0 0 0 0 0
90	5	1 1 1 0 1 1 1 1 1 1 0 1 1 1 0 0 1 1 1 0 0 1 0 0 1 1 1 0 1 0 0 0 1 0 1 1 0 0 1 0 1 0 1 0 0 1 0 0 0 0
90	3	1 1 1 0 0 1 1 1 1 1 0 1 1 1 0 0 1 1 1 0 0 1 0 0 1 1 1 0 1 0 0 0 1 0 1 1 0 0 1 0 1 0 1 0 0 1 0 0 0 0
90	1	1 1 1 0 0 1 1 0 1 1 0 1 1 1 0 0 1 0 1 0 0 1 0 0 1 1 1 0 1 0 0 0 1 0 1 1 0 0 1 0 1 0 1 0 0 1 0 0 0 0
90	1	1 1 0 0 0 1 1 1 1 1 0 1 1 1 0 0 1 0 1 0 0 1 0 0 1 1 1 0 1 0 0 0 1 0 1 1 0 0 1 0 1 0 1 0 0 1 0 0 0 0
90	1	0 1 1 0 0 1 1 1 1 1 0 1 1 1 0 0 1 0 1 0 0 1 0 0 1 1 1 0 1 1 0 0 1 0 1 0 0 0 1 0 1 0 1 0 0 1 0 0 0 0
90	5	1 1 1 0 0 1 1 1 1 1 0 1 1 1 0 0 1 0 1 0 0 1 0 0 1 1 1 0 1 1 0 0 1 0 1 0 0 0 1 0 1 0 1 0 0 1 0 0 0 0
100	1	1 1 1 0 0 1 1 1 1 1 0 1 1 1 0 0 1 0 1 0 0 1 0 0 1 1 1 1 1 1 0 0 1 0 1 1 0 0 0 0 1 0 1 0 0 1 0 0 0 0
100	2	1 1 1 0 0 1 1 1 1 1 0 1 1 1 0 0 1 0 1 0 0 1 0 0 1 1 1 0 1 1 0 0 1 0 1 1 0 0 0 0 1 0 1 0 0 1 0 0 0 0
100	3	1 1 1 1 0 1 1 1 1 1 0 1 1 1 0 0 1 0 1 0 0 1 0 0 1 1 0 0 1 0 0 0 1 0 1 1 0 0 1 0 1 0 1 0 0 1 0 0 0 0
100	35	1 1 1 1 0 1 1 1 1 1 0 1 1 1 0 0 1 0 1 0 0 1 0 0 1 1 1 0 1 0 0 0 1 0 1 1 0 0 1 0 1 0 1 0 0 1 0 0 0 0
100	1	1 1 1 0 0 1 1 1 1 1 0 1 1 1 0 0 1 0 1 1 0 1 0 0 1 1 1 0 1 0 0 0 1 0 1 1 0 0 1 0 1 0 1 0 0 1 0 0 0 0
100	1	1 1 1 0 0 1 1 1 1 1 0 1 1 1 0 0 1 0 1 0 0 1 0 0 1 1 1 0 1 0 0 0 1 0 1 1 0 0 1 0 0 0 1 0 0 1 0 0 0 0
100	26	1 1 1 0 0 1 1 1 1 1 0 1 1 1 0 0 1 0 1 0 0 1 0 0 1 1 1 0 1 0 0 0 1 0 1 1 0 0 1 0 1 0 1 0 0 1 0 0 0 0
100	19	1 1 1 0 0 1 1 1 1 1 0 1 1 1 0 0 1 0 1 0 0 1 0 0 1 1 1 0 1 0 0 0 1 0 1 1 0 0 1 0 1 0 1 0 0 0 0 0 0 0
100	9	1 1 1 0 1 1 1 1 1 1 0 1 1 1 0 0 1 1 1 0 0 1 0 0 1 1 1 0 1 0 0 0 1 0 1 1 0 0 1 0 1 0 1 0 0 1 0 0 0 0
100	1	1 1 1 0 0 1 1 1 1 1 0 1 1 1 0 0 1 1 1 0 0 1 0 0 1 1 1 0 1 0 0 0 1 0 1 1 0 0 1 0 1 0 1 0 0 1 0 0 0 0
100	1	1 1 1 1 0 1 1 1 1 1 0 1 1 1 0 0 1 0 1 0 0 1 0 0 1 1 1 0 1 1 0 0 1 0 1 0 0 0 1 0 1 0 1 0 0 1 0 0 0 0
100	1	1 1 1 0 0 1 1 1 1 1 0 1 1 1 0 0 1 0 1 0 0 1 0 0 1 1 1 0 1 1 0 0 1 0 1 0 0 0 1 0 1 0 1 0 0 1 0 0 0 0
110	5	1 1 1 0 0 1 1 1 1 1 0 1 1 1 0 0 1 0 1 0 0 1 0 0 1 1 1 0 1 1 0 0 1 0 1 1 0 0 0 0 1 0 1 0 0 1 0 0 0 0
110	1	1 1 1 0 0 1 1 1 1 1 0 1 1 1 0 0 1 0 1 0 0 1 0 0 1 1 0 0 1 0 0 0 1 0 1 1 0 0 1 0 1 0 1 0 0 1 0 0 0 0
110	1	1 1 1 0 0 1 1 1 1 1 0 1 1 1 0 0 1 0 1 0 0 1 0 0 1 1 1 0 1 0 0 0 1 0 1 1 0 0 1 0 1 0 0 0 0 1 0 0 0 0
110	12	1 1 1 0 0 1 1 1 1 1 0 1 1 1 0 0 1 0 1 0 0 1 0 0 1 1 1 0 1 0 0 0 1 0 1 1 0 0 1 0 1 0 1 0 0 1 0 0 0 0
110	1	1 1 1 1 0 1 1 1 1 1 0 1 1 1 0 0 1 0 1 0 0 1 0 1 1 1 1 0 1 0 0 0 1 0 1 1 0 0 1 0 1 0 1 0 0 1 0 0 0 0
110	1	1 1 1 1 0 1 1 1 1 1 0 1 1 1 0 0 1 0 1 0 0 1 0 0 1 1 1 0 1 0 0 1 1 0 1 1 0 0 1 0 1 0 1 0 0 1 0 0 0 0
110	37	1 1 1 1 0 1 1 1 1 1 0 1 1 1 0 0 1 0 1 0 0 1 0 0 1 1 1 0 1 0 0 0 1 0 1 1 0 0 1 0 1 0 1 0 0 1 0 0 0 0
110	2	1 1 1 0 0 1 1 1 1 1 0 1 1 1 0 0 1 0 1 0 0 1 0 0 1 1 1 0 1 0 0 0 1 0 1 1 0 0 1 0 0 0 1 0 0 1 0 0 0 0
110	1	1 1 1 0 0 1 1 1 1 0 0 1 1 1 0 0 1 0 1 0 0 1 0 0 1 1 1 0 1 0 0 0 1 0 1 1 0 0 1 0 1 0 1 0 0 1 0 0 0 0
110	1	1 1 1 0 0 1 1 1 1 1 0 1 1 1 0 0 1 0 1 0 0 1 0 0 1 1 1 0 1 0 0 0 1 0 1 1 1 0 1 0 1 0 1 0 0 0 0 0 0 0
110	23	1 1 1 0 0 1 1 1 1 1 0 1 1 1 0 0 1 0 1 0 0 1 0 0 1 1 1 0 1 0 0 0 1 0 1 1 0 0 1 0 1 0 1 0 0 0 0 0 0 0
110	3	1 1 1 0 0 1 1 1 1 1 0 1 1 1 0 0 1 0 1 0 1 1 0 0 1 1 1 0 1 0 0 0 1 0 1 1 0 0 1 0 1 0 1 0 0 0 0 0 0 0
110	1	1 1 1 0 1 1 1 1 1 1 0 1 1 1 0 0 1 1 1 0 0 1 0 0 1 1 1 0 0 0 0 0 1 0 1 1 0 0 1 0 1 0 1 0 0 1 0 0 0 0
110	2	1 1 1 0 1 1 1 1 1 1 0 1 1 1 0 0 1 1 1 0 0 1 0 0 1 1 1 0 1 0 0 0 1 0 1 1 0 0 1 0 1 0 1 0 0 1 0 0 0 0
110	7	1 1 1 0 0 1 1 1 1 1 0 1 1 1 0 0 1 1 1 0 0 1 0 0 1 1 1 0 1 0 0 0 1 0 1 1 0 0 1 0 1 0 1 0 0 1 0 0 0 0
110	1	1 1 1 1 0 1 1 1 1 1 0 1 1 1 0 0 1 0 1 0 0 1 0 0 1 1 1 0 1 1 0 0 1 0 1 0 0 0 1 0 1 0 1 0 0 1 0 0 0 0
110	1	1 1 1 0 0 1 1 1 1 1 0 1 1 1 0 0 1 0 1 0 0 1 0 0 1 1 1 0 1 1 0 0 1 0 1 0 0 0 1 0 1 0 1 0 0 1 0 0 0 0
120	2	1 1 1 0 0 1 1 1 1 1 0 1 1 1 0 0 1 0 1 0 0 1 0 0 1 1 1 0 1 1 0 0 1 0 1 1 0 0 0 0 1 0 1 0 0 1 0 0 0 0
120	1	1 1 1 0 0 1 1 1 1 1 0 1 1 1 0 0 1 0 1 0 0 1 0 0 1 1 0 0 1 0 0 0 1 0 1 1 0 0 1 0 1 0 1 0 0 1 0 0 0 0
120	1	1 1 1 1 0 1 1 1 1 1 0 1 1 1 0 0 1 0 1 0 0 1 1 0 1 1 1 0 1 0 0 0 1 0 1 1 0 0 1 0 1 0 1 0 0 1 0 0 0 0
120	14	1 1 1 0 0 1 1 1 1 1 0 1 1 1 0 0 1 0 1 0 0 1 0 0 1 1 1 0 1 0 0 0 1 0 1 1 0 0 1 0 1 0 1 0 0 1 0 0 0 0
120	2	1 1 1 1 0 1 1 1 1 1 0 1 1 1 0 0 1 0 1 0 0 1 0 1 1 1 1 0 1 0 0 0 1 0 1 1 0 0 1 0 1 0 1 0 0 1 0 0 0 0
120	1	1 1 1 1 0 1 1 1 1 1 0 1 1 1 0 0 1 0 1 0 0 1 0 0 1 1 1 0 1 0 0 1 1 0 1 1 0 0 1 0 1 0 1 0 0 1 0 0 0 0
120	2	1 1 1 1 0 1 1 1 1 1 0 1 1 1 0 0 1 0 1 0 0 1 0 0 1 1 1 0 1 0 0 0 1 0 1 1 0 0 1 0 1 0 1 0 0 1 0 0 0 1
120	31	1 1 1 1 0 1 1 1 1 1 0 1 1 1 0 0 1 0 1 0 0 1 0 0 1 1 1 0 1 0 0 0 1 0 1 1 0 0 1 0 1 0 1 0 0 1 0 0 0 0
120	1	1 1 1 0 0 1 1 1 1 0 0 1 1 1 0 0 1 0 1 0 0 1 0 0 1 1 1 0 1 0 0 0 1 0 1 1 0 0 1 0 1 0 1 0 0 1 0 0 1 0
120	1	1 1 1 0 0 1 1 1 1 1 0 1 1 1 0 0 1 0 1 0 0 1 0 0 1 1 1 0 1 0 0 0 1 0 1 0 0 0 1 0 1 0 1 0 0 0 0 0 0 0
120	31	1 1 1 0 0 1 1 1 1 1 0 1 1 1 0 0 1 0 1 0 0 1 0 0 1 1 1 0 1 0 0 0 1 0 1 1 0 0 1 0 1 0 1 0 0 0 0 0 0 0
120	1	1 1 1 0 1 1 1 1 1 1 0 1 1 1 0 0 1 0 1 0 1 1 0 0 1 1 1 0 1 0 0 0 1 0 1 1 0 0 1 0 1 0 1 0 0 0 1 0 0 0
120	1	1 1 1 0 0 1 1 1 1 1 0 1 1 1 0 0 1 0 1 0 1 1 0 0 1 0 1 0 1 0 0 0 1 0 0 1 0 0 1 0 1 0 1 0 0 0 0 0 0 0
120	1	1 1 1 0 0 1 1 1 1 1 0 1 1 1 0 0 1 0 1 0 1 1 0 0 1 1 1 0 1 0 0 0 1 0 0 1 0 0 1 0 1 0 1 0 0 0 0 0 0 0
120	2	1 1 1 0 0 1 1 1 1 1 0 1 1 1 0 0 1 0 1 0 1 1 0 0 1 1 1 0 1 0 0 0 1 0 1 1 0 0 1 0 1 0 1 0 0 0 0 0 0 0
120	2	1 1 1 0 1 1 1 1 1 1 0 1 1 1 0 0 1 1 1 0 0 1 0 0 1 1 1 0 1 0 0 0 1 0 1 1 0 0 1 0 1 0 0 0 0 1 0 0 0 0
120	1	1 1 1 0 1 1 1 1 1 1 0 1 1 1 0 0 1 1 1 0 0 1 0 0 1 1 1 0 1 0 0 0 1 0 1 1 0 0 1 0 1 0 1 0 0 1 0 0 0 0
120	3	1 1 1 0 0 1 1 1 1 1 0 1 1 1 0 0 1 1 1 0 0 1 0 0 1 1 1 0 1 0 0 0 1 0 1 1 0 0 1 0 1 0 1 0 0 1 0 0 0 0
120	1	1 1 1 1 0 1 1 1 1 1 0 1 1 0 0 0 1 0 1 0 0 1 0 0 1 1 1 0 1 1 0 0 1 0 1 0 0 0 1 0 1 0 1 0 0 1 0 0 0 0
120	1	1 1 1 1 0 1 1 1 1 1 0 1 1 1 0 0 1 0 1 0 0 1 0 0 1 1 1 0 1 1 0 0 1 0 1 0 0 0 1 0 1 0 1 0 0 1 0 0 0 0
130	5	1 1 1 0 0 1 1 1 1 1 0 1 1 1 0 0 1 0 1 0 0 1 0 0 1 1 1 0 1 0 0 0 1 0 1 1 0 0 1 0 1 0 1 0 0 1 0 0 0 0
130	1	1 1 1 1 0 1 1 1 1 1 0 1 1 1 0 0 1 0 1 0 0 1 0 0 1 1 1 0 1 0 0 0 1 0 1 0 0 0 1 0 1 0 1 0 0 1 0 0 0 0
130	3	1 1 1 1 0 1 1 1 1 1 0 0 1 1 0 0 1 0 1 0 0 1 0 0 1 1 1 0 1 0 0 0 1 0 1 1 0 0 1 0 1 0 1 0 0 1 0 0 0 0
130	36	1 1 1 1 0 1 1 1 1 1 0 1 1 1 0 0 1 0 1 0 0 1 0 0 1 1 1 0 1 0 0 0 1 0 1 1 0 0 1 0 1 0 1 0 0 1 0 0 0 0
130	1	1 1 1 0 0 1 1 1 1 1 0 1 1 1 0 0 1 0 1 0 0 1 0 0 1 1 1 0 1 0 0 0 1 0 1 0 0 0 1 0 1 0 1 0 0 0 0 0 0 0
130	3	1 1 1 0 0 1 1 1 1 1 0 1 1 1 0 0 1 0 1 0 0 1 0 0 1 1 1 0 1 0 0 0 1 0 1 1 0 0 1 0 1 0 1 0 0 0 0 1 0 0
130	1	1 1 1 0 1 1 1 1 1 1 0 1 1 1 0 0 1 0 1 0 0 1 0 0 1 1 1 0 1 0 0 0 1 0 1 1 0 0 1 0 1 0 1 0 0 0 0 0 0 0
130	46	1 1 1 0 0 1 1 1 1 1 0 1 1 1 0 0 1 0 1 0 0 1 0 0 1 1 1 0 1 0 0 0 1 0 1 1 0 0 1 0 1 0 1 0 0 0 0 0 0 0
130	1	1 1 1 0 0 1 1 1 1 1 0 1 1 1 0 0 1 0 1 0 1 1 0 0 1 1 1 0 1 0 0 0 1 0 0 1 0 0 1 0 1 0 1 0 0 0 0 0 0 0
130	1	1 1 1 0 1 1 1 1 1 1 0 1 1 1 0 0 1 1 1 0 0 1 0 0 1 1 1 0 1 0 0 0 1 0 1 1 0 0 1 0 1 0 1 0 0 1 0 0 0 0
130	2	1 1 1 1 0 1 1 1 1 1 0 1 1 1 0 0 1 0 1 0 0 1 0 0 1 1 1 0 1 1 0 0 1 0 1 0 0 0 1 0 1 0 1 0 0 1 0 0 0 0
140	30	1 1 1 1 0 1 1 1 1 1 0 1 1 1 0 0 1 0 1 0 0 1 0 0 1 1 1 0 1 0 0 0 1 0 1 1 0 0 1 0 1 0 1 0 0 1 0 0 0 0
140	1	1 1 1 1 0 1 1 1 1 1 0 1 1 1 0 0 1 0 1 0 0 1 0 0 1 1 1 0 1 0 0 0 1 0 1 0 0 0 1 0 1 0 1 0 0 1 0 0 0 0
140	1	1 1 1 1 0 1 1 1 1 1 0 1 1 1 0 0 1 0 1 0 0 1 0 0 1 1 1 1 1 0 0 0 1 0 1 1 0 0 1 0 1 0 1 0 0 1 0 0 0 0
140	1	1 1 1 1 0 1 1 1 1 1 0 1 1 1 0 0 1 0 1 0 0 1 0 0 0 1 1 0 1 0 0 0 1 0 1 1 0 0 1 0 1 0 1 0 0 1 0 0 0 0
140	1	1 1 1 1 0 1 1 1 1 1 0 1 1 1 0 0 1 0 1 0 0 1 0 0 1 1 1 0 1 0 0 0 1 0 1 1 1 0 1 0 1 0 1 0 0 1 0 0 0 0
140	1	1 1 1 1 0 1 1 1 1 1 0 1 1 1 0 0 1 0 1 0 0 1 0 0 1 1 1 0 1 0 0 0 1 0 1 1 0 0 1 1 1 0 1 0 0 1 0 0 0 0
140	1	1 1 1 0 0 1 1 1 1 1 0 1 1 1 0 0 1 0 1 0 0 1 0 0 1 1 1 0 1 0 0 0 1 0 1 0 0 0 1 0 1 0 1 0 0 0 0 0 0 0
140	1	1 1 1 0 0 1 1 1 1 1 0 1 1 1 0 0 1 0 1 0 0 1 0 0 1 0 1 0 1 0 0 0 1 0 1 1 0 0 1 0 1 0 1 0 0 0 0 0 0 0
140	1	1 1 1 0 0 1 1 1 1 1 0 1 1 1 0 0 1 0 1 0 0 1 0 0 1 1 1 0 1 0 0 0 1 0 1 1 0 0 1 0 1 0 1 0 1 0 0 0 0 0
140	2	1 1 1 0 0 1 1 1 1 1 0 1 1 1 0 0 1 0 1 0 0 1 0 0 1 1 1 0 1 0 0 0 1 0 1 1 0 0 1 0 1 0 1 0 0 0 0 1 0 0
140	1	1 1 1 0 1 1 1 1 1 1 0 1 1 1 0 0 1 0 1 0 0 1 0 0 1 1 1 0 1 0 0 0 1 0 1 1 0 0 1 0 1 0 1 0 0 0 0 0 0 0
140	3	1 1 1 0 0 1 1 1 1 1 0 1 1 1 0 0 1 0 1 0 0 1 0 0 1 1 1 0 1 0 0 0 1 1 1 1 0 0 1 0 1 0 1 0 0 0 0 0 0 0
140	1	0 1 1 0 0 1 1 1 1 1 0 1 1 1 0 0 1 0 1 0 0 1 0 0 1 1 1 0 1 0 0 0 1 0 1 1 0 0 1 0 1 0 1 0 0 0 0 0 0 0
140	1	1 1 1 0 0 1 1 1 1 1 0 1 1 1 0 0 1 0 1 0 0 1 0 0 1 1 1 0 1 0 0 0 1 0 1 1 0 0 1 0 1 0 1 0 0 0 1 0 0 0
140	50	1 1 1 0 0 1 1 1 1 1 0 1 1 1 0 0 1 0 1 0 0 1 0 0 1 1 1 0 1 0 0 0 1 0 1 1 0 0 1 0 1 0 1 0 0 0 0 0 0 0
140	1	1 1 1 0 0 1 1 1 1 1 0 1 1 1 0 0 1 0 1 0 1 1 0 0 1 1 1 0 1 0 0 0 1 0 0 1 0 0 1 0 1 0 1 0 0 0 0 0 0 0
140	1	1 1 1 0 1 1 1 1 1 1 0 1 1 1 0 0 1 1 1 0 0 1 0 0 1 1 1 0 1 0 0 0 1 0 1 1 0 0 1 0 1 0 1 0 0 1 0 0 0 0
140	2	1 1 1 1 0 1 1 1 1 1 0 1 1 0 0 0 1 0 1 0 0 1 0 0 1 1 1 0 1 1 0 0 1 0 1 0 0 0 1 0 1 0 1 0 0 1 0 0 0 0
150	1	1 1 1 1 0 1 1 1 1 1 0 1 1 1 0 0 1 0 1 0 0 0 0 0 1 1 1 0 1 0 0 0 1 0 1 1 0 0 1 0 1 0 1 0 0 1 0 0 0 0
150	25	1 1 1 1 0 1 1 1 1 1 0 1 1 1 0 0 1 0 1 0 0 1 0 0 1 1 1 0 1 0 0 0 1 0 1 1 0 0 1 0 1 0 1 0 0 1 0 0 0 0
150	1	1 1 1 0 0 1 1 1 1 1 0 1 1 1 0 0 1 0 1 0 0 1 0 0 1 1 1 0 1 0 0 0 1 0 1 1 0 0 1 0 1 0 1 0 0 1 0 0 0 0
150	1	1 1 1 1 0 1 1 1 1 1 0 1 1 1 0 0 1 0 1 0 0 1 0 1 1 1 1 0 1 0 0 0 1 0 1 1 0 0 1 0 1 0 1 0 0 1 0 1 0 0
150	1	1 1 1 1 0 1 1 1 1 1 0 1 1 1 0 0 1 0 1 0 0 1 0 0 0 1 1 0 1 0 0 0 1 0 1 1 0 0 1 0 1 0 1 0 0 1 0 0 0 0
150	4	1 1 1 0 0 1 1 1 1 1 0 1 1 1 0 0 1 0 1 0 0 1 0 0 1 1 1 0 1 0 0 0 1 0 1 1 0 0 1 0 1 0 1 0 1 0 0 0 0 0
150	1	1 1 1 0 0 1 1 1 1 1 0 1 1 1 0 0 1 0 1 0 0 1 0 0 1 1 1 0 1 0 0 0 1 1 1 1 0 0 1 0 1 0 1 0 0 0 0 0 0 0
150	1	1 1 1 0 0 1 1 1 1 1 0 1 1 1 0 0 1 0 1 0 0 0 0 0 1 1 1 0 0 0 0 0 1 0 1 1 0 0 1 0 1 0 1 0 0 0 0 0 0 0
150	4	1 1 1 0 0 1 1 1 1 1 0 1 1 1 0 0 1 0 1 0 0 0 0 0 1 1 1 0 1 0 0 0 1 0 1 1 0 0 1 0 1 0 1 0 0 0 0 0 0 0
150	1	1 1 1 0 0 1 1 1 1 1 0 1 1 1 0 0 1 0 1 0 0 1 0 0 1 1 1 0 1 0 0 0 1 0 1 1 0 0 1 0 1 0 1 0 0 0 1 0 0 0
150	2	1 1 1 0 0 1 1 1 1 1 0 1 1 1 0 1 1 0 1 0 0 1 0 0 1 1 1 0 1 0 0 0 1 0 1 1 0 0 1 0 1 0 1 0 0 0 0 0 0 0
150	1	1 1 1 0 0 1 1 1 1 1 0 1 1 1 0 0 1 0 1 0 0 1 0 0 1 1 1 0 1 0 0 0 1 0 1 1 0 0 1 0 1 0 0 0 0 0 0 0 0 0
150	53	1 1 1 0 0 1 1 1 1 1 0 1 1 1 0 0 1 0 1 0 0 1 0 0 1 1 1 0 1 0 0 0 1 0 1 1 0 0 1 0 1 0 1 0 0 0 0 0 0 0
150	1	1 1 1 0 1 1 1 1 1 1 0 1 1 0 0 0 1 1 1 0 0 1 0 0 1 1 1 0 1 0 0 0 1 0 1 1 0 0 1 0 1 0 1 0 0 1 0 0 0 0
150	1	1 1 1 0 1 1 1 1 1 1 0 1 1 1 0 0 1 1 1 0 0 1 0 0 1 1 1 0 1 0 0 0 1 0 1 1 0 0 1 0 1 0 1 0 0 1 0 0 0 0
150	1	1 1 1 1 0 1 1 1 1 1 0 1 1 0 0 0 1 0 1 0 0 1 0 1 1 1 1 0 1 1 0 0 1 0 1 0 0 0 1 0 1 0 1 0 0 1 0 0 0 0
150	1	1 1 1 1 0 1 1 1 1 1 0 1 1 0 0 0 1 1 1 0 0 1 0 0 1 1 1 0 1 1 0 0 1 0 1 0 0 0 1 0 1 0 1 0 0 1 0 0 0 0
160	1	1 1 1 1 0 1 1 1 1 1 0 1 1 1 0 0 1 0 1 0 0 1 0 1 1 1 1 0 1 0 0 0 1 0 1 1 0 0 1 0 1 0 1 0 0 1 0 0 0 0
160	25	1 1 1 1 0 1 1 1 1 1 0 1 1 1 0 0 1 0 1 0 0 1 0 0 1 1 1 0 1 0 0 0 1 0 1 1 0 0 1 0 1 0 1 0 0 1 0 0 0 0
160	1	1 1 1 0 0 1 1 1 1 1 0 1 1 1 0 0 1 0 1 0 0 1 0 0 1 1 1 0 1 0 0 0 1 0 1 1 0 0 1 0 1 0 1 0 0 1 0 0 0 0
160	2	1 1 1 1 0 1 1 1 1 1 0 0 1 1 0 0 1 0 1 0 0 1 0 0 1 1 1 0 1 0 0 0 1 0 1 1 0 0 1 0 1 0 1 0 0 1 0 0 0 0
160	3	1 1 1 0 0 1 1 1 1 1 0 1 1 1 0 0 1 0 1 0 0 1 0 0 1 1 1 0 1 0 0 0 1 0 1 1 0 0 1 0 1 0 1 0 1 0 0 0 0 0
160	2	1 1 1 0 0 1 1 1 1 1 0 1 1 1 1 0 1 0 1 0 0 1 0 0 1 1 1 0 1 0 1 0 1 0 1 1 0 0 1 0 1 0 1 0 0 0 0 0 0 0
160	3	1 1 1 0 1 1 1 1 1 1 0 1 1 1 0 0 1 0 1 0 0 1 0 0 1 1 1 0 1 0 0 0 1 0 1 1 0 0 1 0 1 0 1 0 0 0 0 0 0 0
160	1	1 1 1 0 0 1 1 1 1 1 0 1 1 1 0 0 1 0 1 0 0 1 0 0 1 1 1 0 1 0 0 0 1 1 1 1 0 0 1 0 1 0 1 0 0 0 0 0 0 0
160	3	1 1 1 0 0 1 1 1 1 1 0 1 1 1 0 0 1 0 1 0 0 0 0 0 1 1 1 0 1 0 0 0 1 0 1 1 0 0 1 0 1 0 1 0 0 0 0 0 0 0
160	1	1 1 1 0 0 1 1 1 1 1 0 1 1 1 0 0 1 0 1 0 0 1 0 0 1 1 1 0 1 0 0 0 1 0 1 1 0 0 1 0 1 0 1 0 0 0 1 0 0 0
160	3	1 1 1 0 0 1 1 1 1 1 0 1 1 1 0 1 1 0 1 0 0 1 0 0 1 1 1 0 1 0 0 0 1 0 1 1 0 0 1 0 1 0 1 0 0 0 0 0 0 0
160	1	1 1 1 0 0 1 1 1 1 0 0 1 1 1 0 0 1 0 1 0 0 1 0 0 1 1 1 0 1 0 0 0 1 0 1 1 0 0 1 0 1 0 1 0 0 0 0 0 0 0
160	1	1 1 1 0 0 1 1 1 1 1 0 1 1 1 0 0 1 0 1 0 0 1 0 0 1 1 1 0 1 0 0 1 1 0 1 1 0 0 1 0 1 0 1 0 0 0 0 0 0 0
160	1	1 1 1 0 0 1 1 1 1 1 0 1 1 1 0 0 1 0 1 0 0 1 0 0 1 1 1 0 1 0 0 0 1 0 1 1 0 0 1 0 1 0 1 0 0 0 0 1 0 0
160	36	1 1 1 0 0 1 1 1 1 1 0 1 1 1 0 0 1 0 1 0 0 1 0 0 1 1 1 0 1 0 0 0 1 0 1 1 0 0 1 0 1 0 1 0 0 0 0 0 0 0
160	5	1 1 1 0 0 1 1 1 1 1 0 1 1 1 0 0 1 0 1 0 1 1 0 0 1 1 1 0 1 0 0 0 1 0 0 1 0 0 1 0 0 0 1 0 0 0 0 0 0 0
160	3	1 1 1 0 0 1 1 1 1 1 0 1 1 1 0 0 1 0 1 0 1 1 0 0 1 1 1 0 1 0 0 0 1 0 0 1 0 0 1 0 1 0 1 0 0 0 0 0 0 0
160	2	1 1 1 0 1 1 1 1 1 1 0 1 1 0 0 0 1 1 1 0 0 1 0 0 1 1 1 0 1 0 0 0 1 0 1 1 0 0 1 0 1 0 1 0 0 1 0 0 0 0
160	1	1 1 1 0 1 1 1 1 1 1 0 1 1 1 0 0 1 1 1 0 0 1 0 0 1 1 1 0 1 0 0 0 1 0 1 1 0 0 1 0 1 0 1 0 0 1 0 0 0 0
160	2	1 1 1 1 0 1 1 1 1 1 0 1 1 0 0 0 1 0 1 0 0 1 0 1 1 1 1 0 1 1 0 0 1 0 1 0 0 0 1 0 1 0 1 0 0 1 0 0 0 0
160	3	1 1 1 1 0 1 1 1 1 1 0 1 1 0 0 0 1 1 1 0 0 1 0 0 1 1 1 0 1 1 0 0 1 0 1 0 0 0 1 0 1 0 1 0 0 1 0 0 0 0
170	3	1 1 1 1 0 1 1 1 1 1 0 1 1 1 0 0 1 0 1 0 0 0 0 0 1 1 1 0 1 0 0 0 1 0 1 1 0 0 1 0 1 0 1 0 0 1 0 0 0 0
170	1	1 1 1 1 0 1 1 1 1 1 0 1 1 1 0 0 1 0 1 0 0 1 0 0 0 1 1 0 1 0 0 0 1 0 1 1 0 0 1 0 1 0 1 0 0 1 0 0 0 0
170	12	1 1 1 1 0 1 1 1 1 1 0 1 1 1 0 0 1 0 1 0 0 1 0 0 1 1 1 0 1 0 0 0 1 0 1 1 0 0 1 0 1 0 1 0 0 1 0 0 0 0
170	1	1 1 1 1 0 1 1 1 1 1 0 0 1 1 0 0 1 0 1 0 0 1 0 0 1 1 1 0 1 0 0 0 1 0 1 1 0 0 1 0 1 0 1 0 0 1 0 0 0 0
170	4	1 1 1 0 0 1 1 1 1 1 0 1 1 1 0 0 1 0 1 0 0 1 0 0 1 0 1 0 1 0 0 0 1 0 1 1 0 0 1 0 1 0 1 0 0 0 0 0 0 0
170	5	1 1 1 0 1 1 1 1 1 1 0 1 1 1 0 0 1 0 1 0 0 1 0 0 1 1 1 0 1 0 0 0 1 0 1 1 0 0 1 0 1 0 1 0 0 0 0 0 0 0
170	3	1 1 1 0 0 1 1 1 1 1 0 1 1 1 0 0 1 0 1 0 0 0 0 0 1 1 1 0 1 0 0 0 1 0 1 1 0 0 1 0 1 0 1 0 0 0 0 0 0 0
170	2	1 1 1 0 0 1 1 1 1 1 0 1 1 1 0 1 1 0 1 0 0 1 0 0 1 1 1 0 1 0 0 0 1 0 1 1 0 0 1 0 1 0 1 0 0 0 0 0 0 0
170	2	1 1 1 0 0 1 1 1 1 0 0 1 1 1 0 0 1 0 1 0 0 1 0 0 1 1 1 0 1 0 0 0 1 0 1 1 0 0 1 0 1 0 1 0 0 0 0 0 0 0
170	1	1 1 1 0 0 1 1 1 1 1 0 1 1 1 0 0 1 0 1 1 0 1 0 0 1 1 1 0 1 0 0 0 1 0 1 1 0 0 1 0 1 0 1 0 0 0 0 0 0 0
170	1	1 1 1 0 0 1 1 1 1 1 0 1 1 1 0 0 1 0 1 0 0 1 0 0 1 1 1 0 1 0 0 0 1 0 1 1 0 0 1 0 1 0 1 0 0 0 0 0 0 1
170	1	1 1 1 0 0 1 0 1 1 1 0 1 1 1 0 0 1 0 1 0 0 1 0 0 1 1 1 0 1 0 0 0 1 0 1 1 0 0 1 0 1 0 1 0 0 0 0 0 0 0
170	43	1 1 1 0 0 1 1 1 1 1 0 1 1 1 0 0 1 0 1 0 0 1 0 0 1 1 1 0 1 0 0 0 1 0 1 1 0 0 1 0 1 0 1 0 0 0 0 0 0 0
170	3	1 1 1 0 0 1 1 1 1 1 0 1 1 1 0 0 1 0 1 0 1 1 0 0 1 1 1 0 1 0 0 0 1 0 0 1 0 0 1 0 0 0 1 0 0 0 0 0 0 0
170	5	1 1 1 0 0 1 1 1 1 1 0 1 1 1 0 0 1 0 1 0 1 1 0 0 1 1 1 0 1 0 0 0 1 0 0 1 0 0 1 0 1 0 1 0 0 0 0 0 0 0
170	6	1 1 1 0 1 1 1 1 1 1 0 1 1 0 0 0 1 1 1 0 0 1 0 0 1 1 1 0 1 0 0 0 1 0 1 1 0 0 1 0 1 0 1 0 0 1 0 0 0 0
170	7	1 1 1 1 0 1 1 1 1 1 0 1 1 0 0 0 1 0 1 0 0 1 0 1 1 1 1 0 1 1 0 0 1 0 1 0 0 0 1 0 1 0 1 0 0 1 0 0 0 0
180	8	1 1 1 1 0 1 1 1 1 1 0 1 1 1 0 0 1 0 1 0 0 1 0 0 1 1 1 0 1 0 0 0 1 0 1 1 0 0 1 0 1 0 1 0 0 1 0 0 0 0
180	5	1 1 1 0 0 1 1 1 1 1 0 1 1 1 0 0 1 0 1 0 0 1 0 0 1 0 1 0 1 0 0 0 1 0 1 1 0 0 1 0 1 0 1 0 0 0 0 0 0 0
180	1	1 1 1 0 1 1 1 1 1 1 0 0 1 1 0 0 1 0 1 0 0 1 0 0 1 1 1 0 1 0 0 0 1 0 1 1 0 0 1 0 1 0 1 0 0 0 0 0 0 0
180	42	1 1 1 0 0 1 1 1 1 1 0 1 1 1 0 0 1 0 1 0 0 1 0 0 1 1 1 0 1 0 0 0 1 0 1 1 0 0 1 0 1 0 1 0 0 0 0 0 0 0
180	1	1 1 1 0 1 1 1 1 1 1 0 1 1 1 0 0 1 0 0 0 0 1 0 0 1 1 1 0 1 0 0 0 1 0 1 1 0 0 1 0 1 0 1 0 0 0 0 0 0 0
180	3	1 1 1 0 1 1 1 1 1 1 0 1 1 1 0 0 1 0 1 0 0 1 0 0 1 1 1 0 1 0 0 0 1 0 1 0 0 0 1 0 1 0 1 0 0 0 0 0 0 0
180	11	1 1 1 0 1 1 1 1 1 1 0 1 1 1 0 0 1 0 1 0 0 1 0 0 1 1 1 0 1 0 0 0 1 0 1 1 0 0 1 0 1 0 1 0 0 0 0 0 0 0
180	1	1 1 1 0 0 1 1 1 1 1 0 1 1 1 0 1 1 0 1 0 0 1 0 0 1 1 1 0 1 0 0 0 1 1 1 1 0 0 1 0 1 0 0 0 0 0 0 0 0 0
180	4	1 1 1 0 0 1 1 1 1 1 0 1 1 1 0 1 1 0 1 0 0 1 0 0 1 1 1 0 1 0 0 0 1 0 1 1 0 0 1 0 1 0 0 0 0 0 0 0 0 0
180	1	1 1 1 0 0 1 1 0 1 1 0 1 1 1 0 1 1 0 1 0 0 1 0 0 1 1 1 0 1 0 0 0 1 0 1 1 0 0 1 0 1 0 1 0 0 0 0 0 0 0
180	1	1 1 1 0 0 1 1 1 1 1 0 1 1 1 0 1 1 0 1 0 0 1 0 0 1 1 1 0 1 0 0 0 1 0 1 1 0 0 1 0 1 0 1 0 0 0 0 0 0 0
180	1	1 1 1 0 0 1 1 1 1 1 0 1 1 1 0 0 1 0 1 0 0 1 0 0 1 1 1 0 1 0 0 0 1 0 1 1 0 0 1 0 0 0 1 0 0 0 0 0 0 0
180	1	1 1 1 0 0 1 0 0 1 1 0 1 1 1 0 0 1 0 1 0 0 1 0 0 1 1 1 0 1 0 0 0 1 0 1 1 0 0 1 0 1 0 1 0 0 0 0 0 0 0
180	1	1 1 1 0 0 1 1 1 1 1 0 1 1 1 0 0 1 0 1 0 0 1 0 0 1 1 1 0 1 0 0 1 1 0 1 1 0 0 1 0 1 0 1 0 0 0 0 0 0 0
180	8	1 1 1 0 0 1 1 1 1 1 0 1 1 1 0 0 1 0 1 0 1 1 0 0 1 1 1 0 1 0 0 0 1 0 0 1 0 0 1 0 0 0 1 0 0 0 0 0 0 0
180	1	1 1 1 0 0 1 1 1 1 1 0 1 1 1 0 0 1 0 1 0 1 1 0 0 1 1 1 0 1 0 0 0 1 0 0 1 0 0 1 0 1 0 1 0 0 0 0 0 0 0
180	3	1 1 1 0 1 1 1 1 1 1 0 1 1 0 0 0 1 1 1 0 0 1 0 0 1 1 1 0 1 0 0 0 1 0 1 1 0 0 1 0 1 0 1 0 0 1 0 0 0 0
180	6	1 1 1 1 0 1 1 1 1 1 0 1 1 0 0 0 1 0 1 0 0 1 0 1 1 1 1 0 1 1 0 0 1 0 1 0 0 0 1 0 1 0 1 0 0 1 0 0 0 0
180	1	1 1 1 1 0 1 1 1 1 1 0 1 1 0 0 0 1 1 1 0 0 1 0 0 1 1 1 0 1 1 0 0 1 0 1 0 0 0 1 0 1 0 1 0 0 1 0 0 0 0
190	1	1 1 1 1 0 1 1 1 1 1 1 1 1 1 0 0 1 0 1 0 0 1 0 0 1 1 1 0 1 0 0 0 1 0 1 1 0 0 1 0 1 0 1 0 0 1 0 0 0 0
190	5	1 1 1 1 0 1 1 1 1 1 0 1 1 1 0 0 1 0 1 0 0 1 0 0 1 1 1 0 1 0 0 0 1 0 1 1 0 0 1 0 1 0 1 0 0 1 0 0 0 0
190	1	1 1 1 0 0 1 1 1 1 1 0 1 1 1 0 0 1 0 1 0 0 1 0 0 1 0 1 0 1 0 0 0 1 0 1 1 0 0 1 0 1 0 1 0 0 1 0 0 0 0
190	2	1 1 1 0 0 1 1 1 1 1 0 1 1 1 0 0 1 0 1 0 0 1 0 0 1 0 1 0 1 0 0 0 1 0 1 1 0 0 1 0 1 0 1 0 0 0 0 0 0 0
190	3	1 1 1 0 0 1 1 1 1 1 0 1 1 1 1 0 1 0 1 0 0 1 0 0 1 1 1 0 1 0 1 0 1 0 1 1 0 0 1 0 1 0 1 0 0 0 0 0 0 0
190	2	1 1 1 0 1 1 1 1 1 1 0 0 1 1 0 0 1 0 1 0 0 1 0 0 1 1 1 0 1 0 0 0 1 0 1 1 0 0 1 0 1 0 1 0 0 0 0 0 0 0
190	2	1 1 1 0 0 1 1 1 1 1 0 1 1 1 0 0 1 0 1 0 0 1 0 0 1 1 1 0 1 0 0 0 0 0 1 1 1 0 1 0 1 0 1 0 0 0 0 0 0 0
190	1	1 1 1 0 0 1 1 1 1 1 0 1 1 1 0 0 1 0 0 0 0 1 0 0 1 1 1 0 1 0 0 0 1 0 1 1 0 0 1 0 1 0 1 0 0 0 0 0 0 0
190	45	1 1 1 0 0 1 1 1 1 1 0 1 1 1 0 0 1 0 1 0 0 1 0 0 1 1 1 0 1 0 0 0 1 0 1 1 0 0 1 0 1 0 1 0 0 0 0 0 0 0
190	14	1 1 1 0 1 1 1 1 1 1 0 1 1 1 0 0 1 0 1 0 0 1 0 0 1 1 1 0 1 0 0 0 1 0 1 1 0 0 1 0 1 0 1 0 0 0 0 0 0 0
190	1	1 1 1 0 0 1 1 1 1 1 0 1 1 1 0 1 1 0 1 0 0 1 0 0 1 1 1 0 1 0 0 0 1 1 1 1 0 0 1 0 1 0 0 0 0 0 0 0 0 0
190	3	1 1 1 0 0 1 1 1 1 1 0 1 1 1 0 1 1 0 1 0 0 1 0 0 1 1 1 0 1 0 0 0 1 0 1 1 0 0 1 0 1 0 0 0 0 0 0 0 0 0
190	3	1 1 1 0 0 1 1 0 1 1 0 1 1 1 0 1 1 0 1 0 0 1 0 0 1 1 1 0 1 0 0 0 1 0 1 1 0 0 1 0 1 0 1 0 0 0 0 0 0 0
190	1	1 1 1 0 0 1 1 1 1 1 0 1 1 1 0 1 1 0 1 0 0 1 0 0 1 1 1 0 1 0 0 0 1 0 1 1 0 0 1 0 1 0 1 0 0 0 0 0 0 0
190	1	1 1 1 0 0 1 1 1 1 1 0 1 1 1 0 0 1 0 1 0 1 1 0 0 1 1 1 0 1 0 0 0 0 0 0 1 0 0 1 0 0 0 1 0 0 0 0 0 0 0
190	1	1 1 1 0 0 1 1 1 1 1 0 1 1 1 0 0 1 0 1 0 1 1 0 0 1 1 1 0 1 0 0 0 1 0 0 1 0 0 1 0 0 0 1 0 0 0 0 1 0 0
190	8	1 1 1 0 0 1 1 1 1 1 0 1 1 1 0 0 1 0 1 0 1 1 0 0 1 1 1 0 1 0 0 0 1 0 0 1 0 0 1 0 0 0 1 0 0 0 0 0 0 0
190	3	1 1 1 0 1 1 1 1 1 1 0 1 1 0 0 0 1 1 1 0 0 1 0 0 1 1 1 0 1 0 0 0 1 0 1 1 0 0 1 0 1 0 1 0 0 1 0 0 0 0
190	2	1 1 1 1 0 1 1 1 1 1 0 1 1 0 0 0 1 0 1 0 0 1 0 1 1 1 1 0 1 1 0 0 1 0 1 0 0 0 1 0 1 0 1 0 0 1 0 0 0 0
190	1	1 1 1 1 0 1 1 1 1 1 0 1 1 0 0 0 1 1 1 0 0 1 0 0 1 1 1 0 1 1 0 0 1 0 1 0 0 0 1 0 1 0 1 0 0 1 0 0 0 0
200	1	1 1 1 1 0 0 1 1 1 1 0 1 1 1 0 0 1 0 1 0 0 1 0 0 1 1 1 0 1 0 0 0 1 0 1 1 0 0 1 0 1 0 1 0 0 1 0 0 0 0
200	11	1 1 1 1 0 1 1 1 1 1 0 1 1 1 0 0 1 0 1 0 0 1 0 0 1 1 1 0 1 0 0 0 1 0 1 1 0 0 1 0 1 0 1 0 0 1 0 0 0 0
200	3	1 1 1 0 0 1 1 1 1 1 0 1 1 1 0 0 1 0 1 0 0 1 0 0 1 0 1 0 1 0 0 0 1 0 1 1 0 0 1 0 1 0 1 0 0 0 0 0 0 0
200	2	1 1 1 0 0 1 1 1 1 1 0 1 1 1 1 0 1 0 1 0 0 1 0 0 1 1 1 0 1 0 1 0 1 0 1 1 0 0 1 0 1 0 1 0 0 0 0 0 0 0
200	8	1 1 1 0 1 1 1 1 1 1 0 0 1 1 0 0 1 0 1 0 0 1 0 0 1 1 1 0 1 0 0 0 1 0 1 1 0 0 1 0 1 0 1 0 0 0 0 0 0 0
200	3	1 1 1 0 0 1 1 1 1 1 0 1 1 1 0 0 1 0 1 0 0 1 0 0 1 1 1 0 1 0 0 0 0 0 1 1 1 0 1 0 1 0 1 0 0 0 0 0 0 0
200	1	1 1 1 0 0 0 1 1 1 1 0 1 1 1 0 0 1 0 1 0 0 1 0 0 1 1 1 0 1 0 0 0 1 0 1 1 0 0 1 0 1 0 1 0 0 0 0 0 0 0
200	1	1 1 1 0 0 1 1 1 1 1 0 1 1 1 0 1 1 0 1 0 0 1 0 0 1 1 1 0 1 0 0 0 1 0 1 1 0 0 1 0 1 0 1 0 0 0 0 0 0 0
200	21	1 1 1 0 0 1 1 1 1 1 0 1 1 1 0 0 1 0 1 0 0 1 0 0 1 1 1 0 1 0 0 0 1 0 1 1 0 0 1 0 1 0 1 0 0 0 0 0 0 0
200	1	1 1 1 0 1 1 1 1 1 1 0 1 1 1 0 0 1 0 1 0 0 1 0 0 1 1 1 0 1 0 0 0 1 0 1 1 0 0 1 1 1 1 1 0 0 0 0 0 0 0
200	2	1 1 1 0 1 1 1 1 1 1 0 1 1 1 0 0 1 0 1 0 0 1 0 0 1 1 1 0 1 0 0 0 1 0 1 1 0 0 1 1 1 0 1 0 0 0 0 0 0 0
200	1	1 1 1 0 1 1 1 1 1 1 0 1 1 1 0 0 1 0 1 0 0 1 0 0 1 1 1 0 1 0 0 0 1 0 1 1 0 0 1 0 1 1 1 0 0 0 0 0 0 0
200	1	1 1 1 0 1 1 1 1 1 1 0 1 1 1 0 0 1 0 1 0 0 1 0 0 1 1 1 0 1 0 0 0 1 0 0 1 0 0 1 0 1 0 1 0 0 0 0 0 0 0
200	16	1 1 1 0 1 1 1 1 1 1 0 1 1 1 0 0 1 0 1 0 0 1 0 0 1 1 1 0 1 0 0 0 1 0 1 1 0 0 1 0 1 0 1 0 0 0 0 0 0 0
200	1	1 1 1 0 0 1 1 1 1 1 0 1 1 1 0 1 1 0 1 0 0 1 0 0 1 1 1 0 1 0 0 0 1 1 1 1 0 0 1 0 1 0 0 0 0 0 0 0 0 0
200	5	1 1 1 0 0 1 1 1 1 1 0 1 1 1 0 1 1 0 1 0 0 1 0 0 1 1 1 0 1 0 0 0 1 0 1 1 0 0 1 0 1 0 0 0 0 0 0 0 0 0
200	1	1 1 1 0 0 1 1 0 1 1 0 1 1 1 0 1 1 0 1 0 0 1 0 0 1 1 1 0 1 0 0 0 1 0 1 1 0 0 1 0 1 0 1 0 0 0 0 0 0 0
200	15	1 1 1 0 0 1 1 1 1 1 0 1 1 1 0 0 1 0 1 0 1 1 0 0 1 1 1 0 1 0 0 0 1 0 0 1 0 0 1 0 0 0 1 0 0 0 0 0 0 0
200	4	1 1 1 0 1 1 1 1 1 1 0 1 1 0 0 0 1 1 1 0 0 1 0 0 1 1 1 0 1 0 0 0 1 0 1 1 0 0 1 0 1 0 1 0 0 1 0 0 0 0
200	2	1 1 1 1 0 1 1 1 1 1 0 1 1 0 0 0 1 0 1 0 0 1 0 1 1 1 1 0 1 1 0 0 1 0 1 0 0 0 1 0 1 0 1 0 0 1 0 0 0 0
210	6	1 1 1 1 0 1 1 1 1 1 0 1 1 1 0 0 1 0 1 0 0 1 0 0 1 1 1 0 1 0 0 0 1 0 1 1 0 0 1 0 1 0 1 0 0 1 0 0 0 0
210	2	1 1 1 0 0 1 1 1 1 1 0 1 1 1 0 0 1 0 1 0 0 1 0 0 1 0 1 0 1 0 0 0 1 0 1 1 0 0 1 0 1 0 1 0 0 0 0 0 0 0
210	13	1 1 1 0 1 1 1 1 1 1 0 0 1 1 0 0 1 0 1 0 0 1 0 0 1 1 1 0 1 0 0 0 1 0 1 1 0 0 1 0 1 0 1 0 0 0 0 0 0 0
210	2	1 1 0 0 0 1 1 1 1 1 0 1 1 1 0 0 1 0 1 0 0 1 0 0 1 1 1 0 1 0 0 0 1 0 1 1 0 0 1 0 1 0 1 0 0 0 0 0 0 0
210	13	1 1 1 0 0 1 1 1 1 1 0 1 1 1 0 0 1 0 1 0 0 1 0 0 1 1 1 0 1 0 0 0 1 0 1 1 0 0 1 0 1 0 1 0 0 0 0 0 0 0
210	5	1 1 1 0 1 1 1 1 1 1 0 1 1 1 0 0 1 0 1 0 0 1 0 0 1 1 1 0 1 0 0 0 1 0 1 1 0 0 1 1 1 0 1 0 0 0 0 0 0 0
210	1	1 1 1 0 1 1 1 1 1 1 0 1 1 1 0 0 1 0 1 0 0 1 0 0 1 1 1 0 1 0 0 0 1 0 0 1 0 0 1 0 1 0 1 0 0 0 0 0 0 0
210	1	1 1 1 0 1 1 1 1 1 1 0 1 1 1 0 0 1 0 1 0 0 1 0 0 1 1 1 0 1 0 0 0 1 1 1 1 0 0 1 0 1 0 1 0 0 0 0 0 0 0
210	31	1 1 1 0 1 1 1 1 1 1 0 1 1 1 0 0 1 0 1 0 0 1 0 0 1 1 1 0 1 0 0 0 1 0 1 1 0 0 1 0 1 0 1 0 0 0 0 0 0 0
210	4	1 1 1 0 0 1 1 1 1 1 0 1 1 1 0 1 1 0 1 0 0 1 0 0 1 1 1 0 1 0 0 0 1 0 1 1 0 0 1 0 1 0 0 0 0 0 0 0 0 0
210	2	1 1 1 0 0 1 1 1 1 1 0 1 1 1 1 0 1 0 1 0 1 1 0 0 1 1 1 0 1 0 0 0 1 0 0 1 0 0 1 0 0 0 1 0 0 0 0 0 0 0
210	19	1 1 1 0 0 1 1 1 1 1 0 1 1 1 0 0 1 0 1 0 1 1 0 0 1 1 1 0 1 0 0 0 1 0 0 1 0 0 1 0 0 0 1 0 0 0 0 0 0 0
210	1	1 1 1 0 1 1 1 1 1 1 0 1 1 0 0 0 1 1 1 0 0 1 0 0 1 1 1 0 1 0 0 0 1 0 1 1 0 0 1 0 1 0 1 0 0 0 0 0 0 0
220	1	1 1 1 1 0 1 1 1 1 1 0 1 1 1 0 0 1 0 1 0 0 1 0 0 1 1 1 0 1 0 0 0 1 0 1 1 0 0 1 0 1 0 1 0 0 1 0 0 0 0
220	4	1 1 1 0 0 1 1 1 1 1 0 1 1 1 0 0 1 0 1 0 0 1 0 0 1 0 1 0 1 0 0 0 1 0 1 1 0 0 1 0 1 0 1 0 0 0 0 0 0 0
220	1	1 1 1 0 0 1 1 1 1 1 0 1 1 1 1 0 1 0 1 0 0 1 1 0 1 1 1 0 1 0 1 1 1 0 1 1 0 0 1 0 1 0 1 0 0 0 0 0 0 0
220	2	1 1 1 0 1 1 1 1 1 1 0 0 1 1 0 0 1 0 1 0 0 1 0 1 1 1 1 0 1 0 0 0 1 0 1 1 0 0 1 0 1 0 1 0 0 0 0 0 0 0
220	21	1 1 1 0 1 1 1 1 1 1 0 0 1 1 0 0 1 0 1 0 0 1 0 0 1 1 1 0 1 0 0 0 1 0 1 1 0 0 1 0 1 0 1 0 0 0 0 0 0 0
220	1	1 1 1 0 0 1 1 0 1 1 0 1 1 1 0 0 1 0 1 0 0 1 0 0 1 1 1 0 1 0 0 0 1 0 1 1 0 0 1 0 1 0 1 0 0 0 0 0 0 0
220	9	1 1 1 0 0 1 1 1 1 1 0 1 1 1 0 0 1 0 1 0 0 1 0 0 1 1 1 0 1 0 0 0 1 0 1 1 0 0 1 0 1 0 1 0 0 0 0 0 0 0
220	5	1 1 1 0 1 1 1 1 1 1 0 1 1 1 0 0 1 0 1 0 0 1 0 0 1 1 1 0 1 0 0 0 1 0 1 1 0 0 1 1 1 0 1 0 0 0 0 0 0 0
220	4	1 1 1 0 1 1 1 1 1 1 0 1 1 1 0 0 1 0 1 0 0 1 0 0 1 1 1 0 1 0 1 0 1 0 1 1 0 0 1 0 1 0 1 0 0 0 0 0 0 0
220	31	1 1 1 0 1 1 1 1 1 1 0 1 1 1 0 0 1 0 1 0 0 1 0 0 1 1 1 0 1 0 0 0 1 0 1 1 0 0 1 0 1 0 1 0 0 0 0 0 0 0
220	1	1 1 1 0 0 1 1 1 1 1 0 1 1 1 0 1 1 0 1 0 0 1 0 0 1 1 1 0 1 0 0 0 1 1 1 1 0 0 1 0 1 0 0 0 0 0 0 0 0 0
220	1	1 1 1 0 0 1 1 1 1 1 0 1 1 1 0 1 1 0 1 0 1 1 0 0 1 1 1 0 1 0 0 0 0 0 1 1 0 0 1 0 1 0 0 0 0 0 0 0 0 0
220	2	1 1 1 0 0 1 1 1 1 1 0 1 1 1 0 1 1 0 1 0 0 1 0 0 1 1 1 0 1 0 0 0 1 0 1 1 0 0 1 0 1 0 0 0 0 0 0 0 0 0
220	16	1 1 1 0 0 1 1 1 1 1 0 1 1 1 0 0 1 0 1 0 1 1 0 0 1 1 1 0 1 0 0 0 1 0 0 1 0 0 1 0 0 0 1 0 0 0 0 0 0 0
220	1	1 1 1 0 1 1 1 1 1 1 0 1 1 0 0 0 1 1 1 0 0 1 0 0 1 1 1 0 1 0 0 0 1 0 1 1 0 0 1 0 1 0 1 0 0 1 0 0 0 0
230	1	1 1 1 1 0 1 1 1 1 1 0 1 1 1 0 0 1 0 1 0 0 1 0 0 1 1 1 0 1 0 0 0 1 0 1 1 0 0 1 0 1 0 1 0 0 0 0 0 0 0
230	1	1 1 1 1 0 1 1 1 1 1 0 1 1 1 0 0 1 0 1 0 0 1 0 0 1 1 1 0 1 0 0 0 1 0 1 1 0 0 1 0 1 0 1 0 0 1 0 0 0 0
230	2	1 1 1 0 0 1 1 1 1 1 0 1 1 1 0 0 1 0 1 0 0 1 0 0 1 0 1 0 1 0 0 0 1 0 1 1 0 0 1 0 1 0 1 0 0 0 0 0 0 0
230	1	1 1 1 0 1 1 0 1 1 1 0 0 1 1 0 0 1 0 1 0 0 1 0 1 1 1 1 0 1 0 0 0 1 0 1 1 0 0 1 0 1 0 1 0 0 0 0 0 0 0
230	1	1 1 1 0 1 1 0 1 1 1 0 0 1 1 0 0 1 0 1 0 0 1 0 0 1 1 1 0 1 0 0 0 1 0 1 1 0 0 1 0 1 0 1 0 0 0 0 0 0 0
230	8	1 1 1 0 1 1 1 1 1 1 0 0 1 1 0 0 1 0 1 0 0 1 0 1 1 1 1 0 1 0 0 0 1 0 1 1 0 0 1 0 1 0 1 0 0 0 0 0 0 0
230	15	1 1 1 0 1 1 1 1 1 1 0 0 1 1 0 0 1 0 1 0 0 1 0 0 1 1 1 0 1 0 0 0 1 0 1 1 0 0 1 0 1 0 1 0 0 0 0 0 0 0
230	18	1 1 1 0 1 1 1 1 1 1 0 1 1 1 0 0 1 0 1 0 0 1 0 0 1 1 1 0 1 0 0 0 1 0 1 1 0 0 1 0 1 0 1 0 0 0 0 0 0 0
230	9	1 1 1 0 0 1 1 1 1 1 0 1 1 1 0 0 1 0 1 0 0 1 0 0 1 1 1 0 1 0 0 0 1 0 1 1 0 0 1 0 1 0 1 0 0 0 0 0 0 0
230	6	1 1 1 0 1 1 1 1 1 1 0 1 1 1 0 0 1 0 1 0 0 1 0 0 1 1 1 0 1 0 0 0 1 0 1 1 0 0 1 1 1 0 1 0 0 0 0 0 0 0
230	1	1 1 1 0 1 1 1 1 1 1 0 1 1 1 0 0 1 0 1 0 0 1 0 0 1 1 1 0 1 0 1 0 1 0 1 1 0 0 1 0 1 0 1 1 0 0 0 0 0 0
230	4	1 1 1 0 1 1 1 1 1 1 0 1 1 1 0 0 1 0 1 0 0 1 0 0 1 1 1 0 1 0 1 0 1 0 1 1 0 0 1 0 1 0 1 0 0 0 0 0 0 0
230	1	1 1 0 0 1 1 1 1 1 1 0 1 1 1 0 0 1 0 1 0 0 1 0 0 1 1 1 0 1 0 0 0 1 0 1 1 0 0 1 0 1 0 1 0 0 0 0 0 0 0
230	1	1 1 1 0 0 1 1 1 1 1 0 1 1 1 0 1 1 0 1 0 1 1 0 0 1 1 1 0 1 0 0 0 0 0 1 1 0 0 1 0 1 0 0 0 0 0 0 0 0 0
230	1	1 1 1 0 0 1 1 1 1 1 0 1 1 1 0 1 1 0 1 0 1 1 0 0 1 1 1 0 1 0 0 0 1 0 1 1 0 0 1 0 1 0 0 0 0 0 0 0 0 0
230	1	1 1 1 0 0 1 1 1 1 1 0 1 1 1 0 1 1 0 1 0 0 1 0 0 1 1 1 0 1 0 0 0 1 1 1 1 0 0 1 0 1 0 0 0 0 0 0 0 0 0
230	4	1 1 1 0 0 1 1 1 1 1 0 1 1 1 0 1 1 0 1 0 0 1 0 0 1 1 1 0 1 0 0 0 1 0 1 1 0 0 1 0 1 0 0 0 0 0 0 0 0 0
230	25	1 1 1 0 0 1 1 1 1 1 0 1 1 1 0 0 1 0 1 0 1 1 0 0 1 1 1 0 1 0 0 0 1 0 0 1 0 0 1 0 0 0 1 0 0 0 0 0 0 0
240	1	1 1 1 1 0 1 1 1 1 1 0 1 1 1 0 0 1 0 1 0 0 1 0 0 1 1 1 0 1 0 0 0 1 0 1 1 0 0 1 0 1 0 1 0 0 0 0 0 0 0
240	1	1 1 1 1 0 1 1 1 1 1 0 1 1 1 0 0 1 0 1 0 0 1 0 0 0 1 1 0 1 0 0 0 1 0 1 1 0 0 1 0 1 0 1 0 0 1 0 0 0 0
240	4	1 1 1 1 0 1 1 1 1 1 0 1 1 1 0 0 1 0 1 0 0 1 0 0 1 1 1 0 1 0 0 0 1 0 1 1 0 0 1 0 1 0 1 0 0 1 0 0 0 0
240	1	1 1 1 0 1 1 0 1 1 1 0 0 1 1 0 0 1 0 1 0 0 1 0 0 1 1 1 0 1 0 0 0 1 0 1 1 0 0 1 0 1 0 1 0 0 0 0 0 0 0
240	14	1 1 1 0 1 1 1 1 1 1 0 0 1 1 0 0 1 0 1 0 0 1 0 1 1 1 1 0 1 0 0 0 1 0 1 1 0 0 1 0 1 0 1 0 0 0 0 0 0 0
240	11	1 1 1 0 1 1 1 1 1 1 0 0 1 1 0 0 1 0 1 0 0 1 0 0 1 1 1 0 1 0 0 0 1 0 1 1 0 0 1 0 1 0 1 0 0 0 0 0 0 0
240	1	1 1 1 0 1 1 1 1 1 1 0 1 1 1 0 0 1 0 1 0 0 1 0 0 1 1 1 0 1 1 0 0 1 0 1 1 0 0 1 0 1 0 1 0 0 0 0 0 0 0
240	5	1 1 1 0 1 1 1 1 1 1 0 1 1 1 0 0 1 0 1 0 0 1 0 0 1 1 1 0 1 0 1 0 1 0 1 1 0 0 1 0 1 0 1 0 0 0 0 0 0 0
240	1	1 1 0 0 1 1 1 1 1 1 0 1 1 1 0 0 1 0 1 0 0 1 0 0 1 1 1 0 1 0 0 0 1 0 1 1 0 0 1 0 1 0 1 0 0 0 0 0 0 0
240	22	1 1 1 0 1 1 1 1 1 1 0 1 1 1 0 0 1 0 1 0 0 1 0 0 1 1 1 0 1 0 0 0 1 0 1 1 0 0 1 0 1 0 1 0 0 0 0 0 0 0
240	2	1 1 1 0 0 1 1 1 1 1 0 1 1 1 0 0 1 0 1 0 0 1 0 0 1 1 1 0 1 0 0 0 1 0 1 1 0 0 1 0 1 0 1 0 0 0 0 0 1 0
240	4	1 1 1 0 0 1 1 1 1 1 0 1 1 1 0 0 1 0 1 0 0 1 0 0 1 1 1 0 1 0 0 0 1 0 1 1 0 0 1 0 1 0 1 0 0 0 0 0 0 0
240	4	1 1 1 0 1 1 1 1 1 1 0 1 1 1 0 0 1 0 1 0 0 1 0 0 1 1 1 0 1 0 0 0 1 0 1 1 0 0 1 1 1 0 1 0 0 0 0 0 0 0
240	1	1 1 1 0 1 1 1 1 1 1 0 1 1 1 0 0 1 0 1 0 0 1 0 0 1 1 1 0 1 0 1 0 1 0 1 1 0 0 1 0 1 0 1 1 0 0 0 0 0 0
240	2	1 1 1 0 0 1 1 1 1 1 0 1 1 1 0 1 1 0 1 0 1 1 0 0 1 1 1 0 1 0 0 0 0 0 1 1 0 0 1 0 1 0 0 0 0 0 0 0 0 0
240	3	1 1 1 0 0 1 1 1 1 1 0 1 1 1 0 1 1 0 1 0 0 1 0 0 1 1 1 0 1 0 0 0 1 0 1 1 0 0 1 0 1 0 0 0 0 0 0 0 0 0
240	1	1 1 1 1 0 1 1 1 1 1 0 1 1 1 0 0 1 0 1 0 1 1 0 0 0 1 1 0 1 0 0 0 1 0 0 1 0 0 1 0 0 0 1 0 0 0 0 0 0 0
240	22	1 1 1 0 0 1 1 1 1 1 0 1 1 1 0 0 1 0 1 0 1 1 0 0 1 1 1 0 1 0 0 0 1 0 0 1 0 0 1 0 0 0 1 0 0 0 0 0 0 0
250	2	1 1 1 1 0 1 1 1 1 1 0 1 1 1 0 0 1 0 1 0 0 1 0 0 1 1 1 0 1 0 0 0 1 0 1 1 0 0 1 0 1 0 1 0 0 1 0 0 0 0
250	1	1 1 1 0 0 1 1 1 1 1 0 1 1 1 0 0 1 0 1 0 0 1 0 1 1 0 1 0 1 0 0 0 1 0 1 1 0 0 1 0 1 0 1 0 0 0 0 0 0 0
250	1	1 0 1 0 0 1 1 1 1 1 0 1 1 1 0 0 1 0 1 0 0 1 0 0 1 0 1 0 1 0 0 0 1 0 1 1 0 0 1 0 1 0 1 0 0 0 0 0 0 0
250	2	1 1 1 0 0 1 1 1 1 1 0 1 1 1 0 0 1 0 1 0 0 1 0 0 1 0 1 0 1 0 0 0 1 0 1 1 0 0 1 0 1 0 1 0 0 0 0 0 0 0
250	3	1 1 1 0 1 1 0 1 1 1 0 0 1 1 0 0 1 0 1 0 0 1 0 0 1 1 1 0 1 0 0 0 1 0 1 1 0 0 1 0 1 0 1 0 0 0 0 0 0 0
250	1	1 1 1 0 1 1 1 1 1 1 0 0 1 1 0 0 1 0 1 0 0 1 0 1 1 1 1 0 1 0 0 0 1 0 1 1 0 0 0 0 1 0 1 0 0 0 0 0 0 0
250	13	1 1 1 0 1 1 1 1 1 1 0 0 1 1 0 0 1 0 1 0 0 1 0 1 1 1 1 0 1 0 0 0 1 0 1 1 0 0 1 0 1 0 1 0 0 0 0 0 0 0
250	2	1 0 1 0 1 1 1 1 1 1 0 0 1 1 0 0 1 0 1 0 0 1 0 0 1 1 1 0 1 0 0 0 1 0 1 1 0 0 1 0 1 0 1 0 0 0 0 0 0 0
250	2	1 1 1 0 1 1 1 1 1 1 1 0 1 1 0 0 1 0 1 0 0 1 0 0 1 1 1 0 1 0 0 0 1 0 1 1 0 0 1 0 1 0 1 0 0 0 0 0 0 0
250	26	1 1 1 0 1 1 1 1 1 1 0 0 1 1 0 0 1 0 1 0 0 1 0 0 1 1 1 0 1 0 0 0 1 0 1 1 0 0 1 0 1 0 1 0 0 0 0 0 0 0
250	3	1 1 1 0 1 1 1 1 1 1 0 1 1 1 0 0 1 0 1 0 0 1 0 0 1 1 1 0 1 0 1 0 1 0 1 1 0 0 1 0 1 0 1 0 0 0 0 0 0 0
250	1	1 1 0 0 1 1 1 1 1 1 0 1 1 1 0 0 1 0 1 0 0 1 0 0 1 1 1 0 1 0 0 0 1 0 1 1 0 0 1 0 1 0 1 0 0 0 0 0 0 0
250	1	1 1 1 0 1 1 1 1 1 1 0 1 1 1 0 0 1 0 1 0 0 1 0 0 1 1 1 0 1 0 0 0 1 0 1 1 0 0 1 0 1 1 1 0 0 0 0 0 0 0
250	17	1 1 1 0 1 1 1 1 1 1 0 1 1 1 0 0 1 0 1 0 0 1 0 0 1 1 1 0 1 0 0 0 1 0 1 1 0 0 1 0 1 0 1 0 0 0 0 0 0 0
250	1	1 1 1 0 1 1 1 1 1 1 0 1 1 1 0 0 1 0 1 0 0 1 0 0 1 1 0 0 1 0 0 0 1 0 1 1 0 0 1 0 1 0 1 0 0 0 0 0 0 0
250	1	1 1 1 0 1 1 1 1 1 1 0 1 1 1 0 0 1 0 1 0 0 1 0 0 0 1 1 0 1 0 0 0 1 0 1 1 0 0 1 1 1 0 1 0 0 0 0 0 0 0
250	4	1 1 1 0 1 1 1 1 1 1 0 1 1 1 0 0 1 0 1 0 0 1 0 0 1 1 1 0 1 0 0 0 1 0 1 1 0 0 1 1 1 0 1 0 0 0 0 0 0 0
250	2	1 1 1 0 0 1 1 1 1 1 0 1 1 1 0 1 1 0 1 0 1 1 0 0 1 1 1 0 1 0 0 0 0 0 1 1 0 0 1 0 1 0 0 0 0 0 0 0 0 0
250	1	1 1 1 0 0 1 1 1 0 1 0 1 1 1 0 0 1 0 1 0 1 1 0 0 1 1 1 0 1 0 0 0 1 0 0 1 0 0 1 0 0 0 1 0 0 0 0 0 0 0
250	3	1 1 1 0 0 1 1 1 1 1 0 1 1 1 0 0 1 0 1 0 1 1 0 0 1 1 1 0 1 0 0 0 1 0 0 0 0 0 1 0 0 0 1 0 0 0 0 0 0 0
250	1	1 1 1 0 0 1 1 1 1 1 0 1 1 1 0 0 1 0 1 0 0 1 0 0 1 1 1 0 1 0 0 0 1 0 0 1 0 0 1 0 0 0 1 0 0 0 0 0 0 0
250	12	1 1 1 0 0 1 1 1 1 1 0 1 1 1 0 0 1 0 1 0 1 1 0 0 1 1 1 0 1 0 0 0 1 0 0 1 0 0 1 0 0 0 1 0 0 0 0 0 0 0
260	2	1 1 1 1 0 1 1 0 1 1 0 1 1 1 0 0 1 0 1 0 0 1 0 0 1 1 1 0 1 0 0 0 1 0 1 1 0 0 1 0 1 0 1 0 0 1 0 0 0 0
260	1	1 1 1 1 0 1 1 1 1 1 0 1 1 1 0 0 1 0 1 0 0 1 0 0 1 1 1 0 1 0 0 0 1 0 1 1 0 0 1 0 1 0 1 0 0 1 0 0 0 0
260	1	1 1 1 0 0 1 1 1 1 1 0 1 1 1 0 0 1 0 1 0 0 1 0 0 1 0 1 0 1 0 0 0 1 0 1 1 0 0 1 0 1 0 1 0 0 0 0 0 0 0
260	1	1 1 1 0 1 1 0 1 1 1 0 0 1 1 0 0 1 0 1 0 0 1 0 0 1 1 1 0 1 0 0 0 1 0 1 1 0 0 1 0 1 0 1 0 0 0 0 0 0 0
260	15	1 1 1 0 1 1 1 1 1 1 0 0 1 1 0 0 1 0 1 0 0 1 0 1 1 1 1 0 1 0 0 0 1 0 1 1 0 0 1 0 1 0 1 0 0 0 0 0 0 0
260	4	1 0 1 0 1 1 1 1 1 1 0 0 1 1 0 0 1 0 1 0 0 1 0 0 1 1 1 0 1 0 0 0 1 0 1 1 0 0 1 0 1 0 1 0 0 0 0 0 0 0
260	1	1 1 1 0 1 1 1 1 1 1 0 0 1 1 0 0 1 0 1 0 0 1 0 0 1 1 1 0 1 0 0 0 1 0 1 1 1 0 1 0 1 0 1 0 0 0 0 0 0 0
260	25	1 1 1 0 1 1 1 1 1 1 0 1 1 1 0 0 1 0 1 0 0 1 0 0 1 1 1 0 1 0 0 0 1 0 1 1 0 0 1 0 1 0 1 0 0 0 0 0 0 0
260	1	1 1 1 0 1 1 1 1 1 1 0 0 1 1 0 0 1 0 1 0 0 1 0 0 0 1 1 0 1 0 0 0 1 0 1 1 0 0 1 0 1 0 1 0 0 0 0 0 0 0
260	20	1 1 1 0 1 1 1 1 1 1 0 0 1 1 0 0 1 0 1 0 0 1 0 0 1 1 1 0 1 0 0 0 1 0 1 1 0 0 1 0 1 0 1 0 0 0 0 0 0 0
260	1	1 1 1 0 1 1 1 1 1 1 0 1 1 1 0 0 1 0 1 0 0 1 0 0 1 1 1 0 1 0 1 0 1 0 1 1 0 0 1 0 1 0 1 0 0 0 0 0 0 0
260	1	0 1 1 0 1 1 1 1 1 1 0 1 1 1 0 0 1 0 1 0 0 1 0 0 1 1 1 0 1 0 0 0 1 0 1 1 0 0 1 1 1 0 1 0 0 0 0 0 0 0
260	4	1 1 1 0 1 1 1 1 1 1 0 1 1 1 0 0 1 0 1 0 0 1 0 0 1 1 1 0 1 0 0 0 1 0 1 1 0 0 1 1 1 0 1 0 0 0 0 0 0 0
260	1	1 1 1 0 0 1 1 1 1 1 0 1 1 1 0 1 1 0 1 0 1 1 0 0 1 1 1 0 1 0 0 0 0 0 1 1 0 0 1 0 1 0 0 0 0 0 0 0 0 0
260	1	1 1 1 0 0 1 1 1 1 1 0 1 1 1 0 0 1 0 1 0 1 1 0 0 1 1 1 0 1 0 0 0 1 0 0 0 0 0 1 0 0 0 1 0 0 0 0 0 0 0
260	1	1 1 1 0 0 1 1 1 1 1 0 1 1 1 0 0 1 0 1 0 1 1 0 0 1 1 1 0 1 0 0 0 1 0 0 1 1 0 1 0 0 0 1 0 0 0 0 0 0 0
260	2	1 1 1 0 0 1 1 1 1 1 0 1 1 1 0 0 1 0 1 0 1 1 0 0 1 1 0 0 1 0 0 0 1 0 0 1 0 0 1 0 0 0 1 0 0 0 0 0 0 0
260	18	1 1 1 0 0 1 1 1 1 1 0 1 1 1 0 0 1 0 1 0 1 1 0 0 1 1 1 0 1 0 0 0 1 0 0 1 0 0 1 0 0 0 1 0 0 0 0 0 0 0
270	1	1 1 1 1 0 1 1 0 1 1 0 1 1 1 0 0 1 0 1 0 0 1 0 0 1 1 1 0 1 0 0 0 1 0 1 1 0 0 1 0 1 0 1 0 0 1 0 0 0 0
270	1	1 1 1 0 1 1 0 1 1 1 0 0 1 1 0 0 1 0 1 0 0 1 0 0 1 1 1 0 1 0 0 0 1 0 1 1 0 0 1 0 1 0 1 0 0 0 0 0 0 0
270	1	1 1 1 0 1 1 1 1 1 1 0 0 1 1 0 0 0 0 1 0 0 1 0 1 1 1 1 0 1 0 0 0 1 0 1 1 0 0 1 0 1 0 1 0 0 0 0 0 0 0
270	3	1 1 1 0 1 1 1 1 1 1 0 0 1 1 0 0 1 0 1 0 0 1 0 1 1 1 1 0 1 0 0 1 1 0 1 1 0 0 1 0 1 0 1 0 0 0 0 0 0 0
270	21	1 1 1 0 1 1 1 1 1 1 0 0 1 1 0 0 1 0 1 0 0 1 0 1 1 1 1 0 1 0 0 0 1 0 1 1 0 0 1 0 1 0 1 0 0 0 0 0 0 0
270	2	1 1 1 0 1 1 1 1 1 1 0 0 1 1 0 0 1 0 1 0 0 1 0 0 1 1 1 0 1 0 0 0 1 0 1 1 1 0 1 0 1 0 1 0 0 0 0 0 0 0
270	3	1 1 1 0 1 1 1 1 1 1 0 1 1 1 0 0 1 0 1 0 0 1 0 0 1 1 1 0 1 0 0 0 1 0 1 1 0 0 1 0 0 0 1 0 0 0 0 0 0 0
270	22	1 1 1 0 1 1 1 1 1 1 0 0 1 1 0 0 1 0 1 0 0 1 0 0 1 1 1 0 1 0 0 0 1 0 1 1 0 0 1 0 1 0 1 0 0 0 0 0 0 0
270	19	1 1 1 0 1 1 1 1 1 1 0 1 1 1 0 0 1 0 1 0 0 1 0 0 1 1 1 0 1 0 0 0 1 0 1 1 0 0 1 0 1 0 1 0 0 0 0 0 0 0
270	1	1 1 1 0 1 1 1 1 1 1 0 0 1 1 0 0 1 0 1 0 0 1 1 0 1 1 1 0 1 0 0 0 1 0 1 1 0 0 1 0 1 0 1 0 0 1 0 0 0 0
270	1	1 1 1 0 1 1 1 1 1 1 0 0 1 1 0 0 1 0 1 0 0 1 0 0 1 1 1 0 1 0 0 0 1 0 1 1 0 0 1 0 1 0 1 0 0 0 0 0 1 0
270	6	1 1 1 0 1 1 1 1 1 1 0 1 1 1 0 0 1 0 1 0 0 1 0 0 1 1 1 0 1 0 0 0 1 0 1 1 0 0 1 1 1 0 1 0 0 0 0 0 0 0
270	2	1 1 1 0 0 1 1 1 1 1 0 1 1 1 0 0 1 0 1 0 1 0 0 0 1 1 1 0 1 0 0 0 1 0 0 1 0 0 1 0 0 0 1 0 0 0 0 0 0 0
270	17	1 1 1 0 0 1 1 1 1 1 0 1 1 1 0 0 1 0 1 0 1 1 0 0 1 1 1 0 1 0 0 0 1 0 0 1 0 0 1 0 0 0 1 0 0 0 0 0 0 0
280	1	1 1 1 1 0 1 1 0 1 1 0 1 1 1 0 0 1 0 1 0 0 1 0 0 1 1 1 0 1 0 0 0 1 0 1 1 0 0 1 0 1 0 1 0 0 1 0 0 0 0
280	1	1 1 1 0 1 1 0 1 1 1 0 0 1 1 0 0 1 0 1 0 0 1 0 0 1 1 1 0 1 0 0 0 1 0 1 1 0 0 1 0 1 0 1 0 0 0 0 0 0 0
280	2	1 1 1 0 1 1 1 1 1 1 0 0 1 1 0 0 1 0 1 0 0 1 0 1 1 1 1 0 1 0 0 0 1 0 1 1 0 0 0 0 1 0 1 0 0 0 0 0 0 0
280	1	1 1 1 0 1 1 1 1 1 1 0 0 1 1 0 0 1 0 1 0 0 1 0 1 0 1 1 0 1 0 0 0 1 0 1 1 0 0 1 0 1 0 1 0 0 0 0 0 0 0
280	1	1 1 1 0 1 1 1 1 1 1 0 0 1 1 0 0 1 0 1 0 0 1 0 1 1 1 1 0 1 0 0 0 1 0 1 1 0 0 1 0 0 0 1 0 0 0 0 0 0 0
280	16	1 1 1 0 1 1 1 1 1 1 0 0 1 1 0 0 1 0 1 0 0 1 0 1 1 1 1 0 1 0 0 0 1 0 1 1 0 0 1 0 1 0 1 0 0 0 0 0 0 0
280	3	1 1 1 0 1 1 1 1 1 1 0 0 1 1 0 0 1 0 1 0 0 1 0 0 1 1 1 0 1 0 0 0 1 0 1 1 1 0 1 0 1 0 1 0 0 0 0 0 0 0
280	1	1 1 1 0 1 1 1 1 1 1 0 0 1 1 0 0 0 0 1 0 0 1 0 0 1 1 1 0 1 0 0 0 1 0 1 1 0 0 1 0 1 0 1 0 0 0 0 0 0 0
280	24	1 1 1 0 1 1 1 1 1 1 0 0 1 1 0 0 1 0 1 0 0 1 0 0 1 1 1 0 1 0 0 0 1 0 1 1 0 0 1 0 1 0 1 0 0 0 0 0 0 0
280	1	1 1 1 0 1 1 1 1 1 1 0 1 1 1 0 0 1 0 1 0 0 1 0 0 1 0 1 0 1 0 0 0 1 0 1 1 0 0 1 0 1 0 1 0 0 0 0 0 0 0
280	18	1 1 1 0 1 1 1 1 1 1 0 1 1 1 0 0 1 0 1 0 0 1 0 0 1 1 1 0 1 0 0 0 1 0 1 1 0 0 1 0 1 0 1 0 0 0 0 0 0 0
280	2	1 1 1 0 1 1 1 1 1 1 0 0 1 1 0 0 1 0 1 0 0 1 0 0 1 1 1 0 1 0 0 0 1 0 1 1 0 0 1 0 1 0 1 0 0 1 0 0 0 0
280	1	0 1 1 0 1 1 1 1 1 1 0 1 1 1 0 0 1 0 1 0 0 1 0 0 1 1 1 0 1 0 0 0 1 0 1 1 0 0 1 1 1 0 1 0 0 0 0 0 0 0
280	2	1 1 1 0 1 1 1 1 1 1 0 1 1 1 0 0 0 0 1 0 0 1 0 0 1 1 1 0 1 0 0 0 1 0 1 1 0 0 1 1 1 0 1 0 0 0 0 0 0 0
280	6	1 1 1 0 1 1 1 1 1 1 0 1 1 1 0 0 1 0 1 0 0 1 0 0 1 1 1 0 1 0 0 0 1 0 1 1 0 0 1 1 1 0 1 0 0 0 0 0 0 0
280	4	1 1 1 0 0 1 1 1 1 1 0 1 1 1 0 1 1 0 1 0 1 1 0 0 1 1 1 0 1 0 0 0 0 0 1 1 0 0 1 0 1 0 0 0 0 0 0 0 0 0
280	1	1 1 1 0 0 1 1 1 1 1 0 1 1 1 0 0 1 0 1 0 1 1 0 0 1 1 1 0 1 0 0 0 1 0 0 1 0 0 1 0 1 0 1 0 0 0 0 0 0 0
280	1	1 1 1 0 0 1 1 1 1 1 0 1 1 1 0 0 1 0 1 0 1 1 0 0 1 1 1 0 1 0 0 0 1 0 0 1 1 0 1 0 0 0 1 0 0 0 0 0 0 0
280	1	1 1 1 0 0 1 1 1 1 1 0 1 1 1 0 0 1 0 1 1 1 0 0 0 1 1 1 0 1 0 0 0 1 0 0 1 0 0 1 0 0 0 1 0 0 0 0 0 0 0
280	1	0 1 1 0 0 1 1 1 1 1 0 1 1 1 0 0 1 0 1 0 1 1 0 0 1 1 1 0 1 0 0 0 1 0 0 1 0 0 1 0 0 0 1 0 0 0 0 0 0 0
280	12	1 1 1 0 0 1 1 1 1 1 0 1 1 1 0 0 1 0 1 0 1 1 0 0 1 1 1 0 1 0 0 0 1 0 0 1 0 0 1 0 0 0 1 0 0 0 0 0 0 0
290	2	1 1 1 0 1 1 1 1 1 1 0 0 1 1 0 0 1 0 1 0 0 1 0 1 1 1 1 0 1 0 0 0 1 0 1 1 0 0 0 0 1 0 1 0 0 0 0 0 0 0
290	19	1 1 1 0 1 1 1 1 1 1 0 0 1 1 0 0 1 0 1 0 0 1 0 1 1 1 1 0 1 0 0 0 1 0 1 1 0 0 1 0 1 0 1 0 0 0 0 0 0 0
290	2	1 1 1 0 1 1 1 1 1 1 0 0 1 1 0 0 1 0 1 0 0 1 0 0 1 1 1 0 1 0 0 0 1 0 1 1 1 0 1 0 1 0 1 0 0 0 0 0 0 0
290	2	1 1 1 0 1 1 1 1 1 1 0 1 1 1 0 0 1 0 1 0 0 1 0 0 1 1 1 0 1 0 0 0 1 0 1 1 0 0 1 0 0 0 1 0 0 0 0 0 0 0
290	2	1 1 1 0 1 1 1 1 1 1 0 0 1 1 0 1 1 0 1 0 0 1 0 0 1 1 1 0 1 0 0 0 1 0 1 1 0 0 1 0 1 0 1 0 0 0 0 0 0 0
290	1	1 1 1 0 1 1 1 0 1 1 0 0 1 1 0 0 1 0 1 0 0 1 0 0 1 1 1 0 1 0 0 0 1 0 1 1 0 0 1 0 1 0 1 0 0 0 0 0 0 0
290	29	1 1 1 0 1 1 1 1 1 1 0 0 1 1 0 0 1 0 1 0 0 1 0 0 1 1 1 0 1 0 0 0 1 0 1 1 0 0 1 0 1 0 1 0 0 0 0 0 0 0
290	1	1 1 1 0 1 1 1 1 1 1 0 1 1 1 0 0 1 0 1 0 0 1 0 0 1 1 1 0 1 0 0 1 1 0 1 1 0 0 1 0 1 0 1 0 0 0 0 0 0 0
290	2	1 1 1 0 1 1 1 1 1 1 0 1 1 1 0 0 1 0 1 0 0 1 0 0 1 1 1 0 1 0 0 0 1 0 1 1 1 0 1 0 1 0 1 0 0 0 0 0 0 0
290	4	0 1 1 0 1 1 1 1 1 1 0 1 1 1 0 0 1 0 1 0 0 1 0 0 1 1 1 0 1 0 0 0 1 0 1 1 0 0 1 0 1 0 1 0 0 0 0 0 0 0
290	1	1 1 1 0 1 1 1 1 1 1 0 1 1 0 0 0 1 0 1 0 0 1 0 0 1 1 1 0 1 0 0 0 1 0 1 1 0 0 1 0 1 0 1 0 0 0 0 0 0 0
290	19	1 1 1 0 1 1 1 1 1 1 0 1 1 1 0 0 1 0 1 0 0 1 0 0 1 1 1 0 1 0 0 0 1 0 1 1 0 0 1 0 1 0 1 0 0 0 0 0 0 0
290	1	1 1 1 0 1 1 1 1 1 1 0 1 1 1 0 0 1 0 1 0 0 1 0 0 1 1 1 0 1 0 1 0 1 0 1 1 0 0 1 1 1 0 1 0 0 0 0 0 0 0
290	4	1 1 1 0 1 1 1 1 1 1 0 1 1 1 0 0 1 0 1 0 0 1 0 0 1 1 1 0 1 0 0 0 1 0 1 1 0 0 1 1 1 0 1 0 0 0 0 0 0 0
290	2	1 1 1 0 0 1 1 1 1 1 0 1 1 1 0 1 1 0 1 0 1 1 0 0 1 1 1 0 1 0 0 0 0 0 1 1 0 0 1 0 1 0 0 0 0 0 0 0 0 0
290	1	1 1 1 0 0 1 1 1 1 1 0 1 1 1 0 0 1 0 1 0 1 1 0 0 1 1 1 0 1 0 0 0 1 0 0 1 1 0 1 0 0 0 1 0 0 0 0 0 0 0
290	1	1 1 1 0 0 1 1 1 1 1 0 1 1 1 0 0 1 0 1 0 1 0 0 0 1 1 1 0 0 0 0 0 1 0 0 1 0 0 1 0 0 0 1 0 0 0 0 0 0 0
290	7	1 1 1 0 0 1 1 1 1 1 0 1 1 1 0 0 1 0 1 0 1 1 0 0 1 1 1 0 1 0 0 0 1 0 0 1 0 0 1 0 0 0 1 0 0 0 0 0 0 0
300	1	1 1 1 0 1 1 1 1 1 1 0 0 1 1 0 0 1 0 1 0 0 1 0 1 1 1 1 0 1 0 0 0 1 0 1 1 0 0 0 0 1 0 1 0 0 0 0 0 0 0
300	1	1 1 1 0 1 1 1 1 1 0 0 0 1 1 0 0 1 0 1 0 0 1 0 1 0 1 1 0 1 0 0 0 1 0 1 1 1 0 1 0 1 0 1 0 0 0 0 0 0 0
300	1	1 1 1 0 1 1 1 1 1 0 0 0 1 1 0 0 1 0 1 0 0 1 0 1 0 1 1 0 1 0 0 0 1 0 1 1 0 0 1 0 1 0 1 0 0 0 0 0 0 0
300	1	1 1 1 0 1 1 1 1 1 1 0 0 1 1 0 0 1 0 1 0 0 1 0 1 1 1 1 0 1 0 0 0 1 0 1 1 0 0 1 0 0 0 1 0 0 0 0 0 0 0
300	2	1 1 1 0 1 1 1 1 1 1 0 0 1 1 0 0 1 0 1 0 0 1 0 1 1 1 1 0 1 0 0 0 1 0 1 1 0 0 1 1 1 0 1 0 0 0 0 0 0 0
300	1	1 1 1 0 1 0 1 1 1 1 0 0 1 1 0 0 1 0 1 0 0 1 0 1 1 1 1 0 1 0 0 0 1 0 1 1 0 0 1 0 1 0 1 0 0 0 0 0 0 0
300	10	1 1 1 0 1 1 1 1 1 1 0 0 1 1 0 0 1 0 1 0 0 1 0 1 1 1 1 0 1 0 0 0 1 0 1 1 0 0 1 0 1 0 1 0 0 0 0 0 0 0
300	9	1 1 1 0 1 1 1 1 1 1 0 1 1 1 0 0 1 0 1 0 0 1 0 0 1 1 1 0 1 0 0 0 1 0 1 1 0 0 1 0 0 0 1 0 0 0 0 0 0 0
300	7	1 1 1 0 1 1 1 1 1 1 0 0 1 1 1 0 1 0 1 0 0 1 0 0 1 1 1 0 1 0 0 0 1 0 1 1 0 0 1 0 1 0 1 0 0 0 0 0 0 0
300	24	1 1 1 0 1 1 1 1 1 1 0 0 1 1 0 0 1 0 1 0 0 1 0 0 1 1 1 0 1 0 0 0 1 0 1 1 0 0 1 0 1 0 1 0 0 0 0 0 0 0
300	1	1 1 1 0 1 1 1 1 1 1 0 1 1 1 0 0 1 0 1 0 0 1 0 0 1 1 1 0 1 0 0 0 1 0 1 1 1 0 1 0 1 0 1 0 0 0 0 0 0 0
300	22	1 1 1 0 1 1 1 1 1 1 0 1 1 1 0 0 1 0 1 0 0 1 0 0 1 1 1 0 1 0 0 0 1 0 1 1 0 0 1 0 1 0 1 0 0 0 0 0 0 0
300	1	1 1 1 0 1 1 1 1 1 1 0 1 1 1 0 0 0 0 1 0 0 1 0 0 1 1 1 0 1 0 0 0 1 0 1 1 0 0 1 1 1 0 1 0 0 0 0 0 0 0
300	2	1 1 1 0 1 1 1 1 1 1 0 1 1 1 0 0 1 0 1 1 0 1 0 0 1 1 1 0 1 0 0 0 1 0 1 1 0 0 1 1 1 0 1 0 0 0 0 0 0 0
300	5	1 1 1 0 1 1 1 1 1 1 0 1 1 1 0 0 1 0 1 0 0 1 0 0 1 1 1 0 1 0 0 0 1 0 1 1 0 0 1 1 1 0 1 0 0 0 0 0 0 0
300	3	1 1 1 0 0 1 1 1 1 1 0 1 1 1 0 1 1 0 1 0 1 1 0 0 1 1 1 0 1 0 0 0 0 0 1 1 0 0 1 0 1 0 0 0 0 0 0 0 0 0
300	1	1 1 1 0 0 1 1 1 1 1 0 1 1 1 0 0 1 0 1 0 1 1 0 0 1 1 1 0 1 0 0 0 1 0 0 1 1 0 1 0 0 0 1 0 0 0 0 0 0 0
300	1	1 1 1 0 0 1 1 1 1 1 0 1 1 1 0 0 1 0 1 0 1 0 0 0 1 1 1 0 0 0 0 0 1 0 0 1 0 0 1 0 0 0 1 0 0 0 0 0 0 0
300	7	1 1 1 0 0 1 1 1 1 1 0 1 1 1 0 0 1 0 1 0 1 1 0 0 1 1 1 0 1 0 0 0 1 0 0 1 0 0 1 0 0 0 1 0 0 0 0 0 0 0
310	3	1 1 1 0 1 1 1 1 1 1 0 0 1 1 0 0 1 0 1 0 0 1 0 1 1 1 1 0 1 0 0 0 1 0 1 1 0 0 1 0 0 0 1 0 0 0 0 0 0 0
310	9	1 1 1 0 1 1 1 1 1 1 0 0 1 1 0 0 1 0 1 0 0 1 0 1 1 1 1 0 1 0 0 0 1 0 1 1 0 0 1 0 1 0 1 0 0 0 0 0 0 0
310	10	1 1 1 0 1 1 1 1 1 1 0 1 1 1 0 0 1 0 1 0 0 1 0 0 1 1 1 0 1 0 0 0 1 0 1 1 0 0 1 0 0 0 1 0 0 0 0 0 0 0
310	1	1 1 1 0 1 1 1 1 1 1 0 0 1 1 1 0 1 0 1 0 0 1 0 0 1 1 1 0 1 0 0 0 1 0 1 1 0 0 1 0 1 0 1 0 0 0 0 0 0 0
310	1	1 1 1 0 1 1 1 1 1 1 0 0 1 1 0 1 1 0 1 0 0 1 0 0 1 1 1 0 1 0 0 0 1 0 1 1 0 0 1 0 1 0 1 0 0 0 0 0 0 0
310	24	1 1 1 0 1 1 1 1 1 1 0 0 1 1 0 0 1 0 1 0 0 1 0 0 1 1 1 0 1 0 0 0 1 0 1 1 0 0 1 0 1 0 1 0 0 0 0 0 0 0
310	1	1 1 1 0 1 0 1 1 1 1 0 1 1 1 0 0 1 0 1 0 0 1 0 0 1 1 1 0 1 0 0 0 1 0 1 1 0 0 1 0 1 0 1 0 0 0 0 0 0 0
310	19	1 1 1 0 1 1 1 1 1 1 0 1 1 1 0 0 1 0 1 0 0 1 0 0 1 1 1 0 1 0 0 0 1 0 1 1 0 0 1 0 1 0 1 0 0 0 0 0 0 0
310	5	1 1 1 0 1 1 1 1 1 1 0 1 1 1 0 0 1 0 1 0 0 1 0 0 1 1 1 0 1 0 0 0 1 0 1 1 1 0 1 0 1 0 1 0 0 0 0 0 0 0
310	11	1 1 1 0 1 1 1 1 1 1 0 1 1 1 0 0 1 0 1 0 0 1 0 0 1 1 1 0 1 0 0 0 1 0 1 1 0 0 1 1 1 0 1 0 0 0 0 0 0 0
310	2	1 1 1 0 0 1 1 1 1 1 0 1 1 1 0 1 1 0 1 0 1 1 0 0 1 1 1 0 1 0 0 0 0 0 1 1 0 0 1 0 1 0 0 0 0 0 0 0 0 0
310	1	1 1 1 0 0 1 1 1 1 1 0 1 1 1 0 0 1 0 1 0 1 0 0 0 1 1 1 0 0 0 0 0 1 0 0 1 0 0 1 0 0 0 1 0 0 0 0 0 0 0
310	13	1 1 1 0 0 1 1 1 1 1 0 1 1 1 0 0 1 0 1 0 1 1 0 0 1 1 1 0 1 0 0 0 1 0 0 1 0 0 1 0 0 0 1 0 0 0 0 0 0 0
