10	1	0 0 0 1 0 0 0 0 1 1 1 1 0 0 1 1 1 1 1 0 0 0 1 1 0 1 0 1 1 1 0 1 1 0 0 1 0 0 1 0 0 1 1 1 0 1 1 0 0 0
10	27	0 0 0 1 0 0 0 0 1 1 1 1 0 0 1 1 1 1 1 0 0 0 1 1 0 1 0 1 1 1 0 1 1 0 0 1 0 0 1 0 0 1 1 1 0 1 1 1 0 0
10	1	0 0 0 0 0 0 0 0 1 0 1 0 1 1 0 1 1 0 0 0 0 1 0 0 0 0 1 0 0 1 1 1 1 0 0 1 0 0 1 0 0 0 0 0 0 0 1 0 1 0
10	30	0 0 0 0 0 0 0 0 1 1 1 0 1 1 0 1 1 0 0 0 0 1 0 0 0 0 1 0 0 1 1 1 1 0 0 1 0 0 1 0 0 0 0 0 0 0 1 0 1 0
10	12	1 1 0 0 1 0 1 1 0 1 0 1 1 0 1 1 1 0 1 0 1 1 1 0 1 0 1 1 1 1 0 1 0 1 0 0 1 0 1 0 0 0 1 1 1 1 0 1 0 0
10	1	1 0 0 0 0 1 1 0 1 1 1 1 0 1 1 1 1 1 1 1 1 0 1 0 1 1 0 1 0 0 1 1 0 0 1 1 0 0 0 0 1 0 0 0 0 0 0 0 1 0
10	16	1 0 0 0 0 1 1 0 1 1 1 1 0 1 1 1 1 1 1 1 1 0 1 0 1 1 0 1 0 0 1 1 0 0 1 1 0 0 0 0 1 0 0 0 0 0 0 0 1 1
10	12	1 1 0 1 0 1 1 1 1 1 1 1 0 1 1 1 0 1 0 0 0 0 1 1 0 1 0 0 0 0 1 1 0 0 1 0 1 0 1 1 0 1 1 0 0 1 0 1 1 1
20	1	0 0 0 1 0 0 0 0 1 1 1 1 0 0 1 1 1 1 1 0 0 0 1 1 0 0 0 1 1 1 0 1 1 0 0 1 0 0 1 0 0 1 1 1 0 1 1 1 0 0
20	11	0 0 0 1 0 0 0 0 1 1 1 1 0 0 1 1 1 1 1 0 0 0 1 1 0 1 0 1 1 1 0 1 1 0 0 1 0 0 1 0 0 1 1 1 0 1 1 1 0 0
20	2	0 0 0 0 0 0 0 0 1 1 1 0 1 1 0 1 1 0 0 0 0 1 0 0 0 0 1 0 0 1 1 1 1 0 0 1 0 0 0 0 0 0 0 0 0 0 1 0 1 0
20	1	0 0 0 0 0 0 0 0 1 1 1 0 1 1 0 1 1 0 0 0 0 1 0 0 0 0 0 0 0 1 1 1 1 0 0 1 0 0 1 0 0 0 0 0 0 0 1 0 1 0
20	25	0 0 0 0 0 0 0 0 1 1 1 0 1 1 0 1 1 0 0 0 0 1 0 0 0 0 1 0 0 1 1 1 1 0 0 1 0 0 1 0 0 0 0 0 0 0 1 0 1 0
20	1	1 1 0 0 1 0 1 1 0 1 0 1 1 0 1 1 1 0 1 0 1 1 1 0 1 0 1 1 1 1 0 0 0 1 0 0 1 0 1 0 0 0 1 1 1 1 0 1 0 0
20	5	1 1 0 0 1 0 1 1 0 1 0 1 1 0 1 1 1 0 1 0 1 1 1 0 1 0 1 1 1 1 0 1 0 1 0 0 1 0 1 0 0 0 1 1 1 1 0 1 0 0
20	1	1 0 0 0 0 1 1 0 1 1 1 0 0 1 1 1 1 1 1 1 1 0 1 0 1 1 0 1 0 0 1 1 0 0 1 1 0 0 0 0 1 0 0 0 0 0 0 0 1 0
20	3	1 0 0 0 0 1 1 0 1 1 1 1 0 1 1 1 1 1 1 1 1 0 1 0 1 1 0 1 0 0 1 1 0 0 1 1 0 0 0 0 1 0 0 0 0 0 0 0 1 0
20	7	1 0 0 0 0 1 1 0 1 1 1 1 0 1 1 1 1 1 1 1 0 0 1 0 1 1 0 1 0 0 1 1 0 0 1 1 0 0 0 0 1 0 0 0 0 0 0 0 1 1
20	4	1 0 0 0 0 1 1 0 1 1 1 1 0 1 1 1 1 1 1 0 1 0 1 0 1 1 0 1 0 0 1 1 0 0 1 1 0 0 0 0 1 0 0 0 0 0 0 0 1 1
20	1	1 0 0 0 0 1 1 0 1 1 1 1 0 1 1 1 1 1 1 1 1 0 1 0 1 1 0 1 0 0 0 1 0 0 1 1 0 0 0 0 1 0 0 0 0 0 0 0 1 1
20	14	1 0 0 0 0 1 1 0 1 1 1 1 0 1 1 1 1 1 1 1 1 0 1 0 1 1 0 1 0 0 1 1 0 0 1 1 0 0 0 0 1 0 0 0 0 0 0 0 1 1
20	1	1 1 0 1 0 1 1 1 1 1 1 1 0 1 1 1 0 1 0 0 0 0 1 1 0 1 0 0 0 0 1 1 1 0 1 0 1 0 1 1 0 1 1 1 0 1 0 1 1 1
20	6	1 1 0 1 0 1 1 1 1 1 1 1 0 1 1 1 0 1 0 0 0 0 1 1 0 1 0 0 0 0 1 1 1 0 1 0 1 0 1 1 0 1 1 0 0 1 0 1 1 1
20	3	1 1 0 1 0 1 1 1 1 1 1 1 0 1 1 1 0 1 0 0 0 0 1 1 0 1 0 0 0 0 1 1 0 0 1 0 1 0 1 1 0 1 0 0 0 1 0 1 1 1
20	1	1 1 0 1 0 1 1 1 1 1 1 1 0 1 0 1 0 1 0 0 0 0 1 1 0 1 0 0 0 0 1 1 0 0 1 0 1 0 1 1 0 1 1 0 0 1 0 1 1 1
20	1	1 1 0 0 0 1 1 1 1 1 1 1 0 1 1 1 0 1 0 0 0 0 1 1 0 1 0 0 0 0 1 1 0 0 1 0 1 0 1 1 0 1 1 0 0 1 0 1 1 1
20	12	1 1 0 1 0 1 1 1 1 1 1 1 0 1 1 1 0 1 0 0 0 0 1 1 0 1 0 0 0 0 1 1 0 0 1 0 1 0 1 1 0 1 1 0 0 1 0 1 1 1
30	1	0 0 0 1 0 0 0 0 1 1 1 1 0 0 1 1 1 1 1 0 1 0 1 1 0 1 0 1 1 1 0 1 1 0 0 1 0 0 1 0 0 1 1 1 0 1 1 1 0 0
30	11	0 0 0 1 0 0 0 0 1 1 1 1 0 0 1 1 1 1 1 0 0 0 1 1 0 1 0 1 1 1 0 1 1 0 0 1 0 0 1 0 0 1 1 1 0 1 1 1 0 0
30	5	0 0 0 0 0 0 0 0 1 1 1 0 1 1 0 1 1 0 0 0 0 1 0 0 0 0 1 0 0 1 1 1 1 0 0 1 0 0 1 0 0 0 0 0 0 0 1 0 1 0
30	2	1 1 0 0 1 0 1 1 0 1 0 1 1 0 1 1 1 0 1 0 1 1 1 0 1 0 1 1 1 1 0 1 0 1 0 0 1 0 1 0 0 0 1 1 1 1 0 1 0 0
30	5	1 0 0 0 0 1 1 0 1 1 1 1 0 1 1 1 1 1 1 1 1 0 1 0 1 1 0 1 0 0 1 1 0 1 1 1 0 0 0 0 1 0 0 0 0 0 0 0 1 0
30	1	1 0 0 0 0 1 1 0 1 1 1 1 0 1 1 1 1 1 1 1 1 0 1 0 1 1 0 1 0 0 1 1 0 0 1 1 0 0 0 0 1 0 1 0 0 0 0 0 1 0
30	10	1 0 0 0 0 1 1 0 1 1 1 1 0 1 1 1 1 1 1 1 1 0 1 0 1 1 0 1 0 0 1 1 0 0 1 1 0 0 0 0 1 0 0 0 0 0 0 0 1 0
30	8	1 0 0 0 0 1 1 0 1 1 1 1 0 1 1 1 1 1 1 1 0 0 1 0 1 1 0 1 0 0 1 1 0 0 1 1 0 0 0 0 1 0 0 0 0 0 0 0 1 1
30	1	1 0 0 0 0 1 1 0 1 1 0 1 0 1 1 1 1 1 1 0 1 0 1 0 1 1 0 1 0 0 1 1 0 0 1 1 0 0 1 0 1 0 0 0 0 0 0 0 1 1
30	5	1 0 0 0 0 1 1 0 1 1 1 1 0 1 1 1 1 1 1 0 1 0 1 0 1 1 0 1 0 0 1 1 0 0 1 1 0 0 0 0 1 0 0 0 0 0 0 0 1 1
30	4	1 0 0 0 0 1 1 0 1 1 1 1 0 1 1 1 1 1 1 1 1 0 1 0 1 1 0 1 0 0 0 1 0 0 1 1 0 0 0 0 1 0 0 0 0 0 0 0 1 1
30	1	1 0 0 0 0 1 1 0 1 1 1 1 0 1 1 1 1 1 1 1 1 0 1 0 1 1 0 1 0 0 1 1 0 0 0 1 0 0 0 0 1 0 0 0 0 0 0 0 1 1
30	1	1 0 0 0 0 1 1 0 1 1 1 1 0 1 1 1 1 1 1 1 1 0 1 0 1 1 0 1 1 0 1 1 0 0 1 1 0 0 0 0 1 0 0 0 0 0 0 0 1 1
30	9	1 0 0 0 0 1 1 0 1 1 1 1 0 1 1 1 1 1 1 1 1 0 1 0 1 1 0 1 0 0 1 1 0 0 1 1 0 0 0 0 1 0 0 0 0 0 0 0 1 1
30	1	1 0 0 1 0 1 1 1 1 1 1 1 0 1 1 1 0 1 0 0 0 0 1 1 0 1 0 0 0 0 1 1 1 0 1 0 1 0 1 1 0 1 1 0 0 1 0 1 1 1
30	1	1 1 0 1 0 1 1 1 1 1 1 1 0 1 1 0 0 1 0 0 0 0 1 1 0 1 0 0 0 0 1 1 1 0 1 0 1 0 1 1 0 1 1 0 0 1 0 1 1 1
30	15	1 1 0 1 0 1 1 1 1 1 1 1 0 1 1 1 0 1 0 0 0 0 1 1 0 1 0 0 0 0 1 1 1 0 1 0 1 0 1 1 0 1 1 0 0 1 0 1 1 1
30	14	1 1 0 1 0 1 1 1 1 1 1 1 0 1 1 1 0 1 0 0 0 0 1 1 0 1 0 0 0 0 1 1 0 0 1 0 1 0 1 1 0 1 0 0 0 1 0 1 1 1
30	4	1 1 0 1 0 1 1 1 1 1 1 1 0 1 0 1 0 1 0 0 0 0 1 1 0 1 0 0 0 0 1 1 0 0 1 0 1 0 1 1 0 1 1 0 0 1 0 1 1 1
30	1	1 1 0 1 0 1 1 1 1 1 1 1 0 1 1 1 0 1 0 0 0 0 1 1 0 1 0 0 0 0 1 1 0 0 1 0 1 0 1 1 0 1 1 0 0 1 0 1 1 1
40	1	0 0 0 0 0 0 0 0 1 1 1 0 1 1 0 1 1 0 0 0 0 1 0 0 0 0 1 0 0 1 1 1 1 0 0 1 1 0 1 0 0 0 0 0 0 0 1 0 1 0
40	2	0 0 0 0 0 0 0 0 1 1 1 0 1 1 0 1 1 0 0 0 0 1 0 0 0 0 1 0 0 1 1 1 1 0 0 1 0 0 1 0 0 0 0 0 0 0 1 0 1 0
40	1	1 1 0 0 1 0 1 1 0 1 0 1 1 0 1 1 1 0 1 0 1 1 1 0 1 0 1 1 1 1 0 1 0 1 0 0 1 0 1 0 0 0 1 1 0 1 0 1 0 0
40	9	1 0 0 0 0 1 1 0 1 1 1 1 0 1 1 1 1 1 1 1 1 0 1 0 1 1 0 1 0 0 1 1 0 1 1 1 0 0 0 0 1 0 0 0 0 0 0 0 1 0
40	1	1 0 0 0 0 0 1 0 1 1 1 1 0 1 1 1 1 1 1 1 1 0 1 0 1 1 0 1 0 0 1 1 0 0 1 1 0 0 0 0 1 0 0 0 0 0 0 0 1 0
40	12	1 0 0 0 0 1 1 0 1 1 1 1 0 1 1 1 1 1 1 1 1 0 1 0 1 1 0 1 0 0 1 1 0 0 1 1 0 0 0 0 1 0 0 0 0 0 0 0 1 0
40	6	1 0 0 0 0 1 1 0 1 1 1 1 0 1 1 1 1 1 1 1 0 0 1 0 1 1 0 1 0 0 1 1 0 0 1 1 0 0 0 0 1 0 0 0 0 0 0 0 1 1
40	1	1 0 0 0 0 1 1 0 1 1 0 1 0 1 1 1 1 1 1 0 1 0 1 0 1 1 0 1 0 0 1 1 0 0 1 1 0 0 0 0 1 0 0 0 0 0 0 0 1 1
40	4	1 0 0 0 0 1 1 0 1 1 1 1 0 1 1 1 1 1 1 0 1 0 1 0 1 1 0 1 0 0 1 1 0 0 1 1 0 0 0 0 1 0 0 0 0 0 0 0 1 1
40	3	1 0 0 0 0 1 1 0 1 1 1 1 0 1 1 1 1 1 1 1 1 0 1 0 1 1 0 1 0 0 0 1 0 0 1 1 0 0 0 0 1 0 0 0 0 0 0 0 0 1
40	3	1 0 0 0 0 1 1 0 1 1 1 1 0 1 1 1 1 1 1 1 1 0 1 0 1 1 0 1 0 0 1 1 0 0 0 1 0 0 0 0 1 0 0 0 0 0 0 0 1 1
40	1	1 0 0 0 0 1 1 0 1 1 1 1 0 1 1 1 1 1 1 1 1 0 1 0 1 1 0 1 1 0 1 1 0 0 1 1 0 0 0 0 1 0 0 0 0 0 0 0 1 1
40	1	1 0 0 0 0 1 1 0 1 1 1 1 0 1 1 1 1 1 1 1 1 0 1 1 1 1 0 1 0 1 1 1 0 0 1 1 0 0 0 0 1 0 0 0 0 0 0 0 1 1
40	2	1 0 0 0 0 1 1 0 1 1 1 1 0 1 1 1 1 1 1 1 1 0 1 1 1 1 0 1 0 0 1 1 0 0 1 1 0 0 0 0 1 0 0 0 0 0 0 0 1 1
40	2	1 0 0 0 0 1 1 0 1 1 1 1 0 1 1 1 1 1 1 1 1 0 1 0 1 1 0 1 0 0 1 1 0 0 1 1 0 0 0 0 1 0 0 0 0 0 0 0 1 1
40	1	1 1 0 1 0 1 1 1 1 1 1 1 0 1 1 1 0 1 1 0 0 0 1 1 0 1 0 0 0 0 1 1 1 0 1 0 1 0 1 1 0 1 1 0 0 1 0 1 1 1
40	14	1 1 0 1 0 1 1 1 1 1 1 1 0 1 1 1 0 1 0 0 0 0 1 1 0 1 0 0 0 0 1 1 1 0 1 0 1 0 1 1 0 1 1 0 0 1 0 1 1 1
40	1	1 1 0 1 0 1 1 1 1 0 1 1 0 1 1 1 0 1 0 0 0 0 1 1 0 1 0 0 0 0 1 1 0 0 1 0 1 0 1 1 0 1 0 0 0 1 0 1 1 1
40	27	1 1 0 1 0 1 1 1 1 1 1 1 0 1 1 1 0 1 0 0 0 0 1 1 0 1 0 0 0 0 1 1 0 0 1 0 1 0 1 1 0 1 0 0 0 1 0 1 1 1
40	1	1 1 0 1 0 1 1 1 1 0 1 1 0 1 0 1 0 1 0 0 0 0 1 1 0 1 0 0 0 0 1 1 0 0 1 0 1 0 1 1 0 1 1 0 0 1 0 1 1 1
40	7	1 1 0 1 0 1 1 1 1 1 1 1 0 1 0 1 0 1 0 0 0 0 1 1 0 1 0 0 0 0 1 1 0 0 1 0 1 0 1 1 0 1 1 0 0 1 0 1 1 1
50	27	1 0 0 0 0 1 1 0 1 1 1 1 0 1 1 1 1 1 1 1 1 0 1 0 1 1 0 1 0 0 1 1 0 0 1 1 0 0 0 0 1 0 0 0 0 0 0 0 1 0
50	16	1 0 0 0 0 1 1 0 1 1 1 1 0 1 1 1 1 1 1 1 1 0 1 0 1 1 0 1 0 0 1 1 0 1 1 1 0 0 0 0 1 0 0 0 0 0 0 0 1 0
50	1	1 0 0 0 0 1 1 0 1 1 1 1 0 1 1 1 1 1 1 1 1 0 1 0 1 1 0 0 0 0 1 1 0 0 1 1 0 0 0 0 1 0 0 0 0 0 0 0 1 0
50	1	1 0 0 0 0 1 1 0 1 1 1 1 0 1 1 1 1 1 1 1 0 0 1 0 1 1 0 1 0 0 1 1 0 0 1 1 0 0 0 0 1 0 0 0 0 0 0 0 1 0
50	3	1 0 0 0 0 1 1 0 1 1 1 1 0 1 1 1 1 1 1 1 0 0 1 0 1 1 0 1 0 0 1 1 0 0 1 1 0 0 0 0 1 0 0 0 0 0 0 0 1 1
50	2	1 0 0 0 0 1 1 0 1 1 1 1 0 1 1 1 1 1 1 0 1 0 1 0 1 1 0 1 0 0 1 1 0 0 1 1 0 0 0 0 1 0 0 0 0 0 0 0 1 0
50	5	1 0 0 0 0 1 1 0 1 1 1 1 0 1 1 1 1 1 1 0 1 0 1 0 1 1 0 1 0 0 1 1 0 0 1 1 0 0 0 0 1 0 0 0 0 0 0 0 1 1
50	1	1 0 0 0 0 1 1 0 1 1 1 1 0 1 1 1 1 1 1 1 1 0 1 0 1 1 0 1 0 0 0 1 0 0 1 1 0 0 0 0 1 0 0 0 0 0 0 0 1 1
50	2	1 0 0 0 0 1 1 0 1 1 1 1 0 1 1 1 1 1 1 1 1 0 1 1 1 1 0 1 0 0 1 1 0 0 1 1 0 0 0 0 1 0 0 0 0 0 0 0 1 1
50	5	1 1 0 1 0 1 1 1 1 1 1 1 0 1 1 1 0 1 0 0 0 0 1 1 0 1 0 0 0 0 1 1 1 0 1 0 1 0 1 1 0 1 1 0 0 1 0 1 1 1
50	1	1 1 0 1 0 1 1 1 1 1 1 1 0 1 1 1 0 0 0 0 0 0 1 1 0 1 0 0 0 0 1 1 0 0 1 0 1 0 1 1 0 1 0 0 0 1 0 1 1 1
50	1	1 1 0 1 0 1 1 1 1 1 1 1 0 1 1 1 0 1 0 0 0 0 1 1 0 1 0 0 0 0 1 1 0 1 1 0 1 0 1 1 0 1 0 0 0 1 0 1 1 1
50	1	1 1 0 1 0 1 1 1 1 1 1 1 0 1 1 0 0 1 0 0 0 0 1 1 0 1 0 0 0 0 1 1 0 0 1 0 1 0 1 1 0 1 0 0 0 1 0 1 1 1
50	33	1 1 0 1 0 1 1 1 1 1 1 1 0 1 1 1 0 1 0 0 0 0 1 1 0 1 0 0 0 0 1 1 0 0 1 0 1 0 1 1 0 1 0 0 0 1 0 1 1 1
50	1	1 1 0 1 0 1 1 1 1 1 1 1 0 1 0 1 0 1 0 0 0 0 1 1 0 1 0 0 0 0 1 1 0 0 1 0 1 0 1 1 0 1 1 0 0 1 0 1 1 1
60	3	1 1 0 0 1 0 1 1 0 1 0 1 1 0 1 1 1 0 1 0 1 1 1 0 1 0 1 1 1 1 0 1 0 1 0 0 1 0 1 0 0 0 1 1 1 1 0 0 0 0
60	2	1 0 0 0 0 1 1 0 1 1 1 1 0 1 1 1 0 1 1 1 1 0 1 0 1 1 0 1 0 0 1 1 0 0 1 1 0 0 0 0 1 0 0 0 0 0 0 0 1 0
60	17	1 0 0 0 0 1 1 0 1 1 1 1 0 1 1 1 1 1 1 1 1 0 1 0 1 1 0 1 0 0 1 1 0 1 1 1 0 0 0 0 1 0 0 0 0 0 0 0 1 0
60	28	1 0 0 0 0 1 1 0 1 1 1 1 0 1 1 1 1 1 1 1 1 0 1 0 1 1 0 1 0 0 1 1 0 0 1 1 0 0 0 0 1 0 0 0 0 0 0 0 1 0
60	4	1 0 0 0 0 1 1 0 1 1 1 1 0 1 1 1 1 1 1 1 1 0 1 0 1 1 0 0 0 0 1 1 0 0 1 1 0 0 0 0 1 0 0 0 0 0 0 0 1 0
60	1	1 0 0 0 0 1 1 0 1 1 1 1 0 1 1 1 1 1 1 1 0 0 1 0 1 1 0 1 0 0 1 1 0 0 1 1 0 0 0 0 1 0 0 0 0 0 0 0 1 1
60	2	1 0 0 0 0 1 1 0 1 1 1 1 0 1 1 1 1 1 1 0 1 0 1 0 1 1 0 1 0 0 1 1 0 0 1 1 0 0 0 0 1 0 0 0 0 0 0 0 1 1
60	3	1 1 0 1 0 1 1 1 1 1 1 1 0 1 1 1 0 1 0 0 0 0 1 1 0 1 0 0 0 0 1 1 1 0 1 0 1 0 1 1 0 1 1 0 0 1 0 1 1 1
60	3	1 1 0 1 0 1 1 1 1 1 1 1 0 1 1 1 0 1 0 0 0 0 1 1 0 0 0 0 0 0 1 1 0 0 1 0 1 0 1 1 0 1 0 0 0 1 0 1 1 1
60	1	1 1 0 1 0 1 1 1 1 1 1 1 0 1 1 1 0 1 0 0 0 0 1 1 0 1 0 0 0 0 1 1 0 0 1 0 1 0 1 1 0 1 1 0 0 1 0 1 1 1
60	1	1 1 0 1 0 1 1 1 1 1 1 1 0 1 1 1 0 1 0 0 0 0 1 0 0 1 0 0 0 0 1 1 0 0 1 0 1 0 1 1 0 1 0 0 0 1 0 1 1 1
60	1	1 1 0 1 0 1 1 1 1 1 1 1 1 1 1 1 0 1 0 0 0 0 1 1 0 1 0 0 0 0 1 1 0 0 1 0 1 0 1 1 0 1 0 0 0 1 0 1 1 1
60	34	1 1 0 1 0 1 1 1 1 1 1 1 0 1 1 1 0 1 0 0 0 0 1 1 0 1 0 0 0 0 1 1 0 0 1 0 1 0 1 1 0 1 0 0 0 1 0 1 1 1
70	2	1 0 0 0 0 1 1 0 1 1 1 1 0 1 1 1 1 1 1 0 1 0 1 0 1 1 0 1 0 0 1 1 0 0 1 1 0 0 0 0 1 0 0 0 0 0 0 0 1 0
70	1	1 0 0 0 0 1 1 0 1 1 1 0 0 1 1 1 1 1 1 1 1 0 1 0 1 1 0 1 0 0 1 1 0 1 1 1 0 0 0 0 1 0 0 0 0 0 0 0 1 0
70	27	1 0 0 0 0 1 1 0 1 1 1 1 0 1 1 1 1 1 1 1 1 0 1 0 1 1 0 1 0 0 1 1 0 1 1 1 0 0 0 0 1 0 0 0 0 0 0 0 1 0
70	1	1 0 0 0 0 1 1 0 1 1 1 1 0 1 1 1 1 1 1 1 1 0 1 0 1 1 0 1 0 0 1 0 0 0 1 1 0 0 0 0 1 0 0 0 0 0 0 0 1 0
70	27	1 0 0 0 0 1 1 0 1 1 1 1 0 1 1 1 1 1 1 1 1 0 1 0 1 1 0 1 0 0 1 1 0 0 1 1 0 0 0 0 1 0 0 0 0 0 0 0 1 0
70	1	1 0 1 0 0 1 1 0 1 1 1 1 0 1 1 1 1 1 1 1 1 0 1 0 1 1 0 0 0 0 1 1 0 0 1 1 0 0 0 0 1 0 0 0 0 0 0 0 1 0
70	3	1 0 0 0 0 1 1 0 1 1 1 1 0 1 1 1 1 1 1 1 1 0 1 0 1 1 0 0 0 0 1 1 0 0 1 1 0 0 0 0 1 0 0 0 0 0 0 0 1 0
70	1	1 0 0 0 0 1 1 0 1 1 1 1 0 1 1 1 1 1 1 1 0 0 1 0 1 1 0 1 0 0 1 1 0 0 1 1 0 0 0 0 1 0 0 0 0 0 0 0 1 1
70	1	1 1 0 1 0 1 1 1 1 1 1 1 0 1 1 1 0 0 0 0 0 0 1 1 0 1 0 0 0 0 1 1 0 0 1 0 1 0 1 1 0 1 0 0 0 1 0 1 1 1
70	1	1 1 0 1 0 1 1 1 1 1 1 1 0 1 1 1 0 1 0 0 0 0 1 1 0 0 0 0 0 0 1 1 0 0 1 0 1 0 1 1 0 1 0 0 0 1 0 1 1 1
70	4	1 1 0 1 0 1 1 1 1 1 1 1 1 1 1 1 0 1 0 0 0 0 1 1 0 1 0 0 0 0 1 1 0 0 1 0 1 0 1 1 0 1 0 0 0 1 0 1 1 1
70	4	1 1 0 1 0 1 1 1 1 1 1 1 0 1 1 1 0 1 0 0 0 0 0 1 0 1 0 0 0 0 1 1 0 0 1 0 1 0 1 1 0 1 0 0 0 1 0 1 1 1
70	27	1 1 0 1 0 1 1 1 1 1 1 1 0 1 1 1 0 1 0 0 0 0 1 1 0 1 0 0 0 0 1 1 0 0 1 0 1 0 1 1 0 1 0 0 0 1 0 1 1 1
80	1	1 0 0 0 0 1 1 0 1 1 1 1 0 1 1 1 1 1 1 0 1 0 1 0 1 1 0 1 0 0 1 1 0 0 1 1 0 0 0 0 1 0 0 0 0 0 0 0 1 0
80	1	1 0 0 0 0 1 1 0 1 1 1 0 0 1 1 1 1 1 1 1 1 0 1 0 1 1 0 1 0 0 1 1 0 1 1 1 0 0 0 0 1 0 0 0 0 0 0 0 1 0
80	1	1 0 0 0 0 1 1 0 1 1 0 1 0 1 1 1 1 1 1 1 1 0 1 0 1 1 0 1 0 0 1 1 0 1 1 1 0 0 0 0 1 0 0 0 0 0 0 0 1 0
80	1	1 0 0 0 0 1 1 0 1 1 1 1 0 1 1 1 1 1 1 1 1 0 1 0 1 1 0 1 0 0 1 1 1 1 1 1 0 0 0 0 1 0 0 0 0 0 0 0 1 0
80	14	1 0 0 0 0 1 1 0 1 1 1 1 0 1 1 1 1 1 1 1 1 0 1 0 1 1 0 1 0 0 1 1 0 1 1 1 0 0 0 0 1 0 0 0 0 0 0 0 1 0
80	3	1 0 0 0 0 1 1 0 1 1 1 1 0 1 1 1 1 1 1 1 1 0 1 0 1 1 0 1 0 0 1 0 0 0 1 1 0 0 0 0 1 0 0 0 0 0 0 0 1 0
80	14	1 0 0 0 0 1 1 0 1 1 1 1 0 1 1 1 1 1 1 1 1 0 1 0 1 1 0 1 0 0 1 1 0 0 1 1 0 0 0 0 1 0 0 0 0 0 0 0 1 0
80	1	1 0 1 0 0 1 1 0 1 1 1 1 0 1 1 1 1 1 1 1 1 0 1 0 1 1 0 0 0 0 1 1 0 1 1 1 0 0 0 0 1 0 0 0 0 0 0 0 1 0
80	4	1 0 1 0 0 1 1 0 1 1 1 1 0 1 1 1 1 1 1 1 1 0 1 0 1 1 0 0 0 0 1 1 0 0 1 1 0 0 0 0 1 0 0 0 0 0 0 0 1 0
80	10	1 0 0 0 0 1 1 0 1 1 1 1 0 1 1 1 1 1 1 1 1 0 1 0 1 1 0 0 0 0 1 1 0 0 1 1 0 0 0 0 1 0 0 0 0 0 0 0 1 0
80	1	1 0 0 0 0 1 1 0 1 1 1 1 0 1 1 1 1 1 1 1 0 0 1 0 1 1 0 1 0 0 1 1 0 0 1 1 0 0 0 0 1 0 0 0 0 0 0 0 1 1
80	1	1 1 0 1 0 1 1 1 1 1 1 1 0 0 1 1 0 1 0 0 0 0 1 1 0 1 0 0 0 0 1 1 0 0 1 0 1 0 1 1 0 1 0 0 0 1 0 1 1 1
80	1	1 1 0 1 0 1 1 1 1 1 1 1 0 1 1 1 0 1 0 0 0 0 1 1 1 0 0 0 0 0 1 1 0 0 1 0 1 0 1 1 0 1 0 0 0 1 0 1 1 1
80	5	1 1 0 1 0 1 1 1 1 1 1 1 0 1 1 1 0 1 0 0 0 0 1 1 0 0 0 0 0 0 1 1 0 0 1 0 1 0 1 1 0 1 0 0 0 1 0 1 1 1
80	2	1 1 1 1 0 1 1 1 1 1 1 1 1 1 1 1 0 1 0 0 0 0 1 1 0 1 0 0 0 0 1 1 0 0 1 0 1 0 1 1 0 1 0 0 0 1 0 1 1 1
80	4	1 1 0 1 0 1 1 1 1 1 1 1 1 1 1 1 0 1 0 0 0 0 1 1 0 1 0 0 0 0 1 1 0 0 1 0 1 0 1 1 0 1 0 0 0 1 0 1 1 1
80	1	1 1 0 1 0 1 1 1 1 1 1 1 0 1 1 1 0 1 0 0 0 0 0 1 0 1 0 0 0 0 1 1 0 0 1 0 1 0 1 1 0 1 0 0 0 1 0 1 1 1
80	1	1 1 0 1 0 1 1 1 1 1 0 1 0 1 1 1 0 1 0 0 0 0 1 1 0 1 0 0 0 0 1 1 0 0 1 0 1 0 1 1 0 1 0 0 0 1 0 1 1 1
80	2	1 1 0 1 0 1 1 1 1 1 1 1 0 1 1 1 0 0 0 0 0 0 1 1 0 1 0 0 0 0 1 1 0 0 1 0 1 0 1 1 0 1 0 0 0 1 0 1 1 1
80	32	1 1 0 1 0 1 1 1 1 1 1 1 0 1 1 1 0 1 0 0 0 0 1 1 0 1 0 0 0 0 1 1 0 0 1 0 1 0 1 1 0 1 0 0 0 1 0 1 1 1
90	1	1 0 0 0 0 1 1 0 1 1 1 1 0 1 1 1 1 1 1 0 1 0 1 0 1 1 0 1 0 0 1 1 0 0 1 1 0 0 0 0 1 0 0 0 0 0 0 0 1 0
90	1	1 0 0 0 0 1 1 0 1 1 1 0 0 1 1 1 1 1 1 1 1 0 1 0 1 1 0 1 0 0 1 1 0 1 1 1 0 0 0 0 1 0 0 0 0 0 0 0 1 0
90	3	1 0 0 0 0 1 1 0 1 1 1 1 0 1 1 1 1 1 1 1 1 0 1 0 1 1 0 1 0 0 1 1 0 1 1 1 0 0 0 0 1 0 0 0 0 0 0 0 0 0
90	6	1 0 0 0 0 1 1 0 1 1 1 1 0 1 1 1 1 1 1 1 1 0 1 0 1 1 0 1 0 0 1 1 0 1 1 1 0 0 0 0 1 0 0 0 0 0 0 0 1 0
90	1	1 0 0 0 0 1 1 0 1 1 1 1 0 1 1 1 1 1 1 1 1 0 1 0 1 1 0 1 0 0 1 0 0 0 1 1 0 0 0 0 1 0 0 0 0 0 0 0 1 0
90	1	1 0 0 0 0 1 1 0 1 1 1 1 0 1 1 1 1 1 1 1 1 0 1 0 1 1 0 1 0 0 1 1 0 0 1 1 0 0 0 0 1 0 0 0 1 0 0 0 1 0
90	17	1 0 0 0 0 1 1 0 1 1 1 1 0 1 1 1 1 1 1 1 1 0 1 0 1 1 0 1 0 0 1 1 0 0 1 1 0 0 0 0 1 0 0 0 0 0 0 0 1 0
90	2	1 0 1 0 0 1 1 0 1 1 1 1 0 1 1 1 1 1 1 1 1 0 1 0 1 1 0 0 0 0 1 1 0 1 1 1 0 0 0 0 1 0 0 0 0 0 0 0 1 0
90	6	1 0 1 0 0 1 1 0 1 1 1 1 0 1 1 1 1 1 1 1 1 0 1 0 1 1 0 0 0 0 1 1 0 0 1 1 0 0 0 0 1 0 0 0 0 0 0 0 1 0
90	8	1 0 0 0 0 1 1 0 1 1 1 1 0 1 1 1 1 1 1 1 1 0 1 0 1 1 0 0 0 0 1 1 0 0 1 1 0 0 0 0 1 0 0 0 0 0 0 0 1 0
90	1	1 1 0 1 0 1 1 1 1 1 1 1 0 0 1 1 0 1 0 0 0 0 1 1 0 1 0 0 0 0 1 1 0 0 1 0 1 0 1 1 0 1 0 0 0 1 0 1 1 1
90	2	1 1 0 1 0 1 1 1 1 1 1 1 0 1 1 0 0 1 0 0 0 0 1 1 0 0 0 0 0 0 1 1 0 0 1 0 1 0 1 1 0 1 0 0 0 1 0 1 1 1
90	6	1 1 0 1 0 1 1 1 1 1 1 1 0 1 1 1 0 1 0 0 0 0 1 1 0 0 0 0 0 0 1 1 0 0 1 0 1 0 1 1 0 1 0 0 0 1 0 1 1 1
90	1	1 1 1 1 0 1 1 1 1 1 1 1 1 1 1 1 0 1 0 0 0 0 1 1 0 1 0 0 0 0 1 1 0 0 1 0 1 0 1 1 0 1 0 0 0 1 0 1 1 1
90	5	1 1 0 1 0 1 1 1 1 1 1 1 1 1 1 1 0 1 0 0 0 0 1 1 0 1 0 0 0 0 1 1 0 0 1 0 1 0 1 1 0 1 0 0 0 1 0 1 1 1
90	3	1 1 0 1 0 1 1 1 1 1 1 1 0 1 1 1 0 1 0 0 0 0 0 1 0 1 0 0 0 0 1 1 0 0 1 0 1 0 1 1 0 1 0 0 0 1 0 1 1 1
90	1	1 1 0 1 0 1 1 1 1 1 1 1 0 1 1 1 0 1 0 0 0 0 1 1 0 1 0 0 0 0 1 1 0 0 1 0 0 0 1 1 0 1 0 0 0 1 0 1 1 1
90	1	1 1 0 1 0 1 1 1 1 1 1 1 0 1 1 1 0 1 0 0 0 0 1 1 0 1 0 0 0 0 1 1 0 0 1 0 1 0 1 1 0 1 0 0 0 1 0 0 1 1
90	34	1 1 0 1 0 1 1 1 1 1 1 1 0 1 1 1 0 1 0 0 0 0 1 1 0 1 0 0 0 0 1 1 0 0 1 0 1 0 1 1 0 1 0 0 0 1 0 1 1 1
100	5	1 0 0 0 0 1 1 0 1 1 1 1 0 1 1 1 1 1 1 0 1 0 1 0 1 1 0 1 0 0 1 1 0 0 1 1 0 0 0 0 1 0 0 0 0 0 0 0 1 0
100	1	1 0 1 0 0 1 1 0 1 1 1 1 0 1 1 1 1 1 1 1 1 0 1 0 1 1 0 1 0 0 1 1 0 1 1 1 0 0 0 0 1 0 0 0 0 0 0 0 1 0
100	1	1 0 0 0 0 1 1 0 1 1 1 1 0 1 1 1 1 1 1 1 1 0 1 0 1 1 0 1 0 0 1 1 0 1 1 1 0 0 0 0 1 0 0 0 0 1 0 0 1 0
100	10	1 0 0 0 0 1 1 0 1 1 1 1 0 1 1 1 1 1 1 1 1 0 1 0 1 1 0 1 0 0 1 1 0 1 1 1 0 0 0 0 1 0 0 0 0 0 0 0 1 0
100	1	1 0 0 0 0 1 1 0 1 1 1 1 0 1 1 1 1 1 1 1 1 0 1 0 1 1 0 1 0 0 1 1 0 0 1 1 0 0 0 0 1 0 0 0 1 0 0 0 1 0
100	1	1 0 0 0 0 1 1 1 1 1 1 1 0 1 1 1 1 1 1 1 1 0 1 1 1 1 0 1 0 0 1 1 0 0 1 1 0 0 0 0 1 0 0 0 0 0 0 0 1 0
100	22	1 0 0 0 0 1 1 0 1 1 1 1 0 1 1 1 1 1 1 1 1 0 1 0 1 1 0 1 0 0 1 1 0 0 1 1 0 0 0 0 1 0 0 0 0 0 0 0 1 0
100	2	1 0 1 0 0 1 1 0 1 1 1 1 0 1 1 1 1 1 1 1 1 0 1 0 1 1 0 0 0 0 1 1 0 1 1 1 0 0 0 0 1 0 0 0 0 0 0 0 1 0
100	5	1 0 1 0 0 1 1 0 1 1 1 1 0 1 1 1 1 1 1 1 1 0 1 0 1 1 0 0 0 0 1 1 0 0 1 1 0 0 0 0 1 0 0 0 0 0 0 0 1 0
100	4	1 0 0 0 0 1 1 0 1 1 1 1 0 1 1 1 1 1 1 1 1 0 1 0 1 1 0 0 0 0 1 1 0 0 1 1 0 0 0 0 1 0 0 0 0 0 0 0 1 0
100	7	1 1 0 1 0 1 1 1 1 1 1 1 0 1 1 0 0 1 0 0 0 0 1 1 0 0 0 0 0 0 1 1 0 0 1 0 1 0 1 1 0 1 0 0 0 1 0 1 1 1
100	1	1 1 0 1 0 1 1 1 1 1 1 1 1 1 1 1 0 1 0 0 0 0 1 1 0 1 0 0 0 0 1 1 0 1 1 0 1 0 1 1 0 1 0 0 0 1 0 1 1 1
100	1	1 1 0 1 0 1 1 1 1 1 1 1 1 1 1 1 0 1 0 0 0 0 1 1 0 1 0 0 0 0 1 1 0 0 1 0 1 0 1 1 0 1 0 0 0 1 0 1 1 1
100	5	1 1 0 1 0 1 1 1 1 1 1 1 0 1 1 1 0 1 0 0 0 0 0 1 0 1 0 0 0 0 1 1 0 0 1 0 1 0 1 1 0 1 0 0 0 1 0 1 1 1
100	3	1 1 0 1 0 1 1 1 1 1 1 1 0 1 1 1 0 1 0 0 0 0 1 1 0 1 0 0 0 1 1 1 0 0 1 0 1 0 1 1 0 1 0 0 0 1 0 1 1 1
100	1	1 1 0 1 0 1 1 1 1 1 1 1 0 1 1 1 0 0 0 0 0 0 1 1 0 1 0 0 0 0 1 1 0 0 1 0 1 0 1 1 0 1 0 0 0 1 0 1 1 1
100	30	1 1 0 1 0 1 1 1 1 1 1 1 0 1 1 1 0 1 0 0 0 0 1 1 0 1 0 0 0 0 1 1 0 0 1 0 1 0 1 1 0 1 0 0 0 1 0 1 1 1
110	1	1 0 0 0 1 1 1 0 1 1 1 1 0 1 1 1 1 1 1 1 1 0 1 0 1 1 0 1 0 0 1 1 0 0 1 1 0 0 0 0 1 0 0 0 0 0 0 0 1 0
110	2	1 0 0 0 0 1 1 0 1 1 1 1 0 1 1 1 1 1 1 1 1 0 1 0 1 1 0 0 0 0 1 1 0 0 1 1 0 0 0 0 1 0 0 0 0 0 0 0 1 0
110	7	1 0 0 0 0 1 1 0 1 1 1 1 0 1 1 1 1 1 1 1 1 0 1 0 1 1 0 1 0 0 1 1 0 0 1 1 0 0 0 0 1 0 0 0 0 0 0 0 1 0
110	7	1 0 0 0 0 1 1 0 1 1 1 1 0 1 1 1 1 1 1 0 1 0 1 0 1 1 0 1 0 0 1 1 0 0 1 1 0 0 0 0 1 0 0 0 0 0 0 0 1 0
110	1	1 0 0 0 0 1 1 0 1 1 1 0 0 1 1 1 1 1 1 1 1 0 1 0 1 1 0 1 0 0 1 1 0 1 1 1 0 0 0 0 1 0 0 0 0 0 0 0 1 0
110	3	1 0 0 0 0 1 1 0 1 1 1 1 0 1 1 1 1 1 1 1 1 0 1 0 1 1 0 1 0 0 1 1 0 1 1 1 0 0 0 0 1 0 0 0 0 0 0 0 0 0
110	6	1 0 0 0 0 1 1 0 1 1 1 1 0 1 1 1 1 1 1 1 1 0 1 0 1 1 0 1 0 0 1 1 0 1 1 1 0 0 0 0 1 0 0 0 0 0 0 0 1 0
110	1	1 0 1 0 0 1 1 0 1 1 1 1 0 1 1 1 1 1 1 1 1 0 1 0 1 1 0 0 0 0 1 1 0 0 1 0 0 0 0 0 1 0 0 0 0 0 0 0 1 0
110	4	1 0 1 0 1 1 1 0 1 1 1 1 0 1 1 1 1 1 1 1 1 0 1 0 1 1 0 0 0 0 1 1 0 0 1 1 0 0 0 0 0 0 0 0 0 0 0 0 1 0
110	7	1 0 1 0 1 1 1 0 1 1 1 1 0 1 1 1 1 1 1 1 1 0 1 0 1 1 0 0 0 0 1 1 0 0 1 1 0 0 0 0 1 0 0 0 0 0 0 0 1 0
110	5	1 0 1 0 0 1 1 0 1 1 1 1 0 1 0 1 1 1 1 1 1 0 1 0 1 1 0 0 0 0 1 1 0 0 1 1 0 0 0 0 1 0 0 0 0 0 0 0 1 0
110	1	1 0 1 0 0 1 1 0 1 1 1 1 0 1 1 1 1 1 1 0 1 0 1 0 1 1 0 0 0 0 1 1 0 0 1 1 0 0 0 0 1 0 0 0 0 0 0 0 1 0
110	13	1 0 1 0 0 1 1 0 1 1 1 1 0 1 1 1 1 1 1 1 1 0 1 0 1 1 0 0 0 0 1 1 0 0 1 1 0 0 0 0 1 0 0 0 0 0 0 0 1 0
110	4	1 1 0 1 0 1 1 1 1 1 1 1 0 1 1 0 0 1 0 0 0 0 1 1 0 0 0 0 0 0 1 1 0 0 1 0 1 0 1 1 0 1 0 0 0 1 0 1 1 1
110	1	1 1 0 1 0 1 1 1 1 1 1 1 0 1 1 1 0 1 0 0 0 0 1 1 0 0 0 0 0 0 1 1 0 0 1 0 1 0 1 1 0 1 0 0 0 1 0 1 1 1
110	2	1 1 0 1 0 1 1 1 1 1 1 1 0 1 1 1 0 1 0 0 0 0 0 1 0 1 0 0 0 0 1 1 0 0 1 0 1 0 1 1 0 1 0 0 0 1 0 1 1 1
110	4	1 1 0 1 0 1 1 1 1 1 1 1 0 1 1 1 0 1 0 0 0 0 1 1 0 1 0 0 0 1 1 1 0 0 1 0 1 0 1 1 0 1 0 0 0 1 0 1 1 1
110	2	1 1 1 1 0 1 1 1 1 1 1 1 0 1 1 1 0 0 0 0 0 0 1 1 0 1 0 0 0 0 1 1 0 0 1 0 1 0 1 1 0 1 0 0 0 1 0 1 1 1
110	1	1 1 0 1 0 1 1 1 1 1 1 1 0 1 1 1 0 0 0 1 0 0 1 1 0 1 0 0 0 0 1 1 0 0 1 0 1 0 1 1 0 1 0 0 0 1 0 1 1 1
110	1	1 1 0 1 0 1 1 1 1 1 0 1 0 1 1 1 0 0 0 0 0 0 1 1 0 1 0 0 0 0 1 1 0 0 1 0 1 0 1 1 0 1 0 0 0 1 0 1 1 1
110	3	1 1 0 1 0 1 1 1 1 1 1 1 0 1 1 1 0 0 0 0 0 0 1 1 0 1 0 0 0 0 1 1 0 0 1 0 1 0 1 1 0 1 0 0 0 1 0 1 1 1
110	1	1 1 0 1 0 1 1 1 1 1 1 1 0 1 1 1 0 1 0 0 0 0 1 1 0 1 0 0 0 0 1 1 0 0 1 0 0 0 1 1 0 1 0 0 0 1 0 1 1 1
110	7	1 1 0 1 0 1 1 1 1 1 1 1 0 1 1 1 0 1 0 0 0 0 1 1 0 1 0 0 0 0 1 1 0 0 1 0 1 0 1 1 0 1 0 0 0 0 0 1 1 1
110	1	1 1 0 1 0 1 1 1 1 1 1 1 0 1 1 1 0 1 0 0 0 0 1 1 0 1 0 0 0 0 1 1 0 0 1 0 1 0 1 1 0 1 1 0 0 1 0 1 1 1
110	15	1 1 0 1 0 1 1 1 1 1 1 1 0 1 1 1 0 1 0 0 0 0 1 1 0 1 0 0 0 0 1 1 0 0 1 0 1 0 1 1 0 1 0 0 0 1 0 1 1 1
120	9	1 0 0 0 0 1 1 0 1 1 1 1 0 1 1 1 1 1 1 1 1 0 1 0 1 1 0 1 0 0 1 1 0 0 1 1 0 0 0 0 1 0 0 0 0 0 0 0 1 0
120	3	1 0 0 0 0 1 1 0 1 1 1 1 0 1 1 1 1 1 1 0 1 0 1 0 1 1 0 1 0 0 1 1 0 0 1 1 0 0 0 0 1 0 0 0 0 0 0 0 1 0
120	2	1 0 0 0 0 1 1 0 1 1 1 0 0 1 1 1 1 1 1 1 1 0 1 0 1 1 0 1 0 0 1 1 0 1 1 1 0 0 0 0 1 0 0 0 0 0 0 0 1 0
120	1	1 0 0 0 0 1 1 0 1 1 0 1 0 1 1 1 1 1 1 1 1 0 1 0 1 1 0 1 0 0 1 1 0 1 1 1 0 0 0 0 1 0 0 0 0 0 0 0 0 0
120	5	1 0 0 0 0 1 1 0 1 1 1 1 0 1 1 1 1 1 1 1 1 0 1 0 1 1 0 1 0 0 1 1 0 1 1 1 0 0 0 0 1 0 0 0 0 0 0 0 0 0
120	2	1 0 1 0 0 1 1 0 1 1 1 1 0 1 1 1 1 1 1 1 1 0 1 0 1 1 0 0 0 0 1 1 0 0 1 0 0 0 0 0 1 0 0 0 0 0 0 0 1 0
120	10	1 0 1 0 1 1 1 0 1 1 1 1 0 1 1 1 1 1 1 1 1 0 1 0 1 1 0 0 0 0 1 1 0 0 1 1 0 0 0 0 0 0 0 0 0 0 0 0 1 0
120	1	1 0 1 0 1 1 1 0 1 1 1 1 0 1 1 1 1 1 1 1 1 0 1 0 1 1 0 0 0 0 1 0 0 0 1 1 0 0 0 0 1 0 0 0 0 0 0 0 1 0
120	11	1 0 1 0 1 1 1 0 1 1 1 1 0 1 1 1 1 1 1 1 1 0 1 0 1 1 0 0 0 0 1 1 0 0 1 1 0 0 0 0 1 0 0 0 0 0 0 0 1 0
120	1	1 0 1 1 0 1 1 0 1 1 1 1 0 1 1 1 1 1 1 1 1 0 1 0 1 1 0 0 0 0 1 1 0 0 1 1 0 0 0 0 1 0 0 0 0 0 0 0 1 0
120	33	1 0 1 0 0 1 1 0 1 1 1 1 0 1 1 1 1 1 1 1 1 0 1 0 1 1 0 0 0 0 1 1 0 0 1 1 0 0 0 0 1 0 0 0 0 0 0 0 1 0
120	3	1 1 0 1 0 1 1 1 1 1 1 1 0 1 1 0 0 1 0 0 0 0 1 1 0 0 0 0 0 0 1 1 0 0 1 0 1 0 1 1 0 1 0 0 0 1 0 1 1 1
120	3	1 1 0 1 0 1 1 1 1 1 1 1 0 1 1 1 0 1 0 0 0 0 0 1 0 1 0 0 0 0 1 1 0 0 1 0 1 0 1 1 0 1 0 0 0 1 0 1 1 1
120	1	1 1 1 1 0 1 1 1 1 1 1 1 0 1 1 1 0 0 0 0 0 0 1 1 0 1 0 0 0 0 1 1 0 0 1 0 1 0 1 1 0 1 0 0 0 1 0 1 1 1
120	1	1 1 0 1 0 1 1 1 1 1 1 1 0 1 1 1 0 0 0 0 0 0 1 1 0 1 0 0 0 0 1 1 0 0 1 0 1 0 1 1 0 1 0 0 0 1 0 1 1 1
120	3	1 1 0 1 0 1 1 1 1 1 1 1 0 1 1 1 0 1 0 0 0 0 1 1 0 1 0 0 0 0 1 1 0 0 1 0 1 0 1 1 0 1 0 0 0 0 0 1 1 1
120	1	1 1 0 1 0 1 1 1 1 1 1 1 0 0 1 1 0 1 0 0 0 0 1 1 0 1 0 0 0 0 1 1 0 0 1 0 1 0 1 1 0 1 0 0 0 1 0 1 1 1
120	10	1 1 0 1 0 1 1 1 1 1 1 1 0 1 1 1 0 1 0 0 0 0 1 1 0 1 0 0 0 0 1 1 0 0 1 0 1 0 1 1 0 1 0 0 0 1 0 1 1 1
130	1	1 0 0 0 0 1 1 0 1 1 1 1 0 1 1 1 1 1 1 0 1 0 1 0 1 1 0 1 0 0 1 1 0 0 1 1 0 0 0 0 1 0 0 0 0 0 0 0 1 0
130	2	1 0 0 0 0 1 1 0 1 1 1 1 0 1 1 1 1 1 1 1 1 0 1 0 1 1 0 1 0 0 1 1 0 0 1 1 0 0 0 0 1 0 0 0 0 0 0 0 1 0
130	9	1 0 0 0 0 1 1 0 1 1 1 1 0 1 1 1 1 1 1 1 1 0 1 0 1 1 0 1 0 0 1 1 0 1 1 1 0 0 0 0 1 0 0 0 0 0 0 0 0 0
130	1	1 0 1 0 0 1 1 0 1 1 1 1 0 1 1 1 1 1 1 1 1 0 1 0 1 1 0 0 0 0 1 1 0 0 1 0 0 0 0 0 1 0 0 0 0 0 0 0 1 0
130	6	1 0 1 0 1 1 1 1 1 1 1 1 0 1 1 1 1 0 1 1 1 0 1 0 1 1 0 0 0 0 1 1 0 0 1 1 0 0 0 0 0 0 0 0 0 0 0 0 1 0
130	40	1 0 1 0 1 1 1 0 1 1 1 1 0 1 1 1 1 1 1 1 1 0 1 0 1 1 0 0 0 0 1 1 0 0 1 1 0 0 0 0 0 0 0 0 0 0 0 0 1 0
130	2	1 0 1 0 1 1 1 0 1 1 1 1 0 1 1 1 1 1 1 1 1 0 1 0 1 1 0 0 0 0 1 0 0 0 1 1 0 0 0 0 1 0 0 0 0 0 0 0 1 0
130	16	1 0 1 0 1 1 1 0 1 1 1 1 0 1 1 1 1 1 1 1 1 0 1 0 1 1 0 0 0 0 1 1 0 0 1 1 0 0 0 0 1 0 0 0 0 0 0 0 1 0
130	1	1 0 1 0 0 1 1 0 1 1 1 1 0 1 0 1 1 1 1 1 1 0 1 0 1 1 0 0 0 0 1 1 0 0 1 1 0 0 0 0 1 0 0 0 0 0 0 0 1 0
130	17	1 0 1 0 0 1 1 0 1 1 1 1 0 1 1 1 1 1 1 1 1 0 1 0 1 1 0 0 0 0 1 1 0 0 1 1 0 0 0 0 1 0 0 0 0 0 0 0 1 0
130	2	1 1 0 1 0 1 1 1 1 1 1 1 0 1 1 0 0 1 0 0 0 0 1 1 0 0 0 0 0 0 1 1 0 0 1 0 1 0 1 1 0 1 0 0 0 1 0 1 1 1
130	1	1 1 0 1 0 1 1 1 1 1 1 1 0 1 1 1 0 1 0 0 0 0 1 1 0 1 0 0 0 0 1 1 0 0 1 0 1 0 1 1 0 1 0 0 0 0 0 1 1 1
130	2	1 1 0 1 0 1 1 1 1 1 1 1 0 1 1 1 0 1 0 0 0 0 1 1 0 1 0 0 0 0 1 1 0 0 1 0 1 0 1 1 0 1 0 0 0 1 0 1 1 1
140	1	1 0 0 0 0 1 1 0 1 1 1 1 0 1 1 1 1 1 1 1 1 0 1 0 1 1 0 1 0 0 1 1 0 1 1 1 0 0 0 0 1 0 0 0 0 0 0 0 0 0
140	26	1 0 1 0 1 1 1 1 1 1 1 1 0 1 1 1 1 0 1 1 1 0 1 0 1 1 0 0 0 0 1 1 0 0 1 1 0 0 0 0 0 0 0 0 0 0 0 0 1 0
140	3	1 0 1 1 1 1 1 0 1 1 1 1 0 1 1 1 1 1 1 1 1 0 1 0 1 1 0 0 0 0 1 1 0 0 1 1 0 0 0 0 0 0 0 0 0 0 0 0 1 0
140	1	1 0 1 0 1 1 1 0 1 1 1 1 0 1 1 0 1 1 1 1 1 0 1 0 1 1 0 0 0 0 1 1 0 0 1 1 0 0 0 0 0 0 0 0 0 0 0 0 1 0
140	1	1 0 1 0 1 1 1 0 1 1 1 1 0 1 1 1 1 1 1 1 1 0 1 0 1 1 0 0 0 0 1 1 0 0 1 1 0 0 0 0 0 0 0 0 0 0 0 1 1 0
140	1	1 0 1 0 1 1 1 0 1 1 1 1 0 1 1 1 1 1 1 1 1 0 1 0 1 1 0 0 0 0 0 1 0 0 1 1 0 0 0 0 0 0 0 0 0 0 0 0 1 0
140	48	1 0 1 0 1 1 1 0 1 1 1 1 0 1 1 1 1 1 1 1 1 0 1 0 1 1 0 0 0 0 1 1 0 0 1 1 0 0 0 0 0 0 0 0 0 0 0 0 1 0
140	4	1 0 1 0 1 1 1 1 1 1 1 1 0 1 1 1 1 1 1 1 1 0 1 0 1 1 0 0 0 0 1 1 0 0 1 1 0 0 0 0 1 0 0 0 0 0 0 0 1 0
140	11	1 0 1 0 1 1 1 0 1 1 1 1 0 1 1 1 1 1 1 1 1 0 1 0 1 1 0 0 0 0 1 1 0 0 1 1 0 0 0 0 1 0 0 0 0 0 0 0 1 0
140	1	1 0 1 0 0 1 1 0 1 1 1 1 0 1 1 1 1 1 1 1 0 0 1 0 1 1 0 0 0 0 1 1 0 0 1 1 0 0 0 0 1 0 0 0 0 0 0 0 1 0
140	3	1 0 1 0 0 1 1 0 1 1 1 1 0 1 1 1 1 1 1 1 1 0 1 0 1 1 0 0 0 0 1 1 0 0 1 1 0 0 0 0 1 0 0 0 0 0 0 0 1 0
150	2	1 0 0 0 0 1 1 0 1 1 1 1 0 1 1 1 1 1 1 1 1 0 1 0 1 1 0 1 0 0 1 1 0 1 1 1 0 0 0 0 1 0 0 0 0 0 0 0 0 0
150	3	1 0 1 0 1 1 1 1 1 1 1 1 0 1 1 0 1 0 1 1 1 0 1 0 1 1 0 0 0 0 1 1 0 0 1 1 0 0 0 0 0 0 0 0 0 0 0 0 1 0
150	3	1 0 1 0 1 1 1 1 1 1 1 1 0 1 1 1 1 0 1 1 1 0 1 0 1 1 0 1 0 0 1 1 0 0 1 1 0 0 0 0 0 0 0 0 0 0 0 0 1 0
150	35	1 0 1 0 1 1 1 1 1 1 1 1 0 1 1 1 1 0 1 1 1 0 1 0 1 1 0 0 0 0 1 1 0 0 1 1 0 0 0 0 0 0 0 0 0 0 0 0 1 0
150	1	1 0 1 0 1 1 1 0 1 1 1 1 0 1 1 1 1 1 1 1 1 0 1 0 1 1 0 0 0 0 1 1 0 0 1 1 0 0 0 0 0 0 0 1 0 0 0 0 1 0
150	3	1 0 1 0 1 1 1 0 1 1 1 1 0 1 1 1 1 1 1 1 1 0 1 0 1 1 0 0 0 0 1 1 0 0 1 1 0 0 0 1 0 0 0 0 0 0 0 0 1 0
150	4	1 0 1 0 1 1 1 0 1 1 1 1 0 1 1 1 1 1 1 1 1 0 1 0 1 1 0 0 0 0 1 1 0 0 1 1 0 0 0 0 1 0 0 0 0 0 0 0 1 0
150	2	1 0 1 0 1 1 1 0 1 1 1 1 0 1 1 1 1 1 1 1 1 0 1 0 1 1 0 0 1 0 1 1 0 0 1 1 0 0 0 0 0 0 0 0 0 0 0 0 1 0
150	40	1 0 1 0 1 1 1 0 1 1 1 1 0 1 1 1 1 1 1 1 1 0 1 0 1 1 0 0 0 0 1 1 0 0 1 1 0 0 0 0 0 0 0 0 0 0 0 0 1 0
150	7	1 0 1 0 1 1 1 1 1 1 1 1 0 1 1 1 1 1 1 1 1 0 1 0 1 1 0 0 0 0 1 1 0 0 1 1 0 0 0 0 1 0 0 0 0 0 0 0 1 0
160	8	1 0 1 0 1 1 1 1 1 1 1 1 0 1 1 0 1 0 1 1 1 0 1 0 1 1 0 0 0 0 1 1 0 0 1 1 0 0 0 0 0 0 0 0 0 0 0 0 1 0
160	1	1 0 1 0 1 1 1 1 1 1 1 1 0 1 1 1 1 0 0 1 1 0 1 0 1 1 0 0 0 0 1 1 0 0 1 1 0 0 0 0 0 0 0 0 0 0 0 0 1 0
160	2	1 0 1 0 1 1 1 1 1 1 1 1 0 1 1 1 1 0 1 1 1 0 1 0 0 1 0 0 0 0 1 1 0 0 1 1 0 0 0 0 0 0 0 0 0 0 0 0 1 0
160	2	1 0 1 0 1 1 1 1 1 1 1 1 0 1 1 1 1 0 1 1 1 0 1 0 1 1 0 0 0 0 1 1 0 0 1 1 0 0 0 0 1 0 0 0 0 0 0 0 1 0
160	35	1 0 1 0 1 1 1 1 1 1 1 1 0 1 1 1 1 0 1 1 1 0 1 0 1 1 0 0 0 0 1 1 0 0 1 1 0 0 0 0 0 0 0 0 0 0 0 0 1 0
160	1	1 0 1 0 1 1 1 0 1 1 1 1 0 1 1 1 1 1 1 1 1 0 1 0 1 1 0 0 0 0 1 1 0 0 1 1 0 0 0 1 0 0 0 0 0 0 0 0 1 0
160	6	1 0 1 0 1 1 1 0 1 1 1 1 0 1 1 1 1 1 1 1 1 0 1 0 1 1 0 0 0 0 1 1 0 0 1 1 0 0 0 0 1 0 0 0 0 0 0 0 1 0
160	1	1 0 1 0 1 1 1 0 1 1 1 1 0 1 1 1 1 1 0 1 1 0 1 0 1 1 0 0 0 0 1 1 0 0 1 1 0 0 0 0 0 0 0 0 0 0 0 0 1 0
160	42	1 0 1 0 1 1 1 0 1 1 1 1 0 1 1 1 1 1 1 1 1 0 1 0 1 1 0 0 0 0 1 1 0 0 1 1 0 0 0 0 0 0 0 0 0 0 0 0 1 0
160	2	1 0 1 0 1 1 1 1 1 1 1 1 0 1 1 1 1 1 1 1 1 0 1 0 1 1 0 0 0 0 1 1 0 0 1 1 0 0 0 0 1 0 0 0 0 0 0 0 1 0
170	1	1 0 1 0 1 1 1 1 1 1 1 1 0 1 1 0 1 0 1 1 1 1 1 0 1 1 0 0 0 0 1 1 0 0 1 1 0 0 0 0 0 0 0 0 0 0 0 0 1 0
170	1	1 1 1 0 1 1 1 1 1 1 1 1 0 1 1 0 1 0 1 1 1 0 1 0 1 1 0 0 0 0 1 1 0 0 1 1 0 0 0 0 0 0 0 0 0 0 0 0 1 0
170	5	1 0 1 0 1 1 1 1 1 1 1 1 0 1 1 0 1 0 1 1 1 0 1 0 1 1 0 0 0 0 1 1 0 0 1 1 0 0 0 0 0 0 0 0 0 0 0 0 1 0
170	1	1 0 1 0 1 1 1 0 1 1 1 1 0 1 1 1 1 0 1 1 1 0 1 0 0 1 0 0 0 0 1 1 0 0 1 1 0 0 0 0 0 0 0 0 0 0 0 0 1 0
170	3	1 0 1 0 1 1 1 1 1 1 1 1 0 1 1 1 1 0 1 1 1 0 1 0 1 1 0 0 0 0 1 1 0 0 1 0 0 0 0 0 0 0 0 0 0 0 0 0 1 0
170	1	1 0 1 0 1 1 1 1 1 1 1 1 0 1 1 1 1 0 1 1 1 0 1 0 1 1 0 0 0 0 1 1 0 0 1 1 0 0 0 0 1 0 0 0 0 0 0 0 1 0
170	1	1 0 1 0 1 1 1 1 1 1 1 1 0 1 0 1 1 0 1 1 1 0 1 0 1 1 0 0 0 0 1 1 0 0 1 1 0 0 0 0 0 0 0 0 0 0 0 0 1 0
170	1	1 0 1 0 1 1 1 1 1 1 1 1 0 1 1 1 1 0 1 1 1 0 1 0 1 1 0 0 0 0 1 1 0 1 1 1 0 0 0 0 0 0 0 0 0 0 0 0 1 0
170	61	1 0 1 0 1 1 1 1 1 1 1 1 0 1 1 1 1 0 1 1 1 0 1 0 1 1 0 0 0 0 1 1 0 0 1 1 0 0 0 0 0 0 0 0 0 0 0 0 1 0
170	2	1 0 1 0 1 1 1 0 1 1 1 1 0 1 1 1 1 1 1 1 1 0 1 0 1 1 0 0 0 0 1 1 0 0 1 1 0 0 0 1 0 0 0 0 0 0 0 0 1 0
170	5	1 0 1 0 1 1 1 0 1 1 1 1 0 1 1 1 1 1 1 1 1 0 1 0 1 1 0 0 0 0 1 1 0 0 1 1 0 0 0 0 1 0 0 0 0 0 0 0 1 0
170	1	1 0 1 0 1 1 1 0 1 1 1 1 0 1 1 1 1 1 1 1 1 0 1 0 1 1 0 0 0 1 1 1 0 0 1 1 0 0 0 0 0 0 0 0 0 0 0 0 1 0
170	16	1 0 1 0 1 1 1 0 1 1 1 1 0 1 1 1 1 1 1 1 1 0 1 0 1 1 0 0 0 0 1 1 0 0 1 1 0 0 0 0 0 0 0 0 0 0 0 0 1 0
170	1	1 0 1 0 1 1 1 1 1 1 1 1 0 1 1 1 1 1 1 1 1 0 1 0 1 1 0 0 0 0 1 1 0 0 1 1 0 0 0 0 1 0 0 0 0 0 0 0 1 0
180	5	1 0 1 0 1 1 1 1 1 1 1 1 0 1 1 0 1 0 1 1 1 0 1 0 1 1 0 0 0 0 1 1 0 0 1 1 0 0 0 0 0 0 0 0 0 0 0 0 1 0
180	4	1 0 1 0 1 1 1 1 1 1 1 1 0 1 1 1 1 0 1 1 1 0 1 0 1 1 0 0 0 0 1 1 0 0 1 0 0 0 0 0 0 0 0 0 0 0 0 0 1 0
180	1	1 0 1 0 1 1 1 1 1 1 1 1 0 1 1 1 1 0 1 1 1 0 1 0 1 1 0 0 0 0 1 1 0 0 1 1 0 0 0 0 0 0 0 0 0 0 0 1 1 0
180	1	1 0 1 0 1 1 1 1 1 1 1 1 0 1 1 1 1 0 1 1 1 0 1 0 1 1 0 0 0 0 1 1 0 1 1 1 0 0 0 0 0 0 0 0 0 0 0 0 1 0
180	1	1 0 1 1 1 1 1 1 1 1 1 1 0 1 1 1 1 0 1 1 1 0 1 0 1 1 0 0 0 0 1 1 0 0 1 1 0 0 0 0 0 0 0 0 0 0 0 0 1 0
180	2	1 0 1 0 1 1 1 1 1 1 1 1 0 1 1 1 1 0 1 1 1 0 1 1 1 1 0 0 0 0 1 1 0 0 1 1 0 0 0 0 0 0 0 0 0 0 0 0 1 0
180	1	1 0 1 0 1 1 1 1 1 1 1 1 0 1 1 1 1 0 1 1 1 0 1 0 1 1 1 0 0 0 1 1 0 0 1 1 0 0 0 0 0 0 0 0 0 0 0 0 1 0
180	65	1 0 1 0 1 1 1 1 1 1 1 1 0 1 1 1 1 0 1 1 1 0 1 0 1 1 0 0 0 0 1 1 0 0 1 1 0 0 0 0 0 0 0 0 0 0 0 0 1 0
180	2	1 0 1 0 1 1 1 0 1 1 1 1 0 1 1 1 1 1 1 1 1 0 1 0 1 1 0 1 0 0 1 1 0 0 1 1 0 0 0 0 0 0 0 0 0 0 0 0 1 0
180	18	1 0 1 0 1 1 1 0 1 1 1 1 0 1 1 1 1 1 1 1 1 0 1 0 1 1 0 0 0 0 1 1 0 0 1 1 0 0 0 0 0 0 0 0 0 0 0 0 1 0
190	5	1 0 1 0 1 1 1 1 1 1 1 1 0 1 1 0 1 0 1 1 1 0 1 0 1 1 0 0 0 0 1 1 0 0 1 1 0 0 0 0 0 0 0 0 0 0 0 0 1 0
190	3	1 0 1 0 1 1 1 1 1 1 1 1 0 1 1 1 1 0 1 1 1 0 1 0 1 1 0 0 0 0 1 1 0 0 1 0 0 0 0 0 0 0 0 0 0 0 0 0 1 0
190	8	1 0 1 1 1 1 1 1 1 1 1 1 0 1 1 1 1 0 1 1 1 0 1 0 1 1 0 0 0 0 1 1 0 0 1 1 0 0 0 0 0 0 0 0 0 0 0 0 1 0
190	1	1 0 1 0 1 1 1 1 1 1 1 1 0 1 1 1 1 0 1 1 1 0 1 0 1 1 1 0 0 0 1 1 0 0 1 1 0 0 0 0 0 0 0 0 0 0 0 0 1 0
190	67	1 0 1 0 1 1 1 1 1 1 1 1 0 1 1 1 1 0 1 1 1 0 1 0 1 1 0 0 0 0 1 1 0 0 1 1 0 0 0 0 0 0 0 0 0 0 0 0 1 0
190	1	1 0 1 0 1 1 1 0 1 1 1 1 0 1 1 1 1 1 1 1 1 0 1 0 1 1 0 0 0 0 1 1 0 0 1 1 0 0 0 1 0 0 0 0 0 0 0 0 1 1
190	1	1 0 1 0 1 1 1 0 1 1 1 1 0 1 1 1 1 1 1 1 1 0 1 0 1 1 0 0 0 0 1 0 0 0 1 1 0 0 0 0 0 0 0 0 0 0 0 0 1 0
190	14	1 0 1 0 1 1 1 0 1 1 1 1 0 1 1 1 1 1 1 1 1 0 1 0 1 1 0 0 0 0 1 1 0 0 1 1 0 0 0 0 0 0 0 0 0 0 0 0 1 0
200	8	1 0 1 0 1 1 1 1 1 1 1 1 0 1 1 0 1 0 1 1 1 0 1 0 1 1 0 0 0 0 1 1 0 0 1 1 0 0 0 0 0 0 0 0 0 0 0 0 1 0
200	1	1 0 1 0 1 1 1 1 1 1 1 1 0 1 1 1 1 0 1 1 1 0 1 0 1 1 0 0 0 0 1 1 0 0 1 0 0 0 0 0 0 0 0 0 0 0 0 0 1 0
200	1	1 0 1 0 1 1 1 1 1 1 1 1 0 1 0 1 1 0 1 1 1 0 1 0 1 1 0 0 0 0 1 1 0 0 1 1 0 0 0 0 0 0 0 0 0 0 0 0 1 0
200	2	1 1 1 1 1 1 1 1 1 1 1 1 0 1 1 1 1 0 1 1 1 0 1 0 1 1 0 0 0 0 1 1 0 0 1 1 0 0 0 0 0 0 0 0 0 0 0 0 1 0
200	2	1 0 1 1 1 1 1 1 1 1 1 1 0 1 1 1 1 0 1 1 1 0 1 1 1 1 0 0 0 0 1 1 0 0 1 1 0 0 0 0 0 0 0 0 0 0 0 0 1 0
200	19	1 0 1 1 1 1 1 1 1 1 1 1 0 1 1 1 1 0 1 1 1 0 1 0 1 1 0 0 0 0 1 1 0 0 1 1 0 0 0 0 0 0 0 0 0 0 0 0 1 0
200	1	1 0 1 0 1 1 1 1 1 1 1 1 0 1 1 1 1 0 1 1 1 0 1 0 1 1 1 0 0 0 1 1 0 0 1 1 0 0 0 0 0 0 0 0 0 0 0 0 1 0
200	1	1 0 1 0 1 0 1 1 1 1 1 1 0 1 1 1 1 0 1 1 1 0 1 0 1 1 0 0 0 0 1 1 0 0 1 1 0 0 0 0 0 0 0 0 0 0 0 0 1 0
200	62	1 0 1 0 1 1 1 1 1 1 1 1 0 1 1 1 1 0 1 1 1 0 1 0 1 1 0 0 0 0 1 1 0 0 1 1 0 0 0 0 0 0 0 0 0 0 0 0 1 0
200	1	1 0 1 0 1 1 1 0 1 1 1 1 0 1 1 1 1 1 1 1 1 0 1 0 1 1 0 0 0 0 1 1 0 0 1 1 0 0 0 0 0 0 0 0 0 0 1 0 1 1
200	2	1 0 1 0 1 1 1 0 1 1 1 1 0 1 1 1 1 1 1 1 1 0 1 0 1 1 0 0 0 0 1 1 0 0 1 1 0 0 0 0 0 0 0 0 0 0 0 0 1 0
210	2	1 0 1 0 1 1 1 1 1 1 1 1 0 1 1 0 1 0 1 1 1 0 1 0 1 1 0 0 0 0 1 1 0 0 1 1 0 0 0 0 0 0 0 0 0 0 0 0 0 0
210	4	1 0 1 0 1 1 1 1 1 1 1 1 0 1 1 0 1 0 1 1 1 0 1 0 1 1 0 0 0 0 1 1 0 0 1 1 0 0 0 0 0 0 0 0 0 0 0 0 1 0
210	2	1 0 1 0 1 1 1 1 1 1 1 1 0 1 1 1 1 0 1 1 1 0 1 0 1 1 0 0 0 0 1 1 0 0 1 0 0 0 0 0 0 0 0 0 0 0 0 0 1 0
210	1	1 0 1 0 1 1 1 1 1 1 1 1 0 1 0 1 1 0 1 1 1 0 1 0 1 1 0 0 0 0 1 1 0 0 1 1 0 0 0 0 0 0 0 0 0 0 0 0 1 0
210	2	1 0 0 1 1 1 1 1 1 1 1 1 0 1 1 1 1 0 1 1 1 0 1 0 1 1 0 0 0 0 1 1 0 0 1 1 0 0 0 0 0 0 0 0 0 0 0 0 1 0
210	2	1 1 1 1 1 1 1 1 1 1 1 1 0 1 1 1 1 0 1 1 1 0 1 0 1 1 0 0 0 0 1 1 0 0 1 1 0 0 0 0 0 0 0 0 0 0 0 0 1 0
210	21	1 0 1 1 1 1 1 1 1 1 1 1 0 1 1 1 1 0 1 1 1 0 1 0 1 1 0 0 0 0 1 1 0 0 1 1 0 0 0 0 0 0 0 0 0 0 0 0 1 0
210	1	1 0 1 0 1 1 1 1 1 1 0 1 0 1 1 1 1 0 1 1 1 0 1 0 1 1 0 0 0 0 1 1 0 0 1 1 0 0 0 0 0 0 0 0 0 0 0 0 1 0
210	1	1 0 1 0 1 1 1 1 1 1 1 1 0 1 1 1 1 0 1 1 1 0 1 0 1 1 0 0 0 0 1 1 0 0 1 1 0 0 0 0 1 0 0 0 0 0 0 0 1 0
210	1	1 0 1 0 1 1 1 1 0 1 1 1 0 1 1 1 1 0 1 1 1 0 1 0 1 1 0 0 0 0 1 1 0 0 1 1 0 0 0 0 0 0 0 0 0 0 0 0 1 0
210	1	1 0 1 0 1 1 1 1 1 1 1 1 0 1 1 1 1 0 1 1 1 0 1 0 1 1 0 0 0 1 1 1 0 0 1 1 0 0 0 0 0 0 0 0 0 0 0 0 1 0
210	1	0 0 1 0 1 1 1 1 1 1 1 1 0 1 1 1 1 0 1 1 1 0 1 0 1 1 0 0 0 0 1 1 0 0 1 1 0 0 0 0 0 0 0 0 0 0 0 0 1 0
210	61	1 0 1 0 1 1 1 1 1 1 1 1 0 1 1 1 1 0 1 1 1 0 1 0 1 1 0 0 0 0 1 1 0 0 1 1 0 0 0 0 0 0 0 0 0 0 0 0 1 0
220	4	1 0 1 0 1 1 1 1 1 1 1 1 0 1 1 0 1 0 1 1 1 0 1 0 1 1 0 0 0 0 1 1 0 0 1 1 0 0 0 0 0 0 0 0 0 0 0 0 0 0
220	1	1 0 1 0 1 1 1 1 1 1 1 1 0 1 1 0 1 0 1 1 1 0 1 0 1 1 0 0 0 0 1 1 0 0 1 1 0 0 0 0 0 0 0 0 0 0 0 0 1 0
220	1	1 0 1 0 1 1 1 1 1 1 1 1 0 1 1 1 1 0 1 1 1 0 1 0 1 1 0 0 0 0 1 1 0 0 1 0 0 0 0 0 0 0 0 0 0 0 0 0 0 0
220	4	1 0 1 0 1 1 1 1 1 1 1 1 0 1 1 1 1 0 1 1 1 0 1 0 1 1 0 0 0 0 1 1 0 0 1 0 0 0 0 0 0 0 0 0 0 0 0 0 1 0
220	7	1 1 1 1 1 1 1 1 1 1 1 1 0 1 1 1 1 0 1 1 1 0 1 0 1 1 0 0 0 0 1 1 0 0 1 1 0 0 0 0 0 0 0 0 0 0 0 0 1 0
220	1	1 0 1 0 1 1 1 1 1 1 1 1 0 1 1 1 1 0 1 1 1 0 1 0 1 0 0 0 0 0 1 1 0 0 1 1 0 0 0 0 0 0 0 0 0 0 0 0 1 0
220	2	1 0 1 0 1 1 1 1 1 1 1 1 0 0 1 1 1 0 1 1 1 0 1 0 1 1 0 0 0 0 1 1 0 0 1 1 0 0 0 0 0 0 0 0 0 0 0 0 1 0
220	1	1 0 1 1 1 1 1 1 1 1 1 1 0 1 1 1 1 0 1 1 1 0 1 0 1 1 0 0 0 0 1 1 0 0 1 1 0 0 0 0 0 0 0 1 0 0 0 0 1 0
220	30	1 0 1 1 1 1 1 1 1 1 1 1 0 1 1 1 1 0 1 1 1 0 1 0 1 1 0 0 0 0 1 1 0 0 1 1 0 0 0 0 0 0 0 0 0 0 0 0 1 0
220	1	1 0 1 0 1 1 1 1 1 1 1 1 0 1 1 1 1 0 0 1 1 0 1 0 1 1 0 0 0 0 1 1 0 0 1 1 0 0 0 0 0 0 0 0 0 0 0 0 1 0
220	44	1 0 1 0 1 1 1 1 1 1 1 1 0 1 1 1 1 0 1 1 1 0 1 0 1 1 0 0 0 0 1 1 0 0 1 1 0 0 0 0 0 0 0 0 0 0 0 0 1 0
220	1	1 0 1 1 1 1 1 1 1 1 1 1 0 1 1 1 1 0 1 1 1 0 1 0 1 1 0 0 0 0 1 0 0 0 1 1 0 0 0 0 0 0 0 0 0 0 0 0 1 0
220	1	1 0 1 1 1 1 1 1 1 1 1 1 0 1 1 1 1 0 1 1 1 0 1 0 1 1 0 0 1 0 1 1 0 0 1 1 0 0 0 0 0 0 0 0 0 0 0 0 1 0
220	2	1 0 1 0 1 1 1 1 1 1 1 1 0 1 1 1 1 0 1 1 1 0 1 0 1 1 0 0 0 0 1 1 0 0 1 1 0 0 0 0 1 0 0 0 0 0 0 0 1 0
230	5	1 0 1 0 1 1 1 1 1 1 1 1 0 1 1 0 1 0 1 1 1 0 1 0 1 1 0 0 0 0 1 1 0 0 1 1 0 0 0 0 0 0 0 0 0 0 0 0 0 0
230	1	1 0 1 0 1 1 1 1 1 0 1 1 0 1 1 0 1 0 1 1 1 0 1 0 1 1 0 0 0 0 1 1 0 0 1 1 0 0 0 0 0 0 0 0 0 0 0 0 1 0
230	1	1 0 1 0 1 1 1 1 1 1 1 1 0 1 1 0 1 0 1 1 1 0 1 0 1 1 0 0 0 0 1 1 0 0 1 1 0 0 0 0 0 0 0 0 0 0 0 0 1 0
230	3	1 0 1 0 1 1 1 1 1 1 1 1 0 1 1 1 1 0 1 1 1 0 1 0 1 1 0 0 0 0 1 1 0 0 1 0 0 0 0 0 0 0 0 0 0 0 0 0 1 0
230	1	1 1 1 1 1 1 1 1 0 1 1 1 0 1 1 1 1 0 1 1 1 0 1 0 1 1 0 0 0 0 1 1 0 0 1 1 0 0 0 0 0 0 0 0 0 0 0 0 1 0
230	5	1 1 1 1 1 1 1 1 1 1 1 1 0 1 1 1 1 0 1 1 1 0 1 0 1 1 0 0 0 0 1 1 0 0 1 1 0 0 0 0 0 0 0 0 0 0 0 0 1 0
230	1	1 0 1 0 1 1 1 1 1 1 1 1 0 1 1 1 1 0 1 1 1 0 1 0 1 0 0 0 0 0 1 1 0 0 1 1 0 0 0 0 0 0 0 0 0 0 0 0 1 0
230	1	1 0 0 0 1 1 1 1 1 1 1 1 0 1 1 1 1 0 1 1 1 0 1 0 1 1 0 0 0 0 1 1 0 0 1 1 0 0 0 0 0 0 0 0 0 0 0 0 1 0
230	2	1 0 1 1 1 1 1 1 1 1 1 1 0 1 1 1 1 0 1 1 1 0 1 0 1 1 0 0 0 0 1 1 1 0 1 1 0 0 0 0 0 0 0 0 0 0 0 0 1 0
230	52	1 0 1 1 1 1 1 1 1 1 1 1 0 1 1 1 1 0 1 1 1 0 1 0 1 1 0 0 0 0 1 1 0 0 1 1 0 0 0 0 0 0 0 0 0 0 0 0 1 0
230	1	1 0 1 0 1 1 1 1 1 1 1 1 0 1 1 1 1 0 1 1 1 0 1 0 1 1 0 0 0 0 1 1 0 0 1 1 0 0 0 0 0 0 1 0 0 0 0 0 1 0
230	27	1 0 1 0 1 1 1 1 1 1 1 1 0 1 1 1 1 0 1 1 1 0 1 0 1 1 0 0 0 0 1 1 0 0 1 1 0 0 0 0 0 0 0 0 0 0 0 0 1 0
240	7	1 0 1 0 1 1 1 1 1 1 1 1 0 1 1 0 1 0 1 1 1 0 1 0 1 1 0 0 0 0 1 1 0 0 1 1 0 0 0 0 0 0 0 0 0 0 0 0 0 0
240	1	1 0 1 0 1 1 1 1 1 1 1 1 0 1 1 0 1 0 1 1 1 0 1 0 1 1 0 0 0 0 1 1 0 0 1 1 0 0 0 0 0 0 0 0 0 0 0 0 1 0
240	2	1 0 1 0 1 1 1 1 1 1 1 1 0 1 1 1 1 0 1 1 1 0 1 0 1 1 0 0 0 0 1 1 0 0 1 0 0 0 0 0 0 0 0 0 0 0 0 0 1 0
240	1	1 1 1 1 1 1 1 1 1 1 1 1 0 1 1 1 1 0 1 1 1 0 1 0 1 1 0 0 0 0 1 1 0 1 1 1 0 0 0 0 0 0 0 0 0 0 0 0 1 0
240	3	1 1 1 1 1 1 1 1 0 1 1 1 0 1 1 1 1 0 1 1 1 0 1 0 1 1 0 0 0 0 1 1 0 0 1 1 0 0 0 0 0 0 0 0 0 0 0 0 1 0
240	14	1 1 1 1 1 1 1 1 1 1 1 1 0 1 1 1 1 0 1 1 1 0 1 0 1 1 0 0 0 0 1 1 0 0 1 1 0 0 0 0 0 0 0 0 0 0 0 0 1 0
240	1	1 0 1 0 1 1 1 1 1 1 1 1 0 1 1 1 1 0 1 1 1 0 1 0 1 0 0 0 0 0 1 1 0 0 1 1 0 0 0 0 0 0 0 0 0 0 0 0 1 0
240	1	1 0 1 1 1 1 1 1 1 1 1 1 0 1 1 1 1 0 1 1 1 0 1 0 1 1 0 0 0 0 1 1 1 0 1 1 0 0 0 0 0 0 0 0 0 0 0 0 1 0
240	2	1 0 1 1 1 1 1 1 1 1 1 0 0 1 1 1 1 0 1 1 1 0 1 0 1 1 0 0 0 0 1 1 0 0 1 1 0 0 0 0 0 0 0 0 0 0 0 0 1 0
240	55	1 0 1 1 1 1 1 1 1 1 1 1 0 1 1 1 1 0 1 1 1 0 1 0 1 1 0 0 0 0 1 1 0 0 1 1 0 0 0 0 0 0 0 0 0 0 0 0 1 0
240	13	1 0 1 0 1 1 1 1 1 1 1 1 0 1 1 1 1 0 1 1 1 0 1 0 1 1 0 0 0 0 1 1 0 0 1 1 0 0 0 0 0 0 0 0 0 0 0 0 1 0
250	9	1 0 1 0 1 1 1 1 1 1 1 1 0 1 1 0 1 0 1 1 1 0 1 0 1 1 0 0 0 0 1 1 0 0 1 1 0 0 0 0 0 0 0 0 0 0 0 0 0 0
250	2	1 0 1 0 1 1 1 1 1 1 1 1 0 1 1 0 1 0 1 1 1 0 1 0 1 1 0 0 0 0 1 1 0 0 1 1 0 0 0 0 0 0 0 0 0 0 0 0 1 0
250	2	1 0 1 0 1 1 1 1 1 1 1 1 0 1 1 1 1 0 1 1 1 0 1 0 1 1 0 0 0 0 1 1 0 0 1 0 0 0 0 0 0 0 0 0 0 0 0 0 1 0
250	1	1 1 1 1 1 1 1 1 0 1 1 1 0 1 1 1 1 0 1 1 1 0 1 0 1 1 0 0 0 0 1 1 0 0 1 1 0 0 0 0 0 0 0 0 0 0 0 0 1 0
250	20	1 1 1 1 1 1 1 1 1 1 1 1 0 1 1 1 1 0 1 1 1 0 1 0 1 1 0 0 0 0 1 1 0 0 1 1 0 0 0 0 0 0 0 0 0 0 0 0 1 0
250	1	1 0 1 1 1 1 1 1 1 1 1 1 0 1 1 1 1 0 1 1 1 0 1 0 1 1 0 0 0 0 1 1 1 0 1 1 0 0 0 0 0 0 0 0 0 0 0 0 1 0
250	2	1 0 1 1 1 1 1 1 1 1 1 0 0 1 1 1 1 0 1 1 1 0 1 0 1 1 0 0 0 0 1 1 0 0 1 1 0 0 0 0 0 0 0 0 0 0 0 0 1 0
250	1	1 0 1 1 1 1 1 1 1 1 1 1 0 1 1 1 0 0 1 1 1 0 1 0 1 1 0 0 0 0 1 1 0 0 1 1 0 0 0 0 0 0 0 0 0 0 0 0 1 0
250	1	1 0 1 1 1 1 1 1 1 1 1 1 0 1 1 1 1 0 1 1 1 0 1 0 1 1 0 0 0 0 1 1 0 0 1 1 1 0 0 0 0 0 0 0 0 0 0 0 1 0
250	1	1 0 1 1 1 1 1 1 1 1 1 1 0 1 1 1 1 0 1 1 1 0 1 0 1 1 0 0 0 0 1 1 0 0 1 1 0 0 0 0 0 0 1 0 0 0 0 0 1 0
250	1	1 0 0 1 1 1 1 1 1 1 1 1 0 1 1 1 1 0 1 1 1 0 1 0 1 1 0 0 0 0 1 1 0 0 1 1 0 0 0 0 0 0 0 0 0 0 0 0 1 0
250	54	1 0 1 1 1 1 1 1 1 1 1 1 0 1 1 1 1 0 1 1 1 0 1 0 1 1 0 0 0 0 1 1 0 0 1 1 0 0 0 0 0 0 0 0 0 0 0 0 1 0
250	5	1 0 1 0 1 1 1 1 1 1 1 1 0 1 1 1 1 0 1 1 1 0 1 0 1 1 0 0 0 0 1 1 0 0 1 1 0 0 0 0 0 0 0 0 0 0 0 0 1 0
260	6	1 0 1 0 1 1 1 1 1 1 1 1 0 1 1 0 1 0 1 1 1 0 1 0 1 1 0 0 0 0 1 1 0 0 1 1 0 0 0 0 0 0 0 0 0 0 0 0 0 0
260	1	1 0 1 0 1 1 1 1 1 1 1 1 0 1 1 1 1 0 1 1 1 0 1 0 1 1 0 0 0 0 1 1 0 0 1 0 0 0 0 0 0 0 0 0 0 0 0 0 1 0
260	1	1 1 1 1 1 1 1 1 1 1 1 1 0 1 1 1 1 0 1 1 1 0 1 0 1 1 0 0 0 0 1 1 0 0 1 1 0 0 1 0 0 0 0 0 0 0 0 0 1 0
260	2	1 1 1 1 1 1 1 1 1 1 1 1 0 1 1 1 1 0 1 1 1 0 1 0 1 1 0 0 1 0 1 1 0 0 1 1 0 0 0 0 0 0 0 0 0 0 0 0 1 0
260	1	1 1 1 1 1 1 1 1 1 1 1 1 0 1 1 1 1 0 1 1 1 0 1 0 1 1 0 0 0 1 1 1 0 0 1 1 0 0 0 0 0 0 0 0 0 0 0 0 1 0
260	1	1 1 1 1 1 1 1 1 1 1 1 1 0 1 1 1 1 0 1 1 0 0 1 0 1 1 0 0 0 0 1 1 0 0 1 1 0 0 0 0 0 0 0 0 0 0 0 0 1 0
260	38	1 1 1 1 1 1 1 1 1 1 1 1 0 1 1 1 1 0 1 1 1 0 1 0 1 1 0 0 0 0 1 1 0 0 1 1 0 0 0 0 0 0 0 0 0 0 0 0 1 0
260	1	1 0 1 1 1 1 1 1 1 1 1 1 0 1 1 1 0 0 1 1 1 0 1 0 1 1 0 0 0 0 1 1 0 0 1 1 0 0 0 0 0 0 0 0 0 0 0 0 1 0
260	1	1 0 1 1 1 1 1 1 1 1 1 1 0 1 1 1 1 0 1 1 1 0 1 0 1 1 0 0 0 0 1 1 0 0 1 1 0 0 0 0 0 0 0 0 1 0 0 0 1 0
260	1	1 0 0 1 1 1 1 1 1 1 1 1 0 1 1 1 1 0 1 1 1 0 1 0 1 1 0 0 0 0 1 1 0 0 1 1 0 0 0 0 0 0 0 0 0 0 0 0 1 0
260	4	1 0 1 0 1 1 1 1 1 1 1 1 0 1 1 1 1 0 1 1 1 0 1 0 1 1 0 0 0 0 1 1 0 0 1 1 0 0 0 0 0 0 0 0 0 0 0 0 1 0
260	2	1 0 1 1 1 1 1 1 1 1 1 1 0 1 1 1 1 0 1 1 1 0 1 0 1 1 0 1 0 0 1 1 0 0 1 1 0 0 0 0 0 0 0 0 0 0 0 0 1 0
260	1	1 0 1 1 1 1 1 1 1 1 0 1 0 1 1 1 1 0 1 1 1 0 1 0 1 1 0 0 0 0 1 1 0 0 1 1 0 0 0 0 0 0 0 0 0 0 0 0 1 0
260	39	1 0 1 1 1 1 1 1 1 1 1 1 0 1 1 1 1 0 1 1 1 0 1 0 1 1 0 0 0 0 1 1 0 0 1 1 0 0 0 0 0 0 0 0 0 0 0 0 1 0
260	1	1 0 1 0 1 1 1 1 1 1 1 1 0 1 1 1 1 0 1 1 1 0 1 0 1 1 0 0 0 0 1 1 0 0 1 1 0 0 0 0 0 0 0 0 0 0 0 0 0 0
270	2	1 0 1 0 0 1 1 1 1 1 1 1 0 1 1 0 1 0 1 1 1 0 1 0 1 1 0 0 0 0 1 1 0 0 1 1 0 0 0 0 0 0 0 0 0 0 0 0 0 0
270	2	1 0 1 0 1 1 1 1 1 1 1 1 0 1 1 0 1 0 1 1 1 0 1 0 1 1 0 0 0 0 1 1 0 0 1 1 0 0 0 0 0 0 0 0 0 0 0 0 0 0
270	1	1 0 1 0 1 1 1 1 1 1 1 1 0 1 1 0 1 0 1 1 1 0 1 0 1 1 0 0 0 0 1 1 0 0 1 1 0 0 0 0 0 0 0 0 0 0 0 0 1 0
270	1	1 0 1 0 1 1 1 1 1 1 1 1 0 1 1 1 1 0 1 1 1 0 1 0 1 1 0 0 0 0 1 1 0 0 1 0 0 0 0 0 0 0 0 0 0 0 0 0 1 0
270	1	1 1 1 1 1 1 1 1 1 1 1 1 0 1 1 1 1 0 1 1 1 0 1 0 1 1 0 0 0 0 1 1 0 0 1 1 0 0 1 0 0 0 0 0 0 0 0 0 1 0
270	4	1 1 1 1 1 1 1 1 1 1 1 1 0 1 1 1 1 0 1 1 1 0 1 0 1 1 0 0 1 0 1 1 0 0 1 1 0 0 0 0 0 0 0 0 0 0 0 0 1 0
270	2	1 1 1 1 1 1 1 1 1 1 1 1 0 1 1 1 1 0 1 1 1 0 1 0 1 1 0 1 0 0 1 1 0 0 1 1 0 0 0 0 0 0 0 0 0 0 0 0 1 0
270	7	1 1 1 1 1 1 1 1 1 1 1 1 0 1 1 1 1 0 1 1 1 0 1 0 1 1 0 0 0 1 1 1 0 0 1 1 0 0 0 0 0 0 0 0 0 0 0 0 1 0
270	1	1 1 1 1 1 1 1 1 1 1 1 1 0 1 1 1 0 0 0 1 1 0 1 0 1 1 0 0 0 0 1 1 0 0 1 1 0 0 0 0 0 0 0 0 0 0 0 0 1 0
270	40	1 1 1 1 1 1 1 1 1 1 1 1 0 1 1 1 1 0 1 1 1 0 1 0 1 1 0 0 0 0 1 1 0 0 1 1 0 0 0 0 0 0 0 0 0 0 0 0 1 0
270	1	1 0 1 1 1 1 1 1 1 1 1 1 0 1 1 1 1 0 1 1 1 0 1 0 1 1 0 0 0 0 1 1 1 0 1 1 0 0 0 0 0 0 0 0 0 0 0 0 1 0
270	1	1 0 1 1 0 1 1 1 1 1 1 1 0 1 1 1 0 0 1 1 1 0 1 0 1 1 0 0 0 0 1 1 0 0 1 1 0 0 0 0 0 0 0 0 0 0 0 0 1 0
270	2	1 0 1 1 1 1 1 1 1 1 1 1 0 1 1 1 0 0 1 1 1 0 1 0 1 1 0 0 0 0 1 1 0 0 1 1 0 0 0 0 0 0 0 0 0 0 0 0 1 0
270	1	1 0 0 1 1 1 1 1 1 1 1 1 0 1 1 1 1 0 1 1 1 0 1 0 1 1 0 0 0 0 1 1 0 0 1 1 0 0 0 0 0 0 0 0 0 0 0 0 1 0
270	1	1 0 1 1 1 1 1 1 1 1 1 1 0 1 0 1 1 0 1 1 1 0 1 0 1 1 0 0 0 0 1 1 0 0 1 1 0 0 0 0 0 0 0 0 0 0 0 0 1 0
270	1	0 0 1 1 1 1 1 1 1 1 1 1 0 1 1 1 1 0 1 1 1 0 1 0 1 1 0 0 0 0 1 1 0 0 1 1 0 0 0 0 0 0 0 0 0 0 0 0 1 0
270	32	1 0 1 1 1 1 1 1 1 1 1 1 0 1 1 1 1 0 1 1 1 0 1 0 1 1 0 0 0 0 1 1 0 0 1 1 0 0 0 0 0 0 0 0 0 0 0 0 1 0
280	1	1 0 1 0 0 1 1 1 1 1 1 1 0 1 1 0 1 0 1 1 1 0 1 0 1 1 0 0 0 0 1 1 0 0 1 1 0 0 0 0 0 0 0 0 0 0 0 0 0 0
280	2	1 0 1 0 1 1 1 1 1 1 1 1 0 1 1 0 1 0 1 1 1 0 1 0 1 1 0 0 0 0 1 1 0 0 1 1 0 0 0 0 0 0 0 0 0 0 0 0 0 0
280	4	1 1 1 1 1 1 1 1 1 1 1 1 0 1 1 1 1 0 1 1 1 0 1 0 1 1 0 0 1 0 1 1 0 0 1 1 0 0 0 0 0 0 0 0 0 0 0 0 1 0
280	1	1 1 1 1 1 1 1 1 1 1 1 1 0 1 1 1 1 0 1 1 1 0 1 0 1 1 0 1 0 0 1 1 0 0 1 1 0 0 0 0 0 0 0 0 0 0 0 0 1 0
280	8	1 1 1 1 1 1 1 1 1 1 1 1 0 1 1 1 1 0 1 1 1 0 1 0 1 1 0 0 0 1 1 1 0 0 1 1 0 0 0 0 0 0 0 0 0 0 0 0 1 0
280	2	1 1 1 1 1 1 0 1 1 1 1 1 0 1 1 1 1 0 1 1 1 0 1 0 1 1 0 0 0 0 1 1 0 0 1 1 0 0 0 0 0 0 0 0 0 0 0 0 1 0
280	34	1 0 1 1 1 1 1 1 1 1 1 1 0 1 1 1 1 0 1 1 1 0 1 0 1 1 0 0 0 0 1 1 0 0 1 1 0 0 0 0 0 0 0 0 0 0 0 0 1 0
280	44	1 1 1 1 1 1 1 1 1 1 1 1 0 1 1 1 1 0 1 1 1 0 1 0 1 1 0 0 0 0 1 1 0 0 1 1 0 0 0 0 0 0 0 0 0 0 0 0 1 0
280	1	1 0 1 1 0 1 1 1 1 1 1 1 0 1 1 1 0 0 1 1 1 0 1 0 1 1 0 0 0 0 1 1 0 0 1 1 0 0 0 0 0 0 0 0 0 0 0 0 1 0
280	1	1 0 0 1 1 1 1 1 1 1 1 1 0 1 1 1 1 0 1 1 1 0 1 0 1 1 0 0 0 0 1 1 0 0 1 1 0 0 0 0 0 0 0 0 0 0 0 0 1 0
280	1	1 0 1 1 1 1 1 1 1 1 1 1 0 1 0 1 1 0 1 1 1 0 1 0 1 1 0 0 0 0 1 1 0 0 1 1 0 0 0 0 0 0 0 0 0 0 0 0 1 0
280	1	1 0 1 1 1 1 1 1 1 1 1 1 0 1 1 1 1 0 1 1 1 0 1 0 1 1 0 0 0 0 1 1 0 0 1 0 0 0 0 0 0 0 0 0 0 0 0 0 1 0
290	1	1 0 1 0 1 1 1 1 1 1 1 1 0 1 1 0 1 0 1 1 1 0 1 0 1 1 0 0 0 0 1 1 0 0 1 1 0 0 0 0 0 0 0 0 0 0 0 0 0 0
290	9	1 1 1 1 1 1 1 1 1 1 1 1 0 1 1 1 1 0 1 1 1 0 1 0 1 1 0 0 1 0 1 1 0 0 1 1 0 0 0 0 0 0 0 0 0 0 0 0 1 0
290	2	1 1 1 1 0 1 1 1 1 1 1 1 0 1 1 1 1 0 1 1 1 0 1 0 1 1 0 0 0 1 1 1 0 0 1 1 0 0 0 0 0 0 0 0 0 0 0 0 1 0
290	8	1 1 1 1 1 1 1 1 1 1 1 1 0 1 1 1 1 0 1 1 1 0 1 0 1 1 0 0 0 1 1 1 0 0 1 1 0 0 0 0 0 0 0 0 0 0 0 0 1 0
290	1	1 1 1 1 1 1 0 1 1 1 1 1 0 1 1 1 1 0 1 1 1 0 1 0 1 1 0 0 0 0 1 1 0 0 1 1 0 0 0 0 0 0 0 0 0 0 0 0 1 0
290	2	1 1 1 1 1 1 1 1 1 1 1 1 0 1 1 1 1 0 1 1 1 0 1 0 1 1 0 0 0 0 1 1 0 0 1 1 0 0 0 0 0 0 0 0 0 0 0 0 0 0
290	25	1 0 1 1 1 1 1 1 1 1 1 1 0 1 1 1 1 0 1 1 1 0 1 0 1 1 0 0 0 0 1 1 0 0 1 1 0 0 0 0 0 0 0 0 0 0 0 0 1 0
290	49	1 1 1 1 1 1 1 1 1 1 1 1 0 1 1 1 1 0 1 1 1 0 1 0 1 1 0 0 0 0 1 1 0 0 1 1 0 0 0 0 0 0 0 0 0 0 0 0 1 0
290	1	1 1 1 1 1 1 1 1 1 1 1 1 0 1 1 1 1 0 1 1 1 0 1 0 1 1 0 0 0 0 1 1 0 0 1 1 0 0 0 0 1 0 0 0 0 0 0 0 1 0
290	1	1 0 1 1 1 1 1 1 1 1 1 1 0 1 1 1 0 0 1 1 1 0 1 0 1 1 0 0 0 0 1 1 0 0 1 1 0 0 0 0 0 0 0 0 0 0 0 0 1 0
290	1	1 0 1 0 1 1 1 1 1 1 1 1 0 1 1 1 1 0 1 1 1 0 1 0 1 1 0 0 0 0 0 1 1 0 1 1 0 0 0 0 0 0 0 0 0 0 0 0 1 0
300	1	1 0 1 0 0 1 1 1 1 1 1 1 0 1 1 0 1 0 1 1 1 0 1 0 1 1 0 0 0 0 1 1 0 0 1 1 0 0 0 0 0 0 0 0 0 0 0 0 0 0
300	3	1 1 1 1 1 1 1 1 1 1 1 1 0 1 1 1 1 0 1 1 1 0 1 0 1 1 0 0 1 0 1 1 0 0 1 1 0 0 0 0 0 0 0 0 0 0 0 0 1 0
300	1	1 1 1 1 1 1 1 1 1 1 1 1 0 1 1 1 1 0 1 0 1 0 1 0 1 1 0 0 0 1 1 1 0 0 1 1 0 0 0 0 0 0 0 0 0 0 0 0 1 0
300	12	1 1 1 1 1 1 1 1 1 1 1 1 0 1 1 1 1 0 1 1 1 0 1 0 1 1 0 0 0 1 1 1 0 0 1 1 0 0 0 0 0 0 0 0 0 0 0 0 1 0
300	3	1 1 1 1 1 1 1 1 1 1 1 1 0 1 1 1 1 0 1 1 1 0 1 0 1 1 0 0 0 0 1 1 0 0 1 1 0 0 0 0 0 0 0 0 0 0 0 0 0 0
300	1	0 1 1 1 1 1 1 1 1 1 1 1 1 1 1 1 1 0 1 1 1 0 1 0 1 1 0 0 0 0 1 1 0 0 1 1 0 0 0 0 0 0 0 0 0 0 0 0 1 0
300	2	1 1 1 1 1 1 1 1 1 1 1 1 1 1 1 1 1 0 1 1 1 0 1 0 1 1 0 0 0 0 1 1 0 0 1 1 0 0 0 0 0 0 0 0 0 0 0 0 1 0
300	1	1 0 1 1 1 1 1 1 1 1 1 1 0 1 1 1 1 0 1 1 1 0 1 0 1 1 1 0 0 0 1 1 0 0 1 1 0 0 0 0 0 0 0 0 0 0 0 0 1 0
300	12	1 0 1 1 1 1 1 1 1 1 1 1 0 1 1 1 1 0 1 1 1 0 1 0 1 1 0 0 0 0 1 1 0 0 1 1 0 0 0 0 0 0 0 0 0 0 0 0 1 0
300	1	1 1 1 1 1 1 1 1 1 1 1 1 0 1 1 1 1 0 1 1 1 0 1 0 1 1 0 0 0 0 1 1 0 0 1 1 0 0 0 0 1 0 0 0 0 0 0 0 1 0
300	1	1 1 1 1 1 1 1 1 1 0 1 1 0 1 1 1 1 0 1 1 1 0 1 0 1 1 0 0 0 0 1 1 0 0 1 1 0 0 0 0 0 0 0 0 0 0 0 0 1 0
300	54	1 1 1 1 1 1 1 1 1 1 1 1 0 1 1 1 1 0 1 1 1 0 1 0 1 1 0 0 0 0 1 1 0 0 1 1 0 0 0 0 0 0 0 0 0 0 0 0 1 0
300	3	1 0 1 1 1 1 1 1 1 1 1 1 0 1 1 1 1 0 1 1 1 0 1 0 1 1 0 0 0 0 1 1 1 0 1 1 0 0 0 0 0 0 0 0 0 0 0 0 1 0
300	2	1 0 1 1 1 1 1 1 1 1 1 1 0 0 1 1 1 0 1 1 1 0 1 0 1 1 0 0 0 0 1 1 0 0 1 1 0 0 0 0 0 0 0 0 0 0 0 0 1 0
300	2	1 0 1 1 1 1 1 1 1 1 1 1 0 1 1 1 0 0 1 1 1 0 1 0 1 1 0 0 0 0 1 1 0 0 1 1 0 0 0 0 0 0 0 0 1 0 0 0 1 0
300	1	1 0 1 1 1 1 1 1 1 1 1 1 0 1 1 1 0 0 1 1 1 0 1 0 1 1 0 0 0 0 1 1 0 0 1 1 0 0 0 0 0 0 0 0 0 0 0 0 1 0
310	1	1 0 1 0 0 1 1 1 1 1 1 1 0 1 1 0 1 0 1 1 1 0 1 0 1 1 0 0 0 0 1 1 0 0 1 1 0 0 0 0 0 0 0 0 0 0 0 0 0 0
310	6	1 1 1 1 1 1 1 1 1 1 1 1 0 1 1 1 1 0 1 1 1 0 1 0 1 1 0 0 1 0 1 1 0 0 1 1 0 0 0 0 0 0 0 0 0 0 0 0 1 0
310	1	1 1 1 1 1 1 1 1 1 1 1 1 0 1 1 1 1 0 1 1 1 0 1 0 0 1 0 0 0 1 1 1 0 0 1 1 0 0 0 0 0 0 0 0 0 0 0 0 1 0
310	10	1 1 1 1 1 1 1 1 1 1 1 1 0 1 1 1 1 0 1 1 1 0 1 0 1 1 0 0 0 1 1 1 0 0 1 1 0 0 0 0 0 0 0 0 0 0 0 0 1 0
310	15	1 1 1 1 1 1 1 1 1 1 1 1 0 1 1 1 1 0 1 1 1 0 1 0 1 1 0 0 0 0 1 1 0 0 1 1 0 0 0 0 0 0 0 0 0 0 0 0 0 0
310	4	1 1 1 1 1 1 1 1 1 1 1 1 1 1 1 1 1 0 1 1 1 0 1 0 1 1 0 0 0 0 1 1 0 0 1 1 0 0 0 0 0 0 0 0 0 0 0 0 1 0
310	51	1 1 1 1 1 1 1 1 1 1 1 1 0 1 1 1 1 0 1 1 1 0 1 0 1 1 0 0 0 0 1 1 0 0 1 1 0 0 0 0 0 0 0 0 0 0 0 0 1 0
310	11	1 0 1 1 1 1 1 1 1 1 1 1 0 1 1 1 1 0 1 1 1 0 1 0 1 1 0 0 0 0 1 1 0 0 1 1 0 0 0 0 0 0 0 0 0 0 0 0 1 0
310	1	1 1 1 1 1 1 1 1 1 1 1 1 0 1 1 1 0 0 1 1 1 0 1 0 1 1 0 0 0 0 1 1 0 0 1 1 0 0 0 0 0 0 0 0 0 0 0 0 1 0
