10	1	1 0 0 1 1 0 0 0 1 1 1 0 0 1 0 0 1 1 0 0 1 1 0 1 1 1 0 1 1 1 0 0 0 0 0 0 1 1 1 0 0 1 1 1 0 0 1 0 1 1
10	12	1 0 0 1 1 0 0 0 1 1 1 0 0 1 0 0 1 1 0 0 1 1 0 1 1 1 0 1 1 1 0 0 1 0 0 0 1 1 1 0 0 1 1 1 0 0 1 0 1 1
10	1	0 1 1 0 1 0 0 0 0 0 1 1 0 0 0 1 0 1 0 0 0 1 1 0 1 0 0 1 1 1 0 1 0 0 1 0 1 0 0 1 0 1 0 0 1 1 0 1 1 1
10	23	0 1 1 0 1 0 0 0 0 0 1 1 0 0 0 1 0 1 0 0 0 1 1 0 1 0 1 1 1 1 0 1 0 0 1 0 1 0 0 1 0 1 0 0 1 1 0 1 1 1
10	10	1 1 0 1 1 1 1 0 0 1 1 0 0 1 0 1 1 0 0 0 0 1 1 0 0 0 0 0 0 0 0 1 1 0 0 0 1 1 1 1 1 1 0 0 1 0 1 0 1 0
10	30	0 0 1 1 0 0 1 0 0 1 0 0 1 0 0 0 1 0 1 0 0 0 0 0 1 1 0 0 0 0 0 0 1 0 0 1 1 1 0 0 1 1 0 0 1 0 1 1 1 0
10	23	0 0 1 0 0 0 0 0 1 1 1 0 0 1 1 1 0 1 0 1 1 0 0 0 0 0 0 1 0 0 0 0 1 1 0 0 0 0 0 0 1 0 1 0 0 1 0 0 1 1
20	17	1 0 0 1 1 0 0 0 1 1 1 0 0 1 0 0 1 1 0 0 1 1 0 1 1 1 0 1 1 1 0 0 1 0 0 0 1 1 1 0 0 1 1 1 0 0 1 0 1 1
20	7	0 1 1 0 1 0 0 0 0 0 1 1 0 0 0 1 0 1 0 0 0 1 1 0 1 0 1 1 1 1 0 1 0 0 1 0 1 0 0 1 0 1 0 0 1 1 0 1 1 1
20	13	1 1 0 1 1 1 1 0 0 1 1 0 0 1 0 1 1 0 0 0 0 1 1 0 0 0 0 0 0 0 0 1 1 0 0 0 1 1 1 1 1 1 0 0 1 0 1 0 0 0
20	1	1 1 0 1 1 1 1 0 0 1 1 0 0 1 0 1 1 0 0 1 0 1 1 0 0 0 0 0 0 0 0 1 1 0 0 0 1 1 1 1 1 1 0 0 1 0 1 0 1 0
20	3	1 1 0 1 1 1 1 0 0 1 1 0 0 1 0 1 1 0 0 0 0 1 1 0 0 0 1 0 0 0 0 1 1 0 0 0 1 1 1 1 1 1 0 0 1 0 1 0 1 0
20	1	1 1 0 1 1 1 1 0 0 1 1 0 0 1 0 1 1 0 0 0 0 1 1 0 0 0 0 0 0 0 0 1 1 0 0 0 1 1 1 1 1 0 0 0 1 0 1 0 1 0
20	8	1 1 0 1 1 1 1 0 0 1 1 0 0 1 0 1 1 0 0 0 0 1 1 0 0 0 0 0 0 0 0 1 1 0 0 0 1 1 1 1 1 1 0 0 1 0 1 0 1 0
20	1	0 0 1 1 0 0 1 0 0 1 0 0 1 0 0 1 1 0 1 0 0 0 0 0 1 1 0 0 0 0 0 0 1 0 0 1 1 1 0 0 1 1 0 0 1 0 1 1 1 0
20	25	0 0 1 1 0 0 1 0 0 1 0 0 1 0 0 0 1 0 1 0 0 0 0 0 1 1 0 0 0 0 0 0 1 0 0 1 1 1 0 0 1 1 0 0 1 0 1 1 1 0
20	24	0 0 1 0 0 0 0 0 1 1 1 0 0 1 1 1 0 1 0 1 1 0 0 0 0 0 0 1 0 0 0 0 1 1 0 0 0 0 0 0 1 0 1 0 0 1 0 0 1 1
30	2	1 0 0 1 1 0 0 0 1 1 1 0 0 1 0 0 1 1 0 0 1 1 0 1 1 1 0 1 1 1 0 0 1 0 0 0 1 1 1 0 0 1 1 1 0 0 0 0 1 1
30	2	1 0 0 1 1 0 0 0 1 1 1 0 0 1 0 0 1 1 0 0 1 1 0 1 1 1 0 1 1 1 0 0 1 0 0 0 1 1 1 0 0 1 1 1 0 0 1 0 1 1
30	2	0 1 1 0 1 0 0 0 0 0 1 1 0 0 0 1 0 1 0 0 0 1 1 0 1 0 1 1 1 1 0 1 0 0 1 0 1 0 0 1 0 1 0 0 1 1 0 1 1 1
30	2	1 1 0 1 1 1 1 0 0 1 1 0 0 1 0 1 1 0 0 0 0 1 1 0 0 0 0 0 0 0 0 1 1 0 0 0 1 1 1 1 0 1 0 0 1 0 1 0 0 0
30	7	1 1 0 1 1 1 1 0 0 1 1 0 0 1 0 1 1 0 0 0 0 1 1 0 0 0 0 0 0 0 0 1 1 0 0 0 1 1 1 1 1 1 0 0 1 0 1 0 1 0
30	1	1 1 0 1 1 1 1 0 0 1 0 0 0 1 0 1 1 0 0 0 0 1 1 0 0 0 0 0 0 0 0 1 1 0 0 0 1 1 1 1 1 1 0 0 1 0 1 0 0 0
30	1	1 1 0 1 1 1 1 0 0 1 1 0 0 1 0 1 1 0 0 0 0 1 1 0 0 0 0 0 0 0 0 1 1 0 1 0 1 1 1 1 1 1 0 0 1 0 1 0 0 0
30	55	1 1 0 1 1 1 1 0 0 1 1 0 0 1 0 1 1 0 0 0 0 1 1 0 0 0 0 0 0 0 0 1 1 0 0 0 1 1 1 1 1 1 0 0 1 0 1 0 0 0
30	2	1 1 0 1 1 1 1 0 0 1 1 0 0 1 0 1 1 0 0 1 0 1 1 0 0 0 0 0 0 0 0 1 1 0 0 0 1 1 1 1 1 1 0 0 1 0 1 0 1 0
30	2	1 1 0 1 1 1 1 0 0 1 1 0 0 1 0 1 1 0 0 0 0 1 1 0 0 0 1 0 0 0 0 1 1 0 0 0 1 1 1 1 1 1 0 0 1 0 1 0 1 0
30	5	1 1 0 1 1 1 1 0 0 1 1 0 0 1 0 1 1 0 0 0 0 1 1 0 0 0 0 0 0 0 0 1 1 0 0 0 1 1 1 1 1 0 0 0 1 0 1 0 1 0
30	8	0 0 1 1 0 0 1 0 0 1 0 0 1 0 0 0 1 0 1 0 0 0 0 0 1 1 0 0 0 0 0 0 1 0 0 1 1 1 0 0 1 1 0 0 1 0 1 1 1 0
30	1	0 0 1 0 0 0 0 0 1 1 1 1 0 1 1 1 0 1 0 1 1 0 0 0 0 0 0 1 0 0 0 0 1 1 0 0 0 0 0 0 1 0 1 0 0 1 0 0 1 1
30	10	0 0 1 0 0 0 0 0 1 1 1 0 0 1 1 1 0 1 0 1 1 0 0 0 0 0 0 1 0 0 0 0 1 1 0 0 0 0 0 0 1 0 1 0 0 1 0 0 1 1
40	1	1 0 0 1 1 0 0 0 1 1 1 0 0 1 0 0 1 1 0 0 1 1 0 1 1 1 0 1 1 1 0 0 1 0 0 0 1 1 1 0 0 1 1 1 0 0 1 0 1 1
40	2	1 1 0 1 1 1 1 0 0 1 1 0 0 1 0 1 1 0 0 0 0 1 1 0 0 0 0 0 0 0 0 1 1 0 0 0 1 1 1 1 1 1 1 0 1 0 1 0 0 0
40	1	1 1 0 1 1 1 1 0 0 1 1 0 0 1 0 1 1 0 0 0 0 1 1 0 0 0 0 0 0 0 0 1 1 0 0 0 1 1 1 1 1 1 0 0 1 0 1 0 1 0
40	2	1 1 0 1 1 1 1 0 0 1 0 0 0 1 0 1 1 0 0 0 0 1 1 0 0 0 0 0 0 0 0 1 1 0 0 0 1 1 1 1 1 1 0 0 1 0 1 0 0 0
40	1	1 1 0 1 1 1 1 0 0 1 1 0 0 1 0 1 1 0 0 1 0 1 1 0 0 0 0 0 0 0 0 1 1 0 0 0 1 1 1 1 1 1 0 0 1 0 1 0 0 0
40	1	1 1 0 1 1 1 1 0 0 0 1 0 0 1 0 1 1 0 0 0 0 1 1 0 0 0 0 0 0 0 0 1 1 0 0 0 1 1 1 1 1 1 0 0 1 0 1 0 0 0
40	86	1 1 0 1 1 1 1 0 0 1 1 0 0 1 0 1 1 0 0 0 0 1 1 0 0 0 0 0 0 0 0 1 1 0 0 0 1 1 1 1 1 1 0 0 1 0 1 0 0 0
40	1	1 1 0 1 1 1 1 0 0 1 1 0 0 1 0 1 1 0 0 1 0 1 1 0 0 0 0 0 0 0 0 1 1 0 0 0 1 1 1 1 1 1 0 0 1 0 1 0 1 0
40	3	1 1 0 1 1 1 1 0 0 1 1 0 0 1 0 1 1 0 0 0 0 1 1 0 0 0 1 0 0 0 0 1 1 0 0 0 1 1 1 1 1 1 0 0 1 0 1 0 1 0
40	1	1 1 0 1 1 1 1 0 0 1 1 0 0 1 0 1 1 0 0 0 0 1 1 0 0 0 0 0 0 0 0 1 1 0 0 0 1 1 1 1 1 0 0 0 1 0 1 0 1 0
40	1	0 0 1 1 0 0 1 0 0 1 0 0 1 0 0 0 1 0 1 0 0 0 0 0 1 1 0 0 0 0 0 0 1 0 0 1 1 1 0 0 1 1 0 0 1 0 1 1 1 0
50	1	1 1 0 1 1 1 1 0 0 1 1 0 0 1 0 1 1 0 0 0 0 1 1 0 0 0 0 0 0 0 0 1 1 0 0 0 1 1 1 1 1 1 0 0 1 0 1 0 1 0
50	4	1 1 0 1 1 1 1 0 0 1 0 0 0 1 0 1 1 0 0 0 0 1 1 0 0 0 0 0 0 0 0 1 1 0 0 0 1 1 1 1 1 1 0 0 1 0 1 0 0 0
50	2	1 1 0 1 1 1 1 0 0 1 1 0 0 1 0 1 1 0 0 0 0 1 1 0 0 0 0 0 0 0 0 1 1 0 1 0 1 1 1 1 1 1 0 0 1 0 1 0 0 0
50	1	1 1 0 1 1 1 1 0 0 1 1 0 0 1 0 1 1 0 0 0 0 1 0 0 0 0 0 0 0 1 0 1 1 0 0 0 1 1 1 1 1 1 0 0 1 0 1 0 0 0
50	3	1 1 0 1 1 1 1 0 0 1 1 0 0 1 0 1 1 0 0 1 0 1 1 0 0 0 0 0 0 0 0 1 1 0 0 0 1 1 1 1 1 1 0 0 1 0 1 0 0 0
50	1	1 1 0 1 1 1 1 0 0 1 1 0 0 1 0 1 1 0 0 0 0 1 1 0 0 0 1 0 0 0 0 1 1 0 0 0 1 1 1 1 1 1 0 0 1 0 1 0 0 0
50	2	1 1 0 1 1 1 1 0 0 1 1 0 0 1 0 1 1 0 0 0 0 1 1 0 0 0 0 0 0 0 0 1 1 0 0 0 1 1 1 1 1 1 0 0 0 0 1 0 0 0
50	1	1 1 0 1 0 1 1 0 0 1 1 0 0 1 0 1 1 0 0 0 0 1 1 0 0 0 0 0 0 0 0 1 1 0 0 0 1 1 1 1 1 1 0 0 1 0 1 0 0 0
50	2	1 1 0 1 1 1 1 0 0 1 1 0 0 0 0 1 1 0 0 0 0 1 1 0 0 0 0 0 0 0 0 1 1 0 0 0 1 1 1 1 1 1 0 0 1 0 1 0 0 0
50	1	1 1 0 1 1 1 1 0 0 1 1 0 0 1 0 1 1 0 0 0 0 1 1 0 0 0 0 1 0 0 0 1 1 0 0 0 1 1 1 1 1 1 0 0 1 0 1 0 0 0
50	73	1 1 0 1 1 1 1 0 0 1 1 0 0 1 0 1 1 0 0 0 0 1 1 0 0 0 0 0 0 0 0 1 1 0 0 0 1 1 1 1 1 1 0 0 1 0 1 0 0 0
50	2	1 1 0 1 1 1 1 0 0 1 1 0 0 1 0 1 1 0 0 0 0 1 1 0 0 0 1 0 0 0 0 1 1 0 0 0 1 1 1 1 1 1 0 0 1 0 1 0 1 0
50	5	1 1 0 1 1 1 1 0 0 1 1 0 0 1 0 1 1 0 0 0 0 1 1 0 0 0 0 0 0 0 0 1 1 0 0 0 1 1 1 1 1 0 0 0 1 0 1 0 1 0
50	1	0 0 1 1 0 0 1 0 0 1 0 0 1 0 0 0 1 0 1 0 0 0 0 0 1 1 0 0 0 0 0 0 1 0 0 1 1 1 1 0 1 1 0 0 1 0 1 1 1 0
50	1	0 0 1 0 0 0 0 0 1 1 1 0 0 1 1 1 0 1 0 1 1 0 0 0 0 0 0 1 0 0 0 0 1 1 0 0 0 0 0 0 1 0 1 0 0 1 0 0 1 1
60	4	1 1 0 1 1 1 1 0 0 1 1 0 0 1 0 1 1 0 0 0 0 1 1 0 0 0 0 0 0 0 0 1 1 0 0 0 1 1 1 1 0 1 0 0 1 0 1 0 0 0
60	6	1 1 0 1 1 1 1 0 0 1 1 0 0 1 0 1 1 0 0 0 0 1 0 0 0 0 0 0 0 1 0 1 1 0 0 0 1 1 1 1 1 1 0 0 1 0 1 0 0 0
60	4	1 1 0 1 1 1 1 0 0 1 1 0 0 1 0 1 1 0 0 1 0 1 1 0 0 0 0 0 0 0 0 1 1 0 0 0 1 1 1 1 1 1 0 0 1 0 1 0 0 0
60	1	1 1 0 1 1 1 1 0 1 1 1 0 0 1 0 1 1 0 0 0 0 1 1 0 0 0 0 0 0 0 0 1 1 0 0 0 1 1 1 1 1 1 0 0 1 0 1 0 0 0
60	76	1 1 0 1 1 1 1 0 0 1 1 0 0 1 0 1 1 0 0 0 0 1 1 0 0 0 0 0 0 0 0 1 1 0 0 0 1 1 1 1 1 1 0 0 1 0 1 0 0 0
60	1	1 1 0 1 1 1 1 0 0 1 1 0 0 1 0 1 1 0 0 0 0 1 1 0 0 0 1 0 0 0 0 1 1 0 0 0 1 1 1 1 1 1 0 0 1 0 1 0 0 0
60	1	1 1 0 1 1 1 1 0 0 1 1 0 0 1 0 1 1 0 0 0 0 1 1 0 0 0 0 0 0 0 0 1 1 1 0 0 1 1 1 1 1 1 0 0 1 0 1 0 0 0
60	1	1 1 0 1 1 1 1 0 0 1 1 0 0 1 0 1 0 0 0 0 0 1 1 0 0 0 0 0 0 0 0 1 1 0 0 0 1 1 1 1 1 1 0 0 1 0 1 0 0 0
60	1	1 1 0 1 1 1 1 0 0 1 1 0 0 1 0 1 1 0 1 0 0 1 1 0 0 0 0 0 0 0 0 1 1 0 0 0 1 1 1 1 1 1 0 0 1 0 1 0 0 0
60	1	1 1 0 1 1 1 1 0 0 1 1 0 0 1 0 1 1 0 0 0 0 1 1 1 0 0 1 0 0 0 0 1 1 0 0 0 1 1 1 1 1 1 0 0 1 0 1 0 1 0
60	1	1 1 0 1 1 1 1 0 0 1 1 0 0 1 0 1 1 0 0 1 0 1 1 0 0 0 0 0 0 0 0 1 1 0 0 0 1 1 1 1 1 0 0 0 1 0 1 0 1 0
60	3	1 1 0 1 1 1 1 0 0 1 1 0 0 1 0 1 1 0 0 0 0 1 1 0 0 0 0 0 0 0 0 1 1 0 0 0 1 1 1 1 1 0 0 0 1 0 1 0 1 0
70	1	1 1 0 1 1 1 1 0 0 1 1 0 0 1 0 1 1 0 0 0 0 1 1 0 0 0 0 0 0 0 0 1 1 1 0 0 1 1 1 1 0 1 1 0 1 0 1 0 0 0
70	8	1 1 0 1 1 1 1 0 0 1 1 0 0 1 0 1 1 0 0 0 0 1 1 0 0 0 0 0 0 0 0 1 1 0 0 0 1 1 1 1 0 1 0 0 1 0 1 0 0 0
70	3	1 1 0 1 1 1 1 0 0 1 0 0 0 1 0 1 1 0 0 0 0 1 1 0 0 0 0 0 0 0 0 1 1 0 0 0 1 1 1 1 1 1 0 0 1 0 1 0 0 0
70	1	1 1 0 1 1 1 1 0 0 1 1 0 0 1 0 1 1 0 0 0 0 1 0 0 0 0 0 0 0 1 0 1 1 0 0 0 1 1 1 1 1 1 0 0 1 0 0 0 0 0
70	4	1 1 0 1 1 1 1 0 0 1 1 0 0 1 0 1 1 0 0 0 0 1 0 0 0 0 0 0 0 1 0 1 1 0 0 0 1 1 1 1 1 1 0 0 1 0 1 0 0 0
70	1	1 1 0 1 1 1 1 0 0 1 1 0 0 1 0 1 1 0 0 1 0 1 1 0 0 0 0 0 0 0 0 1 1 0 0 0 1 1 1 1 1 1 0 0 1 0 1 0 0 0
70	2	1 1 0 1 1 1 1 0 0 1 1 0 0 1 0 1 1 0 0 0 0 1 1 0 0 0 0 0 0 0 0 1 1 0 0 0 1 1 1 1 1 1 0 0 0 0 1 0 0 0
70	1	1 1 0 1 1 1 1 0 0 1 1 0 0 1 0 1 1 0 0 0 1 1 1 0 0 0 0 0 0 0 0 1 1 0 0 0 1 1 1 1 1 1 0 0 1 0 1 0 0 0
70	5	1 1 0 1 1 1 1 0 0 1 1 0 0 1 0 1 1 0 0 0 0 1 1 0 0 0 0 0 0 1 0 1 1 0 0 0 1 1 1 1 1 1 0 0 1 0 1 0 0 0
70	1	1 1 0 1 1 1 1 1 0 1 1 0 0 1 0 1 1 0 0 0 0 1 1 0 0 0 0 0 0 0 0 1 1 0 0 0 1 1 1 1 1 1 0 0 1 0 1 0 0 0
70	71	1 1 0 1 1 1 1 0 0 1 1 0 0 1 0 1 1 0 0 0 0 1 1 0 0 0 0 0 0 0 0 1 1 0 0 0 1 1 1 1 1 1 0 0 1 0 1 0 0 0
70	2	1 1 0 1 1 1 1 0 0 1 1 0 0 1 0 1 1 0 0 0 0 1 1 0 0 0 0 0 0 0 0 1 1 0 0 0 1 1 1 1 1 0 0 0 1 0 0 0 1 0
80	11	1 1 0 1 1 1 1 0 0 1 1 0 0 1 0 1 1 0 0 0 0 1 1 0 0 0 0 0 0 0 0 1 1 0 0 0 1 1 1 1 0 1 0 0 1 0 1 0 0 0
80	4	1 1 0 1 1 1 1 0 0 1 0 0 0 1 0 1 1 0 0 0 0 1 1 0 0 0 0 0 0 0 0 1 1 0 0 0 1 1 1 1 1 1 0 0 1 0 1 0 0 0
80	2	1 1 0 1 1 1 1 0 0 1 1 0 0 1 0 1 1 0 0 0 0 1 1 0 0 0 0 0 0 0 0 1 1 0 1 0 1 1 1 1 1 1 0 0 1 0 1 0 0 0
80	1	1 1 0 1 1 1 1 0 0 1 1 0 0 1 0 1 1 0 0 0 0 1 0 0 0 0 0 0 0 1 0 1 1 0 0 0 1 1 1 1 1 1 0 0 1 0 0 0 0 0
80	5	1 1 0 1 1 1 1 0 0 1 1 0 0 1 0 1 1 0 0 0 0 1 0 0 0 0 0 0 0 1 0 1 1 0 0 0 1 1 1 1 1 1 0 0 1 0 1 0 0 0
80	2	1 1 0 1 1 1 1 0 0 1 1 0 0 1 0 1 1 0 0 1 0 1 1 0 0 0 0 0 0 0 0 1 1 0 0 0 1 1 1 1 1 1 0 0 1 0 1 0 0 0
80	4	1 1 0 1 1 1 1 0 0 1 1 0 0 1 0 1 1 0 0 0 0 1 1 0 0 0 0 0 0 0 0 1 1 0 0 0 1 1 1 1 1 1 0 0 0 0 1 0 0 0
80	1	1 1 0 1 1 1 1 0 0 1 1 0 0 1 0 1 1 0 0 0 0 1 1 0 1 0 0 0 0 1 0 1 1 0 0 0 1 1 1 1 1 1 0 0 1 0 1 0 0 0
80	11	1 1 0 1 1 1 1 0 0 1 1 0 0 1 0 1 1 0 0 0 0 1 1 0 0 0 0 0 0 1 0 1 1 0 0 0 1 1 1 1 1 1 0 0 1 0 1 0 0 0
80	1	1 1 0 1 1 1 1 0 0 1 1 0 0 1 0 1 1 0 0 0 0 1 1 1 0 0 0 0 0 0 0 1 1 0 0 0 1 1 1 1 1 1 0 0 1 0 1 0 0 0
80	1	1 1 0 1 1 1 1 0 0 1 1 0 0 1 0 1 1 0 0 0 0 1 1 0 0 0 0 0 0 0 0 1 1 0 0 0 1 1 1 1 1 1 0 1 1 0 1 0 0 0
80	53	1 1 0 1 1 1 1 0 0 1 1 0 0 1 0 1 1 0 0 0 0 1 1 0 0 0 0 0 0 0 0 1 1 0 0 0 1 1 1 1 1 1 0 0 1 0 1 0 0 0
80	1	1 1 0 1 1 1 1 0 0 1 1 0 0 1 0 1 0 0 1 0 0 1 1 0 0 0 0 0 0 0 0 1 1 0 0 0 1 1 1 1 1 1 0 0 1 0 1 0 0 0
80	1	1 1 0 1 1 1 1 0 0 1 1 0 0 1 0 1 1 0 0 0 0 1 1 0 0 0 0 0 0 0 1 1 1 0 0 0 1 1 1 1 1 0 0 0 1 0 0 0 1 0
80	2	1 1 0 1 1 1 1 0 0 1 1 0 0 1 0 1 1 0 0 0 0 1 1 0 0 0 0 0 0 0 0 1 1 0 0 0 1 1 1 1 1 0 0 0 1 0 0 0 1 0
90	1	1 1 0 1 1 1 1 0 0 1 1 0 0 1 0 1 1 0 0 0 0 1 1 1 0 0 0 0 0 0 0 1 1 0 0 0 1 1 1 1 0 1 0 0 1 0 1 0 0 0
90	13	1 1 0 1 1 1 1 0 0 1 1 0 0 1 0 1 1 0 0 0 0 1 1 0 0 0 0 0 0 0 0 1 1 0 0 0 1 1 1 1 0 1 0 0 1 0 1 0 0 0
90	1	1 1 0 1 1 1 1 0 0 1 0 0 0 1 0 1 1 0 0 0 0 0 1 0 0 0 0 0 0 0 0 1 1 0 0 0 1 1 1 1 1 1 0 0 1 0 1 0 0 0
90	1	1 1 0 1 1 1 1 0 0 1 0 0 0 1 0 1 1 0 0 0 0 1 1 0 0 0 0 0 0 0 0 1 1 0 0 0 1 1 1 1 1 1 0 0 1 0 1 0 0 0
90	3	1 1 0 1 1 1 1 0 0 1 1 0 0 1 0 1 1 0 0 0 0 1 1 0 0 0 0 0 0 0 0 1 1 0 1 0 1 1 1 1 1 1 0 0 1 0 1 0 0 0
90	2	1 1 0 1 1 1 1 0 0 1 1 0 0 1 0 1 1 0 0 1 0 1 0 0 0 0 0 0 0 1 0 1 1 0 0 0 1 1 1 1 1 1 0 0 1 0 0 0 0 0
90	1	1 1 0 1 1 1 1 0 0 1 1 0 0 1 0 1 1 0 0 0 0 1 0 0 0 0 0 0 0 1 0 1 1 0 0 0 1 1 1 1 1 0 0 0 1 0 0 0 0 0
90	11	1 1 0 1 1 1 1 0 0 1 1 0 0 1 0 1 1 0 0 0 0 1 0 0 0 0 0 0 0 1 0 1 1 0 0 0 1 1 1 1 1 1 0 0 1 0 0 0 0 0
90	1	1 1 0 1 1 1 1 0 0 1 1 0 0 1 0 1 1 0 0 0 0 1 0 0 0 0 1 0 0 1 0 1 1 0 0 0 1 1 1 1 1 1 0 0 0 0 1 0 0 0
90	1	1 1 0 1 1 1 1 0 0 1 1 0 0 1 0 1 1 0 0 0 0 1 0 0 0 0 0 0 0 1 0 1 1 0 0 0 1 1 1 1 1 1 0 0 1 0 1 0 0 0
90	4	1 1 0 1 1 1 1 0 0 1 1 0 0 1 0 1 1 0 0 0 0 1 1 0 0 0 0 0 0 1 0 1 1 0 0 0 1 1 1 1 1 1 0 0 1 0 1 0 0 0
90	7	1 1 0 1 1 1 1 0 1 1 1 0 0 1 0 1 1 0 0 0 0 1 1 0 0 0 0 0 0 0 0 1 1 0 0 0 1 1 1 1 1 1 0 0 1 0 1 0 0 0
90	1	1 1 0 1 1 1 1 0 0 1 1 0 0 1 0 1 1 0 0 0 0 1 1 0 0 0 0 0 0 0 0 1 1 0 0 1 1 1 1 1 1 1 0 0 1 0 1 0 0 0
90	31	1 1 0 1 1 1 1 0 0 1 1 0 0 1 0 1 1 0 0 0 0 1 1 0 0 0 0 0 0 0 0 1 1 0 0 0 1 1 1 1 1 1 0 0 1 0 1 0 0 0
90	1	0 1 0 1 1 1 1 0 0 1 1 0 0 1 0 1 1 0 1 0 0 1 1 0 0 0 0 0 0 0 0 1 1 0 0 0 1 1 1 1 1 1 0 0 1 0 1 0 0 0
90	1	1 1 0 1 1 1 1 0 0 1 1 0 0 1 0 1 1 0 1 0 0 1 1 0 0 0 0 0 0 0 0 1 1 0 0 0 1 1 1 1 1 1 0 0 1 0 1 0 0 0
90	8	1 1 0 1 1 1 1 0 0 1 1 0 0 1 0 1 1 0 0 0 0 1 1 0 0 0 0 0 0 0 0 1 1 0 0 0 1 1 1 1 1 1 0 0 0 0 1 0 0 0
90	1	1 1 0 1 1 1 1 0 0 1 1 0 0 1 0 1 1 0 0 0 0 1 1 1 0 0 0 0 0 0 0 1 1 0 0 0 1 1 1 1 1 1 0 0 1 0 1 0 0 0
90	1	1 1 0 1 1 1 1 0 0 1 1 0 1 1 0 1 1 0 0 0 0 1 1 0 0 0 0 0 0 0 0 1 1 0 0 0 1 1 1 1 1 1 0 0 1 0 1 0 0 0
90	2	1 1 0 1 1 1 1 0 0 1 1 0 0 1 0 1 1 0 0 0 0 1 1 0 0 0 0 0 0 0 1 1 1 0 0 0 1 1 1 1 1 1 0 0 1 0 1 0 0 0
90	2	1 1 0 1 1 1 1 0 0 1 1 0 0 1 0 1 0 0 1 0 0 1 1 0 0 0 0 0 0 0 0 0 1 0 0 0 1 1 1 1 1 1 0 0 1 0 1 0 0 0
90	1	1 1 0 1 1 1 1 0 0 1 1 0 0 1 0 1 1 0 1 0 0 1 1 0 0 0 0 0 0 0 0 1 1 0 0 0 1 1 1 1 1 0 0 0 1 0 1 0 1 0
90	5	1 1 0 1 1 1 1 0 0 1 1 0 0 1 0 1 1 0 0 0 0 1 1 0 0 0 0 0 0 0 0 1 1 0 0 0 1 1 1 1 1 0 0 0 1 0 0 0 1 0
100	3	1 1 0 1 1 1 1 0 0 1 1 0 0 1 0 1 1 0 0 0 0 1 1 0 0 0 0 0 0 0 0 1 0 0 0 0 1 1 1 1 0 1 0 0 1 0 1 0 0 0
100	3	1 1 0 1 1 1 1 0 0 1 1 0 0 1 0 1 1 0 0 0 0 1 1 0 0 0 0 0 0 0 0 1 1 0 0 0 1 1 1 1 0 1 0 0 0 0 1 0 0 0
100	1	1 1 0 1 1 1 1 0 0 1 1 0 0 1 0 1 1 0 0 0 0 1 1 0 0 0 0 0 0 1 0 1 1 0 0 0 1 1 1 1 0 1 0 0 1 0 1 0 0 0
100	13	1 1 0 1 1 1 1 0 0 1 1 0 0 1 0 1 1 0 0 0 0 1 1 0 0 0 0 0 0 0 0 1 1 0 0 0 1 1 1 1 1 1 0 0 1 0 1 0 0 0
100	21	1 1 0 1 1 1 1 0 0 1 1 0 0 1 0 1 1 0 0 0 0 1 1 0 0 0 0 0 0 0 0 1 1 0 0 0 1 1 1 1 0 1 0 0 1 0 1 0 0 0
100	3	1 1 0 1 1 1 1 0 0 1 1 0 0 1 0 1 1 0 0 0 0 1 1 0 0 0 0 0 0 0 0 1 1 0 1 0 1 1 1 1 1 1 0 0 1 0 1 0 0 0
100	11	1 1 0 1 1 1 1 0 0 1 1 0 0 1 0 1 1 0 0 0 0 1 0 0 0 0 0 0 0 1 0 1 1 0 0 0 1 1 1 1 1 1 0 0 1 0 0 0 0 0
100	1	1 1 0 1 1 1 1 0 0 1 1 0 0 1 0 1 1 0 0 0 0 1 1 0 0 0 0 0 0 1 0 1 1 0 0 0 1 1 1 1 1 1 0 0 0 0 1 0 0 0
100	3	1 1 0 1 1 1 1 0 0 1 1 0 0 1 0 1 1 0 0 0 0 1 1 0 0 0 0 0 0 1 0 1 1 0 0 0 1 1 1 1 1 1 0 0 1 0 1 0 0 0
100	6	1 1 0 1 1 1 1 0 1 1 1 0 0 1 0 1 1 0 0 0 0 1 1 0 0 0 0 0 0 0 0 1 1 0 0 0 1 1 1 1 1 1 0 0 1 0 1 0 0 0
100	6	1 1 0 1 1 1 1 0 0 1 1 0 0 1 0 1 1 0 0 0 0 1 1 0 0 0 0 0 0 0 0 1 1 0 0 1 1 1 1 1 1 1 0 0 1 0 1 0 0 0
100	3	1 1 0 1 1 1 1 0 0 1 1 0 1 1 0 1 1 0 0 0 0 1 1 0 0 0 0 0 0 0 0 1 1 0 0 0 1 1 1 1 1 1 0 0 1 0 1 0 0 0
100	1	1 1 0 1 1 1 1 0 0 1 1 0 0 1 0 1 1 0 1 0 0 1 1 0 0 0 0 0 0 0 0 1 1 0 0 0 1 1 1 1 1 1 0 0 1 0 1 0 0 0
100	1	1 1 0 1 1 1 1 0 0 1 1 0 0 1 0 1 1 0 0 0 0 1 1 0 0 0 0 0 0 0 0 1 1 0 0 0 1 1 0 1 1 1 0 0 1 0 1 0 0 0
100	3	1 1 0 1 1 1 1 0 0 1 1 0 0 1 0 1 1 0 0 0 0 1 1 0 0 0 0 0 0 0 0 1 1 0 1 0 1 1 1 1 1 1 0 0 0 0 1 0 0 0
100	10	1 1 0 1 1 1 1 0 0 1 1 0 0 1 0 1 1 0 0 0 0 1 1 0 0 0 0 0 0 0 0 1 1 0 0 0 1 1 1 1 1 1 0 0 0 0 1 0 0 0
100	11	1 1 0 1 1 1 1 0 0 1 1 0 0 1 0 1 1 0 0 0 0 1 1 0 0 0 0 0 0 0 0 1 1 0 0 0 1 1 1 1 1 0 0 0 1 0 0 0 1 0
110	3	1 1 0 1 1 1 1 0 0 1 1 0 0 1 0 1 1 0 0 0 0 1 1 0 0 0 0 0 0 0 0 1 1 0 0 0 1 1 1 1 0 1 0 0 0 0 1 0 0 0
110	1	1 1 0 1 1 1 1 0 0 1 1 0 0 1 0 1 1 0 0 0 1 1 1 0 0 0 0 0 0 0 0 1 1 0 0 0 1 1 1 1 1 1 0 0 1 0 1 0 0 0
110	11	1 1 0 1 1 1 1 0 0 1 1 0 0 1 0 1 1 0 0 0 0 1 1 0 0 0 0 0 0 0 0 1 1 0 0 0 1 1 1 1 1 1 0 0 1 0 1 0 0 0
110	1	1 1 0 1 1 1 1 0 0 1 1 0 0 1 1 1 1 0 0 0 0 1 1 0 0 0 0 0 0 0 0 1 1 0 1 0 1 1 1 1 0 1 0 0 1 0 1 0 0 0
110	2	1 1 0 1 1 1 1 0 0 1 1 0 0 1 1 1 1 0 0 0 0 1 1 0 0 0 0 0 0 0 0 1 1 0 0 0 1 1 1 1 0 1 0 0 1 0 1 0 0 0
110	41	1 1 0 1 1 1 1 0 0 1 1 0 0 1 0 1 1 0 0 0 0 1 1 0 0 0 0 0 0 0 0 1 1 0 0 0 1 1 1 1 0 1 0 0 1 0 1 0 0 0
110	8	1 1 0 1 1 1 1 0 0 1 1 0 0 1 0 1 1 0 0 0 0 1 0 0 0 0 0 0 0 1 0 1 1 0 0 0 1 1 1 1 1 1 0 0 1 0 0 0 0 0
110	2	1 1 0 1 1 1 1 0 0 1 1 0 0 1 0 1 1 0 0 0 0 1 1 0 0 0 0 0 0 1 0 1 1 0 0 0 1 1 1 1 1 1 0 0 1 0 1 0 0 0
110	3	1 1 0 1 1 1 1 0 1 1 1 0 0 1 0 1 1 0 0 0 0 1 1 0 0 0 0 0 0 0 0 1 1 0 0 0 1 1 1 1 1 1 0 0 1 0 1 0 0 0
110	4	1 1 0 1 1 1 1 0 0 1 1 0 0 1 0 1 1 0 0 0 0 1 1 0 0 0 0 0 0 0 0 1 1 0 1 0 1 1 1 1 1 1 0 0 0 0 1 0 0 0
110	10	1 1 0 1 1 1 1 0 0 1 1 0 0 1 0 1 1 0 0 0 0 1 1 0 0 0 0 0 0 0 0 1 1 0 0 0 1 1 1 1 1 1 0 0 0 0 1 0 0 0
110	1	1 1 0 1 1 1 1 0 0 1 1 0 0 1 0 1 0 0 1 0 0 1 1 0 0 0 0 0 0 0 0 0 1 0 0 0 1 1 1 1 1 1 0 0 1 0 1 0 0 0
110	1	1 1 0 1 1 1 1 0 0 1 1 0 0 1 0 1 0 0 1 0 0 1 1 0 0 0 0 0 0 0 0 1 1 0 0 0 1 1 1 1 1 1 0 0 1 0 1 0 0 0
110	3	1 1 0 1 1 1 1 0 0 1 1 0 0 1 0 1 1 0 0 0 0 1 1 0 0 0 0 0 0 0 0 1 1 0 0 0 1 1 1 1 0 0 0 0 1 0 0 0 1 0
110	9	1 1 0 1 1 1 1 0 0 1 1 0 0 1 0 1 1 0 0 0 0 1 1 0 0 0 0 0 0 0 0 1 1 0 0 0 1 1 1 1 1 0 0 0 1 0 0 0 1 0
120	3	1 1 0 1 1 1 1 0 0 1 1 0 0 1 0 1 1 0 0 0 0 1 1 0 0 0 0 0 0 0 0 1 1 0 0 0 1 1 1 1 0 1 0 0 0 0 1 0 0 0
120	2	1 1 0 1 1 1 1 0 0 1 1 0 0 1 0 1 1 0 0 0 0 1 1 0 0 0 0 0 0 0 0 1 1 0 0 0 1 1 1 1 1 1 0 0 1 0 1 0 0 0
120	1	1 1 0 1 1 1 1 0 0 1 1 0 0 1 1 1 1 0 0 0 0 1 1 0 0 0 0 0 0 0 0 1 1 0 1 0 1 1 1 1 0 1 0 0 1 0 1 0 0 0
120	2	1 1 0 1 1 1 1 0 0 1 1 0 0 1 1 1 1 0 0 0 0 1 1 0 0 0 0 0 0 0 0 1 1 0 0 0 1 1 1 1 0 1 0 0 1 0 1 0 0 0
120	1	1 1 0 1 1 1 1 0 1 1 1 0 0 1 0 1 1 0 0 0 0 1 1 0 0 0 0 0 0 0 0 1 1 0 0 0 1 1 1 1 0 1 0 0 1 0 1 0 0 0
120	40	1 1 0 1 1 1 1 0 0 1 1 0 0 1 0 1 1 0 0 0 0 1 1 0 0 0 0 0 0 0 0 1 1 0 0 0 1 1 1 1 0 1 0 0 1 0 1 0 0 0
120	1	1 1 0 1 1 1 1 0 0 1 1 0 0 1 0 1 1 0 0 0 0 1 0 0 1 0 0 0 0 1 0 1 1 0 0 0 1 1 1 1 1 1 0 0 1 0 0 0 0 0
120	13	1 1 0 1 1 1 1 0 0 1 1 0 0 1 0 1 1 0 0 0 0 1 0 0 0 0 0 0 0 1 0 1 1 0 0 0 1 1 1 1 1 1 0 0 1 0 0 0 0 0
120	2	1 1 0 1 1 1 1 0 0 1 1 0 0 1 0 1 1 0 0 0 0 1 1 0 0 0 0 0 0 1 0 1 1 0 0 0 1 1 1 1 1 1 0 0 1 0 1 0 0 0
120	7	1 1 0 1 1 1 1 0 1 1 1 0 0 1 0 1 1 0 0 0 0 1 1 0 0 0 0 0 0 0 0 1 1 0 0 0 1 1 1 1 1 1 0 0 1 0 1 0 0 0
120	4	1 1 0 1 1 1 1 0 0 1 1 0 0 1 0 1 1 0 0 0 0 1 1 0 0 0 0 0 0 0 0 1 1 0 1 0 1 1 1 1 1 1 0 0 0 0 1 0 0 0
120	6	1 1 0 1 1 1 1 0 0 1 1 0 0 1 0 1 1 0 0 0 0 1 1 0 0 0 0 0 0 0 0 1 1 0 0 0 1 1 1 1 1 1 0 0 0 0 1 0 0 0
120	1	1 1 0 1 1 1 1 0 0 1 1 0 0 1 0 1 1 0 0 0 0 1 1 0 0 0 0 0 0 0 1 1 1 0 0 0 1 1 1 1 1 1 0 0 1 0 1 0 0 0
120	2	1 1 0 1 1 1 1 0 0 1 1 0 0 1 0 1 1 0 0 0 0 1 1 0 0 0 0 0 0 0 0 1 1 0 0 0 1 1 1 1 0 0 0 0 1 0 0 0 1 0
120	2	1 1 0 1 1 1 1 0 0 1 1 0 0 1 0 1 1 0 0 0 0 1 1 0 0 0 0 0 0 0 0 1 1 0 1 0 1 1 1 1 1 0 0 0 1 0 0 0 1 0
120	13	1 1 0 1 1 1 1 0 0 1 1 0 0 1 0 1 1 0 0 0 0 1 1 0 0 0 0 0 0 0 0 1 1 0 0 0 1 1 1 1 1 0 0 0 1 0 0 0 1 0
130	1	0 1 0 1 1 1 1 0 0 1 1 0 0 1 0 1 1 0 0 0 0 1 1 0 0 0 0 0 0 0 0 1 1 0 0 0 1 1 1 1 0 1 0 0 0 0 1 0 0 0
130	1	1 1 0 1 1 1 1 0 0 1 1 0 0 1 0 0 1 0 0 0 0 1 1 0 0 0 0 0 0 0 0 1 1 0 0 0 1 1 1 1 0 1 0 0 0 0 1 0 0 0
130	2	1 1 0 1 1 1 1 0 0 1 1 0 0 1 0 1 1 0 0 0 0 1 1 0 0 0 0 0 0 0 0 1 1 0 0 0 1 1 1 1 0 1 0 0 0 0 1 0 0 0
130	1	1 1 0 1 1 1 1 0 0 1 1 0 0 1 1 1 1 0 0 0 0 1 1 0 0 0 0 0 0 0 0 1 1 0 1 0 1 1 1 1 0 1 0 0 1 0 1 0 0 0
130	1	1 1 0 1 1 1 1 0 0 1 1 0 0 1 0 1 0 0 0 0 0 1 1 0 0 0 0 0 0 0 0 1 1 0 0 0 1 1 1 1 0 1 0 0 1 0 1 0 0 0
130	1	1 1 0 1 1 1 1 0 1 1 1 0 0 1 0 1 1 0 0 0 0 1 1 0 0 0 0 0 0 0 0 1 1 0 0 0 1 1 1 1 0 1 0 0 1 0 1 0 0 0
130	1	1 1 0 1 1 1 1 0 0 1 1 1 0 1 0 1 1 0 0 0 0 1 1 0 0 0 0 0 0 0 0 1 1 0 0 0 1 1 1 1 0 1 0 0 1 0 1 0 0 0
130	37	1 1 0 1 1 1 1 0 0 1 1 0 0 1 0 1 1 0 0 0 0 1 1 0 0 0 0 0 0 0 0 1 1 0 0 0 1 1 1 1 0 1 0 0 1 0 1 0 0 0
130	1	1 1 0 1 1 1 1 0 0 1 1 0 0 1 0 1 1 0 0 1 0 1 0 0 0 0 0 0 0 1 0 1 1 0 0 0 1 1 1 1 1 1 0 0 1 0 0 0 0 0
130	1	1 1 0 1 1 1 1 0 0 1 1 0 0 1 0 1 1 0 0 0 0 1 0 0 0 0 0 0 0 1 0 1 1 0 0 0 1 1 1 1 1 0 0 0 1 0 0 0 0 0
130	5	1 1 0 1 1 1 1 0 0 1 1 0 0 1 0 1 1 0 0 0 0 1 0 0 0 0 0 0 0 1 0 1 1 0 0 0 1 1 1 1 1 1 0 0 1 0 0 0 0 0
130	1	1 1 0 1 1 1 1 0 1 1 1 0 0 1 0 1 1 0 0 0 1 1 1 0 0 0 0 0 0 0 0 1 1 0 0 0 1 1 1 1 1 1 0 0 1 0 1 0 0 0
130	4	1 1 0 1 1 1 1 0 1 1 1 0 0 1 0 1 1 0 0 0 0 1 1 0 0 0 0 0 0 0 0 1 1 0 0 0 1 1 1 1 1 1 0 0 1 0 1 0 0 0
130	4	1 1 0 1 1 1 1 0 0 1 1 0 0 1 0 1 1 0 0 0 0 1 1 0 0 0 0 0 0 0 0 1 1 0 1 0 1 1 1 1 1 1 0 0 0 0 1 0 0 0
130	9	1 1 0 1 1 1 1 0 0 1 1 0 0 1 0 1 1 0 0 0 0 1 1 0 0 0 0 0 0 0 0 1 1 0 0 0 1 1 1 1 1 1 0 0 0 0 1 0 0 0
130	1	1 1 0 1 1 1 1 0 0 1 1 0 0 1 0 1 1 0 0 0 0 1 1 0 0 0 0 0 0 0 1 1 1 0 0 0 1 1 1 1 1 1 0 0 1 0 1 0 0 0
130	9	1 1 0 1 1 1 1 0 0 1 1 0 0 1 0 1 1 0 0 0 0 1 1 0 0 0 0 0 0 0 0 1 1 0 0 0 1 1 1 1 0 0 0 0 1 0 0 0 1 0
130	3	1 1 0 1 1 1 1 0 0 1 1 0 0 1 0 1 1 0 0 0 0 1 1 0 0 0 0 0 0 0 0 1 1 0 1 0 1 1 1 1 1 0 0 0 1 0 0 0 1 0
130	17	1 1 0 1 1 1 1 0 0 1 1 0 0 1 0 1 1 0 0 0 0 1 1 0 0 0 0 0 0 0 0 1 1 0 0 0 1 1 1 1 1 0 0 0 1 0 0 0 1 0
140	1	1 1 0 1 1 1 1 0 0 1 1 0 0 1 0 0 1 0 0 0 0 1 1 0 0 0 0 0 0 0 0 1 1 0 0 0 1 1 1 1 0 1 0 0 0 0 1 0 0 0
140	3	1 1 0 1 1 1 1 0 0 1 1 0 0 1 0 1 1 0 0 0 0 1 1 0 0 0 0 0 0 0 0 1 1 0 0 0 1 1 1 1 0 1 0 0 0 0 1 0 0 0
140	1	1 1 0 1 1 1 1 0 0 1 1 0 0 1 1 1 1 0 0 0 0 1 1 0 0 0 0 0 0 0 0 1 1 0 1 0 1 1 1 1 0 1 0 0 1 0 1 0 0 0
140	1	1 1 0 1 1 1 1 1 0 1 1 0 0 1 0 1 1 0 0 0 0 1 1 0 0 0 0 0 0 0 0 1 1 0 0 0 1 1 1 1 0 1 0 0 1 0 1 0 0 0
140	2	1 1 0 1 1 1 1 0 0 1 1 0 0 1 0 1 0 0 0 0 0 1 1 0 0 0 0 0 0 0 0 1 1 0 0 0 1 1 1 1 0 1 0 0 1 0 1 0 0 0
140	1	1 1 0 0 1 1 1 0 0 1 1 0 0 1 0 1 1 0 0 0 0 1 1 0 0 0 0 0 0 0 0 1 1 0 0 0 1 1 1 1 0 1 0 0 1 0 1 0 0 0
140	1	1 1 0 1 1 1 1 0 0 1 1 0 0 1 0 1 1 0 0 0 0 1 1 0 0 0 0 0 0 0 0 1 1 0 0 0 1 1 1 1 0 1 0 0 1 0 0 0 0 0
140	1	1 1 0 1 1 1 1 0 0 1 1 0 1 1 0 1 1 0 0 0 0 1 1 0 0 0 0 0 0 0 0 1 1 0 0 0 1 1 1 1 0 1 0 0 1 0 1 0 0 0
140	33	1 1 0 1 1 1 1 0 0 1 1 0 0 1 0 1 1 0 0 0 0 1 1 0 0 0 0 0 0 0 0 1 1 0 0 0 1 1 1 1 0 1 0 0 1 0 1 0 0 0
140	5	1 1 0 1 1 1 1 0 0 1 1 0 0 1 0 1 1 0 0 0 0 1 0 0 0 0 0 0 0 1 0 1 1 0 0 0 1 1 1 1 1 0 0 0 1 0 0 0 0 0
140	1	1 1 0 1 1 1 1 0 0 1 1 0 0 1 0 1 1 0 0 0 0 1 0 0 0 0 0 0 0 1 0 1 1 0 1 0 1 1 1 1 1 1 0 0 1 0 0 0 0 0
140	8	1 1 0 1 1 1 1 0 0 1 1 0 0 1 0 1 1 0 0 0 0 1 0 0 0 0 0 0 0 1 0 1 1 0 0 0 1 1 1 1 1 1 0 0 1 0 0 0 0 0
140	1	1 1 0 1 1 1 1 0 1 1 1 0 0 1 0 1 1 0 0 0 0 1 1 0 0 0 0 0 0 1 0 1 1 0 0 0 1 1 1 1 1 1 0 0 1 0 1 0 0 0
140	3	1 1 0 1 1 1 1 0 1 1 1 0 0 1 0 1 1 0 0 0 0 1 1 0 0 0 0 0 0 0 0 1 1 0 0 0 1 1 1 1 1 1 0 0 1 0 1 0 0 0
140	3	1 1 0 1 1 1 1 0 1 1 1 0 0 1 0 1 1 0 0 0 0 1 1 0 0 0 0 0 1 0 0 1 1 0 0 0 1 1 1 1 1 1 0 0 1 0 1 0 0 0
140	2	1 1 0 1 1 1 1 0 1 1 1 0 0 1 0 1 1 0 0 0 1 1 1 0 0 0 0 0 0 0 0 1 1 0 0 0 1 1 1 1 1 1 0 0 1 0 1 0 0 0
140	7	1 1 0 1 1 1 1 0 0 1 1 0 0 1 0 1 1 0 0 0 0 1 1 0 0 0 0 0 0 0 0 1 1 0 1 0 1 1 1 1 1 1 0 0 0 0 1 0 0 0
140	1	1 1 0 1 1 1 1 0 0 1 1 0 0 1 0 1 1 0 0 0 0 1 0 0 0 0 0 0 0 0 0 1 1 0 0 0 1 1 1 1 1 1 0 0 0 0 1 0 0 0
140	7	1 1 0 1 1 1 1 0 0 1 1 0 0 1 0 1 1 0 0 0 0 1 1 0 0 0 0 0 0 0 0 1 1 0 0 0 1 1 1 1 1 1 0 0 0 0 1 0 0 0
140	1	1 1 0 1 1 1 1 0 0 1 1 0 0 1 0 1 1 0 0 0 0 1 1 0 0 0 0 0 0 0 1 1 1 0 0 0 1 1 1 1 1 1 0 0 1 0 1 0 0 0
140	1	1 1 0 1 1 1 1 0 0 1 1 0 0 1 0 1 1 0 0 0 0 1 1 0 0 0 0 0 0 0 0 1 1 0 0 0 1 1 1 1 0 0 0 0 0 0 0 0 1 0
140	8	1 1 0 1 1 1 1 0 0 1 1 0 0 1 0 1 1 0 0 0 0 1 1 0 0 0 0 0 0 0 0 1 1 0 0 0 1 1 1 1 0 0 0 0 1 0 0 0 1 0
140	1	1 1 0 1 1 1 1 0 0 1 1 0 0 1 0 1 1 0 0 0 0 1 1 0 0 0 0 0 1 0 0 1 1 0 0 0 1 1 1 1 1 0 0 0 1 0 0 0 1 0
140	7	1 1 0 1 1 1 1 0 0 1 1 0 0 1 0 1 1 0 0 0 0 1 1 0 0 0 0 0 0 0 0 1 1 0 0 0 1 1 1 1 1 0 0 0 1 0 0 0 1 0
150	6	0 1 0 1 1 1 1 0 0 1 1 0 0 1 0 1 1 0 0 0 0 1 1 0 0 0 0 0 0 0 0 1 1 0 0 0 1 1 1 1 0 1 0 0 0 0 1 0 0 0
150	1	1 1 0 1 1 1 1 0 0 1 1 0 0 1 0 0 1 0 0 0 0 1 1 0 0 0 0 0 0 0 0 1 1 0 0 0 1 1 1 1 0 1 0 0 0 0 1 0 0 0
150	10	1 1 0 1 1 1 1 0 0 1 1 0 0 1 0 1 1 0 0 0 0 1 1 0 0 0 0 0 0 0 0 1 1 0 0 0 1 1 1 1 0 1 0 0 0 0 1 0 0 0
150	1	1 1 0 1 1 1 1 1 0 1 1 0 0 1 1 1 1 0 0 0 0 1 1 0 0 0 0 0 0 0 0 1 1 0 1 0 1 1 1 1 0 1 0 0 1 0 1 0 0 0
150	1	1 1 0 1 1 1 1 0 0 1 1 0 0 1 1 1 1 0 0 1 0 1 1 0 0 0 0 0 0 0 0 1 1 0 1 0 1 1 1 1 0 1 0 0 1 0 1 0 0 0
150	1	1 1 0 1 1 1 1 1 0 1 1 0 0 1 0 1 1 0 0 0 0 1 1 0 0 0 0 0 0 0 0 1 1 0 0 0 1 1 1 1 0 1 0 0 1 0 1 0 0 0
150	1	1 1 0 1 1 1 1 0 0 1 1 0 0 1 0 1 0 0 0 0 0 1 1 0 0 0 0 0 0 0 0 1 1 0 0 0 1 1 1 1 0 1 0 0 1 0 1 0 0 0
150	2	1 1 0 1 1 1 1 0 0 1 1 0 0 1 0 1 1 0 0 0 0 1 1 0 0 0 0 0 0 0 0 1 1 0 0 0 1 1 1 1 0 1 0 0 1 0 0 0 0 0
150	1	1 1 0 1 1 1 1 0 0 1 1 0 0 1 0 1 1 0 0 0 0 1 1 0 0 0 0 0 0 0 0 1 1 0 0 0 1 0 1 1 0 1 0 0 1 0 1 0 0 0
150	1	1 1 0 1 1 1 1 0 0 1 1 0 0 0 0 1 1 0 0 0 0 1 1 0 0 0 0 0 0 0 0 1 1 0 0 0 1 1 1 1 0 1 0 0 1 0 1 0 0 0
150	30	1 1 0 1 1 1 1 0 0 1 1 0 0 1 0 1 1 0 0 0 0 1 1 0 0 0 0 0 0 0 0 1 1 0 0 0 1 1 1 1 0 1 0 0 1 0 1 0 0 0
150	1	1 1 0 1 1 1 1 0 0 1 1 0 0 1 0 1 1 0 0 0 0 1 0 0 0 0 0 0 0 1 0 1 1 0 0 0 1 1 1 1 1 0 0 0 1 0 0 0 0 0
150	2	1 1 0 1 1 1 1 0 0 1 1 0 0 1 0 1 1 0 0 0 0 1 0 0 0 0 0 0 0 1 0 1 1 0 0 0 1 1 1 1 1 1 0 0 1 0 0 0 0 0
150	1	1 1 0 1 1 1 1 0 1 1 1 0 0 1 0 1 1 0 0 0 0 1 1 0 0 0 0 0 0 0 0 1 1 0 0 0 1 1 1 1 1 1 0 0 1 0 1 1 0 0
150	4	1 1 0 1 1 1 1 0 1 1 1 0 0 1 0 1 1 0 0 0 0 1 1 0 0 0 0 0 0 0 0 1 1 0 0 0 1 1 1 1 1 1 0 0 1 0 1 0 0 0
150	2	1 1 0 1 1 1 1 0 1 1 1 0 0 1 0 1 1 0 0 0 1 1 1 0 0 0 0 0 0 0 0 1 1 0 0 0 1 1 1 1 1 1 0 0 1 0 1 0 0 0
150	3	1 1 0 1 1 1 1 0 0 1 1 0 0 1 0 1 1 0 0 0 0 1 1 0 0 0 0 0 0 0 0 1 1 0 0 0 1 1 1 1 1 0 0 0 1 0 1 0 0 0
150	2	1 1 0 1 1 1 0 0 0 1 1 0 0 1 0 1 1 0 0 0 0 1 1 0 0 0 0 0 0 0 0 1 1 0 0 0 1 1 1 1 1 1 0 0 0 0 1 0 0 0
150	4	1 1 0 1 1 1 1 0 0 1 1 0 0 1 0 1 1 0 0 0 0 1 1 0 0 0 0 0 0 0 0 1 1 0 0 0 1 1 1 1 1 1 0 0 0 0 1 0 0 0
150	1	1 1 0 1 1 1 1 0 0 1 1 0 0 1 0 1 1 0 0 0 0 1 1 0 0 0 0 0 0 0 0 1 1 0 0 0 0 1 1 1 0 0 0 0 1 0 0 0 1 0
150	1	1 1 0 1 1 1 1 0 0 1 1 0 0 1 0 1 1 0 0 0 0 1 1 0 0 0 0 1 0 0 0 1 1 0 0 0 1 1 1 1 0 0 0 0 1 0 0 0 1 0
150	6	1 1 0 1 1 1 1 0 0 1 1 0 0 1 0 1 1 0 0 0 0 1 1 0 0 0 0 0 0 0 0 1 1 0 0 0 1 1 1 1 1 0 0 0 1 0 0 0 1 0
150	17	1 1 0 1 1 1 1 0 0 1 1 0 0 1 0 1 1 0 0 0 0 1 1 0 0 0 0 0 0 0 0 1 1 0 0 0 1 1 1 1 0 0 0 0 1 0 0 0 1 0
150	1	1 1 0 1 1 1 1 0 0 1 1 0 0 0 0 1 1 0 0 0 0 1 1 0 0 0 0 0 0 0 0 1 1 0 0 0 1 1 1 1 1 0 0 0 1 0 0 0 1 0
160	2	1 1 0 1 1 1 1 0 0 1 1 0 0 1 0 0 1 0 0 0 0 1 1 0 0 0 0 0 0 0 0 1 1 0 0 0 1 1 1 1 0 1 0 0 0 0 1 0 0 0
160	2	1 1 0 1 1 1 1 0 0 1 1 0 0 1 0 1 1 0 0 0 0 1 1 0 0 0 0 0 0 0 0 1 1 0 0 0 1 1 1 1 0 1 1 0 0 0 1 0 0 0
160	29	1 1 0 1 1 1 1 0 0 1 1 0 0 1 0 1 1 0 0 0 0 1 1 0 0 0 0 0 0 0 0 1 1 0 0 0 1 1 1 1 0 1 0 0 0 0 1 0 0 0
160	1	1 1 0 0 1 1 1 0 0 1 1 0 0 1 0 1 1 0 0 0 0 1 1 0 0 0 0 0 0 0 0 1 1 0 0 0 1 1 1 1 0 1 0 0 1 0 1 0 0 0
160	1	1 1 0 1 1 1 1 0 0 1 1 0 0 1 0 1 1 0 0 0 0 1 1 0 0 0 0 0 0 0 0 1 1 0 0 0 1 1 1 1 0 1 0 0 1 0 0 0 0 0
160	27	1 1 0 1 1 1 1 0 0 1 1 0 0 1 0 1 1 0 0 0 0 1 1 0 0 0 0 0 0 0 0 1 1 0 0 0 1 1 1 1 0 1 0 0 1 0 1 0 0 0
160	3	1 1 0 1 1 1 1 0 0 1 1 0 0 1 0 1 1 0 0 0 0 1 0 0 0 0 0 0 0 1 0 1 1 0 0 0 1 1 1 1 1 0 0 0 1 0 0 0 0 0
160	1	1 1 0 1 1 1 1 0 0 1 1 0 0 1 0 1 1 0 0 0 0 1 0 0 0 0 0 0 0 1 0 1 1 0 0 0 1 1 1 1 1 1 0 0 1 0 0 0 1 0
160	2	1 1 0 1 1 1 1 0 0 1 1 0 0 1 0 1 1 0 0 0 0 1 0 0 0 0 0 0 0 1 0 1 1 0 0 0 1 1 1 1 1 1 0 0 1 0 0 0 0 0
160	1	1 1 0 1 1 1 1 0 1 1 1 0 0 1 0 1 1 1 0 0 0 1 1 0 0 0 0 0 0 0 0 1 1 0 0 0 1 1 1 1 1 1 0 0 1 0 1 0 0 0
160	1	1 1 0 1 1 1 1 0 1 1 1 0 0 1 0 1 1 0 0 0 1 1 1 0 0 0 0 0 0 0 0 1 1 0 0 0 1 1 1 1 1 1 0 0 1 0 1 0 0 0
160	1	1 1 0 1 1 1 1 0 0 1 1 0 0 1 0 1 1 0 0 0 0 1 1 0 0 0 0 0 0 0 0 1 1 0 0 0 1 1 1 1 1 0 0 0 1 0 1 0 0 0
160	2	1 1 0 1 1 1 1 0 0 1 1 0 0 1 0 1 1 0 0 0 0 1 1 0 0 0 0 0 0 0 0 1 1 0 0 0 1 1 1 1 1 1 0 0 0 0 1 0 0 0
160	8	1 1 0 1 1 1 1 0 0 1 1 0 0 1 0 1 1 0 0 0 0 1 1 0 0 0 0 0 0 0 0 1 1 0 0 0 1 1 1 1 1 0 0 0 1 0 0 0 1 0
160	19	1 1 0 1 1 1 1 0 0 1 1 0 0 1 0 1 1 0 0 0 0 1 1 0 0 0 0 0 0 0 0 1 1 0 0 0 1 1 1 1 0 0 0 0 1 0 0 0 1 0
170	1	1 1 0 1 1 1 1 0 0 1 1 0 0 1 0 0 1 0 0 0 0 1 1 0 0 0 0 0 0 0 0 1 1 0 0 0 1 1 1 1 0 1 0 0 0 0 1 0 0 0
170	2	1 1 0 1 1 1 1 0 0 1 1 0 0 1 0 1 0 0 0 0 0 1 1 0 0 0 0 0 0 0 0 1 1 0 0 0 1 1 1 1 0 1 0 0 0 0 1 0 0 0
170	2	1 1 0 1 1 1 1 0 0 1 1 0 0 1 0 1 1 0 0 0 0 1 1 0 0 0 0 0 0 0 0 1 1 0 0 0 1 1 1 1 0 1 0 0 1 1 1 0 0 0
170	2	1 1 0 1 1 1 1 0 0 1 1 0 0 1 0 1 1 0 0 0 0 1 1 0 0 0 0 0 0 0 0 1 1 0 0 0 1 0 1 1 0 1 0 0 1 0 1 0 0 0
170	19	1 1 0 1 1 1 1 0 0 1 1 0 0 1 0 1 1 0 0 0 0 1 1 0 0 0 0 0 0 0 0 1 1 0 0 0 1 1 1 1 0 1 0 0 1 0 1 0 0 0
170	29	1 1 0 1 1 1 1 0 0 1 1 0 0 1 0 1 1 0 0 0 0 1 1 0 0 0 0 0 0 0 0 1 1 0 0 0 1 1 1 1 0 1 0 0 0 0 1 0 0 0
170	1	1 1 0 1 1 0 1 0 0 1 1 0 0 1 0 1 1 0 0 0 0 1 1 0 0 0 0 0 0 0 0 1 1 0 0 0 1 1 1 1 0 1 0 0 1 0 0 0 0 0
170	2	1 1 0 1 1 1 1 0 0 1 1 0 0 1 0 1 1 0 0 1 0 1 1 0 0 0 0 0 0 0 0 1 1 0 0 0 1 1 1 1 0 1 0 0 1 0 0 0 0 0
170	7	1 1 0 1 1 1 1 0 0 1 1 0 0 1 0 1 1 0 0 0 0 1 1 0 0 0 0 0 0 0 0 1 1 0 0 0 1 1 1 1 0 1 0 0 1 0 0 0 0 0
170	1	1 1 0 1 1 1 1 0 0 1 1 0 0 1 0 1 1 0 0 0 0 1 0 0 0 0 0 0 0 1 0 1 1 0 0 0 1 1 0 1 1 0 0 0 1 0 0 0 0 0
170	5	1 1 0 1 1 1 1 0 0 1 1 0 0 1 0 1 1 0 0 0 0 1 0 0 0 0 0 0 0 1 0 1 1 0 0 0 1 1 1 1 1 0 0 0 1 0 0 0 0 0
170	1	1 1 0 1 1 1 1 0 1 1 1 0 0 1 0 1 1 0 0 0 1 1 1 0 0 0 0 0 0 0 0 1 1 0 0 0 1 1 1 1 1 1 0 0 1 0 1 0 0 0
170	2	1 1 0 1 1 1 1 0 0 1 1 0 0 1 0 1 1 0 0 0 0 1 0 0 0 0 0 0 0 0 0 1 1 0 0 0 1 1 1 1 1 1 0 0 0 0 1 0 0 0
170	2	1 1 0 1 1 1 1 0 0 1 1 0 0 1 0 1 1 0 0 0 0 1 1 0 0 0 0 0 0 0 0 1 1 0 0 0 1 1 1 1 1 1 0 0 0 0 1 0 0 0
170	5	1 1 0 1 1 1 1 0 0 1 1 0 0 1 0 1 1 0 0 0 0 1 1 0 0 0 0 0 0 0 0 1 1 0 0 0 1 1 1 1 1 0 0 0 1 0 0 0 1 0
170	2	1 1 0 1 1 1 1 0 0 1 1 0 0 1 0 1 1 0 0 1 0 1 1 0 0 0 0 0 0 0 0 1 1 0 0 0 1 1 1 1 0 0 0 0 1 0 0 0 1 0
170	1	1 1 0 1 1 1 1 0 0 1 1 0 0 1 0 0 1 0 0 0 0 1 1 0 0 0 0 0 0 0 0 1 1 0 0 0 1 1 1 1 0 0 0 0 1 0 0 0 1 0
170	1	1 1 0 1 1 1 1 0 0 1 1 0 0 1 0 1 1 0 0 0 0 1 1 0 0 0 0 0 0 0 0 1 1 0 0 0 1 0 1 1 0 0 0 0 1 0 0 0 1 0
170	15	1 1 0 1 1 1 1 0 0 1 1 0 0 1 0 1 1 0 0 0 0 1 1 0 0 0 0 0 0 0 0 1 1 0 0 0 1 1 1 1 0 0 0 0 1 0 0 0 1 0
180	1	1 1 0 1 1 1 1 0 0 1 1 0 0 1 0 1 0 0 0 0 0 1 1 0 0 0 0 0 0 0 0 1 1 0 0 0 1 1 1 1 0 1 0 0 0 0 1 0 0 0
180	2	1 1 0 1 1 1 1 0 0 1 1 0 0 1 0 1 1 0 0 0 0 1 1 0 0 0 0 0 0 0 0 1 1 0 0 0 1 0 1 1 0 1 0 0 1 0 1 0 0 0
180	6	1 1 0 1 1 1 1 0 0 1 1 0 0 1 0 1 1 0 0 0 0 1 1 0 0 0 0 0 0 0 0 1 1 0 0 0 1 1 1 1 0 1 0 0 1 0 1 0 0 0
180	2	1 1 0 1 1 1 1 0 0 1 1 0 0 1 0 1 1 1 0 0 0 1 1 0 0 0 0 0 0 0 0 1 1 0 0 0 1 1 1 1 0 1 0 0 0 0 1 0 0 0
180	2	1 1 0 1 1 1 1 0 0 1 1 0 0 1 0 1 1 0 0 0 0 1 1 0 0 0 0 0 0 0 0 1 1 0 0 0 1 1 1 1 1 1 0 0 0 0 1 0 0 0
180	1	1 1 0 1 1 1 1 0 0 1 1 0 0 1 0 1 1 0 0 0 0 1 1 0 0 0 0 0 0 0 0 1 1 0 0 0 1 1 1 0 0 1 0 0 0 0 1 0 0 0
180	36	1 1 0 1 1 1 1 0 0 1 1 0 0 1 0 1 1 0 0 0 0 1 1 0 0 0 0 0 0 0 0 1 1 0 0 0 1 1 1 1 0 1 0 0 0 0 1 0 0 0
180	2	1 1 0 1 1 0 1 0 0 1 1 0 0 1 0 1 1 0 0 0 0 1 1 0 0 0 0 0 0 0 0 1 1 0 0 0 1 1 1 1 0 1 0 0 1 0 0 0 0 0
180	1	1 1 0 1 1 1 1 0 0 1 1 0 0 1 0 1 1 0 0 1 0 1 1 0 0 0 0 0 0 0 0 1 1 0 0 0 1 1 1 1 0 1 0 0 1 0 0 0 0 0
180	12	1 1 0 1 1 1 1 0 0 1 1 0 0 1 0 1 1 0 0 0 0 1 1 0 0 0 0 0 0 0 0 1 1 0 0 0 1 1 1 1 0 1 0 0 1 0 0 0 0 0
180	7	1 1 0 1 1 1 1 0 0 1 1 0 0 1 0 1 1 0 0 0 0 1 0 0 0 0 0 0 0 1 0 1 1 0 0 0 1 1 1 1 1 0 0 0 1 0 0 0 0 0
180	8	1 1 0 1 1 1 1 0 0 1 1 0 0 1 0 1 1 0 0 0 0 1 1 0 0 0 0 0 0 0 0 1 1 0 0 0 1 1 1 1 1 0 0 0 1 0 0 0 1 0
180	1	1 1 0 1 1 1 1 0 0 1 1 0 0 1 0 1 1 0 0 1 0 1 1 0 0 0 0 0 0 0 0 1 1 0 0 0 1 1 1 1 0 0 0 0 1 0 0 0 1 0
180	1	1 1 0 1 1 1 1 0 0 1 1 0 0 1 0 0 1 0 0 0 0 1 1 0 0 0 0 0 0 0 0 1 1 0 0 0 1 1 1 1 0 0 0 0 1 0 0 0 1 0
180	1	1 1 0 1 1 1 1 0 0 1 1 0 0 1 0 1 1 0 0 0 0 1 1 0 0 0 0 0 0 0 0 1 1 0 0 0 1 0 1 1 0 0 0 0 1 0 0 0 1 0
180	2	1 1 0 1 1 1 1 0 0 1 1 0 0 1 0 1 1 0 0 0 0 0 1 0 0 0 0 0 0 0 0 1 1 0 0 0 1 1 1 1 0 0 0 0 1 0 0 0 1 0
180	15	1 1 0 1 1 1 1 0 0 1 1 0 0 1 0 1 1 0 0 0 0 1 1 0 0 0 0 0 0 0 0 1 1 0 0 0 1 1 1 1 0 0 0 0 1 0 0 0 1 0
190	6	1 1 0 1 1 1 1 0 0 1 1 0 0 1 0 1 0 0 0 0 0 1 1 0 0 0 0 0 0 0 0 1 1 0 0 0 1 1 1 1 0 1 0 0 0 0 1 0 0 0
190	1	1 1 0 1 1 1 1 0 0 1 1 0 0 1 0 1 1 0 0 0 0 1 1 0 0 1 0 0 0 0 0 1 1 0 0 0 1 1 1 1 0 1 0 0 1 0 1 0 0 0
190	3	1 1 0 1 1 1 1 0 0 1 1 0 0 1 0 1 1 0 0 0 0 1 1 0 0 0 0 0 0 0 0 1 1 0 0 0 1 1 1 1 0 1 0 0 1 0 1 0 0 0
190	2	1 1 0 1 1 1 1 1 0 1 1 0 0 1 0 1 1 0 0 0 0 1 1 0 0 0 0 0 0 0 0 1 1 0 0 0 1 1 1 1 0 1 0 0 0 0 1 0 0 0
190	2	1 1 0 1 1 1 1 0 0 1 1 1 0 1 0 1 1 0 0 0 0 1 1 0 0 0 0 0 0 0 0 1 1 0 0 0 1 1 1 1 0 1 0 0 0 0 1 0 0 0
190	1	1 1 0 1 1 1 1 0 0 1 1 0 0 1 0 1 1 0 0 0 0 1 1 0 0 1 0 0 0 0 0 1 1 0 0 0 1 1 1 1 0 1 0 0 0 0 1 0 0 0
190	42	1 1 0 1 1 1 1 0 0 1 1 0 0 1 0 1 1 0 0 0 0 1 1 0 0 0 0 0 0 0 0 1 1 0 0 0 1 1 1 1 0 1 0 0 0 0 1 0 0 0
190	2	1 1 0 1 1 1 1 0 0 1 1 0 0 1 0 1 1 0 1 0 0 1 1 0 0 0 0 0 0 0 0 1 1 0 0 0 1 1 1 1 0 1 0 0 0 0 1 0 0 0
190	2	1 1 0 1 1 0 1 0 0 1 1 0 0 1 0 1 1 0 0 0 0 1 1 0 0 0 0 0 0 0 0 1 1 0 0 0 1 1 1 1 0 1 0 0 1 0 0 0 0 0
190	2	1 1 0 1 1 1 1 0 0 1 1 0 0 1 0 1 1 0 0 1 0 1 1 0 0 0 0 0 0 0 0 1 1 0 0 0 1 1 1 1 0 1 0 0 1 0 0 0 0 0
190	10	1 1 0 1 1 1 1 0 0 1 1 0 0 1 0 1 1 0 0 0 0 1 1 0 0 0 0 0 0 0 0 1 1 0 0 0 1 1 1 1 0 1 0 0 1 0 0 0 0 0
190	1	1 1 0 1 1 1 1 0 0 1 1 0 0 1 0 1 1 0 0 0 0 1 0 0 0 0 0 0 0 1 0 1 1 0 0 0 1 1 1 0 1 0 0 0 1 0 0 0 0 0
190	7	1 1 0 1 1 1 1 0 0 1 1 0 0 1 0 1 1 0 0 0 0 1 0 0 0 0 0 0 0 1 0 1 1 0 0 0 1 1 1 1 1 0 0 0 1 0 0 0 0 0
190	1	0 1 0 1 1 1 1 0 0 1 1 0 0 1 0 1 1 0 0 0 0 1 1 0 0 0 0 0 0 0 0 1 1 0 0 0 1 1 1 1 1 0 0 0 1 0 0 0 1 0
190	1	1 1 0 1 1 1 1 0 0 1 1 0 0 1 0 1 1 0 0 0 0 1 1 0 0 0 0 0 0 0 0 1 1 0 0 0 1 1 1 1 1 0 0 0 1 0 0 0 1 0
190	1	1 1 0 1 1 1 1 0 0 1 1 0 0 1 0 0 1 0 0 0 0 1 1 0 0 0 0 0 0 0 0 1 1 0 0 0 1 1 1 1 0 0 0 0 1 0 0 0 1 0
190	16	1 1 0 1 1 1 1 0 0 1 1 0 0 1 0 1 1 0 0 0 0 1 1 0 0 0 0 0 0 0 0 1 1 0 0 0 1 1 1 1 0 0 0 0 1 0 0 0 1 0
200	1	1 1 0 1 1 1 1 0 0 1 1 0 0 1 0 1 0 0 0 0 0 1 1 0 0 0 0 0 0 0 0 1 1 0 0 0 1 1 1 1 0 1 0 0 0 0 1 0 0 0
200	1	1 1 0 1 1 1 1 0 0 1 1 0 0 1 0 1 1 0 0 0 0 1 1 0 0 0 0 0 0 0 0 1 1 0 0 0 1 0 1 1 0 1 0 0 1 0 1 0 0 0
200	1	1 1 0 1 1 1 1 0 0 1 1 0 0 1 0 1 1 0 0 0 0 1 1 0 0 0 1 0 0 0 0 1 1 0 0 0 1 1 1 1 0 1 0 0 1 0 1 0 0 0
200	2	1 1 0 1 1 1 1 0 0 1 1 0 0 1 0 1 1 0 0 0 0 1 1 0 0 0 0 0 0 0 0 1 1 0 0 0 1 1 1 1 0 1 0 0 1 0 1 0 0 0
200	7	1 1 0 1 1 1 1 1 0 1 1 0 0 1 0 1 1 0 0 0 0 1 1 0 0 0 0 0 0 0 0 1 1 0 0 0 1 1 1 1 0 1 0 0 0 0 1 0 0 0
200	7	1 1 0 1 1 1 1 0 0 1 1 1 0 1 0 1 1 0 0 0 0 1 1 0 0 0 0 0 0 0 0 1 1 0 0 0 1 1 1 1 0 1 0 0 0 0 1 0 0 0
200	1	1 1 0 1 1 1 1 0 0 1 1 0 0 1 0 1 1 0 0 0 0 1 1 0 0 0 0 0 0 0 0 1 1 0 0 0 1 1 0 1 0 1 0 0 0 0 1 0 0 0
200	1	1 1 0 1 1 1 1 0 0 1 1 0 0 1 0 1 1 0 0 0 0 1 1 0 0 0 0 0 0 0 0 1 1 1 0 0 1 1 1 1 0 1 0 0 0 0 1 0 0 0
200	37	1 1 0 1 1 1 1 0 0 1 1 0 0 1 0 1 1 0 0 0 0 1 1 0 0 0 0 0 0 0 0 1 1 0 0 0 1 1 1 1 0 1 0 0 0 0 1 0 0 0
200	1	1 1 0 1 1 1 1 0 0 1 1 0 0 1 0 1 1 0 1 0 0 1 1 0 0 0 0 0 0 0 0 1 1 0 0 0 1 1 1 1 0 1 0 0 0 0 1 0 0 0
200	10	1 1 0 1 1 1 1 0 0 1 1 0 0 1 0 1 1 0 0 0 0 1 1 0 0 0 0 0 0 0 0 1 1 0 0 0 1 1 1 1 0 1 0 0 1 0 0 0 0 0
200	4	1 1 0 1 1 1 1 0 0 1 1 0 0 1 0 1 1 0 0 1 0 1 1 0 0 0 0 0 0 0 0 1 1 0 0 0 1 1 1 1 0 1 0 0 1 0 0 0 0 0
200	2	1 1 0 1 1 1 1 0 0 1 1 0 0 1 0 1 1 0 0 0 0 1 1 0 0 0 0 0 0 0 0 1 1 0 0 0 1 1 1 1 0 1 1 0 1 0 0 0 0 0
200	1	1 1 0 1 1 1 1 0 0 1 1 0 0 1 0 1 1 0 0 0 0 1 0 0 0 0 0 0 0 1 0 1 1 0 0 0 1 1 1 1 1 0 0 0 1 1 0 0 0 0
200	6	1 1 0 1 1 1 1 0 0 1 1 0 0 1 0 1 1 0 0 0 0 1 0 0 0 0 0 0 0 1 0 1 1 0 0 0 1 1 1 1 1 0 0 0 1 0 0 0 0 0
200	2	1 1 0 1 1 1 0 0 0 1 1 0 0 1 0 1 1 0 0 0 0 1 1 0 0 0 0 0 0 0 0 1 1 0 0 0 1 1 1 1 1 0 0 0 1 0 0 0 1 0
200	1	1 1 0 1 1 1 1 0 0 1 1 0 0 1 0 1 0 0 0 0 0 1 1 0 0 0 0 0 0 0 0 1 1 0 0 0 1 1 1 1 0 0 0 0 1 0 0 0 1 0
200	15	1 1 0 1 1 1 1 0 0 1 1 0 0 1 0 1 1 0 0 0 0 1 1 0 0 0 0 0 0 0 0 1 1 0 0 0 1 1 1 1 0 0 0 0 1 0 0 0 1 0
210	5	1 1 0 1 1 1 1 0 0 1 1 0 0 1 0 1 0 0 0 0 0 1 1 0 0 0 0 0 0 0 0 1 1 0 0 0 1 1 1 1 0 1 0 0 0 0 1 0 0 0
210	4	1 1 0 1 1 1 1 0 0 1 1 0 0 1 0 1 1 0 0 0 0 1 1 0 0 0 0 0 0 0 0 1 1 0 0 0 1 0 1 1 0 1 0 0 1 0 1 0 0 0
210	1	1 1 0 1 1 1 1 0 0 1 1 0 0 1 0 1 1 1 0 0 0 1 1 0 0 0 0 0 0 0 0 1 1 0 0 0 1 1 1 1 0 1 0 0 0 0 1 0 0 0
210	1	1 1 0 1 1 1 1 1 0 1 1 0 1 1 0 1 1 0 0 0 0 1 1 0 0 0 0 0 0 0 0 1 1 0 0 0 1 1 1 1 0 1 0 0 0 0 1 0 0 0
210	14	1 1 0 1 1 1 1 1 0 1 1 0 0 1 0 1 1 0 0 0 0 1 1 0 0 0 0 0 0 0 0 1 1 0 0 0 1 1 1 1 0 1 0 0 0 0 1 0 0 0
210	10	1 1 0 1 1 1 1 0 0 1 1 1 0 1 0 1 1 0 0 0 0 1 1 0 0 0 0 0 0 0 0 1 1 0 0 0 1 1 1 1 0 1 0 0 0 0 1 0 0 0
210	2	1 1 0 1 1 1 1 0 0 1 1 0 0 1 0 1 1 0 0 0 0 1 1 0 0 0 0 0 0 0 0 1 1 0 0 0 1 1 0 1 0 1 0 0 0 0 1 0 0 0
210	1	1 1 0 1 1 1 1 0 0 0 1 0 0 1 0 1 1 0 0 0 0 1 1 1 0 0 0 0 0 0 0 1 1 0 0 0 1 1 1 1 0 1 0 0 0 0 1 0 0 0
210	2	1 1 0 1 1 1 1 0 0 0 1 0 0 1 0 1 1 0 0 0 0 1 1 0 0 0 0 0 0 0 0 1 1 0 0 0 1 1 1 1 0 1 0 0 0 0 1 0 0 0
210	1	1 1 0 1 1 1 1 0 0 1 1 0 0 1 0 1 1 0 0 0 0 1 1 0 0 0 0 0 0 0 0 1 1 0 0 0 1 1 1 1 1 1 0 0 0 0 1 0 0 0
210	1	1 1 0 1 1 1 1 0 0 1 1 0 0 1 0 1 1 0 1 0 0 1 1 0 0 0 0 0 0 0 0 1 1 0 0 0 1 1 1 1 0 1 0 0 0 0 1 0 0 0
210	29	1 1 0 1 1 1 1 0 0 1 1 0 0 1 0 1 1 0 0 0 0 1 1 0 0 0 0 0 0 0 0 1 1 0 0 0 1 1 1 1 0 1 0 0 0 0 1 0 0 0
210	1	1 1 0 1 1 1 1 0 0 1 1 0 0 1 0 1 1 0 0 0 0 1 1 0 0 0 0 0 0 0 0 1 1 0 0 0 1 1 1 1 0 1 0 0 1 0 0 0 0 1
210	20	1 1 0 1 1 1 1 0 0 1 1 0 0 1 0 1 1 0 0 0 0 1 1 0 0 0 0 0 0 0 0 1 1 0 0 0 1 1 1 1 0 1 0 0 1 0 0 0 0 0
210	2	1 1 0 1 1 1 1 0 0 1 1 0 0 1 0 1 1 0 0 1 0 1 1 0 0 0 0 0 0 0 0 1 1 0 0 0 1 1 1 1 0 1 0 0 1 0 0 0 0 0
210	2	1 1 0 1 1 1 1 0 0 1 1 0 0 1 0 1 1 0 0 0 0 1 1 0 0 0 0 0 0 0 0 1 1 0 0 0 1 1 1 1 0 1 1 0 1 0 0 0 0 0
210	1	1 1 0 1 1 1 1 0 0 1 1 0 0 1 0 1 1 0 0 0 0 1 0 0 0 0 0 0 0 1 0 1 1 0 0 0 1 1 1 1 1 0 0 0 1 0 0 0 0 0
210	1	1 1 0 1 1 1 1 0 0 1 1 0 0 1 0 1 1 0 0 0 0 1 1 0 0 0 0 0 0 0 0 1 1 0 0 0 1 0 1 1 0 0 0 0 1 0 0 0 1 0
210	1	1 1 0 1 1 1 1 0 0 1 1 0 0 1 0 1 0 0 0 0 0 1 1 0 0 0 0 0 0 0 0 1 1 0 0 0 1 1 1 1 0 0 0 0 1 0 0 0 1 0
210	1	1 1 0 1 1 1 1 0 0 1 1 0 0 1 0 1 1 0 0 0 0 1 1 0 0 0 0 0 0 0 0 1 1 0 0 0 1 1 1 1 0 0 0 0 1 0 0 0 1 0
220	2	1 1 0 1 1 1 1 0 0 1 1 0 0 1 0 1 0 0 0 0 0 1 1 0 0 0 0 0 0 0 0 1 1 0 0 0 1 1 1 1 0 1 0 0 0 0 1 0 0 0
220	1	1 1 0 1 1 1 1 0 0 1 1 0 0 1 0 1 1 0 0 0 0 1 1 0 0 0 0 0 0 0 0 1 1 0 0 0 1 1 1 1 0 1 0 0 1 0 1 0 0 0
220	1	1 1 0 1 1 1 1 1 0 1 1 0 1 1 0 1 1 0 0 0 0 1 1 0 0 0 0 0 0 0 0 1 1 0 0 0 1 1 1 1 0 1 0 0 0 0 1 0 0 0
220	1	1 1 0 1 1 1 1 1 0 1 1 0 0 1 0 1 1 0 0 0 0 1 1 0 0 1 0 0 0 0 0 1 1 0 0 0 1 1 1 1 0 1 0 0 0 0 1 0 0 0
220	22	1 1 0 1 1 1 1 1 0 1 1 0 0 1 0 1 1 0 0 0 0 1 1 0 0 0 0 0 0 0 0 1 1 0 0 0 1 1 1 1 0 1 0 0 0 0 1 0 0 0
220	4	1 1 0 1 1 1 1 0 0 0 1 0 0 1 0 1 1 0 0 0 0 1 1 0 0 0 0 0 0 0 0 1 1 0 0 0 1 1 1 1 0 1 0 0 0 0 1 0 0 0
220	23	1 1 0 1 1 1 1 0 0 1 1 0 0 1 0 1 1 0 0 0 0 1 1 0 0 0 0 0 0 0 0 1 1 0 0 0 1 1 1 1 0 1 0 0 0 0 1 0 0 0
220	17	1 1 0 1 1 1 1 0 0 1 1 1 0 1 0 1 1 0 0 0 0 1 1 0 0 0 0 0 0 0 0 1 1 0 0 0 1 1 1 1 0 1 0 0 0 0 1 0 0 0
220	5	1 1 0 1 1 1 1 0 0 1 1 0 0 1 0 1 1 0 0 0 0 1 1 0 0 0 0 0 0 0 0 1 1 0 0 0 1 1 0 1 0 1 0 0 0 0 1 0 0 0
220	2	1 1 0 1 1 1 1 0 0 1 1 0 0 1 0 1 1 0 1 0 0 1 1 0 0 0 0 0 0 0 0 1 1 0 0 0 1 1 1 1 0 1 0 0 0 0 1 0 0 0
220	1	1 1 0 1 1 0 1 0 0 1 1 0 0 1 0 1 1 0 0 0 0 1 1 0 0 0 0 0 0 0 0 1 1 0 0 0 1 1 1 1 0 1 0 0 1 0 0 0 0 0
220	1	1 1 1 1 1 1 1 0 0 1 1 0 0 1 0 1 1 0 0 0 0 1 1 0 0 0 0 0 0 0 0 1 1 0 0 0 1 1 1 1 0 1 0 0 1 0 0 0 0 0
220	17	1 1 0 1 1 1 1 0 0 1 1 0 0 1 0 1 1 0 0 0 0 1 1 0 0 0 0 0 0 0 0 1 1 0 0 0 1 1 1 1 0 1 0 0 1 0 0 0 0 0
220	2	1 1 0 1 1 1 1 0 0 1 1 0 0 1 0 1 1 0 0 0 0 1 0 0 0 0 0 0 0 1 0 1 1 0 0 0 1 1 1 1 1 0 0 0 1 0 0 0 0 0
220	1	1 1 0 1 1 1 1 0 0 1 1 0 0 1 0 1 1 0 0 0 0 1 1 0 0 0 0 0 0 0 0 1 1 0 0 0 1 1 1 1 0 0 0 0 1 0 0 0 1 0
230	4	1 1 0 1 1 1 1 0 0 1 1 0 0 1 0 1 0 0 0 0 0 1 1 0 0 0 0 0 0 0 0 1 1 0 0 0 1 1 1 1 0 1 0 0 0 0 1 0 0 0
230	1	1 1 0 1 1 1 1 1 0 1 1 0 1 1 0 1 1 0 0 0 0 1 1 0 0 0 0 0 0 0 0 1 1 0 0 0 1 1 1 1 0 1 0 0 0 0 1 0 0 0
230	1	1 1 0 1 1 1 1 1 0 1 1 0 0 1 0 1 1 0 0 0 0 1 1 0 0 0 0 0 0 0 0 1 1 0 0 0 0 1 1 1 0 1 0 0 0 0 1 0 0 0
230	37	1 1 0 1 1 1 1 1 0 1 1 0 0 1 0 1 1 0 0 0 0 1 1 0 0 0 0 0 0 0 0 1 1 0 0 0 1 1 1 1 0 1 0 0 0 0 1 0 0 0
230	2	1 1 0 1 1 1 1 0 0 0 1 0 0 1 0 1 1 0 0 0 0 1 1 0 0 0 0 0 0 0 0 1 1 0 0 0 1 1 1 1 0 1 0 0 0 0 1 0 0 0
230	22	1 1 0 1 1 1 1 0 0 1 1 0 0 1 0 1 1 0 0 0 0 1 1 0 0 0 0 0 0 0 0 1 1 0 0 0 1 1 1 1 0 1 0 0 0 0 1 0 0 0
230	16	1 1 0 1 1 1 1 0 0 1 1 1 0 1 0 1 1 0 0 0 0 1 1 0 0 0 0 0 0 0 0 1 1 0 0 0 1 1 1 1 0 1 0 0 0 0 1 0 0 0
230	2	1 1 0 1 1 1 1 0 0 1 1 0 0 1 0 1 1 0 1 0 0 1 1 0 0 0 0 0 0 0 0 1 1 0 0 0 1 1 0 1 0 1 0 0 0 0 1 0 0 0
230	1	1 1 0 1 1 1 1 0 0 1 1 0 0 1 0 1 1 0 1 0 0 1 1 0 0 0 0 0 0 0 0 1 1 0 0 0 1 1 1 1 0 1 0 0 0 0 1 0 0 0
230	1	1 1 0 1 1 0 1 0 0 1 1 0 0 1 0 1 1 0 0 0 0 1 1 0 0 0 0 0 0 0 0 1 1 0 0 0 1 1 1 1 0 1 0 0 1 0 0 0 0 0
230	1	1 1 1 1 1 1 1 0 0 1 1 0 0 1 0 1 1 0 0 0 0 1 1 0 0 0 0 0 0 0 0 1 1 0 0 0 1 1 1 1 0 1 0 0 1 0 0 0 0 0
230	8	1 1 0 1 1 1 1 0 0 1 1 0 0 1 0 1 1 0 0 0 0 1 1 0 0 0 0 0 0 0 0 1 1 0 0 0 1 1 1 1 0 1 0 0 1 0 0 0 0 0
230	4	1 1 0 1 1 1 1 0 0 1 1 0 0 1 0 1 1 0 0 0 0 1 1 0 0 0 0 0 0 0 0 1 1 0 0 0 1 1 1 1 0 0 0 0 1 0 0 0 1 0
240	2	1 1 0 1 1 1 1 0 0 1 1 0 0 1 0 1 0 0 0 0 0 1 1 0 0 0 0 0 0 0 0 1 1 0 0 0 1 1 1 1 0 1 0 0 0 0 1 0 0 0
240	5	1 1 0 1 1 1 1 1 0 1 1 0 1 1 0 1 1 0 0 0 0 1 1 0 0 0 0 0 0 0 0 1 1 0 0 0 1 1 1 1 0 1 0 0 0 0 1 0 0 0
240	1	1 1 0 1 1 1 1 1 0 1 1 0 0 1 0 1 1 0 0 0 0 1 1 0 0 0 0 0 0 0 0 1 1 0 0 0 0 1 1 1 0 1 0 0 0 0 1 0 0 0
240	2	1 1 0 1 0 1 1 1 0 1 1 0 0 1 0 1 1 0 0 0 0 1 1 0 0 0 0 0 0 0 0 1 1 0 0 0 1 1 1 1 0 1 0 0 0 0 1 0 0 0
240	2	1 1 1 1 1 1 1 1 0 1 1 0 0 1 0 1 1 0 0 0 0 1 1 0 0 0 0 0 0 0 0 1 1 0 0 0 1 1 1 1 0 1 0 0 0 0 1 0 0 0
240	38	1 1 0 1 1 1 1 1 0 1 1 0 0 1 0 1 1 0 0 0 0 1 1 0 0 0 0 0 0 0 0 1 1 0 0 0 1 1 1 1 0 1 0 0 0 0 1 0 0 0
240	1	1 1 0 1 1 1 1 0 0 1 1 0 0 1 0 1 1 0 0 0 0 0 1 0 0 0 0 0 0 0 0 1 1 0 0 0 0 1 1 1 0 1 0 0 0 0 1 0 0 0
240	2	1 1 0 1 1 1 1 0 0 1 1 0 0 1 0 1 1 0 0 0 0 1 1 0 0 0 0 0 0 0 0 1 1 0 0 0 1 1 1 1 0 1 0 0 0 0 1 0 0 1
240	27	1 1 0 1 1 1 1 0 0 1 1 0 0 1 0 1 1 0 0 0 0 1 1 0 0 0 0 0 0 0 0 1 1 0 0 0 1 1 1 1 0 1 0 0 0 0 1 0 0 0
240	2	1 1 0 1 1 1 1 0 0 1 1 1 1 1 0 1 1 0 0 0 0 1 1 0 0 0 0 0 0 0 0 1 1 0 0 0 1 1 1 1 0 1 0 0 0 0 1 0 0 0
240	7	1 1 0 1 1 1 1 0 0 1 1 1 0 1 0 1 1 0 0 0 0 1 1 0 0 0 0 0 0 0 0 1 1 0 0 0 1 1 1 1 0 1 0 0 0 0 1 0 0 0
240	1	1 1 0 1 1 1 1 0 0 1 1 0 0 1 0 1 1 0 1 0 0 1 1 0 0 0 0 0 0 0 0 1 1 0 0 0 1 1 1 1 0 1 0 0 0 0 1 0 0 0
240	1	1 1 0 1 1 0 1 0 0 1 1 0 0 1 0 1 1 0 0 0 0 1 1 0 0 0 0 0 0 0 0 1 1 0 0 0 1 1 1 1 0 1 0 0 1 0 0 0 0 0
240	2	1 1 1 1 1 1 1 0 0 1 1 0 0 1 0 1 1 0 0 0 0 1 1 0 0 0 0 0 0 0 0 1 1 0 0 0 1 1 1 1 0 1 0 0 1 0 0 0 0 0
240	6	1 1 0 1 1 1 1 0 0 1 1 0 0 1 0 1 1 0 0 0 0 1 1 0 0 0 0 0 0 0 0 1 1 0 0 0 1 1 1 1 0 1 0 0 1 0 0 0 0 0
240	1	1 1 0 1 1 1 1 0 0 1 1 0 0 1 0 1 1 0 0 0 0 1 1 0 0 0 0 0 0 0 0 1 1 0 0 0 1 1 1 1 0 0 0 0 1 0 0 0 1 0
250	1	1 1 0 1 1 1 1 0 0 1 1 0 0 1 0 1 0 0 0 0 0 1 1 0 0 0 0 0 0 0 0 1 1 0 0 0 1 1 1 1 0 1 0 0 0 0 1 0 0 0
250	5	1 1 0 1 1 1 1 1 0 1 1 0 1 1 0 1 1 0 0 0 0 1 1 0 0 0 0 0 0 0 0 1 1 0 0 0 1 1 1 1 0 1 0 0 0 0 1 0 0 0
250	1	1 1 0 1 1 1 1 1 0 1 1 0 0 1 0 1 1 0 0 0 0 1 1 0 0 0 0 0 0 0 0 1 1 0 0 0 0 1 1 1 0 1 0 0 0 0 1 0 0 0
250	1	1 1 0 1 0 1 1 1 0 1 1 0 0 1 0 1 1 0 0 0 0 1 1 0 0 0 0 0 0 0 0 1 1 0 0 0 1 1 1 1 0 1 0 0 0 0 1 0 0 0
250	5	1 1 1 1 1 1 1 1 0 1 1 0 0 1 0 1 1 0 0 0 0 1 1 0 0 0 0 0 0 0 0 1 1 0 0 0 1 1 1 1 0 1 0 0 0 0 1 0 0 0
250	3	1 1 0 1 1 1 1 1 0 1 1 0 0 1 0 1 1 0 0 0 0 1 1 0 0 0 1 0 0 0 0 1 1 0 0 0 1 1 1 1 0 1 0 0 0 0 1 0 0 0
250	1	1 1 0 1 1 1 1 1 0 1 1 0 0 1 0 1 1 0 0 0 0 1 0 0 0 0 0 0 0 0 0 1 1 0 0 0 1 1 1 1 0 1 0 0 0 0 1 0 0 0
250	1	1 1 0 0 1 1 1 0 0 1 1 0 0 1 0 1 1 0 0 0 0 1 1 0 0 0 0 0 0 0 0 1 1 0 0 0 1 1 1 1 0 1 0 0 0 0 1 0 0 0
250	17	1 1 0 1 1 1 1 0 0 1 1 0 0 1 0 1 1 0 0 0 0 1 1 0 0 0 0 0 0 0 0 1 1 0 0 0 1 1 1 1 0 1 0 0 0 0 1 0 0 0
250	1	1 1 0 1 1 1 1 1 0 1 1 0 0 1 0 1 1 0 0 1 0 1 1 0 0 0 0 0 0 0 0 1 1 0 0 0 1 1 1 1 0 1 0 0 0 0 1 0 0 0
250	50	1 1 0 1 1 1 1 1 0 1 1 0 0 1 0 1 1 0 0 0 0 1 1 0 0 0 0 0 0 0 0 1 1 0 0 0 1 1 1 1 0 1 0 0 0 0 1 0 0 0
250	1	1 1 0 1 1 1 1 0 0 0 1 0 0 1 0 1 1 0 0 0 0 1 1 0 0 0 0 0 0 0 0 1 1 0 0 0 1 1 1 1 0 1 0 0 0 0 1 0 0 0
250	1	1 1 0 1 1 1 1 0 0 1 1 0 0 1 0 1 1 0 0 0 1 1 1 0 0 0 0 0 0 0 0 1 1 0 0 0 1 1 1 1 0 1 0 0 0 0 1 0 0 0
250	1	1 1 0 1 1 1 1 0 0 1 1 0 0 1 0 1 1 0 0 0 0 1 1 1 0 0 0 0 0 0 0 1 1 0 0 0 1 1 1 1 0 1 0 0 0 0 1 0 0 0
250	3	1 1 0 1 1 1 1 0 0 1 1 1 0 1 0 1 1 0 0 0 0 1 1 0 0 0 0 0 0 0 0 1 1 0 0 0 1 1 1 1 0 1 0 0 0 0 1 0 0 0
250	1	1 1 1 1 1 1 1 0 0 1 1 0 0 1 0 1 1 0 0 0 0 1 1 0 1 0 0 0 0 0 0 1 1 0 0 0 1 1 1 1 0 1 0 0 1 0 0 0 0 0
250	7	1 1 0 1 1 1 1 0 0 1 1 0 0 1 0 1 1 0 0 0 0 1 1 0 0 0 0 0 0 0 0 1 1 0 0 0 1 1 1 1 0 1 0 0 1 0 0 0 0 0
260	8	1 1 0 1 1 1 1 1 0 1 1 0 1 1 0 1 1 0 0 0 0 1 1 0 0 0 0 0 0 0 0 1 1 0 0 0 1 1 1 1 0 1 0 0 0 0 1 0 0 0
260	1	1 1 0 1 1 1 1 1 0 1 1 0 0 1 0 1 1 0 0 0 0 1 1 0 0 0 0 0 0 0 0 1 1 0 0 0 0 1 1 1 0 1 0 0 0 0 1 0 0 0
260	2	1 1 0 1 0 1 1 1 0 1 1 0 0 1 0 1 1 0 0 0 0 1 1 0 0 0 0 0 0 0 0 1 1 0 0 0 1 1 1 1 0 1 0 0 0 0 1 0 0 0
260	8	1 1 1 1 1 1 1 1 0 1 1 0 0 1 0 1 1 0 0 0 0 1 1 0 0 0 0 0 0 0 0 1 1 0 0 0 1 1 1 1 0 1 0 0 0 0 1 0 0 0
260	1	1 1 0 1 1 1 1 1 0 1 1 0 0 1 0 1 1 0 0 1 0 1 1 0 0 0 0 0 0 0 0 1 1 0 0 0 1 1 1 1 0 1 0 0 0 0 1 0 0 0
260	57	1 1 0 1 1 1 1 1 0 1 1 0 0 1 0 1 1 0 0 0 0 1 1 0 0 0 0 0 0 0 0 1 1 0 0 0 1 1 1 1 0 1 0 0 0 0 1 0 0 0
260	10	1 1 0 1 1 1 1 0 0 1 1 0 0 1 0 1 1 0 0 0 0 1 1 0 0 0 0 0 0 0 0 1 1 0 0 0 1 1 1 1 0 1 0 0 0 0 1 0 0 0
260	1	1 1 0 1 1 1 1 1 0 1 1 0 0 1 0 1 1 0 0 0 0 1 1 0 0 0 0 0 0 0 0 1 1 0 0 0 1 1 1 1 0 0 0 0 0 0 1 0 0 0
260	1	1 1 0 1 1 1 1 1 0 1 1 0 0 1 0 1 1 0 0 0 0 1 1 0 0 0 0 0 0 0 0 1 1 0 1 0 1 1 1 1 0 1 0 0 0 0 1 0 0 0
260	1	1 1 0 1 1 1 1 1 0 0 1 0 0 1 0 1 1 0 0 0 0 1 1 0 0 0 0 0 0 0 0 1 1 0 0 0 1 1 1 1 0 1 0 0 0 0 1 0 0 0
260	1	1 1 0 1 1 1 1 0 0 0 1 0 0 1 0 1 1 0 0 0 0 1 1 0 0 0 0 0 0 0 0 1 1 0 0 0 1 1 1 1 0 1 0 0 0 0 1 0 0 0
260	1	1 1 1 1 1 1 1 0 0 1 1 0 0 1 0 1 1 0 0 0 0 1 1 0 1 0 1 0 0 0 0 1 1 0 0 0 1 1 1 1 0 1 0 0 1 0 0 0 0 0
260	1	1 1 1 1 1 1 1 0 0 1 1 0 0 1 0 1 1 0 0 0 0 1 1 0 0 0 0 0 0 0 0 1 1 0 0 0 1 1 1 1 0 1 0 0 1 0 0 0 0 0
260	7	1 1 0 1 1 1 1 0 0 1 1 0 0 1 0 1 1 0 0 0 0 1 1 0 0 0 0 0 0 0 0 1 1 0 0 0 1 1 1 1 0 1 0 0 1 0 0 0 0 0
270	5	1 1 0 1 1 1 1 1 0 1 1 0 1 1 0 1 1 0 0 0 0 1 1 0 0 0 0 0 0 0 0 1 1 0 0 0 1 1 1 1 0 1 0 0 0 0 1 0 0 0
270	1	1 1 0 1 0 1 1 1 0 1 1 0 0 1 0 1 1 0 0 0 0 1 1 0 0 0 0 0 0 0 0 1 1 0 0 0 1 1 1 1 0 1 0 0 0 0 1 0 0 0
270	1	1 1 1 1 1 1 1 1 0 1 1 0 0 1 0 1 0 0 0 0 0 1 1 0 0 0 0 0 0 0 0 1 1 0 0 0 1 1 1 1 0 1 0 0 0 0 1 0 0 0
270	1	1 1 1 1 1 1 1 1 0 1 1 0 0 1 0 1 1 0 0 0 0 1 1 0 0 0 0 0 0 0 0 1 1 0 0 0 1 1 1 1 0 1 0 0 0 0 1 1 0 0
270	17	1 1 1 1 1 1 1 1 0 1 1 0 0 1 0 1 1 0 0 0 0 1 1 0 0 0 0 0 0 0 0 1 1 0 0 0 1 1 1 1 0 1 0 0 0 0 1 0 0 0
270	58	1 1 0 1 1 1 1 1 0 1 1 0 0 1 0 1 1 0 0 0 0 1 1 0 0 0 0 0 0 0 0 1 1 0 0 0 1 1 1 1 0 1 0 0 0 0 1 0 0 0
270	2	1 1 0 1 1 1 1 1 0 1 1 0 0 1 0 1 1 0 0 1 0 1 1 0 0 0 0 0 0 0 0 1 1 0 0 0 1 1 1 1 0 1 0 0 0 0 1 0 0 0
270	1	1 1 0 1 1 1 1 1 0 1 1 0 0 1 0 1 1 0 0 0 0 1 0 0 0 0 0 0 0 0 0 1 1 0 0 0 1 1 1 1 1 1 0 0 0 0 1 0 0 0
270	1	1 1 0 1 1 1 1 1 0 1 1 0 0 1 0 1 1 0 0 0 0 1 1 0 0 0 0 0 0 0 0 1 1 0 0 0 1 1 1 1 1 1 0 0 0 0 1 0 0 0
270	1	1 1 0 1 1 1 1 1 0 1 1 0 0 1 0 1 1 0 0 0 0 1 1 0 0 0 0 0 0 0 0 1 1 0 0 0 1 1 1 1 0 0 0 0 0 0 1 0 0 0
270	2	1 1 0 1 1 1 1 1 0 1 1 0 0 1 0 1 1 0 0 0 0 1 1 0 0 0 0 0 0 0 0 1 1 0 1 0 1 1 1 1 0 1 0 0 0 0 1 0 0 0
270	1	1 1 0 1 0 1 1 0 0 1 1 0 0 1 0 1 1 0 0 0 0 1 1 0 0 0 0 0 0 0 0 1 1 0 0 0 1 1 1 1 0 1 0 0 0 0 1 0 0 0
270	4	1 1 0 1 1 1 1 0 0 1 1 0 0 1 0 1 1 0 0 0 0 1 1 0 0 0 0 0 0 0 0 1 1 0 0 0 1 1 1 1 0 1 0 0 0 0 1 0 0 0
270	1	1 1 0 1 1 1 1 0 0 1 1 1 1 1 0 1 1 0 0 0 0 1 1 0 0 0 0 0 0 0 0 1 1 0 0 0 1 1 1 1 0 1 0 0 0 0 1 0 0 0
270	2	1 1 1 1 1 1 1 0 0 1 1 0 0 1 0 1 1 0 0 0 0 1 1 0 1 0 1 0 0 0 0 1 1 0 0 0 1 1 1 1 0 1 0 0 1 0 0 0 0 0
270	2	1 1 0 1 1 1 1 0 0 1 1 0 0 1 0 1 1 0 0 0 0 1 1 0 0 0 0 0 0 0 0 1 1 0 0 0 1 1 1 1 0 1 0 0 1 0 0 0 0 0
280	3	1 1 0 1 1 1 1 1 0 1 1 0 1 1 0 1 1 0 0 0 0 1 1 0 0 0 0 0 0 0 0 1 1 0 0 0 1 1 1 1 0 1 0 0 0 0 1 0 0 0
280	28	1 1 1 1 1 1 1 1 0 1 1 0 0 1 0 1 1 0 0 0 0 1 1 0 0 0 0 0 0 0 0 1 1 0 0 0 1 1 1 1 0 1 0 0 0 0 1 0 0 0
280	1	1 1 0 1 1 1 1 1 0 1 1 0 0 1 0 1 1 0 0 0 0 1 1 0 0 1 0 0 0 0 0 1 1 0 0 0 1 1 1 1 0 1 0 0 0 0 1 0 0 0
280	1	1 1 0 1 1 1 1 1 0 1 1 0 0 1 0 1 1 0 0 0 0 1 1 0 0 0 0 0 0 0 0 1 1 0 0 1 1 1 1 1 0 1 0 0 0 0 1 0 0 0
280	1	1 1 0 1 1 1 1 1 0 1 1 0 0 1 0 1 1 0 0 0 0 1 1 0 0 0 0 0 0 0 0 1 1 0 0 0 1 1 1 1 0 1 0 0 0 0 1 1 0 0
280	1	1 1 0 1 1 1 1 1 0 1 1 0 0 1 0 1 1 0 0 0 0 1 0 0 0 0 0 0 0 0 0 1 1 0 0 0 1 1 1 1 0 1 0 0 0 0 1 0 0 0
280	56	1 1 0 1 1 1 1 1 0 1 1 0 0 1 0 1 1 0 0 0 0 1 1 0 0 0 0 0 0 0 0 1 1 0 0 0 1 1 1 1 0 1 0 0 0 0 1 0 0 0
280	1	1 1 0 1 1 1 1 1 0 1 1 0 0 1 0 1 1 0 0 0 0 1 1 0 0 0 0 0 0 0 0 1 1 0 1 0 1 1 1 1 0 1 0 0 0 0 1 0 0 0
280	2	1 1 0 1 1 1 1 1 0 1 1 0 0 1 0 1 1 0 0 0 1 1 1 0 0 0 0 0 0 0 0 1 1 0 0 0 1 1 1 1 0 1 0 0 0 0 1 0 0 0
280	2	1 1 0 1 1 1 1 0 0 1 1 0 0 1 0 1 1 0 0 0 0 1 1 0 0 0 0 0 0 0 0 1 1 0 0 0 1 1 1 1 0 1 0 0 0 0 1 0 0 0
280	1	1 1 1 1 1 1 1 0 0 1 1 0 0 1 0 1 1 0 0 0 0 1 1 0 1 0 1 0 0 0 0 1 1 0 0 0 1 1 1 1 0 1 0 0 1 0 0 0 0 0
280	3	1 1 1 1 1 1 1 0 0 1 1 0 0 1 0 1 1 0 0 0 0 1 1 0 1 0 0 0 0 0 0 1 1 0 0 0 1 1 1 1 0 1 0 0 1 0 0 0 0 0
290	3	1 1 0 1 1 1 1 1 0 1 1 0 1 1 0 1 1 0 0 0 0 1 1 0 0 0 0 0 0 0 0 1 1 0 0 0 1 1 1 1 0 1 0 0 0 0 1 0 0 0
290	1	1 1 1 1 1 1 1 1 0 1 1 1 0 1 0 1 1 0 0 0 0 1 1 0 0 0 0 0 0 0 0 1 1 0 0 0 1 1 1 1 0 1 0 0 0 0 1 0 0 0
290	1	1 1 1 1 1 1 1 1 0 1 1 0 0 1 0 1 1 0 0 0 0 1 1 0 0 0 0 0 0 0 0 1 1 0 0 0 1 1 0 1 0 1 0 0 0 0 1 0 0 0
290	5	1 1 0 1 1 1 1 1 0 1 1 0 0 1 0 1 1 0 0 0 1 1 1 0 0 0 0 0 0 0 0 1 1 0 0 0 1 1 1 1 0 1 0 0 0 0 1 0 0 0
290	47	1 1 0 1 1 1 1 1 0 1 1 0 0 1 0 1 1 0 0 0 0 1 1 0 0 0 0 0 0 0 0 1 1 0 0 0 1 1 1 1 0 1 0 0 0 0 1 0 0 0
290	1	1 1 1 1 1 1 1 1 0 1 0 0 0 1 0 1 1 0 0 0 0 1 1 0 0 0 0 0 0 0 0 1 1 0 0 0 1 1 1 1 0 1 0 0 0 0 1 0 0 0
290	36	1 1 1 1 1 1 1 1 0 1 1 0 0 1 0 1 1 0 0 0 0 1 1 0 0 0 0 0 0 0 0 1 1 0 0 0 1 1 1 1 0 1 0 0 0 0 1 0 0 0
290	1	1 1 0 1 1 1 1 1 0 1 1 0 0 1 0 1 1 0 0 0 0 1 1 0 0 0 0 0 0 0 0 1 1 0 0 1 1 1 1 1 0 1 0 0 0 0 1 0 0 0
290	1	1 1 0 1 1 1 1 1 0 1 1 0 0 1 0 1 1 0 0 0 0 1 1 0 0 0 0 0 0 0 0 1 1 0 0 0 1 1 1 1 1 1 0 0 0 0 1 0 0 0
290	1	1 1 0 1 1 1 1 1 0 1 1 0 0 1 0 1 1 0 0 0 0 1 1 0 0 0 0 0 0 0 0 1 1 0 0 0 1 1 1 1 0 1 0 0 0 0 1 1 0 0
290	1	1 1 0 1 1 1 1 0 0 1 1 0 0 1 0 1 1 0 0 0 0 1 1 0 0 0 0 0 0 0 0 1 1 0 0 0 1 1 1 1 0 1 0 0 0 0 1 0 0 0
290	2	1 1 0 1 1 1 1 1 0 1 1 0 0 1 0 1 1 0 0 0 0 1 1 0 0 0 0 0 1 0 0 1 1 0 1 0 1 1 1 1 0 1 0 0 0 0 1 0 0 0
300	1	1 1 1 1 1 1 1 1 0 1 1 1 0 1 0 1 1 0 0 0 0 1 1 0 0 0 0 0 0 0 0 1 1 0 0 0 1 1 1 1 0 1 0 0 0 0 1 0 0 0
300	2	1 1 0 1 1 1 1 1 0 1 1 0 0 1 0 1 1 0 0 0 0 1 1 0 0 0 0 0 0 0 0 1 1 0 0 0 0 1 1 1 0 1 0 0 0 0 1 0 0 0
300	1	0 1 0 1 1 1 1 1 0 1 1 0 0 1 0 1 1 0 0 0 0 1 1 0 0 0 0 0 0 0 0 1 1 0 0 0 1 1 1 1 0 1 0 0 0 0 1 0 0 0
300	1	1 1 1 1 1 1 1 1 0 1 1 0 0 1 0 1 1 0 0 0 0 1 1 0 0 0 0 0 0 0 0 1 1 0 0 0 1 1 1 1 0 1 0 0 0 1 1 0 0 0
300	49	1 1 1 1 1 1 1 1 0 1 1 0 0 1 0 1 1 0 0 0 0 1 1 0 0 0 0 0 0 0 0 1 1 0 0 0 1 1 1 1 0 1 0 0 0 0 1 0 0 0
300	35	1 1 0 1 1 1 1 1 0 1 1 0 0 1 0 1 1 0 0 0 0 1 1 0 0 0 0 0 0 0 0 1 1 0 0 0 1 1 1 1 0 1 0 0 0 0 1 0 0 0
300	1	1 1 1 1 1 1 1 1 0 1 1 0 0 1 0 1 1 0 0 0 0 1 1 1 0 0 0 0 0 0 0 1 1 0 0 0 1 1 1 1 0 1 0 0 0 0 1 0 0 0
300	4	1 1 1 1 1 1 1 1 0 1 1 0 0 1 0 1 1 0 0 0 0 1 1 0 0 0 0 0 0 0 0 1 1 0 0 0 1 1 1 1 0 1 0 0 0 0 0 0 0 0
300	1	1 1 1 1 1 1 1 1 0 1 1 0 0 1 0 1 1 0 0 0 1 1 1 0 0 0 0 0 0 0 0 1 1 0 0 0 1 1 1 1 0 1 0 0 0 0 1 0 0 0
300	5	1 1 0 1 1 1 1 1 0 1 1 0 0 1 0 1 1 0 0 0 0 1 1 0 0 0 0 0 1 0 0 1 1 0 1 0 1 1 1 1 0 1 0 0 0 0 1 0 0 0
310	2	1 1 0 1 1 1 1 1 0 1 1 0 1 1 0 1 1 0 0 0 0 1 1 0 0 0 0 0 0 0 0 1 1 0 0 0 1 1 1 1 0 1 0 0 0 0 1 0 0 0
310	1	1 1 1 1 1 1 1 1 0 1 1 1 0 1 0 1 1 0 0 0 0 1 1 0 0 0 0 0 0 0 0 1 1 0 0 0 1 1 1 1 0 1 0 0 0 0 1 0 0 0
310	2	1 1 1 1 1 1 1 1 0 1 1 0 0 1 0 1 1 0 0 0 1 1 1 0 0 0 0 0 0 0 0 1 1 0 0 0 1 1 1 1 0 1 0 0 0 0 1 0 0 0
310	60	1 1 1 1 1 1 1 1 0 1 1 0 0 1 0 1 1 0 0 0 0 1 1 0 0 0 0 0 0 0 0 1 1 0 0 0 1 1 1 1 0 1 0 0 0 0 1 0 0 0
310	27	1 1 0 1 1 1 1 1 0 1 1 0 0 1 0 1 1 0 0 0 0 1 1 0 0 0 0 0 0 0 0 1 1 0 0 0 1 1 1 1 0 1 0 0 0 0 1 0 0 0
310	1	1 1 1 1 1 1 1 1 0 1 1 0 0 1 0 1 1 0 0 0 0 1 1 0 1 0 0 0 0 0 0 1 1 0 0 0 1 1 1 1 0 1 0 0 0 0 1 0 0 0
310	1	1 1 1 1 1 1 1 1 0 1 1 0 0 1 0 1 1 0 0 0 0 1 1 1 0 0 0 0 0 0 0 1 1 0 0 0 1 1 1 1 0 0 0 0 0 0 0 0 0 0
310	1	1 1 1 1 1 1 1 1 0 1 1 0 0 1 0 1 1 0 0 0 0 1 1 0 0 0 0 0 0 0 0 1 1 0 1 0 1 1 1 1 0 1 0 0 0 0 0 0 0 0
310	3	1 1 1 1 1 1 1 1 0 1 1 0 0 1 0 1 1 0 0 0 0 1 1 0 0 0 0 0 0 0 0 1 1 0 0 0 1 1 1 1 0 1 0 0 0 0 0 0 0 0
310	2	1 1 0 1 1 1 1 0 0 1 1 0 0 1 0 1 1 0 0 0 0 1 1 0 0 0 0 0 0 0 0 1 1 0 0 0 1 1 1 1 0 1 0 0 0 0 1 0 0 0
