10	1	1 1 0 1 0 0 1 1 0 1
10	15	1 1 1 1 0 0 1 1 0 1
10	3	1 1 0 1 0 0 0 0 0 0
10	3	1 1 1 0 0 0 0 0 0 0
10	1	1 1 1 1 1 0 0 0 0 0
10	22	1 1 1 1 0 0 0 0 0 0
10	1	0 1 0 1 0 1 0 1 1 1
10	27	0 0 0 1 0 1 0 1 1 1
10	3	0 1 0 0 1 0 0 0 1 1
10	24	0 0 0 0 1 0 0 0 1 1
20	19	1 1 1 1 0 0 1 1 0 1
20	1	1 1 1 1 0 0 1 0 0 1
20	8	1 1 1 1 0 0 0 0 1 0
20	9	1 1 0 1 0 0 0 0 0 0
20	19	1 1 1 0 0 0 0 0 0 0
20	1	1 0 1 1 1 0 0 0 0 0
20	16	1 1 1 1 1 0 0 0 0 0
20	5	1 1 1 1 0 0 0 0 0 0
20	11	0 0 0 1 0 1 0 1 1 1
20	11	0 0 0 0 1 0 0 0 1 1
30	14	1 1 1 1 0 0 1 1 0 1
30	3	1 1 1 1 0 0 1 0 0 1
30	11	1 1 1 1 0 0 0 0 0 0
30	4	1 1 1 1 0 0 0 0 1 0
30	9	1 1 0 1 0 0 0 0 0 0
30	24	1 1 1 0 0 0 0 0 0 0
30	30	1 1 1 1 1 0 0 0 0 0
30	2	0 0 0 1 0 1 0 1 1 1
30	3	0 0 0 0 1 0 0 0 1 1
40	1	1 1 1 1 0 0 1 0 0 1
40	2	1 1 1 1 0 0 0 0 1 0
40	6	1 1 0 1 0 0 0 0 0 0
40	9	1 1 1 1 0 0 0 0 0 0
40	2	1 1 0 1 1 0 0 0 0 0
40	1	1 0 1 0 0 0 0 0 0 0
40	19	1 1 1 0 0 0 0 0 0 0
40	1	1 0 1 1 1 0 0 0 0 0
40	1	1 1 1 1 1 0 0 0 1 0
40	1	1 1 1 0 1 0 0 0 0 0
40	56	1 1 1 1 1 0 0 0 0 0
40	1	0 0 0 1 0 1 0 1 1 1
50	1	1 1 1 1 0 0 1 0 0 1
50	1	1 1 1 1 1 0 0 0 1 0
50	2	1 1 1 1 0 0 0 0 1 0
50	7	1 1 0 1 0 0 0 0 0 0
50	19	1 1 1 1 0 0 0 0 0 0
50	5	1 1 1 0 0 0 0 0 0 0
50	2	1 1 1 1 1 1 0 0 0 0
50	63	1 1 1 1 1 0 0 0 0 0
60	4	1 1 1 1 0 1 0 0 0 0
60	1	1 1 0 1 0 0 0 0 0 0
60	2	1 1 1 1 0 0 1 0 0 0
60	2	1 1 1 1 0 0 0 1 0 0
60	62	1 1 1 1 1 0 0 0 0 0
60	1	1 1 0 1 0 0 0 0 0 1
60	20	1 1 1 1 0 0 0 0 0 0
60	2	1 1 1 1 1 0 0 0 0 1
60	1	1 1 1 1 1 0 0 1 0 0
60	1	0 1 1 1 1 0 0 0 0 0
60	4	1 1 1 0 0 0 0 0 0 0
70	3	1 1 1 1 0 1 0 0 0 0
70	1	0 1 0 1 0 0 0 0 0 0
70	1	1 1 1 1 1 0 0 1 0 0
70	21	1 1 1 1 0 0 0 0 0 0
70	72	1 1 1 1 1 0 0 0 0 0
70	1	1 1 1 1 1 0 0 0 0 1
70	1	1 1 1 0 0 0 0 0 0 0
