10	1	1 1 0 0 1 0 0 1 1 1
10	1	0 1 0 0 1 0 0 1 1 0
10	36	1 1 0 0 1 0 0 1 1 0
10	15	0 0 1 1 1 0 0 1 0 1
10	1	1 1 0 1 0 1 1 1 0 0
10	18	1 0 0 1 0 1 1 1 0 0
10	1	0 1 0 1 0 0 1 0 0 0
10	1	0 0 0 1 0 0 1 0 0 1
10	26	0 0 0 1 0 0 1 0 0 0
20	2	1 1 0 0 1 1 0 1 1 0
20	1	1 1 0 0 1 0 0 1 1 1
20	34	1 1 0 0 1 0 0 1 1 0
20	2	0 0 1 1 0 0 0 1 0 1
20	19	0 0 1 1 1 0 0 1 0 1
20	3	1 1 0 1 0 1 1 1 0 0
20	1	1 0 0 1 0 1 0 1 0 0
20	20	1 0 0 1 0 1 1 1 0 0
20	1	0 1 0 1 0 0 1 0 0 0
20	1	0 0 0 1 1 0 1 0 0 0
20	1	0 0 0 1 0 0 0 0 0 0
20	1	1 0 0 1 0 0 1 0 0 0
20	14	0 0 0 1 0 0 1 0 0 0
30	3	1 1 0 1 1 0 0 0 1 0
30	1	0 1 0 0 1 0 0 1 1 0
30	1	1 1 0 1 1 0 0 1 1 0
30	15	1 1 0 0 1 0 0 1 1 0
30	1	0 1 1 1 1 1 0 1 0 1
30	2	0 1 1 1 1 0 0 1 0 1
30	1	0 0 1 1 1 0 0 1 0 0
30	14	0 0 1 1 1 0 0 1 0 1
30	11	1 0 0 1 0 1 1 1 0 0
30	1	1 1 0 1 0 1 1 1 0 0
30	2	1 0 0 1 0 1 0 0 0 0
30	6	1 0 0 1 0 1 0 1 0 0
30	1	1 0 0 1 1 1 1 1 0 0
30	1	1 1 0 1 0 0 1 0 0 0
30	18	0 0 0 1 0 0 1 0 0 0
30	13	0 1 0 1 0 0 1 0 0 0
30	1	0 0 0 1 1 0 1 0 0 0
30	8	0 0 0 1 0 0 0 0 0 0
40	4	1 1 0 1 1 0 0 0 1 0
40	2	1 0 0 0 1 0 0 1 1 0
40	4	1 1 0 0 1 0 0 0 1 0
40	1	0 1 0 0 1 0 0 1 1 0
40	1	1 1 0 0 0 0 0 1 1 0
40	2	1 1 0 0 1 0 0 1 0 0
40	10	1 1 0 0 1 0 0 1 1 0
40	2	0 1 1 1 1 0 0 1 0 1
40	3	0 0 1 1 1 0 0 1 0 0
40	11	0 0 1 1 1 0 0 1 0 1
40	1	1 0 1 1 0 1 1 1 0 0
40	1	1 0 0 1 1 1 0 1 0 0
40	4	1 0 0 1 0 1 0 1 0 0
40	1	1 0 0 1 0 0 1 1 0 0
40	1	1 1 0 1 0 1 1 1 0 0
40	10	1 0 0 1 0 1 1 1 0 0
40	2	1 0 0 1 0 1 1 0 0 0
40	3	1 1 0 1 0 0 1 0 0 0
40	8	0 1 0 1 0 0 1 0 0 0
40	15	0 0 0 1 0 0 0 0 0 0
40	10	0 0 0 1 0 0 1 0 0 0
40	2	0 0 0 1 1 0 1 0 0 0
40	2	0 0 0 1 0 1 0 0 0 0
50	10	1 1 0 1 1 0 0 0 1 0
50	1	1 0 0 0 1 0 0 0 1 0
50	1	1 1 1 0 1 0 0 0 1 0
50	7	1 1 0 0 1 0 0 0 1 0
50	2	0 1 0 0 1 0 0 1 1 0
50	6	1 1 0 0 1 0 0 1 0 0
50	2	1 1 0 0 1 0 0 1 1 0
50	1	0 1 1 1 1 0 0 1 0 1
50	3	0 0 1 1 1 0 0 1 0 0
50	4	0 0 1 1 1 0 0 1 0 1
50	2	1 0 1 1 0 1 1 1 0 0
50	1	1 0 0 1 1 1 0 1 0 0
50	3	1 0 0 1 0 1 0 1 0 0
50	7	1 1 0 1 0 1 1 1 0 0
50	2	1 0 0 1 0 1 1 0 0 0
50	4	1 0 0 1 0 1 1 1 0 0
50	1	1 1 1 1 0 0 1 0 0 0
50	1	1 1 0 0 0 0 1 0 0 0
50	8	1 1 0 1 0 0 1 0 0 0
50	13	0 0 0 1 0 0 0 0 0 0
50	6	0 0 0 1 0 0 1 0 0 0
50	13	0 1 0 1 0 0 1 0 0 0
50	2	0 0 0 1 0 0 0 0 0 1
60	4	1 1 0 0 1 0 0 0 1 0
60	29	1 1 0 1 1 0 0 0 1 0
60	1	1 1 0 0 1 0 0 1 1 0
60	2	1 1 0 0 1 0 0 1 0 0
60	4	0 0 1 1 1 0 0 1 0 0
60	1	0 0 1 1 1 0 0 1 0 1
60	2	1 0 0 1 1 1 0 1 0 0
60	6	1 0 0 1 0 1 0 0 0 0
60	1	1 0 0 1 0 1 0 1 0 0
60	4	1 1 0 1 0 1 1 1 0 0
60	5	1 0 0 1 0 1 1 0 0 0
60	3	1 0 0 1 0 1 1 1 0 0
60	1	1 1 1 1 0 0 1 0 0 0
60	1	1 1 0 0 0 0 1 0 0 0
60	1	0 1 0 1 0 0 1 0 0 1
60	1	0 1 0 1 0 0 0 0 0 0
60	2	0 0 0 1 0 0 1 0 0 0
60	1	0 1 0 1 0 0 1 1 0 0
60	10	0 1 0 1 0 0 1 0 0 0
60	8	1 1 0 1 0 0 1 0 0 0
60	13	0 0 0 1 0 0 0 0 0 0
70	1	0 1 0 1 1 1 0 0 1 0
70	2	1 1 0 1 1 1 0 0 1 0
70	6	1 1 0 0 1 0 0 0 1 0
70	36	1 1 0 1 1 0 0 0 1 0
70	4	1 1 1 0 1 0 0 0 1 0
70	1	1 1 0 0 1 1 0 1 0 0
70	1	1 0 0 1 0 0 0 0 0 0
70	3	1 0 0 1 0 1 0 0 0 0
70	1	1 0 0 1 0 1 0 1 0 0
70	2	1 1 0 1 0 1 1 1 0 0
70	15	1 1 1 1 0 0 1 0 0 0
70	1	1 1 0 1 1 0 1 0 0 0
70	5	0 1 0 1 0 0 1 0 0 0
70	16	1 1 0 1 0 0 1 0 0 0
70	1	0 1 0 1 0 0 0 0 0 0
70	5	0 0 0 1 0 0 0 0 0 0
