0	100	0 0 0 0 0 0 0 0 0 0
10	1	0 0 1 0 0 0 0 0 0 0
10	99	0 0 0 0 0 0 0 0 0 0
20	2	0 0 1 0 0 0 0 0 0 0
20	1	0 0 0 0 0 1 0 0 0 0
20	3	0 0 0 0 0 0 0 0 1 0
20	1	1 0 0 0 0 0 0 0 0 0
20	1	0 0 0 0 1 0 0 0 0 0
20	92	0 0 0 0 0 0 0 0 0 0
30	2	0 0 0 0 0 0 0 0 1 0
30	1	0 0 0 1 0 0 0 0 0 0
30	1	0 0 0 0 1 0 0 0 0 0
30	94	0 0 0 0 0 0 0 0 0 0
30	1	0 0 0 0 0 0 0 1 0 0
30	1	0 1 0 0 0 0 0 0 0 0
40	1	0 1 0 0 0 0 0 0 0 0
40	3	0 0 0 0 0 0 0 0 1 0
40	2	0 0 0 0 0 0 0 1 0 0
40	5	0 0 0 1 0 0 0 0 0 0
40	89	0 0 0 0 0 0 0 0 0 0
50	2	0 0 0 0 0 1 0 0 0 0
50	7	0 0 0 0 0 0 0 0 1 0
50	1	0 0 0 0 0 0 1 0 0 0
50	1	0 0 0 0 0 0 0 0 0 1
50	3	0 0 0 1 0 0 0 0 0 0
50	86	0 0 0 0 0 0 0 0 0 0
60	1	0 1 0 0 0 0 0 0 0 0
60	2	0 0 0 0 0 1 0 0 0 0
60	2	0 0 0 0 0 0 0 0 1 0
60	1	0 0 0 1 0 0 0 0 1 0
60	1	0 0 0 0 0 0 0 1 1 1
60	1	0 0 0 0 0 0 0 0 0 1
60	1	1 0 0 0 0 0 0 0 0 0
60	7	0 0 0 1 0 0 0 0 0 0
60	1	0 0 0 0 1 0 0 0 0 0
60	6	0 0 0 0 0 0 0 1 0 0
60	77	0 0 0 0 0 0 0 0 0 0
70	3	0 0 0 0 0 0 0 0 1 0
70	1	0 0 0 1 0 0 0 0 1 0
70	1	0 0 0 0 0 0 0 1 1 1
70	2	0 0 0 0 0 0 0 0 1 1
70	1	0 0 0 0 0 0 0 0 0 1
70	4	0 0 0 1 0 0 0 0 0 0
70	1	1 0 0 0 0 0 0 0 0 0
70	4	0 0 0 0 0 0 0 1 0 0
70	1	0 0 0 0 0 0 1 0 0 0
70	79	0 0 0 0 0 0 0 0 0 0
70	3	0 1 0 1 0 0 0 0 0 0
80	4	0 1 0 0 0 0 0 0 0 0
80	1	0 0 0 0 0 1 0 0 0 0
80	5	0 0 0 0 0 0 0 0 1 0
80	5	0 0 1 1 0 0 0 0 0 0
80	3	0 0 0 1 1 0 0 0 0 0
80	8	0 0 0 1 0 0 0 0 0 0
80	3	0 0 0 0 0 0 0 1 0 0
80	1	0 0 0 0 1 0 0 0 0 0
80	64	0 0 0 0 0 0 0 0 0 0
80	6	0 1 0 1 0 0 0 0 0 0
90	6	0 0 0 0 0 0 0 1 0 0
90	1	0 0 0 0 0 0 1 0 0 0
90	1	0 0 0 0 0 0 0 0 0 1
90	6	0 0 0 0 0 0 0 0 1 0
90	55	0 0 0 0 0 0 0 0 0 0
90	2	0 0 0 1 1 0 0 0 0 0
90	11	0 0 0 1 0 0 0 0 0 0
90	2	0 0 1 0 0 0 0 0 0 0
90	1	0 1 0 0 0 0 0 0 0 1
90	4	0 1 0 0 0 0 0 0 0 0
90	4	0 0 1 1 0 0 0 0 0 0
90	1	0 1 0 1 0 0 0 0 0 1
90	6	0 1 0 1 0 0 0 0 0 0
100	2	0 0 0 0 0 0 0 1 0 0
100	1	0 0 0 0 0 0 0 0 0 1
100	1	0 0 0 0 1 0 0 0 1 0
100	3	0 0 0 1 0 0 0 0 1 0
100	4	0 0 0 0 0 0 0 0 1 0
100	9	0 0 1 1 0 0 0 0 0 0
100	4	0 1 0 0 0 0 0 0 0 0
100	44	0 0 0 0 0 0 0 0 0 0
100	1	0 0 0 1 1 0 0 1 0 0
100	3	0 0 0 1 1 0 0 0 0 0
100	1	0 0 0 1 0 1 0 0 0 0
100	4	0 1 0 1 0 0 0 0 0 0
100	22	0 0 0 1 0 0 0 0 0 0
100	1	0 0 1 1 0 1 0 0 0 0
110	2	0 0 0 0 0 0 0 1 0 0
110	1	0 0 0 0 0 0 1 0 0 1
110	1	0 0 0 0 0 0 1 0 0 0
110	1	0 0 0 0 0 0 0 0 0 1
110	3	0 0 0 0 0 0 0 0 1 0
110	6	0 0 0 1 1 0 0 0 0 0
110	7	0 0 1 1 0 0 0 0 0 0
110	19	0 0 0 1 0 0 0 0 0 0
110	40	0 0 0 0 0 0 0 0 0 0
110	1	0 0 0 0 1 0 0 0 1 0
110	1	0 0 1 0 0 0 0 0 0 0
110	2	1 1 0 0 0 0 0 0 0 0
110	1	0 1 0 0 0 0 0 1 0 0
110	4	0 1 0 0 0 0 0 0 0 0
110	11	0 1 0 1 0 0 0 0 0 0
120	1	0 0 0 0 0 0 0 0 0 1
120	1	0 0 0 0 0 1 0 0 1 0
120	10	0 0 0 0 0 0 0 0 1 0
120	4	0 0 0 1 1 0 0 0 0 0
120	11	0 0 1 1 0 0 0 0 0 0
120	11	0 0 0 1 0 0 0 0 0 0
120	1	0 0 1 1 0 0 0 0 0 1
120	1	0 0 1 0 0 0 0 0 0 0
120	33	0 0 0 0 0 0 0 0 0 0
120	1	0 0 0 0 1 0 0 0 1 0
120	7	1 1 0 0 0 0 0 0 0 0
120	1	0 1 1 0 0 0 0 0 0 0
120	1	0 1 0 0 0 0 0 0 0 0
120	1	0 1 0 1 1 0 0 0 0 0
120	16	0 1 0 1 0 0 0 0 0 0
130	2	0 0 0 0 1 0 0 0 1 0
130	4	0 0 0 0 0 0 0 0 1 0
130	1	0 0 0 1 0 0 1 0 0 0
130	6	0 0 0 1 1 0 0 0 0 0
130	25	0 0 1 1 0 0 0 0 0 0
130	9	0 0 0 1 0 0 0 0 0 0
130	2	0 1 0 0 0 0 0 0 0 0
130	2	0 0 0 0 0 0 0 1 0 0
130	22	0 0 0 0 0 0 0 0 0 0
130	4	0 0 1 0 0 0 0 0 0 0
130	6	1 1 0 0 0 0 0 0 0 0
130	15	0 1 0 1 0 0 0 0 0 0
130	2	0 1 0 1 0 0 1 0 0 0
140	1	0 0 0 0 0 0 0 0 1 0
140	7	0 0 0 1 1 0 0 0 0 0
140	1	1 0 1 1 0 0 0 0 0 0
140	29	0 0 1 1 0 0 0 0 0 0
140	6	0 0 0 1 0 0 0 0 0 0
140	4	0 1 0 0 0 0 0 0 0 0
140	3	0 0 0 0 0 0 0 1 0 0
140	1	0 0 1 0 0 0 0 0 0 0
140	22	0 0 0 0 0 0 0 0 0 0
140	1	1 1 0 0 0 0 0 0 1 0
140	5	1 1 0 0 0 0 0 0 0 0
140	1	0 1 1 0 0 0 1 0 0 0
140	4	0 1 1 0 0 0 0 0 0 0
140	3	0 1 0 1 1 0 0 0 0 0
140	1	1 1 0 1 0 0 0 0 0 0
140	10	0 1 0 1 0 0 0 0 0 0
140	1	0 1 0 1 0 0 1 0 0 0
150	2	1 0 0 1 1 0 0 0 0 0
150	1	0 0 0 1 1 1 0 0 0 0
150	8	0 0 0 1 1 0 0 0 0 0
150	24	0 0 1 1 0 0 0 0 0 0
150	3	1 0 1 1 0 0 0 0 0 0
150	1	0 0 1 1 0 0 0 0 1 0
150	5	0 0 1 0 0 0 0 0 0 0
150	6	0 0 0 1 0 0 0 0 0 0
150	3	0 1 0 0 0 0 0 0 0 0
150	1	1 0 0 0 0 0 0 0 0 0
150	12	0 0 0 0 0 0 0 0 0 0
150	1	1 1 0 0 0 0 1 0 0 0
150	1	1 1 0 0 0 0 0 0 0 1
150	12	1 1 0 0 0 0 0 0 0 0
150	3	0 1 0 1 1 0 0 0 0 0
150	1	1 1 0 1 0 0 0 1 0 0
150	6	0 1 0 1 0 0 0 0 0 0
150	1	1 1 0 1 0 0 0 0 0 1
150	9	1 1 0 1 0 0 0 0 0 0
