10	1	1 1 1 1 1 1 1 1 1 0
10	15	1 1 1 0 1 1 1 1 1 0
10	1	1 1 0 1 0 1 0 0 0 1
10	60	1 1 0 1 0 1 0 0 0 0
10	1	0 1 1 1 0 1 0 0 0 1
10	5	0 1 1 1 0 1 1 0 0 1
10	1	0 0 0 1 0 1 0 0 1 0
10	16	0 0 0 1 0 0 0 0 1 0
20	2	1 0 0 1 0 1 0 0 0 0
20	1	1 1 0 1 0 1 0 1 0 0
20	1	1 1 0 1 0 1 0 0 1 0
20	1	1 1 0 1 1 1 0 0 0 0
20	95	1 1 0 1 0 1 0 0 0 0
30	4	1 0 0 1 0 1 0 0 0 0
30	1	0 1 0 1 0 1 0 0 0 0
30	3	1 1 0 1 0 1 0 1 0 0
30	2	1 1 0 1 1 1 0 0 0 0
30	1	1 1 1 1 0 1 0 0 0 0
30	1	1 1 0 1 0 0 0 0 0 0
30	1	1 1 0 1 0 1 0 0 1 0
30	87	1 1 0 1 0 1 0 0 0 0
40	1	0 1 0 1 0 1 0 0 0 0
40	1	1 1 0 1 0 1 0 1 0 0
40	3	1 1 0 1 1 1 0 0 0 0
40	2	1 1 1 1 0 1 0 0 0 0
40	1	1 1 0 1 0 0 0 0 0 0
40	2	1 1 0 1 0 1 0 0 1 0
40	90	1 1 0 1 0 1 0 0 0 0
50	1	1 0 0 1 0 1 0 0 0 0
50	2	1 1 0 1 1 1 0 0 0 0
50	5	1 1 1 1 0 1 0 0 0 0
50	4	1 1 0 1 0 0 0 0 0 0
50	88	1 1 0 1 0 1 0 0 0 0
60	15	1 1 1 1 0 1 0 0 0 0
60	1	1 1 0 1 0 1 0 1 0 0
60	74	1 1 0 1 0 1 0 0 0 0
60	6	1 1 0 1 0 0 0 0 0 0
60	2	1 1 0 1 0 0 1 0 0 0
60	1	1 1 0 1 0 1 0 0 1 0
60	1	1 0 0 1 0 1 0 0 0 0
70	1	1 1 0 1 1 1 0 0 0 0
70	24	1 1 1 1 0 1 0 0 0 0
70	1	1 1 0 1 0 1 1 0 0 0
70	74	1 1 0 1 0 1 0 0 0 0
