10	15	0 0 1 0 1 0 1 0 0 0 0 0 1 1 0 0 1 1 1 0 1 0 1 1 1 1 1 0 0 1 1 0 1 1 1 1 1 1 1 0 1 1 1 1 1 1 0 0 0 1
10	1	1 0 0 0 0 0 1 0 1 1 0 1 0 1 0 0 1 0 0 1 1 1 0 1 0 1 0 0 0 1 0 0 0 1 0 1 1 1 0 0 0 1 1 0 0 1 1 1 1 1
10	15	1 0 0 0 0 0 1 0 1 1 0 1 0 1 0 0 1 0 0 1 1 1 0 1 0 1 0 0 0 1 0 0 0 1 0 1 1 1 0 0 0 1 1 0 0 1 1 1 1 0
10	24	0 0 1 1 0 0 1 1 0 0 1 0 0 0 1 1 1 1 0 0 1 0 1 1 0 0 1 1 0 0 1 1 1 1 1 1 1 1 0 0 0 1 0 1 1 0 1 1 0 0
10	27	0 0 0 0 1 1 0 1 0 1 0 0 0 1 0 0 0 1 1 1 1 1 0 1 0 0 1 1 0 1 1 0 1 1 0 0 1 0 1 1 1 0 0 1 1 0 0 0 1 0
10	18	0 0 0 1 1 0 1 0 1 1 0 0 1 0 1 1 1 1 0 0 1 1 0 1 0 1 0 0 1 1 1 1 1 1 0 0 1 0 1 0 1 1 1 0 0 0 1 0 1 0
20	2	0 0 1 0 1 0 1 0 0 0 0 0 1 1 0 0 1 1 1 0 1 0 1 1 1 1 1 0 0 1 1 0 1 1 1 1 1 1 1 0 1 1 1 1 1 1 0 0 0 1
20	18	1 0 0 0 0 0 1 0 1 1 0 1 0 1 0 0 1 0 0 1 1 1 0 1 0 1 0 0 0 1 0 0 0 1 0 1 1 1 0 0 0 1 1 0 0 1 1 1 1 0
20	21	0 0 1 1 0 0 1 1 0 0 1 0 0 0 1 1 1 1 0 0 1 0 1 1 0 0 1 1 0 0 1 1 1 1 1 1 1 1 0 0 0 1 0 1 1 0 1 1 0 0
20	25	0 0 0 0 1 1 0 1 0 1 0 0 0 1 0 0 0 1 1 1 1 1 0 1 0 0 1 1 0 1 1 0 1 1 0 0 1 0 1 1 1 0 0 1 1 0 0 0 1 0
20	5	0 0 0 1 1 0 1 0 1 1 0 0 1 0 1 1 1 1 0 0 1 1 0 1 1 1 0 0 1 1 1 1 1 1 0 0 1 0 1 0 1 1 1 0 0 0 1 0 1 0
20	1	0 0 0 1 1 0 1 0 1 1 0 0 1 0 1 1 1 1 0 0 1 1 0 1 0 1 0 0 1 1 1 1 1 1 0 0 1 0 1 0 1 0 1 0 0 0 1 0 1 0
20	1	0 0 1 1 1 0 1 0 1 1 0 0 1 0 1 1 1 1 0 0 1 1 0 1 0 1 0 0 1 1 1 1 1 1 0 0 1 0 1 0 1 1 1 0 0 0 1 0 1 0
20	27	0 0 0 1 1 0 1 0 1 1 0 0 1 0 1 1 1 1 0 0 1 1 0 1 0 1 0 0 1 1 1 1 1 1 0 0 1 0 1 0 1 1 1 0 0 0 1 0 1 0
30	8	0 0 1 0 1 0 1 0 0 0 0 0 1 1 0 0 1 1 1 0 1 0 1 1 1 1 1 0 0 1 1 0 1 1 1 1 1 1 1 0 1 1 1 1 1 1 0 0 0 1
30	1	1 0 0 0 0 0 1 0 1 1 0 1 0 1 0 0 1 0 0 1 0 1 0 1 0 1 0 0 0 1 0 0 0 1 0 1 1 1 0 0 0 1 1 0 0 1 1 1 1 0
30	1	1 0 0 0 0 0 1 0 1 1 0 1 0 1 0 0 1 0 0 0 1 1 0 1 0 1 0 0 0 1 0 0 0 1 0 1 1 1 0 0 0 1 1 0 0 1 1 1 1 0
30	8	1 0 0 0 0 0 1 0 1 1 0 1 0 1 0 0 1 0 0 1 1 1 0 1 0 1 0 0 0 1 0 0 0 1 0 1 1 1 0 0 0 1 1 0 0 1 1 1 1 0
30	1	1 0 1 1 0 0 1 1 0 0 1 0 0 0 1 1 1 1 0 0 1 0 1 1 0 0 1 1 0 0 1 1 1 1 1 1 1 1 0 0 0 1 0 1 1 0 1 1 0 0
30	32	0 0 1 1 0 0 1 1 0 0 1 0 0 0 1 1 1 1 0 0 1 0 1 1 0 0 1 1 0 0 1 1 1 1 1 1 1 1 0 0 0 1 0 1 1 0 1 1 0 0
30	1	0 0 0 0 1 1 0 1 0 1 0 0 0 0 0 0 0 1 1 1 1 1 0 1 0 0 1 1 0 1 1 0 1 1 0 0 1 0 1 1 1 0 0 1 1 0 0 0 1 0
30	22	0 0 0 0 1 1 0 1 0 1 0 0 0 1 0 0 0 1 1 1 1 1 0 1 0 0 1 1 0 1 1 0 1 1 0 0 1 0 1 1 1 0 0 1 1 0 0 0 1 0
30	2	0 0 0 1 1 0 1 0 1 1 0 0 1 0 1 1 1 1 0 0 1 1 0 1 0 1 0 0 1 1 1 1 1 1 0 0 1 0 1 0 1 0 1 0 0 0 1 0 1 0
30	24	0 0 0 1 1 0 1 0 1 1 0 0 1 0 1 1 1 1 0 0 1 1 0 1 0 1 0 0 1 1 1 1 1 1 0 0 1 0 1 0 1 1 1 0 0 0 1 0 1 0
40	3	0 0 1 0 1 0 1 0 0 0 0 0 1 1 0 0 1 1 1 0 1 0 1 1 1 1 1 0 0 1 1 0 1 1 1 1 1 1 1 0 1 1 1 1 1 1 0 0 0 1
40	8	1 0 0 0 0 0 1 0 1 1 0 1 0 1 0 0 1 0 0 1 1 1 0 1 0 1 0 0 0 1 0 0 0 1 0 1 1 1 0 0 0 1 1 0 0 1 1 1 1 0
40	2	1 0 1 1 0 0 1 1 0 0 1 0 0 0 1 1 1 1 0 0 1 0 1 1 0 0 1 1 0 0 1 1 1 1 1 1 1 1 0 0 0 1 0 1 1 0 1 1 0 0
40	29	0 0 1 1 0 0 1 1 0 0 1 0 0 0 1 1 1 1 0 0 1 0 1 1 0 0 1 1 0 0 1 1 1 1 1 1 1 1 0 0 0 1 0 1 1 0 1 1 0 0
40	1	0 0 0 0 1 1 0 1 0 1 0 0 0 1 0 0 0 1 1 1 1 1 0 1 0 0 1 1 0 1 1 0 1 1 0 1 1 0 1 1 1 0 0 1 1 0 0 0 1 0
40	20	0 0 0 0 1 1 0 1 0 1 0 0 0 1 0 0 0 1 1 1 1 1 0 1 0 0 1 1 0 1 1 0 1 1 0 0 1 0 1 1 1 0 0 1 1 0 0 0 1 0
40	3	0 0 1 1 1 0 1 0 1 1 0 0 1 0 1 1 1 1 0 0 1 1 0 1 0 1 0 0 1 1 1 1 1 1 0 0 1 0 1 0 1 1 1 0 0 0 1 0 1 0
40	1	0 0 0 1 1 0 1 0 1 0 0 0 1 0 1 1 1 1 0 0 1 1 0 1 0 1 0 0 1 1 1 1 1 1 0 0 1 0 1 0 1 1 1 0 0 0 1 0 1 0
40	33	0 0 0 1 1 0 1 0 1 1 0 0 1 0 1 1 1 1 0 0 1 1 0 1 0 1 0 0 1 1 1 1 1 1 0 0 1 0 1 0 1 1 1 0 0 0 1 0 1 0
50	10	1 0 0 0 0 0 1 0 1 1 0 1 0 1 0 0 1 0 0 1 1 1 0 1 0 1 0 0 0 1 0 0 0 1 0 1 1 1 0 0 0 1 1 0 0 1 1 1 1 0
50	1	1 0 1 1 0 0 1 1 0 0 1 0 0 0 1 1 1 1 0 0 1 0 1 1 0 0 1 1 0 0 1 1 1 1 1 1 1 1 0 0 0 1 0 1 1 0 1 1 0 0
50	2	0 0 1 1 0 0 1 1 0 0 1 0 0 0 1 1 1 1 0 0 1 0 1 1 0 0 0 1 0 0 1 1 1 1 1 1 1 1 0 0 0 1 0 1 1 0 1 1 0 0
50	1	0 0 1 1 0 0 1 1 0 0 1 0 0 0 1 1 1 1 0 0 1 0 1 1 0 0 1 1 0 0 1 1 1 1 1 1 1 1 1 0 0 1 0 1 1 0 1 1 0 0
50	40	0 0 1 1 0 0 1 1 0 0 1 0 0 0 1 1 1 1 0 0 1 0 1 1 0 0 1 1 0 0 1 1 1 1 1 1 1 1 0 0 0 1 0 1 1 0 1 1 0 0
50	2	0 0 0 0 1 1 0 1 0 1 0 0 0 1 0 0 0 1 1 1 1 1 0 1 0 0 1 1 0 1 1 0 1 1 0 1 1 0 1 1 1 0 0 1 1 0 0 0 1 0
50	1	0 0 0 0 1 1 0 1 0 1 0 0 0 1 0 0 0 1 1 1 1 1 0 1 0 0 0 1 0 1 1 0 1 1 0 0 1 0 1 1 1 0 0 1 1 0 0 0 1 0
50	14	0 0 0 0 1 1 0 1 0 1 0 0 0 1 0 0 0 1 1 1 1 1 0 1 0 0 1 1 0 1 1 0 1 1 0 0 1 0 1 1 1 0 0 1 1 0 0 0 1 0
50	1	0 0 0 1 1 0 1 0 1 1 0 0 1 0 1 1 1 1 0 0 1 1 0 1 0 1 0 0 1 1 1 1 1 1 0 0 1 0 1 0 1 0 1 0 0 0 1 0 1 0
50	3	0 0 1 1 1 0 1 0 1 1 0 0 1 0 1 1 1 1 0 0 1 1 0 1 0 1 0 0 1 1 1 1 1 1 0 0 1 0 1 0 1 1 1 0 0 0 1 0 1 0
50	25	0 0 0 1 1 0 1 0 1 1 0 0 1 0 1 1 1 1 0 0 1 1 0 1 0 1 0 0 1 1 1 1 1 1 0 0 1 0 1 0 1 1 1 0 0 0 1 0 1 0
60	3	0 0 1 0 1 0 1 0 0 0 0 0 1 1 0 0 1 1 1 0 1 0 1 1 1 1 1 0 0 1 1 0 1 1 1 1 1 1 1 0 1 1 1 1 1 1 0 0 0 1
60	1	1 0 0 0 0 0 1 1 1 1 0 1 0 1 0 0 1 0 0 1 1 1 0 1 0 1 0 0 0 1 0 0 0 1 0 1 1 1 0 0 0 1 1 0 0 1 1 1 1 0
60	1	1 0 0 0 0 0 1 0 0 1 0 1 0 1 0 0 1 0 0 1 1 1 0 1 0 1 0 0 0 1 0 0 0 1 0 1 1 1 0 0 0 1 1 0 0 1 1 1 1 0
60	12	1 0 0 0 0 0 1 0 1 1 0 1 0 1 0 0 1 0 0 1 1 1 0 1 0 1 0 0 0 1 0 0 0 1 0 1 1 1 0 0 0 1 1 0 0 1 1 1 1 0
60	2	1 0 1 1 0 0 1 1 0 0 1 0 0 0 1 1 1 1 0 0 1 0 1 1 0 0 1 1 0 0 1 1 1 1 1 1 1 1 0 0 0 1 0 1 1 0 1 1 0 0
60	1	0 0 1 1 0 0 1 1 0 0 1 0 0 0 1 1 1 1 0 0 1 0 1 1 0 0 1 1 0 0 1 1 1 1 1 1 1 0 0 0 0 1 0 1 1 0 1 1 0 0
60	1	0 0 1 1 0 0 1 1 0 0 1 0 0 0 1 1 1 1 0 0 1 0 1 1 0 0 1 0 0 0 1 1 1 1 1 1 1 1 0 0 0 1 0 1 1 0 1 1 0 0
60	1	0 0 1 1 0 0 1 1 0 1 1 0 0 0 1 1 1 1 0 0 1 0 1 1 0 0 1 1 0 0 1 1 1 1 1 1 1 1 0 0 0 1 0 1 1 0 1 1 0 0
60	31	0 0 1 1 0 0 1 1 0 0 1 0 0 0 1 1 1 1 0 0 1 0 1 1 0 0 1 1 0 0 1 1 1 1 1 1 1 1 0 0 0 1 0 1 1 0 1 1 0 0
60	3	0 0 0 0 1 1 0 1 0 1 1 0 0 1 0 0 0 1 1 1 1 1 0 1 0 0 1 1 0 1 1 0 1 1 0 0 1 0 1 1 1 0 0 1 1 0 0 0 1 0
60	5	0 0 0 0 1 1 0 1 0 1 0 0 0 1 0 0 0 1 1 1 1 1 0 1 0 0 1 1 0 1 1 0 1 1 0 0 1 0 1 1 1 0 0 1 1 0 0 0 1 0
60	5	0 0 0 1 1 0 1 0 1 1 0 0 1 0 1 1 1 1 0 0 1 1 0 1 0 1 0 0 1 1 1 1 1 1 0 0 1 0 1 0 1 0 1 0 0 0 1 0 1 0
60	3	0 0 1 1 1 0 1 1 1 1 0 0 1 0 1 1 1 1 0 0 1 1 0 1 0 1 0 0 1 1 1 1 1 1 0 0 1 0 1 0 1 1 1 0 0 0 1 0 1 0
60	1	0 0 1 1 1 0 1 0 1 1 0 0 1 0 1 1 1 1 0 0 1 1 0 1 0 1 0 0 1 1 1 1 1 1 0 0 1 0 1 0 1 1 1 0 0 0 1 0 1 0
60	2	0 0 0 1 1 0 1 0 1 1 0 0 1 0 1 1 1 1 0 0 1 1 0 1 0 1 0 1 1 1 1 1 1 1 0 0 1 0 1 0 1 1 1 0 0 0 1 0 1 0
60	28	0 0 0 1 1 0 1 0 1 1 0 0 1 0 1 1 1 1 0 0 1 1 0 1 0 1 0 0 1 1 1 1 1 1 0 0 1 0 1 0 1 1 1 0 0 0 1 0 1 0
70	5	0 0 1 0 1 0 1 0 0 0 0 0 1 1 0 0 1 1 1 0 1 0 1 1 1 1 1 0 0 1 1 0 1 1 1 1 1 1 1 0 1 1 1 1 1 1 0 0 0 1
70	1	0 0 0 0 0 0 1 0 1 1 0 1 0 1 0 0 1 0 0 1 1 1 0 1 0 1 0 0 0 1 0 0 0 1 0 1 1 1 0 0 0 1 1 0 0 1 1 1 1 0
70	10	1 0 0 0 0 0 1 0 1 1 0 1 0 1 0 0 1 0 0 1 1 1 0 1 0 1 0 0 0 1 0 0 0 1 0 1 1 1 0 0 0 1 1 0 0 1 1 1 1 0
70	3	0 0 1 1 0 0 1 1 0 1 1 0 0 0 1 1 1 1 0 0 1 0 1 1 0 0 1 1 0 0 1 1 1 1 1 1 1 1 0 0 0 1 0 1 1 0 1 1 0 0
70	1	0 0 1 1 0 0 1 1 0 0 1 0 0 0 1 1 1 1 0 0 1 0 1 1 0 0 1 1 0 0 1 1 0 1 1 1 1 1 0 0 0 1 0 1 1 0 1 1 0 0
70	28	0 0 1 1 0 0 1 1 0 0 1 0 0 0 1 1 1 1 0 0 1 0 1 1 0 0 1 1 0 0 1 1 1 1 1 1 1 1 0 0 0 1 0 1 1 0 1 1 0 0
70	2	0 0 0 0 1 1 0 1 0 1 1 0 0 1 0 0 0 1 1 1 1 1 0 1 0 0 1 1 0 1 1 0 1 1 0 0 1 0 1 1 1 0 0 1 1 0 0 0 1 0
70	5	0 0 0 0 1 1 0 1 0 1 0 0 0 1 0 0 0 1 1 1 1 1 0 1 0 0 1 1 0 1 1 0 1 1 0 0 1 0 1 1 1 0 0 1 1 0 0 0 1 0
70	1	0 0 0 1 1 0 1 0 1 1 0 0 1 0 1 1 1 1 0 0 1 1 0 1 0 1 0 1 1 1 1 1 1 1 0 0 1 0 1 0 1 0 1 0 0 0 1 0 1 0
70	6	0 0 0 1 1 0 1 0 1 1 0 0 1 0 1 1 1 1 0 0 1 1 0 1 0 1 0 0 1 1 1 1 1 1 0 0 1 0 1 0 1 0 1 0 0 0 1 0 1 0
70	24	0 0 1 1 1 0 1 1 1 1 0 0 1 0 1 1 1 1 0 0 1 1 0 1 0 1 0 0 1 1 1 1 1 1 0 0 1 0 1 0 1 1 1 0 0 0 1 0 1 0
70	1	0 0 1 1 1 0 1 0 1 1 0 0 1 0 1 1 1 1 0 0 1 1 0 1 0 1 0 0 1 1 1 1 1 1 0 0 1 0 1 0 1 1 1 1 0 0 1 0 1 0
70	1	0 0 1 1 1 0 1 0 1 1 0 0 1 0 1 1 1 1 0 0 1 1 0 1 0 1 0 0 1 1 1 1 1 1 0 0 1 0 1 0 1 1 1 0 0 0 1 0 1 0
70	1	0 0 0 1 1 0 1 0 1 1 0 0 1 0 1 1 1 1 0 0 1 1 0 1 0 1 0 0 1 1 1 1 1 1 0 0 1 0 0 0 1 1 1 0 0 0 1 0 1 0
70	11	0 0 0 1 1 0 1 0 1 1 0 0 1 0 1 1 1 1 0 0 1 1 0 1 0 1 0 0 1 1 1 1 1 1 0 0 1 0 1 0 1 1 1 0 0 0 1 0 1 0
80	3	0 0 1 0 1 0 1 0 0 0 0 0 1 1 0 0 1 1 1 0 1 0 1 1 1 1 1 0 0 1 1 0 1 1 1 1 1 1 1 0 1 1 1 1 1 1 0 0 0 1
80	3	1 0 0 0 0 0 1 0 1 1 0 1 0 1 0 0 1 0 0 1 1 1 0 1 0 1 0 0 0 1 0 0 0 1 0 1 1 1 0 0 0 1 1 0 0 1 1 1 1 0
80	1	0 0 1 1 0 0 1 1 0 1 1 0 0 0 1 1 1 1 0 0 1 0 1 1 0 0 1 1 0 0 1 1 1 1 1 1 1 1 0 0 0 1 0 1 1 0 1 1 0 0
80	9	0 0 1 1 0 0 1 1 0 0 1 0 0 0 1 1 1 1 0 0 1 0 1 1 0 0 1 1 0 0 1 1 1 1 1 1 1 1 0 0 0 1 0 1 1 0 1 1 0 0
80	1	0 0 0 0 1 1 0 1 0 1 1 0 0 1 0 0 0 1 1 1 1 1 0 1 0 0 1 1 0 1 1 0 1 1 0 0 1 0 1 1 1 0 0 1 1 0 0 0 1 0
80	2	0 0 0 0 1 1 0 1 0 1 0 0 0 1 0 0 0 1 1 1 1 1 0 1 0 0 1 1 0 1 1 1 1 1 0 0 1 0 1 1 1 0 0 1 1 0 0 0 1 0
80	3	0 0 0 0 1 1 0 1 0 1 0 0 0 1 0 0 0 1 1 1 1 1 0 1 0 0 1 1 0 1 1 0 1 1 0 0 1 0 1 1 1 0 0 1 1 0 0 0 1 0
80	1	0 0 0 1 1 0 1 0 1 1 0 0 1 0 1 1 1 1 0 0 1 1 0 1 0 1 0 1 1 1 1 1 1 1 0 0 1 0 1 0 1 0 1 0 0 0 1 0 1 0
80	19	0 0 0 1 1 0 1 0 1 1 0 0 1 0 1 1 1 1 0 0 1 1 0 1 0 1 0 0 1 1 1 1 1 1 0 0 1 0 1 0 1 0 1 0 0 0 1 0 1 0
80	3	0 0 1 1 1 0 1 1 1 1 0 0 1 0 1 1 1 1 0 0 1 1 0 1 0 1 0 0 1 1 1 1 1 0 0 0 1 0 1 0 1 1 1 0 0 0 1 0 1 0
80	2	0 0 1 1 1 0 1 1 1 1 0 0 1 0 1 1 1 1 0 0 1 1 0 1 0 1 0 0 1 1 1 1 1 1 0 0 1 0 1 0 1 1 1 0 1 0 1 0 1 0
80	1	0 0 1 1 1 0 1 1 1 1 0 0 1 0 1 1 1 1 0 0 1 1 0 1 0 1 0 0 1 1 1 1 1 1 1 0 1 0 1 0 1 1 1 0 0 0 1 0 1 0
80	1	0 1 1 1 1 0 1 1 1 1 0 0 1 0 1 1 1 1 0 0 1 1 0 1 0 1 0 0 1 1 1 1 1 1 0 0 1 0 1 0 1 1 1 0 0 0 1 0 1 0
80	45	0 0 1 1 1 0 1 1 1 1 0 0 1 0 1 1 1 1 0 0 1 1 0 1 0 1 0 0 1 1 1 1 1 1 0 0 1 0 1 0 1 1 1 0 0 0 1 0 1 0
80	6	0 0 0 1 1 0 1 0 1 1 0 0 1 0 1 1 1 1 0 0 1 1 0 1 0 1 0 0 1 1 1 1 1 1 0 0 1 0 1 0 1 1 1 0 0 0 1 0 1 0
90	7	1 0 0 0 0 0 1 0 1 1 0 1 0 1 0 0 1 0 0 1 1 1 0 1 0 1 0 0 0 1 0 0 0 1 0 1 1 1 0 0 0 1 1 0 0 1 1 1 1 0
90	2	0 0 1 1 0 0 1 1 0 0 1 0 0 0 1 1 1 1 0 0 1 0 1 1 0 0 1 1 0 0 1 1 1 1 1 1 1 1 0 0 0 1 0 1 1 0 1 1 0 0
90	1	0 0 0 0 1 1 0 1 0 1 0 0 0 1 0 0 0 1 1 1 1 1 0 1 0 0 1 1 0 1 1 1 1 1 0 0 1 0 1 1 1 0 0 1 1 0 0 0 1 0
90	4	0 0 0 0 1 1 0 1 0 1 0 0 0 1 0 0 0 1 1 1 1 1 0 1 0 0 1 1 0 1 1 0 1 1 0 0 1 0 1 1 1 0 0 1 1 0 0 0 1 0
90	4	0 0 0 1 1 0 1 0 1 1 0 0 1 0 1 1 1 1 0 0 1 1 0 1 0 1 0 0 1 1 1 1 1 1 0 0 1 0 1 0 1 0 1 0 0 0 1 0 1 0
90	4	0 0 1 1 1 0 1 1 1 1 0 0 1 0 1 1 1 1 0 0 1 1 0 1 0 1 0 0 1 1 1 1 1 0 0 0 1 0 1 0 1 1 1 0 0 0 1 0 1 0
90	3	0 0 1 1 1 0 1 1 1 1 0 0 1 0 1 1 1 1 0 0 1 1 0 1 0 1 0 0 1 1 1 1 1 1 0 0 1 0 1 0 1 0 1 0 0 0 1 0 1 0
90	1	0 0 1 1 1 0 1 1 1 1 0 0 1 0 1 1 0 1 0 0 1 1 0 1 0 1 0 0 1 1 1 1 1 1 0 0 1 0 1 0 1 1 1 0 0 0 1 0 1 0
90	1	0 0 1 1 1 0 1 1 1 1 0 0 1 0 1 1 1 1 0 0 1 1 0 1 0 1 0 0 1 1 1 1 1 1 0 0 1 0 1 0 1 1 0 0 0 0 1 0 1 0
90	1	0 0 1 1 1 0 1 1 1 1 0 0 1 0 1 1 1 1 0 0 1 1 0 1 1 1 0 0 1 1 1 1 1 1 0 0 1 0 1 0 1 1 1 0 0 0 1 0 1 0
90	1	0 0 1 1 1 0 1 1 1 1 0 0 1 0 1 1 1 1 0 0 1 1 0 1 0 0 0 0 1 1 1 1 1 1 0 0 1 0 1 0 1 1 1 0 0 0 1 0 1 0
90	1	0 0 1 1 1 0 1 1 1 1 0 0 1 0 1 1 1 1 0 0 1 1 0 1 0 1 0 0 1 1 1 1 1 1 0 1 1 0 1 0 1 1 1 0 0 0 1 0 1 0
90	66	0 0 1 1 1 0 1 1 1 1 0 0 1 0 1 1 1 1 0 0 1 1 0 1 0 1 0 0 1 1 1 1 1 1 0 0 1 0 1 0 1 1 1 0 0 0 1 0 1 0
90	1	0 0 0 1 1 0 1 0 1 1 0 0 1 0 1 1 1 1 0 0 0 1 0 1 0 1 0 0 1 1 1 1 1 1 0 0 1 0 1 0 1 1 1 0 0 0 1 0 1 0
90	3	0 0 0 1 1 0 1 0 1 1 0 0 1 0 1 1 1 1 0 0 1 1 0 1 0 1 0 0 1 1 1 1 1 1 0 0 1 0 1 0 1 1 1 0 0 0 1 0 1 0
100	2	0 0 1 1 0 0 1 1 0 0 1 0 0 0 1 1 1 1 0 0 1 0 1 1 0 0 1 1 0 0 1 1 1 1 1 1 1 1 0 0 0 1 0 1 1 0 1 1 0 0
100	1	0 0 0 1 1 0 1 0 1 1 0 0 1 0 1 1 1 1 0 0 1 1 0 1 0 1 0 0 1 1 1 1 1 1 0 0 1 0 1 0 1 0 1 0 0 0 1 0 1 0
100	1	0 0 1 1 1 0 1 1 1 1 0 0 1 0 1 1 1 1 0 0 1 1 0 1 0 1 0 0 1 1 1 1 1 1 0 0 1 0 1 0 1 1 1 0 1 0 1 0 1 0
100	5	0 0 1 1 1 0 1 1 1 1 0 0 1 0 1 1 1 1 0 0 1 1 0 1 0 1 0 0 1 1 1 1 1 1 0 0 1 0 1 0 1 0 1 0 0 0 1 0 1 0
100	1	0 0 1 1 1 0 1 1 1 1 0 0 1 0 1 1 0 1 0 0 1 1 0 1 0 1 0 0 1 1 1 0 1 1 0 0 1 0 1 0 1 1 1 0 0 0 1 0 1 0
100	84	0 0 1 1 1 0 1 1 1 1 0 0 1 0 1 1 1 1 0 0 1 1 0 1 0 1 0 0 1 1 1 1 1 1 0 0 1 0 1 0 1 1 1 0 0 0 1 0 1 0
100	1	0 0 1 1 1 0 1 1 1 1 0 0 1 0 1 1 1 1 0 0 1 1 0 1 1 1 0 0 1 1 1 1 1 1 0 0 1 0 1 0 1 1 1 0 0 0 1 0 1 0
100	2	0 0 1 1 1 0 1 1 1 1 0 0 1 0 1 1 1 1 0 0 1 1 0 1 0 1 0 0 1 1 1 1 1 1 0 0 1 0 1 0 0 1 1 0 0 0 1 0 1 0
100	1	0 0 1 1 1 0 1 1 1 1 0 0 1 0 1 1 1 1 0 0 1 1 0 1 0 1 0 1 1 1 1 1 1 1 0 0 1 0 1 0 1 1 1 0 0 0 1 0 1 0
100	1	0 0 1 1 1 1 1 1 1 1 0 0 1 0 1 1 1 1 0 0 1 1 0 1 0 1 0 0 1 1 1 1 1 1 0 0 1 0 1 0 1 1 1 0 0 0 1 0 1 0
100	1	0 0 1 1 1 0 1 1 1 1 0 0 1 0 1 1 1 1 0 0 1 1 0 1 0 1 0 0 1 1 1 1 0 1 0 0 1 0 1 0 1 1 1 0 0 0 1 0 1 0
110	2	0 0 1 1 1 0 1 1 1 1 0 0 1 0 1 1 1 1 0 0 1 1 0 1 0 1 0 0 1 1 1 1 1 1 0 0 1 0 1 0 1 0 1 0 0 0 1 0 1 0
110	1	0 0 1 1 1 0 1 1 1 1 0 0 1 0 1 1 0 1 0 0 1 1 0 1 0 1 0 0 1 1 1 0 1 1 0 0 1 0 1 0 1 1 1 0 0 0 1 0 1 0
110	5	0 0 1 1 1 0 1 1 1 1 0 0 1 0 1 1 1 1 0 0 1 1 0 1 0 1 0 0 1 1 1 1 1 1 0 0 1 0 1 0 1 1 0 0 0 0 1 0 1 0
110	1	0 0 1 1 1 0 1 1 1 1 0 0 0 0 1 1 1 1 0 0 1 1 0 1 0 1 0 0 1 1 1 1 1 1 0 0 1 0 1 0 1 1 1 0 0 0 1 0 1 0
110	1	0 0 1 1 1 0 1 1 1 1 0 0 1 0 1 1 1 1 0 0 1 1 0 1 0 1 0 0 1 1 0 1 1 1 0 0 1 0 1 0 1 1 1 0 0 0 1 0 1 0
110	1	0 0 1 1 1 0 1 1 1 1 0 0 1 0 1 1 1 1 0 0 1 1 0 1 0 1 0 0 1 1 1 1 1 1 0 0 1 0 1 0 1 1 1 0 0 0 1 0 0 0
110	2	0 0 1 1 1 0 1 1 1 1 0 0 1 0 1 1 1 1 0 0 1 0 0 1 0 1 0 0 1 1 1 1 1 1 0 0 1 0 1 0 1 1 1 0 0 0 1 0 1 0
110	1	0 0 1 1 1 0 1 1 1 1 0 0 1 0 1 1 1 1 0 0 1 1 0 1 0 1 0 1 1 1 1 1 1 1 0 0 1 0 1 0 1 1 1 0 0 0 1 0 1 0
110	78	0 0 1 1 1 0 1 1 1 1 0 0 1 0 1 1 1 1 0 0 1 1 0 1 0 1 0 0 1 1 1 1 1 1 0 0 1 0 1 0 1 1 1 0 0 0 1 0 1 0
110	4	0 0 1 1 1 0 1 1 1 1 0 0 1 0 1 1 1 1 0 0 1 1 0 1 1 1 0 0 1 1 1 1 1 1 0 0 1 0 1 0 1 1 1 0 0 0 1 0 1 0
110	1	0 0 1 1 1 0 1 1 1 1 0 0 1 0 1 1 1 1 0 0 1 1 0 1 0 1 0 0 1 1 1 1 1 1 0 0 0 0 1 0 1 1 1 0 0 0 1 0 1 0
110	3	0 0 1 1 1 1 1 1 1 1 0 0 1 0 1 1 1 1 0 0 1 1 0 1 0 1 0 0 1 1 1 1 1 1 0 0 1 0 1 0 1 1 1 0 0 0 1 0 1 0
120	6	0 0 1 1 1 0 1 1 1 1 0 0 1 0 1 1 1 1 0 0 1 1 0 1 0 1 0 0 1 1 1 1 1 1 0 0 1 0 1 0 1 0 1 0 0 0 1 0 1 0
120	1	0 0 1 1 1 0 1 1 1 1 0 0 1 0 1 1 1 1 0 0 1 1 0 1 0 1 0 0 1 1 1 1 1 1 0 0 1 0 1 0 1 1 1 0 0 0 1 0 0 0
120	1	0 0 1 1 1 0 1 1 1 1 0 0 1 0 1 1 1 1 0 0 1 1 0 1 0 1 0 1 1 1 1 1 1 1 0 0 1 0 1 0 1 1 1 0 0 0 1 0 1 0
120	1	0 0 1 1 1 0 1 1 1 1 0 0 1 0 1 1 1 1 0 0 1 1 0 1 0 1 0 0 1 1 1 1 1 1 0 0 1 0 1 0 1 1 1 0 1 0 1 0 1 0
120	1	0 0 1 1 1 0 1 1 1 1 0 0 1 0 1 1 1 1 0 0 1 1 0 1 0 1 0 0 1 1 1 1 1 1 0 0 1 0 1 0 1 1 1 1 0 0 1 0 1 0
120	1	0 0 1 1 1 0 1 1 0 1 0 0 1 0 1 1 1 1 0 0 1 1 0 1 0 1 0 0 1 1 1 1 1 1 0 0 1 0 1 0 1 1 1 0 0 0 1 0 1 0
120	53	0 0 1 1 1 0 1 1 1 1 0 0 1 0 1 1 1 1 0 0 1 1 0 1 0 1 0 0 1 1 1 1 1 1 0 0 1 0 1 0 1 1 1 0 0 0 1 0 1 0
120	5	0 1 1 1 1 0 1 1 1 1 0 0 1 0 1 1 1 1 0 0 1 1 0 1 0 1 0 0 1 1 1 1 1 1 0 0 1 0 1 0 1 1 1 0 0 0 1 0 1 0
120	1	0 0 1 1 1 0 1 1 1 1 0 1 1 0 1 1 1 1 0 0 1 1 0 1 0 1 0 0 1 1 1 1 1 1 0 0 1 0 1 0 1 1 0 0 0 0 1 0 1 0
120	10	0 0 1 1 1 0 1 1 1 1 0 0 1 0 1 1 1 1 0 0 1 1 0 1 0 1 0 0 1 1 1 1 1 1 0 0 1 0 1 0 1 1 0 0 0 0 1 0 1 0
120	2	0 0 1 1 1 0 1 1 1 1 0 0 1 0 1 1 1 1 0 0 1 1 0 1 1 1 0 0 1 1 1 1 0 1 0 0 1 0 1 0 1 1 1 0 0 0 1 0 1 0
120	3	0 0 1 1 1 0 1 1 1 1 0 0 1 0 1 1 1 1 0 0 1 1 0 1 0 1 0 0 1 1 1 1 1 1 0 0 1 0 1 0 0 1 1 0 0 0 1 0 1 0
120	3	0 0 1 1 1 0 1 1 1 1 0 0 1 0 1 1 1 1 0 0 1 0 0 1 0 1 0 0 1 1 1 1 1 1 0 0 1 0 1 0 1 1 1 0 0 0 1 0 1 0
120	1	0 0 1 1 1 1 1 1 1 1 0 0 1 0 1 1 1 1 0 0 1 1 0 1 0 1 1 0 1 1 1 1 1 1 0 0 1 0 1 0 1 1 1 0 0 0 1 0 1 0
120	8	0 0 1 1 1 1 1 1 1 1 0 0 1 0 1 1 1 1 0 0 1 1 0 1 0 1 0 0 1 1 1 1 1 1 0 0 1 0 1 0 1 1 1 0 0 0 1 0 1 0
120	3	0 0 1 1 1 0 1 1 1 1 0 0 1 0 1 1 1 1 0 0 1 1 0 1 1 1 0 0 1 1 1 1 1 1 0 0 1 0 1 0 1 1 1 0 0 0 1 0 1 0
130	3	0 0 1 1 1 0 1 1 1 1 0 0 1 0 1 1 1 1 0 0 1 1 0 1 0 1 0 0 1 1 1 1 1 1 0 0 1 0 1 0 1 0 1 0 0 0 1 0 1 0
130	1	0 0 1 1 1 0 1 1 1 1 0 0 1 0 1 1 1 1 0 0 1 1 0 1 0 1 0 0 1 1 1 1 1 1 0 0 1 0 1 0 1 1 1 0 0 0 1 0 0 0
130	2	0 0 1 1 1 0 1 1 1 1 0 0 1 0 1 1 1 1 0 0 1 1 0 1 0 1 0 1 1 1 1 1 1 1 0 0 1 0 1 0 1 1 1 0 0 0 1 0 1 0
130	1	0 0 1 1 1 1 1 1 1 1 0 0 1 0 1 1 1 1 0 0 1 1 0 1 0 1 0 0 1 1 1 1 1 1 0 0 1 0 1 0 1 1 1 0 0 0 1 0 0 0
130	14	0 0 1 1 1 1 1 1 1 1 0 0 1 0 1 1 1 1 0 0 1 1 0 1 0 1 0 0 1 1 1 1 1 1 0 0 1 0 1 0 1 1 1 0 0 0 1 0 1 0
130	9	0 1 1 1 1 0 1 1 1 1 0 0 1 0 1 1 1 1 0 0 1 1 0 1 0 1 0 0 1 1 1 1 1 1 0 0 1 0 1 0 1 1 1 0 0 0 1 0 1 0
130	1	0 0 1 1 1 0 1 1 1 1 0 0 1 0 1 1 1 1 0 1 1 1 0 1 0 1 0 0 1 1 1 1 1 1 0 0 1 0 1 0 1 1 1 0 0 0 1 0 1 0
130	1	0 0 1 1 1 0 1 1 1 1 0 0 1 1 1 1 1 1 0 0 1 1 0 1 0 1 0 0 1 1 1 1 1 1 0 0 1 0 1 0 1 1 1 0 0 0 1 0 1 0
130	2	0 0 1 1 0 0 1 1 1 1 0 0 1 0 1 1 1 1 0 0 1 1 0 1 0 1 0 0 1 1 1 1 1 1 0 0 1 0 1 0 1 1 1 0 0 0 1 0 1 0
130	1	0 0 1 1 1 0 1 1 1 1 0 0 1 0 1 1 1 1 0 0 1 0 0 1 0 1 0 0 1 1 1 1 1 1 0 0 1 0 1 0 1 1 1 0 0 0 1 0 1 0
130	51	0 0 1 1 1 0 1 1 1 1 0 0 1 0 1 1 1 1 0 0 1 1 0 1 0 1 0 0 1 1 1 1 1 1 0 0 1 0 1 0 1 1 1 0 0 0 1 0 1 0
130	1	0 0 1 1 1 0 1 1 1 1 0 1 1 0 1 1 1 1 0 0 1 1 0 1 0 1 0 0 1 1 1 1 1 1 0 0 1 0 1 0 1 1 0 0 0 0 1 0 1 0
130	2	0 0 1 1 1 0 1 1 1 1 0 0 1 0 1 1 1 1 0 0 1 1 0 1 0 1 0 0 1 1 1 1 1 1 0 0 1 1 1 0 1 1 0 0 0 0 1 0 1 0
130	7	0 0 1 1 1 0 1 1 1 1 0 0 1 0 1 1 1 1 0 0 1 1 0 1 0 1 0 0 1 1 1 1 1 1 0 0 1 0 1 0 1 1 0 0 0 0 1 0 1 0
130	1	0 0 1 1 1 0 1 1 1 1 0 0 1 0 1 1 1 1 0 0 1 1 0 1 0 1 0 0 1 1 1 1 1 1 0 0 1 0 1 0 0 1 1 0 0 0 1 0 1 0
130	1	0 0 1 1 1 1 1 1 1 1 0 0 1 0 1 1 1 1 0 0 1 1 0 1 0 1 1 0 1 1 1 1 1 1 0 0 1 0 1 0 1 1 1 0 0 0 1 0 1 0
130	2	0 0 1 1 1 0 1 1 1 1 0 0 1 0 1 1 1 1 0 0 1 1 0 1 1 1 0 0 1 1 1 1 1 1 0 0 1 0 1 0 1 1 1 0 0 0 1 0 1 0
140	1	0 0 1 1 1 0 1 1 1 1 0 0 1 0 1 1 1 1 0 0 0 1 0 1 0 1 0 0 1 1 1 1 1 1 0 0 1 0 1 1 1 0 1 0 0 0 1 0 1 0
140	1	0 0 1 1 1 0 1 1 1 1 0 0 1 0 1 1 1 1 0 0 0 1 0 1 0 1 0 0 1 1 1 1 1 1 0 0 1 0 1 0 1 0 1 1 0 0 1 0 1 0
140	1	0 0 1 1 1 0 1 1 1 1 0 0 1 0 1 1 1 1 0 0 0 1 0 1 0 1 0 0 1 1 1 1 1 1 0 0 1 0 1 0 1 0 1 0 0 0 1 0 1 0
140	8	0 0 1 1 1 0 1 1 1 1 0 0 1 0 1 1 1 1 0 0 1 1 0 1 0 1 0 0 1 1 1 1 1 1 0 0 1 0 1 0 1 0 1 0 0 0 1 0 1 0
140	1	0 0 1 1 1 0 1 1 1 1 0 0 1 0 1 1 1 1 0 0 1 1 0 1 0 1 0 1 1 1 1 1 1 1 0 0 1 0 1 0 1 1 1 0 0 0 1 0 1 0
140	2	0 0 1 1 1 0 1 1 1 1 0 0 0 0 1 1 1 1 0 0 1 1 0 1 0 1 0 0 1 1 1 1 1 1 0 0 1 0 1 0 1 1 1 0 0 0 1 0 1 0
140	3	0 0 1 1 1 1 1 1 1 1 0 0 1 0 1 1 1 1 0 0 1 1 0 1 0 1 0 0 1 1 1 1 1 1 0 0 1 0 1 0 1 1 1 0 0 0 1 0 0 0
140	1	0 0 0 1 1 1 1 1 1 1 0 0 1 0 1 1 1 1 0 0 1 1 0 1 0 1 0 0 1 1 1 1 1 1 0 0 1 0 1 0 1 1 1 0 0 0 1 0 1 0
140	21	0 0 1 1 1 1 1 1 1 1 0 0 1 0 1 1 1 1 0 0 1 1 0 1 0 1 0 0 1 1 1 1 1 1 0 0 1 0 1 0 1 1 1 0 0 0 1 0 1 0
140	9	0 1 1 1 1 0 1 1 1 1 0 0 1 0 1 1 1 1 0 0 1 1 0 1 0 1 0 0 1 1 1 1 1 1 0 0 1 0 1 0 1 1 1 0 0 0 1 0 1 0
140	1	0 0 1 1 1 0 0 1 1 1 0 0 1 0 1 1 1 1 0 0 1 1 0 1 0 1 0 0 1 1 1 1 1 1 0 0 1 0 1 0 1 1 1 0 0 0 1 0 1 0
140	28	0 0 1 1 1 0 1 1 1 1 0 0 1 0 1 1 1 1 0 0 1 1 0 1 0 1 0 0 1 1 1 1 1 1 0 0 1 0 1 0 1 1 1 0 0 0 1 0 1 0
140	5	0 0 1 1 1 0 1 1 1 1 0 0 1 0 1 1 1 1 0 0 1 1 0 1 0 1 0 0 1 0 1 1 1 1 0 0 1 0 1 0 1 1 0 0 0 0 1 0 1 0
140	12	0 0 1 1 1 0 1 1 1 1 0 0 1 0 1 1 1 1 0 0 1 1 0 1 0 1 0 0 1 1 1 1 1 1 0 0 1 0 1 0 1 1 0 0 0 0 1 0 1 0
140	5	0 0 1 1 1 0 1 1 1 1 0 0 1 0 1 1 1 1 0 0 1 1 0 1 0 1 0 0 1 1 1 1 1 1 0 0 1 0 1 0 0 1 1 0 0 0 1 0 1 0
140	1	0 0 1 1 1 1 1 1 1 1 0 0 1 0 1 1 1 1 0 0 1 1 0 1 0 1 1 0 1 1 1 1 1 1 0 0 1 0 1 0 1 1 1 0 0 0 1 0 1 0
150	1	0 0 1 1 1 0 1 1 1 1 0 0 1 0 1 1 1 1 0 0 0 1 0 1 0 1 0 0 1 1 1 1 1 1 0 0 1 0 1 0 1 0 1 0 0 0 1 0 1 0
150	1	0 0 1 1 1 0 1 1 1 1 0 0 1 0 1 1 1 1 0 0 1 1 0 1 0 0 0 0 1 1 1 1 1 1 0 0 1 0 1 0 1 0 1 0 0 0 1 0 1 0
150	23	0 0 1 1 1 0 1 1 1 1 0 0 1 0 1 1 1 1 0 0 1 1 0 1 0 1 0 0 1 1 1 1 1 1 0 0 1 0 1 0 1 0 1 0 0 0 1 0 1 0
150	1	0 0 1 1 1 0 1 1 1 1 0 0 1 0 1 1 1 1 0 0 1 1 0 1 0 1 0 1 0 1 1 1 1 1 0 0 1 0 1 0 1 1 1 0 0 0 1 0 1 0
150	6	0 0 1 1 1 1 1 1 1 1 0 0 1 0 1 1 1 1 0 0 1 1 0 1 0 1 0 0 1 1 1 1 1 1 0 0 1 0 1 0 1 1 1 0 0 0 1 0 0 0
150	3	0 0 1 1 1 1 1 1 1 1 0 0 1 0 1 1 1 1 0 0 1 1 0 1 0 1 1 0 1 1 1 1 1 1 0 0 1 0 1 0 1 1 1 0 0 0 1 0 1 0
150	9	0 0 1 1 1 0 1 1 1 1 0 0 1 0 1 1 1 1 0 0 1 1 0 1 0 1 0 0 1 1 1 1 1 1 0 0 1 0 1 0 1 1 1 0 0 0 1 0 1 0
150	23	0 0 1 1 1 1 1 1 1 1 0 0 1 0 1 1 1 1 0 0 1 1 0 1 0 1 0 0 1 1 1 1 1 1 0 0 1 0 1 0 1 1 1 0 0 0 1 0 1 0
150	2	0 1 1 1 1 0 1 1 1 1 0 0 1 0 1 1 1 1 0 0 1 1 0 1 0 1 0 0 1 1 1 1 1 1 0 0 1 0 1 0 1 0 1 0 0 0 1 0 1 0
150	7	0 1 1 1 1 0 1 1 1 1 0 0 1 0 1 1 1 1 0 0 1 1 0 1 0 1 0 0 1 1 1 1 1 1 0 0 1 0 1 0 1 1 1 0 0 0 1 0 1 0
150	16	0 0 1 1 1 0 1 1 1 1 0 0 1 0 1 1 1 1 0 0 1 1 0 1 0 1 0 0 1 1 1 1 1 1 0 0 1 0 1 0 1 1 0 0 0 0 1 0 1 0
150	1	0 0 1 1 1 0 0 1 1 1 0 0 1 0 1 1 1 1 0 0 1 1 0 1 0 1 0 0 1 1 1 1 1 1 0 0 1 0 1 0 0 1 1 0 0 0 1 0 1 0
150	7	0 0 1 1 1 0 1 1 1 1 0 0 1 0 1 1 1 1 0 0 1 1 0 1 0 1 0 0 1 1 1 1 1 1 0 0 1 0 1 0 0 1 1 0 0 0 1 0 1 0
160	5	0 0 1 1 1 0 1 1 1 1 0 0 1 0 1 1 1 1 0 0 0 1 0 1 0 1 0 0 1 1 1 1 1 1 0 0 1 0 1 1 1 0 1 0 0 0 1 0 1 0
160	2	0 0 1 1 1 0 1 1 1 1 0 0 1 0 1 1 1 1 0 0 0 1 0 1 0 1 0 0 1 1 1 1 1 1 0 0 1 0 1 0 1 0 1 0 0 0 1 0 1 0
160	1	0 0 1 1 1 0 1 1 1 1 0 0 1 0 1 1 1 1 0 0 1 1 0 1 0 1 0 0 1 1 1 1 1 1 0 0 1 0 1 0 1 0 1 0 0 0 0 0 1 0
160	12	0 0 1 1 1 0 1 1 1 1 0 0 1 0 1 1 1 1 0 0 1 1 0 1 0 1 0 0 1 1 1 1 1 1 0 0 1 0 1 0 1 0 1 0 0 0 1 0 1 0
160	1	0 0 1 1 1 0 1 1 1 1 0 0 1 0 1 1 1 1 0 0 1 1 0 1 0 1 0 0 1 1 1 1 1 1 0 0 1 0 1 0 1 1 1 0 0 0 1 0 0 0
160	6	0 0 1 1 1 1 1 1 1 1 0 0 1 0 1 1 1 1 0 0 1 1 0 1 0 1 0 0 1 1 1 1 1 1 0 0 1 0 1 0 1 1 1 0 0 0 1 0 0 0
160	5	0 0 1 1 1 1 1 1 1 1 0 0 1 0 1 1 1 1 0 0 1 1 0 1 0 1 1 0 1 1 1 1 1 1 0 0 1 0 1 0 1 1 1 0 0 0 1 0 1 0
160	6	0 0 1 1 1 0 1 1 1 1 0 0 1 0 1 1 1 1 0 0 1 1 0 1 0 1 0 0 1 1 1 1 1 1 0 0 1 0 1 0 1 1 1 0 0 0 1 0 1 0
160	34	0 0 1 1 1 1 1 1 1 1 0 0 1 0 1 1 1 1 0 0 1 1 0 1 0 1 0 0 1 1 1 1 1 1 0 0 1 0 1 0 1 1 1 0 0 0 1 0 1 0
160	2	0 1 1 1 1 0 1 1 1 1 0 0 1 0 1 1 1 1 0 0 1 1 0 1 0 1 0 0 1 1 1 1 1 1 0 0 1 0 1 0 1 0 1 0 0 0 1 0 1 0
160	11	0 1 1 1 1 0 1 1 1 1 0 0 1 0 1 1 1 1 0 0 1 1 0 1 0 1 0 0 1 1 1 1 1 1 0 0 1 0 1 0 1 1 1 0 0 0 1 0 1 0
160	10	0 0 1 1 1 0 1 1 1 1 0 0 1 0 1 1 1 1 0 0 1 1 0 1 0 1 0 0 1 1 1 1 1 1 0 0 1 0 1 0 1 1 0 0 0 0 1 0 1 0
160	5	0 0 1 1 1 0 1 1 1 1 0 0 1 0 1 1 1 1 0 0 1 1 0 1 0 1 0 0 1 1 1 1 1 1 0 0 1 0 1 0 0 1 1 0 0 0 1 0 1 0
170	11	0 0 1 1 1 0 1 1 1 1 0 0 1 0 1 1 1 1 0 0 1 1 0 1 0 1 0 0 1 1 1 1 1 1 0 0 1 0 1 0 1 0 1 0 0 0 1 0 1 0
170	1	0 0 1 1 1 0 1 1 1 1 0 0 1 0 1 1 1 1 0 0 1 1 0 1 0 1 0 1 0 1 1 1 1 1 0 0 1 0 1 0 1 1 1 0 0 0 1 0 1 0
170	4	0 0 1 1 1 1 1 1 1 1 0 0 1 0 1 1 1 1 0 0 1 1 0 1 0 1 0 0 1 0 1 1 1 1 0 0 1 0 1 0 1 1 1 0 0 0 1 0 0 0
170	8	0 0 1 1 1 1 1 1 1 1 0 0 1 0 1 1 1 1 0 0 1 1 0 1 0 1 0 0 1 1 1 1 1 1 0 0 1 0 1 0 1 1 1 0 0 0 1 0 0 0
170	1	0 0 1 1 1 1 1 1 1 1 0 0 1 0 1 1 1 1 0 0 1 1 0 1 0 1 0 0 1 1 1 1 1 1 0 0 1 0 1 0 1 0 1 0 0 0 1 0 1 0
170	45	0 0 1 1 1 1 1 1 1 1 0 0 1 0 1 1 1 1 0 0 1 1 0 1 0 1 0 0 1 1 1 1 1 1 0 0 1 0 1 0 1 1 1 0 0 0 1 0 1 0
170	1	0 1 1 1 1 0 1 1 1 1 0 0 1 0 1 1 1 1 0 0 1 1 0 1 0 1 0 0 1 1 1 1 1 1 0 0 1 0 1 0 1 0 1 0 0 0 1 0 1 0
170	1	1 1 1 1 1 0 1 1 1 1 0 0 1 0 1 1 1 1 0 0 1 1 0 1 0 1 0 0 1 1 1 1 1 1 0 0 1 0 1 0 1 1 1 0 0 0 1 0 1 0
170	8	0 1 1 1 1 0 1 1 1 1 0 0 1 0 1 1 1 1 0 0 1 1 0 1 0 1 0 0 1 1 1 1 1 1 0 0 1 0 1 0 1 1 1 0 0 0 1 0 1 0
170	2	0 0 1 1 1 0 1 1 1 1 0 0 1 0 1 1 1 1 0 0 1 1 0 1 0 1 0 0 1 1 1 1 1 1 0 0 1 0 1 0 1 1 0 0 0 0 0 0 1 0
170	14	0 0 1 1 1 0 1 1 1 1 0 0 1 0 1 1 1 1 0 0 1 1 0 1 0 1 0 0 1 1 1 1 1 1 0 0 1 0 1 0 1 1 0 0 0 0 1 0 1 0
170	1	0 0 1 1 1 0 0 1 1 1 0 0 1 0 1 1 1 1 0 0 1 1 0 1 0 1 0 0 1 1 1 1 1 1 0 0 1 0 1 0 0 1 1 0 0 0 1 0 1 0
170	3	0 0 1 1 1 0 1 1 1 1 0 0 1 0 1 1 1 1 0 0 1 1 0 1 0 1 0 0 1 1 1 1 1 1 0 0 1 0 1 0 0 1 1 0 0 0 1 0 1 0
180	2	0 0 1 1 1 0 1 1 1 1 0 0 1 0 1 1 1 1 0 0 0 1 0 1 0 1 0 0 1 1 1 1 1 1 0 0 1 0 1 1 1 0 1 0 0 0 1 0 1 0
180	1	0 0 1 1 1 0 1 1 1 1 0 0 1 0 1 1 1 0 0 0 1 1 0 1 0 1 0 0 1 1 1 1 1 1 0 0 1 0 1 0 1 0 1 0 0 0 0 0 1 0
180	3	0 0 1 1 1 0 1 1 1 1 0 0 1 0 1 1 1 1 0 0 1 1 0 1 0 1 0 0 1 1 1 1 1 1 0 0 1 0 1 0 1 0 1 0 0 0 0 0 1 0
180	1	0 0 1 1 1 0 1 1 1 1 0 0 0 0 1 1 1 1 0 0 1 1 0 1 0 1 0 0 1 1 1 1 1 1 0 0 1 0 1 0 1 0 1 0 0 0 1 0 1 0
180	1	0 0 1 1 1 0 1 1 1 1 0 0 1 0 1 1 1 1 0 0 1 1 0 1 0 1 0 0 1 1 1 1 1 1 0 0 1 1 1 0 1 0 1 0 0 0 1 0 1 0
180	8	0 0 1 1 1 0 1 1 1 1 0 0 1 0 1 1 1 1 0 0 1 1 0 1 0 1 0 0 1 1 1 1 1 1 0 0 1 0 1 0 1 0 1 0 0 0 1 0 1 0
180	1	0 0 1 1 1 0 1 1 1 1 0 0 1 0 1 1 1 1 0 0 1 1 0 1 0 1 0 0 1 1 1 1 1 1 0 0 1 0 1 0 1 1 1 0 0 0 1 0 0 0
180	5	0 0 1 1 1 1 1 1 1 1 0 0 1 0 1 1 1 1 0 0 1 1 0 1 0 1 0 0 1 0 1 1 1 1 0 0 1 0 1 0 1 1 1 0 0 0 1 0 0 0
180	28	0 0 1 1 1 1 1 1 1 1 0 0 1 0 1 1 1 1 0 0 1 1 0 1 0 1 0 0 1 1 1 1 1 1 0 0 1 0 1 0 1 1 1 0 0 0 1 0 1 0
180	12	0 0 1 1 1 1 1 1 1 1 0 0 1 0 1 1 1 1 0 0 1 1 0 1 0 1 0 0 1 1 1 1 1 1 0 0 1 0 1 0 1 1 1 0 0 0 1 0 0 0
180	1	0 0 1 1 1 1 1 1 1 1 0 0 1 0 1 1 1 1 0 0 1 1 0 1 0 1 1 0 1 1 1 1 1 0 0 0 1 0 1 0 1 1 1 0 0 0 1 0 1 0
180	3	0 1 1 1 1 1 1 1 1 1 0 0 1 0 1 1 1 1 0 0 1 1 0 1 0 1 0 0 1 1 1 1 1 1 0 0 1 0 1 0 1 1 1 0 0 0 1 0 1 0
180	3	0 0 1 1 1 1 1 1 1 1 0 0 1 0 1 1 1 1 1 0 1 1 0 1 0 1 0 0 1 1 1 1 1 1 0 0 1 0 1 0 1 1 1 0 0 0 1 0 1 0
180	3	0 1 1 1 1 0 1 1 1 1 0 0 1 0 1 1 1 1 0 0 1 1 0 1 0 1 0 0 1 1 1 1 1 1 0 0 1 0 1 0 1 0 1 0 0 0 1 0 1 0
180	6	1 1 1 1 1 0 1 1 1 1 0 0 1 0 1 1 1 1 0 0 1 1 0 1 0 1 0 0 1 1 1 1 1 1 0 0 1 0 1 0 1 1 1 0 0 0 1 0 1 0
180	4	0 1 1 1 1 0 1 1 1 1 0 0 1 0 1 1 1 1 0 0 1 1 0 1 0 1 0 0 1 1 1 1 1 1 0 0 1 0 1 0 1 1 1 0 0 0 1 0 1 0
180	2	0 0 1 1 1 0 1 1 1 1 0 0 1 0 1 1 1 1 0 0 1 1 0 1 0 1 0 0 1 1 1 1 1 1 0 0 1 0 1 0 1 1 0 0 0 0 0 0 1 0
180	14	0 0 1 1 1 0 1 1 1 1 0 0 1 0 1 1 1 1 0 0 1 1 0 1 0 1 0 0 1 1 1 1 1 1 0 0 1 0 1 0 1 1 0 0 0 0 1 0 1 0
180	2	0 0 1 1 1 0 1 1 1 1 0 0 1 0 1 1 1 1 0 0 1 1 0 1 0 1 0 0 1 1 1 1 1 1 0 0 1 0 1 0 0 1 1 0 0 0 1 0 1 0
190	2	0 0 1 1 1 0 1 1 1 1 0 0 1 0 1 1 1 1 0 0 1 1 0 1 0 1 0 0 1 1 1 1 1 1 0 0 1 0 1 0 1 0 1 0 0 0 0 0 1 0
190	2	0 0 1 1 1 0 1 1 1 1 0 0 1 0 1 1 1 1 0 0 1 1 0 1 0 1 0 0 1 1 1 1 1 1 0 0 1 0 1 0 1 0 1 0 0 0 1 0 1 0
190	7	0 0 1 1 1 0 1 1 1 1 0 0 0 0 1 1 1 1 0 0 1 1 0 1 0 1 0 0 1 1 1 1 1 1 0 0 1 0 1 0 1 1 1 0 0 0 1 0 1 0
190	18	0 0 1 1 1 1 1 1 1 1 0 0 1 0 1 1 1 1 0 0 1 1 0 1 0 1 0 0 1 0 1 1 1 1 0 0 1 0 1 0 1 1 1 0 0 0 1 0 0 0
190	6	0 1 1 1 1 1 1 1 1 1 0 0 1 0 1 1 1 1 0 0 1 1 0 1 0 1 0 0 1 1 1 1 1 1 0 0 1 0 1 0 1 1 1 0 0 0 1 0 1 0
190	11	0 0 1 1 1 1 1 1 1 1 0 0 1 0 1 1 1 1 0 0 1 1 0 1 0 1 0 0 1 1 1 1 1 1 0 0 1 0 1 0 1 1 1 0 0 0 1 0 0 0
190	20	0 0 1 1 1 1 1 1 1 1 0 0 1 0 1 1 1 1 0 0 1 1 0 1 0 1 0 0 1 1 1 1 1 1 0 0 1 0 1 0 1 1 1 0 0 0 1 0 1 0
190	1	0 0 1 1 1 1 1 1 1 1 0 0 1 0 1 1 1 0 0 0 1 1 0 1 0 1 0 0 1 1 1 1 1 1 0 0 1 0 1 0 1 1 1 0 0 0 1 0 0 0
190	1	0 0 1 1 1 1 1 1 1 1 0 0 1 0 1 1 1 1 0 0 1 1 0 1 0 1 1 0 1 1 1 1 1 1 0 0 1 0 1 0 1 1 1 0 0 0 1 0 1 0
190	9	1 1 1 1 1 0 1 1 1 1 0 0 1 0 1 1 1 1 0 0 1 1 0 1 0 1 0 0 1 1 1 1 1 1 0 0 1 0 1 0 1 1 1 0 0 0 1 0 1 0
190	2	0 1 1 1 1 0 1 1 1 1 0 0 1 0 1 1 1 1 0 0 1 1 0 1 0 1 0 0 1 1 1 1 1 1 0 0 1 0 1 0 1 1 1 0 0 0 1 0 1 0
190	8	0 0 1 1 1 0 1 1 1 1 0 0 1 0 1 1 1 1 0 0 1 1 0 1 0 1 0 0 1 1 1 1 1 1 0 0 1 0 1 0 1 1 0 0 0 0 0 0 1 0
190	2	0 0 1 1 1 0 1 1 1 1 0 0 1 0 1 1 1 1 0 0 1 1 0 1 1 1 0 0 1 1 1 1 1 1 0 0 1 0 1 0 1 1 0 0 0 0 0 0 1 0
190	1	0 0 1 1 1 0 1 1 1 1 0 0 1 0 1 1 1 1 0 0 1 1 0 1 0 1 0 0 0 1 1 1 1 1 0 0 1 0 1 0 1 1 0 0 0 0 0 0 1 0
190	7	0 0 1 1 1 0 1 1 1 1 0 0 1 0 1 1 1 1 0 0 1 1 0 1 0 1 0 0 1 1 1 1 1 1 0 0 1 0 1 0 1 1 0 0 0 0 1 0 1 0
190	3	0 0 1 1 1 0 1 1 1 1 0 0 1 0 1 1 1 1 0 0 1 1 0 1 0 1 0 0 1 1 1 1 1 1 0 0 1 0 1 0 0 1 1 0 0 0 1 0 1 0
200	1	0 0 1 1 1 0 1 1 1 1 0 0 1 0 1 1 1 1 0 0 1 1 0 1 0 1 0 0 1 1 1 1 1 1 0 0 0 0 1 0 1 0 1 0 0 0 1 0 1 0
200	5	0 0 1 1 1 0 1 1 1 1 0 0 1 0 1 1 1 1 0 0 1 1 0 1 0 1 0 0 1 1 1 1 1 1 0 0 1 0 1 0 1 0 1 0 0 0 1 0 1 0
200	1	0 0 1 1 1 1 1 1 1 1 0 0 1 0 1 1 1 1 0 0 1 1 0 1 0 1 0 0 1 0 0 1 1 1 0 0 1 0 1 0 1 1 1 0 0 0 1 0 0 0
200	1	0 0 1 1 1 1 1 1 1 1 0 0 1 0 1 1 1 1 1 0 1 1 0 1 0 1 0 0 1 0 1 1 1 1 0 0 1 0 1 0 1 1 1 0 0 0 1 0 0 0
200	15	0 0 1 1 1 1 1 1 1 1 0 0 1 0 1 1 1 1 0 0 1 1 0 1 0 1 0 0 1 0 1 1 1 1 0 0 1 0 1 0 1 1 1 0 0 0 1 0 0 0
200	3	0 1 1 1 1 1 1 1 1 1 0 0 1 0 1 1 1 1 0 0 1 1 0 1 0 1 0 0 1 1 1 1 1 1 0 0 1 0 1 0 1 1 1 0 0 0 1 0 1 0
200	11	0 0 1 1 1 1 1 1 1 1 0 0 1 0 1 1 1 1 0 0 1 1 0 1 0 1 0 0 1 1 1 1 1 1 0 0 1 0 1 0 1 1 1 0 0 0 1 0 0 0
200	1	0 1 1 1 1 1 1 1 1 1 0 0 1 0 1 1 1 1 0 0 1 1 0 1 0 1 0 0 1 1 1 1 1 1 0 0 1 0 1 0 1 1 1 0 0 0 1 0 0 0
200	1	0 0 1 1 1 0 1 1 1 1 0 0 1 0 1 1 1 1 0 0 1 1 0 1 0 1 0 0 1 1 1 1 1 1 0 0 1 0 1 0 1 1 1 0 0 0 1 0 0 0
200	12	0 0 1 1 1 1 1 1 1 1 0 0 1 0 1 1 1 1 0 0 1 1 0 1 0 1 0 0 1 1 1 1 1 1 0 0 1 0 1 0 1 1 1 0 0 0 1 0 1 0
200	6	0 1 1 1 1 0 1 1 1 1 0 0 1 0 1 1 1 1 0 0 1 1 0 1 0 1 0 0 1 1 1 1 1 1 0 0 1 0 1 0 1 1 1 0 0 0 1 0 1 0
200	1	1 1 1 1 1 0 1 0 1 1 0 0 1 0 1 1 1 1 0 0 1 1 0 1 0 1 0 0 1 1 1 1 1 1 0 0 1 0 1 0 1 1 1 0 0 0 1 0 1 0
200	12	1 1 1 1 1 0 1 1 1 1 0 0 1 0 1 1 1 1 0 0 1 1 0 1 0 1 0 0 1 1 1 1 1 1 0 0 1 0 1 0 1 1 1 0 0 0 1 0 1 0
200	5	0 0 1 1 1 0 1 1 1 1 0 0 1 0 1 1 1 1 0 0 1 1 0 1 1 1 0 0 1 1 1 1 1 1 0 0 1 0 1 0 1 1 0 0 0 0 0 0 1 0
200	12	0 0 1 1 1 0 1 1 1 1 0 0 1 0 1 1 1 1 0 0 1 1 0 1 0 1 0 0 1 1 1 1 1 1 0 0 1 0 1 0 1 1 0 0 0 0 0 0 1 0
200	1	0 0 0 1 1 0 1 1 1 1 0 0 1 0 1 1 1 1 0 0 1 1 0 1 0 1 0 0 0 1 1 1 1 1 0 0 1 0 1 0 1 1 0 0 0 0 0 0 1 0
200	2	0 0 1 1 1 0 1 1 1 1 0 0 1 0 1 1 1 1 0 0 1 1 0 1 0 1 0 0 0 1 1 1 1 1 0 0 1 0 1 0 1 1 0 0 0 0 0 0 1 0
200	1	0 0 1 1 1 0 1 1 1 1 0 0 1 0 1 1 1 1 0 0 1 1 0 1 0 1 0 0 1 1 1 1 1 1 0 0 0 0 1 0 1 1 0 0 0 0 1 0 1 0
200	7	0 0 1 1 1 0 1 1 1 1 0 0 1 0 1 1 1 1 0 0 1 1 0 1 0 1 0 0 1 1 1 1 1 1 0 0 1 0 1 0 1 1 0 0 0 0 1 0 1 0
200	2	0 0 1 1 1 0 1 1 1 1 0 0 1 0 1 1 1 1 0 0 1 1 0 1 0 1 0 0 1 1 1 1 1 1 0 0 1 0 1 0 0 1 1 0 0 0 1 0 1 0
210	1	0 0 1 1 1 0 1 1 1 1 0 0 1 0 1 1 1 1 0 0 1 1 0 1 0 1 0 0 1 1 1 1 1 1 0 0 0 0 1 0 1 0 1 0 0 0 1 0 1 0
210	23	0 0 1 1 1 1 1 1 1 1 0 0 1 0 1 1 1 1 0 0 1 1 0 1 0 1 0 0 1 0 1 1 1 1 0 0 1 0 1 0 1 1 1 0 0 0 1 0 0 0
210	2	0 0 1 1 1 1 1 1 1 1 0 0 1 0 1 1 1 1 0 0 1 1 0 1 0 1 0 0 1 1 1 1 1 1 0 0 1 0 1 1 1 1 1 0 0 0 1 0 1 0
210	8	0 0 1 1 1 1 1 1 1 1 0 0 1 0 1 1 1 1 0 0 1 1 0 1 0 1 0 0 1 1 1 1 1 1 0 0 1 0 1 0 1 1 1 0 0 0 1 0 1 0
210	10	0 1 1 1 1 1 1 1 1 1 0 0 1 0 1 1 1 1 0 0 1 1 0 1 0 1 0 0 1 1 1 1 1 1 0 0 1 0 1 0 1 1 1 0 0 0 1 0 1 0
210	1	0 0 1 1 1 1 1 1 1 1 0 0 1 0 1 1 1 1 0 0 1 1 1 1 1 1 0 0 1 1 1 1 1 1 0 0 1 0 1 0 1 1 1 0 0 0 1 0 0 0
210	1	0 0 1 1 1 1 1 1 1 1 0 0 1 0 1 1 1 1 0 0 1 1 0 1 1 1 0 0 1 1 1 1 1 1 0 0 1 0 1 0 1 1 1 0 0 0 1 0 0 0
210	14	0 0 1 1 1 1 1 1 1 1 0 0 1 0 1 1 1 1 0 0 1 1 0 1 0 1 0 0 1 1 1 1 1 1 0 0 1 0 1 0 1 1 1 0 0 0 1 0 0 0
210	1	0 0 1 1 1 1 1 1 1 1 0 0 1 0 1 1 1 1 0 0 1 1 0 1 0 1 1 0 1 1 1 1 1 1 0 0 1 0 1 0 1 1 1 0 0 0 1 0 1 0
210	1	1 1 1 1 1 0 1 1 1 1 0 0 1 0 1 1 1 1 0 0 1 1 0 1 0 0 0 0 1 1 1 1 1 1 0 0 1 0 1 0 1 1 1 0 0 0 1 0 1 0
210	2	0 1 1 1 1 0 1 1 1 1 0 0 1 0 1 1 1 1 0 0 1 1 0 1 0 1 0 0 1 1 1 1 1 1 0 0 1 0 1 0 1 1 1 0 0 0 1 0 1 0
210	16	1 1 1 1 1 0 1 1 1 1 0 0 1 0 1 1 1 1 0 0 1 1 0 1 0 1 0 0 1 1 1 1 1 1 0 0 1 0 1 0 1 1 1 0 0 0 1 0 1 0
210	17	0 0 1 1 1 0 1 1 1 1 0 0 1 0 1 1 1 1 0 0 1 1 0 1 0 1 0 0 1 1 1 1 1 1 0 0 1 0 1 0 1 1 0 0 0 0 0 0 1 0
210	3	0 0 1 1 1 0 1 1 1 1 0 0 1 0 1 1 1 1 0 0 1 1 0 1 0 1 0 0 1 1 1 1 1 1 0 0 1 0 1 0 1 1 0 0 0 0 1 0 1 0
220	1	0 0 1 1 1 0 1 1 1 1 0 0 1 0 1 1 1 1 0 0 1 1 0 1 0 1 0 0 1 1 1 1 1 1 0 0 1 0 1 0 1 0 1 0 0 0 1 0 1 0
220	13	0 0 1 1 1 1 1 1 1 1 0 0 1 0 1 1 1 1 0 0 1 1 0 1 0 1 0 0 1 0 1 1 1 1 0 0 1 0 1 0 1 1 1 0 0 0 1 0 0 0
220	1	0 1 1 1 1 1 1 1 1 1 0 0 1 0 1 1 1 1 0 0 1 1 0 1 0 1 0 0 1 1 1 1 1 1 0 0 0 0 1 0 1 1 1 0 0 0 1 0 1 0
220	4	0 0 1 1 1 1 1 1 1 1 0 0 1 0 1 1 1 1 0 0 1 1 0 1 0 1 0 0 1 1 1 1 1 1 0 0 1 0 1 1 1 1 1 0 0 0 1 0 1 0
220	7	0 0 1 1 1 1 1 1 1 1 0 0 1 0 1 1 1 1 0 0 1 1 0 1 0 1 0 0 1 1 1 1 1 1 0 0 1 0 1 0 1 1 1 0 0 0 1 0 1 0
220	1	0 1 1 1 1 1 1 1 1 1 0 0 1 0 1 1 1 1 0 0 1 1 0 1 0 1 0 0 1 1 1 1 1 1 0 0 1 0 1 0 1 1 1 0 0 0 0 0 1 0
220	9	0 1 1 1 1 1 1 1 1 1 0 0 1 0 1 1 1 1 0 0 1 1 0 1 0 1 0 0 1 1 1 1 1 1 0 0 1 0 1 0 1 1 1 0 0 0 1 0 1 0
220	29	0 0 1 1 1 1 1 1 1 1 0 0 1 0 1 1 1 1 0 0 1 1 0 1 0 1 0 0 1 1 1 1 1 1 0 0 1 0 1 0 1 1 1 0 0 0 1 0 0 0
220	1	0 0 1 1 1 0 1 1 1 1 0 0 1 0 1 1 1 1 0 0 1 1 0 1 0 1 0 0 1 1 1 1 1 1 0 0 1 0 1 0 1 1 1 0 0 0 1 0 0 0
220	1	0 1 1 1 1 0 1 1 1 1 0 0 1 0 1 1 1 1 0 0 1 1 0 1 0 1 0 0 1 1 1 1 1 1 0 0 1 0 1 0 1 0 1 0 0 0 1 0 1 0
220	1	1 1 1 1 1 0 1 1 1 1 0 0 1 0 1 0 1 1 0 0 1 1 0 1 0 1 0 0 1 1 1 1 1 1 0 0 1 0 1 0 1 1 1 0 0 0 1 0 1 0
220	18	1 1 1 1 1 0 1 1 1 1 0 0 1 0 1 1 1 1 0 0 1 1 0 1 0 1 0 0 1 1 1 1 1 1 0 0 1 0 1 0 1 1 1 0 0 0 1 0 1 0
220	1	0 0 1 1 1 0 1 1 1 1 0 0 1 0 1 1 1 1 0 0 1 1 0 1 0 1 0 0 1 1 1 1 1 1 0 1 1 0 1 0 1 1 0 0 0 0 0 0 1 0
220	1	0 0 1 1 1 0 1 1 1 1 0 0 1 1 1 1 1 1 0 0 1 1 0 1 0 1 0 0 1 1 1 1 1 0 0 0 1 0 1 0 1 1 0 0 0 0 0 0 1 0
220	1	0 0 1 1 1 0 1 1 1 1 0 0 1 1 1 1 1 1 0 0 1 1 0 1 0 1 0 0 1 1 1 1 1 1 0 0 1 0 1 0 1 1 0 0 0 0 0 0 1 0
220	10	0 0 1 1 1 0 1 1 1 1 0 0 1 0 1 1 1 1 0 0 1 1 0 1 0 1 0 0 1 1 1 1 1 1 0 0 1 0 1 0 1 1 0 0 0 0 0 0 1 0
220	1	0 0 1 1 1 0 1 1 1 1 0 0 1 0 1 1 1 1 0 0 1 1 0 1 0 1 0 0 1 1 1 1 1 1 0 0 1 0 1 0 1 1 0 0 0 0 1 0 1 0
230	2	0 0 1 1 1 0 1 1 1 1 0 0 1 0 1 1 1 1 0 0 1 1 0 1 0 1 0 0 1 1 1 1 1 1 0 0 1 0 1 0 1 0 1 0 0 0 1 0 1 0
230	14	0 0 1 1 1 1 1 1 1 1 0 0 1 0 1 1 1 1 0 0 1 1 0 1 0 1 0 0 1 0 1 1 1 1 0 0 1 0 1 0 1 1 1 0 0 0 1 0 0 0
230	1	0 0 1 1 1 1 1 1 1 1 0 0 1 0 1 1 1 1 0 0 1 1 0 1 0 1 0 0 1 1 1 1 1 1 0 0 1 0 1 1 1 1 1 0 0 0 1 0 1 0
230	17	0 1 1 1 1 1 1 1 1 1 0 0 1 0 1 1 1 1 0 0 1 1 0 1 0 1 0 0 1 1 1 1 1 1 0 0 1 0 1 0 1 1 1 0 0 0 1 0 1 0
230	1	0 0 1 1 1 1 1 1 1 1 0 0 1 0 1 1 1 1 0 0 1 1 1 1 1 1 0 0 1 1 1 1 1 1 0 0 1 0 1 0 1 1 1 0 0 0 1 0 0 0
230	1	0 0 1 1 1 1 1 1 1 1 0 0 1 0 1 1 1 1 0 0 0 1 0 1 0 1 0 0 1 1 1 1 1 1 0 0 1 0 1 0 1 1 1 0 0 0 1 0 0 0
230	1	0 0 1 1 1 1 1 1 1 1 0 0 1 0 1 1 1 1 0 0 1 1 0 1 0 1 0 0 1 1 1 1 1 0 0 0 1 0 1 0 1 1 1 0 0 0 1 0 0 0
230	1	0 1 1 1 1 1 1 1 1 1 0 0 1 0 1 1 1 1 0 0 1 1 0 1 0 1 0 0 1 1 1 1 1 1 0 0 1 0 1 0 1 1 1 0 0 0 1 0 0 0
230	21	0 0 1 1 1 1 1 1 1 1 0 0 1 0 1 1 1 1 0 0 1 1 0 1 0 1 0 0 1 1 1 1 1 1 0 0 1 0 1 0 1 1 1 0 0 0 1 0 0 0
230	2	1 1 1 1 1 0 1 1 1 1 0 0 1 0 1 1 1 1 0 0 1 1 0 1 0 0 0 0 1 1 1 1 1 1 0 0 1 0 1 0 1 1 1 0 0 0 1 0 1 0
230	2	1 1 1 1 1 0 1 1 0 1 0 0 1 0 1 1 1 1 0 0 1 1 0 1 0 1 0 0 1 1 1 1 1 1 0 0 1 0 1 0 1 1 1 0 0 0 1 0 1 0
230	1	1 1 1 1 1 0 1 1 1 1 0 0 1 0 1 1 1 1 0 0 1 1 0 1 0 1 0 0 1 1 1 1 1 1 0 0 1 0 1 0 1 1 1 0 0 0 0 0 1 0
230	19	1 1 1 1 1 0 1 1 1 1 0 0 1 0 1 1 1 1 0 0 1 1 0 1 0 1 0 0 1 1 1 1 1 1 0 0 1 0 1 0 1 1 1 0 0 0 1 0 1 0
230	1	0 0 1 1 1 0 1 1 1 1 0 0 1 0 1 1 1 1 0 0 1 1 0 1 0 1 0 0 1 1 1 1 1 1 0 1 1 0 1 0 1 1 0 0 0 0 0 0 1 0
230	3	0 0 1 1 1 0 1 1 1 1 0 0 1 1 1 1 1 1 0 0 1 1 0 1 0 1 0 0 1 1 1 1 1 1 0 0 1 0 1 0 1 1 0 0 0 0 0 0 1 0
230	13	0 0 1 1 1 0 1 1 1 1 0 0 1 0 1 1 1 1 0 0 1 1 0 1 0 1 0 0 1 1 1 1 1 1 0 0 1 0 1 0 1 1 0 0 0 0 0 0 1 0
240	24	0 0 1 1 1 1 1 1 1 1 0 0 1 0 1 1 1 1 0 0 1 1 0 1 0 1 0 0 1 0 1 1 1 1 0 0 1 0 1 0 1 1 1 0 0 0 1 0 0 0
240	2	0 1 1 1 1 1 1 1 1 1 0 0 1 0 1 1 1 1 0 0 1 1 0 1 0 1 0 0 1 1 1 1 1 1 0 0 1 0 1 0 1 1 1 0 0 0 1 0 0 0
240	1	0 1 1 1 1 1 1 1 1 1 0 0 1 0 1 1 1 1 0 0 1 1 0 1 0 1 0 0 1 1 1 1 1 1 0 0 0 0 1 0 1 1 1 0 0 0 1 0 1 0
240	6	0 1 1 1 1 1 1 1 1 1 0 0 1 0 1 1 1 1 0 0 1 1 0 1 0 1 0 0 1 1 1 1 1 1 0 0 1 0 1 0 1 1 1 0 0 0 1 0 1 0
240	15	0 0 1 1 1 1 1 1 1 1 0 0 1 0 1 1 1 1 0 0 1 1 0 1 0 1 0 0 1 1 1 1 1 1 0 0 1 0 1 0 1 1 1 0 0 0 1 0 0 0
240	6	1 1 1 1 1 0 1 1 1 1 0 0 1 0 1 1 1 1 0 0 1 1 0 1 0 0 0 0 1 1 1 1 1 1 0 0 1 0 1 0 1 1 1 0 0 0 1 0 1 0
240	1	1 1 1 1 1 0 1 1 0 1 0 0 1 0 1 1 1 1 0 0 1 1 0 1 0 1 0 0 1 1 1 1 1 1 0 0 1 0 1 0 1 1 1 0 0 0 1 0 1 0
240	1	1 1 1 1 1 0 1 1 1 1 0 0 1 0 1 1 1 1 0 0 1 1 0 1 0 1 0 0 1 1 1 1 0 1 0 0 1 0 1 0 1 1 1 0 0 0 1 0 1 0
240	1	1 1 1 1 1 0 1 1 1 1 0 0 1 0 1 1 1 1 0 0 1 1 0 1 0 1 0 0 1 1 1 1 1 1 0 0 1 0 1 0 1 1 1 0 1 0 1 0 1 0
240	17	1 1 1 1 1 0 1 1 1 1 0 0 1 0 1 1 1 1 0 0 1 1 0 1 0 1 0 0 1 1 1 1 1 1 0 0 1 0 1 0 1 1 1 0 0 0 1 0 1 0
240	3	0 0 1 1 1 0 1 1 1 1 0 0 1 0 1 1 1 1 0 0 1 1 0 1 0 1 0 0 1 1 1 1 1 1 0 1 1 0 1 0 1 1 0 0 0 0 0 0 1 0
240	23	0 0 1 1 1 0 1 1 1 1 0 0 1 0 1 1 1 1 0 0 1 1 0 1 0 1 0 0 1 1 1 1 1 1 0 0 1 0 1 0 1 1 0 0 0 0 0 0 1 0
250	1	0 0 1 1 1 1 1 1 1 1 0 0 1 0 1 1 1 1 1 0 1 1 0 1 0 1 0 0 1 0 1 1 1 1 0 0 1 0 1 0 1 1 1 0 0 0 1 0 0 0
250	23	0 0 1 1 1 1 1 1 1 1 0 0 1 0 1 1 1 1 0 0 1 1 0 1 0 1 0 0 1 0 1 1 1 1 0 0 1 0 1 0 1 1 1 0 0 0 1 0 0 0
250	2	0 1 1 1 1 1 1 1 1 1 0 0 1 0 1 1 1 1 0 0 1 1 0 1 0 1 0 0 1 1 1 1 1 1 0 0 1 0 1 0 1 1 1 0 0 0 1 0 0 0
250	11	0 1 1 1 1 1 1 1 1 1 0 0 1 0 1 1 1 1 0 0 1 1 0 1 0 1 0 0 1 1 1 1 1 1 0 0 1 0 1 0 1 1 1 0 0 0 1 0 1 0
250	3	0 0 1 0 1 1 1 1 1 1 0 0 1 0 1 1 1 1 0 0 1 1 0 1 0 1 0 0 1 1 1 1 1 1 0 0 1 0 1 0 1 1 1 0 0 0 1 0 0 0
250	1	1 0 1 1 1 1 1 1 1 1 0 0 1 0 1 1 1 1 0 0 1 1 0 1 0 1 0 0 1 1 1 1 1 1 0 0 1 0 1 0 1 1 1 0 0 0 1 0 0 0
250	16	0 0 1 1 1 1 1 1 1 1 0 0 1 0 1 1 1 1 0 0 1 1 0 1 0 1 0 0 1 1 1 1 1 1 0 0 1 0 1 0 1 1 1 0 0 0 1 0 0 0
250	5	1 1 1 1 1 0 1 1 1 1 0 0 1 0 1 1 1 1 0 0 1 1 0 1 0 0 0 0 1 1 1 1 1 1 0 0 1 0 1 0 1 1 1 0 0 0 1 0 1 0
250	11	1 1 1 1 1 0 1 1 1 1 0 0 1 0 1 1 1 1 0 0 1 1 0 1 0 1 0 0 1 1 1 1 1 1 0 0 1 0 1 0 1 1 1 0 0 0 1 0 1 0
250	2	0 0 1 1 1 0 1 1 1 1 0 0 1 1 1 1 1 1 0 0 1 1 0 1 0 1 0 0 1 1 1 1 1 1 0 0 1 0 1 0 1 1 0 0 0 0 0 0 1 0
250	1	0 0 1 1 1 1 1 1 1 1 0 0 1 0 1 1 1 1 0 0 1 1 0 1 0 1 0 0 1 1 1 1 1 1 0 0 1 0 1 0 1 1 0 0 0 0 0 0 1 0
250	1	0 0 1 1 1 0 1 1 1 1 0 0 1 0 1 1 1 1 0 0 1 1 0 1 0 1 0 0 1 1 1 0 1 1 0 0 1 0 1 0 1 1 0 0 0 0 0 0 1 0
250	23	0 0 1 1 1 0 1 1 1 1 0 0 1 0 1 1 1 1 0 0 1 1 0 1 0 1 0 0 1 1 1 1 1 1 0 0 1 0 1 0 1 1 0 0 0 0 0 0 1 0
260	1	0 0 1 1 1 1 1 1 1 1 0 1 1 0 1 1 1 1 0 0 1 1 0 1 0 1 0 0 1 0 1 1 1 1 0 0 1 0 1 0 1 1 1 0 0 0 1 0 0 0
260	2	0 0 1 1 1 1 1 1 1 1 0 0 1 0 1 1 1 1 0 0 1 1 0 1 0 1 0 0 1 0 1 1 1 1 0 0 1 0 1 0 1 1 0 0 0 0 1 0 0 0
260	18	0 0 1 1 1 1 1 1 1 1 0 0 1 0 1 1 1 1 0 0 1 1 0 1 0 1 0 0 1 0 1 1 1 1 0 0 1 0 1 0 1 1 1 0 0 0 1 0 0 0
260	1	0 1 1 1 1 1 1 1 1 1 0 0 1 0 1 1 1 1 0 1 1 1 0 1 0 1 0 0 1 1 1 1 1 1 0 0 1 0 1 0 1 1 1 0 0 0 1 0 0 0
260	8	0 1 1 1 1 1 1 1 1 1 0 0 1 0 1 1 1 1 0 0 1 1 0 1 0 1 0 0 1 1 1 1 1 1 0 0 1 0 1 0 1 1 1 0 0 0 1 0 0 0
260	1	0 1 1 1 1 1 1 1 1 1 0 0 1 0 1 1 1 1 0 0 1 1 0 1 0 1 0 0 1 1 1 1 1 1 0 0 1 0 1 0 1 1 1 0 0 0 0 0 1 0
260	2	0 1 1 1 1 1 1 1 1 1 0 0 1 0 1 1 1 1 0 0 1 1 0 1 0 1 0 0 1 1 1 1 1 1 0 0 1 0 1 0 1 1 1 0 0 0 1 0 1 0
260	3	1 0 1 1 1 1 1 1 1 1 0 0 1 0 1 1 1 1 0 0 1 1 0 1 0 1 0 0 1 1 1 1 1 1 0 0 1 0 1 0 1 1 1 0 0 0 1 0 0 0
260	20	0 0 1 1 1 1 1 1 1 1 0 0 1 0 1 1 1 1 0 0 1 1 0 1 0 1 0 0 1 1 1 1 1 1 0 0 1 0 1 0 1 1 1 0 0 0 1 0 0 0
260	6	1 1 1 1 1 0 1 1 1 1 0 0 1 0 1 1 1 1 0 0 1 1 0 1 0 0 0 0 1 1 1 1 1 1 0 0 1 0 1 0 1 1 1 0 0 0 1 0 1 0
260	1	1 1 1 1 1 0 1 1 1 1 0 0 1 0 1 1 1 1 0 0 1 1 0 1 0 1 0 0 1 1 1 1 0 0 0 0 1 0 1 0 1 1 1 0 0 0 1 0 1 0
260	17	1 1 1 1 1 0 1 1 1 1 0 0 1 0 1 1 1 1 0 0 1 1 0 1 0 1 0 0 1 1 1 1 1 1 0 0 1 0 1 0 1 1 1 0 0 0 1 0 1 0
260	1	0 0 1 1 1 0 1 1 1 1 0 0 1 1 1 1 1 1 0 0 1 1 0 1 0 1 0 0 1 1 1 1 1 1 0 1 1 0 1 0 1 1 0 0 0 0 0 0 1 0
260	3	0 0 1 1 1 0 1 1 1 1 0 0 1 1 1 1 1 1 0 0 1 1 0 1 0 1 0 0 1 1 1 1 1 1 0 0 1 0 1 0 1 1 0 0 0 0 0 0 1 0
260	1	0 0 1 1 1 0 1 1 1 1 0 0 1 0 1 1 1 1 0 0 1 1 0 1 0 1 0 0 1 1 1 1 1 1 0 0 1 0 1 1 1 1 0 0 0 0 0 0 1 0
260	15	0 0 1 1 1 0 1 1 1 1 0 0 1 0 1 1 1 1 0 0 1 1 0 1 0 1 0 0 1 1 1 1 1 1 0 0 1 0 1 0 1 1 0 0 0 0 0 0 1 0
270	1	0 0 1 1 1 1 1 1 1 1 0 1 1 0 1 1 1 1 0 0 1 0 0 1 0 1 0 0 1 0 1 1 1 1 0 0 1 0 1 0 1 1 1 0 0 0 1 0 0 0
270	4	0 0 1 1 1 1 1 1 1 1 0 1 1 0 1 1 1 1 0 0 1 1 0 1 0 1 0 0 1 0 1 1 1 1 0 0 1 0 1 0 1 1 1 0 0 0 1 0 0 0
270	1	0 0 1 1 1 1 1 1 1 1 0 0 1 0 1 1 1 1 0 0 1 1 0 1 0 1 0 0 1 0 1 1 1 1 0 0 1 0 1 0 1 1 0 0 0 0 1 0 0 0
270	1	0 0 1 1 1 1 1 1 1 1 0 0 1 0 1 1 1 1 0 0 1 1 0 1 0 1 0 0 1 0 1 1 1 1 0 1 1 0 1 0 1 1 1 0 0 0 1 0 0 0
270	11	0 0 1 1 1 1 1 1 1 1 0 0 1 0 1 1 1 1 0 0 1 1 0 1 0 1 0 0 1 1 1 1 1 1 0 0 1 0 1 0 1 1 1 0 0 0 1 0 0 0
270	13	0 0 1 1 1 1 1 1 1 1 0 0 1 0 1 1 1 1 0 0 1 1 0 1 0 1 0 0 1 0 1 1 1 1 0 0 1 0 1 0 1 1 1 0 0 0 1 0 0 0
270	8	0 1 1 1 1 1 1 1 1 1 0 0 1 0 1 1 1 1 0 0 1 1 0 1 0 1 0 0 1 1 1 1 1 1 0 0 1 0 1 0 1 1 1 0 0 0 1 0 0 0
270	4	0 1 1 1 1 1 1 1 1 1 0 0 1 0 1 1 1 1 0 0 1 1 0 1 0 1 0 0 1 1 1 1 1 1 0 0 1 0 1 0 1 1 1 0 0 0 0 0 1 0
270	1	0 1 1 1 1 1 1 1 1 1 0 0 1 0 1 1 1 1 0 0 1 1 0 1 0 1 0 0 1 1 1 1 1 1 0 0 1 0 1 0 1 1 1 0 0 0 1 0 1 0
270	2	1 0 1 1 1 1 1 1 1 1 0 0 1 0 1 1 1 1 0 0 1 1 0 1 0 1 0 0 1 1 1 1 1 1 0 0 1 0 1 0 1 1 1 0 0 0 1 0 0 0
270	10	1 1 1 1 1 0 1 1 1 1 0 0 1 0 1 1 1 1 0 0 1 1 0 1 0 0 0 0 1 1 1 1 1 1 0 0 1 0 1 0 1 1 1 0 0 0 1 0 1 0
270	5	1 1 1 1 1 1 1 1 1 1 0 0 1 0 1 1 1 1 0 0 1 1 0 1 0 1 0 0 1 1 1 1 1 1 0 0 1 0 1 0 1 1 1 0 0 0 1 0 1 0
270	1	1 1 1 1 1 0 1 1 1 1 0 0 1 0 1 1 1 1 0 0 1 1 0 1 0 1 0 0 1 1 1 1 1 1 1 0 1 0 1 0 1 1 1 0 0 0 1 0 1 0
270	7	1 1 1 1 1 0 1 1 1 1 0 0 1 0 1 1 1 1 0 0 1 1 0 1 0 1 0 0 1 1 1 1 1 1 0 0 1 0 1 0 1 1 1 0 0 0 1 0 1 0
270	2	0 0 1 1 1 0 1 1 1 1 0 0 1 1 1 1 1 1 0 0 1 1 0 1 0 1 0 0 1 1 1 1 1 1 0 1 1 0 1 0 1 1 0 0 0 0 0 0 1 0
270	2	0 0 1 1 1 0 1 1 1 1 0 0 1 1 1 1 1 1 0 0 1 1 0 1 1 1 0 0 1 1 1 1 1 1 0 0 1 0 1 0 1 1 0 0 0 0 0 0 1 0
270	4	0 0 1 1 1 0 1 1 1 1 0 0 1 1 1 1 1 1 0 0 1 1 0 1 0 1 0 0 1 1 1 1 1 1 0 0 1 0 1 0 1 1 0 0 0 0 0 0 1 0
270	1	0 0 1 1 1 1 1 1 1 1 0 0 1 0 1 1 1 1 0 0 1 1 0 1 0 1 0 0 1 1 1 1 1 1 0 0 1 0 1 0 1 1 0 0 0 0 0 0 1 0
270	1	0 0 1 1 1 0 1 1 1 1 0 0 1 0 1 1 1 1 0 0 1 1 0 1 0 1 0 0 1 1 1 1 1 1 0 0 1 0 0 0 1 1 0 0 0 0 0 0 1 0
270	1	0 0 1 1 1 0 1 1 1 1 0 0 1 0 1 1 1 0 0 0 1 1 0 1 0 1 0 0 1 1 1 1 1 1 0 0 1 0 1 0 1 1 0 0 0 0 0 0 1 0
270	1	0 0 1 1 1 0 1 1 1 1 0 0 1 0 1 1 1 1 0 0 1 1 0 1 0 1 0 0 1 1 1 1 1 1 0 0 1 0 1 0 1 1 0 0 1 0 0 0 1 0
270	19	0 0 1 1 1 0 1 1 1 1 0 0 1 0 1 1 1 1 0 0 1 1 0 1 0 1 0 0 1 1 1 1 1 1 0 0 1 0 1 0 1 1 0 0 0 0 0 0 1 0
280	2	0 0 1 1 1 1 1 1 1 1 0 1 1 0 1 1 1 1 0 0 1 1 0 1 0 1 0 0 1 0 1 1 1 1 0 0 1 0 1 0 1 1 0 0 0 0 1 0 0 0
280	3	0 0 1 1 1 1 1 1 1 1 0 0 1 0 1 1 1 1 0 0 1 1 0 1 0 1 0 0 1 0 1 1 1 1 0 0 1 0 1 0 1 1 0 0 0 0 1 0 0 0
280	12	0 0 1 1 1 1 1 1 1 1 0 0 1 0 1 1 1 1 0 0 1 1 0 1 0 1 0 0 1 1 1 1 1 1 0 0 1 0 1 0 1 1 1 0 0 0 1 0 0 0
280	10	0 0 1 1 1 1 1 1 1 1 0 0 1 0 1 1 1 1 0 0 1 1 0 1 0 1 0 0 1 0 1 1 1 1 0 0 1 0 1 0 1 1 1 0 0 0 1 0 0 0
280	36	0 1 1 1 1 1 1 1 1 1 0 0 1 0 1 1 1 1 0 0 1 1 0 1 0 1 0 0 1 1 1 1 1 1 0 0 1 0 1 0 1 1 1 0 0 0 1 0 0 0
280	2	0 1 1 1 1 1 1 1 1 1 0 0 1 0 1 1 1 1 0 0 1 1 0 1 0 1 0 0 1 1 1 1 1 1 0 0 1 0 1 0 1 1 1 0 0 0 0 0 1 0
280	1	0 1 1 1 1 1 1 1 1 1 0 0 1 0 1 1 1 1 0 0 1 1 0 1 0 1 0 0 1 1 1 1 1 1 0 0 1 0 1 0 1 1 1 0 0 0 1 0 1 0
280	2	1 0 1 1 1 1 1 1 1 1 0 0 1 0 1 1 1 1 0 0 1 1 0 1 0 1 0 0 1 1 1 1 1 1 0 0 1 0 1 0 1 1 1 0 0 0 1 0 0 0
280	8	1 1 1 1 1 0 1 1 1 1 0 0 1 0 1 1 1 1 0 0 1 1 0 1 0 0 0 0 1 1 1 1 1 1 0 0 1 0 1 0 1 1 1 0 0 0 1 0 1 0
280	3	1 1 1 1 1 1 1 1 1 1 0 0 1 0 1 1 1 1 0 0 1 1 0 1 0 1 0 0 1 1 1 1 1 1 0 0 1 0 1 0 1 1 1 0 0 0 1 0 1 0
280	1	1 1 1 1 1 0 1 0 1 1 0 0 1 0 1 1 1 1 0 0 1 1 0 1 0 1 0 0 1 1 1 1 1 1 0 0 1 0 1 0 1 1 1 0 0 0 1 0 1 0
280	6	1 1 1 1 1 0 1 1 1 1 0 0 1 0 1 1 1 1 0 0 1 1 0 1 0 1 0 0 1 1 1 1 1 1 0 0 1 0 1 0 1 1 1 0 0 0 1 0 1 0
280	1	0 0 1 1 1 0 1 1 1 1 0 0 1 1 1 1 1 1 0 0 1 1 0 1 0 1 0 0 1 1 1 1 1 1 0 1 1 0 1 0 1 1 0 0 0 0 0 0 1 0
280	2	0 0 1 1 1 0 1 1 1 1 0 0 1 1 1 1 1 1 0 0 1 1 0 1 1 1 0 0 1 1 1 1 1 1 0 0 1 0 1 0 1 1 0 0 0 0 0 0 1 0
280	3	0 0 1 1 1 1 1 1 1 1 0 0 1 0 1 1 1 1 0 0 1 1 0 1 0 1 0 0 1 1 1 1 1 1 0 0 1 0 1 0 1 1 0 0 0 0 0 0 1 0
280	2	0 0 1 1 1 0 1 1 1 1 0 0 1 0 1 1 1 0 0 0 1 1 0 1 0 1 0 0 1 1 1 1 1 1 0 0 1 0 1 0 1 1 0 0 0 0 0 0 1 0
280	2	0 0 1 1 1 0 1 1 1 1 0 0 1 0 1 1 1 1 0 0 1 1 0 0 0 1 0 0 1 1 1 1 1 1 0 0 1 0 1 0 1 1 0 0 0 0 0 0 1 0
280	4	0 0 1 1 1 0 1 1 1 1 0 0 1 0 1 1 1 1 0 0 1 1 0 1 0 1 0 0 1 1 1 1 1 1 0 0 1 0 1 0 1 1 0 0 0 0 0 0 1 0
290	1	0 0 1 1 1 1 1 1 1 1 0 1 1 0 1 1 1 1 0 0 1 0 0 1 0 1 0 0 1 0 1 1 1 1 0 0 1 0 1 0 1 1 1 0 0 0 1 0 0 0
290	2	0 0 1 1 1 1 1 1 1 1 0 1 1 0 1 1 1 1 0 0 1 1 0 1 0 1 0 0 1 0 1 1 1 1 0 0 1 0 1 0 1 1 1 0 0 0 1 0 0 0
290	1	0 0 1 1 1 1 1 1 1 1 0 1 0 0 1 1 1 1 0 0 1 1 0 1 0 1 0 0 1 0 1 1 1 1 0 0 1 0 1 0 1 1 0 0 0 0 1 0 0 0
290	2	0 0 1 1 1 1 1 1 1 1 0 1 1 0 1 1 1 1 0 0 1 1 0 1 0 1 0 0 1 0 1 1 1 1 0 0 1 0 1 0 1 1 0 0 0 0 1 0 0 0
290	7	0 0 1 1 1 1 1 1 1 1 0 0 1 0 1 1 1 1 0 0 1 1 0 1 0 1 0 0 1 1 1 1 1 1 0 0 1 0 1 0 1 1 1 0 0 0 1 0 0 0
290	5	0 0 1 1 1 1 1 1 1 1 0 0 1 0 1 1 1 1 0 0 1 1 0 1 0 1 0 0 1 0 1 1 1 1 0 0 1 0 1 0 1 1 1 0 0 0 1 0 0 0
290	36	0 1 1 1 1 1 1 1 1 1 0 0 1 0 1 1 1 1 0 0 1 1 0 1 0 1 0 0 1 1 1 1 1 1 0 0 1 0 1 0 1 1 1 0 0 0 1 0 0 0
290	1	0 1 1 1 1 1 1 1 1 1 0 0 1 0 1 1 1 1 0 0 1 1 0 1 0 1 0 0 1 1 1 1 1 1 0 0 1 0 1 0 1 1 1 0 0 0 0 0 1 0
290	3	1 0 1 1 1 1 1 1 1 1 0 0 1 0 1 1 1 1 0 0 1 1 0 1 0 1 0 0 1 1 1 1 1 1 0 0 1 0 1 0 1 1 1 0 0 0 1 0 0 0
290	1	1 1 1 1 1 0 1 1 1 1 0 0 1 0 1 1 1 1 0 0 1 0 0 1 0 0 0 0 1 1 1 1 1 1 0 0 1 0 1 0 1 1 1 0 0 0 1 0 1 0
290	7	1 1 1 1 1 0 1 1 1 1 0 0 1 0 1 1 1 1 0 0 1 1 0 1 0 0 0 0 1 1 1 1 1 1 0 0 1 0 1 0 1 1 1 0 0 0 1 0 1 0
290	1	1 1 1 0 1 1 1 1 1 1 0 0 1 0 1 1 1 1 0 0 1 1 0 1 0 1 0 0 1 1 1 1 1 1 0 0 1 0 1 0 1 1 1 0 0 0 1 0 1 0
290	1	1 1 1 1 1 1 1 1 1 1 0 0 1 0 1 1 1 1 0 0 1 1 0 1 0 1 0 0 1 1 1 1 1 1 0 0 1 0 0 0 1 1 1 0 0 0 1 0 1 0
290	7	1 1 1 1 1 1 1 1 1 1 0 0 1 0 1 1 1 1 0 0 1 1 0 1 0 1 0 0 1 1 1 1 1 1 0 0 1 0 1 0 1 1 1 0 0 0 1 0 1 0
290	4	1 1 1 1 1 0 1 1 1 1 0 0 1 0 1 1 1 1 0 0 1 1 0 1 0 1 0 0 1 1 1 1 1 1 0 0 1 0 1 0 1 1 1 0 0 0 1 0 1 0
290	1	0 0 1 1 1 0 1 1 0 1 0 0 1 1 1 1 1 1 0 0 1 1 0 1 0 1 0 0 1 1 1 1 1 1 0 0 1 0 1 0 1 1 0 0 0 0 0 0 1 0
290	4	0 0 1 1 1 0 1 1 1 1 0 0 1 1 1 1 1 1 0 0 1 1 0 1 0 1 0 0 1 1 1 1 1 1 0 0 1 0 1 0 1 1 0 0 0 0 0 0 1 0
290	4	0 0 1 1 1 0 1 1 1 1 0 0 1 1 1 1 1 1 0 0 1 1 0 1 0 1 0 0 1 1 1 1 1 1 0 1 1 0 1 0 1 1 0 0 0 0 0 0 1 0
290	4	0 0 1 1 1 1 1 1 1 1 0 0 1 0 1 1 1 1 0 0 1 1 0 1 0 1 0 0 1 1 1 1 1 1 0 0 1 0 1 0 1 1 0 0 0 0 0 0 1 0
290	1	0 0 1 1 0 0 1 1 1 1 0 0 1 0 1 1 1 1 0 0 1 1 0 1 0 1 0 0 1 1 1 1 1 1 0 0 1 0 1 0 1 1 0 0 0 0 0 0 1 0
290	7	0 0 1 1 1 0 1 1 1 1 0 0 1 0 1 1 1 1 0 0 1 1 0 1 0 1 0 0 1 1 1 1 1 1 0 0 1 0 1 0 1 1 0 0 0 0 0 0 1 0
300	8	0 0 1 1 1 1 1 1 1 1 0 1 1 0 1 1 1 1 0 0 1 1 0 1 0 1 0 0 1 0 1 1 1 1 0 0 1 0 1 0 1 1 0 0 0 0 1 0 0 0
300	4	0 0 1 1 1 1 1 1 1 1 0 0 1 0 1 1 1 1 0 0 1 1 0 1 0 1 0 0 1 1 1 1 1 1 0 0 1 0 1 0 1 1 1 0 0 0 1 0 0 0
300	4	0 0 1 1 1 1 1 1 1 1 0 0 1 0 1 1 1 1 0 0 1 1 0 1 0 1 0 0 1 0 1 1 1 1 0 0 1 0 1 0 1 1 1 0 0 0 1 0 0 0
300	3	0 1 1 1 1 1 1 1 1 1 0 0 1 0 1 1 1 1 0 0 1 1 0 1 0 1 0 0 1 1 1 1 1 1 0 0 1 0 1 0 1 1 1 1 0 0 1 0 0 0
300	1	0 1 1 1 1 1 1 1 1 1 0 0 1 0 1 1 1 1 0 0 1 1 0 1 0 1 0 0 1 1 1 1 1 1 0 1 1 0 1 0 1 1 1 0 0 0 1 0 0 0
300	3	0 1 1 1 1 1 1 1 1 1 0 0 1 0 1 1 1 1 0 0 1 1 0 1 0 1 0 0 1 1 1 1 1 1 0 0 1 0 1 0 1 1 1 0 0 0 1 0 1 0
300	35	0 1 1 1 1 1 1 1 1 1 0 0 1 0 1 1 1 1 0 0 1 1 0 1 0 1 0 0 1 1 1 1 1 1 0 0 1 0 1 0 1 1 1 0 0 0 1 0 0 0
300	1	0 1 1 1 1 1 1 1 1 1 0 0 1 0 1 1 1 1 0 0 1 1 0 1 0 1 0 0 1 1 1 1 1 1 0 0 1 0 1 0 1 1 1 0 0 0 0 0 1 0
300	1	1 0 1 1 1 1 1 1 1 1 0 0 1 0 1 0 1 1 0 0 1 1 0 1 0 1 0 0 1 1 1 1 1 1 0 0 1 0 1 0 1 1 1 0 0 0 1 0 0 0
300	1	1 0 1 1 1 1 1 1 1 1 0 0 1 0 1 1 1 1 0 0 1 1 0 1 0 1 0 0 1 1 1 1 1 1 0 0 1 0 1 0 1 1 1 0 0 0 1 0 0 0
300	4	1 1 1 1 1 0 1 1 1 1 0 0 1 0 1 1 1 1 0 0 1 1 0 1 0 0 0 0 1 1 1 1 1 1 0 0 1 0 1 0 1 1 1 0 0 0 1 0 1 0
300	6	1 1 1 1 1 1 1 1 1 1 0 0 1 0 1 1 1 1 0 0 1 1 0 1 0 1 0 0 1 1 1 1 1 1 0 0 1 0 1 0 1 1 1 0 0 0 1 0 1 0
300	3	1 1 1 1 1 0 1 1 1 1 0 0 1 0 1 1 1 1 0 0 1 1 0 1 0 1 0 0 1 1 1 1 1 1 0 0 1 0 1 0 1 1 1 0 0 0 1 0 1 0
300	2	0 0 1 1 1 0 1 1 1 1 0 0 1 1 1 1 1 1 0 0 1 1 0 1 0 1 0 0 1 1 1 1 1 1 0 1 1 0 1 0 1 1 0 0 0 0 0 0 1 0
300	3	0 0 1 1 1 1 1 1 1 1 0 0 1 0 1 1 1 1 0 0 1 1 0 1 0 1 0 0 1 1 1 1 1 1 0 0 1 0 1 0 1 0 0 0 0 0 0 0 1 0
300	1	0 0 1 1 1 1 1 1 1 1 0 0 1 0 1 1 1 1 1 0 1 1 0 1 0 1 0 0 1 1 1 1 1 1 0 0 1 0 1 0 1 1 0 0 0 0 0 0 1 0
300	2	0 0 1 1 1 1 1 1 1 1 0 0 1 0 1 1 1 1 0 1 1 1 0 1 0 1 0 0 1 1 1 1 1 1 0 0 1 0 1 0 1 1 0 0 0 0 0 0 1 0
300	4	0 0 1 1 1 1 1 1 1 1 0 0 1 0 1 1 1 1 0 0 1 1 0 1 0 1 0 0 1 1 1 1 1 1 0 0 1 0 1 0 1 1 0 0 0 0 0 0 1 0
300	1	0 0 1 1 1 0 1 0 1 1 0 0 1 0 1 1 1 1 0 0 1 1 0 1 0 1 0 0 1 1 1 1 1 1 0 0 1 0 1 0 1 1 0 0 0 0 0 0 1 0
300	13	0 0 1 1 1 0 1 1 1 1 0 0 1 0 1 1 1 1 0 0 1 1 0 1 0 1 0 0 1 1 1 1 1 1 0 0 1 0 1 0 1 1 0 0 0 0 0 0 1 0
310	4	0 0 1 1 1 1 1 1 1 1 0 1 1 0 1 1 1 1 0 0 1 1 0 1 0 1 0 0 1 0 1 1 1 1 0 0 1 0 1 0 1 1 0 0 0 0 1 0 0 0
310	2	0 0 1 1 1 1 1 1 1 1 0 0 1 0 1 1 1 1 0 0 1 1 0 1 0 1 0 0 1 1 1 1 1 1 0 0 1 0 1 0 1 1 1 0 0 0 1 0 0 0
310	3	0 0 1 1 1 1 1 1 1 1 0 0 1 0 1 1 1 1 0 0 1 1 0 1 0 1 0 0 1 0 1 1 1 1 0 0 1 0 1 0 1 1 1 0 0 0 1 0 0 0
310	2	0 1 1 1 1 1 1 1 1 1 0 0 1 0 1 1 1 1 0 0 1 1 0 1 0 1 0 0 1 1 1 1 1 1 0 0 1 0 1 0 1 1 1 1 0 0 1 0 0 0
310	5	0 1 1 1 1 1 1 1 1 1 0 0 1 0 1 1 1 1 0 0 1 1 0 1 0 1 0 0 1 1 1 1 1 1 0 1 1 0 1 0 1 1 1 0 0 0 1 0 0 0
310	1	0 1 1 1 1 1 1 1 1 1 0 0 1 0 1 1 1 1 0 0 1 1 0 1 0 1 1 0 1 1 1 1 1 1 0 0 1 0 1 0 1 1 1 0 0 0 1 0 0 0
310	41	0 1 1 1 1 1 1 1 1 1 0 0 1 0 1 1 1 1 0 0 1 1 0 1 0 1 0 0 1 1 1 1 1 1 0 0 1 0 1 0 1 1 1 0 0 0 1 0 0 0
310	1	0 1 1 1 1 1 1 1 1 1 0 0 1 0 1 1 1 1 0 0 1 1 0 1 0 1 0 0 1 1 1 1 1 1 0 0 1 0 1 0 1 1 1 0 0 0 0 0 1 0
310	2	1 1 1 1 1 1 1 1 1 1 0 0 1 0 1 1 1 1 0 0 1 1 0 1 0 1 0 0 1 1 1 1 1 1 0 0 1 0 1 0 1 1 1 0 0 0 1 0 0 0
310	2	1 0 1 1 1 1 1 1 1 1 0 0 1 0 1 1 1 1 0 0 1 1 0 1 0 1 0 0 1 1 1 1 1 1 0 0 1 0 1 0 1 1 1 0 0 0 1 0 0 0
310	5	1 1 1 1 1 1 1 1 1 1 0 0 1 0 1 1 1 1 0 0 1 1 0 1 0 1 0 0 1 1 1 1 1 1 0 0 1 0 1 0 1 1 1 0 0 0 1 0 1 0
310	3	1 1 1 1 1 0 1 1 1 1 0 0 1 0 1 1 1 1 0 0 1 1 0 1 0 1 0 0 1 1 1 1 1 1 0 0 1 0 1 0 1 1 1 0 0 0 1 0 1 0
310	1	0 0 1 1 1 0 1 1 1 1 0 0 1 1 1 1 1 1 0 0 1 1 0 1 0 1 0 0 1 1 1 1 1 1 0 0 1 0 1 0 1 1 0 0 0 0 0 0 1 0
310	1	0 0 1 1 1 0 1 1 1 1 0 0 1 1 1 1 1 1 0 0 1 1 0 1 0 1 0 0 1 1 1 1 1 1 0 1 1 0 1 0 1 1 0 0 0 0 0 0 1 0
310	10	0 0 1 1 1 1 1 1 1 1 0 0 1 0 1 1 1 1 0 0 1 1 0 1 0 1 0 0 1 1 1 1 1 1 0 0 1 0 1 0 1 0 0 0 0 0 0 0 1 0
310	1	0 0 1 1 1 1 1 1 1 1 0 0 1 0 1 1 1 1 1 0 1 1 0 1 0 1 0 0 1 1 1 1 1 1 0 0 1 0 1 0 1 1 0 0 0 0 0 0 1 0
310	3	0 0 1 1 1 1 1 1 1 1 0 0 1 0 1 1 1 1 0 1 1 1 0 1 0 1 0 0 1 1 1 1 1 1 0 0 1 0 1 0 1 1 0 0 0 0 0 0 1 0
310	4	0 0 1 1 1 0 1 1 1 1 0 0 1 0 1 1 1 1 0 0 1 1 0 1 0 1 0 0 1 1 1 1 1 1 0 0 1 0 1 0 1 1 0 0 0 0 0 0 1 0
310	7	0 0 1 1 1 1 1 1 1 1 0 0 1 0 1 1 1 1 0 0 1 1 0 1 0 1 0 0 1 1 1 1 1 1 0 0 1 0 1 0 1 1 0 0 0 0 0 0 1 0
310	1	0 0 1 1 1 0 1 1 1 1 0 0 1 0 1 1 1 1 0 0 1 1 0 0 0 1 0 0 1 1 1 1 1 1 0 0 1 0 1 0 1 1 0 0 0 0 0 0 1 0
310	1	0 0 1 1 1 0 1 1 1 1 0 0 1 0 1 1 1 1 0 0 1 1 0 1 0 1 1 0 1 1 1 1 1 1 0 0 1 0 1 0 1 1 0 0 0 0 0 0 1 0
