0	100	0 0 0 0 0 0 0 0 0 0
10	3	0 0 0 0 0 0 0 0 1 0
10	1	0 0 0 0 0 0 0 1 0 0
10	2	0 0 0 0 0 1 0 0 0 0
10	94	0 0 0 0 0 0 0 0 0 0
20	6	0 0 0 0 0 0 0 1 0 0
20	1	0 0 0 0 0 0 0 0 0 1
20	93	0 0 0 0 0 0 0 0 0 0
30	1	0 0 0 0 0 1 0 0 0 0
30	1	0 0 1 0 0 0 0 0 0 0
30	1	0 1 0 0 0 0 0 0 0 0
30	1	0 0 0 0 0 0 0 0 0 1
30	1	0 0 0 0 0 0 1 0 0 0
30	2	0 0 0 0 1 0 0 0 0 0
30	93	0 0 0 0 0 0 0 0 0 0
40	4	0 0 0 0 0 1 0 0 0 0
40	3	0 0 1 0 0 0 0 0 0 1
40	4	0 0 1 0 0 0 0 0 0 0
40	2	1 0 0 0 0 0 0 0 0 0
40	2	0 0 0 0 0 0 1 0 0 0
40	2	0 0 0 0 1 0 0 0 0 0
40	1	0 0 0 0 0 0 0 1 0 0
40	82	0 0 0 0 0 0 0 0 0 0
50	3	0 0 0 0 0 1 0 0 0 0
50	3	0 0 1 0 0 0 0 0 0 1
50	7	0 0 1 0 0 0 0 0 0 0
50	2	0 1 0 0 0 0 0 0 0 0
50	2	0 0 0 0 0 0 1 0 0 0
50	1	0 0 0 0 0 0 0 0 1 0
50	1	0 0 0 0 0 0 0 0 0 1
50	1	1 0 0 0 0 0 0 0 0 0
50	80	0 0 0 0 0 0 0 0 0 0
60	2	0 0 0 0 0 1 0 0 1 0
60	5	0 0 0 0 0 1 0 0 0 0
60	1	0 0 1 0 0 0 0 0 1 0
60	4	0 0 1 0 0 0 0 0 0 0
60	3	0 1 0 0 0 0 0 0 0 0
60	1	0 0 0 0 0 0 1 0 0 0
60	1	0 0 0 0 0 0 0 0 1 0
60	83	0 0 0 0 0 0 0 0 0 0
70	5	0 0 0 0 0 1 0 0 0 0
70	4	0 0 1 0 0 0 0 0 0 0
70	2	1 1 0 0 0 0 0 0 0 0
70	3	0 1 0 0 0 0 0 0 0 0
70	4	0 0 0 0 0 0 1 0 0 0
70	2	0 0 0 0 0 0 0 0 1 0
70	4	0 0 0 0 1 0 0 0 0 0
70	1	0 0 0 1 0 0 0 0 0 0
70	75	0 0 0 0 0 0 0 0 0 0
80	1	0 1 0 0 0 1 0 0 0 0
80	2	0 0 0 0 0 1 0 0 0 0
80	6	0 0 1 0 0 0 0 0 0 0
80	2	1 1 0 0 0 0 0 0 0 0
80	5	0 0 0 0 0 0 1 0 0 0
80	8	0 0 0 0 1 0 0 0 0 0
80	4	0 0 0 0 0 0 0 0 0 1
80	2	0 0 0 1 0 0 0 0 0 0
80	1	1 0 0 0 0 0 0 0 0 0
80	69	0 0 0 0 0 0 0 0 0 0
90	1	0 0 0 0 0 1 0 0 0 0
90	1	0 0 1 0 1 0 0 0 0 0
90	1	0 0 0 0 0 0 1 0 0 0
90	78	0 0 0 0 0 0 0 0 0 0
90	9	0 0 1 0 0 0 0 0 0 0
90	6	0 0 0 0 1 0 0 0 0 0
90	1	0 0 0 1 0 0 0 0 0 0
90	2	0 1 0 0 0 0 0 0 0 0
90	1	1 0 0 0 0 0 0 0 0 0
100	1	0 0 0 0 1 0 1 0 0 0
100	2	0 0 0 0 0 0 1 0 0 0
100	8	0 0 1 0 0 0 0 0 0 0
100	5	0 1 0 0 0 0 0 0 0 0
100	70	0 0 0 0 0 0 0 0 0 0
100	11	0 0 0 0 1 0 0 0 0 0
100	3	1 1 0 0 0 0 0 0 0 0
110	2	0 0 0 0 0 1 0 0 0 0
110	6	0 0 1 0 1 0 0 0 0 0
110	8	0 0 1 0 0 0 0 0 0 0
110	1	0 1 0 0 1 0 0 0 0 0
110	5	0 1 0 0 0 0 0 0 0 0
110	1	0 0 0 0 1 1 0 0 0 0
110	8	0 0 0 0 1 0 0 0 0 0
110	3	0 0 0 0 0 0 0 0 1 0
110	59	0 0 0 0 0 0 0 0 0 0
110	7	1 1 0 0 0 0 0 0 0 0
120	1	0 0 0 0 0 1 0 0 0 0
120	2	0 0 1 0 1 0 0 0 1 0
120	6	0 0 1 0 1 0 0 0 0 0
120	1	0 0 0 0 0 0 0 0 1 0
120	5	0 0 0 0 1 0 0 0 0 0
120	16	0 1 0 0 0 0 0 0 0 0
120	1	0 0 1 0 0 0 0 0 0 1
120	7	0 0 1 0 0 0 0 0 0 0
120	53	0 0 0 0 0 0 0 0 0 0
120	1	0 0 0 0 1 1 0 0 0 0
120	1	1 1 0 0 0 1 0 0 0 0
120	6	1 1 0 0 0 0 0 0 0 0
130	3	0 0 1 0 1 0 0 0 0 0
130	3	1 0 0 0 0 0 0 0 0 0
130	1	0 0 0 0 0 0 0 0 1 0
130	5	0 0 0 0 1 0 0 0 0 0
130	1	1 1 0 0 0 0 0 1 0 0
130	2	1 1 0 0 0 1 0 0 0 0
130	10	1 1 0 0 0 0 0 0 0 0
130	9	0 1 0 0 0 0 0 0 0 0
130	15	0 0 1 0 0 0 0 0 0 0
130	48	0 0 0 0 0 0 0 0 0 0
130	1	1 1 0 0 0 1 0 0 1 0
130	2	1 1 0 0 1 0 0 0 0 0
140	9	0 1 0 0 0 0 0 0 0 0
140	2	1 0 0 0 0 0 0 0 0 0
140	2	0 0 1 0 1 0 0 0 0 0
140	18	0 0 1 0 0 0 0 0 0 0
140	33	0 0 0 0 0 0 0 0 0 0
140	1	1 0 0 0 0 0 0 1 0 0
140	6	0 0 0 0 1 0 0 0 0 0
140	5	1 1 0 0 0 0 0 1 0 0
140	10	1 1 0 0 0 1 0 0 0 0
140	1	1 1 0 0 1 0 0 0 0 0
140	12	1 1 0 0 0 0 0 0 0 0
140	1	1 1 0 0 0 1 0 0 1 0
150	4	0 1 0 0 0 0 0 0 0 0
150	1	0 0 0 0 0 0 0 1 0 0
150	1	1 0 0 0 0 0 0 0 0 0
150	2	0 0 0 1 0 0 0 0 0 0
150	25	0 0 0 0 0 0 0 0 0 0
150	14	0 0 1 0 0 0 0 0 0 0
150	5	0 0 0 0 1 0 0 0 0 0
150	1	1 0 1 0 1 0 0 0 0 0
150	1	0 0 1 0 1 0 0 0 0 0
150	1	1 1 0 1 0 0 0 0 0 0
150	1	1 1 0 0 0 0 0 1 0 0
150	20	1 1 0 0 0 1 0 0 0 0
150	21	1 1 0 0 0 0 0 0 0 0
150	2	1 1 0 0 0 1 0 0 0 1
150	1	1 1 0 0 1 0 0 0 0 0
