10	10	1 1 0 0 0 0 0 1 1 0 1 0 0 1 0 0 1 1 1 0 0 1 1 0 1 1 0 0 1 1 0 0 0 0 0 0 1 1 1 1 1 0 0 0 1 1 0 1 1 0
10	13	0 0 0 1 1 1 1 0 1 0 0 0 0 1 1 0 1 1 1 1 0 1 1 1 1 1 0 1 0 0 1 0 1 0 1 1 1 1 0 1 1 1 0 1 1 1 1 1 0 0
10	6	1 1 0 1 1 1 1 1 1 1 0 0 0 1 1 1 0 0 1 0 0 0 0 1 1 0 0 0 0 0 0 1 0 1 0 0 0 0 1 0 0 0 0 0 0 1 1 1 1 1
10	2	1 1 0 1 1 1 1 1 0 1 0 0 0 1 1 1 0 1 1 0 0 0 0 1 1 0 0 0 0 0 0 1 0 1 0 0 0 0 1 0 0 0 0 0 0 1 1 1 1 1
10	1	1 1 0 1 1 1 1 1 0 1 0 0 0 1 1 1 0 0 1 0 0 0 0 1 1 0 0 0 0 0 0 1 0 1 0 0 0 0 1 1 0 0 0 0 0 1 1 1 1 1
10	1	1 1 0 1 1 1 1 1 0 1 0 0 0 1 1 1 0 0 1 0 0 0 0 1 1 0 0 0 1 0 0 1 0 1 0 0 0 0 1 0 0 0 0 0 0 1 1 1 1 1
10	18	1 1 0 1 1 1 1 1 0 1 0 0 0 1 1 1 0 0 1 0 0 0 0 1 1 0 0 0 0 0 0 1 0 1 0 0 0 0 1 0 0 0 0 0 0 1 1 1 1 1
10	7	1 0 1 0 1 1 1 1 1 1 0 1 1 0 0 0 0 1 0 0 1 0 1 0 0 0 0 1 0 1 1 0 1 0 1 0 1 1 0 1 0 0 1 0 0 0 1 1 0 0
10	9	1 0 1 0 1 1 1 1 1 1 0 1 1 0 0 0 0 1 0 1 1 0 1 0 0 0 0 1 0 1 0 0 1 0 1 0 1 1 0 1 0 0 1 0 0 0 1 1 0 0
10	2	1 1 1 0 1 1 1 1 1 1 0 1 1 0 0 0 0 1 0 1 1 0 1 0 0 0 0 1 0 1 1 0 1 0 1 0 1 1 0 1 0 0 1 0 0 0 1 1 0 0
10	1	1 0 1 0 1 1 1 0 1 1 0 1 1 0 0 0 0 1 0 1 1 0 1 0 0 0 0 1 0 1 1 0 1 0 1 0 1 1 0 1 0 0 1 0 0 0 1 1 0 0
10	19	1 0 1 0 1 1 1 1 1 1 0 1 1 0 0 0 0 1 0 1 1 0 1 0 0 0 0 1 0 1 1 0 1 0 1 0 1 1 0 1 0 0 1 0 0 0 1 1 0 0
10	11	1 0 1 1 1 1 1 0 1 1 1 1 0 0 1 1 0 0 0 0 0 0 1 1 1 0 1 0 1 0 1 1 0 0 1 1 0 0 0 1 0 1 1 0 0 0 0 0 1 0
20	1	1 1 0 0 0 0 0 1 1 0 1 0 0 1 0 0 1 1 1 0 0 1 1 0 1 1 0 0 1 1 0 0 0 0 0 0 1 1 1 1 1 0 0 0 1 1 0 1 1 0
20	1	1 1 0 1 1 1 1 1 0 1 0 0 0 1 1 1 0 0 1 0 0 0 0 1 1 0 0 0 0 1 0 1 0 1 0 0 0 0 1 0 0 0 0 0 0 1 1 1 1 1
20	10	1 1 0 1 1 1 1 1 1 1 0 0 0 1 1 1 0 0 1 0 0 0 0 1 1 0 0 0 0 0 0 1 0 1 0 0 0 0 1 0 0 0 0 0 0 1 1 1 1 1
20	1	1 1 0 1 1 1 1 1 0 1 0 0 0 1 1 1 0 0 1 0 0 0 0 1 1 0 0 0 0 0 0 1 1 1 0 0 0 0 1 0 0 0 0 0 0 1 1 1 1 1
20	3	1 0 1 0 1 1 1 1 1 1 0 1 1 0 0 0 0 1 0 1 1 0 1 0 0 0 0 1 0 1 1 0 1 0 1 0 1 1 0 1 0 0 1 0 0 0 1 1 0 1
20	1	1 0 1 0 1 1 1 1 1 1 0 1 1 0 0 0 0 1 0 0 1 0 1 0 0 0 0 1 0 0 1 0 1 0 1 0 1 1 0 1 0 0 1 0 0 0 1 1 0 0
20	30	1 0 1 0 1 1 1 1 1 1 0 1 1 0 0 0 0 1 0 0 1 0 1 0 0 0 0 1 0 1 1 0 1 0 1 0 1 1 0 1 0 0 1 0 0 0 1 1 0 0
20	1	1 0 1 0 1 1 1 1 1 1 1 1 1 0 0 0 0 1 0 1 1 0 1 0 0 0 0 1 0 1 0 0 1 0 1 0 1 1 0 1 0 0 1 0 0 0 1 1 0 0
20	3	1 0 1 0 1 1 1 1 1 1 0 0 1 0 0 0 0 1 0 1 1 0 1 0 0 0 0 1 0 1 0 0 1 0 1 0 1 1 0 1 0 0 1 0 0 0 1 1 0 0
20	1	1 0 1 0 1 1 1 1 1 1 0 1 1 0 0 1 0 1 0 1 1 0 1 0 0 0 0 1 0 1 0 0 1 0 1 0 1 1 0 1 0 0 1 0 0 0 1 1 0 0
20	10	1 0 1 0 1 1 1 1 1 1 0 1 1 0 0 0 0 1 0 1 1 0 1 0 0 0 0 1 0 1 0 0 1 0 1 0 1 1 0 1 0 0 1 0 0 0 1 1 0 0
20	3	1 0 1 0 1 1 1 1 1 1 0 1 1 0 0 0 0 1 0 1 1 0 1 0 0 0 0 1 0 1 1 0 1 0 1 0 1 1 0 1 0 0 1 0 0 0 1 1 0 0
20	13	1 1 1 0 1 1 1 1 1 1 0 1 1 0 0 0 0 1 0 1 1 0 1 0 0 0 0 1 0 1 1 0 1 0 1 0 1 1 0 1 0 0 1 0 0 0 1 1 0 0
20	2	1 0 1 0 1 1 1 1 1 1 0 1 1 0 0 1 0 1 0 1 1 0 1 0 0 0 0 1 0 1 1 0 1 0 1 0 1 1 0 1 0 0 0 0 0 0 1 1 0 0
20	10	1 0 1 0 1 1 1 1 1 1 0 1 1 0 0 0 0 1 0 1 1 0 1 0 0 0 0 1 0 1 1 0 1 0 1 0 1 1 0 1 0 0 0 0 0 0 1 1 0 0
20	6	1 0 1 1 1 1 1 0 1 1 1 1 0 0 1 1 0 0 0 0 0 0 1 1 1 0 1 0 0 0 1 1 0 0 1 1 0 0 0 1 0 1 1 0 0 0 0 0 1 0
20	3	1 0 1 1 1 1 1 0 1 1 1 1 0 0 1 1 0 0 0 0 0 0 1 1 1 0 1 0 1 0 1 1 0 0 0 1 0 0 0 1 0 1 1 0 0 0 0 0 1 0
20	1	1 0 1 1 1 1 1 0 1 1 1 1 0 0 1 1 0 0 0 0 0 0 1 1 1 0 1 0 1 0 1 1 0 0 1 1 0 0 0 1 0 1 1 0 0 0 0 0 1 0
30	1	1 1 0 1 1 1 1 1 0 1 0 0 0 1 1 1 0 0 1 0 0 0 0 1 1 0 0 0 1 1 0 1 0 1 0 0 0 0 1 0 0 0 0 0 0 1 1 1 1 1
30	3	1 1 0 1 1 1 1 1 1 1 0 0 0 1 1 1 0 0 1 0 0 0 0 1 1 0 0 0 0 0 0 1 0 1 0 0 0 0 1 0 0 0 0 0 0 1 1 1 1 1
30	1	1 0 1 0 1 1 1 1 1 1 0 1 1 0 0 0 0 1 0 1 1 0 1 0 0 0 0 1 0 1 1 0 1 0 1 0 1 1 0 1 0 0 1 0 0 0 1 1 0 1
30	1	1 0 1 0 1 1 1 1 1 1 0 1 1 0 0 0 0 1 0 0 1 0 1 0 0 0 0 1 0 1 1 0 1 0 1 0 1 1 0 1 0 0 1 0 0 0 0 1 0 0
30	13	1 0 1 0 1 1 1 1 1 1 0 1 1 0 0 0 0 1 0 0 1 0 1 0 0 0 0 1 0 1 1 0 1 0 1 0 1 1 0 1 0 0 1 0 0 0 1 1 0 0
30	2	1 0 1 0 1 1 1 1 1 1 0 0 1 0 0 0 0 1 0 1 1 0 1 0 0 0 0 1 0 1 0 0 1 0 1 0 1 1 0 1 0 0 1 0 0 0 1 1 0 0
30	3	1 0 1 0 1 1 1 1 1 1 0 1 1 0 0 1 0 1 0 1 1 0 1 0 0 0 0 1 0 1 0 0 1 0 1 0 1 1 0 1 0 0 1 0 0 0 1 1 0 0
30	1	1 0 1 0 1 1 1 1 1 1 0 1 1 0 0 0 0 1 0 1 1 0 1 0 0 0 0 1 0 1 1 0 1 0 1 0 1 1 0 1 0 0 1 0 0 0 1 1 1 0
30	2	1 0 1 0 1 1 1 1 1 1 0 1 1 0 0 0 0 1 0 1 1 0 1 0 0 0 0 1 0 1 1 0 1 0 1 0 1 1 0 1 0 0 1 0 0 0 1 1 0 0
30	14	1 0 1 0 1 1 1 1 1 1 0 1 1 0 0 0 0 1 0 1 1 0 1 0 0 0 0 1 0 1 0 0 1 0 1 0 1 1 0 1 0 0 1 0 0 0 1 1 0 0
30	1	1 1 1 0 1 1 1 1 1 1 0 1 1 0 0 0 0 1 0 1 1 0 1 0 0 0 0 1 0 1 1 0 1 0 1 0 1 1 0 1 0 0 1 0 1 0 1 1 0 0
30	1	1 1 1 0 1 1 1 1 1 1 1 1 1 0 0 0 0 1 0 1 1 0 1 0 0 0 0 1 0 1 1 0 1 0 1 0 1 1 0 1 0 0 1 0 0 0 1 1 0 0
30	20	1 1 1 0 1 1 1 1 1 1 0 1 1 0 0 0 0 1 0 1 1 0 1 0 0 0 0 1 0 1 1 0 1 0 1 0 1 1 0 1 0 0 1 0 0 0 1 1 0 0
30	3	1 0 1 0 1 1 1 1 1 1 0 1 1 0 0 1 0 1 0 1 1 0 1 0 0 0 0 1 0 1 1 0 1 0 1 0 1 1 0 1 0 0 0 0 0 0 1 1 0 0
30	3	1 0 1 0 1 1 1 1 0 1 0 1 1 0 0 0 0 1 0 1 1 0 1 0 0 0 0 1 0 1 1 0 1 0 1 0 1 1 0 1 0 0 0 0 0 0 1 1 0 0
30	26	1 0 1 0 1 1 1 1 1 1 0 1 1 0 0 0 0 1 0 1 1 0 1 0 0 0 0 1 0 1 1 0 1 0 1 0 1 1 0 1 0 0 0 0 0 0 1 1 0 0
30	4	1 0 1 1 1 1 1 0 1 1 1 1 0 0 1 1 0 0 0 0 0 0 1 1 1 0 1 0 0 0 1 1 0 0 1 1 0 0 0 1 0 1 1 0 0 0 0 0 1 0
30	1	1 0 1 1 1 1 1 0 1 1 1 1 0 0 1 0 0 0 0 0 0 0 1 1 1 0 1 0 1 0 1 1 0 0 1 1 0 0 0 1 0 1 1 0 0 0 0 0 1 0
40	1	1 1 0 1 1 1 1 1 1 1 0 0 0 1 1 1 0 0 1 0 0 0 0 1 1 0 0 0 0 0 0 1 0 1 0 0 0 0 1 0 0 0 0 0 0 1 1 1 1 1
40	1	1 0 1 0 1 1 1 1 1 1 0 1 1 0 0 0 0 1 0 0 1 0 1 0 0 0 0 1 0 0 1 0 1 0 1 0 1 1 0 1 0 0 1 0 0 0 1 1 0 0
40	1	1 0 1 0 1 1 1 1 1 1 0 1 1 0 0 0 0 1 0 0 1 0 1 0 0 0 0 1 0 1 1 0 1 0 0 0 1 1 0 1 0 0 1 0 0 0 1 1 0 0
40	5	1 0 1 0 1 1 1 1 1 1 0 1 1 0 0 0 0 1 0 1 1 0 1 0 0 0 0 1 0 1 1 0 1 0 1 0 1 1 0 1 0 0 1 0 0 0 1 1 0 0
40	19	1 0 1 0 1 1 1 1 1 1 0 1 1 0 0 0 0 1 0 0 1 0 1 0 0 0 0 1 0 1 1 0 1 0 1 0 1 1 0 1 0 0 1 0 0 0 1 1 0 0
40	8	1 0 1 0 1 1 1 1 1 1 0 1 1 0 0 0 0 1 0 1 1 0 1 0 0 0 0 1 0 1 0 0 1 0 1 0 1 1 0 1 0 0 1 0 0 0 1 1 0 0
40	7	1 1 1 0 1 1 1 1 1 1 0 1 1 0 0 0 0 1 0 1 1 0 1 0 0 0 0 1 0 1 1 0 1 0 1 0 1 1 0 1 0 0 1 0 1 0 1 1 0 0
40	2	1 1 1 0 1 1 1 1 1 1 0 1 1 0 0 0 0 1 0 1 1 0 1 0 0 0 0 1 0 1 1 0 1 0 1 0 1 1 0 1 0 0 1 0 0 0 1 0 0 0
40	29	1 1 1 0 1 1 1 1 1 1 0 1 1 0 0 0 0 1 0 1 1 0 1 0 0 0 0 1 0 1 1 0 1 0 1 0 1 1 0 1 0 0 1 0 0 0 1 1 0 0
40	2	1 0 1 0 1 1 1 1 1 1 0 1 1 0 0 1 0 1 0 1 1 0 1 0 0 0 0 1 0 1 1 0 1 0 1 0 1 1 0 1 0 0 0 0 0 0 1 1 0 0
40	1	1 0 1 0 1 1 1 1 1 1 0 1 1 0 0 0 0 1 0 1 1 0 1 0 0 0 0 1 0 1 1 0 1 0 1 0 1 1 0 1 0 0 0 0 0 1 1 1 0 0
40	1	1 0 1 0 1 1 1 1 1 1 0 1 1 0 0 0 0 1 0 1 1 0 1 0 0 0 0 1 0 1 1 0 1 0 1 0 1 1 0 1 0 0 0 0 1 0 1 1 0 0
40	18	1 0 1 0 1 1 1 1 1 1 0 1 1 0 0 0 0 1 0 1 1 0 1 0 0 0 0 1 0 1 1 0 1 0 1 0 1 1 0 1 0 0 0 0 0 0 1 1 0 0
40	1	1 0 1 1 1 1 1 0 1 1 1 1 0 0 1 1 0 0 0 0 0 0 1 1 1 0 1 0 0 0 1 1 0 0 1 1 0 0 0 1 0 1 1 0 0 1 0 0 1 0
40	4	1 0 1 1 1 1 1 0 1 1 1 1 0 0 1 1 0 0 0 0 0 0 1 1 1 0 1 0 0 0 1 1 0 0 1 1 0 0 0 1 0 1 1 0 0 0 0 0 1 0
50	1	1 1 0 1 1 1 1 1 1 1 0 0 0 1 1 1 0 0 1 0 0 0 0 1 1 0 0 0 0 0 0 1 0 1 0 0 0 0 1 0 0 0 0 0 0 1 1 1 1 1
50	4	1 0 1 0 1 1 1 1 1 1 0 1 1 0 0 0 0 1 0 0 1 0 1 0 0 0 0 1 0 0 1 0 1 0 1 0 1 1 0 1 0 0 1 0 0 0 1 1 0 0
50	4	1 0 1 0 1 1 1 1 1 1 0 1 1 0 0 0 0 1 0 1 1 0 1 0 0 0 0 1 0 1 1 0 1 0 1 0 1 1 0 1 0 0 1 0 0 0 1 1 0 0
50	10	1 0 1 0 1 1 1 1 1 1 0 1 1 0 0 0 0 1 0 0 1 0 1 0 0 0 0 1 0 1 1 0 1 0 1 0 1 1 0 1 0 0 1 0 0 0 1 1 0 0
50	5	1 0 1 0 1 1 1 1 1 1 0 1 1 0 0 0 0 1 0 1 1 0 1 0 0 0 0 1 0 1 0 0 1 0 1 0 1 1 0 1 0 0 1 0 0 0 1 1 0 0
50	2	1 1 1 0 1 1 1 1 1 1 0 1 1 0 0 0 0 1 0 1 1 0 1 0 0 0 0 1 0 1 1 0 1 0 1 0 1 1 0 1 0 0 1 0 1 0 1 1 0 0
50	1	1 1 1 0 1 1 1 1 1 1 0 1 1 0 0 0 0 1 0 1 1 0 1 0 0 0 0 1 0 1 1 0 1 0 1 0 1 1 0 1 0 1 1 0 0 0 1 0 0 0
50	6	1 1 1 0 1 1 1 1 1 1 0 1 1 0 0 0 0 1 0 1 1 0 1 0 0 0 0 1 0 1 1 0 1 0 1 0 1 1 0 1 0 0 1 0 0 0 1 0 0 0
50	1	1 1 1 0 1 1 1 1 1 1 0 1 1 0 0 0 0 1 0 1 1 0 1 0 0 0 0 1 0 1 1 0 1 0 1 0 1 1 0 1 0 0 0 0 0 0 1 1 0 0
50	1	1 1 1 0 1 1 1 1 1 1 0 1 1 0 0 0 0 1 0 1 1 0 1 0 0 1 0 1 0 1 1 0 1 0 1 0 1 1 0 1 0 0 1 0 0 0 1 1 0 0
50	30	1 1 1 0 1 1 1 1 1 1 0 1 1 0 0 0 0 1 0 1 1 0 1 0 0 0 0 1 0 1 1 0 1 0 1 0 1 1 0 1 0 0 1 0 0 0 1 1 0 0
50	1	1 0 1 0 1 1 1 1 1 1 0 1 1 0 0 0 0 1 0 1 1 0 1 0 0 0 0 1 0 1 1 0 1 0 1 0 1 1 0 1 0 0 0 0 0 0 1 1 0 1
50	1	1 0 1 0 1 1 1 1 0 1 0 1 1 0 0 0 0 1 0 1 1 0 1 0 0 0 0 1 0 1 1 0 1 0 1 0 1 1 0 1 0 0 0 0 0 0 1 1 0 0
50	1	1 0 1 0 0 1 1 1 1 1 0 1 1 0 0 0 0 1 0 1 1 0 1 0 0 0 0 1 0 1 1 0 1 0 1 0 1 1 0 1 0 0 0 0 0 0 1 1 0 0
50	2	1 0 1 0 1 1 1 1 1 1 0 1 1 0 0 0 0 1 0 1 1 0 1 0 0 0 0 1 1 1 1 0 1 0 1 0 1 1 0 1 0 0 0 0 0 0 1 1 0 0
50	29	1 0 1 0 1 1 1 1 1 1 0 1 1 0 0 0 0 1 0 1 1 0 1 0 0 0 0 1 0 1 1 0 1 0 1 0 1 1 0 1 0 0 0 0 0 0 1 1 0 0
50	1	1 0 1 1 1 1 1 0 1 1 1 1 0 0 1 1 0 0 0 0 0 0 1 1 1 0 1 0 0 0 1 1 0 0 1 1 0 0 0 1 0 1 1 0 0 0 0 0 1 0
60	1	1 1 0 1 1 1 1 1 1 1 0 0 0 1 1 1 0 0 1 0 0 0 0 1 1 0 0 0 0 0 0 1 0 1 0 0 0 0 1 0 0 0 0 0 0 1 1 1 1 1
60	1	1 0 1 0 1 1 1 1 1 1 0 1 1 0 0 0 0 1 0 0 1 0 1 0 0 0 0 1 0 0 1 0 1 0 1 0 1 1 0 1 0 0 1 0 0 0 1 1 0 0
60	1	1 0 1 0 1 1 1 1 1 1 0 1 1 0 0 0 0 1 0 1 1 0 1 0 0 0 0 1 0 1 1 0 1 0 1 0 1 1 0 1 0 0 1 0 0 0 1 1 0 0
60	9	1 0 1 0 1 1 1 1 1 1 0 1 1 0 0 0 0 1 0 0 1 0 1 0 0 0 0 1 0 1 1 0 1 0 1 0 1 1 0 1 0 0 1 0 0 0 1 1 0 0
60	1	1 0 1 0 1 1 1 1 1 1 0 1 1 0 0 0 0 1 0 1 1 0 1 0 0 0 0 0 0 1 1 0 1 0 1 0 1 1 0 1 0 0 1 0 0 0 1 1 0 0
60	3	1 0 1 0 1 1 1 1 1 1 0 1 1 0 0 0 0 1 0 1 1 0 1 0 0 0 0 1 0 1 0 0 1 0 1 0 1 1 0 1 0 0 1 0 0 0 1 1 0 0
60	1	1 1 1 0 1 1 1 1 1 1 0 1 1 0 0 0 0 1 0 1 1 0 1 0 0 0 0 0 0 1 1 0 1 0 1 0 1 1 0 1 0 0 1 0 1 0 1 1 0 0
60	5	1 1 1 0 1 1 1 1 1 1 0 1 1 0 0 0 0 1 0 1 1 0 1 0 0 0 0 1 0 1 1 0 1 0 1 0 1 1 0 1 0 0 1 0 1 0 1 1 0 0
60	26	1 1 1 0 1 1 1 1 1 1 0 1 1 0 0 0 0 1 0 1 1 0 1 0 0 0 0 1 0 1 1 0 1 0 1 0 1 1 0 1 0 0 1 0 0 0 1 1 0 0
60	5	1 1 1 0 1 1 1 1 1 1 0 1 1 0 0 0 0 1 0 1 1 0 1 0 0 0 0 1 0 1 1 0 1 0 1 0 1 1 0 1 0 0 1 0 0 0 1 0 0 0
60	1	1 1 1 0 1 1 1 1 1 1 0 1 1 0 0 0 0 1 0 1 1 0 1 0 0 0 0 1 0 1 1 0 1 0 1 0 1 1 0 1 0 0 0 0 0 0 1 1 0 0
60	3	1 1 1 0 1 1 1 1 1 1 0 1 1 0 0 0 0 1 0 1 1 0 1 0 0 0 0 1 0 1 1 0 1 0 1 0 1 1 0 1 0 0 1 0 0 0 0 1 0 0
60	1	1 0 1 0 1 1 1 1 1 1 0 1 1 0 0 1 0 1 0 1 1 0 1 0 0 0 0 1 0 1 1 0 1 0 1 0 1 1 0 1 0 0 0 0 0 0 1 1 0 0
60	1	1 0 1 0 1 1 1 1 1 1 0 1 1 0 0 0 0 1 0 1 1 0 1 0 0 0 0 1 0 1 1 0 1 0 1 0 1 1 0 1 0 0 0 0 0 0 1 1 0 1
60	1	1 0 1 0 1 1 1 1 1 1 0 1 1 0 0 0 0 1 0 1 1 0 1 0 0 0 0 1 0 1 1 0 0 0 1 0 1 1 0 1 0 0 0 0 0 0 1 1 0 0
60	1	1 0 1 0 1 1 1 1 0 1 0 1 1 0 0 0 0 1 0 1 1 0 1 0 0 0 0 1 0 1 1 0 1 0 1 0 1 1 0 1 0 0 0 0 0 0 1 1 0 0
60	1	1 0 1 0 1 1 1 1 1 1 0 1 1 0 0 0 0 1 0 1 1 1 1 0 0 0 0 1 0 1 1 0 1 0 1 0 1 1 0 1 0 0 0 0 0 0 1 1 0 0
60	1	1 0 1 0 1 1 1 1 1 1 0 1 0 0 0 0 0 1 0 1 1 0 1 0 0 0 0 1 0 1 1 0 1 0 1 0 1 1 0 1 0 0 0 0 0 0 1 1 0 0
60	32	1 0 1 0 1 1 1 1 1 1 0 1 1 0 0 0 0 1 0 1 1 0 1 0 0 0 0 1 0 1 1 0 1 0 1 0 1 1 0 1 0 0 0 0 0 0 1 1 0 0
60	5	1 0 1 1 1 1 1 0 1 1 1 1 0 0 1 1 0 0 0 0 0 0 1 1 1 0 1 0 0 0 1 1 0 0 1 1 0 0 0 1 0 1 1 0 0 0 0 0 1 0
70	11	1 0 1 0 1 1 1 1 1 1 0 1 1 0 0 0 0 1 0 0 1 0 1 0 0 0 0 1 0 1 1 0 1 0 1 0 1 1 0 1 0 0 1 0 0 0 1 1 0 0
70	5	1 0 1 0 1 1 1 1 1 1 0 1 1 0 0 0 0 1 0 1 1 0 1 0 0 0 0 1 0 1 0 0 1 0 1 0 1 1 0 1 0 0 1 0 0 0 1 1 0 0
70	1	1 1 1 1 1 1 1 1 1 1 0 1 1 0 0 0 0 1 0 1 1 0 1 0 0 0 0 1 0 1 1 0 1 0 1 0 1 1 0 1 0 0 1 0 1 0 1 1 0 0
70	1	1 1 1 0 1 1 1 1 1 1 0 1 1 0 0 0 0 1 0 1 1 0 1 0 0 0 0 1 0 1 1 0 1 0 1 0 1 1 0 1 0 0 1 0 1 0 1 1 0 0
70	2	1 1 1 0 1 1 1 1 1 1 0 1 1 0 0 0 0 1 0 1 1 0 1 0 1 0 0 1 0 1 1 0 1 0 1 0 1 1 0 1 0 0 1 0 0 0 1 0 0 0
70	1	1 1 1 0 1 1 1 1 1 1 0 1 1 0 0 0 0 0 0 1 1 0 1 0 0 0 0 1 0 1 1 0 1 0 1 0 1 1 0 1 0 0 1 0 0 0 1 1 0 0
70	1	1 1 0 0 1 1 1 1 1 1 0 1 1 0 0 0 0 1 0 1 1 0 1 0 0 0 0 1 0 1 1 0 1 0 1 0 1 1 0 1 0 0 1 0 0 0 1 1 0 0
70	28	1 1 1 0 1 1 1 1 1 1 0 1 1 0 0 0 0 1 0 1 1 0 1 0 0 0 0 1 0 1 1 0 1 0 1 0 1 1 0 1 0 0 1 0 0 0 1 1 0 0
70	16	1 1 1 0 1 1 1 1 1 1 0 1 1 0 0 0 0 1 0 1 1 0 1 0 0 0 0 1 0 1 1 0 1 0 1 0 1 1 0 1 0 0 1 0 0 0 1 0 0 0
70	1	1 1 1 0 1 1 1 1 1 1 0 1 1 0 0 0 0 1 0 1 1 0 1 0 0 0 0 1 0 1 1 0 1 0 1 0 1 1 0 1 0 0 0 0 0 0 1 1 0 0
70	3	1 1 1 0 1 1 1 1 1 1 0 1 1 0 0 0 0 1 0 1 1 0 1 0 0 0 0 1 0 1 1 0 1 0 1 0 1 1 0 1 0 0 1 0 0 0 0 1 0 0
70	1	1 0 1 0 1 1 1 1 1 1 0 1 1 0 0 0 0 1 0 1 1 0 1 0 0 0 0 1 0 1 1 0 0 0 1 0 1 1 0 1 0 0 0 0 0 0 1 1 0 0
70	1	1 0 1 0 1 1 1 1 0 1 0 1 1 0 0 0 0 1 0 1 1 0 1 0 0 0 0 1 0 1 1 0 1 0 1 0 1 1 0 1 0 0 0 0 0 0 1 1 0 0
70	1	1 0 1 0 1 1 1 1 1 1 0 1 1 0 0 0 0 1 0 1 1 0 1 0 0 0 0 1 0 1 1 0 1 0 1 0 1 1 0 0 0 0 0 0 0 0 1 1 0 0
70	27	1 0 1 0 1 1 1 1 1 1 0 1 1 0 0 0 0 1 0 1 1 0 1 0 0 0 0 1 0 1 1 0 1 0 1 0 1 1 0 1 0 0 0 0 0 0 1 1 0 0
80	1	1 0 1 0 1 1 1 1 1 1 1 1 1 0 0 0 0 1 0 1 1 0 1 0 0 0 0 1 0 1 1 0 1 0 1 0 1 1 0 1 0 0 1 0 0 0 1 1 0 0
80	21	1 0 1 0 1 1 1 1 1 1 0 1 1 0 0 0 0 1 0 1 1 0 1 0 0 0 0 1 0 1 1 0 1 0 1 0 1 1 0 1 0 0 0 0 0 0 1 1 0 0
80	1	1 0 1 0 1 1 1 1 1 1 0 1 1 0 0 0 0 1 0 1 1 0 1 0 0 0 0 1 0 1 1 0 1 0 1 0 1 1 0 1 0 0 1 0 0 0 1 1 0 0
80	1	1 0 1 0 1 1 1 1 1 1 0 1 1 0 0 0 0 1 0 0 1 0 1 0 0 0 0 1 0 1 1 1 1 0 1 0 1 1 0 1 0 0 1 0 0 0 1 1 0 0
80	3	1 0 1 0 1 1 1 1 1 1 0 1 1 0 0 0 0 1 0 0 1 0 1 0 0 0 0 1 0 1 1 0 1 0 1 0 1 1 0 1 0 0 1 0 0 0 1 1 0 0
80	4	1 0 1 0 1 1 1 1 1 1 0 1 1 0 0 0 0 1 0 1 1 0 1 0 0 0 0 1 0 1 0 0 1 0 1 0 1 1 0 1 0 0 1 0 0 0 1 1 0 0
80	2	1 1 1 0 1 1 1 1 1 1 0 1 1 0 0 0 0 1 0 1 1 0 1 0 0 0 0 1 0 1 1 0 1 0 1 0 1 1 0 1 0 0 1 0 1 0 1 1 0 0
80	2	1 1 1 0 1 1 1 1 1 1 0 1 1 0 0 0 0 1 0 1 1 0 1 0 1 0 0 1 0 1 1 0 1 0 1 0 1 1 0 1 0 0 1 0 0 0 1 0 0 0
80	4	1 1 1 0 1 1 1 1 1 1 0 1 1 0 0 0 0 0 0 1 1 0 1 0 0 0 0 1 0 1 1 0 1 0 1 0 1 1 0 1 0 0 1 0 0 0 1 1 0 0
80	1	1 1 1 0 1 1 1 1 1 1 0 1 1 0 0 0 0 1 0 1 1 0 1 0 1 0 0 1 0 1 1 0 1 0 1 0 1 1 0 1 0 0 1 0 0 0 1 1 0 0
80	16	1 1 1 0 1 1 1 1 1 1 0 1 1 0 0 0 0 1 0 1 1 0 1 0 0 0 0 1 0 1 1 0 1 0 1 0 1 1 0 1 0 0 1 0 0 0 1 1 0 0
80	24	1 1 1 0 1 1 1 1 1 1 0 1 1 0 0 0 0 1 0 1 1 0 1 0 0 0 0 1 0 1 1 0 1 0 1 0 1 1 0 1 0 0 1 0 0 0 1 0 0 0
80	3	1 1 1 0 1 1 1 1 1 1 0 1 1 0 0 0 0 1 0 1 1 0 1 0 0 0 0 1 0 1 1 0 1 0 1 0 1 1 0 1 0 0 0 0 0 0 1 1 0 0
80	11	1 1 1 0 1 1 1 1 1 1 0 1 1 0 0 0 0 1 0 1 1 0 1 0 0 0 0 1 0 1 1 0 1 0 1 0 1 1 0 1 0 0 1 0 0 0 0 1 0 0
80	1	1 0 1 0 1 1 1 1 1 1 0 1 1 0 0 0 0 1 0 1 1 0 1 0 0 0 0 1 0 1 1 0 1 0 1 0 1 1 0 0 0 0 0 0 0 0 1 1 0 0
80	4	1 0 1 0 1 1 1 1 1 1 0 1 1 0 0 0 0 0 0 1 1 0 1 0 0 0 0 1 0 1 1 0 1 0 1 0 1 1 0 1 0 0 0 0 0 0 1 1 0 0
80	1	1 0 1 0 1 1 1 1 1 1 0 1 1 0 0 0 0 1 0 1 1 0 1 1 0 0 0 1 0 1 1 0 1 0 1 0 1 1 0 1 0 0 0 0 0 0 1 1 0 0
90	14	1 0 1 0 1 1 1 1 1 1 0 1 1 0 0 0 0 1 0 1 1 0 1 0 0 0 0 1 0 1 1 0 1 0 1 0 1 1 0 1 0 0 0 0 0 0 1 1 0 0
90	2	1 0 1 0 1 1 1 1 1 1 0 1 1 0 0 0 0 1 0 1 1 0 1 0 0 0 0 1 0 1 1 0 1 0 1 0 1 1 0 1 0 0 1 0 0 0 1 1 0 0
90	1	1 0 1 0 1 1 1 1 1 1 0 1 1 0 0 0 0 1 0 0 1 0 1 0 0 0 0 1 0 1 1 0 1 0 1 0 1 1 0 1 0 0 1 0 0 0 1 1 0 0
90	5	1 0 1 0 1 1 1 1 1 1 0 1 1 0 0 0 0 1 0 1 1 0 1 0 0 0 0 1 0 1 0 0 1 0 1 0 1 1 0 1 0 0 1 0 0 0 1 1 0 0
90	1	1 1 1 0 1 1 1 1 1 1 0 1 1 0 0 0 0 1 0 1 1 0 1 0 0 0 0 1 0 1 1 0 1 0 1 0 1 1 0 1 0 0 1 0 1 0 1 1 0 0
90	1	1 1 1 0 1 1 1 1 1 1 0 1 1 0 0 0 0 1 0 1 1 0 1 0 1 0 0 1 0 1 1 0 1 0 1 0 1 1 0 1 0 0 1 0 0 0 1 0 0 0
90	3	1 1 1 0 1 1 1 1 1 1 0 1 1 0 0 0 0 0 0 1 1 0 1 0 0 0 0 1 0 1 1 0 1 0 1 0 1 1 0 1 0 0 1 0 0 0 1 1 0 0
90	6	1 1 1 0 1 1 1 1 1 1 0 1 1 0 0 0 0 1 0 1 1 0 1 0 0 0 0 1 0 1 1 0 1 0 0 0 1 1 0 1 0 0 1 0 0 0 1 1 0 0
90	14	1 1 1 0 1 1 1 1 1 1 0 1 1 0 0 0 0 1 0 1 1 0 1 0 0 0 0 1 0 1 1 0 1 0 1 0 1 1 0 1 0 0 1 0 0 0 1 1 0 0
90	3	1 1 1 0 1 1 1 1 1 1 1 1 1 0 0 0 0 1 0 1 1 0 1 0 0 0 0 1 0 1 1 0 1 0 1 0 1 1 0 1 0 0 1 0 0 0 1 0 0 0
90	1	1 1 1 0 1 1 1 1 1 1 0 1 1 0 0 0 0 1 0 1 1 0 1 0 0 0 0 1 0 0 1 0 1 0 1 0 1 1 0 1 0 0 1 0 0 0 1 0 0 0
90	32	1 1 1 0 1 1 1 1 1 1 0 1 1 0 0 0 0 1 0 1 1 0 1 0 0 0 0 1 0 1 1 0 1 0 1 0 1 1 0 1 0 0 1 0 0 0 1 0 0 0
90	3	1 1 1 0 1 1 1 1 1 1 0 1 1 0 0 0 0 1 0 1 1 0 1 0 0 0 0 1 0 1 1 0 1 0 1 0 1 1 0 1 0 0 0 0 0 0 1 1 0 0
90	8	1 1 1 0 1 1 1 1 1 1 0 1 1 0 0 0 0 1 0 1 1 0 1 0 0 0 0 1 0 1 1 0 1 0 1 0 1 1 0 1 0 0 1 0 0 0 0 1 0 0
90	1	1 0 1 0 0 1 1 1 1 1 0 1 1 0 0 0 0 1 0 1 1 0 1 0 0 0 0 1 0 1 1 0 1 0 1 0 1 1 0 0 0 0 0 0 0 0 1 1 0 0
90	5	1 0 1 0 1 1 1 1 1 1 0 1 1 0 0 0 0 1 0 1 1 0 1 0 0 0 0 1 0 1 1 0 1 0 1 0 1 1 0 0 0 0 0 0 0 0 1 1 0 0
100	3	1 0 1 1 1 1 1 1 1 1 0 1 1 0 0 0 0 1 0 1 1 0 1 0 0 0 0 1 0 1 1 0 1 0 1 0 1 1 0 1 0 0 0 0 0 0 1 1 0 0
100	6	1 1 1 0 1 1 1 1 1 1 0 1 1 0 0 0 0 1 0 1 1 0 1 0 0 0 0 1 0 1 1 0 1 0 1 0 1 1 0 1 0 0 0 0 0 0 1 1 0 0
100	3	1 0 1 0 1 1 1 1 1 1 0 1 1 0 0 0 0 1 0 1 1 0 1 0 0 0 0 1 0 1 1 0 1 0 1 1 1 1 0 1 0 0 0 0 0 0 1 1 0 0
100	2	1 0 1 0 1 1 1 1 1 1 0 1 1 0 0 0 0 1 0 1 1 0 1 0 0 0 0 1 0 1 1 0 1 0 1 0 1 1 0 0 0 0 0 0 0 0 1 1 0 0
100	1	1 0 1 0 1 1 1 1 1 1 0 1 1 0 0 0 0 1 0 1 1 0 1 0 0 0 0 1 0 1 0 0 1 0 1 0 1 1 0 1 0 0 0 0 0 0 1 1 0 0
100	7	1 0 1 0 1 1 1 1 1 1 0 1 1 0 0 0 0 1 0 1 1 0 1 0 0 0 0 1 0 1 1 0 1 0 1 0 1 1 0 1 0 0 0 0 0 0 1 1 0 0
100	3	1 0 1 0 1 1 1 1 1 1 0 1 1 0 0 0 0 1 0 0 1 0 1 0 0 0 0 1 0 1 1 0 1 0 1 0 1 1 0 1 0 0 1 0 0 0 1 1 0 0
100	3	1 1 1 0 1 1 1 1 1 1 0 1 1 0 0 0 0 1 0 1 1 0 1 0 1 0 0 1 0 1 1 0 1 0 1 0 1 1 0 1 0 0 1 0 0 0 1 0 0 0
100	1	1 1 1 0 1 1 1 1 1 1 0 1 1 0 0 0 0 0 0 1 1 0 1 0 0 0 0 1 0 1 1 0 1 0 1 0 1 1 0 1 0 0 1 0 0 0 1 1 0 0
100	28	1 1 1 0 1 1 1 1 1 1 0 1 1 0 0 0 0 1 0 1 1 0 1 0 0 0 0 1 0 1 1 0 1 0 1 0 1 1 0 1 0 0 1 0 0 0 1 0 0 0
100	13	1 1 1 0 1 1 1 1 1 1 0 1 1 0 0 0 0 1 0 1 1 0 1 0 0 0 0 1 0 1 1 0 1 0 1 0 1 1 0 1 0 0 1 0 0 0 1 1 0 0
100	3	1 1 1 0 1 1 1 1 1 1 1 1 1 0 0 0 0 1 0 1 1 0 1 0 0 0 0 1 0 1 1 0 1 0 1 0 1 1 0 1 0 0 1 0 0 0 1 0 0 0
100	2	1 1 1 0 1 1 1 1 1 1 0 1 1 0 0 0 0 1 0 1 1 0 1 0 0 0 0 1 0 1 1 0 1 0 1 0 1 1 0 1 0 0 0 0 0 0 1 0 0 0
100	25	1 1 1 0 1 1 1 1 1 1 0 1 1 0 0 0 0 1 0 1 1 0 1 0 0 0 0 1 0 1 1 0 1 0 1 0 1 1 0 1 0 0 1 0 0 0 0 1 0 0
110	8	1 1 1 0 1 1 1 1 1 1 0 1 1 0 0 0 0 1 0 1 1 0 1 0 0 0 0 1 0 1 1 0 1 0 1 0 1 1 0 1 0 0 0 0 0 0 1 1 0 0
110	1	1 0 1 0 1 1 1 1 1 1 0 1 1 0 0 0 0 1 0 1 1 0 1 0 0 0 0 1 0 1 1 0 1 0 1 1 1 1 0 1 0 0 0 0 0 0 1 1 0 0
110	1	1 0 1 0 1 1 1 1 1 1 0 1 1 0 0 0 0 1 0 1 1 0 1 0 0 0 0 1 0 1 1 0 1 0 1 0 1 1 0 0 0 0 0 0 0 0 1 1 0 0
110	11	1 0 1 0 1 1 1 1 1 1 0 1 1 0 0 0 0 1 0 1 1 0 1 0 0 0 0 1 0 1 1 0 1 0 1 0 1 1 0 1 0 0 0 0 0 0 1 1 0 0
110	1	1 1 1 0 1 1 1 0 1 1 0 1 1 0 0 0 0 1 0 1 1 0 1 0 1 0 0 1 0 1 1 0 1 0 1 0 1 1 0 1 0 0 1 0 0 0 1 0 0 0
110	8	1 1 1 0 1 1 1 1 1 1 0 1 1 0 0 0 0 1 0 1 1 0 1 0 1 0 0 1 0 1 1 0 1 0 1 0 1 1 0 1 0 0 1 0 0 0 1 0 0 0
110	1	1 1 1 0 1 1 1 1 1 1 0 1 1 0 0 0 0 0 0 1 1 0 1 0 0 0 0 1 0 1 1 0 1 0 1 0 1 1 0 1 0 0 1 0 0 0 1 1 0 0
110	30	1 1 1 0 1 1 1 1 1 1 0 1 1 0 0 0 0 1 0 1 1 0 1 0 0 0 0 1 0 1 1 0 1 0 1 0 1 1 0 1 0 0 1 0 0 0 1 0 0 0
110	8	1 1 1 0 1 1 1 1 1 1 0 1 1 0 0 0 0 1 0 1 1 0 1 0 0 0 0 1 0 1 1 0 1 0 1 0 1 1 0 1 0 0 1 0 0 0 1 1 0 0
110	6	1 1 1 0 1 1 1 1 1 1 1 1 1 0 0 0 0 1 0 1 1 0 1 0 0 0 0 1 0 1 1 0 1 0 1 0 1 1 0 1 0 0 1 0 0 0 1 0 0 0
110	1	1 1 1 0 1 1 1 1 1 1 0 1 1 0 0 0 0 1 0 1 1 0 1 0 0 0 0 1 0 1 1 0 1 0 1 0 1 0 0 1 0 0 1 0 0 0 0 1 0 0
110	1	1 1 1 0 0 1 1 1 1 1 0 1 1 0 0 0 0 1 0 1 1 0 1 0 0 0 0 1 0 1 1 0 1 0 1 0 1 1 0 1 0 0 1 0 0 0 0 1 0 0
110	23	1 1 1 0 1 1 1 1 1 1 0 1 1 0 0 0 0 1 0 1 1 0 1 0 0 0 0 1 0 1 1 0 1 0 1 0 1 1 0 1 0 0 1 0 0 0 0 1 0 0
120	9	1 1 1 0 1 1 1 1 1 1 0 1 1 0 0 0 0 1 0 1 1 0 1 0 0 0 0 1 0 1 1 0 1 0 1 0 1 1 0 1 0 0 0 0 0 0 1 1 0 0
120	11	1 0 1 0 1 1 1 1 1 1 0 1 1 0 0 0 0 1 0 1 1 0 1 0 0 0 0 1 0 1 1 0 1 0 1 0 1 1 0 1 0 0 0 0 0 0 1 1 0 0
120	2	1 1 1 0 1 1 1 0 1 1 0 1 1 0 0 0 0 1 0 1 1 0 1 0 1 0 0 1 0 1 1 0 1 0 1 0 1 1 0 1 0 0 1 0 0 0 1 0 0 0
120	5	1 1 1 0 1 1 1 1 1 1 0 1 1 0 0 0 0 1 0 1 1 0 1 0 1 0 0 1 0 1 1 0 1 0 1 0 1 1 0 1 0 0 1 0 0 0 1 0 0 0
120	1	0 1 1 0 1 1 1 1 1 1 0 1 1 0 0 0 0 1 0 1 1 0 1 0 0 0 0 1 0 1 1 0 1 0 1 0 1 1 0 1 0 0 1 0 0 0 1 0 0 0
120	1	1 1 1 0 1 1 1 1 1 1 0 1 1 0 0 0 0 1 0 1 1 0 1 0 0 0 0 1 0 1 1 0 1 0 1 0 1 1 0 1 0 0 0 0 0 0 1 0 0 0
120	3	1 1 1 0 1 1 1 1 1 1 0 1 1 0 0 1 0 1 0 1 1 0 1 0 0 0 0 1 0 1 1 0 1 0 1 0 1 1 0 1 0 0 1 0 0 0 1 0 0 0
120	30	1 1 1 0 1 1 1 1 1 1 0 1 1 0 0 0 0 1 0 1 1 0 1 0 0 0 0 1 0 1 1 0 1 0 1 0 1 1 0 1 0 0 1 0 0 0 1 0 0 0
120	7	1 1 1 0 1 1 1 1 1 1 1 1 1 0 0 0 0 1 0 1 1 0 1 0 0 0 0 1 0 1 1 0 1 0 1 0 1 1 0 1 0 0 1 0 0 0 1 0 0 0
120	2	1 1 1 0 1 1 1 1 1 1 0 1 1 0 0 0 0 1 0 1 1 0 1 0 0 0 0 1 0 0 1 0 1 0 1 0 1 1 0 1 0 0 1 0 0 0 1 0 0 0
120	1	1 1 1 0 1 1 1 1 1 1 0 1 1 0 0 0 0 1 0 1 1 0 1 0 0 0 0 1 0 1 1 0 1 0 1 0 1 0 0 1 0 0 1 0 0 0 0 1 0 0
120	1	1 1 1 0 0 1 1 1 1 1 0 1 1 0 0 0 0 1 0 1 1 0 1 0 0 0 0 1 0 1 1 0 1 0 1 0 1 1 0 1 0 0 1 0 0 0 0 1 0 0
120	1	1 1 1 0 1 1 1 1 1 1 0 1 1 0 0 0 0 1 0 1 1 0 1 0 0 0 0 1 0 1 1 0 1 0 1 0 1 1 0 1 0 0 1 0 1 0 0 1 0 0
120	1	1 1 1 0 1 1 1 1 1 1 0 1 1 0 0 0 0 1 0 1 1 0 1 0 0 1 0 1 0 1 1 0 1 0 1 0 1 1 0 1 0 0 1 0 0 0 0 1 0 0
120	25	1 1 1 0 1 1 1 1 1 1 0 1 1 0 0 0 0 1 0 1 1 0 1 0 0 0 0 1 0 1 1 0 1 0 1 0 1 1 0 1 0 0 1 0 0 0 0 1 0 0
130	4	1 1 1 0 1 1 1 1 1 1 0 1 1 0 0 0 0 1 0 1 1 0 1 0 0 0 0 1 0 1 1 0 1 0 1 0 1 1 0 1 0 0 0 0 0 0 1 1 0 0
130	2	1 0 1 0 1 1 1 1 1 1 0 1 1 0 0 0 1 1 0 1 1 0 1 0 0 0 0 1 0 1 1 0 1 0 1 0 1 1 0 1 0 0 0 0 0 0 1 1 0 0
130	1	1 0 1 0 1 1 1 1 1 1 0 1 1 0 0 0 0 1 0 1 1 0 1 0 0 0 0 1 0 1 1 0 1 0 1 0 1 1 0 1 0 0 0 0 0 0 1 1 0 0
130	3	1 1 1 0 1 1 1 0 1 1 0 1 1 0 0 0 0 1 0 1 1 0 1 0 1 0 0 1 0 1 1 0 1 0 1 0 1 1 0 1 0 0 1 0 0 0 1 0 0 0
130	6	1 1 1 0 1 1 1 1 1 1 0 1 1 0 0 0 0 1 0 1 1 0 1 0 1 0 0 1 0 1 1 0 1 0 1 0 1 1 0 1 0 0 1 0 0 0 1 0 0 0
130	1	1 1 1 0 1 1 1 1 1 1 0 1 1 0 0 0 0 1 0 1 1 0 1 0 0 0 0 1 0 1 1 0 1 1 1 0 1 1 0 1 0 0 1 0 0 0 0 1 0 0
130	33	1 1 1 0 1 1 1 1 1 1 0 1 1 0 0 0 0 1 0 1 1 0 1 0 0 0 0 1 0 1 1 0 1 0 1 0 1 1 0 1 0 0 1 0 0 0 0 1 0 0
130	2	1 1 1 0 1 1 1 1 1 1 0 1 1 0 0 0 0 1 0 1 1 0 1 0 0 0 0 1 0 1 1 0 1 0 1 0 1 1 0 1 0 0 1 0 0 0 1 1 0 0
130	37	1 1 1 0 1 1 1 1 1 1 0 1 1 0 0 0 0 1 0 1 1 0 1 0 0 0 0 1 0 1 1 0 1 0 1 0 1 1 0 1 0 0 1 0 0 0 1 0 0 0
130	1	1 1 1 0 0 1 1 1 1 1 1 1 1 0 0 0 0 1 0 1 1 0 1 0 0 0 0 1 0 1 1 0 1 0 1 0 1 1 0 1 0 0 1 0 0 0 1 0 0 0
130	6	1 1 1 0 1 1 1 1 1 1 1 1 1 0 0 0 0 1 0 1 1 0 1 0 0 0 0 1 0 1 1 0 1 0 1 0 1 1 0 1 0 0 1 0 0 0 1 0 0 0
130	3	1 1 1 0 1 1 1 1 1 1 0 1 1 0 0 0 0 1 0 1 1 0 1 0 0 0 0 1 0 0 1 0 1 0 1 0 1 1 0 1 0 0 1 0 0 0 1 0 0 0
130	1	1 1 1 0 1 1 1 1 1 1 0 0 1 0 0 0 0 1 0 1 1 0 1 0 0 0 0 1 0 1 1 0 1 0 1 0 1 1 0 1 0 0 1 0 0 0 0 1 0 0
140	3	1 1 1 0 1 1 1 1 1 1 0 1 1 0 0 0 0 1 0 1 1 0 1 0 0 0 0 1 0 1 1 0 1 0 1 0 1 1 0 1 0 0 0 0 0 0 1 1 0 0
140	1	1 1 1 0 1 1 1 0 1 1 0 1 1 0 0 0 1 1 0 1 1 0 1 0 1 0 0 1 0 1 1 0 1 0 1 0 1 1 0 1 0 0 1 0 0 0 1 0 0 0
140	1	1 1 1 0 1 1 1 0 1 1 0 1 1 0 0 0 0 1 0 1 1 0 1 0 1 0 0 1 0 1 1 0 1 0 1 0 1 1 0 1 0 0 1 0 0 0 1 0 0 0
140	1	1 1 1 0 1 1 1 1 1 1 0 1 1 0 0 0 0 1 0 1 1 0 1 0 1 0 0 1 0 1 1 0 1 0 1 0 1 1 0 1 0 0 1 0 0 0 1 0 0 0
140	34	1 1 1 0 1 1 1 1 1 1 0 1 1 0 0 0 0 1 0 1 1 0 1 0 0 0 0 1 0 1 1 0 1 0 1 0 1 1 0 1 0 0 1 0 0 0 0 1 0 0
140	2	1 1 1 0 1 1 1 1 1 1 0 1 1 0 0 0 0 1 0 1 1 0 1 0 0 0 0 1 0 1 1 0 1 0 1 0 1 1 0 1 0 0 1 0 0 0 1 1 0 0
140	1	1 1 1 0 1 1 1 1 1 1 0 1 1 0 0 0 0 1 0 1 1 0 1 0 0 0 0 1 0 0 1 0 1 0 1 0 1 1 0 1 0 0 1 0 0 0 1 0 0 0
140	2	1 1 1 0 1 1 1 1 1 1 0 1 1 0 0 0 0 1 0 1 1 0 1 1 0 0 0 1 0 1 1 0 1 0 1 0 1 1 0 1 0 0 1 0 0 0 1 0 0 0
140	1	1 1 1 0 1 1 1 1 1 1 0 1 1 0 0 0 0 1 0 0 1 0 1 0 0 0 0 1 0 1 1 0 1 0 1 0 1 1 0 1 0 0 1 0 0 0 1 0 0 0
140	1	1 1 1 0 1 1 1 1 1 1 0 1 1 0 0 0 0 1 0 1 1 0 1 0 0 0 0 1 0 1 1 0 1 0 0 0 1 1 0 1 0 0 1 0 0 0 1 0 0 0
140	52	1 1 1 0 1 1 1 1 1 1 0 1 1 0 0 0 0 1 0 1 1 0 1 0 0 0 0 1 0 1 1 0 1 0 1 0 1 1 0 1 0 0 1 0 0 0 1 0 0 0
140	1	1 1 1 0 1 1 1 1 1 1 0 0 1 0 0 0 0 1 0 1 1 0 1 0 0 0 0 1 0 1 1 0 1 0 1 0 1 1 0 1 0 0 1 0 0 0 0 1 0 0
150	2	1 1 1 0 1 1 1 0 1 1 0 1 1 0 0 0 0 1 0 1 1 0 1 0 1 0 0 1 0 1 1 0 1 0 1 0 1 1 0 1 0 0 1 0 0 0 1 0 0 0
150	2	1 1 1 0 1 1 1 1 1 1 0 1 1 0 0 0 0 1 0 1 1 0 1 0 1 0 0 1 0 1 1 0 1 0 1 0 1 1 0 1 0 0 1 0 0 0 1 0 0 0
150	4	1 1 1 0 1 1 1 1 1 1 0 1 1 0 0 0 0 1 0 1 1 0 1 0 0 1 0 1 0 1 1 0 1 0 1 0 1 1 0 1 0 0 1 0 0 0 0 1 0 0
150	1	1 1 1 0 1 1 1 1 1 1 0 1 1 0 0 0 0 1 0 1 1 1 1 0 0 0 0 1 0 1 1 0 1 0 1 0 1 1 0 1 0 0 1 0 0 0 0 1 0 0
150	23	1 1 1 0 1 1 1 1 1 1 0 1 1 0 0 0 0 1 0 1 1 0 1 0 0 0 0 1 0 1 1 0 1 0 1 0 1 1 0 1 0 0 1 0 0 0 0 1 0 0
150	1	1 1 1 0 1 1 1 1 1 1 0 1 1 0 0 0 0 1 0 1 1 0 1 0 0 0 0 1 0 0 1 0 1 0 1 0 1 1 0 1 0 0 1 0 0 0 1 0 0 0
150	1	1 1 1 0 1 1 1 1 1 1 0 1 1 0 0 0 1 1 0 1 1 0 1 0 0 0 0 1 0 1 1 0 1 0 1 0 1 1 0 1 0 0 1 0 0 0 1 0 0 0
150	1	1 1 1 0 1 1 1 1 1 1 0 1 1 0 0 0 0 1 0 1 1 0 1 0 0 0 0 0 0 1 1 0 1 0 1 0 1 1 0 1 0 0 1 0 0 0 1 0 0 0
150	58	1 1 1 0 1 1 1 1 1 1 0 1 1 0 0 0 0 1 0 1 1 0 1 0 0 0 0 1 0 1 1 0 1 0 1 0 1 1 0 1 0 0 1 0 0 0 1 0 0 0
150	7	1 1 1 0 1 1 1 1 1 1 1 1 1 0 0 0 0 1 0 1 1 0 1 0 0 0 0 1 0 1 1 0 1 0 1 0 1 1 0 1 0 0 1 0 0 0 1 0 0 0
160	4	1 1 1 0 1 1 1 0 1 1 0 1 1 0 0 0 0 1 0 1 1 0 1 0 1 0 0 1 0 1 1 0 1 0 1 0 1 1 0 1 0 0 1 0 0 0 1 0 0 0
160	2	1 1 1 0 1 1 1 1 1 1 0 1 1 0 0 0 0 1 0 1 1 0 1 0 1 0 0 1 0 1 1 0 1 0 1 0 1 1 0 1 0 0 1 0 0 0 1 0 0 0
160	9	1 1 1 0 1 1 1 1 1 1 0 1 1 0 0 0 0 1 0 1 1 0 1 0 0 1 0 1 0 1 1 0 1 0 1 0 1 1 0 1 0 0 1 0 0 0 0 1 0 0
160	2	1 1 1 0 1 1 1 1 1 1 0 1 1 0 0 0 0 1 0 1 1 0 1 0 0 0 0 1 0 1 1 0 1 0 1 0 1 1 0 1 0 0 1 0 0 0 1 1 0 0
160	1	1 1 1 0 1 1 1 1 1 1 0 1 1 0 0 0 0 1 0 1 1 0 1 0 0 0 0 1 0 1 1 0 1 0 1 0 1 1 0 1 0 0 1 0 0 1 0 1 0 0
160	1	1 1 1 0 1 1 1 1 1 1 0 1 1 0 0 0 0 1 0 1 1 0 1 0 0 0 0 1 0 1 0 0 1 0 1 0 1 1 0 1 0 0 1 0 0 0 0 1 0 0
160	13	1 1 1 0 1 1 1 1 1 1 0 1 1 0 0 0 0 1 0 1 1 0 1 0 0 0 0 1 0 1 1 0 1 0 1 0 1 1 0 1 0 0 1 0 0 0 0 1 0 0
160	2	1 0 1 0 1 1 1 1 1 1 0 1 1 0 0 0 0 1 0 1 1 0 1 0 0 0 0 1 0 1 1 0 1 0 1 0 1 1 0 1 0 0 1 0 0 0 1 0 0 0
160	2	1 1 1 0 1 1 1 1 1 1 0 1 1 0 0 0 0 1 0 1 1 0 1 0 0 0 0 1 0 0 1 0 1 0 1 0 1 1 0 1 0 0 1 0 0 0 1 0 0 0
160	5	1 1 1 0 1 1 1 1 1 1 0 1 1 0 0 0 0 1 0 1 1 0 1 0 0 1 0 1 0 1 1 0 1 0 1 0 1 1 0 1 0 0 1 0 0 0 1 0 0 0
160	1	1 1 1 0 1 1 1 1 1 1 0 1 1 0 0 0 0 1 0 1 0 0 1 0 0 0 0 1 0 1 1 0 1 0 1 0 1 1 0 1 0 0 1 0 0 0 1 0 0 0
160	1	1 1 1 0 1 1 1 1 1 1 0 1 1 0 0 0 0 1 0 0 1 0 1 0 0 0 0 1 0 1 1 0 1 0 1 0 1 1 0 1 0 0 1 0 0 0 1 0 0 0
160	51	1 1 1 0 1 1 1 1 1 1 0 1 1 0 0 0 0 1 0 1 1 0 1 0 0 0 0 1 0 1 1 0 1 0 1 0 1 1 0 1 0 0 1 0 0 0 1 0 0 0
160	5	1 1 1 0 1 1 1 1 1 1 1 1 1 0 0 0 0 1 0 1 1 0 1 0 0 0 0 1 0 1 1 0 1 0 1 0 1 1 0 1 0 0 1 0 0 0 1 0 0 0
160	1	1 1 1 0 1 1 1 1 1 1 0 0 1 0 0 0 0 1 0 1 1 0 1 0 0 0 0 1 0 1 1 0 1 0 1 0 1 1 0 1 0 0 1 0 0 0 0 1 0 0
170	3	1 1 1 0 1 1 1 1 1 1 0 1 1 0 0 0 0 1 0 1 1 0 1 0 1 0 0 1 0 1 1 0 1 0 1 0 1 1 0 1 0 0 1 0 0 0 1 0 0 0
170	1	1 1 1 0 1 1 1 1 1 1 0 1 1 0 0 0 0 1 0 1 1 0 1 0 0 1 0 1 0 1 1 0 1 0 0 0 1 1 0 1 0 0 1 0 0 0 0 1 0 0
170	3	1 1 1 0 1 1 1 1 1 1 0 1 1 0 0 0 0 1 0 1 1 0 1 0 0 1 0 1 0 1 1 0 1 0 1 0 1 1 0 1 0 0 1 0 0 0 0 1 0 0
170	3	1 1 1 0 1 1 1 1 1 1 0 1 1 0 0 0 0 1 0 1 1 0 1 0 0 0 0 1 0 1 1 0 1 0 1 0 1 1 0 1 0 1 1 0 0 0 0 1 0 0
170	1	1 1 1 0 1 1 1 1 1 1 0 1 1 0 0 0 0 1 0 1 0 0 1 0 0 0 0 1 0 1 1 0 1 0 1 0 1 1 0 1 0 0 1 0 0 0 0 1 0 0
170	1	1 1 1 0 1 1 1 1 1 1 0 1 0 0 0 0 0 1 0 1 1 0 1 0 0 0 0 1 0 1 1 0 1 0 1 0 1 1 0 1 0 0 1 0 0 0 0 1 0 0
170	24	1 1 1 0 1 1 1 1 1 1 0 1 1 0 0 0 0 1 0 1 1 0 1 0 0 0 0 1 0 1 1 0 1 0 1 0 1 1 0 1 0 0 1 0 0 0 0 1 0 0
170	2	1 1 1 0 1 1 1 1 1 1 0 1 1 0 0 0 0 1 0 1 1 0 1 0 0 0 0 1 0 0 1 0 1 0 1 0 1 1 0 1 0 0 1 0 0 0 1 0 0 0
170	2	1 1 1 0 1 1 1 1 1 1 0 1 1 0 0 0 1 1 0 1 1 0 1 0 0 0 0 1 0 1 1 0 1 0 1 0 1 1 0 1 0 0 1 0 0 0 1 0 0 0
170	3	1 1 1 0 1 1 1 1 1 1 0 1 1 0 0 0 0 1 0 1 1 0 1 0 0 1 0 1 0 1 1 0 1 0 1 0 1 1 0 1 0 0 1 0 0 0 1 0 0 0
170	1	1 1 1 0 1 1 1 1 1 1 0 1 1 0 0 0 0 1 0 1 0 0 1 0 0 0 0 1 0 1 1 0 1 0 1 0 1 1 0 1 0 0 1 0 0 0 1 0 0 0
170	1	1 1 1 0 1 1 1 1 1 1 0 1 0 0 0 0 0 1 0 1 1 0 1 0 0 0 0 1 0 1 1 0 1 0 1 0 1 1 0 1 0 0 1 0 0 0 1 0 0 0
170	1	1 1 1 0 1 1 1 1 0 1 0 1 1 0 0 0 0 1 0 1 1 0 1 0 0 0 0 1 0 1 1 0 1 0 1 0 1 1 0 1 0 0 1 0 0 0 1 0 0 0
170	1	1 1 1 0 1 1 1 1 1 1 0 1 1 1 0 0 0 1 0 1 1 0 1 0 0 0 0 1 0 1 1 0 1 0 1 0 1 1 0 1 0 0 1 0 0 0 1 0 0 0
170	41	1 1 1 0 1 1 1 1 1 1 0 1 1 0 0 0 0 1 0 1 1 0 1 0 0 0 0 1 0 1 1 0 1 0 1 0 1 1 0 1 0 0 1 0 0 0 1 0 0 0
170	1	1 1 1 1 1 1 1 1 1 1 0 1 1 0 0 0 0 1 0 1 1 0 1 0 0 0 0 1 0 1 1 0 1 0 1 0 1 1 0 1 0 0 1 0 0 0 1 0 0 0
170	11	1 1 1 0 1 1 1 1 1 1 1 1 1 0 0 0 0 1 0 1 1 0 1 0 0 0 0 1 0 1 1 0 1 0 1 0 1 1 0 1 0 0 1 0 0 0 1 0 0 0
180	3	1 1 1 0 1 1 1 1 1 1 0 1 1 0 0 0 0 1 0 1 1 0 1 0 1 0 0 1 0 1 1 0 1 0 1 0 1 1 0 1 0 0 1 0 0 0 1 0 0 0
180	4	1 1 1 0 1 1 1 1 1 1 0 1 1 0 0 0 0 1 0 1 1 0 1 0 0 1 0 1 0 1 1 0 1 0 1 0 1 1 0 1 0 0 1 0 0 0 0 1 0 0
180	2	1 1 1 0 1 1 1 1 1 1 0 1 1 0 0 0 0 1 0 1 1 0 1 0 0 0 0 1 0 1 1 0 1 0 1 0 1 1 0 1 0 1 1 0 0 0 0 1 0 0
180	1	1 1 1 0 1 1 1 1 1 1 0 1 1 0 0 0 0 1 0 1 0 0 1 0 0 0 0 1 0 1 1 0 1 0 1 0 1 1 0 1 0 0 1 0 0 0 0 1 0 0
180	2	1 1 1 0 1 1 1 1 1 1 0 1 0 0 0 0 0 1 0 1 1 0 1 0 0 0 0 1 0 1 1 0 1 0 1 0 1 1 0 1 0 0 1 0 0 0 0 1 0 0
180	1	1 1 1 0 1 1 1 1 1 1 0 1 1 0 0 0 0 1 0 1 1 0 1 0 0 0 0 1 0 1 1 0 1 0 0 0 1 1 0 1 0 0 1 0 0 0 0 1 0 0
180	1	1 1 1 0 1 1 1 1 1 1 0 1 1 0 0 0 0 1 0 1 1 0 1 0 0 0 0 1 0 1 1 0 1 0 1 0 1 1 0 0 0 0 1 0 0 0 0 1 0 0
180	28	1 1 1 0 1 1 1 1 1 1 0 1 1 0 0 0 0 1 0 1 1 0 1 0 0 0 0 1 0 1 1 0 1 0 1 0 1 1 0 1 0 0 1 0 0 0 0 1 0 0
180	1	1 1 1 0 1 1 1 1 1 1 0 1 1 0 0 0 0 1 0 1 1 0 1 0 0 0 0 1 0 0 1 0 1 0 1 0 1 1 0 1 0 0 1 0 0 0 1 0 0 0
180	1	1 1 1 0 1 1 1 1 1 1 0 1 1 0 0 0 0 1 0 1 1 0 1 0 0 1 1 1 0 1 1 0 1 0 1 0 1 1 0 1 0 0 1 0 0 0 1 0 0 0
180	3	1 1 1 0 1 1 1 1 1 1 0 1 1 0 0 0 0 1 0 1 1 0 1 0 0 1 0 1 0 1 1 0 1 0 1 0 1 1 0 1 0 0 1 0 0 0 1 0 0 0
180	1	1 1 1 0 1 1 1 1 1 1 0 0 1 0 0 0 0 1 0 1 1 0 1 0 0 0 0 1 0 1 1 0 1 0 1 0 1 1 0 1 0 0 1 0 0 0 1 0 0 0
180	1	1 1 1 0 1 1 1 1 1 1 0 1 1 0 0 0 0 1 0 1 1 0 1 0 0 0 0 0 0 1 1 0 1 0 1 0 1 1 0 1 0 0 1 0 0 0 1 0 0 0
180	4	1 1 1 0 1 1 1 1 1 1 1 1 1 0 0 0 0 1 0 1 1 0 1 0 0 0 0 1 0 1 1 0 1 0 1 0 1 1 0 1 0 0 1 0 0 0 1 0 0 0
180	1	1 1 1 0 1 1 1 1 1 1 0 1 1 0 0 0 0 1 0 1 1 0 1 0 0 0 1 1 0 1 1 0 1 0 1 0 1 1 0 1 0 0 1 0 0 0 1 0 0 0
180	1	1 1 1 0 1 1 1 1 1 1 0 1 1 0 0 0 0 1 0 1 1 0 1 0 0 0 0 1 0 1 1 0 1 0 1 0 0 1 0 1 0 0 1 0 0 0 1 0 0 0
180	44	1 1 1 0 1 1 1 1 1 1 0 1 1 0 0 0 0 1 0 1 1 0 1 0 0 0 0 1 0 1 1 0 1 0 1 0 1 1 0 1 0 0 1 0 0 0 1 0 0 0
180	1	1 1 1 1 1 1 1 1 1 1 0 1 1 0 0 0 0 1 0 1 1 0 1 0 0 0 0 1 0 1 1 0 1 0 1 0 1 1 0 1 0 0 1 0 0 0 1 0 0 0
190	3	1 1 1 0 1 1 1 1 1 1 0 1 1 0 0 0 0 1 0 1 1 0 1 0 1 0 0 1 0 1 1 0 1 0 1 0 1 1 0 1 0 0 1 0 0 0 1 0 0 0
190	2	1 1 1 0 1 1 1 1 1 1 0 1 1 0 0 0 0 1 0 1 1 0 1 0 0 1 0 1 0 1 1 0 1 0 1 0 1 1 0 1 0 0 1 0 0 0 0 1 0 0
190	1	1 1 1 0 1 1 1 1 1 1 0 1 1 0 0 0 0 1 0 1 1 0 1 0 0 0 0 1 0 1 1 0 1 0 1 0 1 1 0 1 0 1 1 0 0 0 0 1 0 0
190	2	1 1 1 0 1 1 1 1 1 1 0 1 1 0 0 0 0 1 0 1 1 0 1 0 0 0 0 1 0 1 1 0 1 0 0 0 1 1 0 1 0 0 1 0 0 0 0 1 0 0
190	22	1 1 1 0 1 1 1 1 1 1 0 1 1 0 0 0 0 1 0 1 1 0 1 0 0 0 0 1 0 1 1 0 1 0 1 0 1 1 0 1 0 0 1 0 0 0 0 1 0 0
190	1	1 1 1 0 1 1 1 1 1 1 0 1 1 0 0 0 0 1 0 1 1 0 1 0 0 0 0 1 0 0 1 0 1 0 1 0 1 1 0 1 0 0 1 0 0 0 1 0 0 0
190	3	1 1 1 0 1 1 1 1 1 1 0 1 1 0 0 0 0 1 0 1 1 0 1 0 0 1 1 1 0 1 1 0 1 0 1 0 1 1 0 1 0 0 1 0 0 0 1 0 0 0
190	4	1 1 1 0 1 1 1 1 1 1 0 1 1 0 0 0 0 1 0 1 1 0 1 0 0 1 0 1 0 1 1 0 1 0 1 0 1 1 0 1 0 0 1 0 0 0 1 0 0 0
190	6	1 1 1 0 1 1 1 1 1 1 0 1 1 1 0 0 0 1 0 1 1 0 1 0 0 0 0 1 0 1 1 0 1 0 1 0 1 1 0 1 0 0 1 0 0 0 1 0 0 0
190	2	1 1 1 0 1 1 1 1 1 1 0 1 1 0 0 0 0 1 0 1 1 0 1 0 0 0 0 0 0 1 1 0 1 0 1 0 1 1 0 1 0 0 1 0 0 0 1 0 0 0
190	1	1 1 1 0 1 1 1 1 1 1 1 1 1 0 0 0 0 1 0 1 1 0 1 0 0 0 0 1 0 1 1 0 1 0 1 0 1 1 0 1 0 0 1 0 0 0 1 0 0 0
190	42	1 1 1 0 1 1 1 1 1 1 0 1 1 0 0 0 0 1 0 1 1 0 1 0 0 0 0 1 0 1 1 0 1 0 1 0 1 1 0 1 0 0 1 0 0 0 1 0 0 0
190	3	1 1 1 1 1 1 1 1 1 1 0 1 1 0 0 0 0 1 0 1 0 0 0 0 0 0 0 1 0 1 1 0 1 0 1 0 1 1 0 1 0 0 1 0 0 0 1 0 0 0
190	8	1 1 1 1 1 1 1 1 1 1 0 1 1 0 0 0 0 1 0 1 1 0 1 0 0 0 0 1 0 1 1 0 1 0 1 0 1 1 0 1 0 0 1 0 0 0 1 0 0 0
200	1	1 1 1 0 1 1 1 1 1 1 0 1 1 0 0 0 0 1 0 1 1 0 1 0 1 0 0 1 0 1 1 0 1 0 1 0 1 1 0 1 0 0 1 0 0 0 1 0 0 0
200	3	1 1 1 0 1 1 1 1 1 1 0 1 1 0 0 0 0 1 0 1 1 0 1 0 0 1 0 1 0 1 1 0 1 0 1 0 1 1 0 1 0 0 1 0 0 0 0 1 0 0
200	1	1 1 1 0 1 1 1 1 1 1 0 0 1 0 0 0 0 1 0 1 1 0 1 0 0 0 0 1 0 1 1 0 1 0 0 0 1 1 0 1 0 0 1 0 0 0 0 1 0 0
200	3	1 1 1 0 1 1 1 1 1 1 0 1 1 0 0 0 0 1 0 1 1 0 1 0 0 0 0 1 0 1 1 0 1 0 0 0 1 1 0 1 0 0 1 0 0 0 0 1 0 0
200	1	1 1 1 0 1 1 1 1 1 1 0 1 1 0 0 0 0 0 0 1 1 0 1 0 0 0 0 1 0 1 1 0 1 0 1 0 1 1 0 1 0 0 1 0 0 0 0 1 0 0
200	1	1 1 1 0 1 1 1 1 1 1 0 1 1 0 0 0 0 1 0 1 1 0 1 0 0 0 0 1 0 1 1 0 1 0 1 1 1 1 0 1 0 0 1 0 0 0 0 1 0 0
200	18	1 1 1 0 1 1 1 1 1 1 0 1 1 0 0 0 0 1 0 1 1 0 1 0 0 0 0 1 0 1 1 0 1 0 1 0 1 1 0 1 0 0 1 0 0 0 0 1 0 0
200	2	1 1 1 0 1 1 1 1 1 1 0 1 1 0 0 0 0 1 0 1 1 0 1 0 0 1 1 1 0 1 1 0 1 0 1 0 1 1 0 1 0 0 1 0 0 0 1 0 0 0
200	2	1 1 1 0 1 1 1 1 1 1 0 1 1 0 0 0 0 1 0 1 1 0 1 0 0 1 0 1 0 1 1 0 1 0 1 0 1 1 0 1 0 0 1 0 0 0 1 0 0 0
200	1	1 1 1 0 1 1 1 1 1 1 0 1 1 1 0 0 0 1 0 1 1 0 1 0 0 0 0 1 0 1 1 0 1 0 1 0 1 1 0 1 0 0 1 0 0 0 1 0 0 0
200	1	1 1 1 0 1 1 1 1 1 1 0 1 1 0 0 0 0 1 0 1 1 0 1 0 0 0 0 0 0 1 1 0 1 0 1 0 1 1 0 1 0 0 1 0 0 0 1 0 0 0
200	1	1 1 1 0 1 1 1 1 1 1 1 1 1 0 0 0 0 1 0 1 1 0 1 0 0 0 0 1 0 1 1 0 1 0 1 0 1 1 0 1 0 0 1 0 0 0 1 0 0 0
200	2	1 1 1 0 1 1 1 1 1 1 0 1 1 0 0 0 0 1 0 1 1 0 1 1 0 0 0 1 0 1 1 0 1 0 1 0 1 1 0 1 0 0 1 0 0 0 1 0 0 0
200	8	1 1 1 1 1 1 1 1 1 1 0 1 1 0 0 0 0 1 0 1 1 0 1 0 0 0 0 1 0 1 1 0 1 0 1 0 1 1 0 1 0 0 1 0 0 0 1 0 0 0
200	52	1 1 1 0 1 1 1 1 1 1 0 1 1 0 0 0 0 1 0 1 1 0 1 0 0 0 0 1 0 1 1 0 1 0 1 0 1 1 0 1 0 0 1 0 0 0 1 0 0 0
200	3	1 1 1 1 1 1 1 1 1 1 0 1 1 0 0 0 0 1 0 1 0 0 0 0 0 0 0 1 0 1 1 0 1 0 1 0 1 1 0 1 0 0 1 0 0 0 1 0 0 0
210	2	1 1 1 0 1 1 1 1 1 1 0 1 1 0 0 0 0 1 0 1 1 0 1 0 0 1 0 1 0 1 1 0 1 0 1 0 1 1 0 1 0 0 1 0 0 0 0 1 0 0
210	1	1 1 1 0 1 1 1 1 1 1 0 1 1 0 0 0 0 1 0 1 1 0 1 0 0 0 0 1 0 1 1 0 1 0 0 0 1 1 0 1 0 0 1 0 0 0 0 1 0 0
210	1	1 1 1 0 1 1 1 1 1 1 0 1 0 0 0 0 0 1 0 1 1 0 0 1 0 0 0 1 0 1 1 0 1 0 1 0 1 1 0 1 0 0 1 0 0 0 0 1 0 0
210	1	1 1 1 0 1 1 1 1 1 1 0 1 1 0 0 0 0 1 0 1 1 0 0 1 0 0 0 1 0 1 1 0 1 0 1 0 1 1 0 1 0 0 1 0 0 0 0 1 0 0
210	1	1 1 1 0 1 0 1 1 1 1 0 1 1 0 0 0 0 1 0 1 1 0 1 0 0 0 0 1 0 1 1 0 1 0 1 0 1 1 0 1 0 0 1 0 0 0 0 1 0 0
210	24	1 1 1 0 1 1 1 1 1 1 0 1 1 0 0 0 0 1 0 1 1 0 1 0 0 0 0 1 0 1 1 0 1 0 1 0 1 1 0 1 0 0 1 0 0 0 0 1 0 0
210	3	1 1 1 0 1 1 1 1 1 1 0 1 1 0 0 0 0 1 0 1 1 0 1 0 0 1 1 1 0 1 1 0 1 0 1 0 1 1 0 1 0 0 1 0 0 0 1 0 0 0
210	2	1 1 1 0 1 1 1 1 1 1 1 1 1 0 0 0 0 1 0 1 1 0 1 0 0 0 0 1 0 1 1 0 1 0 1 0 1 1 0 1 0 0 1 0 0 0 1 0 0 0
210	3	1 1 1 0 1 1 1 1 1 1 0 1 1 0 0 0 0 1 0 1 1 0 1 1 0 0 0 1 0 1 1 0 1 0 1 0 1 1 0 1 0 0 1 0 0 0 1 0 0 0
210	1	1 1 1 0 1 1 1 1 1 1 0 1 1 0 0 0 0 0 0 1 1 0 1 0 0 0 0 1 0 1 1 0 1 0 1 0 1 1 0 1 0 0 1 0 0 0 1 0 0 0
210	1	1 1 1 0 1 1 1 1 1 1 0 1 1 0 0 0 0 1 0 1 1 0 1 0 0 0 0 1 0 1 1 0 1 0 1 0 1 1 0 1 0 1 1 0 0 0 1 0 0 0
210	12	1 1 1 1 1 1 1 1 1 1 0 1 1 0 0 0 0 1 0 1 1 0 1 0 0 0 0 1 0 1 1 0 1 0 1 0 1 1 0 1 0 0 1 0 0 0 1 0 0 0
210	42	1 1 1 0 1 1 1 1 1 1 0 1 1 0 0 0 0 1 0 1 1 0 1 0 0 0 0 1 0 1 1 0 1 0 1 0 1 1 0 1 0 0 1 0 0 0 1 0 0 0
210	1	1 1 1 1 1 1 1 1 1 1 0 1 1 0 0 0 0 0 0 1 0 0 0 0 0 0 0 1 0 1 1 0 1 0 1 0 1 1 0 1 0 0 1 0 0 0 1 0 0 0
210	5	1 1 1 1 1 1 1 1 1 1 0 1 1 0 0 0 0 1 0 1 0 0 0 0 0 0 0 1 0 1 1 0 1 0 1 0 1 1 0 1 0 0 1 0 0 0 1 0 0 0
220	5	1 1 1 0 1 1 1 1 1 1 0 1 1 0 0 0 0 1 0 1 1 0 1 0 0 1 0 1 0 1 1 0 1 0 1 0 1 1 0 1 0 0 1 0 0 0 0 1 0 0
220	3	1 1 1 0 1 1 1 1 1 1 0 1 1 0 0 0 0 1 0 1 1 0 1 0 0 0 0 1 0 1 1 0 1 0 0 0 1 1 0 1 0 0 1 0 0 0 0 1 0 0
220	19	1 1 1 0 1 1 1 1 1 1 0 1 1 0 0 0 0 1 0 1 1 0 1 0 0 0 0 1 0 1 1 0 1 0 1 0 1 1 0 1 0 0 1 0 0 0 0 1 0 0
220	3	1 1 1 0 1 1 1 1 1 1 1 1 1 0 0 0 0 1 0 1 1 0 1 0 0 0 0 1 0 1 1 0 1 0 1 0 1 1 0 1 0 0 1 0 0 0 1 0 0 0
220	1	1 1 1 1 1 1 1 1 1 1 0 1 1 0 0 0 0 1 0 1 0 0 1 0 0 0 0 1 0 1 1 0 1 0 1 0 1 1 0 1 0 0 1 0 0 0 1 0 0 0
220	21	1 1 1 1 1 1 1 1 1 1 0 1 1 0 0 0 0 1 0 1 1 0 1 0 0 0 0 1 0 1 1 0 1 0 1 0 1 1 0 1 0 0 1 0 0 0 1 0 0 0
220	32	1 1 1 0 1 1 1 1 1 1 0 1 1 0 0 0 0 1 0 1 1 0 1 0 0 0 0 1 0 1 1 0 1 0 1 0 1 1 0 1 0 0 1 0 0 0 1 0 0 0
220	3	1 1 1 1 1 1 1 1 1 1 0 1 1 0 0 0 0 0 0 1 0 0 0 0 0 0 0 1 0 1 1 0 1 0 1 0 1 1 0 1 0 0 1 0 0 0 1 0 0 0
220	13	1 1 1 1 1 1 1 1 1 1 0 1 1 0 0 0 0 1 0 1 0 0 0 0 0 0 0 1 0 1 1 0 1 0 1 0 1 1 0 1 0 0 1 0 0 0 1 0 0 0
230	1	1 1 1 0 1 1 1 1 1 0 0 1 1 0 0 0 0 1 0 1 1 0 1 0 0 1 0 1 0 1 1 0 1 0 1 0 1 1 0 1 0 0 1 0 0 0 0 1 0 0
230	3	1 1 1 0 1 1 1 1 1 1 0 1 1 0 0 0 0 1 0 1 1 0 1 0 0 1 0 1 0 1 1 0 1 0 1 0 1 1 0 1 0 0 1 0 0 0 0 1 0 0
230	1	1 1 1 0 1 1 1 1 1 1 0 1 1 0 0 0 1 1 0 1 1 0 1 0 0 0 0 1 0 1 1 0 1 0 1 0 1 1 0 1 0 0 1 0 0 0 0 1 0 0
230	5	1 1 1 0 1 1 1 1 1 1 0 1 1 0 0 0 0 1 0 1 1 0 1 0 0 0 0 1 0 1 1 0 1 0 1 0 1 1 0 1 0 0 1 0 0 0 0 1 0 0
230	1	1 1 1 1 1 1 1 1 1 1 0 1 1 0 0 0 0 1 0 1 0 0 1 0 0 0 0 1 0 1 1 0 1 0 1 0 1 1 0 1 0 0 1 0 0 0 1 0 0 0
230	1	1 1 1 1 1 1 1 1 1 1 0 0 1 0 0 0 0 1 0 1 1 0 1 0 0 0 0 1 0 1 1 0 1 0 1 0 1 1 0 1 0 0 1 0 0 0 1 0 0 0
230	1	1 1 1 0 1 1 1 1 1 1 0 1 1 0 0 0 0 1 0 1 1 0 1 0 0 0 0 1 0 1 1 0 1 0 1 0 0 1 0 1 0 0 1 0 0 0 1 0 0 0
230	1	1 1 1 0 1 1 1 1 1 1 0 1 1 0 0 0 0 1 0 1 1 0 0 0 0 0 0 1 0 1 1 0 1 0 1 0 1 1 0 1 0 0 1 0 0 0 1 0 0 0
230	31	1 1 1 1 1 1 1 1 1 1 0 1 1 0 0 0 0 1 0 1 1 0 1 0 0 0 0 1 0 1 1 0 1 0 1 0 1 1 0 1 0 0 1 0 0 0 1 0 0 0
230	32	1 1 1 0 1 1 1 1 1 1 0 1 1 0 0 0 0 1 0 1 1 0 1 0 0 0 0 1 0 1 1 0 1 0 1 0 1 1 0 1 0 0 1 0 0 0 1 0 0 0
230	1	1 1 1 1 1 1 1 1 1 0 0 1 1 0 0 0 0 1 0 1 1 0 1 0 0 0 0 1 0 1 1 0 1 0 1 0 1 1 0 1 0 0 1 0 0 0 1 0 0 0
230	1	1 1 1 0 1 1 1 1 1 1 0 1 1 0 0 0 0 1 0 1 1 0 1 0 0 0 0 1 0 1 1 0 0 0 1 0 1 1 0 1 0 0 1 0 0 0 1 0 0 0
230	4	1 1 1 1 1 1 1 1 1 1 0 1 1 0 0 0 0 0 0 1 0 0 0 0 0 0 0 1 0 1 1 0 1 0 1 0 1 1 0 1 0 0 1 0 0 0 1 0 0 0
230	1	1 1 1 1 1 1 1 1 1 1 0 1 1 0 0 0 0 1 0 1 0 0 0 0 0 0 0 1 0 1 1 0 1 0 1 0 1 1 0 1 0 0 1 0 0 0 1 0 0 1
230	1	1 1 1 1 1 1 1 1 1 1 0 1 1 0 0 0 0 1 0 1 0 0 0 0 0 0 0 1 0 1 1 0 1 0 1 0 1 1 0 1 0 1 1 0 0 0 1 0 0 0
230	1	1 1 1 1 1 1 1 1 1 1 0 1 1 1 0 0 0 1 0 1 0 0 0 0 0 0 0 1 0 1 1 0 1 0 1 0 1 1 0 1 0 0 1 0 0 0 1 0 0 0
230	14	1 1 1 1 1 1 1 1 1 1 0 1 1 0 0 0 0 1 0 1 0 0 0 0 0 0 0 1 0 1 1 0 1 0 1 0 1 1 0 1 0 0 1 0 0 0 1 0 0 0
240	1	1 1 1 0 1 1 1 1 1 1 0 1 1 0 0 0 0 1 0 1 1 0 1 0 0 1 0 1 0 1 1 0 1 1 1 0 0 1 0 1 0 0 1 0 0 0 0 1 0 0
240	2	1 1 1 0 1 1 1 1 1 1 0 1 1 0 0 0 0 1 0 1 1 0 1 0 0 1 0 1 0 1 1 0 1 0 1 0 1 1 0 1 0 0 1 0 0 0 0 1 0 0
240	3	1 1 1 0 1 1 1 1 1 1 0 1 1 0 0 0 0 1 0 1 1 0 1 0 0 0 0 1 0 1 1 0 1 0 1 0 1 1 0 1 0 0 1 0 0 0 0 1 0 0
240	1	1 1 1 1 0 1 1 1 1 1 0 1 1 0 0 0 0 1 0 1 0 0 1 0 0 0 0 1 0 1 1 0 1 0 1 0 1 1 0 1 0 0 1 0 0 0 1 0 0 0
240	2	1 1 1 1 1 1 1 1 1 1 0 1 1 0 0 0 0 1 0 1 0 0 1 0 0 0 0 1 0 1 1 0 1 0 1 0 1 1 0 1 0 0 1 0 0 0 1 0 0 0
240	1	1 1 1 1 1 1 1 1 1 1 0 0 1 0 0 0 0 1 0 1 1 0 1 0 0 0 0 1 0 1 1 0 1 0 1 0 1 1 0 1 0 0 1 0 0 0 1 0 0 0
240	1	1 1 1 1 1 1 1 1 1 1 0 1 1 0 0 0 0 1 0 1 1 0 1 0 0 0 0 1 0 1 1 0 1 0 1 0 0 1 0 1 0 0 1 0 0 0 1 0 0 0
240	1	1 1 1 1 1 1 1 1 1 1 1 1 1 0 0 0 0 1 0 1 1 0 1 0 0 0 0 1 0 1 1 0 1 0 1 0 1 1 0 1 0 0 1 0 0 0 1 0 0 0
240	47	1 1 1 1 1 1 1 1 1 1 0 1 1 0 0 0 0 1 0 1 1 0 1 0 0 0 0 1 0 1 1 0 1 0 1 0 1 1 0 1 0 0 1 0 0 0 1 0 0 0
240	28	1 1 1 0 1 1 1 1 1 1 0 1 1 0 0 0 0 1 0 1 1 0 1 0 0 0 0 1 0 1 1 0 1 0 1 0 1 1 0 1 0 0 1 0 0 0 1 0 0 0
240	1	1 1 1 0 1 1 1 1 1 1 0 1 1 0 0 0 0 1 0 1 1 0 1 0 0 0 0 1 0 1 1 0 0 0 1 0 1 1 0 1 0 0 1 0 0 0 1 0 0 0
240	6	1 1 1 1 1 1 1 1 1 1 0 1 1 0 0 0 0 0 0 1 0 0 0 0 0 0 0 1 0 1 1 0 1 0 1 0 1 1 0 1 0 0 1 0 0 0 1 0 0 0
240	1	1 1 1 1 1 1 1 1 1 1 0 1 1 0 1 0 0 1 0 1 0 0 0 0 0 0 0 1 0 1 1 0 1 0 1 0 1 1 0 1 0 0 1 0 0 0 1 0 0 0
240	5	1 1 1 1 1 1 1 1 1 1 0 1 1 0 0 0 0 1 0 1 0 0 0 0 0 0 0 1 0 1 1 0 1 0 1 0 1 1 0 1 0 0 1 0 0 0 1 0 0 0
250	1	1 1 1 0 1 1 1 1 1 1 0 1 1 0 0 0 0 1 0 1 1 0 1 0 0 1 0 1 0 1 1 0 1 0 1 0 1 1 0 1 0 0 1 0 0 0 0 1 0 0
250	2	1 1 1 0 1 1 1 1 1 1 0 1 1 0 0 0 1 1 0 1 1 0 1 0 0 0 0 1 0 1 1 0 1 0 1 0 1 1 0 1 0 0 1 0 0 0 0 1 0 0
250	2	1 1 1 0 1 1 1 1 1 1 0 1 1 0 0 0 0 1 0 1 1 0 1 0 0 0 0 1 0 1 1 0 1 0 1 0 1 1 0 1 1 0 1 0 0 0 0 1 0 0
250	3	1 1 1 0 1 1 1 1 1 1 0 1 1 0 0 0 0 1 0 1 1 0 1 0 0 0 0 1 0 1 1 0 1 0 1 0 1 1 0 1 0 0 1 0 0 0 0 1 0 0
250	2	1 1 1 1 1 1 1 1 1 1 0 1 1 0 0 0 0 1 0 1 0 0 1 0 0 0 0 1 0 1 1 0 1 0 1 0 1 1 0 1 0 0 1 0 0 0 1 0 0 0
250	6	1 1 1 1 1 1 1 1 1 1 0 0 1 0 0 0 0 1 0 1 1 0 1 0 0 0 0 1 0 1 1 0 1 0 1 0 1 1 0 1 0 0 1 0 0 0 1 0 0 0
250	1	1 1 1 1 1 1 1 1 1 1 0 1 1 0 0 0 0 1 0 1 1 0 1 0 0 0 0 1 0 1 1 0 1 0 1 0 0 1 0 1 0 0 1 0 0 1 1 0 0 0
250	1	1 1 1 1 1 1 1 1 1 1 0 1 1 0 0 0 0 1 0 1 1 0 1 0 0 0 0 1 0 1 1 0 1 0 1 1 1 1 0 1 0 0 1 0 0 0 1 0 0 0
250	15	1 1 1 0 1 1 1 1 1 1 0 1 1 0 0 0 0 1 0 1 1 0 1 0 0 0 0 1 0 1 1 0 1 0 1 0 1 1 0 1 0 0 1 0 0 0 1 0 0 0
250	2	1 1 1 1 1 1 1 1 1 1 0 1 1 1 0 0 0 1 0 1 1 0 1 0 0 0 0 1 0 1 1 0 1 0 1 0 1 1 0 1 0 0 1 0 0 0 1 0 0 0
250	39	1 1 1 1 1 1 1 1 1 1 0 1 1 0 0 0 0 1 0 1 1 0 1 0 0 0 0 1 0 1 1 0 1 0 1 0 1 1 0 1 0 0 1 0 0 0 1 0 0 0
250	1	1 1 1 1 1 1 1 1 1 1 0 1 1 0 0 0 0 1 0 1 1 0 1 0 0 0 0 1 0 1 1 0 1 0 1 0 1 1 1 1 0 0 1 0 0 0 1 0 0 0
250	6	1 1 1 1 1 1 1 1 1 1 0 1 1 0 0 0 0 0 0 1 0 0 0 0 0 0 0 1 0 1 1 0 1 0 1 0 1 1 0 1 0 0 1 0 0 0 1 0 0 0
250	19	1 1 1 1 1 1 1 1 1 1 0 1 1 0 0 0 0 1 0 1 0 0 0 0 0 0 0 1 0 1 1 0 1 0 1 0 1 1 0 1 0 0 1 0 0 0 1 0 0 0
260	1	1 1 1 0 1 1 1 1 1 0 0 1 1 0 1 0 0 1 0 1 1 0 1 0 0 1 0 1 0 1 1 0 1 0 1 0 1 1 0 1 0 0 1 0 0 0 0 1 0 0
260	4	1 1 1 0 1 1 1 1 1 1 0 1 1 0 0 0 0 1 0 1 1 0 1 0 0 1 0 1 0 1 1 0 1 0 1 0 1 1 0 1 0 0 1 0 0 0 0 1 0 0
260	1	1 1 1 0 1 1 1 1 1 1 0 1 1 0 0 0 1 1 0 1 1 0 1 0 0 0 0 1 0 1 1 0 1 0 1 0 1 1 0 1 0 0 1 0 0 0 0 1 0 0
260	1	1 1 1 0 1 1 1 1 1 1 0 1 1 0 0 0 0 1 0 0 1 0 1 0 0 0 0 1 0 1 1 0 1 0 1 0 1 1 0 1 0 0 1 0 0 0 0 1 0 0
260	1	1 1 1 0 1 1 1 1 1 1 0 1 1 0 0 0 0 1 0 1 1 0 1 0 0 0 0 1 0 1 1 0 1 0 1 0 1 1 0 1 0 0 1 0 0 0 0 1 0 0
260	4	1 1 1 1 1 1 1 1 1 1 0 1 1 0 0 0 0 1 0 1 0 0 1 0 0 0 0 1 0 1 1 0 1 0 1 0 1 1 0 1 0 0 1 0 0 0 1 0 0 0
260	1	1 1 1 1 1 1 1 1 1 1 0 0 1 0 0 0 0 1 0 1 1 0 1 0 0 0 0 1 0 1 1 0 1 0 1 0 1 1 1 1 0 0 1 0 0 0 1 0 0 0
260	4	1 1 1 1 1 1 1 1 1 1 0 0 1 0 0 0 0 1 0 1 1 0 1 0 0 0 0 1 0 1 1 0 1 0 1 0 1 1 0 1 0 0 1 0 0 0 1 0 0 0
260	1	1 1 1 1 1 1 1 1 1 1 0 1 1 0 0 0 0 1 0 1 1 0 1 0 0 0 0 1 0 1 1 0 1 0 1 1 1 1 0 1 0 0 1 0 0 0 1 0 0 0
260	1	1 1 1 0 1 1 1 1 1 1 0 1 1 0 0 0 0 1 0 0 1 0 1 0 0 0 0 1 0 1 1 0 1 0 1 0 1 1 0 1 0 0 1 0 0 0 1 0 0 0
260	3	1 1 1 1 1 1 1 1 1 1 0 1 1 0 0 0 0 1 0 1 1 0 1 0 0 0 0 1 0 1 1 0 1 0 1 0 1 1 1 1 0 0 1 0 0 0 1 0 0 0
260	33	1 1 1 1 1 1 1 1 1 1 0 1 1 0 0 0 0 1 0 1 1 0 1 0 0 0 0 1 0 1 1 0 1 0 1 0 1 1 0 1 0 0 1 0 0 0 1 0 0 0
260	9	1 1 1 0 1 1 1 1 1 1 0 1 1 0 0 0 0 1 0 1 1 0 1 0 0 0 0 1 0 1 1 0 1 0 1 0 1 1 0 1 0 0 1 0 0 0 1 0 0 0
260	2	1 1 1 1 1 1 1 1 1 1 0 1 1 0 0 0 0 1 0 1 1 0 1 0 0 0 0 1 0 1 1 0 0 0 1 0 1 1 0 1 0 0 1 0 0 0 1 0 0 0
260	5	1 1 1 1 1 1 1 1 1 1 0 1 1 0 1 0 0 1 0 1 0 0 0 0 0 0 0 1 0 1 1 0 1 0 1 0 1 1 0 1 0 0 1 0 0 0 1 0 0 0
260	1	1 1 1 1 1 1 1 1 1 1 0 0 1 0 0 0 0 1 0 1 0 0 0 0 0 0 0 1 0 1 1 0 1 0 1 0 1 1 0 1 0 0 1 0 0 0 1 0 0 0
260	28	1 1 1 1 1 1 1 1 1 1 0 1 1 0 0 0 0 1 0 1 0 0 0 0 0 0 0 1 0 1 1 0 1 0 1 0 1 1 0 1 0 0 1 0 0 0 1 0 0 0
270	1	1 1 1 0 1 1 1 1 1 1 0 1 1 0 0 0 0 1 0 1 1 0 1 0 0 1 0 1 0 1 1 0 1 0 1 0 1 1 0 1 0 0 1 0 0 0 0 1 0 0
270	1	1 1 1 1 1 1 1 1 1 1 0 1 1 0 0 0 0 1 0 1 0 0 1 0 0 0 0 1 0 1 1 0 1 0 1 0 1 1 0 1 0 0 1 0 0 0 1 0 0 0
270	1	1 1 1 1 1 1 1 1 1 1 0 1 1 0 0 0 0 1 0 1 1 0 1 0 0 0 0 1 1 1 1 0 1 0 1 0 1 1 0 0 0 0 1 0 0 0 1 0 0 0
270	5	1 1 1 1 1 1 1 1 1 1 0 0 1 0 0 0 0 1 0 1 1 0 1 0 0 0 0 1 0 1 1 0 1 0 1 0 1 1 1 1 0 0 1 0 0 0 1 0 0 0
270	7	1 1 1 1 1 1 1 1 1 1 0 0 1 0 0 0 0 1 0 1 1 0 1 0 0 0 0 1 0 1 1 0 1 0 1 0 1 1 0 1 0 0 1 0 0 0 1 0 0 0
270	49	1 1 1 1 1 1 1 1 1 1 0 1 1 0 0 0 0 1 0 1 1 0 1 0 0 0 0 1 0 1 1 0 1 0 1 0 1 1 0 1 0 0 1 0 0 0 1 0 0 0
270	1	1 1 1 1 1 1 1 1 1 1 0 1 1 0 0 0 0 1 1 1 1 0 1 0 0 0 0 1 0 1 1 0 1 0 1 1 1 1 0 1 0 0 1 0 0 0 1 0 0 0
270	3	1 1 1 1 1 1 1 1 1 1 0 1 1 0 0 0 0 1 0 1 1 0 1 0 0 0 0 1 0 1 1 0 1 0 1 1 1 1 0 1 0 0 1 0 0 0 1 0 0 0
270	3	1 1 1 1 1 1 1 1 1 1 0 1 1 0 0 0 0 1 0 1 1 0 1 0 0 0 0 1 0 1 1 0 1 0 1 0 1 1 1 1 0 0 1 0 0 0 1 0 0 0
270	10	1 1 1 1 1 1 1 1 1 1 0 1 1 0 0 0 0 0 0 1 0 0 0 0 0 0 0 1 0 1 1 0 1 0 1 0 1 1 0 1 0 0 1 0 0 0 1 0 0 0
270	19	1 1 1 1 1 1 1 1 1 1 0 1 1 0 0 0 0 1 0 1 0 0 0 0 0 0 0 1 0 1 1 0 1 0 1 0 1 1 0 1 0 0 1 0 0 0 1 0 0 0
280	2	1 1 1 0 1 1 1 1 1 1 0 1 1 0 0 0 0 1 0 1 1 0 1 0 0 1 0 1 0 1 1 0 1 0 1 0 1 1 0 1 0 0 1 0 0 0 0 1 0 0
280	1	1 1 1 1 1 1 1 1 1 1 0 1 1 0 0 0 0 1 0 1 1 0 1 0 0 0 1 1 1 1 1 0 1 0 1 0 1 1 0 0 0 0 1 0 0 0 1 0 0 0
280	1	1 1 1 1 1 1 1 1 1 1 0 0 1 0 0 0 0 1 0 1 1 0 1 0 0 0 0 1 0 1 1 0 1 0 1 0 1 1 1 1 0 0 1 0 0 0 1 0 0 0
280	5	1 1 1 1 1 1 1 1 1 1 0 0 1 0 0 0 0 1 0 1 1 0 1 0 0 0 0 1 0 1 1 0 1 0 1 0 1 1 0 1 0 0 1 0 0 0 1 0 0 0
280	3	1 1 1 1 1 1 1 1 1 1 0 1 1 0 0 0 0 1 0 1 1 0 1 0 0 0 0 1 0 1 1 0 1 0 1 0 0 1 0 1 0 0 1 0 0 0 1 0 0 0
280	2	1 1 1 1 1 1 1 1 1 1 0 1 1 0 0 0 0 1 0 1 1 0 1 0 0 0 0 1 0 1 1 0 1 0 1 1 1 1 0 1 0 0 1 0 0 0 1 0 0 0
280	49	1 1 1 1 1 1 1 1 1 1 0 1 1 0 0 0 0 1 0 1 1 0 1 0 0 0 0 1 0 1 1 0 1 0 1 0 1 1 0 1 0 0 1 0 0 0 1 0 0 0
280	1	1 1 1 1 1 1 1 1 1 1 0 1 1 0 0 0 0 1 0 1 1 0 1 0 0 0 0 1 0 1 1 0 1 0 1 0 1 1 1 1 0 0 1 0 1 0 1 0 0 0
280	4	1 1 1 1 1 1 1 1 1 1 0 1 1 0 0 0 0 1 0 1 1 0 1 0 0 0 0 1 0 1 1 0 1 0 1 0 1 1 1 1 0 0 1 0 0 0 1 0 0 0
280	1	1 1 1 0 1 1 1 1 1 1 0 1 1 0 0 0 0 1 0 1 1 0 1 0 0 0 0 1 0 1 1 0 1 0 1 0 1 1 0 1 0 0 1 0 0 0 1 0 0 0
280	14	1 1 1 1 1 1 1 1 1 1 0 1 1 0 0 0 0 0 0 1 0 0 0 0 0 0 0 1 0 1 1 0 1 0 1 0 1 1 0 1 0 0 1 0 0 0 1 0 0 0
280	5	1 1 1 1 1 1 1 1 1 1 0 1 1 0 1 0 0 1 0 1 0 0 0 0 0 0 0 1 0 1 1 0 1 0 1 0 1 1 0 1 0 0 1 0 0 0 1 0 0 0
280	1	1 1 1 1 1 1 1 1 1 1 0 1 1 0 0 0 0 1 0 1 0 0 0 0 0 1 0 1 0 1 1 0 1 0 1 0 1 1 0 1 0 0 1 0 0 0 1 0 0 0
280	11	1 1 1 1 1 1 1 1 1 1 0 1 1 0 0 0 0 1 0 1 0 0 0 0 0 0 0 1 0 1 1 0 1 0 1 0 1 1 0 1 0 0 1 0 0 0 1 0 0 0
290	1	1 1 1 0 1 1 1 1 1 1 0 1 1 0 0 0 0 1 0 1 1 0 1 0 0 1 0 1 0 1 1 0 1 0 1 0 1 1 0 1 0 0 1 0 0 0 0 1 0 0
290	1	1 1 1 1 1 1 1 1 1 1 0 1 1 0 0 0 0 1 0 1 0 0 1 0 0 0 0 1 0 1 1 0 1 0 1 0 0 1 0 1 0 0 1 0 0 0 1 0 0 0
290	1	1 1 1 1 1 1 1 1 1 1 0 1 1 0 0 0 0 1 0 1 0 0 1 0 0 0 0 1 0 1 1 0 1 0 1 0 1 1 0 1 0 0 1 0 0 0 1 0 0 0
290	6	1 1 1 1 1 1 1 1 1 1 0 0 1 0 0 0 0 1 0 1 1 0 1 0 0 0 0 1 0 1 1 0 1 0 1 0 1 1 1 1 0 0 1 0 0 0 1 0 0 0
290	6	1 1 1 1 1 1 1 1 1 1 0 0 1 0 0 0 0 1 0 1 1 0 1 0 0 0 0 1 0 1 1 0 1 0 1 0 1 1 0 1 0 0 1 0 0 0 1 0 0 0
290	1	1 1 1 1 1 1 1 1 1 1 0 1 1 0 0 0 0 1 0 1 1 0 1 0 0 0 0 1 0 1 1 0 1 0 1 0 0 1 0 1 0 0 1 0 0 0 1 0 0 0
290	3	1 1 1 1 1 1 1 1 1 1 0 1 1 0 0 0 0 1 0 1 1 0 1 0 0 0 0 1 0 1 1 0 1 0 1 0 1 1 1 1 0 0 1 0 0 0 1 0 0 0
290	2	1 1 1 1 1 1 1 1 1 0 0 1 1 0 0 0 0 1 0 1 1 0 1 0 0 0 0 1 0 1 1 0 1 0 1 0 1 1 0 1 0 0 1 0 0 0 1 0 0 0
290	51	1 1 1 1 1 1 1 1 1 1 0 1 1 0 0 0 0 1 0 1 1 0 1 0 0 0 0 1 0 1 1 0 1 0 1 0 1 1 0 1 0 0 1 0 0 0 1 0 0 0
290	1	1 1 1 1 1 1 1 1 1 1 0 1 1 0 0 0 0 1 0 1 1 0 1 0 0 0 0 1 0 1 1 0 1 0 1 0 1 1 1 1 0 0 1 0 1 0 1 0 0 0
290	9	1 1 1 1 1 1 1 1 1 1 0 1 1 0 0 0 0 0 0 1 0 0 0 0 0 0 0 1 0 1 1 0 1 0 1 0 1 1 0 1 0 0 1 0 0 0 1 0 0 0
290	15	1 1 1 1 1 1 1 1 1 1 0 1 1 0 0 0 0 1 0 1 0 0 0 0 0 0 0 1 0 1 1 0 1 0 1 0 1 1 0 1 0 0 1 0 0 0 1 0 0 0
290	1	1 1 1 0 1 1 1 1 1 1 0 1 1 0 1 0 0 1 0 1 0 0 0 0 0 0 0 1 0 1 1 0 1 0 1 0 1 1 0 1 0 0 1 0 0 0 1 0 0 0
290	2	1 1 1 1 1 1 1 1 1 1 0 1 1 0 1 0 0 1 0 1 0 0 0 0 0 0 0 1 0 1 1 0 1 0 1 0 1 1 0 1 0 0 1 0 0 0 1 0 0 0
300	2	1 1 1 0 1 1 1 1 1 1 0 1 1 0 0 0 0 1 0 1 1 0 1 0 0 1 0 1 0 1 1 0 1 0 1 0 1 1 0 1 0 0 1 0 0 0 0 1 0 0
300	1	1 1 1 1 1 1 1 1 1 1 0 1 1 0 0 0 0 1 0 1 0 0 1 0 0 0 0 1 0 1 1 0 1 0 1 0 0 1 0 1 0 0 1 0 0 0 1 0 0 0
300	9	1 1 1 1 1 1 1 1 1 1 0 0 1 0 0 0 0 1 0 1 1 0 1 0 0 0 0 1 0 1 1 0 1 0 1 0 1 1 0 1 0 0 1 0 0 0 1 0 0 0
300	5	1 1 1 1 1 1 1 1 1 1 0 0 1 0 0 0 0 1 0 1 1 0 1 0 0 0 0 1 0 1 1 0 1 0 1 0 1 1 1 1 0 0 1 0 0 0 1 0 0 0
300	6	1 1 1 1 1 1 1 1 1 1 0 1 1 0 0 0 0 1 0 1 1 0 1 0 0 0 0 1 0 1 1 0 1 0 1 0 0 1 0 1 0 0 1 0 0 0 1 0 0 0
300	1	1 1 1 1 1 1 1 1 1 1 0 1 1 0 0 0 0 1 0 1 1 0 1 0 0 0 0 1 0 1 1 0 1 0 1 0 1 1 1 1 0 0 1 0 0 0 1 0 0 0
300	1	1 1 1 1 1 1 1 1 1 1 0 1 1 0 0 0 0 1 0 1 1 0 1 0 0 0 0 1 0 1 0 0 1 0 1 0 1 1 0 1 0 0 1 0 0 0 1 0 0 0
300	1	1 1 1 1 1 1 1 1 1 1 0 1 1 0 0 0 0 1 0 1 1 0 1 0 0 0 0 1 0 1 1 0 1 0 1 0 1 1 0 1 0 1 1 0 0 0 1 0 0 0
300	44	1 1 1 1 1 1 1 1 1 1 0 1 1 0 0 0 0 1 0 1 1 0 1 0 0 0 0 1 0 1 1 0 1 0 1 0 1 1 0 1 0 0 1 0 0 0 1 0 0 0
300	1	1 1 1 1 1 1 1 1 1 1 0 1 1 0 0 0 0 0 0 1 0 0 0 0 0 0 0 1 0 1 1 0 1 0 1 0 1 1 0 1 0 0 1 0 1 0 1 0 0 0
300	1	1 1 1 1 1 1 1 1 1 1 0 1 1 0 0 0 0 0 0 1 0 0 0 0 0 0 0 1 0 1 1 0 1 0 1 0 0 1 0 1 0 0 1 0 0 0 1 0 0 0
300	10	1 1 1 1 1 1 1 1 1 1 0 1 1 0 0 0 0 0 0 1 0 0 0 0 0 0 0 1 0 1 1 0 1 0 1 0 1 1 0 1 0 0 1 0 0 0 1 0 0 0
300	13	1 1 1 1 1 1 1 1 1 1 0 1 1 0 0 0 0 1 0 1 0 0 0 0 0 0 0 1 0 1 1 0 1 0 1 0 1 1 0 1 0 0 1 0 0 0 1 0 0 0
300	4	1 1 1 1 1 1 1 1 1 1 0 1 1 0 1 0 0 1 0 1 0 0 0 0 0 0 0 1 0 1 1 0 1 0 1 0 1 1 0 1 0 0 1 0 0 0 1 0 0 0
300	1	1 1 1 1 1 1 1 1 1 1 0 1 1 0 0 0 0 1 0 1 0 0 0 0 0 1 0 1 0 1 1 0 1 0 1 0 1 1 0 1 0 0 1 0 0 0 1 0 0 0
310	7	1 1 1 1 1 1 1 1 1 1 0 0 1 0 0 0 0 1 0 1 1 0 1 0 0 0 0 1 0 1 1 0 1 0 1 0 1 1 0 1 0 0 1 0 0 0 1 0 0 0
310	1	1 1 1 1 1 1 1 1 1 1 0 0 1 0 0 0 0 1 0 1 1 0 1 0 0 0 0 1 0 0 1 0 1 0 1 0 1 1 1 1 0 0 1 0 0 0 1 0 0 0
310	2	1 1 1 1 1 1 1 1 1 1 0 0 1 0 0 0 0 1 0 1 1 0 1 0 0 0 0 1 0 1 1 0 1 0 1 0 1 1 1 1 0 0 1 0 0 0 1 0 0 0
310	1	1 1 1 1 1 1 1 1 1 1 0 0 1 0 0 0 1 1 0 1 1 0 1 0 0 0 0 1 0 1 1 0 1 0 1 0 1 1 0 1 0 0 1 0 0 0 1 0 0 0
310	6	1 1 1 1 1 1 1 1 1 1 0 1 1 0 0 0 0 1 0 1 1 0 1 0 0 0 0 1 0 1 1 0 1 0 1 0 0 1 0 1 0 0 1 0 0 0 1 0 0 0
310	1	1 1 1 1 1 1 1 1 1 1 0 1 1 0 0 0 0 1 0 1 1 0 1 0 0 0 0 1 0 1 1 0 1 0 1 1 1 1 1 1 0 0 1 0 0 0 1 0 0 0
310	3	1 1 1 1 1 1 1 1 1 1 0 1 1 0 0 0 0 1 0 1 1 0 1 0 0 0 0 1 0 1 1 0 1 0 1 0 1 1 1 1 0 0 1 0 0 0 1 0 0 0
310	1	1 1 1 1 1 1 1 1 1 1 0 1 1 0 0 0 0 1 0 1 1 0 1 0 0 0 0 1 0 1 1 0 1 0 1 0 1 1 0 1 0 1 1 0 0 0 1 0 0 0
310	2	1 1 1 1 1 1 1 1 1 0 0 1 1 0 0 0 0 1 0 1 1 0 1 0 0 0 0 1 0 1 1 0 1 0 1 0 1 1 0 1 0 0 1 0 0 0 1 0 0 0
310	38	1 1 1 1 1 1 1 1 1 1 0 1 1 0 0 0 0 1 0 1 1 0 1 0 0 0 0 1 0 1 1 0 1 0 1 0 1 1 0 1 0 0 1 0 0 0 1 0 0 0
310	1	1 1 1 1 1 1 1 1 1 1 0 1 1 0 0 0 0 0 0 1 0 0 0 0 0 0 0 1 0 1 1 0 1 0 1 1 1 1 0 1 0 0 1 0 0 0 1 0 0 0
310	20	1 1 1 1 1 1 1 1 1 1 0 1 1 0 0 0 0 0 0 1 0 0 0 0 0 0 0 1 0 1 1 0 1 0 1 0 1 1 0 1 0 0 1 0 0 0 1 0 0 0
310	1	1 1 1 1 1 1 1 1 1 1 0 1 1 0 0 0 0 1 0 1 0 0 0 0 0 0 0 1 0 1 1 0 1 0 1 0 1 0 0 1 0 0 1 0 0 0 1 0 0 0
310	14	1 1 1 1 1 1 1 1 1 1 0 1 1 0 0 0 0 1 0 1 0 0 0 0 0 0 0 1 0 1 1 0 1 0 1 0 1 1 0 1 0 0 1 0 0 0 1 0 0 0
310	2	1 1 1 1 1 1 1 1 1 1 0 1 1 0 1 0 0 1 0 1 0 0 0 0 0 0 0 1 0 1 1 0 1 0 1 0 1 1 0 1 0 0 1 0 0 0 1 0 0 0
