10	1	0 0 0 0 0 0 1 1 1 1 0 0 1 0 1 0 0 1 0 1 0 0 1 1 0 0 1 0 0 1 1 0 1 0 1 1 0 0 0 0 0 0 1 1 1 0 0 1 1 1
10	15	0 0 0 0 0 1 1 1 1 1 0 0 1 0 1 0 0 1 0 1 0 0 1 1 0 0 1 0 0 1 1 0 1 0 1 1 0 0 0 0 0 0 1 1 1 0 0 1 1 1
10	6	1 1 0 1 1 1 1 1 1 0 1 0 0 1 1 0 1 1 0 1 1 1 0 1 1 1 0 0 0 0 1 0 0 1 0 1 0 1 0 1 1 1 1 1 0 1 1 1 1 1
10	1	1 0 0 0 0 1 1 0 1 0 0 1 1 0 0 1 0 1 1 1 1 1 0 0 0 0 0 0 0 1 0 1 0 1 1 0 1 1 1 1 0 1 1 0 0 0 0 1 1 1
10	18	1 0 0 0 0 1 1 0 1 0 0 1 1 0 0 1 0 1 1 1 1 1 0 0 0 0 0 0 0 1 0 1 0 1 1 0 1 1 1 1 1 1 1 0 0 0 0 1 1 1
10	37	0 1 1 0 0 1 0 1 1 1 1 1 0 1 0 1 0 0 0 0 1 1 1 0 0 0 0 0 0 1 0 0 1 1 0 0 1 0 0 1 0 1 0 1 0 0 0 1 0 1
10	22	1 1 1 1 0 1 0 1 1 0 0 0 0 0 0 0 1 1 0 0 1 0 1 0 0 0 1 0 1 1 1 1 1 1 1 1 1 1 1 1 0 0 0 1 1 1 0 0 1 1
20	1	0 0 0 0 0 1 1 1 1 1 0 0 1 0 1 0 0 1 0 1 0 0 1 1 0 0 0 0 0 1 1 0 1 0 1 1 0 0 0 0 0 0 1 1 1 0 0 1 1 1
20	13	0 0 0 0 0 1 1 1 1 1 0 0 1 0 1 0 0 1 0 1 0 0 1 1 0 0 1 0 0 1 1 0 1 0 1 1 0 0 0 0 0 0 1 1 1 0 0 1 1 1
20	1	1 1 0 1 1 1 1 1 1 0 1 0 0 1 1 0 1 1 0 1 1 1 0 1 0 1 0 0 0 0 1 0 0 1 0 1 0 1 0 1 1 1 1 1 0 1 1 1 1 1
20	10	1 1 0 1 1 1 1 1 1 0 1 0 0 1 1 0 1 1 0 1 1 1 0 1 1 1 0 0 0 0 1 0 0 1 0 1 0 1 0 1 1 1 1 1 0 1 1 1 1 1
20	8	1 0 0 0 0 1 1 0 1 0 0 1 1 0 0 1 0 1 1 1 1 1 0 0 0 0 0 0 0 1 0 1 0 1 1 0 1 1 1 1 1 1 1 0 0 0 0 1 1 1
20	1	0 1 1 0 0 1 0 1 1 1 1 1 0 1 0 1 0 0 0 0 1 1 1 0 0 0 0 0 0 1 0 0 1 1 0 0 1 1 0 1 0 1 0 1 0 0 0 1 0 1
20	35	0 1 1 0 0 1 0 1 1 1 1 1 0 1 0 1 0 0 0 0 1 1 1 0 0 0 0 0 0 1 0 0 1 1 0 0 1 0 0 1 0 1 0 1 0 0 0 1 0 1
20	11	0 1 1 0 0 1 0 1 1 1 1 1 0 1 0 1 0 0 0 0 1 1 1 0 0 0 0 0 0 1 0 0 0 1 0 0 1 0 0 1 0 1 0 1 0 0 0 1 0 1
20	3	0 1 1 0 0 1 0 1 1 1 1 1 0 1 0 1 0 0 0 0 1 1 1 0 0 0 0 0 0 1 0 0 1 1 0 0 1 0 1 1 0 1 0 1 0 0 0 1 0 1
20	1	0 0 1 0 0 1 0 1 1 1 1 1 0 1 0 1 0 0 0 0 1 1 1 0 0 0 0 0 0 1 0 0 1 1 0 0 1 0 0 1 0 1 0 1 0 0 0 1 0 1
20	1	1 1 1 1 0 1 0 1 1 0 0 0 0 0 0 0 1 1 0 0 1 0 1 0 0 0 1 0 1 1 1 1 1 1 1 1 1 1 1 1 0 0 0 1 1 1 0 0 1 0
20	1	1 1 1 1 0 1 0 1 1 0 0 0 0 0 0 0 1 1 0 0 1 0 1 0 0 0 1 0 1 1 1 1 1 1 1 1 0 1 1 1 0 0 0 1 1 1 0 0 1 1
20	4	1 1 1 1 1 1 0 1 1 0 0 0 0 0 0 0 1 1 0 0 1 0 1 0 0 0 1 0 1 1 1 1 1 1 1 1 1 1 1 1 0 0 0 1 1 1 0 0 1 1
20	10	1 1 1 1 0 1 0 1 1 0 0 0 0 0 0 0 1 1 0 0 1 0 1 0 0 0 1 0 1 1 1 1 1 1 1 1 1 1 1 1 0 0 0 1 1 1 0 0 1 1
30	8	0 0 0 0 0 1 1 1 1 1 0 0 1 0 1 0 0 1 0 1 0 0 1 1 0 0 1 0 0 1 1 0 1 0 1 1 0 0 0 0 0 0 1 1 1 0 0 1 1 1
30	3	1 1 0 1 1 1 1 1 1 0 1 0 0 1 1 0 1 1 0 1 1 1 0 1 1 1 0 0 0 0 1 0 0 1 0 1 0 1 0 1 1 1 1 1 0 1 1 1 1 1
30	2	1 0 0 0 0 1 1 0 1 0 0 1 1 0 0 1 0 1 1 1 1 1 0 0 0 0 0 0 0 1 0 1 0 1 1 0 1 1 1 1 1 1 1 0 0 0 0 1 1 1
30	1	0 1 1 0 0 1 0 1 1 1 1 1 0 1 0 1 0 0 0 0 1 0 1 0 0 0 0 0 0 1 0 0 1 1 0 0 1 0 0 1 0 1 0 1 0 0 0 1 0 1
30	2	0 1 1 0 0 1 0 1 1 1 1 1 0 1 0 1 0 0 0 0 1 1 1 0 0 0 1 0 0 1 0 0 1 1 0 0 1 0 0 1 0 1 0 1 0 0 0 1 0 1
30	55	0 1 1 0 0 1 0 1 1 1 1 1 0 1 0 1 0 0 0 0 1 1 1 0 0 0 0 0 0 1 0 0 1 1 0 0 1 0 0 1 0 1 0 1 0 0 0 1 0 1
30	1	0 1 1 0 0 1 0 1 1 1 1 1 0 1 0 1 0 0 0 1 1 1 1 0 0 0 0 0 0 1 0 0 0 1 0 0 1 0 0 1 0 1 0 1 0 0 0 1 0 1
30	11	0 1 1 0 0 1 0 1 1 1 1 1 0 1 0 1 0 0 0 0 1 1 1 0 0 0 0 0 0 1 0 0 0 1 0 0 1 0 0 1 0 1 0 1 0 0 0 1 0 1
30	2	0 1 1 0 0 1 0 1 1 1 1 1 0 1 0 1 0 0 0 0 1 1 1 0 0 0 0 0 0 1 0 0 1 1 0 0 0 0 0 1 0 1 0 1 0 0 0 1 0 1
30	1	0 1 1 0 0 1 0 1 1 1 1 1 0 1 0 1 0 0 0 0 1 1 1 0 0 0 0 0 0 1 0 0 1 1 0 0 1 0 0 1 0 1 0 0 0 0 0 1 0 1
30	4	0 1 1 0 0 1 0 1 1 1 1 1 0 1 0 1 0 0 0 0 1 1 1 0 0 0 0 1 0 1 0 0 1 1 0 0 1 0 0 1 0 1 0 1 0 0 0 1 0 1
30	3	1 1 1 1 0 1 0 1 1 0 0 1 0 0 0 0 1 1 0 0 1 0 1 0 0 0 1 0 1 1 1 1 1 1 1 1 1 1 1 1 0 0 0 1 1 1 0 0 1 1
30	1	1 1 1 1 0 1 0 1 1 0 0 0 0 0 0 0 1 1 0 0 1 0 1 0 0 0 1 0 1 1 1 1 1 1 1 1 0 1 1 1 0 0 0 1 1 1 0 0 1 1
30	1	1 1 1 1 1 1 0 1 1 0 0 0 0 0 0 0 1 1 0 0 1 0 1 0 0 0 1 0 1 1 1 1 0 1 1 1 1 1 1 1 0 0 0 1 1 1 0 0 1 1
30	1	1 1 1 1 0 1 0 1 1 0 0 0 0 0 0 0 1 1 1 0 1 0 1 0 0 0 1 0 1 1 1 1 1 1 1 1 1 1 1 1 0 0 0 1 1 1 0 0 1 1
30	4	1 1 1 1 0 1 0 1 1 0 0 0 0 0 0 0 1 1 0 0 1 0 1 0 0 0 1 0 1 1 1 1 1 1 1 1 1 1 1 1 0 0 0 1 1 1 0 0 1 1
40	2	0 1 1 0 0 1 0 1 1 1 1 1 0 1 0 1 0 0 0 0 1 0 1 0 0 0 0 0 0 1 0 0 1 1 0 0 1 0 0 1 0 1 0 1 0 0 0 1 0 1
40	3	0 1 1 0 0 1 0 1 1 1 1 1 0 1 0 1 0 1 0 0 1 1 1 0 0 0 0 0 0 1 0 0 1 1 0 0 1 0 0 1 0 1 0 1 0 0 0 1 0 1
40	1	0 1 1 0 0 1 0 1 1 1 1 1 0 1 0 1 0 0 0 0 1 1 1 0 0 0 0 0 0 1 0 0 1 1 0 0 1 0 1 1 0 1 0 1 0 0 0 1 0 1
40	1	1 1 1 0 0 1 0 1 1 1 1 1 0 1 0 1 0 0 0 0 1 1 1 0 0 0 0 0 0 1 0 0 1 1 0 0 1 0 0 1 0 1 0 1 0 0 0 1 0 1
40	54	0 1 1 0 0 1 0 1 1 1 1 1 0 1 0 1 0 0 0 0 1 1 1 0 0 0 0 0 0 1 0 0 1 1 0 0 1 0 0 1 0 1 0 1 0 0 0 1 0 1
40	1	0 1 1 0 0 1 0 1 1 1 1 1 0 1 0 1 0 0 0 0 1 1 1 0 0 0 0 0 0 1 0 0 0 1 0 0 1 0 0 1 0 1 0 0 0 0 0 1 0 1
40	19	0 1 1 0 0 1 0 1 1 1 1 1 0 1 0 1 0 0 0 0 1 1 1 0 0 0 0 0 0 1 0 0 0 1 0 0 1 0 0 1 0 1 0 1 0 0 0 1 0 1
40	2	1 1 1 1 0 1 0 1 1 0 0 1 0 0 0 0 1 1 0 0 1 0 1 0 0 0 1 0 1 1 1 1 1 1 1 1 1 1 1 1 0 0 0 1 1 1 0 0 1 1
40	4	1 1 1 1 0 1 0 1 1 0 0 0 0 0 0 0 1 1 0 0 1 0 1 0 0 0 1 0 1 1 1 1 1 1 1 1 0 1 1 1 0 0 0 1 1 1 0 0 1 1
40	12	1 1 1 1 1 1 0 1 1 0 0 0 0 0 0 0 1 1 0 0 1 0 1 0 0 0 1 0 1 1 1 1 1 1 1 1 1 1 1 1 0 0 0 1 1 1 0 0 1 1
40	1	1 1 1 1 0 1 0 1 1 0 0 0 0 0 0 0 1 1 0 0 1 0 1 0 0 0 1 0 1 1 1 1 1 1 1 1 1 1 1 1 0 0 0 1 1 1 0 0 1 1
50	6	0 1 1 0 0 1 0 1 1 1 1 1 0 1 0 1 0 0 0 0 1 0 1 0 0 0 0 0 0 1 0 0 1 1 0 0 1 0 0 1 0 1 0 1 0 0 0 1 0 1
50	3	0 1 1 0 0 1 0 1 1 1 1 1 0 1 0 1 0 0 0 0 1 1 1 0 0 0 1 0 0 1 0 0 1 1 0 0 1 0 0 1 0 1 0 1 0 0 0 1 0 1
50	1	0 1 1 0 0 1 0 1 1 1 1 1 0 1 0 1 0 0 0 0 1 1 1 0 0 0 0 0 0 1 0 0 1 1 1 0 1 0 0 1 0 1 0 1 0 0 0 1 0 1
50	1	0 1 1 0 0 1 0 1 1 1 1 1 0 1 0 1 0 0 0 0 1 1 1 0 0 0 0 0 0 1 0 0 1 0 0 0 1 0 0 1 0 1 0 1 0 0 0 1 0 1
50	5	1 1 1 0 0 1 0 1 1 1 1 1 0 1 0 1 0 0 0 0 1 1 1 0 0 0 0 0 0 1 0 0 1 1 0 0 1 0 0 1 0 1 0 1 0 0 0 1 0 1
50	1	0 1 1 0 0 1 0 1 1 1 1 0 0 1 0 1 0 0 0 0 1 1 1 0 0 0 0 0 0 1 0 0 1 1 0 0 1 0 0 1 0 1 0 1 0 0 0 1 0 1
50	51	0 1 1 0 0 1 0 1 1 1 1 1 0 1 0 1 0 0 0 0 1 1 1 0 0 0 0 0 0 1 0 0 1 1 0 0 1 0 0 1 0 1 0 1 0 0 0 1 0 1
50	6	0 1 1 0 0 1 0 1 1 1 1 1 0 1 0 1 0 0 0 0 1 1 1 0 0 0 0 0 0 1 0 0 0 1 0 0 1 0 0 1 0 1 0 1 0 0 0 1 0 1
50	1	1 1 1 1 0 1 0 1 1 0 0 1 0 0 0 0 1 1 0 0 0 0 1 0 0 0 1 0 1 1 1 1 1 1 1 1 1 1 1 1 0 0 0 1 1 1 0 0 1 1
50	4	1 1 1 1 0 1 0 1 1 0 0 1 0 0 0 0 1 1 0 0 1 0 1 0 0 0 1 0 1 1 1 1 1 1 1 1 1 1 1 1 0 0 0 1 1 1 0 0 1 1
50	8	1 1 1 1 0 1 0 1 1 0 0 0 0 0 0 0 1 1 0 0 1 0 1 0 0 0 1 0 1 1 1 1 1 1 1 1 0 1 1 1 0 0 0 1 1 1 0 0 1 1
50	11	1 1 1 1 1 1 0 1 1 0 0 0 0 0 0 0 1 1 0 0 1 0 1 0 0 0 1 0 1 1 1 1 1 1 1 1 1 1 1 1 0 0 0 1 1 1 0 0 1 1
50	1	1 1 1 1 0 1 0 1 1 0 0 0 0 0 0 0 1 1 1 0 1 0 1 0 0 0 0 0 1 1 1 1 1 1 1 1 1 1 1 1 0 0 0 1 1 1 0 0 1 1
50	1	1 1 1 1 0 1 0 1 1 0 0 0 0 0 0 0 1 1 1 0 1 0 1 0 0 0 1 0 1 1 1 1 1 1 1 1 1 1 1 1 0 0 0 1 1 1 0 0 1 1
60	4	0 1 1 0 0 1 0 1 1 1 1 1 0 1 1 1 0 0 0 0 1 0 1 0 0 0 0 0 0 1 0 0 1 1 0 0 1 0 0 1 0 1 0 1 0 0 0 1 0 1
60	2	0 1 1 0 0 1 0 1 1 1 1 1 0 1 0 1 0 0 0 0 1 0 1 0 0 0 0 0 0 1 0 0 1 1 0 0 1 0 0 1 0 1 0 1 0 0 0 1 0 1
60	6	1 1 1 0 0 1 0 1 1 1 1 1 0 1 0 1 0 0 0 0 1 1 1 0 0 0 0 0 0 1 0 0 1 1 0 0 1 0 0 1 0 1 0 1 0 0 0 1 0 1
60	39	0 1 1 0 0 1 0 1 1 1 1 1 0 1 0 1 0 0 0 0 1 1 1 0 0 0 0 0 0 1 0 0 1 1 0 0 1 0 0 1 0 1 0 1 0 0 0 1 0 1
60	2	0 1 1 0 0 1 0 1 1 1 1 1 0 1 0 1 0 0 0 0 1 1 1 0 1 0 0 0 0 1 0 0 0 1 0 0 1 0 0 1 0 1 0 1 0 0 0 1 0 1
60	9	0 1 1 0 0 1 0 1 1 1 1 1 0 1 0 1 0 0 0 0 1 1 1 0 0 0 0 0 0 1 0 0 0 1 0 0 1 0 0 1 0 1 0 1 0 0 0 1 0 1
60	1	1 1 1 1 0 1 0 1 1 0 0 1 0 0 0 0 1 1 0 0 0 0 1 0 0 0 1 0 1 1 1 1 1 1 1 1 1 1 1 1 0 0 0 1 1 1 0 0 1 1
60	3	1 1 1 1 0 1 0 1 1 0 0 1 0 0 0 0 1 1 0 0 1 0 1 0 0 0 1 0 1 1 1 1 1 1 1 1 1 1 1 1 0 0 0 1 1 1 0 0 1 1
60	3	1 1 1 1 0 1 0 1 1 0 0 0 0 0 0 0 1 0 0 0 1 0 1 0 0 0 1 0 1 1 1 1 1 1 1 1 0 1 1 1 0 0 0 1 1 1 0 0 1 1
60	2	1 1 1 1 0 1 0 1 1 0 0 0 0 0 0 0 1 1 0 0 1 0 1 0 0 0 1 0 1 1 1 1 1 1 0 1 0 1 1 1 0 0 0 1 1 1 0 0 1 1
60	8	1 1 1 1 0 1 0 1 1 0 0 0 0 0 0 0 1 1 0 0 1 0 1 0 0 0 1 0 1 1 1 1 1 1 1 1 0 1 1 1 0 0 0 1 1 1 0 0 1 1
60	1	1 1 1 1 1 1 0 1 1 0 0 0 0 0 0 0 1 1 0 0 1 0 1 0 0 0 1 0 1 1 1 1 1 1 1 0 1 1 1 1 0 0 0 1 1 1 0 0 1 1
60	19	1 1 1 1 1 1 0 1 1 0 0 0 0 0 0 0 1 1 0 0 1 0 1 0 0 0 1 0 1 1 1 1 1 1 1 1 1 1 1 1 0 0 0 1 1 1 0 0 1 1
60	1	1 1 1 1 0 1 0 1 1 0 0 0 0 0 1 0 1 1 0 0 1 0 1 0 0 0 1 0 1 1 1 1 1 1 1 1 1 1 1 1 0 0 0 1 1 1 0 0 1 1
70	5	0 1 1 0 0 1 0 1 1 1 1 1 0 1 1 1 0 0 0 0 1 0 1 0 0 0 0 0 0 1 0 0 1 1 0 0 1 0 0 1 0 1 0 1 0 0 0 1 0 1
70	2	0 1 1 0 0 1 0 1 1 1 1 1 0 1 0 1 0 0 0 0 1 0 1 0 0 0 0 0 0 1 0 0 1 1 0 0 1 0 0 1 0 1 0 1 0 0 0 1 0 1
70	1	1 1 1 0 0 1 0 1 1 1 1 1 0 1 0 1 0 0 0 0 1 1 1 0 0 0 0 0 0 1 0 0 1 1 0 0 1 0 0 1 0 1 0 0 0 0 1 1 0 1
70	10	1 1 1 0 0 1 0 1 1 1 1 1 0 1 0 1 0 0 0 0 1 1 1 0 0 0 0 0 0 1 0 0 1 1 0 0 1 0 0 1 0 1 0 0 0 0 0 1 0 1
70	10	1 1 1 0 0 1 0 1 1 1 1 1 0 1 0 1 0 0 0 0 1 1 1 0 0 0 0 0 0 1 0 0 1 1 0 0 1 0 0 1 0 1 0 1 0 0 0 1 0 1
70	18	0 1 1 0 0 1 0 1 1 1 1 1 0 1 0 1 0 0 0 0 1 1 1 0 0 0 0 0 0 1 0 0 1 1 0 0 1 0 0 1 0 1 0 1 0 0 0 1 0 1
70	8	0 1 1 0 0 1 0 1 1 1 1 1 0 1 0 1 0 0 0 0 1 1 1 0 0 0 0 0 0 1 0 0 0 1 0 0 1 0 0 1 0 1 0 1 0 0 0 1 0 1
70	1	1 1 1 1 0 1 0 1 1 0 0 1 0 0 0 0 1 1 0 0 0 0 1 0 0 0 1 0 1 1 1 1 1 1 1 1 1 1 1 1 0 0 0 1 1 1 0 0 1 0
70	1	1 1 1 1 0 1 0 1 1 0 0 0 0 0 0 0 1 1 0 0 1 0 1 0 0 0 1 0 1 1 1 1 1 1 0 1 0 1 1 1 0 0 0 1 1 1 0 0 1 1
70	4	1 1 1 1 0 1 0 1 1 0 0 0 0 0 0 0 1 1 0 0 1 0 1 0 0 0 1 0 1 1 1 1 1 1 1 1 1 1 1 1 0 0 0 1 1 1 0 0 1 1
70	6	1 1 1 1 0 1 0 1 1 0 0 0 0 0 0 0 1 1 0 0 1 0 1 0 0 0 1 0 1 1 1 1 1 1 1 1 0 1 1 1 0 0 0 1 1 1 0 0 1 1
70	2	1 1 1 1 1 1 0 1 1 0 0 0 0 0 0 0 1 1 1 0 1 0 1 0 0 0 1 0 1 1 1 1 1 1 1 1 1 1 1 1 0 0 0 1 1 1 0 0 1 1
70	3	1 1 1 1 1 1 0 1 1 0 0 0 0 0 0 0 1 1 0 0 1 0 1 0 0 0 1 0 1 1 1 1 1 1 1 0 1 1 1 1 0 0 0 1 1 1 0 0 1 1
70	1	1 1 1 1 1 1 0 1 1 0 0 0 0 0 0 0 1 1 0 0 1 0 1 0 0 0 1 0 1 1 1 1 1 1 1 1 0 1 1 1 0 0 0 1 1 1 0 0 1 1
70	28	1 1 1 1 1 1 0 1 1 0 0 0 0 0 0 0 1 1 0 0 1 0 1 0 0 0 1 0 1 1 1 1 1 1 1 1 1 1 1 1 0 0 0 1 1 1 0 0 1 1
80	2	0 1 1 0 0 1 0 1 1 1 1 1 0 1 1 1 0 0 0 0 1 0 1 0 0 0 0 0 0 1 0 0 1 1 0 0 1 0 0 1 0 1 0 1 0 0 0 1 0 1
80	3	0 1 1 0 0 1 0 1 1 1 1 1 0 1 0 1 0 0 0 0 1 0 1 0 0 0 0 0 0 1 0 0 1 1 0 0 1 0 0 1 0 1 0 1 0 0 0 1 0 1
80	13	1 1 1 0 0 1 0 1 1 1 1 1 0 1 0 1 0 0 0 0 1 1 1 0 0 0 0 0 0 1 0 0 1 1 0 0 1 0 0 1 0 1 0 0 0 0 0 1 0 1
80	2	1 1 1 0 0 1 0 1 1 1 1 1 0 1 0 1 0 0 0 0 1 1 1 0 1 0 0 0 0 1 0 0 1 1 0 0 1 0 0 1 0 1 0 0 0 0 0 1 0 1
80	1	1 1 1 0 0 1 0 1 1 1 1 1 0 1 0 1 0 0 0 0 1 1 1 0 0 0 0 0 0 1 0 1 1 1 0 0 1 0 0 1 0 1 0 1 0 0 0 1 0 1
80	1	1 1 1 0 0 1 0 1 1 1 1 1 0 1 0 1 0 0 0 0 1 1 1 1 0 0 0 0 0 1 0 0 1 1 0 0 1 0 0 1 0 1 0 1 0 0 0 1 0 1
80	4	1 1 1 0 0 1 0 1 1 1 1 1 0 1 0 1 0 0 0 0 1 1 1 0 0 0 0 0 0 1 0 0 1 1 0 0 1 0 0 1 0 1 0 1 0 0 0 1 0 1
80	5	0 1 1 0 0 1 0 1 1 1 1 1 0 1 0 1 0 0 0 0 1 1 1 0 0 0 0 0 0 1 0 0 1 1 0 0 1 0 0 1 0 1 0 1 0 0 0 1 0 1
80	2	0 1 1 0 0 1 0 1 1 1 1 1 0 1 0 1 0 0 0 0 1 1 1 0 0 0 0 0 0 1 0 0 0 1 0 0 1 0 0 1 0 0 0 1 0 0 0 1 0 1
80	5	0 1 1 0 0 1 0 1 1 1 1 1 0 1 0 1 0 0 0 0 1 1 1 0 0 0 0 0 0 1 0 0 0 1 0 0 1 0 0 1 0 1 0 1 0 0 0 1 0 1
80	4	1 1 1 1 0 1 0 1 1 0 0 1 0 0 0 0 1 1 0 0 0 0 1 0 0 0 1 0 1 1 1 1 1 1 1 1 1 1 1 1 0 0 0 1 1 1 0 0 1 0
80	2	1 1 1 1 0 1 0 1 1 0 0 0 0 0 0 0 1 1 0 0 1 0 1 0 0 0 1 0 1 1 1 1 1 1 1 1 0 1 1 1 0 0 0 1 1 1 0 0 1 1
80	1	1 1 1 1 1 1 0 1 1 0 0 0 0 0 0 0 1 1 0 0 1 0 1 0 0 0 1 0 1 1 1 1 1 1 1 0 1 1 1 1 0 0 0 1 1 1 0 0 1 1
80	7	1 1 1 1 1 1 0 1 1 0 0 0 0 0 0 0 1 1 0 0 1 0 1 0 0 0 1 0 1 1 1 1 1 1 1 1 1 1 1 1 0 0 0 0 1 1 0 0 1 1
80	1	1 1 1 1 1 1 0 1 1 0 0 0 0 0 0 0 1 1 0 0 1 0 1 0 0 0 1 0 1 1 1 1 1 1 1 1 0 1 1 1 0 0 0 1 1 1 0 0 1 1
80	1	1 1 1 1 1 1 0 1 1 0 0 0 0 0 0 0 1 1 0 0 1 0 1 0 0 0 1 0 1 1 1 1 0 1 1 1 1 1 1 1 0 0 0 1 1 1 0 0 1 1
80	46	1 1 1 1 1 1 0 1 1 0 0 0 0 0 0 0 1 1 0 0 1 0 1 0 0 0 1 0 1 1 1 1 1 1 1 1 1 1 1 1 0 0 0 1 1 1 0 0 1 1
90	2	0 1 1 0 0 1 0 1 1 1 1 1 0 1 1 1 0 0 0 0 1 0 1 0 0 0 0 0 0 1 0 0 1 1 0 0 1 0 0 1 0 1 0 1 0 0 0 1 0 1
90	1	1 1 1 0 0 1 0 1 1 1 1 1 0 1 0 1 0 0 0 0 1 1 1 0 1 0 0 0 0 1 0 0 1 1 0 0 1 0 0 1 0 1 0 0 0 0 1 1 0 1
90	1	1 1 1 0 0 1 0 1 1 1 1 1 0 1 0 1 0 0 0 0 1 1 1 0 0 0 0 0 0 1 0 0 1 1 0 0 1 0 0 1 0 1 0 0 0 0 1 1 0 1
90	1	1 1 1 0 0 1 0 1 1 1 1 1 0 1 0 1 0 0 0 0 1 1 1 0 0 0 0 0 0 1 0 1 1 1 0 0 1 0 0 1 0 1 0 0 0 0 0 1 0 1
90	26	1 1 1 0 0 1 0 1 1 1 1 1 0 1 0 1 0 0 0 0 1 1 1 0 0 0 0 0 0 1 0 0 1 1 0 0 1 0 0 1 0 1 0 0 0 0 0 1 0 1
90	4	1 1 1 0 0 1 0 1 1 1 1 1 0 1 0 1 0 0 0 0 1 1 1 0 1 0 0 0 0 1 0 0 1 1 0 0 1 0 0 1 0 1 0 0 0 0 0 1 0 1
90	1	1 1 1 0 0 1 0 1 1 1 1 1 0 1 0 1 0 0 0 0 1 1 1 0 1 0 0 0 0 1 0 0 1 1 0 0 1 0 0 1 0 1 0 1 0 0 0 1 0 1
90	2	1 1 1 0 1 1 0 1 1 1 1 1 1 1 0 1 0 0 0 0 1 1 1 0 0 0 0 0 0 1 0 0 1 1 0 0 1 0 0 1 0 1 0 1 0 0 0 1 0 1
90	3	1 1 1 1 0 1 0 1 1 1 1 1 0 1 0 1 0 0 0 0 1 1 1 0 0 0 0 0 0 1 0 0 1 1 0 0 1 0 0 1 0 1 0 1 0 0 0 1 0 0
90	1	1 1 1 1 0 1 0 1 1 1 1 1 0 1 0 1 0 0 0 0 1 1 1 0 0 0 0 0 0 1 0 0 1 1 0 0 1 0 0 1 0 1 0 1 0 0 0 1 0 1
90	9	1 1 1 0 0 1 0 1 1 1 1 1 0 1 0 1 0 0 0 0 1 1 1 0 0 0 0 0 0 1 0 0 1 1 0 0 1 0 0 1 0 1 0 1 0 0 0 1 0 1
90	2	0 1 1 0 0 1 0 1 1 1 1 1 0 1 0 1 0 0 0 0 1 1 1 0 0 0 0 0 0 1 0 0 1 1 0 0 1 0 0 1 0 1 0 1 0 0 0 1 0 1
90	2	0 1 1 0 0 1 0 1 1 1 1 1 0 1 0 1 0 0 0 0 1 1 1 0 0 0 0 0 0 1 0 0 0 1 0 0 1 0 0 1 0 0 0 1 0 0 0 1 0 1
90	1	1 1 1 1 0 1 0 1 1 0 0 1 0 0 0 0 1 1 0 0 0 0 1 0 0 0 1 0 1 1 1 1 1 1 1 1 1 1 1 1 0 0 0 1 0 1 0 0 1 0
90	1	1 1 1 1 0 1 0 1 1 0 0 1 0 0 0 0 1 1 0 0 0 0 1 0 0 0 1 0 1 1 1 1 1 1 1 1 1 1 1 1 0 0 0 1 1 1 0 0 1 1
90	1	1 1 1 1 0 1 0 1 1 0 0 0 0 0 0 0 1 1 0 0 1 0 1 0 0 0 1 0 1 1 1 1 1 1 1 1 0 1 1 1 0 0 0 1 1 1 0 0 1 1
90	1	1 1 1 1 1 1 0 1 1 0 0 0 0 0 0 0 1 1 0 0 1 0 1 0 0 0 1 0 1 1 1 1 1 1 1 0 1 1 1 1 0 0 0 1 1 1 0 0 1 1
90	8	1 1 1 1 1 1 0 1 1 0 0 0 0 0 0 0 1 1 0 0 1 0 1 0 0 0 1 0 1 1 1 1 1 1 1 1 1 1 1 1 0 0 0 0 1 1 0 0 1 1
90	1	1 1 1 1 1 1 0 1 1 0 0 0 0 0 0 0 1 1 0 0 1 0 1 0 0 0 1 0 1 1 1 1 1 1 1 1 0 1 1 1 0 0 0 1 1 1 0 0 1 1
90	1	1 1 1 1 1 1 0 1 1 0 0 0 0 0 0 0 1 1 0 0 1 0 1 0 0 0 1 0 1 1 1 1 1 1 1 1 1 1 1 1 0 0 0 1 0 1 0 0 1 1
90	1	1 1 1 1 1 1 0 0 1 0 0 0 0 0 0 0 1 1 0 0 1 0 1 0 0 0 1 0 1 1 1 1 1 1 1 1 1 1 1 1 0 0 0 1 1 1 0 0 1 1
90	30	1 1 1 1 1 1 0 1 1 0 0 0 0 0 0 0 1 1 0 0 1 0 1 0 0 0 1 0 1 1 1 1 1 1 1 1 1 1 1 1 0 0 0 1 1 1 0 0 1 1
100	1	1 1 1 0 0 1 0 1 1 1 1 1 0 1 0 1 0 0 0 0 1 1 1 0 1 0 0 0 0 1 0 0 1 1 0 0 1 0 0 1 0 1 0 0 0 0 1 1 0 1
100	1	1 1 1 0 0 1 0 1 1 1 1 1 0 1 0 1 0 0 0 0 1 1 1 0 0 0 0 0 0 1 0 0 1 1 0 0 1 0 0 1 0 1 0 0 0 0 1 1 0 1
100	2	1 1 1 0 0 1 0 1 1 1 1 1 0 1 0 1 0 0 0 0 1 1 1 0 0 0 0 0 0 1 0 0 1 1 0 0 1 0 0 1 0 1 0 0 0 0 0 1 1 1
100	1	1 1 1 0 0 1 0 1 1 1 1 1 0 1 0 1 0 0 0 0 1 1 1 0 0 0 0 0 0 1 0 0 1 1 0 0 1 0 0 1 1 1 0 0 0 0 0 1 0 1
100	2	1 1 1 0 0 1 0 1 1 1 1 1 0 1 0 1 0 0 0 0 1 1 1 0 0 0 1 0 0 1 0 0 1 1 0 0 1 0 0 1 0 1 0 0 0 0 0 1 0 1
100	25	1 1 1 0 0 1 0 1 1 1 1 1 0 1 0 1 0 0 0 0 1 1 1 0 0 0 0 0 0 1 0 0 1 1 0 0 1 0 0 1 0 1 0 0 0 0 0 1 0 1
100	12	1 1 1 1 0 1 0 1 1 1 1 1 0 1 0 1 0 0 0 0 1 1 1 0 0 0 0 0 0 1 0 0 1 1 0 0 1 0 0 1 0 1 0 1 0 0 0 1 0 0
100	7	1 1 1 0 0 1 0 1 1 1 1 1 0 1 0 1 0 0 0 0 1 1 1 0 0 0 0 0 0 1 0 0 1 1 0 0 1 0 0 1 0 1 0 1 0 0 0 1 0 1
100	1	0 1 1 0 0 1 0 1 1 1 1 1 0 1 0 1 0 0 0 0 1 1 1 0 0 0 0 0 0 1 0 0 0 1 0 0 1 0 0 1 0 0 0 1 0 0 0 1 0 1
100	5	1 1 1 1 0 1 0 1 1 0 0 1 0 0 0 0 1 1 0 0 0 0 1 0 0 0 1 0 1 1 1 1 1 1 1 1 1 1 1 1 0 0 0 1 0 1 0 0 1 0
100	1	1 1 1 1 0 1 0 1 1 0 0 0 0 0 0 0 1 1 0 0 1 0 1 0 0 0 1 0 1 1 1 1 1 1 1 1 0 1 1 1 0 0 0 1 1 1 0 0 1 1
100	1	1 1 1 1 1 1 0 1 1 0 0 0 0 0 0 0 1 1 0 0 1 0 1 0 0 0 1 0 1 1 1 1 1 1 1 0 1 1 1 1 0 0 0 1 1 1 0 0 1 1
100	9	1 1 1 1 1 1 0 1 1 0 0 0 0 0 0 0 1 1 0 0 1 0 1 0 0 0 1 0 1 1 1 1 1 1 1 1 1 1 1 1 0 0 0 0 1 1 0 0 1 1
100	2	1 1 1 1 1 1 0 1 1 0 0 0 0 0 0 0 1 1 0 0 1 0 1 0 0 0 1 0 1 1 1 1 1 1 1 1 0 1 1 1 0 0 0 1 1 1 0 0 1 1
100	1	1 1 1 1 1 1 0 1 1 0 0 0 1 0 0 0 1 1 0 0 1 0 1 0 0 0 1 0 1 1 1 1 1 1 1 1 1 1 1 1 0 0 0 1 1 1 0 0 1 1
100	1	1 1 1 1 1 1 0 1 1 0 0 0 0 0 0 0 1 1 0 0 1 0 1 0 0 0 1 0 1 1 1 1 1 1 1 1 1 1 0 1 0 0 0 1 1 1 0 0 1 1
100	1	1 1 1 1 1 1 0 1 1 0 0 0 0 0 0 0 1 1 0 0 1 0 1 0 0 0 1 0 1 1 1 1 1 1 1 1 1 1 1 1 0 0 1 1 1 1 0 0 1 1
100	27	1 1 1 1 1 1 0 1 1 0 0 0 0 0 0 0 1 1 0 0 1 0 1 0 0 0 1 0 1 1 1 1 1 1 1 1 1 1 1 1 0 0 0 1 1 1 0 0 1 1
110	3	1 1 1 0 0 1 0 1 1 1 1 1 0 1 0 1 0 0 0 0 1 1 1 0 0 0 0 0 0 1 0 0 1 1 0 0 1 1 0 1 0 1 0 0 0 0 0 1 0 1
110	36	1 1 1 0 0 1 0 1 1 1 1 1 0 1 0 1 0 0 0 0 1 1 1 0 0 0 0 0 0 1 0 0 1 1 0 0 1 0 0 1 0 1 0 0 0 0 0 1 0 1
110	1	1 1 1 0 0 1 0 1 1 1 1 1 0 1 0 1 0 0 0 0 1 1 1 0 0 0 0 0 0 1 0 0 1 1 0 0 1 0 0 1 0 1 0 1 0 0 0 1 0 1
110	21	1 1 1 1 0 1 0 1 1 1 1 1 0 1 0 1 0 0 0 0 1 1 1 0 0 0 0 0 0 1 0 0 1 1 0 0 1 0 0 1 0 1 0 1 0 0 0 1 0 0
110	1	1 1 1 1 1 1 0 1 1 0 0 0 0 0 0 0 1 1 1 0 1 0 1 0 0 0 1 0 1 1 1 1 1 1 1 1 1 1 1 1 0 0 0 1 1 1 0 0 1 1
110	10	1 1 1 1 1 1 0 1 1 0 0 0 0 0 0 0 1 1 0 0 1 0 1 0 0 0 1 0 1 1 1 1 1 1 1 1 1 1 1 1 0 0 0 0 1 1 0 0 1 1
110	1	1 1 1 1 1 1 0 1 1 0 1 0 0 0 0 0 1 1 0 0 1 0 1 0 0 0 1 0 1 1 1 1 1 1 1 1 1 1 1 1 0 0 0 1 1 1 0 0 1 1
110	1	1 1 1 1 1 1 0 1 1 0 0 0 0 0 0 0 1 1 0 0 1 0 1 0 0 0 1 0 1 1 0 1 1 1 1 1 1 1 1 1 0 0 0 1 1 1 0 0 1 1
110	1	1 1 1 1 1 1 0 1 1 0 0 0 0 0 0 0 1 1 0 0 1 0 1 0 0 0 1 0 1 1 1 1 1 1 1 1 1 1 1 1 0 0 1 1 1 1 0 0 1 1
110	1	1 1 1 1 1 1 0 1 1 0 0 0 0 0 0 0 1 1 0 0 1 0 1 0 0 0 1 0 1 1 1 1 1 1 1 1 1 1 1 1 0 0 0 1 1 1 0 0 1 0
110	1	1 1 1 1 1 1 0 1 1 0 0 0 0 0 0 0 1 1 0 0 1 0 1 0 0 0 1 0 1 1 1 1 1 1 1 1 1 1 1 1 0 1 0 1 1 1 0 0 1 1
110	23	1 1 1 1 1 1 0 1 1 0 0 0 0 0 0 0 1 1 0 0 1 0 1 0 0 0 1 0 1 1 1 1 1 1 1 1 1 1 1 1 0 0 0 1 1 1 0 0 1 1
120	24	1 1 1 0 0 1 0 1 1 1 1 1 0 1 0 1 0 0 0 0 1 1 1 0 0 0 0 0 0 1 0 0 1 1 0 0 1 0 0 1 0 1 0 0 0 0 0 1 0 1
120	1	1 1 1 0 0 1 0 1 1 1 1 1 0 1 0 1 0 0 0 1 1 1 1 0 0 0 0 0 0 1 0 0 1 1 0 0 1 0 0 1 0 1 0 1 0 0 0 1 0 1
120	1	1 1 1 0 0 1 0 1 1 1 1 1 0 1 0 1 0 0 0 0 1 1 1 0 0 0 0 0 0 1 0 0 1 1 0 0 1 0 0 1 0 1 0 1 0 0 0 1 0 1
120	47	1 1 1 1 0 1 0 1 1 1 1 1 0 1 0 1 0 0 0 0 1 1 1 0 0 0 0 0 0 1 0 0 1 1 0 0 1 0 0 1 0 1 0 1 0 0 0 1 0 0
120	1	1 1 1 1 0 1 0 1 1 0 0 1 0 0 0 0 1 1 0 0 0 0 1 0 0 0 1 0 1 1 1 1 1 1 1 1 1 1 1 1 0 0 0 1 0 1 0 0 1 0
120	2	1 1 1 1 1 1 0 1 1 0 0 0 0 0 0 0 1 1 0 0 1 0 1 0 0 0 1 0 1 1 1 1 1 1 1 0 1 1 1 1 0 0 0 1 1 1 0 0 1 1
120	1	1 1 1 1 1 1 1 1 1 0 0 0 0 0 0 0 1 1 0 0 1 0 1 0 0 0 1 0 1 1 1 1 1 1 1 0 1 1 1 1 0 0 0 0 1 1 0 0 1 1
120	1	1 1 1 1 1 1 0 1 1 1 0 0 0 0 0 0 1 1 0 0 1 0 1 0 0 0 1 0 1 1 1 1 1 1 1 1 1 1 1 1 0 0 0 0 1 1 0 0 1 1
120	9	1 1 1 1 1 1 0 1 1 0 0 0 0 0 0 0 1 1 0 0 1 0 1 0 0 0 1 0 1 1 1 1 1 1 1 1 1 1 1 1 0 0 0 0 1 1 0 0 1 1
120	13	1 1 1 1 1 1 0 1 1 0 0 0 0 0 0 0 1 1 0 0 1 0 1 0 0 0 1 0 1 1 1 1 1 1 1 1 1 1 1 1 0 0 0 1 1 1 0 0 1 1
130	2	0 1 1 0 0 1 0 1 1 1 1 1 0 1 0 1 0 0 0 0 1 1 1 0 0 0 0 0 0 1 0 0 1 1 0 0 1 0 0 1 0 1 0 0 0 0 0 1 0 1
130	1	1 1 1 0 0 1 0 0 1 1 1 1 0 1 0 1 0 0 0 0 1 1 1 0 0 0 0 0 0 1 0 0 1 1 0 0 1 0 0 1 0 1 0 0 0 0 0 1 0 1
130	27	1 1 1 0 0 1 0 1 1 1 1 1 0 1 0 1 0 0 0 0 1 1 1 0 0 0 0 0 0 1 0 0 1 1 0 0 1 0 0 1 0 1 0 0 0 0 0 1 0 1
130	5	1 1 1 1 0 1 0 1 1 1 1 1 1 1 0 1 0 0 0 0 1 1 1 0 0 0 0 0 0 1 0 0 1 1 0 0 1 0 0 1 0 1 0 1 0 0 0 1 0 0
130	3	1 1 1 1 0 1 0 1 1 1 1 1 0 1 0 1 0 0 0 0 1 1 1 0 0 0 0 0 0 1 0 0 1 1 0 0 1 0 0 1 0 0 0 1 0 0 0 1 0 0
130	1	1 1 1 1 0 1 0 1 1 1 1 1 0 1 0 1 0 0 0 0 1 1 1 0 0 0 0 0 0 1 0 0 1 1 0 0 1 0 0 1 0 1 0 1 0 0 0 0 0 0
130	1	1 1 1 1 0 1 0 1 1 1 1 1 0 1 0 1 0 0 0 0 1 1 1 0 0 0 0 0 0 1 0 1 1 1 0 0 1 0 0 1 0 1 0 1 0 0 0 1 0 0
130	48	1 1 1 1 0 1 0 1 1 1 1 1 0 1 0 1 0 0 0 0 1 1 1 0 0 0 0 0 0 1 0 0 1 1 0 0 1 0 0 1 0 1 0 1 0 0 0 1 0 0
130	1	1 1 1 1 0 1 0 1 1 0 0 1 0 0 0 0 1 1 0 0 0 0 1 0 0 0 1 0 1 1 1 1 1 1 1 1 1 1 1 1 0 0 0 1 0 1 0 0 1 0
130	2	1 1 1 1 1 1 0 1 1 1 0 0 0 0 0 0 1 1 0 0 1 0 1 0 0 0 1 0 1 1 1 1 1 1 1 1 1 1 1 1 0 0 0 0 1 1 0 0 1 1
130	5	1 1 1 1 1 1 0 1 1 0 0 0 0 0 0 0 1 1 0 0 1 0 1 0 0 0 1 0 1 1 1 1 1 1 1 1 1 1 1 1 0 0 0 0 1 1 0 0 1 1
130	4	1 1 1 1 1 1 0 1 1 0 0 0 0 0 0 0 1 1 0 0 1 0 1 0 0 0 1 0 1 1 1 1 1 1 1 1 1 1 1 1 0 0 0 1 1 1 0 0 1 1
140	15	1 1 1 0 0 1 0 1 1 1 1 1 0 1 0 1 0 0 0 0 1 1 1 0 0 0 0 0 0 1 0 0 1 1 0 0 1 0 0 1 0 1 0 0 0 0 0 1 0 1
140	3	1 1 1 1 0 1 0 1 1 1 1 1 1 1 0 1 0 0 0 0 1 1 1 0 0 0 0 0 0 1 0 0 1 1 0 0 1 0 0 1 0 1 0 1 0 0 0 1 0 0
140	5	1 1 1 1 0 1 0 1 1 1 1 1 0 1 0 1 0 0 0 0 1 1 1 0 0 0 0 0 0 1 0 0 1 1 0 0 1 0 0 1 0 0 0 1 0 0 0 1 0 0
140	1	1 1 1 1 0 1 0 1 1 1 1 1 0 1 0 0 0 0 0 0 1 1 1 0 0 0 0 0 0 1 0 0 1 1 0 0 1 0 0 1 0 1 0 1 0 0 0 1 0 0
140	1	1 1 1 1 0 1 0 1 1 1 1 1 0 1 0 1 0 0 0 0 1 1 1 0 0 0 0 0 0 1 0 0 1 1 0 0 1 0 0 1 0 1 0 1 1 0 0 1 0 0
140	1	1 1 1 1 0 1 1 1 1 1 1 1 0 1 0 1 0 0 0 0 1 1 1 0 0 0 0 0 0 1 0 0 1 1 0 0 1 0 0 1 0 1 0 1 0 0 0 1 0 0
140	1	1 0 1 1 0 1 0 1 1 1 1 1 0 1 0 1 0 0 0 0 1 1 1 0 0 0 0 0 0 1 0 0 1 1 0 0 1 0 0 1 0 1 0 1 0 0 0 1 0 0
140	68	1 1 1 1 0 1 0 1 1 1 1 1 0 1 0 1 0 0 0 0 1 1 1 0 0 0 0 0 0 1 0 0 1 1 0 0 1 0 0 1 0 1 0 1 0 0 0 1 0 0
140	1	1 1 1 1 0 1 0 1 1 0 0 1 0 0 0 0 1 1 0 0 0 0 1 0 0 0 1 0 1 1 1 1 1 1 1 1 1 1 1 1 0 0 0 1 0 1 0 0 1 0
140	1	1 1 1 1 1 1 0 1 1 1 0 0 0 0 0 0 1 1 0 0 1 0 1 0 0 0 1 0 1 1 1 1 1 1 1 1 1 1 1 1 0 0 0 0 1 1 0 0 1 1
140	3	1 1 1 1 1 1 0 1 1 0 0 0 0 0 0 0 1 1 0 0 1 0 1 0 0 0 1 0 1 1 1 1 1 1 1 1 1 1 1 1 0 0 0 0 1 1 0 0 1 1
150	7	1 1 1 0 0 1 0 1 1 1 1 1 0 1 0 1 0 0 0 0 1 1 1 0 0 0 0 0 0 1 0 0 1 1 0 0 1 0 0 1 0 1 0 0 0 0 0 1 0 1
150	6	1 1 1 1 0 1 0 1 1 1 1 1 1 1 0 1 0 0 0 0 1 1 1 0 0 0 0 0 0 1 0 0 1 1 0 0 1 0 0 1 0 1 0 1 0 0 0 1 0 0
150	1	1 1 1 1 0 1 0 1 1 1 1 1 0 0 0 1 0 0 0 1 1 1 1 0 0 0 0 0 0 1 0 0 1 1 0 0 1 0 0 1 0 0 0 1 0 0 0 1 0 0
150	19	1 1 1 1 0 1 0 1 1 1 1 1 0 1 0 1 0 0 0 0 1 1 1 0 0 0 0 0 0 1 0 0 1 1 0 0 1 0 0 1 0 0 0 1 0 0 0 1 0 0
150	2	1 1 1 1 0 1 0 1 1 1 1 1 0 1 0 1 0 0 0 0 1 1 1 0 0 0 0 0 0 1 0 0 1 1 0 0 1 0 0 1 0 1 0 1 0 0 0 0 0 0
150	1	1 1 1 1 0 1 0 1 1 1 1 1 0 1 0 1 0 0 0 0 1 1 1 0 0 0 0 0 0 1 0 1 1 1 0 0 1 0 0 1 0 1 0 1 0 0 0 1 0 0
150	1	1 1 1 1 0 1 0 1 1 1 1 1 0 1 0 1 0 0 0 0 1 1 1 0 0 0 0 0 0 1 0 0 1 1 0 0 1 0 0 1 0 1 0 1 1 0 0 1 0 0
150	1	1 1 1 1 0 1 1 1 1 1 1 1 0 1 0 1 0 0 0 0 1 1 1 0 0 0 0 0 0 0 0 0 1 1 0 0 1 0 0 1 0 1 0 1 0 0 0 1 0 0
150	1	1 1 1 1 0 1 1 1 1 1 1 1 0 1 0 1 0 0 0 0 1 1 1 0 0 0 0 0 0 1 0 0 1 1 0 0 1 0 0 1 0 1 0 1 0 0 0 1 0 0
150	1	1 1 1 1 0 1 0 1 1 1 1 1 0 1 1 1 0 0 0 0 1 1 1 0 0 0 0 0 0 1 0 0 1 1 0 0 1 0 0 1 0 1 0 1 0 0 0 1 0 0
150	2	1 1 1 1 0 1 0 1 1 1 1 1 0 1 0 1 0 0 0 1 1 1 1 0 0 0 0 0 0 1 0 0 1 1 0 0 1 0 0 1 0 1 0 1 0 0 0 1 0 0
150	2	1 1 1 1 0 1 0 1 1 1 1 1 0 1 0 1 0 0 1 0 1 1 1 0 0 0 0 0 0 1 0 0 1 1 0 0 1 0 0 1 0 1 0 1 0 0 0 1 0 0
150	1	1 1 0 1 0 1 0 1 1 1 1 1 0 1 0 1 0 0 0 0 1 1 1 0 0 0 0 0 0 1 0 0 1 1 0 0 1 0 0 1 0 1 0 1 0 0 0 1 0 0
150	1	1 1 1 1 0 1 0 1 1 1 1 1 0 1 0 1 0 0 0 0 1 1 1 0 0 0 0 0 0 1 0 0 1 1 0 0 1 0 0 1 0 1 0 1 0 0 0 1 1 0
150	50	1 1 1 1 0 1 0 1 1 1 1 1 0 1 0 1 0 0 0 0 1 1 1 0 0 0 0 0 0 1 0 0 1 1 0 0 1 0 0 1 0 1 0 1 0 0 0 1 0 0
150	4	1 1 1 1 1 1 0 1 1 1 0 0 0 0 0 0 1 1 0 0 1 0 1 0 0 0 1 0 1 1 1 1 1 1 1 1 1 1 1 1 0 0 0 0 1 1 0 0 1 1
160	1	1 1 1 0 0 1 0 1 1 1 1 1 0 1 0 1 0 0 0 0 1 1 1 0 0 0 0 0 0 1 0 0 1 1 0 0 1 0 0 1 0 0 0 0 0 0 0 1 0 1
160	4	1 1 1 0 0 1 0 1 1 1 1 1 0 1 0 1 0 0 0 0 1 1 1 0 0 0 0 0 0 1 0 0 1 1 0 0 1 0 0 1 0 1 0 0 0 0 0 1 0 1
160	2	1 1 1 1 0 1 0 1 1 1 1 1 1 1 0 1 0 0 0 0 1 1 1 0 0 0 0 0 0 1 0 0 1 1 0 0 1 0 0 1 0 1 0 1 0 0 0 1 0 0
160	2	1 1 1 1 0 1 0 1 1 1 1 1 0 0 0 1 0 0 0 1 1 1 1 0 0 0 0 0 0 1 0 0 1 1 0 0 1 0 0 1 0 0 0 1 0 0 0 1 0 0
160	4	1 1 1 1 0 1 0 1 1 1 1 1 0 1 0 1 0 0 0 0 1 1 1 0 0 0 0 0 0 1 1 0 1 1 0 0 1 0 0 1 0 0 0 1 0 0 0 1 0 0
160	28	1 1 1 1 0 1 0 1 1 1 1 1 0 1 0 1 0 0 0 0 1 1 1 0 0 0 0 0 0 1 0 0 1 1 0 0 1 0 0 1 0 0 0 1 0 0 0 1 0 0
160	2	1 1 1 1 0 1 0 1 1 1 1 1 0 1 0 1 0 0 0 0 1 1 1 0 0 0 0 0 0 1 0 1 1 1 0 0 1 0 0 1 0 1 0 1 0 0 0 1 0 0
160	1	1 1 1 1 0 1 0 1 1 1 1 1 0 1 0 1 0 0 0 0 1 1 1 0 0 0 0 0 0 1 0 0 1 1 0 0 1 0 0 1 0 1 0 1 1 0 0 1 0 0
160	1	1 1 1 1 0 1 1 1 1 1 1 1 0 1 0 1 0 0 0 0 1 1 1 0 0 0 0 0 0 1 0 0 1 1 0 0 1 0 1 1 0 1 0 1 0 0 0 1 0 0
160	8	1 1 1 1 0 1 1 1 1 1 1 1 0 1 0 1 0 0 0 0 1 1 1 0 0 0 0 0 0 1 0 0 1 1 0 0 1 0 0 1 0 1 0 1 0 0 0 1 0 0
160	1	1 1 1 1 0 1 0 1 1 1 1 1 0 1 0 1 0 0 0 0 1 1 1 0 0 0 0 0 0 1 0 0 0 1 0 0 1 0 0 1 0 1 0 1 0 0 0 1 0 0
160	1	1 1 0 1 0 1 0 1 1 1 1 1 0 1 0 1 0 0 0 0 1 1 1 0 0 0 0 0 0 1 0 0 1 1 0 0 1 0 0 1 0 1 0 1 0 0 0 1 0 0
160	1	1 1 1 1 0 1 0 1 1 1 1 1 0 1 0 1 0 0 0 0 1 1 1 0 0 0 0 0 0 1 0 0 1 1 0 1 1 0 0 1 0 1 0 1 0 0 0 1 0 0
160	43	1 1 1 1 0 1 0 1 1 1 1 1 0 1 0 1 0 0 0 0 1 1 1 0 0 0 0 0 0 1 0 0 1 1 0 0 1 0 0 1 0 1 0 1 0 0 0 1 0 0
160	1	1 1 1 1 1 1 0 1 1 1 0 0 0 0 0 0 1 1 0 0 1 0 1 0 0 0 1 0 1 1 1 1 1 1 1 1 1 1 1 1 0 0 0 0 1 1 0 0 1 1
170	1	1 1 1 0 0 1 0 1 1 1 1 1 1 1 0 1 0 0 0 0 1 1 1 0 0 0 0 0 0 1 0 0 1 1 0 0 1 0 0 1 0 1 0 0 0 0 0 1 0 1
170	1	1 1 1 0 0 1 0 1 1 1 1 1 0 1 0 1 0 0 0 0 1 1 1 0 0 0 0 0 0 1 0 0 1 1 0 0 1 0 0 1 0 1 0 0 0 0 0 1 0 1
170	3	1 1 1 1 0 1 0 1 1 1 1 1 1 1 0 1 0 0 0 0 1 1 1 0 0 0 0 0 0 1 0 0 1 1 0 0 1 0 0 1 0 1 0 1 0 0 0 1 0 0
170	5	1 1 1 1 0 1 0 1 1 1 1 1 0 0 0 1 0 0 0 1 1 1 1 0 0 0 0 0 0 1 0 0 1 1 0 0 1 0 0 1 0 0 0 1 0 0 0 1 0 0
170	1	1 1 1 1 0 1 0 1 1 1 1 1 0 1 0 1 0 0 0 0 1 1 1 0 0 0 0 0 0 1 1 0 1 1 0 0 1 0 0 1 0 0 0 1 0 0 0 1 0 0
170	1	1 1 1 1 0 1 0 1 1 1 1 1 0 1 0 1 0 0 0 0 0 1 1 0 0 0 0 0 0 1 0 0 1 1 0 0 1 0 0 1 0 0 0 1 0 0 0 1 0 0
170	2	1 1 1 1 0 1 0 1 1 1 1 1 0 1 0 1 0 0 0 0 1 1 1 0 0 0 0 0 0 1 0 0 1 1 0 0 1 0 0 1 0 0 0 0 0 0 0 1 0 0
170	1	1 1 1 1 0 1 0 1 1 1 1 1 0 1 0 1 0 0 1 0 1 1 1 0 0 0 0 0 0 1 0 0 1 1 0 0 1 0 0 1 0 0 0 1 0 0 0 1 0 0
170	1	1 1 1 1 0 0 0 1 1 1 1 1 0 1 0 1 0 0 0 0 1 1 1 0 0 0 0 0 0 1 0 0 1 1 0 0 1 0 0 1 0 1 0 1 0 0 0 1 0 0
170	1	1 1 1 1 0 1 0 1 1 1 1 1 0 1 0 1 0 0 0 0 1 1 1 0 0 0 0 0 0 1 0 0 1 1 0 0 1 0 0 1 0 1 0 1 0 0 0 1 1 0
170	25	1 1 1 1 0 1 0 1 1 1 1 1 0 1 0 1 0 0 0 0 1 1 1 0 0 0 0 0 0 1 0 0 1 1 0 0 1 0 0 1 0 1 0 1 0 0 0 1 0 0
170	39	1 1 1 1 0 1 0 1 1 1 1 1 0 1 0 1 0 0 0 0 1 1 1 0 0 0 0 0 0 1 0 0 1 1 0 0 1 0 0 1 0 0 0 1 0 0 0 1 0 0
170	1	1 1 1 1 0 1 1 0 1 1 1 1 0 1 0 1 0 0 0 0 1 1 1 0 0 0 0 0 0 1 0 0 0 1 0 0 1 0 0 1 0 1 0 1 0 0 0 1 0 0
170	2	1 1 1 1 0 1 1 0 1 1 1 1 0 1 0 1 0 0 0 0 1 1 1 0 0 0 0 0 0 1 0 0 1 1 0 0 1 0 0 1 0 1 0 1 0 0 0 1 0 0
170	3	1 1 1 1 0 1 1 1 1 1 1 1 0 1 0 1 0 0 0 0 1 1 1 0 0 0 0 0 0 1 0 0 1 1 0 0 1 0 1 1 0 1 0 1 0 0 0 1 0 0
170	6	1 1 1 1 0 1 1 1 1 1 1 1 0 1 0 1 0 0 0 0 1 1 1 0 0 0 0 0 0 1 0 0 1 1 0 0 1 0 0 1 0 1 0 1 0 0 0 1 0 0
170	2	1 1 1 1 0 1 0 1 1 1 1 1 0 1 0 1 0 0 0 0 1 1 1 0 0 0 0 0 0 1 0 0 0 1 0 0 1 0 0 1 0 1 0 1 0 0 0 1 0 0
170	1	1 1 1 1 0 1 0 1 1 1 1 1 0 1 0 1 0 0 0 0 1 1 1 0 0 0 0 0 0 1 0 0 1 1 0 0 1 0 0 1 0 1 0 0 0 0 0 1 0 0
170	3	1 1 1 1 0 1 0 1 1 1 1 1 0 1 0 1 0 0 0 1 1 1 1 0 0 0 0 0 0 1 0 0 1 1 0 0 1 0 0 1 0 1 0 1 0 0 0 1 0 0
170	1	1 1 1 1 0 1 0 1 1 1 1 1 0 1 0 1 0 0 0 0 1 1 1 0 0 0 0 0 0 1 0 0 1 1 0 0 1 0 1 1 0 1 0 1 0 0 0 1 0 0
180	8	1 1 1 1 0 1 0 1 1 1 1 1 0 0 0 1 0 0 0 1 1 1 1 0 0 0 0 0 0 1 0 0 1 1 0 0 1 0 0 1 0 0 0 1 0 0 0 1 0 0
180	1	1 1 1 1 0 1 0 1 1 1 1 1 0 1 0 1 0 1 0 0 1 1 1 0 0 0 0 0 0 1 1 0 1 1 0 0 1 0 0 1 0 0 0 1 0 0 0 1 0 0
180	5	1 1 1 1 0 1 0 1 1 1 1 1 0 1 0 1 0 0 0 0 1 1 1 0 0 0 0 0 0 1 1 0 1 1 0 0 1 0 0 1 0 0 0 1 0 0 0 1 0 0
180	1	1 1 1 1 0 1 0 1 1 1 1 1 0 0 0 1 0 0 0 0 1 1 1 0 0 0 0 0 0 1 0 0 1 1 0 0 1 0 0 1 0 0 0 1 0 0 0 1 0 0
180	1	1 1 1 1 0 1 0 1 1 1 1 1 0 1 0 1 0 0 0 1 0 1 1 0 0 0 0 0 0 1 0 0 1 1 0 0 1 0 0 1 0 0 0 1 0 0 0 1 0 0
180	3	1 1 1 1 0 1 0 1 1 1 1 1 0 1 0 1 0 0 0 0 1 1 1 0 0 0 0 1 0 1 0 0 1 1 0 0 1 0 0 1 0 0 0 1 0 0 0 1 0 0
180	1	1 1 1 1 0 1 0 1 1 1 1 1 0 1 0 1 0 0 0 0 1 1 1 0 0 0 0 0 0 1 0 0 1 1 0 0 1 0 0 1 0 0 0 0 0 0 0 0 0 0
180	6	1 1 1 1 0 1 0 1 1 1 1 1 0 1 0 1 0 0 0 0 1 1 1 0 0 0 0 0 0 1 0 0 1 1 0 0 1 0 0 1 0 0 0 0 0 0 0 1 0 0
180	7	1 1 1 1 0 1 0 1 1 1 1 1 0 1 0 1 0 0 1 0 1 1 1 0 0 0 0 0 0 1 0 0 1 1 0 0 1 0 0 1 0 0 0 1 0 0 0 1 0 0
180	11	1 1 1 1 0 1 0 1 1 1 1 1 0 1 0 1 0 0 0 0 1 1 1 0 0 0 0 0 0 1 0 0 1 1 0 0 1 0 0 1 0 1 0 1 0 0 0 1 0 0
180	1	1 1 1 1 1 1 0 1 1 1 1 1 0 1 0 1 0 0 0 0 1 1 1 0 0 0 0 0 0 1 0 0 1 1 0 0 1 0 0 1 0 0 0 1 0 0 0 1 0 0
180	44	1 1 1 1 0 1 0 1 1 1 1 1 0 1 0 1 0 0 0 0 1 1 1 0 0 0 0 0 0 1 0 0 1 1 0 0 1 0 0 1 0 0 0 1 0 0 0 1 0 0
180	1	1 1 1 1 0 1 0 1 1 1 1 1 0 1 0 1 0 0 0 0 1 1 1 0 0 0 0 0 0 1 0 1 1 1 0 0 1 0 0 1 0 1 0 1 0 0 0 1 0 0
180	1	1 1 1 1 0 1 1 1 1 1 1 1 0 1 0 1 0 0 0 0 1 1 1 0 0 0 0 0 0 1 0 0 1 1 0 0 1 0 1 1 0 1 0 1 0 0 0 1 0 0
180	7	1 1 1 1 0 1 1 1 1 1 1 1 0 1 0 1 0 0 0 0 1 1 1 0 0 0 0 0 0 1 0 0 1 1 0 0 1 0 0 1 0 1 0 1 0 0 0 1 0 0
180	1	1 1 1 1 0 1 0 1 1 1 1 1 0 1 0 1 0 0 0 0 1 1 1 0 0 0 0 0 0 1 0 0 0 1 0 0 1 1 0 1 0 1 0 0 0 0 0 1 0 0
180	1	1 1 1 1 0 1 0 1 1 1 1 1 0 1 0 1 0 0 0 0 1 1 1 0 0 0 0 0 0 1 0 0 0 1 0 0 1 0 0 1 0 1 0 0 0 0 0 1 0 0
190	2	1 1 1 1 0 1 0 1 1 1 1 1 1 1 0 1 0 0 0 0 1 1 1 0 0 0 0 0 0 1 0 0 1 1 0 0 1 0 0 1 0 1 0 1 0 0 0 1 0 0
190	11	1 1 1 1 0 1 0 1 1 1 1 1 0 0 0 1 0 0 0 1 1 1 1 0 0 0 0 0 0 1 0 0 1 1 0 0 1 0 0 1 0 0 0 1 0 0 0 1 0 0
190	1	1 1 1 1 0 1 0 1 1 1 1 1 0 1 0 1 0 1 0 0 1 1 1 0 0 0 0 0 0 1 1 0 1 1 0 0 1 0 0 1 0 0 0 1 0 0 0 1 0 0
190	3	1 1 1 1 0 1 0 1 1 1 1 1 0 1 0 1 0 0 0 0 1 1 1 0 0 0 0 0 0 1 1 0 1 1 0 0 1 0 0 1 0 0 0 1 0 0 0 1 0 0
190	6	1 1 1 1 0 1 0 1 1 1 1 1 0 1 0 1 0 0 0 0 0 1 1 0 0 0 0 0 0 1 0 0 1 1 0 0 1 0 0 1 0 0 0 1 0 0 0 1 0 0
190	2	1 1 1 1 0 1 0 1 1 1 1 1 0 1 0 1 0 0 0 0 1 1 1 0 0 0 0 0 0 1 0 0 1 1 0 0 1 0 0 1 0 0 0 0 0 0 0 0 0 0
190	8	1 1 1 1 0 1 0 1 1 1 1 1 0 1 0 1 0 0 0 0 1 1 1 0 0 0 0 0 0 1 0 0 1 1 0 0 1 0 0 1 0 0 0 0 0 0 0 1 0 0
190	3	1 1 1 1 0 1 0 1 1 1 1 1 0 1 0 1 0 0 1 0 1 1 1 0 0 0 0 0 0 1 0 0 1 1 0 0 1 0 0 1 0 0 0 1 0 0 0 1 0 0
190	1	1 1 1 1 0 1 0 1 1 1 1 1 0 1 0 1 0 0 0 0 1 1 1 0 0 0 0 0 0 1 0 0 1 1 0 0 1 0 0 1 0 1 0 1 0 0 0 1 0 0
190	1	1 1 1 1 1 1 0 1 1 1 1 1 0 1 0 1 0 0 0 0 1 1 1 0 0 0 0 0 0 1 0 0 1 1 0 0 1 0 0 1 0 0 0 1 0 0 0 1 0 0
190	7	1 1 1 1 0 1 0 1 1 1 0 1 0 1 0 1 0 0 0 0 1 1 1 0 0 0 0 0 0 1 0 0 1 1 0 0 1 0 0 1 0 0 0 1 0 0 0 1 0 0
190	1	1 1 1 1 0 1 0 1 1 1 1 1 0 1 0 1 0 0 0 0 1 1 1 0 0 0 0 0 0 1 0 0 1 1 0 0 1 0 0 1 0 0 0 1 0 1 0 1 0 0
190	1	1 1 1 1 0 1 0 1 1 1 1 1 0 1 0 1 0 0 0 0 1 1 1 0 0 0 0 0 0 1 0 0 1 1 0 0 1 0 0 1 0 0 0 1 0 0 0 0 0 0
190	1	1 1 1 1 0 1 0 1 1 1 1 1 0 1 0 1 0 0 0 0 1 1 1 0 0 0 0 0 0 1 0 0 1 1 0 0 1 0 0 1 0 0 0 1 0 0 0 1 1 0
190	43	1 1 1 1 0 1 0 1 1 1 1 1 0 1 0 1 0 0 0 0 1 1 1 0 0 0 0 0 0 1 0 0 1 1 0 0 1 0 0 1 0 0 0 1 0 0 0 1 0 0
190	1	1 1 1 1 0 1 1 1 1 1 1 1 0 1 0 1 0 0 0 0 1 1 0 0 0 0 0 0 0 1 0 0 1 1 0 0 1 0 0 1 0 1 0 1 0 0 0 1 0 0
190	1	1 1 1 1 1 1 1 1 1 1 1 1 0 0 0 1 0 0 0 0 1 1 1 0 0 0 0 0 0 1 0 0 1 1 0 0 1 0 0 1 0 1 0 1 0 0 0 1 0 0
190	1	1 1 1 1 1 1 1 1 1 1 1 1 0 1 0 1 0 0 0 0 1 1 1 0 0 0 0 0 0 1 0 0 1 1 0 0 1 0 0 1 0 1 0 1 0 0 0 1 0 0
190	6	1 1 1 1 0 1 1 1 1 1 1 1 0 1 0 1 0 0 0 0 1 1 1 0 0 0 0 0 0 1 0 0 1 1 0 0 1 0 0 1 0 1 0 1 0 0 0 1 0 0
200	1	1 1 1 1 0 1 0 1 1 1 1 1 0 0 0 1 0 0 0 1 1 1 1 0 0 0 0 0 0 1 0 0 1 0 0 0 1 0 0 1 0 0 0 1 0 0 0 1 0 0
200	8	1 1 1 1 0 1 0 1 1 1 1 1 0 0 0 1 0 0 0 1 1 1 1 0 0 0 0 0 0 1 0 0 1 1 0 0 1 0 0 1 0 0 0 1 0 0 0 1 0 0
200	1	1 1 1 1 0 1 0 1 1 1 1 1 0 1 0 1 0 1 0 0 1 1 1 0 0 0 0 0 0 1 1 0 1 1 0 0 1 0 0 1 0 0 0 1 0 0 0 1 0 0
200	1	1 1 1 1 0 1 0 1 1 1 1 1 0 1 0 1 0 0 0 0 0 1 1 1 0 0 0 0 0 1 0 0 1 1 0 0 1 0 0 1 0 0 0 1 0 0 0 1 0 0
200	6	1 1 1 1 0 1 0 1 1 1 1 1 0 1 0 1 0 0 0 0 0 1 1 0 0 0 0 0 0 1 0 0 1 1 0 0 1 0 0 1 0 0 0 1 0 0 0 1 0 0
200	18	1 1 1 1 0 1 0 1 1 1 1 1 0 1 0 1 0 0 0 0 1 1 1 0 0 0 0 0 0 1 0 0 1 1 0 0 1 0 0 1 0 0 0 0 0 0 0 0 0 0
200	11	1 1 1 1 0 1 0 1 1 1 1 1 0 1 0 1 0 0 0 0 1 1 1 0 0 0 0 0 0 1 0 0 1 1 0 0 1 0 0 1 0 0 0 0 0 0 0 1 0 0
200	2	1 1 1 1 0 1 0 1 1 1 1 1 0 1 0 1 0 0 1 0 1 1 1 0 0 0 0 0 0 1 0 0 1 1 0 0 1 0 0 1 0 0 0 1 0 0 0 1 0 0
200	2	1 1 1 1 0 1 0 1 1 1 1 1 0 1 0 1 0 0 0 0 1 1 1 0 0 0 0 0 0 1 0 0 1 1 0 0 1 0 0 1 0 1 0 1 0 0 0 1 0 0
200	6	1 1 1 1 0 1 0 1 1 1 0 1 0 1 0 1 0 0 0 0 1 1 1 0 0 0 0 0 0 1 0 0 1 1 0 0 1 0 0 1 0 0 0 1 0 0 0 1 0 0
200	1	1 1 1 1 0 1 0 1 1 1 1 1 0 1 0 1 0 0 0 0 1 1 1 0 0 0 0 0 0 1 0 0 1 1 0 0 1 0 0 1 0 0 0 1 0 1 0 1 0 0
200	3	1 1 1 1 0 1 0 1 1 1 1 1 0 1 0 1 0 0 0 0 1 1 1 0 0 0 0 0 0 1 0 0 1 1 0 0 1 0 0 1 0 0 0 1 0 0 0 0 0 0
200	1	1 1 1 1 0 1 0 1 1 1 1 1 0 1 0 1 0 0 0 0 1 1 1 0 0 0 0 0 0 1 0 0 1 1 0 0 1 0 0 1 0 0 0 1 0 0 0 1 0 1
200	1	1 1 1 1 0 1 0 1 0 1 1 1 0 1 0 1 0 0 0 0 1 1 1 0 0 0 0 0 0 1 0 0 1 1 0 0 1 0 0 1 0 0 0 1 0 0 0 1 0 0
200	1	1 1 1 1 0 1 0 1 1 0 1 1 0 1 0 1 0 0 0 0 1 1 1 0 0 0 0 0 0 1 0 0 1 1 0 0 1 0 0 1 0 0 0 1 0 0 0 1 0 0
200	24	1 1 1 1 0 1 0 1 1 1 1 1 0 1 0 1 0 0 0 0 1 1 1 0 0 0 0 0 0 1 0 0 1 1 0 0 1 0 0 1 0 0 0 1 0 0 0 1 0 0
200	2	1 1 1 1 0 1 1 1 1 1 1 1 0 1 0 1 0 0 0 0 1 1 1 0 0 0 0 0 0 1 0 1 1 1 0 0 1 0 1 1 0 1 0 1 0 0 0 1 0 0
200	2	1 1 1 1 1 1 1 1 1 1 1 1 0 1 0 1 0 0 0 0 1 1 1 0 0 0 0 0 0 1 0 0 1 1 0 0 1 0 0 1 0 1 0 1 0 0 0 1 0 1
200	8	1 1 1 1 0 1 1 1 1 1 1 1 0 1 0 1 0 0 0 0 1 1 1 0 0 0 0 0 0 1 0 0 1 1 0 0 1 0 0 1 0 1 0 1 0 0 0 1 0 0
200	1	1 1 1 1 0 1 0 1 1 1 1 1 0 1 0 1 0 0 0 0 1 1 1 0 0 0 0 0 0 1 0 0 0 1 0 0 1 1 0 1 0 1 0 0 0 0 0 1 0 0
210	1	1 1 1 0 0 1 0 1 1 1 1 1 0 0 0 1 0 0 0 1 1 1 1 0 0 0 0 0 0 1 0 0 1 1 0 0 1 0 0 1 0 0 0 1 0 0 0 1 0 0
210	3	1 1 1 1 0 1 0 1 1 1 1 1 0 0 0 1 0 0 0 1 1 1 1 0 0 0 0 0 0 1 0 0 1 1 0 0 1 0 0 1 0 0 0 0 0 0 0 1 0 0
210	6	1 1 1 1 0 1 0 1 1 1 1 1 0 0 0 1 0 0 0 1 1 1 1 0 0 0 0 0 0 1 0 0 1 1 0 0 1 0 0 1 0 0 0 1 0 0 0 1 0 0
210	1	1 1 1 1 0 1 0 1 1 1 1 1 0 1 0 1 0 0 0 0 1 1 1 0 0 0 0 0 0 1 1 0 1 1 0 0 1 0 0 1 0 0 0 1 0 0 0 1 0 0
210	5	1 1 1 1 0 1 0 1 1 1 1 1 0 1 0 1 0 0 0 0 0 1 1 1 0 0 0 0 0 1 0 0 1 1 0 0 1 0 0 1 0 0 0 1 0 0 0 1 0 0
210	1	1 1 1 1 0 1 0 1 1 1 0 1 0 1 0 1 0 0 0 0 1 1 1 0 0 0 0 0 0 1 0 0 1 1 0 0 1 0 0 1 0 0 0 1 0 0 0 1 0 0
210	3	1 1 1 1 0 1 0 1 1 1 1 1 0 1 0 1 0 0 0 0 1 1 1 0 0 0 0 0 0 1 0 0 1 1 0 0 1 0 0 1 0 1 0 1 0 0 0 1 0 0
210	1	1 1 1 1 0 1 0 1 1 1 1 1 0 1 0 1 0 0 0 0 1 1 1 0 0 1 0 0 0 1 0 0 1 1 0 0 1 0 0 1 0 0 0 1 0 0 0 1 0 0
210	31	1 1 1 1 0 1 0 1 1 1 1 1 0 1 0 1 0 0 0 0 1 1 1 0 0 0 0 0 0 1 0 0 1 1 0 0 1 0 0 1 0 0 0 1 0 0 0 1 0 0
210	1	1 1 1 1 0 1 0 1 1 1 1 1 0 1 0 1 0 0 0 0 0 1 1 0 0 0 0 0 0 1 0 0 1 1 0 0 1 0 0 1 0 0 0 1 0 0 0 1 0 0
210	17	1 1 1 1 0 1 0 1 1 1 1 1 0 1 0 1 0 0 0 0 1 1 1 0 0 0 0 0 0 1 0 0 1 1 0 0 1 0 0 1 0 0 0 0 0 0 0 0 0 0
210	7	1 1 1 1 0 1 0 1 1 1 1 1 0 1 0 1 0 0 0 0 1 1 1 0 0 0 0 0 0 1 0 0 1 1 0 0 1 0 0 1 0 0 0 0 0 0 0 1 0 0
210	5	1 1 1 1 0 1 0 1 1 1 1 1 0 1 0 1 0 0 1 0 1 1 1 0 0 0 0 0 0 1 0 0 1 1 0 0 1 0 0 1 0 0 0 1 0 0 0 1 0 0
210	1	1 1 1 1 0 1 0 1 1 1 1 1 0 1 0 1 0 0 0 0 1 1 1 0 0 0 0 0 0 1 0 0 1 1 0 0 1 0 0 1 0 0 0 1 0 1 0 1 0 0
210	1	1 1 1 1 0 1 0 1 1 1 1 1 0 1 0 1 0 0 0 0 1 1 1 0 0 0 0 0 0 1 0 0 1 1 0 0 1 0 0 1 0 0 0 1 0 0 0 0 0 0
210	1	1 1 0 1 0 1 0 1 1 1 1 1 0 1 0 1 0 0 0 0 1 1 1 0 0 0 0 0 0 1 0 0 1 1 0 0 1 0 0 1 0 0 0 1 0 0 0 1 0 0
210	1	1 1 1 1 0 1 0 1 1 1 1 1 0 1 0 1 0 0 0 1 1 1 1 0 0 0 0 0 0 1 0 0 1 1 0 0 1 0 1 1 0 0 0 1 0 0 0 1 0 0
210	1	1 1 1 1 0 1 0 1 1 1 1 1 0 0 0 1 0 0 0 0 1 1 1 0 0 0 0 0 0 1 0 0 1 1 0 0 1 0 0 1 1 0 0 1 0 0 0 1 0 0
210	3	1 1 1 1 0 1 0 1 1 1 1 1 0 0 0 1 0 0 0 0 1 1 1 0 0 0 0 0 0 1 0 0 1 1 0 0 1 0 0 1 0 0 0 1 0 0 0 1 0 0
210	2	1 1 1 1 0 1 1 1 1 1 1 1 0 1 0 1 0 0 0 0 1 1 1 0 0 0 0 0 0 1 0 1 1 1 0 0 1 0 1 1 0 1 0 1 0 0 0 1 0 0
210	7	1 1 1 1 0 1 1 1 1 1 1 1 0 1 0 1 0 0 0 0 1 1 1 0 0 0 0 0 0 1 0 0 1 1 0 0 1 0 0 1 0 1 0 1 0 0 0 1 0 0
210	1	1 1 1 1 0 1 0 1 1 1 1 1 0 1 0 1 0 0 0 0 1 1 1 0 0 0 0 0 0 1 0 0 0 1 0 0 1 1 0 1 0 1 0 0 0 0 0 1 0 0
220	1	1 1 1 1 0 1 0 1 1 1 1 1 0 0 0 1 0 0 0 1 1 1 1 0 0 0 0 0 0 1 0 0 1 1 0 0 1 0 0 1 0 0 0 0 0 0 0 1 0 0
220	5	1 1 1 1 0 1 0 1 1 1 1 1 0 0 0 1 0 0 0 1 1 1 1 0 0 0 0 0 0 1 0 0 1 1 0 0 1 0 0 1 0 0 0 1 0 0 0 1 0 0
220	3	1 1 1 1 0 1 0 1 1 1 1 1 0 1 0 1 0 0 0 0 0 1 1 1 0 0 0 0 0 1 0 0 1 1 0 0 1 0 0 0 0 0 0 1 0 0 0 1 0 0
220	3	1 1 1 1 0 1 0 1 1 1 1 1 0 1 0 1 0 0 0 1 0 1 1 0 0 0 0 0 0 1 0 0 1 1 0 0 1 0 0 1 0 0 0 1 0 0 0 1 0 0
220	1	1 1 1 1 0 1 0 1 1 1 0 1 0 1 0 1 0 0 0 0 1 1 1 0 0 0 0 0 0 1 1 0 1 1 0 0 1 0 0 1 0 0 0 1 0 0 0 1 0 0
220	3	1 1 1 1 0 1 0 1 1 1 0 1 0 1 0 1 0 0 0 0 1 1 1 0 0 0 0 0 0 1 0 0 1 1 0 0 1 0 0 1 0 0 0 1 0 0 0 1 0 0
220	1	1 1 1 1 0 1 0 1 1 1 1 1 0 1 0 1 0 0 0 0 1 1 1 0 0 0 0 0 0 1 0 0 1 1 0 0 1 0 0 1 0 1 0 1 0 0 0 1 0 0
220	1	1 1 1 1 0 1 0 1 1 1 1 1 0 1 0 1 0 0 0 0 1 1 1 0 0 0 0 0 0 1 0 0 1 1 0 0 1 0 0 1 0 0 0 1 0 0 0 1 1 0
220	1	1 1 0 1 0 1 0 1 1 1 1 1 0 1 0 1 0 0 0 0 1 1 1 0 0 0 0 0 0 1 0 0 1 1 0 0 1 0 0 1 0 0 0 1 0 0 0 1 0 0
220	8	1 1 1 1 0 1 0 1 1 1 1 1 0 1 0 1 0 0 0 0 1 1 1 0 0 0 0 0 0 1 0 0 1 1 0 0 1 0 0 1 0 0 0 1 0 0 0 1 0 0
220	1	1 1 1 1 0 1 0 1 1 1 1 1 0 1 0 1 1 0 0 0 1 1 1 0 0 0 0 0 0 1 0 0 1 1 0 0 1 0 0 1 0 0 0 0 0 0 0 0 0 0
220	1	1 1 1 0 0 1 0 1 1 1 1 1 0 1 0 1 0 0 0 0 1 1 1 0 0 0 0 0 0 1 0 0 1 1 0 0 1 0 0 1 0 0 0 0 0 0 0 0 0 0
220	49	1 1 1 1 0 1 0 1 1 1 1 1 0 1 0 1 0 0 0 0 1 1 1 0 0 0 0 0 0 1 0 0 1 1 0 0 1 0 0 1 0 0 0 0 0 0 0 0 0 0
220	1	1 1 1 1 0 1 1 1 1 1 1 1 0 1 0 1 0 0 0 0 1 1 1 0 0 0 0 0 0 1 0 0 1 1 0 0 1 0 0 1 0 0 0 0 0 0 0 1 0 0
220	4	1 1 1 1 0 1 0 1 1 1 1 1 0 1 0 1 0 0 0 0 1 1 1 0 0 0 0 0 0 1 0 0 1 1 0 0 1 0 0 1 0 0 0 0 0 0 0 1 0 0
220	2	1 1 1 1 0 1 0 1 1 1 1 1 0 1 0 1 0 0 1 0 1 1 1 0 0 0 0 0 0 1 0 0 1 1 0 0 1 0 0 1 0 0 0 1 0 0 0 1 0 0
220	3	1 1 1 1 0 1 0 1 1 1 1 1 0 1 0 1 0 0 0 0 1 1 1 0 0 0 0 0 0 1 0 0 1 1 0 0 1 0 0 1 0 0 0 1 0 0 0 0 0 0
220	1	1 1 1 1 0 1 0 1 1 1 1 1 0 1 0 1 0 0 0 0 1 1 1 0 0 0 0 0 0 1 0 0 1 1 0 0 1 0 1 1 0 0 0 1 0 0 0 1 0 0
220	2	1 1 1 1 0 1 0 1 1 1 1 1 0 0 0 1 0 0 0 0 1 1 1 0 0 0 0 0 0 1 0 0 1 1 0 0 1 0 0 1 1 0 0 1 0 0 0 1 0 0
220	1	1 1 1 1 0 1 1 1 1 1 1 1 0 1 0 1 0 0 0 1 1 1 1 0 0 0 0 0 0 1 0 0 1 1 0 0 1 0 0 1 0 1 0 1 0 0 0 1 0 0
220	8	1 1 1 1 0 1 1 1 1 1 1 1 0 1 0 1 0 0 0 0 1 1 1 0 0 0 0 0 0 1 0 0 1 1 0 0 1 0 0 1 0 1 0 1 0 0 0 1 0 0
230	8	1 1 1 1 0 1 0 1 1 1 1 1 0 0 0 1 0 0 0 1 1 1 1 0 0 0 0 0 0 1 0 0 1 1 0 0 1 0 0 1 0 0 0 0 0 0 0 1 0 0
230	1	1 1 1 1 0 1 0 1 1 1 1 1 0 0 0 1 0 0 0 1 1 1 1 0 0 0 0 0 0 1 0 0 1 1 1 0 1 0 0 1 0 0 0 1 0 0 0 1 0 0
230	4	1 1 1 1 0 1 0 1 1 1 1 1 0 0 0 1 0 0 0 1 1 1 1 0 0 0 0 0 0 1 0 0 1 1 0 0 1 0 0 1 0 0 0 1 0 0 0 1 0 0
230	1	1 1 1 1 0 1 0 1 1 1 1 1 0 1 0 1 0 0 0 0 0 1 1 1 0 0 0 0 0 1 0 0 1 1 0 0 1 0 0 0 0 0 0 1 0 0 0 1 0 0
230	1	1 1 1 1 0 1 0 1 1 1 1 1 0 1 0 1 0 0 0 1 0 1 1 0 0 0 0 0 0 1 0 0 1 1 0 0 1 0 0 1 0 0 0 1 0 0 0 1 0 0
230	1	1 1 1 1 0 1 0 1 1 1 1 1 0 1 0 1 0 0 0 0 1 1 1 0 0 0 0 0 0 1 0 0 1 1 0 0 1 0 0 1 0 0 0 1 0 0 0 0 1 0
230	2	1 1 1 1 0 1 0 1 1 1 1 1 0 1 0 1 0 0 0 0 1 1 1 0 0 0 0 0 0 1 0 0 1 1 0 0 1 0 0 1 0 0 0 1 0 0 0 0 0 0
230	1	1 1 1 1 0 1 0 1 1 1 1 1 0 1 0 1 0 0 0 0 1 1 1 0 0 0 0 0 0 1 0 0 1 1 0 0 1 0 0 1 0 0 0 0 0 0 0 1 0 0
230	1	1 1 1 1 0 1 0 1 0 1 1 1 0 1 0 1 0 0 0 0 1 1 1 0 0 0 0 0 0 1 0 0 1 1 0 0 1 0 0 1 0 0 0 1 0 0 0 1 0 0
230	3	1 1 1 1 0 1 0 1 1 1 1 1 0 1 0 1 0 0 0 0 1 1 1 0 0 0 0 0 0 1 0 0 1 1 0 0 1 0 0 1 0 0 0 1 0 0 0 1 0 0
230	1	1 1 1 1 0 1 0 1 1 1 1 1 0 1 0 1 1 0 0 0 1 1 1 0 0 0 0 0 0 1 0 0 1 1 0 0 1 0 0 1 0 0 0 0 0 0 0 0 0 0
230	2	1 1 1 1 0 1 0 1 1 1 1 1 1 1 0 1 0 0 0 0 1 1 1 0 0 0 0 0 0 1 0 0 1 1 0 0 1 0 0 1 0 0 0 0 0 0 0 0 0 0
230	67	1 1 1 1 0 1 0 1 1 1 1 1 0 1 0 1 0 0 0 0 1 1 1 0 0 0 0 0 0 1 0 0 1 1 0 0 1 0 0 1 0 0 0 0 0 0 0 0 0 0
230	1	1 1 1 1 0 1 1 1 1 1 1 1 0 1 0 1 0 0 0 0 1 1 1 0 0 0 0 0 0 1 0 1 1 1 0 0 1 0 0 1 0 1 0 1 0 0 0 1 0 0
230	6	1 1 1 1 0 1 1 1 1 1 1 1 0 1 0 1 0 0 0 0 1 1 1 0 0 0 0 0 0 1 0 0 1 1 0 0 1 0 0 1 0 1 0 1 0 0 0 1 0 0
240	3	1 1 1 1 0 1 0 1 1 1 1 1 0 0 0 1 0 0 0 1 1 1 1 0 0 0 0 0 0 1 0 0 1 1 0 0 1 0 0 1 0 0 0 0 0 0 0 1 0 0
240	1	1 1 1 1 0 1 0 1 1 1 1 1 0 1 0 1 0 0 0 0 1 1 1 0 0 0 0 0 0 1 0 0 1 1 0 0 1 0 0 1 0 0 0 1 0 0 0 0 0 0
240	1	1 1 1 1 0 1 0 1 1 1 1 1 0 1 0 1 0 0 1 0 1 1 1 0 0 0 0 0 0 1 0 0 1 1 0 0 1 0 0 1 0 0 0 1 0 0 0 1 0 0
240	2	1 1 1 1 0 1 0 1 1 1 1 1 0 1 0 1 0 0 0 0 1 1 1 0 0 0 0 0 0 1 0 0 1 1 0 0 1 0 0 1 0 0 0 1 0 0 0 1 0 0
240	2	1 1 1 1 0 1 0 1 1 1 1 1 0 1 0 1 1 0 0 0 1 1 1 0 0 0 0 0 0 1 0 0 1 1 0 0 1 0 0 1 0 0 0 0 0 0 0 0 0 0
240	1	1 1 1 1 0 1 0 1 1 1 0 1 0 1 0 1 0 0 0 0 1 1 1 0 0 0 0 0 0 1 0 0 1 1 0 0 1 0 0 1 0 0 0 0 0 0 0 0 0 0
240	1	1 1 1 1 0 1 0 1 1 1 1 1 0 1 0 1 0 0 0 0 1 1 1 0 0 0 0 0 0 1 0 0 1 0 0 0 1 0 0 1 0 0 0 0 0 0 0 0 0 0
240	89	1 1 1 1 0 1 0 1 1 1 1 1 0 1 0 1 0 0 0 0 1 1 1 0 0 0 0 0 0 1 0 0 1 1 0 0 1 0 0 1 0 0 0 0 0 0 0 0 0 0
250	1	1 1 1 1 0 1 0 1 1 1 1 1 0 1 0 1 0 0 0 0 1 1 1 0 0 0 0 0 0 1 0 0 1 1 0 0 0 0 0 1 0 0 0 0 0 0 0 1 0 0
250	3	1 1 1 1 0 1 0 1 1 1 1 1 0 1 0 1 1 0 0 0 1 1 1 0 0 0 0 0 0 1 0 0 1 1 0 0 1 0 0 1 0 0 0 0 0 0 0 0 0 0
250	1	1 1 1 1 0 1 0 1 1 1 1 1 0 0 0 1 0 0 0 0 1 1 1 0 0 0 0 0 0 1 0 0 1 1 0 0 1 0 0 1 0 0 0 0 0 0 0 0 0 0
250	3	1 1 1 1 0 1 0 1 1 1 1 1 0 1 0 1 0 0 0 0 1 1 1 0 0 0 0 0 0 1 0 0 1 0 0 0 1 0 0 1 0 0 0 0 0 0 0 0 0 0
250	1	1 1 1 1 0 1 0 1 1 1 1 1 0 1 0 1 0 0 0 0 1 1 1 0 0 0 0 0 0 1 0 0 1 1 0 0 1 0 1 1 0 0 0 0 0 0 0 0 0 0
250	2	1 1 1 1 1 1 0 1 1 1 1 1 0 1 0 1 0 0 0 0 1 1 1 0 0 0 0 0 0 1 0 0 1 1 0 0 1 0 0 1 0 0 0 0 0 0 0 0 0 0
250	1	1 1 1 1 0 1 0 1 1 1 1 1 0 1 0 1 0 0 0 0 1 1 1 0 1 0 0 0 0 1 0 0 1 1 0 0 1 0 0 1 0 0 0 0 0 0 0 0 0 0
250	88	1 1 1 1 0 1 0 1 1 1 1 1 0 1 0 1 0 0 0 0 1 1 1 0 0 0 0 0 0 1 0 0 1 1 0 0 1 0 0 1 0 0 0 0 0 0 0 0 0 0
260	1	1 1 1 1 0 1 0 1 1 1 1 1 0 1 0 1 0 0 0 0 1 1 1 0 0 0 0 0 0 1 0 0 1 1 0 0 1 0 0 1 0 0 0 0 0 0 0 1 0 0
260	3	1 1 1 1 0 1 0 1 1 1 1 1 0 0 0 1 0 0 0 0 1 1 1 0 0 0 0 0 0 1 0 0 1 1 0 0 1 0 0 1 0 0 0 0 0 0 0 0 0 0
260	3	1 1 1 1 0 1 0 1 0 1 1 1 0 1 0 1 0 0 0 0 1 1 1 0 0 0 0 0 0 1 0 0 1 1 0 0 1 0 0 1 0 0 0 0 0 0 0 0 0 0
260	2	1 1 1 1 0 1 0 1 1 1 1 1 0 1 0 1 0 0 0 0 1 1 1 0 0 0 0 0 0 1 0 0 1 0 0 0 1 0 0 1 0 0 0 0 0 0 0 0 0 0
260	1	1 1 1 1 0 1 0 1 1 1 1 1 0 1 0 1 0 0 0 0 1 1 1 0 0 0 0 0 0 1 0 0 1 1 0 0 1 0 1 1 0 0 0 0 0 0 0 0 0 0
260	3	1 1 1 1 1 1 0 1 1 1 1 1 0 1 0 1 0 0 0 0 1 1 1 0 0 0 0 0 0 1 0 0 1 1 0 0 1 0 0 1 0 0 0 0 0 0 0 0 0 0
260	1	1 1 1 1 0 1 0 1 1 1 1 1 0 1 0 1 0 0 0 0 0 1 1 0 0 0 0 0 0 1 0 0 1 1 0 0 1 0 0 1 0 0 0 0 0 0 0 0 0 0
260	1	1 1 1 1 0 1 0 1 1 1 1 1 0 1 0 1 0 0 0 0 1 1 1 0 0 0 0 0 0 1 0 0 1 1 0 0 1 0 0 1 0 0 0 0 0 0 1 0 0 0
260	2	0 1 1 1 0 1 0 1 1 1 1 1 0 1 0 1 0 0 0 0 1 1 1 0 0 0 0 0 0 1 0 0 1 1 0 0 1 0 0 1 0 0 0 0 0 0 0 0 0 0
260	1	1 1 1 1 0 1 0 0 1 1 1 1 0 1 0 1 0 0 0 0 1 1 1 0 0 0 0 0 0 1 0 0 1 1 0 0 1 0 0 1 0 0 0 0 0 0 0 0 0 0
260	1	1 1 1 1 0 1 0 1 1 1 1 1 0 1 0 0 0 0 0 0 1 1 1 0 0 0 0 0 0 1 0 0 1 1 0 0 1 0 0 1 0 0 0 0 0 0 0 0 0 0
260	81	1 1 1 1 0 1 0 1 1 1 1 1 0 1 0 1 0 0 0 0 1 1 1 0 0 0 0 0 0 1 0 0 1 1 0 0 1 0 0 1 0 0 0 0 0 0 0 0 0 0
270	1	1 1 1 1 0 1 0 1 1 1 1 1 0 1 0 1 0 0 0 0 1 1 1 0 0 0 0 0 0 1 0 0 1 1 0 0 1 0 0 1 0 0 0 0 0 0 0 1 0 0
270	1	1 1 1 1 0 1 0 1 1 1 1 1 0 1 0 1 1 0 0 0 1 1 1 0 0 0 0 0 0 1 0 0 1 1 0 0 1 0 0 1 0 0 0 0 0 0 0 0 0 0
270	1	1 1 1 1 0 1 0 1 1 1 1 1 0 1 0 1 0 0 0 0 1 1 1 0 0 0 0 0 0 1 0 0 1 0 0 0 0 0 0 1 0 0 0 0 0 0 0 0 0 0
270	1	1 1 1 1 0 1 0 1 1 1 1 1 0 1 0 1 0 0 0 0 1 1 1 0 0 0 0 0 0 1 0 0 1 1 0 0 1 0 1 1 0 0 0 0 0 1 0 0 0 0
270	1	1 1 1 1 1 1 0 1 1 1 1 1 0 1 0 1 0 0 0 0 1 1 1 0 0 0 0 0 0 1 0 0 0 1 0 0 1 0 0 1 0 0 0 0 0 0 0 0 0 0
270	2	1 1 1 1 1 1 0 1 1 1 1 1 0 1 0 1 0 0 0 0 1 1 1 0 0 0 0 0 0 1 0 0 1 1 0 0 1 0 0 1 0 0 0 0 0 0 0 0 0 0
270	1	1 1 1 1 0 1 0 1 1 1 1 1 0 1 0 1 0 0 0 0 1 1 1 0 0 0 0 0 0 1 0 0 1 1 0 0 1 0 0 1 0 0 0 0 0 0 1 0 0 0
270	1	1 1 1 1 0 1 0 1 1 1 1 1 0 1 0 1 0 0 0 0 1 1 1 0 0 1 0 0 0 1 0 0 1 1 0 0 1 0 0 1 0 0 0 0 0 0 0 0 0 0
270	91	1 1 1 1 0 1 0 1 1 1 1 1 0 1 0 1 0 0 0 0 1 1 1 0 0 0 0 0 0 1 0 0 1 1 0 0 1 0 0 1 0 0 0 0 0 0 0 0 0 0
280	2	1 1 1 1 0 1 0 1 1 1 1 1 0 0 0 1 0 0 0 0 1 1 1 0 0 0 0 0 0 1 0 0 1 1 0 0 1 0 0 0 0 0 0 0 0 0 0 0 0 0
280	2	1 1 1 1 0 1 0 1 1 1 1 1 0 0 0 1 0 0 0 0 1 1 1 0 0 0 0 0 0 1 0 0 1 1 0 0 1 0 0 1 0 0 0 0 0 0 0 0 0 0
280	1	1 1 1 1 0 1 0 1 1 1 1 1 0 1 0 1 0 0 0 0 1 1 1 0 0 0 0 0 0 1 0 0 1 0 0 0 1 0 0 1 0 0 0 0 0 0 0 0 0 0
280	9	1 1 1 1 1 1 0 1 1 1 1 1 0 1 0 1 0 0 0 0 1 1 1 0 0 0 0 0 0 1 0 0 1 1 0 0 1 0 0 1 0 0 0 0 0 0 0 0 0 0
280	1	1 1 1 1 0 1 0 1 1 1 1 1 0 1 0 1 0 0 0 0 1 1 1 0 1 0 0 0 0 1 0 0 1 1 0 0 1 0 0 1 0 0 0 0 0 0 0 0 0 0
280	1	1 1 0 1 0 1 0 1 1 1 1 1 0 1 0 1 0 0 0 0 1 1 1 0 0 0 0 0 0 1 0 0 1 1 0 0 1 0 0 1 0 0 0 0 0 0 0 0 0 0
280	1	1 1 1 1 0 1 1 1 1 1 1 1 0 1 0 1 0 0 0 0 1 1 1 0 0 0 0 0 0 1 0 0 1 1 0 0 1 0 0 1 0 0 0 0 0 0 0 0 0 0
280	1	1 0 1 1 0 1 0 1 1 1 1 1 0 1 0 1 0 0 0 0 1 1 1 0 0 0 0 0 0 1 0 0 1 1 0 0 1 0 0 1 0 0 0 0 0 0 0 0 0 0
280	82	1 1 1 1 0 1 0 1 1 1 1 1 0 1 0 1 0 0 0 0 1 1 1 0 0 0 0 0 0 1 0 0 1 1 0 0 1 0 0 1 0 0 0 0 0 0 0 0 0 0
290	1	1 1 1 1 0 1 0 1 1 1 1 1 0 0 0 1 0 0 0 0 1 1 1 0 0 0 0 0 0 1 0 0 1 1 0 0 1 0 0 1 0 0 0 0 0 0 0 0 0 0
290	4	1 1 1 1 0 1 0 1 1 1 1 1 0 1 0 1 0 0 0 0 1 1 1 0 0 0 0 0 0 1 0 0 1 0 0 0 1 0 0 1 0 0 0 0 0 0 0 0 0 0
290	2	1 1 1 1 0 1 0 1 1 1 1 1 0 1 0 1 0 0 0 0 1 1 1 0 0 0 0 0 0 1 0 0 1 0 0 0 0 0 0 1 0 0 0 0 0 0 0 0 0 0
290	1	1 1 1 1 1 1 0 1 1 1 1 1 0 1 0 1 0 0 0 0 1 1 1 0 0 0 0 0 0 1 0 0 0 1 0 0 1 0 0 1 0 0 0 0 0 0 0 0 0 0
290	1	1 1 1 1 1 1 0 1 1 0 1 1 0 1 0 1 0 0 0 0 1 1 1 0 0 0 0 0 0 1 0 0 1 1 0 0 1 0 0 1 0 0 0 0 0 0 0 0 0 0
290	22	1 1 1 1 1 1 0 1 1 1 1 1 0 1 0 1 0 0 0 0 1 1 1 0 0 0 0 0 0 1 0 0 1 1 0 0 1 0 0 1 0 0 0 0 0 0 0 0 0 0
290	5	1 1 1 1 0 1 0 1 1 1 1 1 0 1 0 1 0 0 0 0 1 1 1 0 1 0 0 0 0 1 0 0 1 1 0 0 1 0 0 1 0 0 0 0 0 0 0 0 0 0
290	2	1 1 1 1 0 1 1 1 1 1 1 1 0 1 0 1 0 0 0 0 1 1 1 0 0 0 0 0 0 1 0 0 1 1 0 0 1 0 0 1 0 0 0 0 0 0 0 0 0 0
290	2	1 1 1 1 0 1 0 1 1 1 1 1 0 1 0 1 0 0 0 0 1 1 1 0 0 0 0 0 0 0 0 0 1 1 0 0 1 0 0 1 0 0 0 0 0 0 0 0 0 0
290	1	1 1 1 1 0 1 0 1 1 1 1 1 0 1 0 1 0 0 0 0 1 1 1 0 0 0 0 0 0 1 0 0 1 1 0 0 1 0 0 1 0 0 1 0 0 0 0 0 0 0
290	59	1 1 1 1 0 1 0 1 1 1 1 1 0 1 0 1 0 0 0 0 1 1 1 0 0 0 0 0 0 1 0 0 1 1 0 0 1 0 0 1 0 0 0 0 0 0 0 0 0 0
300	3	1 1 1 1 0 1 0 1 1 1 1 1 0 1 0 1 1 0 0 0 1 1 1 0 0 0 0 0 0 1 0 0 1 1 0 0 1 0 0 1 0 0 0 0 0 0 0 0 0 0
300	4	1 1 1 1 0 1 0 1 1 1 1 1 0 0 0 1 0 0 0 0 1 1 1 0 0 0 0 0 0 1 0 0 1 1 0 0 1 0 0 1 0 0 0 0 0 0 0 0 0 0
300	8	1 1 1 1 0 1 0 1 1 1 1 1 0 1 0 1 0 0 0 0 1 1 1 0 0 0 0 0 0 1 0 0 1 0 0 0 1 0 0 1 0 0 0 0 0 0 0 0 0 0
300	5	1 1 1 1 1 1 0 1 1 1 1 1 0 1 0 1 0 0 0 0 1 1 1 0 0 0 0 0 0 1 0 0 0 1 0 0 1 0 0 1 0 0 0 0 0 0 0 0 0 0
300	2	1 1 1 1 1 1 0 1 1 0 1 1 0 1 0 1 0 0 0 0 1 1 1 0 0 0 0 0 0 1 0 0 1 1 0 0 1 0 0 1 0 0 0 0 0 0 0 0 0 0
300	29	1 1 1 1 1 1 0 1 1 1 1 1 0 1 0 1 0 0 0 0 1 1 1 0 0 0 0 0 0 1 0 0 1 1 0 0 1 0 0 1 0 0 0 0 0 0 0 0 0 0
300	1	1 1 1 1 0 1 0 1 1 1 1 1 0 1 0 1 0 0 0 0 1 1 1 0 1 0 0 0 0 1 0 0 1 1 0 0 1 0 0 1 0 0 0 0 0 0 0 0 0 0
300	6	1 1 1 1 0 1 1 1 1 1 1 1 0 1 0 1 0 0 0 0 1 1 1 0 0 0 0 0 0 1 0 0 1 1 0 0 1 0 0 1 0 0 0 0 0 0 0 0 0 0
300	1	1 1 1 1 0 1 0 1 1 1 1 1 0 1 0 1 0 0 0 0 1 1 1 0 0 0 0 0 0 1 0 0 0 1 0 0 1 0 0 1 0 0 0 0 0 0 0 0 0 0
300	1	1 1 1 1 0 1 0 1 0 1 1 1 0 1 0 1 0 0 0 0 1 1 1 0 0 0 0 0 0 1 0 0 1 1 0 0 1 0 0 1 0 0 0 0 0 0 0 0 0 0
300	40	1 1 1 1 0 1 0 1 1 1 1 1 0 1 0 1 0 0 0 0 1 1 1 0 0 0 0 0 0 1 0 0 1 1 0 0 1 0 0 1 0 0 0 0 0 0 0 0 0 0
310	9	1 1 1 1 0 1 0 1 1 1 1 1 0 1 0 1 1 0 0 0 1 1 1 0 0 0 0 0 0 1 0 0 1 1 0 0 1 0 0 1 0 0 0 0 0 0 0 0 0 0
310	2	1 1 1 1 0 1 0 1 1 1 1 1 1 0 0 1 0 0 0 0 1 1 1 0 0 0 0 0 0 1 0 0 1 1 0 0 1 0 0 1 0 0 0 0 0 0 0 0 0 0
310	4	1 1 1 1 0 1 0 1 1 1 1 1 0 0 0 1 0 0 0 0 1 1 1 0 0 0 0 0 0 1 0 0 1 1 0 0 1 0 0 1 0 0 0 0 0 0 0 0 0 0
310	1	1 1 1 1 0 1 0 1 1 1 1 1 0 1 0 1 0 0 0 0 1 1 1 0 0 0 0 0 0 1 0 0 1 0 0 0 1 0 0 1 0 0 0 0 0 0 0 0 0 0
310	1	1 1 1 1 0 1 0 1 1 1 1 1 0 1 0 1 0 0 0 0 1 1 1 0 0 0 0 0 0 1 0 0 1 0 0 0 0 0 0 1 0 0 0 0 0 0 0 0 0 0
310	12	1 1 1 1 1 1 0 1 1 1 1 1 0 1 0 1 0 0 0 0 1 1 1 0 0 0 0 0 0 1 0 0 0 1 0 0 1 0 0 1 0 0 0 0 0 0 0 0 0 0
310	1	1 1 1 1 1 1 0 1 1 0 1 1 0 1 0 1 0 0 0 0 1 1 1 0 0 0 0 0 0 1 0 0 1 1 0 0 1 0 0 1 0 0 0 0 0 0 0 0 0 0
310	2	1 1 1 1 1 1 0 1 1 1 1 1 0 1 0 1 0 0 0 0 1 1 1 0 0 0 0 0 0 1 0 0 1 1 0 0 1 1 0 1 0 0 0 0 0 0 0 0 0 0
310	35	1 1 1 1 1 1 0 1 1 1 1 1 0 1 0 1 0 0 0 0 1 1 1 0 0 0 0 0 0 1 0 0 1 1 0 0 1 0 0 1 0 0 0 0 0 0 0 0 0 0
310	1	1 1 1 1 0 1 0 1 1 1 1 1 0 1 0 1 0 0 0 0 1 1 1 0 0 1 0 0 0 1 0 0 1 1 0 0 1 0 0 1 0 0 0 0 0 0 0 0 0 0
310	3	1 1 1 1 0 1 1 1 1 1 1 1 0 1 0 1 0 0 0 0 1 1 1 0 0 0 0 0 0 1 0 0 1 1 0 0 1 0 0 1 0 0 0 0 0 0 0 0 0 0
310	1	1 1 1 1 0 1 0 1 0 1 1 1 0 1 0 1 0 0 0 0 1 1 1 0 0 0 0 0 0 1 0 0 1 1 0 0 1 0 0 1 0 0 0 0 0 0 0 0 0 0
310	2	1 1 1 1 0 1 0 1 1 1 1 1 0 1 0 1 0 0 0 0 1 1 1 0 0 0 0 0 0 1 0 0 1 1 0 0 1 0 0 1 0 0 0 0 0 0 0 0 0 1
310	1	1 1 1 1 0 1 0 1 1 1 1 1 0 1 0 0 0 0 0 0 1 1 1 0 0 0 0 0 0 1 0 0 1 1 0 0 1 0 0 1 0 0 0 0 0 0 0 0 0 0
310	25	1 1 1 1 0 1 0 1 1 1 1 1 0 1 0 1 0 0 0 0 1 1 1 0 0 0 0 0 0 1 0 0 1 1 0 0 1 0 0 1 0 0 0 0 0 0 0 0 0 0
