10	1	1 1 1 1 1 0 1 1 1 0 0 0 0 1 1 0 1 0 1 0 0 0 0 0 0 0 1 1 1 1 1 0 1 1 1 1 0 0 0 0 0 1 1 0 1 0 0 0 1 0
10	22	1 1 1 1 0 0 1 1 1 0 0 0 0 1 1 0 1 0 1 0 0 0 0 0 0 0 1 1 1 1 1 0 1 1 1 1 0 0 0 0 0 1 1 0 1 0 0 0 1 0
10	1	0 1 1 1 0 1 1 0 1 1 0 1 0 0 0 1 0 1 1 0 1 0 1 0 1 1 1 0 1 0 1 0 0 1 0 1 1 1 0 1 1 1 1 0 0 0 0 0 1 1
10	16	0 1 1 1 0 1 1 0 1 1 0 1 0 0 0 1 0 1 0 0 1 0 1 0 1 1 1 0 1 0 1 0 0 1 0 1 1 1 0 1 1 1 1 0 0 0 0 0 1 1
10	1	1 1 0 0 1 0 1 0 0 0 1 0 0 0 1 1 1 0 1 0 0 1 1 1 1 1 1 1 0 1 0 0 0 0 1 0 0 0 1 0 1 0 0 0 0 1 1 1 0 0
10	1	1 1 0 0 1 0 1 0 0 0 1 0 0 0 1 0 1 0 1 0 0 1 1 1 1 1 1 1 0 1 0 0 1 0 1 0 0 0 1 0 1 0 0 0 0 1 1 1 0 0
10	17	1 1 0 0 1 0 1 0 0 0 1 0 0 0 1 1 1 0 1 0 0 1 1 1 1 1 1 1 0 1 0 0 1 0 1 0 0 0 1 0 1 0 0 0 0 1 1 1 0 0
10	24	1 0 1 0 0 1 0 0 0 1 0 1 0 1 0 0 0 1 1 1 1 1 1 1 0 0 1 0 0 0 1 1 1 1 1 1 0 1 1 0 0 1 1 1 0 1 1 0 0 1
10	17	1 0 1 0 0 1 1 1 0 1 1 1 0 1 1 1 1 0 0 1 0 1 1 1 1 0 0 1 0 1 1 0 1 1 0 1 0 0 0 1 1 0 1 0 1 0 1 0 0 0
20	6	1 1 1 1 0 0 1 1 1 0 0 0 0 1 1 0 1 0 1 0 0 0 0 0 0 0 1 1 1 1 1 0 1 1 1 1 0 0 1 0 0 1 1 0 1 0 0 0 1 0
20	4	1 1 1 1 0 0 1 1 1 0 1 0 0 1 1 0 1 0 1 0 0 0 0 0 0 0 1 1 1 1 1 0 1 1 1 1 0 0 0 0 0 1 1 0 1 0 0 0 1 0
20	1	1 1 1 1 1 0 1 1 1 0 0 0 0 1 1 0 1 0 1 0 0 0 0 0 0 0 1 1 1 1 1 0 1 1 1 1 0 0 0 0 0 1 0 0 1 0 0 0 1 0
20	17	1 1 1 1 1 0 1 1 1 0 0 0 0 1 1 0 1 0 1 0 0 0 0 0 0 0 1 1 1 1 1 0 1 1 1 1 0 0 0 0 0 1 1 0 1 0 0 0 1 0
20	2	1 1 1 1 0 0 1 1 1 0 0 0 0 1 1 1 1 0 1 0 0 0 0 0 0 0 1 1 1 1 1 0 1 1 1 1 0 0 0 0 0 1 1 0 1 0 0 0 1 0
20	3	1 1 1 1 0 0 1 1 1 0 0 0 0 1 1 0 1 0 1 0 0 0 0 0 0 0 1 1 1 1 1 0 0 1 1 1 0 0 0 0 0 1 1 0 1 0 0 0 1 0
20	15	1 1 1 1 0 0 1 1 1 0 0 0 0 1 1 0 1 0 1 0 0 0 0 0 0 0 1 1 1 1 1 0 1 1 1 1 0 0 0 0 0 1 1 0 1 0 0 0 1 0
20	2	0 1 1 1 0 1 1 0 1 1 0 1 0 0 0 1 0 1 0 0 1 0 1 0 1 1 0 0 1 0 1 0 0 1 0 1 1 1 0 1 1 1 1 0 0 0 0 0 1 1
20	5	0 1 1 1 0 1 1 0 1 1 0 1 0 0 0 1 0 1 0 0 1 0 1 0 1 1 1 0 1 0 1 0 0 1 0 1 1 1 0 1 1 1 1 0 0 0 0 0 1 1
20	13	1 1 0 0 1 0 1 0 0 0 1 0 0 0 1 1 1 0 1 0 0 1 1 1 1 1 1 1 0 1 0 0 1 0 1 0 0 0 1 0 1 0 0 0 0 1 1 1 0 0
20	1	1 0 1 0 0 1 0 0 0 1 0 1 0 1 0 0 0 1 1 1 1 1 1 1 0 0 1 0 0 0 1 1 1 1 1 1 0 1 1 0 0 0 1 1 0 1 1 0 0 1
20	1	1 1 1 0 0 1 0 0 0 1 0 1 0 1 0 0 0 1 1 1 1 1 1 1 0 0 1 0 0 0 1 1 1 1 1 1 0 1 1 0 0 1 1 1 0 1 1 0 0 1
20	15	1 0 1 0 0 1 0 0 0 1 0 1 0 1 0 0 0 1 1 1 1 1 1 1 0 0 1 0 0 0 1 1 1 1 1 1 0 1 1 0 0 1 1 1 0 1 1 0 0 1
20	1	1 0 1 0 0 1 1 1 0 1 1 1 0 1 1 0 1 0 0 1 0 1 1 1 1 0 0 1 0 1 1 0 1 1 0 1 0 0 0 1 1 0 1 0 1 0 1 0 0 0
20	1	1 0 1 0 0 1 1 1 0 1 1 1 0 1 1 1 1 0 0 1 0 1 1 1 1 0 0 1 0 1 1 0 1 1 0 1 0 0 0 1 0 0 1 0 1 0 1 0 0 0
20	13	1 0 1 0 0 1 1 1 0 1 1 1 0 1 1 1 1 0 0 1 0 1 1 1 1 0 0 1 0 1 1 0 1 1 0 1 0 0 0 1 1 0 1 0 1 0 1 0 0 0
30	1	1 1 1 1 0 0 1 1 1 0 0 0 0 1 1 0 1 0 1 0 0 0 0 0 0 0 1 1 1 1 1 0 1 1 1 1 0 0 1 0 1 1 1 0 1 0 0 0 1 0
30	7	1 1 1 1 0 0 1 1 1 0 0 0 0 1 1 0 1 0 1 0 0 0 0 0 0 0 1 1 1 1 1 0 1 1 1 1 0 0 1 0 0 1 1 0 1 0 0 0 1 0
30	6	1 1 1 1 0 0 1 1 1 0 0 0 0 1 1 0 1 0 1 0 0 0 0 0 0 0 1 1 1 1 1 0 1 1 1 1 0 0 0 0 0 1 1 0 1 0 0 0 1 0
30	10	1 1 1 1 0 0 1 1 1 0 1 0 0 1 1 0 1 0 1 0 0 0 0 0 0 0 1 1 1 1 1 0 1 1 1 1 0 0 0 0 0 1 1 0 1 0 0 0 1 0
30	1	1 1 1 1 1 0 1 1 1 0 0 0 0 1 1 0 1 0 1 0 0 0 0 0 0 0 1 1 1 1 1 0 1 1 1 1 0 0 0 0 0 1 0 0 1 0 0 0 1 0
30	3	1 1 1 1 1 0 1 1 1 0 0 0 0 1 1 0 1 0 1 0 0 0 0 0 0 0 1 1 1 1 1 0 1 1 1 1 0 0 0 0 0 1 1 0 0 0 0 0 1 0
30	2	1 1 1 1 1 0 1 1 1 0 0 0 0 1 1 0 1 0 1 0 0 0 0 0 0 0 1 1 1 1 1 0 1 1 1 1 0 0 0 0 0 1 1 0 1 1 0 0 1 0
30	58	1 1 1 1 1 0 1 1 1 0 0 0 0 1 1 0 1 0 1 0 0 0 0 0 0 0 1 1 1 1 1 0 1 1 1 1 0 0 0 0 0 1 1 0 1 0 0 0 1 0
30	1	1 1 1 1 0 0 1 1 1 0 0 0 0 1 1 1 1 0 1 0 0 0 0 0 0 0 1 1 1 1 1 0 1 1 1 1 0 0 0 0 0 1 1 0 1 0 0 0 1 0
30	3	1 1 1 1 0 0 1 1 1 0 0 0 0 1 1 0 1 0 1 0 0 0 0 0 0 0 1 1 1 1 1 0 0 1 1 1 0 0 0 0 0 1 1 0 1 0 0 0 1 0
30	1	0 1 1 1 0 1 1 0 1 1 0 1 0 0 0 1 0 1 0 0 1 0 1 0 1 1 0 0 1 0 1 0 0 1 0 1 1 1 0 1 1 1 1 0 0 0 0 0 1 1
30	1	1 1 0 0 1 0 1 0 0 0 1 0 0 0 1 1 1 0 1 0 0 1 1 0 1 1 1 1 0 1 0 0 1 0 1 0 0 0 1 1 1 0 0 0 0 1 1 1 0 0
30	1	1 1 0 0 1 0 1 0 0 0 1 0 0 0 1 1 1 0 1 0 0 1 1 1 1 1 1 1 0 1 0 0 1 0 1 0 0 0 1 0 1 0 0 0 0 1 1 1 0 0
30	2	1 0 1 0 0 1 0 0 0 1 0 1 0 1 0 0 0 1 1 1 1 1 1 1 0 0 1 0 0 0 1 1 1 1 1 1 0 1 1 0 0 1 1 1 0 1 1 0 0 1
30	1	1 0 1 0 0 1 1 1 0 1 1 1 0 1 1 0 1 0 0 1 0 1 1 1 1 0 0 1 0 1 1 0 1 1 0 1 0 0 0 1 1 0 1 0 1 0 1 0 0 0
30	1	1 0 1 0 0 1 1 1 1 1 1 1 0 1 1 1 1 0 0 1 0 1 1 1 1 0 0 1 0 1 1 0 1 1 0 1 0 0 0 1 1 0 1 0 1 0 1 0 0 0
30	1	1 0 1 0 0 1 1 1 0 1 1 1 0 1 1 1 1 0 0 1 0 1 1 1 1 0 0 1 0 1 1 0 1 1 0 1 0 0 0 1 1 0 1 0 1 0 1 0 0 0
40	12	1 1 1 1 0 0 1 1 1 0 0 0 0 1 1 0 1 0 1 0 0 0 0 0 0 0 1 1 1 1 1 0 1 1 1 1 0 0 1 0 0 1 1 0 1 0 0 0 1 0
40	5	1 1 1 1 0 0 1 1 1 0 1 0 0 1 1 0 1 0 1 0 0 0 0 0 0 0 1 1 1 1 1 0 1 1 1 1 0 0 0 0 0 1 1 0 1 0 0 0 1 0
40	1	1 1 1 1 1 0 1 1 1 0 0 0 0 1 1 0 1 0 1 0 0 0 0 0 0 0 1 1 1 1 1 0 1 1 1 1 0 0 0 0 0 0 1 0 0 0 0 0 1 0
40	5	1 1 1 1 1 0 1 1 1 0 0 0 0 1 1 0 1 0 1 0 0 0 0 0 0 0 1 1 1 1 1 0 1 1 1 1 0 0 0 0 0 1 1 0 0 0 0 0 1 0
40	1	1 1 1 1 1 0 1 1 1 0 0 0 0 1 1 0 1 0 1 0 0 0 0 0 0 0 0 1 1 1 1 0 1 1 1 1 0 0 0 0 0 1 1 0 1 0 0 0 1 0
40	74	1 1 1 1 1 0 1 1 1 0 0 0 0 1 1 0 1 0 1 0 0 0 0 0 0 0 1 1 1 1 1 0 1 1 1 1 0 0 0 0 0 1 1 0 1 0 0 0 1 0
40	1	1 1 1 1 0 0 1 1 1 0 0 0 0 1 1 0 1 0 1 0 0 0 0 0 0 0 1 1 1 1 1 0 0 1 1 1 0 0 0 0 0 1 1 0 1 0 0 0 1 0
40	1	1 1 0 0 1 0 1 0 0 0 1 0 0 0 1 1 1 0 1 0 0 1 1 1 1 1 1 1 0 1 0 0 1 0 1 0 0 0 1 1 1 0 0 0 0 1 1 1 0 0
50	5	1 1 1 1 0 0 1 1 1 0 0 0 0 1 1 0 1 0 1 0 0 0 0 0 0 0 1 1 1 1 1 0 1 1 1 1 0 0 1 0 0 1 1 0 1 0 0 0 1 0
50	3	1 1 1 1 1 0 1 1 1 0 0 0 0 1 1 0 1 0 1 0 0 0 0 0 0 0 1 1 1 1 1 0 1 1 1 1 0 0 0 0 0 1 0 0 1 0 0 0 1 0
50	6	1 1 1 1 1 0 1 1 1 0 0 0 0 1 1 0 1 0 1 0 0 0 0 0 0 0 1 1 1 1 1 0 1 1 1 1 0 0 0 0 0 1 1 0 0 0 0 0 1 0
50	1	1 1 1 1 1 0 1 1 1 0 0 0 1 1 1 0 1 0 1 0 0 0 0 0 0 0 1 1 1 1 1 0 1 1 1 1 0 0 0 0 0 1 1 0 1 0 0 0 1 0
50	1	1 1 1 1 1 0 1 1 1 0 0 0 0 1 1 0 1 0 1 0 0 0 0 0 0 0 1 1 1 1 1 0 1 1 1 1 1 0 0 0 0 1 1 0 1 0 0 0 1 0
50	1	1 1 1 1 1 0 1 1 1 0 0 0 0 1 1 0 1 0 1 1 0 0 0 0 0 0 1 1 1 1 1 0 1 1 1 1 0 0 0 0 0 1 1 0 1 0 0 0 1 0
50	1	1 1 1 1 1 0 1 1 1 0 0 0 0 1 1 0 1 0 1 0 0 0 0 0 0 0 1 1 1 1 1 1 1 1 1 1 0 0 0 0 0 1 1 0 1 0 0 0 1 0
50	1	1 1 1 1 1 0 1 1 1 0 0 0 0 1 1 0 1 0 1 0 0 1 0 0 0 0 1 1 1 1 1 0 1 1 1 1 0 0 0 0 0 1 1 0 1 0 0 0 1 0
50	2	1 1 1 1 1 0 1 1 1 0 0 0 0 0 1 0 1 0 1 0 0 0 0 0 0 0 1 1 1 1 1 0 1 1 1 1 0 0 0 0 0 1 1 0 1 0 0 0 1 0
50	76	1 1 1 1 1 0 1 1 1 0 0 0 0 1 1 0 1 0 1 0 0 0 0 0 0 0 1 1 1 1 1 0 1 1 1 1 0 0 0 0 0 1 1 0 1 0 0 0 1 0
50	1	1 1 1 1 1 0 1 1 1 0 0 0 0 1 1 0 1 0 1 0 0 0 0 0 0 0 1 1 1 1 1 0 1 1 1 1 0 1 0 0 0 1 1 0 1 0 0 0 1 0
50	1	1 1 1 1 0 0 1 1 1 0 0 0 0 1 1 0 1 0 1 0 0 0 0 0 0 0 1 1 1 1 1 0 0 1 1 1 0 0 0 0 0 1 1 0 1 0 0 0 1 0
50	1	1 0 1 0 0 1 1 1 1 1 1 1 0 1 1 1 1 0 0 1 0 1 1 1 1 0 0 1 0 1 1 0 1 1 0 1 0 0 0 1 1 0 1 0 1 0 1 0 0 0
60	5	1 1 1 1 1 0 1 1 1 0 0 0 0 1 1 0 1 0 1 0 0 0 0 0 0 0 1 1 1 1 1 0 1 1 1 1 0 0 0 0 0 1 0 0 1 0 0 0 1 0
60	3	1 1 1 1 1 0 1 1 1 0 0 0 0 1 1 0 1 0 1 0 0 0 0 0 0 0 1 1 1 1 1 0 1 1 1 1 0 0 0 0 0 1 1 0 0 0 0 0 1 0
60	1	1 1 1 1 1 0 1 1 1 0 0 0 0 1 1 0 1 0 1 0 0 0 0 0 0 0 0 1 1 1 1 0 1 1 1 1 0 0 0 0 0 1 1 0 1 0 0 0 1 0
60	83	1 1 1 1 1 0 1 1 1 0 0 0 0 1 1 0 1 0 1 0 0 0 0 0 0 0 1 1 1 1 1 0 1 1 1 1 0 0 0 0 0 1 1 0 1 0 0 0 1 0
60	2	1 1 1 1 1 0 1 1 1 0 0 0 0 1 1 0 1 0 1 0 0 1 0 0 0 0 1 1 1 1 1 0 1 1 1 1 0 0 0 0 0 1 1 0 1 0 0 0 1 0
60	1	1 1 1 1 1 0 1 1 1 0 0 0 0 1 1 0 1 1 1 0 0 0 0 0 0 0 1 1 1 1 1 0 1 1 1 1 0 0 0 0 0 1 1 0 1 0 0 0 1 0
60	1	1 1 1 1 1 1 1 1 1 0 0 0 0 1 1 0 1 0 1 0 0 0 0 0 0 0 1 1 1 1 1 0 1 1 1 1 0 0 0 0 0 1 1 0 1 0 0 0 1 0
60	2	1 1 1 1 1 0 1 1 1 0 0 0 0 1 1 0 1 0 1 0 0 0 0 0 0 0 1 1 1 1 1 0 1 1 1 1 0 0 0 0 0 1 1 1 1 0 0 0 1 0
60	1	1 1 1 1 1 0 1 1 1 0 0 0 0 1 1 0 1 0 1 0 0 0 0 0 0 0 1 1 1 1 1 0 1 1 0 1 0 0 0 0 0 1 1 0 1 0 0 0 1 0
60	1	1 1 1 1 1 0 1 1 1 0 0 0 0 1 1 0 1 0 1 0 0 0 0 0 0 0 1 1 1 1 1 0 0 1 1 1 0 0 0 0 0 1 1 0 1 0 0 0 1 0
70	11	1 1 1 1 1 0 1 1 1 0 0 0 0 1 1 0 1 0 1 0 0 0 0 0 0 0 1 1 1 1 1 0 1 1 1 1 0 0 0 0 0 1 0 0 1 0 0 0 1 0
70	1	1 1 1 1 1 0 1 1 1 0 0 0 0 1 1 0 1 0 1 0 0 1 0 0 0 0 1 1 1 1 1 0 1 1 1 1 0 0 0 0 0 1 1 0 0 0 0 0 1 0
70	9	1 1 1 1 1 0 1 1 1 0 0 0 0 1 1 0 1 0 1 0 0 0 0 0 0 0 1 1 1 1 1 0 1 1 1 1 0 0 0 0 0 1 1 0 0 0 0 0 1 0
70	1	1 1 1 1 1 0 1 1 1 0 0 0 1 1 1 0 1 0 1 0 0 0 0 0 0 0 1 1 1 0 1 0 1 1 1 1 0 0 0 0 0 1 1 0 1 0 0 0 1 0
70	4	1 1 1 1 1 0 1 1 1 0 0 0 1 1 1 0 1 0 1 0 0 0 0 0 0 0 1 1 1 1 1 0 1 1 1 1 0 0 0 0 0 1 1 0 1 0 0 0 1 0
70	1	1 1 1 1 1 0 1 1 1 0 0 0 0 1 1 0 1 0 1 0 0 0 0 0 0 0 1 1 1 1 1 0 1 1 1 1 0 0 0 0 1 1 1 0 1 0 0 0 1 0
70	1	1 1 1 1 1 0 1 1 1 0 0 0 0 1 1 0 0 0 1 0 0 0 0 0 0 0 1 1 1 1 1 0 1 1 1 1 0 0 0 0 0 1 1 0 1 0 0 0 1 0
70	9	1 1 1 1 1 1 1 1 1 0 0 0 0 1 1 0 1 0 1 0 0 0 0 0 0 0 1 1 1 1 1 0 1 1 1 1 0 0 0 0 0 1 1 0 1 0 0 0 1 0
70	2	1 1 1 1 1 0 1 1 0 0 0 0 0 1 1 0 1 0 1 0 0 0 0 0 0 0 1 1 1 1 1 0 1 1 1 1 0 0 0 0 0 1 1 0 1 0 0 0 1 0
70	58	1 1 1 1 1 0 1 1 1 0 0 0 0 1 1 0 1 0 1 0 0 0 0 0 0 0 1 1 1 1 1 0 1 1 1 1 0 0 0 0 0 1 1 0 1 0 0 0 1 0
70	1	1 1 1 1 1 0 1 1 1 0 0 0 0 1 1 0 1 1 1 0 0 0 0 0 0 0 1 1 1 1 1 0 1 1 1 1 0 0 0 0 0 1 1 0 1 0 0 0 1 0
70	1	1 1 1 1 1 0 1 1 1 0 0 0 0 1 1 0 1 0 1 0 0 0 0 0 0 0 1 1 1 1 1 0 1 1 1 1 0 0 0 0 0 1 1 1 1 0 0 0 1 0
70	1	1 1 1 1 1 0 0 1 1 0 0 0 0 1 1 0 1 0 1 0 0 0 0 0 0 0 1 1 1 1 1 0 1 1 1 1 0 0 0 0 0 1 1 0 1 0 0 0 1 0
80	1	1 1 1 1 0 0 1 1 1 0 0 0 0 1 1 0 1 0 1 0 0 0 0 0 0 0 1 1 1 1 1 0 1 1 1 1 0 0 1 0 0 1 1 0 1 0 0 0 1 0
80	19	1 1 1 1 1 0 1 1 1 0 0 0 0 1 1 0 1 0 1 0 0 0 0 0 0 0 1 1 1 1 1 0 1 1 1 1 0 0 0 0 0 1 1 0 0 0 0 0 1 0
80	1	1 1 1 1 1 0 1 1 1 0 0 0 0 1 1 0 1 0 1 0 0 1 0 0 0 0 1 1 1 1 1 0 1 1 1 1 0 0 0 0 0 1 0 0 0 0 0 0 1 0
80	3	1 1 1 1 1 0 1 1 1 0 0 0 0 1 1 0 1 0 1 0 0 0 0 0 0 0 1 1 1 1 1 0 1 1 1 1 0 0 0 0 0 1 0 0 0 0 0 0 1 0
80	2	1 1 1 1 1 0 1 1 1 0 0 0 0 1 1 0 1 0 1 0 0 0 0 0 0 0 1 1 1 1 1 0 1 1 1 1 0 0 0 0 1 1 1 0 1 0 0 0 1 0
80	1	1 1 1 1 1 0 1 1 1 0 0 0 1 1 1 0 1 0 1 0 0 0 0 0 0 0 1 1 1 1 1 0 1 1 1 1 0 0 0 0 0 1 1 0 1 0 0 0 1 0
80	7	1 1 1 1 1 0 1 1 1 0 0 0 0 1 1 0 1 0 1 0 0 0 0 0 0 0 1 1 1 1 1 0 1 1 1 1 0 0 0 0 0 1 0 0 1 0 0 0 1 0
80	44	1 1 1 1 1 0 1 1 1 0 0 0 0 1 1 0 1 0 1 0 0 0 0 0 0 0 1 1 1 1 1 0 1 1 1 1 0 0 0 0 0 1 1 0 1 0 0 0 1 0
80	1	1 1 1 1 1 0 1 1 1 0 0 0 0 1 1 0 1 0 1 0 0 1 0 0 0 0 1 1 1 1 1 0 1 1 1 1 0 0 0 0 0 1 1 0 0 0 0 0 1 0
80	3	1 1 1 1 1 0 1 1 1 0 0 0 0 1 1 0 1 0 1 0 0 0 0 0 0 0 1 1 1 1 1 1 1 1 1 1 0 0 0 0 0 1 1 0 1 0 0 0 1 0
80	2	1 1 1 1 1 0 1 1 1 0 0 0 0 1 1 0 0 0 1 0 0 0 0 0 0 0 1 1 1 1 1 0 1 1 1 1 0 0 0 0 0 1 1 0 1 0 0 0 1 0
80	2	1 1 1 1 1 1 1 1 1 0 0 0 0 1 1 0 1 0 1 0 0 0 0 0 0 1 1 1 1 1 1 0 1 1 1 1 0 0 0 0 0 1 1 0 1 0 0 0 1 0
80	14	1 1 1 1 1 1 1 1 1 0 0 0 0 1 1 0 1 0 1 0 0 0 0 0 0 0 1 1 1 1 1 0 1 1 1 1 0 0 0 0 0 1 1 0 1 0 0 0 1 0
90	1	1 1 1 1 1 0 1 1 1 0 0 0 0 1 1 0 1 0 1 0 0 0 0 0 0 0 1 1 1 1 1 0 1 1 1 1 0 0 1 0 0 1 1 0 0 0 0 0 1 0
90	34	1 1 1 1 1 0 1 1 1 0 0 0 0 1 1 0 1 0 1 0 0 0 0 0 0 0 1 1 1 1 1 0 1 1 1 1 0 0 0 0 0 1 1 0 0 0 0 0 1 0
90	1	1 1 1 1 1 0 1 1 1 0 0 0 0 1 1 0 1 0 1 0 0 0 0 0 0 0 1 1 1 1 1 0 1 1 1 1 0 0 0 0 0 1 0 0 0 0 0 0 1 0
90	2	1 1 1 1 1 0 1 1 1 0 0 0 0 1 1 0 1 0 1 0 0 1 0 0 0 0 1 1 1 1 1 0 1 1 1 1 0 0 0 0 0 1 1 0 1 0 0 0 1 0
90	1	1 1 1 1 1 0 1 1 1 0 0 0 0 1 1 0 1 0 1 0 0 0 0 0 0 0 1 1 1 1 1 0 1 1 1 1 0 0 0 0 0 1 0 0 1 0 1 0 1 0
90	1	1 1 1 1 1 0 1 1 0 0 0 0 0 1 1 0 1 0 1 0 0 0 0 0 0 0 1 1 1 1 1 0 1 1 1 1 0 0 0 0 0 1 0 0 1 0 0 0 1 0
90	10	1 1 1 1 1 0 1 1 1 0 0 0 0 1 1 0 1 0 1 0 0 0 0 0 0 0 1 1 1 1 1 0 1 1 1 1 0 0 0 0 0 1 0 0 1 0 0 0 1 0
90	1	1 1 1 1 1 0 1 1 1 0 0 0 0 1 1 0 1 0 1 0 0 0 0 0 0 0 1 1 1 1 1 0 1 1 1 1 0 0 0 0 0 1 1 0 1 0 0 0 1 1
90	2	1 1 1 1 1 1 1 1 1 1 0 0 0 1 1 0 1 0 1 0 0 0 0 0 0 0 1 1 1 1 1 0 1 1 1 1 0 0 0 0 0 1 1 0 1 0 0 0 1 0
90	18	1 1 1 1 1 0 1 1 1 0 0 0 0 1 1 0 1 0 1 0 0 0 0 0 0 0 1 1 1 1 1 0 1 1 1 1 0 0 0 0 0 1 1 0 1 0 0 0 1 0
90	1	1 1 1 1 1 1 1 1 1 0 0 0 0 1 1 0 1 0 1 0 0 0 0 0 0 0 1 0 1 1 1 0 1 1 1 1 0 0 0 0 0 1 1 0 1 0 0 0 1 0
90	24	1 1 1 1 1 1 1 1 1 0 0 0 0 1 1 0 1 0 1 0 0 0 0 0 0 0 1 1 1 1 1 0 1 1 1 1 0 0 0 0 0 1 1 0 1 0 0 0 1 0
90	2	1 1 1 1 1 0 1 1 1 0 0 0 0 1 1 0 1 0 1 0 0 0 0 0 0 0 1 1 1 1 1 1 1 1 1 1 0 0 0 0 0 1 1 0 1 0 0 0 1 0
90	1	1 1 1 1 1 0 1 1 1 0 0 0 0 1 1 0 1 0 1 0 0 0 0 0 0 0 1 1 1 1 1 1 1 1 1 1 0 1 0 0 0 1 1 0 1 0 0 0 1 0
90	1	1 1 1 1 1 0 1 1 1 0 0 0 0 1 1 0 1 0 1 0 0 0 0 0 1 0 1 1 1 1 1 0 1 1 1 1 0 0 0 0 0 1 1 0 1 0 0 0 1 0
100	2	1 1 1 1 1 0 1 1 1 0 0 0 0 1 1 0 1 0 1 0 0 0 0 0 0 0 1 1 1 1 1 0 1 1 1 1 0 0 1 0 0 1 1 0 0 0 0 0 1 0
100	1	1 1 1 1 1 0 1 1 1 0 1 0 0 1 1 0 1 0 1 0 0 0 0 0 0 0 1 1 1 1 1 0 1 1 1 1 0 0 0 0 0 1 1 0 0 0 0 0 1 0
100	33	1 1 1 1 1 0 1 1 1 0 0 0 0 1 1 0 1 0 1 0 0 0 0 0 0 0 1 1 1 1 1 0 1 1 1 1 0 0 0 0 0 1 1 0 0 0 0 0 1 0
100	2	1 1 1 1 1 0 1 1 1 0 0 0 0 1 1 0 1 0 1 0 0 0 0 0 0 0 1 1 1 1 1 0 1 1 1 1 0 0 0 0 0 1 0 0 0 0 0 0 1 0
100	1	1 1 1 1 1 0 1 1 1 0 0 0 0 1 1 0 1 0 1 0 0 0 0 0 0 0 1 1 1 1 1 0 1 1 1 1 0 0 0 0 1 1 1 0 1 0 0 0 1 0
100	1	1 1 1 1 1 0 1 1 1 0 0 0 0 1 1 0 1 0 1 0 0 1 0 0 0 0 1 1 1 1 1 0 1 1 1 1 0 0 0 0 0 1 1 0 1 0 0 0 1 0
100	1	1 1 1 1 1 0 1 1 0 0 0 0 0 1 1 0 1 0 1 0 0 0 0 0 0 0 1 1 1 1 1 0 1 1 1 1 0 0 0 0 0 1 0 0 1 0 0 0 1 0
100	4	1 1 1 1 1 0 1 1 1 0 0 0 0 1 1 0 1 0 1 0 0 0 0 0 0 0 1 1 1 1 1 0 1 1 1 1 0 0 0 0 0 1 0 0 1 0 0 0 1 0
100	1	1 1 1 1 1 1 1 1 1 0 0 0 0 0 1 0 1 0 1 0 0 0 0 0 0 0 1 1 1 1 1 0 1 1 1 1 0 0 0 0 0 1 1 0 1 0 0 0 1 0
100	29	1 1 1 1 1 1 1 1 1 0 0 0 0 1 1 0 1 0 1 0 0 0 0 0 0 0 1 1 1 1 1 0 1 1 1 1 0 0 0 0 0 1 1 0 1 0 0 0 1 0
100	16	1 1 1 1 1 0 1 1 1 0 0 0 0 1 1 0 1 0 1 0 0 0 0 0 0 0 1 1 1 1 1 0 1 1 1 1 0 0 0 0 0 1 1 0 1 0 0 0 1 0
100	1	1 1 1 1 1 0 1 1 1 0 0 0 0 1 1 0 1 0 1 0 0 1 0 0 0 0 1 1 1 0 1 0 1 1 1 1 0 0 0 0 0 1 1 0 0 0 0 0 1 0
100	3	1 1 1 1 1 0 1 1 1 0 0 0 0 1 1 0 1 0 1 0 0 1 0 0 0 0 1 1 1 1 1 0 1 1 1 1 0 0 0 0 0 1 1 0 0 0 0 0 1 0
100	4	1 1 1 1 1 0 1 1 1 0 0 0 0 1 1 0 1 0 1 0 0 0 0 0 0 0 1 1 1 1 1 1 1 1 1 1 0 0 0 0 0 1 1 0 1 0 0 0 1 0
100	1	1 1 1 1 1 0 1 1 1 0 0 0 0 1 1 0 1 0 1 0 0 0 0 0 0 0 1 1 1 1 1 1 1 1 1 1 0 1 0 0 0 1 1 0 1 0 0 0 1 0
110	5	1 1 1 1 1 0 1 1 1 0 0 0 0 0 1 0 1 0 1 0 0 0 0 0 0 0 1 1 1 1 1 0 1 1 1 1 0 0 0 0 0 1 1 0 0 0 0 0 1 0
110	1	1 1 1 1 1 0 1 1 1 0 0 0 0 1 1 0 1 0 1 0 0 0 0 0 0 0 1 1 1 1 1 0 1 1 1 1 0 0 1 0 0 1 1 0 0 0 0 0 1 0
110	1	1 1 1 1 1 0 1 1 1 0 0 0 0 1 1 0 1 0 1 0 0 0 0 0 0 0 1 1 1 1 1 0 1 1 1 1 0 0 0 0 0 1 0 0 0 0 0 0 1 0
110	37	1 1 1 1 1 0 1 1 1 0 0 0 0 1 1 0 1 0 1 0 0 0 0 0 0 0 1 1 1 1 1 0 1 1 1 1 0 0 0 0 0 1 1 0 0 0 0 0 1 0
110	1	1 1 1 1 1 0 1 1 1 0 0 0 1 1 1 0 1 0 1 0 0 0 0 0 0 0 1 1 1 1 1 0 1 1 1 1 0 0 0 0 0 1 1 0 1 0 0 0 1 0
110	1	1 1 1 1 1 0 1 1 0 0 0 0 0 1 1 0 1 0 1 0 0 0 0 0 0 0 1 1 1 1 1 0 1 1 1 1 0 0 0 0 0 1 0 0 1 0 0 0 1 0
110	1	1 1 1 1 1 0 1 1 1 0 0 0 0 1 1 0 1 0 1 0 0 0 0 0 0 0 1 1 1 1 1 0 1 1 1 0 0 0 0 0 0 1 0 0 1 0 0 0 1 0
110	8	1 1 1 1 1 0 1 1 1 0 0 0 0 1 1 0 1 0 1 0 0 0 0 0 0 0 1 1 1 1 1 0 1 1 1 1 0 0 0 0 0 1 0 0 1 0 0 0 1 0
110	2	1 1 1 1 1 1 1 1 1 0 0 0 0 0 1 0 1 0 1 0 0 0 0 0 0 0 1 1 1 1 1 0 1 1 1 1 0 0 0 0 0 1 1 0 1 0 0 0 1 0
110	1	1 1 1 1 1 1 1 1 1 1 0 0 0 1 1 0 1 0 1 0 0 0 0 0 0 0 1 1 1 1 1 0 1 1 1 1 0 0 0 0 0 1 1 0 1 0 0 0 1 0
110	1	1 1 1 1 1 1 1 1 1 0 0 0 0 1 1 0 1 0 1 0 0 0 0 0 0 0 1 1 1 1 1 0 0 1 1 1 0 0 0 0 0 1 1 0 1 0 0 0 1 0
110	1	1 1 1 1 1 1 1 1 1 0 0 0 0 1 1 0 1 0 1 0 0 0 0 0 0 0 1 1 0 1 1 0 1 1 1 1 0 0 0 0 0 1 1 0 1 0 0 0 1 0
110	7	1 1 1 1 1 0 1 1 1 0 0 0 0 1 1 0 1 0 1 0 0 0 0 0 0 0 1 1 1 1 1 0 1 1 1 1 0 0 0 0 0 1 1 0 1 0 0 0 1 0
110	1	1 1 1 1 0 1 1 1 1 0 0 0 0 1 1 0 1 0 1 0 0 0 0 0 0 0 1 1 1 1 1 0 1 1 1 1 0 0 0 0 0 1 1 0 1 0 0 0 1 0
110	1	1 1 1 1 1 1 1 1 1 0 0 0 0 1 1 0 1 0 1 0 0 0 0 0 0 0 1 1 1 1 1 0 1 1 1 1 0 0 0 0 0 1 0 0 1 0 0 0 1 0
110	28	1 1 1 1 1 1 1 1 1 0 0 0 0 1 1 0 1 0 1 0 0 0 0 0 0 0 1 1 1 1 1 0 1 1 1 1 0 0 0 0 0 1 1 0 1 0 0 0 1 0
110	2	1 1 1 1 1 0 1 1 1 0 0 0 0 1 1 0 1 0 1 0 0 1 0 0 0 0 1 1 1 0 1 0 1 1 1 1 0 0 0 0 0 1 1 0 0 0 0 0 1 0
110	1	1 1 1 1 1 0 1 1 1 0 0 0 0 1 1 0 1 0 1 0 0 1 0 0 0 0 1 1 1 1 1 0 1 1 1 1 0 0 0 0 0 1 1 0 0 0 0 0 1 0
120	1	1 1 1 1 1 0 1 1 1 0 0 0 0 0 1 0 1 0 1 0 0 0 0 0 0 0 1 1 1 1 1 0 1 1 1 1 0 0 0 0 0 1 1 0 0 0 0 0 1 0
120	1	1 1 1 1 1 0 1 1 1 0 0 0 0 1 1 0 1 0 1 0 0 0 0 0 0 0 1 1 1 1 1 0 1 1 1 1 0 0 1 0 0 1 1 0 0 0 0 0 1 0
120	2	1 1 1 1 1 1 1 1 1 0 0 0 0 1 1 0 1 0 1 0 0 0 0 0 0 0 1 1 1 1 1 0 1 1 1 1 0 0 0 0 0 1 1 0 0 0 0 0 1 0
120	1	1 1 1 1 1 0 1 1 1 0 0 0 0 1 1 0 1 0 1 0 0 0 0 0 0 0 1 1 1 1 0 0 1 1 1 1 0 0 0 0 1 1 1 0 0 0 0 0 1 0
120	1	1 1 1 0 1 0 1 1 1 0 0 0 0 1 1 0 1 0 1 0 0 0 0 0 0 0 1 1 1 1 1 0 1 1 1 1 0 0 0 0 0 1 1 0 0 0 0 0 1 0
120	1	1 1 1 1 1 0 1 1 1 0 0 0 0 1 1 0 1 0 1 0 0 0 0 0 0 0 1 1 1 0 1 0 1 1 1 1 0 0 0 0 0 1 1 0 0 0 0 0 1 0
120	1	1 1 1 1 1 0 1 1 1 0 0 0 0 1 1 0 1 0 1 0 0 0 0 0 0 0 1 1 1 1 1 0 1 1 1 1 0 0 0 0 0 1 1 0 0 0 0 0 0 0
120	29	1 1 1 1 1 0 1 1 1 0 0 0 0 1 1 0 1 0 1 0 0 0 0 0 0 0 1 1 1 1 1 0 1 1 1 1 0 0 0 0 0 1 1 0 0 0 0 0 1 0
120	1	1 1 1 1 1 0 1 1 1 0 0 0 1 1 1 0 1 0 1 0 0 0 0 0 0 0 1 1 1 1 1 0 1 1 1 1 0 0 0 0 0 1 1 0 1 0 0 0 1 0
120	5	1 1 1 1 1 0 1 1 1 0 0 0 0 1 1 0 1 0 1 0 0 0 0 0 0 0 1 1 1 1 1 0 1 1 1 1 0 0 0 0 0 1 0 0 1 0 0 0 1 0
120	2	1 1 1 1 1 1 1 1 1 0 0 0 0 0 1 0 1 0 1 0 0 0 0 0 0 0 1 1 1 1 1 0 1 1 1 1 0 0 0 0 0 1 0 0 1 0 0 0 1 0
120	1	1 1 1 1 1 1 1 1 1 0 0 0 0 0 1 0 1 0 1 0 0 0 0 0 0 0 1 1 1 1 1 0 1 1 1 1 0 0 0 0 0 1 1 0 1 0 0 0 1 0
120	1	1 1 1 1 1 1 1 1 1 1 0 0 0 1 1 0 1 0 1 0 0 0 0 0 0 0 1 1 1 1 1 0 1 1 1 1 0 0 0 0 0 1 1 0 1 0 0 0 1 0
120	2	1 1 1 1 1 1 1 1 1 0 0 0 0 1 1 0 1 0 1 0 0 0 0 0 0 0 1 1 1 1 1 0 0 1 1 1 0 0 0 0 0 1 1 0 1 0 0 0 1 0
120	6	1 1 1 1 1 0 1 1 1 0 0 0 0 1 1 0 1 0 1 0 0 0 0 0 0 0 1 1 1 1 1 0 1 1 1 1 0 0 0 0 0 1 1 0 1 0 0 0 1 0
120	1	1 1 1 1 1 1 1 1 1 0 0 0 0 1 1 0 1 0 1 0 0 0 0 0 0 0 1 1 1 1 1 0 1 1 1 1 0 0 1 0 0 1 1 0 1 0 0 0 1 0
120	1	1 1 1 1 1 1 1 1 1 0 0 0 0 1 1 0 1 0 1 0 0 0 0 0 0 0 1 1 1 1 1 0 1 1 1 1 0 0 0 0 0 1 0 0 1 0 0 0 1 0
120	2	1 1 1 1 1 1 1 1 1 0 0 0 0 1 1 0 1 0 1 1 0 0 0 0 0 0 1 1 1 1 1 0 1 1 1 1 0 0 0 0 0 1 1 0 1 0 0 0 1 0
120	1	1 1 1 1 1 1 1 1 1 0 0 0 0 1 1 0 0 0 1 0 0 0 0 0 0 0 1 1 1 1 1 0 1 1 1 1 0 0 0 0 0 1 1 0 1 0 0 0 1 0
120	1	1 1 1 1 1 1 1 1 1 0 0 0 0 1 1 0 1 0 1 0 0 0 0 0 0 0 1 1 1 1 1 0 1 1 1 1 0 0 0 0 0 1 1 0 1 0 1 0 1 0
120	37	1 1 1 1 1 1 1 1 1 0 0 0 0 1 1 0 1 0 1 0 0 0 0 0 0 0 1 1 1 1 1 0 1 1 1 1 0 0 0 0 0 1 1 0 1 0 0 0 1 0
120	2	1 1 1 1 1 0 1 1 1 0 0 0 0 1 1 0 1 0 1 0 0 1 0 0 0 0 1 1 1 0 1 0 1 1 1 1 0 0 0 0 0 1 1 0 0 0 0 0 1 0
130	1	1 1 1 1 1 1 1 1 1 0 0 0 0 1 1 0 1 0 1 0 0 0 0 0 0 0 1 1 1 1 1 0 1 1 1 1 0 0 0 0 0 1 1 0 0 0 0 0 1 0
130	1	1 1 1 1 1 0 1 1 1 0 0 0 0 1 1 0 1 1 1 0 0 0 0 0 0 0 1 1 1 1 1 0 1 1 1 1 0 0 0 0 0 1 1 0 0 0 0 0 1 0
130	1	1 1 1 1 1 0 1 1 1 0 0 0 0 1 1 0 1 0 1 0 0 0 0 0 0 1 1 1 1 1 1 0 1 1 1 1 0 0 0 0 0 1 1 0 0 0 0 0 1 0
130	32	1 1 1 1 1 0 1 1 1 0 0 0 0 1 1 0 1 0 1 0 0 0 0 0 0 0 1 1 1 1 1 0 1 1 1 1 0 0 0 0 0 1 1 0 0 0 0 0 1 0
130	8	1 1 1 1 1 0 1 1 1 0 0 0 0 1 1 0 1 0 1 0 0 0 0 0 0 0 1 1 1 1 1 0 1 1 1 1 0 0 0 0 0 1 0 0 1 0 0 0 1 0
130	1	1 1 1 1 1 1 1 1 1 1 0 0 0 1 1 0 1 0 1 0 0 0 0 0 0 0 1 1 1 1 1 0 1 1 1 1 0 0 0 0 0 1 1 0 1 0 0 0 1 0
130	1	1 1 1 1 1 1 1 1 1 0 0 0 0 1 1 0 1 0 1 0 0 0 0 0 0 0 1 1 1 1 1 0 0 1 1 1 0 0 0 0 0 1 1 0 1 0 0 0 1 0
130	3	1 1 1 1 1 1 1 1 1 0 0 0 0 1 1 0 1 0 1 0 0 0 0 0 0 0 1 1 0 1 1 0 1 1 1 1 0 0 0 0 0 1 1 0 1 0 0 0 1 0
130	5	1 1 1 1 1 0 1 1 1 0 0 0 0 1 1 0 1 0 1 0 0 0 0 0 0 0 1 1 1 1 1 0 1 1 1 1 0 0 0 0 0 1 1 0 1 0 0 0 1 0
130	1	1 1 1 1 1 1 1 1 1 0 0 0 0 1 1 0 1 0 1 0 0 0 0 0 0 0 1 1 1 1 1 0 1 1 1 1 0 0 1 0 0 1 1 0 1 0 0 0 1 0
130	12	1 1 1 1 1 1 1 1 1 0 0 0 0 1 1 0 1 0 1 0 0 0 0 0 0 0 1 1 1 1 1 0 1 1 1 1 0 0 0 0 0 1 0 0 1 0 0 0 1 0
130	1	1 1 1 1 1 1 1 1 1 0 0 0 0 1 1 0 1 0 1 0 0 0 0 0 1 0 1 1 1 1 1 0 1 1 1 1 0 0 0 0 0 1 1 0 1 0 0 0 1 0
130	4	1 1 1 1 1 1 1 1 1 0 0 0 0 1 1 0 0 0 1 0 0 0 0 0 0 0 1 1 1 1 1 0 1 1 1 1 0 0 0 0 0 1 1 0 1 0 0 0 1 0
130	1	1 1 1 1 1 1 1 1 1 0 0 0 0 1 1 0 1 0 1 0 0 0 0 0 0 0 1 1 1 1 0 0 1 1 1 1 0 0 0 0 0 1 1 0 1 0 0 0 1 0
130	26	1 1 1 1 1 1 1 1 1 0 0 0 0 1 1 0 1 0 1 0 0 0 0 0 0 0 1 1 1 1 1 0 1 1 1 1 0 0 0 0 0 1 1 0 1 0 0 0 1 0
130	2	1 1 1 1 1 0 1 1 1 0 0 0 0 1 1 0 1 0 1 0 0 1 0 0 0 0 1 1 1 0 1 0 1 1 1 1 0 0 0 0 0 1 1 0 0 0 0 0 1 0
140	32	1 1 1 1 1 0 1 1 1 0 0 0 0 1 1 0 1 0 1 0 0 0 0 0 0 0 1 1 1 1 1 0 1 1 1 1 0 0 0 0 0 1 1 0 0 0 0 0 1 0
140	4	1 1 1 1 1 0 1 1 1 0 0 0 0 1 1 0 1 0 1 0 0 0 0 0 0 0 1 1 1 1 1 0 1 1 1 1 0 0 0 0 0 1 0 0 1 0 0 0 1 0
140	9	1 1 1 1 1 1 1 1 1 1 0 0 0 1 1 0 1 0 1 0 0 0 0 0 0 0 1 1 1 1 1 0 1 1 1 1 0 0 0 0 0 1 1 0 1 0 0 0 1 0
140	2	1 1 1 1 1 1 1 1 1 0 0 0 0 1 1 0 1 0 1 0 0 0 0 0 0 0 1 1 0 1 1 0 1 1 1 1 0 0 0 0 0 1 1 0 1 0 0 0 1 0
140	6	1 1 1 1 1 1 1 1 1 0 0 0 0 1 1 0 1 0 1 0 0 0 0 0 0 0 1 1 1 1 1 0 1 1 1 1 0 0 1 0 0 1 1 0 1 0 0 0 1 0
140	1	1 1 1 1 1 1 1 1 1 0 0 0 0 1 1 0 1 0 1 0 0 0 0 0 0 0 1 1 1 1 1 0 1 1 1 1 0 0 0 0 0 1 0 0 1 0 1 0 1 0
140	8	1 1 1 1 1 1 1 1 1 0 0 0 0 1 1 0 1 0 1 0 0 0 0 0 0 0 1 1 1 1 1 0 1 1 1 1 0 0 0 0 0 1 0 0 1 0 0 0 1 0
140	8	1 1 1 1 1 1 1 1 1 0 0 0 0 1 1 0 0 0 1 0 0 0 0 0 0 0 1 1 1 1 1 0 1 1 1 1 0 0 0 0 0 1 1 0 1 0 0 0 1 0
140	26	1 1 1 1 1 1 1 1 1 0 0 0 0 1 1 0 1 0 1 0 0 0 0 0 0 0 1 1 1 1 1 0 1 1 1 1 0 0 0 0 0 1 1 0 1 0 0 0 1 0
140	4	1 1 1 1 1 0 1 1 1 0 0 0 0 1 1 0 1 0 1 0 0 1 0 0 0 0 1 1 1 0 1 0 1 1 1 1 0 0 0 0 0 1 1 0 0 0 0 0 1 0
150	3	1 1 1 1 1 1 1 1 1 0 0 0 0 1 1 0 1 0 1 0 0 0 0 0 0 0 1 1 1 1 1 0 1 1 1 1 0 0 0 0 0 1 1 0 0 0 0 0 1 0
150	1	1 1 1 1 1 0 1 1 1 0 0 0 0 1 1 0 1 0 1 0 0 0 0 0 0 0 1 0 1 1 1 0 1 1 1 1 0 0 0 0 0 1 1 0 0 0 0 0 1 0
150	27	1 1 1 1 1 0 1 1 1 0 0 0 0 1 1 0 1 0 1 0 0 0 0 0 0 0 1 1 1 1 1 0 1 1 1 1 0 0 0 0 0 1 1 0 0 0 0 0 1 0
150	1	1 1 1 1 1 0 1 1 1 0 0 0 0 1 1 0 1 0 1 0 0 0 1 0 0 0 1 1 1 1 1 0 1 1 1 1 0 0 0 0 0 1 0 0 1 0 0 0 1 0
150	5	1 1 1 1 1 0 1 1 1 0 0 0 0 1 1 0 1 0 1 0 0 0 0 0 0 0 1 1 1 1 1 0 1 1 1 1 0 0 0 0 0 1 0 0 1 0 0 0 1 0
150	2	1 1 1 1 1 1 1 1 1 1 0 0 0 1 1 0 1 0 1 0 0 0 0 1 0 0 1 1 1 1 1 0 1 1 1 1 0 0 0 0 0 1 1 0 1 0 0 0 1 0
150	2	1 1 1 1 1 1 1 1 1 1 0 0 0 1 1 0 1 0 1 0 0 0 0 0 0 0 1 1 1 1 1 0 1 1 1 1 0 0 0 0 0 1 1 1 1 0 0 0 1 0
150	15	1 1 1 1 1 1 1 1 1 1 0 0 0 1 1 0 1 0 1 0 0 0 0 0 0 0 1 1 1 1 1 0 1 1 1 1 0 0 0 0 0 1 1 0 1 0 0 0 1 0
150	1	1 1 1 1 1 1 1 1 1 0 0 0 0 1 1 0 1 0 1 0 0 0 0 0 0 0 1 1 0 1 1 0 1 1 1 1 0 0 0 0 0 1 1 0 1 0 0 0 1 0
150	1	1 1 1 1 1 1 1 1 1 0 0 0 0 1 1 0 1 0 1 0 0 0 0 0 0 0 1 1 1 1 0 0 1 1 1 1 0 0 1 0 0 1 1 0 1 0 0 0 1 0
150	4	1 1 1 1 1 1 1 1 1 0 0 0 0 1 1 0 1 0 1 0 0 0 0 0 0 0 1 1 1 1 1 0 1 1 1 1 0 0 1 0 0 1 1 0 1 0 0 0 1 0
150	1	1 1 1 1 1 1 1 1 1 0 0 0 0 1 1 0 1 0 1 0 0 0 0 0 0 0 1 1 1 1 1 0 1 1 1 0 0 0 0 0 0 1 0 0 1 0 0 0 1 0
150	8	1 1 1 1 1 1 1 1 1 0 0 0 0 1 1 0 1 0 1 0 0 0 0 0 0 0 1 1 1 1 1 0 1 1 1 1 0 0 0 0 0 1 0 0 1 0 0 0 1 0
150	1	1 1 1 1 1 1 1 1 1 0 0 0 0 1 1 0 0 0 1 0 0 0 1 0 1 0 1 1 1 1 1 0 1 1 1 1 0 0 0 0 0 1 1 0 1 0 0 0 1 0
150	2	1 1 1 1 1 1 1 1 1 0 0 0 0 1 1 0 0 0 1 0 0 0 0 0 0 0 1 1 1 1 1 0 1 1 1 1 0 0 0 0 0 1 1 0 1 0 0 0 1 0
150	2	1 1 1 1 1 1 1 1 1 0 0 0 0 1 1 0 1 0 1 0 0 0 0 0 0 0 1 1 1 1 1 0 1 1 1 1 0 0 0 0 0 1 1 0 1 0 1 0 1 0
150	23	1 1 1 1 1 1 1 1 1 0 0 0 0 1 1 0 1 0 1 0 0 0 0 0 0 0 1 1 1 1 1 0 1 1 1 1 0 0 0 0 0 1 1 0 1 0 0 0 1 0
150	1	1 1 1 1 1 0 1 1 1 0 0 0 0 1 1 0 1 0 1 0 0 1 0 0 0 0 1 1 1 0 1 0 1 1 1 1 0 0 0 0 0 1 1 0 0 0 0 0 1 0
160	2	1 1 1 1 1 0 1 1 1 0 0 0 0 1 1 0 1 0 1 0 0 0 0 0 0 0 1 1 1 1 1 0 1 1 1 1 1 0 0 0 0 1 0 0 0 0 0 0 1 0
160	1	1 1 1 1 1 0 1 1 1 0 0 0 0 1 1 0 1 0 1 0 0 0 0 0 0 1 1 1 1 1 1 0 1 1 1 1 0 0 0 0 0 1 1 0 0 0 0 0 1 0
160	2	1 1 1 1 1 0 1 1 1 0 0 0 0 1 1 0 1 0 1 0 0 0 0 0 0 0 1 1 1 1 0 0 1 1 1 1 0 0 0 0 0 1 1 0 0 0 0 0 1 0
160	3	1 1 1 1 1 0 1 1 1 1 0 0 0 1 1 0 1 0 1 0 0 0 0 0 0 0 1 1 1 1 1 0 1 1 1 1 0 0 0 0 0 1 1 0 0 0 0 0 1 0
160	1	1 1 1 1 1 0 1 1 1 0 0 0 0 1 1 0 1 0 1 0 0 0 0 0 0 0 1 1 1 1 1 0 1 1 1 1 0 0 0 0 0 1 1 0 0 0 1 0 1 0
160	15	1 1 1 1 1 0 1 1 1 0 0 0 0 1 1 0 1 0 1 0 0 0 0 0 0 0 1 1 1 1 1 0 1 1 1 1 0 0 0 0 0 1 1 0 0 0 0 0 1 0
160	1	1 1 1 1 1 1 1 1 1 0 0 0 0 1 1 0 1 0 1 0 0 0 0 0 0 0 1 1 1 1 1 0 1 1 1 1 0 0 0 0 0 0 0 0 1 0 0 0 1 0
160	11	1 1 1 1 1 1 1 1 1 0 0 0 0 1 1 0 1 0 1 0 0 0 0 0 0 0 1 1 1 1 1 0 1 1 1 1 0 0 0 0 0 1 0 0 1 0 0 0 1 0
160	7	1 1 1 1 1 0 1 1 1 0 0 0 0 1 1 0 1 0 1 0 0 0 0 0 0 0 1 1 1 1 1 0 1 1 1 1 0 0 0 0 0 1 0 0 1 0 0 0 1 0
160	1	1 1 1 1 1 1 1 1 1 1 0 0 0 1 1 0 1 0 1 0 0 0 0 1 1 0 1 1 1 1 1 0 1 1 1 1 0 0 0 0 0 1 1 0 1 0 0 0 1 0
160	1	1 1 1 1 1 1 1 1 1 1 0 0 0 1 1 0 1 0 1 0 0 0 0 1 0 0 1 1 1 1 1 0 1 1 1 1 0 0 0 0 0 1 1 0 1 0 0 0 1 0
160	2	1 1 1 1 1 1 1 1 1 1 0 0 0 1 1 0 1 0 1 0 0 0 0 0 0 0 1 1 1 1 1 0 1 1 1 1 0 0 0 0 0 1 1 1 1 0 0 0 1 0
160	1	1 1 1 1 1 1 0 1 1 1 0 0 0 1 1 0 1 0 1 0 0 0 0 0 0 0 1 1 1 0 1 0 1 1 1 1 0 0 0 0 0 1 1 0 1 0 0 0 1 0
160	3	1 1 1 1 1 1 0 1 1 1 0 0 0 1 1 0 1 0 1 0 0 0 0 0 0 0 1 1 1 1 1 0 1 1 1 1 0 0 0 0 0 1 1 0 1 0 0 0 1 0
160	1	1 1 1 1 1 1 1 1 1 1 0 0 0 1 1 0 1 0 1 0 0 0 0 0 0 0 1 1 1 1 1 0 0 1 1 1 0 0 0 0 0 1 1 0 1 0 0 0 1 0
160	12	1 1 1 1 1 1 1 1 1 1 0 0 0 1 1 0 1 0 1 0 0 0 0 0 0 0 1 1 1 1 1 0 1 1 1 1 0 0 0 0 0 1 1 0 1 0 0 0 1 0
160	2	1 1 1 1 1 1 1 1 1 0 0 0 0 1 1 0 1 0 1 0 0 0 0 0 0 0 1 1 1 1 1 0 1 1 1 1 0 0 1 0 0 1 1 0 1 0 0 0 1 0
160	1	1 1 1 1 1 1 1 1 1 0 0 0 0 1 1 0 1 0 1 0 0 0 0 0 0 0 1 1 1 1 1 0 1 1 1 0 0 0 0 0 0 1 0 0 1 0 0 0 1 0
160	7	1 1 1 1 1 1 1 1 1 0 0 0 0 1 1 0 0 0 1 0 0 0 0 0 0 0 1 1 1 1 1 0 1 1 1 1 0 0 0 0 0 1 1 0 1 0 0 0 1 0
160	2	1 1 1 1 1 0 1 1 1 0 0 0 0 1 1 0 1 0 1 0 0 0 0 0 0 0 1 1 1 1 1 0 1 1 1 1 0 0 0 0 0 1 1 0 1 0 0 0 1 0
160	1	1 1 1 1 1 1 1 1 1 0 0 0 0 1 1 0 1 0 1 0 0 0 0 0 0 0 1 1 1 1 1 0 1 1 1 1 0 0 0 0 0 1 1 0 1 0 1 0 1 0
160	1	1 1 1 1 1 1 1 1 1 0 0 0 0 1 1 0 1 0 1 0 0 0 0 0 0 0 1 1 1 1 1 0 1 1 1 1 0 0 0 1 0 1 1 0 1 0 0 0 1 0
160	1	1 1 1 1 1 1 1 1 1 0 0 0 0 1 1 0 1 0 1 0 0 0 0 0 0 0 1 1 1 1 1 0 0 1 1 1 0 0 0 0 0 1 1 0 1 0 0 0 1 0
160	19	1 1 1 1 1 1 1 1 1 0 0 0 0 1 1 0 1 0 1 0 0 0 0 0 0 0 1 1 1 1 1 0 1 1 1 1 0 0 0 0 0 1 1 0 1 0 0 0 1 0
160	2	1 1 1 1 1 0 1 1 1 0 0 0 0 1 1 0 1 0 1 0 0 1 0 0 0 0 1 1 1 0 1 0 1 1 1 1 0 0 0 0 0 1 1 0 0 0 0 0 1 0
170	1	1 1 1 1 1 0 1 1 1 0 0 0 0 1 1 0 1 0 1 0 0 0 0 0 0 0 1 1 1 1 1 0 1 1 1 1 1 0 0 1 0 1 0 0 0 0 0 0 1 0
170	1	1 1 1 1 1 0 1 1 1 0 0 0 0 1 1 0 1 0 1 0 0 0 0 0 0 0 1 1 1 1 1 0 1 1 1 1 1 0 0 0 0 1 0 0 0 0 0 0 1 0
170	1	1 1 1 1 1 0 1 1 1 0 0 0 0 1 1 0 1 0 1 0 0 0 0 0 0 0 1 1 1 1 0 0 1 1 1 1 0 0 0 0 0 1 1 0 0 0 0 0 1 0
170	2	1 1 1 1 1 0 1 1 1 1 0 0 0 1 1 0 1 0 1 0 0 0 0 0 0 0 1 1 1 1 1 0 1 1 1 1 0 0 0 0 0 1 1 0 0 0 0 0 1 0
170	2	1 1 1 1 1 0 1 1 1 0 0 0 0 1 1 0 1 0 1 0 1 0 0 0 0 0 1 1 1 1 1 0 1 1 1 1 0 0 0 0 0 1 1 0 0 0 0 0 1 0
170	1	1 1 1 1 1 0 1 1 1 0 0 0 0 1 1 0 1 0 1 0 0 0 0 0 0 0 1 1 1 1 1 0 1 1 1 1 0 0 0 0 0 0 1 0 0 0 0 0 1 0
170	1	1 1 1 1 1 0 1 1 1 0 0 0 0 1 1 0 1 0 1 1 0 0 0 0 0 0 1 1 1 1 1 0 1 1 1 1 0 0 0 0 0 1 1 0 0 0 0 0 1 0
170	13	1 1 1 1 1 0 1 1 1 0 0 0 0 1 1 0 1 0 1 0 0 0 0 0 0 0 1 1 1 1 1 0 1 1 1 1 0 0 0 0 0 1 1 0 0 0 0 0 1 0
170	18	1 1 1 1 1 1 1 1 1 0 0 0 0 1 1 0 1 0 1 0 0 0 0 0 0 0 1 1 1 1 1 0 1 1 1 1 0 0 0 0 0 1 0 0 1 0 0 0 1 0
170	9	1 1 1 1 1 0 1 1 1 0 0 0 0 1 1 0 1 0 1 0 0 0 0 0 0 0 1 1 1 1 1 0 1 1 1 1 0 0 0 0 0 1 0 0 1 0 0 0 1 0
170	1	1 1 1 1 1 1 0 1 1 1 0 0 0 1 1 0 1 0 1 0 0 0 0 0 0 0 1 1 1 1 1 0 1 1 1 1 0 0 0 0 0 1 1 0 1 0 0 0 1 0
170	24	1 1 1 1 1 1 1 1 1 1 0 0 0 1 1 0 1 0 1 0 0 0 0 0 0 0 1 1 1 1 1 0 1 1 1 1 0 0 0 0 0 1 1 0 1 0 0 0 1 0
170	4	1 1 1 1 1 1 1 1 1 0 0 0 0 1 1 0 1 0 1 0 0 0 0 0 0 0 1 1 1 1 1 0 1 1 1 1 0 0 1 0 0 1 1 0 1 0 0 0 1 0
170	2	1 0 1 1 1 1 1 1 1 0 0 0 0 1 1 0 0 0 1 0 0 0 0 0 0 0 1 1 1 1 1 0 1 1 1 1 0 0 0 0 0 1 1 0 1 0 0 0 1 0
170	1	1 1 1 1 1 0 1 1 1 0 0 0 0 1 1 0 1 0 1 0 1 0 0 0 0 0 1 1 1 1 1 0 1 1 1 1 0 0 0 0 0 1 1 0 1 0 0 0 1 0
170	1	1 1 1 1 1 1 1 1 1 0 0 0 0 1 1 0 1 0 1 0 0 0 0 0 0 0 1 1 0 1 1 0 1 1 1 1 0 0 0 0 0 1 1 0 1 0 0 0 1 0
170	17	1 1 1 1 1 1 1 1 1 0 0 0 0 1 1 0 1 0 1 0 0 0 0 0 0 0 1 1 1 1 1 0 1 1 1 1 0 0 0 0 0 1 1 0 1 0 0 0 1 0
170	1	1 1 1 1 1 0 1 1 1 0 0 0 0 1 1 0 1 0 1 0 0 1 0 0 0 0 1 1 1 0 1 0 1 1 1 1 0 0 0 0 0 1 1 0 0 0 0 0 1 0
180	2	1 1 1 1 1 0 1 1 1 0 0 0 0 1 1 0 1 0 1 0 0 0 0 0 0 0 1 0 1 1 1 0 1 1 1 1 0 0 0 0 0 1 1 0 0 0 0 0 1 0
180	1	1 1 1 1 1 0 1 1 1 0 0 0 0 1 1 0 1 0 1 0 0 0 0 0 0 0 1 1 1 1 0 0 1 1 1 1 0 0 0 0 0 1 1 0 0 0 0 0 1 0
180	10	1 1 1 1 1 0 1 1 1 1 0 0 0 1 1 0 1 0 1 0 0 0 0 0 0 0 1 1 1 1 1 0 1 1 1 1 0 0 0 0 0 1 1 0 0 0 0 0 1 0
180	1	1 1 1 1 1 0 1 1 1 0 0 0 0 1 1 0 1 0 1 0 1 0 0 0 0 0 1 1 1 1 1 0 1 1 1 1 0 0 0 0 0 1 1 0 0 0 0 0 1 0
180	4	1 1 1 1 1 0 1 1 1 0 0 1 0 1 1 0 1 0 1 0 0 0 0 0 0 0 1 1 1 1 1 0 1 1 1 1 0 0 0 0 0 1 1 0 0 0 0 0 1 0
180	1	1 1 1 1 1 0 1 0 1 0 0 0 0 1 1 0 1 0 1 0 0 0 0 0 0 0 1 1 1 1 1 0 1 1 1 1 0 0 0 0 0 1 1 0 0 0 0 0 1 0
180	8	1 1 1 1 1 0 1 1 1 0 0 0 0 1 1 0 1 0 1 0 0 0 0 0 0 0 1 1 1 1 1 0 1 1 1 1 0 0 0 0 0 1 1 0 0 0 0 0 1 0
180	1	1 1 1 1 1 1 1 1 1 0 0 0 0 1 1 0 1 0 1 0 0 0 0 0 0 0 1 1 1 1 1 0 1 1 1 1 0 0 0 0 0 0 0 0 1 0 0 0 1 0
180	2	1 1 1 1 1 0 1 1 1 0 0 0 0 1 1 0 1 0 1 0 0 0 0 0 0 0 1 1 1 1 1 0 1 1 1 1 0 0 0 0 0 1 0 0 1 0 0 0 1 0
180	1	1 1 1 1 1 1 1 1 1 0 0 0 0 1 1 0 1 0 1 0 0 0 0 0 0 0 1 1 1 1 1 0 1 0 1 1 0 0 0 0 0 1 0 0 1 0 0 0 1 0
180	23	1 1 1 1 1 1 1 1 1 0 0 0 0 1 1 0 1 0 1 0 0 0 0 0 0 0 1 1 1 1 1 0 1 1 1 1 0 0 0 0 0 1 0 0 1 0 0 0 1 0
180	2	1 1 1 1 1 1 1 1 1 1 0 0 0 1 1 0 1 0 1 0 0 0 0 0 0 0 1 1 1 1 1 0 1 1 1 1 0 0 0 0 0 1 1 1 1 0 0 0 1 0
180	4	1 1 1 1 1 1 0 1 1 1 0 0 0 1 1 0 1 0 1 0 0 0 0 0 0 0 1 1 1 1 1 0 1 1 1 1 0 0 0 0 0 1 1 0 1 0 0 0 1 0
180	22	1 1 1 1 1 1 1 1 1 1 0 0 0 1 1 0 1 0 1 0 0 0 0 0 0 0 1 1 1 1 1 0 1 1 1 1 0 0 0 0 0 1 1 0 1 0 0 0 1 0
180	2	1 1 1 1 1 1 1 1 1 0 0 0 0 1 1 0 1 0 1 0 0 0 0 0 0 0 1 1 1 1 1 0 1 1 1 1 0 0 1 0 0 1 1 0 1 0 0 0 1 0
180	2	1 1 1 1 1 1 1 1 1 0 0 0 0 1 1 0 1 0 1 0 0 0 0 0 0 0 1 1 1 1 1 0 1 1 1 0 0 0 0 0 0 1 0 0 1 0 0 0 1 0
180	10	1 1 1 1 1 1 1 1 1 0 0 0 0 1 1 0 1 0 1 0 0 0 0 0 0 0 1 1 1 1 1 0 1 1 1 1 0 0 0 0 0 1 1 0 1 0 0 0 1 0
180	1	1 1 1 1 1 1 1 1 1 0 0 0 0 1 1 0 0 0 1 0 0 0 0 0 0 0 1 1 1 1 1 0 1 1 1 1 0 0 0 0 0 1 1 0 1 0 0 0 1 0
180	1	1 1 1 1 1 1 1 1 1 0 0 0 0 1 1 0 1 0 1 0 0 0 0 0 0 0 0 1 1 1 1 0 1 1 1 1 0 0 0 0 0 1 1 0 1 0 0 0 1 0
180	2	1 1 1 1 1 0 1 1 1 0 0 0 0 1 1 0 1 0 1 0 0 1 0 0 0 0 1 1 1 0 1 0 1 1 1 1 0 0 0 0 0 1 1 0 0 0 0 0 1 0
190	3	1 1 1 1 1 0 1 1 1 0 0 0 0 1 1 0 1 0 1 0 0 0 0 0 0 0 1 0 1 1 1 0 1 1 1 1 0 0 0 0 0 1 1 0 0 0 0 0 1 0
190	2	1 1 1 1 1 0 1 1 1 0 0 0 0 1 1 0 1 0 1 0 0 0 0 0 0 0 1 1 1 1 0 0 1 1 1 1 0 0 0 0 0 1 1 0 0 0 0 0 1 0
190	1	1 1 1 1 1 0 1 1 1 1 0 0 0 1 1 0 1 0 1 0 0 0 0 1 0 0 1 1 1 1 1 0 1 1 1 1 0 0 0 0 0 1 1 0 0 0 0 0 1 0
190	1	1 1 1 1 1 0 1 1 1 1 0 0 0 1 1 0 1 0 1 0 0 0 0 0 0 0 1 1 1 1 1 0 1 1 1 1 0 0 0 0 0 1 1 0 0 0 0 1 1 0
190	21	1 1 1 1 1 0 1 1 1 1 0 0 0 1 1 0 1 0 1 0 0 0 0 0 0 0 1 1 1 1 1 0 1 1 1 1 0 0 0 0 0 1 1 0 0 0 0 0 1 0
190	1	1 1 1 1 1 0 1 1 1 0 0 1 0 1 1 0 1 0 1 0 0 0 0 0 0 0 1 1 1 1 1 0 1 1 1 1 0 0 0 0 0 1 1 0 0 0 0 0 1 0
190	1	1 1 1 1 1 0 1 1 1 0 0 0 0 1 1 0 1 0 1 0 0 0 0 0 0 0 1 1 1 1 1 0 1 1 1 1 0 0 0 0 0 0 1 0 0 0 0 0 1 0
190	3	1 1 1 1 1 0 1 1 1 0 0 0 0 1 1 0 1 0 1 0 0 0 0 0 0 0 1 1 1 1 1 0 1 1 1 1 0 0 0 0 0 1 1 0 0 0 0 0 1 0
190	4	1 1 1 1 1 1 1 1 1 0 0 0 0 1 1 0 1 0 1 0 0 0 0 0 0 0 1 1 1 1 1 0 1 1 1 1 0 0 0 0 0 0 0 0 1 0 0 0 1 0
190	1	1 1 1 1 1 0 1 1 1 0 0 0 0 1 1 0 1 0 1 0 0 0 0 0 0 0 1 1 1 1 1 0 1 1 1 1 0 0 0 0 0 1 0 0 1 0 0 0 1 0
190	4	1 1 1 1 1 1 1 1 1 0 0 0 0 1 1 0 1 0 1 0 0 0 0 0 0 0 1 1 1 1 1 0 1 1 1 0 0 0 0 0 0 1 0 0 1 0 0 0 1 0
190	8	1 1 1 1 1 1 1 1 1 0 0 0 0 1 1 0 1 0 1 0 0 0 0 0 0 0 1 1 1 1 1 0 1 1 1 1 0 0 0 0 0 1 1 0 1 0 0 0 1 0
190	20	1 1 1 1 1 1 1 1 1 0 0 0 0 1 1 0 1 0 1 0 0 0 0 0 0 0 1 1 1 1 1 0 1 1 1 1 0 0 0 0 0 1 0 0 1 0 0 0 1 0
190	2	1 1 1 1 1 1 1 1 1 1 0 0 0 1 1 0 1 0 1 0 0 0 0 0 0 0 1 1 1 1 1 0 1 1 1 1 0 0 0 0 0 1 1 1 1 0 0 0 1 0
190	3	1 1 1 1 1 1 0 1 1 1 0 0 0 1 1 0 1 0 1 0 0 0 0 0 0 0 1 1 1 1 1 0 1 1 1 1 0 0 0 0 0 1 1 0 1 0 0 0 1 0
190	4	1 1 1 1 1 1 1 1 1 1 0 0 0 1 1 0 1 0 1 0 0 0 0 0 0 0 1 1 1 1 1 0 1 1 1 1 0 0 0 0 0 0 1 0 1 0 0 0 1 0
190	15	1 1 1 1 1 1 1 1 1 1 0 0 0 1 1 0 1 0 1 0 0 0 0 0 0 0 1 1 1 1 1 0 1 1 1 1 0 0 0 0 0 1 1 0 1 0 0 0 1 0
190	3	1 1 1 1 1 1 1 1 1 0 0 0 0 1 1 0 1 0 1 0 0 0 0 0 0 0 1 1 1 1 1 0 1 1 1 1 0 0 1 0 0 1 1 0 1 0 0 0 1 0
190	2	1 1 1 1 1 1 1 1 1 0 0 0 0 1 1 0 0 0 1 0 0 0 0 0 0 0 1 1 1 1 1 0 1 1 1 1 0 0 0 0 0 1 1 0 1 0 0 0 1 0
190	1	1 1 1 1 1 0 1 1 1 0 0 0 0 1 1 0 1 0 1 0 0 1 0 0 0 0 1 1 1 0 1 0 1 1 1 1 0 0 0 0 0 1 1 0 0 0 0 0 1 0
200	1	1 1 1 1 1 0 1 1 1 0 0 0 0 1 1 0 1 0 1 0 0 0 0 0 0 0 1 0 1 1 1 0 1 1 1 1 0 0 0 0 0 1 1 0 0 0 0 0 1 0
200	1	1 1 1 1 1 0 1 1 1 0 0 0 0 1 1 0 1 0 1 0 0 0 0 0 0 0 1 1 1 1 0 0 1 1 1 1 0 0 0 0 0 1 1 0 0 0 0 0 1 0
200	1	1 1 1 1 1 0 1 1 1 1 0 0 0 1 1 0 1 0 1 0 0 0 0 0 0 0 1 1 1 1 1 0 1 1 1 0 0 0 0 0 0 1 1 0 0 0 0 0 1 0
200	12	1 1 1 1 1 0 1 1 1 1 0 0 0 1 1 0 1 0 1 0 0 0 0 0 0 0 1 1 1 1 1 0 1 1 1 1 0 0 0 0 0 1 1 0 0 0 0 0 1 0
200	2	1 1 1 1 1 0 1 1 1 0 0 0 0 1 1 0 1 0 1 0 1 0 0 0 0 0 1 1 1 1 1 0 1 1 1 1 0 0 0 0 0 1 1 0 0 0 0 0 1 0
200	2	1 1 1 1 1 0 1 1 1 0 0 0 0 1 1 0 1 0 1 0 0 0 0 0 0 0 1 1 1 1 1 0 1 1 1 1 0 0 0 0 0 1 1 0 0 0 0 0 0 0
200	7	1 1 1 1 1 0 1 1 1 0 0 0 0 1 1 0 1 0 1 0 0 0 0 0 0 0 1 1 1 1 1 0 1 1 1 1 0 0 0 0 0 1 1 0 0 0 0 0 1 0
200	5	1 1 1 1 1 1 1 1 1 0 0 0 0 1 1 0 1 0 1 0 0 0 0 0 0 0 1 1 1 1 1 0 1 1 1 1 0 0 0 0 0 1 0 0 0 0 0 0 1 0
200	4	1 1 1 1 1 1 1 1 1 0 0 0 0 1 1 0 1 0 1 0 0 0 0 0 0 0 1 1 1 1 1 0 1 1 1 1 0 0 0 0 0 0 0 0 1 0 0 0 1 0
200	5	1 1 1 1 1 1 1 1 1 0 0 0 0 1 1 0 1 0 1 0 0 0 0 0 0 0 1 1 1 1 1 0 1 1 1 0 0 0 0 0 0 1 0 0 1 0 0 0 1 0
200	3	0 1 1 1 1 1 1 1 1 0 0 0 0 1 1 0 1 0 1 0 0 0 0 0 0 0 1 1 1 1 1 0 1 1 1 1 0 0 0 0 0 1 0 0 1 0 0 0 1 0
200	4	1 1 1 1 1 1 1 1 1 0 0 0 0 1 1 0 1 0 1 0 0 0 0 0 0 0 1 1 1 1 1 0 1 1 1 1 0 0 0 0 0 1 1 0 1 0 0 0 1 0
200	22	1 1 1 1 1 1 1 1 1 0 0 0 0 1 1 0 1 0 1 0 0 0 0 0 0 0 1 1 1 1 1 0 1 1 1 1 0 0 0 0 0 1 0 0 1 0 0 0 1 0
200	1	1 1 1 1 1 1 1 1 1 1 0 0 0 1 1 0 1 0 1 0 0 0 0 0 0 0 1 1 1 1 1 0 1 1 1 1 0 0 0 0 0 1 1 1 1 0 0 0 1 0
200	4	1 1 1 1 1 1 1 1 1 1 0 0 0 1 1 0 1 0 1 0 0 0 0 0 0 0 1 1 1 1 1 0 1 1 1 1 0 0 0 0 0 0 1 0 1 0 0 0 1 0
200	1	1 1 1 1 1 1 0 1 1 1 0 0 0 1 1 0 1 0 1 0 0 0 0 0 0 0 1 1 1 1 1 0 1 1 1 1 0 0 0 0 0 1 1 0 1 0 0 0 1 0
200	23	1 1 1 1 1 1 1 1 1 1 0 0 0 1 1 0 1 0 1 0 0 0 0 0 0 0 1 1 1 1 1 0 1 1 1 1 0 0 0 0 0 1 1 0 1 0 0 0 1 0
200	1	1 1 1 1 1 1 1 1 1 0 0 0 0 1 1 0 1 0 1 0 0 0 0 0 0 0 1 1 1 1 1 0 1 1 1 1 0 0 1 0 0 1 1 0 1 0 0 0 1 0
200	1	1 1 1 1 1 1 1 1 1 0 0 0 0 1 1 0 0 0 1 0 0 0 0 0 0 0 1 1 1 1 1 0 1 1 1 1 0 0 0 0 0 1 1 0 1 0 0 0 1 0
210	2	1 1 1 1 1 0 1 1 1 0 0 0 0 1 1 0 1 0 1 0 0 0 0 0 0 0 1 1 1 1 0 0 1 1 1 1 0 0 0 0 0 1 1 0 0 0 0 0 1 0
210	1	1 1 1 1 1 0 1 1 1 1 0 0 0 1 1 0 1 0 1 0 0 0 0 0 0 0 1 1 1 1 1 0 1 1 1 0 0 0 0 0 0 1 1 0 0 0 0 0 1 0
210	12	1 1 1 1 1 0 1 1 1 1 0 0 0 1 1 0 1 0 1 0 0 0 0 0 0 0 1 1 1 1 1 0 1 1 1 1 0 0 0 0 0 1 1 0 0 0 0 0 1 0
210	1	1 1 1 1 1 0 1 1 1 0 0 0 0 1 1 0 1 0 1 0 0 0 0 0 0 0 1 1 1 1 1 0 1 1 1 1 1 0 0 0 0 1 1 0 0 0 0 0 0 0
210	1	1 1 1 1 1 0 1 1 1 0 0 0 0 1 1 0 1 0 1 0 0 0 0 0 0 0 1 1 1 1 1 0 1 1 1 1 0 0 0 0 0 1 1 0 0 0 0 0 0 0
210	3	1 1 1 1 1 0 1 1 1 0 0 0 0 1 1 0 1 0 1 0 0 0 0 0 0 0 1 1 1 1 1 0 1 1 1 1 0 0 0 0 0 1 1 0 0 0 0 0 1 0
210	3	1 1 1 1 1 1 1 1 1 0 0 0 0 1 1 1 1 0 1 0 0 0 0 0 0 0 1 1 1 1 1 0 1 1 1 1 0 0 0 0 0 1 0 0 0 0 0 0 1 0
210	8	1 1 1 1 1 1 1 1 1 0 0 0 0 1 1 0 1 0 1 0 0 0 0 0 0 0 1 1 1 1 1 0 1 1 1 1 0 0 0 0 0 1 0 0 0 0 0 0 1 0
210	1	1 1 1 1 1 1 1 1 1 0 0 0 0 1 1 0 1 0 1 0 0 0 0 0 0 0 1 1 1 1 1 0 1 1 0 1 0 0 0 0 0 0 0 0 1 0 0 0 1 0
210	3	1 1 1 1 1 1 1 1 1 0 0 0 0 1 1 0 1 0 1 0 0 0 0 0 0 0 1 1 1 1 1 0 1 1 1 1 0 0 0 0 0 0 0 0 1 0 0 0 1 0
210	5	1 1 1 1 1 1 1 1 1 0 0 0 0 1 1 0 1 0 1 0 0 0 0 0 0 0 1 1 1 1 1 0 1 1 1 0 0 0 0 0 0 1 0 0 1 0 0 0 1 0
210	1	0 1 1 1 1 1 1 1 1 0 0 0 0 1 1 0 1 0 1 0 0 0 0 0 0 0 1 1 1 1 1 0 1 1 1 1 0 0 0 0 0 1 0 0 1 0 0 0 1 0
210	3	1 1 1 1 1 1 1 1 1 0 0 0 0 1 1 0 1 0 1 0 0 0 0 0 0 0 1 1 1 1 1 0 1 1 1 1 0 0 0 0 0 1 1 0 1 0 0 0 1 0
210	1	1 1 1 1 1 0 1 1 1 0 0 0 0 1 1 0 1 0 1 0 0 0 0 0 0 0 1 1 1 1 1 0 1 1 1 1 0 0 0 0 0 1 0 0 1 0 0 0 1 0
210	15	1 1 1 1 1 1 1 1 1 0 0 0 0 1 1 0 1 0 1 0 0 0 0 0 0 0 1 1 1 1 1 0 1 1 1 1 0 0 0 0 0 1 0 0 1 0 0 0 1 0
210	5	1 1 1 1 1 1 1 1 1 1 0 0 0 1 1 0 1 0 1 0 0 0 0 0 0 0 1 1 1 1 1 0 1 1 1 1 0 0 0 0 0 0 1 0 1 0 0 0 1 0
210	1	1 1 1 1 1 1 1 1 1 1 0 0 0 1 1 0 0 0 1 0 0 0 0 0 0 0 1 1 1 1 1 0 1 1 1 1 0 0 0 0 0 1 1 0 1 0 0 0 1 0
210	30	1 1 1 1 1 1 1 1 1 1 0 0 0 1 1 0 1 0 1 0 0 0 0 0 0 0 1 1 1 1 1 0 1 1 1 1 0 0 0 0 0 1 1 0 1 0 0 0 1 0
210	4	1 1 1 1 1 1 1 1 1 0 0 0 0 1 1 0 1 0 1 0 0 0 0 0 0 0 1 1 1 1 1 0 1 1 1 1 0 0 1 0 0 1 1 0 1 0 0 0 1 0
220	1	1 1 1 1 1 0 1 1 1 0 0 0 0 1 1 0 1 0 1 0 0 0 0 0 0 0 1 1 1 1 0 0 1 1 1 1 0 0 0 0 0 1 1 0 0 0 0 0 1 0
220	2	1 1 1 1 1 0 1 1 1 1 0 0 0 1 1 0 1 0 1 0 0 0 0 0 0 0 1 1 1 1 1 0 1 1 1 0 0 0 0 0 0 1 1 0 0 0 0 0 1 0
220	16	1 1 1 1 1 0 1 1 1 1 0 0 0 1 1 0 1 0 1 0 0 0 0 0 0 0 1 1 1 1 1 0 1 1 1 1 0 0 0 0 0 1 1 0 0 0 0 0 1 0
220	1	1 1 1 1 1 1 1 1 1 0 0 0 0 1 1 1 1 0 1 0 0 0 0 0 0 0 1 1 1 1 1 0 1 1 1 1 0 0 0 0 0 1 0 0 0 0 0 0 1 0
220	9	1 1 1 1 1 1 1 1 1 0 0 0 0 1 1 0 1 0 1 0 0 0 0 0 0 0 1 1 1 1 1 0 1 1 1 1 0 0 0 0 0 1 0 0 0 0 0 0 1 0
220	6	1 1 1 1 1 1 1 1 1 0 0 0 0 1 1 0 1 0 1 0 0 0 0 0 0 0 1 1 1 1 1 0 1 1 1 1 0 0 0 0 0 0 0 0 1 0 0 0 1 0
220	4	1 1 1 1 1 1 1 1 1 0 0 0 0 1 1 0 1 0 1 0 0 1 0 0 0 0 1 1 1 1 1 0 1 1 1 0 0 0 0 0 0 1 0 0 1 0 0 0 1 0
220	1	1 1 1 1 1 1 1 1 1 0 0 0 0 1 1 0 1 0 1 0 0 0 0 0 0 0 0 1 1 1 1 0 1 1 1 1 0 0 0 0 0 1 0 0 1 0 0 0 1 0
220	13	1 1 1 1 1 1 1 1 1 0 0 0 0 1 1 0 1 0 1 0 0 0 0 0 0 0 1 1 1 1 1 0 1 1 1 1 0 0 0 0 0 1 0 0 1 0 0 0 1 0
220	1	1 1 1 1 1 1 1 1 1 0 0 0 0 1 1 0 1 0 1 0 0 0 0 0 0 0 1 1 1 1 1 0 1 1 1 1 0 0 0 0 0 1 1 0 1 0 0 0 1 0
220	1	1 1 1 1 0 1 1 1 1 0 0 0 0 1 1 0 1 0 1 0 0 0 0 0 0 0 1 1 1 1 1 0 1 1 1 1 0 0 0 0 0 1 0 0 1 0 0 0 1 0
220	2	1 1 1 1 1 1 1 1 1 1 0 0 0 1 1 0 1 0 1 0 0 0 0 0 0 0 1 1 1 1 1 0 1 1 1 1 0 0 0 0 0 0 1 0 1 0 0 0 1 0
220	1	1 1 1 1 1 1 1 1 1 1 0 0 0 1 1 0 1 0 1 0 0 0 0 0 0 0 1 1 1 1 1 0 1 1 0 1 0 0 0 0 0 1 1 0 1 0 0 0 1 0
220	41	1 1 1 1 1 1 1 1 1 1 0 0 0 1 1 0 1 0 1 0 0 0 0 0 0 0 1 1 1 1 1 0 1 1 1 1 0 0 0 0 0 1 1 0 1 0 0 0 1 0
220	1	1 1 1 1 1 1 1 1 1 0 0 0 0 1 1 0 1 0 1 0 0 0 0 0 0 0 1 1 1 1 1 0 1 1 1 1 0 0 1 0 0 1 1 0 1 0 0 0 1 0
230	1	1 1 1 1 1 0 1 1 1 1 0 0 0 1 1 0 1 0 1 0 0 0 0 0 0 0 1 1 1 1 1 0 1 1 1 1 0 0 0 0 0 1 1 0 0 0 0 0 1 1
230	16	1 1 1 1 1 0 1 1 1 1 0 0 0 1 1 0 1 0 1 0 0 0 0 0 0 0 1 1 1 1 1 0 1 1 1 1 0 0 0 0 0 1 1 0 0 0 0 0 1 0
230	1	1 1 1 1 1 1 1 1 1 0 0 0 0 1 1 0 1 0 1 0 0 0 0 0 0 0 1 0 1 1 1 0 1 1 1 1 0 0 0 0 0 1 0 0 0 0 0 0 1 0
230	12	1 1 1 1 1 1 1 1 1 0 0 0 0 1 1 0 1 0 1 0 0 0 0 0 0 0 1 1 1 1 1 0 1 1 1 1 0 0 0 0 0 1 0 0 0 0 0 0 1 0
230	3	1 1 1 1 1 1 1 1 1 0 0 0 0 1 1 0 1 0 1 0 0 0 0 0 0 0 1 1 1 1 1 0 1 1 1 1 0 0 0 0 0 0 0 0 1 0 0 0 1 0
230	1	1 1 1 1 1 1 1 1 1 0 0 0 0 1 1 0 1 0 1 0 0 1 0 0 0 0 1 1 1 1 1 0 1 1 1 0 0 0 0 0 0 1 0 1 1 0 0 0 1 0
230	1	1 1 1 1 1 1 1 1 1 0 0 0 0 1 1 0 1 0 1 0 0 1 0 0 0 0 1 1 1 1 1 0 1 1 1 0 0 0 0 0 0 1 0 0 1 0 0 0 1 0
230	4	1 1 1 1 1 1 1 1 1 0 0 0 0 1 1 0 1 0 1 0 0 0 0 0 0 0 1 1 1 1 1 0 1 1 1 0 0 0 0 0 0 0 0 0 1 0 0 0 1 0
230	3	1 1 1 1 1 1 1 1 1 0 0 0 0 1 1 0 1 0 1 0 0 0 0 0 0 0 1 1 1 1 1 0 1 1 1 0 0 0 0 0 0 1 0 0 1 0 0 0 1 0
230	1	1 1 1 1 1 1 1 1 1 0 0 0 0 1 1 0 1 0 0 0 0 0 0 0 0 0 1 1 1 1 1 0 1 1 1 1 0 0 0 0 0 1 0 0 1 0 0 0 1 0
230	14	1 1 1 1 1 1 1 1 1 0 0 0 0 1 1 0 1 0 1 0 0 0 0 0 0 0 1 1 1 1 1 0 1 1 1 1 0 0 0 0 0 1 0 0 1 0 0 0 1 0
230	1	1 1 1 1 1 1 1 1 1 0 0 0 0 1 1 0 1 0 1 0 0 0 0 0 0 0 1 1 1 1 1 0 1 1 1 1 0 0 0 0 0 1 1 0 1 0 0 0 1 0
230	1	1 1 1 1 1 1 1 1 1 1 0 0 0 1 1 0 1 0 1 0 0 0 0 0 0 0 1 1 1 1 1 0 1 1 1 1 0 0 0 0 0 0 1 0 0 0 0 0 1 0
230	5	1 1 1 1 1 1 1 1 1 1 0 0 0 1 1 0 1 0 1 0 0 0 0 0 0 0 1 1 1 1 1 0 1 1 1 1 0 0 0 0 0 0 1 0 1 0 0 0 1 0
230	2	1 1 1 1 1 1 1 1 1 1 0 1 0 1 1 0 1 0 1 0 0 0 0 0 0 0 1 1 1 1 1 0 1 1 1 1 0 0 0 0 0 1 1 0 1 0 0 0 1 0
230	33	1 1 1 1 1 1 1 1 1 1 0 0 0 1 1 0 1 0 1 0 0 0 0 0 0 0 1 1 1 1 1 0 1 1 1 1 0 0 0 0 0 1 1 0 1 0 0 0 1 0
230	1	1 1 1 1 1 1 1 1 1 0 0 0 0 1 1 0 1 0 1 0 0 0 0 0 0 0 1 1 1 1 1 0 1 1 1 1 0 0 1 0 0 1 1 0 1 0 0 0 1 0
240	5	1 1 1 1 1 0 1 1 1 1 0 0 0 1 1 0 1 0 1 0 0 0 0 0 1 0 1 1 1 1 1 0 1 1 1 1 0 0 0 0 0 1 1 0 0 0 0 0 1 0
240	3	1 1 1 1 1 0 1 1 1 1 0 0 0 1 1 0 1 0 1 0 1 0 0 0 0 0 1 1 1 1 1 0 1 1 1 1 0 0 0 0 0 1 1 0 0 0 0 0 1 0
240	7	1 1 1 1 1 0 1 1 1 1 0 0 0 1 1 0 1 0 1 0 0 0 0 0 0 0 1 1 1 1 1 0 1 1 1 1 0 0 0 0 0 1 1 0 0 0 0 0 1 0
240	1	1 1 1 1 1 1 1 1 1 0 0 0 0 1 1 0 1 0 1 0 0 0 0 0 0 0 1 1 1 1 1 0 1 1 1 1 0 1 0 0 0 1 0 0 0 0 0 0 1 0
240	12	1 1 1 1 1 1 1 1 1 0 0 0 0 1 1 0 1 0 1 0 0 0 0 0 0 0 1 1 1 1 1 0 1 1 1 1 0 0 0 0 0 1 0 0 1 0 0 0 1 0
240	1	1 1 1 1 1 1 1 1 1 0 0 0 0 1 1 0 1 0 1 0 0 0 0 0 0 0 1 1 1 1 1 0 1 1 1 1 0 0 0 0 0 1 0 0 0 0 0 1 1 0
240	19	1 1 1 1 1 1 1 1 1 0 0 0 0 1 1 0 1 0 1 0 0 0 0 0 0 0 1 1 1 1 1 0 1 1 1 1 0 0 0 0 0 1 0 0 0 0 0 0 1 0
240	2	1 1 1 1 1 1 1 1 1 0 0 0 0 1 1 0 1 0 1 0 0 0 0 0 0 0 1 1 1 1 1 0 1 1 1 1 0 0 0 0 0 0 1 0 1 0 0 0 1 0
240	1	1 1 1 1 1 1 1 1 1 0 0 0 0 1 1 0 1 0 1 0 0 0 0 0 0 0 1 1 1 1 1 0 1 1 1 1 0 0 0 0 0 0 0 0 1 0 0 1 1 0
240	12	1 1 1 1 1 1 1 1 1 0 0 0 0 1 1 0 1 0 1 0 0 0 0 0 0 0 1 1 1 1 1 0 1 1 1 1 0 0 0 0 0 0 0 0 1 0 0 0 1 0
240	1	1 1 0 1 1 1 1 1 1 0 0 0 0 1 1 0 1 0 1 0 0 1 0 0 0 0 1 1 1 1 1 0 1 1 1 0 0 0 0 0 0 1 0 1 1 0 0 0 1 0
240	1	1 1 1 1 1 1 1 1 1 0 0 0 0 1 1 0 1 0 1 0 0 0 0 0 0 0 1 1 0 1 1 0 1 1 1 0 0 0 0 0 0 0 0 0 1 0 0 0 1 0
240	9	1 1 1 1 1 1 1 1 1 0 0 0 0 1 1 0 1 0 1 0 0 0 0 0 0 0 1 1 1 1 1 0 1 1 1 0 0 0 0 0 0 0 0 0 1 0 0 0 1 0
240	4	1 1 1 1 1 1 1 1 1 0 0 0 0 1 1 0 1 0 1 0 0 0 0 0 0 0 1 1 1 1 1 0 1 1 1 0 0 0 0 0 0 1 0 0 1 0 0 0 1 0
240	4	1 1 1 1 1 1 1 1 1 0 0 0 0 1 1 0 1 0 1 0 0 0 0 0 0 0 1 1 1 1 1 0 1 1 1 1 0 0 0 0 0 1 1 0 1 0 0 0 1 0
240	4	1 1 1 1 1 1 1 1 1 1 0 0 0 1 1 0 1 0 1 0 0 0 0 0 0 0 1 1 1 1 1 0 1 1 1 1 0 0 0 0 0 0 1 0 1 0 0 0 1 0
240	1	1 1 1 1 1 1 1 1 1 1 0 0 0 1 1 0 1 0 1 0 0 0 0 0 0 0 1 1 1 1 1 0 1 1 1 1 0 0 0 0 0 0 1 0 0 0 0 0 1 0
240	1	1 1 1 1 1 1 1 1 1 1 0 0 0 1 1 0 1 0 1 0 0 0 0 0 0 0 1 1 1 1 1 0 1 1 0 1 0 0 0 0 0 1 1 0 1 0 0 0 1 0
240	12	1 1 1 1 1 1 1 1 1 1 0 0 0 1 1 0 1 0 1 0 0 0 0 0 0 0 1 1 1 1 1 0 1 1 1 1 0 0 0 0 0 1 1 0 1 0 0 0 1 0
250	2	1 1 1 1 1 0 1 1 1 1 0 0 0 1 1 0 1 0 1 0 0 0 0 0 1 0 1 1 1 1 1 0 1 1 1 1 0 0 0 0 0 1 1 0 0 0 0 0 1 0
250	4	1 1 1 1 1 0 1 1 1 1 0 0 0 1 1 0 1 0 1 0 1 0 0 0 0 0 1 1 1 1 1 0 1 1 1 1 0 0 0 0 0 1 1 0 0 0 0 0 1 0
250	1	1 0 1 1 1 0 1 1 1 1 0 0 0 1 1 0 1 0 1 0 0 0 0 0 0 0 1 1 1 1 1 0 1 1 1 1 0 0 0 0 0 1 1 0 0 0 0 0 1 0
250	5	1 1 1 1 1 0 1 1 1 1 0 0 0 1 1 0 1 0 1 0 0 0 0 0 0 0 1 1 1 1 1 0 1 1 1 1 0 0 0 0 0 1 1 0 0 0 0 0 1 0
250	2	1 1 1 1 1 1 1 1 1 0 0 0 0 1 1 0 1 0 1 0 0 0 0 0 0 0 1 1 1 1 1 0 0 1 1 1 0 0 0 0 0 1 0 0 0 0 0 0 1 0
250	1	1 1 1 1 1 1 1 1 1 0 0 0 0 1 1 0 1 0 1 0 0 0 0 0 0 0 1 0 1 1 1 0 1 1 1 1 0 0 0 0 0 1 0 0 0 0 0 0 1 0
250	1	1 1 1 1 1 1 1 1 1 0 0 0 0 1 1 0 1 0 1 0 0 0 0 0 0 0 0 1 1 1 1 0 1 1 1 1 0 1 0 0 0 1 0 0 0 0 0 0 1 0
250	5	1 1 1 1 1 1 1 1 1 0 0 0 0 1 1 0 1 0 1 0 0 0 0 0 0 0 1 1 1 1 1 0 1 1 1 1 0 1 0 0 0 1 0 0 0 0 0 0 1 0
250	2	1 1 1 1 1 1 1 1 1 0 0 0 0 1 1 0 1 0 1 0 0 0 0 0 0 0 1 1 1 1 1 0 1 1 1 1 0 0 0 0 0 1 0 0 1 0 0 0 1 0
250	1	1 1 1 1 1 1 1 1 1 0 0 0 0 1 1 0 1 0 1 0 0 0 0 0 0 0 1 1 1 1 1 0 1 0 1 1 0 0 0 0 0 1 0 0 0 0 0 0 1 0
250	1	1 1 1 1 1 1 1 1 1 0 0 0 0 1 1 0 1 0 1 0 0 0 0 0 0 1 1 1 1 1 1 0 1 1 1 1 0 0 0 0 0 1 0 0 0 0 0 0 1 0
250	1	0 1 1 1 1 1 1 1 1 0 0 0 0 1 1 0 1 0 1 0 0 0 0 0 0 0 1 1 1 1 1 0 1 1 1 1 0 0 0 0 0 1 0 0 0 0 0 0 1 0
250	1	1 1 1 1 1 1 1 1 1 0 0 0 0 1 1 0 1 0 1 1 0 0 0 0 0 0 1 1 1 1 1 0 1 1 1 1 0 0 0 0 0 1 0 0 0 0 0 0 1 0
250	16	1 1 1 1 1 1 1 1 1 0 0 0 0 1 1 0 1 0 1 0 0 0 0 0 0 0 1 1 1 1 1 0 1 1 1 1 0 0 0 0 0 1 0 0 0 0 0 0 1 0
250	1	1 1 1 1 1 1 1 1 1 0 0 0 0 0 1 0 1 0 1 0 0 0 0 0 0 0 1 1 1 1 1 0 1 1 1 1 0 0 0 0 0 0 1 0 1 0 0 0 1 0
250	10	1 1 1 1 1 1 1 1 1 0 0 0 0 1 1 0 1 0 1 0 0 0 0 0 0 0 1 1 1 1 1 0 1 1 1 1 0 0 0 0 0 0 1 0 1 0 0 0 1 0
250	13	1 1 1 1 1 1 1 1 1 0 0 0 0 1 1 0 1 0 1 0 0 0 0 0 0 0 1 1 1 1 1 0 1 1 1 1 0 0 0 0 0 0 0 0 1 0 0 0 1 0
250	2	1 1 1 1 1 1 1 1 1 0 0 0 0 1 1 0 1 0 1 0 0 0 0 0 0 0 1 1 1 1 1 0 1 1 1 0 0 0 0 0 0 0 1 0 1 0 0 0 1 0
250	1	1 1 1 1 1 1 1 1 1 0 0 0 0 1 1 0 1 0 1 0 0 0 0 0 0 0 1 1 1 0 1 0 1 1 1 0 0 0 0 0 0 0 0 0 1 0 0 0 1 0
250	10	1 1 1 1 1 1 1 1 1 0 0 0 0 1 1 0 1 0 1 0 0 0 0 0 0 0 1 1 1 1 1 0 1 1 1 0 0 0 0 0 0 0 0 0 1 0 0 0 1 0
250	1	1 1 1 1 1 1 1 1 1 0 0 0 0 1 1 0 1 0 1 0 0 0 0 0 0 0 1 1 1 1 1 0 1 1 1 0 0 0 0 0 0 1 0 0 1 0 0 0 1 0
250	2	1 1 1 1 1 1 1 1 1 0 0 0 0 1 1 0 1 0 1 0 0 0 0 0 0 0 1 1 1 1 1 0 1 1 1 1 0 0 0 0 0 1 1 0 1 0 0 0 1 0
250	9	1 1 1 1 1 1 1 1 1 1 0 0 0 1 1 0 1 0 1 0 0 0 0 0 0 0 1 1 1 1 1 0 1 1 1 1 0 0 0 0 0 0 1 0 1 0 0 0 1 0
250	3	1 1 1 1 1 1 1 1 1 1 0 0 0 1 1 0 1 0 1 0 0 0 0 0 0 0 1 1 1 1 1 0 1 1 1 1 0 0 0 0 0 0 1 0 0 0 0 0 1 0
250	5	1 1 1 1 1 1 1 1 1 1 0 0 0 1 1 0 1 0 1 0 0 0 0 0 0 0 1 1 1 1 1 0 1 1 1 1 0 0 0 0 0 1 1 0 1 0 0 0 1 0
260	4	1 1 1 1 1 0 1 1 1 1 0 0 0 1 1 0 1 0 1 0 0 0 0 0 0 0 1 1 1 1 1 0 1 1 1 1 0 0 0 0 0 1 1 0 0 0 0 0 1 0
260	1	1 1 1 1 1 1 1 1 1 0 0 0 0 1 1 0 1 0 1 0 0 0 0 0 0 0 1 0 1 1 1 0 1 1 1 1 0 0 0 0 0 1 0 0 0 0 0 0 1 0
260	6	1 1 1 1 1 1 1 1 1 0 0 0 0 1 1 0 1 0 1 0 0 0 0 0 0 0 1 1 1 1 1 0 1 1 1 1 0 1 0 0 0 1 0 0 0 0 0 0 1 0
260	4	1 1 1 1 1 1 1 1 1 0 0 0 0 1 1 0 1 0 1 0 0 0 0 0 0 0 1 1 1 1 1 0 1 1 1 1 0 0 0 0 0 1 0 0 1 0 0 0 1 0
260	1	1 1 1 1 1 1 1 1 1 0 0 0 0 1 1 0 1 0 1 0 0 0 0 0 0 0 1 1 1 1 1 0 1 0 1 1 0 0 0 0 0 1 0 0 0 0 0 0 1 0
260	1	1 1 1 1 1 1 1 1 1 0 0 0 0 1 1 0 1 0 1 0 0 0 0 0 0 0 0 1 1 1 1 0 1 1 1 1 0 0 0 0 0 1 0 0 0 0 0 0 1 0
260	1	1 1 1 1 1 1 1 1 1 1 0 0 0 1 1 0 1 0 1 0 0 0 0 0 0 0 1 1 1 1 1 0 1 1 1 1 0 0 0 0 0 1 0 0 0 0 0 0 1 0
260	20	1 1 1 1 1 1 1 1 1 0 0 0 0 1 1 0 1 0 1 0 0 0 0 0 0 0 1 1 1 1 1 0 1 1 1 1 0 0 0 0 0 1 0 0 0 0 0 0 1 0
260	2	1 1 1 1 1 1 1 1 1 0 0 0 0 1 1 0 1 0 1 0 0 0 0 0 0 0 1 1 1 1 1 0 1 1 1 1 0 0 0 0 0 0 1 0 1 0 0 0 1 0
260	22	1 1 1 1 1 1 1 1 1 0 0 0 0 1 1 0 1 0 1 0 0 0 0 0 0 0 1 1 1 1 1 0 1 1 1 1 0 0 0 0 0 0 0 0 1 0 0 0 1 0
260	1	1 1 1 1 1 1 1 1 1 0 0 0 0 1 1 0 1 0 1 0 0 0 0 0 0 0 1 1 1 1 1 0 1 1 1 0 0 0 0 0 0 0 0 0 1 0 0 1 1 0
260	1	1 0 1 1 1 1 1 1 1 0 0 0 0 1 1 0 1 0 1 0 0 0 0 0 0 0 1 1 1 1 1 0 1 1 1 0 0 0 0 0 0 0 0 0 1 0 0 0 1 0
260	11	1 1 1 1 1 1 1 1 1 0 0 0 0 1 1 0 1 0 1 0 0 0 0 0 0 0 1 1 1 1 1 0 1 1 1 0 0 0 0 0 0 0 0 0 1 0 0 0 1 0
260	3	1 1 1 1 1 1 1 1 1 0 0 0 0 1 1 0 1 0 1 0 0 0 0 0 0 0 1 1 1 1 1 0 1 1 1 1 0 0 0 0 0 1 1 0 1 0 0 0 1 0
260	1	1 1 1 1 1 1 1 1 1 1 0 0 0 1 1 0 1 0 1 0 0 0 0 0 0 0 1 1 1 1 1 0 1 1 1 1 0 0 0 0 0 0 1 0 1 0 1 0 1 0
260	6	1 1 1 1 1 1 1 1 1 1 0 0 0 1 1 0 1 0 1 0 0 0 0 0 0 0 1 1 1 1 1 0 1 1 1 1 0 0 0 0 0 0 1 0 1 0 0 0 1 0
260	8	1 1 1 1 1 1 1 1 1 1 0 0 0 1 1 0 1 0 1 0 0 0 0 0 0 0 1 1 1 1 1 0 1 1 1 1 0 0 0 0 0 0 1 0 0 0 0 0 1 0
260	7	1 1 1 1 1 1 1 1 1 1 0 0 0 1 1 0 1 0 1 0 0 0 0 0 0 0 1 1 1 1 1 0 1 1 1 1 0 0 0 0 0 1 1 0 1 0 0 0 1 0
270	1	1 0 1 1 1 0 1 1 1 1 0 0 0 1 1 0 1 1 1 0 0 0 0 0 0 0 1 1 1 1 1 0 1 1 1 1 0 0 0 0 0 1 1 0 0 0 0 0 1 0
270	1	1 1 1 1 1 0 1 1 1 1 0 0 0 1 1 0 1 0 1 0 0 0 0 0 0 0 0 1 1 1 1 0 1 1 1 1 0 0 0 0 0 1 1 0 0 0 0 0 1 0
270	1	1 1 1 1 1 0 1 1 1 1 0 0 0 1 1 0 1 0 1 0 0 0 0 0 0 0 1 1 1 1 1 0 1 1 1 1 0 0 0 0 0 1 1 0 0 0 0 0 1 0
270	2	1 1 1 1 1 1 1 1 1 0 0 0 0 1 1 0 1 0 1 0 0 0 0 0 0 0 1 1 1 1 1 0 0 1 1 1 0 0 0 0 0 1 0 0 0 0 0 0 1 0
270	2	1 1 1 1 1 1 1 1 1 0 0 0 0 1 0 0 1 0 1 0 0 0 0 0 0 0 1 0 1 1 1 0 1 1 1 1 0 0 0 0 0 1 0 0 0 0 0 0 1 0
270	6	1 1 1 1 1 1 1 1 1 0 0 0 0 1 1 0 1 0 1 0 0 0 0 0 0 0 1 1 1 1 1 0 1 1 1 1 0 1 0 0 0 1 0 0 0 0 0 0 1 0
270	1	1 1 1 1 1 1 1 1 1 0 0 0 0 1 1 0 1 0 0 0 0 0 0 0 0 0 1 1 1 1 1 1 1 1 1 1 0 0 0 0 0 1 0 0 1 0 0 0 1 0
270	4	1 1 1 1 1 1 1 1 1 0 0 0 0 1 1 0 1 0 1 0 0 0 0 0 0 0 1 1 1 1 1 0 1 1 1 1 0 0 0 0 0 1 0 0 1 0 0 0 1 0
270	3	1 1 1 1 1 1 1 1 1 0 0 0 0 1 1 0 1 0 1 0 0 0 0 0 0 0 0 1 1 1 1 0 1 1 1 1 0 0 0 0 0 1 0 0 0 0 0 0 1 0
270	21	1 1 1 1 1 1 1 1 1 0 0 0 0 1 1 0 1 0 1 0 0 0 0 0 0 0 1 1 1 1 1 0 1 1 1 1 0 0 0 0 0 1 0 0 0 0 0 0 1 0
270	1	1 1 1 1 1 1 1 1 1 0 0 0 0 1 1 0 1 0 1 0 0 0 0 0 0 0 1 1 1 1 1 0 1 1 1 1 0 0 0 0 0 0 0 1 1 0 0 0 1 0
270	15	1 1 1 1 1 1 1 1 1 0 0 0 0 1 1 0 1 0 1 0 0 0 0 0 0 0 1 1 1 1 1 0 1 1 1 1 0 0 0 0 0 0 0 0 1 0 0 0 1 0
270	18	1 1 1 1 1 1 1 1 1 0 0 0 0 1 1 0 1 0 1 0 0 0 0 0 0 0 1 1 1 1 1 0 1 1 1 0 0 0 0 0 0 0 0 0 1 0 0 0 1 0
270	3	1 1 1 1 1 1 1 1 1 0 0 0 0 1 1 0 1 0 1 0 0 0 0 0 0 0 1 1 1 1 1 0 1 1 1 1 0 0 0 0 0 1 1 0 1 0 0 0 1 0
270	1	1 1 1 1 1 1 1 1 1 1 0 0 0 1 1 0 1 0 1 0 0 0 0 0 0 0 1 1 1 1 1 0 1 1 1 1 0 0 0 0 0 0 1 0 1 0 1 0 1 0
270	6	1 1 1 1 1 1 1 1 1 1 0 0 0 1 1 0 1 0 1 0 0 0 0 0 0 0 1 1 1 1 1 0 1 1 1 1 0 0 0 0 0 0 1 0 1 0 0 0 1 0
270	10	1 1 1 1 1 1 1 1 1 1 0 0 0 1 1 0 1 0 1 0 0 0 0 0 0 0 1 1 1 1 1 0 1 1 1 1 0 0 0 0 0 0 1 0 0 0 0 0 1 0
270	4	1 1 1 1 1 1 1 1 1 1 0 0 0 1 1 0 1 0 1 0 0 0 0 0 0 0 1 1 1 1 1 0 1 1 1 1 0 0 0 0 0 1 1 0 1 0 0 0 1 0
280	2	1 1 1 1 1 1 1 1 1 0 0 0 0 1 1 0 1 0 1 0 0 0 0 0 0 0 1 1 1 1 1 0 0 1 1 1 0 0 0 0 0 1 0 0 0 0 0 0 1 0
280	1	1 1 1 1 1 1 1 1 1 0 0 0 0 1 1 0 1 0 1 0 0 0 0 0 0 0 1 1 1 1 1 0 1 1 1 1 0 1 0 1 0 1 0 0 0 0 0 0 1 0
280	7	1 1 1 1 1 1 1 1 1 0 0 0 0 1 1 0 1 0 1 0 0 0 0 0 0 0 1 1 1 1 1 0 1 1 1 1 0 1 0 0 0 1 0 0 0 0 0 0 1 0
280	1	1 1 1 1 1 1 1 1 1 0 0 0 0 1 1 0 1 0 1 0 0 0 0 0 0 0 1 1 1 1 1 0 1 1 1 1 0 0 0 0 0 1 0 0 1 0 0 0 1 0
280	1	1 1 1 1 1 1 1 1 1 0 0 0 0 1 1 0 1 0 1 0 0 0 0 0 0 0 0 1 1 1 1 0 1 1 1 1 0 0 0 0 0 1 0 0 0 0 0 0 1 0
280	31	1 1 1 1 1 1 1 1 1 0 0 0 0 1 1 0 1 0 1 0 0 0 0 0 0 0 1 1 1 1 1 0 1 1 1 1 0 0 0 0 0 1 0 0 0 0 0 0 1 0
280	1	1 1 1 1 1 1 1 1 1 0 0 0 0 1 1 0 1 0 1 0 0 0 0 0 0 0 1 1 1 1 1 0 1 1 1 1 0 0 0 0 0 0 0 1 1 0 0 0 1 0
280	1	1 1 1 1 1 1 1 1 1 0 0 0 0 1 1 0 1 0 1 0 0 0 0 0 0 0 1 1 0 1 1 0 1 1 1 1 0 0 0 0 0 0 0 0 1 0 0 0 1 0
280	16	1 1 1 1 1 1 1 1 1 0 0 0 0 1 1 0 1 0 1 0 0 0 0 0 0 0 1 1 1 1 1 0 1 1 1 1 0 0 0 0 0 0 0 0 1 0 0 0 1 0
280	1	1 0 1 1 1 1 1 1 1 0 0 0 0 1 1 0 1 0 1 0 0 0 0 0 0 0 1 1 1 1 1 0 1 1 1 0 0 0 0 0 0 0 0 0 1 0 0 0 1 0
280	1	1 1 1 1 1 1 1 1 1 0 0 0 0 1 1 0 1 0 1 0 0 0 0 0 0 1 1 1 1 1 1 0 1 1 1 0 0 0 0 0 0 0 0 0 1 0 0 0 1 0
280	11	1 1 1 1 1 1 1 1 1 0 0 0 0 1 1 0 1 0 1 0 0 0 0 0 0 0 1 1 1 1 1 0 1 1 1 0 0 0 0 0 0 0 0 0 1 0 0 0 1 0
280	1	1 1 1 1 1 1 1 1 1 0 0 0 0 1 1 0 1 0 1 0 0 0 0 0 0 0 1 1 1 1 1 0 1 1 1 1 0 0 0 0 0 1 1 0 1 0 0 0 1 0
280	4	1 1 1 1 1 1 1 1 1 1 0 0 0 1 1 0 1 0 1 0 0 0 0 0 0 0 1 1 1 1 1 0 1 1 1 1 0 0 0 0 0 0 1 0 1 0 0 0 1 0
280	1	1 1 1 1 1 1 1 1 1 1 0 0 0 1 1 0 1 0 1 0 0 0 0 0 0 0 1 1 1 1 1 0 1 1 1 1 0 0 0 0 0 0 1 0 0 1 0 0 1 0
280	15	1 1 1 1 1 1 1 1 1 1 0 0 0 1 1 0 1 0 1 0 0 0 0 0 0 0 1 1 1 1 1 0 1 1 1 1 0 0 0 0 0 0 1 0 0 0 0 0 1 0
280	5	1 1 1 1 1 1 1 1 1 1 0 0 0 1 1 0 1 0 1 0 0 0 0 0 0 0 1 1 1 1 1 0 1 1 1 1 0 0 0 0 0 1 1 0 1 0 0 0 1 0
290	1	1 1 1 1 1 1 1 1 1 0 0 0 0 1 1 0 1 0 1 0 0 0 0 0 0 0 1 1 1 1 1 0 0 1 1 1 0 0 0 0 0 1 0 0 0 0 0 0 1 0
290	5	1 1 1 1 1 1 1 1 1 0 0 0 0 1 1 0 1 0 1 0 0 0 0 0 0 0 1 1 1 1 1 0 1 1 1 1 0 1 0 0 0 1 0 0 0 0 0 0 1 0
290	26	1 1 1 1 1 1 1 1 1 0 0 0 0 1 1 0 1 0 1 0 0 0 0 0 0 0 1 1 1 1 1 0 1 1 1 1 0 0 0 0 0 1 0 0 0 0 0 0 1 0
290	1	1 1 1 1 1 1 1 1 1 0 0 0 0 1 1 0 1 0 1 0 0 0 0 0 0 0 1 1 0 1 1 0 1 1 1 1 0 0 0 0 0 0 0 0 1 0 0 0 1 0
290	1	1 1 1 1 1 1 1 1 1 1 0 0 0 1 1 0 1 0 1 0 0 0 0 0 0 0 1 1 1 1 1 0 1 1 1 1 0 0 0 0 0 0 0 0 1 0 0 0 1 0
290	19	1 1 1 1 1 1 1 1 1 0 0 0 0 1 1 0 1 0 1 0 0 0 0 0 0 0 1 1 1 1 1 0 1 1 1 1 0 0 0 0 0 0 0 0 1 0 0 0 1 0
290	1	1 0 1 1 1 1 1 1 1 0 0 0 0 1 1 0 1 0 1 0 0 0 0 0 0 0 1 1 1 1 1 0 1 1 1 0 0 0 0 0 0 0 0 0 1 0 0 0 1 0
290	14	1 1 1 1 1 1 1 1 1 0 0 0 0 1 1 0 1 0 1 0 0 0 0 0 0 0 1 1 1 1 1 0 1 1 1 0 0 0 0 0 0 0 0 0 1 0 0 0 1 0
290	6	1 1 1 1 1 1 1 1 1 1 0 0 0 1 1 0 1 0 1 0 0 0 0 0 0 0 1 1 1 1 1 0 1 1 1 1 0 0 0 0 0 0 1 0 1 0 0 0 1 0
290	2	1 1 1 1 1 1 1 1 1 1 0 0 0 1 1 0 1 0 1 0 0 1 0 0 0 0 1 1 1 1 1 0 1 1 1 1 0 0 0 0 0 0 1 0 0 0 0 0 1 0
290	20	1 1 1 1 1 1 1 1 1 1 0 0 0 1 1 0 1 0 1 0 0 0 0 0 0 0 1 1 1 1 1 0 1 1 1 1 0 0 0 0 0 0 1 0 0 0 0 0 1 0
290	4	1 1 1 1 1 1 1 1 1 1 0 0 0 1 1 0 1 0 1 0 0 0 0 0 0 0 1 1 1 1 1 0 1 1 1 1 0 0 0 0 0 1 1 0 1 0 0 0 1 0
300	1	1 1 1 1 1 1 1 1 1 0 0 0 0 1 1 0 1 0 1 0 0 0 0 0 0 0 1 1 1 1 1 0 0 1 1 1 0 0 0 0 0 1 0 0 0 0 0 0 1 0
300	14	1 1 1 1 1 1 1 1 1 0 0 0 0 1 1 0 1 0 1 0 0 0 0 0 0 0 1 1 1 1 1 0 1 1 1 1 0 1 0 0 0 1 0 0 0 0 0 0 1 0
300	1	1 1 1 1 1 1 1 1 1 0 0 0 0 0 1 0 1 0 1 0 0 0 0 0 0 0 1 1 1 1 1 0 1 1 1 1 0 0 0 0 0 1 0 0 0 0 0 0 1 0
300	2	1 0 1 1 1 1 1 1 1 0 0 0 0 1 1 0 1 0 1 0 0 0 0 0 0 0 1 1 1 1 1 0 1 1 1 1 0 0 0 0 0 1 0 0 0 0 0 0 1 0
300	20	1 1 1 1 1 1 1 1 1 0 0 0 0 1 1 0 1 0 1 0 0 0 0 0 0 0 1 1 1 1 1 0 1 1 1 1 0 0 0 0 0 1 0 0 0 0 0 0 1 0
300	4	1 1 1 1 1 1 1 1 1 0 0 0 0 1 1 0 1 0 1 0 0 0 0 0 0 0 1 1 0 1 1 0 1 1 1 1 0 0 0 0 0 0 0 0 1 0 0 0 1 0
300	13	1 1 1 1 1 1 1 1 1 0 0 0 0 1 1 0 1 0 1 0 0 0 0 0 0 0 1 1 1 1 1 0 1 1 1 1 0 0 0 0 0 0 0 0 1 0 0 0 1 0
300	3	1 1 1 1 1 1 1 1 1 0 0 0 0 1 1 0 1 0 1 0 0 0 0 0 0 0 1 1 1 1 1 0 1 1 1 0 0 0 0 0 0 0 0 0 1 0 0 0 1 0
300	6	1 1 1 1 1 1 1 1 1 1 0 0 0 1 1 0 1 0 1 0 0 0 0 0 0 0 1 1 1 1 1 0 1 1 1 1 0 0 0 0 0 0 1 0 1 0 0 0 1 0
300	1	1 1 1 1 1 1 1 1 1 1 0 0 0 1 1 0 1 0 1 0 0 0 0 0 0 0 1 1 1 1 1 1 1 1 1 1 0 0 0 0 0 0 1 0 0 0 0 0 1 0
300	2	1 1 1 1 1 1 1 1 1 1 0 0 0 1 1 0 1 0 1 0 0 0 0 0 0 0 1 1 1 1 1 0 1 1 1 1 0 1 0 0 0 0 1 0 0 0 0 0 1 0
300	1	1 1 1 1 1 1 1 1 1 1 0 0 0 1 1 0 1 0 1 0 0 1 0 0 0 0 1 1 1 1 1 0 1 1 1 1 0 0 0 0 0 0 1 0 0 0 0 0 1 0
300	29	1 1 1 1 1 1 1 1 1 1 0 0 0 1 1 0 1 0 1 0 0 0 0 0 0 0 1 1 1 1 1 0 1 1 1 1 0 0 0 0 0 0 1 0 0 0 0 0 1 0
300	3	1 1 1 1 1 1 1 1 1 1 0 0 0 1 1 0 1 0 1 0 0 0 0 0 0 0 1 1 1 1 1 0 1 1 1 1 0 0 0 0 0 1 1 0 1 0 0 0 1 0
310	2	1 1 1 1 1 1 1 1 1 0 0 0 0 1 1 0 1 0 1 0 0 0 0 0 0 0 1 1 1 1 1 0 0 1 1 1 0 0 0 0 0 1 0 0 0 0 0 0 1 0
310	1	1 1 1 1 0 1 1 1 1 0 0 0 0 1 1 0 1 0 1 0 0 0 0 0 0 0 1 1 1 1 1 0 1 1 1 1 0 1 0 0 0 1 0 0 0 0 0 0 1 0
310	1	1 1 1 1 1 1 1 1 1 0 0 0 0 1 1 0 1 0 1 0 0 0 0 0 0 0 1 1 1 1 1 0 1 1 1 1 0 1 0 0 0 1 0 0 0 0 0 0 1 0
310	2	1 1 1 1 1 1 1 1 1 0 0 0 0 0 1 0 1 0 1 0 0 0 0 0 0 0 1 1 1 1 1 0 1 1 1 1 0 0 0 0 0 1 0 0 0 0 0 0 1 0
310	1	1 1 1 0 1 1 1 1 1 0 0 0 0 1 1 0 1 0 1 0 0 0 0 0 0 0 1 1 1 1 1 0 1 1 1 1 0 0 0 0 0 1 0 0 0 0 0 0 1 0
310	10	1 1 1 1 1 1 1 1 1 0 0 0 0 1 1 0 1 0 1 0 0 0 0 0 0 0 1 1 1 1 1 0 1 1 1 1 0 0 0 0 0 1 0 0 0 0 0 0 1 0
310	2	1 1 1 1 1 1 1 1 1 0 0 0 0 1 1 0 1 0 1 0 0 0 0 0 0 0 1 1 0 1 1 0 1 1 1 1 0 0 0 0 0 0 0 0 1 0 0 0 1 0
310	9	1 1 1 1 1 1 1 1 1 0 0 0 0 1 1 0 1 0 1 0 0 0 0 0 0 0 1 1 1 1 1 0 1 1 1 1 0 0 0 0 0 0 0 0 1 0 0 0 1 0
310	1	1 1 1 1 1 1 1 1 1 0 0 0 0 1 0 0 1 0 1 0 0 0 0 0 0 0 1 1 1 1 1 0 1 1 1 0 0 0 0 0 0 0 0 0 1 0 0 0 1 0
310	4	1 1 1 1 1 1 1 1 1 0 0 0 0 1 1 0 1 0 1 0 0 0 0 0 0 0 1 1 1 1 1 0 1 1 1 0 0 0 0 0 0 0 0 0 1 0 0 0 1 0
310	2	1 1 1 1 0 1 1 1 1 1 0 0 0 1 1 0 1 0 1 0 0 0 0 0 0 0 1 1 1 1 1 0 1 1 1 1 0 0 0 0 0 0 1 0 1 0 0 0 1 0
310	7	1 1 1 1 1 1 1 1 1 1 0 0 0 1 1 0 1 0 1 0 0 0 0 0 0 0 1 1 1 1 1 0 1 1 1 1 0 0 0 0 0 0 1 0 1 0 0 0 1 0
310	1	1 1 1 1 1 1 1 1 1 1 0 0 0 1 1 0 1 0 1 0 0 0 0 0 0 0 1 1 1 1 1 1 1 1 1 1 0 0 0 0 0 0 1 0 0 0 0 0 1 0
310	1	1 1 1 1 1 1 1 1 1 1 0 0 0 1 1 0 1 0 1 0 0 0 0 0 0 0 1 1 1 1 1 0 1 1 1 1 0 1 0 0 0 0 1 0 0 0 0 0 1 0
310	2	1 1 1 1 1 1 1 1 1 1 0 0 0 1 1 0 1 1 1 0 0 0 0 0 0 0 1 1 1 1 1 0 1 1 1 1 0 0 0 0 0 0 1 0 0 0 0 0 1 0
310	54	1 1 1 1 1 1 1 1 1 1 0 0 0 1 1 0 1 0 1 0 0 0 0 0 0 0 1 1 1 1 1 0 1 1 1 1 0 0 0 0 0 0 1 0 0 0 0 0 1 0
