0	100	0 0 0 0 0 0 0 0 0 0
10	1	0 0 0 0 1 0 0 0 0 0
10	1	0 0 0 0 0 0 0 0 0 1
10	1	0 0 0 0 0 0 0 1 0 0
10	97	0 0 0 0 0 0 0 0 0 0
20	4	0 0 0 0 1 0 0 0 0 0
20	1	0 0 0 0 0 0 0 0 1 0
20	3	0 0 0 0 0 0 1 0 0 0
20	2	0 1 0 0 0 0 0 0 0 0
20	1	0 0 0 1 0 0 0 0 0 0
20	89	0 0 0 0 0 0 0 0 0 0
30	5	0 1 0 0 0 0 0 0 0 0
30	1	0 0 0 1 0 0 0 0 0 0
30	1	0 0 0 0 0 0 0 0 0 1
30	1	0 0 0 0 0 0 1 0 0 0
30	92	0 0 0 0 0 0 0 0 0 0
40	3	0 0 0 0 1 0 0 0 0 0
40	1	0 0 0 0 0 0 1 0 0 0
40	84	0 0 0 0 0 0 0 0 0 0
40	5	0 1 0 0 0 0 0 0 0 0
40	1	0 0 0 0 0 0 0 0 1 1
40	4	0 0 0 0 0 0 0 0 1 0
40	1	0 0 0 1 0 0 0 0 0 0
40	1	0 0 0 0 0 0 0 0 0 1
50	3	0 0 0 0 1 0 0 0 0 0
50	1	0 0 1 0 0 0 0 0 0 0
50	1	1 0 0 0 0 0 0 0 0 1
50	1	0 0 0 1 0 0 0 0 0 1
50	2	0 0 0 0 0 0 0 0 0 1
50	1	0 0 0 0 0 0 0 0 1 0
50	2	0 0 0 1 0 0 0 0 0 0
50	73	0 0 0 0 0 0 0 0 0 0
50	12	0 1 0 0 0 0 0 0 0 0
50	1	0 0 0 0 0 0 0 1 0 0
50	3	0 0 1 0 0 1 0 0 0 0
60	2	0 0 0 1 0 0 0 0 0 0
60	6	0 0 0 0 1 0 0 0 0 0
60	2	0 0 0 0 0 0 0 0 0 1
60	3	0 0 1 0 0 0 0 0 0 0
60	7	0 1 0 0 0 0 0 0 0 0
60	1	0 0 0 0 0 0 1 0 0 0
60	71	0 0 0 0 0 0 0 0 0 0
60	3	1 0 0 0 0 0 0 0 0 1
60	3	0 0 0 0 0 0 0 0 1 0
60	1	0 0 0 0 1 0 0 1 0 0
60	1	0 0 1 0 0 1 0 0 0 0
70	8	0 0 0 1 0 0 0 0 0 0
70	4	0 0 0 0 1 0 0 0 0 0
70	2	0 0 0 0 0 0 0 1 0 0
70	1	1 0 0 0 0 0 0 0 0 0
70	6	0 0 1 0 0 0 0 0 0 0
70	62	0 0 0 0 0 0 0 0 0 0
70	13	0 1 0 0 0 0 0 0 0 0
70	3	0 0 0 0 0 0 0 0 1 0
70	1	0 0 0 0 1 0 0 1 0 0
80	12	0 0 0 1 0 0 0 0 0 0
80	6	0 0 0 0 1 0 0 0 0 0
80	1	1 0 0 0 0 0 0 0 0 0
80	2	0 0 1 0 0 0 0 0 0 0
80	57	0 0 0 0 0 0 0 0 0 0
80	1	0 0 1 0 0 0 0 0 0 1
80	1	0 1 0 0 0 0 0 0 0 1
80	1	0 1 0 0 0 0 0 1 0 0
80	19	0 1 0 0 0 0 0 0 0 0
90	2	0 0 0 1 0 0 0 0 0 1
90	15	0 0 0 1 0 0 0 0 0 0
90	9	1 0 0 0 0 0 0 0 0 0
90	33	0 0 0 0 0 0 0 0 0 0
90	1	0 0 0 0 1 0 1 0 0 0
90	6	0 0 0 0 1 0 0 0 0 0
90	1	0 0 0 0 0 0 0 0 0 1
90	1	0 0 0 0 0 0 0 0 1 0
90	6	0 0 1 0 0 0 0 0 0 0
90	2	0 1 0 0 0 0 0 1 0 0
90	22	0 1 0 0 0 0 0 0 0 0
90	2	0 0 1 0 0 0 0 0 0 1
100	1	0 0 0 1 0 0 1 0 0 1
100	2	0 0 0 1 0 0 0 0 0 1
100	1	0 1 0 1 0 0 0 0 0 0
100	1	1 0 0 1 0 0 0 0 0 0
100	17	0 0 0 1 0 0 0 0 0 0
100	1	0 0 0 0 0 0 0 0 1 0
100	1	0 0 0 0 0 0 0 0 0 1
100	1	0 0 0 0 0 0 1 0 0 0
100	22	0 0 0 0 0 0 0 0 0 0
100	3	0 0 1 0 1 0 0 0 0 0
100	12	1 0 0 0 0 0 0 0 0 0
100	5	0 0 0 0 1 0 0 0 0 0
100	1	0 0 1 0 0 0 0 0 0 1
100	4	0 0 1 0 0 0 0 0 0 0
100	6	0 1 0 0 0 0 0 1 0 0
100	22	0 1 0 0 0 0 0 0 0 0
110	1	0 0 0 1 0 0 1 0 0 1
110	1	1 1 0 1 0 0 0 0 0 0
110	1	0 0 0 0 0 1 0 0 0 0
110	15	0 0 0 1 0 0 0 0 0 0
110	14	1 0 0 0 0 0 0 0 0 0
110	13	0 0 0 0 0 0 0 0 0 0
110	1	0 0 1 0 1 0 0 0 0 0
110	5	0 0 0 0 1 0 0 0 0 0
110	5	0 0 1 0 0 0 0 0 0 0
110	1	0 1 0 0 0 1 0 0 0 0
110	13	0 1 0 0 0 0 0 1 0 0
110	30	0 1 0 0 0 0 0 0 0 0
120	1	1 1 0 1 0 0 0 0 0 0
120	1	0 1 0 1 0 0 0 0 0 0
120	11	1 0 0 0 0 0 0 0 0 0
120	13	0 0 0 0 0 0 0 0 0 0
120	27	0 0 0 1 0 0 0 0 0 0
120	2	0 0 0 0 1 0 0 0 0 0
120	5	0 1 1 0 0 0 0 0 0 0
120	2	0 0 1 0 0 0 0 0 0 0
120	1	1 0 0 1 0 0 1 0 0 0
120	26	0 1 0 0 0 0 0 0 0 0
120	7	0 1 0 0 0 0 0 1 0 0
120	3	0 1 1 0 0 1 0 0 0 0
120	1	0 1 0 0 1 0 0 0 0 0
130	2	1 1 0 1 0 0 0 0 0 0
130	1	1 0 1 0 0 0 0 0 0 0
130	1	1 0 0 0 0 1 0 0 0 0
130	18	1 0 0 0 0 0 0 0 0 0
130	1	0 0 0 1 1 0 0 0 0 0
130	31	0 0 0 1 0 0 0 0 0 0
130	8	0 0 0 0 0 0 0 0 0 0
130	23	0 1 0 0 0 0 0 0 0 0
130	4	0 1 1 0 0 0 0 0 0 0
130	3	0 0 1 0 0 0 0 0 0 0
130	1	0 0 1 0 1 0 0 0 0 0
130	1	0 1 0 0 0 0 0 0 1 0
130	1	0 1 0 0 0 0 0 1 0 1
130	2	0 1 0 0 0 0 0 1 0 0
130	3	0 1 1 0 0 1 0 0 0 0
140	6	1 1 0 1 0 0 0 0 0 0
140	2	1 0 0 0 0 1 0 0 0 0
140	1	1 1 0 0 0 0 0 0 0 0
140	1	1 0 0 0 0 0 1 0 0 0
140	7	1 0 0 0 0 0 0 0 0 0
140	1	0 0 1 1 0 0 0 0 0 0
140	1	0 0 0 1 1 0 0 0 0 0
140	4	1 0 0 1 0 0 0 0 0 0
140	27	0 0 0 0 0 0 0 0 0 0
140	19	0 0 0 1 0 0 0 0 0 0
140	1	0 0 1 0 0 0 0 0 0 0
140	13	0 1 0 0 0 0 0 0 0 0
140	1	0 0 0 0 0 0 0 0 1 0
140	3	0 1 0 0 0 0 0 0 1 0
140	2	1 1 1 0 0 0 0 0 0 0
140	1	0 1 1 0 0 0 0 0 0 0
140	4	0 1 0 0 0 0 0 1 0 0
140	2	0 1 0 0 1 0 0 0 0 0
140	4	0 1 1 0 0 1 0 0 0 0
150	1	1 0 0 1 0 0 0 0 0 0
150	15	1 1 0 1 0 0 0 0 0 0
150	1	0 1 0 1 1 0 0 0 0 0
150	1	0 1 0 1 0 0 0 0 0 0
150	1	1 0 1 0 0 0 0 0 0 0
150	4	1 0 0 0 0 1 0 0 0 0
150	3	1 0 0 0 0 0 0 0 0 0
150	6	0 0 1 0 0 0 0 0 0 0
150	6	0 0 1 1 0 0 0 0 0 0
150	19	0 0 0 0 0 0 0 0 0 0
150	1	0 0 0 1 0 0 0 0 0 1
150	17	0 0 0 1 0 0 0 0 0 0
150	1	0 0 0 0 0 0 0 1 0 0
150	8	0 1 0 0 0 0 0 0 0 0
150	4	0 1 0 0 0 0 0 0 1 0
150	2	0 1 1 0 0 0 0 0 0 0
150	2	1 1 1 0 0 0 0 0 0 0
150	3	0 1 0 0 0 0 0 1 0 0
150	1	0 1 0 0 1 0 0 0 0 0
150	1	0 1 1 1 0 1 0 0 0 0
150	3	0 1 1 0 0 1 0 0 0 0
