0	100	0 0 0 0 0 0 0 0 0 0
10	1	0 0 0 1 0 0 0 0 0 0
10	1	0 0 1 0 0 0 0 0 0 0
10	1	0 0 0 0 0 0 0 1 0 0
10	97	0 0 0 0 0 0 0 0 0 0
20	2	0 0 0 1 0 0 0 0 0 0
20	4	0 0 0 0 0 0 0 0 0 1
20	1	0 0 0 0 1 0 0 0 0 0
20	1	0 0 0 0 1 0 1 0 0 0
20	3	0 0 0 0 0 0 1 0 0 0
20	1	0 1 0 0 0 0 0 0 0 0
20	88	0 0 0 0 0 0 0 0 0 0
30	2	0 0 0 0 0 0 0 0 0 1
30	1	0 0 0 0 0 0 0 0 1 0
30	1	1 0 0 0 0 1 0 0 0 0
30	1	0 0 0 0 0 1 0 0 0 0
30	3	0 0 0 0 1 0 0 0 0 0
30	1	0 0 1 0 0 0 0 0 0 0
30	1	0 1 0 0 0 0 0 0 0 0
30	1	0 0 0 0 0 0 1 0 0 0
30	89	0 0 0 0 0 0 0 0 0 0
40	2	0 0 0 0 0 0 0 0 0 1
40	4	0 0 0 0 1 0 0 0 0 0
40	2	0 0 0 0 0 0 1 0 0 0
40	1	0 0 1 0 0 0 0 0 0 0
40	1	1 0 0 0 0 0 0 0 0 0
40	89	0 0 0 0 0 0 0 0 0 0
40	1	0 0 0 0 0 0 0 1 0 0
50	1	0 1 0 0 0 0 0 1 0 1
50	1	0 0 0 0 1 0 0 0 0 1
50	4	0 0 0 0 0 0 0 0 0 1
50	76	0 0 0 0 0 0 0 0 0 0
50	9	0 0 0 0 1 0 0 0 0 0
50	4	0 0 1 0 0 0 0 0 0 0
50	5	0 1 0 0 0 0 0 0 0 0
60	2	0 1 0 0 0 0 0 1 0 1
60	1	0 1 0 0 0 0 0 0 0 0
60	6	0 0 0 0 1 0 0 0 0 0
60	6	0 0 0 0 0 0 0 0 0 1
60	1	0 0 0 0 0 1 0 0 0 0
60	1	0 0 0 0 0 0 0 0 1 0
60	82	0 0 0 0 0 0 0 0 0 0
60	1	0 0 1 1 0 0 0 0 0 0
70	2	0 1 0 0 0 0 0 1 0 1
70	1	0 0 1 0 0 0 0 0 0 0
70	5	0 1 0 0 0 0 0 0 0 0
70	6	0 0 0 1 0 0 0 0 0 0
70	15	0 0 0 0 1 0 0 0 0 0
70	2	0 0 0 0 0 0 0 0 0 1
70	68	0 0 0 0 0 0 0 0 0 0
70	1	0 0 0 0 0 0 0 0 1 0
80	4	0 1 0 0 0 0 0 1 0 1
80	2	0 0 0 0 1 0 0 0 0 1
80	2	0 0 1 0 0 0 0 0 0 0
80	1	1 1 0 1 0 0 0 0 0 0
80	1	1 1 0 0 0 0 0 1 0 0
80	1	1 1 0 0 0 0 0 0 0 0
80	2	0 1 0 0 0 0 0 0 0 0
80	1	0 0 0 1 0 0 0 0 1 0
80	4	0 0 0 1 0 0 0 0 0 0
80	1	0 0 0 0 1 1 0 0 0 0
80	7	0 0 0 0 1 0 0 0 0 0
80	2	0 0 0 0 0 0 0 0 0 1
80	4	1 0 0 0 0 0 0 0 0 0
80	1	0 0 0 0 0 0 1 0 0 0
80	3	0 0 0 0 0 0 0 1 0 0
80	1	0 0 0 0 0 0 0 0 1 0
80	63	0 0 0 0 0 0 0 0 0 0
90	1	0 1 0 0 0 0 0 1 0 1
90	4	0 0 1 0 0 0 0 0 0 0
90	1	1 1 0 1 0 0 0 0 0 0
90	4	1 1 0 0 0 0 0 0 0 0
90	1	0 0 0 0 0 0 0 1 0 0
90	1	0 0 0 0 1 0 0 1 0 0
90	15	0 0 0 0 1 0 0 0 0 0
90	3	1 0 0 0 0 0 0 0 0 0
90	2	0 0 0 0 0 0 0 0 1 0
90	51	0 0 0 0 0 0 0 0 0 0
90	13	0 1 0 0 0 0 0 0 0 0
90	3	0 0 0 1 0 0 0 0 0 0
90	1	0 0 0 0 1 1 0 0 0 0
100	3	0 0 1 0 0 0 0 0 0 0
100	9	1 1 0 1 0 0 0 0 0 0
100	5	1 1 0 0 0 0 0 0 0 0
100	8	0 0 0 0 0 0 0 1 0 0
100	2	0 0 0 0 1 0 0 0 1 0
100	2	0 0 0 0 0 0 0 0 1 0
100	1	0 0 0 0 0 0 1 0 0 0
100	2	0 0 0 1 0 0 0 0 0 0
100	27	0 0 0 0 0 0 0 0 0 0
100	13	0 1 0 0 0 0 0 0 0 0
100	5	1 0 0 0 0 0 0 0 0 0
100	21	0 0 0 0 1 0 0 0 0 0
100	2	0 0 0 0 1 1 0 0 0 0
110	1	0 0 1 1 0 0 0 0 0 0
110	2	0 0 1 0 0 0 0 0 0 0
110	21	1 1 0 1 0 0 0 0 0 0
110	8	1 1 0 0 0 0 0 0 0 0
110	1	0 0 0 0 0 0 0 1 0 0
110	2	0 0 0 0 1 0 0 0 1 0
110	4	0 0 0 1 0 0 0 0 0 0
110	2	0 0 0 0 1 1 0 0 0 0
110	21	0 0 0 0 1 0 0 0 0 0
110	19	0 0 0 0 0 0 0 0 0 0
110	11	0 1 0 0 0 0 0 0 0 0
110	3	1 0 0 0 0 0 0 0 0 0
110	2	0 0 0 1 0 0 0 0 1 0
110	3	1 0 0 0 1 1 0 0 0 0
120	3	0 1 1 0 0 0 0 0 0 0
120	1	0 0 1 0 0 0 0 0 0 0
120	1	1 1 0 1 0 0 0 0 1 0
120	1	1 1 1 1 0 0 0 0 0 0
120	18	1 1 0 1 0 0 0 0 0 0
120	7	1 1 0 0 0 0 0 0 0 0
120	3	1 0 0 0 0 0 0 0 0 0
120	16	0 0 0 0 0 0 0 0 0 0
120	2	0 0 0 0 0 0 0 1 0 0
120	1	0 0 0 0 1 0 0 0 1 0
120	3	0 0 0 1 0 0 0 0 0 0
120	2	0 0 0 0 1 1 0 0 0 0
120	19	0 0 0 0 1 0 0 0 0 0
120	18	0 1 0 0 0 0 0 0 0 0
120	3	1 0 0 1 1 1 0 0 1 0
120	1	1 0 0 1 1 1 0 0 0 0
120	1	1 0 0 0 1 1 0 0 0 0
130	7	0 1 1 0 0 0 0 0 0 0
130	1	0 0 1 0 0 0 0 0 0 0
130	22	1 1 0 1 0 0 0 0 0 0
130	1	1 1 0 1 0 1 0 0 0 0
130	15	0 1 0 0 0 0 0 0 0 0
130	14	1 1 0 0 0 0 0 0 0 0
130	2	1 0 0 0 0 0 0 0 0 0
130	1	0 0 0 0 0 0 0 0 1 0
130	1	0 0 0 0 0 1 0 0 0 0
130	13	0 0 0 0 0 0 0 0 0 0
130	1	0 0 0 0 1 0 0 0 1 0
130	1	0 0 0 1 0 0 0 0 0 0
130	1	0 0 0 0 1 1 0 0 0 0
130	17	0 0 0 0 1 0 0 0 0 0
130	1	1 1 0 0 1 1 0 0 0 0
130	2	1 0 0 0 1 1 0 0 0 0
140	5	0 1 1 0 0 0 0 0 0 0
140	2	0 1 0 1 0 0 0 0 0 0
140	4	1 1 0 0 0 0 0 0 0 0
140	1	1 1 0 1 0 0 0 0 1 0
140	2	1 1 0 1 0 1 0 0 0 0
140	44	1 1 0 1 0 0 0 0 0 0
140	3	1 1 0 0 0 0 0 0 1 0
140	9	0 1 0 0 0 0 0 0 0 0
140	5	1 0 0 0 0 0 0 0 0 0
140	7	0 0 0 0 0 0 0 0 0 0
140	3	0 0 0 0 1 0 0 0 0 0
140	1	0 0 0 1 0 0 0 0 0 0
140	2	0 0 0 0 1 1 0 0 0 0
140	1	1 1 0 0 1 1 0 0 0 0
140	11	1 0 0 0 1 1 0 0 0 0
150	1	0 1 1 0 1 0 0 0 0 0
150	8	0 1 1 0 0 0 0 0 0 0
150	2	1 1 0 1 0 0 0 1 0 0
150	1	0 0 0 1 0 0 0 0 0 0
150	1	0 1 0 1 0 0 0 0 0 0
150	1	0 1 0 0 0 0 0 0 0 1
150	5	0 0 0 0 0 0 0 0 0 0
150	13	0 1 0 0 0 0 0 0 0 0
150	7	1 1 0 0 0 0 0 0 0 0
150	1	1 1 0 1 0 1 0 0 0 0
150	37	1 1 0 1 0 0 0 0 0 0
150	7	1 0 0 0 0 0 0 0 0 0
150	2	0 0 0 0 1 0 0 0 1 0
150	1	0 0 0 0 1 1 0 0 0 0
150	3	0 0 0 0 1 0 0 0 0 0
150	7	1 1 0 0 1 1 0 0 0 0
150	3	1 0 0 0 1 1 0 0 0 0
