10	2	0 1 1 1 0 0 1 1 1 0 0 0 0 1 0 1 0 1 1 0 1 1 1 0 1 1 0 0 0 0 0 0 1 1 0 0 0 1 0 0 1 0 1 1 0 1 1 1 0 1
10	26	0 1 1 1 0 0 1 1 1 0 0 0 0 1 0 1 0 1 1 0 1 1 1 0 1 0 0 0 0 0 0 0 1 1 0 0 0 1 0 0 1 0 1 1 0 1 1 1 0 1
10	25	0 1 0 1 0 1 1 0 0 0 0 0 1 1 0 1 0 0 1 0 1 1 0 0 1 0 0 0 0 1 0 1 0 1 1 1 0 0 1 0 0 0 1 0 1 0 0 1 0 1
10	21	0 0 0 0 0 0 1 0 1 0 0 0 1 0 1 0 1 0 1 0 0 1 0 0 0 1 0 0 1 1 1 1 1 1 1 1 1 1 0 0 0 0 0 0 0 0 0 1 1 0
10	1	1 1 1 1 0 0 1 0 1 1 1 0 0 1 0 1 0 1 1 1 0 0 0 0 1 0 0 0 0 1 1 0 1 1 0 0 1 0 1 1 0 1 1 0 1 0 0 0 1 0
10	2	1 1 1 1 0 0 0 0 1 1 1 0 0 1 0 1 0 1 1 1 0 0 0 0 1 0 0 0 0 1 1 0 1 1 0 0 1 0 1 1 0 1 0 0 1 0 0 0 1 0
10	10	1 1 1 1 0 0 0 0 1 1 1 0 0 1 0 1 0 1 1 1 0 0 0 0 1 0 0 0 0 1 1 0 1 1 0 0 1 0 1 1 0 1 1 0 1 0 0 0 1 0
10	13	1 1 0 1 0 0 1 0 1 1 0 0 1 1 0 1 0 0 0 1 0 0 0 1 1 0 1 1 0 1 0 0 0 0 0 0 0 0 0 0 1 0 0 0 1 1 1 0 1 0
20	11	0 1 1 1 0 0 1 1 1 0 0 0 0 1 0 1 0 1 1 0 1 1 1 0 1 0 0 0 0 0 0 0 1 1 0 0 0 1 0 0 1 0 1 1 0 1 1 1 0 1
20	17	0 1 0 1 0 1 1 0 0 0 0 0 1 1 0 1 0 0 1 0 1 1 0 0 1 0 0 0 0 1 0 1 0 1 1 1 0 0 1 0 0 0 1 0 1 0 0 1 0 1
20	2	0 1 0 0 0 0 1 0 1 0 0 0 1 0 1 0 1 0 1 0 0 1 0 0 0 1 0 0 1 1 1 1 1 1 1 1 1 1 0 0 0 0 0 0 0 0 0 1 1 0
20	1	0 0 0 0 0 0 1 0 1 0 0 1 1 0 1 0 1 0 1 0 0 0 0 0 0 1 0 0 1 1 1 1 1 1 1 1 1 1 0 0 0 0 0 0 0 0 0 1 1 0
20	1	0 0 0 0 0 0 1 0 1 0 0 1 1 0 1 0 1 0 1 0 0 1 0 0 0 1 0 0 1 1 1 1 1 1 1 1 1 1 0 0 0 0 0 0 0 0 0 1 1 0
20	19	0 0 0 0 0 0 1 0 1 0 0 0 1 0 1 0 1 0 1 0 0 1 0 0 0 1 0 0 1 1 1 1 1 1 1 1 1 1 0 0 0 0 0 0 0 0 0 1 1 0
20	9	1 1 1 1 0 0 1 0 1 1 1 0 0 1 0 1 0 1 1 1 0 0 0 0 1 0 0 0 0 1 1 0 1 1 0 0 1 0 1 1 0 1 1 0 1 0 0 0 1 0
20	1	1 1 1 0 0 0 0 0 1 1 1 0 0 1 0 1 0 1 1 1 0 0 0 0 1 0 0 0 0 1 1 0 1 1 0 0 1 0 1 1 0 1 1 0 1 0 0 0 1 0
20	7	1 1 1 1 0 0 0 0 1 1 1 0 0 1 0 1 0 1 1 1 0 0 0 0 1 0 0 0 0 1 1 0 1 1 0 0 1 0 1 1 0 1 0 0 1 0 0 0 1 0
20	2	1 1 1 1 0 0 0 0 1 1 1 0 0 1 0 1 0 1 1 1 0 0 0 0 1 1 0 0 0 1 1 0 1 1 0 0 1 0 1 1 0 1 1 0 1 0 0 0 1 0
20	2	1 1 1 1 0 0 0 1 1 1 1 0 0 1 0 1 0 1 1 1 0 0 0 0 1 0 0 0 0 1 1 0 1 1 0 0 1 0 1 1 0 1 1 0 1 0 0 0 1 0
20	12	1 1 1 1 0 0 0 0 1 1 1 0 0 1 0 1 0 1 1 1 0 0 0 0 1 0 0 0 0 1 1 0 1 1 0 0 1 0 1 1 0 1 1 0 1 0 0 0 1 0
20	1	1 1 0 1 0 0 1 0 1 1 0 0 1 1 0 1 0 0 0 1 0 0 0 1 1 0 1 1 0 1 0 0 0 0 0 1 0 0 0 0 1 0 0 0 1 1 1 0 1 0
20	15	1 1 0 1 0 0 1 0 1 1 0 0 1 1 0 1 0 0 0 1 0 0 0 1 1 0 1 1 0 1 0 0 0 0 0 0 0 0 0 0 1 0 0 0 1 1 1 0 1 0
30	1	0 1 1 1 1 0 1 1 1 0 0 0 0 1 0 1 0 1 1 0 1 1 1 0 1 0 0 0 0 0 0 0 1 1 0 0 0 1 0 0 1 0 1 1 0 1 1 1 0 1
30	1	0 1 1 1 0 0 1 1 1 0 0 0 0 1 0 1 0 1 1 0 1 1 1 0 1 0 0 0 0 0 0 0 1 1 0 0 0 1 0 0 1 0 1 1 0 1 1 1 0 1
30	8	0 1 0 1 0 1 1 0 0 0 0 0 1 1 0 1 0 0 1 0 1 1 0 0 1 0 0 0 0 1 0 1 0 1 1 1 0 0 1 0 0 0 1 0 1 0 0 1 0 1
30	2	0 1 0 0 0 0 1 0 1 0 0 0 1 0 1 0 1 0 1 0 0 1 0 0 0 1 0 0 1 1 1 1 1 1 1 1 1 1 0 0 0 0 0 0 0 0 0 1 1 0
30	3	0 0 0 0 0 0 1 0 1 0 0 0 1 0 1 0 1 0 1 0 0 1 0 0 0 1 0 0 1 1 1 1 1 1 1 1 1 1 0 0 0 0 0 0 0 0 0 1 1 0
30	2	1 1 1 1 0 0 1 0 1 1 1 0 0 1 0 1 0 1 1 1 0 0 0 0 1 0 0 0 0 1 1 0 1 1 0 0 1 1 1 1 0 1 1 0 1 0 0 0 1 0
30	1	1 1 1 1 0 0 1 0 1 1 1 0 0 1 0 1 0 1 1 1 0 0 0 0 1 0 0 0 0 1 1 0 1 1 1 0 1 0 1 1 0 1 1 0 1 0 0 0 1 0
30	1	1 1 1 1 0 0 1 0 1 1 1 0 0 1 0 1 0 1 1 1 0 0 0 0 1 0 0 0 0 1 1 0 1 1 0 0 1 0 1 1 0 1 1 0 1 0 0 0 1 1
30	1	1 1 1 1 0 0 1 0 1 1 1 0 0 1 0 1 0 1 1 1 0 1 0 0 1 0 0 0 0 1 1 0 1 1 0 0 1 0 1 1 0 1 1 0 1 0 0 0 1 0
30	42	1 1 1 1 0 0 1 0 1 1 1 0 0 1 0 1 0 1 1 1 0 0 0 0 1 0 0 0 0 1 1 0 1 1 0 0 1 0 1 1 0 1 1 0 1 0 0 0 1 0
30	1	1 1 1 0 0 0 0 0 1 1 1 0 0 1 0 1 0 1 1 1 0 0 0 0 1 0 0 0 0 1 1 0 1 1 0 0 1 0 1 1 0 1 1 0 1 0 0 0 1 0
30	1	1 1 1 1 0 0 0 0 1 1 1 0 0 1 0 1 0 1 1 1 0 0 0 0 1 0 0 0 0 1 1 0 1 1 0 0 0 0 1 1 0 1 0 0 1 0 0 0 1 0
30	1	1 1 1 1 0 0 0 0 1 1 1 0 0 1 0 1 0 1 1 1 0 0 0 0 1 0 0 0 0 1 1 1 1 1 0 0 1 0 1 1 0 1 0 0 1 0 0 0 1 0
30	28	1 1 1 1 0 0 0 0 1 1 1 0 0 1 0 1 0 1 1 1 0 0 0 0 1 0 0 0 0 1 1 0 1 1 0 0 1 0 1 1 0 1 0 0 1 0 0 0 1 0
30	1	1 1 1 1 0 0 0 0 1 1 1 0 0 1 0 1 0 1 1 1 0 0 0 0 1 1 0 0 0 1 1 0 1 1 0 0 1 0 1 1 0 1 1 0 1 0 0 0 1 0
30	2	1 1 1 1 0 0 0 1 1 1 1 0 0 1 0 1 0 1 1 1 0 0 0 0 1 0 0 0 0 1 1 0 1 1 0 0 1 0 1 1 0 1 1 0 1 0 0 0 1 0
30	1	1 1 1 1 0 0 0 0 1 1 1 0 0 1 0 1 0 1 1 1 0 0 0 0 1 0 0 0 0 1 1 0 1 1 0 0 1 1 1 1 0 1 1 0 1 0 0 0 1 0
30	1	1 1 0 1 0 0 1 0 1 1 0 0 1 1 0 1 0 0 0 1 0 0 0 1 1 0 1 1 0 1 0 0 0 0 0 1 0 0 0 0 1 0 0 0 1 1 1 0 1 0
30	2	1 1 0 1 0 0 1 0 1 1 0 0 1 1 0 1 0 0 0 1 0 0 0 1 1 0 1 1 0 1 0 0 0 0 0 0 0 0 0 0 1 0 0 0 1 1 1 0 1 0
40	1	0 1 0 0 0 0 1 0 1 0 0 0 1 0 1 0 1 0 1 0 0 1 0 0 0 1 0 0 1 1 1 1 1 1 1 1 1 1 0 0 0 0 0 0 0 0 0 1 1 0
40	2	0 0 0 0 0 0 1 0 1 0 0 0 1 0 1 0 1 0 1 0 0 1 0 0 0 1 0 0 1 1 1 1 1 1 1 1 1 1 0 0 0 0 0 0 0 0 0 1 1 0
40	1	1 1 1 1 0 0 1 0 1 1 1 0 0 1 0 1 0 1 1 1 0 0 0 0 1 0 0 0 0 1 1 0 1 1 0 0 1 1 1 1 0 1 1 0 1 0 0 0 1 0
40	3	1 1 1 1 0 0 1 0 1 1 1 0 0 1 0 1 0 1 1 1 0 0 0 0 1 0 0 0 0 1 1 0 1 1 0 0 1 0 1 1 0 1 1 0 1 0 0 0 1 1
40	1	1 1 1 1 0 0 0 0 1 1 1 0 0 1 0 1 0 1 1 1 0 0 0 0 1 0 0 0 0 1 1 0 1 1 0 0 1 0 1 1 0 1 1 0 1 0 0 0 1 0
40	39	1 1 1 1 0 0 1 0 1 1 1 0 0 1 0 1 0 1 1 1 0 0 0 0 1 0 0 0 0 1 1 0 1 1 0 0 1 0 1 1 0 1 1 0 1 0 0 0 1 0
40	1	1 1 1 0 0 0 0 0 1 1 1 0 0 1 0 1 0 1 1 1 0 0 0 0 1 0 0 0 0 1 1 0 1 1 0 0 1 0 1 1 0 1 1 0 1 0 0 0 1 0
40	1	1 1 1 1 0 0 0 0 1 1 1 0 0 1 0 1 0 1 1 1 0 0 0 0 1 0 0 0 0 1 1 0 1 1 0 0 0 0 1 1 0 1 0 0 1 0 0 0 1 0
40	1	1 1 1 1 0 0 0 0 1 1 1 0 0 0 0 1 0 1 1 1 0 0 0 0 1 0 0 0 0 1 1 0 1 1 0 0 1 0 1 1 0 1 0 0 1 0 0 0 1 0
40	46	1 1 1 1 0 0 0 0 1 1 1 0 0 1 0 1 0 1 1 1 0 0 0 0 1 0 0 0 0 1 1 0 1 1 0 0 1 0 1 1 0 1 0 0 1 0 0 0 1 0
40	2	1 1 1 1 0 0 0 1 1 1 1 0 0 1 0 1 0 1 1 1 0 0 0 0 1 0 0 0 0 1 1 0 1 1 0 0 1 0 1 1 0 1 1 0 1 0 0 0 1 0
40	2	1 1 0 1 0 0 1 0 1 1 0 0 1 1 0 1 0 0 0 1 0 0 0 1 1 0 1 1 0 1 0 0 0 0 0 1 0 0 0 0 1 0 0 0 1 1 1 0 1 0
50	3	1 1 1 1 0 0 1 0 1 1 1 0 0 1 0 1 0 1 1 1 0 0 0 0 1 0 0 0 0 1 1 0 1 1 0 0 1 1 1 1 0 1 1 0 1 0 0 0 1 0
50	1	1 1 1 1 0 0 1 0 1 1 1 0 0 1 0 1 0 1 1 1 0 0 0 0 1 0 0 0 0 1 1 0 1 1 0 0 1 0 1 1 0 1 1 0 1 0 0 0 1 1
50	1	1 1 1 1 0 0 1 0 1 1 1 0 0 1 1 1 0 1 1 1 0 0 0 0 1 0 0 0 0 1 1 0 1 1 0 0 1 0 1 1 0 1 1 0 1 0 0 0 1 0
50	1	1 1 1 1 0 0 0 0 1 1 1 0 0 1 0 1 0 1 1 1 0 0 0 0 1 0 0 0 0 1 1 0 0 1 0 0 1 0 1 1 0 1 0 0 1 0 0 0 1 0
50	52	1 1 1 1 0 0 0 0 1 1 1 0 0 1 0 1 0 1 1 1 0 0 0 0 1 0 0 0 0 1 1 0 1 1 0 0 1 0 1 1 0 1 0 0 1 0 0 0 1 0
50	1	1 1 1 1 0 0 1 0 1 1 1 0 0 1 0 1 0 1 1 1 0 0 0 0 1 0 0 0 0 1 1 0 1 1 0 0 1 0 1 1 0 1 0 0 1 0 0 0 1 0
50	36	1 1 1 1 0 0 1 0 1 1 1 0 0 1 0 1 0 1 1 1 0 0 0 0 1 0 0 0 0 1 1 0 1 1 0 0 1 0 1 1 0 1 1 0 1 0 0 0 1 0
50	1	1 1 1 1 0 0 0 0 1 1 1 0 0 1 0 1 0 1 1 1 0 0 0 0 1 0 0 0 0 1 1 0 1 1 0 0 1 0 1 1 0 1 0 0 1 0 0 0 0 0
50	1	1 1 1 1 0 0 0 0 1 1 1 0 0 1 0 1 0 1 1 1 0 0 0 0 1 0 1 0 0 1 1 0 1 1 0 0 1 0 1 1 0 1 0 0 1 0 0 0 1 0
50	1	1 1 1 1 0 0 0 0 1 1 1 0 0 1 0 1 0 1 1 1 0 0 0 0 1 0 0 0 1 1 1 0 1 1 0 0 1 0 1 1 0 1 0 0 1 0 0 0 1 0
50	2	1 1 1 1 0 0 0 1 1 1 1 0 0 1 0 1 0 1 1 1 0 0 0 0 1 0 0 0 0 1 1 0 1 1 0 0 1 0 1 1 0 1 1 0 1 0 0 0 1 0
60	3	1 1 1 1 0 0 1 0 1 1 1 0 0 1 0 1 0 1 1 1 0 0 0 0 1 0 0 0 0 1 1 0 1 1 0 0 1 1 1 1 0 1 1 0 1 0 0 0 1 0
60	5	1 1 1 1 0 0 0 0 1 1 1 0 0 1 0 1 0 1 1 1 0 0 0 0 1 0 0 0 0 1 1 0 1 1 1 0 1 0 1 1 0 1 0 0 1 0 0 0 1 0
60	2	1 1 1 1 0 0 0 0 1 1 1 0 0 1 0 1 0 1 1 1 0 0 0 0 1 0 0 0 0 1 1 0 1 1 0 0 1 0 1 1 0 1 0 0 1 0 0 0 0 0
60	1	1 1 1 1 0 0 0 0 1 1 1 0 0 1 0 1 0 1 1 1 0 0 0 0 1 0 0 0 1 1 1 0 1 1 0 0 1 0 1 1 0 1 0 0 1 0 0 0 1 0
60	1	1 1 1 0 0 0 0 0 1 1 1 0 0 1 0 1 0 1 1 1 0 0 0 0 1 0 0 0 0 1 1 0 1 1 0 0 1 0 1 1 0 1 0 0 1 0 0 0 1 0
60	1	1 1 1 1 0 0 0 0 1 1 1 0 0 1 0 1 0 1 1 1 0 0 0 0 1 0 0 0 0 1 0 0 1 1 0 0 1 0 1 1 0 1 0 0 1 0 0 0 1 0
60	51	1 1 1 1 0 0 0 0 1 1 1 0 0 1 0 1 0 1 1 1 0 0 0 0 1 0 0 0 0 1 1 0 1 1 0 0 1 0 1 1 0 1 0 0 1 0 0 0 1 0
60	8	1 1 1 1 0 0 1 0 1 1 1 0 0 1 0 1 0 1 1 1 0 0 0 0 1 0 0 0 0 1 1 0 1 1 0 0 1 0 1 1 0 1 0 0 1 0 0 0 1 0
60	1	1 1 1 1 0 0 1 0 0 1 1 0 0 1 0 1 0 1 1 1 0 0 0 0 1 0 0 0 0 1 1 0 1 1 0 0 1 0 1 1 0 1 1 0 1 0 0 0 1 0
60	1	1 1 1 1 0 0 1 0 1 1 1 0 0 1 0 1 0 1 1 1 0 0 0 0 1 0 1 0 0 1 1 0 1 1 0 0 1 0 1 1 0 1 1 0 1 0 0 0 1 0
60	20	1 1 1 1 0 0 1 0 1 1 1 0 0 1 0 1 0 1 1 1 0 0 0 0 1 0 0 0 0 1 1 0 1 1 0 0 1 0 1 1 0 1 1 0 1 0 0 0 1 0
60	1	1 1 1 1 0 0 0 0 1 1 1 0 0 0 0 1 0 1 1 1 0 0 0 0 1 0 0 0 0 1 1 0 1 1 0 0 1 0 1 1 0 1 0 0 1 0 0 0 1 0
60	2	1 1 1 1 0 0 0 0 1 1 1 0 0 1 0 1 0 1 1 1 0 0 0 0 1 0 0 1 0 1 1 0 1 1 0 0 1 0 1 1 0 1 0 0 1 0 0 0 1 0
60	1	1 1 1 1 0 0 0 0 1 1 1 0 0 1 0 1 0 1 1 1 0 0 0 0 1 0 1 0 0 1 1 0 1 1 0 0 1 0 1 1 0 1 0 0 1 0 0 0 1 0
60	1	1 1 1 1 0 0 0 1 1 1 1 0 0 1 0 1 0 1 1 0 0 0 0 0 1 0 0 0 0 1 0 0 1 1 0 0 1 0 1 1 0 1 1 0 1 0 0 0 1 0
60	1	1 1 1 1 0 0 0 1 1 1 1 0 0 1 0 1 0 1 1 1 0 0 0 0 1 0 0 0 0 1 0 0 1 1 0 0 1 0 1 1 0 1 1 0 1 0 0 0 1 0
70	16	1 1 1 1 0 0 1 0 1 1 1 0 0 1 0 1 0 1 1 1 0 0 0 0 1 0 0 0 0 1 1 0 1 1 0 0 1 0 1 1 0 1 1 0 1 0 0 0 1 0
70	4	1 1 1 1 0 0 1 0 1 1 1 0 0 1 0 1 0 1 1 1 0 0 0 0 1 0 0 0 0 1 1 0 1 1 0 0 1 1 1 1 0 1 1 0 1 0 0 0 1 0
70	3	1 1 1 1 0 0 0 0 1 1 1 1 0 1 0 1 0 1 1 1 0 0 0 0 1 0 0 0 0 1 1 0 1 1 0 0 1 0 1 1 0 1 0 0 1 0 0 0 1 0
70	1	1 1 1 1 1 0 0 0 1 1 1 0 0 1 0 1 0 1 1 1 0 0 0 0 1 0 0 0 0 1 1 0 1 1 0 0 1 0 1 1 0 1 0 0 1 0 0 0 0 0
70	2	1 1 1 1 0 0 0 0 1 1 1 0 0 1 0 1 0 1 1 1 0 0 0 0 1 0 0 0 0 1 1 0 1 1 0 0 1 0 1 1 0 1 0 0 1 0 0 0 0 0
70	1	1 1 1 1 0 0 0 0 1 1 1 0 0 1 0 1 0 1 1 1 0 0 0 0 1 0 0 0 0 1 0 0 1 1 0 1 1 0 1 1 0 1 0 0 1 0 0 0 1 0
70	1	1 1 1 1 0 0 0 0 1 1 1 0 0 1 0 1 0 1 1 1 0 0 0 0 1 0 0 0 0 1 0 0 1 1 0 0 1 0 1 1 0 1 0 0 1 0 0 0 1 0
70	43	1 1 1 1 0 0 0 0 1 1 1 0 0 1 0 1 0 1 1 1 0 0 0 0 1 0 0 0 0 1 1 0 1 1 0 0 1 0 1 1 0 1 0 0 1 0 0 0 1 0
70	12	1 1 1 1 0 0 1 0 1 1 1 0 0 1 0 1 0 1 1 1 0 0 0 0 1 0 0 0 0 1 1 0 1 1 0 0 1 0 1 1 0 1 0 0 1 0 0 0 1 0
70	1	1 1 1 1 0 0 1 0 1 1 1 0 0 1 0 1 0 1 1 1 0 0 0 0 1 0 0 0 1 1 1 0 1 1 0 0 1 0 1 1 0 1 1 0 1 0 0 0 1 0
70	1	1 1 1 1 0 0 1 0 1 1 1 0 0 1 1 1 0 1 1 1 0 0 0 0 1 0 0 0 0 1 1 0 1 1 0 0 1 0 1 1 0 1 1 0 1 0 0 0 1 0
70	1	1 1 1 1 0 0 0 0 1 1 1 0 0 1 0 1 0 1 1 1 0 0 0 0 1 0 0 0 0 1 1 0 1 1 0 0 0 0 1 1 0 1 0 0 1 0 0 0 1 0
70	6	1 1 1 1 0 0 0 0 1 1 1 0 0 1 0 1 0 1 1 1 0 0 0 0 1 0 0 0 0 1 1 1 1 1 0 0 1 0 1 1 0 1 0 0 1 0 0 0 1 0
70	2	1 1 1 1 0 0 0 0 1 1 1 0 0 0 0 1 0 1 1 1 0 0 0 0 1 0 0 0 0 1 1 0 1 1 0 0 1 0 1 1 0 1 0 0 1 0 0 0 1 0
70	3	1 1 1 1 0 0 0 0 1 1 1 0 0 1 0 1 0 1 1 1 0 0 0 0 1 0 0 1 0 1 1 0 1 1 0 0 1 0 1 1 0 1 0 0 1 0 0 0 1 0
70	1	1 1 1 1 0 0 0 1 1 1 1 0 0 1 0 1 1 1 1 1 0 0 0 0 1 0 0 0 0 1 1 0 1 1 0 0 1 0 1 1 0 1 1 0 1 0 0 0 1 0
70	2	1 1 1 1 0 0 0 1 1 1 1 0 0 1 0 1 0 1 1 1 0 0 0 0 1 0 0 0 0 1 1 0 1 1 0 0 1 0 1 1 0 1 1 0 1 0 0 0 1 0
80	9	1 1 1 1 0 0 1 0 1 1 1 0 0 1 0 1 0 1 1 1 0 0 0 0 1 0 0 0 0 1 1 0 1 1 0 0 1 1 1 1 0 1 1 0 1 0 0 0 1 0
80	20	1 1 1 1 0 0 1 0 1 1 1 0 0 1 0 1 0 1 1 1 0 0 0 0 1 0 0 0 0 1 1 0 1 1 0 0 1 0 1 1 0 1 1 0 1 0 0 0 1 0
80	3	1 1 1 1 1 0 0 0 1 1 1 0 0 1 0 1 0 1 1 1 0 0 0 0 1 0 0 0 0 1 1 0 1 1 0 0 1 0 1 1 0 1 0 0 1 0 0 0 1 0
80	1	1 1 1 1 0 0 0 0 1 1 1 1 0 1 0 1 0 1 1 1 0 0 0 0 1 0 0 0 0 1 1 0 1 1 0 0 1 0 1 1 0 1 0 0 1 0 0 0 1 0
80	3	1 1 1 1 1 0 0 0 1 1 1 0 0 1 0 1 0 1 1 1 0 0 0 0 1 0 0 0 0 1 1 0 1 1 0 0 1 0 1 1 0 1 0 0 1 0 0 0 0 0
80	3	1 1 1 1 0 0 0 0 1 1 1 0 0 1 0 1 0 1 1 1 0 0 0 0 1 0 0 0 0 1 1 0 1 1 0 0 1 0 1 1 0 1 0 0 1 0 0 0 0 0
80	4	1 1 1 1 0 0 0 0 1 1 1 0 0 1 0 1 0 1 1 1 0 0 0 0 1 0 0 0 0 1 1 1 1 1 0 0 1 0 1 1 0 1 0 0 1 0 0 0 1 0
80	11	1 1 1 1 0 0 1 0 1 1 1 0 0 1 0 1 0 1 1 1 0 0 0 0 1 0 0 0 0 1 1 0 1 1 0 0 1 0 1 1 0 1 0 0 1 0 0 0 1 0
80	35	1 1 1 1 0 0 0 0 1 1 1 0 0 1 0 1 0 1 1 1 0 0 0 0 1 0 0 0 0 1 1 0 1 1 0 0 1 0 1 1 0 1 0 0 1 0 0 0 1 0
80	1	1 1 1 1 0 0 1 0 1 1 1 0 0 1 0 1 0 1 1 1 0 0 0 0 1 0 0 0 1 1 1 0 1 1 0 0 1 0 1 1 0 1 1 0 1 0 0 0 1 0
80	2	1 1 1 1 0 0 1 0 1 1 1 0 0 1 1 1 0 1 1 1 0 0 0 0 1 0 0 0 0 1 1 0 1 1 0 0 1 0 1 1 0 1 1 0 1 0 0 0 1 0
80	1	1 1 1 1 0 0 0 0 1 1 1 0 0 1 0 1 0 1 1 1 0 0 0 0 1 0 0 0 0 1 1 0 1 1 0 0 0 0 1 1 0 1 0 0 1 0 0 0 1 0
80	3	1 1 1 1 0 0 0 0 1 1 1 0 0 0 0 1 0 1 1 1 0 0 0 0 1 0 0 0 0 1 1 0 1 1 0 0 1 0 1 1 0 1 0 0 1 0 0 0 1 0
80	2	1 1 1 1 0 0 0 0 1 1 1 0 0 1 0 1 0 1 1 1 0 0 0 0 1 0 0 1 0 1 1 0 1 1 0 0 1 0 1 1 0 1 0 0 1 0 0 0 1 0
80	1	1 1 1 1 0 0 0 0 1 1 1 0 0 1 0 1 0 1 1 1 0 0 0 0 1 0 1 0 0 1 1 0 1 1 0 0 1 0 1 1 0 1 0 0 1 0 0 0 1 0
80	1	1 1 1 1 0 0 0 1 1 1 1 0 0 1 0 1 0 1 1 1 0 0 0 0 0 0 0 0 0 1 1 0 1 1 0 0 1 0 1 1 0 1 1 0 1 0 0 0 1 0
90	11	1 1 1 1 0 0 1 0 1 1 1 0 0 1 0 1 0 1 1 1 0 0 0 0 1 0 0 0 0 1 1 0 1 1 0 0 1 0 1 1 0 1 1 0 1 0 0 0 1 0
90	8	1 1 1 1 0 0 1 0 1 1 1 0 0 1 0 1 0 1 1 1 0 0 0 0 1 0 0 0 0 1 1 0 1 1 0 0 1 1 1 1 0 1 1 0 1 0 0 0 1 0
90	7	1 1 1 1 1 0 0 0 1 1 1 0 0 1 0 1 0 1 1 1 0 0 0 0 1 0 0 0 0 1 1 0 1 1 0 0 1 0 1 1 0 1 0 0 1 0 0 0 1 0
90	17	1 1 1 1 1 0 0 0 1 1 1 0 0 1 0 1 0 1 1 1 0 0 0 0 1 0 0 0 0 1 1 0 1 1 0 0 1 0 1 1 0 1 0 0 1 0 0 0 0 0
90	10	1 1 1 1 0 0 0 0 1 1 1 0 0 1 0 1 0 1 1 1 0 0 0 0 1 0 0 0 0 1 1 0 1 1 0 0 1 0 1 1 0 1 0 0 1 0 0 0 0 0
90	2	1 1 1 1 0 0 0 0 1 1 1 0 0 1 0 1 0 1 1 1 0 0 0 0 1 0 0 0 0 1 1 1 1 1 0 0 1 0 1 1 0 1 0 0 1 0 0 0 1 0
90	11	1 1 1 1 0 0 0 0 1 1 1 0 0 1 0 1 0 1 1 1 0 0 0 0 1 0 0 0 0 1 1 0 1 1 0 0 1 0 1 1 0 1 0 0 1 0 0 0 1 0
90	28	1 1 1 1 0 0 1 0 1 1 1 0 0 1 0 1 0 1 1 1 0 0 0 0 1 0 0 0 0 1 1 0 1 1 0 0 1 0 1 1 0 1 0 0 1 0 0 0 1 0
90	1	1 1 0 1 0 0 0 0 1 1 1 0 0 1 0 1 0 1 1 1 0 0 0 0 1 0 0 0 0 1 1 0 1 1 0 0 1 0 1 1 0 1 0 0 1 0 0 0 1 0
90	1	1 1 1 1 0 0 1 0 1 1 1 0 0 1 0 1 0 1 1 1 0 0 0 0 1 0 0 0 0 1 1 0 1 1 0 0 1 0 0 1 0 1 0 0 1 0 0 0 1 0
90	3	1 1 1 1 0 0 1 0 1 1 1 0 0 1 0 1 0 1 1 1 0 0 0 0 1 0 0 0 1 1 1 0 1 1 0 0 1 0 1 1 0 1 1 0 1 0 0 0 1 0
90	1	1 1 1 1 0 0 0 0 1 1 1 0 0 0 0 1 0 1 1 1 0 0 0 0 1 0 0 0 0 1 1 0 1 1 0 0 1 0 1 1 0 1 0 0 1 0 0 0 1 0
100	3	1 1 1 1 0 0 1 0 1 1 1 0 0 1 0 1 0 1 1 1 0 0 0 0 1 0 0 0 0 1 1 0 1 1 0 0 1 1 1 1 0 1 1 0 1 0 0 0 1 0
100	1	1 1 1 1 0 0 1 0 1 1 1 0 0 1 0 1 0 1 1 1 0 0 0 0 1 0 1 0 0 1 1 0 1 1 0 0 1 0 1 1 0 1 0 0 1 0 0 0 1 0
100	24	1 1 1 1 0 0 1 0 1 1 1 0 0 1 0 1 0 1 1 1 0 0 0 0 1 0 0 0 0 1 1 0 1 1 0 0 1 0 1 1 0 1 0 0 1 0 0 0 1 0
100	1	1 0 1 1 0 0 1 0 1 1 1 0 0 1 0 1 0 1 1 1 0 0 0 0 1 0 0 0 0 1 1 0 1 1 0 0 1 0 1 1 0 1 1 0 1 0 0 0 1 0
100	4	1 1 1 1 0 0 1 0 1 1 1 0 0 1 0 1 0 1 1 1 0 0 0 0 1 0 0 0 0 1 1 0 1 1 0 0 1 0 1 1 0 1 1 0 1 0 0 0 1 0
100	12	1 1 1 1 1 0 0 0 1 1 1 0 0 1 0 1 0 1 1 1 0 0 0 0 1 0 0 0 0 1 1 0 1 1 0 0 1 0 1 1 0 1 0 0 1 0 0 0 1 0
100	2	1 1 1 1 1 0 0 0 1 1 1 0 0 1 0 1 0 1 1 1 0 0 0 0 1 0 0 0 1 1 1 0 1 1 0 0 1 0 1 1 0 1 0 0 1 0 0 0 0 0
100	1	1 1 1 1 1 0 0 0 1 1 1 0 0 1 0 1 0 1 1 1 0 0 0 0 1 0 0 1 0 1 1 0 1 1 0 0 1 0 1 1 0 1 0 0 1 0 0 0 0 0
100	26	1 1 1 1 1 0 0 0 1 1 1 0 0 1 0 1 0 1 1 1 0 0 0 0 1 0 0 0 0 1 1 0 1 1 0 0 1 0 1 1 0 1 0 0 1 0 0 0 0 0
100	17	1 1 1 1 0 0 0 0 1 1 1 0 0 1 0 1 0 1 1 1 0 0 0 0 1 0 0 0 0 1 1 0 1 1 0 0 1 0 1 1 0 1 0 0 1 0 0 0 0 0
100	1	1 1 1 1 0 0 0 0 1 1 1 0 0 1 0 1 0 1 1 1 0 0 0 0 1 0 0 0 1 1 1 0 1 1 0 0 1 0 1 1 0 1 0 0 1 0 0 0 1 0
100	1	1 1 1 1 0 0 0 0 1 1 1 0 0 1 0 1 0 1 1 1 0 0 0 0 1 0 0 0 0 1 1 1 1 1 0 0 1 0 1 1 0 1 0 0 1 0 0 0 1 0
100	1	1 1 1 1 0 0 1 0 1 1 1 0 0 1 0 1 0 1 1 1 0 0 0 0 1 0 0 0 0 1 0 0 1 1 0 0 1 0 1 1 0 1 0 0 1 0 0 0 1 0
100	2	1 1 1 1 0 0 0 0 1 1 1 0 0 1 0 1 0 1 1 1 0 0 0 0 1 0 0 0 0 1 1 0 1 1 0 0 1 0 1 1 0 1 0 0 1 0 0 0 1 0
100	3	1 1 1 1 0 0 1 0 1 1 1 0 0 1 0 1 0 1 1 1 0 0 0 0 1 0 0 0 0 1 1 0 1 1 0 1 1 0 1 1 0 1 0 0 1 0 0 0 1 0
100	1	1 1 1 1 0 0 1 0 1 1 1 0 0 1 0 1 0 1 1 1 0 0 0 0 1 0 0 0 0 1 1 0 1 1 0 0 1 0 0 1 0 1 0 0 1 0 0 0 1 0
110	5	1 1 1 1 0 0 1 0 1 1 1 0 0 1 0 1 0 1 1 1 0 0 0 0 1 0 0 0 0 1 1 0 1 1 0 0 1 1 1 1 0 1 1 0 1 0 0 0 1 0
110	1	1 1 1 1 0 0 1 1 1 1 1 0 0 1 0 1 0 1 1 1 0 0 0 0 1 0 0 0 0 1 1 0 1 1 0 0 1 0 1 1 0 1 0 0 1 0 0 0 1 0
110	17	1 1 1 1 0 0 1 0 1 1 1 0 0 1 0 1 0 1 1 1 0 0 0 0 1 0 0 0 0 1 1 0 1 1 0 0 1 0 1 1 0 1 0 0 1 0 0 0 1 0
110	2	1 1 1 1 0 0 1 0 1 1 1 0 0 1 0 1 0 1 1 1 0 0 0 0 1 0 0 0 0 1 0 0 1 1 0 0 1 0 1 1 0 1 0 0 1 0 0 0 1 0
110	7	1 1 1 1 0 0 1 0 1 1 1 0 0 1 0 1 0 1 1 1 0 0 0 0 1 0 0 0 0 1 1 0 1 1 0 0 1 0 1 1 0 1 1 0 1 0 0 0 1 0
110	4	1 1 1 1 1 0 0 1 1 1 1 0 0 1 0 1 0 1 1 1 0 0 0 0 1 0 0 0 0 1 1 0 1 1 0 0 1 0 1 1 0 1 0 0 1 0 0 0 1 0
110	9	1 1 1 1 1 0 0 0 1 1 1 0 0 1 0 1 0 1 1 1 0 0 0 0 1 0 0 0 0 1 1 0 1 1 0 0 1 0 1 1 0 1 0 0 1 0 0 0 1 0
110	1	1 1 1 1 1 0 0 0 1 1 1 0 0 1 0 1 0 1 1 1 0 0 0 0 1 0 0 0 1 1 1 0 1 1 0 0 1 0 1 1 0 1 0 0 1 0 0 0 0 0
110	1	1 1 1 1 1 0 0 0 1 1 1 0 0 1 0 1 0 1 1 1 0 0 0 0 1 0 0 1 0 1 1 0 1 1 0 0 1 0 1 1 0 1 0 0 1 0 0 0 0 0
110	1	1 0 1 1 1 0 0 0 1 1 1 0 0 1 0 1 0 1 1 1 0 0 0 0 1 0 0 0 0 1 1 0 1 1 0 0 1 0 1 1 0 1 0 0 1 0 0 0 0 0
110	1	1 1 1 1 1 0 0 0 1 1 1 0 0 1 0 1 0 1 1 1 0 0 0 0 1 0 0 0 0 1 1 0 1 1 0 1 1 0 1 1 0 1 0 0 1 0 0 0 0 0
110	39	1 1 1 1 1 0 0 0 1 1 1 0 0 1 0 1 0 1 1 1 0 0 0 0 1 0 0 0 0 1 1 0 1 1 0 0 1 0 1 1 0 1 0 0 1 0 0 0 0 0
110	1	1 1 1 1 0 1 0 0 1 1 1 0 0 1 0 1 0 1 1 1 0 0 0 0 1 0 0 0 0 1 1 0 1 1 0 0 1 0 1 1 0 1 0 0 1 0 0 0 0 0
110	7	1 1 1 1 0 0 0 0 1 1 1 0 0 1 0 1 0 1 1 1 0 0 0 0 1 0 0 0 0 1 1 0 1 1 0 0 1 0 1 1 0 1 0 0 1 0 0 0 0 0
110	1	1 1 1 1 0 0 0 0 1 1 1 0 0 1 0 1 0 1 1 1 0 0 0 0 1 0 0 0 0 1 1 1 1 1 0 0 1 0 1 1 0 1 0 0 1 0 0 0 1 0
110	1	1 1 1 1 0 0 1 0 1 1 1 0 0 1 0 1 0 1 1 0 0 0 0 0 1 0 0 0 0 1 1 0 1 1 0 1 1 0 1 1 0 1 0 0 1 0 0 0 1 0
110	2	1 1 1 1 0 0 1 0 1 1 1 0 0 1 0 1 0 1 1 1 0 0 0 0 1 0 0 0 0 1 1 0 1 1 0 1 1 0 1 1 0 1 0 0 1 0 0 0 1 0
120	2	1 1 1 1 0 0 1 0 1 1 1 0 0 1 0 1 0 1 1 1 0 0 0 0 1 0 0 0 0 1 1 0 1 1 0 0 1 1 1 1 0 1 1 0 1 0 0 0 1 0
120	3	1 1 1 1 0 0 1 0 1 1 1 0 0 1 0 1 0 1 1 1 0 0 0 0 1 0 0 0 0 1 1 0 1 1 0 0 1 0 1 1 0 1 0 0 1 0 0 0 1 0
120	6	1 1 1 1 0 0 1 0 1 1 1 0 0 1 0 1 0 1 1 1 0 0 0 0 1 0 0 0 0 1 1 0 1 1 0 0 1 0 1 1 0 1 1 0 1 0 0 0 1 0
120	3	1 1 1 1 1 0 0 1 1 1 1 0 0 1 0 1 0 1 1 1 0 0 0 0 1 0 0 0 0 1 1 0 1 1 0 0 1 0 1 1 0 1 0 0 1 0 0 0 1 0
120	4	1 1 1 1 1 0 0 0 1 1 1 0 0 1 0 1 0 1 1 1 0 0 0 0 1 0 0 0 0 1 1 0 1 1 0 0 1 0 1 1 0 1 0 0 1 0 0 0 1 0
120	1	1 1 1 1 1 0 0 0 1 1 1 0 0 1 0 1 0 1 1 1 0 0 0 0 1 0 0 1 0 1 1 0 1 1 0 0 1 0 1 1 0 1 0 0 1 0 0 0 0 0
120	1	1 0 1 1 1 0 0 0 1 1 1 0 0 1 0 1 0 1 1 1 0 0 0 0 1 0 0 0 0 1 1 0 1 1 0 0 1 0 1 1 0 1 0 0 1 0 0 0 0 0
120	1	1 1 1 1 1 0 0 0 1 1 1 0 0 1 0 1 0 1 1 1 0 0 0 0 1 0 0 0 0 1 0 0 1 1 0 0 1 0 1 1 0 1 0 0 1 0 0 0 0 0
120	5	0 1 1 1 1 0 0 0 1 1 1 0 0 1 0 1 0 1 1 1 0 0 0 0 1 0 0 0 0 1 1 0 1 1 0 0 1 0 1 1 0 1 0 0 1 0 0 0 0 0
120	3	1 1 1 1 0 0 0 0 1 1 1 0 0 1 0 1 0 1 1 1 0 0 0 0 1 0 0 0 0 1 1 0 1 1 0 0 1 0 1 1 0 1 0 0 1 0 0 0 0 0
120	1	1 1 1 1 1 0 0 0 1 1 1 0 0 1 0 1 0 1 1 1 0 0 0 0 1 0 0 0 0 1 1 0 1 1 0 0 1 0 1 0 0 1 0 0 1 0 0 0 0 0
120	2	1 1 1 1 1 0 0 0 1 1 1 0 0 1 0 1 0 1 1 1 0 0 0 0 1 0 0 0 0 1 1 0 1 1 0 0 1 0 1 1 0 1 0 1 1 0 0 0 0 0
120	1	1 1 1 1 1 0 0 0 1 1 1 0 0 1 0 1 0 1 1 0 0 0 0 0 1 0 0 0 0 1 1 0 1 1 0 0 1 0 1 1 0 1 0 0 1 0 0 0 0 0
120	62	1 1 1 1 1 0 0 0 1 1 1 0 0 1 0 1 0 1 1 1 0 0 0 0 1 0 0 0 0 1 1 0 1 1 0 0 1 0 1 1 0 1 0 0 1 0 0 0 0 0
120	2	1 1 1 1 0 1 0 0 1 1 1 0 0 1 0 1 0 1 1 1 0 0 0 0 1 0 0 0 0 1 1 0 1 1 0 0 1 0 1 1 0 1 0 0 1 0 0 0 0 0
120	3	1 1 1 1 0 0 1 0 1 1 1 0 0 1 0 1 0 1 1 1 0 0 0 0 1 0 0 0 0 1 1 0 1 1 0 1 1 0 1 1 0 1 0 0 1 0 0 0 1 0
130	4	1 1 1 1 0 0 1 0 1 1 1 0 0 1 0 1 0 1 1 1 0 0 0 0 1 0 0 0 0 1 1 0 1 1 0 0 1 1 1 1 0 1 1 0 1 0 0 0 1 0
130	2	1 1 1 1 0 0 1 0 1 1 1 0 0 1 0 1 0 1 1 1 0 0 0 0 1 0 0 0 0 1 1 0 1 1 0 0 1 0 1 1 0 1 0 0 1 0 0 0 1 0
130	1	1 1 1 1 1 0 0 1 1 1 1 0 0 1 0 1 0 1 1 1 0 0 0 0 1 0 0 0 0 1 1 0 1 1 0 0 1 0 1 1 0 1 0 0 1 0 0 0 1 0
130	1	1 1 1 1 1 0 0 0 1 1 1 0 0 1 0 1 0 1 1 1 0 0 0 0 0 0 0 0 0 1 1 0 1 1 0 0 1 0 1 1 0 1 0 0 1 0 0 0 1 0
130	3	1 1 1 1 1 0 0 0 1 1 1 0 0 1 0 1 0 1 1 1 0 0 0 0 1 0 0 0 0 1 1 0 1 1 0 0 1 0 1 1 0 1 0 0 1 0 0 0 1 0
130	2	1 1 1 1 1 0 0 0 1 1 1 0 0 1 0 1 0 1 1 1 0 0 0 0 1 0 0 1 0 1 0 0 1 1 0 0 1 0 1 1 0 1 0 0 1 0 0 0 0 0
130	3	1 1 1 1 1 0 0 0 1 1 1 0 0 1 0 1 0 1 1 1 0 0 0 0 1 0 0 0 0 1 0 0 1 1 0 0 1 0 1 1 0 1 0 0 1 0 0 0 0 0
130	4	1 1 1 1 0 0 0 0 1 1 1 0 0 1 0 1 0 1 1 1 0 0 0 0 1 0 0 0 0 1 1 0 1 1 0 0 1 0 1 1 0 1 0 0 1 0 0 0 0 0
130	2	1 1 1 1 1 0 0 0 1 1 1 0 0 1 0 1 0 1 1 1 0 0 0 0 1 0 0 0 0 1 1 0 1 1 0 0 1 0 1 1 0 1 0 1 1 0 0 0 0 0
130	2	1 1 1 1 1 0 0 0 1 1 1 0 0 1 0 1 0 1 1 1 0 0 0 1 1 0 0 0 0 1 1 0 1 1 0 0 1 0 1 1 0 1 0 0 1 0 0 0 0 0
130	1	1 0 1 1 1 0 0 0 1 1 1 0 0 1 0 1 0 1 1 1 0 0 0 0 1 0 0 0 0 1 1 0 1 1 0 0 1 0 1 1 0 1 0 0 1 0 0 0 0 0
130	68	1 1 1 1 1 0 0 0 1 1 1 0 0 1 0 1 0 1 1 1 0 0 0 0 1 0 0 0 0 1 1 0 1 1 0 0 1 0 1 1 0 1 0 0 1 0 0 0 0 0
130	6	1 1 1 1 0 1 0 0 1 1 1 0 0 1 0 1 0 1 1 1 0 0 0 0 1 0 0 0 0 1 1 0 1 1 0 0 1 0 1 1 0 1 0 0 1 0 0 0 0 0
130	1	1 1 1 1 0 0 1 0 1 1 1 0 0 1 0 1 0 1 1 1 0 0 0 0 1 0 0 0 0 1 1 0 1 1 0 1 1 0 1 1 0 1 0 0 1 0 0 0 1 0
140	3	1 1 1 1 0 0 1 0 1 1 1 0 0 1 0 1 0 1 1 1 0 0 0 0 1 0 0 0 0 1 1 0 1 1 0 0 1 0 1 1 0 1 0 0 1 0 0 0 1 0
140	10	1 1 1 1 1 0 0 1 1 1 1 0 0 1 0 1 0 1 1 1 0 0 0 0 1 0 0 0 0 1 1 0 1 1 0 0 1 0 1 1 0 1 0 0 1 0 0 0 1 0
140	1	1 1 1 1 1 0 0 0 1 1 1 0 0 1 0 1 0 1 1 1 0 0 0 0 1 0 0 0 0 1 1 0 1 1 0 0 1 0 1 1 0 1 0 0 1 0 0 0 1 0
140	1	1 1 1 1 1 0 0 0 1 1 1 0 0 1 0 1 0 1 1 1 0 1 0 0 1 0 0 1 0 1 1 0 1 1 0 0 1 0 1 1 0 1 0 0 1 0 0 0 0 0
140	1	1 1 1 1 1 0 0 0 1 1 1 0 0 1 0 1 0 1 1 1 0 0 0 0 1 0 0 0 0 1 1 0 1 1 0 0 1 0 1 1 0 1 0 0 1 0 0 1 0 0
140	1	1 1 1 1 1 0 0 0 1 1 1 0 0 1 0 1 0 1 1 1 0 0 0 0 0 0 0 0 0 1 1 0 1 1 0 0 1 0 1 1 0 1 0 0 1 0 0 0 0 0
140	1	1 1 1 1 0 0 0 0 1 1 1 0 0 1 0 1 0 1 1 1 0 0 0 0 1 0 0 0 0 1 1 0 1 1 0 0 1 0 1 1 0 1 0 0 1 0 0 0 0 0
140	1	1 1 1 1 1 0 0 0 1 1 1 0 0 0 0 1 0 1 1 1 0 0 0 0 1 0 0 0 0 1 1 0 1 1 0 0 1 0 1 1 0 1 0 0 1 0 0 0 0 0
140	67	1 1 1 1 1 0 0 0 1 1 1 0 0 1 0 1 0 1 1 1 0 0 0 0 1 0 0 0 0 1 1 0 1 1 0 0 1 0 1 1 0 1 0 0 1 0 0 0 0 0
140	4	1 1 1 1 1 0 0 0 1 1 1 0 0 1 0 1 0 1 1 1 0 0 0 0 1 0 0 0 0 1 0 0 1 1 0 0 1 0 1 1 0 1 0 0 1 0 0 0 0 0
140	2	1 1 1 1 1 0 0 0 1 1 1 0 0 1 0 1 0 1 1 1 0 0 0 0 1 0 0 0 0 1 1 0 1 1 0 0 1 0 1 1 0 1 0 1 1 0 0 0 0 0
140	1	1 1 1 1 1 0 0 0 1 1 1 0 0 1 0 1 0 1 1 1 0 0 0 1 1 0 0 0 0 1 1 0 1 1 0 0 1 0 1 1 0 1 0 0 1 0 0 0 0 0
140	4	1 1 1 1 1 0 1 0 1 1 1 0 0 1 0 1 0 1 1 1 0 0 0 0 1 0 0 0 0 1 1 0 1 1 0 0 1 0 1 1 0 1 0 0 1 0 0 0 0 0
140	1	1 1 1 1 1 0 0 0 1 1 1 0 0 1 0 1 0 1 1 1 0 0 0 0 1 0 0 0 0 1 1 0 1 1 0 1 1 0 1 1 0 1 0 0 1 0 0 0 0 0
140	2	1 1 1 1 1 0 0 0 1 1 1 0 0 1 0 1 0 1 1 1 0 0 0 0 1 0 0 0 0 1 1 0 1 1 0 0 1 0 1 1 0 1 0 0 0 0 0 0 0 0
150	12	1 1 1 1 1 0 0 1 1 1 1 0 0 1 0 1 0 1 1 1 0 0 0 0 1 0 0 0 0 1 1 0 1 1 0 0 1 0 1 1 0 1 0 0 1 0 0 0 1 0
150	3	1 1 1 1 1 0 0 0 1 1 1 0 0 1 0 1 0 1 1 1 0 0 0 0 1 0 0 0 0 1 1 0 1 1 0 0 1 0 1 1 0 1 0 0 1 0 0 1 0 0
150	1	1 1 1 1 0 0 0 0 1 1 1 0 0 1 0 1 0 1 1 1 0 0 0 0 1 0 0 0 0 1 1 0 1 1 0 0 1 0 1 1 0 1 0 0 1 0 0 0 0 0
150	1	1 1 1 1 1 0 0 0 1 1 1 0 0 1 0 1 0 0 1 1 0 0 0 0 1 0 0 0 0 1 1 0 1 1 0 0 1 0 1 1 0 1 0 0 1 0 0 0 0 0
150	1	1 1 1 1 1 0 0 0 1 1 1 0 0 1 0 1 0 1 1 1 0 0 0 0 1 0 0 0 0 1 0 0 1 1 0 0 1 0 1 1 0 1 0 0 1 0 0 0 0 0
150	6	1 1 1 1 1 0 1 0 1 1 1 0 0 1 0 1 0 1 1 1 0 0 0 0 1 0 0 0 0 1 1 0 1 1 0 0 1 0 1 1 0 1 0 0 1 0 0 0 0 0
150	3	1 1 1 1 1 0 0 0 1 1 1 0 0 1 0 1 0 1 1 1 0 0 0 0 1 0 0 0 0 1 1 0 1 1 0 0 1 0 1 1 0 1 0 1 1 0 0 0 0 0
150	65	1 1 1 1 1 0 0 0 1 1 1 0 0 1 0 1 0 1 1 1 0 0 0 0 1 0 0 0 0 1 1 0 1 1 0 0 1 0 1 1 0 1 0 0 1 0 0 0 0 0
150	1	1 1 1 1 0 1 0 0 1 1 1 0 0 1 0 1 0 1 1 1 0 0 0 0 1 0 0 0 0 1 1 1 1 1 0 0 1 0 1 1 0 1 0 0 1 0 0 0 0 0
150	7	1 1 1 1 0 1 0 0 1 1 1 0 0 1 0 1 0 1 1 1 0 0 0 0 1 0 0 0 0 1 1 0 1 1 0 0 1 0 1 1 0 1 0 0 1 0 0 0 0 0
160	1	1 1 1 1 0 0 1 0 1 1 1 0 0 1 0 1 0 1 1 1 0 0 0 0 1 0 0 0 0 1 1 0 1 1 0 0 1 0 1 1 0 1 0 0 1 0 0 0 1 0
160	1	1 1 1 1 1 0 0 1 1 1 1 0 0 1 0 1 0 1 1 1 0 0 0 0 1 0 0 0 0 1 1 0 1 1 0 0 1 0 1 0 0 1 0 0 1 0 0 0 1 0
160	10	1 1 1 1 1 0 0 1 1 1 1 0 0 1 0 1 0 1 1 1 0 0 0 0 1 0 0 0 0 1 1 0 1 1 0 0 1 0 1 1 0 1 0 0 1 0 0 0 1 0
160	1	1 1 1 1 1 0 0 0 1 1 1 0 0 1 0 1 0 1 1 1 0 0 0 0 1 0 0 0 0 1 1 0 1 1 0 0 1 0 1 1 0 1 0 0 0 0 0 0 0 0
160	1	1 1 1 1 1 0 0 0 1 1 1 0 0 1 0 1 0 1 1 1 0 0 0 0 1 0 0 0 0 1 0 0 1 1 0 0 1 0 1 1 0 1 0 0 1 0 0 0 0 0
160	1	1 0 1 1 1 0 1 0 1 1 1 0 0 1 0 1 0 1 1 1 0 0 0 0 1 0 0 0 0 1 1 0 1 1 0 0 1 0 1 1 0 1 0 0 1 0 0 0 0 0
160	7	1 1 1 1 1 0 1 0 1 1 1 0 0 1 0 1 0 1 1 1 0 0 0 0 1 0 0 0 0 1 1 0 1 1 0 0 1 0 1 1 0 1 0 0 1 0 0 0 0 0
160	2	1 1 1 1 1 0 0 0 1 1 1 0 0 1 0 1 0 1 1 1 0 0 0 0 1 0 0 0 0 1 1 0 1 1 1 0 1 0 1 1 0 1 0 0 1 0 0 0 0 0
160	1	1 1 1 1 1 0 0 0 1 1 1 0 0 1 0 1 0 1 1 1 0 0 0 0 1 0 0 0 0 1 1 0 1 1 0 0 1 0 1 1 1 1 0 0 1 0 0 0 0 0
160	1	1 1 1 1 1 0 0 0 1 1 1 0 0 1 0 1 0 1 1 1 0 0 0 0 1 0 0 0 0 1 1 0 1 1 0 0 1 0 1 0 0 1 0 0 1 0 0 0 0 0
160	2	1 1 1 1 1 0 0 0 1 1 1 0 0 1 0 1 0 1 1 1 0 0 0 0 1 0 0 0 0 1 1 0 1 1 0 0 1 0 1 1 0 1 1 0 1 0 0 0 0 0
160	1	1 1 1 1 1 0 0 0 1 1 1 0 0 1 0 1 0 1 1 1 0 0 0 0 1 1 0 0 0 1 1 0 1 1 0 0 1 0 1 1 0 1 0 0 1 0 0 0 0 0
160	69	1 1 1 1 1 0 0 0 1 1 1 0 0 1 0 1 0 1 1 1 0 0 0 0 1 0 0 0 0 1 1 0 1 1 0 0 1 0 1 1 0 1 0 0 1 0 0 0 0 0
160	1	1 1 1 1 0 1 0 0 1 1 1 0 0 1 0 1 0 1 1 1 0 0 0 0 1 0 0 0 0 1 1 1 1 1 0 0 1 0 1 1 0 1 0 0 1 0 0 0 0 0
160	1	1 1 1 1 0 1 0 0 1 1 1 0 0 1 0 1 0 1 1 1 0 0 0 0 1 0 0 0 0 1 1 0 1 1 0 0 1 0 1 1 0 1 0 0 1 0 0 0 0 0
170	1	1 1 1 1 0 0 1 0 1 1 1 0 0 1 0 1 0 1 1 1 0 0 0 0 1 0 0 0 0 1 1 0 1 1 0 0 1 0 1 1 0 1 0 0 1 0 0 0 1 0
170	2	1 1 1 1 1 1 0 1 1 1 1 0 0 1 0 1 0 1 1 1 0 0 0 0 1 0 0 0 0 1 1 0 1 1 0 0 1 0 1 1 0 1 0 0 1 0 0 0 1 0
170	17	1 1 1 1 1 0 0 1 1 1 1 0 0 1 0 1 0 1 1 1 0 0 0 0 1 0 0 0 0 1 1 0 1 1 0 0 1 0 1 1 0 1 0 0 1 0 0 0 1 0
170	3	1 1 1 1 1 0 0 0 1 1 1 0 0 1 0 1 0 1 1 1 0 0 0 0 1 0 0 0 0 1 0 0 1 1 0 0 1 0 1 1 0 1 0 0 1 0 0 0 0 0
170	1	1 1 1 1 1 0 1 0 1 1 1 0 0 1 0 1 0 1 1 1 0 0 0 0 1 0 0 1 0 1 1 0 1 1 0 0 1 0 1 1 0 1 0 0 1 0 0 0 0 0
170	7	1 1 1 1 1 0 1 0 1 1 1 0 0 1 0 1 0 1 1 1 0 0 0 0 1 0 0 0 0 1 1 0 1 1 0 0 1 0 1 1 0 1 0 0 1 0 0 0 0 0
170	4	1 1 1 1 1 0 0 0 1 1 1 0 0 1 0 1 0 1 1 1 0 0 0 0 1 0 0 0 0 1 1 0 1 1 0 0 1 0 1 1 0 1 0 1 1 0 0 0 0 0
170	1	1 1 1 1 1 1 0 0 1 1 1 0 0 1 0 1 0 1 1 1 0 0 0 0 1 0 0 0 0 1 1 0 1 1 0 0 1 0 1 1 0 1 0 0 1 0 0 0 0 0
170	1	1 1 1 1 1 0 0 0 1 1 1 0 0 1 0 1 0 1 1 1 0 0 0 1 1 0 0 0 0 1 1 0 1 1 0 0 1 0 1 1 0 1 0 0 1 0 0 0 0 0
170	62	1 1 1 1 1 0 0 0 1 1 1 0 0 1 0 1 0 1 1 1 0 0 0 0 1 0 0 0 0 1 1 0 1 1 0 0 1 0 1 1 0 1 0 0 1 0 0 0 0 0
170	1	1 1 1 1 0 1 0 0 1 1 1 0 0 1 0 1 0 1 1 1 0 0 0 0 1 0 0 0 0 1 1 0 1 1 0 0 1 0 1 1 0 1 0 0 1 0 0 0 0 0
180	3	1 1 1 1 1 0 0 1 1 1 1 0 0 1 0 1 0 1 1 1 0 0 0 0 1 0 0 0 0 1 1 0 1 1 0 0 1 0 1 0 0 1 0 0 1 0 0 0 1 0
180	1	1 1 1 1 1 1 0 1 1 1 1 0 0 1 0 1 0 1 1 1 0 0 0 0 1 0 0 0 0 1 1 0 1 1 0 0 1 0 1 1 0 1 0 0 1 0 0 0 1 0
180	12	1 1 1 1 1 0 0 1 1 1 1 0 0 1 0 1 0 1 1 1 0 0 0 0 1 0 0 0 0 1 1 0 1 1 0 0 1 0 1 1 0 1 0 0 1 0 0 0 1 0
180	1	1 1 1 1 1 0 0 0 1 1 1 0 0 1 0 1 0 1 1 1 0 0 0 0 1 0 0 0 0 1 1 0 1 1 0 0 1 0 1 1 0 1 0 0 0 0 0 0 0 0
180	1	1 0 1 1 1 0 1 0 1 1 1 0 0 1 0 1 0 1 1 1 0 0 0 0 1 0 0 0 0 1 1 0 1 1 0 0 1 0 1 1 0 1 0 0 1 0 0 0 0 0
180	1	1 1 1 1 1 0 1 0 1 1 1 0 0 1 0 1 0 1 1 1 0 0 0 0 1 1 0 0 0 1 1 0 1 1 0 0 1 0 1 1 0 1 0 0 1 0 0 0 0 0
180	1	1 1 1 1 1 0 1 0 1 1 1 0 0 1 0 1 0 1 1 1 0 0 0 0 1 0 0 0 0 1 1 0 1 1 0 0 1 0 1 1 0 1 0 0 1 0 1 0 0 0
180	16	1 1 1 1 1 0 1 0 1 1 1 0 0 1 0 1 0 1 1 1 0 0 0 0 1 0 0 0 0 1 1 0 1 1 0 0 1 0 1 1 0 1 0 0 1 0 0 0 0 0
180	1	1 1 1 1 1 0 0 0 1 1 1 0 0 1 0 0 0 1 1 1 0 0 0 0 1 0 0 0 0 1 1 0 1 1 0 0 1 0 1 1 0 1 0 0 1 0 0 0 0 0
180	59	1 1 1 1 1 0 0 0 1 1 1 0 0 1 0 1 0 1 1 1 0 0 0 0 1 0 0 0 0 1 1 0 1 1 0 0 1 0 1 1 0 1 0 0 1 0 0 0 0 0
180	1	1 1 1 1 1 0 0 0 1 1 1 0 0 1 0 1 0 1 1 1 0 0 0 0 1 0 0 0 0 1 1 0 0 1 0 0 1 0 1 1 0 1 0 0 1 0 0 0 0 0
180	1	1 1 1 1 0 1 0 0 1 1 1 0 0 1 0 1 0 1 1 1 0 0 0 0 1 0 0 0 0 1 1 1 1 1 0 0 1 0 1 1 0 1 0 0 1 0 0 0 0 0
180	2	1 1 1 1 0 1 0 0 1 1 1 0 0 1 0 1 0 1 1 1 0 0 0 0 1 0 0 0 0 1 1 0 1 1 0 0 1 0 1 1 0 1 0 0 1 0 0 0 0 0
190	1	1 1 1 1 1 1 0 1 1 1 1 0 0 1 0 1 0 1 1 1 0 0 0 0 1 0 0 0 0 1 1 0 1 1 0 0 1 0 1 1 0 1 0 0 1 0 0 0 1 0
190	10	1 1 1 1 1 0 0 1 1 1 1 0 0 1 0 1 0 1 1 1 0 0 0 0 1 0 0 0 0 1 1 0 1 1 0 0 1 0 1 1 0 1 0 0 1 0 0 0 1 0
190	4	1 1 1 1 1 0 0 0 1 1 1 0 0 1 0 1 0 1 1 1 0 0 0 0 1 0 0 0 0 1 1 0 1 1 0 0 1 0 1 1 0 1 0 0 0 0 0 0 0 0
190	7	1 1 1 1 1 0 0 0 1 1 1 0 0 1 0 1 0 1 1 1 0 0 0 0 1 0 0 0 0 1 0 0 1 1 0 0 1 0 1 1 0 1 0 0 1 0 0 0 0 0
190	1	1 0 1 1 1 0 1 0 1 1 1 0 0 1 0 1 0 1 1 1 0 0 0 0 1 0 0 0 0 1 1 0 1 1 0 0 1 0 1 1 0 1 0 0 1 0 0 0 0 0
190	1	1 1 1 1 1 0 1 0 1 1 1 0 0 1 0 1 0 1 1 1 0 0 0 0 1 1 0 0 0 1 1 0 1 1 0 0 1 0 1 1 0 1 0 0 1 0 0 0 0 0
190	1	1 1 1 1 1 0 1 0 1 1 1 0 0 1 0 1 0 1 1 1 0 0 0 0 1 0 0 0 0 1 1 0 1 1 0 0 1 0 1 1 0 1 0 0 1 0 1 0 0 0
190	2	1 1 1 1 1 0 1 0 1 1 1 0 0 1 0 1 0 1 1 1 0 0 0 0 1 0 0 0 0 1 1 0 0 1 0 0 1 0 1 1 0 1 0 0 1 0 0 0 0 0
190	26	1 1 1 1 1 0 1 0 1 1 1 0 0 1 0 1 0 1 1 1 0 0 0 0 1 0 0 0 0 1 1 0 1 1 0 0 1 0 1 1 0 1 0 0 1 0 0 0 0 0
190	3	1 1 1 1 1 0 0 0 1 1 1 0 0 1 1 1 0 1 1 1 0 0 0 0 1 0 0 0 0 1 1 0 1 1 0 0 1 0 1 1 0 1 0 0 1 0 0 0 0 1
190	1	1 1 1 1 1 0 0 0 1 1 1 0 0 1 0 0 0 1 1 1 0 0 1 0 1 0 0 0 0 1 1 0 1 1 0 0 1 0 1 1 0 1 0 0 1 0 0 0 0 0
190	1	1 1 1 1 1 0 0 0 1 1 1 0 0 1 0 1 0 1 1 1 0 0 0 0 1 0 0 0 0 1 1 0 1 1 0 0 1 0 1 1 0 0 0 0 1 0 0 0 0 0
190	1	1 1 1 1 1 0 0 0 1 1 1 0 0 1 0 1 1 1 1 1 0 0 0 0 1 0 0 0 0 1 1 0 1 1 0 0 1 0 1 1 0 1 0 0 1 0 0 0 0 0
190	40	1 1 1 1 1 0 0 0 1 1 1 0 0 1 0 1 0 1 1 1 0 0 0 0 1 0 0 0 0 1 1 0 1 1 0 0 1 0 1 1 0 1 0 0 1 0 0 0 0 0
190	1	1 1 1 1 0 1 0 0 1 1 1 0 0 1 0 1 0 1 1 1 0 0 0 0 1 0 0 0 0 1 1 0 1 1 0 0 1 0 1 1 0 1 0 0 1 0 0 0 0 0
200	3	1 1 1 1 1 0 0 1 1 1 1 0 0 1 0 1 0 1 1 1 0 0 0 0 1 0 0 0 0 1 1 0 1 1 0 0 1 0 1 0 0 1 0 0 1 0 0 0 1 0
200	9	1 1 1 1 1 0 0 1 1 1 1 0 0 1 0 1 0 1 1 1 0 0 0 0 1 0 0 0 0 1 1 0 1 1 0 0 1 0 1 1 0 1 0 0 1 0 0 0 1 0
200	4	1 1 1 1 1 0 0 0 1 1 1 0 0 1 0 1 0 1 1 1 0 0 0 0 1 0 0 0 0 1 1 0 1 1 0 0 1 0 1 1 0 1 0 0 0 0 0 0 0 0
200	3	1 1 1 1 1 0 0 0 1 1 1 0 0 1 0 1 0 1 1 1 0 0 0 0 1 0 0 0 0 1 0 0 1 1 0 0 1 0 1 1 0 1 0 0 1 0 0 0 0 0
200	6	1 0 1 1 1 0 1 0 1 1 1 0 0 1 0 1 0 1 1 1 0 0 0 0 1 0 0 0 0 1 1 0 1 1 0 0 1 0 1 1 0 1 0 0 1 0 0 0 0 0
200	2	1 1 1 1 1 0 1 0 1 1 1 0 0 1 0 1 0 1 1 1 0 0 0 0 1 1 0 0 0 1 1 0 1 1 0 0 1 0 1 1 0 1 0 0 1 0 0 0 0 0
200	1	1 1 1 1 1 0 1 0 1 1 1 0 0 1 0 1 0 1 1 1 0 0 0 0 1 0 0 0 0 1 1 0 1 1 0 0 1 0 1 1 0 1 0 0 1 0 1 0 0 0
200	1	1 1 1 1 1 0 0 0 0 1 1 0 0 1 0 1 0 1 1 1 0 0 0 0 1 0 0 0 0 1 1 0 1 1 0 0 1 0 1 1 0 1 0 0 1 0 0 0 0 0
200	1	1 1 1 1 1 0 0 0 1 1 1 0 0 1 0 1 0 1 1 1 0 0 1 0 1 0 0 0 0 1 1 0 1 1 0 0 1 0 1 1 0 1 0 0 1 0 0 0 0 0
200	33	1 1 1 1 1 0 0 0 1 1 1 0 0 1 0 1 0 1 1 1 0 0 0 0 1 0 0 0 0 1 1 0 1 1 0 0 1 0 1 1 0 1 0 0 1 0 0 0 0 0
200	1	1 1 1 1 1 0 1 0 1 1 1 1 0 1 0 1 0 1 1 1 0 0 0 0 1 0 0 0 0 1 1 0 1 1 0 0 1 0 1 1 0 1 0 0 1 0 0 0 0 0
200	36	1 1 1 1 1 0 1 0 1 1 1 0 0 1 0 1 0 1 1 1 0 0 0 0 1 0 0 0 0 1 1 0 1 1 0 0 1 0 1 1 0 1 0 0 1 0 0 0 0 0
210	1	1 1 1 1 1 0 0 1 1 1 1 0 0 1 1 1 0 1 1 1 0 0 0 0 1 0 0 0 0 1 1 0 1 1 0 0 1 0 1 0 0 1 0 0 1 0 0 0 1 0
210	2	1 1 1 1 1 0 0 1 1 1 1 0 0 1 0 1 0 1 1 1 0 0 0 0 1 0 0 0 0 1 1 0 1 1 0 0 1 0 1 0 0 1 0 0 1 0 0 0 1 0
210	2	1 1 1 1 1 1 0 1 1 1 1 0 0 1 0 1 0 1 1 1 0 0 0 0 1 0 0 0 0 1 1 0 1 1 0 0 1 0 1 1 0 1 1 0 1 0 0 0 1 0
210	4	1 1 1 1 1 1 0 1 1 1 1 0 0 1 0 1 0 1 1 1 0 0 0 0 1 0 0 0 0 1 1 0 1 1 0 0 1 0 1 1 0 1 0 0 1 0 0 0 1 0
210	4	1 1 1 1 1 0 0 1 1 1 1 0 0 1 0 1 0 1 1 1 0 0 0 0 1 0 0 0 0 1 1 0 1 1 0 0 1 0 1 1 0 1 0 0 1 0 0 0 1 0
210	17	1 1 1 1 1 0 0 0 1 1 1 0 0 1 0 1 0 1 1 1 0 0 0 0 1 0 0 0 0 1 1 0 1 1 0 0 1 0 1 1 0 1 0 0 0 0 0 0 0 0
210	3	1 0 1 1 1 0 1 0 1 1 1 0 0 1 0 1 0 1 1 1 0 0 0 0 1 0 0 0 0 1 1 0 1 1 0 0 1 0 1 1 0 1 0 0 1 0 0 0 0 0
210	4	1 1 1 1 1 0 1 0 1 1 1 0 0 1 0 1 0 1 1 1 0 0 0 0 1 1 0 0 0 1 1 0 1 1 0 0 1 0 1 1 0 1 0 0 1 0 0 0 0 0
210	1	0 1 1 1 1 0 1 0 1 1 1 0 0 1 0 1 0 1 1 1 0 0 0 0 1 0 0 0 0 1 1 0 1 1 0 0 1 0 1 1 0 1 0 0 1 0 0 0 0 0
210	1	1 1 1 1 1 0 0 0 0 1 1 0 0 1 0 1 0 1 1 1 0 0 0 0 1 0 0 0 0 1 1 0 1 1 0 0 1 0 1 1 0 1 0 0 1 0 0 0 0 0
210	1	1 1 1 1 1 0 0 0 1 1 1 0 0 1 0 1 0 1 1 1 0 0 0 0 1 0 0 0 0 1 1 0 1 1 0 0 1 0 1 1 0 0 0 0 1 0 0 0 0 0
210	15	1 1 1 1 1 0 0 0 1 1 1 0 0 1 0 1 0 1 1 1 0 0 0 0 1 0 0 0 0 1 1 0 1 1 0 0 1 0 1 1 0 1 0 0 1 0 0 0 0 0
210	1	1 1 1 1 1 0 1 0 1 1 1 0 0 1 0 1 0 1 1 1 0 0 1 0 1 0 0 0 0 1 1 0 1 1 0 0 1 0 1 1 0 1 0 0 1 0 0 0 0 0
210	44	1 1 1 1 1 0 1 0 1 1 1 0 0 1 0 1 0 1 1 1 0 0 0 0 1 0 0 0 0 1 1 0 1 1 0 0 1 0 1 1 0 1 0 0 1 0 0 0 0 0
220	3	1 1 1 1 1 1 0 1 1 1 1 0 0 1 0 1 0 1 1 1 0 0 0 0 1 0 0 0 0 1 1 0 1 1 0 0 1 0 1 1 0 1 0 0 1 0 0 0 1 0
220	4	1 1 1 1 1 0 0 1 1 1 1 0 0 1 0 1 0 1 1 1 0 0 0 0 1 0 0 0 0 1 1 0 1 1 0 0 1 0 1 1 0 1 0 0 1 0 0 0 1 0
220	14	1 1 1 1 1 0 0 0 1 1 1 0 0 1 0 1 0 1 1 1 0 0 0 0 1 0 0 0 0 1 1 0 1 1 0 0 1 0 1 1 0 1 0 0 1 0 0 0 0 0
220	28	1 1 1 1 1 0 0 0 1 1 1 0 0 1 0 1 0 1 1 1 0 0 0 0 1 0 0 0 0 1 1 0 1 1 0 0 1 0 1 1 0 1 0 0 0 0 0 0 0 0
220	2	1 1 1 1 1 0 1 0 1 1 1 0 0 1 0 1 0 1 1 1 0 0 0 0 1 1 0 0 0 1 1 0 1 1 0 0 1 0 1 1 0 1 0 0 1 0 0 0 0 0
220	1	0 1 1 1 1 0 1 0 1 1 1 0 0 1 0 1 0 1 1 1 0 0 0 0 1 0 0 0 0 1 1 0 1 1 0 0 1 0 1 1 0 1 0 0 1 0 0 0 0 0
220	2	1 1 1 1 1 0 0 0 1 1 1 0 0 1 0 1 0 1 1 1 0 0 0 1 1 0 0 0 0 1 1 0 1 1 0 0 1 0 1 1 0 1 0 0 1 0 0 0 0 0
220	5	1 1 1 1 1 0 0 0 1 1 1 0 0 1 0 1 0 1 1 1 0 0 0 0 1 0 0 0 0 1 1 0 1 1 0 0 1 0 1 1 0 0 0 0 1 0 0 0 0 0
220	2	1 1 1 1 1 0 1 0 1 1 1 0 0 1 0 1 0 1 1 1 0 0 0 0 1 0 0 0 0 1 1 0 0 1 0 0 1 0 1 1 0 1 0 0 1 0 0 0 0 0
220	2	1 1 1 1 1 0 1 0 1 1 1 0 0 1 0 1 0 1 1 1 0 0 0 0 1 0 1 0 0 1 1 0 1 1 0 0 1 0 1 1 0 1 0 0 1 0 0 0 0 0
220	37	1 1 1 1 1 0 1 0 1 1 1 0 0 1 0 1 0 1 1 1 0 0 0 0 1 0 0 0 0 1 1 0 1 1 0 0 1 0 1 1 0 1 0 0 1 0 0 0 0 0
230	1	1 1 1 1 1 1 0 1 1 1 0 0 0 1 0 1 0 1 1 1 0 0 0 0 1 0 0 0 0 1 1 0 1 1 0 0 1 0 1 1 0 1 0 0 1 0 0 0 1 0
230	6	1 1 1 1 1 1 0 1 1 1 1 0 0 1 0 1 0 1 1 1 0 0 0 0 1 0 0 0 0 1 1 0 1 1 0 0 1 0 1 1 0 1 0 0 1 0 0 0 1 0
230	2	1 1 1 1 1 0 0 1 1 1 1 0 0 1 0 1 0 1 1 1 0 0 0 0 1 0 0 0 0 1 1 0 1 1 0 0 1 0 1 1 0 1 0 0 1 0 0 0 1 0
230	9	1 1 1 1 1 0 0 0 1 1 1 0 0 1 0 1 0 1 1 1 0 0 0 0 1 0 0 0 0 1 1 0 1 1 0 0 1 0 1 1 0 1 0 0 1 0 0 0 0 0
230	1	1 1 1 1 1 0 1 0 1 1 1 0 0 1 0 1 0 1 1 1 0 0 0 0 1 0 0 0 0 1 1 0 1 1 0 0 1 0 1 1 0 1 0 0 0 0 0 0 0 0
230	2	1 1 1 1 1 0 0 0 1 1 1 0 0 1 0 1 0 1 1 1 0 0 0 0 1 0 0 0 0 1 1 0 0 1 0 0 1 0 1 1 0 1 0 0 0 0 0 0 0 0
230	1	1 1 1 1 1 0 0 0 1 1 1 0 0 1 0 1 0 1 1 1 0 0 0 0 1 0 0 0 0 1 1 0 1 1 0 0 0 0 1 1 0 1 0 0 0 0 0 0 0 0
230	21	1 1 1 1 1 0 0 0 1 1 1 0 0 1 0 1 0 1 1 1 0 0 0 0 1 0 0 0 0 1 1 0 1 1 0 0 1 0 1 1 0 1 0 0 0 0 0 0 0 0
230	1	1 0 1 1 1 0 1 0 1 1 1 0 0 1 0 1 0 1 1 1 0 0 0 0 1 0 0 0 0 1 1 0 1 1 0 0 1 0 1 1 0 1 0 0 1 0 0 0 0 0
230	1	0 1 1 1 1 0 1 0 1 1 1 0 0 1 0 1 0 1 1 1 0 0 0 0 1 0 0 0 0 1 1 0 1 1 0 0 1 0 1 1 0 1 0 0 1 0 0 0 0 0
230	2	1 1 1 1 1 0 0 0 1 1 1 0 0 1 0 1 0 1 1 1 0 0 0 0 1 0 0 0 0 1 1 0 1 1 0 0 1 0 1 1 0 0 0 0 1 0 0 0 0 1
230	3	1 1 1 1 1 0 0 0 1 1 1 0 0 1 0 1 0 1 1 1 0 0 0 0 1 0 0 0 0 1 1 0 1 1 0 0 1 0 1 1 0 0 0 0 1 0 0 0 0 0
230	1	1 1 1 1 1 0 1 0 1 1 1 0 0 1 0 1 0 1 1 1 0 0 0 0 1 0 0 0 0 1 1 0 0 1 0 0 1 0 1 1 0 1 0 0 1 0 0 0 0 0
230	4	1 1 1 1 1 1 1 0 1 1 1 0 0 1 0 1 0 1 1 1 0 0 0 0 1 0 0 0 0 1 1 0 1 1 0 0 1 0 1 1 0 1 0 0 1 0 0 0 0 0
230	1	1 1 1 1 1 0 1 1 1 1 1 0 0 1 0 1 0 1 1 1 0 0 0 0 1 0 0 0 0 1 1 0 1 1 0 0 1 0 1 1 0 1 0 0 1 0 0 0 0 0
230	1	1 1 1 1 1 0 1 0 1 1 1 0 0 1 0 1 0 1 1 1 0 0 0 0 1 0 0 0 0 1 1 0 1 1 0 0 0 0 1 1 0 1 0 0 1 0 0 0 0 0
230	1	1 1 1 1 1 0 1 0 1 1 1 0 0 1 0 1 0 1 1 1 0 0 0 0 1 0 0 0 0 1 1 0 1 1 0 0 1 0 1 1 0 1 1 0 1 0 0 0 0 0
230	1	1 1 1 1 1 0 1 0 1 1 1 0 0 1 0 1 0 1 1 1 0 0 0 0 1 0 0 0 0 1 1 0 1 1 1 0 1 0 1 1 0 1 0 0 1 0 0 0 0 0
230	1	1 1 1 1 1 0 1 0 1 1 1 0 0 1 0 1 0 1 1 1 0 0 0 0 1 0 0 0 0 1 1 0 1 1 0 0 1 0 1 1 0 1 0 0 1 0 0 0 0 1
230	40	1 1 1 1 1 0 1 0 1 1 1 0 0 1 0 1 0 1 1 1 0 0 0 0 1 0 0 0 0 1 1 0 1 1 0 0 1 0 1 1 0 1 0 0 1 0 0 0 0 0
240	8	1 1 1 1 1 1 0 1 1 1 1 0 0 1 0 1 0 1 1 1 0 0 0 0 1 0 0 0 0 1 1 0 1 1 0 0 1 0 1 1 0 1 0 0 1 0 0 0 1 0
240	1	1 1 1 1 1 0 0 1 1 1 1 0 0 1 0 1 0 1 1 1 0 0 0 0 1 0 0 0 0 1 1 0 1 1 0 0 1 0 1 1 0 1 0 0 1 0 0 0 1 0
240	9	1 1 1 1 1 0 0 0 1 1 1 0 0 1 0 1 0 1 1 1 0 0 0 0 1 0 0 0 0 1 1 0 1 1 0 0 1 0 1 1 0 1 0 0 1 0 0 0 0 0
240	3	1 1 1 1 1 0 0 0 1 1 1 0 0 1 0 1 0 1 1 1 0 0 0 1 1 0 0 0 0 1 1 0 1 1 0 0 1 0 1 1 0 1 0 0 0 0 0 0 0 0
240	1	1 1 1 1 1 0 0 0 1 1 1 0 0 1 0 1 0 1 1 1 0 0 0 0 1 0 0 0 0 1 1 0 1 1 0 0 0 0 1 1 0 1 0 0 0 0 0 0 0 0
240	15	1 1 1 1 1 0 0 0 1 1 1 0 0 1 0 1 0 1 1 1 0 0 0 0 1 0 0 0 0 1 1 0 1 1 0 0 1 0 1 1 0 1 0 0 0 0 0 0 0 0
240	1	0 1 1 1 1 0 1 0 1 1 1 0 0 1 0 1 0 1 1 1 0 0 0 0 1 0 0 0 0 1 1 0 1 1 0 0 1 0 1 1 0 1 0 0 1 0 0 0 0 0
240	4	1 1 1 1 1 0 0 0 1 1 1 0 0 1 0 1 0 1 1 1 0 0 0 0 1 0 0 0 0 1 1 0 1 1 0 0 1 0 1 1 0 0 0 0 1 0 0 0 0 0
240	5	1 1 1 1 1 1 1 0 1 1 1 0 0 1 0 1 0 1 1 1 0 0 0 0 1 0 0 0 0 1 1 0 1 1 0 0 1 0 1 1 0 1 0 0 1 0 0 0 0 0
240	1	1 1 1 1 1 0 1 0 1 1 1 0 0 1 0 1 0 1 1 1 0 0 0 0 1 0 0 0 0 1 1 0 1 1 0 0 1 0 1 0 0 1 0 0 1 0 0 0 0 0
240	1	1 1 1 1 1 0 1 1 1 1 1 0 0 1 0 1 0 1 1 1 0 0 0 0 1 0 0 0 0 1 1 0 1 1 0 0 1 0 1 1 0 1 0 0 1 0 0 0 0 0
240	1	1 1 1 1 1 0 1 0 1 1 1 0 0 1 0 1 0 1 1 1 0 0 0 0 1 0 0 0 0 1 1 0 1 1 0 0 1 0 1 1 0 1 1 0 1 0 0 0 0 0
240	2	1 1 1 1 0 0 1 0 1 1 1 0 0 1 0 1 0 1 1 1 0 0 0 0 1 0 0 0 0 1 1 0 1 1 0 0 1 0 1 1 0 1 0 0 1 0 0 0 0 0
240	1	1 1 1 1 1 0 1 0 1 1 1 0 0 1 0 1 0 0 1 1 0 0 0 0 1 0 0 0 0 1 1 0 1 1 0 0 1 0 1 1 0 1 0 0 1 0 0 0 0 0
240	1	1 1 1 1 1 0 1 0 1 1 1 0 1 1 0 1 0 1 1 1 0 0 0 0 1 0 0 0 0 1 1 0 1 1 0 0 1 0 1 1 0 1 0 0 1 0 0 0 0 0
240	46	1 1 1 1 1 0 1 0 1 1 1 0 0 1 0 1 0 1 1 1 0 0 0 0 1 0 0 0 0 1 1 0 1 1 0 0 1 0 1 1 0 1 0 0 1 0 0 0 0 0
250	9	1 1 1 1 1 1 0 1 1 1 1 0 0 1 0 1 0 1 1 1 0 0 0 0 1 0 0 0 0 1 1 0 1 1 0 0 1 0 1 1 0 1 0 0 1 0 0 0 1 0
250	3	1 1 1 1 1 0 0 0 1 1 1 0 0 1 0 1 0 1 1 1 0 0 0 0 1 0 0 0 0 1 1 0 1 1 0 0 1 0 1 1 0 0 0 0 1 0 0 0 0 0
250	6	1 1 1 1 1 0 0 0 1 1 1 0 0 1 0 1 0 1 1 1 0 0 0 0 1 0 0 0 0 1 1 0 1 1 0 0 1 0 1 1 0 1 0 0 1 0 0 0 0 0
250	12	1 1 1 1 1 0 0 0 1 1 1 0 0 1 0 1 0 1 1 1 0 0 0 0 1 0 0 0 0 1 1 0 1 1 0 0 1 0 1 1 0 1 0 0 0 0 0 0 0 0
250	2	1 1 1 1 1 0 1 0 1 1 1 0 0 1 0 1 0 1 1 1 0 0 0 0 1 1 0 0 0 1 1 0 1 1 0 0 1 0 1 1 0 1 0 0 1 0 0 0 0 0
250	1	1 1 1 1 1 0 1 0 1 1 1 0 0 1 0 1 0 1 1 1 0 0 0 0 1 0 1 0 0 1 1 0 1 1 0 0 1 0 1 1 0 1 0 0 1 0 0 0 0 0
250	9	1 1 1 1 1 1 1 0 1 1 1 0 0 1 0 1 0 1 1 1 0 0 0 0 1 0 0 0 0 1 1 0 1 1 0 0 1 0 1 1 0 1 0 0 1 0 0 0 0 0
250	2	1 1 1 1 1 0 1 0 1 1 1 0 0 1 0 1 0 1 1 1 0 0 0 0 1 0 0 0 0 1 1 0 1 1 0 0 1 0 1 0 0 1 0 0 1 0 0 0 0 0
250	1	1 1 1 1 1 0 1 1 1 1 1 0 0 1 0 1 0 1 1 1 0 0 0 0 1 0 0 0 0 1 1 0 1 1 0 0 1 0 1 1 0 1 0 0 1 0 0 0 0 0
250	3	1 1 1 1 1 0 1 0 1 1 1 0 0 1 0 1 0 1 1 1 0 0 0 0 1 0 0 0 0 1 1 0 1 1 0 0 1 1 1 1 0 1 0 0 1 0 0 0 0 0
250	1	1 1 1 1 1 0 1 0 1 1 1 0 1 1 0 1 0 1 1 1 0 0 0 0 1 0 0 0 0 1 1 0 1 1 0 0 1 0 1 1 0 1 0 0 1 0 0 0 0 0
250	1	1 1 1 1 1 0 1 0 1 1 1 0 0 1 0 1 0 1 1 1 0 0 0 0 1 0 0 0 0 1 1 0 1 1 0 0 1 0 1 1 0 1 0 0 1 1 0 0 0 0
250	2	1 1 1 1 1 0 1 0 1 1 1 0 0 1 0 1 0 1 1 1 0 0 0 0 1 0 0 0 1 1 1 0 1 1 0 0 1 0 1 1 0 1 0 0 1 0 0 0 0 0
250	1	1 1 1 1 1 0 1 0 1 1 1 0 0 0 0 1 0 1 1 1 0 0 0 0 1 0 0 0 0 1 1 0 1 1 0 0 1 0 1 1 0 1 0 0 1 0 0 0 0 0
250	1	1 1 1 1 1 0 1 0 1 0 1 0 0 1 0 1 0 1 1 1 0 0 0 0 1 0 0 0 0 1 1 0 1 1 0 0 1 0 1 1 0 1 0 0 1 0 0 0 0 0
250	46	1 1 1 1 1 0 1 0 1 1 1 0 0 1 0 1 0 1 1 1 0 0 0 0 1 0 0 0 0 1 1 0 1 1 0 0 1 0 1 1 0 1 0 0 1 0 0 0 0 0
260	10	1 1 1 1 1 1 0 1 1 1 1 0 0 1 0 1 0 1 1 1 0 0 0 0 1 0 0 0 0 1 1 0 1 1 0 0 1 0 1 1 0 1 0 0 1 0 0 0 1 0
260	1	1 1 1 1 1 0 0 0 1 1 1 0 0 1 0 1 0 1 1 1 0 0 0 0 1 0 1 0 0 1 1 0 1 1 0 0 1 0 1 1 0 1 0 0 1 0 0 0 0 0
260	2	1 1 1 1 1 0 0 0 1 1 1 0 0 1 0 1 0 1 1 1 0 0 0 0 1 0 0 0 0 1 1 0 1 1 0 0 1 0 1 1 0 0 0 0 1 0 0 0 0 0
260	4	1 1 1 1 1 0 0 0 1 1 1 0 0 1 0 1 0 1 1 1 0 0 0 0 1 0 0 0 0 1 1 0 1 1 0 0 1 0 1 1 0 1 0 0 1 0 0 0 0 0
260	24	1 1 1 1 1 0 0 0 1 1 1 0 0 1 0 1 0 1 1 1 0 0 0 0 1 0 0 0 0 1 1 0 1 1 0 0 1 0 1 1 0 1 0 0 0 0 0 0 0 0
260	1	1 1 1 1 1 0 1 0 1 1 1 0 0 1 0 1 0 1 1 1 0 0 0 0 1 1 0 0 0 1 1 0 0 1 0 0 1 0 1 1 0 1 0 0 1 0 0 0 0 0
260	2	1 1 1 1 1 0 1 0 1 1 1 0 0 1 0 1 0 1 1 1 0 0 0 0 1 1 0 0 0 1 1 0 1 1 0 0 1 0 1 1 0 1 0 0 1 0 0 0 0 0
260	10	1 1 1 1 1 0 1 0 1 1 1 0 0 1 0 1 0 1 1 1 0 0 0 0 1 0 0 0 0 1 1 0 1 1 0 0 1 0 1 1 0 0 0 0 1 0 0 0 0 0
260	1	1 1 1 1 1 0 1 0 1 1 1 0 0 1 0 1 0 1 1 1 0 0 0 0 1 0 1 0 0 1 1 0 1 1 0 0 1 0 1 1 0 1 0 0 1 0 0 0 0 0
260	1	1 1 1 1 1 1 1 0 1 1 1 0 0 1 0 1 0 1 1 1 0 0 0 0 1 0 1 0 0 1 1 0 1 1 0 0 1 0 1 1 0 1 0 0 1 0 0 0 0 0
260	21	1 1 1 1 1 1 1 0 1 1 1 0 0 1 0 1 0 1 1 1 0 0 0 0 1 0 0 0 0 1 1 0 1 1 0 0 1 0 1 1 0 1 0 0 1 0 0 0 0 0
260	1	1 1 1 1 1 0 1 0 1 1 1 0 0 1 0 1 0 1 1 1 0 0 0 0 1 0 0 0 0 1 1 0 1 1 0 0 1 0 1 0 0 1 0 0 1 0 0 0 0 0
260	1	1 1 1 1 1 0 1 1 1 1 1 0 0 1 0 1 0 1 1 1 0 0 0 0 1 0 0 0 0 1 1 0 1 1 0 0 1 0 1 1 0 1 0 0 1 0 0 0 0 0
260	1	1 1 1 1 1 0 1 0 1 1 1 0 0 1 0 1 0 0 1 1 0 0 0 0 1 0 0 0 0 1 1 0 1 1 0 0 1 0 1 1 0 1 0 0 1 0 0 0 0 0
260	1	1 1 1 0 1 0 1 0 1 1 1 0 0 1 0 1 0 1 1 1 0 0 0 0 1 0 0 0 0 1 1 0 1 1 0 0 1 0 1 1 0 1 0 0 1 0 0 0 0 0
260	19	1 1 1 1 1 0 1 0 1 1 1 0 0 1 0 1 0 1 1 1 0 0 0 0 1 0 0 0 0 1 1 0 1 1 0 0 1 0 1 1 0 1 0 0 1 0 0 0 0 0
270	1	1 1 1 1 1 1 0 1 1 1 1 0 0 1 0 1 0 1 1 1 0 0 0 0 1 0 0 0 0 1 1 0 1 1 0 0 1 0 1 1 1 1 0 0 1 0 0 0 1 0
270	12	1 1 1 1 1 1 0 1 1 1 1 0 0 1 0 1 0 1 1 1 0 0 0 0 1 0 0 0 0 1 1 0 1 1 0 0 1 0 1 1 0 1 0 0 1 0 0 0 1 0
270	1	1 1 1 1 1 0 0 0 1 1 1 0 0 1 1 1 0 1 1 1 0 0 0 0 1 0 0 0 0 1 1 0 1 1 0 0 1 0 1 1 0 1 0 0 0 0 0 0 0 0
270	10	1 1 1 1 1 0 0 0 1 1 1 0 0 1 0 1 0 1 1 1 0 0 0 0 1 0 0 0 0 1 1 0 1 1 0 0 1 0 1 1 0 1 0 0 0 0 0 0 0 0
270	3	1 1 1 1 1 0 1 0 1 1 1 0 0 1 0 1 0 1 1 1 0 0 0 0 1 1 0 0 0 1 1 0 1 1 0 0 1 0 1 1 0 1 0 0 1 0 0 0 0 0
270	13	1 1 1 1 1 0 1 0 1 1 1 0 0 1 0 1 0 1 1 1 0 0 0 0 1 0 0 0 0 1 1 0 1 1 0 0 1 0 1 1 0 0 0 0 1 0 0 0 0 0
270	1	1 1 1 1 1 1 1 0 1 1 1 0 0 1 0 1 0 1 1 1 0 0 1 0 1 0 0 0 0 1 1 0 1 1 0 0 1 0 1 1 0 1 0 0 1 0 0 0 0 0
270	19	1 1 1 1 1 1 1 0 1 1 1 0 0 1 0 1 0 1 1 1 0 0 0 0 1 0 0 0 0 1 1 0 1 1 0 0 1 0 1 1 0 1 0 0 1 0 0 0 0 0
270	1	1 1 1 1 1 1 1 0 1 1 1 0 0 1 0 1 0 1 1 1 0 0 0 0 1 0 1 0 0 1 0 0 1 1 0 0 1 0 1 1 0 1 0 0 1 0 0 0 0 0
270	1	1 1 1 1 1 1 1 0 1 1 1 0 0 1 0 1 0 1 1 1 0 0 0 0 1 0 1 0 0 1 1 0 1 1 0 0 1 0 1 1 0 1 0 0 1 0 0 0 0 0
270	1	1 1 1 1 1 1 1 0 1 1 1 0 0 1 0 1 0 1 1 1 0 0 0 0 1 0 0 0 0 1 1 0 1 1 0 0 1 0 1 1 1 1 0 0 1 0 0 0 0 0
270	10	1 1 1 1 1 0 1 1 1 1 1 0 0 1 0 1 0 1 1 1 0 0 0 0 1 0 0 0 0 1 1 0 1 1 0 0 1 0 1 1 0 1 0 0 1 0 0 0 0 0
270	2	1 1 1 1 1 0 1 0 1 1 1 0 0 1 0 1 0 1 1 1 0 0 0 0 1 0 0 0 0 1 1 0 1 1 0 0 1 1 1 1 0 1 0 0 1 0 0 0 0 0
270	1	1 1 1 1 1 0 1 0 1 1 1 0 1 1 0 1 0 1 1 1 0 0 0 0 1 0 0 0 0 1 1 0 1 1 0 0 1 0 1 1 0 1 0 0 1 0 0 0 0 0
270	1	1 1 1 1 1 0 1 0 1 1 1 0 0 1 0 1 0 1 1 1 0 0 0 0 1 0 0 0 0 1 1 0 1 1 0 0 1 0 1 1 0 1 0 0 1 1 0 0 0 0
270	23	1 1 1 1 1 0 1 0 1 1 1 0 0 1 0 1 0 1 1 1 0 0 0 0 1 0 0 0 0 1 1 0 1 1 0 0 1 0 1 1 0 1 0 0 1 0 0 0 0 0
280	8	1 1 1 1 1 1 0 1 1 1 1 0 0 1 0 1 0 1 1 1 0 0 0 0 1 0 0 0 0 1 1 0 1 1 0 0 1 0 1 1 0 1 0 0 1 0 0 0 1 0
280	1	1 1 1 1 1 0 0 0 1 1 1 0 0 1 0 1 0 1 1 1 0 0 0 0 1 0 0 0 0 1 1 0 1 1 0 0 1 0 0 1 0 1 0 0 1 0 0 0 0 0
280	10	1 1 1 1 1 0 0 0 1 1 1 0 0 1 0 1 0 1 1 1 0 0 0 0 1 0 0 0 0 1 1 0 1 1 0 0 1 0 1 1 0 1 0 0 0 0 0 0 0 0
280	3	1 1 1 1 1 0 1 0 1 1 1 0 0 1 0 1 0 1 1 1 0 0 0 0 1 1 0 0 0 1 1 0 1 1 0 0 1 0 1 1 0 1 0 0 1 0 0 0 0 0
280	10	1 1 1 1 1 0 1 0 1 1 1 0 0 1 0 1 0 1 1 1 0 0 0 0 1 0 0 0 0 1 1 0 1 1 0 0 1 0 1 1 0 0 0 0 1 0 0 0 0 0
280	1	1 1 1 1 1 1 1 0 1 1 1 0 0 1 0 1 0 1 1 1 0 0 0 0 1 0 0 0 0 1 1 0 1 1 0 0 0 0 1 1 0 1 0 0 1 0 0 0 0 0
280	38	1 1 1 1 1 1 1 0 1 1 1 0 0 1 0 1 0 1 1 1 0 0 0 0 1 0 0 0 0 1 1 0 1 1 0 0 1 0 1 1 0 1 0 0 1 0 0 0 0 0
280	9	1 1 1 1 1 0 1 1 1 1 1 0 0 1 0 1 0 1 1 1 0 0 0 0 1 0 0 0 0 1 1 0 1 1 0 0 1 0 1 1 0 1 0 0 1 0 0 0 0 0
280	2	1 1 1 1 1 0 1 0 1 1 1 0 0 1 0 1 0 1 1 1 0 0 0 0 1 0 0 0 1 1 1 0 1 1 0 0 1 0 1 1 0 1 0 0 1 0 0 0 0 0
280	1	1 1 1 1 1 0 1 0 1 1 1 0 0 1 0 1 0 1 1 1 0 0 0 0 1 0 0 0 0 1 1 0 1 1 0 0 1 0 1 1 0 1 0 1 1 0 0 0 0 0
280	17	1 1 1 1 1 0 1 0 1 1 1 0 0 1 0 1 0 1 1 1 0 0 0 0 1 0 0 0 0 1 1 0 1 1 0 0 1 0 1 1 0 1 0 0 1 0 0 0 0 0
290	7	1 1 1 1 1 1 0 1 1 1 1 0 0 1 0 1 0 1 1 1 0 0 0 0 1 0 0 0 0 1 1 0 1 1 0 0 1 0 1 1 0 1 0 0 1 0 0 0 1 0
290	1	1 1 1 1 1 0 0 0 1 1 1 0 0 1 0 1 0 1 1 1 0 0 0 0 1 0 0 0 0 1 1 0 1 1 0 0 1 0 0 1 0 1 0 0 1 0 0 0 0 0
290	3	1 1 1 1 1 0 0 0 1 1 1 0 0 1 1 0 0 1 1 1 0 0 0 0 1 0 0 0 0 1 1 0 1 1 0 0 1 0 1 1 0 1 0 0 0 0 0 0 0 0
290	8	1 1 1 1 1 0 0 0 1 1 1 0 0 1 0 1 0 1 1 1 0 0 0 0 1 0 0 0 0 1 1 0 1 1 0 0 1 0 1 1 0 1 0 0 0 0 0 0 0 0
290	1	1 1 1 1 1 0 1 0 1 1 1 0 0 1 0 1 0 1 1 1 0 0 0 0 1 1 0 0 0 1 1 0 1 1 0 0 1 0 1 1 0 1 0 0 1 0 0 0 0 0
290	14	1 1 1 1 1 0 1 0 1 1 1 0 0 1 0 1 0 1 1 1 0 0 0 0 1 0 0 0 0 1 1 0 1 1 0 0 1 0 1 1 0 0 0 0 1 0 0 0 0 0
290	3	1 1 1 1 1 1 1 0 1 1 1 0 0 1 0 1 0 1 1 1 0 0 0 1 1 0 0 0 0 1 1 0 1 1 0 0 1 0 1 1 0 1 0 0 1 0 0 0 0 0
290	1	1 1 1 1 1 1 1 0 1 1 1 0 0 1 0 1 0 1 1 1 0 0 0 0 1 0 0 0 0 1 1 0 1 1 0 0 1 0 0 1 0 1 0 0 1 0 0 0 0 0
290	49	1 1 1 1 1 1 1 0 1 1 1 0 0 1 0 1 0 1 1 1 0 0 0 0 1 0 0 0 0 1 1 0 1 1 0 0 1 0 1 1 0 1 0 0 1 0 0 0 0 0
290	1	1 1 1 1 1 0 1 1 1 1 1 0 0 1 0 1 0 1 1 1 0 0 0 0 1 0 0 0 0 1 1 0 1 1 1 0 1 0 1 1 0 1 0 0 1 0 0 0 0 0
290	6	1 1 1 1 1 0 1 1 1 1 1 0 0 1 0 1 0 1 1 1 0 0 0 0 1 0 0 0 0 1 1 0 1 1 0 0 1 0 1 1 0 1 0 0 1 0 0 0 0 0
290	1	1 1 1 1 1 0 1 0 1 1 1 0 0 1 0 1 0 1 1 1 0 0 0 0 1 0 0 0 1 1 1 0 1 1 0 0 1 0 1 1 0 1 0 0 1 0 0 0 0 0
290	5	1 1 1 1 1 0 1 0 1 1 1 0 0 1 0 1 0 1 1 1 0 0 0 0 1 0 0 0 0 1 1 0 1 1 0 0 1 0 1 1 0 1 0 0 1 0 0 0 0 0
300	1	1 1 1 1 1 1 0 1 1 1 1 0 0 1 0 1 0 1 1 1 0 0 0 0 1 0 0 0 0 1 1 0 1 1 0 0 1 0 1 1 0 1 0 0 1 0 0 0 1 0
300	2	1 1 1 1 1 0 0 0 1 1 1 0 0 1 1 0 0 1 1 1 0 0 0 0 1 0 0 0 0 1 1 0 1 1 0 0 1 0 1 1 0 1 0 0 0 0 0 0 0 0
300	3	1 1 1 1 1 0 0 0 1 1 1 0 0 1 0 1 0 1 1 1 0 0 0 0 1 0 0 0 0 1 1 0 1 1 0 0 1 0 1 1 0 1 0 0 0 0 0 0 0 0
300	1	1 1 1 1 1 0 1 0 0 1 1 0 0 1 0 1 0 1 1 1 0 0 0 0 1 0 0 0 0 1 1 0 1 1 0 0 1 0 1 1 0 0 0 0 1 0 0 0 0 0
300	8	1 1 1 1 1 0 1 0 1 1 1 0 0 1 0 1 0 1 1 1 0 0 0 0 1 0 0 0 0 1 1 0 1 1 0 0 1 0 1 1 0 0 0 0 1 0 0 0 0 0
300	1	1 1 1 1 1 1 1 0 1 1 1 0 0 1 0 1 0 1 1 1 0 0 0 1 1 0 0 0 0 1 1 0 1 1 0 0 1 0 1 1 0 1 0 0 1 0 0 0 0 0
300	2	1 1 1 1 1 1 1 0 1 1 1 0 0 1 0 1 0 1 1 1 0 0 0 0 1 0 0 0 0 1 1 0 1 1 0 0 1 0 0 1 0 1 0 0 1 0 0 0 0 0
300	3	1 1 1 1 1 0 1 0 1 1 1 0 0 1 0 1 0 1 1 1 0 0 0 0 1 0 0 0 0 1 1 0 1 1 0 0 1 0 1 1 0 1 0 0 1 0 0 0 0 0
300	1	1 1 1 1 1 1 1 0 1 1 1 0 0 1 0 1 0 1 1 1 0 0 0 0 1 0 0 0 0 1 1 0 1 1 0 0 1 0 1 1 0 1 0 0 1 0 1 0 0 0
300	1	1 1 1 1 1 1 1 0 1 1 1 0 0 1 0 1 0 1 1 1 0 0 0 0 1 0 0 0 0 1 0 0 1 1 0 0 1 0 1 1 0 1 0 0 1 0 0 0 0 0
300	59	1 1 1 1 1 1 1 0 1 1 1 0 0 1 0 1 0 1 1 1 0 0 0 0 1 0 0 0 0 1 1 0 1 1 0 0 1 0 1 1 0 1 0 0 1 0 0 0 0 0
300	15	1 1 1 1 1 0 1 1 1 1 1 0 0 1 0 1 0 1 1 1 0 0 0 0 1 0 0 0 0 1 1 0 1 1 0 0 1 0 1 1 0 1 0 0 1 0 0 0 0 0
300	3	1 1 1 1 1 0 1 0 1 1 1 0 0 1 0 1 0 1 1 1 0 0 0 0 1 0 0 0 0 1 1 0 1 1 0 0 1 1 1 1 0 1 0 0 1 0 0 0 0 0
310	1	1 1 1 1 1 1 0 1 1 1 1 0 0 1 0 1 0 1 1 1 0 0 0 0 1 0 0 0 0 1 1 0 1 1 0 0 1 0 1 1 0 1 0 0 1 0 0 0 1 0
310	1	1 1 1 1 1 0 0 0 1 1 1 0 0 1 0 1 0 1 1 1 0 0 0 0 1 0 0 0 0 1 1 0 1 1 0 0 1 0 1 1 0 1 0 0 0 0 0 0 0 0
310	2	1 1 1 1 1 0 0 0 1 1 1 0 0 1 0 1 0 1 1 1 0 0 0 0 1 0 0 0 0 1 1 0 1 1 0 0 1 0 1 1 0 0 0 0 1 0 0 0 0 0
310	10	1 1 1 1 1 0 1 0 1 1 1 0 0 1 0 1 0 1 1 1 0 0 0 0 1 0 0 0 0 1 1 0 1 1 0 0 1 0 1 1 0 0 0 0 1 0 0 0 0 0
310	9	1 1 1 1 1 1 1 1 1 1 1 0 0 1 0 1 0 1 1 1 0 0 0 0 1 0 0 0 0 1 1 0 1 1 0 0 1 0 1 1 0 1 0 0 1 0 0 0 0 0
310	8	1 1 1 1 1 0 1 1 1 1 1 0 0 1 0 1 0 1 1 1 0 0 0 0 1 0 0 0 0 1 1 0 1 1 0 0 1 0 1 1 0 1 0 0 1 0 0 0 0 0
310	61	1 1 1 1 1 1 1 0 1 1 1 0 0 1 0 1 0 1 1 1 0 0 0 0 1 0 0 0 0 1 1 0 1 1 0 0 1 0 1 1 0 1 0 0 1 0 0 0 0 0
310	4	1 1 1 1 1 1 1 0 1 1 1 0 0 1 0 1 0 1 1 1 0 0 0 0 1 0 0 0 0 1 1 0 1 0 0 0 1 0 1 1 0 1 0 0 1 0 0 0 0 0
310	3	1 1 1 1 1 0 1 0 1 1 1 0 0 1 0 1 0 1 1 1 0 0 0 0 1 0 0 0 0 1 1 0 1 1 0 0 1 1 1 1 0 1 0 0 1 0 0 0 0 0
310	1	1 1 1 1 1 0 1 0 1 1 1 0 0 1 0 1 0 1 1 1 0 0 0 0 1 0 0 0 1 1 1 0 1 1 0 0 1 0 1 1 0 1 0 0 1 0 0 0 0 0
