10	10	0 0 0 1 1 1 0 0 0 1
10	1	1 0 1 1 0 1 1 0 1 1
10	19	1 0 1 0 0 1 1 0 1 1
10	1	1 0 1 0 1 0 0 0 0 0
10	1	1 0 1 1 1 0 0 0 0 1
10	2	1 0 1 0 1 0 0 1 0 1
10	33	1 0 1 0 1 0 0 0 0 1
10	1	1 1 1 1 0 0 0 1 1 0
10	4	1 1 1 1 1 0 0 1 1 0
10	2	1 1 0 1 1 0 0 0 1 0
10	1	1 1 0 1 1 1 0 1 1 0
10	25	1 1 0 1 1 0 0 1 1 0
20	25	0 0 0 1 1 1 0 0 0 1
20	5	1 0 1 0 0 1 1 0 1 1
20	1	1 0 1 0 1 1 0 0 0 1
20	6	1 0 1 0 1 0 0 0 0 0
20	2	1 0 1 0 1 0 0 1 0 1
20	5	1 0 1 1 1 0 0 0 0 1
20	21	1 0 1 0 1 0 0 0 0 1
20	1	1 1 1 1 1 0 0 1 0 0
20	1	1 0 1 1 1 0 0 1 1 0
20	1	1 1 1 1 1 1 0 1 1 0
20	28	1 1 1 1 1 0 0 1 1 0
20	4	1 1 0 1 1 0 0 1 1 0
30	1	0 1 0 1 1 1 0 0 0 1
30	8	0 0 0 1 1 1 0 0 0 1
30	2	1 0 1 0 0 1 1 0 1 1
30	6	1 0 1 0 1 0 0 0 0 0
30	2	1 0 1 0 1 0 0 1 0 1
30	1	1 0 1 1 1 1 0 0 0 1
30	16	1 0 1 1 1 0 0 0 0 1
30	5	1 0 1 0 1 0 0 0 0 1
30	1	0 1 1 1 1 0 0 1 1 0
30	1	1 1 1 1 1 0 0 1 0 0
30	1	1 1 1 1 1 0 0 0 1 0
30	1	1 1 0 1 1 0 1 1 1 0
30	4	1 1 0 1 1 0 0 1 1 0
30	46	1 1 1 1 1 0 0 1 1 0
30	5	1 1 0 1 1 0 0 0 1 0
40	1	0 0 0 1 1 1 0 0 0 1
40	1	1 0 1 0 0 1 1 0 1 1
40	7	1 0 1 0 1 0 0 0 0 0
40	1	1 1 1 1 1 0 0 0 0 1
40	7	1 0 1 1 1 0 0 0 0 1
40	5	1 0 1 0 1 0 0 0 0 1
40	1	0 1 1 1 1 0 0 1 1 0
40	5	1 1 1 1 1 0 0 1 0 0
40	1	1 1 1 1 1 0 0 0 1 0
40	2	1 1 0 1 1 0 0 1 1 0
40	2	1 1 1 1 1 0 1 1 1 0
40	53	1 1 1 1 1 0 0 1 1 0
40	1	1 1 0 1 0 0 0 0 1 0
40	13	1 1 0 1 1 0 0 0 1 0
50	8	1 0 1 0 1 0 0 0 0 0
50	3	1 1 1 1 1 0 0 0 0 1
50	4	1 0 1 1 1 0 0 0 0 1
50	2	1 0 1 0 1 0 0 0 0 1
50	6	1 1 1 1 0 0 0 1 1 0
50	1	1 0 1 1 1 0 0 1 1 0
50	40	1 1 1 1 1 0 0 1 1 0
50	9	1 1 1 1 1 0 0 1 0 0
50	5	1 1 1 1 1 0 0 0 1 0
50	3	1 1 0 1 1 0 0 1 1 0
50	2	1 1 0 0 1 0 0 0 1 0
50	17	1 1 0 1 1 0 0 0 1 0
60	5	1 0 1 0 1 0 0 0 0 0
60	1	1 1 1 1 1 1 0 0 0 1
60	11	1 1 1 1 1 0 0 0 0 1
60	6	1 0 1 1 1 0 0 0 0 1
60	19	1 1 1 1 1 0 0 1 0 0
60	27	1 1 1 1 1 0 0 1 1 0
60	1	1 1 1 1 0 0 0 1 1 0
60	4	1 1 0 1 1 0 0 1 1 0
60	1	1 1 1 1 1 0 0 0 1 1
60	12	1 1 1 1 1 0 0 0 1 0
60	13	1 1 0 1 1 0 0 0 1 0
70	2	1 0 1 0 1 0 0 0 0 0
70	1	1 1 1 1 1 1 0 0 0 1
70	18	1 1 1 1 1 0 0 0 0 1
70	3	1 0 1 1 1 0 0 0 0 1
70	2	1 0 1 1 1 0 0 1 0 0
70	1	1 1 1 1 1 0 0 1 0 1
70	29	1 1 1 1 1 0 0 1 0 0
70	5	1 1 1 1 0 0 0 1 1 0
70	1	1 0 1 1 1 0 0 1 1 0
70	5	1 1 0 1 1 0 0 0 1 0
70	11	1 1 1 1 1 0 0 0 1 0
70	22	1 1 1 1 1 0 0 1 1 0
