10	27	1 0 0 1 1 0 1 1 1 0 1 1 0 1 1 0 0 0 0 0 0 1 1 1 1 0 0 1 1 1 1 1 0 1 1 0 1 0 1 0 1 1 1 1 0 0 0 0 1 1
10	1	1 1 0 0 1 1 0 1 1 1 0 1 0 0 0 1 0 1 0 1 0 1 1 1 0 1 1 1 1 0 0 1 1 0 1 0 1 0 1 0 0 1 1 1 0 1 0 0 0 0
10	12	1 0 0 0 1 1 0 1 1 1 0 1 0 0 0 1 0 1 0 1 0 1 1 1 0 1 1 1 1 0 0 1 1 0 1 0 1 0 1 0 0 1 1 1 0 1 0 0 0 0
10	19	0 0 0 0 1 0 1 0 0 0 1 0 0 1 0 0 1 0 0 1 1 1 1 1 0 0 1 1 0 1 1 1 0 0 0 0 1 1 0 0 1 1 1 1 0 1 1 1 1 1
10	20	1 0 0 1 0 1 0 0 0 0 1 0 0 1 1 1 0 0 1 0 1 0 1 1 1 0 0 1 1 1 0 1 0 1 1 0 1 0 1 0 0 1 1 1 0 0 1 1 0 1
10	2	1 1 1 1 0 1 1 1 0 1 0 0 1 0 0 1 1 1 1 0 1 1 0 1 1 1 0 0 1 0 1 1 0 0 1 0 1 1 0 0 1 0 0 1 0 1 0 1 1 1
10	19	1 1 1 1 0 1 1 1 0 1 0 0 1 0 0 1 1 1 1 0 1 1 0 1 1 1 0 0 1 0 1 1 0 0 1 0 1 1 0 0 1 1 0 1 0 1 0 1 1 1
20	1	1 0 0 1 1 0 1 1 1 0 1 1 0 1 1 0 0 0 0 0 0 0 1 1 1 0 0 1 1 1 1 1 0 1 1 0 1 0 1 0 1 1 1 1 0 0 0 0 1 1
20	32	1 0 0 1 1 0 1 1 1 0 1 1 0 1 1 0 0 0 0 0 0 1 1 1 1 0 0 1 1 1 1 1 0 1 1 0 1 0 1 0 1 1 1 1 0 0 0 0 1 1
20	1	1 1 0 0 1 1 0 1 1 1 0 1 0 0 0 1 0 1 0 1 0 1 1 1 0 1 1 1 1 0 0 1 1 0 1 0 1 0 1 0 0 1 1 1 0 1 0 0 0 0
20	6	1 0 0 0 1 1 0 1 1 1 0 1 0 0 0 1 0 1 0 1 0 1 1 1 0 1 1 1 1 0 0 1 1 0 1 0 1 0 1 0 0 0 1 1 0 1 0 0 0 0
20	2	1 0 0 0 1 1 0 1 1 1 0 1 1 0 0 1 0 1 0 1 0 1 1 1 0 1 1 1 1 0 0 1 1 0 1 0 1 0 1 0 0 1 1 1 0 1 0 0 0 0
20	1	1 0 0 0 1 1 0 1 1 1 0 1 0 0 0 1 0 1 0 0 0 0 1 1 0 1 1 1 1 0 0 1 1 0 1 0 1 0 1 0 0 1 1 1 0 1 0 0 0 0
20	3	1 0 0 0 1 1 0 1 1 1 0 1 0 0 0 1 0 1 0 0 0 1 1 1 0 1 1 1 1 0 0 1 1 0 1 0 1 0 1 0 0 1 1 1 0 1 0 0 0 0
20	13	1 0 0 0 1 1 0 1 1 1 0 1 0 0 0 1 0 1 0 1 0 1 1 1 0 1 1 1 1 0 0 1 1 0 1 0 1 0 1 0 0 1 1 1 0 1 0 0 0 0
20	9	0 0 0 0 1 0 1 0 0 0 1 0 0 1 0 0 1 0 0 1 1 1 1 1 0 0 1 1 0 1 1 1 0 0 0 0 1 1 0 0 1 1 1 1 0 1 1 1 1 1
20	14	1 0 0 1 0 1 0 0 0 0 1 0 0 1 1 1 0 0 1 0 1 0 1 1 1 0 0 1 1 1 0 1 0 1 1 0 1 0 1 0 0 1 1 1 0 0 1 1 0 1
20	3	1 1 1 1 0 1 1 1 0 1 0 0 1 0 0 1 1 1 1 0 1 1 0 1 1 1 0 0 1 0 1 1 0 0 1 0 1 1 0 0 1 0 0 1 0 1 0 1 1 1
20	1	1 1 1 1 0 1 1 1 1 1 0 0 1 0 0 1 1 1 1 0 1 1 0 1 1 1 0 0 1 0 1 1 0 0 1 0 1 1 0 0 1 1 0 1 0 1 0 1 1 1
20	14	1 1 1 1 0 1 1 1 0 1 0 0 1 0 0 1 1 1 1 0 1 1 0 1 1 1 0 0 1 0 1 1 0 0 1 0 1 1 0 0 1 1 0 1 0 1 0 1 1 1
30	13	1 0 0 1 1 0 1 1 1 0 1 1 0 1 1 0 0 0 0 0 0 1 1 1 1 0 0 1 1 1 1 1 0 1 1 0 1 0 1 0 1 1 1 1 0 0 0 0 1 1
30	1	1 1 0 0 1 1 0 1 1 1 0 1 0 1 0 1 0 1 0 1 0 1 1 1 0 1 1 1 1 0 0 1 1 0 1 0 1 0 1 0 0 1 1 1 0 1 0 0 0 0
30	17	1 1 0 0 1 1 0 1 1 1 0 1 0 0 0 1 0 1 0 1 0 1 1 1 0 1 1 1 1 0 0 1 1 0 1 0 1 0 1 0 0 1 1 1 0 1 0 0 0 0
30	23	1 0 0 0 1 1 0 1 1 1 0 1 0 0 0 1 0 1 0 1 0 1 1 1 0 1 1 1 1 0 0 1 1 0 1 0 1 0 1 0 0 0 1 1 0 1 0 0 0 0
30	1	1 0 0 0 1 1 0 1 1 1 0 1 1 0 0 1 0 1 0 1 0 1 1 1 0 1 1 1 1 0 0 1 1 0 1 0 1 0 1 0 0 1 1 1 0 1 0 0 0 0
30	11	1 0 0 0 1 1 0 1 1 1 0 1 0 0 0 1 0 1 0 0 0 1 1 1 0 1 1 1 1 0 0 1 1 0 1 0 1 0 1 0 0 1 1 1 0 1 0 0 0 0
30	5	1 0 0 0 1 1 0 1 1 1 0 1 0 0 0 1 0 1 0 1 0 1 1 1 0 1 1 1 1 0 0 1 1 0 1 0 1 0 1 0 0 1 1 1 0 1 0 0 0 0
30	4	0 0 0 0 1 0 1 0 0 0 1 0 0 1 0 0 1 0 0 1 1 1 1 1 0 0 1 1 0 1 1 1 0 0 0 0 1 1 0 0 1 1 1 1 0 1 1 1 1 1
30	1	1 0 0 1 0 1 0 0 0 0 1 0 0 1 1 1 0 0 1 0 1 0 1 1 1 0 0 1 1 1 0 1 0 1 1 0 1 0 1 0 0 1 1 1 0 0 1 1 0 1
30	13	1 1 1 1 0 1 1 1 0 1 0 0 1 0 0 1 1 1 1 0 1 1 0 1 1 1 0 0 1 0 1 1 0 0 1 0 1 1 0 0 1 0 0 1 0 1 0 1 1 1
30	1	1 1 1 1 0 1 1 1 0 0 0 0 1 0 0 1 1 1 1 0 1 1 0 1 1 1 0 0 1 0 1 1 0 0 1 0 1 1 0 0 1 1 0 1 0 1 0 1 1 1
30	10	1 1 1 1 0 1 1 1 0 1 0 0 1 0 0 1 1 1 1 0 1 1 0 1 1 1 0 0 1 0 1 1 0 0 1 0 1 1 0 0 1 1 0 1 0 1 0 1 1 1
40	3	1 0 0 1 1 0 1 1 1 0 1 1 0 1 1 0 0 0 0 0 0 1 1 1 1 0 0 1 1 1 1 1 0 1 1 0 1 0 1 0 1 1 1 1 0 0 0 0 1 1
40	1	1 1 0 0 1 1 0 1 1 1 0 1 0 1 0 1 0 1 0 1 0 1 1 1 0 1 1 1 1 0 0 1 1 0 1 0 1 0 1 0 0 1 1 1 0 1 0 0 0 0
40	31	1 1 0 0 1 1 0 1 1 1 0 1 0 0 0 1 0 1 0 1 0 1 1 1 0 1 1 1 1 0 0 1 1 0 1 0 1 0 1 0 0 1 1 1 0 1 0 0 0 0
40	2	1 0 0 0 1 1 1 1 1 1 0 1 0 0 0 1 0 1 0 1 0 1 1 1 0 1 1 1 1 0 0 1 1 0 1 0 1 0 1 0 0 0 1 1 0 1 0 0 0 0
40	2	1 0 0 0 1 1 0 1 1 1 0 1 0 0 0 1 0 1 0 1 0 1 1 1 0 1 1 1 1 0 0 1 1 0 1 0 1 0 1 0 0 1 1 1 0 1 0 0 0 0
40	1	1 0 0 0 1 1 0 1 1 1 0 1 0 0 0 1 0 1 0 1 0 0 1 1 0 1 1 1 1 0 0 1 1 0 1 0 1 0 1 0 0 0 1 1 0 1 0 0 0 0
40	1	1 0 0 0 1 1 0 1 1 1 0 1 0 0 0 1 0 1 0 1 0 1 1 1 0 1 1 1 1 0 0 1 1 0 1 0 1 0 1 0 0 0 0 1 0 1 0 0 0 0
40	1	1 0 0 0 1 1 0 1 1 1 0 1 0 0 0 1 0 1 0 1 0 1 1 1 0 1 1 1 1 0 0 1 0 0 1 0 1 0 1 0 0 0 1 1 0 1 0 0 0 0
40	35	1 0 0 0 1 1 0 1 1 1 0 1 0 0 0 1 0 1 0 1 0 1 1 1 0 1 1 1 1 0 0 1 1 0 1 0 1 0 1 0 0 0 1 1 0 1 0 0 0 0
40	1	1 0 0 0 1 1 0 1 0 1 0 1 1 0 0 1 0 1 0 1 0 1 1 1 0 1 1 1 1 0 0 1 1 0 1 0 1 0 1 0 0 1 1 1 0 1 0 0 0 0
40	2	1 0 0 0 1 1 0 1 1 1 0 1 1 0 0 1 0 1 0 1 0 1 1 1 0 1 1 1 1 0 0 1 1 0 1 0 1 0 1 0 0 1 1 1 0 1 0 0 0 0
40	1	1 0 0 0 1 1 0 1 1 1 0 1 0 0 0 1 0 1 0 0 0 0 1 1 0 1 1 1 1 0 0 1 1 0 1 0 1 0 1 0 0 1 1 1 0 1 0 0 0 0
40	6	1 0 0 0 1 1 0 1 1 1 0 1 0 0 0 1 0 1 0 0 0 1 1 1 0 1 1 1 1 0 0 1 1 0 1 0 1 0 1 0 0 1 1 1 0 1 0 0 0 0
40	1	0 0 0 0 1 0 1 0 0 0 1 0 0 1 0 0 1 0 0 1 1 1 1 1 0 0 1 1 0 1 1 1 0 0 0 0 1 1 0 0 1 1 1 1 0 1 1 1 1 1
40	1	1 0 0 1 0 1 0 0 0 0 1 0 0 1 1 1 0 0 1 0 1 0 1 1 1 0 0 1 1 1 0 1 0 1 1 0 1 0 1 0 0 1 1 1 0 0 1 1 0 1
40	9	1 1 1 1 0 1 1 1 0 1 0 0 1 0 0 1 1 1 1 0 1 1 0 1 1 1 0 0 1 0 1 1 0 0 1 0 1 1 0 0 1 0 0 1 0 1 0 1 1 1
40	1	1 1 1 1 0 1 1 1 0 1 1 0 1 0 0 1 1 1 1 0 1 1 0 1 1 1 0 0 1 0 1 1 0 0 1 0 1 1 0 0 1 1 0 1 0 1 0 1 1 1
40	1	1 1 1 1 0 1 1 1 0 1 0 0 1 0 0 1 1 1 1 0 1 1 0 1 1 1 0 0 1 0 1 1 0 0 1 0 1 1 0 1 1 1 0 1 0 1 0 1 1 1
50	1	1 1 0 0 1 1 0 1 1 1 1 1 0 0 0 1 0 1 0 1 0 1 1 1 0 1 1 1 1 0 0 1 1 0 1 0 1 0 1 0 0 1 1 1 0 1 0 0 0 0
50	42	1 1 0 0 1 1 0 1 1 1 0 1 0 0 0 1 0 1 0 1 0 1 1 1 0 1 1 1 1 0 0 1 1 0 1 0 1 0 1 0 0 1 1 1 0 1 0 0 0 0
50	1	1 0 0 0 1 1 0 1 1 1 0 1 1 0 0 1 0 1 0 1 0 1 1 1 0 1 1 1 1 0 0 1 1 0 1 0 1 0 1 0 0 1 1 1 0 1 0 0 0 0
50	2	1 0 0 0 1 1 0 1 1 1 0 1 0 0 0 1 0 1 0 1 0 1 1 1 0 1 1 1 1 0 0 1 1 0 1 0 1 0 1 0 0 1 1 1 0 1 0 0 0 0
50	1	1 0 0 0 1 1 0 1 1 1 0 1 0 0 0 1 0 1 0 1 0 0 1 1 0 1 1 1 1 0 0 1 1 0 1 0 1 0 1 0 0 0 1 1 0 1 0 0 0 0
50	2	1 0 0 0 1 1 0 1 1 1 0 1 0 0 0 1 0 1 0 1 0 1 1 1 0 1 1 1 1 0 0 1 1 0 1 0 1 0 1 0 0 0 0 1 0 1 0 0 0 0
50	36	1 0 0 0 1 1 0 1 1 1 0 1 0 0 0 1 0 1 0 1 0 1 1 1 0 1 1 1 1 0 0 1 1 0 1 0 1 0 1 0 0 0 1 1 0 1 0 0 0 0
50	1	1 0 0 0 1 1 1 1 1 1 0 1 0 0 0 1 0 1 0 1 0 1 1 1 0 1 1 1 1 0 0 1 1 0 0 0 1 0 1 0 0 1 1 1 0 1 0 0 0 0
50	1	1 0 0 0 1 1 1 1 1 1 0 1 0 0 0 1 0 1 0 1 0 1 0 1 0 1 1 1 1 0 0 1 1 0 1 0 1 0 1 0 0 1 1 1 0 1 0 0 0 0
50	4	1 0 0 0 1 1 1 1 1 1 0 1 0 0 0 1 0 1 0 1 0 1 1 1 0 1 1 1 1 0 0 1 1 0 1 0 1 0 1 0 0 1 1 1 0 1 0 0 0 0
50	9	1 1 1 1 0 1 1 1 0 1 0 0 1 0 0 1 1 1 1 0 1 1 0 1 1 1 0 0 1 0 1 1 0 0 1 0 1 1 0 0 1 0 0 1 0 1 0 1 1 1
60	2	1 0 0 0 1 1 0 1 1 1 0 1 0 0 0 1 0 1 0 1 0 1 1 1 0 1 1 1 1 0 0 1 1 0 1 0 1 0 1 0 0 1 1 1 0 1 0 0 0 0
60	1	1 1 0 0 1 1 0 1 1 1 0 1 0 0 1 1 0 1 0 1 0 1 1 1 0 1 1 1 1 0 0 1 1 0 1 0 1 0 1 0 0 1 1 1 0 1 0 0 0 0
60	37	1 1 0 0 1 1 0 1 1 1 0 1 0 0 0 1 0 1 0 1 0 1 1 1 0 1 1 1 1 0 0 1 1 0 1 0 1 0 1 0 0 1 1 1 0 1 0 0 0 0
60	3	1 0 0 0 1 1 0 1 1 1 1 1 0 0 0 1 0 1 0 1 0 1 1 1 0 1 1 1 1 0 0 1 1 0 1 0 1 0 1 0 0 0 0 1 0 1 0 0 0 0
60	5	1 0 0 0 1 1 0 1 1 1 0 1 0 0 0 1 0 1 0 1 0 1 1 1 0 1 1 1 1 0 0 1 1 0 1 0 1 0 1 0 0 0 0 1 0 1 0 0 0 0
60	3	1 0 0 0 1 1 0 1 1 1 0 1 0 1 0 1 0 1 0 1 0 1 1 1 0 1 1 1 1 0 0 1 1 0 1 0 1 0 1 0 0 0 1 1 0 1 0 0 0 0
60	1	1 0 0 0 1 1 0 1 1 1 0 1 0 0 0 1 0 1 0 1 0 1 1 1 0 1 1 1 1 0 0 0 1 0 1 0 1 0 1 0 0 0 1 1 0 1 0 0 0 0
60	1	1 0 0 0 1 1 0 1 1 1 0 1 0 0 0 1 0 1 0 1 0 1 1 1 0 1 1 1 1 0 0 1 1 0 1 0 1 0 1 0 0 0 1 1 0 1 0 0 0 1
60	43	1 0 0 0 1 1 0 1 1 1 0 1 0 0 0 1 0 1 0 1 0 1 1 1 0 1 1 1 1 0 0 1 1 0 1 0 1 0 1 0 0 0 1 1 0 1 0 0 0 0
60	1	1 0 0 0 1 1 1 1 1 1 0 1 0 0 0 1 0 1 0 1 0 1 1 1 0 1 1 1 1 0 0 1 1 0 0 0 1 0 1 0 0 1 1 1 0 1 0 0 0 0
60	1	1 0 0 0 1 1 1 1 1 1 0 1 0 0 0 1 0 1 0 1 0 1 0 1 0 1 1 1 1 0 0 1 1 0 1 0 1 0 1 0 0 1 1 1 0 1 0 0 0 0
60	1	1 1 1 1 0 1 1 1 0 1 0 1 1 0 0 1 1 1 1 0 1 1 0 1 1 1 0 0 1 0 1 1 0 0 1 0 1 1 0 0 1 0 0 1 0 1 0 1 1 1
60	1	1 1 1 1 0 1 1 1 0 1 0 0 1 0 0 1 1 1 1 0 1 1 0 1 1 1 0 0 1 0 1 1 0 0 1 0 1 1 0 0 1 0 0 1 0 1 0 1 1 1
70	1	1 1 1 0 1 1 0 1 1 1 0 1 0 0 0 1 0 1 0 1 0 1 1 1 0 1 1 1 1 0 0 1 1 0 1 0 1 0 1 0 0 1 1 1 0 1 0 0 0 0
70	24	1 1 0 0 1 1 0 1 1 1 0 1 0 0 0 1 0 1 0 1 0 1 1 1 0 1 1 1 1 0 0 1 1 0 1 0 1 0 1 0 0 1 1 1 0 1 0 0 0 0
70	1	1 0 0 0 1 1 0 1 1 1 0 1 0 1 0 1 0 1 0 1 0 1 1 1 0 1 1 1 1 0 0 1 1 0 1 0 1 0 1 0 0 0 0 1 0 1 0 0 0 0
70	8	1 0 0 0 1 1 0 1 1 1 0 1 0 0 0 1 0 1 0 1 0 1 1 1 0 1 1 1 1 0 0 1 1 0 1 0 1 0 1 0 0 0 0 1 0 1 0 0 0 0
70	5	1 0 0 0 1 1 0 1 1 1 1 1 0 0 0 1 0 1 0 1 0 1 1 1 0 1 1 1 1 0 0 1 1 0 1 0 1 0 1 0 0 0 0 1 0 1 0 0 0 0
70	1	1 0 0 0 0 1 0 1 1 1 0 1 0 0 0 1 0 1 0 1 0 1 1 1 0 1 1 1 1 0 0 1 1 0 1 0 1 0 1 0 0 0 0 1 0 1 0 0 0 0
70	1	1 0 0 0 1 1 0 1 1 1 0 1 0 0 0 0 0 1 0 1 0 1 1 1 0 1 1 1 1 0 0 1 1 0 1 0 1 0 1 0 0 0 1 1 0 1 0 0 0 0
70	1	1 0 0 0 1 1 0 1 1 1 0 1 0 0 0 1 0 1 0 1 0 1 1 1 0 1 1 1 1 0 0 1 1 0 1 0 1 0 1 0 0 0 1 1 0 0 0 0 0 0
70	1	1 0 0 0 1 1 0 1 1 1 0 1 0 0 0 1 0 1 0 1 0 1 1 1 0 1 1 1 1 0 0 1 1 0 1 0 1 0 1 0 0 0 1 1 1 1 0 0 0 0
70	49	1 0 0 0 1 1 0 1 1 1 0 1 0 0 0 1 0 1 0 1 0 1 1 1 0 1 1 1 1 0 0 1 1 0 1 0 1 0 1 0 0 0 1 1 0 1 0 0 0 0
70	4	1 0 0 0 1 1 1 1 1 1 0 1 0 0 0 1 0 1 0 1 0 1 1 1 0 1 1 1 1 0 0 1 1 0 0 0 1 0 1 0 0 1 1 1 0 1 0 0 0 0
70	2	1 0 0 0 1 1 1 1 1 1 0 1 0 0 0 1 0 1 0 1 0 1 0 1 0 1 1 1 1 0 0 1 1 0 1 0 1 0 1 0 0 1 1 1 0 1 0 0 0 0
70	1	1 0 0 0 1 1 1 1 1 1 0 1 0 0 0 1 0 1 0 1 0 1 1 1 0 1 1 1 1 0 0 1 1 0 1 0 1 0 1 0 0 1 1 1 0 1 0 0 0 0
70	1	1 1 1 1 0 1 1 1 0 1 0 0 1 0 0 1 1 1 1 0 1 1 0 1 1 1 0 0 1 0 1 1 0 0 1 0 1 1 0 0 1 0 0 1 0 1 0 1 1 1
80	1	1 1 0 0 1 1 0 1 1 1 0 1 0 0 0 1 0 1 0 0 0 0 1 1 0 1 1 1 1 0 0 1 1 0 1 0 1 0 1 0 0 1 1 1 0 1 0 0 0 0
80	17	1 1 0 0 1 1 0 1 1 1 0 1 0 0 0 1 0 1 0 1 0 1 1 1 0 1 1 1 1 0 0 1 1 0 1 0 1 0 1 0 0 1 1 1 0 1 0 0 0 0
80	2	1 0 0 0 1 1 0 1 1 1 0 1 0 1 0 1 0 1 0 1 0 1 1 1 0 1 1 1 1 0 0 1 1 0 1 0 1 0 1 0 0 0 0 1 0 1 0 0 0 0
80	7	1 0 0 0 1 1 0 1 1 1 1 1 0 0 0 1 0 1 0 1 0 1 1 1 0 1 1 1 1 0 0 1 1 0 1 0 1 0 1 0 0 0 0 1 0 1 0 0 0 0
80	16	1 0 0 0 1 1 0 1 1 1 0 1 0 0 0 1 0 1 0 1 0 1 1 1 0 1 1 1 1 0 0 1 1 0 1 0 1 0 1 0 0 0 0 1 0 1 0 0 0 0
80	1	1 0 0 0 1 1 0 1 1 1 0 1 0 0 0 1 0 1 0 1 0 1 1 1 0 1 1 1 1 0 1 1 1 0 1 0 1 0 1 0 0 0 1 1 0 1 0 0 0 0
80	1	1 0 0 0 1 1 0 1 1 1 0 1 0 0 0 1 0 1 0 1 0 1 1 1 0 1 1 1 1 0 0 1 1 0 1 1 1 0 1 0 0 0 1 1 0 1 0 0 0 0
80	1	1 0 0 0 1 1 0 1 1 1 0 1 0 0 0 1 0 1 0 1 0 1 1 1 0 1 1 1 1 0 0 1 1 0 1 0 1 0 1 0 0 0 1 1 0 0 0 0 0 0
80	44	1 0 0 0 1 1 0 1 1 1 0 1 0 0 0 1 0 1 0 1 0 1 1 1 0 1 1 1 1 0 0 1 1 0 1 0 1 0 1 0 0 0 1 1 0 1 0 0 0 0
80	2	1 0 0 0 1 1 1 1 1 1 0 1 0 0 0 1 0 1 0 1 1 1 1 1 0 1 1 1 1 0 0 1 1 0 0 0 1 0 1 0 0 1 1 1 0 1 0 0 0 0
80	8	1 0 0 0 1 1 1 1 1 1 0 1 0 0 0 1 0 1 0 1 0 1 1 1 0 1 1 1 1 0 0 1 1 0 0 0 1 0 1 0 0 1 1 1 0 1 0 0 0 0
90	1	1 1 0 0 1 1 0 1 1 1 0 1 0 0 0 1 0 1 0 1 0 1 1 1 0 1 1 1 1 0 0 1 1 0 1 0 1 0 1 0 0 1 1 1 0 0 0 0 0 0
90	7	1 1 0 0 1 1 0 1 1 1 0 1 0 0 0 1 0 1 0 1 0 1 1 1 0 1 1 1 1 0 0 1 1 0 1 0 1 0 1 0 0 1 1 1 0 1 0 0 0 0
90	5	1 0 0 0 1 1 0 1 1 1 0 1 0 1 0 1 0 1 0 1 0 1 1 1 0 1 1 1 1 0 0 1 1 0 1 0 1 0 1 0 0 0 0 1 0 1 0 0 0 0
90	2	1 0 0 0 1 1 0 1 1 1 0 1 0 0 0 1 0 1 0 1 0 1 1 1 0 1 1 1 1 0 0 1 1 0 1 0 1 0 1 1 0 0 0 1 0 1 0 0 0 0
90	3	1 0 0 0 1 1 0 1 1 1 0 1 0 0 0 1 0 1 0 1 0 1 1 1 0 1 1 1 1 0 0 0 1 0 1 0 1 0 1 0 0 0 0 1 0 1 0 0 0 0
90	2	1 0 0 0 1 0 0 1 1 1 0 1 0 0 0 1 0 1 0 1 0 1 1 1 0 1 1 1 1 0 0 1 1 0 1 0 1 0 1 0 0 0 0 1 0 1 0 0 0 0
90	6	1 0 0 0 1 1 0 1 1 1 1 1 0 0 0 1 0 1 0 1 0 1 1 1 0 1 1 1 1 0 0 1 1 0 1 0 1 0 1 0 0 0 0 1 0 1 0 0 0 0
90	1	1 0 0 0 1 1 0 1 1 1 0 1 0 0 0 1 0 1 0 1 0 1 1 1 0 1 1 1 1 0 0 1 1 0 1 0 1 0 1 0 0 0 0 0 0 1 0 0 0 0
90	2	1 0 0 0 1 1 0 1 1 1 0 1 0 0 0 1 0 1 0 1 0 1 1 1 0 1 1 1 1 0 0 1 0 0 1 0 1 0 1 0 0 0 0 1 0 1 0 0 0 0
90	1	1 0 0 0 1 1 0 1 1 1 0 1 0 0 0 1 0 1 0 1 0 1 1 0 0 1 1 1 1 0 0 1 1 0 1 0 1 0 1 0 0 0 0 1 0 1 0 0 0 0
90	28	1 0 0 0 1 1 0 1 1 1 0 1 0 0 0 1 0 1 0 1 0 1 1 1 0 1 1 1 1 0 0 1 1 0 1 0 1 0 1 0 0 0 0 1 0 1 0 0 0 0
90	1	1 1 0 0 1 1 0 1 1 1 0 1 0 0 0 1 0 1 0 1 0 1 1 1 0 1 0 1 1 0 0 1 1 0 1 0 1 0 1 0 0 0 1 1 0 1 0 0 0 0
90	1	1 0 0 1 1 1 0 1 1 1 0 1 0 0 0 1 0 1 0 1 0 1 1 1 0 1 1 1 1 0 0 1 1 0 1 0 1 0 1 0 0 0 1 1 0 0 0 0 0 0
90	6	1 0 0 0 1 1 0 1 1 1 0 1 0 0 0 1 0 1 0 1 0 1 1 1 0 1 1 1 1 0 0 1 1 0 1 0 1 0 1 0 0 0 1 1 0 0 0 0 0 0
90	1	1 0 0 0 1 1 0 1 1 1 0 1 0 0 0 1 0 1 0 1 0 1 1 1 0 1 1 0 1 0 0 1 1 0 1 0 1 0 1 0 0 0 1 1 0 1 0 0 0 0
90	25	1 0 0 0 1 1 0 1 1 1 0 1 0 0 0 1 0 1 0 1 0 1 1 1 0 1 1 1 1 0 0 1 1 0 1 0 1 0 1 0 0 0 1 1 0 1 0 0 0 0
90	7	1 0 0 0 1 1 1 1 1 1 0 1 0 0 0 1 0 1 0 1 0 1 1 1 0 1 1 1 1 0 0 1 1 0 0 0 1 0 1 0 0 1 1 1 0 1 0 0 0 0
90	1	1 0 0 0 1 1 1 1 1 1 0 1 0 0 0 1 0 1 0 1 0 1 0 1 0 1 1 1 1 0 0 1 1 0 1 0 1 0 1 0 0 1 1 1 0 1 0 0 0 0
100	1	1 1 0 0 1 1 0 1 1 1 0 1 0 0 0 1 0 1 0 1 0 1 1 1 0 1 1 1 1 0 0 1 1 0 1 0 1 0 1 0 0 1 1 1 0 0 0 0 0 0
100	4	1 1 0 0 1 1 0 1 1 1 0 1 0 0 0 1 0 1 0 1 0 1 1 1 0 1 1 1 1 0 0 1 1 0 1 0 1 0 1 0 0 1 1 1 0 1 0 0 0 0
100	7	1 0 0 0 1 1 0 1 1 1 0 1 0 1 0 1 0 1 0 1 0 1 1 1 0 1 1 1 1 0 0 1 1 0 1 0 1 0 1 0 0 0 0 1 0 1 0 0 0 0
100	4	1 1 0 0 1 1 0 1 1 1 0 1 0 0 0 1 0 1 0 1 0 1 1 1 0 1 1 1 1 0 0 1 1 0 1 0 1 0 1 0 0 0 0 1 0 1 0 0 0 0
100	2	1 0 0 0 1 1 0 1 1 1 1 1 0 0 0 1 0 1 0 1 0 1 1 1 0 1 1 1 1 0 0 1 1 0 1 0 0 0 1 0 0 0 0 1 0 1 0 0 0 0
100	1	1 0 0 0 1 1 0 1 1 1 1 1 0 0 0 1 0 1 0 1 0 1 1 1 0 1 1 1 0 0 0 1 1 0 1 0 1 0 1 0 0 0 0 1 0 1 0 0 0 0
100	5	1 0 0 0 1 1 0 1 1 1 1 1 0 0 0 1 0 1 0 1 0 1 1 1 0 1 1 1 1 0 0 1 1 0 1 0 1 0 1 0 0 0 0 1 0 1 0 0 0 0
100	4	1 0 0 0 1 1 0 1 1 1 0 1 0 0 0 1 0 1 0 1 0 1 1 1 0 1 1 1 1 0 0 1 1 0 1 0 1 0 1 0 0 0 0 0 0 1 0 0 0 0
100	3	1 0 0 0 1 1 0 1 1 1 0 1 0 0 0 1 0 1 0 1 0 1 1 1 0 1 1 1 1 0 0 1 0 0 1 0 1 0 1 0 0 0 0 1 0 1 0 0 0 0
100	1	1 0 0 0 1 1 0 1 1 1 0 1 0 0 0 1 0 1 0 1 0 1 1 1 0 1 1 1 1 0 0 1 1 0 1 0 1 0 1 0 1 0 0 1 0 1 0 0 0 0
100	1	1 0 0 0 1 1 0 1 1 1 0 1 0 0 0 1 0 1 0 1 1 1 1 1 0 1 1 1 1 0 0 1 1 0 1 0 1 0 1 0 0 0 0 1 0 1 0 0 0 0
100	27	1 0 0 0 1 1 0 1 1 1 0 1 0 0 0 1 0 1 0 1 0 1 1 1 0 1 1 1 1 0 0 1 1 0 1 0 1 0 1 0 0 0 0 1 0 1 0 0 0 0
100	3	1 0 0 0 1 1 0 1 1 1 0 1 0 0 0 1 0 1 0 1 0 1 1 1 0 1 1 1 1 0 0 1 1 0 1 1 1 0 1 0 0 0 1 1 0 1 0 0 0 0
100	2	1 0 1 0 1 1 0 1 1 1 0 1 0 0 0 1 0 1 0 1 0 1 1 1 0 1 1 1 1 0 0 1 1 0 1 0 1 0 1 0 0 0 1 1 0 0 0 0 0 0
100	5	1 0 0 0 1 1 0 1 1 1 0 1 0 0 0 1 0 1 0 1 0 1 1 1 0 1 1 1 1 0 0 1 1 0 1 0 1 0 1 0 0 0 1 1 0 0 0 0 0 0
100	27	1 0 0 0 1 1 0 1 1 1 0 1 0 0 0 1 0 1 0 1 0 1 1 1 0 1 1 1 1 0 0 1 1 0 1 0 1 0 1 0 0 0 1 1 0 1 0 0 0 0
100	1	1 0 0 0 1 1 1 1 1 1 0 1 0 0 0 1 0 1 0 1 0 1 1 1 0 1 1 1 1 0 0 1 1 0 0 0 1 0 1 0 0 1 1 1 0 1 0 0 0 0
100	2	1 0 0 0 1 1 1 1 1 1 0 1 0 0 0 1 0 1 0 1 0 1 0 1 0 1 1 1 1 0 0 1 1 0 1 0 1 0 1 0 0 1 1 1 0 1 0 0 0 0
110	3	1 0 0 0 1 1 0 1 1 1 0 1 0 1 0 1 0 1 0 1 0 1 1 1 0 1 1 1 1 0 0 1 1 0 1 0 1 1 1 0 0 0 0 1 0 1 0 0 0 0
110	5	1 0 0 0 1 1 0 1 1 1 0 1 0 1 0 1 0 1 0 1 0 1 1 1 0 1 1 1 1 0 0 1 1 0 1 0 1 0 1 0 0 0 0 1 0 1 0 0 0 0
110	3	1 0 0 0 1 1 0 1 1 1 0 1 0 0 0 1 0 1 0 1 0 1 1 1 0 1 1 1 1 0 0 0 1 0 1 0 1 0 1 0 0 0 0 1 0 1 0 0 0 0
110	2	1 0 0 0 1 0 0 1 1 1 0 1 0 0 0 1 0 1 0 1 0 1 1 1 0 1 1 1 1 0 0 1 1 0 1 0 1 0 1 0 0 0 0 1 0 1 0 0 0 0
110	4	1 1 0 0 1 1 0 1 1 1 0 1 0 0 0 1 0 1 0 1 0 1 1 1 0 1 1 1 1 0 0 1 1 0 1 0 1 0 1 0 0 0 0 1 0 1 0 0 0 0
110	7	1 0 0 0 1 1 0 1 1 1 1 1 0 0 0 1 0 1 0 1 0 1 1 1 0 1 1 1 1 0 0 1 1 0 1 0 1 0 1 0 0 0 0 1 0 1 0 0 0 0
110	7	1 0 0 0 1 1 0 1 1 1 0 1 0 0 0 1 0 1 0 1 0 1 1 1 0 1 1 1 1 0 0 1 1 0 1 0 1 0 1 0 0 0 0 0 0 1 0 0 0 0
110	1	1 0 0 0 1 1 0 1 1 1 0 1 0 0 0 1 0 1 0 1 0 1 1 0 0 1 1 1 1 0 0 1 1 0 1 0 1 0 1 0 0 0 0 1 0 1 0 0 0 0
110	35	1 0 0 0 1 1 0 1 1 1 0 1 0 0 0 1 0 1 0 1 0 1 1 1 0 1 1 1 1 0 0 1 1 0 1 0 1 0 1 0 0 0 0 1 0 1 0 0 0 0
110	2	1 0 0 0 1 1 0 1 1 1 0 1 0 0 0 1 0 1 0 1 0 1 1 1 0 1 1 1 1 0 0 1 1 0 1 1 1 0 1 0 0 0 1 1 0 1 0 0 0 0
110	2	1 0 0 1 1 1 0 1 1 1 0 1 0 0 0 1 0 1 0 1 0 1 1 1 0 1 1 1 1 0 0 1 1 0 1 0 1 0 1 0 0 0 1 1 0 0 0 0 0 0
110	4	1 0 1 0 1 1 0 1 1 1 0 1 0 0 0 1 0 1 0 1 0 1 1 1 0 1 1 1 1 0 0 1 1 0 1 0 1 0 1 0 0 0 1 1 0 0 0 0 0 0
110	2	1 0 0 0 1 1 0 1 1 1 0 1 0 0 0 1 0 1 0 1 0 1 1 1 0 1 1 1 1 0 0 1 1 0 1 0 1 0 1 0 0 0 1 1 0 0 0 0 0 0
110	2	1 1 0 0 1 1 0 1 1 1 0 1 0 0 0 1 0 1 0 1 0 1 1 1 0 1 1 1 1 0 0 1 1 0 1 0 1 0 1 0 0 0 1 1 0 1 0 0 0 0
110	2	1 0 0 0 1 1 0 1 1 1 0 1 0 1 0 1 0 1 0 1 0 1 1 1 0 1 1 1 1 0 0 1 1 0 1 0 1 0 1 0 0 0 1 1 0 1 0 0 0 0
110	1	1 0 0 0 1 1 0 1 1 1 0 1 0 0 1 1 0 1 0 1 0 1 1 1 0 1 1 1 1 0 0 1 1 0 1 0 1 0 1 0 0 0 1 1 0 1 0 0 0 0
110	15	1 0 0 0 1 1 0 1 1 1 0 1 0 0 0 1 0 1 0 1 0 1 1 1 0 1 1 1 1 0 0 1 1 0 1 0 1 0 1 0 0 0 1 1 0 1 0 0 0 0
110	3	1 0 0 0 1 1 1 1 0 1 0 1 0 0 0 1 0 1 0 1 0 1 1 1 0 1 1 1 1 0 0 1 1 0 0 0 1 0 1 0 0 1 1 1 0 1 0 0 0 0
120	1	1 0 0 0 1 1 0 1 1 1 0 1 0 1 0 1 0 1 0 1 0 1 1 1 0 1 1 1 1 0 0 1 1 1 1 0 1 0 1 0 0 0 0 1 0 1 0 0 0 0
120	3	1 0 0 0 1 1 0 1 1 1 0 1 0 1 0 1 0 1 0 1 0 1 1 1 0 1 1 1 1 0 0 1 1 0 1 0 1 0 1 0 0 0 0 1 0 1 0 0 0 0
120	1	1 0 0 0 1 1 0 1 1 1 0 1 0 0 0 1 0 1 0 1 0 1 1 1 0 1 1 1 1 0 0 0 1 0 1 0 1 0 1 0 0 0 0 1 0 1 0 0 0 0
120	1	1 0 0 0 1 0 0 1 1 1 0 1 0 0 0 1 0 1 0 1 0 1 1 1 0 1 1 1 1 0 0 1 1 0 1 0 1 0 1 0 0 0 0 1 0 1 0 0 0 0
120	3	1 1 0 0 1 1 0 1 1 1 0 1 0 0 0 1 0 1 0 1 0 1 1 1 0 1 1 1 1 0 0 1 1 0 1 0 1 0 1 0 0 0 0 1 0 1 0 0 0 0
120	5	1 0 0 0 1 1 0 1 1 1 1 1 0 0 0 1 0 1 0 1 0 1 1 1 0 1 1 1 1 0 0 1 1 0 1 0 1 0 1 0 0 0 0 1 0 1 0 0 0 0
120	22	1 0 0 0 1 1 0 1 1 1 0 1 0 0 0 1 0 1 0 1 0 1 1 1 0 1 1 1 1 0 0 1 1 0 1 0 1 0 1 0 0 0 0 0 0 1 0 0 0 0
120	3	1 0 0 0 1 1 0 1 1 1 0 1 0 0 0 1 0 1 0 1 0 1 1 1 0 1 1 1 1 0 1 1 1 0 1 0 1 0 1 0 0 0 0 1 0 1 0 0 0 0
120	1	0 0 0 0 1 1 0 1 1 1 0 1 0 0 0 1 0 1 0 1 0 1 1 1 0 1 1 1 1 0 0 1 1 0 1 0 1 0 1 0 0 0 0 1 0 1 0 0 0 0
120	1	1 0 0 0 1 1 0 1 1 1 0 1 0 0 0 1 0 1 0 0 0 1 1 1 0 1 1 1 1 0 0 1 1 0 1 0 1 0 1 0 0 0 0 1 0 1 0 0 0 0
120	37	1 0 0 0 1 1 0 1 1 1 0 1 0 0 0 1 0 1 0 1 0 1 1 1 0 1 1 1 1 0 0 1 1 0 1 0 1 0 1 0 0 0 0 1 0 1 0 0 0 0
120	4	1 0 0 1 1 1 0 1 1 1 0 1 0 0 0 1 0 1 0 1 0 1 1 1 0 1 1 1 1 0 0 1 1 0 1 0 1 0 1 0 0 0 1 1 0 0 0 0 0 0
120	1	1 0 1 0 1 1 0 1 1 1 0 1 0 0 0 1 1 1 0 1 0 1 1 1 0 1 1 1 1 0 0 1 1 0 1 0 1 0 1 0 0 0 1 1 0 0 0 0 0 0
120	6	1 0 1 0 1 1 0 1 1 1 0 1 0 0 0 1 0 1 0 1 0 1 1 1 0 1 1 1 1 0 0 1 1 0 1 0 1 0 1 0 0 0 1 1 0 0 0 0 0 0
120	4	1 0 0 0 1 1 0 1 1 1 0 1 0 0 0 1 0 1 0 1 0 1 1 1 0 1 1 1 1 0 0 1 1 0 1 0 1 0 1 0 0 0 1 1 0 0 0 0 0 0
120	1	1 0 0 0 1 1 0 1 1 1 0 1 0 1 0 1 0 1 0 1 0 1 1 1 0 1 1 1 1 0 0 1 1 0 1 0 1 0 1 0 0 0 1 1 0 1 0 0 0 0
120	6	1 0 0 0 1 1 0 1 1 1 0 1 0 0 0 1 0 1 0 1 0 1 1 1 0 1 1 1 1 0 0 1 1 0 1 0 1 0 1 0 0 0 1 1 0 1 0 0 0 0
130	1	1 0 0 0 1 1 0 1 1 1 0 1 0 1 0 1 0 1 0 1 0 1 1 1 0 1 1 1 1 0 0 1 1 0 1 0 1 1 1 0 0 0 0 1 0 1 0 0 0 0
130	4	1 0 0 0 1 1 0 1 1 1 0 1 0 1 0 1 0 1 0 1 0 1 1 1 0 1 1 1 1 0 0 1 1 0 1 0 1 0 1 0 0 0 0 1 0 1 0 0 0 0
130	1	1 0 0 0 1 1 0 1 1 1 0 1 0 0 0 1 0 1 0 1 0 1 1 1 0 1 1 1 1 0 0 0 1 0 1 0 1 0 1 0 0 0 0 1 0 1 0 0 0 0
130	2	1 1 0 0 1 1 0 1 1 1 0 1 0 0 0 1 0 1 0 1 0 1 1 1 0 1 1 1 1 0 0 1 1 0 1 0 1 0 1 0 0 0 0 1 0 1 0 0 0 0
130	9	1 0 0 0 1 1 0 1 1 1 1 1 0 0 0 1 0 1 0 1 0 1 1 1 0 1 1 1 1 0 0 1 1 0 1 0 1 0 1 0 0 0 0 1 0 1 0 0 0 0
130	1	1 0 0 0 1 1 0 1 1 1 0 1 0 0 0 0 0 1 0 1 0 1 1 1 0 1 1 1 1 0 0 1 1 0 1 0 1 0 1 0 0 0 0 0 0 1 0 0 0 0
130	1	1 0 0 0 1 1 0 1 1 1 0 1 0 0 0 1 0 1 0 1 0 1 1 1 0 1 1 1 1 0 0 1 1 0 1 0 0 0 1 0 0 0 0 0 0 1 0 0 0 0
130	1	1 0 0 0 1 1 0 1 1 1 0 1 0 0 0 1 0 1 1 1 0 1 1 1 0 1 1 1 1 0 0 1 1 0 1 0 1 0 1 0 0 0 0 0 0 1 0 0 0 0
130	1	1 1 0 0 1 1 0 1 1 1 0 1 0 0 0 1 0 1 0 1 0 1 1 1 0 1 1 1 1 0 0 1 1 0 1 0 1 0 1 0 0 0 0 0 0 1 0 0 0 0
130	1	1 0 0 0 1 1 0 1 1 1 0 1 0 0 0 1 0 1 0 1 0 1 0 1 0 1 1 1 1 0 0 1 1 0 1 0 1 0 1 0 0 0 0 0 0 1 0 0 0 0
130	21	1 0 0 0 1 1 0 1 1 1 0 1 0 0 0 1 0 1 0 1 0 1 1 1 0 1 1 1 1 0 0 1 1 0 1 0 1 0 1 0 0 0 0 0 0 1 0 0 0 0
130	1	1 0 0 0 1 1 0 1 1 1 0 1 0 0 0 1 0 1 0 1 0 1 1 1 0 1 1 1 1 0 0 1 1 0 1 0 0 0 1 0 0 0 0 1 0 1 0 0 0 0
130	1	1 0 0 0 1 1 0 1 1 1 0 1 0 0 0 1 0 1 0 0 0 1 1 1 0 1 1 1 1 0 0 1 1 0 1 0 1 0 1 0 0 0 0 1 0 1 0 0 0 0
130	1	1 0 0 0 1 1 0 1 1 1 0 1 0 0 0 1 0 1 0 1 0 1 1 1 0 1 1 1 1 0 0 1 1 0 1 0 1 0 1 0 0 0 0 1 1 1 0 0 0 0
130	27	1 0 0 0 1 1 0 1 1 1 0 1 0 0 0 1 0 1 0 1 0 1 1 1 0 1 1 1 1 0 0 1 1 0 1 0 1 0 1 0 0 0 0 1 0 1 0 0 0 0
130	5	1 0 0 1 1 1 0 1 1 1 0 1 0 0 0 1 0 1 0 1 0 1 1 1 0 1 1 1 1 0 0 1 1 0 1 0 1 0 1 0 0 0 1 1 0 0 0 0 0 0
130	15	1 0 1 0 1 1 0 1 1 1 0 1 0 0 0 1 0 1 0 1 0 1 1 1 0 1 1 1 1 0 0 1 1 0 1 0 1 0 1 0 0 0 1 1 0 0 0 0 0 0
130	2	1 0 0 0 1 1 0 1 1 1 0 1 0 0 0 1 0 1 0 1 0 1 1 1 0 1 1 1 1 0 0 1 1 0 1 0 1 0 1 0 0 0 1 1 0 0 0 0 0 0
130	1	1 0 0 0 1 1 0 1 1 1 0 1 0 0 0 1 0 1 0 1 0 1 0 1 0 1 1 1 1 0 0 1 1 0 1 0 1 0 1 0 0 0 1 1 0 1 0 0 0 0
130	4	1 0 0 0 1 1 0 1 1 1 0 1 0 0 0 1 0 1 0 1 0 1 1 1 0 1 1 1 1 0 0 1 1 0 1 0 1 0 1 0 0 0 1 1 0 1 0 0 0 0
140	2	1 0 0 0 1 1 0 1 1 1 0 1 0 1 0 1 0 1 0 1 0 1 1 1 0 1 1 1 1 0 0 1 1 0 1 0 1 0 1 0 0 0 0 1 0 1 0 0 0 0
140	3	1 1 1 0 1 1 0 1 1 1 0 1 0 0 0 1 0 1 0 1 0 1 1 1 0 1 1 1 1 0 0 1 1 0 1 0 1 0 1 0 0 0 0 1 0 1 0 0 0 0
140	1	1 0 0 0 1 1 0 1 1 1 1 1 0 0 0 1 0 1 0 1 0 1 1 1 0 1 1 1 1 0 0 1 1 0 1 0 1 0 1 0 0 0 0 1 0 1 0 0 0 0
140	1	1 0 0 0 1 1 0 1 1 1 0 1 0 0 0 1 0 1 0 1 0 1 0 1 0 1 1 1 1 0 0 1 1 0 1 0 1 0 1 0 0 0 0 0 0 1 0 0 0 0
140	2	1 0 0 0 1 1 0 1 1 1 0 1 0 0 0 1 0 1 0 1 0 1 1 1 0 1 1 1 1 0 0 0 1 0 1 0 1 0 1 0 0 0 0 0 0 1 0 0 0 0
140	1	1 0 0 0 1 1 0 1 1 1 0 1 0 0 0 1 0 1 0 1 0 1 1 1 0 1 1 1 1 0 0 1 1 0 1 0 1 0 1 1 0 0 0 0 0 1 0 0 0 0
140	41	1 0 0 0 1 1 0 1 1 1 0 1 0 0 0 1 0 1 0 1 0 1 1 1 0 1 1 1 1 0 0 1 1 0 1 0 1 0 1 0 0 0 0 0 0 1 0 0 0 0
140	1	1 0 0 0 1 1 0 1 1 1 0 1 0 0 0 1 0 1 0 1 0 1 1 1 0 1 1 1 1 0 0 1 0 0 1 0 0 0 1 0 0 0 0 1 0 1 0 0 0 0
140	2	1 0 0 0 1 1 0 1 1 1 0 1 0 0 0 1 0 1 0 1 0 1 0 1 0 1 1 1 1 0 0 1 1 0 1 0 1 0 1 0 0 0 0 1 0 1 0 0 0 0
140	16	1 0 0 0 1 1 0 1 1 1 0 1 0 0 0 1 0 1 0 1 0 1 1 1 0 1 1 1 1 0 0 1 1 0 1 0 1 0 1 0 0 0 0 1 0 1 0 0 0 0
140	3	1 0 0 1 1 1 0 1 1 1 0 1 0 0 0 1 0 1 0 1 0 1 1 1 0 1 1 1 1 0 0 1 1 0 1 0 1 0 1 0 0 0 1 1 0 0 0 0 0 0
140	20	1 0 1 0 1 1 0 1 1 1 0 1 0 0 0 1 0 1 0 1 0 1 1 1 0 1 1 1 1 0 0 1 1 0 1 0 1 0 1 0 0 0 1 1 0 0 0 0 0 0
140	3	1 0 0 0 1 1 0 1 1 1 0 1 0 0 0 1 0 1 0 1 0 1 1 1 0 1 1 1 1 0 0 1 1 0 1 0 1 0 1 0 0 0 1 1 0 0 0 0 0 0
140	1	1 0 0 0 1 1 0 1 1 1 0 1 0 0 0 1 0 1 0 1 0 1 0 1 0 1 1 1 1 0 0 1 1 0 1 0 1 0 1 0 0 0 1 1 0 1 0 0 0 0
140	3	1 0 0 0 1 1 0 1 1 1 0 1 0 0 0 1 0 1 0 1 0 1 1 1 0 1 1 1 1 0 0 1 1 0 1 0 1 0 1 0 0 0 1 1 0 1 0 0 0 0
150	3	1 0 0 0 1 1 0 1 1 1 0 1 0 1 0 1 0 1 0 1 0 1 1 1 0 1 1 1 1 0 0 1 1 0 1 0 1 0 1 0 0 0 0 1 0 1 0 0 0 0
150	2	1 1 1 0 1 1 0 0 1 1 0 1 0 0 0 1 0 1 0 1 0 1 1 1 0 1 1 1 1 0 0 1 1 0 1 0 1 0 1 0 0 0 0 1 0 1 0 0 0 0
150	4	1 1 1 0 1 1 0 1 1 1 0 1 0 0 0 1 0 1 0 1 0 1 1 1 0 1 1 1 1 0 0 1 1 0 1 0 1 0 1 0 0 0 0 1 0 1 0 0 0 0
150	1	1 0 0 0 1 1 0 1 1 1 0 1 0 0 0 1 0 1 0 1 0 1 1 1 0 1 1 1 1 0 0 0 1 0 1 0 1 0 1 0 0 0 0 0 0 1 0 0 0 0
150	1	1 0 0 0 1 1 0 1 1 1 0 1 0 0 0 1 0 1 0 1 1 1 1 1 0 1 1 1 1 0 0 1 1 0 1 0 1 0 1 0 0 0 0 0 0 1 0 0 0 0
150	1	1 0 0 0 1 1 0 1 1 1 0 1 0 0 0 1 0 1 1 1 0 1 1 1 0 1 1 1 1 0 0 1 1 0 1 0 1 0 1 0 0 0 0 0 0 1 0 0 0 0
150	28	1 0 0 0 1 1 0 1 1 1 0 1 0 0 0 1 0 1 0 1 0 1 1 1 0 1 1 1 1 0 0 1 1 0 1 0 1 0 1 0 0 0 0 0 0 1 0 0 0 0
150	3	1 0 0 0 1 1 0 1 1 1 0 1 0 0 0 1 0 1 0 1 0 1 1 1 0 1 1 1 1 0 0 1 0 0 1 0 0 0 1 0 0 0 0 1 0 1 0 0 0 0
150	1	1 0 0 0 1 1 0 1 1 1 0 1 0 0 0 1 0 1 0 1 0 1 0 1 0 1 1 1 1 0 0 1 1 0 1 0 1 0 1 0 0 0 0 1 0 1 0 0 0 0
150	20	1 0 0 0 1 1 0 1 1 1 0 1 0 0 0 1 0 1 0 1 0 1 1 1 0 1 1 1 1 0 0 1 1 0 1 0 1 0 1 0 0 0 0 1 0 1 0 0 0 0
150	2	1 0 0 1 1 1 0 1 1 1 0 1 0 0 0 1 0 1 0 1 0 1 1 1 0 1 1 1 1 0 0 1 1 0 1 0 1 0 1 0 0 0 1 1 0 0 0 0 0 1
150	3	1 0 0 1 1 1 0 1 1 1 0 1 0 0 0 1 0 1 0 1 0 1 1 1 0 1 1 1 1 0 0 1 1 0 1 0 1 0 1 0 0 0 1 1 0 0 0 0 0 0
150	5	1 0 0 0 1 1 0 1 1 1 0 1 0 0 0 1 0 1 0 1 0 1 1 1 0 1 1 1 1 0 0 1 1 0 1 0 1 0 1 0 0 0 1 1 0 0 0 0 0 0
150	24	1 0 1 0 1 1 0 1 1 1 0 1 0 0 0 1 0 1 0 1 0 1 1 1 0 1 1 1 1 0 0 1 1 0 1 0 1 0 1 0 0 0 1 1 0 0 0 0 0 0
150	2	1 0 0 0 1 1 0 1 1 1 0 1 0 0 0 1 0 1 0 1 0 1 1 1 0 1 1 1 1 0 0 1 1 0 1 0 1 0 1 0 0 0 1 1 0 1 0 0 0 0
160	4	1 0 0 0 1 1 0 1 1 1 0 1 0 1 0 1 0 1 0 1 0 1 1 1 0 1 1 1 1 0 0 1 1 0 1 0 1 0 1 0 0 0 0 1 0 1 0 0 0 0
160	3	1 1 1 0 1 1 0 0 1 1 0 1 0 0 0 1 0 1 0 1 0 1 1 1 0 1 1 1 1 0 0 1 1 0 1 0 1 0 1 0 0 0 0 1 0 1 0 0 0 0
160	2	1 1 1 0 1 1 0 1 1 1 0 1 0 0 0 1 0 1 0 1 0 1 1 1 0 1 1 1 1 0 0 1 1 1 1 0 1 0 1 0 0 0 0 1 0 1 0 0 0 0
160	1	1 1 1 0 1 1 0 1 1 1 0 1 0 0 0 1 0 1 0 1 0 1 1 1 0 1 1 1 1 0 0 1 1 0 1 0 1 0 1 1 0 0 0 1 0 1 0 0 0 0
160	16	1 1 1 0 1 1 0 1 1 1 0 1 0 0 0 1 0 1 0 1 0 1 1 1 0 1 1 1 1 0 0 1 1 0 1 0 1 0 1 0 0 0 0 1 0 1 0 0 0 0
160	1	1 0 0 0 1 1 0 1 1 1 0 1 0 0 0 1 0 1 0 1 1 1 1 1 0 1 1 1 1 0 0 1 1 0 1 0 1 0 1 0 0 0 0 0 0 1 0 0 0 0
160	2	1 0 1 0 1 1 0 1 1 1 0 1 0 0 0 1 0 1 0 1 0 1 1 1 0 1 1 1 1 0 0 1 1 0 1 0 1 0 1 0 0 0 0 0 0 1 0 0 0 0
160	1	1 0 0 0 1 1 0 1 1 1 0 1 0 0 0 1 0 1 0 1 0 1 1 1 0 1 1 1 1 0 0 1 1 0 1 0 1 0 0 0 0 0 0 0 0 1 0 0 0 0
160	29	1 0 0 0 1 1 0 1 1 1 0 1 0 0 0 1 0 1 0 1 0 1 1 1 0 1 1 1 1 0 0 1 1 0 1 0 1 0 1 0 0 0 0 0 0 1 0 0 0 0
160	1	1 0 0 0 1 1 0 1 1 1 0 1 0 0 0 1 0 1 0 1 0 1 1 1 0 1 1 1 1 0 0 1 0 0 1 0 0 0 1 0 0 0 0 1 0 1 0 0 0 0
160	1	1 0 0 0 1 1 0 1 1 1 0 1 0 0 0 1 0 1 0 1 0 1 0 1 0 1 1 1 1 1 0 1 1 0 1 0 1 0 1 0 0 0 0 1 0 1 0 0 0 0
160	9	1 0 0 0 1 1 0 1 1 1 0 1 0 0 0 1 0 1 0 1 0 1 1 1 0 1 1 1 1 0 0 1 1 0 1 0 1 0 1 0 0 0 0 1 0 1 0 0 0 0
160	5	1 0 0 1 1 1 0 1 1 1 0 1 0 0 0 1 0 1 0 1 0 1 1 1 0 1 1 1 1 0 0 1 1 0 1 0 1 0 1 0 0 0 1 1 0 0 0 0 0 0
160	1	1 1 1 0 1 1 0 1 1 1 0 1 0 0 0 1 0 1 0 1 0 1 1 1 0 1 1 1 1 0 0 1 1 0 1 0 1 0 1 0 0 0 1 1 0 0 0 0 0 0
160	1	1 0 1 0 1 1 0 1 1 1 0 1 0 0 0 1 0 0 0 1 0 1 1 1 0 1 1 1 1 0 0 1 1 0 1 0 1 0 1 0 0 0 1 1 0 0 0 0 0 0
160	22	1 0 1 0 1 1 0 1 1 1 0 1 0 0 0 1 0 1 0 1 0 1 1 1 0 1 1 1 1 0 0 1 1 0 1 0 1 0 1 0 0 0 1 1 0 0 0 0 0 0
160	1	1 0 0 0 1 1 0 1 1 1 0 1 0 0 0 1 0 1 0 1 0 1 1 1 0 1 1 1 1 0 0 1 1 0 1 0 1 0 1 0 0 0 1 1 0 1 0 0 0 0
170	4	1 1 1 0 1 1 0 0 1 1 0 1 0 0 0 1 0 1 0 1 0 1 1 1 0 1 1 1 1 0 0 1 1 0 1 0 1 0 1 0 0 0 0 1 0 1 0 0 0 0
170	2	1 1 1 0 1 1 0 1 1 1 0 1 0 0 0 1 0 1 0 1 0 1 1 1 0 1 1 1 1 0 0 1 1 1 1 0 1 0 1 0 0 0 0 1 0 1 0 0 0 0
170	24	1 1 1 0 1 1 0 1 1 1 0 1 0 0 0 1 0 1 0 1 0 1 1 1 0 1 1 1 1 0 0 1 1 0 1 0 1 0 1 0 0 0 0 1 0 1 0 0 0 0
170	2	1 0 0 0 1 1 0 1 1 1 0 1 0 0 0 1 0 1 0 1 1 1 1 1 0 1 1 1 1 0 0 1 1 0 1 0 1 0 1 0 0 0 0 0 0 1 0 0 0 0
170	5	1 0 1 0 1 1 0 1 1 1 0 1 0 0 0 1 0 1 0 1 0 1 1 1 0 1 1 1 1 0 0 1 1 0 1 0 1 0 1 0 0 0 0 0 0 1 0 0 0 0
170	1	1 0 0 0 1 1 0 1 1 1 0 1 0 0 0 1 0 1 0 1 0 1 1 1 0 1 1 1 1 0 0 1 1 0 0 0 1 0 1 0 0 0 0 0 0 1 0 0 0 0
170	1	1 0 0 0 1 1 0 0 1 1 0 1 0 0 0 1 0 1 0 1 0 1 1 1 0 1 1 1 1 0 0 1 1 0 1 0 1 0 1 0 0 0 0 0 0 1 0 0 0 0
170	1	1 0 0 0 1 1 0 1 1 1 0 1 0 0 0 1 0 1 0 1 0 1 1 1 0 1 1 1 1 0 0 1 1 0 1 0 1 0 1 0 0 0 0 1 0 1 0 0 0 0
170	34	1 0 0 0 1 1 0 1 1 1 0 1 0 0 0 1 0 1 0 1 0 1 1 1 0 1 1 1 1 0 0 1 1 0 1 0 1 0 1 0 0 0 0 0 0 1 0 0 0 0
170	1	1 0 0 0 1 1 0 1 1 1 0 1 0 0 0 1 0 1 0 1 0 1 1 1 0 1 1 1 1 0 0 1 0 0 1 0 0 0 1 0 0 0 0 1 0 1 0 0 0 0
170	7	1 0 0 1 1 1 0 1 1 1 0 1 0 0 0 1 0 1 0 1 0 1 1 1 0 1 1 1 1 0 0 1 1 0 1 0 1 0 1 0 0 0 1 1 0 0 0 0 0 0
170	18	1 0 1 0 1 1 0 1 1 1 0 1 0 0 0 1 0 1 0 1 0 1 1 1 0 1 1 1 1 0 0 1 1 0 1 0 1 0 1 0 0 0 1 1 0 0 0 0 0 0
180	2	1 1 1 0 1 1 0 0 1 1 0 1 0 0 0 1 0 1 0 1 0 1 1 1 0 1 1 1 1 0 0 1 1 0 1 0 1 0 1 0 0 0 0 1 0 1 0 0 0 0
180	1	1 1 1 0 1 1 0 1 1 1 0 1 0 0 0 1 0 1 0 1 0 1 1 1 0 1 1 1 1 0 0 1 1 0 1 0 0 0 1 0 0 0 0 1 0 1 0 0 0 0
180	1	1 1 1 0 1 1 0 1 1 1 0 1 0 0 0 1 0 1 0 1 0 1 1 1 0 1 1 1 1 0 0 0 1 0 1 0 1 0 1 0 0 0 0 1 0 1 0 0 0 0
180	1	1 1 1 0 1 1 0 1 1 1 0 1 0 0 0 1 0 1 0 1 0 1 1 1 0 1 1 1 1 0 0 1 1 0 1 1 1 0 1 0 0 0 0 1 0 1 0 0 0 0
180	38	1 1 1 0 1 1 0 1 1 1 0 1 0 0 0 1 0 1 0 1 0 1 1 1 0 1 1 1 1 0 0 1 1 0 1 0 1 0 1 0 0 0 0 1 0 1 0 0 0 0
180	1	1 0 0 0 1 1 0 1 1 1 0 1 0 0 0 1 0 1 0 1 1 1 1 1 0 1 1 1 1 0 0 1 1 0 1 0 1 0 1 0 0 0 0 0 0 1 0 0 0 0
180	4	1 0 1 0 1 1 0 1 1 1 0 1 0 0 0 1 0 1 0 1 0 1 1 1 0 1 1 1 1 0 0 1 1 0 1 0 1 0 1 0 0 0 0 0 0 1 0 0 0 0
180	1	1 0 0 0 1 1 0 1 1 1 0 1 0 0 0 1 0 1 0 1 0 1 1 1 0 1 1 1 1 0 0 1 1 0 0 0 1 0 1 0 0 0 0 0 0 1 0 0 0 0
180	1	1 0 0 0 1 1 0 1 1 1 0 1 0 0 0 1 0 1 0 1 0 1 1 1 0 1 1 1 1 0 0 1 1 0 1 0 1 0 1 0 0 0 0 1 0 1 0 0 0 0
180	30	1 0 0 0 1 1 0 1 1 1 0 1 0 0 0 1 0 1 0 1 0 1 1 1 0 1 1 1 1 0 0 1 1 0 1 0 1 0 1 0 0 0 0 0 0 1 0 0 0 0
180	3	1 0 0 0 1 1 0 1 1 1 0 1 0 0 0 1 0 1 0 1 0 1 1 1 0 1 1 1 1 0 0 1 0 0 0 0 0 0 1 0 0 0 0 1 0 1 0 0 0 0
180	1	1 0 0 0 1 1 0 1 1 1 0 1 0 0 0 1 0 1 0 1 0 1 1 1 0 1 1 1 0 0 0 1 0 0 1 0 0 0 1 0 0 0 0 1 0 1 0 0 0 0
180	1	1 0 0 1 1 1 0 1 1 1 0 1 0 0 0 1 0 1 0 1 0 1 1 1 0 1 1 1 1 0 0 1 1 0 1 0 1 0 1 0 0 0 1 1 0 0 0 0 0 0
180	3	1 1 1 0 1 1 0 1 1 1 0 1 0 0 0 1 0 1 0 1 0 1 1 1 0 1 1 1 1 0 0 1 1 0 1 0 1 0 1 0 0 0 1 1 0 0 0 0 0 0
180	12	1 0 1 0 1 1 0 1 1 1 0 1 0 0 0 1 0 1 0 1 0 1 1 1 0 1 1 1 1 0 0 1 1 0 1 0 1 0 1 0 0 0 1 1 0 0 0 0 0 0
190	2	1 1 1 0 1 1 0 0 1 1 0 1 0 0 0 1 0 1 0 1 0 1 1 1 0 1 1 1 1 0 0 1 1 0 1 0 1 0 1 0 0 0 0 1 0 1 0 0 0 0
190	2	1 1 1 0 1 1 0 1 1 1 0 1 0 0 0 1 0 1 0 1 0 1 1 1 0 1 1 1 1 0 0 1 1 1 1 0 1 0 1 0 0 0 0 1 0 1 0 0 0 0
190	1	1 1 1 0 1 1 0 1 1 1 0 1 0 0 0 1 0 1 0 1 0 1 1 1 0 1 1 1 1 0 0 1 1 0 1 1 1 0 1 0 0 0 0 1 0 1 0 0 0 0
190	1	1 1 1 0 1 1 0 1 1 1 0 1 0 0 0 1 0 1 0 1 0 1 1 1 0 0 1 1 1 0 0 1 1 0 1 0 1 0 1 0 0 0 0 1 0 1 0 0 0 0
190	1	1 1 1 0 1 1 0 1 1 1 0 1 0 0 0 0 0 1 0 1 0 1 1 1 0 1 1 1 1 0 0 1 1 0 1 0 1 0 1 0 0 0 0 1 0 1 0 0 0 0
190	48	1 1 1 0 1 1 0 1 1 1 0 1 0 0 0 1 0 1 0 1 0 1 1 1 0 1 1 1 1 0 0 1 1 0 1 0 1 0 1 0 0 0 0 1 0 1 0 0 0 0
190	2	1 0 0 0 1 1 0 1 1 1 0 1 0 0 0 1 0 1 0 1 1 1 1 1 0 1 1 1 1 0 0 1 1 0 1 0 1 0 1 0 0 0 0 0 0 1 0 0 0 0
190	3	1 0 1 0 1 1 0 1 1 1 0 1 0 0 0 1 0 1 0 1 0 1 1 1 0 1 1 1 1 0 0 1 1 0 1 0 1 0 1 0 0 0 0 0 0 1 0 0 0 0
190	1	1 0 0 0 1 1 0 1 1 1 0 1 0 0 0 1 0 1 0 1 0 1 1 1 0 1 1 1 1 0 0 1 1 0 0 0 1 0 1 0 0 0 0 0 0 1 0 0 0 0
190	1	1 0 0 0 1 0 0 1 1 1 0 1 0 0 0 1 0 1 0 1 0 1 1 1 0 1 1 1 1 0 0 1 1 0 1 0 1 0 1 0 0 0 0 0 0 1 0 0 0 0
190	1	1 0 0 0 1 1 0 1 1 1 0 1 0 0 0 1 0 1 0 1 0 1 1 1 0 1 1 1 1 0 0 1 1 0 1 0 1 0 1 0 0 0 1 0 0 1 0 0 0 0
190	29	1 0 0 0 1 1 0 1 1 1 0 1 0 0 0 1 0 1 0 1 0 1 1 1 0 1 1 1 1 0 0 1 1 0 1 0 1 0 1 0 0 0 0 0 0 1 0 0 0 0
190	1	1 1 1 0 1 1 0 1 1 1 0 1 0 0 0 1 0 1 0 1 0 1 1 1 0 1 1 1 1 0 0 1 1 0 1 0 1 0 1 0 0 0 1 1 0 0 0 0 0 0
190	1	1 0 1 0 1 1 0 0 1 1 0 1 0 0 0 1 0 1 0 1 0 1 1 1 0 1 1 1 1 0 0 1 1 0 1 0 1 0 1 0 0 0 1 1 0 0 0 0 0 0
190	6	1 0 1 0 1 1 0 1 1 1 0 1 0 0 0 1 0 1 0 1 0 1 1 1 0 1 1 1 1 0 0 1 1 0 1 0 1 0 1 0 0 0 1 1 0 0 0 0 0 0
200	7	1 1 1 0 1 1 0 0 1 1 0 1 0 0 0 1 0 1 0 1 0 1 1 1 0 1 1 1 1 0 0 1 1 0 1 0 1 0 1 0 0 0 0 1 0 1 0 0 0 0
200	2	1 1 1 0 1 1 0 1 1 1 0 1 0 0 0 1 0 1 0 1 0 1 1 1 0 1 1 1 1 0 0 1 1 1 1 0 1 0 1 0 0 0 0 1 0 1 0 0 1 0
200	3	1 1 1 0 1 1 0 1 1 1 0 1 0 0 0 1 0 1 0 1 0 1 1 1 0 1 1 1 1 0 0 1 1 1 1 0 1 0 1 0 0 0 0 1 0 1 0 0 0 0
200	3	1 1 1 0 1 1 0 1 1 1 0 1 0 0 0 1 0 1 0 1 0 1 1 1 0 1 1 1 1 0 0 1 1 0 1 0 0 0 1 0 0 0 0 1 0 1 0 0 0 0
200	3	1 1 1 0 1 1 0 1 1 1 0 1 0 0 0 1 0 1 0 1 0 0 1 1 0 1 1 1 1 0 0 1 1 0 1 0 1 0 1 0 0 0 0 1 0 1 0 0 0 0
200	1	1 1 1 0 1 1 0 1 1 1 0 1 0 0 0 1 0 1 1 1 0 1 1 1 0 1 1 1 1 0 0 1 1 0 1 0 1 0 1 0 0 0 0 1 0 1 0 0 0 0
200	58	1 1 1 0 1 1 0 1 1 1 0 1 0 0 0 1 0 1 0 1 0 1 1 1 0 1 1 1 1 0 0 1 1 0 1 0 1 0 1 0 0 0 0 1 0 1 0 0 0 0
200	2	1 0 0 0 1 1 0 1 1 1 0 1 0 0 0 1 0 1 0 1 1 1 1 1 0 1 1 1 1 0 0 1 1 0 1 0 1 0 1 0 0 0 0 0 0 1 0 0 0 0
200	1	1 0 1 0 1 1 0 1 1 1 0 1 0 0 0 1 0 1 0 1 0 1 1 1 0 1 1 1 1 0 0 1 1 0 1 0 1 0 1 0 0 0 0 0 0 1 0 0 0 0
200	1	1 0 0 0 1 1 0 1 1 1 0 1 0 0 0 1 0 1 0 1 0 1 1 1 0 1 1 1 1 0 0 1 1 0 0 0 1 0 1 0 0 0 0 0 0 1 0 0 0 0
200	1	1 0 0 0 1 1 0 1 1 1 0 1 0 0 0 1 1 1 0 1 0 1 1 1 0 1 1 1 1 0 0 1 1 0 1 0 1 0 1 0 0 0 0 0 0 1 0 0 0 0
200	1	1 0 0 0 1 1 0 1 1 1 0 1 0 0 0 1 0 1 0 1 0 1 1 1 0 1 1 1 1 0 0 1 1 0 1 0 1 0 1 0 0 0 0 0 0 1 1 0 0 0
200	10	1 0 0 0 1 1 0 1 1 1 0 1 0 0 0 1 0 1 0 1 0 1 1 1 0 1 1 1 1 0 0 1 1 0 1 0 1 0 1 0 0 0 0 0 0 1 0 0 0 0
200	1	1 0 1 0 1 1 0 1 1 1 0 1 0 0 0 1 0 1 0 1 0 1 1 1 0 1 1 1 1 0 1 1 1 0 1 0 1 0 1 0 0 0 1 1 0 0 0 0 0 0
200	1	1 0 1 0 1 1 0 1 1 1 0 1 0 0 0 1 0 1 0 1 0 1 1 1 0 1 1 1 0 0 0 1 1 0 1 0 1 0 1 0 0 0 1 1 0 0 0 0 0 0
200	5	1 0 1 0 1 1 0 1 1 1 0 1 0 0 0 1 0 1 0 1 0 1 1 1 0 1 1 1 1 0 0 1 1 0 1 0 1 0 1 0 0 0 1 1 0 0 0 0 0 0
210	1	1 1 1 0 1 1 0 0 1 1 0 1 0 0 0 1 0 1 0 1 0 1 1 1 0 1 1 1 1 0 0 1 1 0 1 0 1 0 1 0 0 0 0 1 0 1 0 0 0 0
210	1	1 1 1 1 1 1 0 1 1 1 0 1 0 0 0 1 0 1 0 1 0 1 1 1 0 1 1 1 1 0 0 1 1 1 1 0 1 0 1 0 0 0 0 1 0 1 0 0 0 0
210	1	1 1 1 0 1 1 0 1 1 1 0 1 0 0 0 1 0 1 0 1 0 1 1 1 0 1 1 1 1 0 0 1 1 0 1 0 0 0 1 0 0 0 0 1 0 1 0 0 0 0
210	1	1 1 1 0 1 1 0 1 1 1 0 1 0 0 0 1 0 1 0 1 0 0 1 1 0 1 1 1 1 0 0 1 1 0 1 0 1 0 1 0 0 0 0 1 0 1 0 0 0 0
210	3	1 1 1 0 1 1 0 1 1 1 0 1 0 0 0 1 0 1 1 1 0 1 1 1 0 1 1 1 1 0 0 1 1 0 1 0 1 0 1 0 0 0 0 1 0 1 0 0 0 0
210	1	1 1 1 0 1 1 0 1 1 1 0 1 0 0 0 1 0 1 0 1 0 1 1 1 0 1 1 1 1 0 0 1 1 0 1 0 1 0 1 0 0 0 0 1 0 1 0 0 0 1
210	1	1 1 1 0 1 1 0 1 1 1 0 1 0 0 1 1 0 1 0 1 0 1 1 1 0 1 1 1 1 0 0 1 1 0 1 0 1 0 1 0 0 0 0 1 0 1 0 0 0 0
210	78	1 1 1 0 1 1 0 1 1 1 0 1 0 0 0 1 0 1 0 1 0 1 1 1 0 1 1 1 1 0 0 1 1 0 1 0 1 0 1 0 0 0 0 1 0 1 0 0 0 0
210	1	1 0 1 0 1 1 0 1 1 1 0 1 0 0 0 1 0 1 0 1 0 1 1 1 0 1 1 1 1 0 0 1 1 0 1 0 1 0 1 0 0 0 0 0 0 1 0 0 0 0
210	2	1 0 0 0 1 1 0 1 1 1 0 1 0 0 0 1 1 1 0 1 0 1 1 1 0 1 1 1 1 0 0 1 1 0 1 0 1 0 1 0 0 0 0 0 0 1 0 0 0 0
210	2	1 0 0 0 1 1 0 1 1 1 0 1 0 0 0 1 0 1 0 1 0 1 1 1 0 1 1 1 1 0 0 1 1 0 1 0 1 1 1 0 0 0 0 0 0 1 0 0 0 0
210	3	1 0 0 0 1 1 0 1 1 1 0 1 0 0 0 1 0 1 0 1 0 1 1 1 0 1 1 1 1 0 0 1 1 0 1 0 1 0 1 0 0 0 0 0 0 1 0 0 0 0
210	2	1 1 1 0 1 1 0 1 1 1 0 1 0 0 0 1 0 1 0 1 0 1 1 1 0 1 1 1 1 0 0 1 1 0 1 1 1 0 1 0 0 0 1 1 0 0 0 0 0 0
210	3	1 0 1 0 1 1 0 1 1 1 0 1 0 0 0 1 0 1 0 1 0 1 1 1 0 1 1 1 1 0 0 1 1 0 1 0 1 0 1 0 0 0 1 1 0 0 0 0 0 0
220	2	1 1 1 0 1 1 0 0 1 1 0 1 0 0 0 1 0 1 0 1 0 1 1 1 0 1 1 1 1 0 0 1 1 0 1 0 1 0 1 0 0 0 0 1 0 1 0 0 0 0
220	1	1 1 1 0 1 1 1 1 1 1 0 1 1 0 0 1 0 1 0 1 0 1 1 1 0 1 1 1 1 0 0 1 1 0 1 0 1 0 1 0 0 0 0 1 0 1 0 0 0 0
220	2	1 1 1 0 1 1 0 1 1 1 0 1 0 0 0 1 0 1 0 1 0 1 1 1 0 1 1 1 1 0 0 1 1 0 1 0 0 0 1 0 0 0 0 1 0 1 0 0 0 0
220	1	1 1 1 0 1 1 0 1 1 1 0 1 0 0 0 1 0 1 0 1 0 0 1 1 0 1 1 1 1 0 0 1 1 0 1 0 1 0 1 0 0 0 0 1 0 1 0 0 0 0
220	1	1 1 1 0 1 1 0 1 1 1 1 1 0 0 0 1 0 1 0 1 0 1 1 1 0 1 1 1 1 0 0 1 1 0 1 0 1 0 1 0 0 0 0 0 0 1 0 0 0 0
220	1	1 1 1 0 1 1 0 1 1 1 1 1 0 0 0 1 0 1 0 1 0 1 1 1 0 1 1 1 1 0 0 1 1 0 1 0 1 0 1 0 0 0 0 1 0 1 0 0 0 0
220	1	1 1 1 0 1 1 0 1 0 1 0 1 0 0 0 1 0 1 0 1 0 1 1 1 0 1 1 1 1 0 0 1 1 0 1 0 1 0 1 0 0 0 0 1 0 1 0 0 0 0
220	1	1 1 1 0 1 1 0 1 1 1 0 1 0 0 0 1 0 1 0 1 0 1 1 1 0 1 1 1 1 0 0 1 1 0 1 0 1 0 1 0 0 0 0 1 0 1 0 0 0 1
220	1	1 1 1 0 1 1 0 1 1 1 0 1 0 0 0 1 0 1 0 1 0 1 1 1 0 1 1 1 1 0 0 1 1 0 1 0 1 1 1 0 0 0 0 1 0 1 0 0 0 0
220	1	1 1 1 0 1 1 0 1 1 1 0 1 0 1 0 1 0 1 0 1 0 1 1 1 0 1 1 1 1 0 0 1 1 0 1 0 1 0 1 0 0 0 0 1 0 1 0 0 0 0
220	76	1 1 1 0 1 1 0 1 1 1 0 1 0 0 0 1 0 1 0 1 0 1 1 1 0 1 1 1 1 0 0 1 1 0 1 0 1 0 1 0 0 0 0 1 0 1 0 0 0 0
220	1	1 0 0 0 1 1 0 1 1 1 0 1 0 0 0 1 0 1 0 1 0 1 1 1 0 1 1 1 1 0 0 1 1 0 0 0 1 0 1 0 0 0 0 0 0 1 0 0 0 0
220	1	1 0 0 0 1 1 0 1 1 1 0 1 0 0 0 1 1 1 0 1 0 1 1 1 0 1 1 1 1 0 0 1 1 0 1 0 1 0 1 0 0 0 0 0 0 1 0 0 0 0
220	3	1 0 0 0 1 1 0 1 1 1 0 1 0 0 0 1 0 1 0 1 0 1 1 1 0 1 1 1 1 0 0 1 1 0 1 0 1 1 1 0 0 0 0 0 0 1 0 0 0 0
220	1	1 0 0 0 1 1 0 1 1 1 0 1 0 0 0 1 0 1 0 1 0 1 1 1 0 1 1 1 1 0 0 0 1 0 1 0 1 0 1 0 0 0 0 0 0 1 0 0 0 0
220	1	1 0 0 0 1 1 0 1 1 1 0 1 0 0 0 1 0 1 0 1 0 1 1 1 0 1 1 1 1 0 0 1 1 0 1 0 1 0 1 0 0 0 0 0 0 1 0 0 0 0
220	1	1 0 1 0 1 1 0 1 1 1 0 1 0 0 0 1 0 1 0 1 0 1 1 1 0 1 1 1 1 0 1 1 1 0 1 0 1 0 1 0 0 0 1 1 0 0 0 0 0 0
220	4	1 0 1 0 1 1 0 1 1 1 0 1 0 0 0 1 0 1 0 1 0 1 1 1 0 1 1 1 1 0 0 1 1 0 1 0 1 0 1 0 0 0 1 1 0 0 0 0 0 0
230	1	1 1 1 0 1 1 1 1 1 1 0 1 1 0 0 1 0 1 0 1 0 1 1 1 0 1 1 1 1 0 0 1 1 0 1 0 1 0 1 0 0 0 0 1 0 1 0 0 0 0
230	4	1 1 1 0 1 1 0 1 1 1 0 1 0 0 0 1 0 1 0 1 0 1 1 1 0 1 1 1 1 0 0 1 1 0 1 0 0 0 1 0 0 0 0 1 0 1 0 0 0 0
230	3	1 1 1 0 1 1 0 1 1 1 1 1 0 0 0 1 0 1 0 1 0 1 1 1 0 1 1 1 1 0 0 1 1 0 1 0 1 0 1 0 0 0 0 1 0 1 0 0 0 0
230	1	1 1 1 0 1 0 0 1 1 1 0 1 0 0 0 1 0 1 0 1 0 1 1 1 0 1 1 1 1 0 0 1 1 0 1 0 1 0 1 0 0 0 0 1 0 1 0 0 0 0
230	1	1 1 1 0 1 1 0 1 1 1 0 1 0 0 0 1 0 1 0 1 0 1 0 1 0 1 1 1 1 0 0 1 1 0 1 0 1 0 1 0 0 0 0 1 0 0 0 0 0 0
230	1	1 1 1 0 1 1 0 1 1 1 0 1 0 0 0 1 0 1 0 1 0 1 1 1 0 1 1 1 1 0 0 1 1 0 1 0 1 0 1 0 1 0 0 1 0 1 0 0 0 0
230	2	1 1 1 0 1 1 0 1 1 1 0 1 0 0 0 1 0 1 0 1 0 1 1 1 0 1 1 1 1 0 0 1 1 0 1 0 1 0 1 1 0 0 0 1 0 1 0 0 0 0
230	1	1 1 1 0 1 1 0 1 1 1 0 1 0 0 0 1 0 1 0 1 0 1 1 1 0 1 1 1 0 0 0 1 1 0 1 0 1 0 1 0 0 0 0 1 0 1 0 0 0 0
230	1	1 1 1 0 1 1 0 1 1 1 0 1 0 0 0 1 0 1 0 1 0 1 0 1 0 1 1 1 1 0 0 1 1 0 1 0 1 0 1 0 0 0 0 1 0 1 0 0 0 0
230	83	1 1 1 0 1 1 0 1 1 1 0 1 0 0 0 1 0 1 0 1 0 1 1 1 0 1 1 1 1 0 0 1 1 0 1 0 1 0 1 0 0 0 0 1 0 1 0 0 0 0
230	2	1 0 1 0 1 1 0 1 1 1 0 1 0 0 0 1 0 1 0 1 0 1 1 1 0 1 1 1 1 0 0 1 1 0 1 0 1 0 1 0 0 0 1 1 0 0 0 0 0 0
240	4	1 1 1 0 1 1 1 1 1 1 0 1 1 0 0 1 0 1 0 1 0 1 1 1 0 1 1 1 1 0 0 1 1 0 1 0 1 0 1 0 0 0 0 1 0 1 0 0 0 0
240	5	1 1 1 0 1 1 0 1 1 1 0 1 0 0 0 1 0 1 0 1 0 1 1 1 0 1 1 1 1 0 0 1 1 0 1 0 0 0 1 0 0 0 0 1 0 1 0 0 0 0
240	1	1 1 1 0 1 1 0 1 1 1 1 1 0 0 0 1 0 1 0 1 0 1 1 1 0 1 1 1 1 0 0 1 1 0 1 0 1 0 1 0 0 0 0 0 0 1 0 0 0 0
240	1	1 1 1 0 1 1 0 1 1 1 1 1 0 0 0 1 0 1 0 1 0 1 1 1 0 1 1 1 1 0 0 1 1 0 1 0 1 0 1 0 0 0 0 1 0 1 0 0 0 0
240	1	1 1 1 0 1 1 0 1 0 1 0 1 0 0 0 1 0 1 0 1 0 1 1 1 0 1 1 1 1 0 0 1 1 0 1 0 1 0 1 0 0 0 0 1 0 1 0 0 0 0
240	1	1 1 1 0 1 1 0 1 1 1 0 1 0 0 0 1 0 0 0 1 0 1 1 1 0 1 1 1 1 0 0 1 1 0 1 0 1 0 1 0 0 0 0 1 0 1 0 0 0 0
240	3	1 1 1 0 1 1 0 1 1 1 0 1 0 0 0 1 0 1 0 1 0 1 1 1 0 1 1 1 1 0 0 1 1 1 1 0 1 0 1 0 0 0 0 1 0 1 0 0 0 0
240	4	1 1 1 0 1 1 0 1 1 1 0 1 0 0 0 1 0 1 0 1 0 1 1 1 0 1 1 1 1 0 0 1 1 0 1 0 1 0 1 0 1 0 0 1 0 1 0 0 0 0
240	1	1 1 1 0 1 1 0 1 1 1 0 1 0 0 0 1 0 1 0 1 0 1 1 1 0 1 1 1 0 0 0 1 1 0 1 0 1 0 1 0 0 0 0 1 0 1 0 0 0 0
240	74	1 1 1 0 1 1 0 1 1 1 0 1 0 0 0 1 0 1 0 1 0 1 1 1 0 1 1 1 1 0 0 1 1 0 1 0 1 0 1 0 0 0 0 1 0 1 0 0 0 0
240	1	1 0 0 0 1 1 0 1 1 1 0 1 0 0 0 1 0 1 0 1 1 1 1 1 0 1 1 1 1 0 0 1 1 0 1 0 1 0 1 0 0 0 0 0 0 1 0 0 0 0
240	1	1 0 0 0 1 1 0 1 1 1 0 1 0 0 0 1 0 1 0 1 0 1 1 1 0 1 1 1 1 0 0 1 1 0 1 0 1 0 1 0 0 0 0 0 0 1 0 0 0 0
240	3	1 0 1 0 1 1 0 1 1 1 0 1 0 0 0 1 0 1 0 1 0 1 1 1 0 1 1 1 1 0 0 1 1 0 1 0 1 0 1 0 0 0 1 1 0 0 0 0 0 0
250	2	1 1 1 0 1 1 1 1 1 1 0 1 1 0 0 1 0 1 0 1 0 1 1 1 0 1 1 1 1 0 0 1 1 0 1 0 1 0 1 0 0 0 0 1 0 1 0 0 0 0
250	8	1 1 1 0 1 1 0 1 1 1 0 1 0 0 0 1 0 1 0 1 0 1 1 1 0 1 1 1 1 0 0 1 1 0 1 0 0 0 1 0 0 0 0 1 0 1 0 0 0 0
250	4	1 1 1 0 1 1 0 1 1 1 1 1 0 0 0 1 0 1 0 1 0 1 1 1 0 1 1 1 1 0 0 1 1 0 1 0 1 0 1 0 0 0 0 0 0 1 0 0 0 0
250	3	1 1 1 0 1 0 0 1 1 1 0 1 0 0 0 1 0 1 0 1 0 1 1 1 0 1 1 1 1 0 0 1 1 0 1 0 1 0 1 0 0 0 0 1 0 1 0 0 0 0
250	1	1 1 1 0 1 1 0 1 1 1 0 1 0 0 0 1 0 1 0 1 0 1 1 1 0 1 1 1 0 0 0 1 1 0 1 0 1 0 1 0 0 0 0 1 0 1 0 0 0 0
250	1	1 1 1 0 1 1 0 1 1 1 0 1 0 0 0 1 0 1 0 1 0 1 1 1 0 1 1 1 1 0 0 0 1 0 1 0 1 0 1 0 0 0 0 1 0 1 0 0 0 0
250	1	1 1 1 0 1 1 0 1 1 1 0 1 0 0 0 1 0 1 0 1 0 1 0 1 0 1 1 1 1 0 0 1 1 0 1 0 1 0 1 0 0 0 0 1 0 1 0 0 0 0
250	1	1 1 1 0 1 1 0 1 1 1 0 1 0 0 0 1 0 0 0 1 0 1 1 1 0 1 1 1 1 0 0 1 1 0 1 0 1 0 1 0 0 0 0 1 0 1 0 0 0 0
250	77	1 1 1 0 1 1 0 1 1 1 0 1 0 0 0 1 0 1 0 1 0 1 1 1 0 1 1 1 1 0 0 1 1 0 1 0 1 0 1 0 0 0 0 1 0 1 0 0 0 0
250	2	1 0 0 0 1 1 0 1 1 1 0 1 0 0 0 1 0 1 0 1 0 1 1 1 0 1 1 1 1 0 0 1 1 0 1 0 1 0 1 0 0 0 0 0 0 1 0 0 0 0
260	2	1 1 1 0 1 1 1 1 1 1 0 1 1 0 0 1 0 1 0 1 0 1 1 1 0 1 1 1 1 0 0 1 1 0 1 0 1 0 1 0 0 0 0 1 0 1 0 0 0 0
260	1	1 1 1 0 1 1 0 1 1 1 0 1 0 0 0 1 0 1 0 1 0 1 1 1 1 1 1 1 1 0 0 1 1 0 1 0 0 0 1 0 0 0 0 1 0 1 0 0 0 0
260	9	1 1 1 0 1 1 0 1 1 1 0 1 0 0 0 1 0 1 0 1 0 1 1 1 0 1 1 1 1 0 0 1 1 0 1 0 0 0 1 0 0 0 0 1 0 1 0 0 0 0
260	1	1 1 1 0 1 1 0 1 1 1 0 1 0 0 0 1 0 1 0 1 0 0 1 1 0 1 1 1 1 0 0 1 1 0 1 0 1 0 1 0 0 0 0 1 0 1 0 0 0 0
260	1	0 1 1 0 1 1 0 1 1 1 1 1 0 0 0 1 0 1 0 1 0 1 1 1 0 1 1 1 1 0 0 1 1 0 1 0 1 0 1 0 0 0 0 0 0 1 0 0 0 0
260	1	1 1 1 0 1 1 0 1 1 1 1 1 0 0 0 1 0 1 0 1 0 1 1 1 0 1 1 1 1 0 0 1 1 0 1 0 1 0 1 0 0 0 0 0 0 1 0 0 0 0
260	1	1 1 1 1 1 1 0 1 1 1 0 1 0 0 0 1 0 1 0 1 0 1 1 1 0 1 1 1 1 0 0 1 1 0 1 0 1 0 1 0 0 0 0 1 0 1 0 0 0 0
260	2	1 1 1 0 1 1 0 1 1 1 0 1 0 0 0 1 0 1 0 1 0 1 1 1 0 1 1 1 1 0 0 0 1 0 1 0 1 0 1 0 0 0 0 1 0 1 0 0 0 0
260	78	1 1 1 0 1 1 0 1 1 1 0 1 0 0 0 1 0 1 0 1 0 1 1 1 0 1 1 1 1 0 0 1 1 0 1 0 1 0 1 0 0 0 0 1 0 1 0 0 0 0
260	1	1 1 1 0 1 1 0 1 1 1 0 1 0 0 0 1 0 1 0 1 0 1 0 1 0 1 1 1 1 0 0 1 1 0 1 0 1 0 1 0 0 0 0 1 0 1 0 0 0 0
260	1	1 1 1 0 1 1 0 1 1 1 0 1 0 0 0 1 0 1 0 1 0 1 1 1 0 1 1 1 1 0 0 1 1 0 1 0 1 0 1 0 0 0 0 1 0 1 1 0 0 0
260	2	1 1 1 0 1 1 0 1 1 1 0 1 0 0 0 1 0 1 0 1 0 1 1 1 0 1 1 1 1 0 0 1 1 0 1 0 1 0 1 0 0 0 0 0 0 1 0 0 0 0
270	5	1 1 1 0 1 1 1 1 1 1 0 1 1 0 0 1 0 1 0 1 0 1 1 1 0 1 1 1 1 0 0 1 1 0 1 0 1 0 1 0 0 0 0 1 0 1 0 0 0 0
270	1	1 1 1 0 1 1 0 1 1 1 0 1 0 0 0 1 0 1 0 1 0 1 1 1 1 1 1 1 1 0 0 1 1 0 1 0 0 0 1 0 0 0 0 1 0 1 0 0 0 0
270	1	1 1 1 0 1 1 0 1 1 1 0 1 0 0 0 1 0 1 0 1 0 1 1 1 0 1 1 1 1 0 0 1 1 0 1 0 0 0 1 0 0 0 0 1 1 1 0 0 0 0
270	1	1 1 1 0 1 1 0 1 1 1 0 1 0 0 0 1 0 1 1 1 0 1 1 1 0 1 1 1 1 0 0 1 1 0 1 0 0 0 1 0 0 0 0 1 0 1 0 0 0 0
270	7	1 1 1 0 1 1 0 1 1 1 0 1 0 0 0 1 0 1 0 1 0 1 1 1 0 1 1 1 1 0 0 1 1 0 1 0 0 0 1 0 0 0 0 1 0 1 0 0 0 0
270	1	0 1 1 0 1 1 0 1 1 1 1 1 0 0 0 1 0 1 0 1 0 1 1 1 0 1 1 1 1 0 0 1 1 0 1 0 1 0 1 0 0 0 0 0 0 1 0 0 0 0
270	15	1 1 1 0 1 1 0 1 1 1 1 1 0 0 0 1 0 1 0 1 0 1 1 1 0 1 1 1 1 0 0 1 1 0 1 0 1 0 1 0 0 0 0 0 0 1 0 0 0 0
270	2	1 1 1 0 1 1 0 1 1 1 1 1 0 0 0 1 0 1 0 1 0 1 1 1 0 1 1 1 1 0 0 1 1 0 1 0 1 0 1 0 0 0 0 1 0 1 0 0 0 0
270	2	1 1 1 0 1 1 0 1 1 1 0 1 0 0 0 1 0 1 0 1 0 1 1 1 0 1 1 1 0 0 0 1 1 0 1 0 1 0 1 0 0 0 0 1 0 1 0 0 0 0
270	7	1 1 1 1 1 1 0 1 1 1 0 1 0 0 0 1 0 1 0 1 0 1 1 1 0 1 1 1 1 0 0 1 1 0 1 0 1 0 1 0 0 0 0 1 0 1 0 0 0 0
270	1	1 1 1 0 1 1 0 1 1 1 0 1 0 0 0 1 0 1 0 1 0 1 1 1 0 1 1 1 1 0 0 1 1 0 1 0 1 0 1 0 0 0 1 1 0 1 0 0 0 0
270	1	1 1 1 0 1 1 0 1 1 1 0 0 0 0 0 1 0 1 0 1 0 1 1 1 0 1 1 1 1 0 0 1 1 0 1 0 1 0 1 0 0 0 0 1 0 1 0 0 0 0
270	1	1 1 1 0 1 1 0 1 1 1 0 1 0 0 0 0 0 1 0 1 0 1 1 1 0 1 1 1 1 0 0 1 1 0 1 0 1 0 1 0 0 0 0 1 0 1 0 0 0 0
270	54	1 1 1 0 1 1 0 1 1 1 0 1 0 0 0 1 0 1 0 1 0 1 1 1 0 1 1 1 1 0 0 1 1 0 1 0 1 0 1 0 0 0 0 1 0 1 0 0 0 0
270	1	1 1 1 0 1 0 0 1 1 1 0 1 0 0 0 1 0 1 0 1 0 1 0 1 0 1 1 1 1 0 0 1 1 0 1 0 1 0 1 0 0 0 0 1 0 1 0 0 0 0
280	10	1 1 1 0 1 1 1 1 1 1 0 1 1 0 0 1 0 1 0 1 0 1 1 1 0 1 1 1 1 0 0 1 1 0 1 0 1 0 1 0 0 0 0 1 0 1 0 0 0 0
280	4	1 1 1 0 1 1 0 1 1 1 0 1 0 0 0 1 0 1 0 1 0 1 1 1 1 1 1 1 1 0 0 1 1 0 1 0 0 0 1 0 0 0 0 1 0 1 0 0 0 0
280	1	1 1 1 0 1 1 0 1 1 1 0 1 0 0 0 1 0 1 0 1 0 1 1 1 0 1 1 1 1 0 1 1 1 0 1 0 0 0 1 0 0 0 0 1 0 1 0 0 0 0
280	7	1 1 1 0 1 1 0 1 1 1 0 1 0 0 0 1 0 1 0 1 0 1 1 1 0 1 1 1 1 0 0 1 1 0 1 0 0 0 1 0 0 0 0 1 0 1 0 0 0 0
280	3	1 1 1 0 1 1 0 1 1 1 0 1 0 0 0 1 0 1 0 1 0 0 1 1 0 1 1 1 1 0 0 1 1 0 1 0 1 0 1 0 0 0 0 1 0 1 0 0 0 0
280	2	1 1 1 0 1 1 0 1 1 1 1 1 0 0 0 1 0 1 0 1 0 1 1 1 0 1 1 1 1 0 0 1 0 0 1 0 1 0 1 0 0 0 0 0 0 1 0 0 0 0
280	1	1 1 1 0 1 1 0 1 1 1 1 1 0 0 0 1 0 1 0 1 0 1 1 1 0 1 1 1 1 0 0 1 1 0 1 0 1 0 1 0 0 0 0 1 0 1 0 0 0 0
280	20	1 1 1 0 1 1 0 1 1 1 1 1 0 0 0 1 0 1 0 1 0 1 1 1 0 1 1 1 1 0 0 1 1 0 1 0 1 0 1 0 0 0 0 0 0 1 0 0 0 0
280	43	1 1 1 0 1 1 0 1 1 1 0 1 0 0 0 1 0 1 0 1 0 1 1 1 0 1 1 1 1 0 0 1 1 0 1 0 1 0 1 0 0 0 0 1 0 1 0 0 0 0
280	3	1 1 1 1 1 1 0 1 1 1 0 1 0 0 0 1 0 1 0 1 0 1 1 1 0 1 1 1 1 0 0 1 1 0 1 0 1 0 1 0 0 0 0 1 0 1 0 0 0 0
280	3	1 1 1 0 1 1 0 1 1 1 0 1 0 0 0 1 0 1 0 1 0 1 1 1 0 1 1 1 1 0 0 0 1 0 1 0 1 0 1 0 0 0 0 1 0 1 0 0 0 0
280	2	1 1 1 0 1 1 0 1 1 1 0 0 0 0 0 1 0 1 0 1 0 1 1 1 0 1 1 1 1 0 0 1 1 0 1 0 1 0 1 0 0 0 0 1 0 1 0 0 0 0
280	1	1 1 1 0 1 1 0 1 1 1 0 1 0 0 0 1 0 1 0 1 0 1 1 1 0 1 1 1 1 0 0 1 1 0 1 0 1 1 1 0 0 0 0 1 0 1 0 0 0 0
290	1	1 1 1 0 1 1 1 1 1 1 0 1 1 0 0 1 0 1 0 1 0 1 1 1 0 1 1 1 1 0 0 1 1 0 1 0 1 0 1 0 0 0 1 1 0 1 0 0 0 0
290	27	1 1 1 0 1 1 1 1 1 1 0 1 1 0 0 1 0 1 0 1 0 1 1 1 0 1 1 1 1 0 0 1 1 0 1 0 1 0 1 0 0 0 0 1 0 1 0 0 0 0
290	4	1 1 1 0 1 1 0 1 1 1 0 1 0 0 0 1 0 1 0 1 0 1 1 1 1 1 1 1 1 0 0 1 1 0 1 0 0 0 1 0 0 0 0 1 0 1 0 0 0 0
290	1	1 1 1 0 1 1 0 1 0 1 0 1 0 0 0 1 0 1 0 1 0 1 1 1 0 1 1 1 1 0 0 1 1 0 1 0 0 0 1 0 0 0 0 1 0 1 0 0 0 0
290	2	1 1 1 0 1 1 0 1 1 1 0 1 0 0 0 1 0 1 0 1 0 1 1 1 0 1 1 1 1 0 1 1 1 0 1 0 0 0 1 0 0 0 0 1 0 1 0 0 0 0
290	2	1 1 1 0 1 1 0 1 1 1 0 1 0 0 0 1 0 1 0 1 0 1 1 1 0 1 1 1 1 0 0 1 1 0 1 0 0 0 1 0 0 0 0 1 0 1 0 0 0 0
290	1	1 1 1 0 1 1 0 1 1 1 0 1 0 0 0 1 0 1 0 1 0 0 1 1 0 1 1 1 1 0 0 1 1 0 1 0 1 0 1 0 0 0 0 1 1 1 0 0 0 0
290	1	1 1 1 0 1 1 0 1 1 1 0 1 0 0 0 1 0 1 0 1 0 0 1 1 0 1 1 1 1 0 0 1 1 0 1 0 1 0 1 0 0 0 0 1 0 1 0 0 0 0
290	13	1 1 1 0 1 1 0 1 1 1 1 1 0 0 0 1 0 1 0 1 0 1 1 1 0 1 1 1 1 0 0 1 1 0 1 0 1 0 1 0 0 0 0 0 0 1 0 0 0 0
290	2	1 1 1 0 1 1 0 1 1 1 0 1 0 0 0 1 0 1 0 1 0 1 1 1 0 1 1 1 1 0 0 1 1 0 1 0 1 0 1 0 0 0 0 0 0 1 0 0 0 0
290	1	1 1 1 0 1 1 0 1 1 1 1 1 0 0 0 1 0 1 0 1 0 1 1 1 0 1 1 1 1 0 0 1 1 1 1 0 1 0 1 0 0 0 0 0 0 1 0 0 0 0
290	1	1 1 1 0 1 1 0 1 1 1 0 1 0 0 0 1 0 1 0 1 0 1 1 1 0 1 1 1 1 0 0 1 1 0 1 0 1 0 1 0 0 0 1 1 0 1 0 0 0 0
290	28	1 1 1 0 1 1 0 1 1 1 0 1 0 0 0 1 0 1 0 1 0 1 1 1 0 1 1 1 1 0 0 1 1 0 1 0 1 0 1 0 0 0 0 1 0 1 0 0 0 0
290	14	1 1 1 1 1 1 0 1 1 1 0 1 0 0 0 1 0 1 0 1 0 1 1 1 0 1 1 1 1 0 0 1 1 0 1 0 1 0 1 0 0 0 0 1 0 1 0 0 0 0
290	2	1 1 1 0 1 1 0 1 1 1 0 0 0 0 0 1 0 1 0 1 0 1 1 1 0 1 1 1 1 0 0 1 1 0 1 0 1 0 1 0 0 0 0 1 0 1 0 0 0 0
300	1	1 1 1 0 1 1 1 1 1 1 0 1 1 0 0 1 0 1 0 1 0 1 1 1 0 1 1 1 1 0 0 1 0 0 1 0 1 0 1 0 0 0 0 1 0 1 0 0 0 0
300	30	1 1 1 0 1 1 1 1 1 1 0 1 1 0 0 1 0 1 0 1 0 1 1 1 0 1 1 1 1 0 0 1 1 0 1 0 1 0 1 0 0 0 0 1 0 1 0 0 0 0
300	1	1 1 1 0 0 1 0 1 1 1 0 1 0 0 0 1 0 1 0 1 0 1 1 1 1 1 1 1 1 0 0 1 1 0 1 0 0 0 1 0 0 0 0 1 0 1 0 0 0 0
300	3	1 1 1 0 1 1 0 1 1 1 0 1 0 0 0 1 0 1 0 1 0 1 1 1 1 1 1 1 1 0 0 1 1 0 1 0 0 0 1 0 0 0 0 1 0 1 0 0 0 0
300	3	1 1 1 0 1 1 0 1 1 1 0 1 0 0 0 1 0 1 0 1 0 1 1 1 0 1 1 1 1 0 1 1 1 0 1 0 0 0 1 0 0 0 0 1 0 1 0 0 0 0
300	3	1 1 1 0 1 1 0 1 1 1 0 1 0 0 0 1 0 1 0 1 0 1 1 1 0 1 1 1 1 0 0 1 1 0 1 0 0 0 1 0 0 0 0 1 0 1 0 0 0 0
300	2	1 1 1 0 1 1 0 1 1 1 0 1 0 0 0 1 0 1 0 1 0 0 1 1 0 1 1 1 1 0 0 1 1 0 1 0 1 0 1 0 0 0 0 1 0 1 0 0 0 0
300	1	1 1 1 0 1 1 0 1 1 1 1 1 0 0 0 1 0 1 0 1 0 1 1 1 0 1 1 1 1 0 0 1 1 0 1 1 1 0 1 0 0 0 0 0 0 1 0 0 0 0
300	15	1 1 1 0 1 1 0 1 1 1 1 1 0 0 0 1 0 1 0 1 0 1 1 1 0 1 1 1 1 0 0 1 1 0 1 0 1 0 1 0 0 0 0 0 0 1 0 0 0 0
300	1	1 1 1 0 1 1 0 1 1 1 1 1 0 0 0 1 0 1 0 1 0 1 1 1 0 1 1 1 1 0 0 1 0 0 1 0 1 0 1 0 0 0 0 0 0 1 0 0 0 0
300	1	1 1 1 0 1 1 0 1 1 1 0 1 0 0 0 1 0 1 0 1 0 1 1 1 0 1 1 1 1 0 0 1 1 0 1 0 1 0 1 0 0 0 0 0 0 1 0 0 0 0
300	23	1 1 1 0 1 1 0 1 1 1 0 1 0 0 0 1 0 1 0 1 0 1 1 1 0 1 1 1 1 0 0 1 1 0 1 0 1 0 1 0 0 0 0 1 0 1 0 0 0 0
300	1	1 1 1 1 1 1 0 1 1 1 0 1 0 0 0 1 0 1 0 1 0 1 1 1 1 1 1 1 1 1 0 1 1 0 1 0 1 0 0 0 0 0 0 1 0 1 0 0 0 0
300	2	1 1 1 1 1 1 0 1 1 1 0 1 0 0 0 1 0 1 0 1 0 1 1 1 1 1 1 1 1 0 0 1 1 0 1 0 1 0 0 0 0 0 0 1 0 1 0 0 0 0
300	1	1 1 1 1 1 1 0 1 1 1 0 1 0 0 0 1 0 1 0 1 0 1 1 1 0 1 1 1 1 0 0 1 1 0 1 0 1 0 1 0 0 0 0 0 0 1 0 0 0 0
300	12	1 1 1 1 1 1 0 1 1 1 0 1 0 0 0 1 0 1 0 1 0 1 1 1 0 1 1 1 1 0 0 1 1 0 1 0 1 0 1 0 0 0 0 1 0 1 0 0 0 0
310	1	1 1 1 0 1 1 1 1 1 1 0 1 1 0 0 1 0 1 0 1 0 1 1 1 0 0 1 1 1 0 0 1 1 0 1 0 1 0 1 0 0 0 0 1 0 1 0 0 0 0
310	1	1 1 1 0 1 1 1 1 1 1 0 0 1 0 0 1 0 1 0 1 0 1 1 1 0 1 1 1 1 0 0 1 1 0 1 0 1 0 1 1 0 0 0 1 0 1 0 0 0 0
310	4	1 1 1 0 1 1 1 1 1 1 0 1 1 0 0 1 0 1 0 1 0 1 1 1 0 1 1 1 1 0 0 1 1 0 1 0 1 0 1 1 0 0 0 1 0 1 0 0 0 0
310	1	1 1 1 0 0 1 1 1 1 1 0 1 1 0 0 1 0 1 0 1 0 1 1 1 0 1 1 1 1 0 0 1 1 0 1 0 1 0 1 0 0 0 0 1 0 1 0 0 0 0
310	36	1 1 1 0 1 1 1 1 1 1 0 1 1 0 0 1 0 1 0 1 0 1 1 1 0 1 1 1 1 0 0 1 1 0 1 0 1 0 1 0 0 0 0 1 0 1 0 0 0 0
310	1	1 1 1 0 1 1 0 1 1 1 0 1 0 0 0 1 0 1 0 1 0 1 1 1 1 1 1 1 1 0 0 1 1 0 1 0 0 0 1 0 0 0 0 1 0 1 0 0 0 0
310	3	1 1 1 0 1 1 0 1 1 1 1 1 0 0 0 1 0 1 0 1 0 1 1 1 0 1 1 1 1 0 0 1 1 0 1 1 1 0 1 0 0 0 0 0 0 1 0 0 0 0
310	1	1 1 1 0 1 1 0 1 1 1 1 1 0 0 0 1 0 1 0 1 0 1 0 1 0 1 1 1 1 0 0 1 1 0 1 0 1 0 1 0 0 0 0 0 0 1 0 0 0 0
310	2	1 1 1 0 1 1 0 1 1 1 1 1 0 0 0 1 0 1 0 1 0 1 1 1 1 1 1 1 1 0 0 1 1 0 1 0 1 0 1 0 0 0 0 0 0 1 0 0 0 0
310	2	1 1 1 0 1 1 0 1 1 1 0 1 0 0 0 1 0 1 0 1 0 1 1 1 0 1 1 1 1 0 0 1 1 0 1 0 1 0 1 0 0 0 0 0 0 1 0 0 0 0
310	18	1 1 1 0 1 1 0 1 1 1 1 1 0 0 0 1 0 1 0 1 0 1 1 1 0 1 1 1 1 0 0 1 1 0 1 0 1 0 1 0 0 0 0 0 0 1 0 0 0 0
310	14	1 1 1 0 1 1 0 1 1 1 0 1 0 0 0 1 0 1 0 1 0 1 1 1 0 1 1 1 1 0 0 1 1 0 1 0 1 0 1 0 0 0 0 1 0 1 0 0 0 0
310	2	1 1 1 0 1 1 0 0 1 1 0 1 0 0 0 1 0 1 0 1 0 1 1 1 0 1 1 1 1 0 0 1 1 0 1 0 1 0 1 0 0 0 0 1 0 1 0 0 0 0
310	1	1 1 1 1 1 1 0 1 1 1 0 1 0 0 0 1 0 1 0 1 0 1 1 1 1 1 1 1 1 0 0 1 0 0 1 0 1 0 0 0 0 0 0 1 0 1 0 0 0 0
310	1	1 1 1 1 1 1 0 1 1 1 0 1 0 0 0 1 0 1 0 1 0 1 1 1 1 1 1 1 1 0 0 1 1 0 1 0 1 0 0 0 0 0 0 1 0 1 0 0 0 0
310	2	1 1 1 1 1 1 0 1 1 1 0 1 0 0 0 1 0 1 0 1 0 1 1 1 0 1 1 1 1 0 0 1 1 0 1 0 1 0 1 0 0 0 0 0 0 1 0 0 0 0
310	10	1 1 1 1 1 1 0 1 1 1 0 1 0 0 0 1 0 1 0 1 0 1 1 1 0 1 1 1 1 0 0 1 1 0 1 0 1 0 1 0 0 0 0 1 0 1 0 0 0 0
