0	100	0 0 0 0 0 0 0 0 0 0
10	2	0 0 0 0 1 0 0 0 0 0
10	1	0 1 0 0 0 0 0 0 0 0
10	97	0 0 0 0 0 0 0 0 0 0
20	3	0 0 0 0 0 0 0 1 0 0
20	1	0 1 0 0 0 0 0 0 0 0
20	3	0 0 0 0 0 0 1 0 0 0
20	1	1 0 0 0 0 1 0 0 0 0
20	90	0 0 0 0 0 0 0 0 0 0
20	2	0 0 0 1 0 0 0 0 0 0
30	1	0 0 0 0 0 0 0 1 0 0
30	3	0 0 0 0 1 0 0 0 0 0
30	5	0 1 0 0 0 0 0 0 0 0
30	4	1 0 0 0 0 0 0 0 0 0
30	87	0 0 0 0 0 0 0 0 0 0
40	6	0 0 1 0 0 0 0 0 0 0
40	1	0 1 0 0 0 0 0 0 0 0
40	1	0 0 0 0 0 0 1 0 0 0
40	4	0 0 0 0 1 0 0 0 0 0
40	76	0 0 0 0 0 0 0 0 0 0
40	1	1 0 0 0 0 1 0 0 0 0
40	9	1 0 0 0 0 0 0 0 0 0
40	2	0 0 0 0 0 1 0 0 0 0
50	3	0 0 1 0 0 0 0 0 0 0
50	1	0 1 0 0 0 0 0 0 0 0
50	1	0 0 0 1 0 0 0 0 0 0
50	5	0 0 0 0 0 1 0 0 0 0
50	16	1 0 0 0 0 0 0 0 0 0
50	74	0 0 0 0 0 0 0 0 0 0
60	1	0 0 0 0 0 0 0 1 0 0
60	5	0 0 1 0 0 0 0 0 0 0
60	2	0 1 0 0 0 0 0 0 0 0
60	57	0 0 0 0 0 0 0 0 0 0
60	2	0 0 0 0 1 0 0 0 0 0
60	1	0 0 0 0 0 0 1 0 0 0
60	5	0 0 0 0 0 1 0 0 0 0
60	2	0 0 0 1 0 0 0 0 0 0
60	23	1 0 0 0 0 0 0 0 0 0
60	2	1 0 1 0 0 0 0 0 0 0
70	3	0 0 1 0 0 0 0 0 1 0
70	4	0 0 1 0 0 0 0 0 0 0
70	1	0 1 0 0 0 0 0 0 1 0
70	3	0 1 0 0 0 0 0 0 0 0
70	1	1 0 0 0 0 0 0 1 0 0
70	1	1 1 1 0 0 0 0 0 0 0
70	4	1 0 1 0 0 0 0 0 0 0
70	20	1 0 0 0 0 0 0 0 0 0
70	2	0 0 0 0 0 0 1 0 0 0
70	1	0 1 0 1 0 0 0 0 0 0
70	1	0 0 0 1 0 0 0 0 0 0
70	1	0 0 0 0 0 0 0 0 0 1
70	3	0 0 0 0 1 0 0 0 0 0
70	54	0 0 0 0 0 0 0 0 0 0
70	1	0 0 0 0 0 0 0 0 1 0
80	1	0 0 1 0 0 0 0 0 0 1
80	3	0 0 1 0 0 0 0 0 0 0
80	45	0 0 0 0 0 0 0 0 0 0
80	2	0 1 0 0 0 0 0 0 0 0
80	1	1 0 0 0 0 0 0 1 0 0
80	2	1 1 1 0 0 0 0 0 0 0
80	4	1 0 1 0 0 0 0 0 0 0
80	29	1 0 0 0 0 0 0 0 0 0
80	1	0 0 0 0 0 0 1 0 0 0
80	2	0 0 0 1 0 0 0 0 0 0
80	3	0 0 0 0 0 1 0 0 0 0
80	1	0 1 0 0 1 0 0 0 0 0
80	6	0 0 0 0 1 0 0 0 0 0
90	7	0 0 1 0 0 0 0 0 0 0
90	5	0 0 0 0 1 0 0 0 0 0
90	2	0 0 0 1 0 0 0 0 0 0
90	19	1 0 0 0 0 0 0 0 0 0
90	28	0 0 0 0 0 0 0 0 0 0
90	13	0 1 0 0 0 0 0 0 0 0
90	5	0 0 0 0 0 1 0 0 0 0
90	1	1 1 0 1 0 0 0 0 0 0
90	4	1 1 0 0 0 0 0 0 0 0
90	5	1 1 1 0 0 0 0 0 0 0
90	8	1 0 1 0 0 0 0 0 0 0
90	3	1 0 0 0 0 1 0 0 0 0
100	10	0 0 1 0 0 0 0 0 0 0
100	2	0 0 0 0 1 0 0 0 0 0
100	1	0 0 0 1 0 0 0 0 0 0
100	4	0 0 0 0 0 1 0 0 0 0
100	7	0 1 0 0 0 0 0 0 0 0
100	33	0 0 0 0 0 0 0 0 0 0
100	2	1 0 0 0 0 0 0 1 0 0
100	11	1 0 1 0 0 0 0 0 0 0
100	16	1 0 0 0 0 0 0 0 0 0
100	7	1 1 1 0 0 0 0 0 0 0
100	1	1 1 0 0 0 0 0 0 0 0
100	2	1 0 0 0 0 0 0 0 1 0
100	1	1 0 0 0 1 0 0 0 0 0
100	2	1 1 1 1 0 0 0 0 0 0
100	1	0 0 0 0 1 1 0 0 0 0
110	5	0 0 1 0 0 0 0 0 0 0
110	6	0 0 0 0 1 0 0 0 0 0
110	1	0 0 0 0 0 1 0 0 0 0
110	4	1 1 0 0 0 0 0 0 0 0
110	9	0 1 0 0 0 0 0 0 0 0
110	17	0 0 0 0 0 0 0 0 0 0
110	3	0 0 0 0 0 0 0 0 0 1
110	4	1 0 0 0 0 0 0 1 0 0
110	6	1 0 0 0 1 0 0 0 0 0
110	24	1 0 0 0 0 0 0 0 0 0
110	1	1 0 1 0 0 0 1 0 0 0
110	11	1 0 1 0 0 0 0 0 0 0
110	1	1 1 1 1 0 0 0 0 0 0
110	6	1 1 1 0 0 0 0 0 0 0
110	1	1 0 1 0 1 0 0 0 0 0
110	1	0 0 0 0 1 1 0 0 0 0
120	17	0 0 0 0 0 0 0 0 0 0
120	6	0 0 1 0 0 0 0 0 0 0
120	1	1 0 0 0 0 0 0 0 1 0
120	1	1 0 1 0 1 0 0 0 0 0
120	19	1 0 1 0 0 0 0 0 0 0
120	15	1 0 0 0 0 0 0 0 0 0
120	1	0 0 0 0 0 1 0 0 0 0
120	1	0 0 0 0 1 0 0 0 0 0
120	13	0 1 0 0 0 0 0 0 0 0
120	3	0 0 0 0 0 0 0 0 0 1
120	2	1 0 0 0 0 0 0 1 0 0
120	1	1 0 1 1 0 0 0 0 0 0
120	5	1 0 0 0 1 0 0 0 0 0
120	5	1 1 1 1 0 0 0 0 0 0
120	8	1 1 1 0 0 0 0 0 0 0
120	2	0 1 0 0 0 1 0 0 0 0
130	1	0 0 0 0 0 0 1 0 0 0
130	1	0 0 0 0 0 0 0 0 0 1
130	10	0 0 0 0 0 0 0 0 0 0
130	2	0 0 1 0 0 0 0 0 0 0
130	27	1 0 1 0 0 0 0 0 0 0
130	1	1 0 1 0 1 0 0 0 0 0
130	25	1 0 0 0 0 0 0 0 0 0
130	15	1 1 1 0 0 0 0 0 0 0
130	3	1 1 0 0 0 0 0 0 0 0
130	9	0 1 0 0 0 0 0 0 0 0
130	1	1 1 1 1 0 1 0 0 0 0
130	5	1 1 1 1 0 0 0 0 0 0
140	6	0 0 0 0 0 0 1 0 0 0
140	5	0 0 0 0 0 0 0 0 0 0
140	2	1 0 1 0 1 0 0 0 0 0
140	23	1 1 1 0 0 0 0 0 0 0
140	2	1 0 0 0 1 0 0 0 0 0
140	2	1 0 0 0 0 0 0 0 1 0
140	16	1 0 0 0 0 0 0 0 0 0
140	26	1 0 1 0 0 0 0 0 0 0
140	4	0 1 0 0 0 0 0 0 0 0
140	2	1 1 1 1 0 1 0 0 0 0
140	1	1 1 1 1 0 0 0 1 0 0
140	11	1 1 1 1 0 0 0 0 0 0
150	17	1 0 0 0 0 0 0 0 0 0
150	2	0 0 0 0 0 0 0 0 0 0
150	2	0 0 1 0 0 1 0 0 0 0
150	1	1 0 1 0 1 0 0 0 0 0
150	1	1 0 1 0 0 1 0 0 0 0
150	25	1 0 1 0 0 0 0 0 0 0
150	27	1 1 1 0 0 0 0 0 0 0
150	6	0 1 0 0 0 0 0 0 0 0
150	3	1 1 1 1 0 1 0 0 0 0
150	16	1 1 1 1 0 0 0 0 0 0
