0	100	0 0 0 0 0 0 0 0 0 0
10	2	0 0 0 0 1 0 0 0 0 0
10	96	0 0 0 0 0 0 0 0 0 0
10	2	0 0 0 0 0 0 0 1 0 0
20	2	0 0 0 1 0 0 0 0 0 0
20	1	0 1 0 0 0 0 0 0 0 0
20	1	0 0 0 0 0 1 0 0 0 0
20	1	0 0 0 0 0 0 1 0 0 0
20	1	0 0 0 0 0 0 0 1 0 0
20	4	0 0 0 0 0 0 0 0 1 0
20	90	0 0 0 0 0 0 0 0 0 0
30	4	0 0 0 1 0 0 0 0 0 0
30	1	0 1 1 0 0 0 0 0 0 0
30	4	0 1 0 0 0 0 0 0 0 0
30	1	0 0 1 0 0 0 0 0 0 0
30	3	0 0 0 0 0 0 0 1 0 0
30	87	0 0 0 0 0 0 0 0 0 0
40	3	0 0 0 1 0 0 0 0 0 0
40	3	0 0 1 0 0 0 0 0 0 0
40	5	0 1 0 0 0 0 0 0 0 0
40	80	0 0 0 0 0 0 0 0 0 0
40	1	0 0 0 0 0 1 0 0 0 0
40	5	0 0 0 0 0 0 0 0 1 0
40	3	0 0 0 0 0 0 0 1 0 0
50	11	0 0 0 1 0 0 0 0 0 0
50	4	0 0 1 0 0 0 0 0 0 0
50	10	0 1 0 0 0 0 0 0 0 0
50	2	0 0 0 0 0 1 0 0 0 0
50	5	0 0 0 0 0 0 0 1 0 0
50	1	0 0 0 0 0 0 1 0 0 1
50	1	0 0 0 0 0 0 1 0 0 0
50	63	0 0 0 0 0 0 0 0 0 0
50	3	0 0 0 0 0 0 0 0 1 0
60	11	0 0 0 1 0 0 0 0 0 0
60	2	0 0 0 0 0 0 0 0 1 0
60	63	0 0 0 0 0 0 0 0 0 0
60	4	0 1 1 0 0 0 0 0 0 0
60	2	0 0 1 0 0 0 0 0 0 0
60	1	0 0 0 0 0 0 1 0 1 0
60	1	0 0 0 0 0 0 1 0 0 0
60	1	0 0 0 0 0 1 0 0 0 0
60	11	0 1 0 0 0 0 0 0 0 0
60	1	0 0 0 0 0 0 0 0 0 1
60	1	0 0 0 0 0 1 0 1 0 0
60	2	0 0 0 0 0 0 0 1 0 0
70	1	0 0 0 0 1 0 0 0 0 0
70	2	0 1 0 1 0 0 0 0 0 0
70	1	0 0 0 1 1 0 0 0 0 0
70	11	0 0 0 1 0 0 0 0 0 0
70	1	1 0 0 0 0 0 0 0 0 0
70	2	0 0 0 0 0 1 0 0 0 0
70	1	0 1 0 0 0 0 0 1 0 0
70	15	0 1 0 0 0 0 0 0 0 0
70	53	0 0 0 0 0 0 0 0 0 0
70	1	0 1 1 0 0 0 0 1 0 0
70	6	0 1 1 0 0 0 0 0 0 0
70	6	0 0 1 0 0 0 0 0 0 0
80	8	0 0 1 0 0 0 0 0 0 0
80	20	0 1 0 0 0 0 0 0 0 0
80	31	0 0 0 0 0 0 0 0 0 0
80	19	0 0 0 1 0 0 0 0 0 0
80	1	0 1 0 1 0 0 0 0 0 0
80	1	0 0 0 1 1 0 0 0 0 0
80	2	0 0 0 0 0 0 0 0 1 0
80	1	0 0 0 0 0 1 0 0 0 0
80	1	0 1 1 0 0 0 0 1 0 0
80	15	0 1 1 0 0 0 0 0 0 0
80	1	1 0 1 0 0 0 0 0 0 0
90	2	0 0 0 0 1 0 0 0 0 0
90	11	0 1 1 0 0 0 0 0 0 0
90	17	0 0 1 0 0 0 0 0 0 0
90	1	1 0 0 1 0 0 0 0 0 0
90	27	0 0 0 1 0 0 0 0 0 0
90	12	0 0 0 0 0 0 0 0 0 0
90	24	0 1 0 0 0 0 0 0 0 0
90	1	0 0 0 1 1 0 0 0 0 0
90	2	0 0 0 0 0 1 0 0 0 0
90	2	0 1 0 0 0 0 0 0 0 1
90	1	1 1 1 0 0 0 0 0 0 0
100	2	0 0 0 0 1 0 0 0 0 0
100	1	0 0 0 0 0 0 0 1 0 0
100	3	0 0 1 0 0 0 0 1 0 0
100	4	0 0 1 1 0 0 0 0 0 0
100	10	0 0 0 0 0 0 0 0 0 0
100	14	0 0 1 0 0 0 0 0 0 0
100	18	0 1 1 0 0 0 0 0 0 0
100	1	0 0 0 0 0 0 0 0 1 0
100	3	1 0 0 1 0 0 0 0 0 0
100	2	0 0 0 1 0 0 0 0 1 0
100	1	0 0 0 1 1 0 0 0 0 0
100	1	0 0 0 1 0 0 0 1 0 0
100	18	0 0 0 1 0 0 0 0 0 0
100	1	0 0 0 0 0 1 0 0 0 0
100	18	0 1 0 0 0 0 0 0 0 0
100	3	0 1 0 1 0 0 0 0 0 0
110	1	0 0 0 0 1 0 0 0 0 0
110	6	0 0 1 0 0 0 0 1 0 0
110	20	0 0 0 1 0 0 0 0 0 0
110	3	0 0 0 0 0 0 0 0 0 0
110	1	0 0 1 0 0 0 1 0 0 0
110	1	0 0 1 0 0 1 0 0 0 0
110	18	0 0 1 0 0 0 0 0 0 0
110	1	0 1 1 0 1 0 0 0 0 0
110	23	0 1 1 0 0 0 0 0 0 0
110	6	1 0 0 1 0 0 0 0 0 0
110	2	0 0 0 0 0 1 0 0 0 0
110	18	0 1 0 0 0 0 0 0 0 0
120	1	0 0 1 0 0 0 0 1 0 0
120	12	0 0 0 1 0 0 0 0 0 0
120	1	1 0 1 1 0 0 0 0 0 0
120	5	0 0 1 1 0 0 0 0 0 0
120	6	0 1 0 1 0 0 0 0 0 0
120	5	0 0 0 0 0 0 0 0 0 0
120	16	0 1 0 0 0 0 0 0 0 0
120	1	0 0 1 0 0 1 0 0 0 0
120	24	0 1 1 0 0 0 0 0 0 0
120	22	0 0 1 0 0 0 0 0 0 0
120	3	0 1 1 1 0 0 0 0 0 0
120	1	0 1 1 0 1 0 0 1 0 0
120	1	0 1 1 0 1 0 0 0 0 0
120	1	1 1 1 0 0 0 0 0 0 0
120	1	0 1 0 0 0 0 0 0 1 0
130	2	0 1 0 1 0 0 0 0 0 0
130	5	0 0 0 0 0 0 0 0 0 0
130	11	0 0 0 1 0 0 0 0 0 0
130	1	1 0 1 1 0 0 0 0 0 0
130	2	0 1 1 1 0 0 0 0 0 0
130	1	0 0 1 1 0 0 0 1 0 0
130	6	0 0 1 1 0 0 0 0 0 0
130	11	0 1 0 0 0 0 0 0 0 0
130	1	0 0 1 0 0 0 0 1 0 0
130	17	0 0 1 0 0 0 0 0 0 0
130	27	0 1 1 0 0 0 0 0 0 0
130	2	0 0 1 0 0 1 0 0 0 0
130	1	0 1 1 1 0 0 0 0 0 1
130	3	0 0 1 0 1 0 0 0 0 0
130	1	0 0 1 0 0 0 0 0 0 1
130	1	0 1 1 0 1 0 0 0 0 0
130	8	1 0 0 1 0 0 0 0 0 0
140	2	0 1 0 1 0 0 0 0 0 0
140	1	0 0 0 0 0 1 0 0 0 0
140	5	0 1 0 0 0 0 0 0 0 0
140	2	0 0 0 0 0 0 0 0 0 0
140	8	1 0 0 1 0 0 0 0 0 0
140	7	0 0 0 1 0 0 0 0 0 0
140	2	0 1 1 1 0 0 0 0 0 0
140	1	0 0 1 1 0 0 0 1 0 0
140	7	0 0 1 0 0 1 0 0 0 0
140	40	0 1 1 0 0 0 0 0 0 0
140	15	0 0 1 0 0 0 0 0 0 0
140	4	0 0 1 1 0 0 0 0 0 0
140	1	0 1 0 0 0 0 0 0 1 0
140	1	1 1 1 0 0 0 0 0 0 0
140	1	0 1 1 0 0 0 1 0 0 0
140	1	0 0 1 0 1 0 0 0 0 0
140	1	1 0 0 1 1 0 0 0 0 0
140	1	0 1 0 1 0 0 0 0 0 1
150	15	0 1 0 0 0 0 0 0 0 0
150	1	0 0 0 0 0 0 0 0 0 0
150	6	0 0 0 1 0 0 0 0 0 0
150	12	1 0 0 1 0 0 0 0 0 0
150	3	0 1 1 1 0 0 1 0 0 0
150	1	0 1 1 1 0 1 0 0 0 0
150	4	0 1 1 1 0 0 0 0 0 0
150	3	0 0 1 0 0 1 0 0 0 0
150	1	0 1 1 0 1 0 0 1 0 0
150	1	0 1 1 0 0 0 0 1 0 0
150	37	0 1 1 0 0 0 0 0 0 0
150	7	0 0 1 1 0 0 0 0 0 0
150	7	0 0 1 0 0 0 0 0 0 0
150	2	0 0 1 0 1 0 0 0 0 0
