0	100	0 0 0 0 0 0 0 0 0 0
10	100	0 0 0 0 0 0 0 0 0 0
20	4	0 0 0 1 0 0 0 0 0 0
20	2	0 0 0 0 0 0 0 0 0 1
20	1	0 0 0 0 1 0 0 0 0 0
20	1	0 0 1 0 0 0 0 0 0 0
20	1	0 0 0 0 0 0 0 1 0 0
20	1	0 0 0 0 0 1 0 0 0 0
20	90	0 0 0 0 0 0 0 0 0 0
30	2	0 0 0 1 0 0 0 0 0 0
30	1	0 1 0 0 0 0 0 0 0 0
30	1	0 0 0 0 0 1 0 0 0 0
30	1	0 0 0 0 1 0 0 0 0 0
30	2	0 0 0 0 0 0 0 1 0 0
30	93	0 0 0 0 0 0 0 0 0 0
40	1	0 1 0 0 0 0 0 0 0 0
40	2	1 0 0 0 0 0 0 0 0 0
40	2	0 0 0 0 0 1 0 0 0 0
40	2	0 0 0 0 0 0 0 0 1 0
40	1	0 0 0 0 1 0 0 0 0 0
40	1	0 0 1 0 0 0 0 0 0 0
40	1	0 0 0 0 0 0 0 1 0 0
40	90	0 0 0 0 0 0 0 0 0 0
50	2	0 0 0 1 0 0 0 0 0 0
50	1	0 1 0 0 0 0 0 0 0 0
50	1	1 0 0 0 0 0 0 0 0 0
50	2	0 0 0 0 0 1 0 0 0 0
50	1	0 0 0 0 1 0 0 0 0 0
50	1	0 0 1 1 0 0 0 0 0 0
50	1	0 0 0 0 0 0 0 0 0 1
50	91	0 0 0 0 0 0 0 0 0 0
60	1	0 1 0 1 0 0 0 0 0 0
60	7	0 0 0 1 0 0 0 0 0 0
60	1	0 1 0 0 0 0 0 0 0 0
60	6	1 0 0 0 0 0 0 0 0 0
60	3	0 0 0 0 0 1 0 0 0 0
60	2	0 0 0 0 0 0 0 0 0 1
60	4	0 0 1 0 0 0 0 0 0 0
60	1	0 0 0 0 0 0 0 1 0 0
60	67	0 0 0 0 0 0 0 0 0 0
60	8	0 0 1 1 0 0 0 0 0 0
70	2	0 1 0 1 0 0 0 0 0 0
70	1	0 0 0 1 0 0 0 0 0 0
70	1	0 1 0 0 0 0 1 0 0 0
70	5	0 1 0 0 0 0 0 0 0 0
70	5	1 0 1 0 0 0 0 0 0 0
70	6	1 0 0 0 0 0 0 0 0 0
70	4	0 0 0 0 0 1 0 0 0 0
70	2	0 0 0 0 1 0 0 0 0 0
70	63	0 0 0 0 0 0 0 0 0 0
70	1	0 0 0 0 0 0 0 1 1 0
70	1	0 0 0 0 0 0 0 0 1 0
70	9	0 0 1 1 0 0 0 0 0 0
80	4	0 1 0 1 0 0 0 0 0 0
80	4	0 0 0 0 0 1 0 0 0 0
80	7	0 1 0 0 0 0 0 0 0 0
80	3	1 0 1 0 0 0 0 0 0 0
80	5	1 0 0 0 0 0 0 0 0 0
80	3	0 0 1 0 0 0 0 0 0 0
80	1	0 0 0 0 0 0 0 1 0 0
80	1	0 0 0 0 0 0 0 0 1 0
80	55	0 0 0 0 0 0 0 0 0 0
80	1	0 0 1 1 1 0 0 0 0 0
80	16	0 0 1 1 0 0 0 0 0 0
90	6	0 1 0 1 0 0 0 0 0 0
90	1	0 0 0 1 0 0 0 0 0 0
90	7	0 0 0 0 0 1 0 0 0 0
90	5	0 0 1 0 0 0 0 0 0 0
90	10	1 0 0 0 0 0 0 0 0 0
90	14	0 1 0 0 0 0 0 0 0 0
90	2	0 0 0 0 0 0 1 0 0 0
90	39	0 0 0 0 0 0 0 0 0 0
90	2	1 0 1 0 0 0 0 0 0 0
90	1	0 0 0 0 0 0 0 0 0 1
90	13	0 0 1 1 0 0 0 0 0 0
100	1	0 1 1 1 0 0 0 0 0 0
100	1	0 1 0 1 1 0 0 0 0 0
100	5	0 1 0 1 0 0 0 0 0 0
100	3	0 0 0 1 0 0 0 0 0 0
100	17	0 0 0 0 0 1 0 0 0 0
100	9	0 0 1 1 0 0 0 0 0 0
100	5	0 0 1 0 0 0 0 0 0 0
100	2	1 0 1 0 0 0 0 0 0 0
100	13	1 0 0 0 0 0 0 0 0 0
100	2	0 0 0 0 0 0 0 0 0 1
100	33	0 0 0 0 0 0 0 0 0 0
100	8	0 1 0 0 0 0 0 0 0 0
100	1	0 0 1 1 1 0 0 0 0 0
110	6	0 1 0 1 0 0 0 0 0 0
110	5	0 0 0 1 0 0 0 0 0 0
110	7	0 0 0 0 0 1 0 0 0 0
110	1	0 0 1 1 1 1 0 0 0 0
110	4	0 0 1 1 1 0 0 0 0 0
110	1	0 0 1 0 0 0 0 0 0 0
110	21	0 0 1 1 0 0 0 0 0 0
110	2	1 0 1 0 0 1 0 0 0 0
110	3	1 1 0 0 0 0 0 0 0 0
110	12	1 0 0 0 0 0 0 0 0 0
110	1	0 0 0 0 0 0 0 0 1 0
110	4	0 0 0 0 0 0 0 0 0 1
110	12	0 1 0 0 0 0 0 0 0 0
110	21	0 0 0 0 0 0 0 0 0 0
120	13	0 1 0 1 0 0 0 0 0 0
120	22	0 0 1 1 0 0 0 0 0 0
120	1	0 0 0 0 0 1 0 1 0 0
120	4	0 0 0 0 0 1 0 0 0 0
120	10	0 0 1 1 1 0 0 0 0 0
120	2	1 0 1 1 0 0 0 0 0 0
120	4	1 0 1 0 0 1 0 0 0 0
120	3	1 0 1 0 0 0 0 0 0 0
120	1	1 1 0 0 0 0 0 0 0 0
120	2	1 0 0 0 0 0 0 0 1 0
120	6	1 0 0 0 0 0 0 0 0 0
120	1	0 0 0 0 0 0 0 0 0 1
120	22	0 0 0 0 0 0 0 0 0 0
120	1	0 0 0 0 0 0 0 0 1 0
120	8	0 1 0 0 0 0 0 0 0 0
130	3	0 0 0 1 0 0 0 0 0 0
130	1	0 1 0 1 1 0 0 0 0 0
130	3	0 1 0 1 0 0 0 0 0 0
130	4	0 0 1 1 0 0 0 1 0 0
130	12	0 0 1 1 1 0 0 0 0 0
130	23	0 0 1 1 0 0 0 0 0 0
130	1	0 0 0 0 0 1 0 1 0 0
130	21	0 0 0 0 0 0 0 0 0 0
130	8	0 0 0 0 0 1 0 0 0 0
130	2	1 0 1 1 0 0 0 0 0 0
130	1	1 0 1 0 0 0 0 0 1 0
130	6	1 0 1 0 0 0 0 0 0 0
130	1	1 0 0 0 0 0 0 0 1 0
130	10	1 0 0 0 0 0 0 0 0 0
130	4	0 1 0 0 0 0 0 0 0 0
140	3	0 0 0 1 0 0 0 0 0 0
140	8	0 1 0 1 0 0 0 0 0 0
140	1	0 0 1 1 0 0 0 1 0 0
140	2	1 0 1 1 1 0 0 0 0 0
140	14	0 0 1 1 1 0 0 0 0 0
140	1	0 0 1 1 0 0 1 0 0 1
140	1	0 0 1 1 0 0 0 0 0 1
140	4	1 0 1 1 0 0 0 0 0 0
140	24	0 0 1 1 0 0 0 0 0 0
140	1	1 0 0 0 0 0 0 0 1 0
140	11	0 0 0 0 0 0 0 0 0 0
140	10	1 0 0 0 0 0 0 0 0 0
140	3	0 1 0 0 0 0 0 0 0 0
140	1	0 0 1 0 0 1 0 0 0 0
140	5	0 0 0 0 0 1 0 0 0 0
140	2	1 0 1 0 0 1 0 0 0 0
140	2	1 0 1 0 0 0 0 1 0 0
140	2	1 0 1 0 0 0 0 0 0 0
140	1	1 1 0 0 0 0 0 0 0 1
140	3	1 1 0 0 0 0 0 0 0 0
140	1	1 0 0 0 1 0 0 0 0 0
150	4	0 1 0 0 0 0 0 0 0 0
150	1	0 0 0 1 0 0 0 0 0 0
150	1	1 1 0 1 0 0 0 0 0 0
150	8	0 1 0 1 0 0 0 0 0 0
150	1	0 0 1 1 0 0 0 1 0 0
150	2	1 0 1 1 1 0 0 0 0 0
150	1	0 0 1 1 1 0 0 0 0 1
150	15	0 0 1 1 1 0 0 0 0 0
150	11	1 0 1 1 0 0 0 0 0 0
150	16	0 0 1 1 0 0 0 0 0 0
150	1	1 0 0 0 0 0 0 0 1 0
150	11	0 0 0 0 0 0 0 0 0 0
150	4	1 0 0 0 0 0 0 0 0 0
150	1	0 0 0 0 0 1 0 0 0 0
150	4	1 0 1 0 0 1 0 0 0 0
150	1	1 0 1 0 0 0 0 1 0 0
150	10	1 0 1 0 0 0 0 0 0 0
150	8	1 1 0 0 0 0 0 0 0 0
