10	2	1 0 1 1 0 0 1 0 1 0 1 0 0 0 0 1 0 0 1 0 1 0 0 1 0 0 1 1 0 0 0 1 1 0 0 1 0 1 0 0 0 1 1 0 0 0 0 1 1 0
10	24	1 0 1 1 0 0 1 0 1 0 1 0 0 0 0 1 0 0 1 0 1 0 0 1 0 0 1 1 0 0 0 1 1 0 0 1 0 1 0 0 0 1 1 1 0 0 0 1 1 0
10	1	1 1 1 1 0 0 1 1 1 0 1 0 1 1 0 1 1 1 1 1 1 0 1 1 0 1 1 1 0 1 0 0 0 1 0 1 1 0 1 1 0 0 0 1 1 0 1 1 0 1
10	15	1 1 1 1 0 0 1 1 1 0 1 0 1 1 0 0 1 1 1 1 1 0 1 1 0 1 1 1 0 1 0 0 0 1 0 1 1 0 1 1 0 0 0 1 1 0 1 1 0 1
10	23	0 0 0 0 0 0 0 1 1 1 0 1 0 1 0 1 0 0 1 1 1 1 0 1 1 1 0 1 1 0 1 1 0 1 1 0 1 1 0 1 0 0 1 1 1 1 0 1 0 1
10	10	1 0 1 0 1 0 0 0 0 1 1 0 0 1 0 1 1 1 1 0 1 1 1 1 1 1 1 1 0 1 0 1 0 1 0 0 1 1 1 1 1 0 0 0 0 1 0 0 1 0
10	3	1 1 1 0 1 0 1 0 1 0 0 0 0 0 1 0 1 0 1 0 1 1 1 0 0 1 0 1 0 1 0 0 1 1 1 1 1 0 0 0 0 0 1 1 1 1 0 0 0 0
10	22	1 1 1 0 1 0 1 0 1 0 0 0 0 0 1 0 1 0 1 0 1 1 1 0 0 1 0 1 1 1 0 0 1 1 1 1 1 0 0 0 0 0 1 1 1 1 0 0 0 0
20	2	1 0 1 1 0 0 1 0 1 0 1 0 0 0 0 1 0 0 1 0 1 0 0 1 0 0 1 1 0 0 0 1 1 0 0 1 0 1 0 0 0 1 0 1 0 0 0 1 1 0
20	2	1 0 1 1 0 0 1 1 1 0 1 0 0 0 0 1 0 0 1 0 1 0 0 1 0 0 1 1 0 0 0 1 1 0 0 1 0 1 0 0 0 1 1 1 0 0 0 1 1 0
20	25	1 0 1 1 0 0 1 0 1 0 1 0 0 0 0 1 0 0 1 0 1 0 0 1 0 0 1 1 0 0 0 1 1 0 0 1 0 1 0 0 0 1 1 1 0 0 0 1 1 0
20	19	1 1 1 1 0 0 1 1 1 0 1 0 1 1 0 0 1 1 1 1 1 0 1 1 0 1 1 1 0 1 0 0 0 1 0 1 1 0 1 1 0 0 0 1 1 0 1 1 0 0
20	1	0 1 1 1 0 0 1 1 1 0 1 0 1 1 0 0 1 1 1 1 1 0 1 1 0 1 1 1 0 1 0 0 0 1 0 1 1 0 1 1 0 0 0 1 1 0 1 1 0 1
20	1	1 1 1 1 0 0 1 1 1 0 1 0 1 1 0 0 1 1 1 1 1 0 1 1 0 1 1 1 0 1 0 0 0 1 0 1 0 0 1 1 0 0 0 1 1 0 1 1 0 1
20	13	1 1 1 1 0 0 1 1 1 0 1 0 1 1 0 0 1 1 1 1 1 0 1 1 0 1 1 1 0 1 0 0 0 1 0 1 1 0 1 1 0 0 0 1 1 0 1 1 0 1
20	8	0 0 0 0 0 0 0 1 1 1 0 1 0 1 0 1 0 0 1 1 1 1 0 1 1 1 0 1 1 0 1 1 0 1 1 0 1 1 0 1 0 0 1 1 1 1 0 1 0 1
20	1	1 0 1 0 1 0 0 0 0 1 1 0 0 1 0 1 1 1 1 0 1 1 1 1 1 1 1 1 0 1 0 1 0 1 0 1 1 1 1 1 1 0 0 0 0 1 0 0 1 0
20	4	1 0 1 0 1 0 0 0 0 1 1 0 0 1 0 1 1 1 1 0 1 1 1 1 1 1 1 1 0 1 0 1 0 1 0 0 1 1 1 1 1 0 0 0 0 1 0 0 1 0
20	6	1 1 1 0 1 0 1 0 1 0 0 0 0 0 1 0 1 0 1 0 1 1 1 0 0 1 0 1 0 1 0 0 1 1 1 1 1 0 0 0 0 0 1 1 1 1 0 0 0 0
20	6	1 1 1 0 1 0 1 0 1 0 0 0 0 0 1 0 1 0 1 0 1 1 1 0 0 1 0 1 1 1 0 0 1 1 1 1 1 1 0 0 0 0 1 1 1 1 0 0 0 0
20	1	1 1 1 0 1 0 1 0 1 0 0 0 0 0 1 0 1 0 1 0 1 1 1 0 0 1 0 1 1 1 0 0 1 1 1 1 1 0 0 0 0 1 1 1 1 1 0 0 0 0
20	11	1 1 1 0 1 0 1 0 1 0 0 0 0 0 1 0 1 0 1 0 1 1 1 0 0 1 0 1 1 1 0 0 1 1 1 1 1 0 0 0 0 0 1 1 1 1 0 0 0 0
30	1	1 0 1 1 0 0 1 0 1 0 1 0 0 0 0 1 0 0 1 0 1 0 0 1 0 0 0 1 0 0 0 1 1 0 0 1 0 1 0 0 0 1 1 1 0 0 0 1 1 0
30	11	1 0 1 1 0 0 1 0 1 0 1 0 0 0 0 1 0 0 1 0 1 0 0 1 0 0 1 1 0 0 0 1 1 0 0 1 0 1 0 0 0 1 1 1 0 0 0 1 1 0
30	10	1 1 1 1 0 0 1 1 1 0 1 0 1 1 0 0 1 1 1 1 1 0 1 1 0 1 1 1 0 1 0 0 0 1 0 1 1 0 1 1 0 0 0 1 1 0 1 1 0 1
30	1	1 1 1 1 0 0 1 1 1 0 1 0 1 1 0 0 1 1 1 1 1 0 1 1 0 1 1 1 0 1 0 0 0 1 1 1 1 0 1 1 0 0 0 1 1 0 1 1 0 0
30	1	1 1 1 1 0 0 1 1 1 0 1 0 1 1 0 0 1 1 1 1 1 0 0 1 0 1 1 1 0 1 0 0 0 1 0 1 1 0 1 1 0 0 0 1 1 0 1 1 0 0
30	53	1 1 1 1 0 0 1 1 1 0 1 0 1 1 0 0 1 1 1 1 1 0 1 1 0 1 1 1 0 1 0 0 0 1 0 1 1 0 1 1 0 0 0 1 1 0 1 1 0 0
30	2	1 1 1 1 0 0 1 1 1 0 1 0 1 1 0 0 1 1 1 1 1 0 1 1 0 1 1 1 0 1 0 0 0 1 0 1 1 0 1 1 0 0 1 1 1 0 0 1 0 1
30	1	1 1 1 1 0 0 1 1 1 0 1 0 1 1 0 0 1 1 1 1 1 0 1 1 0 1 1 1 0 1 0 0 0 1 0 1 1 0 1 1 0 0 0 1 1 0 0 1 0 1
30	4	0 0 0 0 0 0 0 1 1 1 0 1 0 1 0 1 0 0 1 1 1 1 0 1 1 1 0 1 1 0 1 1 0 1 1 0 1 1 0 1 0 0 1 1 1 1 0 1 0 1
30	1	1 0 1 0 1 0 0 0 0 1 1 0 0 1 0 1 1 1 1 0 1 1 1 1 1 1 1 1 0 1 0 1 0 1 0 0 1 1 1 1 1 0 0 0 0 1 0 0 1 0
30	6	1 1 1 0 1 0 1 0 1 0 0 0 0 0 1 0 1 0 1 0 1 1 1 0 0 1 0 1 0 1 0 0 1 1 1 1 1 0 0 0 0 0 1 1 1 1 0 0 0 0
30	5	1 1 1 0 1 0 1 0 1 0 0 0 0 0 1 0 1 0 1 0 1 1 1 0 0 1 0 1 1 1 0 0 1 1 1 1 1 1 0 0 0 0 1 1 1 1 0 0 0 0
30	4	1 1 1 0 1 0 1 0 1 0 0 0 0 0 1 0 1 0 1 0 1 1 1 0 0 1 0 1 1 1 0 0 1 1 1 1 1 0 0 0 0 0 1 1 1 1 0 0 0 0
40	1	1 0 1 1 0 0 1 0 1 0 1 0 0 0 0 1 0 0 1 0 1 0 0 1 0 0 1 1 0 0 0 1 1 0 0 1 0 1 0 0 0 1 1 1 0 0 0 1 1 0
40	2	1 1 1 1 0 0 1 1 1 1 1 0 1 1 0 0 1 1 1 1 1 0 1 1 0 1 1 1 0 1 0 0 0 1 0 1 1 0 1 1 0 0 0 1 1 0 1 1 0 1
40	7	1 1 1 1 0 0 1 1 1 0 1 0 1 1 0 0 1 1 1 1 1 0 1 1 0 1 1 1 0 1 0 0 0 1 0 1 1 0 1 1 0 0 0 1 1 0 1 1 0 1
40	1	1 1 1 1 0 0 1 1 1 0 1 0 1 1 0 0 1 1 1 1 1 0 1 1 0 1 1 1 0 1 0 0 0 1 0 1 1 0 1 1 0 0 0 1 1 0 0 1 0 0
40	81	1 1 1 1 0 0 1 1 1 0 1 0 1 1 0 0 1 1 1 1 1 0 1 1 0 1 1 1 0 1 0 0 0 1 0 1 1 0 1 1 0 0 0 1 1 0 1 1 0 0
40	1	1 1 1 1 0 0 1 1 1 0 1 0 1 1 0 0 1 1 1 1 1 0 1 1 0 1 1 1 0 1 0 0 0 1 0 1 1 0 1 1 0 0 0 1 1 0 0 1 0 1
40	1	1 1 1 0 1 0 1 0 1 0 0 0 0 0 1 0 1 0 1 0 1 1 1 0 0 1 0 1 0 1 0 0 1 1 1 1 1 0 0 0 0 0 1 1 1 1 0 0 1 0
40	2	1 1 1 0 1 0 1 0 1 0 0 0 0 0 1 0 1 0 1 0 1 1 1 0 0 1 0 1 0 1 0 0 1 1 1 1 1 0 0 0 0 0 1 1 1 1 0 0 0 0
40	4	1 1 1 0 1 0 1 0 1 0 0 0 0 0 1 0 1 0 1 0 1 1 1 0 0 1 0 1 1 1 0 0 1 1 1 1 1 1 0 0 0 0 1 1 1 1 0 0 0 0
50	2	1 1 1 1 1 0 1 1 1 0 1 0 1 1 0 0 1 1 1 1 1 0 1 1 0 1 1 1 0 1 0 0 0 1 0 1 1 0 1 1 0 0 0 1 1 0 1 1 0 1
50	3	1 1 1 1 0 0 1 1 1 1 1 0 1 1 0 0 1 1 1 1 1 0 1 1 0 1 1 1 0 1 0 0 0 1 0 1 1 0 1 1 0 0 0 1 1 0 1 1 0 1
50	2	1 1 1 1 0 0 1 1 1 0 1 0 1 1 0 0 1 1 1 1 1 0 1 1 0 1 1 1 0 1 0 0 0 1 0 1 1 0 1 1 0 0 0 1 1 0 1 1 0 1
50	6	1 1 1 1 0 0 1 1 1 0 1 0 1 1 0 0 1 1 1 1 1 0 1 1 0 1 1 1 0 1 0 0 0 1 1 1 1 0 1 1 0 0 0 1 1 0 1 1 0 0
50	2	1 1 1 1 0 0 1 1 1 0 1 0 1 1 0 0 1 1 1 1 1 0 1 1 0 1 1 1 0 1 0 0 0 1 0 1 1 0 1 1 0 0 0 1 1 0 0 1 0 0
50	3	1 1 1 1 0 0 1 1 1 0 1 0 1 1 0 0 1 1 1 1 1 0 1 1 0 1 1 1 0 1 0 1 0 1 0 1 1 0 1 1 0 0 0 1 1 0 1 1 0 0
50	2	1 1 1 1 0 0 1 1 1 0 1 0 1 1 0 0 1 1 1 1 0 0 1 1 0 1 1 1 0 1 0 0 0 1 0 1 1 0 1 1 0 0 0 1 1 0 1 1 0 0
50	1	1 1 1 1 0 0 1 1 1 0 1 0 1 0 0 0 1 1 1 1 1 0 1 1 0 1 1 1 0 1 0 0 0 1 0 1 1 0 1 1 0 0 0 1 1 0 1 1 0 0
50	1	1 1 1 1 0 0 1 1 1 0 1 0 1 1 0 0 1 1 1 0 1 0 1 1 0 1 1 1 0 1 0 0 0 1 0 1 1 0 1 1 0 0 0 1 1 0 1 1 0 0
50	73	1 1 1 1 0 0 1 1 1 0 1 0 1 1 0 0 1 1 1 1 1 0 1 1 0 1 1 1 0 1 0 0 0 1 0 1 1 0 1 1 0 0 0 1 1 0 1 1 0 0
50	2	1 1 1 1 0 0 1 1 1 0 1 0 1 1 0 0 1 1 1 1 1 0 1 1 0 1 1 1 0 1 0 0 0 1 0 1 1 0 1 1 0 0 0 1 1 0 0 1 0 1
50	2	1 1 1 0 1 0 1 0 1 0 0 0 0 0 1 0 1 0 1 0 1 1 1 0 0 1 0 1 0 1 0 0 1 1 1 1 1 0 0 0 0 0 1 1 1 1 0 0 0 0
50	1	1 1 1 0 1 0 1 0 1 0 0 0 0 0 1 0 1 0 1 0 1 1 1 0 0 1 0 1 1 1 0 0 1 1 1 1 1 1 0 0 0 0 1 1 1 1 0 0 0 0
60	1	1 1 1 1 0 0 1 1 1 0 1 0 1 1 0 0 1 1 1 1 1 0 1 0 0 1 1 1 0 1 0 0 0 1 0 1 1 0 1 1 0 0 0 1 1 0 1 1 0 1
60	3	1 1 1 1 0 0 1 1 1 0 1 0 1 1 0 0 1 1 1 1 1 0 1 1 0 1 1 1 0 1 0 0 0 1 0 1 1 0 1 1 0 0 0 1 1 0 0 1 0 0
60	1	1 1 1 1 0 0 1 1 1 0 1 0 1 1 0 0 1 1 1 1 1 0 1 1 0 1 1 1 0 1 0 1 0 1 0 1 1 0 1 1 0 0 0 1 1 0 1 1 0 0
60	4	1 1 1 1 0 0 1 1 1 0 1 0 1 1 0 0 1 1 1 1 1 0 1 0 0 1 1 1 0 1 0 0 0 1 0 1 1 0 1 1 0 0 0 1 1 0 1 1 0 0
60	1	1 1 1 1 0 0 1 1 1 0 1 0 1 1 0 1 1 1 1 1 1 0 1 1 0 1 1 1 0 1 0 0 0 1 0 1 1 0 1 1 0 0 0 1 1 0 1 1 0 0
60	1	1 1 1 1 0 0 1 1 1 0 1 0 1 0 0 0 1 1 1 1 1 0 1 1 0 1 1 1 0 1 0 0 0 1 0 1 1 0 1 1 0 0 0 1 1 0 1 1 0 0
60	1	1 1 1 1 0 0 1 1 1 0 1 0 1 1 0 0 1 1 1 1 1 0 1 1 0 1 1 1 0 1 0 0 0 1 0 1 1 0 1 1 0 1 0 1 1 0 1 1 0 0
60	82	1 1 1 1 0 0 1 1 1 0 1 0 1 1 0 0 1 1 1 1 1 0 1 1 0 1 1 1 0 1 0 0 0 1 0 1 1 0 1 1 0 0 0 1 1 0 1 1 0 0
60	4	1 1 1 1 0 0 1 1 1 0 1 0 1 1 0 0 1 1 1 1 1 0 1 1 0 1 1 1 0 1 0 0 0 1 0 1 1 0 1 1 0 0 0 1 1 0 0 1 0 1
60	1	1 1 1 0 1 0 1 0 1 0 0 0 0 0 1 0 1 0 1 0 1 1 1 0 0 1 0 1 1 1 0 0 1 1 1 1 1 1 0 0 0 0 1 1 1 1 0 0 0 0
60	1	1 1 1 0 1 0 1 1 1 0 0 0 0 0 1 0 1 0 1 0 1 1 1 0 0 1 0 1 1 1 0 0 1 1 1 1 1 0 0 0 0 0 1 1 0 1 0 0 0 0
70	2	1 1 1 1 0 0 1 1 1 0 1 0 1 1 0 0 1 1 1 1 1 0 1 1 0 1 1 1 0 1 0 0 0 1 1 1 1 0 1 1 0 0 0 1 1 0 1 1 0 0
70	1	1 1 1 1 0 0 1 1 1 0 1 0 1 1 0 0 1 1 0 1 1 0 1 1 0 1 1 1 0 1 0 0 0 1 0 1 1 0 1 1 0 0 0 1 1 0 0 1 0 0
70	11	1 1 1 1 0 0 1 1 1 0 1 0 1 1 0 0 1 1 1 1 1 0 1 1 0 1 1 1 0 1 0 0 0 1 0 1 1 0 1 1 0 0 0 1 1 0 0 1 0 0
70	2	1 1 1 1 0 0 1 1 1 0 1 0 1 1 0 0 1 1 1 1 1 0 1 1 0 1 1 1 0 1 0 1 0 1 0 1 1 0 1 1 0 0 0 1 1 0 1 1 0 0
70	1	1 1 1 1 0 0 1 1 1 0 1 0 1 1 0 0 1 1 1 1 1 0 1 0 0 1 1 1 0 1 0 0 0 1 0 1 0 0 1 1 0 0 0 1 1 0 1 1 0 0
70	1	1 1 1 1 0 0 1 1 1 0 1 0 1 1 0 0 1 1 1 1 1 0 1 0 0 1 1 1 0 1 0 0 0 1 0 1 1 0 1 1 0 0 0 1 1 0 1 1 0 0
70	1	1 1 1 1 0 0 1 1 1 0 1 0 1 1 0 1 1 1 1 1 1 0 1 1 0 1 1 1 0 1 0 0 0 1 0 1 1 0 1 1 0 0 0 1 1 0 1 1 0 0
70	1	1 1 1 1 0 0 1 1 1 0 1 0 1 0 0 0 1 1 1 1 1 0 1 1 0 1 1 1 0 1 0 0 0 1 0 1 1 0 1 1 0 0 0 1 1 0 1 1 0 0
70	1	1 1 1 1 0 0 1 1 1 0 1 1 1 1 0 0 1 1 1 1 1 0 1 1 0 1 1 1 0 1 0 0 0 1 0 1 1 0 1 1 0 0 0 1 1 0 1 1 0 0
70	4	1 1 1 1 0 0 1 1 1 0 1 0 1 1 0 0 1 1 1 1 1 0 1 1 0 1 1 1 0 1 0 0 0 1 0 1 0 0 1 1 0 0 0 1 1 0 1 1 0 0
70	1	1 1 1 1 0 0 1 1 1 0 1 0 1 1 0 0 1 1 1 1 1 0 1 1 0 1 1 1 0 1 0 0 1 1 0 1 1 0 1 1 0 0 0 1 1 0 1 1 0 0
70	1	1 1 1 1 0 0 1 1 0 0 1 0 1 1 0 0 1 1 1 1 1 0 1 1 0 1 1 1 0 1 0 0 0 1 0 1 1 0 1 1 0 0 0 1 1 0 1 1 0 0
70	67	1 1 1 1 0 0 1 1 1 0 1 0 1 1 0 0 1 1 1 1 1 0 1 1 0 1 1 1 0 1 0 0 0 1 0 1 1 0 1 1 0 0 0 1 1 0 1 1 0 0
70	6	1 1 1 1 0 0 1 1 1 0 1 0 1 1 0 0 1 1 1 1 1 0 1 1 0 1 1 1 0 1 0 0 0 1 0 1 1 0 1 1 0 0 0 1 1 0 0 1 0 1
80	7	1 1 1 1 0 0 1 1 1 0 1 0 1 1 0 0 1 1 1 1 1 0 1 1 0 1 1 1 0 1 0 0 0 1 1 1 1 0 1 1 0 0 0 1 1 0 1 1 0 0
80	18	1 1 1 1 0 0 1 1 1 0 1 0 1 1 0 0 1 1 1 1 1 0 1 1 0 1 1 1 0 1 0 0 0 1 0 1 1 0 1 1 0 0 0 1 1 0 0 1 0 0
80	1	1 1 1 1 0 0 1 1 1 0 1 0 1 1 0 0 1 1 1 1 1 0 1 1 0 1 1 1 0 1 0 1 0 1 0 1 1 0 1 1 0 0 0 1 1 0 1 1 0 0
80	1	1 1 1 1 0 0 1 1 1 0 1 0 1 1 0 0 1 1 1 1 1 0 1 0 0 1 1 1 0 1 0 0 0 1 0 1 0 0 1 1 0 0 0 1 1 0 1 1 0 0
80	1	1 1 1 1 0 0 1 1 1 0 1 0 1 1 0 0 1 1 1 1 1 0 1 0 0 1 1 1 0 1 0 0 0 1 0 0 1 0 1 1 0 0 0 1 1 0 1 1 0 0
80	2	1 1 1 1 0 0 1 1 1 0 1 0 1 1 0 0 1 1 1 1 1 0 1 0 0 1 1 1 0 1 0 0 0 1 0 1 1 0 1 1 0 0 0 1 1 0 1 1 0 0
80	2	1 1 1 1 0 0 1 1 1 0 1 0 1 1 0 1 1 1 1 1 1 0 1 1 0 1 1 1 0 1 0 0 0 1 0 1 1 0 1 1 0 0 0 1 1 0 1 1 0 0
80	1	1 1 1 1 0 1 1 1 1 0 1 0 1 1 0 0 1 1 1 1 1 0 1 1 0 1 1 1 0 1 0 0 0 1 0 1 1 0 1 1 0 0 0 1 1 0 1 1 0 0
80	4	1 1 1 1 0 0 1 1 1 0 1 0 1 1 0 0 1 1 1 1 1 0 1 1 1 1 1 1 0 1 0 0 0 1 0 1 1 0 1 1 0 0 0 1 1 0 1 1 0 0
80	1	1 1 1 1 0 0 1 1 1 0 1 0 1 1 0 0 0 1 1 1 1 0 1 1 0 1 1 1 0 1 0 0 0 1 0 1 1 0 1 1 0 0 0 1 1 0 1 1 0 0
80	1	1 1 1 1 0 0 1 1 1 0 1 0 1 1 0 0 1 1 1 1 1 0 1 1 0 1 1 1 1 1 0 0 0 1 0 1 1 0 1 1 0 0 0 1 1 0 1 1 0 0
80	1	1 1 1 1 0 0 1 1 1 0 1 0 1 1 0 0 1 1 1 1 1 0 1 1 0 1 1 1 0 1 0 0 0 1 0 1 1 0 1 1 0 0 0 1 1 0 1 0 0 0
80	51	1 1 1 1 0 0 1 1 1 0 1 0 1 1 0 0 1 1 1 1 1 0 1 1 0 1 1 1 0 1 0 0 0 1 0 1 1 0 1 1 0 0 0 1 1 0 1 1 0 0
80	2	1 1 1 1 0 0 1 1 1 0 1 0 1 1 0 0 1 1 1 1 1 1 1 1 0 1 1 1 0 1 0 0 0 1 0 1 1 0 1 1 0 0 0 1 1 0 0 1 0 1
80	7	1 1 1 1 0 0 1 1 1 0 1 0 1 1 0 0 1 1 1 1 1 0 1 1 0 1 1 1 0 1 0 0 0 1 0 1 1 0 1 1 0 0 0 1 1 0 0 1 0 1
90	2	1 1 1 1 0 0 1 1 1 0 1 0 1 1 0 0 1 1 1 1 1 0 1 1 0 1 1 1 0 1 0 0 0 1 1 1 1 0 1 1 0 0 0 1 1 0 1 1 0 0
90	1	1 1 1 1 0 0 1 1 1 0 1 0 1 1 0 0 1 1 0 1 1 0 1 1 0 1 1 1 0 1 0 0 0 1 0 1 1 0 1 1 0 0 0 1 1 0 0 1 0 0
90	2	1 1 1 1 0 1 1 1 1 0 1 0 1 1 0 0 1 1 1 1 1 0 1 1 0 1 1 1 0 1 0 0 0 1 0 1 1 0 1 1 0 0 0 1 1 0 0 1 0 0
90	41	1 1 1 1 0 0 1 1 1 0 1 0 1 1 0 0 1 1 1 1 1 0 1 1 0 1 1 1 0 1 0 0 0 1 0 1 1 0 1 1 0 0 0 1 1 0 0 1 0 0
90	2	1 1 1 1 0 0 1 1 1 0 1 0 1 1 0 0 1 1 1 1 1 0 1 1 0 1 1 1 0 1 0 1 0 1 0 1 1 0 1 1 0 0 0 1 1 0 1 1 0 0
90	1	1 1 1 1 0 0 1 1 1 0 1 0 1 1 0 0 1 1 1 1 1 0 1 0 0 1 1 1 0 1 0 0 0 1 0 1 0 0 1 1 0 0 0 1 1 0 1 1 0 0
90	3	1 1 1 1 0 0 1 1 1 0 1 0 1 1 0 0 1 1 1 1 1 0 1 0 0 1 1 1 0 1 0 0 0 1 0 1 1 0 1 1 0 0 0 1 1 0 1 1 0 0
90	3	1 1 1 1 0 0 1 1 1 0 1 0 1 1 0 1 1 1 1 1 1 0 1 1 0 1 1 1 0 1 0 0 0 1 0 1 1 0 1 1 0 0 0 1 1 0 1 1 0 0
90	1	1 1 1 1 0 0 1 1 1 0 1 0 1 1 0 0 1 1 1 1 1 0 1 1 0 1 1 1 0 1 0 0 0 1 0 1 0 0 1 1 0 0 0 1 1 0 1 1 0 0
90	4	1 1 1 1 0 1 1 1 1 0 1 0 1 1 0 0 1 1 1 1 1 0 1 1 0 1 1 1 0 1 0 0 0 1 0 1 1 0 1 1 0 0 0 1 1 0 1 1 0 0
90	2	1 1 1 1 0 0 1 0 1 0 1 0 1 1 0 0 1 1 1 1 1 0 1 1 0 1 1 1 0 1 0 0 0 1 0 1 1 0 1 1 0 0 0 1 1 0 1 1 0 0
90	34	1 1 1 1 0 0 1 1 1 0 1 0 1 1 0 0 1 1 1 1 1 0 1 1 0 1 1 1 0 1 0 0 0 1 0 1 1 0 1 1 0 0 0 1 1 0 1 1 0 0
90	3	1 1 1 1 0 0 1 1 1 0 1 0 1 1 0 0 1 1 1 1 1 1 1 1 0 1 1 1 0 1 0 0 0 1 0 1 1 0 1 1 0 0 0 1 1 0 0 1 0 1
90	1	1 1 1 1 0 0 1 1 1 0 1 0 1 1 0 0 1 1 1 1 1 0 1 1 0 1 1 1 0 1 0 0 0 1 0 1 1 0 1 1 0 0 0 1 1 0 0 1 0 1
100	6	1 1 1 1 0 0 1 1 1 0 1 0 1 1 0 0 1 1 1 1 1 0 1 1 0 1 1 1 0 1 0 0 0 1 1 1 1 0 1 1 0 0 0 1 1 0 1 1 0 0
100	1	1 1 1 1 0 0 1 1 1 0 1 0 0 1 0 0 1 1 0 1 1 0 1 1 0 1 1 1 0 1 0 0 0 1 0 1 1 0 1 1 0 0 0 1 1 0 0 1 0 0
100	2	1 1 1 1 0 0 1 1 1 0 1 0 1 1 0 0 1 1 0 1 1 0 1 1 0 1 1 1 0 1 0 0 0 1 0 1 1 0 1 1 0 0 0 1 1 0 0 1 0 0
100	5	1 1 1 1 0 0 1 1 1 0 1 0 1 0 0 0 1 1 1 1 1 0 1 1 0 1 1 1 0 1 0 0 0 1 0 1 1 0 0 1 0 0 0 1 1 0 0 1 0 0
100	1	1 1 1 1 0 0 1 1 1 0 1 0 1 1 0 0 1 1 1 1 1 0 1 1 0 1 1 1 0 1 0 0 0 1 0 1 1 0 0 1 0 0 0 1 1 0 0 1 0 0
100	41	1 1 1 1 0 0 1 1 1 0 1 0 1 1 0 0 1 1 1 1 1 0 1 1 0 1 1 1 0 1 0 0 0 1 0 1 1 0 1 1 0 0 0 1 1 0 0 1 0 0
100	1	1 1 1 1 0 0 1 1 1 0 1 0 1 1 0 0 1 1 1 1 1 0 1 1 0 1 1 1 0 1 0 1 0 1 0 1 1 0 1 1 0 0 0 1 1 0 1 1 0 0
100	2	1 1 1 1 0 0 1 1 1 0 1 0 1 1 0 0 1 1 1 1 1 0 1 0 0 1 1 1 0 1 0 0 0 1 0 1 1 0 1 1 0 0 0 1 1 0 1 1 0 0
100	1	1 1 1 1 0 0 1 1 1 0 1 0 1 1 0 1 1 1 1 1 1 0 1 1 0 1 1 1 0 1 0 0 0 1 0 1 1 0 1 1 0 0 0 0 1 0 1 1 0 0
100	7	1 1 1 1 0 1 1 1 1 0 1 0 1 1 0 0 1 1 1 1 1 0 1 1 0 1 1 1 0 1 0 0 0 1 0 1 1 0 1 1 0 0 0 1 1 0 1 1 0 0
100	1	1 1 1 1 0 0 1 1 1 0 1 0 1 1 1 0 1 1 1 1 1 0 1 1 0 1 1 1 0 1 0 0 0 1 0 1 1 0 1 1 0 0 0 1 1 0 1 1 0 0
100	1	1 1 1 1 0 0 1 1 1 0 1 0 1 1 0 0 1 1 1 1 1 0 1 1 0 1 1 1 0 1 1 0 0 1 0 1 1 0 1 1 0 0 0 1 1 0 1 1 0 0
100	2	1 1 1 1 0 0 1 1 1 0 1 0 1 1 0 0 1 1 1 1 1 0 1 1 0 1 1 1 0 1 0 0 0 1 0 1 1 0 1 1 0 0 0 1 0 0 1 1 0 0
100	1	1 1 1 1 0 0 1 1 1 0 1 0 1 1 0 0 1 1 1 1 1 0 0 1 0 1 1 1 0 1 0 0 0 1 0 1 1 0 1 1 0 0 0 1 1 0 1 1 0 0
100	1	1 1 1 1 0 0 1 1 1 0 1 0 1 1 0 0 1 1 1 1 1 0 1 1 0 1 1 1 0 1 0 0 0 1 0 1 1 0 1 1 0 0 0 1 1 0 1 0 0 0
100	26	1 1 1 1 0 0 1 1 1 0 1 0 1 1 0 0 1 1 1 1 1 0 1 1 0 1 1 1 0 1 0 0 0 1 0 1 1 0 1 1 0 0 0 1 1 0 1 1 0 0
100	1	1 1 1 1 0 0 1 1 1 0 1 0 1 1 0 0 1 1 1 1 1 1 1 1 0 1 1 1 0 1 0 0 0 1 0 1 1 0 1 1 0 0 0 1 1 0 0 1 0 1
110	3	1 1 1 1 0 0 1 1 1 0 1 0 1 1 0 0 1 1 1 1 1 0 1 1 0 1 1 1 0 1 0 0 0 1 1 1 1 0 1 1 0 0 0 1 1 0 1 1 0 0
110	1	1 1 1 1 0 0 1 1 1 0 1 0 0 1 0 0 1 1 0 1 1 0 1 1 0 1 1 1 0 1 0 0 0 1 0 1 1 0 1 1 0 0 0 1 1 0 0 1 0 0
110	2	1 1 1 1 0 0 1 1 1 0 1 0 1 1 0 0 1 1 0 1 1 0 1 1 0 1 1 1 0 1 0 0 0 1 0 1 1 0 1 1 0 0 0 1 1 0 0 1 0 0
110	7	1 1 1 1 0 0 1 1 1 0 1 0 1 0 0 0 1 1 1 1 1 0 1 1 0 1 1 1 0 1 0 0 0 1 0 1 1 0 0 1 0 0 0 1 1 0 0 1 0 0
110	1	1 1 1 1 0 0 1 1 1 0 1 0 1 1 0 0 1 1 1 1 1 0 1 1 0 1 1 1 0 1 0 0 0 1 0 1 1 0 1 1 0 0 1 1 1 0 0 1 0 0
110	42	1 1 1 1 0 0 1 1 1 0 1 0 1 1 0 0 1 1 1 1 1 0 1 1 0 1 1 1 0 1 0 0 0 1 0 1 1 0 1 1 0 0 0 1 1 0 0 1 0 0
110	1	1 1 1 1 0 0 1 1 1 0 1 0 1 1 0 0 1 1 1 1 1 0 1 1 0 1 1 1 0 1 0 0 0 1 0 1 1 0 1 1 0 0 0 1 0 0 0 1 0 0
110	1	1 1 1 1 0 0 1 1 1 0 0 0 1 1 0 0 1 1 1 1 1 0 1 1 0 1 1 1 0 1 0 0 0 1 0 1 1 0 1 1 0 0 0 1 1 0 0 1 0 0
110	2	1 1 1 1 0 1 1 1 1 0 1 0 1 1 0 0 1 1 1 1 1 0 1 1 0 1 1 1 0 1 0 0 0 1 0 1 1 0 1 1 0 0 0 1 1 0 0 1 0 0
110	1	1 0 1 1 0 0 1 1 1 0 1 0 1 1 0 0 1 1 1 1 1 0 1 1 0 1 1 1 0 1 0 0 0 1 0 1 1 0 1 1 0 0 0 1 1 0 0 1 0 0
110	1	1 1 1 1 0 0 1 1 1 0 1 0 1 1 0 1 1 1 1 1 1 0 1 1 0 1 1 1 0 1 0 0 0 1 0 1 1 0 1 1 0 0 0 1 1 0 0 1 0 0
110	1	1 1 1 1 0 0 1 1 0 0 1 0 1 1 0 0 1 1 1 1 1 0 1 1 0 1 1 1 0 1 0 0 0 1 0 1 1 0 1 1 0 0 0 1 1 0 0 1 0 0
110	3	1 1 1 1 0 0 1 1 1 0 1 0 1 1 0 0 1 1 1 1 1 0 1 0 0 1 1 1 0 1 0 0 0 1 0 1 1 0 1 1 0 0 0 1 1 0 1 1 0 0
110	1	1 1 1 1 0 0 1 1 1 0 0 0 1 1 0 1 1 1 1 1 1 0 1 1 0 1 1 1 0 1 0 0 0 1 0 1 1 0 1 1 0 0 0 0 1 0 1 1 0 0
110	3	1 1 1 1 0 0 1 1 1 0 1 0 1 1 0 1 1 1 1 1 1 0 1 1 0 1 1 1 0 1 0 0 0 1 0 1 1 0 1 1 0 0 0 0 1 0 1 1 0 0
110	1	1 1 1 1 0 1 1 1 1 0 1 0 1 1 0 0 1 1 1 0 1 0 1 1 0 1 1 1 0 1 0 0 0 1 0 1 1 0 1 1 0 0 0 1 1 0 1 1 0 0
110	11	1 1 1 1 0 1 1 1 1 0 1 0 1 1 0 0 1 1 1 1 1 0 1 1 0 1 1 1 0 1 0 0 0 1 0 1 1 0 1 1 0 0 0 1 1 0 1 1 0 0
110	1	1 1 1 1 0 0 1 1 1 0 1 0 1 1 0 0 1 1 1 1 1 0 1 1 0 1 1 1 0 1 0 0 0 1 0 1 1 0 1 1 0 0 0 1 0 0 1 1 0 0
110	1	1 1 1 1 0 0 1 1 1 0 1 0 1 1 0 0 1 1 1 1 1 0 1 1 0 1 1 1 0 1 0 0 0 1 0 1 0 0 1 1 0 0 0 1 1 0 1 1 0 0
110	16	1 1 1 1 0 0 1 1 1 0 1 0 1 1 0 0 1 1 1 1 1 0 1 1 0 1 1 1 0 1 0 0 0 1 0 1 1 0 1 1 0 0 0 1 1 0 1 1 0 0
120	1	1 1 1 1 0 0 1 1 1 0 1 0 1 1 0 0 1 1 1 1 1 0 1 1 0 1 1 1 0 1 0 0 0 1 1 1 1 0 1 1 0 0 0 1 1 0 1 1 0 0
120	7	1 1 1 1 0 0 1 1 1 0 1 0 1 1 0 0 1 1 0 1 1 0 1 1 0 1 1 1 0 1 0 0 0 1 0 1 1 0 1 1 0 0 0 1 1 0 0 1 0 0
120	10	1 1 1 1 0 0 1 1 1 0 1 0 1 0 0 0 1 1 1 1 1 0 1 1 0 1 1 1 0 1 0 0 0 1 0 1 1 0 0 1 0 0 0 1 1 0 0 1 0 0
120	1	1 1 1 1 0 0 1 1 1 0 1 0 1 1 0 0 1 1 1 1 1 0 1 1 0 1 1 1 0 1 0 0 0 1 0 1 1 0 0 1 0 0 0 1 1 0 0 1 0 0
120	1	1 1 1 1 0 1 1 1 1 0 1 0 1 1 0 0 1 1 1 1 1 0 1 1 0 1 1 1 0 1 0 0 0 1 0 1 1 0 1 1 0 0 0 1 1 0 0 1 0 0
120	1	1 1 1 1 0 0 1 1 1 0 1 0 1 1 0 0 1 1 1 1 1 1 1 1 0 1 1 1 0 1 0 0 0 1 0 1 1 0 1 1 0 0 0 1 1 0 0 1 0 0
120	1	1 1 1 1 0 0 1 1 1 0 1 0 1 1 0 0 1 1 1 1 1 0 1 1 0 1 1 1 0 1 0 0 1 1 0 1 1 0 1 1 0 0 0 1 1 0 0 1 0 0
120	2	1 1 1 1 0 0 1 1 1 0 1 0 1 1 0 0 1 1 1 1 1 0 1 1 0 1 1 1 0 1 0 0 0 1 0 1 1 0 1 1 0 0 0 1 1 0 1 1 0 0
120	36	1 1 1 1 0 0 1 1 1 0 1 0 1 1 0 0 1 1 1 1 1 0 1 1 0 1 1 1 0 1 0 0 0 1 0 1 1 0 1 1 0 0 0 1 1 0 0 1 0 0
120	1	1 1 1 1 0 0 1 1 1 0 1 1 1 1 0 0 1 1 1 1 1 0 1 1 0 1 1 1 0 1 0 1 0 1 0 1 1 0 1 1 0 0 0 1 1 0 0 1 0 0
120	2	1 1 1 1 0 0 1 1 1 0 1 0 1 1 0 0 1 1 1 1 1 0 1 1 0 1 1 1 0 1 0 1 0 1 0 1 1 0 1 1 0 0 0 1 1 0 0 1 0 0
120	3	1 1 1 1 0 0 1 1 1 0 0 0 1 1 0 0 1 1 1 1 1 0 1 1 0 1 1 1 0 1 0 0 0 1 0 1 1 0 1 1 0 0 0 1 1 0 0 1 0 0
120	2	1 1 1 1 0 0 1 1 1 0 0 0 1 1 0 1 1 1 1 1 1 0 1 1 0 1 1 1 0 1 0 0 0 1 0 1 1 0 1 1 0 0 0 0 1 0 1 1 0 0
120	1	1 1 1 1 0 0 1 1 1 0 1 0 1 1 0 1 1 1 1 1 1 0 1 1 0 1 1 1 0 1 0 0 0 1 0 1 1 0 1 1 0 0 0 0 1 0 1 1 0 0
120	1	1 1 1 1 0 1 1 1 1 0 1 0 1 1 0 0 1 1 1 1 1 0 1 1 0 1 0 0 0 1 0 0 0 1 0 1 1 0 1 1 0 0 0 1 1 0 1 1 0 0
120	1	1 1 1 1 0 1 1 1 1 0 1 0 1 1 0 0 1 1 1 0 1 0 1 1 0 1 1 0 0 1 0 0 0 1 0 1 1 0 1 1 0 0 0 1 1 0 1 1 0 0
120	3	1 1 1 1 0 1 1 1 1 0 1 0 1 1 0 0 1 1 1 0 1 0 1 1 0 1 1 1 0 1 0 0 0 1 0 1 1 0 1 1 0 0 0 1 1 0 1 1 0 0
120	1	1 1 1 1 0 1 1 1 1 0 1 0 1 1 0 0 1 1 1 1 1 0 1 1 0 1 1 1 0 1 0 1 0 1 0 1 1 0 1 1 0 0 0 1 1 0 1 1 0 0
120	20	1 1 1 1 0 1 1 1 1 0 1 0 1 1 0 0 1 1 1 1 1 0 1 1 0 1 1 1 0 1 0 0 0 1 0 1 1 0 1 1 0 0 0 1 1 0 1 1 0 0
120	2	1 1 1 1 0 0 1 1 1 0 1 0 1 1 0 0 1 1 1 1 1 0 1 1 0 1 1 1 0 1 1 0 0 1 0 1 1 0 1 1 0 0 0 1 1 0 1 1 0 0
120	1	1 1 1 1 0 0 1 1 1 0 1 0 1 1 0 0 1 1 1 1 1 0 1 1 0 1 1 1 0 1 0 0 0 1 0 1 1 0 1 1 0 0 0 1 0 0 1 1 0 0
120	1	1 1 1 1 0 0 1 0 1 0 1 0 1 1 0 0 1 1 1 1 1 0 1 1 0 1 1 1 0 1 0 0 0 1 0 1 1 0 1 1 0 0 0 1 1 0 1 1 0 0
120	1	1 1 1 1 0 0 1 1 1 0 1 0 1 1 0 0 1 1 1 1 1 0 1 1 0 1 1 1 0 1 0 0 0 1 0 1 1 0 0 1 0 0 0 1 1 0 1 1 0 0
130	11	1 1 1 1 0 0 1 1 1 0 1 0 1 1 0 0 1 1 0 1 1 0 1 1 0 1 1 1 0 1 0 0 0 1 0 1 1 0 1 1 0 0 0 1 1 0 0 1 0 0
130	11	1 1 1 1 0 0 1 1 1 0 1 0 1 0 0 0 1 1 1 1 1 0 1 1 0 1 1 1 0 1 0 0 0 1 0 1 1 0 0 1 0 0 0 1 1 0 0 1 0 0
130	1	1 1 1 1 0 0 1 1 1 0 1 0 1 1 0 0 1 1 1 1 1 0 1 1 0 1 1 1 0 1 0 0 0 1 0 1 1 0 0 1 0 0 0 1 1 0 0 1 0 0
130	1	1 1 1 1 0 0 1 1 1 0 1 0 1 1 0 0 1 1 1 1 1 0 1 1 0 1 1 1 0 1 0 0 0 1 0 1 1 0 1 1 0 0 0 1 1 0 0 0 0 0
130	1	1 1 1 1 0 0 1 1 1 0 1 0 1 1 0 0 1 1 1 1 1 1 1 1 0 1 1 1 0 1 0 0 0 1 0 1 1 0 1 1 0 0 0 1 1 0 0 1 0 0
130	2	1 1 1 1 0 0 1 1 1 0 1 0 1 1 0 0 1 1 1 1 1 0 1 1 0 1 1 1 0 1 0 0 0 1 0 1 1 0 1 1 0 0 0 1 1 0 1 1 0 0
130	53	1 1 1 1 0 0 1 1 1 0 1 0 1 1 0 0 1 1 1 1 1 0 1 1 0 1 1 1 0 1 0 0 0 1 0 1 1 0 1 1 0 0 0 1 1 0 0 1 0 0
130	3	1 1 1 1 0 0 1 1 1 0 1 0 1 1 0 0 1 1 1 1 1 0 1 1 0 1 1 1 0 1 0 1 0 1 0 1 1 0 1 1 0 0 0 1 1 0 0 1 0 0
130	4	1 1 1 1 0 0 1 1 1 0 0 0 1 1 0 0 1 1 1 1 1 0 1 1 0 1 1 1 0 1 0 0 0 1 0 1 1 0 1 1 0 0 0 1 1 0 0 1 0 0
130	2	1 1 1 1 0 0 1 1 1 0 0 0 1 1 0 1 1 1 1 1 1 0 1 1 0 1 1 1 0 1 0 0 0 1 0 1 1 0 1 1 0 0 0 0 1 0 1 1 0 0
130	1	1 1 1 1 0 1 1 1 1 0 1 0 1 1 0 0 1 1 1 1 1 0 1 1 0 1 0 0 0 1 0 1 0 1 0 1 1 0 1 1 0 0 0 1 1 0 1 1 0 0
130	1	1 1 1 1 0 1 1 1 1 0 1 0 1 1 0 0 1 1 1 1 1 0 1 1 0 1 0 0 0 1 0 0 0 1 0 1 1 0 1 1 0 0 0 1 1 0 1 1 0 0
130	1	1 1 1 1 0 1 1 1 1 0 1 0 1 1 0 0 1 1 1 1 1 0 1 1 0 1 1 0 0 1 0 0 0 1 0 1 1 0 1 1 0 0 0 1 1 0 1 1 0 0
130	8	1 1 1 1 0 1 1 1 1 0 1 0 1 1 0 0 1 1 1 1 1 0 1 1 0 1 1 1 0 1 0 0 0 1 0 1 1 0 1 1 0 0 0 1 1 0 1 1 0 0
140	2	1 1 1 1 0 1 1 1 1 0 1 0 1 1 0 0 1 1 0 1 1 0 1 1 0 1 1 1 0 1 0 0 0 1 0 1 1 0 1 1 0 0 0 1 1 0 0 1 0 0
140	6	1 1 1 1 0 0 1 1 1 0 1 0 1 1 0 0 1 1 0 1 1 0 1 1 0 1 1 1 0 1 0 0 0 1 0 1 1 0 1 1 0 0 0 1 1 0 0 1 0 0
140	13	1 1 1 1 0 0 1 1 1 0 1 0 1 0 0 0 1 1 1 1 1 0 1 1 0 1 1 1 0 1 0 0 0 1 0 1 1 0 0 1 0 0 0 1 1 0 0 1 0 0
140	3	1 1 1 1 0 0 1 1 1 0 1 0 1 1 0 0 1 1 1 1 1 0 1 1 0 1 1 1 0 1 0 0 0 1 0 1 1 0 0 1 0 0 0 1 1 0 0 1 0 0
140	1	1 1 1 1 0 0 1 1 1 0 1 0 1 1 0 0 1 1 1 1 1 0 1 1 0 1 1 1 0 1 0 0 0 1 0 1 1 0 1 1 0 0 0 1 1 0 0 0 0 0
140	1	1 1 1 1 0 0 1 1 1 0 1 0 1 1 0 0 1 0 1 1 1 0 1 1 0 1 1 1 0 1 0 0 0 1 0 1 1 0 1 1 0 0 0 1 1 0 0 1 0 0
140	2	1 1 1 1 0 0 1 1 1 0 1 0 1 1 0 0 1 1 1 1 1 0 1 1 0 1 1 1 0 1 0 0 0 1 0 1 1 0 1 1 0 0 0 1 1 0 1 1 0 0
140	2	1 1 1 1 0 0 1 1 1 0 1 0 1 1 0 0 1 1 1 1 1 0 1 1 0 1 1 1 0 1 0 1 0 1 0 1 1 0 1 1 0 0 0 1 1 0 0 1 0 0
140	1	1 1 1 1 0 0 1 1 1 0 1 0 1 1 0 1 1 1 1 1 1 0 1 1 0 1 1 1 0 1 0 0 0 1 0 1 1 0 1 1 0 0 0 1 1 0 0 1 0 0
140	3	1 1 1 1 0 0 1 1 1 0 0 0 1 1 0 0 1 1 1 1 1 0 1 1 0 1 1 1 0 1 0 0 0 1 0 1 1 0 1 1 0 0 0 1 1 0 0 1 0 0
140	46	1 1 1 1 0 0 1 1 1 0 1 0 1 1 0 0 1 1 1 1 1 0 1 1 0 1 1 1 0 1 0 0 0 1 0 1 1 0 1 1 0 0 0 1 1 0 0 1 0 0
140	1	1 1 1 1 0 0 1 1 1 0 0 0 1 1 0 0 1 0 1 1 1 0 1 1 0 1 1 1 0 1 0 0 0 1 0 1 1 0 1 1 0 0 0 1 1 0 0 1 0 0
140	1	1 1 1 1 0 1 1 1 1 0 1 0 1 1 0 0 1 1 1 1 1 0 1 1 0 1 0 0 0 1 0 1 0 1 0 1 1 0 1 1 0 0 0 1 1 0 1 1 0 0
140	4	1 1 1 1 0 1 1 1 1 0 1 0 1 1 0 0 1 1 1 0 1 0 1 1 0 1 1 0 0 1 0 0 0 1 0 1 1 0 1 1 0 0 0 1 1 0 1 1 0 0
140	14	1 1 1 1 0 1 1 1 1 0 1 0 1 1 0 0 1 1 1 1 1 0 1 1 0 1 1 1 0 1 0 0 0 1 0 1 1 0 1 1 0 0 0 1 1 0 1 1 0 0
150	1	1 1 1 1 0 1 1 1 1 0 1 0 1 1 0 0 1 1 0 1 1 0 1 1 0 1 1 1 0 1 0 0 0 1 0 1 1 0 1 1 0 0 0 1 1 0 0 1 0 0
150	5	1 1 1 1 0 0 1 1 1 0 1 0 1 1 0 0 1 1 0 1 1 0 1 1 0 1 1 1 0 1 0 0 0 1 0 1 1 0 1 1 0 0 0 1 1 0 0 1 0 0
150	1	1 1 1 0 0 0 1 1 1 0 1 0 1 0 0 0 1 1 1 1 1 0 1 1 0 1 1 1 0 1 0 0 0 1 0 1 1 0 0 1 0 0 0 1 1 0 0 1 0 0
150	12	1 1 1 1 0 0 1 1 1 0 1 0 1 0 0 0 1 1 1 1 1 0 1 1 0 1 1 1 0 1 0 0 0 1 0 1 1 0 0 1 0 0 0 1 1 0 0 1 0 0
150	3	1 1 1 1 0 0 1 1 1 0 1 0 1 1 0 0 1 1 1 1 1 0 1 1 0 1 1 1 0 1 0 0 0 1 0 1 1 0 0 1 0 0 0 1 1 0 0 1 0 0
150	1	1 1 1 1 0 0 1 1 1 0 1 0 1 0 0 0 1 1 1 1 1 0 1 1 0 1 1 1 0 1 0 0 0 1 0 1 1 0 1 1 0 0 0 1 1 0 0 0 0 0
150	5	1 1 1 1 0 0 1 1 1 0 1 0 1 1 0 0 1 1 1 1 1 0 1 1 0 1 1 1 0 1 0 0 0 1 0 1 1 0 1 1 0 0 0 1 1 0 0 0 0 0
150	4	1 1 1 1 0 0 1 1 1 0 1 0 1 1 0 0 1 0 1 1 1 0 1 1 0 1 1 1 0 1 0 0 0 1 0 1 1 0 1 1 0 0 0 1 1 0 0 1 0 0
150	2	1 1 1 1 0 0 1 1 1 0 1 0 1 1 0 0 1 1 1 1 1 0 1 1 0 1 1 1 0 1 0 1 0 1 0 1 1 0 1 1 0 0 0 1 1 0 0 1 0 0
150	4	1 1 1 1 0 0 1 1 1 0 0 0 1 1 0 0 1 1 1 1 1 0 1 1 0 1 1 1 0 1 0 0 0 1 0 1 1 0 1 1 0 0 0 1 1 0 0 1 0 0
150	37	1 1 1 1 0 0 1 1 1 0 1 0 1 1 0 0 1 1 1 1 1 0 1 1 0 1 1 1 0 1 0 0 0 1 0 1 1 0 1 1 0 0 0 1 1 0 0 1 0 0
150	1	1 1 1 1 0 1 1 1 1 0 1 0 1 1 0 0 1 1 1 1 1 0 1 1 0 1 0 0 0 1 0 0 0 1 0 1 1 0 1 1 0 0 0 1 1 0 1 1 0 0
150	2	1 1 1 1 0 1 1 1 1 0 1 0 1 1 0 0 1 1 1 0 1 0 1 1 0 1 1 0 0 1 0 0 0 1 0 1 1 0 1 1 0 0 0 1 1 0 1 1 0 0
150	1	1 1 1 1 0 1 1 1 1 0 1 0 1 1 0 0 1 1 1 1 1 0 1 1 0 1 1 1 0 1 0 0 0 1 0 0 1 0 1 1 0 0 0 1 1 0 1 1 0 0
150	21	1 1 1 1 0 1 1 1 1 0 1 0 1 1 0 0 1 1 1 1 1 0 1 1 0 1 1 1 0 1 0 0 0 1 0 1 1 0 1 1 0 0 0 1 1 0 1 1 0 0
160	3	1 1 1 1 0 1 1 1 1 0 1 0 1 1 0 0 1 1 0 1 1 0 1 1 0 1 1 1 0 1 0 0 0 1 0 1 1 0 1 1 0 0 0 1 1 0 0 1 0 0
160	1	1 1 1 1 1 0 1 1 1 0 1 0 1 1 0 0 1 1 0 1 1 0 1 1 0 1 1 1 0 1 0 0 0 1 0 1 1 0 1 1 0 0 0 1 1 0 0 1 0 0
160	11	1 1 1 1 0 0 1 1 1 0 1 0 1 1 0 0 1 1 0 1 1 0 1 1 0 1 1 1 0 1 0 0 0 1 0 1 1 0 1 1 0 0 0 1 1 0 0 1 0 0
160	18	1 1 1 1 0 0 1 1 1 0 1 0 1 0 0 0 1 1 1 1 1 0 1 1 0 1 1 1 0 1 0 0 0 1 0 1 1 0 0 1 0 0 0 1 1 0 0 1 0 0
160	5	1 1 1 1 0 0 1 1 1 0 1 0 1 1 0 0 1 1 1 1 1 0 1 1 0 1 1 1 0 1 0 0 0 1 0 1 1 0 0 1 0 0 0 1 1 0 0 1 0 0
160	2	1 1 1 1 0 0 1 1 1 0 1 0 1 0 0 0 1 1 1 1 1 0 1 1 0 1 1 1 0 1 0 0 0 1 0 1 1 0 1 1 0 0 0 1 1 0 0 0 0 0
160	2	1 0 1 1 0 0 1 1 1 0 1 0 1 1 0 0 1 1 1 1 1 0 1 1 0 1 1 1 0 1 0 0 0 1 0 1 1 0 1 1 0 0 0 1 1 0 0 0 0 0
160	6	1 1 1 1 0 0 1 1 1 0 1 0 1 1 0 0 1 1 1 1 1 0 1 1 0 1 1 1 0 1 0 0 0 1 0 1 1 0 1 1 0 0 0 1 1 0 0 0 0 0
160	1	1 1 1 1 0 0 1 1 1 0 1 0 1 1 0 0 1 0 1 1 1 0 1 1 0 1 1 1 0 1 0 0 0 1 0 1 1 0 1 1 0 0 0 1 1 0 0 1 0 0
160	1	1 1 1 1 0 0 1 1 1 0 0 0 1 1 0 0 1 1 1 1 1 0 1 1 0 1 1 1 0 1 0 1 0 1 0 1 1 0 1 1 0 0 0 1 1 0 0 1 0 0
160	2	1 1 1 1 0 0 1 1 1 0 0 0 1 1 0 0 1 1 1 1 1 0 1 1 0 1 1 1 0 1 0 0 0 1 0 1 1 0 1 1 0 0 0 1 1 0 0 1 0 0
160	2	1 1 1 1 0 0 1 1 1 0 1 0 1 1 0 0 1 1 1 1 1 0 1 1 0 1 1 1 0 1 0 0 0 1 0 1 1 0 1 1 0 0 0 1 0 0 0 1 0 0
160	1	1 1 1 1 0 0 1 1 1 0 1 0 1 1 1 0 1 1 1 1 1 0 1 1 0 1 1 1 0 1 0 0 0 1 0 1 1 0 1 1 0 0 0 1 1 0 0 1 0 0
160	32	1 1 1 1 0 0 1 1 1 0 1 0 1 1 0 0 1 1 1 1 1 0 1 1 0 1 1 1 0 1 0 0 0 1 0 1 1 0 1 1 0 0 0 1 1 0 0 1 0 0
160	13	1 1 1 1 0 1 1 1 1 0 1 0 1 1 0 0 1 1 1 1 1 0 1 1 0 1 1 1 0 1 0 0 0 1 0 1 1 0 1 1 0 0 0 1 1 0 1 1 0 0
170	4	1 1 1 1 0 1 1 1 1 0 1 0 1 1 0 0 1 1 0 1 1 0 1 1 0 1 1 1 0 1 0 0 0 1 0 1 1 0 1 1 0 0 0 1 1 0 0 1 0 0
170	3	1 1 1 1 1 0 1 1 1 0 1 0 1 1 0 0 1 1 0 1 1 0 1 1 0 1 1 1 0 1 0 0 0 1 0 1 1 0 1 1 0 0 0 1 1 0 0 1 0 0
170	6	1 1 1 1 0 0 1 1 1 0 1 0 1 1 0 0 1 1 0 1 1 0 1 1 0 1 1 1 0 1 0 0 0 1 0 1 1 0 1 1 0 0 0 1 1 0 0 1 0 0
170	12	1 1 1 1 0 0 1 1 1 0 1 0 1 0 0 0 1 1 1 1 1 0 1 1 0 1 1 1 0 1 0 0 0 1 0 1 1 0 0 1 0 0 0 1 1 0 0 1 0 0
170	5	1 1 1 1 0 0 1 1 1 0 1 0 1 1 0 0 1 1 1 1 1 0 1 1 0 1 1 1 0 1 0 0 0 1 0 1 1 0 0 1 0 0 0 1 1 0 0 1 0 0
170	1	1 1 1 1 0 0 1 1 1 0 1 0 1 0 0 0 1 1 1 1 1 0 1 1 0 1 1 1 0 1 0 0 0 1 0 1 1 0 1 1 0 0 0 1 1 0 0 0 0 0
170	1	1 0 1 1 0 0 1 1 1 0 1 0 1 1 0 0 1 1 1 1 1 0 1 1 0 1 1 1 0 1 0 0 0 1 0 1 1 0 1 1 0 0 0 1 1 0 0 0 0 0
170	7	1 1 1 1 0 0 1 1 1 0 1 0 1 1 0 0 1 1 1 1 1 0 1 1 0 1 1 1 0 1 0 0 0 1 0 1 1 0 1 1 0 0 0 1 1 0 0 0 0 0
170	3	1 1 1 1 0 0 1 1 1 0 0 0 1 1 0 0 1 1 1 1 1 0 1 1 0 1 1 1 0 1 0 1 0 1 0 1 1 0 1 1 0 0 0 1 1 0 0 1 0 0
170	3	1 1 1 1 0 0 1 1 1 0 0 0 1 1 0 0 1 1 1 1 1 0 1 1 0 1 1 1 0 1 0 0 0 1 0 1 1 0 1 1 0 0 0 1 1 0 0 1 0 0
170	2	1 1 1 1 0 0 1 1 1 0 1 0 1 1 0 0 1 1 1 1 1 0 1 1 0 1 0 1 0 1 0 0 0 1 0 1 1 0 1 1 0 0 0 1 1 0 0 1 0 0
170	3	1 1 1 1 0 0 1 1 1 0 1 0 1 1 0 0 1 1 1 1 1 0 1 1 0 1 1 1 0 1 0 0 0 1 0 1 1 0 1 1 0 0 0 1 0 0 0 1 0 0
170	1	1 1 1 1 0 0 1 1 1 0 1 0 1 1 0 0 1 1 1 1 1 0 1 1 0 1 1 1 0 1 0 0 1 1 0 1 1 0 1 1 0 0 0 1 1 0 0 1 0 0
170	33	1 1 1 1 0 0 1 1 1 0 1 0 1 1 0 0 1 1 1 1 1 0 1 1 0 1 1 1 0 1 0 0 0 1 0 1 1 0 1 1 0 0 0 1 1 0 0 1 0 0
170	1	1 1 1 1 0 1 1 1 1 0 1 0 1 1 0 0 1 1 1 0 1 0 1 1 0 1 1 0 0 1 0 0 0 1 0 1 1 0 1 1 0 0 0 1 1 0 1 1 0 0
170	3	1 1 1 1 0 1 1 1 1 0 1 0 1 1 0 0 1 1 1 1 1 0 1 1 0 1 1 1 0 1 0 0 0 1 0 0 1 0 1 1 0 0 0 1 1 0 1 1 0 0
170	12	1 1 1 1 0 1 1 1 1 0 1 0 1 1 0 0 1 1 1 1 1 0 1 1 0 1 1 1 0 1 0 0 0 1 0 1 1 0 1 1 0 0 0 1 1 0 1 1 0 0
180	1	1 1 1 1 1 1 1 1 1 0 1 0 1 1 0 0 1 1 0 1 1 0 1 1 0 1 1 1 0 1 0 0 0 1 0 1 1 0 1 1 0 0 0 1 1 0 0 1 0 0
180	14	1 1 1 1 0 1 1 1 1 0 1 0 1 1 0 0 1 1 0 1 1 0 1 1 0 1 1 1 0 1 0 0 0 1 0 1 1 0 1 1 0 0 0 1 1 0 0 1 0 0
180	3	1 1 1 1 1 0 1 1 1 0 1 0 1 1 0 0 1 1 0 1 1 0 1 1 0 1 1 1 0 1 0 0 0 1 0 1 1 0 1 1 0 0 0 1 1 0 0 1 0 0
180	9	1 1 1 1 0 0 1 1 1 0 1 0 1 1 0 0 1 1 0 1 1 0 1 1 0 1 1 1 0 1 0 0 0 1 0 1 1 0 1 1 0 0 0 1 1 0 0 1 0 0
180	5	1 1 1 1 0 0 1 1 1 0 1 0 1 0 0 0 1 1 1 1 1 0 1 1 0 1 1 1 0 1 0 0 0 1 0 1 1 0 0 1 0 0 0 1 1 0 0 1 0 0
180	1	1 1 1 1 0 0 1 1 1 0 1 0 1 1 0 0 1 1 1 1 1 0 1 1 0 1 1 1 0 1 0 0 0 1 0 1 1 0 0 1 0 0 0 1 1 0 0 1 0 0
180	2	1 1 1 1 0 0 1 1 1 0 1 0 1 0 0 0 1 1 1 1 1 0 1 1 0 1 1 1 0 1 0 0 0 1 0 1 1 0 1 1 0 0 0 1 1 0 0 0 0 0
180	5	1 1 1 1 0 0 1 1 1 0 1 0 1 1 0 0 1 1 1 1 1 0 1 1 0 1 1 1 0 1 0 0 0 1 0 1 1 0 1 1 0 0 0 1 1 0 0 0 0 0
180	2	1 1 1 1 0 0 1 1 1 0 1 0 1 1 0 0 1 0 1 1 1 0 1 1 0 1 1 1 0 1 0 0 0 1 0 1 1 0 1 1 0 0 0 1 1 0 0 1 0 0
180	1	1 1 1 1 0 0 1 1 1 0 0 0 1 1 0 0 1 1 1 1 1 0 1 1 0 1 1 1 0 1 0 1 0 1 0 1 1 0 1 1 0 0 0 1 1 0 0 1 0 0
180	5	1 1 1 1 0 0 1 1 1 0 0 0 1 1 0 0 1 1 1 1 1 0 1 1 0 1 1 1 0 1 0 0 0 1 0 1 1 0 1 1 0 0 0 1 1 0 0 1 0 0
180	1	1 1 1 1 0 0 1 1 1 0 1 0 1 1 0 0 1 1 1 1 1 0 1 1 0 1 1 1 0 1 0 0 0 1 0 1 1 0 0 1 0 0 0 1 0 0 0 1 0 0
180	1	1 1 1 1 0 0 1 1 1 0 1 0 1 1 0 0 1 1 1 1 1 0 1 1 0 1 1 1 0 1 0 0 0 1 0 1 1 0 1 1 1 0 0 1 0 0 0 1 0 0
180	10	1 1 1 1 0 0 1 1 1 0 1 0 1 1 0 0 1 1 1 1 1 0 1 1 0 1 1 1 0 1 0 0 0 1 0 1 1 0 1 1 0 0 0 1 0 0 0 1 0 0
180	30	1 1 1 1 0 0 1 1 1 0 1 0 1 1 0 0 1 1 1 1 1 0 1 1 0 1 1 1 0 1 0 0 0 1 0 1 1 0 1 1 0 0 0 1 1 0 0 1 0 0
180	1	1 1 1 1 0 1 1 1 1 0 1 0 1 1 0 0 1 1 1 1 1 0 1 1 0 1 1 1 0 1 0 0 0 1 0 0 1 0 1 1 0 0 0 1 1 0 1 1 0 0
180	1	1 1 1 1 0 1 1 1 1 0 1 0 1 1 1 0 1 1 1 1 1 0 1 1 0 1 1 1 0 1 0 0 0 0 0 1 1 0 1 1 0 0 0 1 1 0 1 1 0 0
180	8	1 1 1 1 0 1 1 1 1 0 1 0 1 1 0 0 1 1 1 1 1 0 1 1 0 1 1 1 0 1 0 0 0 1 0 1 1 0 1 1 0 0 0 1 1 0 1 1 0 0
190	1	1 1 1 1 0 1 1 1 1 0 1 0 1 1 0 0 1 1 0 1 1 0 1 1 0 1 1 1 1 1 0 0 0 1 0 1 1 0 1 1 0 0 0 1 1 0 0 1 0 0
190	1	1 1 1 1 0 1 1 1 1 0 1 0 1 1 1 0 1 1 0 1 1 0 1 1 0 1 1 1 0 1 0 0 0 1 0 1 1 0 1 1 0 0 0 1 1 0 0 1 0 0
190	1	1 1 1 1 0 1 1 1 1 0 1 0 1 1 0 0 0 1 0 1 1 0 1 1 0 1 1 1 0 1 0 0 0 1 0 1 1 0 1 1 0 0 0 1 1 0 0 1 0 0
190	1	1 1 0 1 0 1 1 1 1 0 1 0 1 1 0 0 1 1 0 1 1 0 1 1 0 1 1 1 0 1 0 0 0 1 0 1 1 0 1 1 0 0 0 1 1 0 0 1 0 0
190	32	1 1 1 1 0 1 1 1 1 0 1 0 1 1 0 0 1 1 0 1 1 0 1 1 0 1 1 1 0 1 0 0 0 1 0 1 1 0 1 1 0 0 0 1 1 0 0 1 0 0
190	3	1 1 1 1 1 0 1 1 1 0 1 0 1 1 0 0 1 1 0 1 1 0 1 1 0 1 1 1 0 1 0 0 0 1 0 1 1 0 1 1 0 0 0 1 1 0 0 1 0 0
190	1	1 1 1 1 0 0 1 1 1 0 1 0 1 1 0 0 1 1 0 1 1 0 1 1 0 1 1 1 0 1 0 0 0 1 0 1 1 0 1 1 0 0 0 1 0 0 0 1 0 0
190	3	1 1 1 1 0 0 1 1 1 0 1 0 1 1 0 0 1 1 0 1 1 0 1 1 0 1 1 1 0 1 0 0 0 1 0 1 1 0 1 1 0 0 0 1 1 0 0 1 0 0
190	4	1 1 1 1 0 0 1 1 1 0 1 0 1 0 0 0 1 1 1 1 1 0 1 1 0 1 1 1 0 1 0 0 0 1 0 1 1 0 1 1 0 0 0 1 1 0 0 0 0 0
190	1	1 1 1 1 0 0 1 1 1 0 1 0 1 1 0 1 1 1 1 1 1 0 1 1 0 1 1 1 0 1 0 0 0 1 0 1 1 0 1 1 0 0 0 1 1 0 0 0 0 0
190	7	1 1 1 1 0 0 1 1 1 0 1 0 1 1 0 0 1 1 1 1 1 0 1 1 0 1 1 1 0 1 0 0 0 1 0 1 1 0 1 1 0 0 0 1 1 0 0 0 0 0
190	1	1 1 1 1 0 0 1 1 1 0 1 0 1 1 0 0 1 0 1 1 1 0 1 1 0 1 1 1 0 1 0 0 0 1 0 1 1 0 1 1 0 0 0 1 1 0 0 1 0 0
190	1	1 1 1 1 0 0 1 1 1 0 0 0 1 1 0 0 1 1 1 1 1 0 1 1 0 1 0 1 0 1 0 1 0 1 0 1 1 0 1 1 0 0 0 1 1 0 0 1 0 0
190	1	1 1 1 1 0 0 1 1 1 0 0 0 1 1 0 0 1 1 1 1 1 0 1 1 0 1 1 1 0 1 0 1 0 1 0 1 1 0 1 1 0 0 0 1 1 0 0 1 0 0
190	9	1 1 1 1 0 0 1 1 1 0 0 0 1 1 0 0 1 1 1 1 1 0 1 1 0 1 1 1 0 1 0 0 0 1 0 1 1 0 1 1 0 0 0 1 1 0 0 1 0 0
190	1	1 1 1 1 0 0 1 1 1 0 1 0 1 1 0 0 1 1 1 1 1 0 1 1 0 1 0 1 0 1 0 0 0 1 0 1 1 0 1 1 0 0 0 1 1 0 0 1 0 0
190	17	1 1 1 1 0 0 1 1 1 0 1 0 1 1 0 0 1 1 1 1 1 0 1 1 0 1 1 1 0 1 0 0 0 1 0 1 1 0 1 1 0 0 0 1 0 0 0 1 0 0
190	9	1 1 1 1 0 0 1 1 1 0 1 0 1 1 0 0 1 1 1 1 1 0 1 1 0 1 1 1 0 1 0 0 0 1 0 1 1 0 1 1 0 0 0 1 1 0 0 1 0 0
190	3	1 1 1 1 0 1 1 1 1 0 1 0 1 1 1 0 1 1 1 1 1 0 1 1 0 1 1 1 0 1 0 0 0 1 0 1 1 0 1 1 0 0 0 1 1 0 1 1 0 0
190	3	1 1 1 1 0 1 1 1 1 0 1 0 1 1 0 0 1 1 1 1 1 0 1 1 0 1 1 1 0 1 0 0 0 1 0 1 1 0 1 1 0 0 0 1 1 0 1 1 0 0
200	1	1 1 1 1 0 1 1 1 1 0 1 0 1 1 0 0 1 1 0 1 1 0 1 1 0 1 1 1 1 1 0 0 0 1 0 1 1 0 1 1 0 0 0 1 1 0 0 1 0 0
200	3	1 1 1 1 0 1 1 1 1 0 1 0 1 1 0 0 1 1 0 1 1 0 1 1 0 1 1 1 0 1 0 0 0 1 0 1 1 0 1 1 0 0 0 1 1 0 0 0 0 0
200	1	1 1 1 1 0 1 1 1 1 0 1 0 1 1 0 0 1 1 0 1 1 0 1 1 0 1 1 1 0 1 0 0 0 0 0 1 1 0 1 1 0 0 0 1 1 0 0 1 0 0
200	5	1 1 1 1 0 0 1 1 1 0 1 0 1 1 0 0 1 1 0 1 1 0 1 1 0 1 1 1 0 1 0 0 0 1 0 1 1 0 1 1 0 0 0 1 1 0 0 1 0 0
200	1	1 1 1 1 0 1 1 1 1 0 1 0 1 1 0 0 1 1 0 1 1 0 1 1 0 1 1 1 0 1 0 0 0 1 1 1 1 0 1 1 0 0 0 1 1 0 0 1 0 0
200	1	1 1 1 1 0 1 1 1 1 0 1 0 1 1 0 0 1 1 0 1 1 0 1 1 0 1 1 1 0 1 0 0 0 1 0 0 1 0 1 1 0 0 0 1 1 0 0 1 0 0
200	1	1 1 1 1 0 1 1 1 1 0 1 0 1 1 0 0 1 1 0 1 1 0 1 1 0 1 1 1 0 1 0 0 0 1 0 1 1 0 1 1 0 0 0 1 1 1 0 1 0 0
200	42	1 1 1 1 0 1 1 1 1 0 1 0 1 1 0 0 1 1 0 1 1 0 1 1 0 1 1 1 0 1 0 0 0 1 0 1 1 0 1 1 0 0 0 1 1 0 0 1 0 0
200	2	1 1 1 1 1 0 1 1 1 0 1 0 1 1 0 0 1 1 0 1 1 0 1 1 0 1 1 1 0 1 0 0 0 1 0 1 1 0 1 1 0 0 0 1 1 0 0 1 0 0
200	2	1 1 1 1 0 0 1 1 1 0 1 0 1 1 0 0 1 1 0 1 1 0 1 1 0 1 1 1 0 1 0 0 0 1 0 1 1 0 1 1 0 0 0 1 0 0 0 1 0 0
200	7	1 1 1 1 0 0 1 1 1 0 1 0 1 0 0 0 1 1 1 1 1 0 1 1 0 1 1 1 0 1 0 0 0 1 0 1 1 0 1 1 0 0 0 1 1 0 0 0 0 0
200	6	1 1 1 1 0 0 1 1 1 0 1 0 1 1 0 0 1 1 1 1 1 0 1 1 0 1 1 1 0 1 0 0 0 1 0 1 1 0 1 1 0 0 0 1 1 0 0 0 0 0
200	1	1 1 1 1 0 0 1 1 1 0 0 0 1 1 0 0 1 1 1 1 1 0 1 1 0 1 1 1 1 1 0 0 0 1 0 1 1 0 1 1 0 0 0 1 1 0 0 1 0 0
200	1	1 1 1 1 0 0 1 1 1 0 0 0 1 1 0 0 1 1 1 1 1 0 1 1 0 1 1 1 0 1 0 0 0 1 0 1 1 0 1 1 0 0 0 1 1 0 0 1 0 0
200	1	1 1 1 1 0 0 1 1 1 0 1 0 1 1 0 0 1 1 1 1 1 0 1 1 0 1 1 1 0 1 0 0 0 0 0 1 1 0 1 1 0 0 0 1 0 0 0 1 0 0
200	9	1 1 1 1 0 0 1 1 1 0 1 0 1 1 0 0 1 1 1 1 1 0 1 1 0 1 1 1 0 1 0 0 0 1 0 1 1 0 1 1 0 0 0 1 0 0 0 1 0 0
200	12	1 1 1 1 0 0 1 1 1 0 1 0 1 1 0 0 1 1 1 1 1 0 1 1 0 1 1 1 0 1 0 0 0 1 0 1 1 0 1 1 0 0 0 1 1 0 0 1 0 0
200	1	1 0 1 1 0 1 1 1 1 0 1 0 1 1 0 0 1 1 1 1 1 0 1 1 0 1 1 1 0 1 0 0 0 1 0 1 1 0 1 1 0 0 0 1 1 0 1 1 0 0
200	3	1 1 1 1 0 1 1 1 1 0 1 0 1 1 0 0 1 1 1 1 1 0 1 1 0 1 1 1 0 1 0 0 0 1 0 1 1 0 1 1 0 0 0 1 1 0 1 1 0 0
210	10	1 1 1 1 0 1 1 1 1 0 1 0 1 1 0 0 1 1 0 1 1 0 1 1 0 1 1 1 0 1 0 0 0 1 0 1 1 0 1 1 0 0 0 1 1 0 0 0 0 0
210	4	1 1 1 1 0 0 1 1 1 0 1 0 1 1 0 0 1 1 0 1 1 0 1 1 0 1 1 1 0 1 0 0 0 1 0 1 1 0 1 1 0 0 0 1 1 0 0 1 0 0
210	2	1 1 1 1 0 1 1 1 1 0 1 0 1 1 0 0 1 1 0 1 1 0 1 1 0 1 1 1 0 1 0 0 0 1 0 1 1 0 1 1 1 0 0 1 1 0 0 1 0 0
210	1	1 1 1 1 0 1 1 1 1 0 1 0 1 1 0 0 1 1 0 1 1 0 1 1 0 1 1 1 0 1 0 0 0 1 0 1 1 0 1 1 0 0 0 1 0 0 0 1 0 0
210	1	1 1 1 1 0 1 1 1 1 0 1 0 1 1 0 0 1 1 0 1 1 0 1 1 0 1 1 1 0 1 0 0 0 1 0 0 1 0 1 1 0 0 0 1 1 0 0 1 0 0
210	34	1 1 1 1 0 1 1 1 1 0 1 0 1 1 0 0 1 1 0 1 1 0 1 1 0 1 1 1 0 1 0 0 0 1 0 1 1 0 1 1 0 0 0 1 1 0 0 1 0 0
210	5	1 1 1 1 0 0 1 1 1 0 1 0 1 1 0 0 1 1 0 1 1 0 1 1 0 1 1 1 0 1 0 0 0 1 0 1 1 0 1 1 0 0 0 1 0 0 0 1 0 0
210	4	1 1 1 1 1 0 1 1 1 0 1 0 1 0 0 0 1 1 1 1 1 0 1 1 0 1 1 1 0 1 0 0 0 1 0 1 1 0 1 1 0 0 0 1 1 0 0 0 0 0
210	6	1 1 1 1 0 0 1 1 1 0 1 0 1 0 0 0 1 1 1 1 1 0 1 1 0 1 1 1 0 1 0 0 0 1 0 1 1 0 1 1 0 0 0 1 1 0 0 0 0 0
210	1	1 1 1 1 0 0 1 1 1 0 1 0 1 1 0 0 1 1 1 1 1 0 1 1 1 1 1 1 0 1 0 0 0 1 0 1 1 0 1 1 0 0 0 1 1 0 0 0 0 0
210	9	1 1 1 1 0 0 1 1 1 0 1 0 1 1 0 0 1 1 1 1 1 0 1 1 0 1 1 1 0 1 0 0 0 1 0 1 1 0 1 1 0 0 0 1 1 0 0 0 0 0
210	1	1 1 1 1 0 0 1 1 1 0 0 0 1 1 0 0 1 1 1 1 1 0 1 1 0 1 1 1 1 1 0 0 0 1 0 1 1 0 1 1 0 0 0 1 1 0 0 1 0 0
210	1	1 1 1 1 0 0 1 1 1 0 1 0 1 1 0 0 1 1 1 1 1 0 1 1 0 1 1 1 0 1 0 0 0 0 0 1 1 0 1 1 0 0 0 1 0 0 0 1 0 0
210	1	1 1 1 1 0 0 1 1 0 0 1 0 1 1 0 0 1 1 1 1 1 0 1 1 0 1 1 1 0 1 0 0 0 1 0 1 1 0 1 1 0 0 0 1 0 0 0 1 0 0
210	17	1 1 1 1 0 0 1 1 1 0 1 0 1 1 0 0 1 1 1 1 1 0 1 1 0 1 1 1 0 1 0 0 0 1 0 1 1 0 1 1 0 0 0 1 0 0 0 1 0 0
210	3	1 1 1 1 0 0 1 1 1 0 1 0 1 1 0 0 1 1 1 1 1 0 1 1 0 1 1 1 0 1 0 0 0 1 0 1 1 0 1 1 0 0 0 1 1 0 0 1 0 0
220	1	1 1 1 1 0 1 1 1 1 0 1 0 1 1 0 0 1 1 0 1 1 0 1 1 0 1 1 1 1 1 0 0 0 1 0 1 1 0 1 1 0 0 0 1 1 0 0 1 0 0
220	11	1 1 1 1 0 1 1 1 1 0 1 0 1 1 0 0 1 1 0 1 1 0 1 1 0 1 1 1 0 1 0 0 0 1 0 1 1 0 1 1 0 0 0 1 1 0 0 0 0 0
220	1	1 1 1 1 0 0 1 1 1 0 1 0 1 1 0 0 1 1 0 1 1 0 1 1 0 1 1 1 0 1 0 0 0 1 0 1 1 0 1 1 0 0 0 1 1 0 0 1 0 0
220	1	1 1 1 1 0 1 1 1 1 0 1 0 1 1 0 0 1 1 0 1 1 0 1 1 0 1 1 1 0 1 0 0 0 1 0 1 1 0 1 1 0 0 0 1 0 0 0 1 0 0
220	33	1 1 1 1 0 1 1 1 1 0 1 0 1 1 0 0 1 1 0 1 1 0 1 1 0 1 1 1 0 1 0 0 0 1 0 1 1 0 1 1 0 0 0 1 1 0 0 1 0 0
220	3	1 1 1 1 1 0 1 1 1 0 1 0 1 1 0 0 1 1 0 1 1 0 1 1 0 1 1 1 0 1 0 0 0 1 0 1 1 0 1 1 0 0 0 1 1 0 0 1 0 0
220	2	1 1 1 1 0 0 1 1 1 0 1 0 0 1 0 0 1 1 0 1 1 0 1 1 0 1 1 1 0 1 0 0 0 1 0 1 1 0 1 1 0 0 0 1 0 0 0 1 0 0
220	13	1 1 1 1 0 0 1 1 1 0 1 0 1 1 0 0 1 1 0 1 1 0 1 1 0 1 1 1 0 1 0 0 0 1 0 1 1 0 1 1 0 0 0 1 0 0 0 1 0 0
220	5	1 1 1 1 1 0 1 1 1 0 1 0 1 0 0 0 1 1 1 1 1 0 1 1 0 1 1 1 0 1 0 0 0 1 0 1 1 0 1 1 0 0 0 1 1 0 0 0 0 0
220	8	1 1 1 1 0 0 1 1 1 0 1 0 1 0 0 0 1 1 1 1 1 0 1 1 0 1 1 1 0 1 0 0 0 1 0 1 1 0 1 1 0 0 0 1 1 0 0 0 0 0
220	1	1 1 1 1 0 0 1 1 1 0 1 0 1 1 0 0 1 1 1 1 1 0 1 1 0 1 1 1 0 1 0 0 0 1 0 1 1 0 0 1 0 0 0 1 1 0 0 0 0 0
220	6	1 1 1 1 0 0 1 1 1 0 1 0 1 1 0 0 1 1 1 1 1 0 1 1 0 1 1 1 0 1 0 0 0 1 0 1 1 0 1 1 0 0 0 1 1 0 0 0 0 0
220	2	1 1 1 1 0 0 1 1 1 0 1 0 1 1 0 0 0 1 1 1 1 0 1 1 0 1 1 1 0 1 0 0 0 1 0 1 1 0 1 1 0 0 0 1 0 0 0 1 0 0
220	13	1 1 1 1 0 0 1 1 1 0 1 0 1 1 0 0 1 1 1 1 1 0 1 1 0 1 1 1 0 1 0 0 0 1 0 1 1 0 1 1 0 0 0 1 0 0 0 1 0 0
230	2	1 1 1 1 0 1 1 1 1 0 1 0 1 1 0 0 1 1 0 1 1 0 1 1 0 1 1 1 1 1 0 0 0 1 0 1 1 0 1 1 0 0 0 1 1 0 0 1 0 0
230	1	1 1 1 1 0 1 1 1 1 0 1 0 1 1 0 0 1 1 0 1 1 0 1 1 0 1 1 1 0 1 0 0 0 1 0 1 1 0 1 1 0 0 0 0 1 0 0 0 0 0
230	1	1 1 1 1 0 1 1 1 1 0 1 0 1 1 0 0 1 1 0 1 1 0 1 1 0 1 0 1 0 1 0 0 0 1 0 1 1 0 1 1 0 0 0 1 1 0 0 0 0 0
230	24	1 1 1 1 0 1 1 1 1 0 1 0 1 1 0 0 1 1 0 1 1 0 1 1 0 1 1 1 0 1 0 0 0 1 0 1 1 0 1 1 0 0 0 1 1 0 0 0 0 0
230	2	1 1 1 1 0 0 1 1 1 0 1 0 1 1 0 0 1 1 0 1 1 0 1 1 0 1 1 1 0 1 0 0 0 1 0 1 1 0 1 1 0 0 0 1 1 0 0 1 0 0
230	4	1 1 1 1 0 1 1 1 1 0 1 0 1 1 0 0 1 1 0 1 1 0 1 1 0 1 1 1 0 1 0 0 0 1 0 1 1 0 1 1 0 0 0 1 0 0 0 1 0 0
230	1	1 1 1 1 0 1 1 1 1 0 1 0 1 1 0 0 0 1 0 1 1 0 1 1 0 1 1 1 0 1 0 0 0 1 0 1 1 0 1 1 0 0 0 1 1 0 0 1 0 0
230	1	1 1 1 1 0 1 1 1 1 1 1 0 1 1 0 0 1 1 0 1 1 0 1 1 0 1 1 1 0 1 0 0 0 1 0 1 1 0 1 1 0 0 0 1 1 0 0 1 0 0
230	1	1 1 1 1 0 1 1 1 1 0 1 0 1 1 0 0 1 1 0 0 1 0 1 1 0 1 1 1 0 1 0 0 0 1 0 1 1 0 1 1 0 0 0 1 1 0 0 1 0 0
230	22	1 1 1 1 0 1 1 1 1 0 1 0 1 1 0 0 1 1 0 1 1 0 1 1 0 1 1 1 0 1 0 0 0 1 0 1 1 0 1 1 0 0 0 1 1 0 0 1 0 0
230	1	1 1 1 1 1 0 1 1 1 0 1 0 1 1 0 0 1 1 0 1 1 0 1 1 0 1 1 1 0 1 0 0 0 1 0 1 1 0 1 1 0 0 0 1 1 0 0 1 0 0
230	4	1 1 1 1 0 0 1 1 1 0 1 0 0 1 0 0 1 1 0 1 1 0 1 1 0 1 1 1 0 1 0 0 0 1 0 1 1 0 1 1 0 0 0 1 0 0 0 1 0 0
230	2	1 1 1 1 0 0 1 1 1 0 1 0 1 1 0 0 1 1 0 1 1 0 1 1 0 1 1 1 0 0 0 0 0 1 0 1 1 0 1 1 0 0 0 1 0 0 0 1 0 0
230	7	1 1 1 1 0 0 1 1 1 0 1 0 1 1 0 0 1 1 0 1 1 0 1 1 0 1 1 1 0 1 0 0 0 1 0 1 1 0 1 1 0 0 0 1 0 0 0 1 0 0
230	10	1 1 1 1 1 0 1 1 1 0 1 0 1 0 0 0 1 1 1 1 1 0 1 1 0 1 1 1 0 1 0 0 0 1 0 1 1 0 1 1 0 0 0 1 1 0 0 0 0 0
230	3	1 1 1 1 0 0 1 1 1 0 1 0 1 0 0 0 1 1 1 1 1 0 1 1 0 1 1 1 0 1 0 0 0 1 0 1 1 0 1 1 0 0 0 1 1 0 0 0 0 0
230	2	1 1 1 1 0 0 1 1 1 0 1 0 1 1 0 0 1 1 1 1 1 0 1 1 0 1 1 1 0 1 0 0 0 1 0 1 1 0 1 1 0 0 0 1 1 0 0 0 0 0
230	1	1 1 1 1 0 0 1 1 1 0 0 0 1 1 0 0 1 1 1 1 1 0 1 1 0 1 1 1 1 1 0 0 0 1 0 1 1 0 1 1 0 0 0 1 1 0 0 1 0 0
230	2	1 1 1 1 0 0 1 1 1 0 1 0 1 1 0 0 1 1 1 1 1 0 1 1 0 1 1 1 0 1 0 0 0 0 0 1 1 0 1 1 0 0 0 0 0 0 0 1 0 0
230	2	1 1 1 1 0 0 1 1 1 0 1 0 1 1 0 0 1 1 1 1 1 0 1 1 0 1 1 1 0 1 0 0 0 0 0 1 1 0 1 1 0 0 0 1 0 0 0 1 0 0
230	6	1 1 1 1 0 0 1 1 1 0 1 0 1 1 0 0 1 1 1 1 1 0 1 1 0 1 1 1 0 1 0 0 0 1 0 1 1 0 1 1 0 0 0 1 0 0 0 1 0 0
230	1	1 1 1 1 0 0 1 1 1 1 1 0 1 1 0 0 1 1 1 1 1 0 1 1 0 1 1 1 0 1 0 0 0 1 0 1 1 0 1 1 0 0 0 1 1 0 0 1 0 0
240	1	1 1 1 1 0 1 1 1 1 0 1 0 1 1 0 0 1 1 0 1 1 0 1 1 0 1 1 1 1 1 0 0 0 1 0 1 1 0 1 1 0 0 0 1 1 0 0 1 0 0
240	1	1 1 1 1 0 1 1 1 1 0 1 0 1 1 0 0 1 1 0 1 1 0 1 1 0 1 1 1 0 1 0 0 0 1 1 1 1 0 1 1 0 0 0 1 1 0 0 0 0 0
240	3	1 1 1 1 0 1 1 1 1 0 1 0 1 1 1 0 1 1 0 1 1 0 1 1 0 1 1 1 0 1 0 0 0 1 0 1 1 0 1 1 0 0 0 0 1 0 0 0 0 0
240	1	1 1 1 1 0 1 1 1 1 0 1 0 1 1 0 0 1 1 0 1 1 0 1 1 0 1 1 0 0 1 0 0 0 1 0 1 1 0 1 1 0 0 0 1 1 0 0 0 0 0
240	23	1 1 1 1 0 1 1 1 1 0 1 0 1 1 0 0 1 1 0 1 1 0 1 1 0 1 1 1 0 1 0 0 0 1 0 1 1 0 1 1 0 0 0 1 1 0 0 0 0 0
240	1	1 0 1 1 0 1 1 1 1 0 1 0 1 1 0 0 1 1 0 1 1 0 1 1 0 1 1 1 0 1 0 0 0 1 0 1 1 0 1 1 0 0 0 1 0 0 0 1 0 0
240	1	1 1 1 1 0 1 1 1 1 0 1 0 1 1 0 0 1 1 0 1 1 0 1 1 0 1 1 1 0 1 0 0 0 1 0 1 1 0 1 1 0 0 0 1 0 0 0 1 1 0
240	13	1 1 1 1 0 1 1 1 1 0 1 0 1 1 0 0 1 1 0 1 1 0 1 1 0 1 1 1 0 1 0 0 0 1 0 1 1 0 1 1 0 0 0 1 0 0 0 1 0 0
240	3	1 1 1 1 0 1 1 1 1 1 1 0 1 1 0 0 1 1 0 1 1 0 1 1 0 1 1 1 0 1 0 0 0 1 0 1 1 0 1 1 0 0 0 1 1 0 0 1 0 0
240	1	1 1 1 1 0 1 1 1 1 0 1 0 1 1 0 0 1 1 0 0 1 0 1 1 0 1 1 1 0 1 0 0 0 1 0 1 1 0 1 1 0 0 0 1 1 0 0 1 0 0
240	13	1 1 1 1 0 1 1 1 1 0 1 0 1 1 0 0 1 1 0 1 1 0 1 1 0 1 1 1 0 1 0 0 0 1 0 1 1 0 1 1 0 0 0 1 1 0 0 1 0 0
240	1	1 1 1 1 0 0 1 1 1 0 1 0 1 1 0 0 1 1 0 1 1 0 1 1 0 1 1 1 0 1 1 0 0 1 0 1 1 0 1 1 0 0 0 1 0 0 0 1 0 0
240	1	1 1 1 1 0 0 1 1 1 0 1 0 1 1 0 0 1 1 0 1 1 0 1 1 0 1 1 1 0 1 0 0 0 1 0 1 1 0 1 1 0 0 0 1 0 0 0 1 0 0
240	1	1 1 1 1 1 0 1 1 1 0 1 0 1 0 0 0 1 1 1 1 1 0 1 1 0 1 1 1 0 1 0 0 0 1 0 1 0 0 1 1 0 0 0 1 1 0 0 0 0 0
240	1	1 1 1 1 1 0 1 1 1 0 1 1 1 0 0 0 1 1 1 1 1 0 1 1 0 1 1 1 0 1 0 0 0 1 0 1 1 0 1 1 0 0 0 1 1 0 0 0 0 0
240	14	1 1 1 1 1 0 1 1 1 0 1 0 1 0 0 0 1 1 1 1 1 0 1 1 0 1 1 1 0 1 0 0 0 1 0 1 1 0 1 1 0 0 0 1 1 0 0 0 0 0
240	8	1 1 1 1 0 0 1 1 1 0 1 0 1 0 0 0 1 1 1 1 1 0 1 1 0 1 1 1 0 1 0 0 0 1 0 1 1 0 1 1 0 0 0 1 1 0 0 0 0 0
240	6	1 1 1 1 0 0 1 1 1 0 1 0 1 1 0 0 1 1 1 1 1 0 1 1 0 1 1 1 0 1 0 0 0 1 0 1 1 0 0 1 0 0 0 1 1 0 0 0 0 0
240	6	1 1 1 1 0 0 1 1 1 0 1 0 1 1 0 0 1 1 1 1 1 0 1 1 0 1 1 1 0 1 0 0 0 1 0 1 1 0 1 1 0 0 0 1 1 0 0 0 0 0
240	1	1 1 1 1 0 0 1 1 1 0 1 0 1 1 0 0 1 1 1 1 1 0 1 1 0 1 1 1 0 1 0 0 0 1 0 1 1 0 1 1 0 0 0 1 0 0 0 1 0 0
250	2	1 1 1 1 0 1 1 1 1 0 1 0 1 1 1 0 1 1 0 1 1 0 1 1 0 1 1 1 0 1 0 0 0 1 0 1 1 0 1 1 0 0 0 0 1 0 0 0 0 0
250	1	1 1 1 1 0 1 1 1 1 0 1 0 1 1 0 0 1 1 0 1 1 0 1 1 0 1 1 1 0 1 0 0 0 1 0 1 1 0 1 1 0 0 0 0 1 0 0 0 0 0
250	1	1 1 1 1 0 1 1 1 1 0 1 0 1 1 0 0 1 1 0 1 1 0 1 1 1 1 1 1 0 1 0 0 0 1 0 1 1 0 1 1 0 0 0 1 1 0 0 0 0 0
250	1	1 1 1 1 0 1 1 1 1 0 1 1 1 1 0 0 1 1 0 1 1 0 1 1 0 1 1 1 0 1 0 0 0 1 0 1 1 0 1 1 0 0 0 1 1 0 0 0 0 0
250	1	1 1 1 1 0 1 1 1 1 0 1 0 1 1 0 0 1 1 0 1 1 0 1 1 0 1 1 0 0 1 0 0 0 1 0 1 1 0 1 1 0 0 0 1 1 0 0 0 0 0
250	36	1 1 1 1 0 1 1 1 1 0 1 0 1 1 0 0 1 1 0 1 1 0 1 1 0 1 1 1 0 1 0 0 0 1 0 1 1 0 1 1 0 0 0 1 1 0 0 0 0 0
250	1	1 0 1 1 0 1 1 1 1 0 1 0 1 1 0 0 1 1 0 1 1 0 1 1 0 1 1 1 0 1 0 0 0 1 0 1 1 0 1 0 0 0 0 1 0 0 0 1 0 0
250	2	1 0 1 1 0 1 1 1 1 0 1 0 1 1 0 0 1 1 0 1 1 0 1 1 0 1 1 1 0 1 0 0 0 1 0 1 1 0 1 1 0 0 0 1 0 0 0 1 0 0
250	3	1 1 1 1 0 0 1 1 1 0 1 0 1 1 0 0 1 1 0 1 1 0 1 1 0 1 1 1 0 1 0 0 0 1 0 1 1 0 1 1 0 0 0 1 0 0 0 1 0 0
250	12	1 1 1 1 0 1 1 1 1 0 1 0 1 1 0 0 1 1 0 1 1 0 1 1 0 1 1 1 0 1 0 0 0 1 0 1 1 0 1 1 0 0 0 1 0 0 0 1 0 0
250	4	1 1 1 1 0 1 1 1 1 1 1 0 1 1 0 0 1 1 0 1 1 0 1 1 0 1 1 1 0 1 0 0 0 1 0 1 1 0 1 1 0 0 0 1 1 0 0 1 0 0
250	3	1 1 1 1 0 1 1 1 1 0 1 0 1 1 0 0 1 1 0 1 1 0 1 1 0 1 1 1 0 1 0 0 0 1 0 1 1 0 1 1 0 0 0 1 1 0 0 1 0 0
250	1	1 1 1 1 1 0 1 1 1 0 1 0 1 1 0 0 1 1 0 1 1 0 1 1 0 1 1 1 0 1 0 0 0 1 0 1 1 0 1 1 0 0 0 1 1 0 0 1 0 0
250	1	1 1 1 1 1 0 1 1 1 0 1 0 1 0 0 0 1 1 1 1 1 0 1 1 0 1 1 0 0 1 0 0 0 1 0 1 1 0 1 1 0 0 0 1 1 0 0 0 0 0
250	2	1 1 1 1 1 0 1 1 1 0 1 0 1 0 0 0 1 1 1 1 1 0 1 1 1 1 1 1 0 1 0 0 0 1 0 1 1 0 1 1 0 0 0 1 1 0 0 0 0 0
250	20	1 1 1 1 1 0 1 1 1 0 1 0 1 0 0 0 1 1 1 1 1 0 1 1 0 1 1 1 0 1 0 0 0 1 0 1 1 0 1 1 0 0 0 1 1 0 0 0 0 0
250	2	1 1 1 1 0 0 1 1 1 0 1 0 1 0 0 0 1 1 1 1 1 0 1 1 0 1 1 1 0 1 0 0 0 1 0 1 1 0 1 1 0 0 0 1 1 0 0 0 0 0
250	2	1 1 1 1 0 0 1 1 1 0 1 0 1 1 0 0 1 1 1 1 1 0 1 1 0 1 1 1 0 1 0 0 0 1 0 1 1 0 0 1 0 0 0 1 1 0 0 0 0 0
250	2	1 1 1 1 0 0 1 1 1 0 1 0 1 1 0 0 1 1 1 1 1 0 1 1 0 1 1 1 0 1 0 0 0 1 0 1 1 0 1 1 0 0 0 1 1 0 0 0 0 0
250	1	1 1 1 1 0 0 1 1 1 0 1 0 1 1 0 0 1 1 1 1 1 0 1 1 0 1 1 1 0 1 0 0 0 0 0 1 1 0 1 1 0 0 0 0 0 0 0 1 0 0
250	2	1 1 1 1 0 0 1 1 1 0 1 0 1 1 0 0 1 1 1 1 1 0 1 1 0 1 1 1 0 1 0 0 0 1 0 1 1 0 1 1 0 0 0 1 0 0 0 1 0 0
260	1	1 1 1 1 0 1 0 1 1 0 1 0 1 1 0 0 1 1 0 1 1 0 1 1 0 1 1 1 0 1 0 0 0 1 0 1 1 0 1 1 0 0 0 1 1 0 0 0 0 0
260	1	1 1 1 1 1 1 1 1 1 0 1 0 1 1 0 0 1 1 0 1 1 0 1 1 0 1 1 1 0 1 0 0 0 1 0 1 1 0 1 1 0 0 0 1 1 0 0 0 0 0
260	1	1 1 1 1 0 0 1 1 1 0 1 0 1 1 0 0 1 1 0 1 1 0 1 1 0 1 1 1 0 1 0 0 0 1 0 1 1 0 1 1 0 0 0 1 1 0 0 0 0 0
260	37	1 1 1 1 0 1 1 1 1 0 1 0 1 1 0 0 1 1 0 1 1 0 1 1 0 1 1 1 0 1 0 0 0 1 0 1 1 0 1 1 0 0 0 1 1 0 0 0 0 0
260	1	1 0 1 1 0 1 1 1 1 0 1 0 1 1 0 0 1 1 0 1 1 0 1 1 0 1 1 1 0 1 0 0 0 1 0 1 1 0 1 1 0 0 0 1 0 0 0 1 0 0
260	1	1 1 1 1 0 0 1 1 1 0 1 0 1 1 0 0 1 1 0 1 1 0 1 1 0 1 1 1 0 1 0 0 0 1 0 1 1 0 1 1 0 0 0 1 0 0 0 1 0 0
260	2	1 1 1 1 0 1 1 1 1 0 1 0 1 1 0 0 1 1 0 1 1 0 1 1 0 1 1 1 0 1 0 0 0 1 0 1 1 0 0 1 0 0 0 1 0 0 0 1 0 0
260	1	1 1 1 1 0 1 1 1 1 0 1 0 1 1 0 0 1 1 0 1 0 0 1 1 0 1 1 1 0 1 0 0 0 1 0 1 1 0 1 1 0 0 0 1 0 0 0 1 0 0
260	15	1 1 1 1 0 1 1 1 1 0 1 0 1 1 0 0 1 1 0 1 1 0 1 1 0 1 1 1 0 1 0 0 0 1 0 1 1 0 1 1 0 0 0 1 0 0 0 1 0 0
260	6	1 1 1 1 0 1 1 1 1 1 1 0 1 1 0 0 1 1 0 1 1 0 1 1 0 1 1 1 0 1 0 0 0 1 0 1 1 0 1 1 0 0 0 1 1 0 0 1 0 0
260	1	1 1 1 1 1 0 1 1 1 0 1 0 1 0 0 0 1 1 1 1 1 0 1 1 0 1 1 0 0 1 0 0 0 1 0 1 1 0 1 1 0 0 0 1 1 0 0 0 0 0
260	23	1 1 1 1 1 0 1 1 1 0 1 0 1 0 0 0 1 1 1 1 1 0 1 1 0 1 1 1 0 1 0 0 0 1 0 1 1 0 1 1 0 0 0 1 1 0 0 0 0 0
260	1	1 1 1 1 0 0 1 1 1 0 1 0 1 0 0 0 1 1 1 1 1 0 1 1 0 1 1 1 0 1 0 0 0 1 0 1 1 0 1 1 0 0 0 1 1 0 0 0 0 0
260	3	1 1 1 1 0 0 1 1 1 0 1 0 1 1 0 0 1 1 1 1 1 0 1 1 0 1 1 1 0 1 0 0 0 1 0 1 1 0 0 1 0 0 0 1 1 0 0 0 0 0
260	1	1 1 1 1 0 0 1 1 1 0 1 0 1 1 0 0 1 1 1 0 1 0 1 1 0 1 1 1 0 1 0 0 0 1 0 1 1 0 1 1 0 0 0 1 1 0 0 0 0 0
260	4	1 1 1 1 0 0 1 1 1 0 1 0 1 1 0 0 1 1 1 1 1 0 1 1 0 1 1 1 0 1 0 0 0 1 0 1 1 0 1 1 0 0 0 1 1 0 0 0 0 0
260	1	1 1 1 1 0 0 1 1 1 0 1 0 1 1 0 0 1 1 1 1 1 0 1 1 0 1 1 1 0 1 0 0 0 1 0 1 1 0 1 1 0 0 0 1 0 0 0 1 0 0
270	1	1 1 1 1 0 1 1 1 1 0 1 0 1 1 1 0 1 1 0 1 1 0 1 1 0 1 1 1 0 1 0 0 0 0 0 1 1 0 1 1 0 0 0 0 1 0 0 0 0 0
270	9	1 1 1 1 0 1 1 1 1 0 1 0 1 1 1 0 1 1 0 1 1 0 1 1 0 1 1 1 0 1 0 0 0 1 0 1 1 0 1 1 0 0 0 0 1 0 0 0 0 0
270	1	1 1 1 1 0 1 1 1 1 0 1 0 1 1 0 0 1 1 0 1 1 0 1 1 0 1 1 1 0 1 0 0 1 1 0 1 1 0 1 1 0 0 0 1 1 0 0 0 0 0
270	1	1 1 1 1 1 1 1 1 1 0 1 0 1 1 0 0 1 1 0 1 1 0 1 1 0 1 1 1 0 1 0 0 0 1 0 1 1 0 1 1 0 0 0 1 1 0 0 0 0 0
270	37	1 1 1 1 0 1 1 1 1 0 1 0 1 1 0 0 1 1 0 1 1 0 1 1 0 1 1 1 0 1 0 0 0 1 0 1 1 0 1 1 0 0 0 1 1 0 0 0 0 0
270	7	1 1 1 1 0 0 1 1 1 0 1 0 1 1 0 0 1 1 0 1 1 0 1 1 0 1 1 1 0 1 0 0 0 1 0 1 1 0 1 1 0 0 0 1 0 0 0 1 0 0
270	9	1 1 1 1 0 1 1 1 1 0 1 0 1 1 0 0 1 1 0 1 1 0 1 1 0 1 1 1 0 1 0 0 0 1 0 1 1 0 1 1 0 0 0 1 0 0 0 1 0 0
270	1	1 1 1 1 0 1 1 1 1 1 1 0 1 1 0 0 1 1 0 1 1 0 1 1 0 1 1 1 0 1 0 0 0 1 0 1 1 0 1 0 0 0 0 1 1 0 0 1 0 0
270	1	1 1 1 1 1 1 1 1 1 1 1 0 1 1 0 0 1 1 0 1 1 0 1 1 0 1 1 1 0 1 0 0 0 1 0 1 1 0 1 1 0 0 0 1 1 0 0 1 0 0
270	7	1 1 1 1 0 1 1 1 1 1 1 0 1 1 0 0 1 1 0 1 1 0 1 1 0 1 1 1 0 1 0 0 0 1 0 1 1 0 1 1 0 0 0 1 1 0 0 1 0 0
270	2	1 1 1 1 1 0 1 1 1 0 1 0 1 0 0 0 1 1 1 1 1 0 1 1 0 1 1 0 0 1 0 0 0 1 0 1 1 0 1 1 0 0 0 1 1 0 0 0 0 0
270	19	1 1 1 1 1 0 1 1 1 0 1 0 1 0 0 0 1 1 1 1 1 0 1 1 0 1 1 1 0 1 0 0 0 1 0 1 1 0 1 1 0 0 0 1 1 0 0 0 0 0
270	2	1 1 1 1 0 0 1 1 1 1 1 0 1 0 0 0 1 1 1 1 1 0 1 1 0 1 1 1 0 1 0 0 0 1 0 1 1 0 1 1 0 0 0 1 1 0 0 0 0 0
270	3	1 1 1 1 0 0 1 1 1 0 1 0 1 1 0 0 1 1 1 1 1 0 1 1 0 1 1 1 0 1 0 0 0 1 0 1 1 0 1 1 0 0 0 1 1 0 0 0 0 0
280	18	1 1 1 1 0 1 1 1 1 0 1 0 1 1 1 0 1 1 0 1 1 0 1 1 0 1 1 1 0 1 0 0 0 1 0 1 1 0 1 1 0 0 0 0 1 0 0 0 0 0
280	2	1 1 1 1 0 1 1 1 1 0 1 0 1 1 0 0 1 1 0 1 1 0 1 1 0 1 1 1 0 1 0 0 0 1 0 1 1 0 1 1 0 0 0 0 1 0 0 0 0 0
280	2	1 1 1 1 0 1 1 1 1 0 1 0 1 1 0 0 1 1 0 1 1 0 1 1 0 1 1 1 0 1 0 0 1 1 0 1 1 0 1 1 0 0 0 1 1 0 0 0 0 0
280	1	1 1 1 1 0 1 1 1 1 0 1 0 1 1 0 0 1 1 0 1 1 0 1 1 0 1 1 1 0 1 0 0 0 1 0 1 1 0 1 1 0 0 0 1 1 0 1 0 0 0
280	4	1 1 1 1 0 1 1 1 1 0 1 0 1 1 0 0 1 1 1 1 1 0 1 1 0 1 1 1 0 1 0 0 0 1 0 1 1 0 1 1 0 0 0 1 1 0 0 0 0 0
280	1	1 1 1 1 0 1 1 1 0 0 1 0 1 1 0 0 1 1 0 1 1 0 1 1 0 1 1 1 0 1 0 0 0 1 0 1 1 0 1 1 0 0 0 1 1 0 0 0 0 0
280	33	1 1 1 1 0 1 1 1 1 0 1 0 1 1 0 0 1 1 0 1 1 0 1 1 0 1 1 1 0 1 0 0 0 1 0 1 1 0 1 1 0 0 0 1 1 0 0 0 0 0
280	1	1 1 1 1 0 1 1 1 1 0 1 0 1 1 0 0 1 1 0 1 0 0 1 1 0 1 1 1 0 1 0 0 0 1 0 1 1 0 1 1 0 0 0 1 0 0 0 1 0 0
280	2	1 1 1 1 0 1 1 1 1 0 1 0 1 1 0 0 1 1 0 1 0 0 1 1 0 1 1 1 0 1 0 0 0 0 0 1 1 0 1 1 0 0 0 1 0 0 0 1 0 0
280	1	1 1 1 1 0 1 1 1 1 0 1 0 1 1 0 0 1 1 0 1 1 0 1 1 0 1 1 1 0 1 0 0 0 1 0 0 1 0 1 1 0 0 0 1 0 0 0 1 0 0
280	1	1 1 1 1 0 1 1 1 1 0 1 0 1 1 0 0 1 1 0 1 1 0 0 1 0 1 1 1 0 1 0 0 0 1 0 1 1 0 1 1 0 0 0 1 0 0 0 1 0 0
280	12	1 1 1 1 0 1 1 1 1 0 1 0 1 1 0 0 1 1 0 1 1 0 1 1 0 1 1 1 0 1 0 0 0 1 0 1 1 0 1 1 0 0 0 1 0 0 0 1 0 0
280	2	1 1 1 1 0 1 1 1 1 1 1 0 1 1 0 0 1 1 0 1 1 0 1 1 0 1 1 1 0 1 0 0 0 1 0 1 1 0 1 0 0 0 0 1 1 0 0 1 0 0
280	4	1 1 1 1 0 1 1 1 1 1 1 0 1 1 0 0 1 1 0 1 1 0 1 1 0 1 1 1 0 1 0 0 0 1 0 1 1 0 1 1 0 0 0 1 1 0 0 1 0 0
280	1	1 1 1 1 1 0 0 1 1 0 1 0 1 0 0 0 1 1 1 1 1 0 1 1 0 1 1 1 0 1 0 0 0 1 0 1 1 0 1 1 0 0 0 1 1 0 0 0 0 0
280	1	0 1 1 1 1 0 1 1 1 0 1 0 1 0 0 0 1 1 1 1 1 0 1 1 0 1 1 1 0 1 0 0 0 1 0 1 1 0 1 1 0 0 0 1 1 0 0 0 0 0
280	13	1 1 1 1 1 0 1 1 1 0 1 0 1 0 0 0 1 1 1 1 1 0 1 1 0 1 1 1 0 1 0 0 0 1 0 1 1 0 1 1 0 0 0 1 1 0 0 0 0 0
280	1	1 1 1 1 0 0 1 1 1 1 1 0 1 0 0 0 1 1 1 1 1 0 1 1 0 1 1 1 0 1 0 0 0 1 0 1 1 0 1 1 0 0 0 1 1 0 0 0 0 0
290	7	1 1 1 1 0 1 1 1 1 0 1 0 1 1 1 0 1 1 0 1 1 0 1 1 0 1 1 1 0 1 0 0 0 1 0 1 1 1 1 1 0 0 0 0 1 0 0 0 0 0
290	1	1 1 1 1 0 1 1 1 1 0 1 0 1 1 1 0 1 1 0 1 1 0 0 1 0 1 1 1 0 1 0 0 0 1 0 1 1 0 1 1 0 0 0 0 1 0 0 0 0 0
290	26	1 1 1 1 0 1 1 1 1 0 1 0 1 1 1 0 1 1 0 1 1 0 1 1 0 1 1 1 0 1 0 0 0 1 0 1 1 0 1 1 0 0 0 0 1 0 0 0 0 0
290	4	1 1 1 1 0 1 1 1 1 0 1 0 1 1 0 0 1 1 0 1 1 0 1 1 0 1 1 1 0 1 0 0 0 1 0 1 1 0 1 1 0 0 0 0 1 0 0 0 0 0
290	1	1 1 1 1 0 1 1 1 1 0 1 0 1 1 0 0 1 1 1 1 1 0 1 1 0 1 1 1 0 1 0 0 0 1 0 1 1 0 1 1 0 0 0 1 1 0 0 0 0 0
290	1	1 1 1 1 0 1 1 1 1 0 1 0 1 1 0 0 1 1 0 0 1 0 1 1 0 1 1 1 0 1 0 0 0 1 0 1 1 0 1 1 0 0 0 1 1 0 0 0 0 0
290	26	1 1 1 1 0 1 1 1 1 0 1 0 1 1 0 0 1 1 0 1 1 0 1 1 0 1 1 1 0 1 0 0 0 1 0 1 1 0 1 1 0 0 0 1 1 0 0 0 0 0
290	1	1 1 1 1 0 0 1 1 1 0 1 0 1 1 0 0 1 1 0 1 1 0 1 1 0 1 1 1 0 1 0 0 0 1 0 1 1 0 1 1 0 0 0 1 0 0 0 1 0 0
290	1	1 1 1 1 0 1 1 1 1 0 1 0 1 1 0 0 1 1 0 1 0 0 1 1 0 1 1 1 0 1 0 0 0 1 0 1 1 0 1 1 0 0 0 1 0 0 0 1 0 0
290	2	1 1 1 1 1 1 1 1 1 0 1 0 1 1 0 0 1 1 0 1 1 0 1 1 0 1 1 1 0 1 0 0 0 1 0 1 1 0 1 1 0 0 0 1 0 0 0 1 0 0
290	17	1 1 1 1 0 1 1 1 1 0 1 0 1 1 0 0 1 1 0 1 1 0 1 1 0 1 1 1 0 1 0 0 0 1 0 1 1 0 1 1 0 0 0 1 0 0 0 1 0 0
290	1	1 1 1 1 0 1 1 1 1 1 1 0 1 1 0 0 1 1 0 1 1 0 1 1 0 1 1 1 0 1 0 0 0 1 0 1 1 0 1 1 0 0 0 1 1 0 0 1 0 0
290	11	1 1 1 1 1 0 1 1 1 0 1 0 1 0 0 0 1 1 1 1 1 0 1 1 0 1 1 1 0 1 0 0 0 1 0 1 1 0 1 1 0 0 0 1 1 0 0 0 0 0
290	1	1 1 1 1 0 0 1 1 1 1 1 0 1 0 0 0 1 1 1 1 1 0 1 1 0 1 1 1 0 1 0 0 0 1 0 1 1 0 1 1 0 0 0 1 1 0 0 0 0 0
300	1	1 1 1 1 0 1 1 1 1 0 1 0 1 1 1 0 1 1 0 0 1 0 1 1 0 1 1 1 0 1 0 0 0 1 0 1 1 1 1 1 0 0 0 0 1 0 0 0 0 0
300	1	1 1 1 1 0 1 1 1 1 0 1 0 1 1 1 0 1 1 0 1 1 0 1 1 0 1 1 1 0 1 0 0 0 1 0 1 1 1 1 1 0 0 0 0 1 0 0 0 0 0
300	1	1 1 1 1 0 1 1 1 1 0 1 0 1 1 1 0 1 1 0 1 1 0 0 1 0 1 1 1 0 1 0 0 0 1 0 1 1 0 1 1 0 0 0 0 1 0 0 0 0 0
300	1	1 1 1 1 0 1 1 1 1 0 1 0 1 1 1 0 1 1 0 1 1 0 1 1 0 1 1 1 0 1 0 0 0 1 0 1 0 0 1 1 0 0 0 0 1 0 0 0 0 0
300	47	1 1 1 1 0 1 1 1 1 0 1 0 1 1 1 0 1 1 0 1 1 0 1 1 0 1 1 1 0 1 0 0 0 1 0 1 1 0 1 1 0 0 0 0 1 0 0 0 0 0
300	8	1 1 1 1 0 1 1 1 1 0 1 0 1 1 0 0 1 1 0 1 1 0 1 1 0 1 1 1 0 1 0 0 0 1 0 1 1 0 1 1 0 0 0 0 1 0 0 0 0 0
300	1	1 1 1 1 0 1 1 1 1 0 1 0 1 1 0 0 1 1 0 1 1 0 1 1 1 1 1 1 0 1 0 0 0 1 0 1 1 0 1 1 0 0 0 1 1 0 0 0 0 0
300	1	1 1 1 1 0 1 1 1 1 0 1 0 1 1 0 0 1 1 0 1 1 0 1 1 0 1 1 1 0 1 0 0 0 1 0 1 1 0 1 1 0 0 0 1 1 0 1 0 0 0
300	16	1 1 1 1 0 1 1 1 1 0 1 0 1 1 0 0 1 1 0 1 1 0 1 1 0 1 1 1 0 1 0 0 0 1 0 1 1 0 1 1 0 0 0 1 1 0 0 0 0 0
300	1	1 1 1 1 0 0 1 1 1 0 1 0 1 1 0 0 1 1 0 1 1 0 1 1 0 1 1 1 0 1 0 0 0 1 0 1 1 0 1 1 0 0 0 1 0 0 0 1 0 0
300	1	1 1 1 1 0 1 1 1 1 0 1 0 1 1 0 0 1 1 0 1 0 0 1 1 0 1 1 1 0 1 0 0 0 1 0 1 1 0 1 1 0 0 0 1 0 0 0 1 0 0
300	3	1 1 1 1 1 1 1 1 1 0 1 0 1 1 0 0 1 1 0 1 1 0 1 1 0 1 1 1 0 1 0 0 0 1 0 1 1 0 1 1 0 0 0 1 0 0 0 1 0 0
300	8	1 1 1 1 0 1 1 1 1 0 1 0 1 1 0 0 1 1 0 1 1 0 1 1 0 1 1 1 0 1 0 0 0 1 0 1 1 0 1 1 0 0 0 1 0 0 0 1 0 0
300	1	1 1 1 1 1 0 1 1 1 0 1 0 1 0 0 0 1 1 1 1 1 0 1 1 0 1 1 1 0 1 0 0 0 1 0 1 1 0 1 1 0 0 0 0 1 0 0 0 0 0
300	9	1 1 1 1 1 0 1 1 1 0 1 0 1 0 0 0 1 1 1 1 1 0 1 1 0 1 1 1 0 1 0 0 0 1 0 1 1 0 1 1 0 0 0 1 1 0 0 0 0 0
310	3	1 1 1 1 0 1 1 1 1 0 1 0 1 1 1 0 1 1 0 1 1 0 1 1 0 1 1 1 0 1 0 0 0 1 0 1 1 1 1 1 0 0 0 0 1 0 0 0 0 0
310	2	1 1 1 1 0 1 1 1 1 0 1 0 1 1 1 0 1 1 0 1 1 0 0 1 0 1 1 1 0 1 0 0 0 1 0 1 1 0 1 1 0 0 0 0 1 0 0 0 0 0
310	2	1 1 1 1 0 1 1 1 1 0 1 0 1 1 1 0 1 1 0 1 1 0 1 1 0 1 1 1 0 1 0 0 0 1 0 1 0 0 1 1 0 0 0 0 1 0 0 0 0 0
310	13	1 1 1 1 0 1 1 1 1 0 1 0 1 1 0 0 1 1 0 1 1 0 1 1 0 1 1 1 0 1 0 0 0 1 0 1 1 0 1 1 0 0 0 0 1 0 0 0 0 0
310	1	1 1 0 1 0 1 1 1 1 0 1 0 1 1 1 0 1 1 0 1 1 0 1 1 0 1 1 1 0 1 0 0 0 1 0 1 1 0 1 1 0 0 0 0 1 0 0 0 0 0
310	49	1 1 1 1 0 1 1 1 1 0 1 0 1 1 1 0 1 1 0 1 1 0 1 1 0 1 1 1 0 1 0 0 0 1 0 1 1 0 1 1 0 0 0 0 1 0 0 0 0 0
310	1	1 1 1 1 0 1 1 1 1 0 1 0 1 1 0 0 1 1 0 1 1 0 1 1 0 1 1 1 1 1 0 0 0 1 0 1 1 0 1 1 0 0 0 1 1 0 0 0 0 0
310	1	1 1 1 1 0 1 1 1 1 0 1 0 1 1 0 0 1 1 0 1 1 0 1 1 0 1 1 1 0 1 0 0 0 0 0 1 1 0 1 1 0 0 0 1 1 0 0 0 0 0
310	15	1 1 1 1 0 1 1 1 1 0 1 0 1 1 0 0 1 1 0 1 1 0 1 1 0 1 1 1 0 1 0 0 0 1 0 1 1 0 1 1 0 0 0 1 1 0 0 0 0 0
310	4	1 1 1 1 1 1 1 1 1 0 1 0 1 1 0 0 1 1 0 1 1 0 1 1 0 1 1 1 0 1 0 0 0 1 0 1 1 0 1 1 0 0 0 1 0 0 0 1 0 0
310	1	1 1 1 1 0 1 1 0 1 0 1 0 1 1 0 0 1 1 0 1 1 0 1 1 0 1 1 1 0 1 0 0 0 1 0 1 1 0 1 1 0 0 0 1 0 0 0 1 0 0
310	3	1 1 1 1 0 1 1 1 1 0 1 0 1 1 0 0 1 1 0 1 1 0 1 1 0 1 1 1 0 1 0 0 0 1 0 1 1 0 1 1 0 0 0 1 0 0 0 1 0 0
310	2	1 1 1 1 0 1 1 1 1 1 1 0 1 1 0 0 1 1 0 1 1 0 1 1 0 1 1 1 0 1 0 0 0 1 0 1 1 0 1 1 0 0 0 1 1 0 0 1 0 0
310	3	1 1 1 1 1 0 1 1 1 0 1 0 1 0 0 0 1 1 1 1 1 0 1 1 0 1 1 1 0 1 0 0 0 1 0 1 1 0 1 1 0 0 0 1 1 0 0 0 0 0
