10	1	1 0 0 1 0 1 0 0 1 0
10	2	1 0 0 1 1 1 0 1 1 0
10	7	1 0 0 1 1 1 0 0 1 0
10	24	1 1 0 1 0 1 1 0 1 0
10	30	0 0 0 0 0 1 0 1 1 0
10	36	1 0 1 1 0 1 1 0 1 1
20	1	1 0 0 1 0 1 0 0 1 0
20	2	1 0 0 1 1 1 0 1 1 0
20	22	1 0 0 1 1 1 0 0 1 0
20	3	1 1 0 1 0 1 1 0 0 0
20	18	1 1 0 1 0 1 1 0 1 0
20	3	0 1 0 0 0 1 0 1 1 0
20	22	0 0 0 0 0 1 0 1 1 0
20	1	1 0 1 1 1 1 1 0 1 1
20	28	1 0 1 1 0 1 1 0 1 1
30	1	1 0 0 1 0 1 0 0 1 0
30	3	1 0 0 1 1 1 0 1 1 0
30	1	1 0 0 1 1 0 0 0 1 0
30	1	0 0 1 1 1 1 0 0 1 0
30	25	1 0 0 1 1 1 0 0 1 0
30	2	1 1 0 1 0 1 1 0 0 0
30	14	1 1 0 1 0 1 1 0 1 0
30	16	0 0 0 0 0 1 0 1 1 0
30	3	1 0 1 1 0 1 1 0 1 0
30	1	1 1 1 1 0 1 1 0 1 1
30	33	1 0 1 1 0 1 1 0 1 1
40	2	1 0 0 1 0 1 0 0 1 0
40	1	1 0 0 1 1 0 0 0 1 0
40	3	1 1 0 1 1 1 0 0 1 0
40	2	1 0 1 1 1 1 0 0 1 0
40	2	1 0 0 1 1 1 0 0 0 0
40	14	1 0 0 1 1 1 0 0 1 0
40	19	1 1 0 1 0 1 1 0 0 0
40	1	1 1 0 0 0 1 1 0 1 0
40	26	1 1 0 1 0 1 1 0 1 0
40	7	0 0 0 0 0 1 0 1 1 0
40	6	1 0 1 1 0 1 1 0 1 0
40	1	1 0 1 1 0 0 1 0 1 1
40	16	1 0 1 1 0 1 1 0 1 1
50	1	1 0 0 0 0 1 0 0 1 0
50	2	1 0 0 1 0 1 0 0 1 0
50	1	1 0 0 1 1 0 0 0 1 0
50	4	1 1 1 1 1 1 0 0 1 0
50	7	1 1 0 1 1 1 0 0 1 0
50	3	1 0 1 1 1 1 0 0 1 0
50	2	1 0 0 1 1 1 0 0 0 0
50	1	1 0 0 1 1 1 1 0 1 0
50	4	1 0 0 1 1 1 0 0 1 0
50	3	1 1 1 1 0 1 1 0 0 0
50	17	1 1 0 1 0 1 1 0 1 0
50	1	1 1 0 1 1 1 1 0 0 0
50	2	1 1 0 1 0 1 0 0 0 0
50	33	1 1 0 1 0 1 1 0 0 0
50	4	0 0 0 0 0 1 0 1 1 0
50	4	1 0 1 1 0 1 1 0 1 0
50	2	1 0 1 1 0 1 0 0 1 0
50	1	1 0 1 1 0 0 1 0 1 1
50	7	1 0 1 1 0 1 1 0 1 1
50	1	1 0 1 1 0 1 1 1 1 0
60	4	1 0 0 1 0 1 0 0 1 0
60	7	1 1 1 1 1 1 0 0 1 0
60	3	1 1 0 1 1 1 0 0 1 0
60	5	1 0 1 1 1 1 0 0 1 0
60	1	1 0 0 1 1 1 0 0 0 0
60	2	1 1 1 1 0 1 1 0 1 0
60	1	1 1 0 1 1 1 1 0 0 0
60	1	0 1 0 1 0 1 1 0 0 0
60	12	1 1 0 1 0 1 1 0 1 0
60	1	1 1 0 1 0 1 1 0 0 1
60	3	1 1 0 1 0 1 0 0 0 0
60	52	1 1 0 1 0 1 1 0 0 0
60	1	1 1 0 0 0 1 1 0 0 0
60	1	0 0 0 0 0 1 0 1 1 0
60	3	1 0 1 1 0 1 1 0 1 0
60	1	1 0 1 1 0 1 0 0 1 0
60	2	1 0 1 1 0 1 1 0 1 1
70	3	1 0 0 1 0 1 0 0 1 0
70	3	1 0 0 1 1 0 0 0 1 0
70	8	1 1 1 1 1 1 0 0 1 0
70	12	1 1 0 1 1 1 0 0 1 0
70	4	1 0 0 1 1 1 0 0 0 0
70	3	1 1 1 1 0 1 1 0 0 0
70	3	1 1 0 1 1 1 1 0 0 0
70	1	0 1 0 1 0 1 1 0 0 0
70	4	1 1 0 1 0 1 1 0 1 0
70	1	1 0 0 1 0 1 0 0 0 0
70	9	1 1 0 1 0 1 0 0 0 0
70	44	1 1 0 1 0 1 1 0 0 0
70	5	1 0 1 1 0 1 0 0 1 0
