10	2	1 1 0 0 0 0 0 0 1 0
10	20	1 1 0 1 0 0 0 0 1 0
10	4	0 1 1 1 0 1 0 0 0 0
10	17	0 1 1 1 0 1 0 0 0 1
10	18	1 0 1 1 0 0 0 1 0 0
10	2	0 1 0 0 0 1 1 0 0 0
10	37	0 1 0 0 0 1 1 1 0 0
20	1	1 1 0 0 0 0 0 0 1 0
20	1	1 1 1 1 0 0 0 0 1 0
20	4	1 1 0 1 0 0 0 0 0 0
20	11	1 1 0 1 0 0 0 0 1 0
20	1	0 1 1 1 1 1 0 0 0 0
20	14	0 1 1 1 0 1 0 0 0 0
20	20	0 1 1 1 0 1 0 0 0 1
20	2	0 1 1 1 0 1 0 1 0 1
20	2	0 1 1 1 0 0 0 0 0 1
20	2	1 1 1 1 0 0 0 1 0 0
20	2	1 0 1 1 0 0 0 0 0 0
20	1	1 0 1 1 0 0 0 1 0 1
20	21	1 0 1 1 0 0 0 1 0 0
20	18	0 1 0 0 0 1 1 1 0 0
30	2	1 1 0 1 0 0 1 0 1 0
30	1	1 1 0 1 0 0 0 0 1 0
30	1	0 1 1 1 0 1 1 0 0 0
30	1	0 1 0 1 0 1 0 0 0 0
30	14	0 1 1 1 0 1 0 0 0 1
30	1	0 1 1 1 0 1 0 1 0 0
30	48	0 1 1 1 0 1 0 0 0 0
30	2	0 1 1 1 0 1 0 1 0 1
30	4	1 1 1 1 0 1 0 0 0 1
30	3	0 1 1 1 0 0 0 0 0 1
30	4	1 0 1 1 0 0 0 1 0 0
30	10	1 1 1 1 0 0 0 1 0 0
30	5	1 0 1 1 0 0 0 0 0 0
30	1	1 0 1 1 0 1 0 1 0 0
30	3	0 1 0 0 0 1 1 1 0 0
40	1	1 0 1 1 0 0 0 0 1 0
40	10	1 1 0 1 0 0 0 0 0 0
40	1	0 1 1 0 0 1 0 0 0 0
40	1	1 1 1 1 0 1 0 0 0 0
40	1	0 1 1 1 0 1 1 0 0 0
40	1	0 1 0 1 0 1 0 0 0 0
40	8	0 1 1 1 0 1 0 0 0 1
40	45	0 1 1 1 0 1 0 0 0 0
40	2	0 1 1 1 0 0 0 0 0 1
40	1	0 1 1 1 1 1 0 0 0 1
40	1	0 1 1 1 0 1 0 1 0 1
40	8	1 1 1 1 0 1 0 0 0 1
40	1	1 0 1 1 0 0 0 1 0 0
40	1	1 1 1 1 1 0 0 1 0 0
40	9	1 1 1 1 0 0 0 1 0 0
40	9	1 0 1 1 0 0 0 0 0 0
50	1	1 1 0 1 0 0 1 0 0 0
50	1	1 1 0 1 1 0 0 0 0 0
50	13	1 1 0 1 0 0 0 0 0 0
50	2	0 1 1 1 0 1 0 0 0 1
50	57	0 1 1 1 0 1 0 0 0 0
50	1	0 1 1 1 1 1 0 0 0 1
50	7	1 1 1 1 0 1 0 0 0 1
50	6	1 1 1 1 1 0 0 1 0 0
50	1	1 1 1 1 0 1 0 1 0 0
50	3	1 1 1 1 0 0 0 1 0 0
50	8	1 0 1 1 0 0 0 0 0 0
60	1	1 1 0 1 0 1 0 1 0 0
60	1	1 1 0 1 0 1 0 0 0 0
60	9	1 1 0 1 0 0 0 0 0 0
60	1	0 1 1 0 0 1 0 0 0 0
60	2	1 1 1 1 0 1 0 0 0 0
60	4	1 1 1 1 0 1 0 0 0 1
60	1	0 1 1 1 0 1 0 0 0 1
60	1	0 1 1 1 0 1 0 0 1 0
60	60	0 1 1 1 0 1 0 0 0 0
60	10	1 1 1 1 1 0 0 1 0 0
60	1	1 1 0 1 0 0 0 1 0 0
60	1	1 1 1 0 0 0 0 1 0 0
60	6	1 1 1 1 0 0 0 1 0 0
60	2	1 0 1 1 0 0 0 0 0 0
70	4	1 1 0 1 0 1 0 0 0 0
70	1	1 1 0 1 0 0 0 1 0 0
70	1	1 1 0 1 0 0 0 0 1 0
70	13	1 1 0 1 0 0 0 0 0 0
70	8	1 1 1 1 0 1 0 0 0 0
70	1	1 1 1 1 0 1 0 0 0 1
70	1	0 1 0 1 0 1 0 0 0 0
70	2	0 1 1 1 0 0 0 0 0 0
70	1	0 1 1 1 0 1 0 1 0 0
70	56	0 1 1 1 0 1 0 0 0 0
70	6	1 1 1 1 1 0 0 1 0 0
70	1	1 1 1 1 0 0 0 1 1 0
70	4	1 1 1 1 0 0 0 1 0 0
70	1	1 0 1 1 0 0 0 0 0 0
