10	2	0 1 1 0 0 1 1 1 0 1 1 0 1 1 1 1 1 0 1 0 1 1 0 1 1 0 0 1 1 0 0 0 0 1 1 1 1 0 0 1 0 0 0 0 1 0 1 0 1 0
10	1	0 1 1 0 0 1 1 1 0 1 1 0 0 1 1 1 1 0 1 0 1 1 0 1 1 0 0 1 1 0 0 0 0 1 1 1 1 0 0 1 0 0 1 0 1 0 1 0 1 0
10	18	0 1 1 0 0 1 1 1 0 1 1 0 0 1 1 1 1 0 1 0 1 1 0 1 1 0 0 1 1 0 0 0 0 1 1 1 1 0 0 1 0 0 0 0 1 0 1 0 1 0
10	13	1 0 1 0 0 0 1 1 0 0 0 0 1 1 0 1 0 0 1 1 0 1 0 0 0 0 1 0 1 0 1 0 1 1 1 0 0 1 0 1 0 0 1 1 1 1 1 1 0 1
10	2	1 0 1 0 1 0 1 1 0 1 1 0 1 0 1 1 0 0 1 0 0 0 1 0 0 1 1 1 0 0 1 0 0 0 0 0 0 1 0 1 1 1 1 0 1 0 0 1 0 1
10	1	1 0 1 0 1 0 1 1 0 1 1 0 1 0 1 1 0 0 0 0 0 0 1 0 0 1 1 1 0 0 1 0 1 0 0 0 0 1 0 1 1 1 1 0 1 0 0 1 0 1
10	1	1 0 1 0 1 0 1 1 0 1 1 0 1 0 1 1 0 0 0 0 0 0 1 0 0 1 0 1 0 0 1 0 0 0 0 0 0 1 0 1 1 1 1 0 1 0 0 1 0 1
10	14	1 0 1 0 1 0 1 1 0 1 1 0 1 0 1 1 0 0 0 0 0 0 1 0 0 1 1 1 0 0 1 0 0 0 0 0 0 1 0 1 1 1 1 0 1 0 0 1 0 1
10	13	0 1 0 0 0 0 1 0 0 0 1 0 0 0 0 0 1 1 0 1 1 0 0 1 0 1 0 1 0 0 0 0 0 0 0 1 0 1 1 0 0 1 0 1 1 0 1 0 1 0
10	35	0 1 0 0 1 0 0 1 0 1 0 1 1 1 0 0 0 1 1 0 0 0 1 0 1 1 1 0 1 1 1 0 0 1 0 0 1 1 1 0 0 1 1 0 0 0 1 0 1 1
20	1	0 1 1 0 0 1 1 1 0 1 1 0 1 1 1 1 1 1 1 0 1 1 0 1 1 0 0 1 1 0 0 0 0 1 1 1 1 0 0 1 0 0 0 0 1 0 1 0 1 0
20	1	0 1 1 0 0 1 1 1 0 1 1 0 1 1 1 1 1 0 1 0 1 1 0 1 1 0 0 1 1 0 0 0 0 1 1 1 1 0 0 1 0 0 0 0 0 0 1 0 1 0
20	1	0 1 1 0 0 1 1 1 0 1 1 1 1 1 1 1 1 0 1 0 1 1 0 1 1 0 0 1 1 0 0 0 0 1 1 1 1 0 0 1 0 0 0 0 1 0 1 0 1 0
20	23	0 1 1 0 0 1 1 1 0 1 1 0 1 1 1 1 1 0 1 0 1 1 0 1 1 0 0 1 1 0 0 0 0 1 1 1 1 0 0 1 0 0 0 0 1 0 1 0 1 0
20	6	0 1 1 0 0 1 1 1 0 1 1 0 0 1 1 1 1 0 1 0 1 1 0 1 1 0 0 1 1 0 0 0 0 1 1 1 1 1 0 1 0 0 0 0 1 0 1 0 1 0
20	2	0 1 1 0 0 1 1 1 0 1 1 0 0 1 1 1 1 0 1 0 1 1 0 1 1 0 0 1 1 0 0 0 0 1 1 1 1 0 0 1 0 0 0 0 1 0 0 0 1 0
20	12	0 1 1 0 0 1 1 1 0 1 1 0 0 1 1 1 1 0 1 0 1 1 0 1 1 0 0 1 1 0 0 0 0 1 1 1 1 0 0 1 0 0 0 0 1 0 1 0 1 0
20	9	1 0 1 0 0 0 1 1 0 0 0 0 1 1 0 1 0 0 1 1 0 1 0 0 0 0 1 0 1 0 1 0 1 1 1 0 0 1 0 1 0 0 1 1 1 1 1 1 0 1
20	1	1 0 1 0 1 0 1 1 0 1 1 0 1 0 1 1 0 0 0 0 0 0 1 0 0 1 1 1 0 0 1 0 1 0 0 0 0 1 0 1 1 1 1 0 1 0 0 1 0 1
20	7	1 0 1 0 1 0 1 1 0 1 1 0 1 0 1 1 0 0 0 0 0 0 1 0 0 1 1 1 0 0 1 0 0 0 0 0 0 1 0 1 1 1 1 0 1 0 0 1 0 1
20	9	0 1 0 0 0 0 1 0 0 0 1 0 0 0 0 0 1 1 0 1 1 0 0 1 0 1 0 1 0 0 0 0 0 0 0 1 0 1 1 0 0 1 0 1 1 0 1 0 1 0
20	28	0 1 0 0 1 0 0 1 0 1 0 1 1 1 0 0 0 1 1 0 0 0 1 0 1 1 1 0 1 1 1 0 0 1 0 0 1 1 1 0 0 1 1 0 0 0 1 0 1 1
30	7	0 1 1 0 0 1 1 1 0 1 1 0 1 1 1 1 1 0 1 0 1 1 0 1 1 0 0 1 1 0 0 0 0 1 1 1 1 0 0 1 0 0 0 0 0 0 1 0 1 0
30	1	0 1 1 0 0 1 1 1 0 1 1 0 1 1 1 1 1 0 1 0 1 1 0 1 1 0 0 1 1 0 0 0 0 1 1 1 1 0 0 0 0 0 0 0 1 0 1 0 1 0
30	1	0 1 1 0 0 1 1 1 0 1 1 0 1 1 1 1 1 0 1 1 1 1 0 1 1 0 0 1 1 0 0 0 0 1 1 1 1 0 0 1 0 0 0 0 1 0 1 0 1 0
30	1	0 1 1 0 0 1 1 1 0 1 1 0 1 1 1 1 1 0 1 0 1 1 0 1 1 0 0 1 1 1 0 0 0 1 1 1 1 0 0 1 0 1 0 0 1 0 1 0 1 0
30	7	0 1 1 0 0 1 1 1 0 1 1 0 0 1 1 1 1 0 1 0 1 1 0 1 1 0 0 1 1 0 0 0 0 1 1 1 1 0 0 1 0 0 0 0 1 0 1 0 1 0
30	43	0 1 1 0 0 1 1 1 0 1 1 0 1 1 1 1 1 0 1 0 1 1 0 1 1 0 0 1 1 0 0 0 0 1 1 1 1 0 0 1 0 0 0 0 1 0 1 0 1 0
30	15	0 1 1 0 0 1 1 1 0 1 1 0 0 1 1 1 1 0 1 0 1 1 0 1 1 0 0 1 1 0 0 0 0 1 1 1 1 1 0 1 0 0 0 0 1 0 1 0 1 0
30	6	0 1 1 0 0 1 1 1 0 1 1 0 0 1 1 1 1 0 1 0 1 1 0 1 1 0 0 1 1 0 0 0 0 1 1 1 1 0 0 1 0 0 0 0 1 0 0 0 1 0
30	3	0 1 1 1 0 1 1 1 0 1 0 0 0 1 1 1 1 0 1 0 1 1 0 1 1 0 0 1 1 0 0 0 0 1 1 1 1 0 0 1 0 0 0 0 1 0 1 0 1 0
30	9	0 1 1 0 0 1 1 1 0 1 0 0 0 1 1 1 1 0 1 0 1 1 0 1 1 0 0 1 1 0 0 0 0 1 1 1 1 0 0 1 0 0 0 0 1 0 1 0 1 0
30	1	1 0 1 0 0 0 1 1 0 0 0 0 1 1 0 1 0 0 1 1 0 1 0 0 0 0 1 0 1 0 1 0 1 1 1 0 0 1 0 1 0 0 1 1 1 1 1 1 0 1
30	1	1 0 1 0 1 0 1 1 0 1 1 0 1 0 1 1 0 0 0 0 0 0 1 0 0 1 1 1 0 0 1 0 0 0 0 0 0 1 0 1 1 0 1 0 1 0 0 1 0 1
30	1	0 1 0 0 0 0 1 0 0 0 1 0 0 0 0 0 1 1 0 1 1 0 0 1 0 1 0 1 0 0 0 0 0 0 0 1 0 1 1 0 0 1 0 1 1 0 1 0 1 0
30	4	0 1 0 0 1 0 0 1 0 1 0 1 1 1 0 0 0 1 1 0 0 0 1 0 1 1 1 0 1 1 1 0 0 1 0 0 1 1 1 0 0 1 1 0 0 0 1 0 1 1
40	11	0 1 1 0 0 1 1 1 0 1 1 0 1 1 1 1 1 0 1 0 1 1 0 1 1 0 0 1 1 0 0 0 0 1 1 1 1 0 0 1 0 0 0 0 0 0 1 0 1 0
40	1	0 1 1 0 0 1 1 1 0 1 1 0 1 1 1 1 1 0 1 0 1 1 0 1 1 0 0 1 1 0 0 0 0 1 1 1 1 0 0 0 0 0 0 0 1 0 1 0 1 0
40	11	0 1 1 0 0 1 1 1 0 1 1 0 0 1 1 1 1 0 1 0 1 1 0 1 1 0 0 1 1 0 0 0 0 1 1 1 1 1 0 1 0 0 0 0 1 0 1 0 1 0
40	7	0 1 1 0 0 1 1 1 0 1 1 0 0 1 1 1 1 0 1 0 1 1 0 1 1 0 0 1 1 0 0 0 0 1 1 1 1 0 0 1 0 0 0 0 1 0 1 0 1 0
40	2	0 1 1 0 0 1 1 1 0 1 1 0 1 1 1 1 1 0 1 0 1 1 0 1 1 0 0 1 1 0 0 0 0 1 0 1 1 0 0 1 0 0 0 0 1 0 1 0 1 0
40	30	0 1 1 0 0 1 1 1 0 1 1 0 1 1 1 1 1 0 1 0 1 1 0 1 1 0 0 1 1 0 0 0 0 1 1 1 1 0 0 1 0 0 0 0 1 0 1 0 1 0
40	1	0 1 1 0 0 1 1 1 0 1 1 0 0 1 1 1 1 1 1 0 1 1 0 1 1 0 0 1 1 0 0 0 0 1 1 1 1 1 0 1 0 0 0 0 1 0 1 0 1 0
40	4	0 1 1 0 0 1 1 1 0 1 1 0 0 1 1 1 1 0 1 0 1 1 0 1 1 0 0 1 1 0 0 0 0 1 1 0 1 0 0 1 0 0 0 0 1 0 0 0 1 0
40	8	0 1 1 0 0 1 1 1 0 1 1 0 0 1 1 1 1 0 1 0 1 1 0 1 1 0 0 1 1 0 0 0 0 1 1 1 1 0 0 1 0 0 0 0 1 0 0 0 1 0
40	12	0 1 1 1 0 1 1 1 0 1 0 0 0 1 1 1 1 0 1 0 1 1 0 1 1 0 0 1 1 0 0 0 0 1 1 1 1 0 0 1 0 0 0 0 1 0 1 0 1 0
40	1	0 1 0 0 0 1 1 1 0 1 0 0 0 1 1 1 1 0 1 0 1 1 0 1 1 0 0 1 1 0 0 0 0 1 1 1 1 0 0 1 0 0 0 0 1 0 1 0 1 0
40	11	0 1 1 0 0 1 1 1 0 1 0 0 0 1 1 1 1 0 1 0 1 1 0 1 1 0 0 1 1 0 0 0 0 1 1 1 1 0 0 1 0 0 0 0 1 0 1 0 1 0
40	1	0 1 0 0 0 0 1 0 0 0 1 0 0 0 0 0 1 1 0 1 1 0 0 1 0 1 0 1 0 0 0 0 0 0 0 1 0 1 1 0 0 1 0 1 1 0 1 0 1 0
50	1	0 1 1 0 0 1 1 1 0 1 1 0 1 1 1 1 1 0 1 0 1 1 0 1 1 0 0 0 1 0 0 0 0 1 1 1 1 0 0 1 0 0 0 0 0 0 1 0 1 0
50	29	0 1 1 0 0 1 1 1 0 1 1 0 1 1 1 1 1 0 1 0 1 1 0 1 1 0 0 1 1 0 0 0 0 1 1 1 1 0 0 1 0 0 0 0 0 0 1 0 1 0
50	1	0 1 1 0 0 1 1 1 0 1 1 0 1 1 1 1 1 0 1 0 1 1 0 1 1 0 0 1 1 0 0 0 0 1 1 1 1 0 0 1 0 1 0 0 1 0 1 0 1 0
50	1	0 1 1 0 0 1 1 1 0 1 1 0 1 1 1 1 1 0 1 0 1 1 0 1 1 0 0 1 1 0 0 0 0 1 1 1 1 0 1 1 0 0 0 0 1 0 1 0 1 0
50	3	0 1 1 0 0 1 1 1 0 1 1 0 0 1 1 1 1 0 1 0 1 1 0 1 1 0 0 1 1 0 0 0 0 1 1 1 0 1 0 1 0 0 0 0 1 0 1 0 1 0
50	5	0 1 1 0 0 1 1 1 0 1 1 0 0 1 1 1 1 0 1 0 1 1 0 1 1 0 0 1 1 0 0 0 0 1 1 1 1 1 0 1 0 0 0 0 1 0 1 0 1 0
50	2	0 1 1 0 0 1 1 1 0 1 1 0 0 1 1 1 1 0 1 0 1 1 0 1 1 0 0 1 1 0 0 0 0 1 1 1 1 0 0 1 0 0 0 0 1 0 1 0 1 0
50	1	0 1 1 0 0 1 1 1 0 1 1 0 1 1 1 1 1 0 1 0 1 1 0 1 1 0 0 1 1 0 0 0 0 1 1 0 1 0 0 1 0 0 0 0 1 0 1 0 1 0
50	1	0 1 1 0 0 1 1 1 0 1 1 0 1 1 1 1 1 0 1 0 1 1 0 1 1 0 0 1 1 0 0 0 0 1 1 1 1 0 0 1 0 0 0 0 1 1 1 0 1 0
50	1	0 1 1 0 0 1 1 1 0 1 1 0 1 1 1 1 1 0 1 0 1 1 0 1 1 0 0 1 1 0 0 0 0 1 1 1 1 0 0 1 0 0 0 0 1 0 1 1 1 0
50	23	0 1 1 0 0 1 1 1 0 1 1 0 1 1 1 1 1 0 1 0 1 1 0 1 1 0 0 1 1 0 0 0 0 1 1 1 1 0 0 1 0 0 0 0 1 0 1 0 1 0
50	1	0 1 1 0 0 1 1 1 0 1 1 0 0 1 1 0 1 0 1 0 1 1 0 1 1 0 0 1 1 0 0 0 0 1 1 1 1 0 0 1 0 0 0 0 1 0 0 0 1 0
50	4	0 1 1 0 0 1 1 1 0 1 1 0 0 1 1 1 1 0 1 0 1 1 0 1 1 0 0 1 1 0 0 0 0 1 1 0 1 0 0 1 0 0 0 0 1 0 0 0 1 0
50	1	0 1 1 0 0 1 1 1 0 1 1 0 0 1 1 1 1 0 1 0 1 1 0 1 1 0 0 1 1 0 0 0 1 1 1 1 1 0 0 1 0 0 0 0 1 0 0 0 1 0
50	14	0 1 1 0 0 1 1 1 0 1 1 0 0 1 1 1 1 0 1 0 1 1 0 1 1 0 0 1 1 0 0 0 0 1 1 1 1 0 0 1 0 0 0 0 1 0 0 0 1 0
50	5	0 1 1 1 0 1 1 1 0 1 0 0 0 1 1 1 1 0 1 0 1 1 0 1 1 0 0 1 1 0 0 0 0 1 1 1 1 0 0 1 0 0 0 0 1 0 1 0 1 0
50	7	0 1 1 0 0 1 1 1 0 1 0 0 0 1 1 1 1 0 1 0 1 1 0 1 1 0 0 1 1 0 0 0 0 1 1 1 1 0 0 1 0 0 0 0 1 0 1 0 1 0
60	7	0 1 1 0 0 1 1 1 0 1 1 0 1 1 1 1 1 0 1 0 1 1 0 1 1 0 0 1 1 0 0 0 0 1 1 1 1 0 0 1 0 0 0 0 1 0 1 0 1 0
60	1	0 1 1 0 0 1 1 1 1 1 1 0 1 1 1 1 1 0 1 0 1 1 0 1 1 0 0 1 1 0 0 0 0 1 1 1 1 0 0 1 0 0 0 0 0 0 1 0 1 0
60	1	0 1 1 0 0 1 1 1 0 1 1 0 1 1 1 1 1 0 1 0 1 1 0 1 1 0 1 1 1 0 0 0 0 1 1 1 1 0 0 1 0 0 0 0 0 0 1 0 1 0
60	24	0 1 1 0 0 1 1 1 0 1 1 0 1 1 1 1 1 0 1 0 1 1 0 1 1 0 0 1 1 0 0 0 0 1 1 1 1 0 0 1 0 0 0 0 0 0 1 0 1 0
60	1	0 1 1 0 0 1 1 1 0 1 1 0 1 1 1 1 1 0 1 0 1 1 0 1 1 0 0 1 1 0 0 0 0 1 1 1 1 0 0 1 0 0 1 0 0 0 1 0 1 0
60	1	0 1 1 0 0 1 1 1 0 1 1 0 1 1 1 1 1 0 1 0 1 1 0 1 1 0 0 1 1 0 0 0 0 1 1 0 1 0 0 1 0 0 0 0 0 0 1 0 1 0
60	1	0 1 1 0 0 1 1 1 0 1 1 0 1 1 1 1 1 0 1 0 1 1 0 1 1 0 0 1 1 0 0 0 1 1 1 1 1 0 0 1 0 0 0 0 0 0 1 0 1 0
60	6	0 1 1 0 0 1 1 1 0 1 1 0 1 1 1 1 1 0 1 0 1 1 0 1 1 0 0 1 1 0 0 0 0 1 1 1 1 0 1 1 0 0 0 0 1 0 1 0 1 0
60	3	0 1 1 0 0 1 1 1 0 1 1 0 0 1 1 1 1 0 1 0 1 1 0 1 1 0 0 1 1 0 0 0 0 1 1 1 0 1 0 1 0 0 0 0 1 0 1 0 1 0
60	11	0 1 1 0 0 1 1 1 0 1 1 0 0 1 1 1 1 0 1 0 1 1 0 1 1 0 0 1 1 0 0 0 0 1 1 1 1 1 0 1 0 0 0 0 1 0 1 0 1 0
60	1	0 1 1 0 0 1 1 1 0 1 1 0 0 1 1 1 1 0 1 0 1 1 0 1 1 0 0 1 1 0 0 0 0 1 1 1 1 0 0 0 0 0 0 0 1 0 1 0 1 0
60	2	0 1 1 0 0 1 1 1 0 1 1 0 0 1 1 1 1 0 1 0 1 1 0 1 1 0 0 1 1 0 0 0 0 1 1 1 1 0 0 1 0 0 0 0 1 0 1 0 1 0
60	2	0 1 1 0 0 1 1 1 0 1 1 0 1 1 1 1 1 0 1 0 1 1 0 1 1 0 0 1 1 0 1 0 0 1 1 1 1 0 0 1 0 0 0 0 1 0 1 0 1 0
60	4	0 1 1 0 0 1 1 1 0 1 1 0 0 1 1 0 1 0 1 0 1 1 0 1 1 0 0 1 1 0 0 0 0 1 1 1 1 0 0 1 0 0 0 0 1 0 0 0 1 0
60	2	0 1 1 0 0 1 1 1 0 1 1 0 0 1 1 1 1 0 1 0 1 1 0 1 0 0 0 1 1 0 0 0 0 1 1 0 1 0 0 0 0 0 0 0 1 0 0 0 1 0
60	2	0 1 1 0 0 1 1 1 0 1 1 0 0 1 1 1 1 0 1 0 1 1 0 1 1 0 0 1 1 0 0 0 0 1 1 0 1 0 0 0 0 0 0 0 1 0 0 0 1 0
60	1	0 1 1 0 0 1 1 1 0 1 1 0 0 1 1 1 1 0 1 0 1 1 0 1 1 0 0 1 1 0 0 0 0 1 1 0 1 0 1 1 0 0 0 0 1 0 0 0 1 0
60	8	0 1 1 0 0 1 1 1 0 1 1 0 0 1 1 1 1 0 1 0 1 1 0 1 1 0 0 1 1 0 0 0 0 1 1 0 1 0 0 1 0 0 0 0 1 0 0 0 1 0
60	1	0 1 1 0 0 1 1 1 0 1 1 0 0 1 1 1 1 0 1 0 1 1 0 1 1 0 0 1 1 0 0 0 0 1 1 1 1 0 0 1 0 0 0 0 1 0 0 0 0 0
60	8	0 1 1 0 0 1 1 1 0 1 1 0 0 1 1 1 1 0 1 0 1 1 0 1 1 0 0 1 1 0 0 0 0 1 1 1 1 0 0 1 0 0 0 0 1 0 0 0 1 0
60	1	0 1 1 1 0 1 1 1 0 1 0 0 0 1 1 1 1 0 1 0 1 1 0 1 1 0 0 1 1 0 0 0 0 1 1 1 1 1 0 1 0 0 0 0 1 0 1 0 1 0
60	9	0 1 1 1 0 1 1 1 0 1 0 0 0 1 1 1 1 0 1 0 1 1 0 1 1 0 0 1 1 0 0 0 0 1 1 1 1 0 0 1 0 0 0 0 1 0 1 0 1 0
60	3	0 1 1 0 0 1 1 1 0 1 0 0 0 1 1 1 1 0 1 0 1 1 0 1 1 0 0 1 1 0 0 0 0 1 1 1 1 0 0 1 0 0 0 0 1 0 1 0 1 0
70	11	0 1 1 0 0 1 1 1 0 1 1 0 1 1 1 1 1 0 1 0 1 1 0 1 1 0 0 1 1 0 0 0 0 1 1 1 1 0 0 1 0 0 0 0 1 0 1 0 1 0
70	2	0 1 1 0 0 1 1 1 0 1 1 0 1 1 1 1 1 0 1 0 1 1 0 1 1 0 0 1 1 0 0 0 0 1 1 1 1 0 0 1 0 0 0 0 0 0 1 0 0 0
70	34	0 1 1 0 0 1 1 1 0 1 1 0 1 1 1 1 1 0 1 0 1 1 0 1 1 0 0 1 1 0 0 0 0 1 1 1 1 0 0 1 0 0 0 0 0 0 1 0 1 0
70	1	0 1 1 0 0 1 1 1 0 1 1 0 1 1 1 1 1 0 1 0 1 1 0 1 1 0 0 1 1 0 0 0 0 1 1 1 1 0 0 1 0 0 1 0 0 0 1 0 1 0
70	1	0 1 1 0 0 1 1 1 0 1 1 0 1 1 1 1 1 0 1 0 1 1 0 1 1 0 0 1 1 0 0 0 0 1 1 0 1 0 0 1 0 0 0 0 0 0 1 0 1 0
70	2	0 1 1 0 0 1 1 1 0 1 1 0 1 1 1 1 1 0 1 0 1 1 0 1 1 0 0 1 1 0 0 0 0 1 1 1 1 0 1 1 0 0 0 0 1 0 1 0 1 0
70	1	0 1 1 0 0 1 1 1 0 1 1 0 0 1 1 1 1 0 1 0 1 1 0 1 1 0 0 1 1 0 0 0 0 1 1 1 1 1 0 1 0 1 0 0 1 0 1 0 1 0
70	9	0 1 1 0 0 1 1 1 0 1 1 0 0 1 1 1 1 0 1 0 1 1 0 1 1 0 0 1 1 0 0 0 0 1 1 1 1 1 0 1 0 0 0 0 1 0 1 0 1 0
70	2	0 1 1 0 0 1 1 1 0 1 1 0 0 1 1 0 1 0 1 0 1 1 0 1 1 0 0 1 1 0 0 0 0 1 1 1 1 0 0 1 0 0 0 0 1 0 0 0 1 0
70	1	0 1 1 0 0 1 1 1 0 1 1 0 0 1 1 0 1 0 1 0 1 1 0 1 1 0 0 1 1 0 0 0 0 1 1 0 1 0 0 1 0 0 0 0 1 0 0 0 1 0
70	3	0 1 1 0 0 1 1 1 0 1 1 0 0 1 1 1 1 0 1 0 1 1 0 1 1 0 0 1 1 0 0 0 0 1 1 0 1 0 0 0 0 0 0 0 1 0 0 0 1 0
70	8	0 1 1 0 0 1 1 1 0 1 1 0 0 1 1 1 1 0 1 0 1 1 0 1 1 0 0 1 1 0 0 0 0 1 1 0 1 0 0 1 0 0 0 0 1 0 0 0 1 0
70	3	0 1 1 0 0 1 1 1 0 1 1 0 0 1 1 1 1 0 1 0 1 1 0 1 1 0 0 1 1 0 0 0 0 1 1 1 1 0 0 1 0 0 0 0 1 0 0 0 0 0
70	12	0 1 1 0 0 1 1 1 0 1 1 0 0 1 1 1 1 0 1 0 1 1 0 1 1 0 0 1 1 0 0 0 0 1 1 1 1 0 0 1 0 0 0 0 1 0 0 0 1 0
70	1	0 1 1 1 0 1 1 1 0 1 0 0 0 1 1 1 1 0 1 0 1 1 0 1 1 0 0 1 1 0 0 0 0 0 1 1 1 0 0 1 0 0 0 0 1 0 1 0 1 0
70	1	0 1 1 0 0 1 1 1 0 1 0 0 0 1 1 1 1 0 1 0 1 1 0 1 1 0 0 1 1 0 0 0 0 1 1 1 1 0 0 1 0 0 0 0 1 0 1 0 1 0
70	8	0 1 1 1 0 1 1 1 0 1 0 0 0 1 1 1 1 0 1 0 1 1 0 1 1 0 0 1 1 0 0 0 0 1 1 1 1 0 0 1 0 0 0 0 1 0 1 0 1 0
80	9	0 1 1 0 0 1 1 1 0 1 1 0 1 1 1 1 1 0 1 0 1 1 0 1 1 0 0 1 1 0 0 0 0 1 1 1 1 0 0 1 0 0 0 0 1 0 1 0 1 0
80	2	0 1 1 0 0 1 1 1 0 1 1 0 1 1 1 1 1 0 1 0 1 1 0 1 1 0 0 1 1 0 0 0 0 1 1 1 1 0 0 1 0 0 0 0 1 0 1 0 0 0
80	37	0 1 1 0 0 1 1 1 0 1 1 0 1 1 1 1 1 0 1 0 1 1 0 1 1 0 0 1 1 0 0 0 0 1 1 1 1 0 0 1 0 0 0 0 0 0 1 0 1 0
80	3	0 1 1 0 0 1 1 1 0 1 1 0 1 1 1 1 1 0 1 0 1 1 0 1 1 0 0 1 1 0 0 0 0 1 1 1 1 0 1 1 0 0 0 0 1 0 1 0 1 0
80	6	0 1 1 0 0 1 1 1 0 1 1 0 0 1 1 1 1 0 1 0 1 1 0 1 1 0 0 1 1 0 0 0 0 1 1 1 1 1 0 1 0 0 0 0 1 0 1 0 1 0
80	1	0 1 1 0 0 1 1 1 0 1 1 0 0 1 1 1 1 0 1 0 1 1 0 1 1 0 0 1 1 0 0 0 0 1 1 0 1 0 0 0 0 0 0 0 0 0 0 0 1 0
80	2	0 1 1 0 0 1 1 1 0 1 1 0 0 1 1 1 1 0 1 0 1 1 0 1 1 0 0 1 1 0 0 0 0 1 1 0 1 0 0 0 0 0 0 0 1 0 0 0 1 0
80	2	0 1 1 0 0 1 1 1 0 1 1 0 0 1 1 1 1 0 1 0 1 1 0 1 1 0 0 1 1 0 0 0 0 1 1 0 1 0 0 1 0 0 0 0 1 0 0 0 1 0
80	1	0 1 1 0 0 1 1 1 0 1 1 0 0 1 1 1 1 1 1 0 1 1 0 1 1 0 0 1 1 0 0 0 0 1 1 1 1 0 0 1 0 0 0 0 1 0 0 0 0 0
80	4	0 1 1 0 0 1 1 1 0 1 1 0 0 1 1 1 1 0 1 0 1 1 0 1 1 0 0 1 1 0 0 0 0 1 1 1 1 0 0 1 0 0 0 0 1 0 0 0 0 0
80	10	0 1 1 0 0 1 1 1 0 1 1 0 0 1 1 1 1 0 1 0 1 1 0 1 1 0 0 1 1 0 0 0 0 1 1 1 1 0 0 1 0 0 0 0 1 0 0 0 1 0
80	6	0 1 1 1 0 1 1 1 0 1 0 0 0 1 1 1 1 0 1 0 1 1 0 1 1 0 0 1 1 0 0 0 0 1 1 1 1 0 0 0 0 0 0 0 1 0 1 0 1 0
80	2	0 1 1 1 0 1 1 1 0 1 0 0 0 1 1 1 1 0 1 0 1 1 0 1 1 0 0 1 1 0 0 0 0 0 1 1 1 0 0 1 0 0 0 0 1 0 1 0 1 0
80	2	0 1 1 1 0 1 1 1 0 1 0 0 0 1 1 1 1 0 1 0 1 1 0 1 1 0 0 1 1 0 1 0 0 1 1 1 1 0 0 1 0 0 0 0 1 0 1 0 1 0
80	13	0 1 1 1 0 1 1 1 0 1 0 0 0 1 1 1 1 0 1 0 1 1 0 1 1 0 0 1 1 0 0 0 0 1 1 1 1 0 0 1 0 0 0 0 1 0 1 0 1 0
90	1	0 1 1 0 0 1 1 1 0 1 1 0 1 1 1 1 1 0 1 0 1 1 0 1 1 0 0 1 1 0 0 0 0 1 1 1 1 0 0 1 0 0 0 0 1 0 1 0 0 0
90	2	0 1 1 0 0 1 1 1 0 1 0 0 1 1 1 1 1 0 1 0 1 1 0 1 1 0 0 1 1 0 0 0 0 1 1 1 1 0 0 1 0 0 0 0 0 0 1 0 1 0
90	1	0 1 1 0 1 1 1 1 0 1 1 0 1 1 1 1 1 0 1 0 1 1 0 1 1 0 0 1 1 0 0 0 0 1 1 1 1 0 0 1 0 0 0 0 0 0 1 0 1 0
90	47	0 1 1 0 0 1 1 1 0 1 1 0 1 1 1 1 1 0 1 0 1 1 0 1 1 0 0 1 1 0 0 0 0 1 1 1 1 0 0 1 0 0 0 0 0 0 1 0 1 0
90	1	0 1 1 0 0 1 1 1 0 1 1 0 1 1 1 1 1 0 1 0 1 1 0 1 1 0 0 1 1 0 0 0 0 1 1 1 1 0 1 1 0 0 0 0 1 0 1 0 1 0
90	1	0 1 1 0 0 1 1 1 0 1 1 0 0 1 1 1 1 0 1 0 1 1 0 1 1 0 0 1 1 0 0 0 0 1 1 0 1 0 0 0 0 0 0 0 0 0 0 0 1 0
90	1	0 1 1 0 0 1 1 1 0 1 1 0 0 1 1 1 1 0 1 0 1 1 0 1 1 0 0 1 1 0 0 0 0 1 1 0 1 0 0 0 0 0 0 0 1 0 0 0 1 0
90	7	0 1 1 0 0 1 1 1 0 1 1 0 0 1 1 1 1 0 1 0 1 1 0 1 1 0 0 1 1 0 0 0 0 1 1 0 1 0 0 1 0 0 0 0 1 0 0 0 1 0
90	2	0 1 1 0 0 1 1 1 0 1 1 0 0 1 1 1 1 0 1 0 1 1 0 1 1 0 0 1 1 0 0 0 0 1 1 1 1 0 0 0 0 0 0 0 1 0 0 0 0 0
90	2	0 1 1 0 0 1 1 1 0 1 1 0 0 1 1 1 1 0 1 0 1 1 0 1 1 0 0 1 1 0 0 0 0 1 1 1 1 0 0 1 0 0 0 0 1 0 0 0 0 0
90	11	0 1 1 0 0 1 1 1 0 1 1 0 0 1 1 1 1 0 1 0 1 1 0 1 1 0 0 1 1 0 0 0 0 1 1 1 1 0 0 1 0 0 0 0 1 0 0 0 1 0
90	5	0 1 1 1 0 1 1 1 0 1 0 0 0 1 1 1 1 0 1 0 1 1 0 1 1 0 0 1 1 0 0 0 0 1 1 1 1 0 0 0 0 0 0 0 1 0 1 0 1 0
90	4	0 1 1 1 0 1 1 1 0 1 0 0 0 1 1 1 1 0 1 0 1 1 0 1 1 0 0 1 1 0 0 0 0 0 1 1 1 0 0 1 0 0 0 0 1 0 1 0 1 0
90	5	0 1 1 1 0 1 1 1 0 1 0 0 0 1 1 1 1 0 1 0 1 0 0 1 1 0 0 1 1 0 0 0 0 1 1 1 1 0 0 1 0 0 0 0 1 0 1 0 1 0
90	1	0 0 1 1 0 1 1 1 0 1 0 0 0 1 1 1 1 0 1 0 1 1 0 1 1 0 0 1 1 0 0 0 0 1 1 1 1 0 0 1 0 0 0 0 1 0 1 0 1 0
90	1	0 1 1 1 0 1 1 1 0 1 0 0 0 1 1 1 1 0 1 0 1 1 0 1 1 0 0 1 1 0 0 0 0 1 1 1 1 0 1 1 0 0 0 0 1 0 1 0 1 0
90	8	0 1 1 1 0 1 1 1 0 1 0 0 0 1 1 1 1 0 1 0 1 1 0 1 1 0 0 1 1 0 0 0 0 1 1 1 1 0 0 1 0 0 0 0 1 0 1 0 1 0
100	1	0 1 1 0 0 1 1 1 0 1 1 0 1 1 1 1 1 0 1 0 1 1 0 1 1 0 0 1 1 0 0 0 0 1 1 1 1 0 0 1 0 0 0 0 1 0 1 0 0 0
100	2	0 1 1 0 0 1 1 1 0 1 0 0 1 1 1 1 1 0 1 0 1 1 0 1 1 0 0 1 1 0 0 0 0 1 1 1 1 0 0 1 0 0 0 0 0 0 1 0 1 0
100	1	0 1 1 0 1 1 1 1 0 1 1 0 1 1 1 1 1 0 1 0 1 1 0 1 1 0 0 1 1 0 0 0 0 1 1 1 1 0 0 1 0 0 0 0 0 0 1 0 1 0
100	1	0 1 1 1 0 1 1 1 0 1 1 0 1 1 1 1 1 0 1 0 1 1 0 1 1 0 0 1 1 0 0 0 0 1 1 1 1 0 0 1 0 0 0 0 0 0 1 0 1 0
100	1	0 1 1 0 0 1 1 1 0 1 1 0 1 1 1 1 1 0 1 0 1 1 0 0 1 0 0 1 1 0 0 0 0 1 1 1 1 0 0 1 0 0 0 0 0 0 1 0 1 0
100	1	0 1 1 0 0 1 1 1 0 1 1 0 1 1 1 1 1 0 1 0 1 1 0 1 1 0 0 1 1 0 0 0 0 1 1 1 1 0 1 1 0 0 0 0 0 0 1 0 1 0
100	47	0 1 1 0 0 1 1 1 0 1 1 0 1 1 1 1 1 0 1 0 1 1 0 1 1 0 0 1 1 0 0 0 0 1 1 1 1 0 0 1 0 0 0 0 0 0 1 0 1 0
100	2	0 1 1 0 0 1 1 1 0 1 1 0 0 1 1 1 1 0 1 0 1 1 0 1 1 0 0 1 1 0 0 0 0 1 1 0 1 0 0 0 0 0 0 0 1 0 0 0 1 0
100	1	0 1 1 0 0 1 1 1 0 1 1 0 0 1 1 1 1 0 1 0 1 1 0 1 1 0 0 1 1 0 0 0 0 0 1 0 1 0 0 1 0 0 0 0 1 0 0 0 1 0
100	1	0 1 1 0 0 1 1 1 0 1 1 0 0 1 1 1 1 0 1 0 1 1 0 1 1 0 0 1 0 0 0 0 0 1 1 0 1 1 0 1 0 0 0 0 1 0 0 0 1 0
100	3	0 1 1 0 0 1 1 1 0 1 1 0 0 1 1 1 1 0 1 0 1 1 0 1 1 0 0 1 1 0 0 0 0 1 1 0 1 0 0 1 0 0 0 0 1 0 0 0 1 0
100	1	0 1 1 0 1 1 1 1 0 1 1 0 0 1 1 1 1 0 1 0 1 1 0 1 1 0 0 1 1 0 0 0 0 1 1 1 1 0 0 0 0 0 0 0 1 0 0 0 0 0
100	3	0 1 1 0 0 1 1 1 0 1 1 0 0 1 1 1 1 0 1 0 1 1 0 1 1 0 0 1 1 0 0 0 0 1 1 1 1 0 0 0 0 0 0 0 1 0 0 0 0 0
100	8	0 1 1 0 0 1 1 1 0 1 1 0 0 1 1 1 1 0 1 0 1 1 0 1 1 0 0 1 1 0 0 0 0 1 1 1 1 0 0 1 0 0 0 0 1 0 0 0 1 0
100	1	0 1 1 1 0 1 1 1 0 1 0 0 0 1 1 1 1 0 1 0 1 1 0 1 1 0 0 1 1 0 0 0 0 1 1 1 1 0 0 0 0 0 0 0 1 0 1 0 1 0
100	2	0 1 1 1 0 1 1 1 0 1 0 0 0 1 1 1 1 0 1 0 1 1 0 1 1 0 0 1 1 0 0 0 0 0 1 1 1 0 0 1 0 0 0 0 1 0 1 0 1 0
100	1	0 1 1 1 0 1 1 1 0 1 0 0 0 1 1 1 1 0 1 0 1 0 0 1 1 0 0 1 1 0 0 0 0 1 1 1 1 0 0 1 0 0 0 0 1 0 1 0 1 0
100	3	0 1 1 1 0 1 1 1 0 1 0 0 0 1 1 1 1 0 1 0 1 1 0 1 1 0 0 1 1 0 1 0 0 1 1 1 1 0 0 1 0 0 0 0 1 0 1 0 1 0
100	2	0 1 1 1 0 1 1 1 0 1 0 0 0 1 1 1 1 0 1 0 1 1 0 1 1 0 0 1 1 0 0 0 0 1 1 1 1 0 1 1 0 0 0 0 1 0 1 0 1 0
100	18	0 1 1 1 0 1 1 1 0 1 0 0 0 1 1 1 1 0 1 0 1 1 0 1 1 0 0 1 1 0 0 0 0 1 1 1 1 0 0 1 0 0 0 0 1 0 1 0 1 0
110	1	0 1 1 0 0 1 1 1 0 1 0 0 1 1 1 1 1 0 0 0 1 1 1 1 1 0 0 1 1 0 0 0 0 1 1 1 1 0 0 1 0 0 0 0 0 0 1 0 1 0
110	1	0 1 1 0 0 1 1 1 0 1 0 0 1 1 1 1 1 0 1 0 1 1 1 1 1 0 0 1 1 0 0 0 0 1 1 1 1 0 0 1 0 0 0 0 0 0 1 0 1 0
110	4	0 1 1 0 0 1 1 1 0 1 0 0 1 1 1 1 1 0 1 0 1 1 0 1 1 0 0 1 1 0 0 0 0 1 1 1 1 0 0 1 0 0 0 0 0 0 1 0 1 0
110	1	0 1 1 0 0 1 1 1 0 1 1 0 1 1 1 1 1 0 0 0 1 1 0 1 1 0 0 1 1 0 0 0 0 1 1 1 1 0 0 1 0 0 0 0 0 0 1 0 1 0
110	1	0 1 1 0 1 1 1 1 0 1 1 0 1 1 1 1 1 0 1 0 1 1 0 1 1 0 0 1 1 0 0 0 0 1 1 1 1 0 0 1 0 0 0 0 0 0 1 0 1 0
110	2	0 1 1 0 0 1 1 1 0 1 1 0 1 1 1 1 1 1 1 0 1 1 0 1 1 0 0 1 1 0 0 0 0 1 1 1 1 0 0 1 0 0 0 0 0 0 1 0 1 0
110	1	0 1 1 0 0 1 1 0 0 1 1 0 1 1 1 1 1 0 1 0 1 1 0 1 1 0 0 1 1 0 0 0 0 1 1 1 1 0 0 1 0 0 0 0 0 0 1 0 1 0
110	1	0 1 1 0 0 1 1 1 0 1 1 0 0 1 1 1 1 0 1 0 1 1 0 1 1 0 0 1 1 0 0 0 0 1 1 1 1 0 0 1 0 0 0 0 0 0 1 0 1 0
110	1	0 1 1 0 0 1 1 1 0 1 1 0 1 1 1 1 1 0 1 0 1 1 0 1 1 0 0 1 1 0 0 0 0 1 1 1 1 0 0 1 0 1 0 0 0 0 1 0 1 0
110	42	0 1 1 0 0 1 1 1 0 1 1 0 1 1 1 1 1 0 1 0 1 1 0 1 1 0 0 1 1 0 0 0 0 1 1 1 1 0 0 1 0 0 0 0 0 0 1 0 1 0
110	2	0 1 1 0 0 1 1 1 0 1 1 0 0 1 1 1 1 0 1 0 1 1 0 1 1 0 0 1 1 0 0 0 0 1 1 0 1 0 0 0 0 0 0 0 1 0 0 0 1 0
110	7	0 1 1 0 0 1 1 1 0 1 1 0 0 1 1 1 1 0 1 0 1 1 0 1 1 0 0 1 1 0 0 0 0 1 1 0 1 0 0 1 0 0 0 0 1 0 0 0 1 0
110	5	0 1 1 0 0 1 1 1 0 1 1 0 0 1 1 1 1 0 1 0 1 1 0 1 1 0 0 1 1 0 0 0 0 1 1 1 1 0 0 0 0 0 0 0 1 0 0 0 0 0
110	1	0 1 1 0 0 1 1 1 0 1 1 0 0 1 1 1 1 0 1 0 1 1 0 1 1 0 0 1 1 0 0 0 0 1 1 1 1 0 0 1 0 0 0 0 1 0 0 0 0 0
110	2	1 1 1 0 0 1 1 1 0 1 1 0 0 1 1 1 1 0 1 0 1 1 0 1 1 0 0 1 1 0 0 0 0 1 1 1 1 0 0 1 0 0 0 0 1 0 0 0 1 0
110	2	0 1 1 0 0 1 1 1 0 1 1 0 0 1 1 1 1 0 1 0 1 1 0 1 1 0 0 1 1 0 0 0 0 1 1 1 1 0 0 1 0 0 0 0 1 0 0 0 1 0
110	1	0 1 1 1 0 1 1 1 0 1 0 0 0 1 1 1 1 0 1 0 1 1 0 1 1 0 0 1 1 0 0 0 0 1 1 1 1 0 0 0 0 0 0 0 1 0 1 0 1 0
110	1	0 1 1 1 0 1 1 1 0 1 0 0 0 1 1 1 1 0 1 0 1 1 0 1 1 0 0 1 1 0 0 0 0 0 1 1 1 0 0 1 0 0 0 0 1 0 1 0 1 0
110	1	0 1 1 1 0 1 1 1 0 1 0 0 0 1 1 1 1 0 1 0 1 0 0 1 1 0 0 1 1 0 0 0 0 1 1 1 1 0 0 1 0 0 0 0 1 0 1 0 1 0
110	1	0 1 1 1 0 1 1 1 0 1 0 0 0 1 1 1 1 0 1 0 1 1 0 1 1 0 0 1 1 0 1 0 0 1 1 1 1 0 0 1 0 0 0 0 1 0 1 0 1 0
110	1	0 1 1 1 0 1 1 1 0 1 0 0 0 1 1 1 1 0 1 0 1 1 0 1 1 0 0 1 1 0 0 0 0 1 1 1 1 1 0 1 0 0 0 0 1 0 1 0 1 0
110	1	0 1 1 1 1 1 1 1 0 1 0 0 0 1 1 1 1 0 1 0 1 1 0 1 1 0 0 1 1 0 0 0 0 1 1 1 1 0 0 1 0 0 0 0 1 0 1 0 1 0
110	20	0 1 1 1 0 1 1 1 0 1 0 0 0 1 1 1 1 0 1 0 1 1 0 1 1 0 0 1 1 0 0 0 0 1 1 1 1 0 0 1 0 0 0 0 1 0 1 0 1 0
120	3	0 1 1 0 0 1 1 1 0 1 0 0 1 1 1 1 1 0 1 0 1 1 0 1 1 0 0 1 1 0 0 0 0 1 1 1 1 0 0 1 0 0 0 0 0 0 1 0 1 0
120	1	0 1 1 0 1 1 1 1 0 1 1 0 1 1 1 1 1 0 1 0 1 1 0 1 1 0 0 1 1 0 0 0 0 1 1 1 1 0 0 1 0 0 0 0 0 0 1 0 1 0
120	2	0 1 1 1 0 1 1 1 0 1 1 0 1 1 1 1 1 0 1 0 1 1 0 1 1 0 0 1 1 0 0 0 0 1 1 1 1 0 0 1 0 0 0 0 0 0 1 0 1 0
120	2	0 1 1 0 0 1 1 1 0 1 1 0 1 1 1 1 1 0 1 0 1 0 0 1 1 0 0 1 1 0 0 0 0 1 1 1 1 0 0 1 0 0 0 0 0 0 1 0 1 0
120	3	0 1 1 0 0 1 1 1 0 1 1 0 1 1 1 1 1 1 1 0 1 1 0 1 1 0 0 1 1 0 0 0 0 1 1 1 1 0 0 1 0 0 0 0 0 0 1 0 1 0
120	1	0 1 1 0 0 1 1 1 0 1 1 0 1 1 0 1 1 0 1 0 1 1 0 1 1 0 0 1 1 0 0 0 0 1 1 1 1 0 0 1 0 0 0 0 0 0 1 0 1 0
120	27	0 1 1 0 0 1 1 1 0 1 1 0 1 1 1 1 1 0 1 0 1 1 0 1 1 0 0 1 1 0 0 0 0 1 1 1 1 0 0 1 0 0 0 0 0 0 1 0 1 0
120	1	0 1 1 0 0 1 1 1 0 1 1 0 0 1 1 1 1 0 1 0 1 1 0 1 1 0 0 1 1 0 0 0 0 1 1 0 1 0 0 0 0 0 0 0 0 0 0 0 1 0
120	1	0 1 1 0 0 1 1 1 0 1 1 0 0 1 1 1 1 0 1 0 1 1 0 1 1 0 0 1 1 0 0 0 0 1 1 0 1 0 0 0 0 0 0 0 1 0 0 0 1 0
120	9	0 1 1 0 0 1 1 1 0 1 1 0 0 1 1 1 1 0 1 0 1 1 0 1 1 0 0 1 1 0 0 0 0 1 1 0 1 0 0 1 0 0 0 0 1 0 0 0 1 0
120	1	0 1 1 0 0 1 1 1 0 1 1 0 0 1 1 0 1 0 1 0 1 1 0 1 1 0 0 1 1 0 0 0 0 1 1 1 1 0 0 0 0 0 0 0 1 0 0 0 0 0
120	12	0 1 1 0 0 1 1 1 0 1 1 0 0 1 1 1 1 0 1 0 1 1 0 1 1 0 0 1 1 0 0 0 0 1 1 1 1 0 0 0 0 0 0 0 1 0 0 0 0 0
120	3	0 1 1 0 0 1 1 1 0 1 1 0 0 1 1 1 1 0 1 0 1 1 0 1 1 0 0 1 1 0 0 0 0 1 1 1 1 0 0 1 0 0 0 0 1 0 0 0 0 0
120	3	0 1 1 0 0 1 1 1 0 1 1 0 0 1 1 1 1 0 1 0 1 1 0 1 1 0 0 1 1 0 0 0 0 1 1 1 1 0 0 1 0 0 0 0 1 0 0 0 1 0
120	1	0 1 1 1 0 1 1 1 0 1 0 0 0 1 1 1 1 0 1 0 1 1 0 1 1 0 0 1 1 0 0 0 0 0 1 1 1 0 0 1 0 0 0 0 1 0 1 0 1 0
120	2	0 1 1 1 0 1 1 1 0 1 0 0 0 1 1 1 1 0 1 0 1 0 0 1 1 0 0 1 1 0 0 0 0 1 1 1 1 0 0 1 0 0 0 0 1 0 1 0 1 0
120	2	0 1 1 1 0 1 1 1 0 1 0 0 0 1 1 1 1 0 1 0 1 1 0 1 1 0 0 1 1 0 1 0 1 1 1 1 1 0 0 1 0 0 0 0 1 0 1 0 1 0
120	5	0 1 1 1 0 1 1 1 0 1 0 0 0 1 1 1 1 0 1 0 1 1 0 1 1 0 0 0 1 0 0 0 0 1 1 1 1 0 0 1 0 0 0 0 1 0 1 0 0 0
120	1	0 1 1 1 0 1 1 1 0 1 0 0 0 1 1 1 1 0 1 0 1 1 0 1 1 0 0 1 1 0 0 0 0 1 1 1 1 1 0 1 0 0 0 0 1 0 1 0 1 0
120	1	0 1 1 1 0 1 1 1 0 1 0 0 0 1 1 1 1 0 1 0 1 1 0 1 1 0 0 1 1 1 0 0 0 1 1 1 1 0 0 1 0 0 0 0 1 0 1 0 1 0
120	19	0 1 1 1 0 1 1 1 0 1 0 0 0 1 1 1 1 0 1 0 1 1 0 1 1 0 0 1 1 0 0 0 0 1 1 1 1 0 0 1 0 0 0 0 1 0 1 0 1 0
130	4	0 1 1 0 0 1 1 1 0 1 0 0 1 1 1 1 1 0 1 0 1 1 0 1 1 0 0 1 1 0 0 0 0 1 1 1 1 0 0 1 0 0 0 0 0 0 1 0 1 0
130	7	0 1 1 1 0 1 1 1 0 1 1 0 1 1 1 1 1 0 1 0 1 1 0 1 1 0 0 1 1 0 0 0 0 1 1 1 1 0 0 1 0 0 0 0 0 0 1 0 1 0
130	1	0 1 1 0 0 1 1 1 0 1 1 0 1 1 1 1 1 1 1 0 1 1 0 1 1 0 0 1 1 0 0 0 0 1 1 1 1 0 0 1 0 0 0 0 0 0 1 0 1 0
130	2	0 1 1 0 0 1 1 1 0 1 1 0 1 1 0 1 1 0 1 0 1 1 0 1 1 0 0 1 1 0 0 0 0 1 1 1 1 0 0 1 0 0 0 0 0 0 1 0 1 0
130	1	1 1 1 0 0 1 1 1 0 1 1 0 1 1 1 1 1 0 1 0 1 1 0 1 1 0 0 1 1 0 0 0 0 1 1 1 1 0 0 1 0 0 0 0 0 0 1 0 1 0
130	18	0 1 1 0 0 1 1 1 0 1 1 0 1 1 1 1 1 0 1 0 1 1 0 1 1 0 0 1 1 0 0 0 0 1 1 1 1 0 0 1 0 0 0 0 0 0 1 0 1 0
130	1	0 1 1 0 0 1 1 1 0 1 1 0 0 1 1 1 1 0 1 0 1 1 0 1 1 0 0 1 1 0 0 0 0 1 1 0 1 0 0 0 0 0 0 0 1 0 0 0 1 0
130	1	0 1 1 0 0 1 1 1 0 1 1 0 0 1 1 1 1 0 1 0 1 1 0 1 1 0 0 1 1 0 0 0 1 1 1 0 1 0 0 1 0 0 0 0 1 0 0 0 1 0
130	6	0 1 1 0 0 1 1 1 0 1 1 0 0 1 1 1 1 0 1 0 1 1 0 1 1 0 0 1 1 0 0 0 0 1 1 0 1 0 0 1 0 0 0 0 1 0 0 0 1 0
130	8	0 1 1 0 0 1 1 1 0 1 1 0 0 1 1 0 1 0 1 0 1 1 0 1 1 0 0 1 1 0 0 0 0 1 1 1 1 0 0 0 0 0 0 0 1 0 0 0 0 0
130	21	0 1 1 0 0 1 1 1 0 1 1 0 0 1 1 1 1 0 1 0 1 1 0 1 1 0 0 1 1 0 0 0 0 1 1 1 1 0 0 0 0 0 0 0 1 0 0 0 0 0
130	2	0 1 1 0 0 1 1 1 0 1 1 0 0 1 1 1 1 0 1 0 1 1 0 1 1 0 0 1 1 0 0 0 0 1 1 1 1 0 0 1 0 0 0 0 1 0 0 0 0 0
130	1	0 1 1 0 0 1 1 1 0 1 1 0 0 1 1 1 1 0 1 0 1 1 0 1 1 0 0 1 1 0 0 0 0 1 1 1 1 0 0 1 0 0 0 0 1 0 0 0 1 0
130	1	0 1 1 1 0 1 1 1 0 1 0 0 0 1 1 1 1 0 1 0 1 1 1 1 1 0 0 1 1 0 1 0 1 1 1 1 1 0 0 1 0 0 0 0 1 0 1 0 1 0
130	2	0 1 1 1 0 1 1 1 0 1 0 0 0 1 1 1 1 0 1 0 1 1 0 1 1 0 0 0 1 0 1 0 0 1 1 1 1 0 0 1 0 0 0 0 1 0 1 0 0 0
130	5	0 1 1 1 0 1 1 1 0 1 0 0 0 1 1 1 1 0 1 0 1 1 0 1 1 0 0 0 1 0 0 0 0 1 1 1 1 0 0 1 0 0 0 0 1 0 1 0 0 0
130	1	0 1 1 1 0 1 1 1 0 1 0 0 0 1 1 1 1 0 1 0 1 1 0 1 1 0 0 1 1 0 0 0 0 0 1 1 1 0 0 1 0 0 0 0 1 0 1 0 1 0
130	18	0 1 1 1 0 1 1 1 0 1 0 0 0 1 1 1 1 0 1 0 1 1 0 1 1 0 0 1 1 0 0 0 0 1 1 1 1 0 0 1 0 0 0 0 1 0 1 0 1 0
140	2	0 1 1 0 0 1 1 1 0 1 1 0 0 1 1 1 1 0 1 0 1 1 0 1 1 0 0 1 1 0 0 0 0 1 1 1 1 0 0 1 0 0 0 0 0 0 1 0 1 0
140	1	1 1 1 0 0 1 1 1 0 1 1 0 1 1 1 1 1 0 1 0 1 1 0 1 1 0 0 1 1 0 0 0 0 1 1 1 1 0 0 1 0 0 0 0 0 0 1 0 1 0
140	16	0 1 1 0 0 1 1 1 0 1 1 0 1 1 1 1 1 0 1 0 1 1 0 1 1 0 0 1 1 0 0 0 0 1 1 1 1 0 0 1 0 0 0 0 0 0 1 0 1 0
140	3	0 1 1 0 0 1 1 1 0 1 0 0 1 1 1 1 1 0 1 0 1 1 0 1 1 0 0 1 1 0 0 0 0 1 1 1 1 0 0 1 0 0 0 0 0 0 1 0 1 0
140	2	0 1 1 0 1 1 1 1 0 1 1 0 1 1 1 1 1 0 1 0 1 1 0 1 1 0 0 1 1 0 0 0 1 1 1 1 1 0 0 1 0 0 0 0 0 0 1 0 1 0
140	5	0 1 1 1 0 1 1 1 0 1 1 0 1 1 1 1 1 0 1 0 1 1 0 1 1 0 0 1 1 0 0 0 0 1 1 1 1 0 0 1 0 0 0 0 0 0 1 0 1 0
140	2	0 1 1 0 0 1 1 1 0 1 1 0 1 0 1 1 1 1 1 0 1 1 0 1 1 0 0 1 1 0 0 0 0 1 1 1 1 0 0 1 0 0 0 0 0 0 1 0 1 0
140	4	0 1 1 0 0 1 1 1 0 1 1 0 1 1 1 1 1 1 1 0 1 1 0 1 1 0 0 1 1 0 0 0 0 1 1 1 1 0 0 1 0 0 0 0 0 0 1 0 1 0
140	1	0 1 1 0 0 1 1 1 0 1 1 0 0 1 1 1 1 0 1 0 1 1 0 1 1 0 0 1 1 0 0 0 0 1 1 0 1 0 0 0 0 0 0 0 1 0 0 0 1 0
140	4	0 1 1 0 0 1 1 1 0 1 1 0 0 1 1 1 1 0 1 0 1 1 0 1 1 0 0 1 1 0 0 0 0 1 1 0 1 0 0 1 0 0 0 0 1 0 0 0 1 0
140	7	0 1 1 0 0 1 1 1 0 1 1 0 0 1 1 0 1 0 1 0 1 1 0 1 1 0 0 1 1 0 0 0 0 1 1 1 1 0 0 0 0 0 0 0 1 0 0 0 0 0
140	33	0 1 1 0 0 1 1 1 0 1 1 0 0 1 1 1 1 0 1 0 1 1 0 1 1 0 0 1 1 0 0 0 0 1 1 1 1 0 0 0 0 0 0 0 1 0 0 0 0 0
140	2	0 1 1 1 0 1 1 1 0 1 0 0 0 1 1 1 1 0 1 0 1 0 0 1 1 0 0 1 1 0 0 0 0 0 1 1 1 0 0 1 0 0 0 0 1 0 1 0 1 0
140	2	0 1 1 1 0 1 1 1 0 1 0 0 0 1 1 1 1 0 1 0 1 1 0 1 1 0 0 0 1 0 1 0 0 1 1 1 1 0 0 1 0 0 0 0 1 0 1 0 0 0
140	1	0 1 1 1 0 1 1 1 0 1 0 0 0 1 1 1 1 0 1 0 1 1 0 1 1 0 0 0 1 0 0 0 0 1 1 1 1 1 0 1 0 0 0 0 1 0 1 0 0 0
140	8	0 1 1 1 0 1 1 1 0 1 0 0 0 1 1 1 1 0 1 0 1 1 0 1 1 0 0 0 1 0 0 0 0 1 1 1 1 0 0 1 0 0 0 0 1 0 1 0 0 0
140	7	0 1 1 1 0 1 1 1 0 1 0 0 0 1 1 1 1 0 1 0 1 1 0 1 1 0 0 1 1 0 0 0 0 1 1 1 1 0 0 1 0 0 0 0 1 0 1 0 1 0
150	3	0 1 1 0 1 1 1 1 0 1 1 0 1 1 1 1 1 0 1 0 1 1 0 1 1 0 0 1 1 0 0 0 0 1 1 1 1 0 0 1 0 0 0 0 0 0 1 0 1 0
150	1	1 1 1 0 0 1 1 1 0 1 1 0 1 1 1 1 1 0 1 0 1 1 0 1 1 0 0 1 1 0 0 0 0 1 1 1 1 0 0 1 0 0 0 0 0 0 1 0 1 0
150	1	0 1 1 0 0 1 1 1 0 1 1 0 1 1 1 1 1 0 1 0 1 1 0 1 1 0 0 1 1 0 0 0 0 1 1 1 0 0 0 1 0 0 0 0 0 0 1 0 1 0
150	11	0 1 1 0 0 1 1 1 0 1 1 0 1 1 1 1 1 0 1 0 1 1 0 1 1 0 0 1 1 0 0 0 0 1 1 1 1 0 0 1 0 0 0 0 0 0 1 0 1 0
150	4	0 1 1 0 0 1 1 1 0 1 0 0 1 1 1 1 1 0 1 0 1 1 0 1 1 0 0 1 1 0 0 0 0 1 1 1 1 0 0 1 0 0 0 0 0 0 1 0 1 0
150	1	0 1 1 0 1 1 1 1 0 1 1 0 1 1 1 1 1 0 1 0 1 1 0 1 1 0 0 1 1 0 0 0 1 1 1 1 1 0 0 1 0 0 0 0 0 0 1 0 1 0
150	5	0 1 1 1 0 1 1 1 0 1 1 0 1 1 1 1 1 0 1 0 1 1 0 1 1 0 0 1 1 0 0 0 0 1 1 1 1 0 0 1 0 0 0 0 0 0 1 0 1 0
150	1	1 1 1 0 0 1 1 1 0 1 1 0 0 1 1 1 1 0 1 0 1 1 0 1 1 0 0 1 1 0 0 0 0 1 1 0 1 0 0 1 0 0 0 0 1 0 0 0 1 0
150	2	0 1 1 0 0 1 1 1 0 1 1 0 0 1 1 1 1 0 1 0 1 1 0 1 1 0 0 1 1 0 0 0 0 1 1 0 1 0 0 1 0 0 0 0 1 0 0 0 1 0
150	2	0 1 1 0 0 1 1 1 0 1 1 0 0 1 1 1 1 0 1 0 1 1 0 1 1 0 0 1 1 0 0 0 0 1 1 1 1 0 0 0 0 0 0 0 0 0 0 0 0 0
150	15	0 1 1 0 0 1 1 1 0 1 1 0 0 1 1 0 1 0 1 0 1 1 0 1 1 0 0 1 1 0 0 0 0 1 1 1 1 0 0 0 0 0 0 0 1 0 0 0 0 0
150	33	0 1 1 0 0 1 1 1 0 1 1 0 0 1 1 1 1 0 1 0 1 1 0 1 1 0 0 1 1 0 0 0 0 1 1 1 1 0 0 0 0 0 0 0 1 0 0 0 0 0
150	4	0 1 1 1 0 1 1 1 0 1 0 0 0 1 1 1 1 0 1 0 1 0 0 1 1 0 0 1 1 0 0 0 0 0 1 1 1 0 0 1 0 0 0 0 1 0 1 0 1 0
150	4	0 1 1 1 0 1 1 1 0 1 0 0 0 1 1 1 1 0 1 0 1 1 1 1 1 0 0 1 1 0 1 0 1 1 1 1 1 0 0 1 0 0 0 0 1 0 1 0 1 0
150	1	0 1 1 1 0 1 1 1 0 1 0 0 0 1 1 1 1 0 1 0 1 1 0 1 1 0 0 0 1 0 0 0 0 1 1 1 1 0 0 1 0 0 1 0 1 0 1 0 0 0
150	12	0 1 1 1 0 1 1 1 0 1 0 0 0 1 1 1 1 0 1 0 1 1 0 1 1 0 0 0 1 0 0 0 0 1 1 1 1 0 0 1 0 0 0 0 1 0 1 0 0 0
160	2	0 1 1 0 1 1 1 1 0 1 1 0 1 1 1 1 1 0 1 0 1 1 0 1 1 0 0 1 1 0 1 0 0 1 1 1 1 0 0 1 0 0 0 0 0 0 1 0 1 0
160	1	0 1 1 0 1 1 1 1 0 1 1 0 1 1 1 1 1 0 1 0 1 1 0 1 1 0 0 1 1 0 0 0 0 1 1 1 1 0 0 1 0 0 0 0 0 0 1 0 1 0
160	8	0 1 1 0 0 1 1 1 0 1 1 0 1 1 1 1 1 0 1 0 1 1 0 1 1 0 0 1 1 0 0 0 0 1 1 1 1 0 0 1 0 0 0 0 0 0 1 0 1 0
160	2	0 1 1 0 0 1 1 1 0 1 0 0 1 1 1 1 1 0 1 0 1 1 0 1 1 0 0 1 1 0 0 0 0 1 1 1 1 0 0 1 0 0 0 0 0 0 1 0 1 0
160	7	0 1 1 1 0 1 1 1 0 1 1 0 1 1 1 1 1 0 1 0 1 1 0 1 1 0 0 1 1 0 0 0 0 1 1 1 1 0 0 1 0 0 0 0 0 0 1 0 1 0
160	3	1 1 1 0 0 1 1 1 0 1 1 0 0 1 1 1 1 0 1 0 1 1 0 1 1 0 0 1 1 0 0 0 0 1 1 0 1 0 0 1 0 0 0 0 1 0 0 0 1 0
160	1	0 1 1 0 0 1 1 1 0 1 1 0 0 1 1 1 1 0 1 0 1 1 0 1 1 0 1 1 1 0 0 0 0 1 1 0 1 0 0 1 0 0 0 0 1 0 0 0 1 0
160	4	0 1 1 0 0 1 1 1 0 1 1 0 0 1 1 1 1 0 1 0 1 1 0 1 1 0 0 1 1 0 0 0 0 1 1 0 1 0 0 1 0 0 0 0 1 0 0 0 1 0
160	1	0 0 1 0 0 1 1 1 0 1 1 0 0 1 1 0 1 0 1 0 1 1 0 1 1 0 0 1 1 0 0 0 0 1 1 1 1 0 0 0 0 0 0 0 1 0 0 0 0 0
160	1	0 1 1 0 0 1 1 1 0 1 1 1 0 1 1 0 1 0 1 0 1 1 0 1 1 0 0 1 1 0 0 0 0 1 1 1 1 0 0 0 0 0 0 0 1 0 0 0 0 0
160	7	0 1 1 0 0 1 1 1 0 1 1 0 0 1 1 0 1 0 1 0 1 1 0 1 1 0 0 1 1 0 0 0 0 1 1 1 1 0 0 0 0 0 0 0 1 0 0 0 0 0
160	2	0 1 1 0 0 1 1 1 0 1 1 0 0 1 1 1 1 0 1 0 1 1 0 1 1 0 0 1 1 0 0 0 0 1 1 0 1 0 0 0 0 0 0 0 1 0 0 0 0 0
160	2	0 1 1 0 0 1 1 1 0 1 1 0 0 1 1 1 1 0 1 0 1 1 0 1 1 0 0 0 1 0 0 0 0 1 1 1 1 0 0 0 0 0 0 0 1 0 0 0 0 0
160	1	0 1 1 0 1 1 1 1 0 1 1 0 0 1 1 1 1 0 1 0 1 1 0 1 1 0 0 1 1 0 0 0 0 1 1 1 1 0 0 0 0 0 0 0 1 0 0 0 0 0
160	46	0 1 1 0 0 1 1 1 0 1 1 0 0 1 1 1 1 0 1 0 1 1 0 1 1 0 0 1 1 0 0 0 0 1 1 1 1 0 0 0 0 0 0 0 1 0 0 0 0 0
160	1	0 1 1 1 0 1 1 1 0 1 0 0 0 1 1 1 1 0 1 0 1 1 1 1 1 0 0 1 1 0 1 0 1 1 1 1 1 0 0 1 0 0 0 0 1 0 1 0 1 0
160	1	0 1 0 1 0 1 1 1 0 1 0 0 0 1 1 1 1 0 1 0 1 1 0 1 1 0 0 0 1 0 0 0 0 1 1 1 1 0 0 1 0 0 0 0 1 0 1 0 0 0
160	9	0 1 1 1 0 1 1 1 0 1 0 0 0 1 1 1 1 0 1 0 1 1 0 1 1 0 0 0 1 0 0 0 0 1 1 1 1 0 0 1 0 0 0 0 1 0 1 0 0 0
160	1	0 1 1 1 0 1 1 1 0 1 0 0 0 1 1 1 1 0 1 0 1 1 0 1 1 0 0 1 1 1 0 0 0 1 1 1 1 0 0 1 0 0 0 0 1 0 1 0 1 0
170	1	0 1 1 0 1 1 1 1 0 1 1 0 1 1 1 1 1 0 1 0 1 1 0 1 1 0 0 1 1 0 1 0 0 1 1 1 1 0 0 1 0 0 0 0 0 0 1 0 1 0
170	5	0 1 1 0 0 1 1 1 0 1 1 0 1 1 1 1 1 0 1 0 1 1 0 1 1 0 0 1 1 0 0 0 0 1 1 1 1 0 0 1 0 0 0 0 0 0 1 0 1 0
170	1	0 1 1 1 0 1 1 1 0 1 1 0 1 1 1 1 1 1 1 0 1 1 0 1 1 0 0 1 1 0 0 0 0 1 1 1 1 0 0 1 0 0 0 0 0 0 1 0 1 0
170	2	0 1 1 1 0 1 1 1 0 1 1 0 1 1 1 1 1 0 1 0 1 1 0 1 1 0 0 1 1 0 0 0 0 1 1 1 1 0 0 1 0 0 0 0 0 0 1 0 1 0
170	1	1 1 1 0 0 1 1 1 0 1 1 0 0 1 1 1 1 0 1 0 1 1 0 1 1 0 0 1 1 0 0 0 0 1 1 0 1 1 0 1 0 0 0 0 1 0 0 0 1 0
170	2	1 1 1 0 0 1 1 1 0 1 1 0 0 1 1 1 1 0 1 0 1 1 0 1 1 0 0 1 1 0 0 0 0 1 1 0 1 0 0 1 0 0 0 0 1 0 0 0 1 0
170	1	0 1 1 0 0 1 1 1 0 1 0 0 0 1 1 1 1 0 1 0 1 1 0 1 1 0 0 1 1 0 0 0 0 1 1 0 1 0 0 1 0 0 0 0 1 0 0 0 1 0
170	1	0 1 1 0 0 1 1 1 0 1 1 0 0 1 1 1 1 0 1 0 1 1 0 1 1 0 0 1 1 0 0 0 0 1 1 0 1 0 0 1 0 0 0 0 1 0 0 0 1 0
170	15	0 1 1 0 0 1 1 1 0 1 1 0 0 1 1 0 1 0 1 0 1 1 0 1 1 0 0 1 1 0 0 0 0 1 1 1 1 0 0 0 0 0 0 0 1 0 0 0 0 0
170	2	0 1 1 0 1 1 1 1 0 1 1 0 0 1 1 1 1 0 1 0 1 1 0 1 1 0 0 1 1 0 0 0 0 1 1 1 1 0 0 0 0 0 0 0 1 0 0 0 0 0
170	1	0 1 1 0 0 1 1 1 0 1 1 1 0 1 1 1 1 0 1 0 1 1 0 1 1 0 0 1 1 0 0 0 0 1 1 1 1 0 0 0 0 0 0 0 1 0 0 0 0 0
170	51	0 1 1 0 0 1 1 1 0 1 1 0 0 1 1 1 1 0 1 0 1 1 0 1 1 0 0 1 1 0 0 0 0 1 1 1 1 0 0 0 0 0 0 0 1 0 0 0 0 0
170	2	0 1 1 1 0 1 1 1 0 1 0 0 0 1 1 1 1 0 1 0 1 1 0 1 1 0 0 0 1 0 0 0 0 1 1 1 1 1 0 1 0 0 0 0 1 0 1 0 0 0
170	1	0 1 1 1 0 1 1 1 0 1 0 0 0 1 1 1 1 0 1 0 1 1 1 1 1 0 0 0 1 0 0 0 0 1 1 1 1 0 0 1 0 0 0 0 1 0 1 0 0 0
170	13	0 1 1 1 0 1 1 1 0 1 0 0 0 1 1 1 1 0 1 0 1 1 0 1 1 0 0 0 1 0 0 0 0 1 1 1 1 0 0 1 0 0 0 0 1 0 1 0 0 0
170	1	0 1 1 1 0 1 1 1 0 1 0 0 0 1 1 1 1 0 1 0 1 1 0 1 1 0 0 1 1 1 0 0 0 1 1 1 1 0 0 1 0 0 0 0 1 0 1 0 1 0
180	4	0 1 1 0 0 1 1 1 0 1 1 0 1 1 1 1 1 0 1 0 1 1 0 1 1 0 0 1 1 0 0 0 0 1 1 1 1 0 0 1 0 0 0 0 0 0 1 0 1 0
180	9	0 1 1 1 0 1 1 1 0 1 1 0 1 1 1 1 1 0 1 0 1 1 0 1 1 0 0 1 1 0 0 0 0 1 1 1 1 0 0 1 0 0 0 0 0 0 1 0 1 0
180	1	1 1 1 0 0 1 1 1 0 1 1 0 0 1 1 1 0 0 1 0 1 1 0 1 1 0 0 1 1 0 0 0 0 1 1 0 1 0 0 1 0 0 0 0 1 0 0 0 1 0
180	6	1 1 1 0 0 1 1 1 0 1 1 0 0 1 1 1 1 0 1 0 1 1 0 1 1 0 0 1 1 0 0 0 0 1 1 0 1 0 0 1 0 0 0 0 1 0 0 0 1 0
180	1	0 1 1 0 0 1 1 1 0 1 1 0 0 1 1 1 1 0 1 0 1 1 0 1 1 0 0 1 1 0 0 0 0 1 1 1 1 0 0 0 0 0 0 0 0 0 0 0 0 0
180	5	0 1 1 0 0 1 1 1 1 1 1 0 0 1 1 1 1 0 1 0 1 1 0 1 1 0 0 1 1 0 0 0 0 1 1 1 1 0 0 0 0 0 0 0 1 0 0 0 0 0
180	36	0 1 1 0 0 1 1 1 0 1 1 0 0 1 1 1 1 0 1 0 1 1 0 1 1 0 0 1 1 0 0 0 0 1 1 1 1 0 0 0 0 0 0 0 1 0 0 0 0 0
180	1	0 1 1 0 0 1 1 1 0 1 1 0 0 1 1 0 1 0 0 0 1 1 0 1 1 0 0 1 1 0 0 0 0 1 1 1 1 0 0 0 0 0 0 0 1 0 0 0 0 0
180	15	0 1 1 0 0 1 1 1 0 1 1 0 0 1 1 0 1 0 1 0 1 1 0 1 1 0 0 1 1 0 0 0 0 1 1 1 1 0 0 0 0 0 0 0 1 0 0 0 0 0
180	1	0 1 1 0 1 1 1 1 0 1 1 0 0 1 1 1 1 0 1 0 1 1 0 1 1 0 0 1 1 0 0 0 0 1 1 1 1 0 0 0 0 0 0 0 1 0 0 0 0 0
180	1	0 1 1 0 0 1 1 1 0 1 1 0 0 1 1 1 1 0 1 0 1 1 0 1 1 0 0 1 1 0 0 0 0 1 1 1 1 0 0 1 0 0 0 0 1 0 0 0 0 0
180	1	0 1 1 1 0 1 1 1 0 1 1 0 0 1 1 1 1 0 1 0 1 1 0 1 1 0 0 1 1 0 0 0 0 1 1 1 1 0 0 0 0 0 0 0 1 0 0 0 0 0
180	1	0 1 1 0 0 1 1 1 0 0 1 0 0 1 1 1 1 0 1 0 1 1 0 1 1 0 0 1 1 0 0 0 0 1 1 1 1 0 0 0 0 0 0 0 1 0 0 0 0 0
180	1	0 1 1 0 0 1 1 1 0 1 1 0 0 1 0 1 1 0 1 0 1 1 0 1 1 0 0 1 1 0 0 0 0 1 1 1 1 0 0 0 0 0 0 0 1 0 0 0 0 0
180	1	0 1 1 1 0 1 1 1 0 1 0 0 0 1 1 1 1 0 1 0 1 1 0 1 1 0 0 0 1 0 0 0 0 1 1 1 1 1 0 1 0 0 0 0 1 0 1 0 0 0
180	1	0 1 1 1 0 1 1 1 0 1 0 0 0 1 1 1 1 1 1 0 1 1 0 1 1 0 0 0 1 0 0 0 0 1 1 1 1 0 0 1 0 0 0 0 1 0 1 0 0 0
180	15	0 1 1 1 0 1 1 1 0 1 0 0 0 1 1 1 1 0 1 0 1 1 0 1 1 0 0 0 1 0 0 0 0 1 1 1 1 0 0 1 0 0 0 0 1 0 1 0 0 0
190	5	0 1 1 0 1 1 1 1 0 1 1 0 1 1 1 1 1 0 1 0 1 1 0 1 1 0 0 1 1 0 1 0 0 1 1 1 1 0 0 1 0 0 0 0 0 0 1 0 1 0
190	2	1 1 1 0 0 1 1 1 0 1 1 0 1 1 1 1 1 0 1 0 1 1 0 1 1 0 0 1 1 0 0 0 0 1 1 1 1 0 0 1 0 0 0 0 0 0 0 0 1 0
190	1	1 1 1 0 0 1 1 1 0 1 1 0 1 1 1 1 1 0 1 0 1 1 0 1 1 0 0 1 1 0 0 0 0 1 1 1 1 0 0 1 0 0 0 0 0 0 1 0 1 0
190	1	0 1 1 1 0 1 1 1 0 1 1 0 1 1 1 1 1 0 1 0 1 1 0 0 1 0 0 1 1 0 0 0 0 1 1 1 1 0 0 1 0 0 0 0 0 0 1 0 1 0
190	6	0 1 1 1 0 1 1 1 0 1 1 0 1 1 1 1 1 0 1 0 1 1 0 1 1 0 0 1 1 0 0 0 0 1 1 1 1 0 0 1 0 0 0 0 0 0 1 0 1 0
190	1	1 1 1 0 0 1 1 1 0 1 1 0 0 1 1 1 1 0 1 0 1 1 0 1 1 0 0 1 1 0 0 0 0 1 1 0 1 1 0 1 0 0 0 0 1 0 0 0 1 0
190	1	1 1 1 0 0 1 1 1 0 1 1 0 0 1 1 1 0 0 1 0 1 1 0 1 1 0 0 1 1 0 0 0 0 1 1 0 1 0 0 1 0 0 0 0 1 0 0 0 1 0
190	2	1 1 1 0 1 1 1 1 0 1 1 0 0 1 1 1 1 0 1 0 1 1 0 1 1 0 0 1 1 0 0 0 0 1 1 0 1 0 0 1 0 0 0 0 1 0 0 0 1 0
190	6	1 1 1 0 0 1 1 1 0 1 1 0 0 1 1 1 1 0 1 0 1 1 0 1 1 0 0 1 1 0 0 0 0 1 1 0 1 0 0 1 0 0 0 0 1 0 0 0 1 0
190	1	0 1 1 0 0 1 1 1 0 1 1 0 0 1 1 1 1 0 1 0 1 1 0 1 1 0 0 1 1 0 0 0 1 1 1 1 1 0 0 0 0 0 0 0 0 0 0 0 0 0
190	4	0 1 1 0 0 1 1 1 0 1 1 0 0 1 1 1 1 0 1 0 1 1 0 1 1 0 0 1 1 0 0 0 0 1 1 1 1 0 0 0 0 0 0 0 0 0 0 0 0 0
190	6	0 1 1 0 0 1 1 1 1 1 1 0 0 1 1 1 1 0 1 0 1 1 0 1 1 0 0 1 1 0 0 0 0 1 1 1 1 0 0 0 0 0 0 0 1 0 0 0 0 0
190	1	0 1 1 0 0 1 1 1 0 1 1 0 0 1 1 0 1 0 1 0 1 1 0 1 1 0 0 1 1 0 0 0 0 1 1 1 1 0 0 0 0 0 0 0 1 0 0 0 1 0
190	1	0 1 1 0 0 1 1 1 0 1 1 0 0 1 1 1 1 0 1 0 1 1 0 1 1 0 0 1 1 0 0 0 1 1 1 1 1 0 0 0 0 0 0 0 1 0 0 0 0 0
190	1	0 1 0 0 0 1 1 1 0 1 1 0 0 1 1 1 1 0 1 0 1 1 0 1 1 0 0 1 1 0 0 0 0 1 1 1 1 0 0 0 0 0 0 0 1 0 0 0 0 0
190	26	0 1 1 0 0 1 1 1 0 1 1 0 0 1 1 1 1 0 1 0 1 1 0 1 1 0 0 1 1 0 0 0 0 1 1 1 1 0 0 0 0 0 0 0 1 0 0 0 0 0
190	1	0 1 1 0 0 1 1 1 0 1 1 0 0 1 1 0 1 0 1 0 1 1 0 1 1 0 0 1 1 0 0 0 0 1 1 1 1 0 0 0 0 0 0 0 1 1 0 0 0 0
190	11	0 1 1 0 0 1 1 1 0 1 1 0 0 1 1 0 1 0 1 0 1 1 0 1 1 0 0 1 1 0 0 0 0 1 1 1 1 0 0 0 0 0 0 0 1 0 0 0 0 0
190	3	0 1 1 0 1 1 1 1 0 1 1 0 0 1 1 1 1 0 1 0 1 1 0 1 1 0 0 1 1 0 0 0 0 1 1 1 1 0 0 0 0 0 0 0 1 0 0 0 0 0
190	3	0 1 1 0 0 1 1 1 0 0 1 0 0 1 1 1 1 0 1 0 1 1 0 1 1 0 0 1 1 0 0 0 0 1 1 1 1 0 0 0 0 0 0 0 1 0 0 0 0 0
190	1	0 1 1 0 0 1 1 1 0 1 1 0 0 1 1 1 1 0 1 0 1 1 0 0 1 0 0 1 1 0 0 0 0 1 1 1 1 0 0 0 0 0 0 0 1 0 0 0 0 0
190	3	0 1 1 1 0 1 1 1 0 1 0 0 0 1 1 1 1 0 1 0 1 1 0 1 1 0 0 0 1 0 0 0 0 1 1 1 1 1 0 1 0 0 0 0 1 0 1 0 0 0
190	1	0 1 1 1 0 1 1 1 0 1 0 0 0 1 1 1 1 1 1 0 1 1 0 1 1 1 0 0 1 0 0 0 0 1 1 1 1 0 0 1 0 0 0 0 1 0 1 0 0 0
190	12	0 1 1 1 0 1 1 1 0 1 0 0 0 1 1 1 1 0 1 0 1 1 0 1 1 0 0 0 1 0 0 0 0 1 1 1 1 0 0 1 0 0 0 0 1 0 1 0 0 0
200	4	1 1 1 0 0 1 1 1 0 1 1 0 1 1 1 1 1 0 1 0 1 1 0 1 1 0 0 1 1 0 0 0 0 1 1 1 1 0 0 1 0 0 0 0 0 0 0 0 1 0
200	3	1 1 1 0 0 1 1 1 0 1 1 0 1 1 1 1 1 0 1 0 1 1 0 1 1 0 0 1 1 0 0 0 0 1 1 1 1 0 0 1 0 0 0 0 0 0 1 0 1 0
200	1	1 1 1 0 0 1 1 1 0 1 1 0 0 1 1 1 1 0 1 0 1 1 0 1 1 0 0 1 1 0 0 0 0 1 1 0 1 1 0 1 0 0 0 0 1 0 0 0 1 0
200	2	1 1 1 0 0 1 1 1 0 1 1 0 0 1 1 1 0 0 1 0 1 1 0 1 1 0 0 1 1 0 0 0 0 1 1 0 1 0 0 1 0 0 0 0 1 0 0 0 1 0
200	3	1 1 1 0 1 1 1 1 0 1 1 0 0 1 1 1 1 0 1 0 1 1 0 1 1 0 0 1 1 0 0 0 0 1 1 0 1 0 0 1 0 0 0 0 1 0 0 0 1 0
200	5	1 1 1 0 0 1 1 1 0 1 1 0 0 1 1 1 1 0 1 0 1 1 0 1 1 0 0 1 1 0 0 0 0 1 1 0 1 0 0 1 0 0 0 0 1 0 0 0 1 0
200	7	0 1 1 0 0 1 1 1 0 1 1 0 0 1 1 1 1 0 1 0 1 1 0 1 1 0 0 1 1 0 0 0 0 1 1 1 1 0 0 0 0 0 0 0 0 0 0 0 0 0
200	18	0 1 1 0 0 1 1 1 1 1 1 0 0 1 1 1 1 0 1 0 1 1 0 1 1 0 0 1 1 0 0 0 0 1 1 1 1 0 0 0 0 0 0 0 1 0 0 0 0 0
200	4	0 1 1 0 0 1 1 1 0 1 1 0 0 1 1 1 1 0 1 0 1 1 0 1 1 0 0 1 1 0 0 0 0 1 1 0 1 0 0 0 0 0 0 0 1 0 0 0 0 0
200	3	0 1 1 0 0 1 1 1 0 1 1 0 0 1 0 1 1 0 1 0 1 1 0 1 1 0 0 1 1 0 0 0 0 1 1 1 1 0 0 0 0 0 0 0 1 0 0 0 0 0
200	1	0 1 1 0 0 1 1 1 0 1 1 0 0 1 1 1 0 0 1 0 1 1 0 1 1 0 0 1 1 0 0 0 0 1 1 1 1 0 0 0 0 0 0 0 1 0 0 0 0 0
200	22	0 1 1 0 0 1 1 1 0 1 1 0 0 1 1 1 1 0 1 0 1 1 0 1 1 0 0 1 1 0 0 0 0 1 1 1 1 0 0 0 0 0 0 0 1 0 0 0 0 0
200	10	0 1 1 0 0 1 1 1 0 1 1 0 0 1 1 0 1 0 1 0 1 1 0 1 1 0 0 1 1 0 0 0 0 1 1 1 1 0 0 0 0 0 0 0 1 0 0 0 0 0
200	2	0 1 1 1 0 1 1 1 0 1 1 0 0 1 1 1 1 0 1 0 1 1 0 1 1 0 0 1 1 0 0 0 0 1 1 1 1 0 0 0 0 0 0 0 1 0 0 0 0 0
200	3	0 1 1 0 0 1 1 1 0 0 1 0 0 1 1 1 1 0 1 0 1 1 0 1 1 0 0 1 1 0 0 0 0 1 1 1 1 0 0 0 0 0 0 0 1 0 0 0 0 0
200	2	0 1 1 1 0 1 1 1 0 1 0 0 0 1 1 1 1 0 1 0 1 1 0 1 1 0 0 0 1 0 0 0 0 1 1 1 1 1 0 1 0 0 0 0 1 0 1 0 0 0
200	1	0 1 1 1 0 1 1 1 0 1 0 0 0 1 1 1 1 1 1 0 1 1 0 1 1 1 0 0 1 0 0 0 0 1 1 1 1 0 0 1 0 0 0 0 1 0 1 0 0 0
200	9	0 1 1 1 0 1 1 1 0 1 0 0 0 1 1 1 1 0 1 0 1 1 0 1 1 0 0 0 1 0 0 0 0 1 1 1 1 0 0 1 0 0 0 0 1 0 1 0 0 0
210	1	1 1 1 0 0 1 1 1 0 1 1 0 1 1 1 1 1 0 1 0 1 1 0 1 1 0 0 1 1 0 0 0 0 1 1 1 1 0 0 1 0 0 0 0 0 0 1 0 1 0
210	2	1 1 1 1 0 1 1 1 0 1 1 0 0 1 1 1 1 0 1 0 1 1 0 1 1 0 0 1 1 0 0 0 0 1 1 0 1 1 0 1 0 0 0 0 1 0 0 0 1 0
210	5	1 1 1 0 0 1 1 1 0 1 1 0 0 1 1 1 1 0 1 0 1 1 0 1 1 0 0 1 1 0 0 0 0 1 1 0 1 0 0 1 0 0 0 0 1 0 0 0 1 0
210	2	1 1 1 0 0 1 1 1 0 1 1 0 0 1 1 1 0 0 1 0 1 1 0 1 1 0 0 1 1 0 0 0 0 1 1 0 1 0 0 1 0 0 0 0 1 0 0 0 1 0
210	1	1 1 1 0 1 1 1 1 0 1 1 0 0 1 1 1 1 0 1 0 1 1 0 1 1 0 0 1 0 0 0 0 0 1 1 0 1 0 0 1 0 0 0 0 1 0 0 0 1 0
210	7	1 1 1 0 1 1 1 1 0 1 1 0 0 1 1 1 1 0 1 0 1 1 0 1 1 0 0 1 1 0 0 0 0 1 1 0 1 0 0 1 0 0 0 0 1 0 0 0 1 0
210	2	0 1 1 0 0 1 1 1 0 1 1 0 0 1 1 1 1 0 1 0 1 1 0 1 1 0 0 1 1 0 0 0 1 1 1 1 1 0 0 0 0 0 0 0 0 0 0 0 0 0
210	1	0 1 1 0 0 1 1 1 0 1 1 0 0 1 1 1 1 0 1 0 0 1 0 1 1 0 0 1 1 0 0 0 0 1 1 1 1 0 0 0 0 0 0 0 0 0 0 0 0 0
210	8	0 1 1 0 0 1 1 1 0 1 1 0 0 1 1 1 1 0 1 0 1 1 0 1 1 0 0 1 1 0 0 0 0 1 1 1 1 0 0 0 0 0 0 0 0 0 0 0 0 0
210	1	0 1 1 0 0 1 1 1 1 1 1 1 0 1 1 1 1 0 1 0 1 1 0 1 1 0 0 1 1 0 0 0 0 1 1 1 1 0 0 0 0 0 0 0 1 0 0 0 0 0
210	30	0 1 1 0 0 1 1 1 1 1 1 0 0 1 1 1 1 0 1 0 1 1 0 1 1 0 0 1 1 0 0 0 0 1 1 1 1 0 0 0 0 0 0 0 1 0 0 0 0 0
210	1	0 1 1 0 0 1 1 1 0 1 1 0 0 1 1 1 1 0 1 0 1 1 0 1 1 0 0 1 1 0 0 0 0 1 1 1 1 1 0 0 0 0 0 0 1 0 0 0 0 0
210	1	0 1 1 0 0 1 1 1 0 1 1 0 0 1 1 1 1 0 1 0 1 1 0 1 1 0 0 1 1 0 0 0 0 1 1 0 1 0 0 0 0 0 0 0 1 0 0 0 0 0
210	3	0 1 1 0 0 1 1 1 0 1 1 0 0 1 0 1 1 0 1 0 1 1 0 1 1 0 0 1 1 0 0 0 0 1 1 1 1 0 0 0 0 0 0 0 1 0 0 0 0 0
210	1	0 1 1 0 0 1 1 1 0 1 1 0 0 1 1 1 0 0 1 0 1 1 0 1 1 0 0 1 1 0 0 0 0 1 1 1 1 0 0 0 0 0 0 0 1 0 0 0 0 0
210	2	0 1 1 0 0 1 1 1 0 1 1 0 0 1 1 0 1 0 1 0 1 1 0 1 1 0 0 1 1 0 0 0 0 1 1 1 1 0 0 0 0 0 0 0 1 0 0 0 0 0
210	1	0 1 1 0 0 1 1 1 0 1 1 0 0 1 1 1 1 0 1 0 1 1 0 1 1 0 0 1 1 0 0 0 0 1 0 1 1 0 0 0 0 0 0 0 1 0 0 0 0 0
210	22	0 1 1 0 0 1 1 1 0 1 1 0 0 1 1 1 1 0 1 0 1 1 0 1 1 0 0 1 1 0 0 0 0 1 1 1 1 0 0 0 0 0 0 0 1 0 0 0 0 0
210	1	0 1 1 0 0 1 1 1 0 0 1 0 0 1 1 1 1 0 1 0 1 1 0 1 1 0 0 1 1 0 0 0 0 1 1 1 1 0 0 0 0 0 0 0 1 0 0 0 0 0
210	1	0 1 0 1 0 1 1 1 0 1 0 0 0 1 1 1 1 0 1 0 1 1 0 1 1 0 0 0 1 0 0 0 0 1 1 1 1 0 0 1 0 0 0 0 1 0 1 0 0 0
210	1	0 1 1 1 0 1 1 1 0 1 0 0 0 1 1 1 1 0 1 0 1 1 0 1 1 1 0 0 1 0 0 0 0 1 1 1 1 0 0 1 0 0 0 0 1 0 1 0 0 0
210	6	0 1 1 1 0 1 1 1 0 1 0 0 0 1 1 1 1 0 1 0 1 1 0 1 1 0 0 0 1 0 0 0 0 1 1 1 1 0 0 1 0 0 0 0 1 0 1 0 0 0
220	1	1 1 1 0 0 1 1 1 0 1 1 0 0 1 1 1 0 0 1 0 1 1 0 1 1 0 0 1 1 0 0 0 0 1 1 0 1 0 0 1 0 0 0 0 1 0 0 0 1 0
220	1	1 1 1 0 1 1 1 1 0 1 1 0 0 1 1 1 1 0 1 0 1 0 0 1 1 0 0 1 1 0 0 0 0 1 1 0 1 0 0 1 0 0 0 0 1 0 0 0 1 0
220	9	1 1 1 0 1 1 1 1 0 1 1 0 0 1 1 1 1 0 1 0 1 1 0 1 1 0 0 1 1 0 0 0 0 1 1 0 1 0 0 1 0 0 0 0 1 0 0 0 1 0
220	3	0 1 1 0 0 1 1 1 0 1 1 0 0 1 1 1 1 0 1 0 1 1 0 1 1 0 0 1 1 0 0 0 1 1 1 1 1 0 0 0 0 0 0 0 0 0 0 0 0 0
220	15	0 1 1 0 0 1 1 1 0 1 1 0 0 1 1 1 1 0 1 0 1 1 0 1 1 0 0 1 1 0 0 0 0 1 1 1 1 0 0 0 0 0 0 0 0 0 0 0 0 0
220	1	0 1 1 0 0 1 1 1 1 1 1 0 0 1 1 1 1 0 1 0 1 1 0 1 1 0 0 1 1 0 0 0 0 1 1 1 1 0 0 0 0 0 0 0 1 0 0 0 0 1
220	34	0 1 1 0 0 1 1 1 1 1 1 0 0 1 1 1 1 0 1 0 1 1 0 1 1 0 0 1 1 0 0 0 0 1 1 1 1 0 0 0 0 0 0 0 1 0 0 0 0 0
220	2	0 1 1 0 0 1 1 1 0 1 1 0 0 1 0 1 1 0 1 0 1 1 0 1 1 0 0 1 1 0 0 0 0 1 1 1 1 0 0 0 0 0 0 0 1 0 0 0 0 0
220	2	0 1 1 0 0 1 1 1 0 1 1 0 0 1 1 1 0 0 1 0 1 1 0 1 1 0 0 1 1 0 0 0 0 1 1 1 1 0 0 0 0 0 0 0 1 0 0 0 0 0
220	1	0 1 1 0 0 1 1 1 0 1 1 0 0 1 1 1 1 0 1 0 1 1 0 1 1 0 0 0 1 0 0 0 0 1 0 1 1 0 0 0 0 0 0 0 1 0 0 0 0 0
220	16	0 1 1 0 0 1 1 1 0 1 1 0 0 1 1 1 1 0 1 0 1 1 0 1 1 0 0 1 1 0 0 0 0 1 1 1 1 0 0 0 0 0 0 0 1 0 0 0 0 0
220	1	0 1 1 1 0 1 1 1 0 1 1 0 0 1 1 1 1 0 1 0 1 1 0 1 1 0 0 1 1 0 0 0 0 1 1 1 1 0 0 0 0 0 0 0 1 0 0 0 0 0
220	1	0 1 1 0 0 1 1 1 0 0 1 0 0 1 1 1 1 0 1 0 1 1 0 1 1 0 0 1 1 0 0 0 0 1 1 1 1 0 0 0 0 0 0 0 1 0 0 0 0 0
220	2	0 1 1 1 0 1 1 1 0 1 0 0 0 1 1 1 1 1 1 0 1 1 0 1 1 1 0 0 1 0 1 0 0 1 1 1 1 0 0 1 0 0 0 0 1 0 1 0 0 0
220	2	0 1 1 1 0 1 1 1 0 1 0 0 0 1 1 1 1 1 1 0 1 1 0 1 1 1 0 0 1 0 0 0 0 1 1 1 1 0 0 1 0 0 0 0 1 0 1 0 0 0
220	2	0 1 1 1 0 1 1 1 0 1 0 0 0 1 1 0 1 0 1 0 1 1 0 1 1 0 0 0 1 0 0 0 0 1 1 1 1 0 0 1 0 0 0 0 1 0 1 0 0 0
220	1	0 1 1 1 0 1 1 1 0 1 0 0 0 1 1 1 1 0 1 0 1 0 0 1 1 0 0 0 1 0 0 0 0 1 1 1 1 0 0 1 0 0 0 0 1 0 1 0 0 0
220	6	0 1 1 1 0 1 1 1 0 1 0 0 0 1 1 1 1 0 1 0 1 1 0 1 1 0 0 0 1 0 0 0 0 1 1 1 1 0 0 1 0 0 0 0 1 0 1 0 0 0
230	1	1 1 1 0 0 1 1 1 0 1 1 0 0 1 1 1 1 0 1 0 1 1 0 1 1 0 0 1 1 0 0 0 0 1 1 0 1 0 0 1 0 0 0 0 1 0 0 0 1 0
230	5	1 1 1 0 0 1 1 1 0 1 1 0 0 1 1 1 0 0 1 0 1 1 0 1 1 0 0 1 1 0 0 0 0 1 1 0 1 0 0 1 0 0 0 0 1 0 0 0 1 0
230	5	1 1 1 0 1 1 1 1 0 1 1 0 0 1 1 1 1 0 1 0 1 1 0 1 1 0 0 1 1 0 0 1 0 1 1 0 1 0 0 1 0 0 0 0 1 0 0 0 1 0
230	5	1 1 1 0 1 1 1 1 0 1 1 0 0 1 1 1 1 0 1 0 1 1 0 1 1 0 0 1 1 0 0 0 0 1 1 0 1 0 0 1 0 0 0 0 1 0 0 0 1 0
230	5	0 1 1 0 0 1 1 1 0 1 1 0 0 1 1 1 1 0 1 0 1 1 0 1 1 0 0 1 1 0 0 0 1 1 1 1 1 0 0 0 0 0 0 0 0 0 0 0 0 0
230	4	0 1 1 0 0 1 1 1 0 1 1 0 0 1 1 1 1 0 1 0 1 1 0 1 1 0 0 1 1 0 1 0 0 1 1 1 1 0 0 0 0 0 0 0 0 0 0 0 0 0
230	1	0 1 1 0 0 1 1 1 0 1 1 0 0 1 1 1 1 0 1 0 1 1 0 1 1 0 0 1 1 0 0 0 0 1 1 1 1 0 0 0 1 0 0 0 0 0 0 0 0 0
230	12	0 1 1 0 0 1 1 1 0 1 1 0 0 1 1 1 1 0 1 0 1 1 0 1 1 0 0 1 1 0 0 0 0 1 1 1 1 0 0 0 0 0 0 0 0 0 0 0 0 0
230	1	0 1 1 0 0 1 1 1 1 1 1 0 0 1 1 1 1 0 1 0 1 1 0 1 1 0 0 1 1 0 0 0 0 1 1 1 1 0 0 0 0 0 0 0 1 0 0 0 0 1
230	1	0 1 0 0 0 1 1 1 1 1 1 0 0 1 1 1 1 0 1 0 1 1 0 1 1 0 0 1 1 0 0 0 0 1 1 1 1 0 0 0 0 0 0 0 1 0 0 0 0 0
230	4	0 1 1 0 0 1 1 1 1 1 1 0 0 1 1 1 0 0 1 0 1 1 0 1 1 0 0 1 1 0 0 0 0 1 1 1 1 0 0 0 0 0 0 0 1 0 0 0 0 0
230	1	0 1 1 0 0 1 1 1 1 1 1 0 0 1 1 1 1 0 1 0 1 1 0 1 1 0 0 1 0 0 0 0 0 1 1 1 1 0 0 0 0 0 0 0 1 0 0 0 0 0
230	1	0 1 1 0 0 1 1 1 1 1 1 0 0 1 1 1 1 0 1 1 1 1 0 1 1 0 0 1 1 0 0 0 0 1 1 1 1 0 0 0 0 0 0 0 1 0 0 0 0 0
230	43	0 1 1 0 0 1 1 1 1 1 1 0 0 1 1 1 1 0 1 0 1 1 0 1 1 0 0 1 1 0 0 0 0 1 1 1 1 0 0 0 0 0 0 0 1 0 0 0 0 0
230	1	0 1 1 0 0 1 1 1 0 1 1 0 0 1 1 1 1 0 1 0 1 1 0 1 1 0 1 1 1 0 0 0 0 1 1 1 0 0 0 0 0 0 0 0 1 0 0 0 0 0
230	7	0 1 1 0 0 1 1 1 0 1 1 0 0 1 1 1 1 0 1 0 1 1 0 1 1 0 0 1 1 0 0 0 0 1 1 1 1 0 0 0 0 0 0 0 1 0 0 0 0 0
230	2	0 1 1 1 0 1 1 1 0 1 0 0 0 1 1 1 1 1 1 0 1 1 0 1 1 1 0 0 1 0 0 0 0 1 1 1 1 0 0 1 0 0 0 0 1 0 1 0 0 0
230	1	0 1 1 1 0 1 1 1 0 1 0 0 0 1 1 1 1 0 1 0 1 1 0 1 1 0 0 0 1 0 0 0 0 1 1 1 1 0 0 1 0 0 0 0 1 0 1 0 0 0
240	4	1 1 1 0 0 1 1 1 0 1 1 0 0 1 1 1 1 0 1 0 1 1 0 1 1 0 0 1 1 0 0 0 0 1 1 0 1 0 0 1 0 0 0 0 1 0 0 0 1 0
240	4	1 1 1 0 0 1 1 1 0 1 1 0 0 1 1 1 0 0 1 0 1 1 0 1 1 0 0 1 1 0 0 0 0 1 1 0 1 0 0 1 0 0 0 0 1 0 0 0 1 0
240	5	1 1 1 0 1 1 1 1 0 1 1 0 0 1 1 1 1 0 1 0 1 1 0 1 1 0 0 1 1 0 0 0 0 1 1 0 1 0 0 1 0 0 0 0 1 0 0 0 0 0
240	3	1 1 1 0 1 1 1 1 0 1 1 0 0 1 1 1 1 0 1 0 1 1 0 1 1 0 0 1 1 0 0 0 0 1 1 0 1 0 0 1 0 0 0 0 1 0 0 0 1 0
240	5	1 1 1 0 1 1 1 1 0 1 1 0 0 1 1 1 1 0 1 0 1 1 0 1 1 0 0 1 1 0 0 1 0 1 1 0 1 0 0 1 0 0 0 0 1 0 0 0 1 0
240	1	0 1 1 0 0 1 1 1 0 1 1 0 0 1 1 1 1 0 1 0 1 1 0 1 1 0 0 1 1 0 0 0 1 1 1 1 1 0 0 0 0 0 0 0 0 0 0 0 0 0
240	1	0 1 1 0 0 1 1 1 0 1 1 0 0 1 1 1 1 0 1 0 1 1 0 1 1 0 0 1 1 0 1 0 0 1 1 1 1 0 0 0 0 0 0 0 0 0 0 0 0 0
240	1	0 1 1 0 0 1 1 0 0 1 1 0 0 1 1 1 1 0 1 0 1 1 0 1 1 0 0 1 1 0 0 0 0 1 1 1 1 0 0 0 0 0 0 0 0 0 0 0 0 0
240	15	0 1 1 0 0 1 1 1 0 1 1 0 0 1 1 1 1 0 1 0 1 1 0 1 1 0 0 1 1 0 0 0 0 1 1 1 1 0 0 0 0 0 0 0 0 0 0 0 0 0
240	1	0 1 1 0 0 1 1 1 1 1 1 0 0 1 1 1 0 0 1 0 1 1 0 1 1 0 0 1 1 0 0 0 0 1 1 1 1 0 0 0 0 0 0 0 1 0 0 0 0 0
240	8	0 1 1 0 1 1 1 1 1 1 1 0 0 1 1 1 1 0 1 0 1 1 0 1 1 0 0 1 1 0 0 0 0 1 1 1 1 0 0 0 0 0 0 0 1 0 0 0 0 0
240	1	0 1 1 0 0 1 1 1 1 1 1 0 0 1 1 1 1 0 1 0 1 1 0 1 1 0 0 1 0 0 0 0 0 1 1 1 1 0 0 0 0 0 0 0 1 0 0 0 0 0
240	2	0 1 1 0 0 1 1 1 1 1 1 0 0 1 1 0 1 0 1 0 1 1 0 1 1 0 0 1 1 0 0 0 0 1 1 1 1 0 0 0 0 0 0 0 1 0 0 0 0 0
240	1	0 1 1 0 0 1 1 1 1 1 1 0 0 1 1 1 1 0 1 0 1 1 0 1 1 0 0 1 1 0 0 0 0 1 1 1 1 0 0 0 0 0 0 0 1 0 1 0 0 0
240	5	0 1 1 0 0 1 1 1 0 1 1 0 0 1 1 1 1 0 1 0 1 1 0 1 1 0 0 1 1 0 0 0 0 1 1 1 1 0 0 0 0 0 0 0 1 0 0 0 0 0
240	32	0 1 1 0 0 1 1 1 1 1 1 0 0 1 1 1 1 0 1 0 1 1 0 1 1 0 0 1 1 0 0 0 0 1 1 1 1 0 0 0 0 0 0 0 1 0 0 0 0 0
240	1	0 1 1 0 0 1 1 1 0 1 1 0 0 1 0 1 1 0 1 0 1 1 0 1 1 0 0 1 1 0 0 0 0 1 1 1 1 0 0 0 0 0 0 0 1 0 0 0 0 0
240	1	0 1 1 0 0 1 1 1 0 1 1 0 0 1 1 1 0 0 1 0 1 1 0 1 1 0 0 1 1 0 0 0 0 1 1 1 1 0 0 0 0 0 0 0 1 0 0 0 0 0
240	1	0 1 1 1 0 1 1 1 1 1 1 0 0 1 1 1 1 0 1 0 1 1 0 1 1 0 0 1 1 0 0 0 0 1 1 1 1 0 0 0 0 0 0 0 1 0 0 0 0 0
240	2	0 1 1 1 0 1 1 1 0 1 1 0 0 1 1 1 1 0 1 0 1 1 0 1 1 0 0 1 1 0 0 0 0 1 1 1 1 0 0 0 0 0 0 0 1 0 0 0 0 0
240	1	0 1 1 1 0 1 1 1 0 1 1 0 0 1 1 1 1 0 1 0 1 1 0 1 1 1 0 1 1 0 0 0 0 1 1 1 1 0 0 0 0 0 0 0 1 0 0 0 0 0
240	1	0 1 1 1 0 1 1 1 0 1 0 0 0 1 1 1 1 1 1 0 1 1 0 1 1 1 0 0 1 0 0 0 0 1 1 1 1 0 0 1 0 0 0 0 1 0 1 0 0 0
240	4	0 1 1 1 0 1 1 1 0 1 0 0 0 1 1 1 1 0 1 0 1 1 0 1 1 0 0 0 1 0 0 0 0 1 1 1 1 0 0 1 0 0 0 0 1 0 1 0 0 0
250	1	1 1 1 0 0 1 1 1 0 1 1 0 0 1 1 1 1 0 1 0 1 1 0 1 1 0 0 1 1 0 0 0 0 1 1 0 1 0 0 1 0 0 0 0 1 0 0 0 1 0
250	1	1 1 1 0 0 1 1 1 0 1 1 0 0 1 1 1 0 0 0 0 1 1 0 1 1 0 0 1 1 0 0 0 0 1 1 0 1 0 0 1 0 0 0 0 1 0 0 0 1 0
250	1	1 1 1 0 0 1 1 1 0 1 1 0 0 1 1 1 0 0 1 0 1 1 0 1 1 0 0 1 1 0 0 0 0 1 1 0 1 0 0 1 0 0 0 0 1 0 0 0 1 0
250	12	1 1 1 0 1 1 1 1 0 1 1 0 0 1 1 1 1 0 1 0 1 1 0 1 1 0 0 1 1 0 0 0 0 1 1 0 1 0 0 1 0 0 0 0 1 0 0 0 0 0
250	1	1 1 1 0 1 1 1 1 0 1 1 0 0 1 1 1 1 0 1 0 1 1 0 1 1 0 0 1 1 0 0 0 0 1 1 0 1 0 0 1 0 0 0 0 1 0 0 0 1 0
250	1	0 1 1 0 0 1 1 1 0 1 1 0 0 1 1 1 1 0 1 0 1 1 0 1 1 0 0 1 1 0 0 0 1 1 1 1 1 0 0 0 0 0 0 0 0 0 0 0 0 0
250	1	0 1 1 0 0 1 1 1 0 1 1 0 0 1 1 1 1 0 1 0 1 1 0 1 1 0 0 1 1 0 0 0 0 1 1 1 1 1 0 0 0 0 0 0 0 0 0 0 0 0
250	10	0 1 1 0 0 1 1 1 0 1 1 0 0 1 1 1 1 0 1 0 1 1 0 1 1 0 0 1 1 0 0 0 0 1 1 1 1 0 0 0 0 0 0 0 0 0 0 0 0 0
250	1	0 1 1 0 0 1 1 1 1 1 1 0 0 1 1 1 1 0 1 0 1 1 0 1 1 0 0 1 1 0 0 0 0 1 1 1 1 0 0 0 0 0 0 0 1 0 0 0 0 1
250	17	0 1 1 0 1 1 1 1 1 1 1 0 0 1 1 1 1 0 1 0 1 1 0 1 1 0 0 1 1 0 0 0 0 1 1 1 1 0 0 0 0 0 0 0 1 0 0 0 0 0
250	1	0 1 1 0 0 1 1 1 1 1 1 0 0 1 1 0 1 0 1 0 1 1 0 1 1 0 0 1 1 0 0 0 0 1 1 1 1 0 0 0 0 0 0 0 1 0 0 0 0 0
250	2	0 1 1 0 0 1 1 1 1 1 1 0 0 1 1 1 1 0 1 0 1 1 0 1 1 0 0 1 1 0 0 0 0 0 1 1 1 0 0 0 0 0 0 0 1 0 0 0 0 0
250	2	0 1 1 0 0 1 1 1 1 1 1 0 0 1 1 1 1 0 1 0 1 1 0 1 1 0 0 1 1 0 0 0 0 1 1 1 1 0 0 0 0 0 0 0 1 0 1 0 0 0
250	1	0 1 1 0 0 1 1 1 0 1 1 0 0 1 1 1 1 0 1 0 1 1 0 1 1 0 0 1 1 0 0 0 0 1 1 1 1 0 0 0 0 0 0 0 1 0 0 0 0 0
250	1	0 1 1 0 0 1 1 1 1 1 1 0 0 1 0 1 1 0 1 0 1 1 0 1 1 0 0 1 1 0 0 0 0 1 1 1 1 0 0 0 0 0 0 0 1 0 0 0 0 0
250	1	0 1 1 0 0 1 1 1 1 1 0 0 0 1 1 1 1 0 1 0 1 1 0 1 1 0 0 1 1 0 0 0 0 1 1 1 1 0 0 0 0 0 0 0 1 0 0 0 0 0
250	1	0 1 1 0 0 1 1 1 1 1 1 0 0 1 1 1 1 0 1 0 1 1 0 1 1 0 0 1 1 0 0 0 0 1 1 1 1 0 0 0 0 0 0 0 1 0 0 1 0 0
250	42	0 1 1 0 0 1 1 1 1 1 1 0 0 1 1 1 1 0 1 0 1 1 0 1 1 0 0 1 1 0 0 0 0 1 1 1 1 0 0 0 0 0 0 0 1 0 0 0 0 0
250	1	0 1 1 0 0 1 1 1 0 1 1 0 0 1 1 1 1 0 1 0 1 1 0 1 1 0 1 1 1 0 0 0 0 1 1 1 0 0 0 0 0 0 0 0 1 0 0 0 0 0
250	1	0 1 1 1 0 1 1 1 0 1 1 0 0 1 1 1 1 0 1 0 1 1 0 1 1 0 0 1 1 0 0 0 0 1 1 1 1 0 0 0 0 0 0 0 1 0 0 0 0 0
250	1	0 1 1 1 0 1 1 1 0 1 0 0 0 1 1 1 1 0 1 0 1 1 0 1 1 0 0 0 1 0 0 0 0 1 1 1 1 0 0 1 0 0 0 0 1 0 1 0 0 0
260	1	1 1 1 0 0 1 1 1 0 1 1 0 0 1 1 1 1 0 1 0 1 1 0 1 1 0 0 1 1 0 0 0 0 1 1 0 1 0 0 1 0 0 0 0 1 0 0 0 1 0
260	1	1 1 1 0 0 1 1 1 0 1 1 0 0 1 1 1 0 0 0 0 1 1 0 1 1 0 0 1 1 0 0 0 0 1 1 0 1 0 0 1 0 0 0 0 1 0 0 0 1 0
260	1	1 1 1 0 0 1 1 1 0 1 1 0 0 1 1 1 0 0 1 0 1 1 0 1 1 0 0 1 1 0 0 0 0 1 1 0 1 0 0 1 0 0 0 0 1 0 0 0 1 0
260	12	1 1 1 0 1 1 1 1 0 1 1 0 0 1 1 1 1 0 1 0 1 1 0 1 1 0 0 1 1 0 0 0 0 1 1 0 1 0 0 1 0 0 0 0 1 0 0 0 0 0
260	1	0 1 1 0 0 1 1 1 0 1 1 0 0 1 1 1 1 0 1 0 1 1 0 1 1 0 0 1 1 0 0 0 1 1 1 1 1 0 0 0 0 0 0 0 0 0 0 0 0 0
260	1	0 1 1 0 0 1 1 1 0 1 1 0 0 1 1 1 1 0 1 0 1 1 0 1 1 0 0 1 1 0 1 0 0 1 1 1 1 0 0 0 0 0 0 0 0 0 0 0 0 0
260	1	0 1 1 0 0 1 1 1 0 1 1 0 0 1 1 1 1 0 1 0 1 1 0 1 1 0 1 1 1 0 0 0 0 1 1 1 1 0 0 0 0 0 0 0 0 0 0 0 0 0
260	1	0 1 1 0 0 1 1 1 0 1 1 0 0 1 1 1 1 0 1 0 1 1 0 1 1 0 0 1 1 0 0 0 0 1 0 1 1 0 0 0 0 0 0 0 0 0 0 0 0 0
260	7	0 1 1 0 0 1 1 1 0 1 1 0 0 1 1 1 1 0 1 0 1 1 0 1 1 0 0 1 1 0 0 0 0 1 1 1 1 0 0 0 0 0 0 0 0 0 0 0 0 0
260	5	0 1 1 0 0 1 1 1 1 1 1 0 0 1 1 1 0 0 1 0 1 1 0 1 1 0 0 1 1 0 0 0 0 1 1 1 1 0 0 0 0 0 0 0 1 0 0 0 0 0
260	2	0 1 1 0 1 1 1 1 1 1 1 0 0 1 1 1 1 0 1 0 1 1 1 1 1 0 0 1 1 0 0 0 0 1 1 1 1 0 0 0 0 0 0 0 1 0 0 0 0 0
260	1	0 1 1 0 1 1 1 1 1 1 1 0 0 1 1 1 1 0 1 0 1 1 0 1 1 0 0 1 1 0 0 0 0 1 1 1 1 0 0 0 1 0 0 0 1 0 0 0 0 0
260	17	0 1 1 0 1 1 1 1 1 1 1 0 0 1 1 1 1 0 1 0 1 1 0 1 1 0 0 1 1 0 0 0 0 1 1 1 1 0 0 0 0 0 0 0 1 0 0 0 0 0
260	2	0 1 1 0 0 1 1 1 1 1 1 0 0 1 1 0 1 0 1 0 1 1 0 1 1 0 0 1 1 0 0 0 0 1 1 1 1 0 0 0 0 0 0 0 1 0 0 0 0 0
260	4	0 1 1 0 0 1 1 1 1 1 1 0 0 1 1 1 1 0 1 0 1 1 0 1 1 0 0 1 1 0 0 0 0 0 1 1 1 0 0 0 0 0 0 0 1 0 0 0 0 0
260	1	0 1 1 0 0 1 1 1 1 1 1 0 0 1 1 1 1 0 1 0 1 1 0 1 1 0 0 1 1 0 0 0 0 1 1 1 1 0 0 1 0 0 0 0 1 0 0 0 0 0
260	1	0 1 1 1 0 1 1 1 1 1 1 0 0 1 1 1 1 0 1 0 1 1 0 1 1 0 0 1 1 0 0 0 0 1 1 1 1 0 0 0 0 0 0 0 1 0 0 0 0 0
260	38	0 1 1 0 0 1 1 1 1 1 1 0 0 1 1 1 1 0 1 0 1 1 0 1 1 0 0 1 1 0 0 0 0 1 1 1 1 0 0 0 0 0 0 0 1 0 0 0 0 0
260	1	0 1 1 0 0 1 1 1 0 1 1 0 0 1 1 1 1 0 1 0 1 1 0 1 1 0 1 1 1 0 0 0 0 1 1 1 0 0 0 0 0 0 0 0 1 0 0 0 0 0
260	2	0 1 1 1 0 1 1 1 0 1 1 0 0 1 1 1 1 0 1 0 1 1 0 1 1 0 0 1 1 0 0 0 0 1 1 1 1 0 0 0 0 0 0 0 1 0 0 0 0 0
270	2	1 1 1 0 1 1 1 1 0 1 1 0 0 1 1 1 1 0 1 0 1 1 0 1 1 0 0 1 1 0 0 0 1 1 1 0 1 0 0 1 0 0 0 0 1 0 0 0 0 0
270	18	1 1 1 0 1 1 1 1 0 1 1 0 0 1 1 1 1 0 1 0 1 1 0 1 1 0 0 1 1 0 0 0 0 1 1 0 1 0 0 1 0 0 0 0 1 0 0 0 0 0
270	1	1 1 1 0 1 1 1 1 0 1 1 0 0 1 1 1 1 0 1 0 1 1 0 1 1 0 0 1 1 0 0 0 0 1 1 0 1 0 0 1 0 0 0 0 1 0 0 0 1 0
270	2	0 1 1 0 0 1 1 1 0 1 1 0 0 1 1 1 1 0 1 0 1 1 0 1 1 0 0 1 1 0 0 0 1 1 1 1 1 0 0 0 0 0 0 0 0 0 0 0 0 0
270	1	0 1 1 0 0 1 1 1 0 1 1 0 0 1 1 1 1 0 1 0 1 1 0 1 1 0 0 1 1 0 1 0 0 1 1 1 1 0 0 0 0 0 0 0 0 0 0 0 0 0
270	1	0 1 1 0 0 1 1 1 0 1 1 0 0 1 1 1 1 0 1 0 1 1 0 1 1 0 0 1 1 0 0 0 0 1 0 1 1 0 0 0 0 0 0 0 0 0 0 0 0 0
270	4	0 1 1 0 0 1 1 1 0 1 1 0 0 1 1 1 1 0 1 0 1 1 0 1 1 0 0 1 1 0 0 0 0 1 1 1 1 0 0 0 0 0 0 0 0 0 0 0 0 0
270	1	0 1 1 0 0 1 1 1 1 1 1 0 0 1 1 1 0 0 1 0 1 1 0 1 1 0 0 1 1 0 0 0 0 1 1 1 1 0 0 0 0 0 0 0 1 0 0 0 0 0
270	1	0 1 1 0 1 1 1 1 1 1 1 0 0 1 1 1 1 0 0 0 1 1 0 1 1 0 0 1 1 0 0 0 0 1 1 1 1 0 0 0 0 0 0 0 1 0 0 0 0 0
270	19	0 1 1 0 1 1 1 1 1 1 1 0 0 1 1 1 1 0 1 0 1 1 0 1 1 0 0 1 1 0 0 0 0 1 1 1 1 0 0 0 0 0 0 0 1 0 0 0 0 0
270	34	0 1 1 0 0 1 1 1 1 1 1 0 0 1 1 1 1 0 1 0 1 1 0 1 1 0 0 1 1 0 0 0 0 1 1 1 1 0 0 0 0 0 0 0 1 0 0 0 0 0
270	4	0 1 1 0 0 1 1 1 1 1 1 0 0 1 1 0 1 0 1 0 1 1 0 1 1 0 0 1 1 0 0 0 0 1 1 1 1 0 0 0 0 0 0 0 1 0 0 0 0 0
270	3	0 1 1 0 0 1 1 1 1 1 1 0 0 1 1 1 1 0 1 0 1 1 0 1 1 0 0 1 1 0 0 0 0 0 1 1 1 0 0 0 0 0 0 0 1 0 0 0 0 0
270	1	0 1 1 1 0 1 1 1 1 1 1 0 1 1 1 1 1 0 1 0 1 1 0 1 1 0 0 1 1 0 0 0 0 1 1 1 1 0 0 0 0 0 0 0 1 0 0 0 0 0
270	2	0 1 1 1 0 1 1 1 1 1 1 0 0 1 1 1 1 0 1 0 1 1 0 1 1 0 0 1 1 0 0 0 0 1 1 1 1 0 0 0 0 0 0 0 1 0 0 0 0 0
270	2	0 1 1 0 0 1 1 1 1 1 1 0 0 1 1 1 1 0 1 0 1 1 0 1 0 0 0 1 1 0 0 0 0 1 1 1 1 0 0 0 0 0 0 0 1 0 0 0 0 0
270	1	0 1 1 0 0 1 1 1 1 1 1 0 0 1 1 1 1 0 1 0 1 1 0 1 1 0 1 1 1 0 0 0 0 1 1 1 1 0 0 0 0 0 0 0 1 0 0 0 0 0
270	1	0 1 1 0 0 1 1 1 0 1 1 0 0 1 1 1 0 0 1 0 1 1 0 1 1 0 0 1 1 0 0 0 0 1 1 1 1 0 0 0 0 0 0 0 1 0 0 0 0 0
270	2	0 1 1 1 0 1 1 1 0 1 1 0 0 1 1 1 1 0 1 0 1 1 0 1 1 0 0 1 1 0 0 0 0 1 1 1 1 0 0 0 0 0 0 0 1 0 0 0 0 0
280	1	1 1 1 0 1 1 1 1 0 1 1 0 0 1 1 1 1 0 1 0 1 1 0 1 1 0 0 1 1 0 0 0 1 1 1 0 1 0 0 1 0 0 0 0 1 0 0 0 0 0
280	24	1 1 1 0 1 1 1 1 0 1 1 0 0 1 1 1 1 0 1 0 1 1 0 1 1 0 0 1 1 0 0 0 0 1 1 0 1 0 0 1 0 0 0 0 1 0 0 0 0 0
280	4	0 1 1 0 0 1 1 1 0 1 1 0 0 1 1 1 1 0 1 0 1 1 0 1 1 0 0 1 1 0 0 0 1 1 1 1 1 0 0 0 0 0 0 0 0 0 0 0 0 0
280	1	0 1 1 0 0 1 1 0 0 1 1 0 0 1 1 1 1 0 1 0 1 1 0 1 1 0 0 1 1 0 0 0 0 1 1 1 1 0 1 0 0 0 0 0 0 0 0 0 0 0
280	3	0 1 1 0 1 1 1 1 1 1 1 0 0 1 1 1 1 0 0 0 1 1 0 1 1 0 0 1 1 0 0 0 0 1 1 1 1 0 0 0 0 0 0 0 1 0 0 0 0 0
280	39	0 1 1 0 1 1 1 1 1 1 1 0 0 1 1 1 1 0 1 0 1 1 0 1 1 0 0 1 1 0 0 0 0 1 1 1 1 0 0 0 0 0 0 0 1 0 0 0 0 0
280	1	0 1 1 0 0 1 1 1 1 1 1 0 0 1 1 0 1 0 1 0 1 1 0 1 1 0 0 1 1 0 0 0 0 1 1 1 1 0 0 0 0 0 0 0 1 0 0 0 0 0
280	20	0 1 1 0 0 1 1 1 1 1 1 0 0 1 1 1 1 0 1 0 1 1 0 1 1 0 0 1 1 0 0 0 0 1 1 1 1 0 0 0 0 0 0 0 1 0 0 0 0 0
280	1	0 1 1 0 0 1 1 1 1 1 1 0 0 1 1 1 1 0 1 0 1 1 0 1 1 0 0 1 1 0 0 0 0 0 1 1 1 0 0 0 0 0 0 0 1 0 0 0 0 0
280	2	0 1 1 0 0 1 1 1 1 1 1 0 0 1 1 1 1 0 1 0 1 1 0 1 1 0 0 1 1 0 0 0 0 1 1 1 1 0 0 1 0 0 0 0 1 0 0 0 0 0
280	2	0 1 1 1 0 1 1 1 1 1 1 0 0 1 1 1 1 0 1 0 1 1 0 1 1 0 0 1 1 0 0 0 0 1 1 1 1 0 0 0 0 0 0 0 1 0 0 0 0 0
280	2	0 1 1 0 0 1 1 1 1 1 1 1 0 1 1 1 1 0 1 0 1 1 0 1 0 0 0 1 1 0 0 0 0 1 1 1 1 0 0 0 0 0 0 0 1 0 0 0 0 0
290	2	1 1 1 0 1 1 1 1 0 1 1 0 1 1 1 1 1 0 1 0 1 1 0 1 1 0 0 1 1 0 0 0 0 1 1 0 1 0 0 1 0 0 0 0 1 0 0 0 0 0
290	20	1 1 1 0 1 1 1 1 0 1 1 0 0 1 1 1 1 0 1 0 1 1 0 1 1 0 0 1 1 0 0 0 0 1 1 0 1 0 0 1 0 0 0 0 1 0 0 0 0 0
290	1	0 1 1 0 0 1 1 1 0 1 1 0 0 1 1 1 1 0 1 0 1 1 0 1 1 0 0 1 0 0 0 0 1 1 1 1 1 0 0 0 0 0 0 0 0 0 0 0 0 0
290	2	0 1 1 0 0 1 1 1 0 1 1 0 0 1 1 1 1 0 1 0 1 1 0 1 1 0 0 1 1 0 0 0 1 1 1 1 1 0 0 0 0 0 0 0 0 0 0 0 0 0
290	7	0 1 1 0 0 1 1 1 0 1 1 0 0 1 1 1 1 0 1 0 1 1 0 1 1 0 0 1 1 0 1 0 0 1 1 1 1 0 0 0 0 0 0 0 0 0 0 0 0 0
290	1	0 1 1 0 1 1 1 1 1 1 1 0 0 1 1 1 1 0 1 0 1 1 0 1 1 0 0 1 1 0 0 0 0 1 1 1 1 1 0 0 0 0 0 0 1 0 0 0 0 0
290	1	0 1 1 0 1 1 1 1 1 1 1 0 0 1 1 1 1 0 1 0 1 1 0 1 1 0 0 0 1 0 0 0 0 1 1 1 1 0 0 0 0 1 0 0 1 0 0 0 0 0
290	51	0 1 1 0 1 1 1 1 1 1 1 0 0 1 1 1 1 0 1 0 1 1 0 1 1 0 0 1 1 0 0 0 0 1 1 1 1 0 0 0 0 0 0 0 1 0 0 0 0 0
290	2	0 1 1 0 0 1 1 1 1 1 1 0 0 1 1 0 1 0 1 0 1 1 0 1 1 0 0 1 1 0 0 0 0 1 1 1 1 0 0 0 0 0 0 0 1 0 0 0 0 0
290	11	0 1 1 0 0 1 1 1 1 1 1 0 0 1 1 1 1 0 1 0 1 1 0 1 1 0 0 1 1 0 0 0 0 1 1 1 1 0 0 0 0 0 0 0 1 0 0 0 0 0
290	2	0 1 1 1 0 1 1 1 1 1 1 0 0 1 1 1 1 0 1 0 1 1 0 1 1 0 0 1 1 0 0 0 0 1 1 1 1 0 0 0 0 0 0 0 1 0 0 0 0 0
300	1	1 1 1 0 1 1 1 1 0 1 1 0 0 1 1 1 1 0 0 0 1 1 0 1 1 0 0 1 1 0 0 0 0 1 1 0 1 0 0 1 0 0 0 0 1 0 0 0 0 0
300	35	1 1 1 0 1 1 1 1 0 1 1 0 0 1 1 1 1 0 1 0 1 1 0 1 1 0 0 1 1 0 0 0 0 1 1 0 1 0 0 1 0 0 0 0 1 0 0 0 0 0
300	3	0 1 1 0 0 1 1 1 0 1 1 0 0 1 1 1 1 0 1 0 1 1 0 1 1 0 0 1 1 0 0 0 1 1 1 1 1 0 0 0 0 0 0 0 0 0 0 0 0 0
300	1	0 1 1 0 0 1 1 1 0 1 1 0 0 1 1 1 1 0 1 0 1 1 0 1 1 0 0 1 1 0 1 0 0 1 1 1 1 0 0 0 0 0 0 0 0 0 0 0 0 0
300	1	0 1 1 0 1 1 1 1 1 1 1 0 0 1 1 1 1 0 1 0 1 1 0 1 1 0 0 0 1 0 0 0 0 1 1 1 1 0 0 0 0 1 0 0 1 0 0 0 0 0
300	1	0 1 0 0 1 1 1 1 1 1 1 0 0 1 1 1 1 0 1 0 1 1 0 1 1 0 0 1 1 0 0 0 0 1 1 1 1 0 0 0 0 0 0 0 1 0 0 0 0 0
300	1	0 1 1 0 1 1 1 1 1 1 1 0 0 1 1 1 1 0 1 0 1 1 1 1 1 0 0 1 1 0 0 0 0 1 1 1 1 0 0 0 0 0 0 0 1 0 0 0 0 0
300	1	0 1 1 0 1 1 1 1 1 1 0 0 0 1 1 1 1 0 1 0 1 1 0 1 1 0 0 1 1 0 0 0 0 1 1 1 1 0 0 0 0 0 0 0 1 0 0 0 0 0
300	49	0 1 1 0 1 1 1 1 1 1 1 0 0 1 1 1 1 0 1 0 1 1 0 1 1 0 0 1 1 0 0 0 0 1 1 1 1 0 0 0 0 0 0 0 1 0 0 0 0 0
300	5	0 1 1 0 0 1 1 1 1 1 1 0 0 1 1 1 1 0 1 0 1 1 0 1 1 0 0 1 1 0 0 0 0 1 1 1 1 0 0 0 0 0 0 0 1 0 0 0 0 0
300	2	0 1 1 0 0 1 1 1 1 1 1 1 0 1 1 1 1 0 1 0 1 1 0 1 1 0 0 1 1 0 0 0 0 0 1 0 1 0 0 0 0 0 0 0 1 0 0 0 0 0
310	1	1 1 1 1 1 1 1 1 0 1 1 0 0 1 1 1 1 0 1 0 1 1 0 1 1 0 0 1 1 0 0 0 0 1 1 0 1 0 0 1 0 0 0 0 1 0 0 0 0 0
310	30	1 1 1 0 1 1 1 1 0 1 1 0 0 1 1 1 1 0 1 0 1 1 0 1 1 0 0 1 1 0 0 0 0 1 1 0 1 0 0 1 0 0 0 0 1 0 0 0 0 0
310	3	0 1 1 0 0 1 1 1 0 1 1 0 0 1 1 1 1 0 1 0 1 1 0 1 1 0 0 1 1 0 0 0 1 1 1 1 1 0 0 0 0 0 0 0 0 0 0 0 0 0
310	2	0 1 1 0 0 1 1 1 0 1 1 0 0 1 1 1 1 0 1 0 1 1 0 1 1 0 0 1 1 0 1 0 0 1 1 1 1 0 0 0 0 0 0 0 0 0 0 0 0 0
310	5	0 1 1 0 1 1 1 1 1 1 1 0 0 1 1 1 1 0 1 0 1 1 0 1 1 0 0 1 1 0 0 0 0 1 1 1 1 1 0 0 0 0 0 0 1 0 0 0 0 0
310	2	0 1 1 0 1 1 1 1 1 1 1 0 0 1 1 1 1 0 1 0 1 1 0 1 1 0 0 0 1 0 0 0 0 1 1 1 1 0 0 0 0 0 0 0 1 0 0 0 0 0
310	1	0 1 1 0 1 1 1 1 1 1 1 0 0 1 1 1 1 0 1 0 1 1 0 1 1 0 0 0 1 0 0 0 0 1 1 1 1 0 0 0 0 1 0 0 1 0 0 0 0 0
310	1	0 1 1 0 1 1 1 1 1 1 1 0 0 1 1 1 1 0 1 0 0 1 0 1 1 0 0 1 1 0 0 0 0 1 0 1 1 0 0 0 0 0 0 0 1 0 0 0 0 0
310	5	0 1 1 0 1 1 1 1 1 1 1 0 0 1 1 1 1 0 1 0 1 1 0 1 1 0 0 1 1 0 0 0 0 1 0 1 1 0 0 0 0 0 0 0 1 0 0 0 0 0
310	1	0 1 1 0 1 1 1 1 1 1 1 0 1 1 1 1 1 0 1 0 1 1 0 1 1 0 0 1 1 0 0 0 0 1 1 1 1 0 0 0 0 0 0 0 1 0 0 0 0 0
310	45	0 1 1 0 1 1 1 1 1 1 1 0 0 1 1 1 1 0 1 0 1 1 0 1 1 0 0 1 1 0 0 0 0 1 1 1 1 0 0 0 0 0 0 0 1 0 0 0 0 0
310	3	0 1 1 0 0 1 1 1 1 1 1 0 0 1 1 0 1 0 1 0 1 1 0 1 1 0 0 1 1 0 0 0 0 1 1 1 1 0 0 0 0 0 0 0 1 0 0 0 0 0
310	1	0 1 1 0 0 1 1 1 1 1 1 0 0 1 1 1 1 0 1 0 1 1 0 1 1 0 0 1 1 0 0 0 0 1 1 1 1 0 0 0 0 0 0 0 1 0 0 0 0 0
