10	1	0 1 0 1 1 1 0 1 0 0
10	1	0 0 0 1 0 1 0 1 0 0
10	2	0 1 0 1 0 1 1 1 0 0
10	26	0 1 0 1 0 1 0 1 0 0
10	1	1 1 0 0 0 0 1 0 0 1
10	1	1 1 0 1 0 0 0 0 0 1
10	15	1 1 0 0 0 0 0 0 0 1
10	2	1 1 1 0 1 1 1 0 0 0
10	25	0 1 1 0 1 1 1 0 0 0
10	1	1 1 1 0 1 1 0 0 1 1
10	25	1 0 1 0 1 1 0 0 1 1
20	4	0 1 0 1 0 1 0 0 0 0
20	3	0 1 0 1 1 1 0 1 0 0
20	18	0 1 0 1 0 1 0 1 0 0
20	1	1 1 0 0 0 0 1 0 0 1
20	1	1 1 0 0 0 0 0 1 0 1
20	1	1 1 0 0 1 0 0 0 0 1
20	20	1 1 0 0 0 0 0 0 0 1
20	5	1 1 1 1 1 1 1 0 0 0
20	1	1 1 0 0 1 1 1 0 0 0
20	11	1 1 1 0 1 1 1 0 0 0
20	1	0 1 0 1 1 1 1 0 0 1
20	2	0 1 0 0 1 1 1 0 0 0
20	9	0 1 1 0 1 1 1 0 0 0
20	1	1 0 1 1 1 1 0 0 1 1
20	22	1 0 1 0 1 1 0 0 1 1
30	2	0 1 0 1 0 1 0 0 0 0
30	2	0 1 0 1 1 1 0 1 0 0
30	9	0 1 0 1 0 1 0 1 0 0
30	9	1 1 0 0 0 0 0 0 0 1
30	5	1 1 1 0 1 1 0 0 0 0
30	38	1 1 1 0 1 1 1 0 0 0
30	18	1 1 1 1 1 1 1 0 0 0
30	7	0 1 1 0 1 1 1 0 0 0
30	1	0 1 0 1 1 1 1 0 0 0
30	1	1 0 1 0 1 1 1 0 1 1
30	8	1 0 1 0 1 1 0 0 1 1
40	4	0 1 0 1 0 1 0 1 0 0
40	8	0 1 0 1 0 1 0 0 0 0
40	2	0 1 0 1 1 1 0 1 0 0
40	1	1 1 0 0 0 0 0 0 0 1
40	13	1 1 1 0 1 1 0 0 0 0
40	4	0 1 1 0 1 1 1 0 0 0
40	1	1 1 1 1 1 1 1 0 1 0
40	33	1 1 1 0 1 1 1 0 0 0
40	30	1 1 1 1 1 1 1 0 0 0
40	1	1 1 1 0 1 1 1 0 0 1
40	1	0 1 1 0 1 0 1 0 0 0
40	1	1 0 1 0 0 1 0 0 1 1
40	1	1 0 1 0 1 1 0 0 1 1
50	2	0 1 0 1 0 1 0 0 0 0
50	2	0 1 0 1 1 1 0 1 0 0
50	5	1 1 1 1 1 1 0 0 0 0
50	2	1 1 1 1 1 1 1 0 1 0
50	20	1 1 1 0 1 1 1 0 0 0
50	46	1 1 1 1 1 1 1 0 0 0
50	22	1 1 1 0 1 1 0 0 0 0
50	1	1 1 1 1 1 0 1 0 0 0
60	1	1 1 1 1 1 1 0 0 1 0
60	2	1 1 1 1 1 1 0 0 0 0
60	4	1 1 1 1 1 1 1 0 1 0
60	21	1 1 1 0 1 1 0 0 0 0
60	12	1 1 1 0 1 1 1 0 0 0
60	3	0 1 1 1 1 1 1 0 0 0
60	1	1 0 1 1 1 1 1 0 0 0
60	1	1 1 1 1 1 0 1 0 0 0
60	1	1 1 1 1 1 1 1 1 0 0
60	54	1 1 1 1 1 1 1 0 0 0
70	2	1 1 1 1 1 1 0 0 1 0
70	25	1 1 1 0 1 1 0 0 0 0
70	3	1 1 1 1 1 0 1 0 0 0
70	70	1 1 1 1 1 1 1 0 0 0
