10	15	1 1 0 0 0 0 1 1 1 1 1 0 0 1 0 1 0 1 0 0 1 0 0 0 0 1 1 1 1 0 1 0 0 0 1 0 0 1 1 1 1 1 1 1 1 0 1 0 1 0
10	1	1 1 1 0 1 0 0 1 1 0 0 1 0 0 0 1 1 1 0 1 0 0 1 1 0 1 1 1 1 1 1 1 0 1 0 0 1 1 0 0 1 0 1 1 0 1 1 0 0 1
10	17	1 1 1 0 1 0 0 1 1 0 0 1 0 0 0 1 1 1 0 1 0 0 1 1 0 1 1 1 1 1 1 1 0 1 1 0 1 1 0 0 1 0 1 1 0 0 1 0 0 1
10	1	0 1 0 1 0 1 0 0 1 0 0 0 0 1 1 0 0 0 0 1 0 1 0 0 1 0 0 1 0 1 1 0 1 0 0 1 0 0 0 0 1 0 1 0 0 0 0 1 1 0
10	1	0 1 0 1 0 1 0 0 1 0 0 0 0 1 0 0 0 0 0 0 0 1 0 0 1 0 0 1 0 1 1 0 1 0 0 1 0 0 0 0 1 0 1 0 0 0 0 1 1 0
10	1	0 1 0 1 0 1 0 0 1 0 0 0 0 1 1 0 0 0 0 0 0 1 0 0 1 0 0 1 0 1 1 0 0 0 0 1 0 0 0 0 1 0 1 0 0 0 0 1 1 0
10	18	0 1 0 1 0 1 0 0 1 0 0 0 0 1 1 0 0 0 0 0 0 1 0 0 1 0 0 1 0 1 1 0 1 0 0 1 0 0 0 0 1 0 1 0 0 0 0 1 1 0
10	1	1 0 1 1 0 0 1 0 1 0 1 0 0 0 0 1 0 0 0 1 0 1 0 0 1 1 1 1 0 0 0 0 1 1 0 1 0 1 0 1 0 1 1 0 1 0 0 0 0 1
10	20	1 0 1 1 0 0 1 0 1 0 1 0 0 0 1 1 0 0 0 1 0 1 0 0 1 1 1 1 0 0 0 0 1 1 0 1 0 1 0 1 0 1 1 0 1 0 0 0 0 1
10	1	1 1 0 0 1 1 1 0 0 0 1 0 0 0 0 1 0 0 1 0 0 1 1 0 1 1 0 1 1 1 0 0 0 1 1 0 0 0 0 1 0 1 1 1 0 1 1 1 1 0
10	24	1 1 0 0 1 1 1 0 0 1 1 0 0 0 0 1 0 0 1 0 0 1 1 0 1 1 0 1 1 1 0 0 0 1 1 0 0 0 0 1 0 1 1 1 0 1 1 1 1 0
20	1	1 1 0 0 0 0 1 1 1 1 1 0 0 1 0 0 0 1 0 0 1 0 0 0 0 1 1 1 1 0 1 0 0 0 1 0 0 1 1 1 1 1 1 1 1 0 1 0 1 0
20	15	1 1 0 0 0 0 1 1 1 1 1 0 0 1 0 1 0 1 0 0 1 0 0 0 0 1 1 1 1 0 1 0 0 0 1 0 0 1 1 1 1 1 1 1 1 0 1 0 1 0
20	1	1 1 1 0 1 0 0 1 1 0 0 1 0 0 0 1 1 1 0 1 0 0 1 1 0 1 1 1 1 1 1 1 0 1 1 0 1 1 0 0 1 0 1 1 0 1 1 0 0 1
20	1	1 1 1 0 1 1 0 1 1 0 0 1 0 0 0 1 1 1 0 1 0 0 1 1 0 1 1 1 1 1 1 1 0 1 1 0 1 1 0 0 1 0 1 1 0 0 1 0 0 1
20	1	1 0 1 0 1 0 0 1 1 0 0 1 0 0 0 1 1 1 0 1 0 0 1 1 0 1 1 1 1 1 1 1 0 1 1 0 1 1 0 0 1 0 1 1 0 0 1 0 0 1
20	9	1 1 1 0 1 0 0 1 1 0 0 1 0 0 0 1 1 1 0 1 0 0 1 1 0 1 1 1 1 1 1 1 0 1 1 0 1 1 0 0 1 0 1 1 0 0 1 0 0 1
20	1	0 1 0 1 0 1 0 0 1 0 0 0 0 1 1 0 0 0 0 0 0 0 0 0 1 0 0 1 0 1 1 0 1 0 0 1 0 0 0 0 1 0 1 0 0 0 0 1 1 0
20	1	0 1 0 1 0 1 0 0 1 0 0 0 0 1 1 0 0 0 1 0 0 1 0 0 1 0 0 1 0 1 1 0 1 0 0 1 0 0 0 0 1 0 1 0 0 0 0 1 1 0
20	1	0 1 0 1 0 1 0 0 0 0 0 0 0 1 1 0 0 0 0 0 0 1 0 0 1 0 0 1 0 1 1 0 1 0 0 1 0 0 0 0 1 0 1 0 0 0 0 1 1 0
20	1	0 1 0 1 1 1 0 0 1 0 0 0 0 1 1 0 0 0 0 0 0 1 0 0 1 0 0 1 0 1 1 0 1 0 0 1 0 0 0 0 1 0 1 0 0 0 0 1 1 0
20	21	0 1 0 1 0 1 0 0 1 0 0 0 0 1 1 0 0 0 0 0 0 1 0 0 1 0 0 1 0 1 1 0 1 0 0 1 0 0 0 0 1 0 1 0 0 0 0 1 1 0
20	6	1 0 1 1 0 0 1 0 1 0 1 0 0 0 0 1 0 0 0 1 0 1 0 0 1 1 1 1 0 0 0 0 1 1 0 1 0 1 0 1 0 1 1 0 1 0 0 0 0 1
20	1	1 0 1 1 0 0 1 0 1 0 1 0 0 0 1 1 0 0 0 1 0 1 0 0 1 1 1 1 1 0 0 0 1 1 0 1 0 1 0 1 0 1 1 0 1 0 0 0 0 1
20	1	1 0 1 1 0 0 1 0 1 0 1 0 0 0 1 1 0 0 0 1 0 1 0 0 1 1 1 1 0 0 0 0 1 1 0 1 1 1 0 1 0 1 1 0 1 0 0 0 0 1
20	22	1 0 1 1 0 0 1 0 1 0 1 0 0 0 1 1 0 0 0 1 0 1 0 0 1 1 1 1 0 0 0 0 1 1 0 1 0 1 0 1 0 1 1 0 1 0 0 0 0 1
20	17	1 1 0 0 1 1 1 0 0 1 1 0 0 0 0 1 0 0 1 0 0 1 1 0 1 1 0 1 1 1 0 0 0 1 1 0 0 0 0 1 0 1 1 1 0 1 1 1 1 0
30	1	1 1 0 0 0 0 1 1 1 1 1 0 0 1 0 0 0 1 0 0 1 0 0 0 0 1 1 1 1 0 1 0 0 0 1 0 0 1 1 1 1 1 1 1 1 0 1 0 1 0
30	1	1 1 0 0 0 0 1 1 1 1 1 0 0 1 0 1 0 1 0 0 1 0 0 0 0 1 1 1 1 0 1 0 0 0 1 0 0 1 1 1 0 1 1 1 1 0 1 0 1 0
30	1	1 1 0 0 0 0 1 1 1 1 0 0 0 1 0 1 0 1 0 0 1 0 0 0 0 1 1 1 1 0 1 0 0 0 1 0 0 1 1 1 1 1 1 1 1 0 1 0 1 0
30	6	1 1 0 0 0 0 1 1 1 1 1 0 0 1 0 1 0 1 0 0 1 0 0 0 0 1 1 1 1 0 1 0 0 0 1 0 0 1 1 1 1 1 1 1 1 0 1 0 1 0
30	2	1 1 1 0 1 0 0 1 1 0 0 1 0 0 0 1 1 1 0 1 0 0 1 1 0 1 1 1 1 0 1 1 0 1 1 0 1 1 0 0 1 0 1 1 0 0 1 0 0 1
30	1	1 1 1 0 1 1 0 1 1 0 0 1 0 0 0 1 1 1 0 1 0 0 1 1 0 1 1 1 1 1 1 1 0 1 1 0 1 1 0 0 1 0 1 0 0 0 1 0 0 1
30	5	1 1 1 0 1 1 0 1 1 0 0 1 0 0 0 1 1 1 0 1 0 0 1 1 0 1 1 1 1 1 1 1 0 1 1 0 1 1 0 0 1 0 1 1 0 0 1 0 0 1
30	1	1 1 1 0 1 0 0 1 1 0 0 1 0 0 0 1 1 1 1 1 0 0 1 1 0 1 1 1 1 1 1 1 0 1 1 0 1 1 0 0 1 0 1 1 0 0 1 0 0 1
30	9	1 1 1 0 1 0 0 1 1 0 0 1 0 0 0 1 1 1 0 1 0 0 1 1 0 1 1 1 1 1 1 1 0 1 1 0 1 1 0 0 1 0 1 1 0 0 1 0 0 1
30	2	0 1 0 1 0 1 0 0 1 0 0 0 0 1 1 0 0 0 0 0 0 0 0 0 1 0 0 1 0 1 1 0 1 0 0 1 0 0 0 0 1 0 1 0 0 0 0 1 1 0
30	18	0 1 0 1 0 1 0 0 1 0 0 0 0 1 1 0 0 0 0 0 0 1 0 0 1 0 0 1 0 1 1 0 1 0 0 1 0 0 0 0 1 0 1 0 0 0 0 1 1 0
30	1	0 1 0 1 0 1 0 0 1 0 0 0 0 1 1 0 0 0 0 0 0 1 0 0 0 0 0 1 0 1 1 0 1 0 0 0 0 0 0 0 1 0 1 0 0 0 0 1 1 0
30	1	0 1 0 1 0 1 0 0 1 0 0 0 0 1 1 0 0 0 0 0 0 1 0 0 0 0 0 1 0 1 1 0 1 0 0 1 0 0 0 0 1 0 1 0 0 0 0 1 1 0
30	1	1 0 1 1 0 0 1 0 1 0 1 0 0 0 0 1 0 0 0 1 0 1 0 0 1 1 1 1 0 0 0 0 1 1 1 1 0 1 0 1 0 1 1 0 1 0 0 0 0 1
30	12	1 0 1 1 0 0 1 0 1 0 1 0 0 0 0 1 0 0 0 1 0 1 0 0 1 1 1 1 0 0 0 0 1 1 0 1 0 1 0 1 0 1 1 0 1 0 0 0 0 1
30	1	1 0 1 1 0 0 1 0 1 0 1 0 0 0 1 1 0 0 0 1 0 1 0 0 1 1 1 1 1 0 0 0 1 1 0 1 0 1 0 1 0 1 1 0 1 0 0 0 0 1
30	1	1 0 1 1 0 0 1 0 1 0 1 0 1 0 1 1 0 0 0 1 0 1 0 0 1 1 1 1 0 0 0 0 1 1 0 1 0 1 0 1 0 1 1 0 1 0 0 0 0 1
30	18	1 0 1 1 0 0 1 0 1 0 1 0 0 0 1 1 0 0 0 1 0 1 0 0 1 1 1 1 0 0 0 0 1 1 0 1 0 1 0 1 0 1 1 0 1 0 0 0 0 1
30	1	1 1 0 0 1 1 1 0 0 1 1 0 0 0 0 1 0 0 1 0 0 1 1 0 1 1 0 1 1 1 0 0 0 1 1 0 0 0 0 0 0 1 1 1 0 1 1 1 1 0
30	17	1 1 0 0 1 1 1 0 0 1 1 0 0 0 0 1 0 0 1 0 0 1 1 0 1 1 0 1 1 1 0 0 0 1 1 0 0 0 0 1 0 1 1 1 0 1 1 1 1 0
40	1	1 1 0 0 0 0 1 1 1 1 1 0 0 1 0 1 0 1 0 0 1 0 0 0 0 1 1 1 1 0 1 0 0 0 1 0 0 1 1 1 1 1 1 1 1 0 1 0 1 0
40	2	1 1 1 0 1 0 0 1 1 0 0 1 0 0 0 1 1 1 0 1 0 0 1 1 0 1 1 1 1 0 1 1 0 1 1 0 1 1 0 0 1 0 1 1 0 0 1 0 0 1
40	3	1 1 1 0 1 0 0 1 1 0 0 1 0 0 0 1 1 1 0 1 0 0 1 1 0 1 1 1 1 1 1 1 0 1 1 0 1 1 0 0 1 0 1 1 0 1 1 0 0 1
40	4	1 1 1 0 1 1 1 1 1 0 0 1 0 0 0 1 1 1 0 1 0 0 1 1 0 1 1 1 1 1 1 1 0 1 1 0 1 1 0 0 1 0 1 0 0 0 1 0 0 1
40	16	1 1 1 0 1 1 0 1 1 0 0 1 0 0 0 1 1 1 0 1 0 0 1 1 0 1 1 1 1 1 1 1 0 1 1 0 1 1 0 0 1 0 1 0 0 0 1 0 0 1
40	4	1 1 1 0 1 1 0 1 1 0 0 1 1 0 0 1 1 1 0 1 0 0 1 1 0 1 1 1 1 1 1 1 0 1 1 0 1 1 0 0 1 0 1 1 0 0 1 0 0 1
40	12	1 1 1 0 1 1 0 1 1 0 0 1 0 0 0 1 1 1 0 1 0 0 1 1 0 1 1 1 1 1 1 1 0 1 1 0 1 1 0 0 1 0 1 1 0 0 1 0 0 1
40	1	1 1 1 0 1 0 0 1 1 0 0 1 0 0 0 1 1 1 1 1 0 0 1 1 0 1 1 1 1 1 1 1 0 1 1 0 1 1 0 0 1 0 1 1 0 0 1 0 0 1
40	5	1 1 1 0 1 0 0 1 1 0 0 1 0 0 0 1 1 1 0 1 0 0 1 1 0 1 1 1 1 1 1 1 0 1 1 0 0 1 0 0 1 0 1 1 0 0 1 0 0 1
40	7	1 1 1 0 1 0 0 1 1 0 0 1 0 0 0 1 1 1 0 1 0 0 1 1 0 1 1 1 1 1 1 1 0 1 1 0 1 1 0 0 1 0 1 1 0 0 1 0 0 1
40	1	0 1 0 1 0 1 0 0 1 0 0 0 0 1 1 0 0 0 1 0 0 1 0 0 1 0 0 1 0 1 1 0 1 0 0 1 0 0 0 0 1 0 1 0 0 0 0 1 1 0
40	6	0 1 0 1 0 1 0 0 1 0 0 0 0 1 1 0 0 0 0 0 0 1 0 0 1 0 0 1 0 1 1 0 1 0 0 1 0 0 0 0 1 0 1 0 0 0 0 1 1 0
40	16	1 0 1 1 0 0 1 0 1 0 1 0 0 0 0 1 0 0 0 1 0 1 0 0 1 1 1 1 0 0 0 0 1 1 0 1 0 1 0 1 0 1 1 0 1 0 0 0 0 1
40	3	1 0 1 1 0 0 1 0 1 0 1 0 0 0 1 1 0 0 0 1 0 1 0 0 1 1 1 1 1 0 0 0 1 1 0 1 0 1 0 1 0 1 1 0 1 0 0 0 0 1
40	2	1 0 1 1 0 1 1 0 1 0 1 0 0 0 1 1 0 0 0 1 0 1 0 0 1 1 1 1 0 0 0 0 1 1 0 1 0 1 0 1 0 1 1 0 1 0 0 0 0 1
40	6	1 0 1 1 0 0 1 0 1 0 1 0 0 0 1 1 0 0 0 1 0 1 0 0 1 1 1 1 0 0 0 0 1 1 0 1 0 1 0 1 0 1 1 0 1 0 0 0 0 1
40	11	1 1 0 0 1 1 1 0 0 1 1 0 0 0 0 1 0 0 1 0 0 1 1 0 1 1 0 1 1 1 0 0 0 1 1 0 0 0 0 1 0 1 1 1 0 1 1 1 1 0
50	4	1 1 1 0 1 0 0 1 1 0 0 1 0 0 0 1 1 1 0 1 0 0 1 1 0 1 1 1 1 0 1 1 0 1 1 0 1 1 0 0 1 0 1 1 0 0 1 0 0 1
50	13	1 1 1 0 1 1 1 1 1 0 0 1 0 0 0 1 1 1 0 1 0 0 1 1 0 1 1 1 1 1 1 1 0 1 1 0 1 1 0 0 1 0 1 0 0 0 1 0 0 1
50	1	0 1 1 0 1 1 0 1 1 0 0 1 0 0 0 1 1 1 0 1 0 0 1 1 0 1 1 1 1 1 1 1 0 1 1 0 0 1 0 0 1 0 1 0 0 0 1 0 0 1
50	4	0 1 1 0 1 1 0 1 1 0 0 1 0 0 0 1 1 1 0 1 0 0 1 1 0 1 1 1 1 1 1 1 0 1 1 0 1 1 0 0 1 0 1 0 0 0 1 0 0 1
50	1	1 1 1 0 1 1 0 1 1 0 0 1 0 0 0 1 1 1 0 1 0 0 1 1 0 1 1 1 1 1 1 1 0 1 1 0 1 1 1 0 1 0 1 0 0 0 1 0 0 1
50	23	1 1 1 0 1 1 0 1 1 0 0 1 0 0 0 1 1 1 0 1 0 0 1 1 0 1 1 1 1 1 1 1 0 1 1 0 1 1 0 0 1 0 1 0 0 0 1 0 0 1
50	3	1 1 1 0 1 1 0 1 1 0 0 1 0 0 0 1 1 1 0 1 0 0 1 1 0 1 1 1 1 1 1 1 0 1 1 0 1 1 0 0 1 0 1 1 0 0 0 0 0 1
50	1	1 1 1 0 1 1 0 1 1 0 0 1 0 0 0 1 1 1 0 1 0 0 1 1 0 1 1 1 1 1 1 1 0 1 1 1 1 1 0 0 1 0 1 1 0 0 1 0 0 1
50	1	1 1 1 0 1 1 0 1 1 0 0 1 0 0 0 1 1 1 0 1 0 0 1 1 0 1 1 1 1 1 1 1 0 1 1 0 1 1 0 0 0 0 1 1 0 0 1 0 0 1
50	33	1 1 1 0 1 1 0 1 1 0 0 1 0 0 0 1 1 1 0 1 0 0 1 1 0 1 1 1 1 1 1 1 0 1 1 0 1 1 0 0 1 0 1 1 0 0 1 0 0 1
50	1	1 1 1 0 1 0 0 0 1 0 0 1 0 0 0 1 1 1 0 1 0 0 1 1 0 1 1 1 1 1 1 1 0 1 1 0 1 1 0 0 1 0 1 0 0 0 1 0 0 1
50	1	1 1 1 0 1 0 0 1 1 0 0 1 0 0 0 1 1 1 0 1 0 0 1 1 0 1 1 1 1 1 1 1 0 1 1 0 1 1 0 0 1 0 1 0 0 0 1 0 0 1
50	1	1 1 1 0 1 0 0 1 1 0 0 1 0 0 0 1 1 1 0 1 0 0 1 1 0 1 1 1 1 1 1 1 0 1 1 0 1 1 0 0 1 0 1 1 0 0 1 0 0 1
50	4	0 1 0 1 0 1 0 0 1 0 0 0 0 1 1 0 0 0 0 0 0 1 0 0 1 0 0 1 0 1 1 0 1 0 0 1 0 0 0 0 1 0 1 0 0 0 0 1 1 0
50	4	1 0 1 1 0 0 1 0 1 0 1 0 0 0 0 1 0 0 0 1 0 1 0 0 1 1 1 1 0 0 0 0 1 1 0 1 0 1 0 1 0 1 1 0 1 0 0 0 0 1
50	2	1 0 1 1 0 0 1 0 1 0 1 0 0 0 1 1 0 0 0 1 0 1 0 0 1 1 1 1 1 0 0 0 1 1 0 1 0 1 0 1 0 1 1 0 1 0 0 0 0 1
50	3	1 1 0 0 1 1 1 0 0 1 1 0 0 0 0 1 0 0 1 0 0 1 1 0 1 1 0 1 1 1 0 0 0 1 1 0 0 0 0 1 0 1 1 1 0 1 1 1 1 0
60	2	1 1 1 0 1 0 0 1 1 0 0 1 0 0 0 1 1 1 0 1 0 0 1 1 0 1 1 1 1 0 1 1 0 1 1 0 1 1 0 0 1 0 1 1 0 0 1 0 0 1
60	1	1 1 1 0 1 1 1 1 1 0 0 1 0 0 0 1 1 1 0 1 0 0 1 1 0 1 1 1 1 1 1 1 0 1 1 0 1 1 0 0 1 0 1 0 0 0 0 0 0 1
60	1	1 1 1 0 1 1 1 1 1 1 0 1 0 0 0 1 1 1 0 1 0 0 1 1 0 1 1 1 1 1 1 1 0 1 1 0 1 1 0 0 1 0 1 0 0 0 1 0 0 1
60	1	1 1 1 0 1 1 1 1 1 0 0 1 0 0 0 1 1 1 0 1 0 0 1 1 0 1 1 1 1 1 1 1 0 1 1 1 1 1 0 0 1 0 1 0 0 0 1 0 0 1
60	42	1 1 1 0 1 1 1 1 1 0 0 1 0 0 0 1 1 1 0 1 0 0 1 1 0 1 1 1 1 1 1 1 0 1 1 0 1 1 0 0 1 0 1 0 0 0 1 0 0 1
60	2	0 1 1 0 1 1 0 1 1 0 0 1 0 0 0 1 1 1 0 1 0 0 1 1 0 1 1 1 1 1 1 1 0 1 1 0 1 1 0 0 1 0 1 0 0 0 1 0 0 1
60	2	1 0 1 0 1 1 0 1 1 0 0 1 0 0 0 1 1 1 0 1 0 0 1 1 0 1 1 1 1 1 1 1 0 1 1 0 1 1 0 0 1 0 1 0 0 0 1 0 0 1
60	8	1 1 1 0 1 1 0 1 1 0 0 1 0 0 0 1 1 1 0 1 0 0 1 1 0 1 1 1 1 1 1 1 0 1 1 0 1 1 0 0 1 0 1 1 0 0 1 0 0 1
60	1	1 1 1 0 1 1 0 1 1 0 0 1 0 0 0 1 1 1 0 1 0 0 1 1 0 1 1 1 1 1 1 1 0 1 1 0 1 1 0 0 1 0 1 0 0 0 1 0 1 1
60	1	1 1 1 0 0 1 0 1 1 0 0 1 0 0 0 1 1 1 0 1 0 0 1 1 0 1 1 1 1 1 1 1 0 1 1 0 1 1 0 0 1 0 1 0 0 0 1 0 0 1
60	29	1 1 1 0 1 1 0 1 1 0 0 1 0 0 0 1 1 1 0 1 0 0 1 1 0 1 1 1 1 1 1 1 0 1 1 0 1 1 0 0 1 0 1 0 0 0 1 0 0 1
60	2	1 1 1 1 1 1 0 1 1 0 0 1 0 0 0 1 1 1 0 1 0 0 1 1 0 1 1 1 1 1 1 1 0 1 1 0 1 1 0 0 1 0 1 1 0 0 0 0 0 1
60	3	1 1 1 0 1 1 0 1 1 0 0 1 0 0 0 1 1 1 0 1 0 0 1 1 0 1 1 1 1 1 1 1 0 1 1 0 1 1 0 0 1 0 1 1 0 0 0 0 0 1
60	1	1 1 1 0 1 1 0 1 1 0 0 1 0 0 0 1 1 1 0 1 0 0 1 1 0 1 1 1 1 1 1 1 0 1 1 0 1 1 0 0 0 0 1 1 0 0 1 0 0 1
60	1	1 1 1 0 1 0 0 1 1 0 0 1 0 0 0 1 1 1 0 1 0 0 1 1 0 1 1 1 1 1 1 1 0 1 1 0 1 1 0 0 1 0 1 1 0 0 1 0 0 1
60	1	1 0 1 1 0 0 1 0 1 0 1 0 0 0 0 1 0 0 0 1 0 1 0 0 1 1 1 1 0 0 0 0 1 1 0 1 0 1 0 1 0 1 1 0 1 0 0 0 0 1
60	1	1 0 1 1 0 0 1 0 1 0 1 0 0 0 1 1 0 0 0 1 0 1 0 0 1 1 1 1 1 0 0 0 1 1 0 1 0 1 0 1 0 1 1 0 1 0 0 0 0 1
60	1	1 0 1 1 0 1 1 0 1 0 1 0 0 0 1 1 0 0 0 1 0 1 0 0 1 1 1 1 0 0 0 0 1 1 0 1 0 1 0 1 0 1 1 0 1 0 0 0 0 1
70	1	1 1 1 0 1 1 1 0 1 0 0 1 0 0 0 1 1 1 0 1 0 0 1 1 0 1 1 1 1 1 1 1 0 1 1 0 1 1 0 0 1 0 1 0 0 0 0 0 0 1
70	1	1 1 1 0 1 1 1 0 1 0 0 1 0 0 0 1 1 1 0 1 0 0 1 1 0 1 1 1 1 1 1 1 0 1 1 0 1 1 0 0 1 0 1 0 0 0 1 0 0 1
70	1	1 1 1 0 1 1 1 1 1 0 0 1 0 0 0 1 1 1 0 0 0 0 1 1 0 1 1 1 1 1 1 1 0 1 1 0 1 1 0 0 1 0 1 0 0 0 0 0 0 1
70	9	1 1 1 0 1 1 1 1 1 0 0 1 0 0 0 1 1 1 0 1 0 0 1 1 0 1 1 1 1 1 1 1 0 1 1 0 1 1 0 0 1 0 1 0 0 0 0 0 0 1
70	1	1 1 1 0 1 1 1 1 1 0 0 1 0 0 0 1 1 1 0 1 0 0 1 1 0 1 1 1 1 1 1 1 0 1 0 0 1 1 0 0 1 0 1 0 0 0 1 0 0 1
70	1	1 1 1 0 1 1 1 1 1 0 0 1 0 0 0 1 1 1 0 1 0 0 1 1 0 1 1 1 1 1 1 1 0 1 1 0 1 1 1 0 1 0 1 0 0 0 1 0 0 1
70	1	1 1 1 0 1 1 1 1 1 0 0 1 0 0 0 1 1 1 0 1 0 0 1 1 0 1 1 1 1 1 1 1 0 0 1 0 1 1 0 0 1 0 1 0 0 0 1 0 0 1
70	52	1 1 1 0 1 1 1 1 1 0 0 1 0 0 0 1 1 1 0 1 0 0 1 1 0 1 1 1 1 1 1 1 0 1 1 0 1 1 0 0 1 0 1 0 0 0 1 0 0 1
70	1	1 1 1 0 1 0 0 1 1 0 0 1 0 0 0 1 1 1 0 1 0 0 1 1 0 1 1 1 1 1 1 1 0 1 1 0 1 1 0 0 1 0 1 0 0 0 1 0 0 1
70	5	1 1 1 0 1 1 0 1 1 0 0 1 0 0 0 1 1 1 0 1 0 0 1 1 0 1 1 1 1 1 1 1 0 1 1 0 1 1 0 0 1 0 1 1 0 0 1 0 0 1
70	26	1 1 1 0 1 1 0 1 1 0 0 1 0 0 0 1 1 1 0 1 0 0 1 1 0 1 1 1 1 1 1 1 0 1 1 0 1 1 0 0 1 0 1 0 0 0 1 0 0 1
70	1	1 1 1 0 1 1 0 1 1 0 0 1 0 0 0 1 1 1 0 1 0 0 1 1 0 1 1 1 1 1 1 1 0 1 1 0 1 1 0 0 1 0 1 1 0 0 0 0 0 1
80	24	1 1 1 0 1 1 1 1 1 0 0 1 0 0 0 1 1 1 0 1 0 0 1 1 0 1 1 1 1 1 1 1 0 1 1 0 1 1 0 0 1 0 1 0 0 0 0 0 0 1
80	5	1 1 1 0 1 1 1 1 1 0 0 1 0 0 0 1 1 1 0 1 0 0 1 1 0 1 1 1 1 1 1 1 0 1 0 0 1 1 0 0 1 0 1 0 0 0 1 0 0 1
80	9	1 1 1 0 1 1 1 1 1 1 0 1 0 0 0 1 1 1 0 1 0 0 1 1 0 1 1 1 1 1 1 1 0 1 1 0 1 1 0 0 1 0 1 0 0 0 1 0 0 1
80	2	1 1 1 0 1 1 1 1 1 0 0 1 0 0 0 1 0 1 0 1 0 0 1 1 0 1 1 1 1 1 1 1 0 1 1 0 1 1 0 0 1 0 1 0 0 0 1 0 0 1
80	2	1 1 1 0 1 1 1 1 1 0 0 1 1 0 0 1 1 1 0 1 0 0 1 1 0 1 1 1 1 1 1 1 0 1 1 0 1 1 0 0 1 0 1 0 0 0 1 0 0 1
80	6	1 1 1 0 1 1 0 1 1 0 0 1 0 0 0 1 1 1 0 1 0 0 1 1 0 1 1 1 1 1 1 1 0 1 1 0 1 1 0 0 1 0 1 0 0 0 1 0 0 1
80	51	1 1 1 0 1 1 1 1 1 0 0 1 0 0 0 1 1 1 0 1 0 0 1 1 0 1 1 1 1 1 1 1 0 1 1 0 1 1 0 0 1 0 1 0 0 0 1 0 0 1
80	1	1 1 1 0 1 0 0 1 1 0 0 1 0 0 0 1 1 1 0 1 0 0 1 1 0 1 1 1 1 1 1 1 0 1 1 0 1 1 0 0 1 0 1 0 0 0 1 0 0 1
90	1	1 1 1 0 1 1 1 0 1 0 0 1 0 0 0 1 1 1 0 1 0 0 1 1 0 1 1 1 1 1 1 1 0 1 1 0 1 1 0 0 1 0 1 0 0 0 0 0 0 1
90	1	1 1 1 0 1 1 1 1 1 0 0 1 0 0 0 0 1 1 0 1 0 0 1 1 0 1 1 1 1 1 1 1 0 1 1 0 1 1 0 0 1 0 1 0 0 0 0 0 0 1
90	1	1 1 1 0 0 1 1 1 1 0 0 1 0 0 0 1 1 1 0 1 0 0 1 1 0 1 1 1 1 1 1 1 0 1 1 0 1 1 0 0 1 0 1 0 0 0 1 0 0 1
90	42	1 1 1 0 1 1 1 1 1 0 0 1 0 0 0 1 1 1 0 1 0 0 1 1 0 1 1 1 1 1 1 1 0 1 1 0 1 1 0 0 1 0 1 0 0 0 1 0 0 1
90	1	1 1 1 0 1 1 1 1 1 0 0 1 0 0 0 1 1 0 0 1 0 0 1 1 0 1 1 1 1 1 1 1 0 1 1 0 1 1 0 0 1 0 1 0 0 0 0 0 0 1
90	39	1 1 1 0 1 1 1 1 1 0 0 1 0 0 0 1 1 1 0 1 0 0 1 1 0 1 1 1 1 1 1 1 0 1 1 0 1 1 0 0 1 0 1 0 0 0 0 0 0 1
90	1	1 1 1 0 1 1 1 0 1 1 0 1 0 0 0 1 1 1 0 1 0 0 1 1 0 1 1 1 1 1 1 1 0 1 1 0 1 1 0 0 1 0 1 0 0 0 1 0 0 1
90	1	1 1 1 0 1 1 1 1 1 1 0 1 0 1 0 1 1 1 0 1 0 0 1 1 0 1 1 1 1 1 1 1 0 1 1 0 1 1 0 0 1 0 1 0 0 0 1 0 0 1
90	10	1 1 1 0 1 1 1 1 1 1 0 1 0 0 0 1 1 1 0 1 0 0 1 1 0 1 1 1 1 1 1 1 0 1 1 0 1 1 0 0 1 0 1 0 0 0 1 0 0 1
90	2	1 1 1 0 1 1 1 1 1 0 0 1 0 0 0 1 0 1 0 1 0 0 1 1 0 1 1 1 1 1 1 1 0 1 1 0 1 1 0 0 1 0 1 0 0 0 1 0 0 1
90	1	1 1 1 0 1 1 1 1 1 0 0 1 0 0 0 1 1 1 0 1 0 0 1 1 0 1 1 0 1 1 1 1 0 1 1 0 1 1 0 0 1 0 1 0 0 0 1 0 0 1
100	4	1 1 1 0 1 1 1 1 1 0 0 1 0 0 0 0 1 1 0 1 0 0 1 1 0 1 1 1 1 1 1 1 0 1 1 0 1 1 0 0 1 0 1 0 0 0 0 0 0 1
100	1	1 1 1 0 1 1 0 1 1 0 0 1 0 0 0 1 1 1 0 1 0 0 1 1 0 1 1 1 0 1 1 1 0 1 1 0 1 1 0 0 1 0 1 0 0 0 1 0 0 1
100	13	1 1 1 0 1 1 1 1 1 1 0 1 0 0 0 1 1 1 0 1 0 0 1 1 0 1 1 1 1 1 1 1 0 1 1 0 1 1 0 0 1 0 1 0 0 0 1 0 0 1
100	1	1 1 1 0 1 1 1 1 1 0 0 1 0 0 0 1 1 1 0 1 0 0 1 1 0 1 1 1 1 0 1 1 0 1 1 0 1 1 0 0 1 0 1 0 0 0 1 0 0 1
100	26	1 1 1 0 1 1 1 1 1 0 0 1 0 0 0 1 1 1 0 1 0 0 1 1 0 1 1 1 1 1 1 1 0 1 1 0 1 1 0 0 1 0 1 0 0 0 1 0 0 1
100	1	1 1 1 0 1 1 1 1 1 0 0 1 0 0 0 1 1 0 0 1 0 0 1 1 0 1 1 1 1 1 1 1 0 1 1 0 1 1 0 0 1 0 1 0 0 0 0 0 0 1
100	2	1 1 0 0 1 1 1 1 1 0 0 1 0 0 0 1 1 1 0 1 0 0 1 1 0 1 1 1 1 1 1 1 0 1 1 0 1 1 0 0 1 0 1 0 0 0 0 0 0 1
100	1	1 1 1 0 1 1 1 1 1 0 0 1 0 0 0 1 1 1 0 1 0 0 1 1 0 1 1 1 1 1 1 1 0 1 1 0 1 1 0 0 1 1 1 0 0 0 0 0 0 1
100	1	1 1 1 0 1 1 1 1 1 0 0 1 0 0 0 1 1 1 0 1 0 0 1 1 0 1 1 1 1 1 1 1 0 1 0 0 1 1 0 0 1 0 1 0 0 0 0 0 0 1
100	46	1 1 1 0 1 1 1 1 1 0 0 1 0 0 0 1 1 1 0 1 0 0 1 1 0 1 1 1 1 1 1 1 0 1 1 0 1 1 0 0 1 0 1 0 0 0 0 0 0 1
100	1	1 1 1 0 1 1 1 1 1 0 0 1 0 0 0 1 1 1 0 1 0 0 1 1 0 1 1 1 1 1 1 1 0 1 0 0 1 1 0 0 1 0 1 0 0 0 1 0 0 1
100	1	1 1 1 0 1 1 1 0 1 1 0 1 0 0 0 1 1 1 0 1 0 0 1 1 0 1 1 1 1 1 1 1 0 1 1 0 1 1 0 0 1 0 1 0 0 0 1 0 0 1
100	2	1 1 1 0 1 1 1 1 1 0 0 1 0 0 0 0 1 1 0 1 0 0 1 1 0 1 1 1 1 1 1 1 0 1 1 0 1 1 0 0 1 0 1 0 0 0 1 0 0 1
110	5	1 1 1 0 1 1 1 1 1 0 0 1 0 0 0 0 1 1 0 1 0 0 1 1 0 1 1 1 1 1 1 1 0 1 1 0 1 1 0 0 1 0 1 0 0 0 0 0 0 1
110	18	1 1 1 0 1 1 1 1 1 1 0 1 0 0 0 1 1 1 0 1 0 0 1 1 0 1 1 1 1 1 1 1 0 1 1 0 1 1 0 0 1 0 1 0 0 0 1 0 0 1
110	18	1 1 1 0 1 1 1 1 1 0 0 1 0 0 0 1 1 1 0 1 0 0 1 1 0 1 1 1 1 1 1 1 0 1 1 0 1 1 0 0 1 0 1 0 0 0 1 0 0 1
110	1	1 1 0 0 1 1 1 1 1 0 0 1 0 0 0 1 1 1 0 1 0 0 1 1 0 1 1 1 1 1 1 1 0 1 1 0 1 1 0 0 1 0 1 0 0 0 0 0 0 1
110	1	1 1 1 0 1 1 1 0 1 0 0 1 0 0 0 1 1 1 0 1 0 0 1 1 0 1 1 1 1 1 1 1 0 1 1 0 1 1 0 0 1 0 1 0 0 0 0 0 0 1
110	1	1 1 1 0 0 1 1 1 1 0 0 1 0 0 0 1 1 1 0 1 0 0 1 1 0 1 1 1 1 1 1 1 0 1 1 0 1 1 0 0 1 0 1 0 0 0 0 0 0 1
110	1	1 1 1 0 1 1 1 1 1 0 0 1 0 0 0 1 1 1 0 1 0 0 1 1 0 1 1 1 1 1 1 1 0 1 1 1 1 1 0 0 1 0 1 0 0 0 0 0 0 1
110	53	1 1 1 0 1 1 1 1 1 0 0 1 0 0 0 1 1 1 0 1 0 0 1 1 0 1 1 1 1 1 1 1 0 1 1 0 1 1 0 0 1 0 1 0 0 0 0 0 0 1
110	1	1 1 1 0 1 1 1 0 1 1 0 1 0 0 0 1 1 1 0 1 0 0 1 1 0 1 1 1 1 1 1 1 0 1 1 0 1 1 0 0 1 0 1 0 0 0 1 0 0 1
110	1	1 1 1 0 1 1 1 1 1 1 0 1 0 0 1 1 1 1 0 1 0 0 1 1 0 1 1 1 1 1 1 1 0 1 1 0 1 1 0 0 1 0 1 0 0 0 1 0 0 1
120	8	1 1 1 0 1 1 1 1 1 0 0 1 0 0 0 0 1 1 0 1 0 0 1 1 0 1 1 1 1 1 1 1 0 1 1 0 1 1 0 0 1 0 1 0 0 0 0 0 0 1
120	3	1 1 1 0 1 1 1 1 1 1 0 1 0 0 0 1 1 1 0 1 0 0 1 1 0 1 1 1 1 1 1 1 0 1 1 0 1 1 0 0 1 0 0 0 0 0 1 0 0 1
120	1	1 1 1 0 1 1 1 1 1 1 0 1 0 0 0 1 1 1 0 1 0 0 1 1 0 1 1 1 1 1 1 1 0 1 1 0 1 1 0 0 0 0 1 0 0 0 1 0 0 1
120	15	1 1 1 0 1 1 1 1 1 1 0 1 0 0 0 1 1 1 0 1 0 0 1 1 0 1 1 1 1 1 1 1 0 1 1 0 1 1 0 0 1 0 1 0 0 0 1 0 0 1
120	6	1 1 1 0 1 1 1 1 1 0 0 1 0 0 0 1 1 1 0 1 0 0 1 1 0 1 1 1 1 1 1 1 0 1 1 0 1 1 0 0 1 0 1 0 0 0 1 0 0 1
120	8	1 1 1 0 1 1 1 1 1 0 0 1 0 0 0 1 1 0 0 1 0 0 1 1 0 1 1 1 1 1 1 1 0 1 1 0 1 1 0 0 1 0 1 0 0 0 0 0 0 1
120	1	1 1 1 0 1 1 1 1 1 0 0 1 0 0 0 1 1 1 0 1 0 0 1 1 0 1 1 1 1 1 1 1 0 1 1 0 1 1 0 0 1 0 1 0 0 0 0 1 0 1
120	58	1 1 1 0 1 1 1 1 1 0 0 1 0 0 0 1 1 1 0 1 0 0 1 1 0 1 1 1 1 1 1 1 0 1 1 0 1 1 0 0 1 0 1 0 0 0 0 0 0 1
130	3	1 1 1 0 1 1 1 1 1 0 0 1 0 0 0 0 1 1 0 1 0 0 1 1 0 1 1 1 1 1 1 1 0 1 1 0 1 1 0 0 1 0 1 0 0 0 0 0 0 1
130	3	1 1 1 0 1 1 1 1 1 1 0 1 0 0 0 1 1 1 0 1 0 0 1 1 0 1 1 1 1 1 1 1 0 1 1 0 1 1 0 0 1 0 0 0 0 0 1 0 0 1
130	1	1 1 1 0 1 1 0 1 1 1 0 1 0 0 0 1 1 1 0 1 0 0 1 1 0 1 1 1 1 1 1 1 0 1 1 0 1 1 0 0 1 0 1 0 0 0 1 0 0 1
130	10	1 1 1 0 1 1 1 1 1 1 0 1 0 0 0 1 1 1 0 1 0 0 1 1 0 1 1 1 1 1 1 1 0 1 1 0 1 1 0 0 1 0 1 0 0 0 1 0 0 1
130	1	1 1 1 0 1 1 1 1 1 0 0 1 0 0 0 1 1 1 0 1 0 0 1 0 0 1 1 1 1 1 1 1 0 1 1 0 1 1 0 0 1 0 1 0 0 0 1 0 0 1
130	1	1 1 1 0 1 1 1 1 1 0 0 1 0 0 0 1 1 1 0 1 0 0 1 1 0 1 1 1 1 1 1 1 0 1 1 0 1 1 0 0 1 0 1 0 0 0 1 0 0 1
130	5	1 1 1 0 1 1 1 1 1 0 0 1 0 0 0 1 1 0 0 1 0 0 1 1 0 1 1 1 1 1 1 1 0 1 1 0 1 1 0 0 1 0 1 0 0 0 0 0 0 1
130	1	1 1 1 0 1 1 1 1 1 0 0 1 0 0 0 1 1 1 0 0 1 0 1 1 0 1 1 1 1 1 1 1 0 1 1 0 1 1 0 0 1 0 1 0 0 0 0 0 0 1
130	1	1 1 1 1 1 1 1 1 1 0 0 1 0 0 0 1 1 1 0 1 0 0 1 1 0 1 1 1 1 1 1 1 0 1 1 0 1 1 0 0 1 0 1 0 0 0 0 0 0 1
130	1	1 1 1 0 1 1 1 1 1 0 0 1 0 0 0 1 1 1 0 1 0 0 1 1 0 1 1 1 1 1 1 1 0 1 1 0 0 1 0 0 1 0 1 0 0 0 0 0 0 1
130	2	1 1 1 0 1 1 1 1 1 1 0 1 0 0 0 1 1 1 0 1 0 0 1 1 0 1 1 1 1 1 1 1 0 1 1 0 1 1 0 0 1 0 1 0 0 0 0 0 0 1
130	1	1 1 1 0 1 1 1 1 1 0 0 1 0 0 0 1 1 1 0 1 0 0 1 1 0 1 1 1 1 1 1 1 0 1 1 0 1 1 0 0 1 0 0 0 0 0 0 0 0 1
130	70	1 1 1 0 1 1 1 1 1 0 0 1 0 0 0 1 1 1 0 1 0 0 1 1 0 1 1 1 1 1 1 1 0 1 1 0 1 1 0 0 1 0 1 0 0 0 0 0 0 1
140	10	1 1 1 0 1 1 1 1 1 0 0 1 0 0 0 0 1 1 0 1 0 0 1 1 0 1 1 1 1 1 1 1 0 1 1 0 1 1 0 0 1 0 1 0 0 0 0 0 0 1
140	8	1 1 1 0 1 1 1 1 1 1 0 1 0 0 0 1 1 1 0 1 0 0 1 1 0 1 1 1 1 1 1 1 0 1 1 0 1 1 0 0 1 0 1 0 0 0 1 0 0 1
140	6	1 1 1 0 1 1 1 1 1 1 0 1 0 0 0 1 1 1 0 1 0 0 1 1 0 1 1 1 1 1 1 1 0 1 1 0 1 1 0 0 1 0 0 0 0 0 1 0 0 1
140	1	1 1 1 0 1 1 1 1 1 0 0 1 0 0 0 1 1 1 0 1 0 0 1 0 0 1 1 1 1 1 1 1 0 1 1 0 1 1 0 0 1 0 1 0 0 0 1 0 0 1
140	1	1 1 1 0 1 1 1 1 1 0 0 1 0 0 0 1 1 1 0 1 0 0 1 1 0 1 1 1 1 1 1 1 0 1 1 0 1 1 0 0 1 0 1 0 0 0 1 0 0 1
140	5	1 1 1 0 1 1 1 1 1 0 0 1 0 0 0 1 1 0 0 1 0 0 1 1 0 1 1 1 1 1 1 1 0 1 1 0 1 1 0 0 1 0 1 0 0 0 0 0 0 1
140	6	1 1 1 1 1 1 1 1 1 0 0 1 0 0 0 1 1 1 0 1 0 0 1 1 0 1 1 1 1 1 1 1 0 1 1 0 1 1 0 0 1 0 1 0 0 0 0 0 0 1
140	2	1 1 1 0 1 1 1 1 1 0 0 1 0 0 0 1 1 1 0 1 0 0 1 1 0 1 1 1 1 1 1 1 0 1 1 0 0 1 0 0 1 0 1 0 0 0 0 0 0 1
140	3	1 1 1 0 1 1 1 1 1 1 0 1 0 0 0 1 1 1 0 1 0 0 1 1 0 1 1 1 1 1 1 1 0 1 1 0 1 1 0 0 1 0 1 0 0 0 0 0 0 1
140	1	1 1 0 0 1 1 1 1 1 0 0 1 0 0 0 1 1 1 0 1 0 0 1 1 0 1 1 1 1 1 1 1 0 1 1 0 1 1 0 0 1 0 1 0 0 0 0 0 0 1
140	57	1 1 1 0 1 1 1 1 1 0 0 1 0 0 0 1 1 1 0 1 0 0 1 1 0 1 1 1 1 1 1 1 0 1 1 0 1 1 0 0 1 0 1 0 0 0 0 0 0 1
150	5	1 1 1 0 1 1 1 1 1 0 0 1 0 0 0 0 1 1 0 1 0 0 1 1 0 1 1 1 1 1 1 1 0 1 1 0 1 1 0 0 1 0 1 0 0 0 0 0 0 1
150	5	1 1 1 0 1 1 1 1 1 1 0 1 0 0 0 1 1 1 0 1 0 0 1 1 0 1 1 1 1 1 1 1 0 1 1 0 1 1 0 0 1 0 1 0 0 0 1 0 0 1
150	8	1 1 1 0 1 1 1 1 1 1 0 1 0 0 0 1 1 1 0 1 0 0 1 1 0 1 1 1 1 1 1 1 0 1 1 0 1 1 0 0 1 0 0 0 0 0 1 0 0 1
150	9	1 1 1 0 1 1 1 1 1 0 0 1 0 0 0 1 1 0 0 1 0 0 1 1 0 1 1 1 1 1 1 1 0 1 1 0 1 1 0 0 1 0 1 0 0 0 0 0 0 1
150	2	1 1 1 1 1 1 1 1 1 0 0 1 0 0 0 1 1 1 0 1 0 0 1 1 0 1 1 1 1 1 1 1 0 1 1 0 1 1 0 0 1 0 1 0 0 0 0 0 0 1
150	1	1 1 1 0 1 1 1 1 1 0 0 0 0 0 0 1 1 1 0 1 0 0 1 1 0 1 1 1 1 1 1 1 0 1 1 0 1 1 0 0 1 0 1 0 0 0 0 0 0 1
150	1	1 1 1 0 1 1 1 1 1 0 0 1 0 0 0 1 1 1 0 1 0 0 1 1 0 1 1 1 1 1 1 1 1 1 1 0 1 1 0 0 1 0 1 0 0 0 0 0 0 1
150	2	1 1 1 0 1 1 1 1 1 1 0 1 0 0 0 1 1 1 0 1 0 0 1 1 0 1 1 1 1 1 1 1 0 1 1 0 1 1 0 0 1 0 1 0 0 0 0 0 0 1
150	4	1 1 1 0 1 1 1 1 1 0 0 1 0 0 0 1 1 1 0 1 0 0 1 1 0 1 1 1 1 1 1 1 0 1 1 0 1 1 0 0 1 0 0 0 0 0 0 0 0 1
150	1	0 1 1 0 1 1 1 1 1 0 0 1 0 0 0 1 1 1 0 1 0 0 1 1 0 1 1 1 1 1 1 1 0 1 1 0 1 1 0 0 1 0 1 0 0 0 0 0 0 1
150	62	1 1 1 0 1 1 1 1 1 0 0 1 0 0 0 1 1 1 0 1 0 0 1 1 0 1 1 1 1 1 1 1 0 1 1 0 1 1 0 0 1 0 1 0 0 0 0 0 0 1
160	1	1 1 1 0 0 1 1 1 1 0 0 1 0 0 0 0 1 1 0 1 0 0 1 1 0 1 1 1 1 1 1 1 0 1 1 0 1 1 0 0 1 0 1 0 0 0 0 0 0 1
160	9	1 1 1 0 1 1 1 1 1 0 0 1 0 0 0 0 1 1 0 1 0 0 1 1 0 1 1 1 1 1 1 1 0 1 1 0 1 1 0 0 1 0 1 0 0 0 0 0 0 1
160	1	1 1 1 0 1 1 1 1 1 1 0 1 0 0 0 1 1 1 0 1 0 0 1 1 0 1 1 1 1 0 1 1 0 1 1 0 1 1 0 0 1 0 1 0 0 0 1 0 0 1
160	6	1 1 1 0 1 1 1 1 1 1 0 1 0 0 0 1 1 1 0 1 0 0 1 1 0 1 1 1 1 1 1 1 0 1 1 0 1 1 0 0 1 0 1 0 0 0 1 0 0 1
160	1	1 1 1 0 1 1 1 1 1 1 0 1 0 0 0 1 1 1 0 1 0 0 1 1 0 1 1 1 1 1 1 1 0 1 1 0 1 1 0 0 1 0 0 0 0 0 1 0 1 1
160	6	1 1 1 0 1 1 1 1 1 1 0 1 0 0 0 1 1 1 0 1 0 0 1 1 0 1 1 1 1 1 1 1 0 1 1 0 1 1 0 0 1 0 0 0 0 0 1 0 0 1
160	2	1 1 1 0 1 1 1 1 1 0 0 1 0 0 0 1 1 0 1 1 0 0 1 1 0 1 1 1 1 1 1 1 0 1 1 0 1 1 0 0 1 0 1 0 0 0 0 0 0 1
160	1	1 1 1 0 1 1 1 1 1 0 0 1 0 0 0 1 1 0 0 1 0 0 1 1 0 0 1 1 1 1 1 1 0 1 1 0 1 1 0 0 1 0 1 0 0 0 0 0 0 1
160	1	1 1 1 0 1 1 1 1 1 0 0 1 0 0 0 1 1 0 0 1 0 0 1 1 0 1 1 1 1 1 1 1 0 1 1 0 0 1 0 0 1 0 1 0 0 0 0 0 0 1
160	3	1 1 1 0 1 1 1 1 1 0 0 1 0 0 0 1 1 0 0 1 0 0 1 1 0 1 1 1 1 1 1 1 0 1 1 0 1 1 0 0 1 0 1 0 0 0 0 0 0 1
160	8	1 1 1 1 1 1 1 1 1 0 0 1 0 0 0 1 1 1 0 1 0 0 1 1 0 1 1 1 1 1 1 1 0 1 1 0 1 1 0 0 1 0 1 0 0 0 0 0 0 1
160	2	1 1 1 1 1 1 1 1 1 0 0 1 0 0 0 1 1 1 0 1 0 0 1 1 0 1 1 0 1 1 1 1 0 1 1 0 1 1 0 0 1 0 1 0 0 0 0 0 0 1
160	4	1 1 1 0 1 1 1 1 1 0 0 1 0 0 0 1 1 1 0 1 0 0 1 1 0 1 1 1 1 1 1 1 1 1 1 0 1 1 0 0 1 0 1 0 0 0 0 0 0 1
160	6	1 1 1 0 1 1 1 1 1 1 0 1 0 0 0 1 1 1 0 1 0 0 1 1 0 1 1 1 1 1 1 1 0 1 1 0 1 1 0 0 1 0 1 0 0 0 0 0 0 1
160	3	1 1 1 0 1 1 1 1 1 0 0 1 0 0 0 1 1 1 0 1 0 0 1 1 0 1 1 1 1 1 1 1 0 1 1 0 1 1 0 0 1 0 0 0 0 0 0 0 0 1
160	2	1 1 1 0 1 1 1 1 1 0 0 1 0 0 0 1 1 1 0 1 0 0 1 1 0 1 1 1 1 1 1 1 0 1 1 0 1 1 0 0 1 0 1 0 0 0 0 0 0 0
160	1	1 1 1 0 1 1 1 1 1 0 0 1 0 0 0 1 1 1 0 1 1 0 1 1 0 1 1 1 1 1 1 1 0 1 1 0 1 1 0 0 1 0 1 0 0 0 0 0 0 1
160	43	1 1 1 0 1 1 1 1 1 0 0 1 0 0 0 1 1 1 0 1 0 0 1 1 0 1 1 1 1 1 1 1 0 1 1 0 1 1 0 0 1 0 1 0 0 0 0 0 0 1
170	2	1 1 1 0 1 1 1 1 1 0 0 1 0 0 0 0 1 1 0 1 0 0 1 1 0 1 1 1 1 1 1 1 0 1 1 0 1 1 0 0 1 0 1 0 0 0 0 0 0 1
170	3	1 1 1 0 1 1 0 1 1 1 0 1 0 0 0 1 1 1 0 1 0 0 1 1 0 1 1 1 1 0 1 1 0 1 1 0 1 1 0 0 1 0 1 0 0 0 1 0 0 1
170	2	1 1 1 0 1 1 1 1 1 1 0 1 0 0 0 1 1 1 0 1 0 0 1 1 0 1 1 1 1 0 1 1 0 1 1 0 1 1 0 0 1 0 1 0 0 0 1 0 0 1
170	5	1 1 1 0 1 1 1 1 1 1 0 1 0 0 0 1 1 1 0 1 0 0 1 1 0 1 1 1 1 1 1 1 0 1 1 0 1 1 0 0 1 0 1 0 0 0 1 0 0 1
170	12	1 1 1 0 1 1 1 1 1 1 0 1 0 0 0 1 1 1 0 1 0 0 1 1 0 1 1 1 1 1 1 1 0 1 1 0 1 1 0 0 1 0 0 0 0 0 1 0 0 1
170	2	1 1 1 0 1 1 1 1 1 0 0 1 0 0 0 1 1 0 1 1 0 0 1 1 0 1 1 1 1 1 1 1 0 1 1 0 1 1 0 0 1 0 1 0 0 0 0 0 0 1
170	1	1 1 1 0 1 1 1 1 1 0 0 1 0 0 0 1 1 0 0 1 0 0 1 1 0 0 1 1 1 1 1 1 0 1 1 1 1 1 0 0 1 0 1 0 0 0 0 0 0 1
170	2	1 1 1 0 1 1 1 1 1 0 0 1 0 0 0 1 1 0 0 1 0 0 1 1 0 1 1 1 1 1 1 1 0 1 1 0 1 1 0 0 1 0 1 0 0 0 0 0 0 1
170	2	1 1 1 1 1 1 1 1 1 0 0 1 0 0 0 1 0 1 0 1 0 0 1 1 0 1 1 1 1 1 1 1 0 1 1 0 1 1 0 0 1 0 1 0 0 0 0 0 0 1
170	13	1 1 1 1 1 1 1 1 1 0 0 1 0 0 0 1 1 1 0 1 0 0 1 1 0 1 1 1 1 1 1 1 0 1 1 0 1 1 0 0 1 0 1 0 0 0 0 0 0 1
170	3	1 1 1 1 1 1 1 1 1 0 0 1 0 0 0 1 1 1 0 1 0 0 1 1 0 1 1 0 1 1 1 1 0 1 1 0 1 1 0 0 1 0 1 0 0 0 0 0 0 1
170	3	1 1 1 0 1 1 1 1 1 0 0 0 0 0 0 1 1 1 0 1 0 0 1 1 0 1 1 1 1 1 1 1 0 1 1 0 1 1 0 0 1 0 1 0 0 0 0 0 0 1
170	2	1 1 1 0 1 1 1 1 1 0 0 1 0 0 0 1 1 1 0 1 0 0 1 1 0 1 1 1 1 1 1 1 1 1 1 0 1 1 0 0 1 0 1 0 0 0 0 0 0 1
170	1	1 1 1 0 1 1 1 1 1 1 0 1 0 0 0 1 1 1 1 1 0 0 1 1 0 1 1 1 1 1 1 1 0 1 1 0 1 1 0 0 1 0 1 0 0 0 0 0 0 0
170	1	1 1 1 0 1 1 1 1 1 1 0 1 0 0 0 1 1 1 0 1 0 0 1 1 0 1 1 1 1 1 1 1 0 1 1 0 1 1 0 0 1 0 1 0 0 0 0 0 0 0
170	6	1 1 1 0 1 1 1 1 1 1 0 1 0 0 0 1 1 1 0 1 0 0 1 1 0 1 1 1 1 1 1 1 0 1 1 0 1 1 0 0 1 0 1 0 0 0 0 0 0 1
170	1	1 1 1 0 1 1 1 1 1 0 0 1 0 0 0 1 1 1 0 1 0 0 1 1 1 1 1 1 1 1 1 1 0 1 1 0 1 1 0 0 1 0 0 0 0 0 0 0 0 1
170	5	1 1 1 0 1 1 1 1 1 0 0 1 0 0 0 1 1 1 0 1 0 0 1 1 0 1 1 1 1 1 1 1 0 1 1 0 1 1 0 0 1 0 0 0 0 0 0 0 0 1
170	1	1 1 1 0 1 1 1 1 0 0 0 1 0 0 0 1 1 1 0 1 0 0 1 1 0 1 1 1 1 1 1 1 0 1 1 0 1 1 0 0 1 0 1 0 0 0 0 0 0 1
170	1	1 1 1 0 1 1 1 1 1 0 0 1 0 0 0 1 1 1 0 1 0 0 1 1 0 1 1 1 1 1 1 1 0 1 1 0 1 1 0 0 1 0 1 0 0 0 0 0 0 0
170	1	1 1 1 0 1 1 1 1 1 0 0 1 0 0 0 1 1 1 0 1 0 0 1 1 0 1 1 1 1 1 1 0 0 1 1 0 1 1 0 0 1 0 1 0 0 0 0 0 0 1
170	31	1 1 1 0 1 1 1 1 1 0 0 1 0 0 0 1 1 1 0 1 0 0 1 1 0 1 1 1 1 1 1 1 0 1 1 0 1 1 0 0 1 0 1 0 0 0 0 0 0 1
180	2	1 1 1 0 1 1 0 1 1 1 0 1 0 0 0 1 1 1 0 1 0 0 1 1 0 1 1 1 1 0 1 1 0 1 1 0 1 1 0 0 1 0 1 0 0 0 1 0 0 1
180	1	1 1 1 0 1 1 1 1 1 1 0 1 0 0 0 1 1 1 0 1 0 0 0 1 0 1 1 1 1 1 1 1 0 1 1 0 1 1 0 0 1 0 1 0 0 0 1 0 0 1
180	3	1 1 1 0 1 1 1 1 1 1 0 1 0 0 0 1 1 1 0 1 0 0 1 1 0 1 1 1 1 1 1 1 0 1 1 0 1 1 0 0 1 0 1 0 0 0 1 0 0 1
180	15	1 1 1 0 1 1 1 1 1 1 0 1 0 0 0 1 1 1 0 1 0 0 1 1 0 1 1 1 1 1 1 1 0 1 1 0 1 1 0 0 1 0 0 0 0 0 1 0 0 1
180	1	1 1 1 0 1 1 1 1 1 0 0 1 0 0 0 1 1 0 0 1 0 0 1 1 0 1 1 1 1 1 1 1 0 1 1 1 1 1 0 0 1 0 1 0 0 0 0 0 0 1
180	5	1 1 1 0 1 1 1 1 1 0 0 1 0 0 0 1 1 0 0 1 0 0 1 1 0 1 1 1 1 1 1 1 0 1 1 0 1 1 0 0 1 0 1 0 0 0 0 0 0 1
180	1	1 1 1 1 1 1 1 1 1 0 0 1 0 0 0 1 1 1 0 0 0 0 1 1 0 1 1 1 1 1 1 1 0 1 1 0 1 1 0 0 1 0 1 0 0 0 0 0 0 1
180	13	1 1 1 1 1 1 1 1 1 0 0 1 0 0 0 1 1 1 0 1 0 0 1 1 0 1 1 1 1 1 1 1 0 1 1 0 1 1 0 0 1 0 1 0 0 0 0 0 0 1
180	5	1 1 1 1 1 1 1 1 1 0 0 1 0 0 0 1 1 1 0 1 0 0 1 1 0 1 1 0 1 1 1 1 0 1 1 0 1 1 0 0 1 0 1 0 0 0 0 0 0 1
180	2	1 1 1 0 1 1 1 1 1 0 0 0 0 0 0 1 1 1 0 1 0 0 1 1 0 1 1 1 1 1 1 1 0 1 1 0 1 1 0 0 1 0 1 0 0 0 0 0 0 1
180	2	1 1 1 0 1 1 1 1 1 0 0 1 0 0 0 1 1 1 0 1 0 0 1 1 0 1 1 1 1 1 1 1 1 1 1 0 1 1 0 0 1 0 1 0 0 0 0 0 0 1
180	2	1 1 1 0 1 1 1 1 1 1 0 1 0 0 0 1 1 1 1 1 0 0 1 1 0 1 1 1 1 1 1 1 0 1 1 0 1 1 0 0 1 0 1 0 0 0 0 0 0 0
180	3	1 1 1 0 1 1 1 1 1 1 0 1 0 0 0 1 1 1 0 1 0 0 1 1 0 1 1 1 1 1 1 1 0 1 1 0 1 1 0 0 1 0 1 0 0 0 0 0 0 0
180	5	1 1 1 0 1 1 1 1 1 1 0 1 0 0 0 1 1 1 0 1 0 0 1 1 0 1 1 1 1 1 1 1 0 1 1 0 1 1 0 0 1 0 1 0 0 0 0 0 0 1
180	1	1 1 1 0 1 1 1 1 1 0 0 1 0 0 0 1 1 1 0 1 0 0 1 1 1 1 1 1 1 1 1 1 0 1 1 0 1 1 0 0 1 0 0 0 0 0 0 0 0 1
180	4	1 1 1 0 1 1 1 1 1 0 0 1 0 0 0 1 1 1 0 1 0 0 1 1 0 1 1 1 1 1 1 1 0 1 1 0 1 1 0 0 1 0 0 0 0 0 0 0 0 1
180	1	1 1 1 0 1 1 1 1 1 0 0 1 0 0 1 1 1 1 0 1 0 0 1 1 0 1 1 1 1 1 1 1 0 1 1 0 1 1 0 0 1 0 1 0 0 0 0 0 0 1
180	34	1 1 1 0 1 1 1 1 1 0 0 1 0 0 0 1 1 1 0 1 0 0 1 1 0 1 1 1 1 1 1 1 0 1 1 0 1 1 0 0 1 0 1 0 0 0 0 0 0 1
190	1	1 1 1 0 1 1 1 1 1 1 0 1 0 0 0 1 1 1 0 1 0 0 1 1 0 1 1 1 1 1 0 1 0 1 1 0 1 1 0 0 1 0 1 0 0 0 1 0 0 1
190	3	1 1 1 0 1 1 1 1 1 1 0 1 0 0 0 1 1 1 0 1 0 0 1 1 0 1 1 1 1 1 1 1 0 1 1 0 1 1 0 0 1 0 1 0 0 0 1 0 0 1
190	1	1 1 1 0 1 1 1 1 1 1 0 1 0 0 0 1 1 1 0 1 0 0 0 1 0 1 1 1 1 1 1 1 0 1 1 0 1 1 0 0 1 0 0 0 0 0 1 0 0 1
190	23	1 1 1 0 1 1 1 1 1 1 0 1 0 0 0 1 1 1 0 1 0 0 1 1 0 1 1 1 1 1 1 1 0 1 1 0 1 1 0 0 1 0 0 0 0 0 1 0 0 1
190	1	1 1 1 0 1 1 1 1 1 0 0 1 0 0 0 1 1 0 0 1 0 0 1 1 0 0 1 1 1 1 1 1 0 1 1 1 1 1 0 0 1 0 1 0 0 0 0 0 0 1
190	3	1 1 1 0 1 1 1 1 1 0 0 1 0 0 0 1 1 0 0 1 0 0 1 1 0 1 1 1 1 1 1 1 0 1 1 0 1 1 0 0 1 0 1 0 0 0 0 0 0 1
190	2	1 1 1 1 1 1 1 1 1 1 0 1 0 0 0 1 1 1 0 1 0 0 1 1 0 1 1 1 1 1 1 1 0 1 1 0 1 1 0 0 1 0 1 0 0 0 0 0 0 1
190	1	1 1 1 1 1 1 1 1 1 0 0 1 0 1 0 1 1 1 0 1 0 0 1 1 0 1 1 1 1 1 1 1 0 1 1 0 1 1 0 0 1 0 1 0 0 0 0 0 0 1
190	6	1 1 1 1 1 1 1 1 1 0 0 1 0 0 0 1 1 1 0 1 0 0 1 1 0 1 1 1 1 1 1 1 0 1 1 0 1 1 0 0 1 0 1 0 0 0 0 0 0 1
190	3	1 1 1 1 1 1 1 1 1 0 0 1 0 0 0 1 1 1 0 1 0 0 1 1 0 1 1 0 1 1 1 1 0 1 1 0 1 1 0 0 1 0 1 0 0 0 0 0 0 1
190	1	1 1 1 0 1 1 1 1 1 0 0 0 0 0 0 1 1 1 0 1 0 0 1 1 0 1 1 1 1 1 1 1 0 1 1 0 1 1 0 0 1 0 1 0 0 0 0 0 0 1
190	1	1 1 1 0 1 1 1 1 1 1 0 1 0 1 0 1 1 1 1 1 0 0 1 1 0 1 1 1 1 1 1 1 0 1 1 0 1 1 0 0 1 0 1 0 0 0 0 0 0 0
190	1	1 1 1 0 1 1 1 1 1 1 0 1 0 0 0 1 1 1 1 1 0 0 1 1 0 1 1 1 1 1 1 1 0 1 1 0 1 1 0 0 1 0 1 0 0 0 0 0 0 0
190	1	1 1 1 0 1 1 1 0 1 1 0 1 0 0 0 1 1 1 0 1 0 0 1 1 0 1 1 1 1 1 1 1 0 1 1 0 1 1 0 0 1 0 1 0 0 0 0 0 0 0
190	6	1 1 1 0 1 1 1 1 1 1 0 1 0 0 0 1 1 1 0 1 0 0 1 1 0 1 1 1 1 1 1 1 0 1 1 0 1 1 0 0 1 0 1 0 0 0 0 0 0 0
190	12	1 1 1 0 1 1 1 1 1 1 0 1 0 0 0 1 1 1 0 1 0 0 1 1 0 1 1 1 1 1 1 1 0 1 1 0 1 1 0 0 1 0 1 0 0 0 0 0 0 1
190	1	1 1 1 0 1 1 1 1 1 0 0 1 0 0 0 1 1 1 0 1 0 0 1 1 1 1 1 1 1 1 1 1 0 1 0 0 1 1 0 0 1 0 0 0 0 0 0 0 0 1
190	1	1 1 1 0 1 1 1 1 1 0 0 1 0 0 0 1 1 1 0 1 0 0 1 1 1 1 1 1 1 1 1 1 0 1 1 0 1 1 0 0 1 0 0 0 0 0 0 0 0 1
190	8	1 1 1 0 1 1 1 1 1 0 0 1 0 0 0 1 1 1 0 1 0 0 1 1 0 1 1 1 1 1 1 1 0 1 1 0 1 1 0 0 1 0 0 0 0 0 0 0 0 1
190	3	1 1 1 0 1 1 1 1 1 0 0 1 0 0 1 1 1 1 0 1 0 0 1 1 0 1 1 1 1 1 1 1 0 1 1 0 1 1 0 0 1 0 1 0 0 0 0 0 0 1
190	21	1 1 1 0 1 1 1 1 1 0 0 1 0 0 0 1 1 1 0 1 0 0 1 1 0 1 1 1 1 1 1 1 0 1 1 0 1 1 0 0 1 0 1 0 0 0 0 0 0 1
200	1	1 1 1 0 1 1 1 1 1 1 0 1 0 0 0 1 1 1 0 1 0 0 1 1 0 1 1 1 1 1 1 1 0 1 1 0 1 1 0 0 1 0 1 0 0 0 1 0 0 1
200	1	1 1 1 0 1 1 1 1 1 1 0 1 0 0 0 1 0 1 0 1 0 0 1 1 0 1 1 1 1 1 1 1 0 1 1 0 1 1 0 0 1 0 0 0 0 0 1 0 0 1
200	16	1 1 1 0 1 1 1 1 1 1 0 1 0 0 0 1 1 1 0 1 0 0 1 1 0 1 1 1 1 1 1 1 0 1 1 0 1 1 0 0 1 0 0 0 0 0 1 0 0 1
200	3	1 1 1 0 1 1 1 1 1 0 0 1 0 0 0 1 1 0 0 1 0 0 1 1 0 0 1 1 1 1 1 1 0 1 1 1 1 1 0 0 1 0 1 0 0 0 0 0 0 1
200	8	1 1 1 1 1 1 1 1 1 1 0 1 0 0 0 1 1 1 0 1 0 0 1 1 0 1 1 1 1 1 1 1 0 1 1 0 1 1 0 0 1 0 1 0 0 0 0 0 0 1
200	1	1 1 1 1 1 1 1 1 1 0 1 1 0 0 0 1 1 1 0 1 0 0 1 1 0 1 1 1 1 1 1 1 0 1 1 0 1 1 0 0 1 1 1 0 0 0 0 0 0 1
200	2	1 1 1 1 1 1 1 1 1 0 0 1 0 0 0 1 1 1 0 1 0 0 1 1 0 1 1 1 0 1 1 1 0 1 1 0 1 1 0 0 1 0 1 0 0 0 0 0 0 1
200	1	1 1 1 1 1 1 1 1 1 0 0 1 0 0 0 1 1 1 0 1 0 0 1 1 0 1 1 1 1 1 1 1 0 1 1 0 1 1 0 0 1 0 1 0 0 0 0 0 0 0
200	13	1 1 1 1 1 1 1 1 1 0 0 1 0 0 0 1 1 1 0 1 0 0 1 1 0 1 1 1 1 1 1 1 0 1 1 0 1 1 0 0 1 0 1 0 0 0 0 0 0 1
200	4	1 1 1 1 1 1 1 1 1 0 0 1 0 0 0 1 1 1 0 1 0 0 1 1 0 1 1 0 1 1 1 1 0 1 1 0 1 1 0 0 1 0 1 0 0 0 0 0 0 1
200	2	1 1 1 0 1 1 1 1 1 0 0 0 0 0 0 1 1 1 0 1 0 0 1 1 0 1 1 1 1 1 1 1 0 1 1 0 1 1 0 0 0 0 1 0 0 0 0 0 0 1
200	2	1 1 1 0 1 1 1 1 1 0 0 0 0 0 0 1 1 1 0 1 0 0 1 1 0 1 1 1 1 1 1 1 0 1 1 0 1 1 0 0 1 0 1 0 0 0 0 0 0 1
200	4	1 1 1 0 1 1 1 1 1 1 0 1 0 0 0 1 1 1 1 1 0 0 1 1 0 1 1 1 1 1 1 1 0 1 1 0 1 1 0 0 1 0 1 0 0 0 0 0 0 0
200	5	1 1 1 0 1 1 1 0 1 1 0 1 0 0 0 1 1 1 0 1 0 0 1 1 0 1 1 1 1 1 1 1 0 1 1 0 1 1 0 0 1 0 1 0 0 0 0 0 0 0
200	4	1 1 1 0 1 1 1 1 1 1 0 1 0 0 0 1 1 1 0 1 0 0 1 1 0 1 1 1 1 1 1 1 0 1 1 0 1 1 0 0 1 0 1 0 0 0 0 0 0 0
200	17	1 1 1 0 1 1 1 1 1 1 0 1 0 0 0 1 1 1 0 1 0 0 1 1 0 1 1 1 1 1 1 1 0 1 1 0 1 1 0 0 1 0 1 0 0 0 0 0 0 1
200	3	1 1 1 0 1 1 1 1 1 0 0 1 0 0 0 1 1 1 0 1 0 0 1 1 1 1 1 1 1 1 1 1 0 1 1 0 1 1 0 0 1 0 0 0 0 0 0 0 0 1
200	1	1 1 1 0 1 1 1 1 1 0 0 1 0 0 0 1 1 1 1 1 0 0 1 1 0 1 1 1 1 1 1 1 0 1 1 0 1 1 0 0 1 0 1 0 0 0 0 0 0 1
200	12	1 1 1 0 1 1 1 1 1 0 0 1 0 0 0 1 1 1 0 1 0 0 1 1 0 1 1 1 1 1 1 1 0 1 1 0 1 1 0 0 1 0 1 0 0 0 0 0 0 1
210	2	1 1 1 0 1 1 1 1 1 1 0 1 0 0 0 1 1 1 0 1 0 0 1 1 0 1 1 1 1 1 1 1 0 1 1 0 1 1 0 0 1 0 1 0 0 0 1 0 0 1
210	25	1 1 1 0 1 1 1 1 1 1 0 1 0 0 0 1 1 1 0 1 0 0 1 1 0 1 1 1 1 1 1 1 0 1 1 0 1 1 0 0 1 0 0 0 0 0 1 0 0 1
210	11	1 1 1 1 1 1 1 1 1 1 0 1 0 0 0 1 1 1 0 1 0 0 1 1 0 1 1 1 1 1 1 1 0 1 1 0 1 1 0 0 1 0 1 0 0 0 0 0 0 1
210	1	1 1 1 1 1 1 1 1 1 0 1 1 0 0 0 1 1 1 0 1 0 0 1 1 0 1 1 1 1 1 1 1 0 1 1 0 1 1 0 0 1 1 1 0 0 0 0 0 0 1
210	13	1 1 1 1 1 1 1 1 1 0 0 1 0 0 0 1 1 1 0 1 0 0 1 1 0 1 1 1 1 1 1 1 0 1 1 0 1 1 0 0 1 0 1 0 0 0 0 0 0 1
210	2	1 1 1 1 1 1 1 1 1 0 0 1 0 0 0 1 1 1 0 1 0 0 1 1 0 1 1 0 1 1 1 1 0 1 1 0 1 1 0 0 1 0 1 0 0 0 0 0 0 0
210	2	1 1 1 1 1 1 1 1 1 0 0 1 0 0 0 1 1 1 0 1 0 0 1 1 0 1 1 0 1 1 1 1 0 1 1 0 1 1 0 0 1 0 1 0 0 0 0 0 0 1
210	1	1 1 1 0 1 1 1 1 1 0 0 0 0 0 0 1 1 1 0 1 0 0 1 1 0 1 1 1 1 1 1 1 0 1 1 0 1 1 0 0 1 0 1 0 0 0 0 0 0 1
210	1	1 1 1 0 1 1 1 1 1 1 0 1 0 0 0 1 1 1 1 1 0 0 1 1 0 1 1 1 1 1 1 1 0 1 1 0 1 1 0 0 1 1 1 0 0 0 0 0 0 0
210	7	1 1 1 0 1 1 1 1 1 1 0 1 0 0 0 1 1 1 0 1 0 0 1 1 0 1 1 1 1 1 1 1 0 1 1 0 1 1 0 0 1 0 1 0 0 0 0 0 0 0
210	8	1 1 1 0 1 1 1 1 1 1 0 1 0 0 0 1 1 1 1 1 0 0 1 1 0 1 1 1 1 1 1 1 0 1 1 0 1 1 0 0 1 0 1 0 0 0 0 0 0 0
210	1	1 1 1 0 1 1 1 0 1 1 0 1 0 0 0 1 1 1 0 1 0 0 1 1 0 1 1 1 1 1 1 1 0 1 1 0 1 1 0 0 1 0 1 0 0 0 0 0 0 0
210	1	1 1 1 0 1 1 1 1 0 1 0 1 0 0 0 1 1 1 0 1 0 0 1 1 0 1 1 1 1 1 1 1 0 1 1 0 1 1 0 0 1 0 1 0 0 0 0 0 0 0
210	17	1 1 1 0 1 1 1 1 1 1 0 1 0 0 0 1 1 1 0 1 0 0 1 1 0 1 1 1 1 1 1 1 0 1 1 0 1 1 0 0 1 0 1 0 0 0 0 0 0 1
210	2	1 1 1 0 1 1 1 1 1 0 0 1 0 0 0 1 1 1 0 1 0 0 1 1 1 1 1 1 1 1 1 1 0 1 1 0 1 1 0 0 1 0 0 0 0 0 0 0 0 1
210	1	1 1 1 0 1 1 1 1 1 0 0 1 0 0 0 1 1 1 0 1 0 0 1 1 0 0 1 1 1 1 1 1 0 1 1 0 1 1 0 0 1 0 0 0 0 0 0 0 0 1
210	1	1 1 1 0 1 1 1 1 1 0 0 1 0 0 0 1 1 1 0 1 0 0 1 1 0 1 1 1 1 1 1 1 0 1 1 0 1 1 0 0 1 0 0 0 0 0 0 0 0 1
210	4	1 1 1 0 1 1 1 1 1 0 0 1 0 0 0 1 1 1 0 1 0 0 1 1 0 1 1 1 1 1 1 1 0 1 1 0 1 1 0 0 1 0 1 0 0 0 0 0 0 1
220	2	1 1 1 0 1 1 1 1 1 1 0 1 0 0 0 1 1 1 0 1 0 0 1 1 0 1 1 1 1 1 1 1 0 1 1 0 1 1 0 0 1 0 1 0 0 0 1 0 0 1
220	1	1 1 1 0 1 1 1 1 1 1 0 1 0 0 0 1 1 1 0 1 0 0 1 1 0 1 1 1 1 1 1 1 0 0 1 0 1 1 0 0 1 0 0 0 0 0 1 0 0 1
220	19	1 1 1 0 1 1 1 1 1 1 0 1 0 0 0 1 1 1 0 1 0 0 1 1 0 1 1 1 1 1 1 1 0 1 1 0 1 1 0 0 1 0 0 0 0 0 1 0 0 1
220	1	1 1 1 1 1 1 1 1 1 1 0 1 0 0 0 1 1 1 0 1 0 0 1 1 0 1 1 1 1 1 0 1 0 1 1 0 1 1 0 0 1 0 1 0 0 0 0 0 0 1
220	1	1 1 1 1 1 1 1 1 1 1 0 1 0 0 0 1 1 1 0 1 0 0 1 1 0 1 1 1 1 1 1 1 0 1 1 0 1 1 0 0 1 0 1 0 0 0 0 1 0 1
220	1	1 1 1 1 1 1 0 1 1 1 0 1 0 0 0 1 1 1 0 1 0 0 1 1 0 1 1 1 1 1 1 1 0 1 1 0 1 1 0 0 1 0 1 0 0 0 0 0 0 1
220	1	1 1 1 1 1 1 1 1 1 1 0 1 0 0 0 1 1 1 0 1 0 0 1 1 0 0 1 1 1 1 1 1 0 1 1 0 1 1 0 0 1 0 1 0 0 0 0 0 0 1
220	8	1 1 1 1 1 1 1 1 1 1 0 1 0 0 0 1 1 1 0 1 0 0 1 1 0 1 1 1 1 1 1 1 0 1 1 0 1 1 0 0 1 0 1 0 0 0 0 0 0 1
220	1	1 1 1 1 1 1 1 1 1 0 0 1 0 0 0 1 1 1 0 1 0 0 1 1 0 1 1 1 1 1 1 1 0 1 1 0 1 1 0 0 1 0 1 0 0 0 0 0 0 0
220	1	1 1 1 0 1 1 1 1 1 0 0 1 0 0 0 1 1 1 0 1 0 0 1 1 0 1 1 1 1 1 1 1 0 1 1 0 1 1 0 0 1 0 1 0 0 0 0 0 0 0
220	6	1 1 1 1 1 1 1 1 1 0 0 1 0 0 0 1 1 1 0 1 0 0 1 1 0 1 1 1 1 1 1 1 0 1 1 0 1 1 0 0 1 0 1 0 0 0 0 0 0 1
220	4	1 1 1 1 1 1 1 1 1 0 0 1 0 0 0 1 1 1 0 1 0 0 1 1 0 1 1 0 1 1 1 1 0 1 1 0 1 1 0 0 1 0 1 0 0 0 0 0 0 0
220	2	1 1 1 1 1 1 1 1 1 0 0 1 0 0 0 1 1 1 0 1 1 0 1 1 0 1 1 0 1 1 1 1 0 1 1 0 1 1 0 0 1 0 1 0 0 0 0 0 0 1
220	1	1 1 1 0 1 1 1 1 1 0 0 0 0 0 0 1 1 1 0 1 0 0 1 1 0 1 1 1 1 1 1 1 0 1 1 0 1 1 0 0 0 0 1 0 0 0 0 0 0 1
220	5	1 1 1 0 1 1 1 1 1 1 0 1 0 0 0 1 0 1 1 1 0 0 1 1 0 1 1 1 1 1 1 1 0 1 1 0 1 1 0 0 1 0 1 0 0 0 0 0 0 0
220	2	1 1 1 0 1 0 1 1 1 1 0 1 0 0 0 1 1 1 0 1 0 0 1 1 0 1 1 1 1 1 1 1 0 1 1 0 1 1 0 0 1 0 1 0 0 0 0 0 0 0
220	12	1 1 1 0 1 1 1 1 1 1 0 1 0 0 0 1 1 1 0 1 0 0 1 1 0 1 1 1 1 1 1 1 0 1 1 0 1 1 0 0 1 0 1 0 0 0 0 0 0 0
220	10	1 1 1 0 1 1 1 1 1 1 0 1 0 0 0 1 1 1 1 1 0 0 1 1 0 1 1 1 1 1 1 1 0 1 1 0 1 1 0 0 1 0 1 0 0 0 0 0 0 0
220	3	1 1 1 0 1 1 1 0 1 1 0 1 0 0 0 1 1 1 0 1 0 0 1 1 0 1 1 1 1 1 1 1 0 1 1 0 1 1 0 0 1 0 1 0 0 0 0 0 0 0
220	3	1 1 1 0 1 1 1 1 0 1 0 1 0 0 0 1 1 1 0 1 0 0 1 1 0 1 1 1 1 1 1 1 0 1 1 0 1 1 0 0 1 0 1 0 0 0 0 0 0 0
220	13	1 1 1 0 1 1 1 1 1 1 0 1 0 0 0 1 1 1 0 1 0 0 1 1 0 1 1 1 1 1 1 1 0 1 1 0 1 1 0 0 1 0 1 0 0 0 0 0 0 1
220	1	1 1 1 0 1 1 1 1 1 0 0 1 0 0 0 1 1 1 0 1 0 0 1 1 0 0 1 1 1 1 1 1 0 1 1 0 1 1 0 0 1 0 0 0 0 0 0 0 0 1
220	1	1 1 1 0 1 1 1 1 1 0 0 1 0 0 0 1 1 1 0 1 0 0 1 1 0 1 1 1 1 1 1 1 0 1 1 0 1 1 0 0 1 0 0 0 0 0 0 0 0 1
220	1	1 1 1 0 1 1 1 1 1 0 0 1 0 0 1 1 1 1 0 1 0 0 1 1 0 1 1 1 1 1 1 1 0 1 1 0 1 1 0 0 1 0 1 0 0 0 0 0 0 1
230	2	1 1 1 0 1 1 1 1 1 1 0 1 0 0 0 1 1 1 0 1 0 0 1 1 0 1 1 1 1 1 1 1 0 1 1 0 1 1 0 0 1 0 1 0 0 0 1 0 0 1
230	13	1 1 1 0 1 1 1 1 1 1 0 1 0 0 0 1 1 1 0 1 0 0 1 1 0 1 1 1 1 1 1 1 0 1 1 0 1 1 0 0 1 0 0 0 0 0 1 0 0 1
230	3	1 1 1 1 1 1 1 1 1 1 0 1 0 0 0 1 1 1 0 1 0 0 1 1 0 1 1 1 1 1 0 1 0 1 1 0 1 1 0 0 1 0 1 0 0 0 0 0 0 1
230	4	1 1 1 1 1 1 1 1 1 1 0 1 0 1 0 1 1 1 0 1 0 0 1 1 0 1 1 1 1 1 1 1 0 1 1 0 1 1 0 0 1 0 1 0 0 0 0 0 0 1
230	11	1 1 1 1 1 1 1 1 1 1 0 1 0 0 0 1 1 1 0 1 0 0 1 1 0 1 1 1 1 1 1 1 0 1 1 0 1 1 0 0 1 0 1 0 0 0 0 0 0 1
230	1	1 1 1 1 1 1 1 1 1 0 0 1 0 0 0 1 1 1 0 1 0 0 1 1 0 1 1 1 1 1 1 1 0 1 1 0 1 1 0 0 1 0 1 0 0 0 0 0 0 0
230	2	1 1 1 0 1 1 1 1 1 0 0 1 0 0 0 1 1 1 0 1 0 0 1 1 0 1 1 1 1 1 1 1 0 1 1 0 1 1 0 0 1 0 1 0 0 0 0 0 0 1
230	4	1 1 1 1 1 1 1 1 1 0 0 1 0 0 0 1 1 1 0 1 0 0 1 1 0 1 1 0 1 1 1 1 0 1 1 0 1 1 0 0 1 0 1 0 0 0 0 0 0 1
230	3	1 1 1 1 1 1 1 1 1 0 0 1 0 0 0 1 1 1 0 1 0 0 1 1 0 1 1 1 1 1 1 1 0 1 1 0 1 1 0 0 1 0 1 0 0 0 0 0 0 1
230	6	1 1 1 1 1 1 1 1 1 0 0 1 0 0 0 1 1 1 0 1 0 0 1 1 0 1 1 0 1 1 1 1 0 1 1 0 1 1 0 0 1 0 1 0 0 0 0 0 0 0
230	6	1 1 1 0 1 1 1 1 1 1 0 1 0 0 0 1 0 1 1 1 0 0 1 1 0 1 1 1 1 1 1 1 0 1 1 0 1 1 0 0 1 0 1 0 0 0 0 0 0 0
230	1	1 1 1 0 1 1 1 1 1 1 0 1 0 0 0 1 1 1 0 1 0 0 1 1 1 1 1 1 1 1 1 1 0 1 1 0 1 1 0 0 1 0 1 0 0 0 0 0 0 0
230	1	1 1 1 0 1 1 1 1 0 1 0 1 0 0 0 1 1 1 0 1 0 0 1 1 0 1 1 1 1 1 1 1 0 1 1 0 1 1 0 0 1 0 1 0 0 0 0 0 0 0
230	20	1 1 1 0 1 1 1 1 1 1 0 1 0 0 0 1 1 1 0 1 0 0 1 1 0 1 1 1 1 1 1 1 0 1 1 0 1 1 0 0 1 0 1 0 0 0 0 0 0 0
230	12	1 1 1 0 1 1 1 1 1 1 0 1 0 0 0 1 1 1 1 1 0 0 1 1 0 1 1 1 1 1 1 1 0 1 1 0 1 1 0 0 1 0 1 0 0 0 0 0 0 0
230	1	1 1 1 0 1 1 1 1 1 1 0 1 0 0 0 1 1 1 0 1 0 0 1 1 0 1 0 1 1 1 1 1 0 1 1 0 1 1 0 0 1 0 1 0 0 0 0 0 0 1
230	9	1 1 1 0 1 1 1 1 1 1 0 1 0 0 0 1 1 1 0 1 0 0 1 1 0 1 1 1 1 1 1 1 0 1 1 0 1 1 0 0 1 0 1 0 0 0 0 0 0 1
230	1	1 1 1 0 1 1 1 1 1 0 0 1 0 0 0 1 1 1 0 1 0 0 1 1 0 0 1 1 1 1 1 1 0 1 1 0 1 1 0 0 1 0 0 0 0 0 0 0 0 1
240	2	1 1 1 0 1 1 1 1 1 1 0 1 0 0 0 1 1 1 0 1 1 0 1 1 0 1 1 1 1 1 1 1 0 1 1 0 1 1 0 0 1 0 0 0 0 0 1 0 0 1
240	1	1 1 1 0 1 1 1 1 1 1 0 1 0 0 0 1 1 1 0 1 0 0 1 1 1 1 1 1 1 1 1 1 0 1 1 0 1 1 1 0 1 0 0 0 0 0 1 0 0 1
240	7	1 1 1 0 1 1 1 1 1 1 0 1 0 0 0 1 1 1 0 1 0 0 1 1 0 1 1 1 1 1 1 1 0 1 1 0 1 1 0 0 1 0 0 0 0 0 1 0 0 1
240	11	1 1 1 1 1 1 1 1 1 1 0 1 0 1 0 1 1 1 0 1 0 0 1 1 0 1 1 1 1 1 1 1 0 1 1 0 1 1 0 0 1 0 1 0 0 0 0 0 0 1
240	14	1 1 1 1 1 1 1 1 1 1 0 1 0 0 0 1 1 1 0 1 0 0 1 1 0 1 1 1 1 1 1 1 0 1 1 0 1 1 0 0 1 0 1 0 0 0 0 0 0 1
240	1	1 1 1 1 1 1 1 1 1 0 0 1 0 0 0 1 1 1 0 1 0 0 1 1 0 1 1 1 1 1 1 1 0 1 1 0 1 1 0 0 1 0 1 0 0 0 0 0 0 0
240	5	1 1 1 1 1 1 1 1 1 0 0 1 0 0 0 1 1 1 0 1 0 0 1 1 0 1 1 0 1 1 1 1 0 1 1 0 1 1 0 0 1 0 1 0 0 0 0 0 0 0
240	16	1 1 1 0 1 1 1 1 1 1 0 1 0 0 0 1 1 1 1 1 0 0 1 1 0 1 1 1 1 1 1 1 0 1 1 0 1 1 0 0 1 0 1 0 0 0 0 0 0 0
240	11	1 1 1 0 1 1 1 1 1 1 0 1 0 0 0 1 0 1 1 1 0 0 1 1 0 1 1 1 1 1 1 1 0 1 1 0 1 1 0 0 1 0 1 0 0 0 0 0 0 0
240	2	1 1 1 0 1 1 1 1 1 1 0 1 0 0 0 1 1 1 0 1 0 0 1 1 1 1 1 1 1 1 1 1 0 1 1 0 1 1 0 0 1 0 1 0 0 0 0 0 0 0
240	1	1 1 1 0 1 1 1 1 1 1 0 1 0 0 0 1 1 1 0 0 0 0 1 1 0 1 1 1 1 1 1 1 0 1 1 0 1 1 0 0 1 0 1 0 0 0 0 0 0 0
240	1	1 1 1 0 1 1 1 1 1 1 0 1 0 0 0 1 1 1 0 1 0 0 1 1 0 1 1 1 1 1 1 1 0 1 1 0 1 1 0 0 1 0 1 0 0 0 0 0 0 1
240	1	1 1 1 0 1 1 1 1 1 1 0 1 0 0 0 1 1 1 0 1 0 0 1 1 0 1 1 1 1 1 1 1 0 1 1 0 1 1 0 0 1 0 1 0 0 0 0 0 1 0
240	23	1 1 1 0 1 1 1 1 1 1 0 1 0 0 0 1 1 1 0 1 0 0 1 1 0 1 1 1 1 1 1 1 0 1 1 0 1 1 0 0 1 0 1 0 0 0 0 0 0 0
240	1	1 1 1 0 1 1 1 0 1 1 0 1 0 0 0 1 1 1 1 1 0 0 1 1 0 1 1 1 1 1 1 1 0 1 1 0 1 1 0 0 1 0 1 0 0 0 0 0 0 0
240	1	1 1 1 0 1 1 1 1 1 1 0 1 0 0 0 1 1 1 1 1 0 0 1 1 0 1 1 1 1 1 1 1 0 1 1 0 0 1 0 0 1 0 1 0 0 0 0 0 0 0
240	1	1 1 1 0 1 1 1 1 1 0 0 1 0 0 0 1 1 1 0 1 0 0 1 1 0 0 1 1 1 1 1 1 0 1 1 0 1 1 0 0 1 0 0 0 0 0 0 0 0 1
240	1	1 1 1 0 1 1 1 1 1 0 0 1 0 0 0 1 1 1 0 1 0 0 1 1 0 1 1 1 1 1 1 1 0 1 1 0 1 1 0 0 1 0 0 0 0 0 0 0 0 1
250	3	1 1 1 0 1 1 1 1 1 1 0 1 0 0 0 1 1 1 0 1 0 0 1 1 1 1 1 1 1 1 1 1 0 1 1 0 1 1 1 0 1 0 0 0 0 0 1 0 0 1
250	5	1 1 1 0 1 1 1 1 1 1 0 1 0 0 0 1 1 1 0 1 0 0 1 1 0 1 1 1 1 1 1 1 0 1 1 0 1 1 0 0 1 0 0 0 0 0 1 0 0 1
250	10	1 1 1 1 1 1 1 1 1 1 0 1 0 1 0 1 1 1 0 1 0 0 1 1 0 1 1 1 1 1 1 1 0 1 1 0 1 1 0 0 1 0 1 0 0 0 0 0 0 1
250	22	1 1 1 1 1 1 1 1 1 1 0 1 0 0 0 1 1 1 0 1 0 0 1 1 0 1 1 1 1 1 1 1 0 1 1 0 1 1 0 0 1 0 1 0 0 0 0 0 0 1
250	1	1 1 1 1 1 1 1 1 1 0 0 1 0 0 0 1 1 1 0 1 0 0 1 1 0 1 1 1 1 1 1 1 0 1 1 0 1 1 0 0 1 0 1 0 0 0 0 0 0 0
250	1	1 1 1 1 1 1 1 1 1 0 0 1 0 0 0 1 1 1 0 1 0 0 1 1 0 1 1 0 1 0 1 1 0 1 1 0 1 1 0 0 1 0 1 0 0 0 0 0 0 0
250	1	1 1 1 1 1 1 1 1 1 0 0 1 0 0 0 1 1 1 0 1 0 0 1 1 0 1 1 0 1 1 1 1 0 1 1 0 1 1 0 0 1 0 1 0 0 0 0 0 0 0
250	1	1 1 1 1 1 1 1 1 1 0 0 1 0 0 0 1 1 1 0 1 1 0 1 1 0 1 1 0 1 1 1 1 0 1 1 0 1 1 0 0 1 0 1 0 0 0 0 0 0 1
250	1	1 1 1 0 1 1 1 1 1 0 0 0 0 0 0 1 1 1 0 1 0 0 1 1 0 1 1 1 1 1 1 1 0 1 1 0 1 1 0 0 0 0 1 0 0 0 0 0 0 1
250	1	1 1 1 0 1 1 1 0 1 1 0 1 0 0 0 1 0 1 1 1 0 0 1 1 0 1 1 1 1 1 1 1 0 1 1 0 1 1 0 0 1 0 1 0 0 0 0 0 0 0
250	18	1 1 1 0 1 1 1 1 1 1 0 1 0 0 0 1 1 1 1 1 0 0 1 1 0 1 1 1 1 1 1 1 0 1 1 0 1 1 0 0 1 0 1 0 0 0 0 0 0 0
250	1	1 1 1 0 1 1 1 1 1 1 0 1 0 0 0 1 0 1 1 1 0 0 1 1 0 1 1 1 1 1 1 1 0 1 1 0 1 1 0 0 0 0 1 0 0 0 0 0 0 0
250	11	1 1 1 0 1 1 1 1 1 1 0 1 0 0 0 1 0 1 1 1 0 0 1 1 0 1 1 1 1 1 1 1 0 1 1 0 1 1 0 0 1 0 1 0 0 0 0 0 0 0
250	2	1 1 1 0 1 1 1 1 1 1 0 1 0 0 0 1 1 1 0 1 0 0 1 1 0 1 1 1 1 1 1 1 0 1 1 1 1 1 0 0 1 0 1 0 0 0 0 0 0 0
250	1	1 1 1 0 1 1 1 1 1 1 0 1 0 0 1 1 1 1 0 1 0 0 1 1 0 1 1 1 1 1 1 1 0 1 1 0 1 1 0 0 1 0 1 0 0 0 0 0 0 0
250	21	1 1 1 0 1 1 1 1 1 1 0 1 0 0 0 1 1 1 0 1 0 0 1 1 0 1 1 1 1 1 1 1 0 1 1 0 1 1 0 0 1 0 1 0 0 0 0 0 0 0
260	1	1 1 1 0 1 1 1 1 1 1 0 1 0 0 0 1 1 1 0 1 0 0 1 1 1 1 1 1 1 1 1 1 0 1 1 0 1 1 1 0 1 0 0 0 0 0 1 0 0 1
260	2	1 1 1 1 1 1 1 1 1 1 0 1 0 1 0 1 1 1 0 1 0 0 1 1 0 1 1 1 1 1 1 1 0 1 1 0 1 1 0 0 1 0 1 0 0 0 0 0 0 1
260	1	1 1 1 1 1 1 1 1 1 1 0 1 0 0 0 1 1 1 0 1 0 0 1 1 0 1 1 1 1 1 1 1 1 1 1 0 1 1 0 0 1 0 1 0 0 0 0 0 0 1
260	2	0 1 1 0 1 1 1 1 1 1 0 1 0 0 0 1 1 1 0 1 0 0 1 1 0 1 1 1 1 1 1 1 0 1 1 0 1 1 0 0 1 0 1 0 0 0 0 0 0 1
260	15	1 1 1 1 1 1 1 1 1 1 0 1 0 0 0 1 1 1 0 1 0 0 1 1 0 1 1 1 1 1 1 1 0 1 1 0 1 1 0 0 1 0 1 0 0 0 0 0 0 1
260	8	1 1 1 1 1 1 1 1 1 0 0 1 0 0 0 1 1 1 0 1 0 0 1 1 0 1 1 1 1 1 1 1 0 1 1 0 1 1 0 0 1 0 1 0 0 0 0 0 0 0
260	1	1 1 1 0 1 1 1 1 1 0 0 1 0 0 0 1 1 1 0 1 0 0 1 1 0 1 1 0 1 1 1 1 0 1 1 0 1 1 0 0 1 0 1 0 0 0 0 0 0 0
260	5	1 1 1 1 1 1 1 1 1 0 0 1 0 0 0 1 1 1 0 1 0 0 1 1 0 1 1 0 1 1 1 1 0 1 1 0 1 1 0 0 1 0 1 0 0 0 0 0 0 0
260	2	1 1 1 1 1 1 1 1 1 0 0 1 0 0 0 1 1 1 0 1 1 0 1 1 0 1 1 0 1 1 1 1 0 1 1 0 1 1 0 0 1 0 1 0 0 0 0 0 0 1
260	5	1 1 1 0 1 1 1 1 1 1 0 1 0 0 0 1 0 1 1 1 0 0 1 1 0 1 1 1 1 1 1 1 0 1 1 0 1 1 0 0 1 0 1 0 0 0 0 0 0 0
260	21	1 1 1 0 1 1 1 1 1 1 0 1 0 0 0 1 1 1 1 1 0 0 1 1 0 1 1 1 1 1 1 1 0 1 1 0 1 1 0 0 1 0 1 0 0 0 0 0 0 0
260	2	1 1 1 0 1 1 1 1 1 1 0 1 0 0 0 1 1 1 0 1 0 0 1 1 0 1 1 1 1 1 1 1 0 1 1 1 1 1 0 0 1 0 1 0 0 0 0 0 0 0
260	1	1 1 1 0 1 1 1 1 1 1 0 1 0 0 0 1 1 1 0 1 0 0 1 1 0 1 1 1 1 1 1 1 0 1 1 0 1 1 0 0 1 0 1 0 0 0 0 0 0 1
260	2	1 1 1 1 1 1 0 1 1 1 0 1 0 0 0 1 1 1 0 1 0 0 1 1 0 1 1 1 1 1 1 1 0 1 1 0 1 1 0 0 1 0 1 0 0 0 0 0 0 0
260	3	1 1 1 0 1 1 0 1 1 1 0 1 0 0 0 1 1 1 0 1 0 0 1 1 0 1 1 1 1 1 1 1 0 1 1 0 1 1 0 0 1 0 1 0 0 0 0 0 0 0
260	1	1 1 1 0 1 1 1 1 1 1 0 1 0 0 0 1 1 1 0 1 0 0 1 1 0 1 1 0 1 1 1 1 0 1 1 0 1 1 0 0 1 0 1 0 0 0 0 0 0 0
260	1	1 1 1 0 0 1 1 1 1 1 0 1 0 0 0 1 1 1 0 1 0 0 1 1 0 1 1 1 1 1 1 1 0 1 1 0 1 1 0 0 1 0 1 0 0 0 0 0 0 0
260	26	1 1 1 0 1 1 1 1 1 1 0 1 0 0 0 1 1 1 0 1 0 0 1 1 0 1 1 1 1 1 1 1 0 1 1 0 1 1 0 0 1 0 1 0 0 0 0 0 0 0
260	1	1 1 1 0 1 1 1 1 1 0 0 1 0 0 0 1 1 1 0 1 0 0 1 1 0 0 1 1 1 1 1 1 0 1 1 0 1 1 0 0 1 0 0 0 0 0 0 0 0 1
270	2	1 1 1 1 1 1 1 1 1 1 0 1 0 1 0 1 1 1 0 1 0 0 1 1 0 1 1 1 1 1 1 1 0 1 1 0 1 1 0 0 1 0 1 0 0 0 0 0 0 1
270	15	1 1 1 1 1 1 1 1 1 1 0 1 0 0 0 1 1 1 0 1 0 0 1 1 0 1 1 1 1 1 1 1 0 1 1 0 1 1 0 0 1 0 1 0 0 0 0 0 0 1
270	1	1 1 1 1 1 1 1 1 1 0 0 1 0 0 0 1 1 1 0 1 1 0 1 1 0 1 1 1 1 1 1 1 0 1 1 0 1 1 0 0 1 0 1 0 0 0 0 0 0 0
270	5	1 1 1 1 1 1 1 1 1 0 0 1 0 0 0 1 1 1 0 1 0 0 1 1 0 1 1 1 1 1 1 1 0 1 1 0 1 1 0 0 1 0 1 0 0 0 0 0 0 0
270	1	1 1 1 1 1 1 1 1 1 0 0 1 0 0 0 1 1 1 0 1 0 0 1 1 0 1 1 0 1 1 1 1 0 1 1 0 1 1 0 1 1 0 1 0 0 0 0 0 0 0
270	10	1 1 1 1 1 1 1 1 1 0 0 1 0 0 0 1 1 1 0 1 0 0 1 1 0 1 1 0 1 1 1 1 0 1 1 0 1 1 0 0 1 0 1 0 0 0 0 0 0 0
270	1	1 1 1 0 1 1 1 1 1 1 0 1 0 0 0 1 0 1 0 1 0 0 1 1 0 1 1 1 1 1 1 1 0 1 1 0 1 1 0 0 1 0 1 0 0 0 0 0 0 0
270	1	1 1 1 0 1 1 1 1 1 1 0 1 0 0 0 1 0 1 1 1 0 0 1 1 0 1 1 1 1 0 1 1 0 1 1 0 1 1 0 0 1 0 1 0 0 0 0 0 0 0
270	2	1 1 1 0 1 1 1 1 1 1 0 1 0 0 0 1 0 1 1 1 0 0 1 1 0 1 1 1 1 1 1 1 0 1 1 0 1 1 0 0 1 0 1 0 0 0 0 0 0 0
270	1	1 1 1 0 1 1 1 1 1 1 0 1 0 0 0 1 1 1 1 1 1 0 1 1 0 1 1 1 1 1 1 1 0 1 1 0 1 1 0 0 1 0 1 0 0 0 0 0 0 0
270	31	1 1 1 0 1 1 1 1 1 1 0 1 0 0 0 1 1 1 1 1 0 0 1 1 0 1 1 1 1 1 1 1 0 1 1 0 1 1 0 0 1 0 1 0 0 0 0 0 0 0
270	5	1 1 1 0 1 1 0 1 1 1 0 1 0 0 0 1 1 1 0 1 0 0 1 1 0 1 1 1 1 1 1 1 0 1 1 0 1 1 0 0 1 0 1 0 0 0 0 0 0 0
270	2	1 1 1 0 1 1 1 1 1 1 0 1 0 0 0 1 1 1 0 1 0 0 1 1 0 1 1 0 1 1 1 1 0 1 1 0 1 1 0 0 1 0 1 0 0 0 0 0 0 0
270	1	1 1 1 0 1 1 1 1 1 1 0 1 0 0 0 1 1 1 0 1 0 0 1 1 0 1 1 1 1 1 1 1 0 1 1 0 1 1 0 0 1 0 1 0 0 0 0 0 0 1
270	22	1 1 1 0 1 1 1 1 1 1 0 1 0 0 0 1 1 1 0 1 0 0 1 1 0 1 1 1 1 1 1 1 0 1 1 0 1 1 0 0 1 0 1 0 0 0 0 0 0 0
280	1	1 1 1 0 1 1 1 1 1 1 0 1 0 0 0 1 1 1 0 1 0 0 1 1 0 1 1 1 1 1 1 1 0 1 1 0 1 1 0 0 1 0 0 0 0 0 1 0 0 1
280	3	1 1 1 1 1 1 1 1 1 1 0 1 0 1 0 1 1 1 0 1 0 0 1 1 0 1 1 1 1 1 1 1 0 1 1 0 1 1 0 0 1 0 1 0 0 0 0 0 0 1
280	1	1 1 1 1 1 1 1 1 1 1 0 1 0 0 0 1 1 1 0 1 0 0 1 1 0 1 1 1 1 1 1 1 1 1 1 0 1 1 0 0 1 0 1 0 0 0 0 0 0 1
280	1	1 1 1 1 1 1 1 1 0 1 0 1 0 0 0 1 1 1 0 1 0 0 1 1 0 1 1 1 1 1 1 1 0 1 1 0 1 1 0 0 1 0 1 0 0 0 0 0 0 1
280	23	1 1 1 1 1 1 1 1 1 1 0 1 0 0 0 1 1 1 0 1 0 0 1 1 0 1 1 1 1 1 1 1 0 1 1 0 1 1 0 0 1 0 1 0 0 0 0 0 0 1
280	1	1 1 1 1 1 1 1 1 1 0 0 1 0 0 0 1 1 1 0 1 1 0 1 1 0 1 1 1 1 1 1 1 0 1 1 0 1 1 0 0 1 0 1 0 0 0 0 0 0 0
280	2	1 1 1 1 1 1 1 1 1 0 0 1 0 0 0 1 1 1 0 1 0 0 1 1 0 1 1 1 1 1 1 1 0 1 1 0 1 1 0 0 1 0 1 0 0 0 0 0 0 0
280	2	1 1 1 1 1 1 1 1 1 0 0 1 0 0 0 1 1 1 0 1 0 0 1 1 0 1 1 0 1 1 1 1 0 1 1 0 1 1 0 0 1 1 1 0 0 0 0 0 0 0
280	1	1 1 1 1 1 1 1 1 1 0 0 1 0 0 0 0 1 1 0 1 0 0 1 1 0 1 1 0 1 1 1 1 0 1 1 0 1 1 0 0 1 0 1 0 0 0 0 0 0 0
280	14	1 1 1 1 1 1 1 1 1 0 0 1 0 0 0 1 1 1 0 1 0 0 1 1 0 1 1 0 1 1 1 1 0 1 1 0 1 1 0 0 1 0 1 0 0 0 0 0 0 0
280	3	1 1 1 0 1 1 1 1 1 0 0 0 0 0 0 1 1 1 0 1 0 0 1 1 0 1 1 1 1 1 1 1 0 1 1 0 1 1 0 0 0 0 1 0 0 0 0 0 0 1
280	5	1 1 1 0 1 1 1 1 1 1 0 1 0 0 0 1 0 1 1 1 0 0 1 1 0 1 1 1 1 1 1 1 0 1 1 0 1 1 0 0 1 0 1 0 0 0 0 0 0 0
280	10	1 1 1 0 1 1 1 1 1 1 0 1 0 0 0 1 1 1 0 1 0 0 1 1 0 1 1 1 1 1 1 1 0 1 1 0 1 1 0 0 1 0 1 0 0 0 0 0 0 0
280	1	1 1 1 0 1 1 1 1 1 1 0 1 0 0 0 1 1 1 1 1 1 0 1 1 0 1 1 1 1 1 1 1 0 1 1 0 1 1 0 0 1 0 1 0 0 0 0 0 0 0
280	29	1 1 1 0 1 1 1 1 1 1 0 1 0 0 0 1 1 1 1 1 0 0 1 1 0 1 1 1 1 1 1 1 0 1 1 0 1 1 0 0 1 0 1 0 0 0 0 0 0 0
280	2	1 1 1 1 1 1 0 1 1 1 0 1 0 0 0 1 1 1 0 1 0 0 1 1 0 1 1 1 1 1 1 1 0 1 1 0 1 1 0 0 1 0 1 0 0 0 0 0 0 0
280	1	1 1 1 0 1 1 1 1 1 1 0 1 0 0 0 1 1 1 0 1 1 0 1 1 0 1 1 1 1 1 1 1 0 1 1 0 1 1 0 0 1 0 1 0 0 0 0 0 0 0
290	1	1 1 1 1 1 1 1 1 1 1 0 1 0 0 0 1 1 1 0 1 0 0 1 1 0 1 1 1 1 1 1 1 0 1 1 0 1 1 0 0 1 0 1 0 0 1 0 0 0 1
290	1	1 1 1 1 1 1 1 1 1 1 0 1 0 0 0 1 1 1 0 1 0 1 1 1 0 1 1 1 1 1 1 1 0 1 1 0 1 1 0 0 1 0 1 0 0 0 0 0 0 1
290	36	1 1 1 1 1 1 1 1 1 1 0 1 0 0 0 1 1 1 0 1 0 0 1 1 0 1 1 1 1 1 1 1 0 1 1 0 1 1 0 0 1 0 1 0 0 0 0 0 0 1
290	6	1 1 1 1 1 1 1 1 1 0 0 1 0 0 0 1 1 1 0 1 1 0 1 1 0 1 1 1 1 1 1 1 0 1 1 0 1 1 0 0 1 0 1 0 0 0 0 0 0 0
290	2	1 1 1 1 1 1 1 1 1 0 0 1 0 0 0 1 1 1 0 1 0 0 1 1 0 1 1 0 1 1 1 1 0 1 1 0 0 1 0 0 1 0 1 0 1 0 0 0 0 0
290	1	1 1 1 1 1 1 1 1 1 0 0 1 0 0 0 1 1 1 0 1 0 0 1 1 0 1 1 0 1 1 1 1 0 1 1 0 1 1 0 0 1 1 1 0 0 0 0 0 0 0
290	1	1 1 1 1 1 1 1 1 1 0 0 1 0 0 0 0 1 1 0 1 0 0 1 1 0 1 1 0 1 1 1 1 0 1 1 0 1 1 0 0 1 0 1 0 0 0 0 0 0 0
290	1	1 1 1 1 1 1 1 1 1 0 0 1 0 0 0 1 0 1 0 1 0 0 1 1 0 1 1 0 1 1 1 1 0 1 1 0 1 1 0 0 1 0 1 0 0 0 0 0 0 0
290	6	1 1 1 1 1 1 1 1 1 0 0 1 0 0 0 1 1 1 0 1 0 0 1 1 0 1 1 0 1 1 1 1 0 1 1 0 1 1 0 0 1 0 1 0 0 0 0 0 0 0
290	2	1 1 1 0 1 1 1 1 1 0 0 0 0 0 0 1 1 1 0 1 0 0 1 1 0 1 1 1 1 1 1 1 0 1 1 0 1 1 0 0 0 0 1 0 0 0 0 0 0 1
290	6	1 1 1 0 1 1 1 1 1 1 0 1 0 0 0 1 0 1 1 1 0 0 1 1 0 1 1 1 1 1 1 1 0 1 1 0 1 1 0 0 1 0 1 0 0 0 0 0 0 0
290	2	1 1 1 0 1 1 1 1 1 1 0 1 0 0 0 1 1 1 0 1 0 0 1 1 0 1 1 1 1 1 1 1 0 1 1 0 1 1 0 0 1 0 1 0 0 0 0 0 0 1
290	1	1 1 1 0 1 1 1 1 0 1 0 1 0 0 0 1 1 1 0 1 0 0 1 1 0 1 1 1 1 1 1 1 0 1 1 0 1 1 0 0 1 0 1 0 0 0 0 0 0 0
290	9	1 1 1 0 1 1 1 1 1 1 0 1 0 0 0 1 1 1 0 1 0 0 1 1 0 1 1 1 1 1 1 1 0 1 1 0 1 1 0 0 1 0 1 0 0 0 0 0 0 0
290	24	1 1 1 0 1 1 1 1 1 1 0 1 0 0 0 1 1 1 1 1 0 0 1 1 0 1 1 1 1 1 1 1 0 1 1 0 1 1 0 0 1 0 1 0 0 0 0 0 0 0
290	1	1 1 1 0 1 1 1 1 1 1 0 1 0 0 0 1 1 1 0 1 1 0 1 1 0 1 1 1 1 1 1 1 0 1 1 0 1 1 0 0 1 0 1 0 0 0 0 0 0 0
300	3	1 1 1 1 1 1 1 1 1 1 0 1 0 1 0 1 1 1 0 1 0 0 1 1 0 1 1 1 1 1 1 1 0 1 1 0 1 1 0 0 1 0 1 0 0 0 0 0 0 1
300	1	1 1 1 1 1 1 1 1 0 1 0 1 0 0 0 1 1 1 0 1 0 0 1 1 0 1 1 1 1 1 1 1 0 1 1 0 1 1 0 0 1 0 1 0 0 0 0 0 0 1
300	1	1 1 1 1 1 1 1 1 1 1 0 1 0 0 0 1 1 1 0 1 0 0 1 1 0 1 1 1 1 1 1 1 0 0 1 0 1 1 0 0 1 0 1 0 0 0 0 0 0 1
300	1	0 1 1 1 1 1 1 1 1 1 0 1 0 0 0 1 1 1 0 1 0 0 1 1 0 1 1 1 1 1 1 1 0 1 1 0 1 1 0 0 1 0 1 0 0 0 0 0 0 1
300	1	1 1 1 1 1 1 1 1 1 1 0 1 0 0 0 1 1 1 0 1 0 1 1 1 0 1 1 1 1 1 1 1 0 1 1 0 1 1 0 0 1 0 1 0 0 0 0 0 0 1
300	1	1 1 1 1 1 1 1 1 1 1 0 1 0 0 0 1 1 1 0 1 0 0 1 1 0 1 1 1 1 1 1 1 0 1 1 0 1 1 0 0 1 0 1 0 0 0 0 1 0 1
300	2	1 1 1 1 1 1 1 1 1 1 0 1 0 0 0 1 1 1 0 1 0 0 1 0 0 1 1 1 1 1 1 1 0 1 1 0 1 1 0 0 1 0 1 0 0 0 0 0 0 1
300	1	1 1 1 1 1 1 1 1 1 1 0 1 0 0 0 1 1 1 0 1 0 0 1 1 0 1 1 1 1 1 1 1 0 1 1 0 1 1 0 0 1 0 1 0 0 0 1 0 0 1
300	25	1 1 1 1 1 1 1 1 1 1 0 1 0 0 0 1 1 1 0 1 0 0 1 1 0 1 1 1 1 1 1 1 0 1 1 0 1 1 0 0 1 0 1 0 0 0 0 0 0 1
300	3	1 1 1 1 1 1 1 1 1 0 0 1 0 0 0 1 1 1 0 1 1 0 1 1 0 1 1 1 1 1 1 1 1 1 1 0 1 1 0 0 1 0 1 0 0 0 0 0 0 0
300	2	1 1 1 1 1 1 1 1 1 0 0 1 0 0 0 1 1 1 0 1 1 0 1 1 0 1 1 1 1 1 1 1 0 1 1 0 1 1 0 0 1 0 1 0 0 0 0 0 0 0
300	4	1 1 1 1 1 1 1 1 1 0 0 1 0 0 0 1 1 1 0 1 0 0 1 1 0 1 1 0 1 1 1 1 0 1 1 0 0 1 0 0 1 0 1 0 1 0 0 0 0 0
300	4	1 1 1 1 1 1 1 1 1 0 0 1 0 0 0 0 1 1 0 1 0 0 1 1 0 1 1 0 1 1 1 1 0 1 1 0 1 1 0 0 1 0 1 0 0 0 0 0 0 0
300	4	1 1 1 1 1 1 1 1 1 0 0 1 0 0 0 1 1 1 0 1 0 0 1 1 0 1 1 0 1 1 1 1 0 1 1 0 1 1 0 0 1 0 1 0 0 0 0 0 0 0
300	1	1 1 1 0 1 1 1 1 1 1 0 1 0 0 0 1 0 1 1 1 0 0 1 1 0 1 1 0 1 1 1 1 0 1 1 0 1 1 0 0 1 0 1 0 0 0 0 0 0 0
300	7	1 1 1 0 1 1 1 1 1 1 0 1 0 0 0 1 0 1 1 1 0 0 1 1 0 1 1 1 1 1 1 1 0 1 1 0 1 1 0 0 1 0 1 0 0 0 0 0 0 0
300	14	1 1 1 0 1 1 1 1 1 1 0 1 0 0 0 1 1 1 0 1 0 0 1 1 0 1 1 1 1 1 1 1 0 1 1 0 1 1 0 0 1 0 1 0 0 0 0 0 0 0
300	23	1 1 1 0 1 1 1 1 1 1 0 1 0 0 0 1 1 1 1 1 0 0 1 1 0 1 1 1 1 1 1 1 0 1 1 0 1 1 0 0 1 0 1 0 0 0 0 0 0 0
300	1	1 1 1 1 1 1 0 1 1 1 0 1 0 0 0 1 1 1 0 1 0 0 1 1 0 1 1 1 1 1 1 1 0 1 1 0 1 1 0 0 1 0 1 0 0 0 0 0 0 0
300	1	1 1 1 0 1 1 1 1 1 1 0 1 0 0 0 1 1 1 0 1 1 0 1 1 0 1 1 1 1 1 1 1 0 0 1 0 1 1 0 0 1 0 1 0 0 0 0 0 0 0
310	2	1 1 1 1 1 1 1 1 1 1 0 1 0 1 0 1 1 1 0 1 0 0 1 1 0 1 1 1 1 1 1 1 0 1 1 0 1 1 0 0 1 0 1 0 0 0 0 0 0 1
310	1	1 1 1 1 1 1 1 1 0 1 0 1 0 0 0 1 1 1 0 1 0 0 1 1 0 1 1 1 1 1 1 1 0 1 1 0 1 1 0 0 1 0 1 0 0 0 0 0 0 1
310	1	1 1 1 1 1 1 1 1 1 1 0 1 0 0 0 1 1 1 0 1 0 0 1 1 0 1 1 1 1 1 1 1 0 0 1 0 1 1 0 0 1 0 1 0 0 0 0 0 0 1
310	3	1 1 1 1 1 1 1 1 1 1 0 1 0 0 0 1 1 1 0 1 0 0 1 1 0 1 1 1 1 1 1 1 0 1 1 0 1 1 0 1 1 0 1 0 0 0 0 0 0 1
310	1	1 1 1 1 1 1 1 1 1 1 0 1 0 0 0 1 1 1 0 1 0 0 1 1 0 1 1 1 1 1 0 1 0 1 1 0 1 1 0 0 1 0 1 0 0 0 0 0 0 1
310	1	1 1 1 1 1 1 1 1 1 1 0 1 0 0 0 1 1 1 0 1 0 0 1 1 0 1 1 1 1 1 1 1 0 1 1 0 1 1 0 0 1 0 1 0 0 0 0 1 0 1
310	1	1 1 1 1 1 1 1 1 1 1 0 1 0 0 0 1 1 1 0 1 0 0 1 0 0 1 1 1 1 1 1 1 0 1 1 0 1 1 0 0 1 0 1 0 0 0 0 0 0 1
310	5	1 1 1 1 1 1 1 1 1 1 0 1 0 0 0 1 1 1 0 1 0 0 1 1 0 1 1 1 1 1 1 1 0 1 1 0 1 0 0 0 1 0 1 0 0 0 0 0 0 1
310	1	1 1 1 1 1 1 1 1 1 1 0 1 0 0 0 1 1 1 0 1 0 0 1 1 0 1 1 1 1 1 1 1 0 1 1 1 1 1 0 0 1 0 1 0 0 0 0 0 0 1
310	1	1 1 1 1 1 1 1 1 1 1 0 1 0 0 0 1 1 1 0 1 0 0 1 1 0 1 1 1 1 1 1 1 0 1 1 0 1 1 0 0 0 0 1 0 0 0 0 0 0 1
310	3	1 1 1 1 1 1 1 1 1 1 0 1 0 0 0 1 1 1 0 1 0 0 1 1 0 1 1 1 1 0 1 1 0 1 1 0 1 1 0 0 1 0 1 0 0 0 0 0 0 1
310	1	1 1 1 1 1 1 1 1 1 1 0 1 0 0 0 1 1 1 0 1 0 0 1 1 0 1 1 1 1 1 1 1 0 1 1 0 1 1 0 0 1 0 1 0 0 0 1 0 0 1
310	1	1 1 1 1 1 1 1 1 1 1 0 1 0 0 0 1 1 1 0 1 0 0 1 1 0 1 1 1 1 1 1 1 0 1 1 0 1 1 0 0 1 0 1 0 0 0 0 0 0 0
310	25	1 1 1 1 1 1 1 1 1 1 0 1 0 0 0 1 1 1 0 1 0 0 1 1 0 1 1 1 1 1 1 1 0 1 1 0 1 1 0 0 1 0 1 0 0 0 0 0 0 1
310	5	1 1 1 1 1 1 1 1 1 0 0 1 0 0 0 1 1 1 0 1 1 0 1 1 0 1 1 1 1 1 1 1 0 1 1 0 1 1 0 0 1 0 1 0 0 0 0 0 0 0
310	4	1 1 1 1 1 1 1 1 1 0 0 1 0 0 0 1 1 1 0 1 0 0 1 1 0 1 1 0 1 1 1 1 0 1 1 0 0 1 0 0 1 0 1 0 1 0 0 0 0 0
310	1	1 1 1 1 1 1 1 1 1 0 0 1 0 0 0 1 1 1 0 1 0 0 1 1 0 1 0 0 1 1 1 1 0 1 1 0 1 1 0 0 1 0 1 0 0 0 0 0 0 0
310	5	1 1 1 1 1 1 1 1 1 0 0 1 0 0 0 1 1 1 0 1 0 0 1 1 0 1 1 0 1 1 1 1 0 1 1 0 1 1 0 0 1 0 1 0 0 0 0 0 0 0
310	2	1 1 1 0 1 1 1 1 1 1 0 1 0 0 0 1 0 1 1 1 0 0 1 1 0 1 1 0 1 1 1 1 0 1 1 0 1 1 0 0 1 0 1 0 0 0 0 0 0 0
310	2	1 1 1 0 1 1 1 1 1 1 0 1 0 0 0 1 0 1 1 1 0 0 1 1 0 1 1 1 1 1 1 1 0 1 1 0 1 1 0 0 1 0 1 0 0 0 0 0 0 0
310	1	1 1 1 0 1 1 1 1 0 1 0 1 0 0 0 1 1 1 0 1 0 0 1 1 0 1 1 1 1 1 1 1 0 1 1 0 1 1 0 0 1 0 1 0 0 0 0 0 0 0
310	2	1 1 1 0 1 1 1 1 1 1 0 1 0 0 0 1 1 1 0 1 0 0 1 1 0 1 1 1 1 1 1 1 0 1 1 0 1 1 0 0 1 0 1 0 0 0 0 0 0 0
310	3	1 1 1 0 1 1 1 1 1 1 0 1 0 0 0 1 1 1 1 1 0 0 1 1 0 1 1 1 1 1 1 1 0 0 1 0 1 1 0 0 1 0 1 0 0 0 0 0 0 0
310	1	1 1 1 0 1 1 1 0 1 1 0 1 0 0 0 1 1 1 1 1 0 0 1 1 0 1 1 1 1 1 1 1 0 1 1 0 1 1 0 0 1 0 1 0 0 0 0 0 0 0
310	24	1 1 1 0 1 1 1 1 1 1 0 1 0 0 0 1 1 1 1 1 0 0 1 1 0 1 1 1 1 1 1 1 0 1 1 0 1 1 0 0 1 0 1 0 0 0 0 0 0 0
310	1	1 1 1 1 1 1 0 1 1 1 0 1 0 0 0 1 1 1 0 1 0 0 1 1 0 1 1 1 1 1 1 1 0 1 1 0 1 1 0 0 1 0 1 0 0 0 0 0 0 0
310	1	1 1 1 0 1 1 1 1 1 1 0 1 0 0 0 1 1 1 0 1 1 0 1 1 0 1 1 1 1 1 1 1 0 0 1 0 1 1 0 0 1 0 1 0 0 0 0 0 0 0
310	1	1 1 1 0 1 1 1 1 1 1 0 1 0 0 0 1 1 1 0 1 1 0 1 1 0 1 1 1 1 1 1 1 0 1 1 0 1 1 0 0 1 0 1 0 0 0 0 0 0 0
