10	1	0 1 1 0 0 1 0 0 1 1
10	27	0 1 1 0 0 1 0 0 1 0
10	24	1 1 0 0 0 0 0 1 1 0
10	2	1 0 1 1 1 0 0 1 1 1
10	1	1 0 1 0 1 0 0 1 1 0
10	23	1 0 1 0 1 0 0 1 1 1
10	22	0 0 1 0 0 0 1 1 1 0
20	1	0 1 1 0 0 1 0 0 0 0
20	1	1 1 1 0 0 1 0 0 1 0
20	28	0 1 1 0 0 1 0 0 1 0
20	4	1 1 0 1 0 0 0 1 1 0
20	1	1 1 1 0 0 0 0 1 1 0
20	21	1 1 0 0 0 0 0 1 1 0
20	1	1 0 1 1 1 0 0 1 1 1
20	1	1 0 1 0 1 1 0 1 1 1
20	21	1 0 1 0 1 0 0 1 1 1
20	2	0 0 1 1 0 0 1 1 1 0
20	1	0 1 1 0 0 0 1 1 1 0
20	18	0 0 1 0 0 0 1 1 1 0
30	8	0 1 1 0 0 1 0 0 0 0
30	7	1 1 1 0 0 1 0 0 1 0
30	29	0 1 1 0 0 1 0 0 1 0
30	10	1 1 0 1 0 0 0 1 1 0
30	2	1 1 1 0 1 0 0 1 1 0
30	6	1 1 1 0 0 0 0 1 1 0
30	1	1 1 0 0 0 0 0 1 0 0
30	11	1 1 0 0 0 0 0 1 1 0
30	4	1 0 1 0 1 0 0 1 1 0
30	8	1 0 1 0 1 0 0 1 1 1
30	1	0 0 1 1 0 0 1 1 1 0
30	13	0 0 1 0 0 0 1 1 1 0
40	1	0 1 1 0 0 1 0 1 0 0
40	14	0 1 1 0 0 1 0 0 1 0
40	24	0 1 1 0 0 1 0 0 0 0
40	2	0 1 1 0 1 1 0 0 1 0
40	1	1 1 1 0 0 1 0 0 1 1
40	11	1 1 1 0 0 1 0 0 1 0
40	21	1 1 0 1 0 0 0 1 1 0
40	1	1 1 1 0 1 0 0 1 1 0
40	1	1 1 1 0 0 0 0 1 1 0
40	5	1 1 0 0 0 0 0 1 1 0
40	2	1 0 1 0 1 0 0 1 1 0
40	7	1 0 1 0 1 0 0 1 1 1
40	10	0 0 1 0 0 0 1 1 1 0
50	1	0 1 1 0 1 1 0 0 0 0
50	4	0 1 1 0 0 1 0 1 0 0
50	2	0 1 1 0 0 1 1 0 0 0
50	43	0 1 1 0 0 1 0 0 0 0
50	3	0 1 1 0 1 1 0 0 1 0
50	10	0 1 1 0 0 1 0 0 1 0
50	1	1 1 1 0 0 1 0 1 1 0
50	26	1 1 1 0 0 1 0 0 1 0
50	1	1 1 0 0 0 0 0 1 1 0
50	5	1 1 0 1 0 0 0 1 1 0
50	1	1 1 1 0 0 0 0 1 1 0
50	3	0 0 1 0 0 0 1 1 1 0
60	10	0 1 1 0 1 1 0 0 0 0
60	1	1 1 1 0 0 1 0 0 0 0
60	1	0 1 1 0 0 1 1 0 0 0
60	1	0 1 0 0 0 1 0 0 1 0
60	42	0 1 1 0 0 1 0 0 0 0
60	6	0 1 1 0 0 1 0 0 1 0
60	1	0 0 1 0 0 1 0 0 0 0
60	2	0 1 1 0 1 1 0 0 1 0
60	2	1 1 1 0 0 1 0 0 1 1
60	26	1 1 1 0 0 1 0 0 1 0
60	6	1 1 0 1 0 0 0 1 1 0
60	1	1 1 1 0 0 0 0 1 1 0
60	1	0 0 1 0 0 0 1 1 1 0
70	2	0 1 1 0 1 0 0 0 0 0
70	6	0 1 1 0 1 1 0 0 0 0
70	1	0 1 1 0 0 1 1 0 0 0
70	3	0 1 1 1 0 1 0 0 0 0
70	3	0 1 1 0 0 1 0 0 1 0
70	52	0 1 1 0 0 1 0 0 0 0
70	1	1 1 1 1 0 1 0 0 1 0
70	1	1 0 1 0 0 1 0 0 1 0
70	31	1 1 1 0 0 1 0 0 1 0
