10	2	0 0 1 1 1 1 1 1 1 1 0 1 1 0 0 0 0 0 0 0 1 0 0 0 0 1 1 1 0 1 0 0 0 1 0 0 1 1 1 0 1 1 1 1 0 0 0 0 0 1
10	1	0 0 1 1 0 1 1 1 1 1 0 1 1 0 0 0 0 0 0 0 1 0 0 0 0 1 1 1 0 1 0 0 0 1 0 0 1 1 1 0 1 1 1 1 0 0 0 1 0 1
10	19	0 0 1 1 1 1 1 1 1 1 0 1 1 0 0 0 0 0 0 0 1 0 0 0 0 1 1 1 0 1 0 0 0 1 0 0 1 1 1 0 1 1 1 1 0 0 0 1 0 1
10	16	1 0 1 1 0 0 0 1 1 0 0 0 0 1 1 0 0 0 0 0 1 0 0 0 1 0 0 0 0 0 0 1 0 0 0 0 0 1 1 0 1 0 1 1 1 0 0 0 1 1
10	28	0 0 1 0 0 1 0 0 0 1 1 1 1 0 0 0 0 1 1 0 1 0 0 0 1 0 0 1 0 0 1 1 0 0 1 1 1 0 1 1 1 0 0 0 1 1 0 1 1 0
10	23	1 0 0 0 0 1 0 1 1 0 1 0 1 1 0 1 0 0 1 0 1 0 0 0 0 0 0 1 0 0 0 0 0 1 0 1 0 0 0 0 0 0 0 0 1 1 0 1 0 0
10	11	0 0 0 1 0 0 1 0 0 0 0 0 0 1 1 1 0 0 1 0 0 0 0 1 1 0 0 0 0 0 0 0 0 1 0 1 1 1 0 0 1 1 1 0 0 0 0 0 0 1
20	3	0 0 1 1 1 1 1 1 1 1 0 1 1 0 0 0 0 0 0 0 1 0 0 0 0 1 1 1 0 1 0 0 0 1 0 0 1 1 1 0 1 1 1 1 0 0 0 0 0 1
20	4	1 0 1 1 1 1 1 1 1 1 0 1 1 0 0 0 0 0 0 0 1 0 0 0 0 1 1 1 0 1 0 0 0 1 0 0 1 1 1 0 1 1 1 1 0 0 0 1 0 1
20	2	0 0 1 1 1 1 1 1 1 1 0 1 1 0 0 0 0 0 0 0 1 0 0 0 0 1 1 1 0 1 0 0 0 1 0 0 1 1 1 0 1 0 1 1 0 0 0 1 0 1
20	15	0 0 1 1 1 1 1 1 1 1 0 1 1 0 0 0 0 0 0 0 1 0 0 0 0 1 1 1 0 1 0 0 0 1 0 0 1 1 1 0 1 1 1 1 0 0 0 1 0 1
20	13	1 0 1 1 0 0 0 1 1 0 0 0 0 1 1 0 0 0 0 0 1 0 0 0 1 0 0 0 0 0 0 1 0 0 0 0 0 1 1 0 1 0 1 1 1 0 0 0 1 1
20	25	0 0 1 0 0 1 0 0 0 1 1 1 1 0 0 0 0 1 1 0 1 0 0 0 1 0 0 1 0 0 1 1 0 0 1 1 1 0 1 1 1 0 0 0 1 1 0 1 1 0
20	1	1 0 0 0 0 1 0 1 1 0 1 0 1 1 0 1 1 0 1 0 1 0 0 0 0 0 0 1 0 0 0 0 0 1 0 1 0 0 0 0 0 0 0 0 1 1 0 1 0 0
20	2	1 0 0 0 0 1 0 1 1 0 1 0 1 1 1 1 0 0 1 0 1 0 0 0 0 0 0 1 0 0 0 0 0 1 0 1 0 0 0 0 0 0 0 0 1 1 0 1 0 0
20	4	1 0 0 0 0 1 0 1 1 0 1 0 1 1 0 1 0 0 1 0 1 0 0 1 0 0 0 1 0 0 0 0 0 1 0 1 0 0 0 0 0 0 0 0 1 1 0 1 0 0
20	21	1 0 0 0 0 1 0 1 1 0 1 0 1 1 0 1 0 0 1 0 1 0 0 0 0 0 0 1 0 0 0 0 0 1 0 1 0 0 0 0 0 0 0 0 1 1 0 1 0 0
20	10	0 0 0 1 0 0 1 0 0 0 0 0 0 1 1 1 0 0 1 0 0 0 0 1 1 0 0 0 0 0 0 0 0 1 0 1 1 1 0 0 1 1 1 0 0 0 0 0 0 1
30	1	0 0 1 1 1 1 1 1 1 1 0 1 1 0 0 0 0 0 0 0 1 0 0 0 0 1 1 1 0 1 1 0 0 1 0 0 1 1 1 0 1 1 1 1 0 0 0 0 0 1
30	17	0 0 1 1 1 1 1 1 1 1 0 1 1 0 0 0 0 0 0 0 1 0 0 0 0 1 1 1 0 1 0 0 0 1 0 0 1 1 1 0 1 1 1 1 0 0 0 0 0 1
30	1	1 0 1 1 1 1 1 0 1 1 0 1 1 0 0 0 0 0 0 0 1 0 0 0 0 1 1 1 0 1 0 0 0 1 0 0 1 1 1 0 1 1 1 1 0 0 0 1 0 1
30	7	1 0 1 1 1 1 1 1 1 1 0 1 1 0 0 0 0 0 0 0 1 0 0 0 0 1 1 1 0 1 0 0 0 1 0 0 1 1 1 0 1 1 1 1 0 0 0 1 0 1
30	21	0 0 1 1 1 1 1 1 1 1 0 1 1 0 0 0 0 0 0 0 1 0 0 0 0 1 1 1 0 1 0 0 0 1 0 0 1 1 1 0 1 0 1 1 0 0 0 1 0 1
30	1	0 0 1 1 1 1 1 1 1 1 0 1 1 0 0 0 0 0 0 0 1 0 0 0 0 1 1 0 0 1 0 0 0 1 0 0 1 1 1 0 1 1 1 1 0 0 0 1 0 1
30	6	0 0 1 1 1 1 1 1 1 1 0 1 1 0 0 0 0 0 0 0 1 0 0 0 0 1 1 1 0 1 0 0 0 1 0 0 1 1 1 0 1 1 1 1 0 0 0 1 0 1
30	12	1 0 1 1 0 0 0 1 1 0 0 0 0 1 1 0 0 0 0 0 1 0 0 0 1 0 0 0 0 0 0 1 0 0 0 0 0 1 1 0 1 0 1 1 1 0 0 0 1 1
30	9	0 0 1 0 0 1 0 0 0 1 1 1 1 0 0 0 0 1 1 0 1 0 0 0 1 0 0 1 0 0 1 1 0 0 1 1 1 0 1 1 1 0 0 0 1 1 0 1 1 0
30	2	1 0 0 0 0 1 0 1 1 0 1 0 1 1 1 1 0 0 1 0 1 0 0 0 0 0 0 1 0 0 0 0 0 1 0 1 0 0 0 0 0 0 0 0 1 1 0 1 0 0
30	3	1 0 0 0 0 1 0 1 1 0 1 0 1 1 0 0 0 0 1 0 1 0 0 0 0 0 0 1 0 0 0 0 0 1 0 1 0 0 0 0 0 0 0 0 1 1 0 1 0 0
30	13	1 0 0 0 0 1 0 1 1 0 1 0 1 1 0 1 0 0 1 0 1 0 0 0 0 0 0 1 0 0 0 0 0 1 0 1 0 0 0 0 0 0 0 0 1 1 0 1 0 0
30	7	0 0 0 1 0 0 1 0 0 0 0 0 0 1 1 1 0 0 1 0 0 0 0 1 1 0 0 0 0 0 0 0 0 1 0 1 1 1 0 0 1 1 1 0 0 0 0 0 0 1
40	33	0 0 1 1 1 1 1 1 1 1 0 1 1 0 0 0 0 0 0 0 1 0 0 0 0 1 1 1 0 1 0 0 0 1 0 0 1 1 1 0 1 1 1 1 0 0 0 0 0 1
40	1	1 0 1 1 1 1 1 1 1 1 0 1 1 0 0 0 0 0 0 0 1 0 0 0 0 1 1 1 0 1 0 0 0 1 0 0 1 1 1 0 1 1 1 1 0 0 0 0 0 1
40	1	1 0 1 1 1 1 1 1 1 1 0 1 1 0 0 0 0 0 0 0 1 1 0 0 0 1 1 1 0 1 0 0 0 1 0 0 1 1 1 0 1 1 1 1 0 0 0 1 0 1
40	26	1 0 1 1 1 1 1 1 1 1 0 1 1 0 0 0 0 0 0 0 1 0 0 0 0 1 1 1 0 1 0 0 0 1 0 0 1 1 1 0 1 1 1 1 0 0 0 1 0 1
40	1	0 0 1 1 1 1 1 1 1 1 0 1 1 0 0 0 0 0 0 0 1 0 0 0 0 1 1 1 0 1 0 0 0 1 0 0 1 1 1 0 1 0 1 1 0 0 0 1 0 0
40	1	0 0 1 1 1 1 1 1 1 1 0 1 1 0 0 0 0 0 0 0 1 0 0 0 0 1 1 1 0 1 0 0 0 1 0 0 1 1 1 0 1 0 1 1 0 1 0 1 0 1
40	1	0 0 1 1 1 1 1 1 1 1 0 1 1 0 0 0 0 0 0 0 1 0 0 0 0 1 1 1 1 1 0 0 0 1 0 0 1 1 1 0 1 0 1 1 0 0 0 1 0 1
40	31	0 0 1 1 1 1 1 1 1 1 0 1 1 0 0 0 0 0 0 0 1 0 0 0 0 1 1 1 0 1 0 0 0 1 0 0 1 1 1 0 1 0 1 1 0 0 0 1 0 1
40	1	0 0 1 0 0 1 0 0 0 1 1 1 1 0 0 0 0 1 1 0 1 0 0 0 1 0 0 1 0 0 1 1 0 0 1 1 1 0 1 1 1 0 0 0 1 1 0 1 1 0
40	1	1 0 0 0 0 1 0 1 1 0 1 0 1 1 1 1 0 0 1 0 1 0 0 0 0 0 0 1 0 0 0 0 0 1 0 1 0 0 0 0 0 0 0 0 1 1 0 1 0 0
40	2	1 0 0 0 0 1 0 1 1 0 1 0 1 1 0 1 0 0 1 0 1 0 0 0 0 0 0 1 0 0 0 0 0 1 0 1 0 0 0 0 0 0 0 0 1 1 0 1 0 0
40	1	0 0 0 1 0 0 1 0 0 0 0 0 0 1 1 1 0 0 1 0 0 0 0 1 1 0 0 0 0 0 0 0 0 1 0 1 1 1 0 0 1 1 1 0 0 0 0 0 0 1
50	1	0 0 1 1 1 1 1 1 1 1 0 1 1 0 0 0 0 0 0 0 1 0 0 0 0 1 1 1 0 1 0 0 0 1 0 0 1 1 1 0 1 1 1 1 0 0 0 0 0 0
50	1	0 0 1 1 1 1 1 1 1 1 0 1 1 0 0 0 0 0 0 0 1 0 0 0 0 1 1 1 0 1 0 1 0 1 0 0 1 1 1 0 1 1 1 1 0 0 0 0 0 1
50	39	0 0 1 1 1 1 1 1 1 1 0 1 1 0 0 0 0 0 0 0 1 0 0 0 0 1 1 1 0 1 0 0 0 1 0 0 1 1 1 0 1 1 1 1 0 0 0 0 0 1
50	1	1 0 1 1 1 1 1 1 1 1 0 1 1 0 0 1 0 0 0 0 1 0 0 0 0 1 0 1 0 1 0 0 0 1 0 0 1 1 1 0 1 1 1 1 0 0 0 1 0 1
50	1	1 0 1 1 1 1 1 1 1 1 0 1 1 0 0 1 0 0 0 0 1 0 0 0 0 1 1 1 0 1 0 0 0 1 0 0 1 1 1 0 1 1 1 1 0 0 0 1 0 1
50	1	1 0 1 1 1 1 1 1 1 1 0 1 1 0 0 0 0 0 0 0 1 0 0 0 0 1 1 1 0 1 0 0 0 1 0 0 1 1 1 0 1 0 1 1 0 0 0 1 0 0
50	2	1 0 1 1 1 1 1 1 1 1 0 1 1 0 0 0 0 0 0 0 1 0 0 0 0 1 1 1 0 1 0 0 0 1 0 0 1 1 1 0 0 1 1 1 0 0 0 1 0 1
50	1	1 0 1 1 1 1 1 1 1 1 0 1 1 0 0 0 0 0 0 0 1 0 0 0 0 1 1 1 0 0 0 0 0 1 0 0 1 1 1 0 1 1 1 1 0 0 0 1 0 1
50	20	1 0 1 1 1 1 1 1 1 1 0 1 1 0 0 0 0 0 0 0 1 0 0 0 0 1 1 1 0 1 0 0 0 1 0 0 1 1 1 0 1 1 1 1 0 0 0 1 0 1
50	33	0 0 1 1 1 1 1 1 1 1 0 1 1 0 0 0 0 0 0 0 1 0 0 0 0 1 1 1 0 1 0 0 0 1 0 0 1 1 1 0 1 0 1 1 0 0 0 1 0 1
60	6	0 0 1 1 1 1 1 1 1 1 0 1 1 0 0 0 0 0 0 0 1 0 0 0 0 1 1 1 0 1 0 0 0 1 0 0 1 1 1 0 1 1 1 1 0 0 0 0 0 0
60	1	0 0 1 1 0 1 1 1 1 1 0 1 1 0 0 0 0 0 0 0 1 0 0 0 0 1 1 1 0 1 0 0 0 1 0 0 1 1 1 0 1 1 1 1 0 0 0 0 0 1
60	3	0 0 1 1 1 1 1 1 1 1 0 1 1 0 0 0 0 0 0 0 1 1 0 0 0 1 1 1 0 1 0 0 0 1 0 0 1 1 1 0 1 1 1 1 0 0 0 0 0 1
60	40	0 0 1 1 1 1 1 1 1 1 0 1 1 0 0 0 0 0 0 0 1 0 0 0 0 1 1 1 0 1 0 0 0 1 0 0 1 1 1 0 1 1 1 1 0 0 0 0 0 1
60	1	1 0 1 1 1 1 1 1 1 1 0 1 1 0 0 0 0 0 0 0 1 0 0 0 0 1 1 1 0 1 0 0 0 1 0 0 1 1 1 0 1 0 1 1 0 0 0 1 0 0
60	1	1 0 1 1 1 1 1 1 1 1 0 1 1 0 0 0 0 0 0 0 1 0 0 0 0 1 1 1 0 1 0 0 0 1 0 0 1 1 1 0 1 1 1 1 0 0 0 1 0 0
60	2	1 0 1 1 1 1 1 1 1 1 0 1 1 0 0 0 0 0 0 0 1 0 1 0 0 1 1 1 0 1 0 0 0 1 0 0 1 1 1 0 1 1 1 1 0 0 0 1 0 1
60	1	1 0 1 1 1 1 1 1 1 0 0 1 1 0 0 0 0 0 0 0 1 0 0 0 0 1 1 1 0 1 0 0 0 1 0 0 1 1 1 0 1 1 1 1 0 0 0 1 0 1
60	13	1 0 1 1 1 1 1 1 1 1 0 1 1 0 0 0 0 0 0 0 1 0 0 0 0 1 1 1 0 1 0 0 0 1 0 0 1 1 1 0 1 1 1 1 0 0 0 1 0 1
60	32	0 0 1 1 1 1 1 1 1 1 0 1 1 0 0 0 0 0 0 0 1 0 0 0 0 1 1 1 0 1 0 0 0 1 0 0 1 1 1 0 1 0 1 1 0 0 0 1 0 1
70	1	0 0 1 1 1 1 1 1 1 1 0 1 1 0 0 1 0 0 0 0 1 0 0 0 0 1 1 1 0 1 0 0 0 1 0 0 1 1 1 0 1 1 1 1 0 0 0 0 0 0
70	17	0 0 1 1 1 1 1 1 1 1 0 1 1 0 0 0 0 0 0 0 1 0 0 0 0 1 1 1 0 1 0 0 0 1 0 0 1 1 1 0 1 1 1 1 0 0 0 0 0 0
70	3	0 0 1 1 1 1 1 1 1 1 0 1 1 0 0 0 0 1 0 0 1 0 0 0 0 1 1 1 0 1 0 0 0 1 0 0 1 1 1 0 1 1 1 1 0 0 0 0 0 1
70	1	0 0 1 1 1 1 1 1 1 1 0 1 1 0 0 0 0 0 0 0 1 1 0 0 0 1 1 1 0 1 1 0 0 1 0 0 1 1 1 0 1 1 1 1 0 0 0 0 0 1
70	1	0 0 1 1 1 1 1 1 1 1 0 1 1 0 0 0 0 0 0 0 1 0 0 0 0 1 1 1 0 1 0 0 0 1 0 1 1 1 1 0 1 1 1 1 0 0 0 0 0 1
70	1	0 0 0 1 1 1 1 1 1 1 0 1 1 0 0 0 0 0 0 0 1 0 0 0 1 1 1 1 0 1 0 0 0 1 0 0 1 1 1 0 1 1 1 1 0 0 0 0 0 1
70	1	0 0 1 1 1 1 1 1 1 1 0 1 0 0 0 0 0 0 0 0 1 0 0 0 0 1 1 1 0 1 0 0 0 1 0 0 1 1 1 0 1 1 1 1 0 0 0 0 0 1
70	1	1 0 1 1 1 1 1 1 1 1 0 1 1 0 0 0 0 0 0 0 1 0 0 0 0 1 1 1 0 1 0 0 0 1 0 0 1 1 1 0 1 1 1 1 0 0 0 0 0 1
70	28	0 0 1 1 1 1 1 1 1 1 0 1 1 0 0 0 0 0 0 0 1 0 0 0 0 1 1 1 0 1 0 0 0 1 0 0 1 1 1 0 1 1 1 1 0 0 0 0 0 1
70	1	1 0 1 1 1 1 1 1 1 1 0 1 1 0 0 0 0 0 0 0 1 0 0 0 0 1 1 1 0 1 0 0 0 1 0 0 1 1 1 0 1 0 1 1 0 0 0 1 0 0
70	1	1 0 1 1 1 1 1 1 1 1 0 1 1 0 0 0 0 0 0 0 1 0 0 0 0 1 1 1 0 1 0 0 0 1 0 0 1 1 1 0 1 1 1 1 0 0 0 1 0 0
70	1	1 0 1 1 1 1 1 1 1 1 0 1 1 0 0 0 0 0 0 0 1 0 0 0 0 1 1 1 0 1 0 0 0 1 0 0 1 1 1 0 1 0 1 1 0 0 0 1 0 1
70	1	1 0 1 1 1 1 1 1 1 0 0 1 1 0 0 0 0 0 0 0 1 0 0 0 0 1 1 1 0 1 0 0 0 1 0 0 1 1 1 0 1 1 1 1 0 0 0 1 0 1
70	18	1 0 1 1 1 1 1 1 1 1 0 1 1 0 0 0 0 0 0 0 1 0 0 0 0 1 1 1 0 1 0 0 0 1 0 0 1 1 1 0 1 1 1 1 0 0 0 1 0 1
70	24	0 0 1 1 1 1 1 1 1 1 0 1 1 0 0 0 0 0 0 0 1 0 0 0 0 1 1 1 0 1 0 0 0 1 0 0 1 1 1 0 1 0 1 1 0 0 0 1 0 1
80	4	0 0 1 1 1 1 1 1 1 1 0 1 1 0 0 1 0 0 0 0 1 0 0 0 0 1 1 1 0 1 0 0 0 1 0 0 1 1 1 0 1 1 1 1 0 0 0 0 0 0
80	6	0 0 1 1 1 1 1 1 1 1 0 1 1 0 0 0 0 0 0 0 1 0 0 0 0 1 1 1 0 1 0 0 0 1 0 0 1 1 1 0 1 1 1 1 0 0 0 0 0 0
80	1	0 0 1 1 1 1 1 1 1 1 0 1 1 0 0 0 0 1 0 0 1 0 0 0 0 1 1 1 0 1 0 0 0 1 0 0 1 1 1 0 1 1 1 1 0 0 0 0 0 1
80	1	0 0 1 1 1 1 1 1 1 1 0 1 1 0 0 0 0 0 0 0 1 1 0 0 0 1 1 1 0 1 1 0 0 1 0 0 1 1 1 0 1 1 1 1 0 0 0 0 0 1
80	1	0 0 1 1 1 1 1 1 1 1 0 1 0 0 0 0 0 0 0 0 1 0 0 0 0 1 1 1 0 1 0 0 0 1 0 0 1 1 1 0 1 1 1 1 0 0 0 0 0 1
80	2	0 0 1 1 1 1 1 1 1 1 0 1 1 0 0 0 0 0 0 0 1 0 0 1 0 1 1 1 0 1 0 0 0 1 0 0 1 1 1 0 1 1 1 1 0 0 0 0 0 1
80	36	0 0 1 1 1 1 1 1 1 1 0 1 1 0 0 0 0 0 0 0 1 0 0 0 0 1 1 1 0 1 0 0 0 1 0 0 1 1 1 0 1 1 1 1 0 0 0 0 0 1
80	5	1 0 1 1 1 1 1 1 1 1 0 1 1 0 0 0 0 0 0 0 1 0 0 0 0 1 1 1 0 1 0 0 0 1 0 0 1 1 1 0 1 0 1 1 0 0 0 1 0 0
80	1	1 0 1 1 1 1 1 1 1 1 0 0 1 0 0 0 0 0 0 0 1 0 0 0 0 1 1 1 0 1 0 0 0 1 0 0 1 1 1 0 1 1 1 1 0 0 0 1 0 1
80	20	1 0 1 1 1 1 1 1 1 1 0 1 1 0 0 0 0 0 0 0 1 0 0 0 0 1 1 1 0 1 0 0 0 1 0 0 1 1 1 0 1 1 1 1 0 0 0 1 0 1
80	1	0 0 1 1 1 1 1 1 1 1 0 1 1 0 0 0 0 0 0 0 1 0 0 0 0 1 1 1 0 1 0 0 0 1 0 0 1 1 0 0 1 0 1 1 0 0 0 1 0 1
80	22	0 0 1 1 1 1 1 1 1 1 0 1 1 0 0 0 0 0 0 0 1 0 0 0 0 1 1 1 0 1 0 0 0 1 0 0 1 1 1 0 1 0 1 1 0 0 0 1 0 1
90	9	0 0 1 1 1 1 1 1 1 1 0 1 1 0 0 1 0 0 0 0 1 0 0 0 0 1 1 1 0 1 0 0 0 1 0 0 1 1 1 0 1 1 1 1 0 0 0 0 0 0
90	1	0 0 1 1 1 1 1 1 1 1 0 1 1 0 0 0 0 0 0 0 1 0 0 0 0 0 1 1 0 1 0 0 0 1 0 0 1 1 1 0 1 1 1 1 0 0 0 0 0 0
90	9	0 0 1 1 1 1 1 1 1 1 0 1 1 0 0 0 0 0 0 0 1 0 0 0 0 1 1 1 0 1 0 0 0 1 0 0 1 1 1 0 1 1 1 1 0 0 0 0 0 0
90	1	0 0 1 1 1 1 1 1 1 1 0 1 1 0 0 0 0 0 0 0 1 0 0 1 0 1 1 1 0 1 0 0 0 1 0 0 1 1 1 0 1 1 1 1 0 0 0 0 0 1
90	1	0 0 1 1 1 1 1 1 1 1 0 1 1 0 0 0 0 0 0 0 1 0 0 0 0 1 1 1 1 1 0 0 0 1 0 0 1 1 1 0 1 1 1 1 0 0 0 0 0 1
90	2	0 1 1 1 1 1 1 1 1 1 0 1 1 0 0 0 0 0 0 0 1 0 0 0 0 1 1 1 0 1 0 0 0 1 0 0 1 1 1 0 1 1 1 1 0 0 0 0 0 1
90	1	0 0 1 1 1 1 1 1 1 1 0 1 1 0 0 0 0 0 0 0 1 0 0 0 0 1 1 1 0 1 0 0 0 1 0 0 1 0 1 0 1 1 1 1 0 0 0 0 0 1
90	24	0 0 1 1 1 1 1 1 1 1 0 1 1 0 0 0 0 0 0 0 1 0 0 0 0 1 1 1 0 1 0 0 0 1 0 0 1 1 1 0 1 1 1 1 0 0 0 0 0 1
90	1	1 0 1 1 1 1 1 1 1 1 0 1 1 0 0 0 0 0 0 0 1 1 0 0 0 1 1 1 0 1 0 0 0 1 0 0 1 1 1 0 1 1 1 1 0 0 0 1 0 0
90	2	1 0 1 1 1 1 1 1 1 1 0 1 1 0 0 0 0 0 0 0 1 0 0 0 0 1 1 1 0 1 0 0 0 1 0 0 1 1 1 0 1 1 1 1 0 0 0 1 0 0
90	12	1 0 1 1 1 1 1 1 1 1 0 1 1 0 0 0 0 0 0 0 1 0 0 0 0 1 1 1 0 1 0 0 0 1 0 0 1 1 1 0 1 0 1 1 0 0 0 1 0 0
90	7	1 0 1 1 1 1 1 1 1 1 0 1 1 0 0 0 0 0 0 0 1 0 0 0 0 1 1 1 0 1 0 0 0 1 0 0 1 1 1 0 1 1 1 1 0 0 0 1 0 1
90	3	0 0 1 1 1 1 1 1 1 1 0 1 1 0 0 0 0 0 0 0 1 0 0 0 0 1 1 1 0 1 0 0 0 1 0 0 1 1 0 0 1 0 1 1 0 0 0 1 0 1
90	2	0 0 1 1 1 1 1 1 1 1 0 1 1 0 0 0 0 0 0 0 1 0 0 0 0 1 1 1 0 1 0 0 0 1 0 0 1 1 1 0 1 0 1 0 0 0 0 1 0 1
90	25	0 0 1 1 1 1 1 1 1 1 0 1 1 0 0 0 0 0 0 0 1 0 0 0 0 1 1 1 0 1 0 0 0 1 0 0 1 1 1 0 1 0 1 1 0 0 0 1 0 1
100	1	0 0 1 1 1 1 1 1 1 1 0 1 1 0 0 1 0 0 0 0 1 0 0 0 0 1 1 1 0 1 0 0 1 1 0 0 1 1 1 0 1 1 1 1 0 0 0 0 0 0
100	8	0 0 1 1 1 1 1 1 1 1 0 1 1 0 0 1 0 0 0 0 1 0 0 0 0 1 1 1 0 1 0 0 0 1 0 0 1 1 1 0 1 1 1 1 0 0 0 0 0 0
100	14	0 0 1 1 1 1 1 1 1 1 0 1 1 0 0 0 0 0 0 0 1 0 0 0 0 1 1 1 0 1 0 0 0 1 0 0 1 1 1 0 1 1 1 1 0 0 0 0 0 1
100	9	0 0 1 1 1 1 1 1 1 1 0 1 1 0 0 0 0 0 0 0 1 0 0 0 0 1 1 1 0 1 0 0 0 1 0 0 1 1 1 0 1 1 1 1 0 0 0 0 0 0
100	2	0 0 1 1 1 1 1 1 1 1 0 1 1 0 0 0 0 0 0 0 1 1 0 0 0 1 1 1 0 1 1 0 0 1 0 0 1 1 1 0 1 1 1 1 0 0 0 0 0 1
100	1	0 0 1 1 1 1 1 1 1 1 0 1 1 0 0 0 0 0 0 0 1 0 0 1 0 1 1 1 0 1 0 0 0 1 0 0 1 1 1 0 1 1 1 1 0 0 0 0 0 1
100	1	0 0 1 1 1 1 1 1 1 1 0 1 1 0 0 0 0 0 0 0 0 0 0 0 0 1 1 1 1 1 0 0 0 1 0 0 1 1 1 0 1 1 1 1 0 0 0 0 0 1
100	1	0 0 1 1 1 1 1 1 1 1 0 1 1 0 0 0 0 0 0 0 1 0 0 0 0 1 1 1 1 1 0 0 0 1 0 0 1 1 1 0 1 1 1 1 0 0 0 0 0 1
100	2	0 1 1 1 1 1 1 1 1 1 0 1 1 0 0 0 0 0 0 0 1 0 0 0 0 1 1 1 0 1 0 0 0 1 0 0 1 1 1 0 1 1 1 1 0 0 0 0 0 1
100	3	1 0 1 1 1 1 1 1 1 1 0 1 1 0 0 0 0 0 0 0 1 0 0 0 0 1 1 1 0 1 0 0 0 1 0 0 1 1 1 0 1 1 1 1 0 0 0 1 0 0
100	44	1 0 1 1 1 1 1 1 1 1 0 1 1 0 0 0 0 0 0 0 1 0 0 0 0 1 1 1 0 1 0 0 0 1 0 0 1 1 1 0 1 0 1 1 0 0 0 1 0 0
100	1	1 0 1 1 1 1 1 1 1 1 0 1 1 0 0 0 1 0 0 0 1 0 0 0 0 1 1 1 0 1 0 0 0 1 0 0 1 1 1 0 1 1 1 1 0 0 0 1 0 1
100	9	1 0 1 1 1 1 1 1 1 1 0 1 1 0 0 0 0 0 0 0 1 0 0 0 0 1 1 1 0 1 0 0 0 1 0 0 1 1 1 0 1 1 1 1 0 0 0 1 0 1
100	1	0 0 1 1 0 1 1 1 1 1 0 1 1 0 0 0 0 0 0 0 1 0 0 0 0 1 1 1 0 1 0 0 0 1 0 0 1 1 0 0 1 0 1 1 0 0 0 1 0 1
100	1	0 0 1 1 1 1 0 1 1 1 0 1 1 0 0 0 0 0 0 0 1 0 0 0 0 1 1 1 0 1 0 0 0 1 0 0 1 1 1 0 1 0 1 1 0 0 0 1 0 1
100	2	0 0 1 1 1 1 1 1 1 1 0 1 1 0 0 0 0 0 0 0 1 0 0 0 0 1 1 1 0 1 0 0 0 1 0 0 1 1 1 0 1 0 1 1 0 0 0 1 0 1
110	14	0 0 1 1 1 1 1 1 1 1 0 1 1 0 0 1 0 0 0 0 1 0 0 0 0 1 1 1 0 1 0 0 0 1 0 0 1 1 1 0 1 1 1 1 0 0 0 0 0 0
110	2	0 0 1 1 1 1 1 1 1 1 0 1 1 0 0 0 0 0 0 0 1 0 0 0 0 1 1 1 0 1 0 0 0 0 0 0 1 1 1 0 1 1 1 1 0 0 0 0 0 1
110	5	0 0 1 1 1 1 1 1 1 1 0 1 1 0 0 0 0 0 0 0 1 0 0 0 0 1 1 1 0 1 0 0 0 1 0 0 1 1 1 0 1 1 1 1 0 0 0 0 0 1
110	9	0 0 1 1 1 1 1 1 1 1 0 1 1 0 0 0 0 0 0 0 1 0 0 0 0 1 1 1 0 1 0 0 0 1 0 0 1 1 1 0 1 1 1 1 0 0 0 0 0 0
110	1	0 0 1 1 1 1 1 1 1 1 0 1 1 0 0 0 0 0 0 0 1 1 0 0 0 1 1 1 0 1 1 0 0 1 0 0 1 1 1 0 1 1 1 1 0 0 0 0 0 1
110	1	0 1 1 1 1 1 1 1 1 1 0 1 1 0 0 0 0 0 0 0 1 0 0 0 0 1 1 1 0 1 0 1 0 1 0 0 1 1 1 0 1 1 1 1 0 0 0 0 0 1
110	1	1 0 1 1 1 1 1 1 1 1 0 1 1 0 0 0 0 0 0 0 1 1 0 0 0 1 1 1 0 1 0 0 0 1 0 0 1 1 1 0 1 1 1 1 0 0 0 1 0 0
110	2	1 0 1 1 1 1 1 1 1 1 0 1 1 0 0 0 0 0 0 0 1 0 0 0 0 1 1 1 0 1 0 0 0 1 0 0 1 1 1 0 1 1 1 1 0 0 0 1 0 0
110	1	1 0 1 1 1 1 1 1 1 1 0 1 1 0 0 0 0 0 0 0 1 1 0 0 0 1 1 1 0 1 0 0 0 1 0 0 1 1 1 0 1 0 1 1 0 0 0 1 0 0
110	1	1 1 1 1 1 1 1 1 1 1 0 1 1 0 0 0 0 0 0 0 1 0 0 0 0 1 1 1 0 1 0 0 0 1 0 0 1 1 1 0 1 0 1 1 0 0 0 1 0 0
110	54	1 0 1 1 1 1 1 1 1 1 0 1 1 0 0 0 0 0 0 0 1 0 0 0 0 1 1 1 0 1 0 0 0 1 0 0 1 1 1 0 1 0 1 1 0 0 0 1 0 0
110	2	1 0 1 1 1 1 1 1 1 1 0 1 1 0 0 1 0 0 0 0 1 0 0 0 0 1 1 1 0 1 0 0 0 1 0 0 1 1 1 0 1 1 1 1 0 0 0 1 0 1
110	3	1 0 1 1 1 1 1 1 1 1 0 1 1 0 0 0 0 0 0 0 1 0 1 0 0 1 1 1 0 1 0 0 0 1 0 0 1 1 1 0 1 1 1 1 0 0 0 1 0 1
110	2	1 0 1 1 1 1 1 1 1 1 0 1 1 0 0 0 0 0 0 0 1 0 0 0 0 1 1 1 0 1 0 0 0 1 0 0 1 1 1 0 1 1 1 1 0 0 0 1 0 1
110	2	0 0 1 1 1 1 1 1 1 1 0 1 1 0 0 0 0 0 0 0 1 0 0 0 0 1 1 1 0 1 0 0 0 1 0 0 1 1 1 0 1 0 1 1 0 0 0 1 0 1
120	8	0 0 1 1 1 1 1 1 1 1 0 1 1 0 0 1 0 0 0 0 1 0 0 0 0 1 1 1 0 1 0 0 0 1 0 0 1 1 1 0 1 1 1 1 0 0 0 0 0 0
120	1	0 0 1 1 1 1 1 1 1 1 0 1 1 0 0 0 0 0 0 0 1 0 0 0 0 1 1 1 0 0 0 0 0 1 0 0 1 1 1 0 1 1 1 1 0 0 0 0 0 1
120	8	0 0 1 1 1 1 1 1 1 1 0 1 1 0 0 0 0 0 0 0 1 0 0 0 0 1 1 1 0 1 0 0 0 1 0 0 1 1 1 0 1 1 1 1 0 0 0 0 0 0
120	1	0 0 1 1 1 1 1 1 1 1 0 1 1 0 0 0 0 0 0 0 1 0 0 0 0 1 1 1 0 1 0 0 0 1 0 0 1 1 1 0 1 1 1 1 0 0 0 0 0 1
120	5	1 0 1 1 1 1 1 1 1 1 0 1 1 0 0 0 0 0 0 0 1 1 0 0 0 1 1 1 0 1 0 0 0 1 0 0 1 1 1 0 1 0 1 1 0 0 0 1 0 0
120	7	1 1 1 1 1 1 1 1 1 1 0 1 1 0 0 0 0 0 0 0 1 0 0 0 0 1 1 1 0 1 0 0 0 1 0 0 1 1 1 0 1 0 1 1 0 0 0 1 0 0
120	68	1 0 1 1 1 1 1 1 1 1 0 1 1 0 0 0 0 0 0 0 1 0 0 0 0 1 1 1 0 1 0 0 0 1 0 0 1 1 1 0 1 0 1 1 0 0 0 1 0 0
120	1	1 0 1 1 1 1 1 1 1 1 0 1 1 0 0 0 0 0 0 0 1 0 0 0 0 1 1 1 0 1 0 0 0 1 0 0 1 1 1 0 1 1 1 1 0 0 0 1 0 1
120	1	0 0 1 1 1 1 1 1 1 1 0 1 1 0 0 0 0 0 0 0 1 0 0 0 0 1 1 1 0 1 0 0 0 1 0 0 1 1 1 0 1 0 1 1 0 0 0 1 0 1
130	3	0 0 1 1 1 1 1 1 1 1 0 1 1 0 0 0 0 0 0 0 1 0 0 0 0 1 1 1 0 1 0 0 0 1 0 0 1 1 1 0 1 1 1 1 0 0 0 0 0 0
130	4	1 0 1 1 1 1 1 1 1 1 0 1 1 0 0 0 0 0 0 0 1 1 0 0 0 1 1 1 0 1 0 0 0 1 0 0 1 1 1 0 1 0 1 1 0 0 0 1 0 0
130	2	1 1 1 1 1 1 1 1 1 1 0 1 0 0 0 0 0 0 0 0 1 0 0 0 0 1 1 1 0 1 0 0 0 1 0 0 1 1 1 0 1 0 1 1 0 0 0 1 0 0
130	6	1 1 1 1 1 1 1 1 1 1 0 1 1 0 0 0 0 0 0 0 1 0 0 0 0 1 1 1 0 1 0 0 0 1 0 0 1 1 1 0 1 0 1 1 0 0 0 1 0 0
130	5	1 0 1 1 1 1 1 1 1 1 0 1 1 0 1 0 0 0 0 0 1 0 0 0 0 1 1 1 0 1 0 0 0 1 0 0 1 1 1 0 1 0 1 1 0 0 0 1 0 0
130	1	1 0 1 1 1 1 1 1 1 1 0 1 1 0 0 0 0 0 0 0 1 0 0 1 0 1 1 1 0 1 0 0 0 1 0 0 1 1 1 0 1 0 1 1 0 0 0 1 0 0
130	1	1 0 1 1 1 1 1 1 1 1 0 1 1 0 0 0 0 0 0 0 1 0 0 0 0 1 1 1 0 1 0 0 0 0 0 0 1 1 1 0 1 0 1 1 0 0 0 1 0 0
130	1	1 0 1 1 1 1 1 1 1 1 0 1 1 0 0 0 0 0 0 0 0 0 0 0 0 1 1 1 0 1 0 0 0 1 0 0 1 1 1 0 1 0 1 1 0 0 0 1 0 0
130	1	1 0 1 1 1 1 1 1 1 1 0 1 1 0 0 0 0 0 0 0 1 0 0 0 0 1 1 1 0 1 0 0 0 1 0 0 1 0 1 0 1 0 1 1 0 0 0 1 0 0
130	76	1 0 1 1 1 1 1 1 1 1 0 1 1 0 0 0 0 0 0 0 1 0 0 0 0 1 1 1 0 1 0 0 0 1 0 0 1 1 1 0 1 0 1 1 0 0 0 1 0 0
140	1	0 0 1 1 1 1 1 1 1 1 0 1 1 0 0 0 0 0 0 0 1 0 0 0 0 1 1 1 0 1 0 0 0 1 0 1 1 1 1 0 1 1 1 1 0 0 0 0 0 1
140	14	1 0 1 1 1 1 1 1 1 1 0 1 1 0 0 0 0 0 0 0 1 1 0 0 0 1 1 1 0 1 0 0 0 1 0 0 1 1 1 0 1 0 1 1 0 0 0 1 0 0
140	3	1 1 1 1 1 1 1 1 1 1 0 1 0 0 0 0 0 0 0 0 1 0 0 0 0 1 1 1 0 1 0 0 0 1 0 0 1 1 1 0 1 0 1 1 0 0 0 1 0 0
140	5	1 1 1 1 1 1 1 1 1 1 0 1 1 0 0 0 0 0 0 0 1 0 0 0 0 1 1 1 0 1 0 0 0 1 0 0 1 1 1 0 1 0 1 1 0 0 0 1 0 0
140	2	1 0 1 1 1 1 1 1 1 1 0 1 1 0 1 0 0 0 0 0 1 0 0 0 0 1 1 1 0 1 0 0 0 1 0 0 1 1 1 0 1 0 1 1 0 0 0 1 0 0
140	2	1 0 1 1 1 1 1 1 1 1 0 1 1 0 0 0 0 0 0 0 1 0 0 1 0 1 1 1 0 1 0 0 0 1 0 0 1 1 1 0 1 0 1 1 0 0 0 1 0 0
140	2	1 0 1 1 1 1 1 1 1 1 0 1 1 0 0 0 1 0 0 0 1 0 0 0 0 1 1 1 0 1 0 0 0 1 0 0 1 1 1 0 1 0 1 1 0 0 0 1 0 0
140	1	1 0 1 1 1 1 1 1 1 1 0 1 1 0 0 0 0 0 0 0 1 0 0 0 0 1 1 1 0 1 0 0 0 1 1 0 1 1 1 0 1 0 1 1 0 0 0 1 0 0
140	1	1 0 1 1 1 1 1 1 1 1 0 1 1 0 0 1 0 0 0 0 1 0 0 0 0 1 1 1 0 1 0 0 0 1 0 0 1 1 1 0 1 0 1 1 0 0 0 1 0 0
140	2	1 0 1 1 1 1 1 1 1 1 0 1 1 0 0 0 0 0 0 0 1 0 0 0 0 1 1 1 0 1 0 0 0 1 0 0 1 1 1 0 1 0 1 1 0 0 0 1 1 0
140	1	0 0 1 1 1 1 1 1 1 1 0 1 1 0 0 0 0 0 0 0 1 0 0 0 0 1 1 1 0 1 0 0 0 1 0 0 1 1 1 0 1 0 1 1 0 0 0 1 0 0
140	1	1 0 1 1 1 1 1 1 1 1 0 1 1 0 0 0 0 0 0 0 1 0 0 0 0 1 1 1 0 1 0 1 0 1 0 0 1 1 1 1 1 0 1 1 0 0 0 1 0 0
140	1	1 0 1 1 1 1 1 1 1 1 0 1 1 0 0 0 0 0 0 0 1 0 0 0 0 1 1 1 0 1 0 0 0 1 0 0 1 1 1 1 1 0 1 1 0 0 0 1 0 0
140	1	1 0 1 1 1 1 1 1 1 1 0 1 1 0 0 0 0 0 0 0 1 0 0 0 0 0 1 1 0 1 0 0 0 0 0 0 1 1 1 0 1 0 1 1 0 0 0 1 0 0
140	63	1 0 1 1 1 1 1 1 1 1 0 1 1 0 0 0 0 0 0 0 1 0 0 0 0 1 1 1 0 1 0 0 0 1 0 0 1 1 1 0 1 0 1 1 0 0 0 1 0 0
150	12	1 0 1 1 1 1 1 1 1 1 0 1 1 0 0 0 0 0 0 0 1 1 0 0 0 1 1 1 0 1 0 0 0 1 0 0 1 1 1 0 1 0 1 1 0 0 0 1 0 0
150	2	1 1 1 1 1 1 1 1 1 1 0 1 0 0 0 0 0 0 0 0 1 0 0 0 0 1 1 1 0 1 0 0 0 1 0 0 1 1 1 0 1 0 1 1 0 0 0 1 0 0
150	1	1 1 1 1 1 1 1 1 1 1 0 1 1 0 0 0 0 0 0 0 1 0 0 0 0 1 1 1 0 1 0 0 0 1 0 0 1 1 1 1 1 0 1 1 0 0 0 1 0 0
150	55	1 0 1 1 1 1 1 1 1 1 0 1 1 0 0 0 0 0 0 0 1 0 0 0 0 1 1 1 0 1 0 0 0 1 0 0 1 1 1 0 1 0 1 1 0 0 0 1 0 0
150	13	1 1 1 1 1 1 1 1 1 1 0 1 1 0 0 0 0 0 0 0 1 0 0 0 0 1 1 1 0 1 0 0 0 1 0 0 1 1 1 0 1 0 1 1 0 0 0 1 0 0
150	1	1 0 1 1 1 1 1 1 1 1 0 1 1 0 1 0 0 0 0 0 1 0 0 0 0 1 1 1 0 1 0 0 0 1 0 0 1 1 1 0 1 0 1 1 0 0 0 1 0 0
150	1	1 0 1 1 1 1 1 1 1 1 0 1 1 0 0 0 0 0 0 0 1 0 0 1 0 1 1 1 0 1 0 0 0 1 0 0 1 1 1 0 1 0 1 1 0 0 0 1 0 0
150	3	1 0 1 1 1 1 1 1 1 1 0 1 1 0 0 0 1 0 0 0 1 0 0 0 0 1 1 1 0 1 0 0 0 1 0 0 1 1 1 0 1 0 1 1 0 0 0 1 0 0
150	1	1 0 1 1 1 1 1 1 1 1 0 1 1 0 0 0 0 0 0 0 1 0 0 0 0 1 1 1 0 1 0 0 0 1 0 0 1 1 0 0 1 0 1 1 0 0 0 1 0 0
150	3	1 0 1 1 1 1 1 1 1 1 0 1 1 0 0 0 0 0 0 0 1 0 0 0 0 1 1 1 0 0 0 0 0 1 0 0 1 1 1 0 1 0 1 1 0 0 0 1 0 0
150	1	1 0 1 1 1 1 1 1 1 1 0 1 1 0 0 0 0 0 0 0 1 0 0 0 0 0 1 1 0 1 0 0 0 0 0 0 1 1 1 0 1 0 1 1 0 0 0 1 0 0
150	2	1 0 1 1 1 1 0 1 1 1 0 1 1 0 0 0 0 0 0 0 1 0 0 0 0 1 1 1 0 1 0 0 0 1 0 0 1 1 1 0 1 0 1 1 0 0 0 1 0 0
150	1	1 0 1 1 0 0 1 1 1 1 0 1 1 0 0 0 0 0 0 0 1 0 0 0 0 1 1 1 0 1 0 0 0 1 0 0 1 1 1 0 1 0 1 1 0 0 0 1 0 0
150	2	1 0 1 1 1 0 1 1 1 1 0 1 1 0 0 0 0 0 0 0 1 0 0 0 0 1 1 1 0 1 0 0 0 1 0 0 1 1 1 0 1 0 1 1 0 0 0 1 0 0
150	2	1 0 1 1 1 1 1 1 1 1 0 1 0 0 0 0 0 0 0 0 1 0 0 0 0 1 1 1 0 1 0 0 0 1 0 0 1 1 1 0 1 0 1 1 0 0 0 1 0 0
160	2	1 0 1 1 1 1 1 1 1 1 0 1 1 0 0 0 0 0 0 0 1 1 0 0 0 1 1 1 0 1 0 0 0 1 0 0 1 1 1 0 1 0 1 1 0 0 0 1 0 1
160	1	1 0 1 1 1 1 1 1 1 1 0 1 1 0 0 0 0 0 0 0 1 1 0 0 0 1 1 1 0 1 0 0 0 1 0 0 1 1 1 0 1 0 0 1 0 0 0 1 0 0
160	10	1 0 1 1 1 1 1 1 1 1 0 1 1 0 0 0 0 0 0 0 1 1 0 0 0 1 1 1 0 1 0 0 0 1 0 0 1 1 1 0 1 0 1 1 0 0 0 1 0 0
160	3	1 1 1 1 1 1 1 1 1 1 0 1 1 0 0 0 0 0 0 0 1 0 0 0 0 1 1 1 0 1 0 0 0 1 0 0 1 1 1 1 1 0 1 1 0 0 0 1 0 0
160	3	1 0 1 1 1 1 1 1 1 1 0 1 1 0 0 0 0 0 0 0 1 0 0 0 0 1 1 1 0 1 1 0 0 1 0 0 1 1 1 0 1 0 1 1 0 0 0 1 0 0
160	1	1 0 1 1 1 1 1 1 1 1 0 1 1 0 0 0 0 0 0 0 1 0 0 0 0 1 1 1 0 1 0 0 0 1 0 0 1 1 0 0 1 0 1 1 0 0 0 1 0 0
160	1	1 0 1 1 1 1 1 1 1 1 0 1 1 0 1 0 0 0 0 0 1 0 0 0 0 1 1 1 0 1 0 0 0 1 0 0 1 1 1 0 1 0 1 1 0 0 0 1 0 0
160	1	1 0 1 1 1 1 1 1 1 1 1 1 1 0 0 0 0 0 0 0 1 0 0 0 0 1 1 1 0 1 0 0 0 1 0 0 1 1 1 0 1 0 1 1 0 0 0 1 0 0
160	1	1 0 1 1 1 1 0 1 1 1 0 1 1 0 0 0 0 0 0 0 1 0 0 0 0 1 1 1 0 1 0 0 0 1 0 0 1 1 1 0 1 0 1 1 0 0 0 1 0 0
160	1	1 0 1 1 1 1 1 1 1 1 0 1 1 0 0 0 0 0 0 0 1 0 0 0 0 1 1 1 0 1 0 0 0 1 0 0 1 1 1 0 0 0 1 1 0 0 0 1 0 0
160	1	1 0 1 1 1 1 1 1 1 1 0 1 1 0 0 0 0 0 0 0 1 0 1 0 0 1 1 1 0 1 0 0 0 1 0 0 1 1 1 0 1 0 1 1 0 0 0 1 0 0
160	47	1 0 1 1 1 1 1 1 1 1 0 1 1 0 0 0 0 0 0 0 1 0 0 0 0 1 1 1 0 1 0 0 0 1 0 0 1 1 1 0 1 0 1 1 0 0 0 1 0 0
160	1	1 1 1 1 1 1 1 1 1 1 0 1 1 0 0 0 0 0 0 0 1 0 0 0 0 1 1 1 0 1 1 0 0 1 0 0 1 1 1 0 1 0 1 1 0 0 0 1 0 1
160	1	1 1 1 1 1 1 1 1 1 1 0 1 1 0 0 0 0 0 0 0 1 0 0 0 0 1 1 1 0 0 1 0 0 1 0 0 1 1 1 0 1 0 1 1 0 0 0 1 0 0
160	1	1 1 1 1 1 1 1 1 1 1 0 1 1 0 0 0 0 0 0 0 1 0 0 0 0 1 1 1 0 1 1 0 0 1 0 0 1 1 1 0 1 0 1 1 0 0 0 1 0 0
160	2	1 1 1 1 1 1 1 1 1 1 0 1 1 0 0 0 0 0 0 0 1 0 0 0 0 1 1 1 0 1 0 0 0 1 0 0 1 0 1 0 1 0 1 1 0 0 0 1 0 0
160	17	1 1 1 1 1 1 1 1 1 1 0 1 1 0 0 0 0 0 0 0 1 0 0 0 0 1 1 1 0 1 0 0 0 1 0 0 1 1 1 0 1 0 1 1 0 0 0 1 0 0
160	2	1 0 1 1 1 1 1 1 1 1 0 1 1 0 0 0 1 0 0 1 1 0 0 0 0 1 1 1 0 1 0 0 0 1 0 0 1 1 1 0 1 0 1 1 0 0 0 1 0 0
160	2	1 0 1 1 1 1 1 1 1 1 0 1 1 0 0 0 0 0 0 0 1 0 0 0 0 1 1 1 0 0 0 0 0 1 0 0 1 1 1 0 1 0 1 1 0 0 0 1 0 0
160	2	1 0 1 1 1 1 1 1 1 1 0 1 0 0 0 0 0 0 0 0 1 0 0 0 0 1 1 1 0 1 0 0 0 1 0 0 1 1 1 0 1 0 1 1 0 0 0 1 0 0
170	1	1 0 1 1 1 1 1 1 1 1 0 1 1 0 0 0 0 0 0 0 1 1 0 0 1 1 1 1 0 1 0 0 0 1 0 0 1 1 1 0 1 0 0 1 0 0 0 1 0 0
170	4	1 0 1 1 1 1 1 1 1 1 0 1 1 0 0 0 0 0 0 0 1 1 0 0 0 1 1 1 0 1 0 0 0 1 0 0 1 1 1 0 1 0 0 1 0 0 0 1 0 0
170	1	1 0 1 1 1 1 1 1 1 1 0 1 1 0 1 0 0 0 0 0 1 1 0 0 0 1 1 1 0 1 0 0 0 1 0 0 1 1 1 0 1 0 1 1 0 0 0 1 0 0
170	9	1 0 1 1 1 1 1 1 1 1 0 1 1 0 0 0 0 0 0 0 1 1 0 0 0 1 1 1 0 1 0 0 0 1 0 0 1 1 1 0 1 0 1 1 0 0 0 1 0 0
170	3	1 1 1 1 1 1 1 1 1 1 0 1 0 0 0 0 0 0 0 0 1 0 0 0 0 1 1 1 0 1 0 0 0 1 0 0 1 1 1 0 1 0 1 1 0 0 0 1 0 0
170	6	1 1 1 1 1 1 1 1 1 1 0 1 1 0 0 0 0 0 0 0 1 0 0 0 0 1 1 1 0 1 0 0 0 1 0 0 1 1 1 1 1 0 1 1 0 0 0 1 0 0
170	3	1 0 1 1 1 1 1 1 1 1 0 1 1 0 0 0 0 0 0 0 1 0 0 0 0 1 1 1 0 1 1 0 0 1 0 0 1 1 1 0 1 0 1 1 0 0 0 1 0 0
170	1	1 0 1 1 1 1 1 1 1 1 0 1 1 0 0 0 0 0 0 0 1 0 0 0 0 1 1 1 0 1 0 1 0 1 0 0 1 1 1 0 1 0 1 1 0 0 0 1 0 0
170	1	1 0 1 1 1 1 1 1 1 1 0 1 1 0 0 0 0 0 0 1 1 0 0 0 0 1 1 1 0 1 0 0 0 1 0 0 1 1 1 0 1 0 1 1 0 0 0 1 0 0
170	1	1 0 1 1 1 1 1 1 1 1 0 1 0 0 0 0 0 0 0 0 1 0 0 0 0 1 1 1 0 1 0 0 0 1 0 0 1 1 1 0 1 0 1 1 0 0 0 1 0 0
170	39	1 0 1 1 1 1 1 1 1 1 0 1 1 0 0 0 0 0 0 0 1 0 0 0 0 1 1 1 0 1 0 0 0 1 0 0 1 1 1 0 1 0 1 1 0 0 0 1 0 0
170	1	1 1 1 1 1 1 1 1 1 1 0 1 1 0 0 0 0 0 0 0 1 0 0 0 0 1 1 1 0 1 1 0 0 1 0 0 1 1 1 0 1 0 1 1 0 0 0 1 0 1
170	6	1 1 1 1 1 1 1 1 1 0 0 1 1 0 0 0 0 0 0 0 1 0 0 0 0 1 1 1 0 1 0 0 0 1 0 0 1 0 1 0 1 0 1 1 0 0 0 1 0 0
170	1	1 1 1 1 1 1 1 1 1 1 0 1 1 0 0 0 0 0 0 0 0 0 0 0 0 1 1 1 0 1 0 0 0 1 0 0 1 0 1 0 1 0 1 1 0 0 0 1 0 0
170	6	1 1 1 1 1 1 1 1 1 1 0 1 1 0 0 0 0 0 0 0 1 0 0 0 0 1 1 1 0 1 0 0 0 1 0 0 1 0 1 0 1 0 1 1 0 0 0 1 0 0
170	1	1 1 1 1 1 1 1 1 1 1 0 1 1 0 0 0 0 1 0 0 1 0 0 0 0 1 1 1 0 1 0 0 0 1 0 0 1 1 1 0 1 0 1 1 0 0 0 1 0 0
170	16	1 1 1 1 1 1 1 1 1 1 0 1 1 0 0 0 0 0 0 0 1 0 0 0 0 1 1 1 0 1 0 0 0 1 0 0 1 1 1 0 1 0 1 1 0 0 0 1 0 0
180	1	1 0 1 1 1 1 1 1 1 1 0 1 1 0 0 0 0 0 0 1 1 1 0 0 0 1 1 1 0 1 0 0 0 1 0 0 1 1 1 0 1 0 1 1 0 0 0 1 0 0
180	6	1 0 1 1 1 1 1 1 1 1 0 1 1 0 0 0 0 0 0 0 1 1 0 0 0 1 1 1 0 1 0 0 0 1 0 0 1 1 1 0 1 0 1 1 0 0 0 1 0 0
180	6	1 1 1 1 1 1 1 1 1 1 0 1 0 0 0 0 0 0 0 0 1 0 0 0 0 1 1 1 0 1 0 0 0 1 0 0 1 1 1 0 1 0 1 1 0 0 0 1 0 0
180	5	1 1 1 1 1 1 1 1 1 1 0 1 1 0 0 0 0 0 0 0 1 0 0 0 0 1 1 1 0 1 0 0 0 1 0 0 1 1 1 1 1 0 0 1 0 0 0 1 0 0
180	33	1 0 1 1 1 1 1 1 1 1 0 1 1 0 0 0 0 0 0 0 1 0 0 0 0 1 1 1 0 1 0 0 0 1 0 0 1 1 1 0 1 0 1 1 0 0 0 1 0 0
180	20	1 1 1 1 1 1 1 1 1 1 0 1 1 0 0 0 0 0 0 0 1 0 0 0 0 1 1 1 0 1 0 0 0 1 0 0 1 1 1 0 1 0 1 1 0 0 0 1 0 0
180	1	1 1 1 1 0 1 1 1 1 1 0 1 1 0 0 0 0 0 0 0 1 0 0 0 0 1 1 1 0 1 0 0 0 1 0 0 1 1 1 1 1 0 1 1 0 0 0 1 0 0
180	9	1 1 1 1 1 1 1 1 1 1 0 1 1 0 0 0 0 0 0 0 1 0 0 0 0 1 1 1 0 1 0 0 0 1 0 0 1 1 1 1 1 0 1 1 0 0 0 1 0 0
180	1	1 0 1 1 1 1 1 1 1 1 0 1 1 0 0 0 0 0 0 0 1 0 0 0 0 1 1 1 0 1 1 0 0 1 0 0 1 1 1 0 1 0 1 1 0 0 0 1 0 0
180	2	1 0 1 1 1 1 1 1 1 1 0 1 1 0 1 0 0 0 0 0 1 0 0 0 0 1 1 1 0 1 0 0 0 1 0 0 1 1 1 0 1 0 1 1 0 0 0 1 0 0
180	1	1 0 1 1 1 1 1 1 1 1 0 1 1 0 0 0 0 0 1 0 1 0 0 0 0 1 1 1 0 1 0 0 0 1 0 0 1 1 1 0 1 0 1 1 0 0 0 1 0 0
180	1	1 0 1 1 1 1 1 1 1 1 0 1 1 0 0 0 0 0 0 0 1 0 1 0 0 1 1 1 0 1 0 0 0 1 0 0 1 1 1 0 1 0 1 1 0 0 0 1 0 0
180	1	1 0 1 1 1 1 1 1 1 1 0 1 1 0 0 0 0 0 0 1 1 0 0 0 0 1 1 1 0 1 0 0 0 1 0 0 1 1 1 0 1 0 1 1 0 0 0 1 0 0
180	2	1 0 1 1 1 1 1 1 1 1 0 1 0 0 0 0 0 0 0 0 1 0 0 0 0 1 1 1 0 1 0 0 0 1 0 0 1 1 1 0 1 0 1 1 0 0 0 1 0 0
180	1	1 1 1 1 1 1 1 1 1 0 0 1 1 0 0 0 0 0 0 0 1 0 0 0 0 1 1 0 0 1 0 0 0 1 0 0 1 0 1 0 1 0 1 1 0 0 0 1 0 0
180	2	1 1 1 1 1 1 1 1 1 0 0 1 1 0 0 0 0 0 0 0 1 0 0 0 0 1 1 1 0 1 0 0 0 1 0 0 1 0 1 0 1 0 1 1 0 0 0 1 0 0
180	4	1 1 1 1 1 1 1 1 1 1 0 1 1 0 0 0 0 0 0 0 1 0 0 0 0 1 1 1 0 1 0 0 0 1 0 0 1 0 1 0 1 0 1 1 0 0 0 1 0 0
180	2	1 1 1 1 1 1 1 1 1 1 0 1 1 0 0 0 0 0 0 0 1 0 0 0 0 1 1 1 0 1 0 0 0 1 0 0 1 1 1 0 0 0 1 1 0 0 0 1 0 0
180	2	1 1 1 1 1 1 1 1 1 1 0 1 1 0 0 0 0 0 0 0 1 0 0 0 0 1 1 1 1 1 0 0 0 1 0 0 1 1 1 0 1 0 1 1 0 0 0 1 0 0
190	3	1 0 1 1 1 1 1 1 1 1 0 1 1 0 0 0 0 0 0 0 1 1 0 0 0 1 1 1 0 1 0 0 0 1 0 0 1 1 1 0 1 0 1 1 0 0 0 1 0 0
190	6	1 1 1 1 1 1 1 1 1 1 0 1 0 0 0 0 0 0 0 0 1 0 0 0 0 1 1 1 0 1 0 0 0 1 0 0 1 1 1 0 1 0 1 1 0 0 0 1 0 0
190	8	1 1 1 1 1 1 1 1 1 1 0 1 1 0 0 0 0 0 0 0 1 0 0 0 0 1 1 1 0 1 0 0 0 1 0 0 1 1 1 1 1 0 0 1 0 0 0 1 0 0
190	1	1 0 1 1 1 1 1 1 1 1 0 1 1 0 0 0 0 0 0 0 1 0 0 0 0 1 1 1 0 1 1 0 0 1 0 0 1 1 1 0 1 0 1 1 0 0 0 1 0 0
190	3	1 0 1 1 1 1 1 1 1 1 0 1 1 0 0 0 0 0 0 0 1 0 0 0 0 1 1 1 0 1 0 0 0 1 0 0 1 1 1 1 1 0 1 1 0 0 0 1 0 0
190	23	1 1 1 1 1 1 1 1 1 1 0 1 1 0 0 0 0 0 0 0 1 0 0 0 0 1 1 1 0 1 0 0 0 1 0 0 1 1 1 0 1 0 1 1 0 0 0 1 0 0
190	2	1 0 1 1 1 1 1 1 1 1 0 1 1 0 0 0 0 0 0 0 1 0 0 0 0 1 1 1 0 1 0 0 0 1 0 0 0 1 1 0 1 0 1 1 0 0 0 1 0 0
190	25	1 0 1 1 1 1 1 1 1 1 0 1 1 0 0 0 0 0 0 0 1 0 0 0 0 1 1 1 0 1 0 0 0 1 0 0 1 1 1 0 1 0 1 1 0 0 0 1 0 0
190	1	1 1 1 0 1 1 1 1 1 1 0 1 1 0 0 0 0 0 0 0 1 0 0 0 0 1 1 1 0 1 0 0 0 1 0 0 1 1 1 1 1 0 1 1 0 0 0 1 0 0
190	10	1 1 1 1 1 1 1 1 1 1 0 1 1 0 0 0 0 0 0 0 1 0 0 0 0 1 1 1 0 1 0 0 0 1 0 0 1 1 1 1 1 0 1 1 0 0 0 1 0 0
190	1	1 0 1 1 1 1 1 1 1 1 0 1 1 0 0 0 0 0 0 0 1 0 1 0 0 1 1 1 0 1 0 0 0 1 0 0 1 1 1 0 1 0 1 1 0 0 0 1 0 0
190	1	1 0 1 1 1 1 1 1 1 1 0 1 1 0 0 0 0 0 0 1 1 0 0 0 0 1 1 1 0 1 0 0 0 1 0 0 1 1 1 0 1 0 1 1 0 0 0 1 0 0
190	1	1 0 1 1 1 1 1 1 1 1 0 1 0 0 0 0 0 0 0 0 1 0 0 0 0 1 1 1 0 1 0 0 0 1 0 0 1 1 1 0 1 0 1 1 0 0 0 1 0 0
190	1	1 1 1 1 1 1 1 1 1 1 0 1 1 0 0 0 0 0 0 0 1 0 0 0 0 1 1 1 0 1 0 0 0 1 0 0 1 0 1 0 1 0 1 1 0 0 0 1 0 1
190	6	1 1 1 1 1 1 1 1 1 1 0 1 1 0 0 0 0 0 0 0 1 0 0 0 0 1 1 1 0 1 0 0 0 1 0 0 1 0 1 0 1 0 1 1 0 0 0 1 0 0
190	6	1 1 1 1 1 1 1 1 1 1 0 1 1 0 0 0 0 0 0 0 1 0 0 0 0 1 1 1 0 1 0 0 0 1 0 0 1 1 1 0 0 0 1 1 0 0 0 1 0 0
190	2	1 1 1 1 1 1 1 1 1 1 0 1 1 0 0 0 0 1 0 0 1 0 0 0 0 1 1 1 0 1 0 0 0 1 0 0 1 1 1 0 1 0 1 1 0 0 0 1 0 0
200	2	1 0 1 1 1 1 1 1 1 1 0 1 1 0 0 0 0 0 0 0 1 1 0 0 0 1 1 1 0 1 0 0 0 1 0 0 1 1 1 0 1 0 1 1 0 0 0 1 0 0
200	5	1 1 1 1 1 1 1 1 1 1 0 1 0 0 0 0 0 0 0 0 1 0 0 0 0 1 1 1 0 1 0 0 0 1 0 0 1 1 1 0 1 0 1 1 0 0 0 1 0 0
200	8	1 1 1 1 1 1 1 1 1 1 0 1 1 0 0 0 0 0 0 0 1 0 0 0 0 1 1 1 0 1 0 0 0 1 0 0 1 1 1 1 1 0 0 1 0 0 0 1 0 0
200	3	1 0 1 1 1 1 1 1 1 1 0 1 1 0 0 0 0 0 0 0 1 0 0 0 0 1 1 1 0 1 1 0 0 1 0 0 1 1 1 0 1 0 1 1 0 0 0 1 0 0
200	1	1 0 1 1 1 1 1 1 1 1 0 1 1 0 0 0 0 0 0 0 1 0 0 0 0 1 1 1 0 1 0 0 0 1 0 0 1 1 1 1 1 0 1 1 0 0 0 1 0 0
200	8	1 1 1 1 1 1 1 1 1 1 0 1 1 0 0 0 0 0 0 0 1 0 0 0 0 1 1 1 0 1 0 0 0 1 0 0 1 0 1 0 1 0 1 1 0 0 0 1 0 0
200	34	1 1 1 1 1 1 1 1 1 1 0 1 1 0 0 0 0 0 0 0 1 0 0 0 0 1 1 1 0 1 0 0 0 1 0 0 1 1 1 0 1 0 1 1 0 0 0 1 0 0
200	14	1 0 1 1 1 1 1 1 1 1 0 1 1 0 0 0 0 0 0 0 1 0 0 0 0 1 1 1 0 1 0 0 0 1 0 0 1 1 1 0 1 0 1 1 0 0 0 1 0 0
200	11	1 1 1 1 1 1 1 1 1 1 0 1 1 0 0 0 0 0 0 0 1 0 0 0 0 1 1 1 0 1 0 0 0 1 0 0 1 1 1 1 1 0 1 1 0 0 0 1 0 0
200	1	1 0 1 1 1 1 1 1 1 1 0 1 1 0 0 0 0 0 1 0 1 0 0 0 0 1 1 1 0 1 0 0 0 1 0 0 1 1 1 0 1 0 1 1 0 0 0 1 0 0
200	1	1 0 1 1 1 1 1 1 1 1 0 1 1 0 0 0 0 0 0 1 1 0 0 0 0 1 1 1 0 1 0 0 0 1 0 0 1 1 1 0 1 0 1 1 0 0 0 1 0 0
200	1	1 1 1 1 1 1 1 1 1 1 0 1 1 0 0 0 0 0 0 0 1 0 0 0 0 1 1 1 0 1 0 0 0 1 0 0 1 1 1 0 0 0 1 1 0 1 0 1 0 0
200	9	1 1 1 1 1 1 1 1 1 1 0 1 1 0 0 0 0 0 0 0 1 0 0 0 0 1 1 1 0 1 0 0 0 1 0 0 1 1 1 0 0 0 1 1 0 0 0 1 0 0
200	2	1 1 1 1 1 1 1 1 1 1 0 1 1 0 0 0 0 0 0 0 1 0 0 0 0 1 1 1 1 1 0 0 0 1 0 0 1 1 1 0 1 0 1 1 0 0 0 1 0 0
210	2	1 0 1 1 1 1 1 1 1 1 0 1 1 0 0 0 0 0 0 0 1 1 0 0 0 1 1 1 0 1 0 0 0 1 0 0 1 1 1 0 1 0 1 1 0 0 0 1 0 0
210	1	1 1 1 1 1 1 1 1 1 1 0 1 0 0 0 0 0 0 0 0 1 0 0 0 0 1 1 1 0 1 0 0 0 1 0 0 1 1 1 0 1 0 1 1 0 0 0 1 0 0
210	16	1 1 1 1 1 1 1 1 1 1 0 1 1 0 0 0 0 0 0 0 1 0 0 0 0 1 1 1 0 1 0 0 0 1 0 0 1 1 1 1 1 0 0 1 0 0 0 1 0 0
210	4	1 1 1 1 1 1 1 1 1 1 0 1 1 0 1 0 0 0 0 0 1 0 0 0 0 1 0 1 0 1 0 0 0 1 0 0 1 1 1 0 1 0 1 1 0 0 0 1 0 0
210	1	1 1 1 1 1 1 1 1 1 1 0 1 1 0 0 0 0 0 0 0 1 0 0 0 0 1 1 1 0 1 0 0 0 1 0 0 1 0 1 0 1 0 1 0 0 0 0 1 0 0
210	7	1 1 1 1 1 1 1 1 1 1 0 1 1 0 0 0 0 0 0 0 1 0 0 0 0 1 1 1 0 1 0 0 0 1 0 0 1 0 1 0 1 0 1 1 0 0 0 1 0 0
210	7	1 0 1 1 1 1 1 1 1 1 0 1 1 0 0 0 0 0 0 0 1 0 0 0 0 1 1 1 0 1 0 0 0 1 0 0 1 1 1 0 1 0 1 1 0 0 0 1 0 0
210	1	1 1 1 1 1 1 1 1 1 1 0 1 1 0 0 0 0 0 0 0 1 0 0 1 0 1 1 1 0 1 0 0 0 1 0 0 1 1 1 0 1 0 1 1 0 0 0 1 0 0
210	26	1 1 1 1 1 1 1 1 1 1 0 1 1 0 0 0 0 0 0 0 1 0 0 0 0 1 1 1 0 1 0 0 0 1 0 0 1 1 1 0 1 0 1 1 0 0 0 1 0 0
210	5	1 1 1 1 1 1 1 1 1 1 0 1 1 0 0 0 0 0 0 0 1 0 0 0 0 1 1 1 0 1 0 0 0 1 0 0 1 1 1 1 1 0 1 1 0 0 0 1 0 0
210	1	1 1 0 1 1 1 1 1 1 1 0 1 1 0 0 0 0 0 0 0 1 0 0 0 0 1 1 1 0 1 0 0 0 1 0 0 1 1 1 0 0 0 1 1 0 0 0 1 0 0
210	1	1 1 1 1 1 1 1 1 1 1 0 1 1 0 0 0 0 0 0 0 1 0 0 0 0 1 1 1 0 1 0 0 0 1 0 0 1 1 1 0 0 1 1 1 0 0 0 1 0 0
210	2	1 1 1 1 1 1 1 1 1 1 0 1 1 1 0 0 0 0 0 0 1 0 0 0 0 1 1 1 0 1 0 0 0 1 0 0 1 1 1 0 0 0 1 1 0 0 0 1 0 0
210	25	1 1 1 1 1 1 1 1 1 1 0 1 1 0 0 0 0 0 0 0 1 0 0 0 0 1 1 1 0 1 0 0 0 1 0 0 1 1 1 0 0 0 1 1 0 0 0 1 0 0
210	1	1 1 1 1 1 1 1 1 1 1 0 1 1 0 0 0 0 0 0 0 1 0 0 0 0 1 1 1 1 1 0 0 0 1 0 0 1 1 1 0 1 0 1 1 0 0 0 1 0 0
220	2	1 1 1 1 1 1 1 1 1 1 0 1 1 0 1 0 0 0 0 0 1 0 0 0 0 1 1 1 0 1 0 0 0 1 0 0 1 1 1 1 1 0 0 1 0 0 0 1 0 0
220	31	1 1 1 1 1 1 1 1 1 1 0 1 1 0 0 0 0 0 0 0 1 0 0 0 0 1 1 1 0 1 0 0 0 1 0 0 1 1 1 1 1 0 0 1 0 0 0 1 0 0
220	4	1 1 1 1 1 1 1 1 1 1 0 1 1 0 0 0 0 0 0 0 1 0 0 0 0 1 1 1 0 1 0 0 0 1 0 0 1 0 1 0 1 0 1 1 0 0 0 1 0 0
220	1	1 0 1 1 1 1 1 1 1 1 0 1 1 0 0 0 0 0 0 0 1 0 0 0 0 1 1 1 0 1 0 0 0 1 0 0 1 1 1 0 1 0 1 1 0 0 0 1 0 0
220	17	1 1 1 1 1 1 1 1 1 1 0 1 1 0 0 0 0 0 0 0 1 0 0 0 0 1 1 1 0 1 0 0 0 1 0 0 1 1 1 0 1 0 1 1 0 0 0 1 0 0
220	8	1 1 1 1 1 1 1 1 1 1 0 1 1 0 0 0 0 0 0 0 1 0 0 0 0 1 1 1 0 1 0 0 0 1 0 0 1 1 1 1 1 0 1 1 0 0 0 1 0 0
220	1	1 0 1 1 1 1 1 1 1 1 0 1 1 0 0 0 0 0 0 1 1 0 0 0 0 1 1 1 0 1 0 0 0 1 0 0 1 1 1 0 1 0 1 1 0 0 0 1 0 0
220	1	1 1 0 1 1 1 1 1 1 1 0 1 1 0 0 0 0 0 0 0 1 0 0 0 0 1 1 1 0 1 0 0 0 1 0 0 1 1 1 0 0 0 1 1 0 0 0 1 0 0
220	1	1 1 1 1 1 1 1 1 1 1 0 1 1 0 0 0 0 0 0 0 1 0 0 0 0 1 0 1 0 1 0 0 0 1 0 1 1 1 1 0 0 0 1 1 0 0 0 1 0 0
220	1	1 1 1 1 1 1 1 1 1 1 0 1 1 0 0 0 0 0 0 0 1 0 0 0 0 1 1 1 0 1 0 0 0 1 0 0 1 1 1 0 0 0 1 1 0 0 0 0 0 0
220	33	1 1 1 1 1 1 1 1 1 1 0 1 1 0 0 0 0 0 0 0 1 0 0 0 0 1 1 1 0 1 0 0 0 1 0 0 1 1 1 0 0 0 1 1 0 0 0 1 0 0
230	2	1 1 1 1 1 1 1 1 1 1 0 1 1 0 1 0 0 0 0 0 1 0 0 0 0 1 1 1 0 1 0 0 0 1 0 0 1 1 1 1 1 0 0 1 0 0 0 1 0 0
230	1	1 1 1 1 1 1 1 1 1 1 0 1 1 0 0 0 0 0 0 0 1 0 0 0 1 1 1 1 0 1 0 0 0 1 0 0 1 1 1 1 1 0 0 1 0 0 0 1 0 0
230	1	1 1 1 1 1 1 1 1 1 1 0 1 1 0 0 0 0 0 0 0 1 0 0 0 0 1 1 1 0 1 0 0 0 1 0 0 1 1 1 1 1 0 1 1 0 0 0 1 0 0
230	1	1 1 1 1 1 1 1 1 1 1 0 1 1 0 0 0 0 0 0 0 1 0 0 0 0 1 1 1 0 1 0 0 0 1 0 0 1 1 0 1 1 0 0 1 0 0 0 1 0 0
230	32	1 1 1 1 1 1 1 1 1 1 0 1 1 0 0 0 0 0 0 0 1 0 0 0 0 1 1 1 0 1 0 0 0 1 0 0 1 1 1 1 1 0 0 1 0 0 0 1 0 0
230	1	1 1 1 1 1 1 1 1 1 1 0 1 1 0 0 0 0 0 0 0 1 0 0 0 0 1 1 1 0 1 0 0 0 1 0 0 1 0 1 0 1 0 1 1 0 0 0 1 0 0
230	1	1 1 1 0 1 1 1 1 1 1 0 1 1 0 0 0 0 0 0 0 1 0 0 0 0 1 1 1 0 1 0 0 0 1 0 0 1 1 1 0 0 0 1 1 0 0 0 1 0 0
230	28	1 1 1 1 1 1 1 1 1 1 0 1 1 0 0 0 0 0 0 0 1 0 0 0 0 1 1 1 0 1 0 0 0 1 0 0 1 1 1 0 0 0 1 1 0 0 0 1 0 0
230	28	1 1 1 1 1 1 1 1 1 1 0 1 1 0 0 0 0 0 0 0 1 0 0 0 0 1 1 1 0 1 0 0 0 1 0 0 1 1 1 0 1 0 1 1 0 0 0 1 0 0
230	1	1 1 1 1 1 1 1 1 1 1 0 1 1 0 0 0 0 1 0 0 1 0 0 0 0 1 1 1 0 1 0 0 0 1 0 0 1 1 1 0 0 0 1 1 0 0 0 1 0 0
230	1	1 1 1 1 1 1 1 1 1 1 0 1 1 0 0 0 0 0 0 0 1 0 0 0 0 1 1 1 0 1 0 1 0 1 0 0 1 1 1 0 0 0 1 1 0 0 0 1 0 0
230	2	1 1 1 1 1 1 1 1 1 1 0 1 0 0 0 0 0 0 0 0 1 0 0 0 0 1 1 1 1 1 0 0 0 1 0 0 1 1 1 0 1 0 1 1 0 0 0 1 0 0
230	1	1 1 1 1 1 1 1 1 1 1 0 1 1 0 0 0 0 0 0 0 1 0 0 0 0 1 1 1 1 1 0 0 0 1 0 0 1 1 1 0 1 0 1 1 0 0 0 1 0 0
240	2	1 1 1 1 1 1 1 1 1 1 0 1 1 0 1 0 0 0 0 0 1 0 0 0 0 1 1 1 0 1 0 0 0 1 0 0 1 1 1 1 1 0 0 1 0 0 0 1 0 0
240	3	1 1 1 1 1 1 1 1 1 1 0 1 1 0 0 0 0 0 0 0 1 0 0 0 1 1 1 1 0 1 0 0 0 1 0 0 1 1 1 1 1 0 0 1 0 0 0 1 0 0
240	5	1 1 1 1 1 1 1 1 1 1 0 1 1 0 0 0 0 0 0 0 1 0 0 0 0 1 1 1 0 1 0 0 0 1 0 0 1 1 1 1 1 0 1 1 0 0 0 1 0 0
240	30	1 1 1 1 1 1 1 1 1 1 0 1 1 0 0 0 0 0 0 0 1 0 0 0 0 1 1 1 0 1 0 0 0 1 0 0 1 1 1 1 1 0 0 1 0 0 0 1 0 0
240	1	1 1 1 1 1 1 1 1 1 1 0 0 1 0 0 0 0 0 0 0 1 0 0 0 0 1 1 1 0 1 0 0 0 1 0 0 1 1 1 0 0 0 1 1 0 0 0 1 0 0
240	41	1 1 1 1 1 1 1 1 1 1 0 1 1 0 0 0 0 0 0 0 1 0 0 0 0 1 1 1 0 1 0 0 0 1 0 0 1 1 1 0 0 0 1 1 0 0 0 1 0 0
240	1	1 1 1 1 1 1 1 1 1 1 0 1 1 0 0 0 0 0 0 0 1 0 0 0 0 1 1 1 0 0 0 0 0 1 0 0 1 1 1 0 1 0 1 1 0 0 0 1 0 0
240	1	1 1 1 1 1 1 1 1 1 1 0 1 1 0 0 0 0 0 0 0 1 0 0 0 0 1 1 1 0 1 0 0 0 1 1 0 1 1 1 0 1 0 1 1 0 0 0 1 0 0
240	15	1 1 1 1 1 1 1 1 1 1 0 1 1 0 0 0 0 0 0 0 1 0 0 0 0 1 1 1 0 1 0 0 0 1 0 0 1 1 1 0 1 0 1 1 0 0 0 1 0 0
240	1	1 1 1 1 1 1 1 1 1 1 0 1 1 0 0 0 0 1 0 0 1 0 0 0 0 1 1 1 0 1 0 0 0 1 0 0 1 1 1 0 0 0 1 1 0 0 0 1 0 0
250	4	1 1 1 1 1 1 1 1 1 1 0 1 1 0 1 0 0 0 0 0 1 0 0 0 0 1 1 1 0 1 0 0 0 1 0 0 1 1 1 1 1 0 0 1 0 0 0 1 0 0
250	7	1 1 1 1 1 1 1 1 1 1 0 1 1 0 0 0 0 0 0 0 1 0 0 0 1 1 1 1 0 1 0 0 0 1 0 0 1 1 1 1 1 0 0 1 0 0 0 1 0 0
250	3	1 1 1 1 1 1 1 1 1 1 0 1 1 0 0 0 0 0 0 0 1 0 0 0 0 1 1 1 0 1 0 0 0 1 0 0 1 1 1 1 1 0 1 1 0 0 0 1 0 0
250	1	1 1 1 1 1 1 1 1 1 1 0 1 1 0 0 0 0 0 0 0 1 0 0 0 0 1 1 1 0 1 0 0 0 1 0 0 1 1 0 1 1 0 0 1 0 0 0 1 0 0
250	1	1 1 1 1 1 1 1 1 1 1 0 1 1 0 0 0 0 0 0 0 1 0 1 0 0 1 1 1 0 1 0 0 0 1 0 0 1 1 1 1 1 0 0 1 0 0 0 1 0 0
250	25	1 1 1 1 1 1 1 1 1 1 0 1 1 0 0 0 0 0 0 0 1 0 0 0 0 1 1 1 0 1 0 0 0 1 0 0 1 1 1 1 1 0 0 1 0 0 0 1 0 0
250	1	1 1 1 1 1 1 1 1 1 1 0 0 1 0 0 0 0 0 0 0 1 0 0 0 0 1 1 1 0 1 0 0 0 1 0 0 1 1 1 0 0 0 1 1 0 0 0 1 0 0
250	1	1 1 1 1 1 1 1 1 1 1 0 1 1 0 0 0 0 1 0 0 1 0 0 0 0 1 1 1 0 1 0 0 0 1 0 0 1 1 1 0 0 0 1 1 0 0 0 1 0 0
250	1	1 1 1 1 1 1 1 1 1 1 0 1 1 0 0 0 0 0 0 0 1 0 0 0 0 1 1 1 0 1 0 0 0 1 0 0 1 1 1 0 0 0 0 1 0 0 0 1 0 0
250	51	1 1 1 1 1 1 1 1 1 1 0 1 1 0 0 0 0 0 0 0 1 0 0 0 0 1 1 1 0 1 0 0 0 1 0 0 1 1 1 0 0 0 1 1 0 0 0 1 0 0
250	2	1 1 1 1 1 1 1 1 1 1 0 1 1 0 0 0 0 0 0 0 1 0 0 0 0 1 1 1 0 1 0 0 0 1 1 0 1 1 1 0 1 0 1 1 0 0 0 1 0 0
250	2	1 1 1 1 1 1 1 1 1 1 0 1 1 0 0 0 0 0 0 0 1 0 0 0 0 1 1 1 0 1 0 0 0 1 0 0 1 1 1 0 1 0 1 1 0 0 0 1 0 0
250	1	1 1 1 1 1 1 1 1 1 1 0 1 1 0 0 0 0 0 0 0 1 0 0 0 0 1 1 1 1 1 0 0 0 1 0 0 1 1 1 0 1 0 1 1 0 0 0 1 0 0
260	3	1 1 1 1 1 1 1 1 1 1 0 1 1 0 1 0 0 0 0 0 1 0 0 0 0 1 1 1 0 1 0 0 0 1 0 0 1 1 1 1 1 0 0 1 0 0 0 1 0 0
260	3	1 1 1 1 1 1 1 1 1 1 0 1 1 0 0 0 0 0 0 0 1 0 0 0 1 1 1 1 0 1 0 0 0 1 0 0 1 1 1 1 1 0 0 1 0 0 0 1 0 0
260	2	1 1 1 1 1 1 1 1 1 1 0 1 1 0 0 0 0 0 0 0 1 0 0 0 0 1 1 1 0 1 0 0 0 1 0 0 1 1 1 1 1 0 1 1 0 0 0 1 0 0
260	1	1 1 1 1 1 1 1 1 1 1 0 1 1 0 0 0 0 0 0 0 1 0 0 0 0 1 1 1 0 1 0 0 0 1 0 0 1 1 0 1 1 0 0 1 0 0 0 1 0 0
260	1	1 1 1 1 1 1 1 1 1 1 0 1 1 0 0 0 0 0 0 0 1 0 0 0 0 1 1 1 0 1 0 0 0 1 0 0 1 1 1 1 1 0 0 1 0 0 0 1 0 1
260	31	1 1 1 1 1 1 1 1 1 1 0 1 1 0 0 0 0 0 0 0 1 0 0 0 0 1 1 1 0 1 0 0 0 1 0 0 1 1 1 1 1 0 0 1 0 0 0 1 0 0
260	7	1 1 1 1 1 1 1 1 1 1 0 0 1 0 0 0 0 0 0 0 1 0 0 0 0 1 1 1 0 1 0 0 0 1 0 0 1 1 1 0 0 0 1 1 0 0 0 1 0 0
260	1	1 1 1 1 1 1 1 1 1 1 0 1 1 0 0 0 0 1 0 0 1 0 0 0 0 1 1 1 0 1 0 0 0 1 0 0 1 1 1 0 0 0 1 1 0 0 0 1 0 0
260	3	1 1 1 1 1 1 1 1 1 1 0 1 1 0 0 0 0 0 0 0 1 0 0 0 0 1 1 1 0 1 0 0 0 1 0 0 1 1 1 0 0 0 0 1 0 0 0 1 0 0
260	1	1 1 1 1 1 1 1 1 0 1 0 1 1 0 0 0 0 0 0 0 1 0 0 0 0 1 1 1 0 1 0 0 0 1 0 0 1 1 1 0 0 0 1 1 0 0 0 1 0 0
260	2	1 1 1 1 1 1 1 1 1 1 0 1 1 0 0 0 0 0 0 0 1 1 0 0 0 1 1 1 0 1 0 0 0 1 0 0 1 1 1 0 0 0 1 1 0 0 0 1 0 0
260	2	1 1 1 1 1 1 1 1 1 1 0 1 1 0 0 0 0 0 0 0 1 0 0 0 0 1 1 1 0 1 0 0 0 1 0 0 1 1 1 0 1 0 1 1 0 0 0 1 0 0
260	1	1 1 1 1 1 1 1 1 1 1 0 1 1 0 0 0 0 0 0 0 1 0 0 0 0 1 0 1 0 1 0 0 0 1 0 0 1 1 1 0 0 0 1 1 0 0 0 1 0 0
260	40	1 1 1 1 1 1 1 1 1 1 0 1 1 0 0 0 0 0 0 0 1 0 0 0 0 1 1 1 0 1 0 0 0 1 0 0 1 1 1 0 0 0 1 1 0 0 0 1 0 0
260	1	1 1 1 1 1 1 1 1 1 1 0 1 1 0 0 0 0 0 0 0 1 0 0 0 0 1 1 1 0 1 0 0 0 1 1 0 1 1 1 0 1 0 1 1 0 0 0 1 0 0
260	1	1 1 1 1 1 1 1 1 1 1 0 1 1 0 0 0 0 0 0 0 1 0 0 0 0 1 1 1 1 1 0 0 0 1 0 0 1 1 1 0 1 0 1 1 0 0 0 1 0 0
270	3	1 1 1 1 1 1 1 1 1 1 0 1 1 0 1 0 0 0 0 0 1 0 0 0 0 1 1 1 0 1 0 0 0 1 0 0 1 1 1 1 1 0 0 1 0 0 0 1 0 0
270	3	1 1 1 1 1 1 1 1 1 1 0 1 1 0 0 0 0 0 0 0 1 0 0 0 1 1 1 1 0 1 0 0 0 1 0 0 1 1 1 1 1 0 0 1 0 0 0 1 0 0
270	1	1 1 1 1 1 1 1 1 1 1 0 1 1 0 0 0 0 0 0 0 1 0 0 0 0 1 1 1 0 1 0 0 0 1 0 0 0 1 1 1 1 0 0 1 0 0 0 1 0 0
270	25	1 1 1 1 1 1 1 1 1 1 0 1 1 0 0 0 0 0 0 0 1 0 0 0 0 1 1 1 0 1 0 0 0 1 0 0 1 1 1 1 1 0 0 1 0 0 0 1 0 0
270	2	1 1 1 1 1 1 1 1 1 1 0 0 1 0 0 0 0 0 0 0 1 0 0 0 0 1 1 1 0 1 0 0 0 1 0 0 1 1 1 0 0 0 1 1 0 0 0 1 0 0
270	1	1 1 1 1 1 1 1 1 1 1 0 1 1 0 0 0 0 1 0 0 1 0 0 0 0 1 1 1 0 1 0 0 0 1 0 0 1 1 1 0 0 0 1 1 0 0 0 1 0 0
270	6	1 1 1 1 1 1 1 1 1 1 0 1 1 0 0 0 0 0 0 0 1 0 0 0 0 1 1 1 0 1 0 0 0 1 0 0 1 1 1 0 0 0 0 1 0 0 0 1 0 0
270	1	1 1 1 1 1 1 1 1 1 1 0 1 1 0 0 0 0 0 0 0 1 0 0 0 0 1 1 1 0 1 0 0 0 1 0 0 1 1 1 0 1 0 1 1 0 0 0 1 0 0
270	1	1 1 1 1 1 1 1 1 1 1 0 1 1 0 0 0 0 0 0 0 1 0 0 0 0 1 1 1 0 1 0 0 0 1 0 0 1 1 1 0 0 0 1 1 0 0 1 1 0 0
270	57	1 1 1 1 1 1 1 1 1 1 0 1 1 0 0 0 0 0 0 0 1 0 0 0 0 1 1 1 0 1 0 0 0 1 0 0 1 1 1 0 0 0 1 1 0 0 0 1 0 0
280	6	1 1 1 1 1 1 1 1 1 1 0 1 1 0 1 0 0 0 0 0 1 0 0 0 0 1 1 1 0 1 0 0 0 1 0 0 1 1 1 1 1 0 0 1 0 0 0 1 0 0
280	7	1 1 1 1 1 1 1 1 1 1 0 1 1 0 0 0 0 0 0 0 1 0 0 0 1 1 1 1 0 1 0 0 0 1 0 0 1 1 1 1 1 0 0 1 0 0 0 1 0 0
280	1	1 1 1 1 1 1 1 1 1 1 0 1 1 0 0 0 0 0 0 0 1 0 0 0 0 1 0 1 0 1 0 0 0 1 0 0 1 1 1 1 1 0 0 1 0 0 0 1 0 0
280	1	1 1 1 1 1 1 1 1 1 1 0 0 1 0 0 0 0 0 0 0 1 0 0 0 0 1 1 1 0 1 0 0 0 1 0 0 1 1 1 1 1 0 0 1 0 0 0 1 0 0
280	19	1 1 1 1 1 1 1 1 1 1 0 1 1 0 0 0 0 0 0 0 1 0 0 0 0 1 1 1 0 1 0 0 0 1 0 0 1 1 1 1 1 0 0 1 0 0 0 1 0 0
280	1	1 1 1 1 1 1 1 1 1 1 0 0 1 0 0 0 0 0 0 0 1 0 0 0 0 1 1 1 0 1 0 0 0 1 0 0 1 1 1 0 0 0 1 1 0 0 0 1 0 0
280	1	1 1 1 1 1 1 1 1 1 1 0 1 1 0 0 0 0 1 0 0 1 0 0 0 0 1 1 1 0 1 0 0 0 1 0 0 1 1 1 0 0 0 1 1 0 0 0 1 0 0
280	10	1 1 1 1 1 1 1 1 1 1 0 1 1 0 0 0 0 0 0 0 1 0 0 0 0 1 1 1 0 1 0 0 0 1 0 0 1 1 1 0 0 0 0 1 0 0 0 1 0 0
280	3	1 1 1 1 1 1 1 1 1 1 1 1 1 0 0 0 0 0 0 0 1 0 0 0 0 1 1 1 0 1 0 0 0 1 0 0 1 1 1 0 0 0 1 1 0 0 0 1 0 0
280	1	1 1 1 1 1 1 1 1 1 1 0 1 1 0 0 0 0 0 0 0 1 0 1 0 0 1 1 1 0 1 0 0 0 1 0 0 1 1 1 0 0 0 1 1 0 0 0 1 0 0
280	1	1 1 1 1 1 1 1 1 1 1 0 1 1 0 0 0 0 0 0 0 0 0 0 0 0 1 1 1 0 1 0 0 0 1 0 0 1 1 1 0 0 0 1 1 0 0 0 1 0 0
280	1	1 1 1 1 1 1 1 1 1 1 0 1 1 0 0 0 0 0 0 0 1 0 0 1 0 1 1 1 0 1 0 0 0 1 0 0 1 1 1 0 0 0 1 1 0 0 0 1 0 0
280	1	1 1 1 1 1 1 1 1 1 1 0 1 1 0 0 0 0 0 0 0 1 0 0 0 0 1 1 1 0 1 0 0 0 1 0 0 1 1 1 0 0 0 1 1 0 0 0 0 0 0
280	46	1 1 1 1 1 1 1 1 1 1 0 1 1 0 0 0 0 0 0 0 1 0 0 0 0 1 1 1 0 1 0 0 0 1 0 0 1 1 1 0 0 0 1 1 0 0 0 1 0 0
280	1	1 1 1 1 1 1 1 1 1 1 0 1 1 0 0 0 0 0 0 0 1 0 0 0 0 1 1 1 1 1 0 0 0 1 0 1 1 1 1 0 1 0 1 1 0 0 0 1 0 0
290	2	1 1 1 1 1 1 1 1 1 1 0 1 1 0 0 0 0 0 0 0 1 0 0 0 1 1 1 1 0 1 0 0 0 1 0 0 1 1 1 1 1 0 0 1 0 0 0 1 0 0
290	1	1 1 1 1 1 1 1 1 1 1 0 1 1 0 0 0 0 0 0 0 1 0 0 0 0 1 0 1 0 1 0 0 0 1 0 0 1 1 1 1 1 0 0 1 0 0 0 1 0 0
290	2	1 1 1 1 1 1 1 1 1 1 0 1 0 0 0 0 0 0 0 0 1 0 0 0 0 1 1 1 0 1 0 0 0 1 0 0 1 1 1 1 1 0 0 1 0 0 0 1 0 0
290	27	1 1 1 1 1 1 1 1 1 1 0 1 1 0 0 0 0 0 0 0 1 0 0 0 0 1 1 1 0 1 0 0 0 1 0 0 1 1 1 1 1 0 0 1 0 0 0 1 0 0
290	1	1 1 1 1 1 1 1 1 1 1 0 0 1 0 0 0 0 0 0 0 1 0 0 0 0 1 1 1 0 1 0 0 0 1 0 0 1 1 1 0 0 0 1 1 0 1 0 1 0 0
290	4	1 1 1 1 1 1 1 1 1 1 0 0 1 0 0 0 0 0 0 0 1 0 0 0 0 1 1 1 0 1 0 0 0 1 0 0 1 1 1 0 0 0 1 1 0 0 0 1 0 0
290	2	1 1 1 1 1 1 1 1 1 1 0 1 1 0 0 0 0 1 0 0 1 0 0 0 0 1 1 1 0 1 0 0 0 1 0 0 1 1 1 0 0 0 1 1 0 0 0 1 0 0
290	2	1 1 1 1 1 1 1 1 1 1 0 1 0 0 0 0 0 0 0 0 1 0 0 0 0 1 1 1 0 1 0 0 0 1 0 0 1 1 1 0 0 0 1 1 0 0 0 1 0 0
290	38	1 1 1 1 1 1 1 1 1 1 0 1 1 0 0 0 0 0 0 0 1 0 0 0 0 1 1 1 0 1 0 0 0 1 0 0 1 1 1 0 0 0 1 1 0 0 0 1 0 0
290	20	1 1 1 1 1 1 1 1 1 1 0 1 1 0 0 0 0 0 0 0 1 0 0 0 0 1 1 1 0 1 0 0 0 1 0 0 1 1 1 0 0 0 0 1 0 0 0 1 0 0
290	1	1 1 1 1 1 1 1 1 1 1 0 1 1 0 0 0 0 0 0 0 1 0 0 1 0 1 1 1 0 1 0 0 0 1 0 0 1 1 1 0 0 0 1 1 0 0 0 1 0 0
300	5	1 1 1 1 1 1 1 1 1 1 0 1 1 0 0 0 0 0 0 0 1 0 0 0 1 1 1 1 0 1 0 0 0 1 0 0 1 1 1 1 1 0 0 0 0 0 0 1 0 0
300	4	1 1 1 1 1 1 1 1 1 1 0 1 1 0 0 0 0 0 0 0 1 0 0 0 1 1 1 1 0 1 0 0 0 1 0 0 1 1 1 1 1 0 0 1 0 0 0 1 0 0
300	2	1 1 1 1 1 1 1 1 1 1 0 1 1 0 0 0 0 0 0 0 1 0 0 0 0 1 0 1 0 1 0 0 0 1 0 0 1 1 1 1 1 0 0 1 0 0 0 1 0 0
300	1	1 1 1 1 1 1 1 1 1 1 0 1 1 0 0 0 0 0 0 0 1 0 0 0 0 1 1 1 1 1 0 0 0 1 0 0 1 1 1 1 1 0 0 1 0 0 0 1 0 0
300	19	1 1 1 1 1 1 1 1 1 1 0 1 1 0 0 0 0 0 0 0 1 0 0 0 0 1 1 1 0 1 0 0 0 1 0 0 1 1 1 1 1 0 0 1 0 0 0 1 0 0
300	5	1 1 1 1 1 1 1 1 1 1 0 0 1 0 0 0 0 0 0 0 1 0 0 0 0 1 1 1 0 1 0 0 0 1 0 0 1 1 1 0 0 0 1 1 0 0 0 1 0 0
300	1	1 1 1 1 1 1 1 1 1 1 0 1 1 0 0 0 0 1 0 0 1 0 0 0 0 1 1 1 0 1 0 0 0 1 0 0 1 1 1 0 0 0 1 1 0 0 0 1 0 0
300	3	1 1 1 1 1 1 1 1 1 1 0 1 1 0 0 0 0 0 0 0 1 0 0 0 0 1 1 1 1 1 0 0 0 1 0 0 1 1 1 0 0 0 1 1 0 0 0 1 0 0
300	1	0 1 1 1 1 1 1 1 1 1 0 1 1 0 0 0 0 0 0 0 1 0 0 0 0 1 1 1 0 1 0 0 0 1 0 0 1 1 1 0 0 0 1 1 0 0 0 1 0 0
300	1	1 1 1 1 1 1 1 1 1 1 0 1 1 1 0 0 0 0 0 0 1 0 1 0 0 1 1 1 0 1 0 0 0 1 0 0 1 1 1 0 0 0 1 1 0 0 0 1 0 0
300	1	1 1 1 1 1 1 1 1 1 1 0 1 1 0 0 0 0 0 0 0 1 0 1 0 0 1 1 1 0 1 0 0 0 1 0 0 1 1 1 0 0 0 1 1 0 0 0 1 0 0
300	1	1 1 1 1 1 1 1 1 1 1 0 1 1 0 0 0 0 0 0 0 1 0 0 0 0 1 1 1 0 1 0 0 0 1 0 0 1 1 0 0 0 0 1 1 0 0 0 1 0 0
300	32	1 1 1 1 1 1 1 1 1 1 0 1 1 0 0 0 0 0 0 0 1 0 0 0 0 1 1 1 0 1 0 0 0 1 0 0 1 1 1 0 0 0 1 1 0 0 0 1 0 0
300	24	1 1 1 1 1 1 1 1 1 1 0 1 1 0 0 0 0 0 0 0 1 0 0 0 0 1 1 1 0 1 0 0 0 1 0 0 1 1 1 0 0 0 0 1 0 0 0 1 0 0
310	10	1 1 1 1 1 1 1 1 1 1 0 1 1 0 0 0 0 0 0 0 1 0 0 0 1 1 1 1 0 1 0 0 0 1 0 0 1 1 1 1 1 0 0 0 0 0 0 1 0 0
310	1	1 1 1 1 1 1 1 1 1 1 0 1 1 0 0 0 0 0 0 0 1 0 0 0 1 1 1 1 0 1 0 0 0 1 0 0 1 1 1 1 1 0 0 1 0 0 0 1 0 0
310	9	1 1 1 1 1 1 1 1 1 1 0 1 1 0 0 0 0 0 0 0 1 0 0 0 0 1 1 1 0 1 0 0 0 1 0 0 1 1 1 1 1 0 0 1 0 0 0 1 0 0
310	6	1 1 1 1 1 1 1 1 1 1 0 0 1 0 0 0 0 0 0 0 1 0 0 0 0 1 1 1 0 1 0 0 0 1 0 0 1 1 1 0 0 0 1 1 0 0 0 1 0 0
310	1	1 1 1 1 1 1 1 1 1 1 0 1 1 0 0 0 0 1 0 0 1 0 0 0 0 1 1 1 0 1 0 0 0 1 0 0 1 1 1 0 0 0 1 1 0 0 0 1 0 0
310	3	1 1 1 1 1 1 1 1 1 1 0 1 1 0 0 0 0 0 0 0 1 0 0 0 0 1 1 0 0 1 0 0 0 1 0 0 1 1 1 0 0 0 0 1 0 0 0 1 0 0
310	2	1 1 1 1 1 1 1 1 1 1 0 1 1 0 0 0 0 0 0 0 1 0 0 0 0 1 1 1 0 1 0 0 0 0 0 0 1 1 1 0 0 0 1 1 0 0 0 1 0 0
310	1	1 1 1 1 1 1 1 1 1 1 0 1 1 0 0 0 0 0 0 0 1 0 0 0 0 1 1 1 0 1 0 0 0 1 0 0 1 1 0 0 0 0 1 1 0 0 0 1 0 0
310	1	1 1 1 1 1 1 1 1 1 1 0 1 1 0 0 0 0 0 0 0 1 0 0 0 0 1 1 1 0 0 0 0 0 1 0 0 1 1 1 0 0 0 1 1 0 0 0 1 0 1
310	1	1 1 1 1 1 1 1 1 1 1 0 1 1 0 0 0 0 0 0 0 1 0 0 0 0 1 1 1 0 0 0 0 0 1 0 0 1 1 1 0 0 0 1 1 0 0 0 1 0 0
310	1	1 1 1 1 1 1 1 1 1 1 0 1 1 0 0 0 0 0 0 0 1 0 0 0 0 1 1 0 0 1 0 0 0 1 0 0 1 1 1 0 0 0 1 1 0 0 0 1 0 0
310	26	1 1 1 1 1 1 1 1 1 1 0 1 1 0 0 0 0 0 0 0 1 0 0 0 0 1 1 1 0 1 0 0 0 1 0 0 1 1 1 0 0 0 1 1 0 0 0 1 0 0
310	38	1 1 1 1 1 1 1 1 1 1 0 1 1 0 0 0 0 0 0 0 1 0 0 0 0 1 1 1 0 1 0 0 0 1 0 0 1 1 1 0 0 0 0 1 0 0 0 1 0 0
