0	100	0 0 0 0 0 0 0 0 0 0
10	1	0 0 0 0 1 0 0 0 0 0
10	99	0 0 0 0 0 0 0 0 0 0
20	2	0 0 0 0 1 0 0 0 0 0
20	4	0 0 0 0 0 1 0 0 0 0
20	1	0 0 0 0 0 0 0 0 1 0
20	4	0 0 1 0 0 0 0 0 0 0
20	1	0 0 0 0 0 0 1 0 0 0
20	88	0 0 0 0 0 0 0 0 0 0
30	3	0 0 0 0 1 0 0 0 0 0
30	3	0 0 0 0 0 1 0 0 0 0
30	1	0 0 0 0 1 0 0 0 1 0
30	2	0 0 0 0 0 0 0 1 0 0
30	1	0 1 1 0 0 0 0 0 0 0
30	3	0 0 1 0 0 0 0 0 0 0
30	1	0 1 0 0 0 0 0 0 0 0
30	1	0 1 0 0 0 0 0 0 0 1
30	1	0 0 0 0 0 0 0 0 0 1
30	84	0 0 0 0 0 0 0 0 0 0
40	2	0 0 0 0 1 0 0 0 0 0
40	3	0 0 0 0 0 1 0 0 0 0
40	3	0 0 0 0 1 0 0 0 1 0
40	78	0 0 0 0 0 0 0 0 0 0
40	3	1 0 0 0 0 0 0 0 0 0
40	7	0 0 1 0 0 0 0 0 0 0
40	2	0 0 0 0 0 0 0 1 0 0
40	2	0 0 0 1 0 0 0 0 0 0
50	1	0 0 1 0 1 0 0 0 0 0
50	5	0 0 0 0 1 0 0 0 0 0
50	3	0 0 1 0 0 1 0 0 0 0
50	4	0 0 0 0 0 1 0 0 0 0
50	1	0 0 0 0 1 0 0 0 1 0
50	70	0 0 0 0 0 0 0 0 0 0
50	1	1 0 0 0 0 0 0 0 0 0
50	4	0 1 0 0 0 0 0 0 0 0
50	2	0 0 1 0 0 0 0 0 0 0
50	1	0 0 0 0 0 0 0 1 0 0
50	6	0 0 0 0 0 0 0 0 0 1
50	1	0 0 0 0 0 0 0 0 1 0
50	1	0 1 1 0 0 0 0 0 0 0
60	3	0 0 0 0 1 0 0 0 0 0
60	2	0 0 0 0 0 1 0 1 0 1
60	2	0 0 1 0 0 1 0 0 0 0
60	1	0 0 0 0 0 1 0 0 0 0
60	3	0 0 0 0 0 0 1 0 0 0
60	2	0 0 0 1 0 0 0 0 0 0
60	64	0 0 0 0 0 0 0 0 0 0
60	2	0 0 0 0 0 0 0 0 0 1
60	2	0 0 0 0 0 0 0 1 0 0
60	2	1 0 0 0 0 0 0 0 0 0
60	5	0 1 0 0 0 0 0 0 0 0
60	12	0 0 1 0 0 0 0 0 0 0
70	1	0 0 1 0 1 0 0 0 0 0
70	2	0 0 0 0 1 0 0 0 0 0
70	3	0 0 1 0 0 1 0 0 0 0
70	2	0 1 0 0 0 1 0 0 0 0
70	1	0 0 0 0 0 0 0 0 1 0
70	1	0 0 0 0 0 0 1 0 0 0
70	3	0 0 0 0 0 0 0 1 0 0
70	1	1 0 0 0 0 0 0 0 0 0
70	1	0 1 0 0 0 0 0 0 0 0
70	2	0 0 0 0 0 0 0 0 0 1
70	6	0 0 1 0 0 0 0 0 0 0
70	75	0 0 0 0 0 0 0 0 0 0
70	2	0 1 1 0 0 0 0 0 0 0
80	1	0 0 0 0 1 0 0 0 1 0
80	1	0 0 0 0 1 0 0 0 0 0
80	3	0 0 1 0 0 1 0 0 0 0
80	1	0 0 0 0 0 1 0 0 0 0
80	2	0 0 0 0 0 0 0 0 1 0
80	1	0 0 0 0 0 0 1 0 0 0
80	2	1 0 0 0 0 0 0 0 0 0
80	3	0 1 0 0 0 0 0 0 0 0
80	4	0 0 1 0 0 0 0 0 0 0
80	78	0 0 0 0 0 0 0 0 0 0
80	1	1 1 1 0 0 0 0 0 0 0
80	3	0 1 1 0 0 0 0 0 0 0
90	3	0 0 0 0 1 0 0 0 0 0
90	1	0 0 1 0 1 0 0 0 0 0
90	1	0 0 0 0 1 0 0 0 1 0
90	1	0 0 0 0 0 1 0 0 0 0
90	5	0 0 1 0 0 1 0 0 0 0
90	3	0 1 0 0 0 1 0 0 0 0
90	1	0 0 1 0 0 0 1 0 0 0
90	1	0 0 0 1 0 0 0 0 0 0
90	2	0 0 0 0 0 0 0 1 0 0
90	1	1 0 1 0 0 0 0 0 0 0
90	3	1 0 0 0 0 0 0 0 0 0
90	4	0 1 0 0 0 0 0 0 0 0
90	5	0 0 0 0 0 0 0 0 0 1
90	5	0 0 1 0 0 0 0 0 0 0
90	59	0 0 0 0 0 0 0 0 0 0
90	1	0 1 1 0 0 1 0 0 0 0
90	4	0 1 1 0 0 0 0 0 0 0
100	4	1 0 0 0 0 0 0 0 0 0
100	43	0 0 0 0 0 0 0 0 0 0
100	1	0 0 0 0 0 1 0 0 0 0
100	6	0 1 0 0 0 0 0 0 0 0
100	8	0 0 0 0 1 0 0 0 0 0
100	1	0 0 1 0 0 0 0 1 0 0
100	6	0 0 1 0 0 0 0 0 0 0
100	5	0 0 0 1 0 0 0 0 0 0
100	1	0 0 0 0 0 0 0 0 1 0
100	1	0 0 0 0 0 0 0 1 0 0
100	6	0 0 1 0 1 0 0 0 0 0
100	6	0 0 1 0 0 1 0 0 0 0
100	4	0 1 0 0 0 1 0 0 0 0
100	3	0 0 0 0 0 0 0 0 0 1
100	1	0 1 1 0 0 1 0 0 0 0
100	4	0 1 1 0 0 0 0 0 0 0
110	1	1 0 0 0 0 0 0 1 0 0
110	8	1 0 0 0 0 0 0 0 0 0
110	1	0 0 0 1 1 0 0 0 0 0
110	4	0 0 0 0 0 0 0 0 0 1
110	1	0 0 0 0 0 0 0 0 1 0
110	1	0 0 0 0 0 0 0 1 0 0
110	1	0 0 1 0 0 0 0 0 0 0
110	37	0 0 0 0 0 0 0 0 0 0
110	10	0 0 0 0 1 0 0 0 0 0
110	1	0 1 0 0 0 1 1 0 0 0
110	4	0 1 0 0 0 1 0 0 0 0
110	4	0 1 0 0 0 0 0 0 0 0
110	2	0 0 0 0 0 0 1 0 0 0
110	1	0 1 0 1 0 0 0 0 0 0
110	3	0 0 0 1 0 0 0 0 0 0
110	1	0 0 1 1 0 1 0 0 0 0
110	1	0 0 1 0 0 1 0 0 1 0
110	9	0 0 1 0 0 1 0 0 0 0
110	4	0 0 1 0 1 0 0 0 0 0
110	1	0 0 1 0 0 0 1 0 0 0
110	5	0 1 1 0 0 0 0 0 0 0
120	3	1 0 0 0 0 0 0 1 0 0
120	3	1 0 0 1 0 0 0 0 0 0
120	2	0 0 1 0 0 0 0 0 0 0
120	3	0 1 0 0 0 1 0 0 0 0
120	11	0 1 0 0 0 0 0 0 0 0
120	1	0 0 0 0 1 0 0 0 1 0
120	8	0 0 0 0 1 0 0 0 0 0
120	13	1 0 0 0 0 0 0 0 0 0
120	30	0 0 0 0 0 0 0 0 0 0
120	6	0 0 1 0 1 0 0 0 0 0
120	2	0 1 0 0 0 1 1 0 0 0
120	1	0 0 1 0 0 1 0 0 1 0
120	4	0 0 1 0 0 1 0 0 0 0
120	1	0 0 0 0 0 0 0 1 0 0
120	1	0 0 1 0 0 0 0 1 0 0
120	1	0 0 1 0 1 0 0 0 1 0
120	3	0 0 1 1 0 0 1 0 0 0
120	1	0 0 1 0 0 0 1 1 0 0
120	4	0 0 1 0 0 0 1 0 0 0
120	2	0 1 1 0 0 0 0 0 0 0
130	3	1 0 0 0 0 0 0 1 0 0
130	1	1 0 0 1 0 0 0 0 0 0
130	2	0 0 1 0 0 0 0 0 0 0
130	1	0 0 0 0 0 0 0 0 0 1
130	1	0 1 0 0 0 1 1 0 0 0
130	3	0 1 0 0 0 1 0 0 0 0
130	16	0 1 0 0 0 0 0 0 0 0
130	5	0 0 0 0 1 0 0 0 0 0
130	26	0 0 0 0 0 0 0 0 0 0
130	1	0 0 0 1 0 0 0 0 0 0
130	1	1 0 0 0 1 0 0 0 0 0
130	19	1 0 0 0 0 0 0 0 0 0
130	1	0 0 1 0 1 0 0 0 1 0
130	7	0 0 1 0 1 0 0 0 0 0
130	1	0 1 0 1 0 0 0 0 0 0
130	1	0 0 0 0 0 1 0 0 1 0
130	4	0 0 1 0 0 1 0 0 0 0
130	1	0 0 1 0 0 0 0 1 0 1
130	1	0 1 1 1 0 0 0 0 0 0
130	5	0 1 1 0 0 0 0 0 0 0
140	1	1 0 0 0 0 0 0 1 0 0
140	27	0 0 0 0 0 0 0 0 0 0
140	1	0 1 0 0 1 1 1 0 0 0
140	8	0 1 0 0 0 0 0 0 0 0
140	4	0 1 0 0 0 1 0 0 0 0
140	3	0 1 0 1 0 0 0 0 0 0
140	7	0 1 1 0 0 0 0 0 0 0
140	3	0 0 0 0 1 0 0 0 0 0
140	1	0 0 0 1 0 0 0 0 0 0
140	27	1 0 0 0 0 0 0 0 0 0
140	1	0 0 1 0 1 0 0 0 1 0
140	12	0 0 1 0 1 0 0 0 0 0
140	2	0 0 1 0 0 1 0 0 1 0
140	2	0 0 1 0 0 1 0 0 0 0
140	1	0 1 1 1 0 0 0 0 0 0
150	1	1 0 0 0 0 0 0 1 0 0
150	2	0 1 0 0 0 1 0 0 0 0
150	2	0 1 0 1 0 0 0 0 0 0
150	1	0 0 0 0 0 0 1 0 0 0
150	2	0 0 0 0 1 0 0 0 0 0
150	11	0 1 0 0 0 0 0 0 0 0
150	26	0 0 0 0 0 0 0 0 0 0
150	2	1 0 1 0 0 0 0 0 0 0
150	23	1 0 0 0 0 0 0 0 0 0
150	2	0 1 0 0 1 1 1 0 0 0
150	5	0 1 0 0 0 1 1 0 0 0
150	7	0 1 1 0 0 0 0 0 0 0
150	2	1 0 0 0 0 0 0 0 0 1
150	3	0 0 1 0 1 0 0 0 1 0
150	5	0 0 1 0 1 0 0 0 0 0
150	4	0 0 1 0 0 1 0 0 0 0
150	2	0 1 1 1 0 0 0 0 0 0
