10	11	0 0 0 0 0 0 0 0 0 1 0 1 1 0 1 0 1 1 1 0 0 1 1 1 0 0 0 0 1 0 1 1 0 0 0 1 0 1 1 1 0 1 0 0 0 1 0 1 0 1
10	12	1 0 0 0 0 0 1 1 0 1 1 1 1 0 0 0 0 1 1 1 1 1 0 0 1 0 0 1 1 0 1 0 0 0 1 0 0 0 1 0 1 0 0 0 1 0 0 0 1 1
10	14	1 0 1 1 0 1 0 1 0 0 0 1 0 0 1 1 1 1 1 0 1 0 0 1 1 1 0 0 0 1 1 0 1 1 0 1 0 1 0 1 0 0 0 0 1 1 0 0 1 0
10	5	1 0 1 1 1 1 1 1 1 0 0 1 0 0 0 1 1 1 0 1 1 1 0 0 1 0 1 0 1 0 0 0 0 0 1 0 0 1 0 1 1 0 0 1 0 0 1 0 0 0
10	1	1 0 1 1 0 1 1 1 1 0 0 1 0 0 0 0 1 1 0 1 1 1 0 0 1 0 1 0 1 0 0 0 0 0 1 0 0 1 0 1 1 0 0 1 0 0 1 0 0 0
10	1	1 0 1 1 1 1 1 1 1 0 0 1 0 0 0 0 1 1 0 1 1 1 0 0 1 1 1 0 1 0 0 0 0 0 1 0 0 1 0 1 1 0 0 1 0 0 1 0 0 0
10	19	1 0 1 1 1 1 1 1 1 0 0 1 0 0 0 0 1 1 0 1 1 1 0 0 1 0 1 0 1 0 0 0 0 0 1 0 0 1 0 1 1 0 0 1 0 0 1 0 0 0
10	15	1 0 1 1 1 1 0 1 1 1 0 0 0 0 1 0 1 1 1 0 0 1 1 0 1 1 1 0 1 1 0 0 1 0 1 1 0 0 0 1 1 0 0 1 1 1 0 0 0 0
10	5	1 0 1 1 1 1 0 1 1 1 0 0 0 0 1 0 1 1 1 0 0 1 1 0 1 1 1 0 1 1 0 0 1 0 1 1 0 0 0 1 0 1 0 1 1 1 0 0 0 0
10	1	1 0 1 1 1 1 0 1 1 1 0 0 0 0 1 0 1 1 1 0 0 1 1 0 1 1 1 0 1 1 0 0 1 0 1 1 1 0 0 1 0 0 0 1 1 1 0 0 0 0
10	1	1 0 1 1 1 1 0 1 1 1 0 1 0 0 1 0 1 1 1 0 0 1 1 0 1 1 1 0 1 1 0 0 1 0 1 1 0 0 0 1 0 0 0 1 1 1 0 0 0 0
10	15	1 0 1 1 1 1 0 1 1 1 0 0 0 0 1 0 1 1 1 0 0 1 1 0 1 1 1 0 1 1 0 0 1 0 1 1 0 0 0 1 0 0 0 1 1 1 0 0 0 0
20	3	1 0 1 1 0 1 0 1 0 0 0 1 0 0 1 1 1 1 1 0 1 0 0 1 1 1 0 0 0 1 1 0 1 1 0 1 1 1 0 1 0 0 0 0 1 1 0 0 1 0
20	1	1 0 1 1 1 1 1 1 1 0 0 1 0 0 0 1 1 1 0 1 1 1 0 0 1 0 0 0 1 0 0 0 0 0 1 0 0 1 0 1 1 0 0 1 0 0 1 0 0 0
20	1	0 0 1 1 1 1 1 1 1 0 0 1 0 0 0 1 1 1 0 1 1 1 0 0 1 0 1 0 1 0 0 0 0 0 1 0 0 1 0 1 1 0 0 1 0 0 1 0 0 0
20	1	1 0 1 1 1 1 1 1 1 0 0 1 0 0 0 1 1 1 0 1 1 0 0 0 1 0 1 0 1 0 0 0 0 0 1 0 0 1 0 1 1 0 0 1 0 0 1 0 0 0
20	59	1 0 1 1 1 1 1 1 1 0 0 1 0 0 0 1 1 1 0 1 1 1 0 0 1 0 1 0 1 0 0 0 0 0 1 0 0 1 0 1 1 0 0 1 0 0 1 0 0 0
20	4	1 0 1 1 0 1 1 1 1 0 0 1 0 0 0 0 1 1 0 1 1 1 0 0 1 0 1 0 1 0 0 0 0 0 1 0 0 1 0 1 1 0 0 1 0 0 1 0 0 0
20	1	1 0 1 1 1 1 1 1 1 0 0 1 0 0 0 0 1 1 0 0 1 1 0 0 1 0 1 0 1 0 0 0 0 0 1 0 0 1 0 1 1 0 0 1 0 0 1 0 0 0
20	2	1 0 1 1 1 1 0 1 1 1 0 0 0 0 1 0 1 1 1 0 0 1 1 0 1 1 1 0 1 1 0 1 1 0 1 1 0 0 0 1 1 0 0 1 1 1 0 0 0 0
20	1	1 0 1 1 1 1 0 1 1 1 0 0 0 0 1 0 1 1 1 0 0 1 1 0 1 1 1 0 1 1 0 0 1 0 1 1 0 0 0 1 1 0 0 1 1 1 0 0 1 0
20	14	1 0 1 1 1 1 0 1 1 1 0 0 0 0 1 0 1 1 1 0 0 1 1 0 1 1 1 0 1 1 0 0 1 0 1 1 0 0 0 1 1 0 0 1 1 1 0 0 0 0
20	10	1 0 1 1 1 1 0 1 1 1 0 0 0 0 1 0 1 1 1 0 0 1 1 0 1 1 1 0 1 1 0 0 1 0 1 1 0 0 0 1 0 1 0 1 1 1 0 0 0 0
20	1	1 0 1 1 1 1 0 1 0 1 0 0 0 0 1 0 1 1 1 0 0 1 1 0 1 1 1 0 1 1 0 0 1 0 1 1 0 0 0 1 0 0 0 1 1 1 0 0 0 0
20	1	1 0 1 1 1 1 0 1 1 1 0 1 0 0 1 0 1 1 1 0 0 1 1 0 1 1 1 0 1 1 0 0 1 0 1 1 0 0 0 1 0 0 0 1 1 1 0 0 0 0
20	1	1 0 1 1 1 1 0 1 1 1 0 0 0 0 1 0 1 1 1 0 0 1 1 0 1 1 1 0 1 1 0 0 1 0 1 1 0 0 0 1 0 0 1 1 1 1 0 0 0 0
30	1	1 0 1 1 1 1 1 1 1 0 0 1 0 0 0 1 1 1 0 1 1 1 0 0 1 0 1 0 1 0 0 1 0 0 1 0 0 1 0 1 1 0 0 1 0 0 1 0 0 0
30	1	1 0 1 1 1 1 1 1 1 0 0 1 0 0 0 1 1 1 0 1 1 0 0 0 1 0 1 0 1 0 0 0 1 0 1 0 0 1 0 1 1 0 0 1 0 0 1 0 0 0
30	2	1 0 1 1 1 1 1 1 1 0 0 1 0 0 0 1 1 1 0 1 1 0 0 0 1 0 1 0 1 0 0 0 0 0 1 0 0 1 0 1 1 0 0 1 0 0 1 0 0 0
30	1	1 0 1 1 1 1 1 1 1 0 0 1 0 0 0 1 1 1 0 1 1 1 0 0 1 0 1 0 1 0 0 0 0 0 0 0 0 1 0 1 1 0 0 1 0 0 1 0 0 0
30	1	1 0 1 1 1 1 1 1 1 0 0 1 0 0 0 1 1 1 0 1 1 1 0 1 1 0 1 0 1 0 0 0 0 0 1 0 0 1 0 1 1 0 0 1 0 0 1 0 0 0
30	2	1 0 1 1 1 1 1 1 1 0 0 1 0 0 0 1 1 1 0 1 1 1 0 0 1 0 1 0 1 0 0 0 0 0 1 0 1 1 0 1 1 0 0 1 0 0 1 0 0 0
30	1	1 0 1 1 1 1 1 1 0 0 0 1 0 0 0 1 1 1 0 1 1 1 0 0 1 0 1 0 1 0 0 0 0 0 1 0 0 1 0 1 1 0 0 1 0 0 1 0 0 0
30	1	1 0 1 1 1 1 1 1 1 0 0 1 0 0 0 1 1 1 0 1 1 1 0 0 1 0 1 0 1 0 0 0 0 0 1 0 0 1 0 1 1 0 0 1 0 0 1 1 0 0
30	65	1 0 1 1 1 1 1 1 1 0 0 1 0 0 0 1 1 1 0 1 1 1 0 0 1 0 1 0 1 0 0 0 0 0 1 0 0 1 0 1 1 0 0 1 0 0 1 0 0 0
30	3	1 0 1 1 0 1 1 1 1 0 0 1 0 0 0 0 1 1 0 1 1 1 0 0 1 0 1 0 1 0 0 0 0 0 1 0 0 1 0 1 1 0 0 1 0 0 1 0 0 0
30	1	1 0 1 1 1 1 1 1 1 0 0 1 0 0 0 0 1 1 0 1 1 1 0 0 1 1 1 0 1 0 0 0 0 0 1 0 0 1 0 1 1 0 0 1 0 0 1 0 0 0
30	1	1 0 1 1 1 1 0 1 1 1 0 0 0 0 1 0 1 1 1 0 0 1 1 0 1 1 1 0 1 1 0 1 1 0 1 1 0 0 0 1 1 0 0 1 1 1 0 0 0 0
30	14	1 0 1 1 1 1 0 1 1 1 0 0 0 0 1 0 1 1 1 0 0 1 1 0 1 1 1 0 1 1 0 0 1 0 1 1 0 0 0 1 1 0 0 1 1 1 0 0 0 0
30	4	1 0 1 1 1 1 0 1 1 1 0 0 0 0 1 0 1 1 1 0 0 1 1 0 1 1 1 0 1 1 0 0 1 0 1 1 0 0 0 1 0 1 0 1 1 1 0 0 0 0
30	1	1 0 1 1 1 1 0 1 0 1 0 0 0 0 1 0 1 1 1 0 0 1 1 0 1 1 1 0 1 1 0 0 1 0 1 1 0 0 0 1 0 0 0 1 1 1 0 0 0 0
30	1	1 0 1 1 1 1 0 1 1 1 0 0 0 0 1 0 1 1 1 0 0 1 1 0 1 1 1 0 1 1 0 0 1 0 1 1 0 0 0 1 0 0 1 1 1 1 0 0 0 0
40	3	1 0 1 1 1 1 1 1 1 0 0 1 0 0 0 1 1 1 0 1 1 0 0 0 1 0 1 0 1 0 0 0 1 0 1 0 0 1 0 1 1 0 0 1 0 0 1 0 0 0
40	1	1 0 1 1 1 1 1 1 1 0 0 1 0 0 0 1 1 1 0 1 1 0 0 0 1 0 1 0 1 0 0 0 0 0 1 0 0 1 0 1 1 0 0 1 0 0 1 0 0 0
40	1	1 0 1 1 1 1 1 1 1 0 0 1 0 0 0 1 1 1 0 1 1 1 0 0 1 0 1 0 1 0 0 0 0 0 1 0 1 1 0 1 1 0 0 1 0 0 1 0 0 0
40	1	1 0 1 1 1 1 1 1 1 0 0 1 1 0 0 1 1 1 0 1 1 1 0 0 1 0 1 0 1 0 0 0 0 0 1 0 0 1 0 1 1 0 0 1 0 0 1 0 0 0
40	1	1 0 1 1 1 1 1 0 1 0 0 1 0 0 0 1 1 1 0 1 1 1 0 0 1 0 1 0 1 0 0 0 0 0 1 0 0 1 0 1 1 0 0 1 0 0 1 0 0 0
40	74	1 0 1 1 1 1 1 1 1 0 0 1 0 0 0 1 1 1 0 1 1 1 0 0 1 0 1 0 1 0 0 0 0 0 1 0 0 1 0 1 1 0 0 1 0 0 1 0 0 0
40	2	1 0 1 1 1 1 1 1 1 0 0 1 0 0 0 0 1 1 0 1 1 1 0 0 1 1 1 0 1 0 0 0 0 0 1 0 0 1 0 1 1 0 0 1 0 0 1 0 0 0
40	3	1 0 1 1 1 1 0 1 1 1 0 0 0 0 1 0 1 1 1 0 0 1 1 0 1 1 1 0 1 1 0 1 1 0 1 1 0 0 0 1 1 0 0 1 1 1 0 0 0 0
40	1	1 0 1 1 1 1 0 1 1 1 0 0 0 0 1 0 1 1 1 0 0 1 1 0 1 1 1 0 1 1 0 0 1 0 1 1 0 0 1 1 1 0 0 1 1 1 0 0 0 0
40	1	1 0 1 1 1 1 0 1 1 1 0 0 0 0 1 0 1 1 1 0 0 1 1 1 1 1 1 0 1 1 0 0 1 0 1 1 0 0 0 1 1 0 0 1 1 1 0 0 0 0
40	4	1 0 1 1 1 1 0 1 1 1 0 0 0 0 1 0 1 1 1 0 0 1 1 0 1 1 1 0 1 1 0 0 1 0 1 1 0 0 0 1 1 0 0 1 1 1 0 0 0 0
40	7	1 0 1 1 1 1 0 1 1 1 0 0 0 0 1 0 1 1 1 0 0 1 1 0 1 1 1 0 1 1 0 0 1 0 1 1 0 0 0 1 0 1 0 1 1 1 0 0 0 0
40	1	1 0 1 1 1 1 0 1 1 1 0 0 0 0 1 0 1 1 1 0 0 1 1 0 1 1 1 0 1 1 0 0 1 0 1 1 0 0 0 1 0 0 1 1 1 1 0 0 0 0
50	3	1 0 1 1 1 1 1 1 1 0 0 1 0 0 0 1 1 1 0 1 1 0 0 0 1 0 1 0 1 0 0 0 0 0 1 0 0 1 0 1 1 0 0 1 0 0 1 0 0 0
50	1	1 0 1 1 1 1 1 1 1 1 0 1 0 0 0 1 1 1 0 1 1 1 0 0 1 0 1 0 1 0 0 0 0 0 1 0 0 1 0 1 1 0 0 1 0 0 1 0 0 0
50	2	1 0 1 1 1 1 1 1 1 0 0 1 1 0 0 1 1 1 0 1 1 1 0 0 1 0 1 0 1 0 0 0 0 0 1 0 0 1 0 1 1 0 0 1 0 0 1 0 0 0
50	1	1 0 1 1 1 1 1 1 1 0 0 1 0 0 0 1 1 1 0 1 1 1 0 0 1 0 1 0 1 0 1 0 0 0 1 0 0 1 0 1 1 0 0 1 0 0 1 0 0 0
50	5	1 0 0 1 1 1 1 1 1 0 0 1 0 0 0 1 1 1 0 1 1 1 0 0 1 0 1 0 1 0 0 0 0 0 1 0 0 1 0 1 1 0 0 1 0 0 1 0 0 0
50	1	1 0 1 1 1 1 1 1 1 0 0 1 0 0 0 1 1 1 0 1 1 1 0 0 1 0 1 0 1 0 0 0 0 0 1 0 0 0 0 1 1 0 0 1 0 0 1 0 0 0
50	68	1 0 1 1 1 1 1 1 1 0 0 1 0 0 0 1 1 1 0 1 1 1 0 0 1 0 1 0 1 0 0 0 0 0 1 0 0 1 0 1 1 0 0 1 0 0 1 0 0 0
50	6	1 0 1 1 1 1 1 1 1 0 0 1 0 0 0 0 1 1 0 1 1 1 0 0 1 1 1 0 1 0 0 0 0 0 1 0 0 1 0 1 1 0 0 1 0 0 1 0 0 0
50	6	1 0 1 1 1 1 0 1 1 1 0 0 0 0 1 0 1 1 1 0 0 1 1 0 1 1 1 0 1 1 0 0 1 0 1 1 0 0 0 1 1 0 0 1 1 1 0 0 0 0
50	1	1 0 1 1 1 1 0 1 1 1 0 0 0 0 1 0 1 1 1 0 0 1 1 0 1 1 1 1 1 1 0 0 1 0 1 1 0 0 0 1 0 1 0 1 1 1 0 0 0 0
50	5	1 0 1 1 1 1 0 1 1 1 0 0 0 0 1 0 1 1 1 0 0 1 1 0 1 1 1 0 1 1 0 0 1 0 1 1 0 0 0 1 0 1 0 1 1 1 0 0 0 0
50	1	1 0 1 1 1 1 0 1 1 1 0 0 0 0 1 0 1 1 1 0 0 1 1 0 1 1 1 0 1 1 0 0 1 0 1 1 0 0 0 1 0 0 1 1 1 1 0 0 0 0
60	3	1 0 1 1 1 1 1 1 1 0 0 1 0 0 0 1 1 1 0 1 1 0 0 0 1 0 1 0 1 0 0 0 1 0 1 0 0 1 0 1 1 0 0 1 0 0 1 0 0 0
60	1	1 0 1 1 1 1 1 1 1 0 0 1 0 0 0 1 1 1 0 1 1 0 0 0 1 0 1 0 1 0 0 0 0 0 1 0 0 1 0 1 1 0 0 1 0 0 1 0 0 0
60	1	1 0 1 1 1 1 1 1 1 0 0 1 1 0 0 1 1 1 0 1 1 1 0 0 1 0 1 0 1 0 0 0 0 0 1 0 0 1 0 1 1 0 0 1 0 0 1 0 0 0
60	1	1 0 1 1 1 1 1 1 1 0 0 1 0 0 0 1 1 1 0 1 1 1 0 0 1 0 1 0 1 0 1 0 0 0 1 0 0 1 0 1 1 0 1 1 0 0 1 0 0 0
60	3	1 0 1 1 1 1 1 1 1 0 1 1 0 0 0 1 1 1 0 1 1 1 0 0 1 0 1 0 1 0 0 0 0 0 1 0 0 1 0 1 1 0 0 1 0 0 1 0 0 0
60	2	1 0 1 1 1 1 1 1 1 0 0 1 0 0 0 1 1 1 0 1 1 1 0 0 1 0 1 1 1 0 0 0 0 0 1 0 0 1 0 1 1 0 0 1 0 0 1 0 0 0
60	2	1 0 1 1 1 1 1 1 1 0 0 1 0 0 0 0 1 1 0 1 1 1 0 0 1 0 1 0 1 0 0 0 0 0 1 0 0 1 0 1 1 0 0 1 0 0 1 0 0 0
60	1	1 0 1 1 1 1 1 1 1 0 0 1 0 0 0 1 1 1 0 1 1 1 0 0 1 0 1 0 1 0 0 0 0 0 1 1 0 1 0 1 1 0 0 1 0 0 1 0 0 0
60	67	1 0 1 1 1 1 1 1 1 0 0 1 0 0 0 1 1 1 0 1 1 1 0 0 1 0 1 0 1 0 0 0 0 0 1 0 0 1 0 1 1 0 0 1 0 0 1 0 0 0
60	1	1 0 1 1 1 1 1 1 1 0 0 1 0 0 0 0 1 1 0 0 1 1 0 0 1 1 1 0 1 0 0 0 0 0 1 0 0 1 0 1 1 0 0 1 0 0 1 0 0 0
60	13	1 0 1 1 1 1 1 1 1 0 0 1 0 0 0 0 1 1 0 1 1 1 0 0 1 1 1 0 1 0 0 0 0 0 1 0 0 1 0 1 1 0 0 1 0 0 1 0 0 0
60	4	1 0 1 1 1 1 0 1 1 1 0 0 0 0 1 0 1 1 1 0 0 1 1 0 1 1 1 0 1 1 0 0 1 0 1 1 0 0 0 1 1 0 0 1 1 1 0 0 0 0
60	1	1 0 1 1 1 1 0 1 1 1 0 0 0 0 1 0 1 1 1 0 0 1 1 0 1 1 1 0 1 1 0 0 1 0 1 1 0 0 0 1 0 1 0 1 1 1 0 0 0 0
70	1	1 0 1 1 1 1 1 1 1 0 0 1 0 0 0 1 1 1 0 1 1 0 0 0 1 0 1 0 1 0 0 0 0 0 1 0 0 1 0 1 1 0 0 1 0 0 1 0 0 0
70	2	1 0 1 1 1 1 1 1 1 0 0 1 0 0 0 1 1 1 0 1 1 1 0 0 1 0 1 0 1 0 1 0 0 0 1 0 0 1 0 1 1 0 0 1 0 0 1 0 0 0
70	1	1 0 1 1 1 1 1 1 1 0 0 1 0 0 0 1 1 1 1 1 1 1 0 0 1 0 1 0 1 0 0 0 0 0 1 0 0 1 0 1 1 0 0 1 0 0 1 0 0 0
70	1	1 0 1 1 1 1 1 1 1 0 0 1 0 0 0 1 1 1 0 1 1 1 0 0 1 0 1 0 1 0 0 0 0 0 0 0 0 1 0 1 1 0 0 1 0 0 1 0 0 0
70	89	1 0 1 1 1 1 1 1 1 0 0 1 0 0 0 1 1 1 0 1 1 1 0 0 1 0 1 0 1 0 0 0 0 0 1 0 0 1 0 1 1 0 0 1 0 0 1 0 0 0
70	1	1 0 1 1 1 1 1 1 1 0 0 1 0 0 0 0 1 1 0 0 1 1 0 0 1 1 1 0 0 0 0 0 0 0 1 1 0 1 0 1 1 0 0 1 0 0 1 0 0 0
70	4	1 0 1 1 1 1 1 1 1 0 0 1 0 0 0 0 1 1 0 1 1 1 0 0 1 1 1 0 1 0 0 0 0 0 1 0 0 1 0 1 1 0 0 1 0 0 1 0 0 0
70	1	1 0 1 1 1 1 0 1 1 1 0 0 0 0 1 0 1 1 1 0 0 1 1 0 1 1 1 0 1 1 0 0 1 0 1 1 0 0 0 1 1 0 0 1 1 1 0 0 0 0
80	2	1 0 1 1 1 1 1 1 1 0 0 1 1 0 0 1 1 1 0 1 1 1 0 0 1 0 1 0 1 0 0 0 0 0 1 0 0 1 0 1 1 0 0 1 0 0 1 0 0 0
80	2	1 0 1 1 1 1 1 1 1 0 0 1 0 0 0 1 1 1 0 1 1 1 0 0 1 0 1 0 1 0 1 0 0 0 1 0 0 1 0 1 1 0 0 1 0 0 1 0 0 0
80	2	1 0 1 1 1 1 1 1 1 0 0 1 0 0 0 1 1 1 1 1 1 1 0 0 1 0 1 0 1 0 0 0 0 0 1 0 0 1 0 1 1 0 0 1 0 0 1 0 0 0
80	7	1 0 1 1 1 1 1 1 1 0 0 1 0 0 0 1 1 1 0 1 1 1 0 0 1 0 1 0 1 0 0 0 0 0 0 0 0 1 0 1 1 0 0 1 0 0 1 0 0 0
80	2	1 0 1 1 1 1 1 1 1 0 0 1 0 0 0 0 1 1 0 1 1 1 0 0 1 0 1 0 1 0 0 0 0 0 1 0 0 1 0 1 1 0 0 1 0 0 1 0 0 0
80	1	1 0 1 1 1 1 1 1 1 0 0 1 0 0 0 1 1 1 0 1 1 1 0 0 1 0 1 0 1 0 0 0 0 1 1 0 0 1 0 1 0 0 0 1 0 0 1 0 0 0
80	1	1 0 1 1 1 1 1 1 1 0 0 1 0 0 0 1 1 1 0 1 1 1 0 0 1 0 1 0 1 0 0 0 0 1 1 0 0 1 0 1 1 0 0 1 0 0 1 0 0 0
80	4	1 0 1 1 1 1 1 1 1 0 1 1 0 0 0 1 1 1 0 1 1 1 0 0 1 0 1 0 1 0 0 0 0 0 1 0 0 1 0 1 1 0 0 1 0 0 1 0 0 0
80	67	1 0 1 1 1 1 1 1 1 0 0 1 0 0 0 1 1 1 0 1 1 1 0 0 1 0 1 0 1 0 0 0 0 0 1 0 0 1 0 1 1 0 0 1 0 0 1 0 0 0
80	1	1 0 1 1 1 1 1 1 1 0 0 1 0 0 0 1 1 1 0 1 1 1 0 0 1 0 1 0 1 0 0 0 0 0 1 0 0 1 0 1 1 0 0 0 0 0 1 0 0 0
80	3	1 0 1 1 1 1 1 1 1 0 0 1 0 0 0 0 1 1 0 0 1 1 0 0 1 1 1 0 1 0 0 0 0 0 1 1 0 1 0 1 1 0 0 1 0 0 1 0 0 0
80	1	1 0 1 1 1 1 1 1 1 0 0 1 0 0 0 0 1 1 0 1 1 1 0 1 1 1 1 0 1 0 0 0 0 0 1 0 0 1 0 1 1 0 0 1 0 0 1 0 0 0
80	6	1 0 1 1 1 1 1 1 1 0 0 1 0 0 0 0 1 1 0 1 1 1 0 0 1 1 1 0 1 0 0 0 0 0 1 0 0 1 0 1 1 0 0 1 0 0 1 0 0 0
80	1	1 0 1 1 1 1 0 1 1 1 0 0 0 0 1 0 1 1 1 0 0 1 1 0 1 1 1 0 1 1 0 0 1 0 1 1 0 0 0 1 1 0 0 1 1 1 0 0 0 0
90	1	1 0 1 1 0 1 1 1 1 0 0 1 0 0 0 1 1 1 0 1 1 1 0 0 1 0 1 0 1 0 0 0 0 0 1 0 0 1 0 1 1 0 0 1 0 0 1 0 0 0
90	1	1 0 1 1 1 1 1 1 1 0 0 1 0 0 0 1 1 1 0 1 1 1 0 0 1 0 1 0 0 0 0 0 0 0 1 0 0 1 0 1 1 0 0 1 0 0 1 0 0 0
90	68	1 0 1 1 1 1 1 1 1 0 0 1 0 0 0 1 1 1 0 1 1 1 0 0 1 0 1 0 1 0 0 0 0 0 1 0 0 1 0 1 1 0 0 1 0 0 1 0 0 0
90	3	1 0 1 1 1 1 1 1 1 0 0 1 0 0 0 1 1 1 0 1 1 1 0 0 1 0 1 0 1 0 0 0 0 0 0 0 0 1 0 1 1 0 0 1 0 0 1 0 0 0
90	2	1 0 1 1 1 1 1 1 1 0 0 1 0 0 0 1 1 1 0 1 1 1 0 0 1 0 1 0 1 0 0 0 0 1 1 0 0 1 0 1 1 0 0 1 0 0 1 0 0 0
90	2	1 0 1 1 1 1 1 1 1 0 0 1 0 0 0 1 1 1 0 1 1 1 0 0 1 0 1 0 1 0 0 0 0 0 1 1 0 1 0 1 1 0 0 1 0 0 1 0 0 0
90	1	1 0 1 1 1 1 1 1 1 0 1 1 0 0 1 1 1 1 0 1 1 1 0 0 1 0 1 0 1 0 0 0 0 0 1 0 0 1 0 1 1 0 0 1 0 0 1 0 0 0
90	5	1 0 1 1 1 1 1 1 1 0 1 1 0 0 0 1 1 1 0 1 1 1 0 0 1 0 1 0 1 0 0 0 0 0 1 0 0 1 0 1 1 0 0 1 0 0 1 0 0 0
90	1	1 0 1 1 1 1 1 1 1 0 0 0 0 0 0 1 1 1 0 1 1 1 0 0 1 0 1 0 1 0 0 0 0 0 1 0 0 1 0 1 1 0 0 1 0 0 1 0 0 0
90	1	1 0 1 1 1 1 1 1 1 0 0 1 0 0 0 1 1 1 0 1 1 1 0 0 1 0 1 0 1 0 0 0 0 0 1 0 0 1 0 1 1 0 0 0 0 0 1 0 0 1
90	2	1 0 1 1 1 1 1 1 1 0 0 1 0 0 0 1 1 1 0 1 1 1 0 0 1 0 1 0 1 0 0 0 0 0 1 0 0 1 0 1 1 0 0 0 0 0 1 0 0 0
90	8	1 0 1 1 1 1 1 1 1 0 0 1 0 0 0 0 1 1 0 0 1 1 0 0 1 1 1 0 1 0 0 0 0 0 1 1 0 1 0 1 1 0 0 1 0 0 1 0 0 0
90	1	1 0 1 1 1 1 1 1 1 1 0 1 0 0 0 0 1 1 0 1 1 1 0 1 1 1 1 0 1 0 0 0 0 0 1 0 0 1 0 1 1 0 0 1 0 0 1 0 0 0
90	1	1 0 1 1 1 1 1 1 1 0 0 1 0 0 0 0 1 1 0 1 1 1 0 1 1 1 1 0 1 0 0 0 0 0 1 0 0 1 0 1 1 0 0 1 0 0 1 0 0 0
90	3	1 0 1 1 1 1 1 1 1 0 0 1 0 0 0 0 1 1 0 1 1 1 0 0 1 1 1 0 1 0 0 0 0 0 1 0 0 1 0 1 1 0 0 1 0 0 1 0 0 0
100	2	1 0 1 1 1 1 1 1 0 0 0 1 0 0 0 1 1 1 0 1 1 1 0 0 1 0 1 0 0 0 0 0 0 0 1 0 0 1 0 1 1 0 0 1 0 0 1 0 0 0
100	1	1 0 1 1 1 1 1 1 1 0 0 1 0 0 0 1 1 1 0 1 1 1 0 0 1 0 1 0 0 0 0 0 0 0 1 0 0 1 0 1 1 0 0 1 0 0 1 0 0 0
100	4	1 0 1 1 1 1 1 1 1 0 0 1 0 0 0 1 1 1 0 1 1 1 0 0 1 0 1 0 1 0 0 0 0 1 1 0 0 1 0 1 1 0 0 1 0 0 1 0 0 0
100	1	1 0 1 1 1 1 1 1 1 0 0 1 0 0 0 1 1 1 0 1 1 1 0 0 1 0 1 0 1 0 0 0 0 0 0 0 0 1 0 1 1 0 0 1 0 0 1 0 0 0
100	1	1 0 1 1 1 1 1 1 1 0 0 1 0 0 0 1 1 1 0 1 1 1 0 0 1 0 1 0 1 0 0 0 0 0 1 0 0 1 0 1 1 0 0 1 0 1 1 0 0 0
100	50	1 0 1 1 1 1 1 1 1 0 0 1 0 0 0 1 1 1 0 1 1 1 0 0 1 0 1 0 1 0 0 0 0 0 1 0 0 1 0 1 1 0 0 1 0 0 1 0 0 0
100	1	1 0 1 1 1 1 1 1 1 0 0 1 0 0 0 0 1 1 0 1 1 1 0 0 1 0 1 0 1 0 0 0 0 1 1 0 0 1 0 1 1 0 0 1 0 0 0 0 0 0
100	2	1 0 1 1 1 1 1 1 1 0 0 1 0 0 0 0 1 1 0 1 1 1 0 0 1 0 1 0 1 0 0 0 0 0 1 0 0 1 0 1 1 0 0 1 0 0 0 0 0 0
100	2	1 0 1 1 1 1 1 1 1 0 0 1 0 0 0 1 1 1 0 1 1 1 0 0 1 0 1 0 1 0 0 0 0 0 1 1 0 1 0 1 1 0 0 1 0 0 1 0 0 0
100	5	1 0 1 1 1 1 1 1 1 0 1 1 0 0 0 1 1 1 0 1 1 1 0 0 1 0 1 0 1 0 0 0 0 0 1 0 0 1 0 1 1 0 0 1 0 0 1 0 0 0
100	5	1 0 1 1 1 1 1 1 1 0 0 1 0 0 0 1 1 1 0 1 1 1 0 0 1 0 1 0 1 0 0 0 0 0 1 0 0 1 0 1 1 0 0 0 0 0 1 0 0 1
100	2	1 0 1 1 1 1 1 1 1 0 0 1 0 0 0 1 1 1 0 1 1 1 0 0 1 0 1 0 1 0 0 0 0 0 1 0 0 1 0 1 1 0 0 0 0 0 1 0 0 0
100	9	1 0 1 1 1 1 1 1 1 0 0 1 0 0 0 0 1 1 0 0 1 1 0 0 1 1 1 0 1 0 0 0 0 0 1 1 0 1 0 1 1 0 0 1 0 0 1 0 0 0
100	2	1 0 1 1 1 1 1 1 1 0 0 1 0 0 0 0 1 1 0 1 1 1 0 1 1 1 1 0 1 0 0 0 0 0 1 0 0 1 0 1 1 0 0 1 0 0 1 0 0 0
100	1	1 0 1 1 1 1 1 1 1 0 0 1 0 0 0 0 1 1 0 1 1 1 0 0 1 1 1 0 1 0 0 1 0 0 1 0 0 1 0 1 1 0 0 1 0 0 1 0 0 0
100	12	1 0 1 1 1 1 1 1 1 0 0 1 0 0 0 0 1 1 0 1 1 1 0 0 1 1 1 0 1 0 0 0 0 0 1 0 0 1 0 1 1 0 0 1 0 0 1 0 0 0
110	2	1 0 1 1 1 1 1 1 1 0 0 1 0 0 0 1 1 1 0 1 1 1 0 0 1 0 1 0 0 0 0 0 0 0 1 0 0 1 0 1 1 0 0 1 0 0 1 0 0 0
110	3	1 0 1 1 1 1 1 1 1 0 0 1 0 0 0 1 1 1 0 1 1 1 0 0 1 0 1 0 1 0 0 0 0 1 1 0 0 1 0 1 1 0 0 1 0 0 1 0 0 0
110	1	1 0 1 1 1 1 1 1 1 0 0 1 0 0 0 1 1 1 0 1 1 1 0 0 1 0 1 0 1 0 0 0 0 0 1 0 0 0 0 1 1 0 0 0 0 0 1 0 0 0
110	12	1 0 1 1 1 1 1 1 1 0 0 1 0 0 0 1 1 1 0 1 1 1 0 0 1 0 1 0 1 0 0 0 0 0 1 0 0 1 0 1 1 0 0 0 0 0 1 0 0 0
110	1	1 1 1 1 1 1 1 1 1 0 0 1 0 0 0 1 1 1 0 1 1 1 0 0 1 0 1 0 1 0 0 0 0 0 1 0 0 1 0 1 1 0 0 1 0 0 1 0 0 0
110	1	1 0 1 0 1 1 1 1 1 0 0 1 0 0 0 1 1 1 0 1 1 1 0 0 1 0 1 0 1 0 0 0 0 0 1 0 0 1 0 1 1 0 0 1 0 0 1 0 0 0
110	3	1 0 1 1 1 1 1 1 1 0 1 1 0 0 0 1 1 1 0 1 1 1 0 0 1 0 1 0 1 0 0 0 0 0 1 0 0 1 0 1 1 0 0 1 0 0 1 0 0 0
110	3	1 0 1 1 1 1 1 1 1 0 0 1 0 0 0 1 1 1 0 1 1 1 0 0 1 0 1 0 1 0 0 0 0 0 1 1 0 1 0 1 1 0 0 1 0 0 1 0 0 0
110	34	1 0 1 1 1 1 1 1 1 0 0 1 0 0 0 1 1 1 0 1 1 1 0 0 1 0 1 0 1 0 0 0 0 0 1 0 0 1 0 1 1 0 0 1 0 0 1 0 0 0
110	4	1 0 1 1 1 1 1 1 1 0 0 1 0 0 0 0 1 1 0 1 1 1 0 0 1 0 1 0 1 0 0 0 0 0 1 0 0 1 0 1 1 0 0 1 0 0 0 0 0 0
110	1	1 0 1 1 1 1 1 1 1 0 1 1 0 0 1 1 1 1 0 1 1 1 0 0 1 0 1 0 1 0 0 0 0 0 1 0 0 1 0 1 1 0 0 1 0 0 1 0 0 0
110	2	1 0 1 1 1 1 1 1 1 0 0 1 0 0 0 1 1 1 0 1 1 1 0 0 1 0 1 0 1 0 0 0 0 0 0 0 0 1 0 1 1 0 0 0 0 0 1 0 0 1
110	1	1 0 1 1 1 1 1 1 1 0 0 1 0 0 0 0 1 1 0 0 1 1 0 0 1 1 1 0 1 0 0 0 0 0 1 1 0 1 0 1 0 0 0 1 0 0 1 0 0 0
110	12	1 0 1 1 1 1 1 1 1 0 0 1 0 0 0 0 1 1 0 0 1 1 0 0 1 1 1 0 1 0 0 0 0 0 1 1 0 1 0 1 1 0 0 1 0 0 1 0 0 0
110	3	1 0 1 1 1 1 1 1 1 0 0 1 0 0 0 0 1 1 0 0 1 1 0 1 1 1 1 0 1 0 0 0 0 0 1 0 0 1 0 1 1 0 0 1 0 0 1 0 0 0
110	4	1 0 1 1 1 1 1 1 1 0 0 1 0 0 0 0 1 1 0 1 1 1 0 1 1 1 1 0 1 0 0 0 0 0 1 0 0 1 0 1 1 0 0 1 0 0 1 0 0 0
110	1	1 0 1 1 1 1 1 1 1 0 0 1 0 0 0 0 0 1 0 1 1 1 0 0 1 1 1 0 1 0 0 0 0 0 1 0 0 1 0 1 1 0 0 1 0 0 1 0 0 0
110	12	1 0 1 1 1 1 1 1 1 0 0 1 0 0 0 0 1 1 0 1 1 1 0 0 1 1 1 0 1 0 0 0 0 0 1 0 0 1 0 1 1 0 0 1 0 0 1 0 0 0
120	19	1 0 1 1 1 1 1 1 1 0 0 1 0 0 0 1 1 1 0 1 1 1 0 0 1 0 1 0 1 0 0 0 0 0 1 0 0 1 0 1 1 0 0 0 0 0 1 0 0 0
120	3	1 1 1 1 1 1 1 1 1 0 0 1 0 0 0 1 1 1 0 1 1 1 0 0 1 0 1 0 1 0 0 0 0 0 1 0 0 1 0 1 1 0 0 1 0 0 1 0 0 0
120	1	1 0 1 1 1 1 1 1 1 0 0 1 0 0 0 1 1 1 0 1 1 1 0 0 1 0 1 0 1 0 0 0 0 0 1 1 0 1 0 1 1 0 0 1 0 0 1 0 0 0
120	4	1 0 1 1 1 1 1 1 1 0 0 1 0 0 0 1 1 1 0 1 0 1 0 0 1 0 1 0 1 0 0 0 0 0 1 0 0 1 0 1 1 0 0 1 0 0 1 0 0 0
120	1	1 0 1 1 1 1 1 1 1 0 0 1 0 0 0 1 0 1 0 1 1 1 0 0 1 0 1 0 1 0 0 0 0 0 1 0 0 1 0 1 1 0 0 1 0 0 1 0 0 0
120	33	1 0 1 1 1 1 1 1 1 0 0 1 0 0 0 1 1 1 0 1 1 1 0 0 1 0 1 0 1 0 0 0 0 0 1 0 0 1 0 1 1 0 0 1 0 0 1 0 0 0
120	4	1 0 1 1 1 1 1 1 1 0 0 1 0 0 0 0 1 1 0 1 1 1 0 0 1 0 1 0 1 0 0 0 0 0 1 0 0 1 0 1 1 0 0 1 0 0 0 0 0 0
120	2	1 0 1 0 1 1 1 1 1 0 0 1 0 0 0 1 1 1 0 1 1 1 0 0 1 0 1 0 1 0 0 0 0 0 1 0 0 1 0 1 1 0 0 0 0 0 1 0 0 0
120	1	1 0 1 1 1 1 1 1 1 0 0 1 0 0 0 0 1 1 0 0 1 1 0 0 1 1 1 0 1 0 0 0 0 0 1 1 0 1 0 1 0 0 0 1 0 0 1 0 1 0
120	3	1 0 1 1 1 1 1 1 1 0 0 1 0 0 0 0 1 1 0 0 1 1 0 0 1 1 1 0 1 0 0 0 0 0 1 1 0 1 0 1 0 0 0 1 0 0 1 0 0 0
120	1	1 0 1 1 1 1 1 1 1 0 1 1 0 0 0 0 1 1 0 0 1 1 0 0 1 1 1 0 1 0 0 0 0 0 1 1 0 1 0 1 1 0 0 1 0 0 1 0 0 0
120	14	1 0 1 1 1 1 1 1 1 0 0 1 0 0 0 0 1 1 0 0 1 1 0 0 1 1 1 0 1 0 0 0 0 0 1 1 0 1 0 1 1 0 0 1 0 0 1 0 0 0
120	3	1 0 1 1 1 1 1 1 1 0 0 1 0 0 0 0 1 1 0 0 1 1 0 1 1 1 1 0 1 0 0 0 0 0 1 0 0 1 0 1 1 0 0 1 0 0 1 0 0 0
120	1	1 0 1 1 1 1 1 1 1 0 0 1 0 0 0 0 1 1 0 1 1 1 0 1 1 1 1 0 1 0 0 0 0 0 1 0 0 1 0 1 1 0 0 1 0 0 1 0 0 0
120	1	1 0 1 1 1 1 1 1 1 1 0 1 0 0 0 0 1 1 0 1 1 1 0 0 1 1 1 0 1 0 0 0 0 0 1 0 0 1 0 1 1 0 0 1 0 0 1 0 0 0
120	1	1 0 1 0 1 1 1 1 1 0 0 1 0 0 0 0 1 1 0 1 1 1 0 0 1 1 1 0 1 0 0 0 0 0 1 0 0 1 0 1 1 0 0 1 0 0 1 0 0 0
120	8	1 0 1 1 1 1 1 1 1 0 0 1 0 0 0 0 1 1 0 1 1 1 0 0 1 1 1 0 1 0 0 0 0 0 1 0 0 1 0 1 1 0 0 1 0 0 1 0 0 0
130	1	1 0 1 1 1 1 1 1 1 0 0 1 0 0 0 1 1 1 0 1 1 1 0 0 1 0 1 0 0 0 0 0 0 0 1 0 0 1 0 1 1 0 0 1 0 0 1 0 0 0
130	1	1 0 1 1 1 1 1 1 1 0 0 1 1 0 0 1 1 1 0 1 1 1 0 0 1 0 1 0 1 0 0 0 0 0 1 0 0 1 0 1 1 0 0 0 0 0 1 0 0 0
130	15	1 0 1 1 1 1 1 1 1 0 0 1 0 0 0 1 1 1 0 1 1 1 0 0 1 0 1 0 1 0 0 0 0 0 1 0 0 1 0 1 1 0 0 0 0 0 1 0 0 0
130	1	1 0 0 1 1 1 1 1 1 0 0 1 0 0 0 1 1 1 0 1 1 1 0 0 1 0 1 0 1 0 0 0 0 0 1 0 0 1 0 1 1 0 0 1 0 0 0 0 0 0
130	3	1 0 1 1 1 1 1 1 1 0 0 1 0 0 0 1 1 1 0 1 1 1 0 0 1 0 1 0 1 0 0 0 0 0 1 1 0 1 0 1 1 0 0 1 0 0 1 0 0 0
130	1	1 0 1 1 1 1 1 1 1 0 0 1 0 0 0 1 1 1 0 1 1 1 0 0 1 0 0 0 1 0 0 0 0 0 1 0 0 1 0 1 1 0 0 1 0 0 1 0 0 0
130	4	1 0 1 1 1 1 1 1 1 0 0 1 0 0 0 1 1 1 0 1 1 1 0 0 1 0 1 0 1 0 0 0 0 0 1 0 0 1 0 1 0 0 0 1 0 0 1 0 0 0
130	2	1 0 1 1 1 1 1 1 1 0 0 1 0 0 0 1 1 1 0 1 0 1 0 0 1 0 1 0 1 0 0 0 0 0 1 0 0 1 0 1 1 0 0 1 0 0 1 0 0 0
130	22	1 0 1 1 1 1 1 1 1 0 0 1 0 0 0 1 1 1 0 1 1 1 0 0 1 0 1 0 1 0 0 0 0 0 1 0 0 1 0 1 1 0 0 1 0 0 1 0 0 0
130	1	1 1 1 1 1 1 1 1 1 0 0 1 0 0 0 0 1 1 0 1 1 1 0 0 1 0 1 0 1 0 0 0 0 0 1 0 0 1 0 1 1 0 0 1 0 0 0 0 0 0
130	3	1 0 1 1 1 1 1 0 1 0 0 1 0 0 0 0 1 1 0 1 1 1 0 0 1 0 1 0 1 0 0 0 0 0 1 0 0 1 0 1 1 0 0 1 0 0 0 0 0 0
130	4	1 0 1 1 1 1 1 1 1 0 0 1 0 0 0 0 1 1 0 1 1 1 0 0 1 0 1 0 1 0 0 0 0 0 1 0 0 1 0 1 1 0 0 1 0 0 0 0 0 0
130	3	1 0 1 1 1 1 1 1 1 0 0 1 0 0 0 1 1 1 0 1 1 1 0 0 1 0 1 0 1 0 0 0 0 0 0 0 0 1 0 1 1 0 0 0 0 0 1 0 0 1
130	4	1 0 1 0 1 1 1 1 1 0 0 1 0 0 0 1 1 1 0 1 1 1 0 0 1 0 1 0 1 0 0 0 0 0 1 0 0 1 0 1 1 0 0 0 0 0 1 0 0 0
130	2	1 0 1 1 1 1 1 1 1 0 0 1 0 0 0 0 1 1 0 0 1 1 0 0 1 1 1 0 1 0 0 0 0 0 1 1 0 1 0 1 0 0 0 1 0 0 1 0 0 0
130	13	1 0 1 1 1 1 1 1 1 0 0 1 0 0 0 0 1 1 0 0 1 1 0 0 1 1 1 0 1 0 0 0 0 0 1 1 0 1 0 1 1 0 0 1 0 0 1 0 0 0
130	2	1 0 1 1 1 1 1 0 1 0 0 1 0 0 0 0 1 1 0 0 1 1 0 1 1 1 1 0 1 0 0 0 0 0 1 0 0 1 0 1 1 0 0 1 0 0 1 0 0 0
130	5	1 0 1 1 1 1 1 1 1 0 0 1 0 0 0 0 1 1 0 0 1 1 0 1 1 1 1 0 1 0 0 0 0 0 1 0 0 1 0 1 1 0 0 1 0 0 1 0 0 0
130	1	1 0 1 1 1 1 1 1 1 1 0 1 0 0 0 0 1 1 0 1 1 1 0 0 1 1 1 0 1 0 0 0 0 0 1 0 0 1 0 1 1 0 0 1 0 0 1 0 0 0
130	12	1 0 1 1 1 1 1 1 1 0 0 1 0 0 0 0 1 1 0 1 1 1 0 0 1 1 1 0 1 0 0 0 0 0 1 0 0 1 0 1 1 0 0 1 0 0 1 0 0 0
140	1	1 0 1 1 1 1 1 1 1 0 0 1 0 0 0 1 1 1 0 1 1 1 0 0 1 0 1 0 0 0 0 0 0 0 1 0 0 1 0 1 1 0 0 1 0 0 1 0 0 0
140	2	1 0 1 1 1 1 1 1 1 0 0 1 0 0 1 1 1 1 0 1 1 1 0 0 1 0 1 0 1 0 0 0 0 0 1 0 0 1 0 1 1 0 0 0 0 0 1 0 0 0
140	2	1 0 1 1 1 1 1 1 1 0 0 1 0 0 0 1 1 1 0 1 1 1 0 0 1 0 1 1 1 0 0 0 0 0 1 0 0 1 0 1 1 0 0 0 0 0 1 0 0 0
140	2	1 0 1 1 1 1 1 1 1 0 0 1 0 0 0 1 1 1 0 1 1 1 0 0 1 0 0 0 1 0 0 0 0 0 1 0 0 1 0 1 1 0 0 1 0 0 1 0 0 0
140	1	1 0 0 1 1 1 1 1 1 0 0 1 0 0 0 1 1 1 0 1 1 1 0 0 1 0 1 0 1 0 0 0 0 0 1 0 0 1 0 1 1 0 0 1 0 0 1 0 0 0
140	11	1 0 1 1 1 1 1 1 1 0 0 1 0 0 0 1 1 1 0 1 1 1 0 0 1 0 1 0 1 0 0 0 0 0 1 0 0 1 0 1 1 0 0 1 0 0 1 0 0 0
140	1	1 0 1 1 1 1 1 1 1 0 0 1 0 0 0 1 0 1 0 1 1 1 0 0 1 0 1 0 1 0 0 0 0 0 1 0 0 1 0 1 1 0 0 0 0 0 1 0 0 0
140	33	1 0 1 1 1 1 1 1 1 0 0 1 0 0 0 1 1 1 0 1 1 1 0 0 1 0 1 0 1 0 0 0 0 0 1 0 0 1 0 1 1 0 0 0 0 0 1 0 0 0
140	2	1 0 1 1 1 1 1 1 1 0 0 1 0 0 0 1 1 1 0 1 1 1 0 0 1 0 1 0 1 0 0 0 0 0 1 1 0 1 0 1 1 0 0 1 0 0 1 0 0 0
140	6	1 0 1 1 1 1 1 1 1 0 0 1 0 0 0 1 1 1 0 1 1 1 0 0 1 0 1 0 1 0 0 0 0 0 1 0 0 1 0 1 0 0 0 1 0 0 1 0 0 0
140	1	1 0 1 1 1 1 1 1 1 0 0 1 0 0 0 1 1 1 0 1 1 1 0 0 1 0 1 0 1 0 0 0 1 0 1 0 0 1 0 1 1 0 0 1 0 0 1 0 0 0
140	2	1 0 1 1 1 1 1 1 1 0 0 1 0 0 0 1 1 1 0 1 1 1 0 0 0 0 1 0 1 0 0 0 0 0 1 0 0 1 0 1 1 0 0 1 0 0 1 0 0 0
140	5	1 1 1 1 1 1 1 1 1 0 0 1 0 0 0 0 1 1 0 1 1 1 0 0 1 0 1 0 1 0 0 0 0 0 1 0 0 1 0 1 1 0 0 1 0 0 0 0 0 0
140	2	1 0 1 1 1 1 1 0 1 0 0 1 0 0 0 0 1 1 0 1 1 1 0 0 1 0 1 0 1 0 0 0 0 0 1 0 0 1 0 1 1 0 0 1 0 0 0 0 0 0
140	5	1 0 1 1 1 1 1 1 1 0 0 1 0 0 0 0 1 1 0 1 1 1 0 0 1 0 1 0 1 0 0 0 0 0 1 0 0 1 0 1 1 0 0 1 0 0 0 0 0 0
140	1	1 0 1 1 1 1 1 1 1 0 0 1 0 0 0 1 1 1 0 1 1 1 0 0 1 0 1 0 1 0 0 0 0 0 0 0 0 1 0 1 1 0 0 0 0 0 1 0 0 1
140	1	1 0 1 0 1 1 1 1 1 0 0 1 0 0 0 1 1 0 0 1 1 1 0 0 1 0 1 0 1 0 0 0 0 0 1 0 0 1 0 1 1 0 0 0 0 0 1 0 0 0
140	1	1 0 1 0 1 1 1 1 1 0 0 1 0 0 0 1 1 1 0 1 1 1 0 0 1 0 1 0 1 0 0 0 0 0 1 0 0 1 0 1 1 0 0 0 0 0 1 0 0 0
140	1	1 0 1 1 1 1 1 1 1 0 0 1 0 0 0 0 1 1 0 0 1 1 1 0 1 1 1 0 1 0 0 0 0 0 1 1 0 1 0 1 0 0 0 1 0 0 1 0 0 0
140	2	1 0 1 1 1 1 1 1 1 0 0 1 0 0 0 0 1 1 0 0 1 1 0 0 1 1 1 0 1 0 0 0 0 0 1 1 0 1 0 1 0 0 0 1 0 0 1 0 0 0
140	5	1 0 1 1 1 1 1 1 1 0 0 1 0 0 0 0 1 1 0 0 1 1 0 0 1 1 1 0 1 0 0 0 0 0 1 1 0 1 0 1 1 0 0 1 0 0 1 0 0 0
140	2	1 0 1 1 1 1 1 1 1 0 0 1 0 0 0 0 1 1 0 0 1 1 0 1 1 1 1 0 1 0 0 0 0 0 1 0 0 1 0 1 1 0 0 1 0 0 1 0 0 0
140	1	1 0 1 1 1 1 1 1 1 0 0 1 0 0 0 0 1 1 0 1 1 1 1 0 1 1 1 0 1 0 0 0 0 0 1 0 0 1 0 1 1 0 0 1 0 0 1 0 0 0
140	1	1 0 1 1 1 1 1 1 1 0 0 1 0 0 0 0 1 1 0 1 1 1 0 0 1 1 1 0 1 0 0 0 0 0 1 0 0 1 0 1 1 0 0 1 0 0 0 0 0 0
140	9	1 0 1 1 1 1 1 1 1 0 0 1 0 0 0 0 1 1 0 1 1 1 0 0 1 1 1 0 1 0 0 0 0 0 1 0 0 1 0 1 1 0 0 1 0 0 1 0 0 0
150	1	1 0 1 1 1 1 1 1 1 0 0 1 0 0 0 1 1 1 0 1 1 1 0 0 1 0 1 0 0 0 0 0 0 0 1 0 0 1 0 1 1 0 0 1 0 0 1 0 0 0
150	5	1 0 1 1 1 1 1 1 1 0 0 1 0 0 1 1 1 1 0 1 1 1 0 0 1 0 1 0 1 0 0 0 0 0 1 0 0 1 0 1 1 0 0 0 0 0 1 0 0 0
150	1	1 0 1 1 1 1 1 1 1 0 0 1 0 0 0 1 1 1 0 1 0 1 0 0 0 0 1 0 1 0 0 0 0 0 1 0 0 1 0 1 1 0 0 0 0 0 1 0 0 0
150	1	1 0 1 1 1 1 1 1 1 0 0 1 0 0 0 1 1 1 0 1 1 1 0 0 1 0 1 1 1 0 0 0 0 0 1 0 0 1 0 1 1 0 0 0 0 0 1 0 0 0
150	1	1 0 1 1 1 1 1 1 1 0 0 1 0 0 0 1 1 1 0 1 1 1 0 0 1 0 0 0 1 0 0 0 0 0 1 0 0 1 0 1 1 0 0 1 0 0 1 0 0 0
150	1	1 0 1 1 1 1 1 1 1 0 0 1 1 0 0 1 1 1 0 1 1 1 0 0 1 0 1 0 1 0 0 0 0 0 1 0 0 1 0 1 1 0 0 1 0 0 1 0 0 0
150	12	1 0 1 1 1 1 1 1 1 0 0 1 0 0 0 1 1 1 0 1 1 1 0 0 1 0 1 0 1 0 0 0 0 0 1 0 0 1 0 1 1 0 0 1 0 0 1 0 0 0
150	3	1 0 1 0 1 1 1 1 1 0 0 1 0 0 0 1 1 1 0 1 1 1 0 0 1 0 1 0 1 0 0 0 0 0 1 0 0 1 0 1 1 0 0 0 0 0 1 0 0 0
150	21	1 0 1 1 1 1 1 1 1 0 0 1 0 0 0 1 1 1 0 1 1 1 0 0 1 0 1 0 1 0 0 0 0 0 1 0 0 1 0 1 1 0 0 0 0 0 1 0 0 0
150	3	1 0 1 1 1 1 1 1 1 0 0 1 0 0 0 1 1 1 0 1 1 1 0 0 1 0 1 0 1 0 0 0 0 0 1 1 0 1 0 1 1 0 0 1 0 0 1 0 0 0
150	1	1 0 1 1 1 1 1 1 1 0 0 1 0 0 1 1 1 1 0 1 1 1 0 0 1 0 1 0 1 0 0 0 0 0 1 0 0 1 0 1 0 0 0 1 0 0 1 0 0 0
150	7	1 0 1 1 1 1 1 1 1 0 0 1 0 0 0 1 1 1 0 1 1 1 0 0 1 0 1 0 1 0 0 0 0 0 1 0 0 1 0 1 0 0 0 1 0 0 1 0 0 0
150	16	1 1 1 1 1 1 1 1 1 0 0 1 0 0 0 0 1 1 0 1 1 1 0 0 1 0 1 0 1 0 0 0 0 0 1 0 0 1 0 1 1 0 0 1 0 0 0 0 0 0
150	4	1 0 1 1 1 1 1 0 1 0 0 1 0 0 0 0 1 1 0 1 1 1 0 0 1 0 1 0 1 0 0 0 0 0 1 0 0 1 0 1 1 0 0 1 0 0 0 0 0 0
150	5	1 0 1 1 1 1 1 1 1 0 0 1 0 0 0 1 1 1 0 1 1 1 0 0 1 0 1 0 1 0 0 0 0 0 0 0 0 1 0 1 1 0 0 0 0 0 1 0 0 1
150	3	1 0 1 1 1 1 1 1 1 0 0 1 0 0 0 0 1 1 0 0 1 1 1 0 1 1 1 0 1 0 0 0 0 0 1 1 0 1 0 1 0 0 0 1 0 0 1 0 0 0
150	7	1 0 1 1 1 1 1 1 1 0 0 1 0 0 0 0 1 1 0 0 1 1 0 0 1 1 1 0 1 0 0 0 0 0 1 1 0 1 0 1 0 0 0 1 0 0 1 0 0 0
150	2	1 0 1 1 1 1 1 1 1 0 0 1 0 0 0 0 1 1 0 0 1 1 0 0 1 1 1 0 1 0 0 0 0 0 1 1 0 1 0 1 1 0 0 1 0 0 1 0 0 0
150	2	1 0 1 1 1 1 1 1 1 0 0 1 0 0 0 0 1 1 0 1 1 1 0 1 1 1 1 0 1 0 0 0 0 0 1 0 0 1 0 1 1 0 0 1 0 0 1 0 0 0
150	1	1 0 1 1 1 1 1 1 1 0 0 1 0 0 0 0 1 1 0 1 1 1 0 0 1 1 1 0 1 0 0 0 0 0 1 0 0 1 0 1 1 1 0 1 0 0 1 0 0 0
150	3	1 0 1 1 1 1 1 1 1 0 0 1 0 0 0 0 1 1 0 1 1 1 0 0 1 1 1 0 1 0 0 0 0 0 1 0 0 1 0 1 1 0 0 1 0 0 1 0 0 0
160	1	1 0 1 1 1 1 1 1 1 0 0 1 0 0 0 1 1 1 0 1 1 1 0 0 1 0 1 1 1 0 0 0 0 0 1 0 0 1 0 1 1 0 0 0 0 0 1 0 0 0
160	5	1 0 1 1 1 1 1 1 1 0 0 1 0 0 0 1 1 1 0 1 1 1 0 0 1 0 1 0 1 0 0 0 0 0 1 0 0 1 0 1 1 0 0 1 0 0 1 0 0 0
160	2	1 0 1 1 1 1 1 1 1 0 0 1 0 0 0 1 1 1 1 1 1 1 0 0 1 0 1 0 1 0 0 0 0 0 1 0 0 1 0 1 1 0 0 0 0 0 1 0 0 0
160	1	1 0 1 1 1 1 1 1 1 0 0 1 0 0 0 1 1 1 0 1 1 1 0 0 1 0 0 0 1 0 0 0 0 0 1 0 0 1 0 1 1 0 0 0 0 0 1 0 0 0
160	1	1 0 1 1 1 1 1 1 1 0 0 1 0 0 0 1 1 1 0 1 1 1 0 0 1 0 1 0 1 0 0 0 0 0 1 0 0 1 0 1 1 0 0 0 0 0 1 0 0 1
160	32	1 0 1 1 1 1 1 1 1 0 0 1 0 0 0 1 1 1 0 1 1 1 0 0 1 0 1 0 1 0 0 0 0 0 1 0 0 1 0 1 1 0 0 0 0 0 1 0 0 0
160	1	1 0 1 1 1 1 1 1 1 0 0 1 0 0 1 1 1 1 0 1 1 1 0 0 1 0 1 0 1 0 0 0 0 0 1 0 0 1 0 1 0 0 0 1 0 0 1 0 0 0
160	4	1 0 1 1 1 1 1 1 1 0 0 1 0 0 0 1 1 1 0 1 1 1 0 0 1 0 1 0 1 0 0 0 0 0 1 0 0 1 0 1 0 0 0 1 0 0 1 0 0 0
160	1	1 1 1 1 1 1 1 1 1 0 0 1 0 0 0 0 1 1 0 1 1 1 0 0 1 0 1 0 1 0 0 0 0 0 0 0 0 1 0 1 1 0 0 1 0 0 0 0 0 0
160	1	1 1 0 1 1 1 1 1 1 0 0 1 0 0 0 0 1 1 0 1 1 1 0 0 1 0 1 0 1 0 0 0 0 0 1 0 0 1 0 1 1 0 0 1 0 0 0 0 0 0
160	32	1 1 1 1 1 1 1 1 1 0 0 1 0 0 0 0 1 1 0 1 1 1 0 0 1 0 1 0 1 0 0 0 0 0 1 0 0 1 0 1 1 0 0 1 0 0 0 0 0 0
160	2	1 0 1 1 1 1 1 0 1 0 0 1 0 0 0 0 1 1 0 1 1 1 0 0 1 0 1 0 1 0 0 0 0 0 1 0 0 1 0 1 1 0 0 1 0 0 0 0 0 0
160	3	1 0 1 1 1 1 1 1 1 0 0 1 0 0 0 0 1 1 0 0 1 1 1 0 1 1 1 0 1 0 0 0 0 0 1 1 0 1 0 1 0 0 0 1 0 0 1 0 0 0
160	10	1 0 1 1 1 1 1 1 1 0 0 1 0 0 0 0 1 1 0 0 1 1 0 0 1 1 1 0 1 0 0 0 0 0 1 1 0 1 0 1 0 0 0 1 0 0 1 0 0 0
160	1	1 0 1 1 1 1 1 1 1 0 0 1 0 0 0 0 1 1 0 0 1 1 0 0 1 1 1 0 1 0 0 0 0 0 1 1 0 1 0 1 1 0 0 1 0 0 1 0 0 0
160	3	1 0 1 1 1 1 1 1 1 0 0 1 0 0 0 0 1 1 0 1 1 1 0 0 1 1 1 0 1 0 0 0 0 0 1 0 0 1 0 1 1 0 0 1 0 0 1 0 0 0
170	1	1 0 1 1 1 1 1 1 1 0 0 1 0 0 1 1 1 1 0 0 1 1 0 0 1 0 1 0 1 0 0 0 0 0 1 0 0 1 0 1 1 0 0 0 0 0 1 0 0 0
170	1	1 0 1 1 1 1 1 1 1 0 0 1 0 0 1 1 1 1 0 1 1 1 0 0 1 0 1 0 1 0 0 0 0 0 1 0 0 1 0 1 1 0 0 0 0 0 1 0 0 0
170	3	1 0 1 1 1 1 1 1 1 0 0 1 0 0 0 1 1 1 0 1 1 1 0 0 1 0 1 0 1 0 0 0 0 0 1 0 0 1 0 1 1 0 0 1 0 0 1 0 0 0
170	1	1 0 1 1 1 1 1 1 1 0 0 1 0 0 0 1 1 1 1 1 1 1 0 0 1 0 1 0 1 0 0 0 0 0 1 0 0 1 0 1 1 0 0 0 0 0 1 0 0 0
170	23	1 0 1 1 1 1 1 1 1 0 0 1 0 0 0 1 1 1 0 1 1 1 0 0 1 0 1 0 1 0 0 0 0 0 1 0 0 1 0 1 1 0 0 0 0 0 1 0 0 0
170	1	1 0 1 1 1 1 1 1 1 0 0 1 0 0 1 1 1 1 0 1 1 1 0 0 1 0 1 0 1 0 0 0 0 0 1 0 0 1 0 1 0 0 0 1 0 0 1 0 0 0
170	8	1 0 1 1 1 1 1 1 1 0 0 1 0 0 0 1 1 1 0 1 1 1 0 0 1 0 1 0 1 0 0 0 0 0 1 0 0 1 0 1 0 0 0 1 0 0 1 0 0 0
170	1	1 1 0 1 1 1 1 1 1 0 0 1 0 0 0 0 1 1 0 1 1 1 0 0 1 0 1 0 1 0 0 0 0 0 1 0 0 1 0 1 1 0 0 1 0 0 0 0 0 0
170	2	1 1 1 1 1 1 1 1 1 0 0 1 0 1 0 0 1 1 0 1 1 1 0 0 1 0 1 0 1 0 0 0 0 0 1 0 0 1 0 1 1 0 0 1 0 0 0 0 0 0
170	1	1 1 1 1 1 1 1 1 1 0 0 1 0 0 0 0 1 1 0 1 1 1 0 0 1 0 1 0 1 0 0 0 0 0 1 1 0 1 0 1 1 0 0 1 0 0 0 0 0 0
170	41	1 1 1 1 1 1 1 1 1 0 0 1 0 0 0 0 1 1 0 1 1 1 0 0 1 0 1 0 1 0 0 0 0 0 1 0 0 1 0 1 1 0 0 1 0 0 0 0 0 0
170	1	1 0 1 1 1 1 1 0 1 0 0 1 0 0 0 0 1 1 0 1 1 1 0 0 1 0 1 0 1 0 0 0 0 0 1 0 0 1 0 1 1 0 0 1 0 0 0 0 0 0
170	8	1 0 1 1 1 1 1 1 1 0 0 1 0 0 0 0 1 1 0 0 1 1 1 0 1 1 1 0 1 0 0 0 0 0 1 1 0 1 0 1 0 0 0 1 0 0 1 0 0 0
170	6	1 0 1 1 1 1 1 1 1 0 0 1 0 0 0 0 1 1 0 0 1 1 0 0 1 1 1 0 1 0 0 0 0 0 1 1 0 1 0 1 0 0 0 1 0 0 1 0 0 0
170	1	1 0 1 1 1 1 1 1 1 0 0 1 0 0 0 0 1 1 0 0 1 1 0 0 1 1 1 0 1 0 0 0 0 0 1 1 0 1 0 1 1 0 0 1 0 0 1 0 0 0
170	1	1 0 1 1 1 1 1 1 1 0 0 1 0 0 0 0 1 1 0 1 1 1 0 1 1 1 1 0 1 0 0 0 0 0 1 0 0 1 0 1 1 0 0 1 0 0 1 0 0 0
180	1	1 0 1 1 1 1 1 1 1 0 0 1 0 0 1 1 1 1 0 1 1 1 0 0 1 0 1 0 1 0 0 0 0 0 1 0 0 1 0 1 1 0 0 0 0 0 1 0 0 0
180	1	1 0 1 1 1 1 1 1 1 0 0 1 0 0 0 1 1 1 0 1 0 1 0 0 0 0 1 0 1 0 0 0 0 0 1 1 0 1 0 1 1 0 0 0 0 0 1 0 0 0
180	2	1 0 1 1 1 1 1 1 1 0 0 1 0 0 0 1 1 1 0 1 1 1 0 0 1 0 1 0 1 0 0 0 0 0 1 0 0 1 0 1 1 0 0 1 0 0 1 0 0 0
180	1	1 0 1 1 0 1 1 1 1 0 0 1 0 0 0 1 1 1 0 1 1 1 0 0 1 0 0 0 1 0 0 0 0 0 1 0 0 1 0 1 1 0 0 0 0 0 1 0 0 0
180	1	1 0 1 1 1 1 1 1 1 0 0 1 0 0 0 1 1 1 0 1 1 1 0 0 1 0 0 0 1 0 0 0 0 0 1 0 0 1 0 1 1 0 0 0 0 0 1 0 0 0
180	22	1 0 1 1 1 1 1 1 1 0 0 1 0 0 0 1 1 1 0 1 1 1 0 0 1 0 1 0 1 0 0 0 0 0 1 0 0 1 0 1 1 0 0 0 0 0 1 0 0 0
180	2	1 0 1 1 1 1 1 1 1 0 0 1 0 0 1 1 1 1 0 1 1 1 0 0 1 0 1 0 1 0 0 0 0 0 1 0 0 1 0 1 0 0 0 1 0 0 1 0 0 0
180	1	1 0 1 1 1 1 1 1 1 0 0 1 0 0 0 1 1 1 0 1 1 1 0 0 1 0 1 0 1 0 0 0 0 0 1 0 0 1 0 1 0 0 0 1 0 0 1 0 0 0
180	6	1 1 1 1 1 1 1 1 1 0 0 1 0 0 0 0 1 1 0 1 1 1 0 0 1 0 1 0 1 0 0 0 0 0 0 0 0 1 0 1 1 0 0 1 0 0 0 0 0 0
180	1	1 1 1 1 1 1 1 1 1 0 0 1 0 1 0 0 1 1 0 1 1 1 0 0 1 0 1 0 1 0 0 0 0 0 1 0 0 1 0 1 1 0 0 1 0 0 0 0 0 0
180	1	1 1 1 1 1 1 1 1 1 0 0 1 0 0 0 0 1 1 0 1 1 1 0 0 1 0 1 0 1 0 0 0 0 0 1 1 0 1 0 1 1 0 0 1 0 0 0 0 0 0
180	1	1 1 1 1 1 1 1 1 1 0 0 1 0 0 0 0 1 1 0 1 1 1 0 0 1 0 1 1 1 0 0 0 0 0 1 0 0 1 0 1 1 0 0 1 0 0 0 0 0 0
180	1	1 1 1 1 1 1 1 1 1 0 0 1 0 0 0 0 1 1 0 1 1 1 0 0 1 0 1 0 0 0 0 0 0 0 1 0 0 1 0 1 1 0 0 1 0 0 0 0 0 0
180	45	1 1 1 1 1 1 1 1 1 0 0 1 0 0 0 0 1 1 0 1 1 1 0 0 1 0 1 0 1 0 0 0 0 0 1 0 0 1 0 1 1 0 0 1 0 0 0 0 0 0
180	4	1 0 1 1 1 1 1 1 1 0 0 1 0 0 0 0 1 1 0 0 1 1 1 0 1 1 1 0 1 0 0 0 0 0 1 1 0 1 0 1 0 0 0 1 0 0 1 0 0 0
180	9	1 0 1 1 1 1 1 1 1 0 0 1 0 0 0 0 1 1 0 0 1 1 0 0 1 1 1 0 1 0 0 0 0 0 1 1 0 1 0 1 0 0 0 1 0 0 1 0 0 0
180	1	1 0 1 1 1 1 1 1 1 0 0 1 0 0 0 0 1 1 0 0 1 1 0 0 1 1 1 0 1 0 0 0 0 0 1 1 0 1 0 1 1 0 0 1 0 0 1 0 0 0
190	1	1 0 1 1 1 1 1 1 1 0 0 1 0 1 1 1 1 1 0 1 1 1 0 0 1 0 1 0 1 0 0 0 0 0 1 0 0 1 0 1 1 0 0 0 0 0 1 0 0 0
190	1	1 0 1 1 1 1 1 1 1 0 0 1 0 0 1 1 1 1 0 1 1 1 0 0 1 0 1 0 1 0 1 0 0 0 1 0 0 1 0 1 1 0 0 0 0 0 1 0 0 0
190	2	1 0 1 1 1 1 1 1 1 0 0 1 0 0 0 1 1 1 0 1 0 1 0 0 0 0 1 0 1 0 0 0 0 0 1 1 0 1 0 1 1 0 0 0 0 0 1 0 0 0
190	1	1 0 1 1 0 1 1 1 1 0 0 1 0 0 0 1 1 1 0 1 1 1 0 0 1 0 0 0 1 0 0 0 0 0 1 0 0 1 0 1 1 0 0 0 0 0 1 0 0 0
190	3	1 0 1 1 1 1 1 1 1 0 0 1 0 0 0 1 1 1 1 1 1 1 0 0 1 0 0 0 1 0 0 0 0 0 1 0 0 1 0 1 1 0 0 0 0 0 1 0 0 0
190	1	1 0 1 1 1 1 1 1 1 0 0 1 0 0 0 1 1 1 1 1 1 1 0 0 1 0 1 0 1 0 0 0 0 0 1 0 0 1 0 1 1 0 0 0 0 0 1 0 0 0
190	14	1 0 1 1 1 1 1 1 1 0 0 1 0 0 0 1 1 1 0 1 1 1 0 0 1 0 1 0 1 0 0 0 0 0 1 0 0 1 0 1 1 0 0 0 0 0 1 0 0 0
190	1	1 0 1 1 1 1 1 1 1 0 0 1 0 0 1 1 1 1 0 1 1 1 0 0 1 0 1 0 1 0 0 0 0 0 1 0 0 1 0 1 0 0 0 1 0 0 1 0 0 0
190	5	1 0 1 1 1 1 1 1 1 0 0 1 0 0 0 1 1 1 0 1 1 1 0 0 1 0 1 0 1 0 0 0 0 0 1 0 0 1 0 1 0 0 0 1 0 0 1 0 0 0
190	1	1 1 1 1 1 1 1 1 1 0 0 1 0 0 0 0 1 1 0 1 1 1 0 0 1 0 1 0 1 0 0 0 1 0 0 0 0 1 0 1 1 0 0 1 0 0 0 0 0 0
190	5	1 1 1 1 1 1 1 1 1 0 0 1 0 0 0 0 1 1 0 1 1 1 0 0 1 0 1 0 1 0 0 0 0 0 0 0 0 1 0 1 1 0 0 1 0 0 0 0 0 0
190	1	1 1 1 1 1 1 1 1 1 0 0 1 0 1 0 0 1 1 0 1 1 1 0 0 1 0 1 0 1 0 0 0 0 0 1 0 0 1 0 1 1 0 0 1 0 0 0 0 0 0
190	1	1 1 1 1 1 1 1 1 1 0 0 1 0 0 0 0 1 1 0 1 0 1 0 0 1 0 1 0 1 0 0 0 0 0 1 0 0 1 0 1 1 0 0 1 0 0 0 0 0 1
190	5	1 1 1 1 1 1 1 1 1 0 0 1 0 0 0 0 1 1 0 1 0 1 0 0 1 0 1 0 1 0 0 0 0 0 1 0 0 1 0 1 1 0 0 1 0 0 0 0 0 0
190	1	1 1 1 1 1 1 1 1 1 0 0 1 0 0 0 0 1 1 0 1 1 1 0 0 1 0 1 0 1 0 0 0 0 0 1 1 0 1 0 1 1 0 0 1 0 0 0 0 0 0
190	1	1 1 1 1 1 1 1 1 1 0 0 1 0 0 0 0 1 1 0 1 1 1 0 0 1 0 1 0 1 0 0 0 0 0 1 0 0 1 1 1 1 0 0 1 0 0 0 0 0 0
190	50	1 1 1 1 1 1 1 1 1 0 0 1 0 0 0 0 1 1 0 1 1 1 0 0 1 0 1 0 1 0 0 0 0 0 1 0 0 1 0 1 1 0 0 1 0 0 0 0 0 0
190	1	1 0 1 1 1 1 1 1 1 0 0 1 0 0 0 0 1 1 0 0 1 1 1 0 1 1 1 0 1 0 0 0 0 0 1 1 0 1 0 1 0 0 0 1 0 0 1 0 0 0
190	3	1 0 1 1 1 1 1 1 1 0 0 1 0 0 0 0 1 1 0 0 1 1 0 0 1 1 1 0 1 0 0 0 0 0 1 1 0 1 0 1 0 0 0 1 0 0 1 0 0 0
190	1	1 0 1 1 1 1 1 1 1 1 0 1 0 0 0 0 1 1 0 0 1 1 0 0 1 1 1 0 1 0 0 0 0 0 1 1 0 1 0 1 1 0 0 1 0 0 1 0 0 0
190	1	1 0 1 1 1 1 1 1 1 0 0 1 0 0 0 0 1 1 0 0 1 1 0 0 1 1 1 0 1 0 0 0 0 0 1 1 0 1 0 1 1 0 0 1 0 0 1 0 0 0
200	1	1 0 1 1 1 0 1 1 1 0 0 1 0 0 0 1 1 1 0 1 1 1 0 0 1 0 1 0 1 0 0 0 0 0 1 0 0 1 0 1 1 0 0 0 0 0 1 0 0 0
200	10	1 0 1 1 1 1 1 1 1 0 0 1 0 0 0 1 1 1 0 1 1 1 0 0 1 0 1 0 1 0 0 0 0 0 1 0 0 1 0 1 1 0 0 0 0 0 1 0 0 0
200	3	1 0 1 1 1 1 1 1 1 0 0 1 0 0 0 1 1 1 0 1 1 1 0 0 1 0 1 0 1 0 0 0 0 0 1 0 0 1 0 1 0 0 0 1 0 0 1 0 0 0
200	2	1 1 1 1 1 1 1 1 1 0 0 1 0 0 0 0 1 1 0 1 1 1 0 0 1 0 1 0 1 0 0 0 0 0 0 0 0 0 0 1 1 0 0 1 0 0 0 0 0 0
200	4	1 1 1 1 1 1 1 1 1 0 0 1 0 0 0 0 1 1 0 1 1 1 0 0 1 0 1 0 1 0 0 0 0 0 0 0 0 1 0 1 1 0 0 1 0 0 0 0 0 0
200	2	1 1 1 1 1 1 1 1 1 0 0 1 0 1 0 0 1 1 0 1 1 1 0 0 1 0 1 0 1 0 0 0 0 0 1 0 0 1 0 1 1 0 0 1 0 0 0 0 0 0
200	3	1 1 1 1 1 1 1 1 1 0 0 1 0 0 0 0 1 1 0 1 0 1 0 0 1 0 1 0 1 0 0 0 0 0 1 0 0 1 0 1 1 0 0 1 0 0 0 0 0 0
200	4	1 1 1 1 1 1 1 1 1 0 0 1 0 0 0 0 1 1 0 1 1 1 0 0 1 0 1 0 1 0 0 0 0 0 1 1 0 1 0 1 1 0 0 1 0 0 0 0 0 0
200	66	1 1 1 1 1 1 1 1 1 0 0 1 0 0 0 0 1 1 0 1 1 1 0 0 1 0 1 0 1 0 0 0 0 0 1 0 0 1 0 1 1 0 0 1 0 0 0 0 0 0
200	2	1 0 1 1 1 1 1 1 1 0 0 1 0 0 0 0 1 1 0 0 1 1 1 0 1 1 1 0 1 0 0 0 0 0 1 1 0 1 0 1 0 0 0 1 0 0 1 0 0 0
200	2	1 0 1 1 1 1 1 1 1 0 0 1 0 0 0 0 1 1 0 0 1 1 0 0 1 1 1 0 1 0 0 0 0 0 1 1 0 1 0 1 0 0 0 1 0 0 1 0 0 0
200	1	1 0 1 1 1 1 1 1 1 0 0 1 0 0 0 0 1 1 0 0 1 1 0 0 1 1 1 0 1 0 0 0 0 0 1 1 0 1 0 1 1 0 0 1 0 0 1 0 0 0
210	3	1 0 1 1 1 1 1 1 1 0 0 1 0 0 0 1 1 1 0 1 1 1 0 0 1 0 1 0 1 0 0 0 0 0 1 0 0 1 0 1 1 0 0 0 0 0 1 0 0 0
210	1	1 0 1 1 1 1 1 1 1 0 0 1 0 0 0 1 1 1 0 1 1 1 0 0 1 0 1 0 1 0 0 0 0 0 1 0 0 1 0 1 0 0 0 1 0 0 1 0 0 0
210	1	1 1 1 1 1 1 1 1 1 0 0 1 0 0 0 0 1 1 0 1 1 1 0 0 1 0 1 0 1 0 0 0 0 0 0 0 0 0 0 1 1 0 0 1 0 0 0 0 0 0
210	1	0 1 1 1 1 1 1 1 1 1 0 1 0 0 0 0 1 1 0 1 1 1 0 0 1 0 1 0 1 0 0 0 0 0 0 0 0 1 0 1 1 0 0 1 0 0 0 0 0 0
210	1	1 1 1 1 1 1 1 1 1 0 0 1 0 0 0 0 1 1 0 1 1 1 0 0 1 0 1 0 1 0 0 0 0 1 0 0 0 1 0 1 1 0 0 1 0 0 0 0 0 0
210	11	1 1 1 1 1 1 1 1 1 0 0 1 0 0 0 0 1 1 0 1 1 1 0 0 1 0 1 0 1 0 0 0 0 0 0 0 0 1 0 1 1 0 0 1 0 0 0 0 0 0
210	3	1 1 1 1 1 1 1 1 1 0 0 1 0 1 0 0 1 1 0 1 1 1 0 0 1 0 1 0 1 0 0 0 0 0 1 0 0 1 0 1 1 0 0 1 0 0 0 0 0 0
210	3	1 1 1 1 1 1 1 1 1 0 0 1 0 0 0 0 1 1 0 1 0 1 0 0 1 0 1 0 1 0 0 0 0 0 1 0 0 1 0 1 1 0 0 1 0 0 0 0 0 0
210	9	1 1 1 1 1 1 1 1 1 0 0 1 0 0 0 0 1 1 0 1 1 1 0 0 1 0 1 0 1 0 0 0 0 0 1 1 0 1 0 1 1 0 0 1 0 0 0 0 0 0
210	1	1 1 1 1 1 1 1 1 1 0 0 1 0 0 0 0 1 1 0 0 1 1 0 0 1 0 1 0 1 0 0 0 0 0 1 0 0 1 0 1 1 0 0 1 0 0 0 0 0 0
210	1	1 1 1 1 1 1 1 1 1 0 0 1 0 0 0 0 1 1 0 1 1 1 0 0 1 0 1 0 0 0 0 0 0 0 1 0 0 1 0 1 1 0 0 1 0 0 0 0 0 0
210	1	1 1 1 1 1 1 1 1 1 0 0 1 0 0 0 0 1 1 0 1 1 1 0 0 0 0 1 0 1 0 0 0 0 0 1 0 0 1 0 1 1 0 0 1 0 0 0 0 0 0
210	1	1 1 1 1 1 1 0 1 1 0 0 1 0 0 0 0 1 1 0 1 1 1 0 0 1 0 1 0 1 0 0 0 0 0 1 0 0 1 0 1 1 0 0 1 0 0 0 0 0 0
210	58	1 1 1 1 1 1 1 1 1 0 0 1 0 0 0 0 1 1 0 1 1 1 0 0 1 0 1 0 1 0 0 0 0 0 1 0 0 1 0 1 1 0 0 1 0 0 0 0 0 0
210	2	1 0 1 1 1 1 1 1 1 0 0 1 0 0 0 0 1 1 0 0 1 1 1 0 1 1 1 0 1 0 0 0 0 0 1 1 0 1 0 1 0 0 0 1 0 0 1 0 0 0
210	3	1 0 1 1 1 1 1 1 1 0 0 1 0 0 0 0 1 1 0 0 1 1 0 0 1 1 1 0 1 0 0 0 0 0 1 1 0 1 0 1 0 0 0 1 0 0 1 0 0 0
220	1	1 0 1 1 1 1 1 1 1 0 0 1 0 0 1 1 1 1 0 1 1 1 0 0 1 0 1 0 1 0 0 0 0 0 1 0 0 1 0 1 1 0 0 0 0 0 1 0 0 0
220	1	1 0 1 1 1 1 1 1 1 0 0 1 0 0 0 1 0 1 0 1 1 1 0 0 1 0 1 0 1 0 0 0 0 0 1 0 0 1 0 1 1 0 0 0 0 0 1 0 0 0
220	2	1 1 1 1 1 1 1 1 1 0 0 1 0 0 0 0 1 1 0 1 1 1 0 0 1 0 1 0 1 0 0 0 0 0 0 0 0 0 0 1 1 0 0 1 0 0 0 0 0 0
220	3	0 1 1 1 1 1 1 1 1 1 0 1 0 0 0 0 1 1 0 1 1 1 0 0 1 0 1 0 1 0 0 0 0 0 0 0 0 1 0 1 1 0 0 1 0 0 0 0 0 0
220	1	0 1 1 1 1 1 1 1 1 0 0 1 0 0 0 0 1 1 0 1 1 1 0 0 1 0 1 0 1 0 0 0 0 0 0 0 0 1 0 1 1 0 0 1 0 0 0 0 0 0
220	1	1 1 1 1 1 1 1 1 1 0 0 0 0 0 0 0 1 1 0 1 1 1 0 0 1 0 1 0 1 0 0 0 0 0 0 0 0 1 0 1 1 0 0 1 0 0 0 0 0 0
220	10	1 1 1 1 1 1 1 1 1 0 0 1 0 0 0 0 1 1 0 1 1 1 0 0 1 0 1 0 1 0 0 0 0 0 0 0 0 1 0 1 1 0 0 1 0 0 0 0 0 0
220	5	1 1 1 1 1 1 1 1 1 0 0 1 0 0 0 0 1 1 0 1 0 1 0 0 1 0 1 0 1 0 0 0 0 0 1 0 0 1 0 1 1 0 0 1 0 0 0 0 0 0
220	6	1 1 1 1 1 1 1 1 1 0 0 1 0 0 0 0 1 1 0 1 1 1 0 0 1 0 1 0 1 0 0 0 0 0 1 1 0 1 0 1 1 0 0 1 0 0 0 0 0 0
220	1	1 1 1 1 1 1 1 1 1 0 0 1 0 0 0 0 1 1 0 1 1 1 0 0 1 0 1 0 1 0 0 0 0 0 1 0 0 1 0 0 1 0 0 1 0 0 0 0 0 0
220	1	1 1 1 1 1 1 1 1 1 0 0 1 0 0 0 0 1 1 0 1 1 1 0 0 1 0 1 0 0 0 0 0 0 0 1 0 0 1 0 1 1 0 0 1 0 0 0 0 0 0
220	63	1 1 1 1 1 1 1 1 1 0 0 1 0 0 0 0 1 1 0 1 1 1 0 0 1 0 1 0 1 0 0 0 0 0 1 0 0 1 0 1 1 0 0 1 0 0 0 0 0 0
220	1	1 0 1 1 1 1 1 1 1 0 0 1 0 0 0 0 1 1 0 0 1 1 0 0 1 1 1 0 1 0 0 0 1 0 1 1 0 1 0 1 0 0 0 1 0 0 1 0 0 0
220	4	1 0 1 1 1 1 1 1 1 0 0 1 0 0 0 0 1 1 0 0 1 1 0 0 1 1 1 0 1 0 0 0 0 0 1 1 0 1 0 1 0 0 0 1 0 0 1 0 0 0
230	2	1 0 1 1 1 1 1 1 1 0 0 1 0 0 1 1 1 1 0 1 1 1 0 0 1 0 1 0 1 0 0 0 0 0 1 0 0 1 0 1 1 0 0 0 0 0 1 0 0 0
230	1	1 0 1 1 1 1 1 1 1 0 0 1 0 0 0 1 1 1 0 1 1 1 0 0 1 0 1 0 1 0 0 0 0 0 1 0 0 1 0 1 1 0 0 0 0 0 1 0 0 0
230	7	0 1 1 1 1 1 1 1 1 1 0 1 0 0 0 0 1 1 0 1 1 1 0 0 1 0 1 0 1 0 0 0 0 0 0 0 0 1 0 1 1 0 0 1 0 0 0 0 0 0
230	2	1 1 1 1 1 1 1 1 1 0 0 1 0 0 0 0 1 1 0 1 1 1 0 0 1 0 1 0 1 0 0 0 1 0 0 0 0 1 0 1 1 0 0 1 0 0 0 0 0 0
230	7	1 1 1 1 1 1 1 1 1 0 0 1 0 0 0 0 1 1 0 1 1 1 0 0 1 0 1 0 1 0 0 0 0 0 0 0 0 1 0 1 1 0 0 1 0 0 0 0 0 0
230	6	1 1 1 1 1 1 1 1 1 0 0 1 0 1 0 0 1 1 0 1 1 1 0 0 1 0 1 0 1 0 0 0 0 0 1 0 0 1 0 1 1 0 0 1 0 0 0 0 0 0
230	3	1 1 1 1 1 1 1 1 1 0 0 1 0 0 0 0 1 1 0 1 0 1 0 0 1 0 1 0 1 0 0 0 0 0 1 0 0 1 0 1 1 0 0 1 0 0 0 0 0 0
230	8	1 1 1 1 1 1 1 1 1 0 0 1 0 0 0 0 1 1 0 1 1 1 0 0 1 0 1 0 1 0 0 0 0 0 1 1 0 1 0 1 1 0 0 1 0 0 0 0 0 0
230	3	1 1 1 1 1 1 1 1 1 0 0 1 0 0 0 0 1 1 0 1 1 1 0 0 1 0 1 0 1 0 0 0 0 0 1 0 0 1 0 0 1 0 0 1 0 0 0 0 0 0
230	2	1 1 1 1 1 1 1 1 1 0 0 1 0 0 0 1 1 1 0 1 1 1 0 0 1 0 1 0 1 0 0 0 0 0 1 0 0 1 0 1 1 0 0 1 0 0 0 0 0 0
230	1	1 1 1 0 1 1 1 1 1 0 0 1 0 0 0 0 1 1 0 1 1 1 0 0 1 0 1 0 1 0 0 0 0 0 1 0 0 1 0 1 1 0 0 1 0 0 0 0 0 0
230	57	1 1 1 1 1 1 1 1 1 0 0 1 0 0 0 0 1 1 0 1 1 1 0 0 1 0 1 0 1 0 0 0 0 0 1 0 0 1 0 1 1 0 0 1 0 0 0 0 0 0
230	1	1 0 1 1 1 1 1 1 1 0 0 1 0 0 0 0 1 1 0 0 1 1 0 0 1 1 1 0 1 0 0 0 0 0 1 1 0 1 0 1 0 0 0 1 0 0 1 0 0 0
240	1	1 1 1 1 1 1 1 1 1 0 0 1 0 0 0 0 1 1 0 1 1 1 0 0 1 0 1 0 1 0 0 0 1 0 0 0 0 1 0 1 1 0 0 1 0 0 0 0 0 0
240	10	1 1 1 1 1 1 1 1 1 0 0 1 0 0 0 0 1 1 0 1 1 1 0 0 1 0 1 0 1 0 0 0 0 0 0 0 0 1 0 1 1 0 0 1 0 0 0 0 0 0
240	5	1 1 1 1 1 1 1 1 1 0 0 1 0 1 0 0 1 1 0 1 1 1 0 0 1 0 1 0 1 0 0 0 0 0 1 0 0 1 0 1 1 0 0 1 0 0 0 0 0 0
240	1	1 1 1 1 1 1 1 1 1 0 0 1 0 0 0 0 1 1 0 1 0 1 0 0 1 0 1 0 1 0 0 0 0 0 1 0 0 1 0 1 1 0 0 1 0 0 0 0 0 0
240	1	1 1 1 1 1 1 1 1 1 0 0 1 0 0 0 0 1 1 0 1 1 1 0 0 1 1 1 0 1 0 0 0 0 0 1 1 0 1 0 1 1 0 0 1 0 0 0 0 0 0
240	1	1 1 1 1 1 1 1 1 1 0 0 1 0 0 0 0 1 1 0 1 0 1 0 0 1 0 1 0 1 0 0 0 0 0 1 1 0 1 0 1 1 0 0 1 0 0 0 0 0 0
240	6	1 1 1 1 1 1 1 1 1 0 0 1 0 0 0 0 1 1 0 1 1 1 0 0 1 0 1 0 1 0 0 0 0 0 1 1 0 1 0 1 1 0 0 1 0 0 0 0 0 0
240	1	1 1 1 1 1 1 1 1 1 0 0 1 0 0 0 0 1 1 0 1 1 1 0 0 0 0 1 0 1 0 0 0 0 0 1 0 0 1 0 0 1 0 0 1 0 0 0 0 0 0
240	2	1 1 1 1 1 1 1 1 1 0 0 1 1 0 0 0 1 1 0 1 1 1 0 0 1 0 1 0 1 0 0 0 0 0 1 0 0 1 0 0 1 0 0 1 0 0 0 0 0 0
240	1	1 1 1 1 1 1 1 1 1 0 0 1 0 0 0 0 1 1 0 1 1 1 0 0 1 0 1 0 1 0 0 0 0 0 1 0 0 1 0 0 1 0 0 1 0 0 0 0 0 0
240	1	1 1 1 1 1 1 1 1 1 0 0 1 0 0 0 0 1 1 0 1 1 1 0 0 1 0 1 0 1 0 1 0 0 0 1 0 0 1 0 1 1 0 0 1 0 0 0 0 0 0
240	2	1 1 1 1 1 1 1 1 1 0 0 1 0 0 0 0 1 1 0 1 1 1 0 0 1 0 1 0 1 0 0 0 0 0 1 0 0 1 0 1 1 0 0 1 0 0 0 0 0 1
240	1	1 1 1 1 1 1 1 1 1 0 0 1 0 0 0 0 0 1 0 1 1 1 0 0 1 0 1 0 1 0 0 0 0 0 1 0 0 1 0 1 1 0 0 1 0 0 0 0 0 0
240	1	1 1 1 1 1 1 1 1 1 0 0 1 0 0 0 0 1 1 0 1 1 1 0 0 1 0 1 0 1 0 0 0 0 0 1 0 0 1 0 1 1 0 0 1 0 0 0 0 1 0
240	1	1 1 1 1 1 1 1 1 1 0 0 1 0 0 0 0 1 1 0 1 1 1 0 0 1 1 1 0 1 0 0 0 0 0 1 0 0 1 0 1 1 0 0 1 0 0 0 0 0 0
240	1	1 1 1 1 1 1 1 1 1 1 0 1 0 0 0 0 1 1 0 1 1 1 0 0 1 0 1 0 1 0 0 0 0 0 1 0 0 1 0 1 1 0 0 1 0 0 0 0 0 0
240	61	1 1 1 1 1 1 1 1 1 0 0 1 0 0 0 0 1 1 0 1 1 1 0 0 1 0 1 0 1 0 0 0 0 0 1 0 0 1 0 1 1 0 0 1 0 0 0 0 0 0
240	3	1 0 1 1 1 1 1 1 1 0 0 1 0 0 0 0 1 1 0 0 1 1 1 0 1 1 1 0 1 0 0 0 0 0 1 1 0 1 0 1 0 0 0 1 0 0 1 0 0 0
250	19	1 1 1 1 1 1 1 1 1 0 0 1 0 0 0 0 1 1 0 1 1 1 0 0 1 0 1 0 1 0 0 0 0 0 0 0 0 1 0 1 1 0 0 1 0 0 0 0 0 0
250	2	1 1 1 1 1 1 1 1 1 0 0 1 0 1 0 0 1 1 0 1 1 1 0 0 1 0 1 0 1 0 0 0 0 0 1 0 0 1 0 1 1 0 0 1 0 0 0 0 0 0
250	1	1 1 1 1 1 1 1 1 1 0 0 1 0 0 0 0 1 1 0 1 0 1 0 0 1 0 1 0 1 0 0 0 0 0 1 0 0 1 0 1 1 0 0 1 0 0 0 0 0 0
250	1	1 1 1 1 1 1 1 1 1 0 0 1 0 0 0 0 1 1 0 1 1 1 0 0 1 0 1 0 1 0 0 0 0 0 1 1 0 1 0 1 1 0 0 1 0 0 1 0 0 0
250	3	1 1 1 1 1 1 1 1 1 0 0 1 0 0 0 0 1 1 0 1 1 1 0 0 1 0 1 0 1 0 0 0 0 0 1 1 0 1 0 1 1 0 0 1 0 0 0 0 0 0
250	3	1 1 1 1 1 1 1 1 1 0 0 1 0 0 0 0 1 1 0 1 1 1 0 0 0 0 1 0 1 0 0 0 0 0 1 0 0 1 0 0 1 0 0 1 0 0 0 0 0 0
250	2	1 1 1 1 1 1 1 1 1 0 0 1 1 0 0 0 1 1 0 1 1 1 0 0 1 0 1 0 1 0 0 0 0 0 1 0 0 1 0 0 1 0 0 1 0 0 0 0 0 0
250	2	1 1 1 1 1 1 1 1 1 0 0 1 0 0 0 0 1 1 0 1 1 1 0 0 1 0 1 0 1 0 1 0 0 0 1 0 0 1 0 1 1 0 0 1 0 0 0 0 0 0
250	1	1 1 1 1 1 1 1 1 1 0 0 1 0 0 0 0 1 1 0 1 1 1 0 0 1 0 1 0 1 0 0 0 0 0 1 0 0 1 0 1 1 0 0 1 0 0 0 0 1 0
250	1	1 1 1 1 1 1 1 1 1 0 0 1 0 0 0 0 1 1 0 1 1 1 0 1 1 0 1 0 1 0 0 0 0 0 1 0 0 1 0 1 1 0 0 1 0 0 0 0 0 0
250	1	1 1 1 1 1 1 1 1 1 0 0 1 0 0 0 0 1 1 0 1 1 1 0 0 1 0 1 0 1 0 0 0 0 0 1 0 0 1 0 1 0 0 0 1 0 0 0 0 0 0
250	61	1 1 1 1 1 1 1 1 1 0 0 1 0 0 0 0 1 1 0 1 1 1 0 0 1 0 1 0 1 0 0 0 0 0 1 0 0 1 0 1 1 0 0 1 0 0 0 0 0 0
250	3	1 0 1 1 1 1 1 1 1 0 0 1 0 0 0 0 1 1 0 0 1 1 1 0 1 1 1 0 1 0 0 0 0 0 1 1 0 1 0 1 0 0 0 1 0 0 1 0 0 0
260	1	0 1 1 1 1 1 1 1 1 1 0 1 0 0 0 0 1 1 0 1 1 1 0 0 1 0 1 0 1 0 0 0 0 0 0 0 0 1 0 1 1 0 0 1 0 0 0 0 0 0
260	11	1 1 1 1 1 1 1 1 1 0 0 1 0 0 0 0 1 1 0 1 1 1 0 0 1 0 1 0 1 0 0 0 0 0 0 0 0 1 0 1 1 0 0 1 0 0 0 0 0 0
260	1	1 1 1 1 1 1 1 1 1 0 0 1 0 1 0 0 1 1 1 1 1 1 0 0 1 0 1 0 1 0 0 0 0 0 1 0 0 1 0 1 1 0 0 1 0 0 0 0 0 0
260	1	1 1 1 1 1 1 1 1 1 0 0 1 1 1 0 0 1 1 0 1 1 1 0 0 1 0 1 0 1 0 0 0 0 0 1 0 0 1 0 1 1 0 0 1 0 0 0 0 0 0
260	3	1 1 1 1 1 1 1 1 1 0 0 1 0 1 0 0 1 1 0 1 1 1 0 0 1 0 1 0 1 0 0 0 0 0 1 0 0 1 0 1 1 0 0 1 0 0 0 0 0 0
260	1	1 1 1 1 1 1 1 1 1 0 0 1 0 0 0 0 1 1 0 1 0 1 0 0 1 0 1 0 1 0 0 0 0 0 1 0 0 1 0 0 1 0 0 1 0 0 0 0 0 0
260	5	1 1 1 1 1 1 1 1 1 0 0 1 0 0 0 0 1 1 0 1 0 1 0 0 1 0 1 0 1 0 0 0 0 0 1 0 0 1 0 1 1 0 0 1 0 0 0 0 0 0
260	7	1 1 1 1 1 1 1 1 1 0 0 1 0 0 0 0 1 1 0 1 1 1 0 0 1 0 1 0 1 0 0 0 0 0 1 1 0 1 0 1 1 0 0 1 0 0 0 0 0 0
260	3	1 1 1 1 1 1 1 1 1 0 0 1 0 0 0 0 1 1 0 1 1 1 0 0 0 0 1 0 1 0 0 0 0 0 1 0 0 1 0 0 1 0 0 1 0 0 0 0 0 0
260	1	1 1 1 1 1 1 1 1 1 0 0 1 1 0 0 0 1 1 0 1 1 1 0 0 1 0 1 0 1 0 0 0 0 0 1 0 0 1 0 0 1 0 0 1 0 0 0 0 0 0
260	2	1 1 1 1 1 1 1 1 1 0 0 1 0 0 0 0 1 1 0 1 1 1 0 0 1 0 1 0 1 0 1 0 0 0 1 0 0 1 0 1 1 0 0 1 0 0 0 0 0 0
260	2	1 1 1 1 1 1 1 1 1 0 0 1 0 0 1 0 1 1 0 1 1 1 0 0 1 0 1 0 1 0 0 0 0 0 1 0 0 1 0 1 1 0 0 1 0 0 0 0 0 0
260	1	1 1 1 0 1 1 1 1 1 0 0 1 0 0 0 0 1 1 0 1 1 1 0 0 1 0 1 0 1 0 0 0 0 0 1 0 0 1 0 1 1 0 0 1 0 0 0 0 0 0
260	1	1 1 1 1 1 1 1 1 1 0 0 1 0 0 0 0 1 1 0 1 1 1 0 0 1 0 1 0 1 0 0 0 0 0 1 0 0 1 0 1 1 0 1 1 0 0 0 0 0 0
260	60	1 1 1 1 1 1 1 1 1 0 0 1 0 0 0 0 1 1 0 1 1 1 0 0 1 0 1 0 1 0 0 0 0 0 1 0 0 1 0 1 1 0 0 1 0 0 0 0 0 0
270	14	1 1 1 1 1 1 1 1 1 0 0 1 0 0 0 0 1 1 0 1 1 1 0 0 1 0 1 0 1 0 0 0 0 0 0 0 0 1 0 1 1 0 0 1 0 0 0 0 0 0
270	6	1 1 1 1 1 1 1 1 1 0 0 1 0 1 0 0 1 1 0 1 1 1 0 0 1 0 1 0 1 0 0 0 0 0 1 0 0 1 0 1 1 0 0 1 0 0 0 0 0 0
270	1	1 1 1 1 1 1 1 1 1 0 0 1 0 0 0 0 1 1 0 1 0 1 0 0 1 0 1 0 1 0 0 0 0 0 1 0 0 1 0 1 1 0 0 1 0 0 0 0 0 0
270	17	1 1 1 1 1 1 1 1 1 0 0 1 0 0 0 0 1 1 0 1 1 1 0 0 1 0 1 0 1 0 0 0 0 0 1 1 0 1 0 1 1 0 0 1 0 0 0 0 0 0
270	3	1 1 1 1 1 1 1 1 1 0 0 1 0 0 0 0 1 1 0 1 1 1 0 0 0 0 1 0 1 0 0 0 0 0 1 0 0 1 0 1 1 0 0 1 0 0 0 0 0 0
270	2	1 1 1 1 1 1 1 1 1 0 0 1 0 0 0 0 1 1 0 1 1 1 0 0 0 0 1 0 1 0 0 0 0 0 1 0 0 1 0 0 1 0 0 1 0 0 0 0 0 0
270	1	1 1 1 1 1 1 1 1 1 0 0 1 1 0 0 0 1 1 0 1 1 1 0 0 1 0 1 0 1 0 0 0 0 0 1 0 0 1 0 0 1 0 0 1 0 0 0 0 0 0
270	1	1 1 1 1 1 1 1 1 1 0 0 1 0 0 0 0 1 1 0 1 1 1 0 0 1 0 1 0 1 0 0 0 0 0 1 0 0 1 0 0 1 0 0 1 0 0 0 0 0 0
270	4	1 1 1 1 1 1 1 1 1 0 0 1 0 0 0 0 1 1 0 1 1 1 0 0 1 0 1 0 1 0 1 0 0 0 1 0 0 1 0 1 1 0 0 1 0 0 0 0 0 0
270	1	1 1 1 1 1 1 1 1 1 0 1 1 0 0 0 0 1 1 0 1 1 1 0 0 1 0 1 1 1 0 0 0 0 0 1 0 0 1 0 1 1 0 0 1 0 0 0 0 0 0
270	1	1 1 1 1 1 1 1 1 1 0 0 1 0 0 0 0 1 1 0 1 1 1 0 0 1 0 1 0 1 0 0 1 0 0 1 0 0 1 0 1 1 0 0 1 0 0 0 0 0 0
270	1	1 1 1 1 1 1 1 1 1 0 0 1 0 0 0 0 1 1 0 1 1 1 0 0 1 0 1 0 1 0 0 0 0 1 1 0 0 1 0 1 1 0 0 1 0 0 0 0 0 0
270	46	1 1 1 1 1 1 1 1 1 0 0 1 0 0 0 0 1 1 0 1 1 1 0 0 1 0 1 0 1 0 0 0 0 0 1 0 0 1 0 1 1 0 0 1 0 0 0 0 0 0
270	2	1 0 1 1 1 1 1 1 1 0 0 1 0 0 0 0 1 1 0 0 1 1 1 0 1 1 1 0 1 0 0 0 0 0 1 1 0 1 0 1 0 0 0 1 0 0 1 0 0 0
280	24	1 1 1 1 1 1 1 1 1 0 0 1 0 0 0 0 1 1 0 1 1 1 0 0 1 0 1 0 1 0 0 0 0 0 0 0 0 1 0 1 1 0 0 1 0 0 0 0 0 0
280	2	1 1 1 1 1 1 1 1 1 0 0 1 0 1 0 0 1 1 0 1 1 1 0 0 1 0 1 0 1 0 0 0 0 0 1 0 0 1 0 1 1 0 0 1 0 0 0 0 0 0
280	2	1 1 1 1 1 1 1 1 1 0 0 1 0 0 0 0 1 1 0 1 0 1 0 0 1 0 1 0 1 0 0 0 0 0 1 0 0 1 0 1 1 0 0 1 0 0 0 0 0 0
280	12	1 1 1 1 1 1 1 1 1 0 0 1 0 0 0 0 1 1 0 1 1 1 0 0 1 0 1 0 1 0 0 0 0 0 1 1 0 1 0 1 1 0 0 1 0 0 0 0 0 0
280	3	1 1 1 1 1 1 1 1 1 0 0 1 0 0 0 0 1 1 0 1 1 1 0 0 0 0 1 0 1 0 0 0 0 0 1 0 0 1 0 1 1 0 0 1 0 0 0 0 0 0
280	1	1 1 1 1 1 1 1 1 1 0 0 1 0 0 0 0 1 1 0 1 1 1 0 0 0 0 0 0 1 0 0 0 0 0 1 0 0 1 0 0 1 0 0 1 0 0 0 0 0 0
280	4	1 1 1 1 1 1 1 1 1 0 0 1 0 0 0 0 1 1 0 1 1 1 0 0 0 0 1 0 1 0 0 0 0 0 1 0 0 1 0 0 1 0 0 1 0 0 0 0 0 0
280	1	1 1 1 1 1 1 1 1 1 0 0 1 1 0 0 0 1 1 0 1 1 1 0 0 1 0 0 0 1 0 0 0 0 0 1 0 0 1 0 0 1 0 0 1 0 0 0 0 0 0
280	4	1 1 1 1 1 1 1 1 1 0 0 1 1 0 0 0 1 1 0 1 1 1 0 0 1 0 1 0 1 0 0 0 0 0 1 0 0 1 0 0 1 0 0 1 0 0 0 0 0 0
280	40	1 1 1 1 1 1 1 1 1 0 0 1 0 0 0 0 1 1 0 1 1 1 0 0 1 0 1 0 1 0 0 0 0 0 1 0 0 1 0 1 1 0 0 1 0 0 0 0 0 0
280	4	1 1 1 1 1 1 1 1 1 0 0 1 0 0 0 0 1 1 0 1 1 1 0 0 1 0 1 0 1 0 1 0 0 0 1 0 0 1 0 1 1 0 0 1 0 0 0 0 0 0
280	3	1 1 1 1 1 1 1 1 1 1 0 1 0 0 0 0 1 1 0 1 1 1 0 0 1 0 1 0 1 0 0 0 0 0 1 0 0 1 0 1 1 0 0 1 0 0 0 0 0 0
290	6	1 1 1 1 1 1 1 1 1 0 0 1 0 0 0 0 1 1 0 1 1 1 0 0 1 0 1 0 1 0 0 0 0 0 0 0 0 1 0 1 1 0 0 1 0 0 0 0 0 0
290	2	1 1 1 1 1 1 1 1 1 0 0 1 0 1 0 0 1 1 0 1 1 1 0 0 1 0 1 0 1 0 0 0 0 0 1 0 0 1 0 1 1 0 0 1 0 0 0 0 0 0
290	3	1 1 1 1 1 1 1 1 1 0 0 1 0 0 0 0 1 1 0 1 0 1 0 0 1 0 1 0 1 0 0 0 0 0 1 0 0 1 0 1 1 0 0 1 0 0 0 0 0 0
290	2	1 1 1 1 1 1 1 1 1 0 0 1 0 0 0 0 1 1 0 1 1 1 0 0 1 0 1 0 1 0 0 0 0 0 1 0 0 1 0 1 1 0 0 1 0 0 0 0 1 0
290	6	1 1 1 1 1 1 1 1 1 0 0 1 0 0 0 0 1 1 0 1 1 1 0 0 1 0 1 0 1 0 1 0 0 0 1 0 0 1 0 1 1 0 0 1 0 0 0 0 0 0
290	1	1 1 1 1 1 1 1 1 1 0 0 0 0 0 0 0 1 1 0 1 1 1 0 0 1 0 1 0 1 0 0 0 0 0 1 0 0 1 0 1 1 0 0 1 0 0 0 0 0 0
290	44	1 1 1 1 1 1 1 1 1 0 0 1 0 0 0 0 1 1 0 1 1 1 0 0 1 0 1 0 1 0 0 0 0 0 1 0 0 1 0 1 1 0 0 1 0 0 0 0 0 0
290	5	1 1 1 1 1 1 1 1 1 0 0 1 0 0 0 0 1 1 0 1 1 1 0 0 1 0 1 0 1 0 0 0 0 0 1 1 0 1 0 1 1 0 0 1 0 0 0 0 0 0
290	1	1 1 1 1 1 1 1 1 1 0 0 1 0 0 0 0 1 1 0 1 1 1 0 0 0 0 1 0 1 0 0 0 0 0 1 0 0 1 0 1 1 0 0 1 0 0 0 0 0 0
290	1	1 1 1 1 1 1 1 1 1 1 0 1 0 0 0 0 1 1 0 1 1 1 0 0 0 0 1 0 1 0 0 0 0 0 1 0 0 1 0 1 1 0 0 1 0 0 0 0 0 0
290	9	1 1 1 1 1 1 1 1 1 0 0 1 0 0 0 0 1 1 0 1 1 1 0 0 0 0 1 0 1 0 0 0 0 0 1 0 0 1 0 0 1 0 0 1 0 0 0 0 0 0
290	6	1 1 1 1 1 1 1 1 1 0 0 1 1 0 0 0 1 1 0 1 1 1 0 0 1 0 1 0 1 0 0 0 0 0 1 0 0 1 0 0 1 0 0 1 0 0 0 0 0 0
290	3	1 1 1 1 1 1 1 1 1 0 0 1 0 0 0 0 1 1 0 1 1 1 0 0 1 0 1 0 1 0 0 0 0 1 1 0 0 1 0 0 1 0 0 1 0 0 0 0 0 0
290	9	1 1 1 1 1 1 1 1 1 1 0 1 0 0 0 0 1 1 0 1 1 1 0 0 1 0 1 0 1 0 0 0 0 0 1 0 0 1 0 1 1 0 0 1 0 0 0 0 0 0
290	2	1 1 1 1 1 1 1 1 1 0 0 1 1 0 0 0 1 1 0 1 1 1 0 0 1 0 1 0 1 0 0 0 0 0 1 0 0 1 0 1 1 0 0 1 0 0 0 0 0 0
300	10	1 1 1 1 1 1 1 1 1 0 0 1 0 0 0 0 1 1 0 1 1 1 0 0 1 0 1 0 1 0 0 0 0 0 0 0 0 1 0 1 1 0 0 1 0 0 0 0 0 0
300	1	1 1 1 1 1 1 1 1 1 0 0 1 0 1 0 0 1 1 0 1 1 1 0 0 1 0 1 0 1 0 0 0 0 0 1 0 0 1 0 1 1 0 0 1 0 0 0 0 0 0
300	2	1 1 1 1 1 1 1 1 1 0 0 1 0 0 0 0 1 1 0 1 0 0 0 0 1 0 1 0 1 0 0 0 0 0 1 0 0 1 0 1 1 0 0 1 0 0 0 0 0 0
300	2	1 1 1 1 1 1 1 1 1 0 0 1 0 0 0 0 1 1 0 1 0 1 0 0 1 0 1 0 1 0 0 0 0 0 1 0 0 1 0 1 1 0 0 1 0 0 0 0 0 0
300	2	1 1 1 1 1 1 1 1 1 0 0 1 0 0 0 0 1 1 0 1 1 1 0 0 1 0 1 0 1 0 0 0 0 1 1 0 0 1 0 1 1 0 0 1 0 0 0 0 0 0
300	4	1 1 1 1 1 1 1 1 1 0 0 1 0 0 0 0 1 1 0 1 1 1 0 0 1 0 1 0 1 0 0 0 0 0 1 0 0 1 0 1 1 0 0 1 0 0 0 0 1 0
300	11	1 1 1 1 1 1 1 1 1 0 0 1 0 0 0 0 1 1 0 1 1 1 0 0 1 0 1 0 1 0 1 0 0 0 1 0 0 1 0 1 1 0 0 1 0 0 0 0 0 0
300	31	1 1 1 1 1 1 1 1 1 0 0 1 0 0 0 0 1 1 0 1 1 1 0 0 1 0 1 0 1 0 0 0 0 0 1 0 0 1 0 1 1 0 0 1 0 0 0 0 0 0
300	3	1 1 1 1 1 1 1 1 1 0 0 1 0 0 0 0 1 1 0 1 1 1 0 0 1 0 1 0 1 0 0 0 0 0 1 1 0 1 0 1 1 0 0 1 0 0 0 0 0 0
300	1	1 1 1 1 1 1 1 1 1 0 0 1 0 0 0 0 1 1 0 1 1 1 0 0 0 0 1 0 1 0 0 0 0 0 1 0 0 1 0 1 1 0 0 1 0 0 0 0 0 0
300	9	1 1 1 1 1 1 1 1 1 1 0 1 0 0 0 0 1 1 0 1 1 1 0 0 0 0 1 0 1 0 0 0 0 0 1 0 0 1 0 1 1 0 0 1 0 0 0 0 0 0
300	1	1 1 1 1 1 1 1 1 1 0 0 1 0 0 0 0 1 1 0 1 1 1 0 0 0 0 1 0 1 0 0 0 0 0 1 0 0 1 0 0 1 0 0 1 0 0 0 0 0 0
300	3	1 1 1 1 1 1 1 1 1 0 0 1 1 0 0 0 1 1 0 1 1 1 0 0 1 0 1 0 1 0 0 0 0 0 1 0 1 1 0 0 1 0 0 1 0 0 0 0 0 0
300	1	1 1 1 1 1 1 1 1 1 0 0 1 1 0 0 0 1 1 1 1 1 1 0 0 1 0 1 0 1 0 0 0 0 0 1 0 0 1 0 0 1 0 0 1 0 0 0 0 0 0
300	1	1 1 1 1 1 1 1 1 1 0 0 1 1 0 0 0 1 1 0 1 1 1 0 0 1 0 1 0 1 0 0 0 0 0 1 0 0 1 0 1 1 0 0 1 0 0 0 0 0 0
300	12	1 1 1 1 1 1 1 1 1 0 0 1 1 0 0 0 1 1 0 1 1 1 0 0 1 0 1 0 1 0 0 0 0 0 1 0 0 1 0 0 1 0 0 1 0 0 0 0 0 0
300	6	1 1 1 1 1 1 1 1 1 1 0 1 0 0 0 0 1 1 0 1 1 1 0 0 1 0 1 0 1 0 0 0 0 0 1 0 0 1 0 1 1 0 0 1 0 0 0 0 0 0
310	7	1 1 1 1 1 1 1 1 1 0 0 1 0 0 0 0 1 1 0 1 1 1 0 0 1 0 1 0 1 0 0 0 0 0 0 0 0 1 0 1 1 0 0 1 0 0 0 0 0 0
310	1	1 1 1 1 1 1 1 1 1 0 0 1 0 1 0 0 1 1 0 1 1 1 0 0 1 0 1 0 1 0 0 0 0 0 1 0 0 1 0 1 1 0 0 1 0 0 0 0 0 0
310	2	1 1 1 1 1 1 1 1 1 0 0 1 0 0 0 0 1 1 0 1 0 0 0 0 1 0 1 0 1 0 0 0 0 0 1 0 0 1 0 1 1 0 0 1 0 0 0 0 0 0
310	2	1 1 1 1 1 1 1 1 1 0 0 1 0 0 0 0 1 1 0 1 0 1 0 0 1 0 1 0 1 0 0 0 0 0 1 0 0 1 0 1 1 0 0 1 0 0 0 0 0 0
310	2	1 1 1 1 1 1 1 1 1 0 0 1 0 0 0 0 1 1 0 1 1 1 0 0 1 0 1 0 1 0 0 0 0 1 1 0 0 1 0 1 1 0 0 1 0 0 0 0 0 0
310	2	1 1 1 1 1 1 1 1 1 0 0 1 0 0 0 0 1 0 0 1 1 1 0 0 1 0 1 0 1 0 0 0 0 0 1 0 0 1 0 1 1 0 0 1 0 0 0 0 0 0
310	1	1 1 1 1 1 1 1 1 1 0 0 1 0 0 0 0 1 1 0 1 1 1 0 0 1 0 1 0 1 0 0 0 0 0 1 0 0 1 0 1 1 0 0 1 0 0 0 0 1 0
310	1	1 1 1 1 1 1 1 1 1 0 0 1 0 0 0 0 1 1 0 1 1 1 0 0 1 0 1 0 1 0 1 0 0 0 1 0 0 1 0 1 1 1 0 1 0 0 0 0 0 0
310	3	1 1 1 1 1 1 1 1 1 0 0 1 0 0 0 0 1 1 0 1 1 1 0 0 1 0 1 0 1 0 1 0 0 0 1 0 0 1 0 1 1 0 0 1 0 0 0 0 0 0
310	1	1 1 1 1 1 1 1 1 1 0 0 1 0 0 0 0 1 1 0 1 1 1 0 0 1 0 1 0 1 0 0 0 0 0 1 0 0 1 0 1 1 0 0 1 1 0 0 0 0 0
310	2	1 1 1 1 1 1 1 1 1 0 0 0 0 0 0 0 1 1 0 1 1 1 0 0 1 0 1 0 1 0 0 0 0 0 1 0 0 1 0 1 1 0 0 1 0 0 0 0 0 0
310	1	1 1 1 1 1 1 1 1 1 0 0 1 0 0 0 0 1 1 1 1 1 1 0 0 1 0 1 0 1 0 0 0 0 0 1 0 0 1 0 1 1 0 0 1 0 0 0 0 0 0
310	36	1 1 1 1 1 1 1 1 1 0 0 1 0 0 0 0 1 1 0 1 1 1 0 0 1 0 1 0 1 0 0 0 0 0 1 0 0 1 0 1 1 0 0 1 0 0 0 0 0 0
310	2	1 1 1 1 1 1 1 1 1 0 0 1 0 0 0 0 1 1 0 1 1 1 0 0 1 0 1 0 1 0 0 0 0 0 1 1 0 1 0 1 1 0 0 1 0 0 0 0 0 0
310	1	1 1 1 1 1 1 1 1 1 0 0 1 0 0 0 0 1 1 0 1 1 1 0 0 0 0 1 0 1 0 0 0 0 0 1 0 0 1 0 1 1 0 0 1 0 0 0 0 0 0
310	6	1 1 1 1 1 1 1 1 1 1 0 1 0 0 0 0 1 1 0 1 1 1 0 0 0 0 1 0 1 0 0 0 0 0 1 0 0 1 0 1 1 0 0 1 0 0 0 0 0 0
310	1	1 1 1 1 1 1 1 1 1 0 0 1 1 0 0 0 1 1 0 1 1 1 0 0 1 0 1 0 1 0 0 0 0 0 1 0 0 1 0 1 1 0 0 1 0 0 0 0 0 0
310	11	1 1 1 1 1 1 1 1 1 0 0 1 1 0 0 0 1 1 0 1 1 1 0 0 1 0 1 0 1 0 0 0 0 0 1 0 0 1 0 0 1 0 0 1 0 0 0 0 0 0
310	1	1 1 1 0 1 1 1 1 1 0 0 1 0 0 0 0 1 1 0 1 1 1 0 0 1 0 1 0 1 0 0 0 0 1 1 0 0 1 0 0 1 0 0 1 0 0 1 0 0 0
310	2	1 1 1 0 1 1 1 1 1 0 0 1 0 0 0 0 1 1 0 1 1 1 0 0 1 0 1 0 1 0 0 0 0 1 1 0 0 1 0 0 1 0 0 1 0 0 0 0 0 0
310	12	1 1 1 1 1 1 1 1 1 1 0 1 0 0 0 0 1 1 0 1 1 1 0 0 1 0 1 0 1 0 0 0 0 0 1 0 0 1 0 1 1 0 0 1 0 0 0 0 0 0
310	3	1 1 1 1 1 1 1 1 1 0 0 1 0 0 0 0 1 1 0 1 1 1 0 0 1 0 1 0 1 0 1 0 0 0 1 0 0 1 1 1 1 0 0 1 0 0 0 0 0 0
