10	21	1 1 0 1 1 1 1 0 1 1 0 0 1 1 0 1 1 1 0 0 0 0 1 0 1 0 1 0 1 1 0 1 0 0 1 0 1 1 1 0 1 0 0 1 1 0 0 0 1 1
10	1	1 0 0 0 1 1 0 1 1 1 1 1 0 0 0 0 1 0 1 1 1 1 1 0 0 1 1 0 1 1 1 1 0 1 1 0 0 1 1 0 0 0 0 0 1 1 0 1 0 0
10	21	1 0 0 0 1 1 0 1 1 1 1 1 0 0 0 0 1 0 1 1 1 1 1 0 0 1 1 0 1 1 1 1 0 0 1 0 0 1 1 0 0 0 0 0 1 1 0 1 0 0
10	20	0 1 1 1 0 1 0 0 0 1 1 0 0 0 0 1 1 0 0 0 1 0 0 1 1 0 1 1 0 1 1 1 0 0 1 0 1 0 0 1 0 1 1 0 0 1 1 1 0 0
10	1	1 0 0 1 0 0 0 1 1 0 1 0 0 1 1 0 1 0 0 0 1 1 0 1 1 1 0 1 0 1 1 0 1 0 1 1 0 1 0 0 0 0 1 0 1 1 0 1 1 1
10	15	1 0 0 1 0 0 0 1 1 0 1 0 0 1 1 0 1 0 0 0 1 1 0 1 1 1 0 1 1 1 1 0 1 0 1 1 0 1 0 0 0 0 1 0 1 1 0 1 1 1
10	1	0 1 1 0 0 0 1 1 1 0 0 0 0 1 0 0 0 0 1 1 0 0 0 1 1 0 1 1 1 0 0 0 1 0 0 1 0 0 0 1 1 0 1 1 0 0 0 0 0 1
10	4	0 1 1 0 0 0 1 1 1 0 0 0 0 1 0 0 0 0 1 1 0 0 0 1 0 0 1 1 1 0 0 1 1 0 0 1 0 0 0 1 1 0 1 1 0 0 0 0 0 1
10	16	0 1 1 0 0 0 1 1 1 0 0 0 0 1 0 0 0 0 1 1 0 0 0 1 0 0 1 1 1 0 0 0 1 0 0 1 0 0 0 1 1 0 1 1 0 0 0 0 0 1
20	9	1 1 0 1 1 1 1 0 1 1 0 0 1 1 0 1 1 1 0 0 0 0 1 0 1 0 1 1 1 1 0 1 0 0 1 0 1 1 1 0 1 0 0 1 1 0 0 0 1 1
20	2	1 1 0 1 1 1 1 0 1 1 0 0 1 1 0 1 1 1 0 0 0 0 1 0 1 1 1 0 1 1 0 1 0 0 1 0 1 1 1 0 1 0 0 1 1 0 0 0 1 1
20	8	1 1 0 1 1 1 1 0 1 1 0 0 1 1 0 1 1 1 0 0 0 0 1 0 1 0 1 0 1 1 0 1 0 0 1 0 1 1 1 0 1 0 0 1 1 0 0 0 1 1
20	18	1 0 0 0 1 1 0 1 1 1 1 1 0 0 0 0 1 0 1 1 1 1 1 0 0 1 1 0 1 1 1 1 0 1 1 0 0 1 1 0 0 0 0 0 1 1 0 1 0 0
20	3	1 0 0 0 1 1 0 1 1 1 1 1 0 0 0 0 1 0 1 1 1 1 1 0 0 1 1 0 1 1 1 1 0 0 1 0 0 1 1 0 0 0 0 1 1 1 0 1 0 0
20	1	1 0 0 0 1 1 0 1 1 1 1 1 0 0 1 0 1 0 1 1 1 1 1 0 0 1 1 0 1 1 1 1 0 0 1 0 0 1 1 0 0 0 0 0 1 1 0 1 0 0
20	2	1 0 0 0 1 1 0 1 1 1 1 1 0 0 0 0 1 0 1 1 1 1 1 0 0 1 1 0 1 1 1 1 0 0 1 0 0 1 1 0 0 0 0 0 1 0 0 1 0 0
20	16	1 0 0 0 1 1 0 1 1 1 1 1 0 0 0 0 1 0 1 1 1 1 1 0 0 1 1 0 1 1 1 1 0 0 1 0 0 1 1 0 0 0 0 0 1 1 0 1 0 0
20	1	0 1 1 1 0 1 0 0 0 1 1 0 0 0 0 1 1 0 0 0 1 0 0 1 1 0 1 1 0 1 1 1 0 0 1 0 1 0 0 1 0 0 1 0 0 1 1 1 0 0
20	17	0 1 1 1 0 1 0 0 0 1 1 0 0 0 0 1 1 0 0 0 1 0 0 1 1 0 1 1 0 1 1 1 0 0 1 0 1 0 0 1 0 1 1 0 0 1 1 1 0 0
20	11	1 0 0 1 0 0 0 1 1 0 1 0 0 1 1 0 1 0 0 0 1 1 0 1 1 1 0 1 1 1 1 0 1 0 1 1 0 1 0 0 0 0 1 0 1 1 0 1 1 1
20	1	0 1 1 0 0 0 1 1 1 0 0 0 0 1 0 0 0 0 1 1 0 0 0 1 1 0 1 1 1 0 0 0 1 0 0 1 0 0 0 1 1 0 1 1 0 0 0 0 0 1
20	5	0 1 1 0 0 0 1 1 1 0 0 0 0 1 0 0 0 0 1 1 0 0 0 1 0 0 1 1 1 0 0 1 1 0 0 1 0 0 0 1 1 0 1 1 0 0 0 0 0 1
20	1	0 1 1 0 0 0 1 1 1 0 0 0 0 1 0 0 0 0 1 1 0 0 0 1 0 0 1 1 1 0 0 0 1 1 0 1 0 0 0 1 1 0 1 1 0 0 0 0 0 1
20	1	0 1 1 1 0 0 1 1 1 0 0 0 0 1 0 0 0 0 1 1 0 0 0 1 0 0 1 1 1 0 0 0 1 0 0 1 0 0 0 1 1 0 1 1 0 0 0 0 0 1
20	1	0 1 1 0 0 0 1 1 1 0 0 0 0 1 0 0 0 0 1 1 0 0 0 1 0 0 1 1 1 0 0 0 1 0 0 1 0 0 0 1 1 0 1 1 0 0 0 1 0 1
20	3	0 1 1 0 0 0 1 1 1 0 0 0 0 1 0 0 0 0 1 1 0 0 0 1 0 0 1 1 1 0 0 0 1 0 0 1 0 0 0 1 1 0 1 1 0 0 0 0 0 1
30	1	1 1 0 1 1 1 1 1 1 1 0 0 1 1 0 1 1 1 0 0 0 0 1 0 1 0 1 1 1 1 0 1 0 0 1 0 1 1 1 0 1 0 0 1 1 0 0 0 1 1
30	11	1 1 0 1 1 1 1 0 1 1 0 0 1 1 0 1 1 1 0 0 0 0 1 0 1 0 1 1 1 1 0 1 0 0 1 0 1 1 1 0 1 0 0 1 1 0 0 0 1 1
30	9	1 1 0 1 1 1 1 0 1 1 0 0 1 1 0 1 1 1 0 0 0 0 1 0 1 1 1 0 1 1 0 1 0 0 1 0 1 1 1 0 1 0 0 1 1 0 0 0 1 1
30	1	1 1 0 1 1 1 1 0 1 1 0 0 1 1 0 1 1 1 0 0 0 0 1 0 1 0 1 0 1 1 0 1 0 0 1 0 1 1 1 0 1 0 0 1 1 0 0 0 1 1
30	1	1 0 0 0 1 1 0 1 1 1 1 1 0 0 0 0 1 0 1 1 1 1 1 0 0 1 0 0 1 1 1 1 0 1 1 0 0 1 1 0 0 0 0 0 1 1 0 1 0 0
30	1	1 0 0 0 1 1 0 1 1 1 1 1 0 0 0 0 1 0 1 1 1 1 1 0 0 1 1 0 1 1 1 1 0 1 1 1 0 1 1 0 0 0 0 0 1 1 0 1 0 0
30	51	1 0 0 0 1 1 0 1 1 1 1 1 0 0 0 0 1 0 1 1 1 1 1 0 0 1 1 0 1 1 1 1 0 1 1 0 0 1 1 0 0 0 0 0 1 1 0 1 0 0
30	5	1 0 0 0 1 1 0 1 1 1 1 1 0 0 0 0 1 0 1 1 1 1 1 0 0 1 1 0 1 1 1 1 0 0 1 0 0 1 1 0 0 0 0 1 1 1 0 1 0 0
30	1	1 0 0 0 1 1 0 1 1 1 1 1 0 0 0 0 1 0 1 1 1 1 1 0 0 1 0 0 1 1 1 1 0 0 1 0 0 1 1 1 0 0 0 0 1 1 0 1 0 0
30	4	1 0 0 0 1 1 0 1 1 1 1 1 0 0 0 0 1 0 1 1 1 1 1 0 0 1 0 0 1 1 1 1 0 0 1 0 0 1 1 0 0 0 0 0 1 1 0 1 0 0
30	5	1 0 0 0 1 1 0 1 1 1 1 1 0 0 1 0 1 0 1 1 1 1 1 0 0 1 1 0 1 1 1 1 0 0 1 0 0 1 1 0 0 0 0 0 1 1 0 1 0 0
30	4	1 0 0 0 1 1 0 1 1 1 1 1 0 0 0 0 1 0 1 1 1 1 1 0 0 1 1 0 1 1 1 1 0 0 1 0 0 1 1 0 0 0 0 0 1 0 0 1 0 0
30	1	0 0 0 0 1 1 0 1 1 1 1 1 0 0 0 0 1 0 1 1 1 1 1 0 0 1 1 0 1 1 1 1 0 0 1 0 0 1 1 0 0 0 0 0 1 1 0 1 0 0
30	1	1 0 0 0 1 1 0 1 1 1 1 1 0 0 0 0 1 0 1 1 1 1 1 0 0 1 1 0 1 1 1 1 0 0 1 0 0 1 1 0 0 0 0 0 1 1 0 1 0 0
30	1	0 1 1 1 0 1 0 0 0 1 1 0 0 0 0 1 1 0 0 0 1 0 0 1 1 0 1 1 0 1 1 1 0 0 1 0 1 0 0 1 0 1 1 0 0 1 1 1 0 0
30	2	1 0 0 1 0 0 0 1 1 0 1 0 0 1 1 0 1 0 0 0 1 1 0 1 1 1 0 1 1 1 1 0 1 0 1 1 0 1 0 0 0 0 1 0 1 1 0 1 1 1
30	1	0 1 1 0 0 0 1 1 1 0 0 0 0 1 0 0 0 0 1 1 0 0 0 1 0 0 1 1 1 0 0 0 1 0 0 1 0 0 0 1 1 0 1 1 0 0 0 0 0 1
40	2	1 1 0 1 1 1 1 1 1 1 0 0 1 1 0 1 1 1 0 0 0 0 1 1 1 0 1 1 1 1 0 1 0 0 1 0 1 1 1 0 1 0 0 1 1 0 0 0 1 1
40	1	1 1 0 1 1 1 1 0 1 1 0 0 1 1 0 1 1 1 0 0 0 0 1 0 1 1 1 1 1 1 0 1 0 0 1 0 1 1 1 0 1 0 0 1 1 0 0 0 1 1
40	17	1 1 0 1 1 1 1 0 1 1 0 0 1 1 0 1 1 1 0 0 0 0 1 0 1 0 1 1 1 1 0 1 0 0 1 0 1 1 1 0 1 0 0 1 1 0 0 0 1 1
40	8	1 1 0 1 1 1 1 0 1 1 0 0 1 1 0 1 1 1 0 0 0 0 1 0 1 1 1 0 1 1 0 1 0 0 1 0 1 1 1 0 1 0 0 1 1 0 0 0 1 1
40	4	1 0 0 0 1 1 0 1 1 1 1 1 0 0 0 0 1 0 1 1 1 1 1 0 0 1 0 0 1 1 1 1 0 1 1 0 0 1 1 0 0 0 0 0 1 1 0 1 0 0
40	1	1 0 0 0 1 1 0 1 1 1 1 1 0 0 0 0 1 0 1 1 1 1 1 0 0 1 1 0 1 1 1 1 0 0 1 0 0 1 1 0 0 0 0 0 1 1 0 1 0 0
40	54	1 0 0 0 1 1 0 1 1 1 1 1 0 0 0 0 1 0 1 1 1 1 1 0 0 1 1 0 1 1 1 1 0 1 1 0 0 1 1 0 0 0 0 0 1 1 0 1 0 0
40	1	1 0 0 0 1 1 0 1 1 1 1 1 0 0 0 0 1 0 1 1 1 1 1 0 0 1 1 0 1 1 1 1 0 0 1 0 0 1 1 0 0 0 0 1 1 1 0 1 0 0
40	6	1 0 0 0 1 1 0 1 1 1 1 1 0 0 1 0 1 0 1 1 1 1 1 0 0 1 1 0 1 1 1 1 0 0 1 0 0 1 1 0 0 0 0 0 1 1 0 1 0 0
40	6	1 0 0 0 1 1 0 1 1 1 1 1 0 0 0 0 1 0 1 1 1 1 1 0 0 1 1 0 1 1 1 1 0 0 1 0 0 1 1 0 0 0 0 0 1 0 0 1 0 0
50	6	1 1 0 1 1 1 1 1 1 1 0 0 1 1 0 1 1 1 0 0 0 0 1 1 1 0 1 1 1 1 0 1 0 0 1 0 1 1 1 0 1 0 0 1 1 0 0 0 1 1
50	1	1 1 0 1 1 1 1 1 1 1 0 0 1 1 0 1 1 1 0 0 0 0 1 0 1 0 1 1 1 1 0 1 0 0 1 0 1 1 1 0 1 0 0 1 1 0 0 0 1 1
50	14	1 1 0 1 1 1 1 0 1 1 0 0 1 1 0 1 1 1 0 0 0 0 1 0 1 0 1 1 1 1 0 1 0 0 1 0 1 1 1 0 1 0 0 1 1 0 0 0 1 1
50	8	1 1 0 1 1 1 1 0 1 1 0 0 1 1 0 1 1 1 0 0 0 0 1 0 1 1 1 0 1 1 0 1 0 0 1 0 1 1 1 0 1 0 0 1 1 0 0 0 1 1
50	1	1 0 0 0 1 1 0 1 1 1 1 1 0 0 0 0 1 0 1 1 1 1 1 0 0 1 0 0 1 1 1 1 0 1 1 0 0 1 0 0 0 0 0 0 1 1 0 1 0 0
50	1	1 0 0 0 1 1 0 1 1 1 1 1 0 0 0 0 1 0 1 1 1 1 1 0 0 1 0 0 1 1 1 1 0 1 1 0 0 1 1 0 0 0 0 0 1 1 0 1 0 0
50	3	1 0 0 0 1 1 0 1 1 1 1 1 0 0 0 0 1 1 1 1 1 1 1 0 0 1 1 0 1 1 1 1 0 1 1 0 0 1 1 0 0 0 0 0 1 1 0 1 0 0
50	1	1 0 0 0 1 1 0 1 1 1 1 1 0 0 0 0 1 0 1 1 1 1 1 0 0 1 1 0 1 1 1 1 0 0 1 0 0 1 1 0 0 0 0 0 1 1 0 1 0 0
50	2	1 0 0 0 1 1 0 1 1 1 1 1 0 0 0 0 1 0 1 1 1 1 1 0 0 1 1 0 1 1 1 1 0 1 1 1 0 1 1 0 0 0 0 0 1 1 0 1 0 0
50	1	1 0 0 0 1 1 0 1 1 1 1 1 0 0 0 0 1 0 1 0 1 1 1 0 0 1 1 0 1 1 1 1 0 1 1 0 0 1 1 0 0 0 0 0 1 1 0 1 0 0
50	1	1 0 0 0 1 1 0 1 1 1 1 1 0 0 0 0 1 0 1 1 1 1 1 0 0 1 1 0 1 1 1 1 0 1 1 0 0 1 1 0 0 0 0 0 0 1 0 1 0 0
50	44	1 0 0 0 1 1 0 1 1 1 1 1 0 0 0 0 1 0 1 1 1 1 1 0 0 1 1 0 1 1 1 1 0 1 1 0 0 1 1 0 0 0 0 0 1 1 0 1 0 0
50	1	1 0 0 0 1 1 0 1 1 1 1 1 0 0 0 0 1 0 1 1 1 1 1 0 0 1 1 0 1 1 1 1 0 0 1 0 0 1 1 0 0 0 0 1 1 1 0 1 0 0
50	3	1 0 0 0 1 1 0 1 1 1 1 1 0 0 1 0 1 0 1 1 1 1 1 0 0 1 1 0 1 1 1 1 0 0 1 0 0 1 1 0 0 0 0 0 1 1 0 1 0 0
50	12	1 0 0 0 1 1 0 1 1 1 1 1 0 0 0 0 1 0 1 1 1 1 1 0 0 1 1 0 1 1 1 1 0 0 1 0 0 1 1 0 0 0 0 0 1 0 0 1 0 0
50	1	0 1 1 0 0 0 1 1 1 0 0 0 0 1 0 0 0 0 1 1 0 0 0 1 1 0 1 1 1 0 0 0 1 0 0 1 0 0 0 1 1 0 1 1 0 0 0 0 0 1
60	1	1 1 0 1 1 1 0 1 1 1 0 0 1 1 0 1 1 1 0 0 0 0 1 1 1 0 1 1 1 1 0 1 0 0 1 0 1 1 1 0 1 0 0 1 1 0 0 0 1 1
60	23	1 1 0 1 1 1 1 1 1 1 0 0 1 1 0 1 1 1 0 0 0 0 1 1 1 0 1 1 1 1 0 1 0 0 1 0 1 1 1 0 1 0 0 1 1 0 0 0 1 1
60	4	1 1 0 1 1 1 1 1 1 1 0 0 1 1 0 1 1 1 0 0 0 0 1 0 1 0 1 1 1 1 0 1 0 0 1 0 1 1 1 0 1 0 0 1 1 0 0 0 1 1
60	1	1 1 0 1 1 0 1 0 1 1 0 0 1 1 0 1 1 1 0 0 0 0 1 0 1 0 1 1 1 1 0 0 0 0 1 0 1 1 1 0 1 0 0 1 1 0 0 0 1 1
60	1	1 1 0 1 1 1 1 0 1 1 0 0 1 1 0 1 1 1 0 0 0 0 1 0 1 0 1 1 1 1 0 1 0 0 1 0 1 1 1 0 1 0 0 1 1 0 1 1 1 1
60	6	1 1 0 1 1 1 1 0 1 1 0 0 1 1 0 1 1 1 0 0 0 0 1 0 1 0 1 1 1 1 0 1 0 0 1 0 1 1 1 0 1 0 0 1 1 0 0 0 1 1
60	7	1 1 0 1 1 1 1 0 1 1 0 0 1 1 0 1 1 1 0 0 0 0 1 0 1 1 1 0 1 1 0 1 0 0 1 0 1 1 1 0 1 0 0 1 1 0 0 0 1 1
60	1	1 0 0 0 1 1 0 1 1 1 1 1 0 0 0 0 1 0 1 1 1 1 1 0 0 1 0 0 1 1 1 1 0 1 1 0 0 1 0 0 0 0 0 0 1 1 0 1 0 0
60	2	1 0 0 0 1 1 0 1 1 1 1 1 0 0 0 0 1 0 1 1 1 1 1 0 0 1 1 0 1 1 1 1 0 0 1 0 0 1 1 0 0 0 0 0 1 1 0 1 0 0
60	1	1 0 0 0 1 1 0 1 1 1 1 1 0 0 0 0 1 0 1 1 1 1 1 1 0 1 1 0 1 1 1 1 0 1 1 0 0 1 1 0 0 0 0 0 1 1 0 1 0 0
60	3	1 0 0 0 1 1 0 1 1 1 1 1 0 0 0 0 1 0 1 1 1 1 1 0 0 1 1 0 1 1 1 1 0 1 1 0 0 1 1 0 0 0 0 0 0 1 0 1 0 0
60	1	1 0 0 0 1 1 0 1 1 1 1 1 0 0 0 0 1 0 1 1 1 1 1 0 0 0 1 0 1 0 1 1 0 1 1 0 0 1 1 0 0 0 0 0 1 1 0 1 0 0
60	40	1 0 0 0 1 1 0 1 1 1 1 1 0 0 0 0 1 0 1 1 1 1 1 0 0 1 1 0 1 1 1 1 0 1 1 0 0 1 1 0 0 0 0 0 1 1 0 1 0 0
60	4	1 0 0 0 1 1 0 1 1 1 1 1 0 0 1 0 1 0 1 1 1 1 1 0 0 1 1 0 1 1 1 1 0 0 1 0 0 1 1 0 0 0 0 0 1 1 0 1 0 0
60	2	1 0 0 0 1 1 0 1 1 1 1 1 0 0 0 0 1 0 1 1 1 1 1 0 0 1 1 0 1 1 1 1 1 0 1 0 0 1 1 0 0 0 0 0 1 0 0 1 0 0
60	1	1 0 0 0 1 1 0 1 1 1 1 1 0 1 0 0 1 0 1 1 1 1 1 0 0 1 1 1 1 1 1 1 0 0 1 0 0 1 1 0 0 0 0 0 1 0 0 1 0 0
60	2	1 0 0 0 1 1 0 1 1 1 1 1 0 0 0 0 1 0 1 1 1 1 1 0 0 1 1 0 1 1 1 1 0 0 1 0 0 1 1 0 0 0 0 0 1 0 0 1 0 0
70	11	1 1 0 1 1 1 1 1 1 1 0 0 1 1 0 1 1 1 0 0 0 0 1 1 1 0 1 1 1 1 0 1 0 0 1 0 1 1 1 0 1 0 0 1 1 0 0 0 1 1
70	5	1 1 0 1 1 1 1 1 1 1 0 0 1 1 0 1 1 1 0 0 0 0 1 0 1 0 1 1 1 1 0 1 0 0 1 0 1 1 1 0 1 0 0 1 1 0 0 0 1 1
70	2	1 1 0 1 1 1 1 0 1 1 0 0 1 1 0 1 1 1 0 0 1 0 1 0 1 0 1 1 1 1 0 1 0 0 1 0 1 1 1 0 1 0 0 1 1 0 0 0 1 1
70	9	1 1 0 1 1 1 1 0 1 1 0 0 1 1 0 1 1 1 0 0 0 0 1 0 1 0 1 1 1 1 0 1 0 0 1 0 1 1 1 0 1 0 0 1 1 0 0 0 1 1
70	6	1 1 0 1 1 1 1 0 1 1 0 0 1 1 0 1 1 1 0 0 0 0 1 0 1 1 1 0 1 1 0 1 0 0 1 0 1 1 1 0 1 0 0 1 1 0 0 0 1 1
70	3	1 0 0 0 1 1 0 1 1 1 1 1 0 0 0 0 1 0 1 1 1 1 1 0 0 1 1 0 1 1 1 1 0 0 1 0 0 1 1 0 0 0 0 0 1 1 0 1 0 0
70	1	1 0 0 0 1 1 0 1 1 1 1 1 0 0 0 0 1 0 1 0 1 1 1 0 0 1 1 0 1 1 1 1 0 1 1 0 0 1 1 0 0 0 0 0 1 1 0 1 0 0
70	1	1 0 0 0 1 1 0 1 1 1 1 1 0 0 0 0 1 0 1 1 1 1 1 0 0 1 1 0 1 1 1 1 0 1 1 0 0 1 1 0 0 0 0 0 0 1 0 1 0 0
70	1	1 0 1 0 1 1 0 1 1 1 1 1 0 0 0 0 1 0 1 1 1 1 1 0 0 1 1 0 1 1 1 1 0 1 1 0 0 1 1 0 0 0 0 0 1 1 0 1 0 0
70	2	1 0 0 0 1 1 0 1 1 1 1 1 0 0 0 0 1 0 1 1 1 1 1 0 0 1 1 0 1 1 1 0 0 1 1 0 0 1 1 0 0 0 0 0 1 1 0 1 0 0
70	1	1 0 0 0 1 1 0 1 1 1 1 1 0 0 0 0 1 0 1 1 1 1 1 0 0 1 1 0 1 1 1 1 0 1 1 0 0 0 1 0 0 0 0 0 1 1 0 1 0 0
70	31	1 0 0 0 1 1 0 1 1 1 1 1 0 0 0 0 1 0 1 1 1 1 1 0 0 1 1 0 1 1 1 1 0 1 1 0 0 1 1 0 0 0 0 0 1 1 0 1 0 0
70	2	1 0 0 0 1 1 0 1 1 1 1 1 0 0 1 0 1 0 1 1 1 1 1 0 0 1 1 0 1 1 1 1 0 0 1 0 0 1 1 0 0 0 0 0 1 1 0 1 0 0
70	1	1 0 0 0 1 1 0 1 1 1 1 1 0 1 0 0 1 0 1 1 1 1 1 0 0 1 1 1 1 1 1 1 0 0 1 0 0 1 1 0 0 0 0 0 1 0 0 1 0 0
70	1	1 0 1 0 1 1 0 1 1 1 1 1 0 0 0 0 1 0 1 1 1 1 1 0 0 1 1 0 1 1 1 1 0 0 1 0 0 1 1 0 0 0 0 0 1 0 0 1 0 0
70	1	1 0 0 0 1 1 0 1 1 1 1 1 0 0 0 0 1 0 1 1 1 1 1 0 0 0 1 0 1 1 1 1 0 0 1 0 0 1 1 0 0 0 0 0 1 0 0 1 0 0
70	22	1 0 0 0 1 1 0 1 1 1 1 1 0 0 0 0 1 0 1 1 1 1 1 0 0 1 1 0 1 1 1 1 0 0 1 0 0 1 1 0 0 0 0 0 1 0 0 1 0 0
80	5	1 1 0 1 1 1 1 1 1 1 0 1 1 1 0 1 1 1 0 0 0 0 1 1 1 0 1 1 1 1 0 1 0 0 1 0 1 1 1 0 1 0 0 1 1 0 0 0 1 1
80	1	1 1 0 1 1 1 0 1 1 1 0 0 1 1 0 1 1 1 0 0 0 0 1 1 1 0 1 1 1 1 0 1 0 0 1 0 1 1 1 0 1 0 0 1 1 0 0 0 1 1
80	17	1 1 0 1 1 1 1 1 1 1 0 0 1 1 0 1 1 1 0 0 0 0 1 1 1 0 1 1 1 1 0 1 0 0 1 0 1 1 1 0 1 0 0 1 1 0 0 0 1 1
80	15	1 1 0 1 1 1 1 1 1 1 0 0 1 1 0 1 1 1 0 0 0 0 1 0 1 0 1 1 1 1 0 1 0 0 1 0 1 1 1 0 1 0 0 1 1 0 0 0 1 1
80	3	1 1 0 1 1 1 1 0 1 1 0 0 1 1 0 1 1 1 0 0 0 0 1 0 1 0 1 1 1 1 0 1 0 0 1 0 1 1 1 0 1 0 0 1 1 0 0 0 1 1
80	2	1 1 0 1 1 1 1 0 1 1 0 0 1 1 0 1 1 1 0 0 0 0 1 0 1 1 1 0 1 1 0 1 0 0 1 0 1 1 1 0 1 0 0 1 1 0 0 0 1 1
80	2	1 0 0 0 1 1 0 1 1 1 1 1 0 0 0 0 1 0 1 1 1 1 1 0 0 1 1 0 1 1 1 1 0 0 1 0 0 1 1 0 0 0 0 0 1 1 0 1 0 0
80	1	1 0 0 0 1 1 0 1 1 1 1 1 0 0 0 0 1 0 1 0 1 1 1 0 0 1 1 0 1 1 1 1 0 1 1 0 0 1 1 0 0 0 0 0 1 1 0 1 0 0
80	1	1 0 1 0 1 1 0 1 1 1 1 1 0 0 0 0 1 0 1 1 1 1 1 0 0 1 1 0 1 1 1 1 0 1 1 0 0 1 1 0 0 0 0 0 1 1 0 1 0 0
80	2	1 0 0 0 1 1 0 1 1 1 1 1 0 0 0 0 1 0 1 1 1 1 0 0 0 1 1 0 1 1 1 1 0 1 1 0 0 1 1 0 0 0 0 0 1 1 0 1 0 0
80	16	1 0 0 0 1 1 0 1 1 1 1 1 0 0 0 0 1 0 1 1 1 1 1 0 0 1 1 0 1 1 1 1 0 1 1 0 0 1 1 0 0 0 0 0 1 1 0 1 0 0
80	6	1 0 0 0 1 1 0 1 1 1 1 1 0 0 1 0 1 0 1 1 1 1 1 0 0 1 1 0 1 1 1 1 0 0 1 0 0 1 1 0 0 0 0 0 1 1 0 1 0 0
80	2	1 0 0 0 1 1 0 1 1 1 1 1 0 1 0 0 1 0 1 1 1 1 1 0 0 1 1 1 1 1 1 1 0 0 1 0 0 1 1 0 0 0 0 0 1 0 0 1 0 0
80	2	1 0 1 0 1 1 0 1 1 1 1 1 0 0 0 0 1 0 1 1 1 1 1 0 0 1 1 0 1 1 1 1 0 0 1 0 0 1 1 0 0 0 0 0 1 0 0 1 0 0
80	25	1 0 0 0 1 1 0 1 1 1 1 1 0 0 0 0 1 0 1 1 1 1 1 0 0 1 1 0 1 1 1 1 0 0 1 0 0 1 1 0 0 0 0 0 1 0 0 1 0 0
90	13	1 1 0 1 1 1 1 1 1 1 0 1 1 1 0 1 1 1 0 0 0 0 1 1 1 0 1 1 1 1 0 1 0 0 1 0 1 1 1 0 1 0 0 1 1 0 0 0 1 1
90	23	1 1 0 1 1 1 1 1 1 1 0 0 1 1 0 1 1 1 0 0 0 0 1 1 1 0 1 1 1 1 0 1 0 0 1 0 1 1 1 0 1 0 0 1 1 0 0 0 1 1
90	6	1 1 0 1 1 1 1 0 1 1 0 0 1 1 0 1 1 1 0 0 0 0 1 0 1 0 1 1 1 1 0 1 0 0 1 0 1 1 1 0 1 0 0 1 1 0 0 0 1 1
90	7	1 1 0 1 1 1 1 1 1 1 0 0 1 1 0 1 1 1 0 0 0 0 1 0 1 0 1 1 1 1 0 1 0 0 1 0 1 1 1 0 1 0 0 1 1 0 0 0 1 1
90	1	1 1 0 1 1 1 1 0 1 1 0 0 1 1 0 1 1 1 0 0 0 0 1 0 1 0 1 1 0 1 0 1 0 0 1 0 1 1 1 0 1 0 0 1 1 0 0 0 1 1
90	1	1 0 0 0 1 1 0 1 1 1 1 1 0 0 0 0 1 0 1 1 1 1 1 0 0 1 1 0 1 1 1 1 0 0 1 0 0 1 1 0 0 0 0 0 1 1 0 1 0 0
90	1	1 0 1 0 1 1 0 1 1 1 1 1 0 0 0 0 1 0 1 1 1 1 1 0 0 1 1 0 1 1 1 1 0 1 1 0 0 1 1 0 0 0 0 0 1 1 0 1 0 0
90	9	1 0 0 0 1 1 0 1 1 1 1 1 0 0 0 0 1 0 1 1 1 1 1 0 0 1 1 0 1 1 1 1 0 1 1 0 0 1 1 0 0 0 0 0 1 1 0 1 0 0
90	6	1 0 0 0 1 1 0 1 1 1 1 1 0 0 0 0 1 0 1 1 1 1 1 0 0 1 1 0 1 1 1 1 0 1 1 0 0 1 1 0 0 0 0 0 1 1 0 0 0 0
90	1	1 0 0 0 1 1 0 1 1 1 1 1 0 0 1 0 1 0 1 1 1 1 1 0 0 1 1 0 1 1 1 1 0 0 1 0 0 1 1 0 0 0 0 0 1 1 0 1 0 0
90	1	1 0 0 0 1 1 0 1 1 1 1 1 0 0 0 0 1 0 1 1 1 1 1 1 0 1 1 0 1 1 1 1 0 0 1 0 0 1 1 0 0 0 0 0 1 0 0 1 0 0
90	3	0 0 0 0 1 1 0 1 1 1 1 1 0 0 0 0 1 0 1 1 1 1 1 0 0 1 1 0 1 1 1 1 0 0 1 0 0 1 1 0 0 0 0 0 1 0 0 1 0 0
90	1	1 0 0 0 1 1 0 1 1 1 1 1 0 0 0 0 1 0 1 1 1 1 1 0 0 0 1 0 1 1 1 1 0 0 1 0 0 1 1 0 0 0 0 0 1 0 0 1 0 0
90	1	1 0 0 0 1 1 0 1 1 1 1 1 0 0 0 0 1 0 0 1 1 1 1 0 0 1 1 0 1 1 1 1 0 0 1 0 0 1 1 0 0 0 0 0 1 0 0 1 0 0
90	26	1 0 0 0 1 1 0 1 1 1 1 1 0 0 0 0 1 0 1 1 1 1 1 0 0 1 1 0 1 1 1 1 0 0 1 0 0 1 1 0 0 0 0 0 1 0 0 1 0 0
100	20	1 1 0 1 1 1 1 1 1 1 0 0 1 1 0 1 1 1 0 0 0 0 1 1 1 0 1 1 1 1 0 1 0 0 1 0 1 1 1 0 1 0 0 1 1 0 0 0 1 1
100	1	1 1 0 1 1 1 1 1 1 1 0 0 0 1 0 1 1 1 0 0 0 0 1 1 1 0 1 1 1 1 0 1 0 0 1 0 1 1 1 0 1 0 0 1 1 0 0 0 1 1
100	6	1 1 0 1 1 1 1 1 1 1 0 1 1 1 0 1 1 1 0 0 0 0 1 1 1 0 1 1 1 1 0 1 0 0 1 0 1 1 1 0 1 0 0 1 1 0 0 0 1 1
100	2	1 1 0 1 1 1 1 1 1 1 0 0 1 1 0 1 1 1 0 0 0 0 1 1 1 0 1 1 1 1 0 1 0 0 0 0 1 1 1 0 0 0 0 1 1 0 0 0 1 1
100	1	1 1 0 1 1 1 1 1 1 1 0 0 1 1 0 1 1 1 1 0 0 0 1 1 1 0 1 1 1 1 0 1 0 0 1 0 1 1 1 0 1 0 0 1 1 0 0 0 1 1
100	2	1 1 0 1 1 1 1 0 1 1 0 0 1 1 0 1 1 1 0 0 0 0 1 0 1 0 1 1 1 1 0 1 0 0 1 0 1 1 1 0 1 0 0 1 1 0 0 0 1 1
100	15	1 1 0 1 1 1 1 1 1 1 0 0 1 1 0 1 1 1 0 0 0 0 1 0 1 0 1 1 1 1 0 1 0 0 1 0 1 1 1 0 1 0 0 1 1 0 0 0 1 1
100	1	1 0 0 0 1 1 0 1 1 1 1 1 0 0 0 0 1 0 1 1 1 1 1 1 0 1 1 0 1 1 1 1 0 0 1 0 0 1 1 0 0 0 0 0 1 1 0 1 0 0
100	1	1 0 0 0 1 1 0 1 1 1 1 1 0 0 0 0 1 0 1 1 1 1 1 0 0 1 1 0 1 1 1 1 0 0 1 0 0 1 1 0 0 0 0 0 1 1 0 1 0 0
100	2	1 0 0 0 1 1 0 1 1 1 1 1 0 0 1 0 1 0 1 1 1 1 1 0 0 1 1 0 1 1 1 1 0 1 1 0 0 1 1 0 0 0 0 0 1 1 0 1 0 0
100	2	1 0 0 0 1 1 0 1 1 1 1 1 0 0 0 0 1 0 1 1 1 1 1 0 0 1 1 0 1 1 1 1 0 1 1 0 0 1 1 0 0 0 0 0 1 1 0 1 0 0
100	5	1 0 0 0 1 1 0 1 1 1 1 1 0 0 0 0 1 0 1 1 1 1 1 0 0 1 1 0 1 1 1 1 0 1 1 0 0 1 1 0 0 0 0 0 1 1 0 0 0 0
100	1	1 0 0 0 1 1 0 1 1 1 1 1 0 1 0 0 1 0 1 1 1 1 1 0 0 1 1 0 1 1 1 1 0 1 1 0 0 1 1 0 0 0 0 0 1 1 0 1 0 0
100	1	1 0 0 0 1 1 0 1 1 1 1 1 0 0 1 0 1 0 1 1 1 1 1 0 0 1 1 0 1 1 1 1 0 0 1 0 0 1 1 0 0 0 0 0 1 1 0 1 0 0
100	6	1 0 1 0 1 1 0 1 1 1 1 1 0 0 0 0 1 0 1 1 1 1 1 0 0 1 1 0 1 1 1 1 0 0 1 0 0 1 1 0 0 0 0 0 1 0 0 1 0 0
100	3	1 0 0 0 1 1 0 1 1 1 1 1 0 0 0 0 1 0 1 1 1 1 1 0 0 1 1 0 1 1 1 1 0 0 1 0 0 1 1 1 0 0 0 0 1 0 0 1 0 0
100	3	1 0 0 0 1 1 0 1 1 1 1 1 0 0 0 0 1 0 1 1 1 1 1 0 0 0 1 0 1 1 1 1 0 0 1 0 0 1 1 0 0 0 0 0 1 0 0 1 0 0
100	1	1 0 0 0 1 1 0 1 1 1 1 1 0 0 0 0 1 0 1 1 1 1 1 0 0 1 1 0 1 1 1 1 0 0 1 0 0 1 1 0 0 0 0 0 1 0 0 0 0 0
100	27	1 0 0 0 1 1 0 1 1 1 1 1 0 0 0 0 1 0 1 1 1 1 1 0 0 1 1 0 1 1 1 1 0 0 1 0 0 1 1 0 0 0 0 0 1 0 0 1 0 0
110	1	1 1 1 1 1 1 1 1 1 1 0 0 1 1 0 1 1 1 0 0 0 0 1 1 1 0 1 1 1 1 0 1 0 0 1 0 1 1 1 0 1 0 0 1 1 0 0 0 1 1
110	1	1 1 0 1 1 1 1 1 1 1 0 0 0 1 0 1 1 1 0 0 0 0 1 1 1 0 1 1 1 1 0 1 0 0 1 0 1 1 1 0 1 0 0 1 1 0 0 0 1 1
110	20	1 1 0 1 1 1 1 1 1 1 0 0 1 1 0 1 1 1 0 0 0 0 1 1 1 0 1 1 1 1 0 1 0 0 1 0 1 1 1 0 1 0 0 1 1 0 0 0 1 1
110	3	1 1 0 1 1 1 1 1 1 1 0 1 1 1 0 1 1 1 0 0 0 0 1 1 1 0 1 1 1 1 0 1 0 0 1 0 1 1 1 0 1 0 0 1 1 0 0 0 1 1
110	2	1 1 0 1 1 1 1 1 1 1 0 0 1 1 0 1 1 1 0 0 0 0 1 1 1 0 1 1 1 1 0 1 0 0 0 0 1 1 1 0 0 0 0 1 1 0 0 0 1 1
110	2	1 1 0 1 1 1 1 1 1 1 0 0 1 1 0 1 1 1 0 0 0 0 1 1 1 0 1 1 1 1 0 1 0 0 1 0 1 1 1 0 1 0 0 1 1 0 0 0 1 0
110	1	1 1 0 1 0 1 1 1 1 1 0 0 1 1 0 1 1 1 0 0 0 0 1 0 1 0 1 1 1 1 0 1 0 0 1 0 1 1 1 0 1 0 0 1 1 0 0 0 1 1
110	10	1 1 0 1 1 1 1 1 1 1 0 0 1 1 0 1 1 1 0 0 0 0 1 0 1 0 1 1 1 1 0 1 0 0 1 0 1 1 1 0 1 0 0 1 1 0 0 0 1 1
110	1	1 0 0 0 1 1 0 1 1 1 1 1 0 0 0 0 1 0 1 1 1 1 1 0 0 1 1 0 1 1 1 1 0 0 1 0 0 1 1 0 0 0 0 0 1 1 0 1 0 0
110	2	1 0 1 0 1 1 0 1 1 1 1 1 0 0 0 0 1 0 1 1 1 1 1 0 0 1 1 0 1 1 1 1 0 1 1 0 0 1 1 0 0 0 0 0 1 1 0 1 0 0
110	7	1 0 0 0 1 1 0 1 1 1 1 1 0 0 0 0 1 0 1 1 1 1 1 0 0 1 1 0 1 1 1 1 0 1 1 0 0 1 1 0 0 0 0 0 1 1 0 1 0 0
110	10	1 0 0 0 1 1 0 1 1 1 1 1 0 0 0 0 1 0 1 1 1 1 1 0 0 1 1 0 1 1 1 1 0 1 1 0 0 1 1 0 0 0 0 0 1 1 0 0 0 0
110	15	1 0 1 0 1 1 0 1 1 1 1 1 0 0 0 0 1 0 1 1 1 1 1 0 0 1 1 0 1 1 1 1 0 0 1 0 0 1 1 0 0 0 0 0 1 0 0 1 0 0
110	1	1 0 0 0 1 1 0 1 1 1 1 1 0 0 0 0 1 0 1 1 1 1 1 0 0 1 1 0 1 1 1 1 0 0 1 0 0 1 1 1 0 0 0 0 1 0 0 1 0 0
110	1	1 0 0 0 1 1 0 1 1 1 1 1 0 0 0 0 1 0 1 1 1 1 1 0 0 1 1 0 1 1 1 1 0 0 1 0 0 1 1 0 0 0 0 0 1 0 0 1 1 0
110	1	1 0 0 0 1 1 0 1 1 1 1 1 0 0 0 0 1 0 1 1 1 1 1 0 0 1 1 0 1 1 1 1 0 1 1 0 0 1 1 0 0 0 0 0 1 0 0 1 0 0
110	22	1 0 0 0 1 1 0 1 1 1 1 1 0 0 0 0 1 0 1 1 1 1 1 0 0 1 1 0 1 1 1 1 0 0 1 0 0 1 1 0 0 0 0 0 1 0 0 1 0 0
120	1	1 1 1 1 1 1 1 1 1 1 0 0 1 1 0 1 1 1 0 0 0 0 1 1 1 0 1 1 1 1 0 1 0 0 1 0 1 1 1 0 1 0 0 1 1 0 0 0 1 1
120	11	1 1 0 1 1 1 1 1 1 1 0 0 1 1 0 1 1 1 0 0 0 0 1 1 1 0 1 1 1 1 0 1 0 0 1 0 1 1 1 0 1 0 0 1 1 0 0 0 1 1
120	1	1 1 0 1 1 1 1 1 1 1 0 0 1 1 0 1 1 1 0 0 0 0 1 1 1 0 1 1 1 1 0 1 0 0 0 0 1 1 1 0 0 0 0 1 1 0 0 0 1 1
120	7	1 1 0 1 1 1 1 1 1 1 0 0 1 1 0 1 1 1 0 0 0 0 1 1 1 0 1 1 1 1 0 1 0 0 1 0 1 1 1 0 1 0 0 1 1 0 0 0 1 0
120	3	1 1 0 1 1 1 1 1 1 1 0 0 1 1 0 1 1 1 0 0 0 0 1 0 1 0 1 1 1 1 0 1 0 0 1 0 1 1 1 0 1 0 0 1 1 0 0 0 1 1
120	1	1 0 0 0 1 1 0 1 1 1 1 1 0 0 0 0 1 0 1 1 1 1 1 0 0 1 1 0 1 1 1 1 0 0 1 0 0 1 1 0 0 0 0 0 1 1 0 1 0 0
120	5	1 0 1 0 1 1 0 1 1 1 1 1 0 0 0 0 1 0 1 1 1 1 1 0 0 1 1 0 1 1 1 1 0 1 1 0 0 1 1 0 0 0 0 0 1 1 0 1 0 0
120	3	1 0 0 0 1 1 0 1 1 1 1 1 0 0 0 0 1 0 1 1 1 1 1 0 0 1 1 0 1 1 1 1 0 1 1 0 0 1 1 0 0 0 0 0 1 1 0 0 0 0
120	3	1 0 1 0 1 0 0 1 1 1 1 1 0 0 0 0 1 0 1 1 1 1 1 0 0 1 1 0 1 1 1 1 0 0 1 0 0 1 1 0 0 0 0 0 1 0 0 1 0 0
120	1	1 0 0 0 1 1 0 1 1 1 1 1 0 0 0 0 1 0 1 1 1 1 1 0 0 1 1 0 1 1 1 1 0 0 1 0 0 1 1 0 0 0 0 0 1 0 0 1 1 0
120	34	1 0 1 0 1 1 0 1 1 1 1 1 0 0 0 0 1 0 1 1 1 1 1 0 0 1 1 0 1 1 1 1 0 0 1 0 0 1 1 0 0 0 0 0 1 0 0 1 0 0
120	1	1 0 0 0 1 1 0 1 1 1 1 1 0 0 0 0 1 0 1 1 1 1 1 0 0 1 1 0 1 1 1 1 0 0 1 0 0 1 1 0 0 0 0 0 1 0 1 1 0 0
120	24	1 0 0 0 1 1 0 1 1 1 1 1 0 0 0 0 1 0 1 1 1 1 1 0 0 1 1 0 1 1 1 1 0 0 1 0 0 1 1 0 0 0 0 0 1 0 0 1 0 0
120	5	1 0 0 0 1 1 0 1 1 1 1 1 0 0 0 0 1 0 1 1 1 1 1 0 0 1 1 0 1 1 1 1 0 0 1 0 0 1 1 1 0 0 0 0 1 0 0 1 0 0
130	2	1 1 0 1 1 1 1 1 1 1 0 0 0 1 0 1 1 1 0 0 0 0 1 1 1 0 1 1 1 1 0 1 0 0 1 0 1 1 1 0 1 0 0 1 1 0 0 0 1 1
130	1	1 1 0 1 1 1 1 1 1 1 0 0 1 1 0 1 1 1 0 0 0 0 1 1 1 0 1 1 0 1 0 1 0 0 1 0 1 1 1 0 1 0 0 1 1 0 0 0 1 1
130	3	1 1 0 1 1 1 1 1 1 1 0 1 1 1 0 1 1 1 0 0 0 0 1 1 1 0 1 1 1 1 0 1 0 0 1 0 1 1 1 0 1 0 0 1 1 0 0 0 1 1
130	1	1 1 0 1 1 1 0 1 1 1 0 0 1 1 0 1 1 1 0 0 0 0 1 1 1 0 1 1 1 1 0 1 0 0 1 0 1 1 1 0 1 0 0 1 1 0 0 0 1 1
130	9	1 1 0 1 1 1 1 1 1 1 0 0 1 1 0 1 1 1 0 0 0 0 1 1 1 0 1 1 1 1 0 1 0 0 1 0 1 1 1 0 1 0 0 1 1 0 0 0 1 1
130	5	1 1 0 1 1 1 1 1 1 1 0 0 1 1 0 1 1 1 0 0 0 0 1 1 1 0 1 1 1 1 0 1 0 0 0 0 1 1 1 0 0 0 0 1 1 0 0 0 1 1
130	2	1 1 0 1 1 1 1 1 1 1 0 0 1 1 0 1 1 1 0 0 0 0 1 1 1 0 1 1 1 1 0 1 0 0 1 0 1 1 1 0 1 0 0 1 1 0 0 0 1 0
130	1	1 1 0 1 1 1 1 0 1 1 0 0 1 1 0 1 1 1 0 0 1 0 1 0 1 0 1 1 1 1 0 1 0 0 1 0 1 1 1 0 1 0 0 1 1 0 0 0 1 1
130	2	1 1 0 1 1 1 1 1 1 1 0 0 1 1 0 1 1 1 0 0 0 0 1 0 1 0 1 1 1 1 0 1 0 0 1 0 1 1 1 0 1 0 0 1 1 0 0 0 1 1
130	2	1 0 1 0 1 1 0 1 1 1 1 1 0 0 0 0 1 0 1 1 1 1 1 0 0 1 1 0 1 1 1 1 0 1 1 0 0 1 1 0 0 0 0 0 1 1 0 1 0 0
130	1	1 0 0 0 1 1 0 1 1 1 1 1 0 0 0 0 1 0 1 1 1 1 1 0 0 1 1 0 1 1 1 1 0 1 1 0 0 1 1 0 0 0 0 0 1 1 0 0 0 0
130	49	1 0 1 0 1 1 0 1 1 1 1 1 0 0 0 0 1 0 1 1 1 1 1 0 0 1 1 0 1 1 1 1 0 0 1 0 0 1 1 0 0 0 0 0 1 0 0 1 0 0
130	1	1 0 1 0 1 1 0 1 1 1 1 1 0 0 0 0 1 0 1 1 1 1 1 0 0 1 1 0 1 1 1 0 0 0 1 0 0 1 1 0 0 0 0 0 1 0 0 1 0 0
130	17	1 0 0 0 1 1 0 1 1 1 1 1 0 0 0 0 1 0 1 1 1 1 1 0 0 1 1 0 1 1 1 1 0 0 1 0 0 1 1 0 0 0 0 0 1 0 0 1 0 0
130	4	1 0 1 0 1 1 0 1 1 1 1 1 0 0 0 0 1 0 1 1 1 1 1 0 0 1 1 0 1 0 1 1 0 0 1 0 0 1 1 0 0 0 0 0 1 0 0 1 0 0
140	1	1 1 1 1 1 1 1 1 1 1 0 0 1 1 0 1 1 1 0 1 0 0 1 1 1 0 1 0 1 1 0 1 0 0 1 0 1 1 1 0 1 0 0 1 1 0 0 0 1 1
140	2	1 1 1 1 1 1 1 1 1 1 0 0 1 1 0 1 1 1 0 1 0 0 1 1 1 0 1 1 1 1 0 1 0 0 1 0 1 1 1 0 1 0 0 1 1 0 0 0 1 1
140	8	1 1 1 1 1 1 1 1 1 1 0 0 1 1 0 1 1 1 0 0 0 0 1 1 1 0 1 1 1 1 0 1 0 0 1 0 1 1 1 0 1 0 0 1 1 0 0 0 1 1
140	1	1 1 0 1 1 1 1 1 1 1 0 1 1 1 0 1 1 1 0 0 0 0 1 1 1 0 1 1 1 1 0 1 0 0 1 0 1 1 1 0 1 0 0 1 1 0 0 0 1 1
140	7	1 1 0 1 1 1 1 1 1 1 0 0 1 1 0 1 1 1 0 0 0 0 1 1 1 0 1 1 1 1 0 1 0 0 1 0 1 1 1 0 1 0 0 1 1 0 0 0 1 1
140	2	1 1 0 1 1 1 1 1 1 1 0 0 1 1 0 1 1 1 0 0 0 0 1 1 1 0 1 1 1 1 0 1 0 0 0 0 1 1 1 0 0 0 0 1 0 0 0 0 1 1
140	10	1 1 0 1 1 1 1 1 1 1 0 0 1 1 0 1 1 1 0 0 0 0 1 1 1 0 1 1 1 1 0 1 0 0 0 0 1 1 1 0 0 0 0 1 1 0 0 0 1 1
140	2	1 1 0 1 1 1 1 1 1 1 1 0 1 1 0 1 1 1 0 0 0 0 1 1 1 0 1 1 1 1 0 1 0 0 1 0 1 1 1 0 1 0 0 1 1 0 0 0 1 0
140	1	1 1 0 1 1 1 1 1 1 1 0 0 1 1 0 1 1 1 0 0 0 0 1 1 1 0 1 1 1 1 0 1 0 0 1 0 1 1 1 0 1 0 0 1 1 0 0 0 1 0
140	1	1 0 0 0 1 1 0 1 1 1 1 1 0 0 0 0 1 0 1 1 1 1 1 0 0 1 1 0 1 1 1 1 0 1 1 0 0 1 1 0 0 0 0 0 1 1 0 0 0 0
140	2	1 0 1 0 0 1 0 1 1 1 1 1 0 0 0 0 1 0 1 1 1 1 1 0 0 1 1 0 1 1 1 1 0 0 1 0 0 1 1 0 0 0 0 0 1 0 0 1 0 0
140	5	1 0 1 0 1 1 0 1 1 1 1 1 0 0 0 0 1 0 1 1 1 1 1 0 0 1 1 0 1 0 1 1 0 0 1 0 0 1 1 0 0 0 0 0 1 0 0 1 0 0
140	45	1 0 1 0 1 1 0 1 1 1 1 1 0 0 0 0 1 0 1 1 1 1 1 0 0 1 1 0 1 1 1 1 0 0 1 0 0 1 1 0 0 0 0 0 1 0 0 1 0 0
140	13	1 0 0 0 1 1 0 1 1 1 1 1 0 0 0 0 1 0 1 1 1 1 1 0 0 1 1 0 1 1 1 1 0 0 1 0 0 1 1 0 0 0 0 0 1 0 0 1 0 0
150	2	1 1 1 1 1 1 1 1 1 1 0 0 1 1 0 1 1 1 0 1 0 0 1 1 1 0 1 0 1 1 0 1 0 0 1 0 1 1 1 0 1 0 0 1 1 0 0 0 1 1
150	1	1 1 1 1 1 1 1 1 1 1 0 0 1 1 0 1 1 1 0 1 0 0 1 1 1 0 1 1 1 1 0 1 0 0 1 0 1 1 1 0 1 0 0 1 1 0 0 0 1 1
150	2	1 1 1 1 1 1 1 1 1 1 0 0 1 1 0 1 1 1 0 0 0 0 1 1 1 0 1 1 1 0 0 1 0 0 1 0 1 1 1 0 1 0 0 1 1 0 0 0 1 1
150	6	1 1 1 1 1 1 1 1 1 1 0 0 1 1 0 1 1 1 0 0 0 0 1 1 1 0 1 1 1 1 0 1 0 0 1 0 1 1 1 0 1 0 0 1 1 0 0 0 1 1
150	1	1 1 0 1 1 1 1 1 1 1 0 1 1 1 0 1 1 1 0 0 0 0 1 1 1 0 1 1 1 1 0 1 0 0 1 0 1 1 1 0 1 0 0 1 1 0 0 0 1 1
150	5	1 1 0 1 1 1 1 1 1 1 0 0 1 1 0 1 1 1 0 0 0 0 1 1 1 0 1 1 1 1 0 1 0 0 1 0 1 1 1 0 1 0 0 1 1 0 0 0 1 1
150	3	1 1 0 1 1 1 1 1 1 1 0 0 1 1 0 1 1 1 0 0 0 0 1 1 1 0 1 1 1 1 0 1 0 0 0 0 1 1 1 0 0 0 0 1 0 0 0 0 1 1
150	1	1 1 0 1 1 1 1 1 1 1 0 0 1 1 0 1 1 1 0 0 0 0 1 1 1 1 1 1 1 1 0 1 0 0 0 0 1 1 1 0 0 0 0 1 1 0 0 0 1 1
150	11	1 1 0 1 1 1 1 1 1 1 0 0 1 1 0 1 1 1 0 0 0 0 1 1 1 0 1 1 1 1 0 1 0 0 0 0 1 1 1 0 0 0 0 1 1 0 0 0 1 1
150	1	1 1 0 1 1 1 1 1 1 1 1 0 1 1 0 1 1 1 0 0 0 0 1 1 1 0 1 1 1 1 0 1 0 0 1 0 1 1 1 0 1 0 0 1 1 0 0 0 1 0
150	4	1 0 1 0 1 1 0 1 1 1 1 1 0 0 0 0 1 0 1 1 1 1 1 0 0 1 1 0 1 1 1 1 0 1 1 0 0 1 1 0 0 0 0 0 1 1 0 1 0 0
150	1	1 0 1 0 0 1 0 1 1 1 1 1 0 0 0 0 1 0 1 1 1 1 1 0 0 1 1 0 1 1 1 1 0 0 1 0 0 1 1 0 0 0 0 0 1 0 0 1 0 0
150	5	1 0 1 0 1 1 0 1 1 1 1 1 0 0 0 0 1 0 1 1 1 1 1 0 0 1 1 0 1 0 1 1 0 0 1 0 0 1 1 0 0 0 0 0 1 0 0 1 0 0
150	4	1 0 1 0 1 1 0 1 1 1 1 1 0 0 0 0 1 0 1 1 1 1 1 0 0 1 1 0 1 1 1 1 0 0 1 0 0 1 1 0 0 0 0 0 1 0 0 0 0 0
150	6	1 0 0 0 1 1 0 1 1 1 1 1 0 0 0 0 1 0 1 1 1 1 1 0 0 1 1 0 1 1 1 1 0 0 1 0 0 1 1 0 0 0 0 0 1 0 0 1 0 0
150	1	1 0 1 0 1 1 0 1 1 1 1 1 0 0 0 0 1 0 1 1 1 1 1 0 0 1 1 0 1 1 1 1 0 0 1 0 0 1 1 0 0 0 0 0 1 0 0 1 1 0
150	1	1 0 1 0 1 1 0 1 1 1 0 1 0 0 0 0 1 0 1 1 1 1 1 0 0 1 1 0 1 1 1 1 0 0 1 0 0 1 1 0 0 0 0 0 1 0 0 1 0 0
150	45	1 0 1 0 1 1 0 1 1 1 1 1 0 0 0 0 1 0 1 1 1 1 1 0 0 1 1 0 1 1 1 1 0 0 1 0 0 1 1 0 0 0 0 0 1 0 0 1 0 0
160	1	1 1 1 1 1 1 1 1 1 1 0 0 1 1 0 1 1 1 0 1 0 0 1 1 1 0 1 0 1 1 0 1 0 0 1 0 1 1 1 0 1 0 0 1 1 0 0 0 1 1
160	1	1 1 1 1 1 1 1 1 1 1 0 0 1 1 0 1 1 1 0 1 0 0 1 1 1 0 1 1 1 1 0 1 0 0 1 0 1 1 1 0 1 0 0 1 1 0 0 0 1 1
160	1	1 1 1 1 1 1 1 1 1 1 0 0 1 1 0 1 1 1 0 0 0 0 1 1 1 0 1 1 1 0 0 1 0 0 1 0 1 1 1 0 1 0 0 1 1 0 0 0 1 1
160	1	1 1 1 0 1 1 1 1 1 1 0 0 1 1 0 1 1 1 0 0 0 0 1 1 1 0 1 1 1 1 0 1 0 0 1 0 1 1 1 0 1 0 0 1 1 0 0 0 1 1
160	5	1 1 1 1 1 1 1 1 1 1 0 0 1 1 0 1 1 1 0 0 0 0 1 1 1 0 1 1 1 1 0 1 0 0 1 0 1 1 1 0 1 0 0 1 1 0 0 0 1 1
160	1	1 1 0 1 1 1 1 1 1 1 0 1 1 1 0 1 1 1 0 0 0 0 1 1 1 0 1 1 1 1 0 1 0 0 1 0 1 1 1 0 1 0 0 1 1 0 0 0 1 1
160	1	1 1 0 1 1 1 1 1 1 1 0 0 1 1 0 1 1 1 0 0 0 0 1 1 1 0 1 1 1 1 0 1 0 0 1 0 1 1 1 0 1 0 0 1 1 0 0 0 1 1
160	3	1 1 0 1 1 1 1 1 1 1 0 0 1 1 0 1 1 1 0 0 0 0 1 1 1 0 1 0 1 1 0 1 0 0 0 0 1 1 1 0 0 0 0 1 0 0 0 0 1 1
160	7	1 1 0 1 1 1 1 1 1 1 0 0 1 1 0 1 1 1 0 0 0 0 1 1 1 0 1 1 1 1 0 1 0 0 0 0 1 1 1 0 0 0 0 1 0 0 0 0 1 1
160	1	1 1 0 1 1 1 1 1 1 1 0 0 1 1 0 1 1 1 0 0 0 0 1 1 1 0 1 1 1 1 0 1 0 0 0 0 1 1 1 0 0 0 0 1 1 0 1 0 1 1
160	1	1 1 0 1 1 1 1 1 1 1 0 0 1 1 0 1 1 1 0 0 0 0 1 1 1 0 1 1 1 1 0 1 0 0 0 0 1 1 1 0 0 0 0 1 1 0 0 0 1 0
160	5	1 1 0 1 1 1 1 1 1 1 0 0 1 1 0 1 1 1 0 0 0 0 1 1 1 0 1 1 1 1 0 1 0 0 0 0 1 1 1 0 0 0 0 1 1 0 0 0 1 1
160	1	1 1 0 1 1 1 1 1 1 1 1 0 1 0 0 1 1 1 0 0 0 0 1 1 1 0 1 1 1 1 0 1 0 0 1 0 1 1 1 0 1 0 0 1 1 0 0 0 1 0
160	3	1 1 0 1 1 1 1 1 1 1 1 0 1 1 0 1 1 1 0 0 0 0 1 1 1 0 1 1 1 1 0 1 0 0 1 0 1 1 1 0 1 0 0 1 1 0 0 0 1 0
160	2	1 0 1 0 1 1 0 1 1 1 1 1 0 0 0 0 1 1 1 1 1 1 1 0 0 1 1 0 1 0 1 1 0 0 1 0 0 1 1 0 0 0 0 0 1 0 0 1 0 0
160	1	1 0 1 0 1 1 0 1 1 1 1 1 1 0 0 0 1 0 1 1 1 1 1 0 0 1 1 0 1 0 1 1 0 0 1 0 0 1 1 0 0 0 0 0 1 0 0 1 0 0
160	1	1 0 1 0 1 1 0 1 1 1 1 1 0 0 0 0 1 0 1 1 0 1 1 0 0 1 1 0 1 1 1 1 0 0 1 0 0 1 1 0 0 0 0 0 1 0 0 1 0 0
160	40	1 0 1 0 1 1 0 1 1 1 1 1 0 0 0 0 1 0 1 1 1 1 1 0 0 1 1 0 1 1 1 1 0 0 1 0 0 1 1 0 0 0 0 0 1 0 0 1 0 0
160	1	1 0 1 1 1 1 0 1 1 1 1 1 0 0 0 0 1 0 1 1 1 1 1 0 0 1 1 0 1 0 1 1 0 0 1 0 0 1 1 0 0 0 0 0 1 0 0 1 0 0
160	13	1 0 1 0 1 1 0 1 1 1 1 1 0 0 0 0 1 0 1 1 1 1 1 0 0 1 1 0 1 0 1 1 0 0 1 0 0 1 1 0 0 0 0 0 1 0 0 1 0 0
160	6	1 0 1 0 1 1 0 1 1 1 1 1 0 0 0 0 1 0 1 1 1 1 1 0 0 1 1 0 1 1 1 1 0 0 1 0 0 1 1 0 0 0 0 0 1 0 0 0 0 0
160	1	1 0 0 0 1 1 0 1 1 1 1 1 0 0 0 0 1 0 1 1 1 1 1 0 0 1 1 0 1 1 1 1 0 0 1 0 0 1 1 0 0 0 0 0 1 0 0 1 0 0
160	1	1 0 1 0 1 1 0 1 1 1 1 1 0 0 0 0 1 0 1 1 1 1 1 0 0 1 1 0 1 1 1 1 0 0 1 0 0 1 1 0 0 0 0 0 1 0 0 1 1 0
160	2	1 0 1 0 1 0 0 1 1 1 1 1 0 0 0 0 1 0 1 1 1 1 1 0 0 1 1 0 1 1 1 1 0 0 1 0 0 1 1 0 0 0 0 0 1 0 0 1 0 0
170	1	1 1 1 1 1 1 1 1 1 1 0 0 1 1 0 1 1 1 0 1 0 0 1 1 1 0 1 0 1 1 0 1 0 0 1 0 1 1 1 0 1 0 0 1 1 0 0 0 1 1
170	2	1 1 1 1 1 1 1 1 1 1 0 0 1 1 0 1 1 1 0 0 0 0 1 1 1 0 1 1 1 0 0 1 0 0 1 0 1 1 1 0 1 0 0 1 1 0 0 0 1 1
170	7	1 1 1 1 1 1 1 1 1 1 0 0 1 1 0 1 1 1 0 0 0 0 1 1 1 0 1 1 1 1 0 1 0 0 1 0 1 1 1 0 1 0 0 1 1 0 0 0 1 1
170	3	1 1 0 1 1 1 1 1 1 1 0 1 1 1 0 1 1 1 0 0 0 0 1 1 1 0 1 1 1 1 0 1 0 0 1 0 1 1 1 0 1 0 0 1 1 0 0 0 1 1
170	6	1 1 0 1 1 1 1 1 1 1 0 0 1 1 0 1 1 1 0 0 0 0 1 1 1 0 1 1 1 1 0 1 0 0 0 0 1 1 1 0 0 0 0 1 0 0 0 0 1 1
170	1	1 1 0 1 1 0 1 1 1 1 0 0 1 1 0 1 1 1 0 0 0 0 1 1 1 0 1 1 1 1 0 1 0 0 0 0 1 1 1 0 0 0 0 1 1 0 0 0 1 0
170	1	1 1 0 1 1 1 1 1 1 1 0 0 1 1 0 1 1 1 0 0 0 0 1 1 1 0 1 1 1 1 0 1 0 0 0 0 1 1 1 0 0 0 0 1 1 0 0 0 1 0
170	5	1 1 0 1 1 1 1 1 1 1 1 0 1 1 0 1 1 1 0 0 0 0 1 1 1 0 1 1 1 1 0 1 0 0 1 0 1 1 1 0 1 0 0 1 1 0 0 0 1 0
170	7	1 1 0 1 1 1 1 1 1 1 0 0 1 1 0 1 1 1 0 0 0 0 1 1 1 0 1 1 1 1 0 1 0 0 1 0 1 1 1 0 1 0 0 1 1 0 0 0 1 0
170	1	1 0 1 0 1 1 0 1 1 1 1 1 0 0 0 0 1 0 1 1 1 1 1 0 0 1 1 0 1 1 1 1 0 1 1 0 0 1 1 0 0 0 0 0 1 1 0 1 0 0
170	4	1 0 1 0 1 1 0 1 1 1 1 1 0 0 0 0 1 1 1 1 1 1 1 0 0 1 1 0 1 0 1 1 0 0 1 0 0 1 1 0 0 0 0 0 1 0 0 1 0 0
170	1	1 0 1 0 1 1 0 1 1 1 1 1 1 0 0 0 1 0 1 1 1 1 1 0 0 1 1 0 1 0 1 1 0 0 1 0 0 1 1 0 0 0 0 0 1 0 0 1 0 0
170	27	1 0 1 0 1 1 0 1 1 1 1 1 0 0 0 0 1 0 1 1 1 1 1 0 0 1 1 0 1 1 1 1 0 0 1 0 0 1 1 0 0 0 0 0 1 0 0 1 0 0
170	1	1 0 1 0 1 1 0 1 1 1 1 1 0 0 0 0 0 0 1 1 1 1 1 0 0 1 1 0 1 1 1 1 0 0 1 0 0 1 1 0 0 0 0 0 1 0 0 1 0 0
170	18	1 0 1 0 1 1 0 1 1 1 1 1 0 0 0 0 1 0 1 1 1 1 1 0 0 1 1 0 1 0 1 1 0 0 1 0 0 1 1 0 0 0 0 0 1 0 0 1 0 0
170	1	1 0 1 0 1 1 0 1 1 1 1 1 0 0 0 1 1 0 1 1 1 1 1 0 0 1 1 0 1 1 1 1 0 0 1 0 0 1 1 0 0 0 0 0 1 0 0 0 0 0
170	10	1 0 1 0 1 1 0 1 1 1 1 1 0 0 0 0 1 0 1 1 1 1 1 0 0 1 1 0 1 1 1 1 0 0 1 0 0 1 1 0 0 0 0 0 1 0 0 0 0 0
170	1	1 0 0 0 1 1 0 1 1 1 1 1 0 0 0 0 1 0 1 1 1 1 1 0 0 1 1 0 1 1 1 1 0 0 1 0 0 1 1 0 0 0 0 0 1 0 0 1 0 0
170	2	1 0 1 0 1 1 0 1 1 1 1 1 1 0 0 0 1 0 1 1 1 1 1 0 0 1 1 0 1 1 1 1 0 0 1 0 0 1 1 0 0 0 0 0 1 0 0 1 0 0
170	1	1 0 1 0 1 1 1 1 1 1 1 1 0 0 0 0 1 0 1 1 1 1 1 0 0 1 1 0 1 1 1 1 0 0 1 0 0 1 1 0 0 0 0 0 1 0 0 1 0 0
180	1	1 0 1 1 1 1 1 1 1 1 0 0 1 1 0 1 1 1 0 1 0 0 1 1 1 0 1 1 1 1 0 1 0 0 1 0 1 1 1 0 1 0 0 1 1 0 0 0 1 1
180	3	1 1 1 1 1 1 1 1 1 1 0 0 1 1 0 1 1 1 0 0 0 0 1 1 1 0 1 1 1 0 0 1 0 0 1 0 1 1 1 0 1 0 0 1 1 0 0 0 1 1
180	3	1 1 1 1 1 1 1 1 1 1 0 0 1 1 0 1 1 1 0 0 0 0 1 1 1 0 1 1 1 1 0 1 0 0 1 0 1 1 1 0 1 0 0 1 1 0 0 0 1 1
180	13	1 1 0 1 1 1 1 1 1 1 0 0 1 1 0 1 1 1 0 0 0 0 1 1 1 0 1 1 1 1 0 1 0 0 0 0 1 1 1 0 0 0 0 1 0 0 0 0 1 1
180	2	1 1 0 1 1 1 1 1 1 1 0 0 1 1 0 1 1 1 0 0 0 0 1 1 1 0 1 1 1 1 0 1 0 0 0 0 1 1 1 0 0 0 0 1 1 0 0 0 1 0
180	1	1 1 0 1 1 1 1 1 1 1 0 0 1 1 0 1 1 1 0 0 0 0 1 1 1 0 1 1 1 1 0 1 0 0 0 0 1 1 1 0 0 0 0 1 1 0 0 0 1 1
180	7	1 1 0 1 1 1 1 1 1 1 1 0 1 1 0 1 1 1 0 0 0 0 1 1 1 0 1 1 1 1 0 1 0 0 1 0 1 1 1 0 1 0 0 1 1 0 0 0 1 0
180	16	1 0 1 0 1 1 0 1 1 1 1 1 0 0 0 0 1 0 1 1 1 1 1 0 0 1 1 0 1 1 1 1 0 0 1 0 0 1 1 0 0 0 0 0 1 0 0 1 0 0
180	1	1 0 1 0 1 1 0 1 1 1 1 1 0 0 0 0 1 0 1 1 1 1 1 0 0 1 1 0 1 0 1 1 0 0 1 0 0 1 1 0 0 0 0 0 1 0 0 1 1 0
180	1	1 0 1 0 1 1 0 1 1 1 1 1 0 0 0 0 1 0 1 1 1 1 1 0 0 1 1 0 0 0 1 1 0 0 1 0 0 1 1 0 0 0 0 0 1 0 0 1 0 0
180	29	1 0 1 0 1 1 0 1 1 1 1 1 0 0 0 0 1 0 1 1 1 1 1 0 0 1 1 0 1 0 1 1 0 0 1 0 0 1 1 0 0 0 0 0 1 0 0 1 0 0
180	23	1 0 1 0 1 1 0 1 1 1 1 1 0 0 0 0 1 0 1 1 1 1 1 0 0 1 1 0 1 1 1 1 0 0 1 0 0 1 1 0 0 0 0 0 1 0 0 0 0 0
190	1	1 1 1 1 1 1 1 1 1 1 0 0 1 1 0 1 1 1 0 1 0 0 1 1 1 0 1 1 1 1 0 1 0 0 1 0 1 1 1 0 1 0 0 1 1 0 0 0 1 1
190	6	1 1 1 1 1 1 1 1 1 1 0 0 1 1 0 1 1 1 0 0 0 0 1 1 1 0 1 1 1 1 0 1 0 0 1 0 1 1 1 0 1 0 0 1 1 0 0 0 1 1
190	26	1 1 0 1 1 1 1 1 1 1 0 0 1 1 0 1 1 1 0 0 0 0 1 1 1 0 1 1 1 1 0 1 0 0 0 0 1 1 1 0 0 0 0 1 0 0 0 0 1 1
190	1	1 1 0 1 1 1 1 1 1 1 0 0 1 1 0 1 1 1 0 0 0 0 1 1 1 0 1 1 1 1 0 1 0 0 0 0 1 1 1 0 0 0 0 1 1 0 0 0 1 1
190	1	1 1 0 1 1 1 1 1 1 1 1 0 1 1 0 1 1 1 0 0 0 0 1 1 1 0 1 1 1 1 0 1 0 0 1 0 1 1 1 0 1 0 0 1 1 0 0 0 1 0
190	1	1 1 0 1 1 1 1 1 1 1 0 0 1 1 0 1 1 1 0 0 0 0 1 1 1 0 1 1 1 1 0 1 0 0 1 0 1 1 1 0 1 0 0 1 1 0 0 0 1 0
190	1	1 0 1 0 1 1 0 1 1 1 1 1 0 0 0 0 1 1 1 1 1 1 1 0 0 1 1 0 1 0 1 1 0 0 1 0 0 1 1 0 0 0 0 0 1 0 0 1 0 0
190	38	1 0 1 0 1 1 0 1 1 1 1 1 0 0 0 0 1 0 1 1 1 1 1 0 0 1 1 0 1 1 1 1 0 0 1 0 0 1 1 0 0 0 0 0 1 0 0 0 0 0
190	12	1 0 1 0 1 1 0 1 1 1 1 1 0 0 0 0 1 0 1 1 1 1 1 0 0 1 1 0 1 1 1 1 0 0 1 0 0 1 1 0 0 0 0 0 1 0 0 1 0 0
190	1	1 0 1 0 1 1 0 1 1 1 1 1 0 0 0 0 0 0 1 1 1 1 1 0 0 1 1 0 1 1 1 1 0 0 1 0 0 1 1 0 0 0 0 0 1 0 0 1 0 0
190	10	1 0 1 0 1 1 0 1 1 1 1 1 0 0 0 0 1 0 1 1 1 1 1 0 0 1 1 0 1 0 1 1 0 0 1 0 0 1 1 0 0 0 0 0 1 0 0 1 0 0
190	1	1 0 1 0 1 1 0 1 1 1 1 1 0 0 0 0 1 0 1 1 1 1 1 0 0 1 1 0 1 1 1 1 0 0 1 0 0 1 1 0 0 0 0 0 0 0 0 0 0 0
190	1	0 0 1 0 1 1 0 1 1 1 1 1 0 0 0 0 1 0 1 1 1 1 1 0 0 1 1 0 1 1 1 1 0 0 1 0 0 1 1 0 0 0 0 0 1 0 0 0 0 0
200	1	1 1 1 1 1 1 1 1 1 1 0 0 1 1 0 1 1 1 0 0 0 0 1 1 1 0 1 1 1 1 0 1 0 0 1 0 1 1 1 0 1 0 0 1 1 0 0 0 1 1
200	1	1 1 0 1 1 1 1 1 1 1 0 0 1 1 0 1 1 1 0 0 0 0 1 1 1 0 1 1 1 1 0 1 1 0 0 0 1 1 1 0 0 0 0 1 0 0 0 0 1 1
200	32	1 1 0 1 1 1 1 1 1 1 0 0 1 1 0 1 1 1 0 0 0 0 1 1 1 0 1 1 1 1 0 1 0 0 0 0 1 1 1 0 0 0 0 1 0 0 0 0 1 1
200	2	1 1 0 1 1 1 1 1 1 1 0 0 1 1 0 1 1 1 0 0 0 0 1 1 1 0 1 1 1 1 0 1 0 0 0 0 1 1 1 0 0 0 0 1 1 0 0 0 1 1
200	37	1 0 1 0 1 1 0 1 1 1 1 1 0 0 0 0 1 0 1 1 1 1 1 0 0 1 1 0 1 1 1 1 0 0 1 0 0 1 1 0 0 0 0 0 1 0 0 0 0 0
200	1	1 0 1 0 1 1 0 1 1 1 1 1 0 0 0 0 1 0 1 1 1 1 1 0 0 1 1 0 1 1 1 1 0 1 1 0 0 1 1 0 0 0 0 0 1 0 0 1 0 0
200	7	1 0 1 0 1 1 0 1 1 1 1 1 0 0 0 0 1 0 1 1 1 1 1 0 0 1 1 0 1 1 1 1 0 0 1 0 0 1 1 0 0 0 0 0 1 0 0 1 0 0
200	1	1 0 1 0 1 1 0 1 1 1 1 1 0 0 0 0 1 0 1 1 1 1 1 0 0 1 1 0 1 0 1 1 0 0 1 0 0 1 0 0 0 0 0 0 1 0 0 1 0 0
200	13	1 0 1 0 1 1 0 1 1 1 1 1 0 0 0 0 1 0 1 1 1 1 1 0 0 1 1 0 1 0 1 1 0 0 1 0 0 1 1 0 0 0 0 0 1 0 0 1 0 0
200	1	1 0 1 0 1 1 0 1 1 1 0 1 0 0 0 0 1 0 1 1 1 1 1 0 0 1 1 0 1 1 1 1 0 0 1 0 0 1 1 0 0 0 0 0 1 0 0 0 0 0
200	4	1 0 1 0 1 1 0 1 1 1 1 1 0 0 0 0 1 0 1 1 1 1 1 0 0 1 1 0 1 1 1 1 0 0 1 0 0 1 1 0 0 0 0 0 0 0 0 0 0 0
210	1	1 1 1 1 1 1 1 1 1 1 0 0 1 1 0 1 1 1 0 0 0 0 1 1 1 0 1 1 1 1 0 1 0 0 1 0 1 1 1 0 1 0 0 1 1 0 0 0 1 1
210	1	1 1 0 1 1 1 1 1 1 1 0 1 1 1 0 1 1 1 0 0 0 0 1 1 1 0 1 1 1 1 0 1 0 0 1 0 1 1 1 0 1 0 0 1 1 0 0 0 1 1
210	2	1 1 0 1 1 1 1 1 1 1 0 0 0 1 0 1 1 1 0 0 0 0 1 1 1 0 1 1 1 1 0 1 0 0 0 0 1 1 1 0 0 0 0 1 0 0 0 0 1 1
210	1	1 1 0 1 1 1 1 1 1 1 0 0 1 1 0 1 0 1 0 0 0 0 1 1 1 0 1 1 1 1 0 1 0 0 0 0 1 1 1 0 0 0 0 1 0 0 0 0 1 1
210	2	1 1 0 1 1 1 1 1 1 1 0 0 1 1 0 1 1 1 0 0 0 1 1 1 1 0 1 1 1 1 0 1 0 0 0 0 1 1 1 0 0 0 0 1 0 0 0 0 1 1
210	37	1 1 0 1 1 1 1 1 1 1 0 0 1 1 0 1 1 1 0 0 0 0 1 1 1 0 1 1 1 1 0 1 0 0 0 0 1 1 1 0 0 0 0 1 0 0 0 0 1 1
210	1	1 1 0 1 1 1 1 1 1 1 0 0 1 1 0 1 1 1 0 0 0 0 1 1 1 0 1 1 1 1 0 1 0 0 0 1 1 1 1 0 0 0 0 1 1 0 0 0 1 1
210	2	1 1 0 1 1 1 1 1 1 1 0 0 1 1 0 1 1 1 0 0 0 0 1 1 1 0 1 1 1 1 0 1 0 0 0 0 1 1 1 0 0 0 0 1 1 0 0 0 1 1
210	7	1 0 1 0 1 1 0 1 1 1 1 1 0 0 0 0 1 0 1 1 1 1 1 0 0 1 1 0 1 1 1 1 0 0 1 0 0 1 1 0 0 0 0 0 0 0 0 0 0 0
210	19	1 0 1 0 1 1 0 1 1 1 1 1 0 0 0 0 1 0 1 1 1 1 1 0 0 1 1 0 1 1 1 1 0 0 1 0 0 1 1 0 0 0 0 0 1 0 0 0 0 0
210	1	1 0 1 0 1 1 0 0 1 1 1 1 0 0 0 0 1 0 1 1 1 1 1 0 0 1 1 0 1 1 1 1 0 0 1 0 0 1 1 0 0 0 0 0 1 0 0 1 1 0
210	1	1 0 1 0 1 1 0 0 1 1 1 1 0 0 0 0 1 0 1 1 1 1 1 0 0 1 1 0 1 1 1 1 0 0 1 0 0 1 1 0 0 0 0 0 1 0 0 1 0 0
210	2	1 0 1 0 1 1 0 1 1 1 1 1 0 0 0 0 1 0 1 1 1 1 1 0 0 1 1 0 1 1 1 1 0 1 1 0 0 1 1 0 0 0 0 0 1 0 0 1 0 0
210	3	1 0 1 0 1 1 0 1 1 1 1 1 0 0 0 0 1 0 1 1 1 1 1 0 0 1 1 0 1 1 1 1 0 0 1 0 0 1 1 0 0 0 0 0 1 0 0 1 0 0
210	1	1 0 1 0 1 1 0 1 1 1 1 1 0 0 0 0 0 0 1 1 1 1 1 0 0 1 1 0 1 1 1 1 0 0 1 0 0 1 1 0 0 0 1 0 1 0 0 1 0 0
210	1	1 0 1 0 1 1 0 1 1 1 1 1 0 0 0 0 1 0 1 1 1 1 1 0 0 1 1 0 1 0 1 1 0 0 1 0 0 1 0 0 0 0 0 0 1 0 0 1 0 0
210	1	1 0 1 0 1 1 0 1 0 1 1 1 0 0 0 0 1 0 1 1 1 1 1 0 0 1 1 0 1 0 1 1 0 0 1 0 0 1 1 0 0 0 0 0 1 0 0 1 0 0
210	10	1 0 1 0 1 1 0 1 1 1 1 1 0 0 0 0 1 0 1 1 1 1 1 0 0 1 1 0 1 0 1 1 0 0 1 0 0 1 1 0 0 0 0 0 1 0 0 1 0 0
210	1	1 0 1 0 1 1 0 1 1 1 0 1 0 0 0 0 1 0 1 1 1 1 1 0 0 1 1 0 1 1 1 1 0 0 1 0 0 1 1 0 0 0 0 0 1 0 0 0 0 1
210	6	1 0 1 0 1 1 0 1 1 1 0 1 0 0 0 0 1 0 1 1 1 1 1 0 0 1 1 0 1 1 1 1 0 0 1 0 0 1 1 0 0 0 0 0 1 0 0 0 0 0
220	3	1 1 0 1 1 1 1 1 1 1 0 0 1 1 0 1 1 1 0 0 0 1 1 1 1 0 1 1 1 1 0 1 0 0 0 0 1 1 1 0 0 0 0 1 0 0 0 0 1 1
220	2	1 1 0 1 1 1 1 1 1 1 0 0 1 1 0 1 1 1 0 0 0 0 1 1 1 0 1 1 1 1 0 1 0 0 0 0 1 1 1 0 0 0 0 1 0 0 0 0 0 1
220	2	1 1 0 1 1 1 1 1 1 1 0 0 1 1 0 1 1 1 0 0 0 0 1 1 1 0 1 1 1 1 0 1 0 0 1 0 1 1 1 0 0 0 0 1 0 0 0 0 1 1
220	1	1 1 0 1 1 1 1 1 1 1 0 0 1 1 0 1 1 1 0 0 0 0 1 1 1 0 1 1 1 1 0 0 0 0 0 0 1 1 1 0 0 0 0 1 0 0 0 0 1 1
220	33	1 1 0 1 1 1 1 1 1 1 0 0 1 1 0 1 1 1 0 0 0 0 1 1 1 0 1 1 1 1 0 1 0 0 0 0 1 1 1 0 0 0 0 1 0 0 0 0 1 1
220	5	1 1 0 1 1 1 1 1 1 1 0 0 1 1 0 1 1 1 0 0 0 0 1 1 1 0 1 1 1 1 0 1 0 0 0 0 1 1 1 0 0 0 0 1 1 0 0 0 1 1
220	1	1 0 1 0 1 1 0 1 1 1 1 1 0 0 0 0 1 0 1 1 1 1 1 0 0 1 1 0 1 1 0 1 0 0 1 0 0 1 1 0 0 0 0 0 0 0 0 0 0 0
220	20	1 0 1 0 1 1 0 1 1 1 1 1 0 0 0 0 1 0 1 1 1 1 1 0 0 1 1 0 1 1 1 1 0 0 1 0 0 1 1 0 0 0 0 0 0 0 0 0 0 0
220	5	1 0 1 0 1 1 0 1 1 1 0 1 0 0 0 0 1 0 1 1 1 1 1 0 0 1 1 0 1 1 1 1 0 0 1 0 0 1 1 0 0 0 0 0 1 0 0 0 0 0
220	1	1 0 1 0 1 1 0 1 1 1 1 1 0 0 0 0 1 0 1 1 1 1 1 0 0 1 1 0 0 1 1 1 0 0 1 0 0 1 1 0 0 0 0 0 1 0 0 0 0 0
220	1	1 0 1 0 1 1 0 1 1 1 1 1 0 0 1 0 1 0 1 1 1 1 1 0 0 1 1 0 1 1 1 1 0 0 1 0 0 1 1 0 0 0 0 0 1 0 0 0 0 0
220	20	1 0 1 0 1 1 0 1 1 1 1 1 0 0 0 0 1 0 1 1 1 1 1 0 0 1 1 0 1 1 1 1 0 0 1 0 0 1 1 0 0 0 0 0 1 0 0 0 0 0
220	1	1 0 1 0 1 1 0 0 1 1 1 1 0 0 0 0 1 0 1 1 1 1 1 0 0 1 1 0 1 1 1 1 0 0 1 0 0 1 1 0 0 0 0 0 1 0 0 1 0 0
220	2	1 0 1 0 1 1 0 1 1 1 1 1 0 0 0 0 1 0 1 1 1 1 1 0 0 1 1 0 1 1 1 1 0 0 1 0 0 1 1 0 0 0 0 0 1 0 0 1 0 0
220	3	1 0 1 0 1 1 0 1 1 1 1 1 0 0 0 0 1 0 1 1 1 1 1 0 0 1 1 0 1 0 1 1 0 0 1 0 0 1 1 0 0 0 0 0 1 0 0 1 0 0
230	7	1 1 0 1 1 1 1 1 1 1 0 0 1 1 0 1 1 1 0 0 0 1 1 1 1 0 1 1 1 1 0 1 0 0 0 0 1 1 1 0 0 0 0 1 0 0 0 0 1 1
230	1	1 1 0 1 1 1 1 1 1 1 0 0 1 1 0 0 1 1 0 0 0 0 1 1 1 0 1 1 1 1 0 1 0 0 0 0 1 1 1 0 0 0 0 1 0 0 0 0 1 1
230	27	1 1 0 1 1 1 1 1 1 1 0 0 1 1 0 1 1 1 0 0 0 0 1 1 1 0 1 1 1 1 0 1 0 0 0 0 1 1 1 0 0 0 0 1 0 0 0 0 1 1
230	1	1 1 0 1 1 1 1 1 1 1 0 0 1 1 0 1 1 1 0 0 0 0 1 1 1 0 1 1 1 1 0 1 0 0 0 0 1 1 1 0 0 0 0 1 1 0 0 0 1 1
230	4	1 0 1 0 1 1 0 1 1 1 1 1 0 0 0 0 1 0 1 1 1 1 1 0 0 1 1 0 1 1 0 1 0 0 1 0 0 1 1 0 0 0 0 0 0 0 0 0 0 0
230	3	1 0 1 0 1 1 0 1 1 1 1 1 0 0 0 0 1 0 1 1 1 1 1 0 0 1 1 0 1 1 1 1 0 1 1 0 0 1 1 0 0 0 0 0 0 0 0 0 0 0
230	32	1 0 1 0 1 1 0 1 1 1 1 1 0 0 0 0 1 0 1 1 1 1 1 0 0 1 1 0 1 1 1 1 0 0 1 0 0 1 1 0 0 0 0 0 0 0 0 0 0 0
230	4	1 0 1 0 1 1 0 1 1 1 0 1 0 0 0 0 1 0 1 1 1 1 1 0 0 1 1 0 1 1 1 1 0 0 1 0 0 1 1 0 0 0 0 0 1 0 0 0 0 0
230	1	1 0 1 0 1 1 0 1 1 1 1 1 0 0 0 0 1 0 1 1 1 1 1 0 0 1 1 0 0 1 1 1 0 0 1 0 0 1 1 0 0 0 0 0 1 0 0 0 0 0
230	15	1 0 1 0 1 1 0 1 1 1 1 1 0 0 0 0 1 0 1 1 1 1 1 0 0 1 1 0 1 1 1 1 0 0 1 0 0 1 1 0 0 0 0 0 1 0 0 0 0 0
230	5	1 0 1 0 1 1 0 1 1 1 1 1 0 0 0 0 1 0 1 1 1 1 1 0 0 1 1 0 1 0 1 1 0 0 1 0 0 1 1 0 0 0 0 0 1 0 0 1 0 0
240	2	1 1 0 1 1 1 1 1 1 1 0 0 1 1 0 1 1 1 0 0 0 1 1 1 1 0 1 1 1 1 0 1 0 0 0 0 1 1 1 0 0 0 0 1 0 0 0 0 1 1
240	1	1 1 0 0 1 1 1 1 1 1 0 0 1 1 0 1 1 1 0 0 0 0 1 1 1 0 1 1 1 1 0 1 0 0 0 0 1 1 1 0 0 0 0 1 0 0 0 0 1 0
240	10	1 1 0 1 1 1 1 1 1 1 0 0 1 1 0 1 1 1 0 0 0 0 1 1 1 0 1 1 1 1 0 1 0 0 0 0 1 1 1 0 0 0 0 1 0 0 0 0 1 1
240	1	1 1 0 1 1 1 1 1 1 1 0 0 1 1 0 1 1 1 0 0 0 0 1 1 1 0 1 1 1 1 0 1 0 0 0 0 1 1 1 0 0 0 1 1 0 0 0 0 1 1
240	2	1 0 1 0 1 1 0 1 1 1 1 1 0 0 0 0 1 0 1 1 1 1 1 0 0 1 1 0 1 1 0 1 0 0 1 0 0 1 1 0 0 0 0 0 0 0 0 0 0 0
240	1	1 0 1 0 1 1 0 1 1 1 1 1 0 0 0 0 1 0 1 1 1 1 1 0 0 1 1 0 1 1 1 1 0 1 1 0 0 1 1 1 0 0 0 0 0 0 0 0 0 0
240	1	1 0 1 0 1 1 0 1 1 1 1 1 0 0 0 0 1 0 1 0 1 1 1 0 0 1 1 0 1 1 1 1 0 0 1 0 0 1 1 0 0 0 0 0 1 0 0 0 0 0
240	1	1 0 1 0 1 1 0 1 1 1 0 1 0 0 0 0 1 0 1 1 1 1 1 0 0 1 0 0 1 1 1 1 0 0 1 0 0 1 1 0 0 0 0 0 1 0 0 0 0 0
240	7	1 0 1 0 1 1 0 1 1 1 0 1 0 0 0 0 1 0 1 1 1 1 1 0 0 1 1 0 1 1 1 1 0 0 1 0 0 1 1 0 0 0 0 0 1 0 0 0 0 0
240	19	1 0 1 0 1 1 0 1 1 1 1 1 0 0 0 0 1 0 1 1 1 1 1 0 0 1 1 0 1 1 1 1 0 0 1 0 0 1 1 0 0 0 0 0 1 0 0 0 0 0
240	2	1 0 1 0 0 1 0 1 1 1 1 1 0 0 0 0 1 0 1 1 1 1 1 0 0 1 1 0 1 1 1 1 0 0 1 0 0 1 1 0 0 0 0 0 0 0 0 0 0 0
240	1	1 0 1 0 1 1 0 1 1 1 1 1 0 0 0 0 1 0 1 1 1 1 1 0 0 1 1 0 1 1 1 1 0 0 1 0 0 1 1 0 0 0 0 0 0 0 0 1 0 0
240	1	1 0 1 0 1 1 0 1 1 1 1 1 0 0 0 0 1 0 1 1 1 1 1 0 0 1 1 0 1 1 1 1 0 0 1 0 0 1 1 0 1 0 0 0 0 0 0 0 0 0
240	51	1 0 1 0 1 1 0 1 1 1 1 1 0 0 0 0 1 0 1 1 1 1 1 0 0 1 1 0 1 1 1 1 0 0 1 0 0 1 1 0 0 0 0 0 0 0 0 0 0 0
250	1	1 1 0 1 1 1 1 1 1 1 0 0 1 1 0 1 1 1 0 0 0 1 1 1 1 0 1 1 1 0 0 1 0 0 0 0 1 1 1 0 0 0 0 1 0 0 0 0 1 1
250	3	1 1 0 1 1 1 1 1 1 1 0 0 1 1 0 1 1 1 0 0 0 1 1 1 1 0 1 1 1 1 0 1 0 0 0 0 1 1 1 0 0 0 0 1 0 0 0 0 1 1
250	1	1 1 0 1 1 1 1 1 1 1 0 0 1 1 0 1 1 1 0 0 1 0 1 1 1 0 1 1 1 1 0 1 0 0 0 0 1 1 1 0 0 0 0 1 0 0 0 0 1 1
250	7	1 1 0 1 1 1 1 1 1 1 0 0 1 1 0 1 1 1 0 0 0 0 1 1 1 0 1 1 1 1 0 1 0 0 0 0 1 1 1 0 0 0 0 1 0 0 0 0 1 1
250	1	1 1 0 1 1 1 1 1 1 1 0 0 1 1 0 1 1 1 0 0 0 0 1 1 1 0 1 1 1 1 0 1 0 0 0 0 1 1 1 0 0 0 1 1 0 0 0 0 1 1
250	2	1 0 1 0 1 1 0 1 1 1 1 1 0 0 0 0 1 0 1 1 1 1 1 0 0 1 1 0 1 1 0 1 0 0 1 0 0 1 1 0 0 0 0 0 0 0 0 0 0 0
250	1	1 0 1 0 1 1 0 1 1 1 1 1 0 0 0 0 1 0 1 0 1 1 1 0 0 1 1 0 1 1 1 1 0 0 1 0 0 1 1 0 0 0 0 0 1 0 0 0 0 0
250	5	1 0 1 0 1 1 0 1 1 1 0 1 0 0 0 0 1 0 1 1 1 1 1 0 0 1 0 0 1 1 1 1 0 0 1 0 0 1 1 0 0 0 0 0 1 0 0 0 0 0
250	2	1 0 1 0 1 1 0 1 1 1 0 1 0 0 0 0 1 0 1 1 1 1 1 0 0 1 1 0 1 1 1 1 0 0 1 0 0 1 1 0 0 0 0 0 1 0 0 0 0 0
250	11	1 0 1 0 1 1 0 1 1 1 1 1 0 0 0 0 1 0 1 1 1 1 1 0 0 1 1 0 1 1 1 1 0 0 1 0 0 1 1 0 0 0 0 0 1 0 0 0 0 0
250	2	1 0 1 0 0 1 0 1 1 1 1 1 0 0 0 0 1 0 1 1 1 1 1 0 0 1 1 0 1 1 1 1 0 0 1 0 0 1 1 0 0 0 0 0 0 0 0 0 0 0
250	1	1 0 1 0 1 1 0 1 1 1 1 1 0 0 0 0 1 0 1 1 1 1 1 0 0 1 1 0 1 1 1 1 0 0 1 0 0 1 1 0 1 0 0 0 0 0 0 0 0 0
250	2	1 0 1 0 1 1 0 1 1 1 0 1 0 0 0 0 1 0 1 1 1 1 1 0 0 1 1 0 1 1 1 1 0 0 1 0 0 1 1 0 0 0 0 0 0 0 0 0 0 0
250	1	1 0 1 0 1 1 0 1 1 1 1 0 0 0 0 0 1 0 1 1 1 1 1 0 0 1 1 0 1 1 1 1 0 0 0 0 0 1 1 0 0 0 0 0 0 0 0 0 0 0
250	60	1 0 1 0 1 1 0 1 1 1 1 1 0 0 0 0 1 0 1 1 1 1 1 0 0 1 1 0 1 1 1 1 0 0 1 0 0 1 1 0 0 0 0 0 0 0 0 0 0 0
260	10	1 1 0 1 1 1 1 1 1 1 0 0 1 1 0 1 1 1 0 0 0 0 1 1 1 0 1 1 1 1 0 1 0 0 0 0 1 1 1 0 0 0 0 1 0 0 0 0 1 1
260	1	1 1 0 1 1 1 1 1 1 1 0 0 1 1 0 1 1 1 0 0 0 1 1 1 1 0 1 1 1 1 0 1 0 1 0 0 1 1 1 0 0 0 0 1 0 0 0 0 1 1
260	4	1 1 0 1 1 1 1 1 1 1 0 0 1 1 0 1 1 1 0 0 0 1 1 1 1 0 1 1 1 1 0 1 0 0 0 0 1 1 1 0 0 0 0 1 0 0 0 0 1 1
260	1	1 1 0 1 1 1 1 1 1 1 0 0 1 1 0 1 1 1 0 0 1 0 1 1 1 0 1 1 1 1 0 1 0 0 0 0 1 1 1 0 0 0 0 1 0 0 0 0 1 1
260	1	1 0 1 0 1 1 0 1 1 1 1 1 0 0 0 0 0 0 1 1 1 1 1 0 0 1 1 0 1 1 0 1 0 0 1 0 0 1 1 0 0 0 0 0 0 0 0 0 0 0
260	1	1 0 1 0 1 1 0 1 1 1 1 1 0 0 0 0 1 0 1 1 1 1 1 0 0 1 1 0 1 1 0 1 0 0 1 0 0 1 1 0 0 0 0 0 0 0 0 0 0 0
260	1	1 0 1 0 1 1 0 1 1 1 0 1 0 0 0 0 1 0 1 1 1 1 1 0 0 1 0 0 1 1 1 1 0 0 1 0 0 1 1 0 0 0 0 0 1 0 0 0 0 0
260	2	1 0 1 0 1 1 0 1 1 1 0 1 0 0 0 0 1 0 1 1 1 1 1 0 0 1 1 0 1 1 1 1 0 0 1 0 0 1 1 0 0 0 0 0 1 0 0 0 0 0
260	2	1 0 1 0 1 1 0 1 1 1 1 1 0 0 0 0 1 0 1 1 1 1 1 0 0 1 1 0 1 1 1 1 0 0 0 0 0 1 1 0 0 0 0 0 1 0 0 0 0 0
260	2	1 0 1 0 1 1 0 1 1 1 1 1 0 0 0 0 1 0 1 1 1 1 1 0 0 1 1 0 1 1 1 1 0 0 1 0 0 1 1 0 0 0 0 0 1 0 0 0 0 0
260	2	1 0 1 0 1 1 0 1 1 1 1 1 0 0 0 0 1 0 1 1 1 1 0 0 0 1 1 0 1 1 1 1 0 0 1 0 0 1 1 0 0 0 0 0 0 0 0 0 0 0
260	1	1 0 1 0 1 1 0 1 1 1 1 1 0 0 0 0 0 0 1 1 1 1 1 0 0 1 1 0 1 1 1 1 0 0 1 0 0 1 1 0 0 0 0 0 0 0 0 0 0 0
260	1	1 0 1 0 1 1 0 1 1 1 1 1 0 0 0 0 1 0 1 1 1 1 1 0 0 1 1 0 1 1 1 1 0 0 1 0 0 1 1 0 0 0 0 0 0 0 0 1 0 0
260	1	1 0 1 0 1 1 0 1 1 1 1 1 0 0 0 0 1 0 1 1 1 1 1 0 0 1 1 0 1 1 1 1 0 0 1 0 0 1 0 0 0 0 0 0 0 0 0 0 0 0
260	70	1 0 1 0 1 1 0 1 1 1 1 1 0 0 0 0 1 0 1 1 1 1 1 0 0 1 1 0 1 1 1 1 0 0 1 0 0 1 1 0 0 0 0 0 0 0 0 0 0 0
270	1	1 1 0 1 1 1 1 1 1 1 0 0 1 1 0 1 1 1 0 0 0 0 1 1 1 0 1 1 1 1 0 1 0 0 0 0 1 1 1 0 0 0 0 1 0 0 0 0 1 1
270	1	1 1 0 1 1 1 1 1 1 1 0 0 1 1 0 1 1 1 0 0 0 1 1 1 1 0 1 1 1 1 0 1 0 0 0 0 1 1 1 0 0 0 0 1 0 0 0 0 1 1
270	2	1 1 0 1 1 1 1 1 1 1 0 0 1 1 0 1 1 1 0 0 0 1 1 1 1 0 1 1 1 1 0 1 0 0 0 0 0 1 1 0 0 0 0 1 0 0 0 0 1 1
270	1	1 0 1 0 1 1 0 1 1 1 1 1 0 0 0 0 0 0 1 1 1 1 1 0 0 1 1 0 1 1 0 1 0 0 1 0 0 1 1 0 0 0 0 0 0 0 0 0 0 0
270	1	1 0 1 0 1 1 0 1 1 1 1 1 0 0 0 0 1 0 1 1 1 1 1 0 0 1 1 0 1 1 0 1 0 0 1 0 0 1 1 0 0 0 0 0 0 0 0 0 0 0
270	1	1 0 1 0 1 1 0 1 1 1 0 1 0 0 0 0 1 0 1 1 1 1 1 0 0 1 0 0 1 1 1 1 0 0 1 0 0 1 1 0 0 0 0 0 1 0 0 0 0 0
270	3	1 0 1 0 1 1 0 1 1 1 0 1 0 0 0 0 0 0 1 1 1 1 1 0 0 1 1 0 1 1 1 1 0 0 1 0 0 1 1 0 0 0 0 0 1 0 0 0 0 0
270	3	1 0 1 0 1 1 0 1 1 1 1 1 0 0 1 0 1 0 1 0 1 1 1 0 0 1 1 0 1 1 1 1 0 0 1 0 0 1 1 0 0 0 0 0 1 0 1 0 0 0
270	1	1 0 1 0 1 1 0 1 1 1 1 1 0 0 0 0 1 0 1 1 1 1 1 0 0 1 1 0 1 1 1 1 0 0 1 0 0 0 1 0 0 0 0 0 1 0 0 0 0 0
270	2	1 0 1 0 1 1 0 1 1 1 1 1 0 0 0 0 1 0 1 1 1 1 1 0 0 1 1 0 1 1 1 1 0 0 1 0 0 1 1 0 0 0 0 0 1 0 0 0 0 0
270	3	1 0 1 0 1 1 0 1 1 1 1 1 0 0 0 0 0 0 1 1 1 1 1 0 0 1 1 0 1 1 1 1 0 0 1 0 0 1 1 0 0 0 0 0 0 0 0 0 0 0
270	2	1 0 1 0 1 1 0 1 1 1 1 1 0 0 0 0 1 0 1 1 1 1 1 0 0 1 1 0 1 1 1 1 0 0 1 0 0 1 0 0 0 0 0 0 0 0 0 0 0 0
270	2	1 0 1 0 1 1 0 1 1 1 1 1 0 0 0 0 1 0 1 1 1 1 1 0 0 1 1 0 1 1 1 1 0 0 1 0 0 1 1 0 0 1 0 0 0 0 0 0 0 0
270	1	1 1 1 0 1 1 0 1 1 1 1 1 0 0 0 0 1 0 1 1 1 1 1 0 0 1 1 0 1 1 1 1 0 0 1 0 0 1 1 0 0 0 0 0 0 0 0 0 0 0
270	1	1 0 1 0 1 1 0 1 1 1 1 1 0 0 0 0 1 0 1 1 1 1 1 0 0 1 1 0 1 1 1 1 0 0 1 0 0 1 1 0 0 0 0 0 0 0 0 0 1 0
270	75	1 0 1 0 1 1 0 1 1 1 1 1 0 0 0 0 1 0 1 1 1 1 1 0 0 1 1 0 1 1 1 1 0 0 1 0 0 1 1 0 0 0 0 0 0 0 0 0 0 0
280	1	1 1 0 1 1 1 1 1 1 1 0 0 1 1 0 1 1 0 0 0 0 0 1 1 1 0 1 1 1 1 0 1 0 0 0 0 1 1 1 0 0 0 0 1 0 0 0 0 1 1
280	1	1 1 0 1 1 1 1 1 1 1 0 0 1 1 0 1 1 1 0 0 0 0 1 1 1 0 1 1 1 1 0 1 0 0 0 0 1 1 1 0 0 0 0 1 0 0 0 0 1 1
280	1	1 1 0 1 1 1 1 1 1 1 0 0 1 1 0 1 1 1 0 0 0 1 1 1 1 0 1 1 1 1 0 1 0 0 0 0 1 1 1 0 0 0 0 1 0 0 0 0 1 1
280	2	1 1 0 1 1 1 1 1 1 1 0 0 1 1 0 1 1 1 0 0 1 0 1 1 1 0 1 1 1 1 0 1 0 0 0 0 1 1 1 0 0 0 0 1 0 0 0 0 1 1
280	1	1 1 0 1 1 1 1 1 1 1 0 0 1 1 0 1 1 1 0 0 0 1 1 1 1 0 1 1 1 1 0 1 0 0 0 0 0 1 1 0 0 0 0 1 0 0 0 0 1 1
280	2	1 0 1 0 1 1 0 1 1 1 1 1 0 0 0 0 1 0 1 1 1 1 1 0 0 1 1 0 1 1 0 1 0 0 1 0 0 1 1 0 0 0 0 0 0 0 0 0 0 0
280	5	1 0 1 0 1 1 0 1 1 1 1 1 0 0 0 0 0 0 1 1 1 1 1 0 0 1 1 0 1 1 0 1 0 0 1 0 0 1 1 0 0 0 0 0 0 0 0 0 0 0
280	2	1 0 1 0 1 1 0 1 1 1 1 1 0 0 0 0 1 0 1 1 1 1 1 0 0 1 1 0 1 1 1 1 0 0 1 0 0 1 1 0 0 0 0 0 1 0 0 0 0 0
280	1	1 0 1 0 1 1 0 1 1 1 1 1 0 0 0 0 1 0 1 1 1 1 1 0 0 1 1 0 1 1 1 1 0 0 1 0 0 1 1 0 0 0 0 0 0 0 0 1 0 0
280	2	1 0 1 0 1 1 0 1 1 1 1 0 0 0 0 0 1 0 1 1 1 1 1 0 0 1 1 0 1 1 1 1 0 0 1 0 0 1 1 0 0 0 0 0 0 0 0 0 0 0
280	1	1 0 1 0 1 1 0 1 1 1 1 1 1 0 0 0 1 0 1 1 1 1 1 0 0 1 1 0 1 1 1 1 0 0 1 0 0 1 1 0 0 0 0 0 0 0 0 0 0 0
280	1	1 0 1 0 1 1 0 1 1 1 1 1 0 0 0 0 1 0 1 1 1 1 1 0 0 1 1 0 1 1 1 1 0 0 1 0 0 1 1 1 0 0 0 0 0 0 0 0 0 0
280	1	0 0 1 0 1 1 0 1 1 1 1 1 0 0 0 0 1 0 1 1 1 1 1 0 0 1 1 0 1 1 1 1 0 0 1 0 0 1 1 0 0 0 0 0 0 0 0 0 0 0
280	78	1 0 1 0 1 1 0 1 1 1 1 1 0 0 0 0 1 0 1 1 1 1 1 0 0 1 1 0 1 1 1 1 0 0 1 0 0 1 1 0 0 0 0 0 0 0 0 0 0 0
280	1	1 0 1 0 1 1 0 1 1 1 1 1 0 0 0 0 1 0 1 1 1 1 1 0 0 1 1 0 1 1 1 1 0 0 1 0 0 1 0 0 0 0 0 0 0 0 0 0 0 0
290	2	1 1 0 1 1 1 1 1 1 1 0 0 1 1 0 1 1 1 0 0 0 0 1 1 1 0 1 1 1 1 0 1 0 0 0 0 1 1 1 0 0 0 0 1 0 0 0 0 1 1
290	1	1 1 0 1 1 1 1 1 1 1 0 0 1 1 0 1 1 1 0 0 1 0 1 1 1 0 1 1 1 1 0 1 0 0 0 0 1 1 1 0 0 0 0 1 0 0 0 0 1 1
290	1	1 1 0 1 1 1 1 1 1 1 0 0 1 1 0 1 1 1 0 0 0 1 1 1 1 0 1 1 1 1 0 1 0 0 0 0 0 1 1 0 0 0 0 1 0 0 0 0 1 1
290	1	1 0 1 0 1 1 0 1 1 1 1 1 0 0 0 0 1 0 1 1 1 1 1 0 0 1 1 0 1 1 0 1 0 0 1 0 0 1 1 0 0 0 0 0 0 0 0 0 0 0
290	2	1 0 1 0 1 1 0 1 1 1 1 1 0 0 0 0 0 0 1 1 1 1 1 0 0 1 1 0 1 1 0 1 0 0 1 0 0 1 1 0 0 0 0 0 0 0 0 0 0 0
290	1	1 0 1 0 1 1 0 1 1 1 0 1 0 0 0 0 0 0 1 1 1 1 1 0 0 1 1 0 1 1 1 1 0 0 1 0 0 1 1 0 0 0 0 0 1 0 0 0 0 0
290	3	1 0 1 0 1 1 0 1 1 1 0 1 0 0 0 0 1 0 1 1 1 1 1 0 0 1 1 0 1 1 1 1 0 0 1 0 0 1 1 0 0 0 1 0 0 0 0 0 0 0
290	1	1 0 1 0 1 1 0 1 1 1 1 1 0 0 0 0 1 0 1 1 1 1 1 0 0 1 1 0 1 1 1 1 0 0 1 0 0 1 1 0 0 0 0 0 0 0 0 1 0 0
290	1	1 0 1 0 1 1 0 1 1 1 1 1 1 0 0 0 1 0 1 1 1 1 1 0 0 1 1 0 1 1 1 1 0 0 1 0 0 1 1 0 0 0 0 0 0 0 0 0 0 0
290	1	1 0 1 0 1 1 0 1 1 1 1 1 0 0 0 0 1 0 1 1 1 1 1 0 0 0 1 0 1 1 1 1 0 0 1 0 0 1 1 0 0 0 0 0 0 0 0 0 0 0
290	5	1 0 1 0 1 1 0 1 1 1 1 1 0 0 0 0 1 1 1 1 1 1 1 0 0 1 1 0 1 1 1 1 0 0 1 0 0 1 1 0 0 0 0 0 0 0 0 0 0 0
290	1	1 0 1 0 1 1 0 1 1 1 1 1 0 0 0 0 1 0 1 1 1 1 0 0 0 1 1 0 1 1 1 1 0 0 1 0 0 1 1 0 0 0 0 0 0 0 0 0 0 0
290	1	1 0 1 0 1 1 0 1 1 1 1 1 0 0 0 0 1 0 1 1 1 1 1 0 0 1 1 0 1 0 1 1 0 0 1 0 0 1 1 0 0 0 0 0 0 0 0 0 0 0
290	1	1 0 1 0 1 1 0 1 1 1 0 1 0 0 0 0 1 0 1 1 1 1 1 0 0 1 1 0 1 1 1 1 0 0 1 0 0 1 1 0 0 0 0 0 0 0 0 0 0 0
290	1	1 0 1 0 1 1 0 1 1 0 1 1 0 0 0 0 1 0 1 1 1 1 1 0 0 1 1 0 1 1 1 1 0 0 1 0 0 1 1 0 0 0 0 0 0 0 0 0 0 0
290	74	1 0 1 0 1 1 0 1 1 1 1 1 0 0 0 0 1 0 1 1 1 1 1 0 0 1 1 0 1 1 1 1 0 0 1 0 0 1 1 0 0 0 0 0 0 0 0 0 0 0
290	3	1 0 1 0 1 1 0 1 0 1 1 1 0 0 0 0 1 0 1 1 1 1 1 0 0 1 1 0 1 1 1 1 0 0 1 0 0 1 1 0 0 0 0 0 0 0 0 0 0 0
300	2	1 1 0 1 1 1 1 1 1 1 0 0 1 1 0 1 1 1 0 0 1 0 1 1 1 0 1 1 1 1 0 1 0 0 0 0 1 1 1 0 0 0 0 1 0 0 0 0 1 1
300	4	1 0 1 0 1 1 0 1 1 1 1 1 0 0 0 0 1 0 1 1 1 1 1 0 0 1 1 0 1 1 0 1 0 0 1 0 0 1 1 0 0 0 0 0 0 0 0 0 0 0
300	1	1 0 1 0 0 1 0 1 1 1 1 1 0 0 0 0 0 0 1 1 1 1 1 0 0 1 1 0 1 1 0 1 0 0 1 0 0 1 1 0 0 0 0 0 0 0 0 0 0 0
300	2	1 0 1 0 1 1 0 1 1 1 1 1 0 0 0 0 0 0 1 1 1 1 1 0 0 1 1 0 1 1 0 1 0 0 1 0 0 1 1 0 0 0 0 0 0 0 0 0 0 0
300	1	1 0 1 0 1 1 0 1 1 1 0 1 0 0 0 0 0 0 1 1 1 1 1 0 0 1 1 0 1 1 1 1 0 0 1 0 0 1 1 0 0 0 0 0 1 0 0 0 0 0
300	1	1 0 1 0 1 1 0 1 1 1 1 1 0 0 0 0 1 0 1 1 1 1 1 0 0 1 1 0 1 1 1 1 0 0 1 1 0 0 1 0 0 0 0 0 0 0 0 0 0 0
300	5	1 0 1 0 1 1 0 1 1 1 1 1 0 0 0 0 1 1 1 1 1 1 1 0 0 1 1 0 1 1 1 1 0 0 1 0 0 1 1 0 0 0 0 0 0 0 0 0 0 0
300	4	1 0 1 0 1 1 1 1 1 1 1 1 0 0 0 0 1 0 1 1 1 1 1 0 0 1 1 0 1 1 1 1 0 0 1 0 0 1 1 0 0 0 0 0 0 0 0 0 0 0
300	1	1 0 1 0 1 1 0 1 1 1 1 1 0 0 0 0 1 0 0 1 1 1 1 0 0 1 1 0 1 1 1 1 0 0 1 0 0 1 1 0 0 0 0 0 0 0 0 0 0 0
300	1	1 0 1 0 1 1 0 0 1 1 1 1 0 0 0 0 1 0 1 1 1 1 1 0 0 1 1 0 1 1 1 1 0 0 1 0 0 1 1 0 0 0 0 0 0 0 0 0 0 0
300	78	1 0 1 0 1 1 0 1 1 1 1 1 0 0 0 0 1 0 1 1 1 1 1 0 0 1 1 0 1 1 1 1 0 0 1 0 0 1 1 0 0 0 0 0 0 0 0 0 0 0
310	3	1 1 0 1 1 1 1 1 1 1 0 0 1 1 0 1 1 1 0 0 1 0 1 1 1 0 1 1 1 1 0 1 0 0 0 0 1 1 1 0 0 0 0 1 0 0 0 0 1 1
310	1	1 1 0 1 1 1 1 1 1 1 0 0 1 1 0 1 1 1 0 0 0 1 1 1 1 0 1 1 1 1 0 1 0 0 0 0 0 1 1 0 0 0 0 1 0 0 0 0 1 1
310	4	1 0 1 0 1 1 0 1 1 1 1 1 0 0 0 0 1 0 1 1 1 1 1 0 0 1 1 0 1 1 0 1 0 0 1 0 0 1 1 0 0 0 0 0 0 0 0 0 0 0
310	1	1 0 1 0 1 1 0 1 1 1 1 1 0 0 0 0 0 0 1 1 1 1 1 0 0 1 1 0 1 1 0 1 0 0 1 0 0 1 1 0 1 0 0 0 0 0 0 0 0 0
310	7	1 0 1 0 1 1 0 1 1 1 1 1 0 0 0 0 0 0 1 1 1 1 1 0 0 1 1 0 1 1 0 1 0 0 1 0 0 1 1 0 0 0 0 0 0 0 0 0 0 0
310	1	1 0 1 0 1 1 0 1 1 1 1 0 0 0 0 0 1 0 1 1 1 1 1 0 0 1 1 0 1 1 1 1 0 0 1 0 0 1 1 0 0 0 0 0 0 0 0 0 0 0
310	1	1 0 1 0 1 1 0 1 1 1 1 1 0 0 0 0 1 0 1 1 1 1 1 0 0 1 1 0 1 1 1 1 0 0 1 1 0 0 1 0 0 0 0 0 0 0 0 0 0 0
310	1	1 0 1 0 1 1 0 1 1 1 1 1 0 0 0 0 1 1 1 1 1 1 1 0 0 1 1 0 1 1 1 1 0 0 1 0 0 1 1 0 0 0 0 0 0 0 0 0 0 0
310	3	1 0 1 0 1 1 0 1 1 1 1 1 0 0 0 0 1 0 1 1 1 1 1 0 0 1 1 0 1 1 1 1 0 0 1 1 0 1 1 0 0 0 0 0 0 0 0 0 0 0
310	2	1 0 1 0 1 1 0 1 1 1 1 1 0 0 0 0 1 0 1 1 0 1 1 0 0 1 1 0 1 1 1 1 0 0 1 0 0 1 1 0 0 0 0 0 0 0 0 0 0 0
310	1	1 0 1 0 1 1 0 1 1 1 1 1 0 0 0 0 1 0 1 1 1 1 1 0 1 1 1 0 1 1 1 1 0 0 1 0 0 1 1 0 0 0 0 0 0 0 0 0 0 0
310	1	1 0 1 0 1 1 1 1 1 1 1 1 0 1 0 0 1 0 1 1 1 1 1 0 0 1 1 0 1 1 1 1 0 0 1 0 0 1 1 0 0 0 0 0 0 0 0 0 0 0
310	5	1 0 1 0 1 1 1 1 1 1 1 1 0 0 0 0 1 0 1 1 1 1 1 0 0 1 1 0 1 1 1 1 0 0 1 0 0 1 1 0 0 0 0 0 0 0 0 0 0 0
310	1	1 0 1 0 1 1 0 1 1 0 1 1 0 0 0 0 1 0 1 1 1 1 1 0 0 1 1 0 1 1 1 1 0 0 1 0 0 1 1 0 0 0 0 0 0 0 0 0 0 0
310	68	1 0 1 0 1 1 0 1 1 1 1 1 0 0 0 0 1 0 1 1 1 1 1 0 0 1 1 0 1 1 1 1 0 0 1 0 0 1 1 0 0 0 0 0 0 0 0 0 0 0
