0	100	0 0 0 0 0 0 0 0 0 0
10	1	0 0 0 1 0 0 0 0 0 0
10	1	0 0 0 0 0 0 0 1 0 0
10	1	0 1 0 0 0 0 0 0 0 0
10	1	0 0 0 0 0 0 0 0 1 0
10	1	0 0 0 0 0 0 0 0 0 1
10	95	0 0 0 0 0 0 0 0 0 0
20	2	0 0 0 1 0 0 0 0 0 0
20	4	0 0 1 0 0 0 0 0 0 0
20	1	0 0 0 0 0 0 0 0 1 0
20	1	0 0 0 0 1 0 0 0 0 0
20	92	0 0 0 0 0 0 0 0 0 0
30	1	0 0 0 1 0 0 0 0 0 0
30	1	0 0 0 0 0 0 0 1 0 0
30	1	0 0 1 0 0 0 0 0 0 1
30	1	0 1 1 0 0 0 0 0 0 0
30	7	0 0 1 0 0 0 0 0 0 0
30	1	0 0 0 0 0 0 1 0 0 1
30	4	0 0 0 0 0 0 0 0 0 1
30	3	0 1 0 0 0 0 0 0 0 0
30	1	1 0 0 0 0 0 0 0 0 0
30	1	0 0 0 0 0 0 1 0 0 0
30	1	0 0 0 0 1 0 0 0 0 0
30	78	0 0 0 0 0 0 0 0 0 0
40	1	0 0 0 1 0 0 0 0 0 0
40	3	0 0 0 0 0 0 0 1 0 0
40	9	0 0 1 0 0 0 0 0 0 0
40	2	0 0 0 0 0 0 0 0 0 1
40	2	0 1 0 0 0 0 0 0 0 0
40	1	1 0 0 0 0 0 0 0 0 0
40	82	0 0 0 0 0 0 0 0 0 0
50	1	0 0 0 1 0 0 0 0 0 0
50	1	0 0 0 0 0 0 0 1 0 0
50	1	0 0 1 0 1 0 0 0 0 0
50	3	0 0 1 0 0 0 0 0 0 0
50	2	0 0 0 0 0 0 0 0 0 1
50	1	0 1 0 0 0 0 0 0 0 0
50	3	1 0 0 0 0 0 0 0 0 0
50	2	0 0 0 0 0 0 0 0 1 0
50	2	0 0 0 0 0 1 0 0 0 0
50	84	0 0 0 0 0 0 0 0 0 0
60	2	0 0 0 1 0 0 0 0 0 0
60	1	0 0 1 0 0 0 1 0 0 0
60	1	0 0 1 0 0 0 0 1 0 0
60	12	0 0 1 0 0 0 0 0 0 0
60	1	0 0 0 0 0 0 0 0 0 1
60	3	1 0 0 0 0 0 0 0 0 0
60	1	0 0 0 0 0 0 1 0 0 0
60	2	0 0 0 0 1 0 0 0 0 0
60	3	0 0 0 0 0 0 0 0 1 0
60	4	0 0 0 0 0 1 0 0 0 0
60	70	0 0 0 0 0 0 0 0 0 0
70	5	0 0 0 1 0 0 0 0 0 0
70	5	0 0 1 0 1 0 0 0 0 0
70	1	0 1 1 0 0 0 0 0 0 0
70	6	0 0 1 0 0 0 0 0 0 0
70	2	1 0 0 0 0 0 0 0 0 0
70	6	0 0 0 0 0 0 0 0 1 0
70	60	0 0 0 0 0 0 0 0 0 0
70	8	0 0 0 0 0 1 0 0 0 0
70	5	0 0 0 0 1 0 0 0 0 0
70	2	0 0 0 0 0 0 0 0 0 1
80	1	0 0 0 1 0 0 0 0 0 0
80	2	0 0 1 0 1 0 0 0 0 0
80	5	0 1 0 0 0 0 0 0 0 0
80	1	0 1 1 0 0 0 0 0 0 0
80	16	0 0 1 0 0 0 0 0 0 0
80	1	1 0 0 0 0 0 0 0 1 0
80	53	0 0 0 0 0 0 0 0 0 0
80	7	1 0 0 0 0 0 0 0 0 0
80	3	0 0 0 0 0 0 0 0 1 0
80	1	0 0 0 0 0 0 1 0 0 0
80	3	0 0 0 0 0 1 0 0 0 0
80	5	0 0 0 0 1 0 0 0 0 0
80	1	1 1 0 0 0 0 0 0 0 0
80	1	0 0 0 1 0 0 0 0 1 0
90	1	0 0 0 1 0 0 0 0 1 0
90	1	0 0 0 1 0 0 0 0 0 0
90	5	0 0 1 0 1 0 0 0 0 0
90	14	0 0 1 0 0 0 0 0 0 0
90	1	0 0 0 0 0 0 0 1 0 0
90	2	0 0 0 0 0 0 0 0 1 0
90	3	0 0 0 0 0 1 0 0 0 0
90	8	1 0 0 0 0 0 0 0 0 0
90	52	0 0 0 0 0 0 0 0 0 0
90	1	0 0 0 0 0 0 0 0 0 1
90	8	0 0 0 0 1 0 0 0 0 0
90	4	1 1 0 0 0 0 0 0 0 0
100	1	0 0 0 1 0 0 0 0 1 0
100	1	0 0 0 1 0 0 0 0 0 0
100	1	0 0 0 0 0 0 1 0 0 0
100	4	0 0 0 0 0 1 0 0 0 0
100	1	0 0 0 0 0 0 0 1 0 0
100	1	0 1 0 0 0 0 0 1 0 0
100	9	0 1 0 0 0 0 0 0 0 0
100	1	0 0 0 0 0 0 0 0 0 1
100	18	0 0 1 0 0 0 0 0 0 0
100	43	0 0 0 0 0 0 0 0 0 0
100	1	0 0 0 0 1 0 0 0 0 0
100	7	0 0 1 0 1 0 0 0 0 0
100	1	0 0 1 1 0 0 0 0 0 0
100	2	1 0 0 0 0 0 0 0 0 0
100	1	1 0 0 0 0 0 0 0 1 0
100	8	1 1 0 0 0 0 0 0 0 0
110	2	0 0 0 1 0 0 0 0 1 0
110	1	0 0 0 1 0 0 0 0 0 0
110	3	0 0 0 0 0 1 0 0 0 0
110	4	0 0 0 0 0 0 0 1 0 0
110	6	0 1 0 0 0 0 0 0 0 0
110	3	0 0 1 0 1 0 0 0 0 0
110	3	0 0 1 1 0 0 0 0 0 0
110	16	0 0 1 0 0 0 0 0 0 0
110	48	0 0 0 0 0 0 0 0 0 0
110	1	1 0 1 0 0 0 0 0 0 0
110	4	1 0 0 0 0 0 0 0 0 0
110	5	0 0 0 0 1 0 0 0 0 0
110	1	1 1 0 0 0 1 0 0 0 0
110	3	1 1 0 0 0 0 0 0 0 0
120	1	0 0 0 1 0 0 0 0 1 0
120	6	0 0 0 1 0 0 0 0 0 0
120	5	0 0 0 0 0 1 0 0 0 0
120	1	0 1 0 0 0 0 0 1 0 0
120	5	1 1 0 0 0 0 0 0 0 0
120	6	0 1 0 0 0 0 0 0 0 0
120	1	0 0 1 0 0 1 0 0 0 0
120	5	0 0 1 0 1 1 0 0 0 0
120	2	0 0 1 0 1 0 0 0 0 0
120	4	0 0 1 1 0 0 0 0 0 0
120	2	0 0 1 0 0 0 0 0 0 1
120	11	0 0 1 0 0 0 0 0 0 0
120	6	1 0 0 0 0 0 0 0 0 0
120	3	0 0 0 0 1 0 0 0 0 0
120	39	0 0 0 0 0 0 0 0 0 0
120	1	0 0 0 0 1 0 0 1 0 0
120	2	1 1 0 0 0 0 0 1 0 0
130	1	0 0 0 1 0 0 0 0 1 0
130	1	0 0 0 1 0 0 0 0 0 0
130	1	0 0 0 0 0 1 0 0 0 0
130	2	0 0 0 0 0 0 0 1 0 0
130	5	1 1 0 0 0 0 0 0 0 0
130	1	0 1 0 0 0 0 1 0 0 0
130	13	0 1 0 0 0 0 0 0 0 0
130	2	0 0 1 0 1 1 0 0 0 0
130	1	1 0 1 0 1 0 0 0 0 0
130	2	0 0 1 0 1 0 0 0 0 0
130	8	0 0 1 1 0 0 0 0 0 0
130	22	0 0 1 0 0 0 0 0 0 0
130	2	1 0 0 0 0 0 0 0 0 0
130	2	0 0 0 0 0 0 0 0 1 0
130	1	0 0 0 0 0 0 1 0 0 0
130	31	0 0 0 0 0 0 0 0 0 0
130	2	0 0 0 0 1 0 0 1 0 0
130	3	1 1 0 0 0 0 0 1 0 0
140	27	0 0 1 0 0 0 0 0 0 0
140	27	0 0 1 1 0 0 0 0 0 0
140	20	0 0 0 0 0 0 0 0 0 0
140	4	0 0 0 0 0 0 0 1 0 0
140	1	0 1 0 0 0 0 0 1 0 0
140	10	1 1 0 0 0 0 0 0 0 0
140	8	0 1 0 0 0 0 0 0 0 0
140	1	0 0 1 0 1 1 0 0 0 0
140	2	1 1 0 0 0 0 0 1 0 0
150	2	0 0 1 1 1 0 0 0 0 0
150	40	0 0 1 0 0 0 0 0 0 0
150	17	0 0 1 1 0 0 0 0 0 0
150	18	0 0 0 0 0 0 0 0 0 0
150	1	0 0 0 0 0 1 0 0 0 0
150	1	0 0 0 0 0 0 0 0 1 0
150	5	0 0 0 0 0 0 0 1 0 0
150	1	0 1 0 0 0 0 0 1 0 0
150	8	1 1 0 0 0 0 0 0 0 0
150	5	0 1 0 0 0 0 0 0 0 0
150	1	0 0 1 0 1 1 0 0 0 0
150	1	1 1 0 0 0 0 0 1 0 0
