0	100	0 0 0 0 0 0 0 0 0 0
10	1	0 1 0 0 0 0 0 0 0 0
10	3	0 0 0 0 0 0 1 0 0 0
10	3	1 0 0 0 0 0 0 0 0 0
10	1	0 0 0 0 0 0 0 1 0 0
10	92	0 0 0 0 0 0 0 0 0 0
20	3	0 1 0 0 0 0 0 0 0 0
20	2	0 0 0 0 0 1 0 0 0 0
20	2	1 0 0 0 0 0 0 0 0 0
20	3	0 0 0 0 0 0 0 0 0 1
20	90	0 0 0 0 0 0 0 0 0 0
30	1	0 1 0 0 0 0 0 0 0 1
30	2	0 1 0 0 0 0 0 0 0 0
30	1	0 0 0 1 0 0 0 0 0 0
30	1	0 0 0 0 0 0 0 0 0 1
30	1	0 0 0 0 1 0 0 0 0 0
30	90	0 0 0 0 0 0 0 0 0 0
30	1	1 0 0 0 0 0 0 0 0 1
30	3	1 0 0 0 0 0 0 0 0 0
40	2	0 1 0 0 0 0 0 0 0 1
40	1	0 1 0 0 0 0 0 1 0 0
40	5	0 1 0 0 0 0 0 0 0 0
40	1	0 0 1 0 0 0 0 0 0 0
40	1	0 0 0 1 0 0 0 1 0 0
40	4	0 0 0 1 0 0 0 0 0 0
40	1	0 0 0 0 0 0 0 0 1 0
40	2	0 0 0 0 1 0 0 0 0 0
40	3	1 0 0 0 0 0 0 0 0 0
40	80	0 0 0 0 0 0 0 0 0 0
50	3	0 1 0 0 0 0 0 0 0 0
50	3	0 1 0 0 0 0 0 0 0 1
50	1	0 1 0 0 0 0 0 1 0 0
50	2	0 0 0 1 0 0 0 1 0 0
50	1	1 0 0 1 0 0 0 0 0 0
50	70	0 0 0 0 0 0 0 0 0 0
50	6	0 0 0 1 0 0 0 0 0 0
50	2	0 0 0 0 0 0 0 1 0 0
50	8	1 0 0 0 0 0 0 0 0 0
50	3	0 0 0 0 1 0 0 0 0 0
50	1	1 0 0 0 0 1 0 0 0 0
60	6	0 1 0 0 0 0 0 0 0 0
60	3	0 1 0 0 0 0 0 1 0 0
60	3	0 0 0 0 0 1 0 0 0 0
60	2	0 0 0 1 0 0 0 1 0 0
60	1	0 0 0 0 0 0 0 0 1 0
60	3	0 0 0 0 0 0 0 1 0 0
60	5	0 0 0 1 0 0 0 0 0 0
60	2	0 0 0 0 1 0 0 0 0 0
60	5	1 0 0 0 0 0 0 0 0 0
60	67	0 0 0 0 0 0 0 0 0 0
60	1	1 0 0 0 1 0 0 0 0 0
60	2	1 0 0 0 0 1 0 0 0 0
70	5	0 1 0 0 0 0 0 1 0 0
70	1	1 1 0 0 0 0 0 0 0 0
70	3	0 1 0 0 0 0 0 0 0 0
70	1	0 0 0 0 0 1 0 0 0 0
70	6	0 0 1 0 0 0 0 0 0 0
70	2	0 0 0 0 0 0 0 0 1 0
70	2	0 0 0 0 0 0 0 1 0 0
70	11	0 0 0 1 0 0 0 0 0 0
70	1	0 0 0 0 1 0 0 0 0 0
70	1	0 0 0 0 0 0 1 0 0 0
70	2	1 0 0 0 0 1 0 0 0 0
70	7	1 0 0 0 0 0 0 0 0 0
70	1	0 0 0 0 0 0 0 0 0 1
70	57	0 0 0 0 0 0 0 0 0 0
80	1	0 1 0 1 0 0 0 0 0 0
80	3	0 1 0 0 0 0 0 0 0 0
80	5	0 0 1 0 0 0 0 0 0 0
80	48	0 0 0 0 0 0 0 0 0 0
80	9	0 0 0 0 1 0 0 0 0 0
80	15	0 0 0 1 0 0 0 0 0 0
80	13	1 0 0 0 0 0 0 0 0 0
80	3	0 0 0 0 0 0 0 0 1 0
80	1	0 0 0 0 0 0 1 1 1 0
80	1	1 0 0 0 0 1 0 0 0 0
80	1	1 0 0 0 0 0 0 1 0 0
90	3	0 0 0 0 0 0 0 1 0 0
90	1	0 1 0 0 0 0 0 1 0 0
90	5	0 1 0 0 0 0 0 0 0 0
90	3	0 0 1 0 0 0 0 0 0 0
90	1	0 0 0 0 1 0 1 0 0 0
90	6	0 0 0 0 1 0 0 0 0 0
90	47	0 0 0 0 0 0 0 0 0 0
90	18	1 0 0 0 0 0 0 0 0 0
90	1	0 0 0 1 0 0 0 0 1 0
90	13	0 0 0 1 0 0 0 0 0 0
90	1	1 0 0 0 0 0 0 1 0 0
90	1	0 0 0 0 0 0 1 1 0 0
100	2	0 0 0 0 0 0 0 1 0 0
100	4	0 1 0 0 0 0 0 1 0 0
100	9	0 1 0 0 0 0 0 0 0 0
100	4	0 0 1 0 0 0 0 0 0 0
100	7	0 0 0 0 1 0 0 0 0 0
100	1	0 0 0 0 0 0 1 0 0 0
100	1	0 0 0 0 0 1 0 0 0 0
100	39	0 0 0 0 0 0 0 0 0 0
100	15	0 0 0 1 0 0 0 0 0 0
100	18	1 0 0 0 0 0 0 0 0 0
110	8	0 0 0 0 0 0 0 1 0 0
110	1	0 1 0 0 0 0 0 1 0 0
110	3	0 1 0 0 0 0 0 0 0 0
110	12	0 0 1 0 0 0 0 0 0 0
110	3	0 0 0 0 1 0 0 0 0 0
110	1	0 0 0 0 0 0 1 0 0 0
110	1	0 0 0 0 0 1 0 0 0 0
110	38	0 0 0 0 0 0 0 0 0 0
110	1	1 0 0 0 0 0 0 0 1 0
110	13	1 0 0 0 0 0 0 0 0 0
110	1	0 0 0 1 0 0 1 0 0 0
110	1	0 0 1 1 0 0 0 0 0 0
110	1	0 1 0 1 0 0 1 0 0 0
110	16	0 0 0 1 0 0 0 0 0 0
120	3	0 0 0 0 0 0 0 1 0 0
120	1	0 1 0 0 0 0 0 1 0 0
120	2	0 0 1 0 0 0 0 0 0 1
120	3	0 0 1 0 1 0 0 0 0 0
120	6	0 0 0 0 1 0 0 0 0 0
120	2	0 0 0 0 0 0 1 0 0 0
120	10	0 0 1 0 0 0 0 0 0 0
120	5	0 0 0 0 0 1 0 0 0 0
120	26	1 0 0 0 0 0 0 0 0 0
120	27	0 0 0 0 0 0 0 0 0 0
120	10	0 0 0 1 0 0 0 0 0 0
120	5	1 0 0 0 0 0 1 0 0 0
130	2	0 0 0 0 0 0 1 0 0 0
130	1	0 0 0 0 0 1 0 0 0 0
130	11	0 0 0 1 0 0 0 0 0 0
130	17	0 0 0 0 0 0 0 0 0 0
130	6	0 0 0 0 0 0 0 1 0 0
130	3	0 1 0 0 0 0 0 0 0 0
130	1	0 0 1 0 0 0 0 0 0 1
130	1	0 0 1 0 1 0 0 0 0 0
130	5	0 0 0 0 1 0 0 0 0 0
130	12	0 0 1 0 0 0 0 0 0 0
130	1	1 0 0 0 0 0 1 0 0 0
130	1	1 0 0 0 0 0 0 1 0 0
130	1	1 0 0 0 0 0 0 0 0 1
130	1	1 0 1 0 0 0 0 0 0 0
130	37	1 0 0 0 0 0 0 0 0 0
140	7	0 0 0 0 0 0 1 0 0 0
140	4	0 0 0 0 0 1 0 0 0 0
140	1	0 0 1 1 0 0 0 0 0 0
140	9	0 0 0 1 0 0 0 0 0 0
140	16	0 0 1 0 0 0 0 0 0 0
140	1	0 0 0 0 1 0 0 0 0 0
140	5	1 1 0 0 0 0 0 0 0 0
140	22	0 0 0 0 0 0 0 0 0 0
140	25	1 0 0 0 0 0 0 0 0 0
140	3	0 1 0 0 0 0 0 0 0 0
140	2	0 0 0 0 0 0 0 1 0 0
140	4	1 0 0 0 0 0 0 0 1 0
140	1	1 0 0 1 0 0 0 0 0 0
150	1	0 0 0 0 1 0 1 0 0 0
150	1	0 0 0 0 0 0 1 0 0 0
150	1	0 0 0 0 0 1 0 0 1 0
150	20	0 0 0 0 0 0 0 0 0 0
150	3	0 0 0 0 0 1 0 0 0 0
150	2	0 0 1 1 0 0 0 0 0 0
150	2	1 0 0 1 0 0 0 0 0 0
150	15	0 0 1 0 0 0 0 0 0 0
150	11	0 0 0 1 0 0 0 0 0 0
150	1	0 0 0 0 1 0 0 0 0 0
150	12	1 1 0 0 0 0 0 0 0 0
150	1	0 1 0 0 0 0 0 0 0 0
150	24	1 0 0 0 0 0 0 0 0 0
150	1	1 1 0 0 0 1 0 0 0 0
150	1	0 0 1 0 0 0 0 0 0 1
150	4	1 0 0 0 0 0 0 0 1 0
