10	1	1 1 0 0 1 0 1 1 0 0 1 0 1 1 1 0 0 0 0 0 0 0 0 0 0 0 0 1 0 0 0 1 1 1 1 1 1 1 1 1 1 1 0 1 1 1 1 0 1 1
10	17	1 1 0 0 1 0 1 1 0 0 1 0 1 1 1 0 0 0 0 0 0 0 0 0 0 0 0 1 0 0 0 1 1 1 1 1 1 1 1 1 1 1 1 1 1 1 1 0 1 1
10	18	1 1 0 0 1 0 0 0 0 0 1 1 1 1 0 0 1 0 0 1 1 1 1 0 0 1 1 0 0 0 1 1 1 1 1 1 0 1 0 0 1 0 1 1 1 0 1 1 1 1
10	1	0 0 0 1 0 1 0 0 0 0 1 1 0 1 0 1 0 0 0 1 0 0 0 0 0 0 1 0 1 1 0 0 0 0 1 0 1 0 1 0 0 1 1 0 0 1 0 0 1 1
10	15	0 0 0 1 0 1 0 0 0 0 1 1 0 1 0 1 1 0 0 1 0 0 0 0 0 0 1 0 1 1 0 0 0 0 1 0 1 0 1 0 0 1 1 0 0 1 0 0 1 1
10	2	0 0 0 0 0 0 1 1 0 0 0 0 0 0 1 1 1 1 0 1 1 0 1 0 0 1 1 0 0 0 1 1 0 0 1 1 1 0 1 1 1 0 0 0 0 0 1 1 0 0
10	27	0 0 0 0 0 0 1 1 0 0 0 0 0 0 1 0 1 1 0 1 1 0 1 0 0 1 1 0 0 0 1 1 0 0 1 1 1 0 1 1 1 0 0 0 0 0 1 1 0 0
10	3	0 1 0 0 0 0 1 1 1 0 1 0 1 1 0 1 0 0 1 1 1 0 1 1 0 0 0 0 1 1 1 0 1 1 1 0 1 1 1 1 0 0 0 0 1 1 0 0 0 0
10	1	1 1 0 0 0 0 1 1 1 0 1 0 1 1 0 1 0 0 1 1 1 0 1 1 0 0 0 0 1 1 1 0 1 1 1 0 1 1 0 1 0 0 0 0 1 1 0 0 0 0
10	1	1 1 0 0 0 0 1 1 1 0 1 0 1 1 0 1 0 0 1 1 1 0 1 1 0 0 0 0 1 1 1 0 1 1 1 1 1 1 1 1 0 0 0 0 1 1 0 0 0 0
10	14	1 1 0 0 0 0 1 1 1 0 1 0 1 1 0 1 0 0 1 1 1 0 1 1 0 0 0 0 1 1 1 0 1 1 1 0 1 1 1 1 0 0 0 0 1 1 0 0 0 0
20	12	1 1 0 0 1 0 1 1 0 0 1 0 1 1 1 0 0 0 0 0 0 0 0 0 0 0 0 1 0 0 0 1 1 1 1 1 1 1 1 1 1 1 1 1 1 1 1 0 1 1
20	18	1 1 0 0 1 0 0 0 0 0 1 1 1 1 0 0 1 0 0 1 1 1 1 0 0 1 1 0 0 0 1 1 1 1 1 1 0 1 0 0 1 0 1 1 1 0 1 1 1 1
20	10	0 0 0 1 0 1 0 0 0 0 1 1 0 1 0 1 1 0 0 1 0 0 0 0 0 0 1 0 1 1 0 0 0 0 1 0 1 0 1 0 0 1 1 0 0 1 0 0 1 1
20	14	0 0 0 0 0 0 1 1 0 0 0 0 0 0 1 0 1 1 0 1 1 0 1 0 0 1 1 0 0 0 1 1 0 0 1 1 1 0 1 1 1 0 0 0 0 0 1 1 0 0
20	12	1 1 0 0 0 0 1 1 1 0 1 0 1 1 0 1 0 0 1 1 1 0 1 1 0 0 0 0 1 1 1 0 1 1 1 1 1 1 1 1 0 0 0 0 1 1 0 0 0 0
20	1	1 1 0 0 0 0 1 1 1 0 1 0 1 1 0 1 0 0 1 1 1 0 1 1 0 0 0 0 1 1 1 0 1 1 1 0 1 1 1 1 0 0 0 0 1 1 0 0 0 1
20	26	1 1 0 0 0 0 1 1 1 0 1 0 1 1 0 1 0 0 1 1 1 0 1 1 0 0 0 0 1 1 1 0 1 1 1 0 1 1 1 1 0 0 0 0 1 1 0 0 0 0
20	6	0 1 0 0 0 0 1 1 1 0 1 0 1 1 0 1 0 0 1 1 1 0 1 1 0 0 0 0 1 1 1 0 1 1 1 0 1 1 1 1 0 0 0 0 1 1 0 0 0 0
20	1	1 1 0 0 0 0 1 1 1 0 1 0 1 1 0 1 0 0 1 1 1 0 1 1 0 0 0 0 0 1 1 0 1 1 1 0 1 1 0 1 0 0 0 0 1 1 0 0 0 0
30	5	1 1 0 0 1 0 1 1 0 0 1 0 1 1 1 0 0 0 0 0 0 0 0 0 0 0 0 1 0 0 0 1 1 1 1 1 1 1 1 1 1 1 1 1 1 1 1 0 1 1
30	5	1 1 0 0 1 0 0 0 0 0 1 1 1 1 0 0 1 0 0 1 1 1 1 0 0 1 1 0 0 0 1 1 1 1 1 1 0 1 0 0 1 0 1 1 1 0 1 1 1 1
30	1	1 1 0 0 0 0 1 1 1 0 1 0 1 1 0 1 0 0 1 1 1 0 1 1 0 0 0 1 1 1 1 0 1 1 1 0 1 1 1 1 0 0 0 0 1 1 0 0 0 0
30	65	1 1 0 0 0 0 1 1 1 0 1 0 1 1 0 1 0 0 1 1 1 0 1 1 0 0 0 0 1 1 1 0 1 1 1 0 1 1 1 1 0 0 0 0 1 1 0 0 0 0
30	3	0 1 0 0 0 0 1 1 1 0 1 0 1 1 0 1 0 0 1 1 1 0 1 1 0 0 0 0 1 1 1 0 1 1 1 0 1 1 1 1 0 0 0 0 1 1 0 0 0 0
30	2	1 1 0 0 0 0 1 1 1 0 1 0 1 1 0 1 1 0 1 1 1 0 1 1 0 0 0 0 1 1 1 0 1 1 1 0 1 1 1 1 0 0 0 0 1 1 0 0 0 0
30	13	1 1 0 0 0 0 1 1 1 0 1 0 1 1 0 1 0 0 1 1 1 0 1 1 0 0 0 0 1 1 1 0 1 1 1 1 1 1 1 1 0 0 0 0 1 1 0 0 0 0
30	1	1 1 0 0 0 0 1 1 1 0 1 0 1 1 0 1 0 0 1 1 1 0 1 1 0 0 0 0 1 1 1 0 1 1 1 0 1 1 1 1 0 0 0 0 1 1 1 0 0 0
30	2	1 1 0 0 0 0 1 1 1 0 1 0 1 1 0 0 0 0 1 1 1 0 1 1 0 0 0 0 1 1 1 0 1 1 1 0 1 1 1 1 0 0 0 0 1 1 0 0 0 0
30	3	1 1 0 0 0 0 1 1 1 0 1 0 1 1 0 1 0 0 1 1 1 0 1 1 0 0 0 0 1 1 1 0 1 1 1 0 1 1 0 1 0 0 0 0 1 1 0 0 0 0
40	1	1 1 0 0 0 0 1 1 1 0 1 0 0 1 0 1 0 0 1 1 1 0 1 1 0 0 0 0 1 1 1 0 1 1 1 0 1 1 1 1 0 0 0 0 1 1 0 0 0 0
40	1	1 1 0 0 0 0 1 1 1 0 1 0 1 1 0 1 0 1 1 1 1 0 1 1 0 0 0 0 1 1 1 0 1 1 1 0 1 1 1 1 0 0 0 0 1 1 0 0 0 0
40	3	1 1 0 0 0 0 1 1 1 0 1 0 1 1 0 1 1 0 1 1 1 0 1 1 0 0 0 0 1 1 1 0 1 1 1 0 1 1 1 1 0 0 0 0 1 1 0 0 0 0
40	1	1 1 0 0 0 0 1 1 1 0 1 1 1 1 0 1 0 0 1 1 1 0 1 1 0 0 0 0 1 1 1 0 1 1 1 0 1 1 1 1 0 0 0 0 1 1 0 0 0 0
40	2	0 1 0 0 0 0 1 1 1 0 1 0 1 1 0 1 0 0 1 1 1 0 1 1 0 0 0 0 1 1 1 0 1 1 1 0 1 1 1 1 0 0 0 0 1 1 0 0 0 0
40	1	1 1 0 0 0 0 1 1 1 0 1 0 1 1 0 1 0 0 1 1 1 0 1 1 0 0 0 0 1 1 1 0 0 1 1 0 1 1 1 1 0 0 0 0 1 1 0 0 0 0
40	16	1 1 0 0 0 0 1 1 1 0 1 0 1 1 0 1 0 0 1 1 1 0 1 1 0 0 0 0 1 1 1 0 1 1 1 1 1 1 1 1 0 0 0 0 1 1 0 0 0 0
40	1	1 1 0 0 0 0 1 1 1 0 1 0 1 1 0 1 0 0 1 1 1 0 1 1 0 0 0 0 1 1 1 0 1 1 1 0 1 1 1 1 0 1 0 0 1 1 0 0 0 0
40	70	1 1 0 0 0 0 1 1 1 0 1 0 1 1 0 1 0 0 1 1 1 0 1 1 0 0 0 0 1 1 1 0 1 1 1 0 1 1 1 1 0 0 0 0 1 1 0 0 0 0
40	1	0 1 0 0 0 0 1 1 1 0 1 0 1 1 0 1 0 0 1 1 1 0 1 0 0 0 0 0 1 1 1 0 1 1 1 0 1 1 1 1 0 0 0 0 1 1 0 0 0 0
40	1	1 1 0 0 0 0 1 1 1 0 1 0 1 0 0 1 0 0 1 1 1 0 1 1 0 0 0 0 1 1 1 0 1 1 1 0 1 1 1 1 0 0 0 0 1 1 0 0 0 0
40	2	1 1 0 0 0 1 1 1 1 0 1 0 1 1 0 1 0 0 1 1 1 0 1 1 0 0 0 0 1 1 1 0 1 1 1 1 1 1 1 1 0 0 0 0 1 1 0 0 0 0
50	1	1 1 1 0 0 0 1 1 1 0 1 0 1 1 0 1 0 0 1 1 1 0 1 1 0 0 0 0 1 1 1 0 1 1 1 0 1 1 1 1 0 0 0 0 1 1 0 0 0 0
50	3	1 1 0 0 0 0 1 1 1 0 1 0 1 1 0 1 1 0 1 1 1 0 1 1 0 0 0 0 1 1 1 0 1 1 1 0 1 1 1 1 0 0 0 0 1 1 0 0 0 0
50	1	1 1 0 0 0 0 1 1 1 0 1 1 1 1 0 1 0 0 1 1 1 0 1 1 0 0 0 0 1 1 1 0 1 1 1 0 1 1 1 1 0 0 0 0 1 1 0 0 0 0
50	1	0 1 0 0 0 0 1 1 1 0 1 0 1 1 0 1 0 0 1 1 1 0 1 1 0 0 0 0 1 1 1 0 1 1 1 0 1 1 1 1 0 0 0 0 1 1 0 0 0 0
50	12	1 1 0 0 0 0 1 1 1 0 1 0 1 1 0 1 0 0 1 1 1 0 1 1 0 0 0 0 1 1 1 0 1 1 1 1 1 1 1 1 0 0 0 0 1 1 0 0 0 0
50	2	1 1 0 0 0 0 1 1 1 0 1 0 1 1 0 0 0 0 1 1 1 0 1 1 0 0 0 0 1 1 1 0 1 1 1 0 1 1 1 1 0 0 0 0 1 1 0 0 0 0
50	1	1 1 0 1 0 0 1 1 1 0 1 0 1 1 0 1 0 0 1 1 1 0 1 1 0 0 0 0 1 1 1 0 1 1 1 0 1 1 1 1 0 0 0 0 1 1 0 0 0 0
50	1	1 1 0 0 0 0 1 1 1 0 1 0 1 1 0 1 0 0 1 1 1 0 1 1 0 0 0 0 0 1 1 0 1 1 1 0 1 1 1 1 0 0 0 0 1 1 0 0 0 0
50	1	1 1 0 0 1 0 1 1 1 0 1 0 1 1 0 1 0 0 1 1 1 0 1 1 0 0 0 0 1 1 1 0 1 1 1 0 1 1 1 1 0 0 0 0 1 1 0 0 0 0
50	2	1 1 0 0 0 0 1 1 1 0 1 0 1 0 0 1 0 0 1 1 1 0 1 1 0 0 0 0 1 1 1 0 1 1 1 0 1 1 1 1 0 0 0 0 1 1 0 0 0 0
50	68	1 1 0 0 0 0 1 1 1 0 1 0 1 1 0 1 0 0 1 1 1 0 1 1 0 0 0 0 1 1 1 0 1 1 1 0 1 1 1 1 0 0 0 0 1 1 0 0 0 0
50	7	1 1 0 0 0 1 1 1 1 0 1 0 1 1 0 1 0 0 1 1 1 0 1 1 0 0 0 0 1 1 1 0 1 1 1 1 1 1 1 1 0 0 0 0 1 1 0 0 0 0
60	1	1 1 1 0 0 0 1 1 1 0 1 0 1 1 0 1 0 0 1 1 1 0 1 1 0 0 0 0 1 1 1 0 1 1 1 0 1 1 1 1 0 0 0 0 1 1 0 0 0 0
60	1	1 1 0 0 0 0 1 1 1 0 1 0 1 1 0 1 0 0 1 1 1 0 1 1 0 1 0 0 1 1 1 0 1 1 1 1 1 1 1 1 0 0 0 0 1 1 0 0 0 0
60	13	1 1 0 0 0 0 1 1 1 0 1 0 1 1 0 1 0 0 1 1 1 0 1 1 0 0 0 0 1 1 1 0 1 1 1 1 1 1 1 1 0 0 0 0 1 1 0 0 0 0
60	5	1 1 0 1 0 0 1 1 1 0 1 0 1 1 0 1 0 0 1 1 1 0 1 1 0 0 0 0 1 1 1 0 1 1 1 0 1 1 1 1 0 0 0 0 1 1 0 0 0 0
60	1	1 1 0 0 0 0 1 1 1 0 1 0 1 1 0 1 0 0 1 1 1 0 1 1 0 0 0 0 1 1 1 0 1 1 1 0 1 0 1 1 0 0 0 0 1 1 0 0 0 0
60	68	1 1 0 0 0 0 1 1 1 0 1 0 1 1 0 1 0 0 1 1 1 0 1 1 0 0 0 0 1 1 1 0 1 1 1 0 1 1 1 1 0 0 0 0 1 1 0 0 0 0
60	11	1 1 0 0 0 1 1 1 1 0 1 0 1 1 0 1 0 0 1 1 1 0 1 1 0 0 0 0 1 1 1 0 1 1 1 1 1 1 1 1 0 0 0 0 1 1 0 0 0 0
70	4	1 1 1 0 0 0 1 1 1 0 1 0 1 1 0 1 0 0 1 1 1 0 1 1 0 0 0 0 1 1 1 0 1 1 1 0 1 1 1 1 0 0 0 0 1 1 0 0 0 0
70	4	1 1 0 0 0 0 1 1 1 0 1 0 1 1 0 1 1 0 1 1 1 0 1 1 0 0 0 0 1 1 1 0 1 1 1 0 1 1 1 1 0 0 0 0 1 1 0 0 0 0
70	1	1 1 0 0 0 0 1 1 1 0 1 0 1 1 0 1 0 0 1 1 1 0 1 1 0 1 0 0 1 1 1 0 1 1 1 1 1 1 1 1 0 0 0 0 1 1 0 0 0 0
70	14	1 1 0 0 0 0 1 1 1 0 1 0 1 1 0 1 0 0 1 1 1 0 1 1 0 0 0 0 1 1 1 0 1 1 1 1 1 1 1 1 0 0 0 0 1 1 0 0 0 0
70	1	1 1 0 0 0 0 1 1 1 0 1 0 1 1 0 1 0 0 1 1 1 0 1 1 0 0 0 0 1 1 1 0 1 1 1 0 1 1 1 1 0 0 0 0 1 0 0 0 0 0
70	46	1 1 0 0 0 0 1 1 1 0 1 0 1 1 0 1 0 0 1 1 1 0 1 1 0 0 0 0 1 1 1 0 1 1 1 0 1 1 1 1 0 0 0 0 1 1 0 0 0 0
70	1	1 1 0 1 0 0 1 1 1 0 1 0 1 1 0 1 0 0 1 1 1 0 1 1 0 1 0 0 1 1 1 0 1 1 1 0 1 1 1 1 0 0 0 0 1 1 0 0 0 0
70	13	1 1 0 1 0 0 1 1 1 0 1 0 1 1 0 1 0 0 1 1 1 0 1 1 0 0 0 0 1 1 1 0 1 1 1 0 1 1 1 1 0 0 0 0 1 1 0 0 0 0
70	2	1 1 0 0 1 0 1 1 1 0 1 0 1 1 0 1 0 0 1 1 1 0 1 1 0 0 0 0 1 1 1 0 1 1 1 0 1 1 1 1 0 0 0 0 1 1 0 0 0 0
70	3	1 1 0 0 0 0 1 1 1 0 1 0 1 1 0 1 0 0 1 1 1 0 1 1 0 0 0 0 1 1 1 0 0 1 1 0 1 1 1 1 0 0 0 0 1 1 0 0 0 0
70	1	1 1 0 0 0 0 1 1 1 0 1 0 1 1 0 1 0 0 1 1 1 0 1 1 0 0 0 0 1 1 1 1 1 1 1 0 1 1 1 1 0 0 0 0 1 1 0 0 0 0
70	2	1 1 0 0 0 0 1 1 1 0 1 0 0 1 0 1 0 0 1 1 1 0 1 1 0 0 0 0 1 1 1 0 1 1 1 0 1 1 1 1 0 0 0 0 1 1 0 0 0 0
70	1	1 1 0 0 0 0 1 1 1 0 1 0 1 1 0 1 0 0 1 1 1 0 1 1 0 0 0 0 1 1 1 0 1 1 1 0 1 0 1 1 0 0 0 0 1 1 0 0 0 0
70	1	1 1 0 0 0 0 1 1 1 0 1 0 1 1 0 1 0 1 1 1 1 0 1 1 0 0 0 0 1 1 1 0 1 1 1 0 1 1 1 1 0 0 0 0 1 1 0 0 0 0
70	6	1 1 0 0 0 1 1 1 1 0 1 0 1 1 0 1 0 0 1 1 1 0 1 1 0 0 0 0 1 1 1 0 1 1 1 1 1 1 1 1 0 0 0 0 1 1 0 0 0 0
80	6	1 1 1 0 0 0 1 1 1 0 1 0 1 1 0 1 0 0 1 1 1 0 1 1 0 0 0 0 1 1 1 0 1 1 1 0 1 1 1 1 0 0 0 0 1 1 0 0 0 0
80	2	1 1 0 0 0 0 1 1 1 0 1 0 1 1 0 1 1 0 1 1 1 0 1 1 0 0 0 0 1 1 1 0 1 1 1 0 1 1 1 1 0 0 0 0 1 1 0 0 0 0
80	1	1 1 0 0 0 0 1 1 1 0 1 1 1 1 0 1 0 0 1 1 1 0 1 1 0 0 0 0 1 1 1 0 1 1 1 0 1 1 1 1 0 0 0 0 1 1 0 0 0 0
80	1	1 1 0 0 0 0 1 1 1 0 1 0 1 1 0 1 0 0 1 1 1 0 1 1 0 0 0 0 1 1 1 0 1 1 1 1 1 1 1 1 0 0 0 1 1 1 0 0 0 0
80	1	1 0 0 0 0 0 1 1 1 0 1 0 1 1 0 1 0 0 1 1 1 0 1 1 0 0 0 0 1 1 1 0 1 1 1 1 1 1 1 1 0 0 0 0 1 1 0 0 0 0
80	1	1 1 0 0 0 0 1 1 1 0 1 0 1 1 0 1 0 0 1 0 1 0 1 1 0 0 0 0 1 1 1 0 1 1 1 1 1 1 1 1 0 0 0 0 1 1 0 0 0 0
80	11	1 1 0 0 0 0 1 1 1 0 1 0 1 1 0 1 0 0 1 1 1 0 1 1 0 0 0 0 1 1 1 0 1 1 1 1 1 1 1 1 0 0 0 0 1 1 0 0 0 0
80	1	1 1 0 0 0 0 0 1 1 0 1 0 1 1 0 1 0 0 1 1 1 0 1 1 0 0 0 0 1 1 1 0 1 1 1 0 1 1 1 1 0 0 0 0 1 1 0 0 0 0
80	1	1 1 0 0 0 0 1 1 1 0 1 0 1 1 0 1 1 0 1 1 1 0 1 1 0 0 0 0 1 1 0 0 1 1 1 0 1 1 1 1 0 0 0 0 1 1 0 0 0 0
80	1	1 1 0 1 1 0 1 1 1 0 1 0 1 1 0 1 0 0 1 1 1 0 1 1 0 0 0 0 1 1 1 0 1 1 1 0 1 1 1 1 0 0 0 0 1 1 0 0 0 0
80	3	1 1 0 0 1 0 1 1 1 0 1 0 1 1 0 1 0 0 1 1 1 0 1 1 0 0 0 0 1 1 1 0 1 1 1 0 1 1 1 1 0 0 0 0 1 1 0 0 0 0
80	1	1 1 0 0 0 0 1 1 1 0 1 0 1 1 0 1 0 0 1 1 1 0 1 1 0 0 0 0 1 0 1 0 1 1 1 0 1 1 1 1 0 0 0 0 1 1 0 0 0 0
80	1	1 1 0 0 0 0 1 1 1 0 1 0 1 1 0 1 0 0 1 1 1 0 1 1 0 0 0 0 1 1 1 0 1 1 1 0 1 1 1 1 0 0 0 0 0 1 0 0 0 0
80	35	1 1 0 0 0 0 1 1 1 0 1 0 1 1 0 1 0 0 1 1 1 0 1 1 0 0 0 0 1 1 1 0 1 1 1 0 1 1 1 1 0 0 0 0 1 1 0 0 0 0
80	1	1 1 0 1 0 0 1 1 1 0 1 0 1 1 0 1 0 0 1 1 1 0 1 1 0 0 0 0 1 1 1 0 1 1 1 0 1 1 1 1 0 0 0 0 1 1 0 1 0 0
80	16	1 1 0 1 0 0 1 1 1 0 1 0 1 1 0 1 0 0 1 1 1 0 1 1 0 0 0 0 1 1 1 0 1 1 1 0 1 1 1 1 0 0 0 0 1 1 0 0 0 0
80	1	1 1 0 0 0 0 1 1 1 0 1 0 1 1 0 1 0 0 1 1 1 0 1 1 0 0 0 0 1 1 1 1 1 1 1 0 1 1 1 1 0 0 0 0 1 1 0 0 0 0
80	1	1 1 0 0 0 0 1 1 1 0 1 0 1 1 0 1 0 0 1 1 1 0 1 1 0 0 0 0 1 1 1 0 1 1 1 0 1 0 1 1 0 0 0 0 1 1 0 0 0 0
80	15	1 1 0 0 0 1 1 1 1 0 1 0 1 1 0 1 0 0 1 1 1 0 1 1 0 0 0 0 1 1 1 0 1 1 1 1 1 1 1 1 0 0 0 0 1 1 0 0 0 0
90	1	1 1 1 0 0 0 1 1 1 0 1 0 1 1 0 1 0 0 1 1 1 0 1 1 0 0 0 0 1 1 1 0 1 1 1 0 1 1 1 1 0 0 0 0 1 1 0 0 0 0
90	1	1 1 0 0 0 0 1 1 1 0 1 0 1 1 0 1 1 0 1 1 1 0 1 1 0 0 0 0 1 1 1 0 1 1 1 0 1 1 1 1 0 0 0 0 1 1 0 0 0 0
90	1	1 1 0 0 0 0 1 1 1 0 1 0 1 1 0 1 0 0 1 1 1 0 1 1 0 1 0 0 1 1 1 0 1 1 1 1 1 1 1 1 0 0 0 0 1 1 0 0 0 0
90	2	1 1 0 0 0 0 1 1 1 0 1 0 1 1 0 1 0 0 1 1 1 0 1 1 0 0 0 0 1 1 1 0 1 1 0 1 1 1 1 1 0 0 0 0 1 1 0 0 0 0
90	1	1 1 0 0 0 0 1 1 1 0 1 0 1 1 0 1 0 0 1 1 1 0 1 1 0 0 0 0 1 1 1 0 1 1 1 1 1 1 1 1 1 0 0 0 1 1 0 0 0 0
90	5	1 1 0 0 0 0 1 1 1 0 1 0 1 1 0 1 0 0 1 1 1 0 1 1 0 0 0 0 1 1 1 0 1 1 1 1 1 1 1 1 0 0 0 0 1 1 0 0 0 0
90	1	1 1 0 0 0 0 0 1 1 0 1 0 1 1 0 1 0 0 1 1 1 0 1 1 0 0 0 0 1 1 1 0 1 1 1 0 1 1 1 1 0 0 0 0 1 1 0 0 0 0
90	1	1 1 0 0 1 0 1 1 1 0 1 0 1 1 0 1 0 0 1 1 1 0 1 1 0 0 0 0 1 1 1 0 1 1 1 0 1 1 1 1 0 0 0 0 1 1 1 0 0 0
90	4	1 1 0 0 1 0 1 1 1 0 1 0 1 1 0 1 0 0 1 1 1 0 1 1 0 0 0 0 1 1 1 0 1 1 1 0 1 1 1 1 0 0 0 0 1 1 0 0 0 0
90	1	1 1 0 0 0 0 1 1 1 0 1 0 0 1 0 1 0 0 1 1 1 0 1 1 0 0 0 0 1 1 1 0 1 1 1 0 1 1 1 1 0 0 0 0 1 1 0 0 0 0
90	1	1 1 0 1 0 0 1 1 1 0 1 0 1 1 0 1 0 0 1 1 1 0 1 1 0 0 0 0 1 1 1 0 1 1 1 0 1 1 1 1 0 1 0 0 1 1 0 0 0 0
90	1	1 1 0 1 0 0 1 1 1 0 1 0 1 1 0 1 0 0 1 1 1 0 1 1 0 0 0 0 1 1 1 0 1 1 1 0 1 1 1 1 0 0 0 0 1 1 0 0 1 0
90	26	1 1 0 1 0 0 1 1 1 0 1 0 1 1 0 1 0 0 1 1 1 0 1 1 0 0 0 0 1 1 1 0 1 1 1 0 1 1 1 1 0 0 0 0 1 1 0 0 0 0
90	1	1 1 0 0 0 0 1 1 1 0 1 0 1 1 0 1 0 0 1 1 1 0 1 1 0 0 0 0 1 0 1 0 1 1 1 0 1 1 1 1 0 0 0 0 1 1 0 0 0 0
90	1	1 1 0 0 0 0 1 1 1 0 1 0 1 1 0 1 0 0 1 1 1 0 1 1 0 0 0 0 1 1 1 1 1 1 1 0 1 1 1 1 0 0 0 0 1 1 0 0 0 0
90	1	1 1 0 0 0 0 1 1 1 0 1 0 1 0 0 1 0 0 1 1 1 0 1 1 0 0 0 0 1 1 1 0 1 1 1 0 1 1 1 1 0 0 0 0 1 1 0 0 0 0
90	1	1 1 0 0 0 0 1 1 1 0 1 1 1 1 0 1 0 0 1 1 1 0 1 1 0 0 0 0 1 1 1 0 1 1 1 0 1 1 1 1 0 0 0 0 1 1 0 0 0 0
90	20	1 1 0 0 0 0 1 1 1 0 1 0 1 1 0 1 0 0 1 1 1 0 1 1 0 0 0 0 1 1 1 0 1 1 1 0 1 1 1 1 0 0 0 0 1 1 0 0 0 0
90	2	1 1 0 1 0 0 1 1 1 0 1 0 1 1 0 1 0 0 1 1 1 0 1 1 0 0 0 0 1 1 1 0 1 1 1 0 1 1 1 1 0 0 0 0 1 1 0 1 0 0
90	1	1 1 0 0 1 1 1 1 1 0 1 0 1 1 0 1 0 0 1 1 1 0 1 1 0 0 0 0 1 1 1 0 1 1 1 1 1 1 1 1 0 0 0 0 1 1 0 0 0 0
90	4	1 1 0 0 0 1 1 1 1 0 1 0 1 1 0 1 0 0 1 1 1 0 1 1 0 0 0 0 1 1 1 0 1 1 1 1 0 1 1 1 0 0 0 0 1 1 0 0 0 0
90	1	1 1 0 0 0 1 1 1 1 0 1 0 1 1 0 1 0 0 1 1 1 0 1 1 0 0 0 0 1 1 1 0 1 1 0 1 1 1 1 1 0 0 0 0 1 1 0 0 0 0
90	18	1 1 0 0 0 1 1 1 1 0 1 0 1 1 0 1 0 0 1 1 1 0 1 1 0 0 0 0 1 1 1 0 1 1 1 1 1 1 1 1 0 0 0 0 1 1 0 0 0 0
90	4	1 1 0 0 0 1 1 1 1 0 1 0 1 1 0 1 0 0 1 1 1 0 1 1 0 0 0 0 1 1 1 0 1 1 1 1 1 1 1 1 0 0 0 0 1 0 0 0 0 0
100	7	1 1 1 0 0 0 1 1 1 0 1 0 1 1 0 1 0 0 1 1 1 0 1 1 0 0 0 0 1 1 1 0 1 1 1 0 1 1 1 1 0 0 0 0 1 1 0 0 0 0
100	1	1 1 0 0 0 0 1 1 1 0 1 0 1 1 0 1 1 0 1 1 1 0 1 1 0 0 0 0 1 1 1 0 1 1 1 0 1 1 1 1 0 0 0 0 1 0 0 0 0 0
100	2	1 1 0 0 0 0 1 1 1 0 1 0 1 1 0 1 1 0 1 1 1 0 1 1 0 0 0 0 1 1 1 0 1 1 1 0 1 1 1 1 0 0 0 0 1 1 0 0 0 0
100	1	1 1 0 0 0 0 1 1 1 0 1 0 1 1 0 1 0 0 1 1 1 0 1 1 0 1 0 0 1 1 1 0 1 1 1 1 1 1 1 1 0 0 0 0 1 1 0 0 0 0
100	1	1 1 0 0 0 0 1 1 1 0 1 0 1 1 0 1 0 0 1 1 1 0 1 1 0 0 0 0 1 1 1 0 1 1 1 1 1 1 1 1 0 0 0 0 1 1 0 0 0 1
100	2	1 1 0 0 0 0 1 1 1 0 1 0 1 1 0 1 0 0 1 1 1 0 1 1 0 0 0 0 1 1 1 0 1 1 1 1 1 1 1 1 0 0 0 0 1 1 0 0 0 0
100	1	1 1 0 0 0 0 1 1 1 0 1 0 1 1 0 1 0 0 1 1 1 0 1 1 0 0 0 0 1 1 1 0 1 1 1 0 1 1 1 1 0 0 0 0 1 0 0 0 0 0
100	3	1 1 0 0 1 0 1 1 1 0 1 0 1 1 0 1 0 0 1 1 1 0 1 1 0 0 0 0 1 1 1 0 1 1 1 0 1 1 1 1 0 0 0 0 1 1 0 0 0 0
100	1	1 1 0 0 0 0 1 1 1 0 1 0 0 1 0 1 0 0 1 1 1 0 1 1 0 0 0 0 1 1 1 0 1 1 1 0 1 1 1 1 0 0 0 0 1 1 0 0 0 0
100	3	1 1 0 1 0 0 1 1 1 0 1 0 1 1 0 1 0 0 1 1 1 0 1 1 0 0 0 0 1 1 1 0 1 1 1 0 1 1 1 1 0 0 0 0 1 0 0 0 0 0
100	5	1 1 0 1 0 0 1 1 1 0 1 0 1 1 0 1 0 0 1 1 1 0 1 1 0 0 0 0 1 1 1 0 1 1 1 0 1 1 1 1 0 0 0 0 1 1 0 0 1 0
100	24	1 1 0 1 0 0 1 1 1 0 1 0 1 1 0 1 0 0 1 1 1 0 1 1 0 0 0 0 1 1 1 0 1 1 1 0 1 1 1 1 0 0 0 0 1 1 0 0 0 0
100	1	1 1 0 0 0 0 1 1 1 0 1 0 1 1 0 1 0 0 1 1 1 0 1 1 0 0 0 0 1 1 1 1 1 1 1 0 1 1 1 1 0 0 0 0 1 1 0 0 0 0
100	3	1 1 0 0 0 0 1 1 1 0 1 0 1 1 0 1 0 0 1 1 1 0 1 1 0 0 0 0 1 1 1 0 1 1 1 0 1 0 1 1 0 0 0 0 1 1 0 0 0 0
100	1	1 1 0 0 0 0 1 1 1 0 1 0 1 0 0 1 0 0 1 1 1 0 1 1 0 0 0 0 1 1 1 0 1 1 1 0 1 1 1 1 0 0 0 0 1 1 0 0 0 0
100	2	1 1 0 0 0 0 1 1 1 0 1 0 1 1 0 1 0 0 1 1 1 0 1 1 0 0 1 0 1 1 1 0 1 1 1 0 1 1 1 1 0 0 0 0 1 1 0 0 0 0
100	14	1 1 0 0 0 0 1 1 1 0 1 0 1 1 0 1 0 0 1 1 1 0 1 1 0 0 0 0 1 1 1 0 1 1 1 0 1 1 1 1 0 0 0 0 1 1 0 0 0 0
100	3	1 1 0 1 0 0 1 1 1 0 1 0 1 1 0 1 0 0 1 1 1 0 1 1 0 0 0 0 1 1 1 0 1 1 1 0 1 1 1 1 0 0 0 0 1 1 0 1 0 0
100	2	1 1 0 0 0 1 1 1 1 0 1 0 1 1 0 1 0 0 1 1 1 0 1 1 0 0 0 0 1 1 0 0 1 1 1 1 0 1 1 1 0 0 0 0 1 1 0 0 0 0
100	1	1 1 0 0 0 1 1 1 1 1 1 0 1 1 0 1 0 0 1 1 1 0 1 1 0 0 0 0 1 1 1 0 1 1 1 1 1 1 1 1 0 0 0 0 1 1 0 0 0 0
100	2	1 1 0 0 0 1 1 1 1 0 1 0 1 1 0 1 0 0 1 1 1 0 1 1 0 0 0 0 1 1 1 0 1 1 0 1 1 1 1 1 0 0 0 0 1 1 0 0 0 0
100	1	1 1 0 0 0 1 1 1 1 0 1 0 1 1 1 1 0 0 1 1 1 0 1 1 0 0 0 0 1 1 1 0 1 1 1 1 1 1 1 1 0 0 0 0 1 1 0 0 0 0
100	18	1 1 0 0 0 1 1 1 1 0 1 0 1 1 0 1 0 0 1 1 1 0 1 1 0 0 0 0 1 1 1 0 1 1 1 1 1 1 1 1 0 0 0 0 1 1 0 0 0 0
100	1	1 1 0 0 0 1 1 1 1 0 1 0 1 1 0 1 0 0 1 1 1 0 1 1 0 0 0 0 1 1 1 0 1 1 1 1 1 1 1 1 0 0 0 0 1 0 0 0 0 0
110	6	1 1 1 0 0 0 1 1 1 0 1 0 1 1 0 1 0 0 1 1 1 0 1 1 0 0 0 0 1 1 1 0 1 1 1 0 1 1 1 1 0 0 0 0 1 1 0 0 0 0
110	2	1 1 0 0 0 0 1 1 1 0 1 0 1 1 0 1 1 0 1 1 1 0 1 1 0 0 0 0 1 1 1 0 1 1 1 0 1 1 1 1 0 0 0 0 1 1 0 0 0 0
110	1	1 1 0 0 0 0 1 1 1 0 1 0 1 1 0 1 0 0 1 0 1 0 1 1 0 0 0 0 1 1 1 0 1 1 0 1 1 1 1 1 0 0 0 0 1 1 0 0 0 0
110	1	1 1 0 0 0 0 1 1 1 0 1 0 1 1 0 1 0 0 1 1 1 0 1 1 0 1 0 0 1 1 1 0 1 1 1 1 1 1 1 1 0 0 0 0 1 1 0 0 0 0
110	1	1 1 0 0 0 0 1 1 1 0 1 0 1 1 0 1 1 0 1 1 1 0 1 1 0 0 0 0 1 1 1 0 1 1 0 1 1 1 1 1 0 0 0 0 1 1 0 0 0 0
110	1	1 1 0 0 0 0 1 1 1 0 1 0 1 1 0 1 0 0 1 1 1 0 1 1 0 0 0 0 1 1 1 0 1 1 1 1 1 1 1 1 1 0 0 0 1 1 0 0 0 0
110	6	1 1 0 0 0 0 1 1 1 0 1 0 1 1 0 1 0 0 1 1 1 0 1 1 0 0 0 0 1 1 1 0 1 1 1 0 1 1 1 1 0 0 0 0 1 1 0 0 0 0
110	2	1 1 0 0 1 0 1 1 1 0 1 0 1 1 0 1 0 0 1 1 1 0 1 1 0 0 0 0 1 1 1 0 1 1 1 0 1 1 1 1 0 0 0 0 1 1 0 0 0 0
110	1	1 1 0 1 0 0 1 1 1 0 1 0 1 1 0 1 0 0 1 1 1 0 1 1 0 0 0 0 0 1 1 0 1 1 1 0 1 1 1 1 0 0 0 0 1 0 0 0 0 0
110	4	1 1 0 1 0 0 1 1 1 0 1 0 1 1 0 1 0 0 1 1 1 0 1 1 0 0 0 0 1 1 1 0 1 1 1 0 1 1 1 1 0 0 0 0 1 0 0 0 0 0
110	1	1 1 0 1 0 0 1 1 1 0 1 0 1 1 0 1 0 0 1 1 1 0 1 1 0 0 0 0 1 1 1 0 1 1 1 0 0 1 1 1 0 0 0 0 1 1 0 0 0 0
110	21	1 1 0 1 0 0 1 1 1 0 1 0 1 1 0 1 0 0 1 1 1 0 1 1 0 0 0 0 1 1 1 0 1 1 1 0 1 1 1 1 0 0 0 0 1 1 0 0 0 0
110	2	1 1 0 0 1 1 1 1 1 0 1 0 1 1 0 1 0 0 1 1 1 0 1 1 0 0 0 0 1 1 1 0 1 1 1 1 1 1 1 1 0 0 0 0 1 1 0 0 0 0
110	2	1 1 0 0 0 1 1 1 1 0 1 0 1 1 0 1 0 0 1 1 1 0 1 1 0 0 0 0 1 1 1 0 1 1 1 1 0 1 1 1 0 0 0 0 1 1 0 0 0 0
110	7	1 1 0 0 0 1 1 1 1 1 1 0 1 1 0 1 0 0 1 1 1 0 1 1 0 0 0 0 1 1 1 0 1 1 1 1 1 1 1 1 0 0 0 0 1 1 0 0 0 0
110	1	1 1 0 0 0 1 1 1 1 0 1 0 1 1 0 1 0 0 1 1 1 0 1 1 0 0 0 0 1 1 1 0 1 1 0 1 1 1 1 1 0 0 0 0 1 1 0 0 0 0
110	2	1 1 0 0 0 1 1 1 1 0 1 0 1 1 1 1 0 0 1 1 1 0 1 1 0 0 0 0 1 1 1 0 1 1 1 1 1 1 1 1 0 0 0 0 1 1 0 0 0 0
110	32	1 1 0 0 0 1 1 1 1 0 1 0 1 1 0 1 0 0 1 1 1 0 1 1 0 0 0 0 1 1 1 0 1 1 1 1 1 1 1 1 0 0 0 0 1 1 0 0 0 0
110	7	1 1 0 0 0 1 1 1 1 0 1 0 1 1 0 1 0 0 1 1 1 0 1 1 0 0 0 0 1 1 1 0 1 1 1 1 1 1 1 1 0 0 0 0 1 0 0 0 0 0
120	5	1 1 1 0 0 0 1 1 1 0 1 0 1 1 0 1 0 0 1 1 1 0 1 1 0 0 0 0 1 1 1 0 1 1 1 0 1 1 1 1 0 0 0 0 1 1 0 0 0 0
120	1	1 1 0 0 0 0 1 1 1 0 1 0 1 1 0 1 1 0 1 1 1 0 1 1 0 0 0 0 1 1 1 0 1 1 1 0 1 1 1 1 0 0 0 0 1 1 0 0 0 0
120	1	1 1 0 0 0 0 1 1 1 0 1 0 1 1 0 1 0 0 1 0 1 0 1 1 0 0 0 0 1 1 1 0 1 1 0 1 1 1 1 1 0 0 0 0 1 1 0 0 0 0
120	1	1 1 0 0 0 0 1 1 1 0 1 0 1 1 0 1 0 0 1 1 1 0 1 1 0 1 0 0 1 1 1 0 1 1 1 1 1 1 1 1 0 0 0 0 1 1 0 0 0 0
120	3	1 1 0 0 0 0 1 1 1 0 1 0 1 1 0 1 0 0 1 1 1 0 1 1 0 0 0 0 1 1 1 0 1 1 1 1 1 1 1 1 1 0 0 0 1 1 0 0 0 0
120	1	1 1 0 0 0 0 1 1 1 0 1 0 1 1 0 1 0 0 1 1 1 0 1 1 0 0 0 0 1 1 1 0 1 1 1 0 1 1 1 1 0 0 0 0 1 0 0 0 0 0
120	1	1 1 0 0 0 0 1 1 1 0 1 0 1 1 0 1 0 0 1 1 1 0 1 1 0 0 0 0 1 1 1 0 1 1 1 0 1 1 1 1 0 0 0 0 1 1 0 0 0 0
120	1	1 1 0 1 1 0 1 1 1 0 1 0 1 1 0 1 0 0 1 1 1 0 1 1 0 0 0 0 1 1 1 0 1 1 1 0 1 1 1 1 0 0 0 0 1 1 0 0 0 0
120	5	1 1 0 0 1 0 1 1 1 0 1 0 1 1 0 1 0 0 1 1 1 0 1 1 0 0 0 0 1 1 1 0 1 1 1 0 1 1 1 1 0 0 0 0 1 1 0 0 0 0
120	16	1 1 0 1 0 0 1 1 1 0 1 0 1 1 0 1 0 0 1 1 1 0 1 1 0 0 0 0 1 1 1 0 1 1 1 0 1 1 1 1 0 0 0 0 1 1 0 0 0 0
120	3	1 1 0 1 0 0 1 1 1 0 1 0 1 1 0 1 0 0 1 1 1 0 1 1 0 0 0 0 1 1 1 0 1 1 1 0 1 1 1 1 0 0 0 0 1 0 0 0 0 0
120	1	1 1 0 0 1 1 1 1 1 0 1 0 1 1 0 1 0 0 1 1 1 0 1 1 0 0 0 0 1 1 1 0 1 1 1 1 1 1 1 1 0 0 0 0 1 1 0 0 0 0
120	8	1 1 0 0 0 1 1 1 1 1 1 0 1 1 0 1 0 0 1 1 1 0 1 1 0 0 0 0 1 1 1 0 1 1 1 1 1 1 1 1 0 0 0 0 1 1 0 0 0 0
120	1	1 1 0 0 0 1 1 1 1 0 1 0 1 1 0 1 0 0 1 1 1 0 1 1 0 0 0 0 1 1 1 0 1 1 1 0 1 1 1 1 0 0 0 0 1 1 0 0 0 0
120	1	1 1 0 1 0 1 1 1 1 0 1 0 1 1 0 1 0 0 1 1 1 0 1 1 0 0 0 0 1 1 1 0 1 1 1 1 1 1 1 1 0 0 0 0 1 1 0 0 0 0
120	24	1 1 0 0 0 1 1 1 1 0 1 0 1 1 0 1 0 0 1 1 1 0 1 1 0 0 0 0 1 1 1 0 1 1 1 1 1 1 1 1 0 0 0 0 1 0 0 0 0 0
120	27	1 1 0 0 0 1 1 1 1 0 1 0 1 1 0 1 0 0 1 1 1 0 1 1 0 0 0 0 1 1 1 0 1 1 1 1 1 1 1 1 0 0 0 0 1 1 0 0 0 0
130	3	1 1 1 0 0 0 1 1 1 0 1 0 1 1 0 1 0 0 1 1 1 0 1 1 0 0 0 0 1 1 1 0 1 1 1 0 1 1 1 1 0 0 0 0 1 1 0 0 0 0
130	1	1 1 0 0 0 0 1 1 1 0 1 0 1 1 0 1 0 0 1 1 1 0 1 1 0 0 0 0 1 1 1 0 1 1 1 0 1 1 1 1 0 0 0 0 1 1 0 0 0 0
130	1	1 1 0 1 0 0 1 1 1 0 1 0 1 1 0 1 0 0 1 1 1 0 1 1 1 0 0 0 1 1 1 0 1 1 1 0 1 1 1 1 0 0 0 0 1 1 0 0 0 0
130	24	1 1 0 1 0 0 1 1 1 0 1 0 1 1 0 1 0 0 1 1 1 0 1 1 0 0 0 0 1 1 1 0 1 1 1 0 1 1 1 1 0 0 0 0 1 1 0 0 0 0
130	2	1 1 0 1 0 0 1 1 1 0 1 0 1 1 0 1 0 0 1 1 1 0 1 1 0 0 0 0 1 1 1 0 1 1 1 0 1 1 1 1 0 0 0 0 1 0 0 0 0 0
130	2	1 1 0 0 1 1 1 1 1 0 1 0 1 1 0 1 0 0 1 1 1 0 1 1 0 0 0 0 1 1 1 0 1 1 1 1 1 1 1 1 0 0 0 0 1 1 0 0 0 0
130	11	1 1 0 0 0 1 1 1 1 1 1 0 1 1 0 1 0 0 1 1 1 0 1 1 0 0 0 0 1 1 1 0 1 1 1 1 1 1 1 1 0 0 0 0 1 1 0 0 0 0
130	1	1 1 0 0 0 1 1 1 1 0 1 0 1 1 0 1 1 0 1 1 1 0 1 1 0 0 0 0 1 1 1 0 1 1 1 1 1 1 1 1 0 0 0 0 1 0 0 0 0 0
130	39	1 1 0 0 0 1 1 1 1 0 1 0 1 1 0 1 0 0 1 1 1 0 1 1 0 0 0 0 1 1 1 0 1 1 1 1 1 1 1 1 0 0 0 0 1 0 0 0 0 0
130	16	1 1 0 0 0 1 1 1 1 0 1 0 1 1 0 1 0 0 1 1 1 0 1 1 0 0 0 0 1 1 1 0 1 1 1 1 1 1 1 1 0 0 0 0 1 1 0 0 0 0
140	3	1 1 0 1 1 0 1 1 1 0 1 0 1 1 0 1 0 0 1 1 1 0 1 1 0 0 0 0 1 1 1 0 1 1 0 0 1 1 1 1 0 0 0 0 1 1 0 0 0 0
140	1	1 1 0 0 0 0 1 1 1 0 1 0 1 1 0 1 0 0 1 1 1 0 1 1 0 0 0 0 1 1 1 0 1 1 1 0 1 1 1 1 0 0 0 0 0 1 0 0 0 0
140	4	1 1 0 1 0 0 1 1 1 0 1 0 1 1 0 1 0 0 1 1 1 0 1 1 1 0 0 0 1 1 1 0 1 1 1 0 1 1 1 1 0 0 0 0 1 1 0 0 0 0
140	1	1 1 0 1 0 0 1 1 1 0 1 0 1 1 0 1 0 0 1 1 1 0 1 1 0 0 0 0 1 1 1 0 1 0 1 0 1 1 1 1 0 0 0 0 1 1 0 0 0 0
140	1	1 1 0 1 0 0 1 1 1 0 1 0 1 1 0 1 0 0 0 1 1 0 1 1 0 0 0 0 1 1 1 0 1 1 1 0 1 1 1 1 0 0 0 0 1 1 0 0 0 0
140	8	1 1 0 1 0 0 1 1 1 0 1 0 1 1 0 1 0 0 1 1 1 0 1 1 0 0 0 0 1 1 1 0 1 1 1 0 1 1 1 1 0 0 0 0 1 1 0 0 0 0
140	1	1 1 0 1 0 0 1 1 1 0 1 0 1 1 0 1 0 0 1 1 1 0 1 1 0 0 0 0 1 1 1 0 1 1 1 0 1 1 1 1 0 0 0 0 1 0 0 0 0 0
140	1	1 1 0 0 1 1 1 1 1 0 1 0 1 1 0 1 0 0 1 1 1 0 1 1 0 0 0 0 1 1 1 0 1 1 1 1 1 1 1 1 0 0 0 0 1 1 0 0 0 0
140	12	1 1 0 0 0 1 1 1 1 1 1 0 1 1 0 1 0 0 1 1 1 0 1 1 0 0 0 0 1 1 1 0 1 1 1 1 1 1 1 1 0 0 0 0 1 1 0 0 0 0
140	4	1 1 0 0 0 1 1 1 1 0 1 0 1 1 0 1 1 0 1 1 1 0 1 1 0 0 0 0 1 1 1 0 1 1 1 1 1 1 1 1 0 0 0 0 1 0 0 0 0 0
140	5	1 1 0 0 0 1 1 1 1 0 1 0 1 1 0 1 0 1 1 1 1 0 1 1 0 0 0 0 1 1 1 0 1 1 1 1 1 1 1 1 0 0 0 0 1 0 0 0 0 0
140	1	1 1 0 0 0 1 1 1 1 0 1 0 1 1 0 1 0 0 1 0 1 0 1 1 0 0 0 0 1 1 1 0 1 1 1 1 1 1 1 1 0 0 0 0 1 0 0 0 0 0
140	1	1 1 0 0 0 1 1 1 1 0 1 0 1 1 0 1 0 0 1 1 1 0 1 1 0 0 0 0 1 1 1 0 1 1 1 1 1 1 1 1 1 0 0 0 1 0 0 0 0 0
140	55	1 1 0 0 0 1 1 1 1 0 1 0 1 1 0 1 0 0 1 1 1 0 1 1 0 0 0 0 1 1 1 0 1 1 1 1 1 1 1 1 0 0 0 0 1 0 0 0 0 0
140	2	1 1 0 0 0 1 1 1 1 0 1 0 1 1 0 1 0 0 1 1 1 0 1 1 0 0 0 0 1 1 1 0 1 1 1 1 1 1 1 1 0 0 0 0 1 1 0 0 0 0
150	2	1 1 1 0 0 0 1 1 1 0 1 0 1 1 1 1 0 0 1 1 1 0 1 1 0 0 0 0 1 1 1 0 1 1 1 0 1 1 1 1 0 0 0 0 1 1 0 0 0 0
150	3	1 1 1 0 0 0 1 1 1 0 1 0 1 1 0 1 0 0 1 1 1 0 1 1 0 0 0 0 1 1 1 0 1 1 1 0 1 1 1 1 0 0 0 0 1 1 0 0 0 0
150	3	1 1 0 1 1 0 1 1 1 0 1 0 1 1 0 1 0 0 1 1 1 0 1 1 0 0 0 0 1 1 1 0 1 1 0 0 1 1 1 1 0 0 0 0 1 1 0 0 0 0
150	1	1 1 0 1 0 0 1 1 1 0 1 0 1 1 0 1 0 0 1 1 1 0 1 1 1 0 0 0 1 1 1 0 1 1 1 0 1 1 1 1 0 0 0 0 1 1 0 0 0 0
150	2	1 1 0 1 0 0 1 1 1 0 1 0 1 1 0 1 0 0 1 1 1 0 1 1 0 0 0 0 1 1 1 0 1 1 1 0 1 1 1 1 0 0 0 0 0 1 0 0 0 0
150	1	1 1 0 1 0 0 1 1 1 0 1 0 1 1 0 1 0 0 1 1 1 0 1 1 0 0 0 0 1 1 1 0 1 1 1 1 1 1 1 1 0 0 0 0 1 1 0 0 0 0
150	5	1 1 0 1 0 0 1 1 1 0 1 0 1 1 0 1 0 0 1 1 1 0 1 1 0 0 0 0 1 1 1 0 1 1 1 0 1 1 1 1 0 0 0 0 1 1 0 0 0 0
150	7	1 1 0 1 0 0 1 1 1 0 1 0 1 1 0 1 0 0 1 1 1 0 1 1 0 0 0 0 1 1 1 0 1 1 1 0 1 1 1 1 0 0 0 0 1 0 0 0 0 0
150	4	1 1 0 0 1 1 1 1 1 0 1 0 1 1 0 1 0 0 1 1 1 0 1 1 0 0 0 0 1 1 1 0 1 1 1 1 1 1 1 1 0 0 0 0 1 1 0 0 0 0
150	2	1 1 0 0 0 1 1 1 1 1 1 0 1 1 0 1 0 0 1 1 1 0 1 1 0 0 0 0 1 1 1 0 1 1 1 1 1 1 1 1 0 0 0 0 1 1 0 0 0 0
150	9	1 1 0 0 0 1 1 1 1 0 1 0 1 1 0 1 1 0 1 1 1 0 1 1 0 0 0 0 1 1 1 0 1 1 1 1 1 1 1 1 0 0 0 0 1 0 0 0 0 0
150	4	1 1 0 0 0 1 1 1 1 0 1 0 1 1 0 1 0 1 1 1 1 0 1 1 0 0 0 0 1 1 1 0 1 1 1 1 1 1 1 1 0 0 0 0 1 0 0 0 0 0
150	1	1 1 0 0 0 1 1 1 1 0 1 1 1 1 0 1 0 0 1 1 1 0 1 1 0 0 0 0 1 1 1 0 1 1 1 1 1 1 1 1 0 0 0 0 1 0 0 0 0 0
150	2	1 1 0 0 0 1 1 1 1 0 1 0 1 1 0 1 0 0 1 1 1 0 1 1 0 0 0 0 1 1 1 0 1 1 1 1 1 1 1 1 1 0 0 0 1 0 0 0 0 0
150	3	1 1 0 0 0 1 1 1 1 0 1 0 1 1 0 1 0 0 1 1 1 0 1 0 0 0 0 0 1 1 1 0 1 1 1 1 1 1 1 1 0 0 0 0 1 0 0 0 0 0
150	1	1 1 0 0 0 1 1 1 1 0 1 0 1 1 0 0 0 0 1 1 1 0 1 1 0 0 0 0 1 1 1 0 1 1 1 1 1 1 1 1 0 0 0 0 1 0 0 0 0 0
150	48	1 1 0 0 0 1 1 1 1 0 1 0 1 1 0 1 0 0 1 1 1 0 1 1 0 0 0 0 1 1 1 0 1 1 1 1 1 1 1 1 0 0 0 0 1 0 0 0 0 0
150	2	1 1 0 0 0 1 1 1 1 0 1 0 1 1 0 1 0 0 1 1 1 0 1 1 0 0 0 0 1 1 1 0 1 1 1 1 1 1 1 1 0 0 0 0 1 1 0 0 0 0
160	2	1 1 1 0 0 0 1 1 1 0 1 0 1 1 1 1 0 0 1 1 1 0 1 1 0 0 0 0 1 1 1 0 1 1 1 0 1 1 1 1 0 0 0 0 1 1 0 0 0 0
160	5	1 1 0 1 1 0 1 1 1 0 1 0 1 1 0 1 0 0 1 1 1 0 1 1 0 0 0 0 1 1 1 0 1 1 0 0 1 1 1 1 0 0 0 0 1 1 0 0 0 0
160	3	1 1 0 1 0 0 1 1 1 0 1 0 1 1 0 1 0 0 1 1 1 0 1 1 0 0 0 0 1 1 1 0 1 1 1 0 1 1 1 1 0 0 0 0 1 1 0 0 0 0
160	9	1 1 0 1 0 0 1 1 1 0 1 0 1 1 0 1 0 0 1 1 1 0 1 1 0 0 0 0 1 1 1 0 1 1 1 0 1 1 1 1 0 0 0 0 1 0 0 0 0 0
160	1	1 1 0 0 1 1 1 1 1 0 1 0 1 1 0 1 0 0 1 1 1 0 1 1 0 0 0 0 1 1 1 0 1 1 1 1 1 1 1 1 0 0 0 0 1 1 0 0 0 0
160	9	1 1 0 0 0 1 1 1 1 1 1 0 1 1 0 1 0 0 1 1 1 0 1 1 0 0 0 0 1 1 1 0 1 1 1 1 1 1 1 1 0 0 0 0 1 1 0 0 0 0
160	3	1 1 0 0 0 1 1 1 1 0 1 0 1 1 0 1 1 0 1 1 1 0 1 1 0 0 0 0 1 1 1 0 1 0 1 1 1 1 1 1 0 0 0 0 1 0 0 0 0 0
160	52	1 1 0 0 0 1 1 1 1 0 1 0 1 1 0 1 0 0 1 1 1 0 1 1 0 0 0 0 1 1 1 0 1 1 1 1 1 1 1 1 0 0 0 0 1 0 0 0 0 0
160	5	1 1 0 0 0 1 1 1 1 0 1 0 1 1 0 1 1 0 1 1 1 0 1 1 0 0 0 0 1 1 1 0 1 1 1 1 1 1 1 1 0 0 0 0 1 0 0 0 0 0
160	4	1 1 0 0 0 1 1 1 1 0 1 1 1 1 0 1 0 0 1 1 1 0 1 1 0 0 0 0 1 1 1 0 1 1 1 1 1 1 1 1 0 0 0 0 1 0 0 0 0 0
160	2	1 1 0 0 0 1 1 1 1 0 1 0 1 1 0 1 0 0 1 1 1 0 1 0 0 0 0 0 1 1 1 0 1 1 1 1 1 1 1 1 0 0 0 0 1 0 0 0 0 0
160	1	0 1 0 0 0 1 1 1 1 0 1 0 1 1 0 1 0 0 1 1 1 0 1 1 0 0 0 0 1 1 1 0 1 1 1 1 1 1 1 1 0 0 0 0 1 0 0 0 0 0
160	4	1 1 0 0 0 1 1 1 1 0 1 0 1 1 0 1 0 0 1 1 1 0 1 1 0 0 0 0 1 1 1 0 1 1 1 1 1 1 1 1 0 0 0 0 1 1 0 0 0 0
170	10	1 1 0 1 1 0 1 1 1 0 1 0 1 1 0 1 0 0 1 1 1 0 1 1 0 0 0 0 1 1 1 0 1 1 0 0 1 1 1 1 0 0 0 0 1 1 0 0 0 0
170	1	1 1 0 1 0 0 1 1 1 0 1 0 1 1 0 1 0 0 1 1 1 0 1 1 0 0 0 0 1 1 1 0 1 1 1 0 1 1 1 1 0 0 0 0 1 1 0 0 0 0
170	2	1 1 0 1 0 0 1 1 1 0 1 0 1 1 0 1 0 0 1 1 1 0 1 1 0 0 0 0 1 1 1 0 1 1 1 0 1 1 1 1 0 0 0 0 1 0 0 0 0 0
170	6	1 1 0 0 1 1 1 1 1 0 1 0 1 1 0 1 0 0 1 1 1 0 1 1 0 0 0 0 1 1 1 0 1 1 1 1 1 1 1 1 0 0 0 0 1 1 0 0 0 0
170	17	1 1 0 0 0 1 1 1 1 1 1 0 1 1 0 1 0 0 1 1 1 0 1 1 0 0 0 0 1 1 1 0 1 1 1 1 1 1 1 1 0 0 0 0 1 1 0 0 0 0
170	1	1 1 0 0 0 1 1 1 1 0 1 0 1 1 0 1 1 0 1 1 1 0 1 1 0 0 0 0 1 1 1 0 1 0 1 1 1 1 1 1 0 0 0 0 1 0 0 0 0 0
170	1	1 1 0 0 0 1 1 1 1 0 1 0 1 1 0 1 0 0 1 1 1 0 1 1 0 0 0 1 1 1 1 0 1 1 1 1 1 1 1 0 0 0 0 0 1 0 0 0 0 0
170	1	1 1 0 0 0 1 1 1 1 0 1 0 1 1 0 1 0 0 1 1 1 0 1 1 0 0 0 1 1 1 1 0 1 1 1 1 1 1 1 1 0 0 0 0 1 0 0 0 0 0
170	1	1 1 0 0 1 1 1 1 1 0 1 0 1 1 0 1 0 0 1 1 1 0 1 1 0 0 0 0 1 1 1 0 1 1 1 1 1 1 1 1 0 0 0 0 1 0 0 0 0 0
170	1	1 1 0 0 0 1 1 1 1 0 1 0 1 1 0 1 1 0 1 1 1 0 1 1 0 0 0 0 1 1 1 0 1 1 1 1 1 1 1 1 0 0 0 0 1 0 0 0 0 0
170	55	1 1 0 0 0 1 1 1 1 0 1 0 1 1 0 1 0 0 1 1 1 0 1 1 0 0 0 0 1 1 1 0 1 1 1 1 1 1 1 1 0 0 0 0 1 0 0 0 0 0
170	3	1 1 0 0 0 1 1 1 1 0 1 0 1 1 0 1 0 0 1 1 1 0 1 0 0 0 0 0 1 1 1 0 1 1 1 1 1 1 1 1 0 0 0 0 1 0 0 0 0 0
170	1	1 1 0 0 0 1 1 1 1 0 1 0 1 1 0 1 0 0 1 1 1 0 1 1 0 0 0 0 1 1 1 0 1 1 1 1 1 1 1 1 0 0 0 0 1 1 0 0 0 0
180	12	1 1 0 1 1 0 1 1 1 0 1 0 1 1 0 1 0 0 1 1 1 0 1 1 0 0 0 0 1 1 1 0 1 1 0 0 1 1 1 1 0 0 0 0 1 1 0 0 0 0
180	1	1 1 0 1 0 0 1 1 1 0 1 0 1 1 0 1 0 0 1 1 1 0 1 1 0 0 0 0 1 1 1 0 1 1 1 0 1 1 1 1 0 0 0 0 1 0 0 0 0 0
180	4	1 1 0 0 1 1 1 1 1 0 1 0 1 1 0 1 0 0 1 1 1 0 1 1 0 0 0 0 1 1 1 0 1 1 1 1 1 1 1 1 0 0 0 0 1 1 0 0 0 0
180	1	1 1 0 0 0 1 1 1 1 1 1 0 1 1 0 1 0 0 1 1 1 0 1 1 0 0 0 0 1 1 1 0 1 1 1 1 1 1 1 1 0 0 0 0 1 1 0 1 0 0
180	10	1 1 0 0 0 1 1 1 1 1 1 0 1 1 0 1 0 0 1 1 1 0 1 1 0 0 0 0 1 1 1 0 1 1 1 1 1 1 1 1 0 0 0 0 1 1 0 0 0 0
180	1	1 1 0 0 0 1 1 1 1 0 1 0 1 1 0 1 1 0 1 1 1 0 1 1 0 0 0 0 1 1 1 0 1 0 1 1 1 1 1 1 0 0 0 0 1 0 0 0 0 0
180	1	1 1 0 0 0 1 1 1 1 0 1 0 1 1 0 1 0 0 1 1 1 0 1 1 0 0 0 1 1 1 1 0 1 1 1 1 1 1 1 1 0 0 0 0 1 0 0 0 0 0
180	1	1 1 0 0 0 1 1 0 1 0 1 0 1 1 0 1 0 0 1 1 1 0 1 1 0 0 0 0 1 1 1 0 1 1 1 1 1 1 1 1 0 0 0 0 1 0 0 0 0 0
180	1	1 1 0 0 0 1 1 1 1 0 1 0 1 1 0 1 0 0 1 1 1 0 1 1 0 0 0 0 1 1 1 0 1 1 1 1 1 1 1 1 0 0 1 0 1 0 0 1 0 0
180	1	1 1 0 0 0 1 1 1 1 0 1 0 1 1 0 1 0 0 1 1 1 0 1 1 0 0 0 0 1 1 1 0 1 1 1 1 1 1 1 1 0 0 0 0 1 0 0 1 0 0
180	1	1 1 0 0 1 1 1 1 1 0 1 0 1 1 0 1 0 0 1 1 1 0 1 1 0 0 0 0 1 1 1 0 1 1 1 1 1 1 1 1 0 0 0 0 1 0 0 0 0 0
180	6	1 1 0 0 0 1 1 1 1 0 1 0 1 1 0 1 1 0 1 1 1 0 1 1 0 0 0 0 1 1 1 0 1 1 1 1 1 1 1 1 0 0 0 0 1 0 0 0 0 0
180	2	1 1 0 0 0 1 1 1 1 0 1 0 1 1 0 0 0 0 1 1 1 0 1 1 0 0 0 0 1 1 1 0 1 1 1 1 1 1 1 1 0 0 0 0 1 0 0 0 0 0
180	1	1 1 0 0 0 1 1 1 1 0 1 0 1 1 0 1 0 0 1 1 1 0 1 0 0 0 0 0 1 1 1 0 1 1 1 1 1 1 1 1 0 0 0 0 1 0 0 0 0 0
180	1	1 1 0 0 0 1 1 1 1 0 1 0 1 1 0 1 0 0 1 1 0 0 1 1 0 0 0 0 1 1 1 0 1 1 1 1 1 1 1 1 0 0 0 0 1 0 0 0 0 0
180	2	1 1 0 0 0 1 1 1 1 0 1 0 1 1 0 1 0 0 1 1 1 0 1 1 0 0 0 0 1 1 1 0 1 1 1 1 0 1 1 1 0 0 0 0 1 0 0 0 0 0
180	1	1 1 0 0 0 1 1 1 1 0 1 0 1 1 0 1 0 0 1 1 1 0 1 1 0 0 0 0 1 1 1 0 1 1 1 1 1 1 1 1 1 0 0 0 1 0 0 0 0 0
180	1	1 1 0 0 0 1 1 1 1 0 1 0 1 0 0 1 0 0 1 1 1 0 1 1 0 0 0 0 1 1 1 0 1 1 1 1 1 1 1 1 0 0 0 0 1 0 0 0 0 0
180	1	1 1 0 0 0 1 1 1 1 0 1 0 1 1 0 1 0 0 1 1 1 0 1 1 0 0 0 0 1 1 1 0 1 1 1 1 1 1 1 1 0 0 0 1 1 0 0 0 0 0
180	51	1 1 0 0 0 1 1 1 1 0 1 0 1 1 0 1 0 0 1 1 1 0 1 1 0 0 0 0 1 1 1 0 1 1 1 1 1 1 1 1 0 0 0 0 1 0 0 0 0 0
190	1	1 1 0 1 1 0 1 1 1 0 1 0 1 1 0 1 0 0 1 1 1 0 1 1 0 0 0 0 1 1 1 0 1 1 0 1 1 1 1 1 0 0 0 0 1 1 0 0 0 0
190	15	1 1 0 1 1 0 1 1 1 0 1 0 1 1 0 1 0 0 1 1 1 0 1 1 0 0 0 0 1 1 1 0 1 1 0 0 1 1 1 1 0 0 0 0 1 1 0 0 0 0
190	4	1 1 0 0 1 1 1 1 1 0 1 0 1 1 0 1 0 0 1 1 1 0 1 1 0 0 0 0 1 1 1 0 1 1 1 1 1 1 1 1 0 0 0 0 1 1 0 0 0 0
190	1	1 1 0 0 0 1 1 1 1 1 1 0 1 0 0 1 0 0 1 1 1 0 1 1 0 0 0 0 1 1 1 0 1 1 1 1 1 1 1 1 0 0 0 0 1 1 0 0 0 0
190	15	1 1 0 0 0 1 1 1 1 1 1 0 1 1 0 1 0 0 1 1 1 0 1 1 0 0 0 0 1 1 1 0 1 1 1 1 1 1 1 1 0 0 0 0 1 1 0 0 0 0
190	2	1 1 0 0 0 1 1 1 1 0 1 0 1 1 0 1 1 0 1 1 1 0 1 1 0 0 0 0 1 1 1 0 1 0 1 1 1 1 1 1 0 0 0 0 1 0 0 0 0 0
190	3	1 1 0 0 0 1 1 1 1 0 1 0 1 1 0 1 0 0 1 1 1 0 1 1 0 0 0 0 1 1 1 0 1 1 1 1 1 1 1 1 0 0 0 0 1 0 0 0 0 1
190	2	1 1 0 0 0 1 1 1 1 0 1 0 1 1 0 1 0 0 1 1 1 0 1 1 0 0 0 0 1 1 1 0 1 1 1 1 1 1 1 1 0 0 0 0 1 0 0 1 0 0
190	6	1 1 0 0 1 1 1 1 1 0 1 0 1 1 0 1 0 0 1 1 1 0 1 1 0 0 0 0 1 1 1 0 1 1 1 1 1 1 1 1 0 0 0 0 1 0 0 0 0 0
190	5	1 1 0 0 0 1 1 1 1 0 1 0 1 1 0 1 1 0 1 1 1 0 1 1 0 0 0 0 1 1 1 0 1 1 1 1 1 1 1 1 0 0 0 0 1 0 0 0 0 0
190	1	1 1 0 0 0 1 1 1 1 0 1 0 1 1 0 1 0 0 1 1 1 0 1 1 0 0 0 0 1 1 1 0 1 1 1 1 0 1 1 1 0 0 0 0 1 0 0 0 0 0
190	45	1 1 0 0 0 1 1 1 1 0 1 0 1 1 0 1 0 0 1 1 1 0 1 1 0 0 0 0 1 1 1 0 1 1 1 1 1 1 1 1 0 0 0 0 1 0 0 0 0 0
200	1	1 1 0 1 1 0 1 1 1 0 1 0 1 1 0 1 0 0 1 1 1 0 1 1 0 0 0 0 1 1 1 0 1 1 0 1 1 1 1 1 0 0 0 0 1 1 0 0 0 0
200	2	1 1 0 1 1 0 1 1 1 0 1 0 1 1 0 1 0 0 1 0 1 0 1 1 0 0 0 0 1 1 1 0 1 1 0 0 1 1 1 1 0 0 0 0 1 1 0 0 0 0
200	10	1 1 0 1 1 0 1 1 1 0 1 0 1 1 0 1 0 0 1 1 1 0 1 1 0 0 0 0 1 1 1 0 1 1 0 0 1 1 1 1 0 0 0 0 1 1 0 0 0 0
200	3	1 1 0 0 1 1 1 1 1 0 1 0 1 1 0 1 0 0 1 1 1 0 1 1 0 0 0 0 1 1 1 0 1 1 1 1 1 1 1 1 0 0 0 0 1 1 0 0 0 0
200	8	1 1 0 0 0 1 1 1 1 1 1 0 1 1 0 1 0 0 1 1 1 0 1 1 0 0 0 0 1 1 1 0 1 1 1 1 1 1 1 1 0 0 0 0 1 1 0 0 0 0
200	1	1 1 0 0 0 1 1 1 1 0 1 0 1 1 0 1 0 0 1 1 1 0 1 1 0 0 0 1 1 1 1 0 1 1 1 1 1 1 1 1 0 0 0 0 1 0 0 0 0 0
200	7	1 1 0 0 1 1 1 1 1 0 1 0 1 1 0 1 0 0 1 1 1 0 1 1 0 0 0 0 1 1 1 0 1 1 1 1 1 1 1 1 0 0 0 0 1 0 0 0 0 0
200	2	1 1 0 0 0 1 1 1 1 0 1 0 1 1 0 1 0 0 1 1 1 0 1 1 0 0 0 0 1 1 1 0 1 1 1 1 0 1 1 1 0 0 0 0 1 0 0 0 0 0
200	2	1 1 0 0 0 1 1 1 1 0 0 0 1 1 0 1 0 0 1 1 1 0 1 1 0 0 0 0 1 1 1 0 1 1 1 1 1 1 1 1 0 0 0 0 1 0 0 0 0 0
200	1	1 1 0 0 0 1 1 1 1 0 1 0 1 1 0 1 0 0 1 1 1 0 1 1 0 0 0 0 1 1 1 0 1 1 1 1 1 1 1 1 0 0 0 0 0 0 0 0 0 0
200	1	1 1 0 0 0 1 1 1 1 0 1 0 1 1 0 1 0 0 1 1 1 0 1 1 0 1 0 0 1 1 1 0 1 1 1 1 1 1 1 1 0 0 0 0 1 0 0 0 0 0
200	1	1 1 0 0 0 1 0 1 1 0 1 0 1 1 0 1 0 0 1 1 1 0 1 1 0 0 0 0 1 1 1 0 1 1 1 1 1 1 1 1 0 0 0 0 1 0 0 0 0 0
200	1	1 1 0 0 0 1 1 1 1 0 1 0 1 1 0 1 0 0 1 1 1 0 1 1 0 0 0 0 1 1 1 0 1 1 1 1 1 1 1 1 0 0 0 0 1 0 1 0 0 0
200	60	1 1 0 0 0 1 1 1 1 0 1 0 1 1 0 1 0 0 1 1 1 0 1 1 0 0 0 0 1 1 1 0 1 1 1 1 1 1 1 1 0 0 0 0 1 0 0 0 0 0
210	1	1 1 0 1 1 0 1 1 1 0 1 0 1 1 0 1 0 0 1 1 1 0 1 1 0 0 0 0 1 1 1 0 1 1 0 1 1 1 1 1 0 0 0 0 1 1 0 0 0 0
210	1	1 1 0 1 1 0 1 1 1 0 1 1 1 1 0 1 0 0 1 1 1 0 1 1 0 0 0 0 1 1 1 0 1 1 0 0 1 1 1 1 0 0 0 0 1 1 0 0 0 0
210	11	1 1 0 1 1 0 1 1 1 0 1 0 1 1 0 1 0 0 1 1 1 0 1 1 0 0 0 0 1 1 1 0 1 1 0 0 1 1 1 1 0 0 0 0 1 1 0 0 0 0
210	3	1 1 0 0 1 1 1 1 1 0 1 0 1 1 0 1 0 0 1 1 1 0 1 1 0 0 0 0 1 1 1 0 1 1 1 1 1 1 1 1 0 0 0 0 1 1 0 0 0 0
210	11	1 1 0 0 0 1 1 1 1 1 1 0 1 1 0 1 0 0 1 1 1 0 1 1 0 0 0 0 1 1 1 0 1 1 1 1 1 1 1 1 0 0 0 0 1 1 0 0 0 0
210	1	1 1 0 0 1 1 1 1 1 0 1 0 1 1 0 1 1 0 1 1 1 0 1 1 0 0 0 0 1 1 1 0 1 1 1 1 1 1 1 1 0 0 0 0 1 0 0 0 0 0
210	1	1 1 0 1 1 1 1 1 1 0 1 0 1 1 0 1 0 0 1 1 1 0 1 1 0 0 0 0 1 1 1 0 1 1 1 1 1 1 1 1 0 0 0 0 1 0 0 0 0 0
210	1	1 1 0 0 1 1 1 1 1 0 1 0 1 1 0 1 0 0 1 1 1 0 1 1 0 0 0 0 1 1 1 0 1 1 1 1 1 1 1 1 0 0 0 0 0 0 0 0 0 0
210	10	1 1 0 0 1 1 1 1 1 0 1 0 1 1 0 1 0 0 1 1 1 0 1 1 0 0 0 0 1 1 1 0 1 1 1 1 1 1 1 1 0 0 0 0 1 0 0 0 0 0
210	1	1 1 0 0 0 1 1 1 1 0 1 0 1 1 0 1 1 0 1 1 1 1 1 1 0 0 0 0 1 1 1 0 1 1 1 1 1 1 1 1 0 0 0 0 1 0 0 0 0 0
210	2	1 1 0 0 0 1 1 1 1 0 1 0 1 1 0 1 1 0 1 1 1 0 1 1 0 0 0 0 1 1 1 0 1 1 1 1 1 1 1 1 0 0 0 0 1 0 0 0 0 0
210	5	1 1 0 0 0 1 1 1 1 0 1 0 1 1 0 1 0 0 1 1 1 0 1 1 0 0 0 0 1 1 1 0 1 1 1 1 0 1 1 1 0 0 0 0 1 0 0 0 0 0
210	2	1 1 0 0 0 1 1 1 1 0 0 0 1 1 0 1 0 0 1 1 1 0 1 1 0 0 0 0 1 1 1 0 1 1 1 1 1 1 1 1 0 0 0 0 1 0 0 0 0 0
210	1	1 1 0 0 0 1 1 1 1 0 1 0 1 1 1 1 0 0 1 1 1 0 1 1 0 0 0 0 1 1 1 0 1 1 1 1 1 1 1 1 0 0 0 0 1 0 0 0 0 0
210	1	1 1 0 0 0 1 1 1 1 0 1 0 1 1 0 1 0 0 1 1 1 0 1 1 0 0 1 0 1 1 1 0 1 1 1 1 1 1 1 1 0 0 0 0 1 0 0 0 0 0
210	1	1 1 0 0 0 1 1 1 1 0 1 0 1 1 0 1 0 0 1 1 1 0 1 1 0 0 0 0 1 1 1 1 1 1 1 1 1 1 1 1 0 0 0 0 1 0 1 0 0 0
210	1	1 1 0 0 0 1 1 1 1 0 1 0 1 1 0 1 0 0 1 1 1 0 1 1 0 0 0 0 1 1 1 1 1 1 1 1 1 1 1 1 0 0 0 0 1 0 0 0 0 0
210	1	1 1 0 0 0 1 1 1 1 0 1 0 1 1 0 1 0 0 1 1 1 0 1 1 0 0 0 0 1 1 1 0 1 1 1 1 1 1 1 1 0 0 0 1 1 0 0 0 0 0
210	1	1 1 0 0 0 1 1 1 1 0 1 0 1 1 0 1 0 0 1 1 1 1 1 1 0 0 0 0 1 1 1 0 1 1 1 1 1 1 1 1 0 0 0 0 1 0 0 0 0 0
210	44	1 1 0 0 0 1 1 1 1 0 1 0 1 1 0 1 0 0 1 1 1 0 1 1 0 0 0 0 1 1 1 0 1 1 1 1 1 1 1 1 0 0 0 0 1 0 0 0 0 0
220	1	1 1 0 1 1 0 1 1 1 0 1 1 1 0 0 1 0 0 1 1 1 0 1 1 0 0 0 0 1 1 1 0 1 1 0 0 1 1 1 1 0 0 0 0 1 1 0 0 0 0
220	3	1 1 0 1 1 0 1 1 1 0 1 1 1 1 0 1 0 0 1 1 1 0 1 1 0 0 0 0 1 1 1 0 1 1 0 0 1 1 1 1 0 0 0 0 1 1 0 0 0 0
220	10	1 1 0 1 1 0 1 1 1 0 1 0 1 1 0 1 0 0 1 1 1 0 1 1 0 0 0 0 1 1 1 0 1 1 0 0 1 1 1 1 0 0 0 0 1 1 0 0 0 0
220	4	1 1 0 0 1 1 1 1 1 0 1 0 1 1 0 1 0 0 1 1 1 0 1 1 0 0 0 0 1 1 1 0 1 1 1 1 1 1 1 1 0 0 0 0 1 1 0 0 0 0
220	1	1 1 0 0 0 1 1 1 1 1 1 0 1 1 0 1 0 0 1 1 1 0 1 1 0 1 0 0 1 1 1 0 1 1 1 1 1 1 1 1 0 0 0 0 1 1 0 0 0 0
220	10	1 1 0 0 0 1 1 1 1 1 1 0 1 1 0 1 0 0 1 1 1 0 1 1 0 0 0 0 1 1 1 0 1 1 1 1 1 1 1 1 0 0 0 0 1 1 0 0 0 0
220	1	1 1 0 0 0 1 1 1 1 0 1 0 1 1 0 1 1 0 1 1 1 0 1 1 0 0 0 0 1 1 1 0 1 0 1 1 1 1 1 1 0 0 0 0 1 0 0 0 0 0
220	2	1 1 0 0 1 1 1 1 1 0 1 0 1 1 0 1 1 0 1 1 1 0 1 1 0 0 0 0 1 1 1 0 1 1 1 1 1 1 1 1 0 0 0 0 1 0 0 0 0 0
220	1	1 1 0 1 1 1 1 1 1 0 1 0 1 1 0 1 0 0 1 1 1 0 1 1 0 0 0 0 1 1 1 0 1 1 1 1 1 1 1 1 0 0 0 0 1 0 0 0 0 0
220	4	1 1 0 0 1 1 1 1 1 0 1 0 1 1 0 1 0 0 1 1 1 0 1 1 0 0 0 0 1 1 1 0 1 1 1 1 1 1 1 1 0 0 0 0 0 0 0 0 0 0
220	1	1 1 0 0 1 1 1 1 1 0 1 0 1 1 0 1 0 0 1 1 1 0 1 1 0 0 0 0 1 1 1 0 1 1 1 1 1 1 1 1 0 0 0 1 1 0 0 0 0 0
220	21	1 1 0 0 1 1 1 1 1 0 1 0 1 1 0 1 0 0 1 1 1 0 1 1 0 0 0 0 1 1 1 0 1 1 1 1 1 1 1 1 0 0 0 0 1 0 0 0 0 0
220	1	1 1 0 0 0 1 1 1 1 0 1 0 1 1 0 1 1 0 1 1 1 0 1 1 0 0 0 0 1 1 1 0 1 1 1 1 1 1 1 1 0 0 0 0 1 0 0 0 0 0
220	1	1 1 0 0 0 1 1 1 1 0 1 0 1 1 0 1 0 0 1 1 1 0 1 1 0 0 0 0 1 1 1 1 1 1 1 1 1 1 1 1 0 0 0 0 1 0 1 0 0 0
220	2	1 1 0 0 0 1 1 1 1 0 1 0 1 1 0 1 0 0 1 1 1 0 1 1 0 0 0 0 1 1 1 1 1 1 1 1 1 1 1 1 0 0 0 0 1 0 0 0 0 0
220	37	1 1 0 0 0 1 1 1 1 0 1 0 1 1 0 1 0 0 1 1 1 0 1 1 0 0 0 0 1 1 1 0 1 1 1 1 1 1 1 1 0 0 0 0 1 0 0 0 0 0
230	6	1 1 0 1 1 0 1 1 1 0 1 1 1 1 0 1 0 0 1 1 1 0 1 1 0 0 0 0 1 1 1 0 1 1 0 0 1 1 1 1 0 0 0 0 1 1 0 0 0 0
230	1	1 1 0 1 1 0 1 1 1 0 1 0 1 1 0 1 0 0 1 1 1 0 1 1 0 0 0 0 1 1 1 0 1 1 1 0 1 1 1 1 0 0 0 0 1 1 0 0 0 0
230	6	1 1 0 1 1 0 1 1 1 0 1 0 1 1 0 1 0 0 1 1 1 0 1 1 0 0 0 0 1 1 1 0 1 1 0 0 1 1 1 1 0 0 0 0 1 1 0 0 0 0
230	1	1 1 0 0 1 1 1 1 1 0 1 0 1 1 0 1 0 0 1 1 1 0 1 1 0 0 0 0 1 1 1 0 1 1 1 1 1 1 1 1 0 0 0 0 1 1 0 0 0 0
230	9	1 1 0 0 0 1 1 1 1 1 1 0 1 1 0 1 0 0 1 1 1 0 1 1 0 0 0 0 1 1 1 0 1 1 1 1 1 1 1 1 0 0 0 0 1 1 0 0 0 0
230	2	1 1 0 0 1 1 1 1 1 0 1 0 1 1 0 1 0 0 1 1 1 0 1 1 0 0 0 0 1 1 1 0 1 1 1 1 1 1 1 1 0 0 0 0 1 0 0 0 1 0
230	1	1 1 0 0 0 1 1 1 1 0 1 0 1 0 1 1 0 0 1 1 1 0 1 1 0 0 0 0 1 1 1 0 1 1 1 1 1 1 1 1 0 0 0 0 1 0 0 0 0 0
230	1	1 1 0 0 0 1 1 1 1 0 1 0 0 1 0 1 0 0 1 1 1 0 1 1 0 0 0 0 1 1 1 0 1 1 1 1 1 1 1 1 0 0 0 0 1 0 0 0 0 0
230	4	1 1 0 0 0 1 1 1 1 0 1 0 1 1 0 1 1 0 1 1 1 0 1 1 0 0 0 0 1 1 1 0 1 1 1 1 1 1 1 1 0 0 0 0 1 0 0 0 0 0
230	28	1 1 0 0 0 1 1 1 1 0 1 0 1 1 0 1 0 0 1 1 1 0 1 1 0 0 0 0 1 1 1 0 1 1 1 1 1 1 1 1 0 0 0 0 1 0 0 0 0 0
230	39	1 1 0 0 1 1 1 1 1 0 1 0 1 1 0 1 0 0 1 1 1 0 1 1 0 0 0 0 1 1 1 0 1 1 1 1 1 1 1 1 0 0 0 0 1 0 0 0 0 0
230	2	1 1 0 0 0 1 1 1 1 0 1 0 1 1 0 1 0 0 1 1 1 0 1 1 0 0 0 0 1 1 1 0 1 1 1 1 1 0 1 1 0 0 0 0 1 0 0 0 0 0
240	1	1 1 0 1 1 0 1 1 1 0 1 1 1 1 0 1 0 0 1 1 1 0 1 1 0 0 0 0 1 1 1 0 1 1 0 0 1 1 1 1 0 0 0 0 1 1 0 0 0 0
240	2	1 1 0 1 1 0 1 1 1 0 1 0 1 1 0 1 0 0 1 1 1 0 1 1 0 0 0 0 1 1 1 0 1 1 1 0 1 1 1 1 0 0 0 0 1 1 0 0 0 0
240	2	1 1 0 1 1 0 1 1 1 0 1 0 1 1 0 1 0 0 1 1 1 0 1 1 0 0 0 0 1 1 1 0 1 1 0 0 1 1 1 1 0 0 0 0 1 1 0 0 0 0
240	2	1 1 0 0 0 1 1 1 1 1 1 0 1 1 0 1 0 0 1 1 1 0 1 1 0 0 0 0 1 1 1 0 1 1 1 1 1 1 1 1 0 0 0 0 1 1 0 0 0 0
240	5	1 1 0 0 1 1 1 1 1 0 1 0 1 1 0 1 1 0 1 1 1 0 1 1 0 0 0 0 1 1 1 0 1 1 1 1 1 1 1 1 0 0 0 0 1 0 0 0 0 0
240	2	1 1 0 0 0 1 1 1 1 0 1 0 1 1 0 1 0 0 1 1 1 0 1 1 0 0 0 1 1 1 1 0 1 1 1 1 1 1 1 1 0 0 0 0 1 0 0 0 0 0
240	1	1 1 0 0 0 1 1 1 1 0 1 0 1 1 0 1 1 0 1 1 1 0 1 1 0 0 0 0 1 1 1 0 0 1 1 1 0 1 1 1 0 0 0 0 1 0 0 0 0 0
240	9	1 1 0 0 0 1 1 1 1 0 1 0 1 1 0 1 1 0 1 1 1 0 1 1 0 0 0 0 1 1 1 0 1 1 1 1 1 1 1 1 0 0 0 0 1 0 0 0 0 0
240	1	1 1 0 0 0 1 1 1 1 0 1 0 1 1 0 1 0 0 1 1 1 0 1 1 0 0 0 0 1 1 1 0 1 1 1 1 1 0 1 1 0 0 0 0 1 0 0 0 0 0
240	15	1 1 0 0 0 1 1 1 1 0 1 0 1 1 0 1 0 0 1 1 1 0 1 1 0 0 0 0 1 1 1 0 1 1 1 1 1 1 1 1 0 0 0 0 1 0 0 0 0 0
240	1	0 1 0 0 1 1 1 1 1 0 1 0 1 1 0 1 0 0 1 1 1 0 1 1 0 0 0 0 1 1 1 0 1 1 1 1 1 1 1 1 0 0 0 0 1 0 0 0 0 0
240	1	1 1 0 0 1 1 1 1 1 0 1 0 1 1 0 1 0 0 1 1 1 0 1 1 0 0 0 0 1 1 1 0 1 1 1 0 1 1 1 1 0 0 0 0 1 0 0 0 0 0
240	58	1 1 0 0 1 1 1 1 1 0 1 0 1 1 0 1 0 0 1 1 1 0 1 1 0 0 0 0 1 1 1 0 1 1 1 1 1 1 1 1 0 0 0 0 1 0 0 0 0 0
250	1	1 1 0 1 1 0 1 1 1 0 1 0 1 1 0 1 0 0 1 1 1 0 1 1 0 0 0 0 1 1 1 0 1 1 1 0 1 1 1 1 0 0 0 0 1 1 0 0 0 0
250	5	1 1 0 1 1 0 1 1 1 0 1 0 1 1 0 1 0 0 1 1 1 0 1 1 0 0 0 0 1 1 1 0 1 1 0 0 1 1 1 1 0 0 0 0 1 1 0 0 0 0
250	1	1 1 0 0 1 1 1 1 1 0 1 0 1 1 0 1 0 0 1 1 1 0 1 1 0 0 0 0 1 1 1 0 1 1 1 1 1 1 1 1 0 0 0 0 1 1 0 0 0 0
250	3	1 1 0 0 0 1 1 1 1 1 1 0 1 1 0 1 0 0 1 1 1 0 1 1 0 0 0 0 1 1 1 0 1 1 1 1 1 1 1 1 0 0 0 0 1 1 0 0 0 0
250	1	1 1 0 0 1 1 1 1 1 0 1 0 1 1 0 1 1 0 1 1 1 0 1 1 0 0 0 0 1 1 1 0 1 1 1 1 1 1 1 1 0 0 0 0 1 0 0 0 0 0
250	4	1 1 0 0 1 1 1 1 1 0 1 0 1 1 0 1 0 0 1 1 1 0 1 1 0 0 0 0 1 1 1 0 1 1 1 1 1 1 1 1 0 0 0 0 1 0 0 0 1 0
250	2	1 1 0 0 0 1 1 1 1 0 1 0 1 1 0 1 1 0 1 1 1 0 1 1 0 0 0 0 1 1 1 0 1 1 1 1 0 1 1 1 0 0 0 0 1 0 0 0 0 0
250	2	1 1 0 0 0 1 1 1 1 0 1 0 1 1 0 1 1 0 1 1 1 0 1 1 0 0 0 0 1 1 1 0 1 1 1 1 1 1 1 1 0 0 0 0 1 0 0 0 0 0
250	2	1 1 0 0 0 1 1 1 1 0 1 0 1 1 0 1 0 0 1 1 1 0 1 1 0 0 0 0 1 1 1 0 1 1 1 1 1 0 1 1 0 0 0 0 1 0 0 0 0 0
250	1	1 1 0 0 0 1 1 1 1 0 1 0 1 1 0 1 0 0 1 1 1 0 0 1 0 0 0 0 1 1 1 0 1 1 1 1 1 1 1 1 0 0 0 0 1 0 0 0 0 0
250	1	1 1 0 0 0 1 1 1 1 0 1 0 0 1 0 1 0 0 1 1 1 0 1 1 0 0 0 0 1 1 1 0 1 1 1 1 1 1 1 1 0 0 0 0 1 0 0 0 0 0
250	20	1 1 0 0 0 1 1 1 1 0 1 0 1 1 0 1 0 0 1 1 1 0 1 1 0 0 0 0 1 1 1 0 1 1 1 1 1 1 1 1 0 0 0 0 1 0 0 0 0 0
250	3	1 1 0 0 1 1 1 1 1 0 1 0 1 1 0 1 0 0 1 1 1 0 1 1 0 0 0 0 1 1 1 0 1 1 1 0 1 1 1 1 0 0 0 0 1 0 0 0 0 0
250	54	1 1 0 0 1 1 1 1 1 0 1 0 1 1 0 1 0 0 1 1 1 0 1 1 0 0 0 0 1 1 1 0 1 1 1 1 1 1 1 1 0 0 0 0 1 0 0 0 0 0
260	2	1 1 0 1 1 0 1 1 1 0 1 0 1 1 0 1 0 0 1 1 1 0 1 1 0 0 0 0 1 1 1 0 1 1 0 0 1 1 1 1 0 0 0 0 1 1 0 0 0 0
260	1	1 1 0 0 1 1 1 1 1 1 1 0 1 1 0 1 0 0 1 1 1 0 1 1 0 0 0 0 1 1 1 0 1 1 1 1 1 1 1 1 0 0 0 0 1 1 0 0 0 0
260	1	1 1 0 0 0 1 1 1 1 1 1 0 1 1 0 1 0 0 1 1 1 0 1 1 0 0 0 0 1 1 1 0 1 1 1 1 1 1 1 1 0 0 0 0 1 1 0 0 0 0
260	2	1 1 0 0 1 1 1 1 1 0 1 0 1 1 0 1 0 0 1 1 1 0 1 1 0 0 0 0 1 1 1 0 1 1 1 1 1 1 1 1 0 0 0 0 1 0 0 0 1 0
260	6	1 1 0 0 0 1 1 1 1 0 1 0 1 1 0 1 0 0 1 1 1 0 1 1 0 0 0 0 1 1 1 0 1 1 1 1 1 0 1 1 0 0 0 0 1 0 0 0 0 0
260	9	1 1 0 0 0 1 1 1 1 0 1 0 1 1 0 1 0 0 1 1 1 0 1 1 0 0 0 0 1 1 1 0 1 1 1 1 1 1 1 1 0 0 0 0 1 0 0 0 0 0
260	2	1 1 0 0 0 1 1 1 1 0 1 0 1 1 0 1 1 0 1 1 1 0 1 1 0 0 0 0 1 1 1 0 1 1 1 1 1 1 1 1 0 0 0 0 1 0 0 0 0 0
260	5	1 1 0 0 1 1 1 1 1 0 1 0 1 1 0 1 0 0 1 1 1 0 1 1 0 0 0 0 1 1 1 0 1 1 1 0 1 1 1 1 0 0 0 0 1 0 0 0 0 0
260	1	1 1 0 0 1 1 0 1 1 0 1 0 1 1 0 1 0 0 1 1 1 0 1 1 0 0 0 0 1 1 1 0 1 1 1 1 1 1 1 1 0 0 0 0 1 0 0 0 0 0
260	1	1 1 0 0 1 1 1 1 1 0 1 0 1 1 0 1 0 0 1 1 1 1 1 1 0 0 0 0 1 1 1 0 1 1 1 1 1 1 1 1 0 0 0 0 1 0 0 0 0 0
260	2	1 1 0 0 1 1 1 1 1 0 1 0 1 1 0 1 0 0 1 1 1 0 1 1 0 0 0 0 1 1 1 1 1 1 1 1 1 1 1 1 0 0 0 0 1 0 0 0 0 0
260	1	1 1 0 0 1 0 1 1 1 0 1 0 1 1 0 1 0 0 1 1 1 0 1 1 0 0 0 0 1 1 1 0 1 1 1 1 1 1 1 1 0 0 0 0 1 0 0 0 0 0
260	67	1 1 0 0 1 1 1 1 1 0 1 0 1 1 0 1 0 0 1 1 1 0 1 1 0 0 0 0 1 1 1 0 1 1 1 1 1 1 1 1 0 0 0 0 1 0 0 0 0 0
270	8	1 1 0 1 1 0 1 1 1 0 1 0 1 1 0 1 0 0 1 1 1 0 1 1 0 0 0 0 1 1 1 0 1 1 0 0 1 1 1 1 0 0 0 0 1 1 0 0 0 0
270	1	1 1 0 0 1 1 1 1 1 1 1 0 1 1 0 1 0 0 1 1 1 0 1 1 0 0 0 0 1 1 1 0 1 1 1 1 1 1 1 1 0 0 0 0 1 1 0 0 0 0
270	4	1 1 0 0 0 1 1 1 1 1 1 0 1 1 0 1 0 0 1 1 1 0 1 1 0 0 0 0 1 1 1 0 1 1 1 1 1 1 1 1 0 0 0 0 1 1 0 0 0 0
270	1	1 1 0 0 1 1 1 1 1 0 1 0 1 1 0 1 0 0 1 1 1 0 1 1 0 0 0 0 1 1 1 0 1 1 1 1 1 1 1 1 0 0 0 0 1 0 0 0 1 0
270	2	1 1 0 0 0 1 1 1 1 0 1 0 1 1 0 1 0 0 1 1 1 0 1 1 0 0 0 0 1 1 1 0 1 1 1 1 1 0 1 1 0 0 0 0 1 0 0 0 0 0
270	3	1 1 0 0 1 1 1 1 1 0 1 0 1 0 0 1 0 0 1 1 1 0 1 1 0 0 0 0 1 1 1 0 1 1 1 1 1 1 1 1 0 0 0 0 1 0 0 0 0 0
270	1	0 1 0 0 1 1 1 1 1 0 1 0 1 1 0 1 0 0 1 1 1 0 1 1 0 0 0 0 1 1 1 0 1 1 1 1 1 1 1 1 0 0 0 0 1 0 0 0 0 0
270	1	1 1 0 0 1 1 1 1 1 0 1 0 1 1 0 1 0 1 1 1 1 0 1 1 0 0 0 0 1 1 1 0 1 1 1 1 1 1 1 1 0 0 0 0 1 0 0 0 0 0
270	60	1 1 0 0 1 1 1 1 1 0 1 0 1 1 0 1 0 0 1 1 1 0 1 1 0 0 0 0 1 1 1 0 1 1 1 1 1 1 1 1 0 0 0 0 1 0 0 0 0 0
270	10	1 1 0 0 0 1 1 1 1 0 1 0 1 1 0 1 0 0 1 1 1 0 1 1 0 0 0 0 1 1 1 0 1 1 1 1 1 1 1 1 0 0 0 0 1 0 0 0 0 0
270	2	1 1 0 1 0 0 1 1 1 0 1 0 1 1 0 1 1 0 1 1 1 0 1 1 0 0 0 0 1 1 1 0 1 1 1 1 1 1 1 1 0 0 0 0 1 0 0 0 0 0
270	1	1 1 0 0 0 1 1 1 1 0 1 0 1 1 0 1 1 0 1 1 1 0 1 1 0 0 0 0 1 1 1 0 1 1 1 1 1 1 1 1 0 0 0 0 1 0 0 0 0 0
270	2	1 1 0 0 1 1 1 1 1 0 1 0 1 1 0 1 0 0 1 1 1 0 1 1 0 0 0 0 1 1 1 0 1 1 1 0 1 1 1 1 0 0 0 0 1 0 0 0 0 0
270	2	1 1 0 0 1 1 1 1 1 0 1 0 1 1 0 1 0 0 1 1 1 0 1 1 0 0 0 0 1 1 1 1 1 1 1 1 1 1 1 1 0 0 0 0 1 0 0 0 0 0
270	2	1 1 0 0 1 1 1 1 1 0 1 0 1 1 0 1 0 0 1 1 0 0 1 1 0 0 0 0 1 1 1 0 1 1 1 1 1 1 1 1 0 0 0 0 1 0 0 0 0 0
280	1	1 1 0 1 1 0 1 1 1 0 1 0 1 1 0 1 0 0 1 1 1 0 1 1 0 0 0 0 1 1 1 0 1 1 0 0 1 1 1 1 0 0 0 0 1 0 0 0 0 0
280	1	1 1 0 1 1 0 1 1 1 0 1 0 1 1 0 1 0 0 1 1 1 0 1 1 0 0 0 0 1 1 1 0 1 1 0 0 1 1 1 1 0 0 0 0 1 1 0 0 0 0
280	1	1 1 0 0 1 1 1 1 1 0 1 0 1 1 0 1 0 0 1 1 1 0 1 1 0 0 0 0 1 1 1 0 1 1 1 1 1 1 1 1 0 0 0 0 1 0 0 0 1 0
280	1	1 1 0 0 0 1 1 1 1 0 1 0 1 1 0 0 0 0 1 1 1 0 1 1 0 0 0 0 1 1 1 0 1 1 1 1 1 0 1 1 0 0 0 0 1 0 0 0 0 0
280	1	1 1 0 0 0 1 1 1 1 0 1 0 1 1 0 1 0 0 1 1 1 0 1 1 0 0 0 0 1 1 1 0 1 1 1 1 1 0 1 1 0 0 0 0 1 0 0 0 0 0
280	6	1 1 0 0 1 1 1 1 1 0 1 0 1 0 0 1 0 0 1 1 1 0 1 1 0 0 0 0 1 1 1 0 1 1 1 1 1 1 1 1 0 0 0 0 1 0 0 0 0 0
280	1	1 0 0 0 1 1 1 1 1 0 1 0 1 1 0 1 0 0 1 1 1 0 1 1 0 0 0 0 1 1 1 0 1 1 1 1 1 1 1 1 0 0 0 0 1 0 0 0 0 0
280	1	1 1 0 0 1 1 1 1 1 0 1 0 1 1 0 1 0 0 1 1 1 0 1 1 0 0 0 0 1 0 1 0 1 1 1 1 1 1 1 1 0 0 0 0 1 0 0 0 0 0
280	1	1 1 0 0 1 1 1 1 1 0 1 0 1 1 0 1 0 0 1 1 1 0 1 0 0 0 0 0 1 1 1 0 1 1 1 1 1 1 1 1 0 0 0 0 1 0 0 0 0 0
280	2	1 1 0 0 1 1 1 1 1 0 1 0 1 1 0 1 0 0 1 1 1 0 1 1 0 0 0 0 1 1 1 0 1 1 0 1 1 1 1 1 0 0 0 0 1 0 0 0 0 0
280	5	1 1 0 0 1 1 1 1 1 0 0 0 1 1 0 1 0 0 1 1 1 0 1 1 0 0 0 0 1 1 1 0 1 1 1 1 1 1 1 1 0 0 0 0 1 0 0 0 0 0
280	1	1 1 0 0 1 1 1 1 1 0 1 0 1 1 0 1 0 0 1 1 1 0 1 1 0 0 0 0 1 1 1 0 1 1 1 1 1 1 1 1 0 0 0 0 1 1 0 0 0 0
280	2	1 1 0 0 1 1 1 1 1 0 1 0 1 1 0 1 0 0 1 1 0 0 1 1 0 0 0 0 1 1 1 0 1 1 1 1 1 1 1 1 0 0 0 0 1 0 0 0 0 0
280	62	1 1 0 0 1 1 1 1 1 0 1 0 1 1 0 1 0 0 1 1 1 0 1 1 0 0 0 0 1 1 1 0 1 1 1 1 1 1 1 1 0 0 0 0 1 0 0 0 0 0
280	1	1 1 0 0 0 1 1 1 1 0 1 0 1 1 0 1 0 0 1 1 1 0 1 1 0 1 0 0 1 1 1 0 1 1 1 1 1 1 1 1 0 0 0 0 1 0 0 0 0 0
280	2	1 1 0 0 0 1 1 1 1 0 1 0 1 1 0 1 0 0 1 1 1 0 1 1 0 0 0 0 1 1 1 0 1 1 1 1 1 1 1 1 0 0 0 0 1 0 0 0 0 0
280	4	1 1 0 0 0 1 1 1 1 0 1 0 1 1 0 1 1 0 1 1 1 0 1 1 0 0 0 0 1 1 1 0 1 1 1 1 1 1 1 1 0 0 0 0 1 0 0 0 0 0
280	3	1 1 0 0 1 1 1 1 1 0 1 0 1 1 0 1 0 0 1 1 1 0 1 1 0 0 0 0 1 1 1 0 1 1 1 0 1 1 1 1 0 0 0 0 1 0 0 0 0 0
280	1	1 1 0 0 1 1 1 1 1 0 1 0 1 1 0 1 0 0 1 1 0 0 1 1 0 0 0 0 1 1 1 0 1 1 1 1 1 1 1 1 0 0 0 0 0 0 0 0 0 0
280	3	1 1 0 0 1 1 1 1 1 0 1 0 1 1 0 1 0 0 1 1 1 0 1 1 0 0 0 0 1 1 1 0 1 0 1 1 0 1 1 1 0 0 0 0 1 0 0 0 0 0
290	1	1 1 0 0 0 1 1 1 1 1 1 0 1 1 0 1 0 0 1 1 1 0 1 1 0 0 0 0 1 1 1 0 1 1 1 1 1 1 1 1 0 0 0 0 1 1 0 0 0 0
290	6	1 1 0 0 1 1 1 1 1 0 1 0 1 0 0 1 0 0 1 1 1 0 1 1 0 0 0 0 1 1 1 0 1 1 1 1 1 1 1 1 0 0 0 0 1 0 0 0 0 0
290	1	1 1 0 0 1 1 1 1 1 0 1 0 1 1 0 1 0 0 1 1 1 0 1 1 0 0 0 0 1 1 1 0 1 1 1 1 1 0 1 1 0 0 0 0 1 0 0 0 0 0
290	2	1 0 0 0 1 1 1 1 1 0 1 0 1 1 0 1 0 0 1 1 1 0 1 1 0 0 0 0 1 1 1 0 1 1 1 1 1 1 1 1 0 0 0 0 1 0 0 0 0 0
290	1	1 1 0 0 1 1 1 1 1 0 1 0 1 1 0 1 0 0 1 1 1 0 1 1 0 0 0 0 1 0 1 0 1 1 1 1 1 1 1 1 0 0 0 0 1 0 0 0 0 0
290	5	1 1 0 0 1 1 1 1 1 0 1 0 1 1 0 1 0 0 1 1 1 0 1 0 0 0 0 0 1 1 1 0 1 1 1 1 1 1 1 1 0 0 0 0 1 0 0 0 0 0
290	2	1 1 0 0 1 1 1 1 1 0 1 0 1 1 0 1 0 0 1 1 1 0 1 1 0 0 0 0 1 1 1 0 1 1 0 1 1 1 1 1 0 0 0 0 1 0 0 0 0 0
290	4	1 1 0 0 1 1 1 1 1 0 0 0 1 1 0 1 0 0 1 1 1 0 1 1 0 0 0 0 1 1 1 0 1 1 1 1 1 1 1 1 0 0 0 0 1 0 0 0 0 0
290	3	1 1 0 0 1 1 1 1 1 0 1 0 1 1 0 0 0 0 1 1 1 0 1 1 0 0 0 0 1 1 1 0 1 1 1 1 1 1 1 1 0 0 0 0 1 0 0 0 0 0
290	2	1 1 0 0 1 1 1 1 1 0 1 0 1 1 0 1 0 0 1 1 1 0 1 1 0 0 0 0 1 1 1 0 1 1 1 1 1 1 1 1 0 0 0 0 1 1 0 0 0 0
290	7	1 1 0 0 1 1 1 1 1 0 1 0 1 1 0 1 0 0 1 1 0 0 1 1 0 0 0 0 1 1 1 0 1 1 1 1 1 1 1 1 0 0 0 0 1 0 0 0 0 0
290	1	1 1 0 0 1 1 1 1 1 0 1 0 1 1 1 1 0 0 1 1 1 0 1 1 0 0 0 0 1 1 1 0 1 1 1 1 1 1 1 1 0 0 0 0 1 0 0 0 0 0
290	1	1 1 0 0 0 1 1 1 1 0 1 0 1 1 0 1 0 0 1 1 1 0 1 1 0 0 0 0 1 1 1 0 1 1 1 1 1 1 1 1 0 0 0 0 1 0 0 0 0 0
290	55	1 1 0 0 1 1 1 1 1 0 1 0 1 1 0 1 0 0 1 1 1 0 1 1 0 0 0 0 1 1 1 0 1 1 1 1 1 1 1 1 0 0 0 0 1 0 0 0 0 0
290	3	1 1 0 1 0 1 1 1 1 0 1 0 1 1 0 1 1 0 1 1 1 0 1 1 0 0 0 0 1 1 1 0 1 1 1 1 1 1 1 1 0 0 0 0 1 0 0 0 0 0
290	2	1 1 0 0 0 1 1 1 1 0 1 0 1 1 0 1 1 0 1 1 1 0 1 1 0 0 0 0 1 1 1 0 1 1 1 1 1 1 1 1 0 0 0 0 1 0 0 0 0 0
290	1	1 1 0 0 1 1 1 1 1 0 1 0 1 1 0 1 0 0 1 1 1 0 1 1 0 0 0 0 1 1 1 0 1 1 1 0 1 1 1 1 0 0 0 0 1 0 0 0 0 0
290	1	1 1 0 0 1 1 1 1 1 0 1 0 1 1 0 1 0 0 1 1 1 0 1 1 0 0 0 0 1 1 1 1 1 1 1 1 1 1 1 1 0 0 0 0 1 0 0 0 0 0
290	2	1 1 0 0 1 1 1 1 1 0 1 0 1 1 0 1 0 0 1 1 1 0 1 1 0 0 0 0 1 1 1 0 1 0 1 1 0 1 1 1 0 0 0 0 1 0 0 0 0 0
300	1	1 1 0 0 1 1 1 1 1 0 1 0 1 0 0 1 0 0 1 1 1 0 1 1 0 0 0 0 0 1 1 0 1 1 1 1 1 1 1 1 0 0 0 0 1 0 0 0 0 0
300	3	1 1 0 0 1 1 1 1 1 0 1 0 1 0 0 1 0 0 1 1 1 0 1 1 0 0 0 0 1 1 1 0 1 1 1 1 1 1 1 1 0 0 0 0 1 0 0 0 0 0
300	1	1 0 0 0 1 1 1 1 1 0 1 0 1 1 0 1 0 0 1 1 1 0 1 1 0 0 0 0 1 1 1 0 1 1 1 1 1 1 1 1 0 0 0 0 1 0 0 0 0 0
300	1	1 1 0 0 1 1 1 1 1 0 1 0 1 1 0 1 0 0 1 1 1 0 1 0 0 0 0 0 1 1 1 0 1 1 1 1 1 1 1 1 0 0 0 0 1 0 0 0 0 0
300	6	1 1 0 0 1 1 1 1 1 0 1 0 1 1 0 1 0 0 1 1 1 0 1 1 0 0 0 0 1 1 1 0 1 1 0 1 1 1 1 1 0 0 0 0 1 0 0 0 0 0
300	1	1 1 0 0 1 1 1 1 1 0 0 0 1 1 0 1 0 0 1 1 1 0 1 1 0 0 0 0 1 1 1 0 1 1 1 1 1 1 1 1 0 0 0 0 1 0 0 0 0 0
300	1	1 1 0 0 1 1 1 1 1 0 1 0 1 1 0 1 0 0 1 1 1 0 1 1 0 0 0 0 1 1 1 0 1 1 1 1 1 1 1 1 1 0 0 0 1 0 0 0 0 0
300	2	1 1 0 0 1 1 1 1 1 0 1 0 1 1 0 1 0 0 1 1 1 0 1 1 0 0 0 0 1 1 1 0 1 1 1 0 1 1 1 1 0 0 0 0 1 0 0 0 0 0
300	6	1 1 0 0 1 1 1 1 1 0 1 0 1 1 0 1 0 0 1 1 0 0 1 1 0 0 0 0 1 1 1 0 1 1 1 1 1 1 1 1 0 0 0 0 1 0 0 0 0 0
300	1	1 1 0 0 1 1 1 1 1 0 1 0 1 1 0 1 0 0 1 1 1 0 1 1 0 0 0 0 1 1 0 0 1 1 1 1 1 1 1 1 0 0 0 0 1 0 0 0 0 0
300	1	1 1 1 0 1 1 1 1 1 0 1 0 1 1 0 1 0 0 1 1 1 0 1 1 0 0 0 0 1 1 1 0 1 1 1 1 1 1 1 1 0 0 0 0 1 0 0 0 0 0
300	67	1 1 0 0 1 1 1 1 1 0 1 0 1 1 0 1 0 0 1 1 1 0 1 1 0 0 0 0 1 1 1 0 1 1 1 1 1 1 1 1 0 0 0 0 1 0 0 0 0 0
300	1	1 1 0 0 1 1 1 1 1 0 1 0 1 1 1 1 0 0 1 1 1 0 1 1 0 0 0 0 1 1 1 0 1 1 1 1 1 1 1 1 0 0 0 0 1 0 0 0 0 0
300	1	1 1 0 0 1 1 1 1 1 0 1 0 1 1 0 1 0 0 1 1 1 0 1 1 0 0 0 0 1 1 1 0 1 1 1 1 1 1 1 1 0 0 0 0 1 0 0 0 0 1
300	2	1 1 0 0 0 1 1 1 1 0 1 0 1 1 0 1 1 0 1 1 1 0 1 1 0 0 0 0 1 1 1 0 1 1 1 1 1 1 1 1 0 0 0 0 1 0 0 0 0 0
300	1	1 1 0 0 1 1 1 1 1 0 1 0 1 1 0 1 0 0 1 1 1 0 1 1 0 0 0 0 1 1 1 1 1 1 1 1 1 1 1 1 0 0 0 0 1 0 0 0 0 0
300	4	1 1 0 0 1 1 1 1 1 0 1 0 1 1 0 1 0 0 1 1 0 0 1 1 0 0 0 0 1 1 1 0 1 1 1 1 1 1 1 1 0 0 0 0 0 0 0 0 0 0
310	4	1 1 0 0 1 1 1 1 1 0 1 0 1 0 0 1 0 0 1 1 1 0 1 1 0 0 0 0 1 1 1 0 1 1 1 1 1 1 1 1 0 0 0 0 1 0 0 0 0 0
310	1	1 1 0 0 1 1 1 1 1 0 1 0 1 1 0 1 0 0 1 1 1 0 1 0 0 0 0 0 1 1 1 0 1 1 1 1 1 1 1 1 0 0 0 0 1 0 0 0 0 0
310	1	1 1 0 0 1 1 1 1 0 0 1 0 1 1 0 1 0 0 1 1 1 0 1 1 0 0 0 0 1 1 1 0 1 1 1 1 1 1 1 1 0 0 0 0 1 0 0 0 0 0
310	6	1 1 0 0 1 1 1 1 1 0 1 0 1 1 0 1 0 0 1 1 1 0 1 1 0 0 0 0 1 1 1 0 1 1 0 1 1 1 1 1 0 0 0 0 1 0 0 0 0 0
310	62	1 1 0 0 1 1 1 1 1 0 1 0 1 1 0 1 0 0 1 1 1 0 1 1 0 0 0 0 1 1 1 0 1 1 1 1 1 1 1 1 0 0 0 0 1 0 0 0 0 0
310	2	1 1 0 0 1 1 1 1 1 0 1 0 1 1 0 1 0 0 1 1 1 0 1 1 0 0 0 0 1 1 1 0 1 1 1 1 1 1 1 1 1 0 0 0 1 0 0 0 0 0
310	1	1 1 0 0 1 1 1 1 1 0 1 0 1 1 0 1 0 0 1 1 1 0 1 1 0 0 0 0 1 1 1 1 1 1 1 1 1 1 1 1 0 0 0 0 1 0 0 0 0 0
310	1	1 1 0 0 1 1 1 1 1 0 1 0 1 1 0 1 0 0 1 1 1 0 1 1 0 0 0 0 1 1 1 0 1 1 1 1 1 1 1 1 0 0 0 0 1 1 0 0 0 0
310	4	1 1 0 0 1 1 1 1 1 0 1 0 1 1 0 1 0 0 1 1 0 0 1 1 0 0 0 0 1 1 1 0 1 1 1 1 1 1 1 1 0 0 0 0 1 0 0 0 0 0
310	1	1 1 1 0 1 1 1 1 1 0 1 0 1 1 0 1 0 0 1 1 1 0 1 1 0 0 0 0 1 1 1 0 1 1 1 1 1 1 1 1 0 0 0 0 1 0 0 0 0 0
310	1	1 1 0 0 1 1 1 1 1 0 1 0 0 1 0 1 0 0 1 1 1 0 1 1 0 0 0 0 1 1 1 0 1 1 1 1 1 1 1 1 0 0 0 0 1 0 0 0 0 0
310	1	1 1 0 0 1 1 1 1 1 0 1 0 1 1 0 0 0 0 1 1 1 0 1 1 0 0 0 0 1 1 1 0 1 1 1 1 1 1 1 1 0 0 0 0 1 0 0 0 0 0
310	2	1 1 0 0 1 1 1 1 1 0 1 0 1 1 1 1 0 0 1 1 1 0 1 1 0 0 0 0 1 1 1 0 1 1 1 1 1 1 1 1 0 0 0 0 1 0 0 0 0 0
310	3	1 1 0 0 1 1 1 1 1 0 1 0 1 1 0 1 0 0 1 1 1 0 0 1 0 0 0 0 1 1 1 0 1 1 1 1 1 1 1 1 0 0 0 0 1 0 0 0 0 0
310	3	1 1 0 0 1 1 1 1 1 0 1 0 1 1 0 1 0 0 1 1 1 0 1 1 0 0 0 0 1 1 1 0 1 1 1 1 1 1 1 1 0 0 0 0 0 0 0 0 0 0
310	4	1 1 0 1 0 1 1 1 1 0 1 0 1 1 0 1 1 0 1 1 1 0 1 1 0 0 0 0 1 1 1 0 1 1 1 1 1 1 1 1 0 0 0 0 1 0 0 0 0 0
310	2	1 1 0 0 1 1 1 1 1 0 1 0 1 1 0 1 0 0 1 1 0 0 1 1 0 0 0 0 1 1 1 0 1 1 1 1 1 1 1 1 0 0 0 0 0 0 0 0 0 0
310	1	1 1 0 0 1 1 1 1 1 0 1 0 1 1 0 1 0 0 1 1 1 0 1 1 0 0 0 0 1 1 1 0 1 0 1 1 0 1 1 1 0 0 0 0 1 0 0 0 0 0
