10	3	1 1 1 1 0 0 1 0 0 1
10	14	1 1 1 1 0 0 1 0 1 1
10	1	0 1 1 1 1 1 1 1 0 1
10	1	0 1 1 1 1 0 1 1 0 0
10	17	0 1 1 1 1 0 1 1 0 1
10	1	0 1 1 1 1 1 0 1 1 1
10	28	0 1 1 1 0 1 0 1 1 1
10	3	0 0 1 1 0 1 0 0 0 0
10	2	0 0 1 1 0 0 0 0 1 0
10	2	0 0 1 1 1 0 0 0 0 0
10	1	0 0 1 1 0 0 1 0 0 0
10	1	0 0 1 1 0 0 0 0 0 1
10	26	0 0 1 1 0 0 0 0 0 0
20	13	1 1 1 1 0 0 1 0 0 1
20	1	1 1 1 1 0 0 1 0 1 0
20	6	1 1 1 1 0 0 1 0 1 1
20	2	0 1 1 1 1 0 1 1 0 0
20	3	0 1 1 1 1 0 1 0 0 1
20	16	0 1 1 1 1 0 1 1 0 1
20	17	0 1 1 1 0 1 0 1 1 1
20	1	0 1 1 1 1 1 0 0 0 0
20	2	0 1 1 1 0 1 0 0 0 0
20	12	0 0 1 1 0 1 0 0 0 0
20	4	0 0 1 1 0 0 0 0 1 0
20	11	0 0 1 1 1 0 0 0 0 0
20	5	0 0 1 1 0 0 1 0 0 0
20	7	0 0 1 1 0 0 0 0 0 0
30	1	1 1 1 0 0 0 1 0 0 1
30	2	1 1 1 1 0 0 1 0 1 1
30	18	1 1 1 1 0 0 1 0 0 1
30	3	1 1 1 1 0 0 1 0 1 0
30	1	0 1 1 1 1 0 1 0 0 1
30	4	0 1 1 1 0 1 0 1 1 1
30	2	1 1 1 1 0 1 0 0 0 0
30	1	0 1 0 1 0 1 0 0 0 0
30	7	0 1 1 1 0 1 0 0 0 0
30	21	0 0 1 1 0 1 0 0 0 0
30	1	0 0 1 1 0 0 0 0 1 0
30	3	0 0 1 1 0 0 0 0 0 0
30	12	0 0 1 1 1 0 0 0 0 0
30	1	0 0 1 1 0 1 1 0 0 0
30	6	0 0 1 1 0 0 1 0 0 0
30	1	0 1 1 1 0 0 1 0 0 0
30	14	0 1 1 1 0 0 0 0 0 0
30	2	1 0 1 1 0 0 0 0 0 0
40	1	1 1 1 1 0 0 1 0 0 0
40	1	1 1 1 0 0 0 1 0 0 1
40	1	1 1 1 1 1 0 1 0 1 1
40	1	1 1 1 1 0 0 1 0 1 1
40	21	1 1 1 1 0 0 1 0 0 1
40	1	0 1 1 1 1 1 0 1 0 0
40	2	1 1 1 1 0 1 0 0 0 0
40	17	0 0 1 1 0 1 0 0 0 0
40	13	0 1 1 1 0 1 0 0 0 0
40	4	1 0 1 1 0 1 0 0 0 0
40	1	0 0 1 1 1 1 0 0 0 0
40	5	0 0 1 1 0 0 0 0 0 0
40	10	0 0 1 1 1 0 0 0 0 0
40	22	0 1 1 1 0 0 0 0 0 0
50	2	1 1 1 1 0 0 1 0 0 1
50	1	0 1 1 1 1 0 1 0 0 1
50	3	0 0 1 1 0 0 0 0 0 0
50	1	0 1 1 1 0 0 0 0 1 0
50	20	0 1 1 1 0 1 0 0 0 0
50	39	0 1 1 1 0 0 0 0 0 0
50	5	0 1 1 1 1 1 0 0 0 0
50	4	1 1 1 1 0 1 0 0 0 0
50	3	1 0 0 1 0 1 0 0 0 0
50	1	1 0 1 1 0 1 0 0 0 0
50	11	0 0 1 1 0 1 0 0 0 0
50	1	0 0 1 0 0 0 0 0 0 0
50	1	0 1 1 1 1 0 0 0 0 0
50	7	0 0 1 1 1 0 0 0 0 0
50	1	0 0 1 1 0 0 1 0 0 0
60	5	1 1 1 1 0 0 1 0 0 1
60	2	0 1 1 1 0 0 1 0 0 0
60	1	0 1 1 1 0 1 0 0 1 0
60	22	0 1 1 1 0 1 0 0 0 0
60	44	0 1 1 1 0 0 0 0 0 0
60	1	0 1 1 1 0 1 0 0 0 1
60	2	1 1 1 1 0 1 0 0 0 0
60	7	0 1 1 1 1 1 0 0 0 0
60	1	1 0 1 1 1 1 0 0 0 0
60	11	1 0 1 1 0 1 0 0 0 0
60	2	0 0 1 1 0 1 0 0 0 0
60	1	0 0 1 1 0 0 0 0 0 1
60	1	0 0 1 1 1 0 0 0 0 0
70	3	1 1 1 1 0 0 1 0 0 1
70	1	0 0 1 1 0 0 0 0 0 0
70	8	0 1 1 1 1 1 0 0 0 0
70	1	1 1 1 1 0 1 0 0 0 0
70	3	0 0 1 1 0 1 0 0 0 0
70	28	0 1 1 1 0 1 0 0 0 0
70	1	0 1 1 1 0 0 0 1 0 0
70	45	0 1 1 1 0 0 0 0 0 0
70	1	1 0 1 1 1 1 0 0 0 0
70	1	1 0 1 1 0 0 0 0 0 0
70	7	1 0 1 1 0 1 0 0 0 0
70	1	0 0 1 1 0 1 0 0 0 1
