0	100	0 0 0 0 0 0 0 0 0 0
10	1	0 1 0 0 0 0 0 0 0 0
10	1	0 0 0 0 1 0 0 0 0 0
10	1	0 0 0 1 0 0 0 0 0 0
10	2	0 0 0 0 0 0 0 0 1 0
10	95	0 0 0 0 0 0 0 0 0 0
20	1	0 1 0 0 0 0 0 0 0 0
20	4	0 0 1 0 0 0 0 0 0 0
20	2	0 0 0 1 0 0 0 0 0 0
20	4	1 0 0 0 0 0 0 0 0 0
20	1	0 0 0 0 0 0 0 1 0 0
20	88	0 0 0 0 0 0 0 0 0 0
30	1	1 1 0 0 0 0 0 0 0 0
30	4	0 1 0 0 0 0 0 0 0 0
30	1	0 0 1 0 1 0 0 0 0 0
30	2	0 0 1 0 0 0 0 0 0 0
30	1	0 0 0 1 0 0 0 0 0 0
30	2	1 0 0 0 0 0 0 0 0 0
30	3	0 0 0 0 0 0 0 1 0 0
30	1	0 0 0 0 0 0 0 0 1 0
30	1	0 0 0 0 0 0 1 0 0 0
30	84	0 0 0 0 0 0 0 0 0 0
40	6	0 1 0 0 0 0 0 0 0 0
40	3	0 0 1 0 0 0 0 0 0 0
40	2	0 0 0 1 0 0 0 0 0 0
40	3	0 0 0 0 0 0 0 0 0 1
40	2	0 0 0 0 0 0 0 0 1 0
40	1	0 0 0 0 0 0 1 0 0 0
40	83	0 0 0 0 0 0 0 0 0 0
50	2	0 1 1 0 0 0 0 0 0 0
50	1	0 1 0 0 0 0 0 0 1 0
50	5	0 1 0 0 0 0 0 0 0 0
50	2	0 0 1 0 0 0 0 0 0 0
50	4	0 0 0 1 0 0 0 0 0 0
50	1	0 0 0 0 0 0 0 1 0 0
50	2	0 0 0 0 0 0 1 0 0 0
50	82	0 0 0 0 0 0 0 0 0 0
50	1	0 0 0 0 0 0 0 0 1 0
60	3	0 1 1 0 0 0 0 0 0 0
60	4	0 1 0 0 0 0 0 0 1 0
60	7	0 1 0 0 0 0 0 0 0 0
60	3	0 0 1 0 0 0 0 0 0 0
60	1	0 0 0 1 0 0 0 0 0 0
60	1	1 0 0 0 1 0 0 0 0 0
60	2	1 0 0 0 0 0 0 0 0 0
60	1	0 0 0 0 0 1 0 0 0 0
60	2	0 0 0 0 0 0 0 0 0 1
60	7	0 0 0 0 1 0 0 0 0 0
60	2	0 0 0 0 0 0 0 0 1 0
60	67	0 0 0 0 0 0 0 0 0 0
70	9	0 1 0 0 0 0 0 0 0 0
70	5	0 1 1 0 0 0 0 0 0 0
70	2	0 0 1 0 0 0 0 0 0 0
70	1	1 0 0 0 0 0 0 0 0 0
70	1	0 0 0 0 0 0 0 1 0 0
70	1	0 0 0 0 0 1 0 0 0 0
70	3	0 0 0 0 0 1 0 0 1 0
70	1	0 0 0 0 0 0 0 0 0 1
70	7	0 0 0 0 1 0 0 0 0 0
70	1	0 0 0 0 0 0 0 0 1 0
70	69	0 0 0 0 0 0 0 0 0 0
80	10	0 1 1 0 0 0 0 0 0 0
80	17	0 1 0 0 0 0 0 0 0 0
80	1	0 1 1 0 0 0 0 0 0 1
80	1	0 1 0 0 1 0 0 0 0 0
80	3	0 0 1 0 0 0 0 0 1 0
80	1	0 0 1 0 1 0 0 0 0 0
80	4	0 0 1 0 0 0 0 0 0 0
80	5	1 0 0 0 0 0 0 0 0 0
80	1	0 0 0 0 0 0 1 0 0 0
80	5	0 0 0 0 1 0 0 0 0 0
80	52	0 0 0 0 0 0 0 0 0 0
90	2	0 1 0 0 0 0 1 0 0 0
90	1	0 1 1 0 0 0 0 0 0 1
90	15	0 1 0 0 0 0 0 0 0 0
90	10	0 1 1 0 0 0 0 0 0 0
90	1	0 0 0 0 0 0 0 0 0 1
90	7	0 0 0 0 1 0 0 0 0 0
90	4	0 0 0 0 0 0 0 0 1 0
90	8	0 0 1 0 0 0 0 0 0 0
90	37	0 0 0 0 0 0 0 0 0 0
90	1	0 1 0 0 0 0 0 1 0 0
90	2	0 0 1 0 1 0 0 0 0 0
90	10	1 0 0 0 0 0 0 0 0 0
90	2	0 0 0 1 1 0 0 0 0 0
100	2	1 1 0 0 0 0 0 0 0 0
100	3	0 1 1 0 0 0 0 0 0 1
100	2	1 1 1 0 0 0 0 0 0 0
100	6	1 0 0 0 0 0 0 0 0 0
100	1	0 0 0 0 0 1 0 0 0 0
100	18	0 0 0 0 0 0 0 0 0 0
100	22	0 1 1 0 0 0 0 0 0 0
100	32	0 1 0 0 0 0 0 0 0 0
100	1	0 1 1 0 0 1 0 0 0 0
100	1	0 0 0 0 0 0 0 0 0 1
100	4	0 0 0 0 1 0 0 0 0 0
100	4	0 0 0 0 0 0 0 0 1 0
100	3	0 1 0 0 1 0 0 0 0 0
100	1	0 0 1 0 1 0 0 0 0 0
110	2	0 1 0 1 0 0 1 0 0 0
110	1	0 1 1 0 0 1 0 0 0 1
110	4	0 1 1 0 0 0 0 0 0 1
110	1	0 0 0 0 0 0 1 0 0 0
110	21	0 1 0 0 0 0 0 0 0 0
110	16	0 0 0 0 0 0 0 0 0 0
110	1	0 1 0 0 0 1 0 0 0 0
110	10	0 0 1 0 0 0 0 0 0 0
110	1	1 0 0 0 0 0 0 0 0 0
110	1	0 0 0 1 0 0 0 0 0 0
110	1	0 0 0 1 1 0 0 0 0 0
110	13	0 0 0 0 1 0 0 0 0 0
110	25	0 1 1 0 0 0 0 0 0 0
110	1	0 0 0 0 0 1 0 0 1 0
110	1	0 0 0 0 0 0 0 0 1 0
110	1	0 0 1 0 1 0 0 0 0 0
120	3	0 1 1 0 0 1 0 0 0 1
120	5	0 1 1 0 0 0 0 0 0 1
120	1	0 0 0 0 0 0 0 1 0 0
120	34	0 1 1 0 0 0 0 0 0 0
120	2	0 0 1 0 1 0 0 0 0 0
120	10	0 0 1 0 0 0 0 0 0 0
120	1	0 1 0 0 0 0 0 1 0 0
120	22	0 1 0 0 0 0 0 0 0 0
120	5	1 0 0 0 0 0 0 0 0 0
120	8	0 0 0 0 0 0 0 0 0 0
120	3	0 0 0 0 1 0 0 0 0 0
120	3	0 0 1 0 0 0 0 0 1 0
120	1	1 0 0 0 0 0 1 0 0 0
120	1	0 0 0 0 0 0 0 0 1 0
120	1	0 0 1 0 1 1 0 0 0 0
130	2	0 1 1 0 0 0 0 0 0 1
130	1	0 0 0 0 1 0 0 1 0 0
130	1	0 0 0 0 0 0 0 1 0 0
130	1	0 1 1 0 0 0 0 1 0 0
130	3	0 1 1 0 0 1 0 0 0 0
130	1	0 0 1 0 0 0 0 0 1 0
130	16	0 0 1 0 0 0 0 0 0 0
130	38	0 1 1 0 0 0 0 0 0 0
130	19	0 1 0 0 0 0 0 0 0 0
130	6	0 0 0 0 0 0 0 0 0 0
130	1	1 0 0 0 0 0 0 0 0 0
130	2	0 0 0 1 0 0 0 0 0 0
130	9	0 0 0 0 1 0 0 0 0 0
140	1	0 1 1 0 0 0 0 0 0 1
140	1	0 1 1 1 1 0 0 0 0 0
140	4	0 1 1 0 0 1 0 0 0 0
140	3	0 0 0 0 0 0 0 0 0 0
140	44	0 1 1 0 0 0 0 0 0 0
140	17	0 0 1 0 0 0 0 0 0 0
140	6	0 0 1 0 0 0 0 0 1 0
140	1	0 0 1 1 0 0 0 0 0 0
140	1	0 1 1 0 0 0 0 0 1 0
140	1	1 1 1 0 0 0 0 0 0 0
140	12	0 1 0 0 0 0 0 0 0 0
140	2	0 1 0 0 0 0 0 1 0 0
140	1	0 1 0 0 1 0 0 0 0 0
140	1	0 0 0 0 0 0 0 0 0 1
140	2	1 0 0 0 0 0 0 0 0 0
140	3	0 0 0 0 1 0 0 0 0 0
150	3	0 1 1 0 0 0 0 1 0 0
150	6	0 1 1 0 0 1 0 0 0 0
150	42	0 1 1 0 0 0 0 0 0 0
150	24	0 0 1 0 0 0 0 0 0 0
150	17	0 1 0 0 0 0 0 0 0 0
150	2	0 1 1 0 0 0 0 0 1 0
150	1	0 0 1 0 0 0 0 1 0 0
150	2	0 0 1 0 0 0 0 0 1 0
150	1	0 0 0 1 0 0 0 0 0 0
150	1	0 0 0 0 1 0 0 0 0 1
150	1	0 0 0 0 1 0 0 0 0 0
