0	100	0 0 0 0 0 0 0 0 0 0
10	1	0 0 0 0 0 1 0 0 0 0
10	4	0 0 0 1 0 0 0 0 0 0
10	1	0 0 0 0 1 0 0 0 0 0
10	1	0 0 0 0 0 0 0 0 1 0
10	1	0 0 0 0 0 0 1 0 0 0
10	92	0 0 0 0 0 0 0 0 0 0
20	4	0 0 0 1 0 0 0 0 0 0
20	1	0 0 0 0 1 0 0 0 0 0
20	2	0 0 0 0 0 0 1 0 0 0
20	1	0 1 0 0 0 0 0 0 0 0
20	1	0 0 0 0 0 0 0 1 0 0
20	91	0 0 0 0 0 0 0 0 0 0
30	2	0 0 0 1 0 0 0 0 0 0
30	2	0 0 0 0 1 0 0 0 0 0
30	1	0 0 0 0 0 0 0 0 0 1
30	4	0 0 0 0 0 0 1 0 0 0
30	2	0 1 0 0 0 0 0 0 0 0
30	82	0 0 0 0 0 0 0 0 0 0
30	4	1 0 0 0 0 0 0 0 0 0
30	3	0 0 0 0 0 0 0 0 1 0
40	1	0 0 0 1 0 0 0 0 0 0
40	4	0 0 0 0 1 0 0 0 0 0
40	3	0 0 0 0 0 0 0 0 0 1
40	2	0 0 0 0 0 0 1 0 0 0
40	2	1 0 0 0 0 0 0 0 0 0
40	2	0 0 0 0 0 0 0 0 1 0
40	86	0 0 0 0 0 0 0 0 0 0
50	3	0 0 0 1 0 0 0 0 0 0
50	1	0 0 0 0 1 0 0 0 0 0
50	2	0 0 0 0 0 0 0 0 0 1
50	4	0 0 0 0 0 0 1 0 0 0
50	3	1 0 0 0 0 0 0 0 0 0
50	4	0 0 0 0 0 0 0 0 1 0
50	2	0 0 1 0 0 0 0 0 0 0
50	1	0 0 0 0 0 0 0 1 0 0
50	80	0 0 0 0 0 0 0 0 0 0
60	4	0 0 0 0 0 0 0 0 0 1
60	75	0 0 0 0 0 0 0 0 0 0
60	6	0 0 0 1 0 0 0 0 0 0
60	1	0 0 0 0 1 1 0 0 0 0
60	4	0 0 0 0 1 0 0 0 0 0
60	1	0 0 0 0 0 0 1 0 1 0
60	4	0 0 0 0 0 0 1 0 0 0
60	2	1 0 0 0 0 0 0 0 0 0
60	2	0 0 0 0 0 0 0 0 1 0
60	1	0 0 0 0 0 0 0 1 0 0
70	2	0 0 0 0 0 1 0 0 0 0
70	5	0 0 0 0 0 0 0 0 0 1
70	3	0 0 0 0 0 0 0 0 1 0
70	1	1 1 0 0 0 0 0 0 0 0
70	4	1 0 0 0 0 0 0 0 0 0
70	4	0 0 0 1 0 0 0 0 0 0
70	1	0 0 0 0 0 0 0 1 0 0
70	6	0 0 0 0 1 0 0 0 0 0
70	72	0 0 0 0 0 0 0 0 0 0
70	2	0 0 0 0 1 1 0 0 0 0
80	1	0 0 1 0 0 0 1 0 0 0
80	1	0 0 1 0 0 0 0 0 0 0
80	5	0 0 0 0 0 0 0 0 0 1
80	1	1 0 0 1 0 0 0 0 0 0
80	4	1 0 0 0 0 0 0 0 0 0
80	1	0 1 0 1 0 0 0 0 0 0
80	1	0 0 0 1 0 0 0 0 1 0
80	5	0 0 0 1 0 0 0 0 0 0
80	2	0 0 0 0 0 0 0 1 0 0
80	10	0 0 0 0 1 0 0 0 0 0
80	2	0 0 0 0 0 0 1 0 0 0
80	64	0 0 0 0 0 0 0 0 0 0
80	3	0 0 0 0 1 1 0 0 0 0
90	4	0 0 1 0 0 0 0 0 0 0
90	1	0 0 0 0 0 1 0 0 0 0
90	1	0 1 0 0 0 0 0 0 0 1
90	4	0 0 0 0 0 0 0 0 0 1
90	1	1 0 0 0 0 0 0 1 0 0
90	5	1 0 0 0 0 0 0 0 0 0
90	7	0 0 0 0 1 0 0 0 0 0
90	6	0 0 0 1 0 0 0 0 0 0
90	2	0 0 0 0 0 0 0 1 0 0
90	63	0 0 0 0 0 0 0 0 0 0
90	3	0 1 0 1 0 0 0 0 0 0
90	1	0 0 0 1 0 1 0 0 0 0
90	2	0 0 0 0 1 1 0 0 0 0
100	2	0 0 1 0 0 0 1 0 0 0
100	2	0 0 1 0 0 0 0 0 0 0
100	3	0 0 0 0 0 1 0 0 0 0
100	1	0 0 0 0 0 0 0 0 0 1
100	1	0 1 0 0 0 0 0 0 0 1
100	2	0 0 0 0 0 0 0 1 0 0
100	1	0 0 0 1 1 0 0 0 0 0
100	5	0 0 0 0 1 0 0 0 0 0
100	2	0 0 0 0 0 0 1 0 0 0
100	5	0 0 0 1 0 0 0 0 0 0
100	8	1 0 0 0 0 0 0 0 0 0
100	1	0 0 0 0 0 0 0 0 1 0
100	59	0 0 0 0 0 0 0 0 0 0
100	3	1 0 0 0 0 0 0 1 0 0
100	1	1 0 0 0 0 1 0 0 0 0
100	2	0 1 0 1 0 0 0 0 0 0
100	1	0 0 1 0 1 1 0 0 0 0
100	1	0 0 0 0 1 1 0 0 0 0
110	1	0 0 1 0 0 0 1 0 0 0
110	1	0 0 1 0 0 0 0 0 0 0
110	1	0 0 0 0 0 0 0 0 0 1
110	5	0 0 0 0 1 0 0 0 0 0
110	1	0 1 0 0 0 0 1 0 0 0
110	3	0 0 0 0 0 0 1 0 0 0
110	4	0 0 0 1 0 0 0 0 0 0
110	3	1 0 1 0 0 0 0 0 0 0
110	54	0 0 0 0 0 0 0 0 0 0
110	8	1 0 0 0 0 0 0 0 0 0
110	1	1 0 0 0 0 0 0 1 0 0
110	1	0 1 0 1 0 1 0 0 0 0
110	9	0 1 0 1 0 0 0 0 0 0
110	4	0 0 0 1 0 1 0 0 0 0
110	4	0 0 0 0 1 1 0 0 0 0
120	1	0 0 1 0 1 0 1 0 0 0
120	3	0 0 1 0 0 0 0 0 0 0
120	1	0 0 0 0 0 0 0 0 0 1
120	47	0 0 0 0 0 0 0 0 0 0
120	9	0 0 0 0 1 0 0 0 0 0
120	1	0 0 0 1 0 0 0 0 0 0
120	17	1 0 0 0 0 0 0 0 0 0
120	2	1 0 1 0 0 0 0 0 0 0
120	1	0 0 0 0 0 0 0 1 0 0
120	3	1 0 0 0 0 0 0 1 0 0
120	6	0 1 0 1 0 0 0 0 0 0
120	5	0 0 0 1 0 1 0 0 0 0
120	4	0 0 0 0 1 1 0 0 0 0
130	4	0 0 1 0 1 0 1 0 0 0
130	3	0 0 1 0 0 0 0 0 0 0
130	5	1 0 0 0 0 1 0 0 0 0
130	1	0 0 0 0 0 1 0 0 0 0
130	5	0 0 0 0 1 0 0 0 0 0
130	14	1 0 0 0 0 0 0 0 0 0
130	44	0 0 0 0 0 0 0 0 0 0
130	3	0 1 0 0 0 0 1 0 0 0
130	4	0 1 0 1 0 0 0 0 0 0
130	3	1 0 1 0 0 0 0 0 0 0
130	1	1 0 0 0 0 0 0 1 0 0
130	7	0 0 0 1 0 1 0 0 0 0
130	1	1 0 0 0 1 1 0 0 0 0
130	5	0 0 0 0 1 1 0 0 0 0
140	1	0 0 1 0 1 0 0 0 0 0
140	1	0 0 1 0 1 0 1 0 0 0
140	1	0 0 1 0 0 0 0 0 0 0
140	1	1 0 0 1 0 1 0 0 0 0
140	2	1 0 0 0 0 1 0 0 0 0
140	1	0 0 0 0 1 0 0 0 0 1
140	1	0 0 0 0 1 0 0 0 0 0
140	5	1 0 1 0 0 0 0 0 0 0
140	15	1 0 0 0 0 0 0 0 0 0
140	3	1 0 0 0 0 0 0 1 0 0
140	2	0 0 0 0 0 0 0 1 0 0
140	1	0 1 0 0 0 0 1 0 0 0
140	34	0 0 0 0 0 0 0 0 0 0
140	12	0 1 0 1 0 0 0 0 0 0
140	3	1 1 0 1 0 0 0 0 0 0
140	12	0 0 0 1 0 1 0 0 0 0
140	5	0 0 0 0 1 1 0 0 0 0
150	2	0 0 1 0 1 0 1 0 0 0
150	4	1 0 0 1 0 1 0 0 0 0
150	8	1 0 0 0 0 1 0 0 0 0
150	1	0 0 0 0 0 0 0 0 0 1
150	1	0 0 0 0 1 0 0 0 0 1
150	5	1 0 1 0 0 0 0 0 0 0
150	12	1 0 0 0 0 0 0 0 0 0
150	1	0 0 0 0 0 0 0 1 0 0
150	2	0 0 0 1 0 0 0 0 0 1
150	2	0 0 0 1 0 0 0 0 0 0
150	2	0 1 0 0 0 0 1 0 0 0
150	25	0 0 0 0 0 0 0 0 0 0
150	17	0 1 0 1 0 0 0 0 0 0
150	6	1 1 0 1 0 0 0 0 0 0
150	3	0 0 1 1 0 1 0 0 0 0
150	8	0 0 0 1 0 1 0 0 0 0
150	1	0 0 0 0 1 1 0 0 0 0
