10	10	1 0 0 0 1 0 0 1 1 1 0 0 1 0 0 0 1 0 1 0 1 1 0 0 0 1 0 1 1 0 0 1 1 0 0 0 1 1 0 1 0 0 1 1 0 0 1 0 0 0
10	3	0 1 1 1 1 1 0 1 1 1 1 1 1 0 1 1 1 1 1 1 0 0 0 1 1 0 0 0 0 0 0 1 0 1 1 1 1 0 1 1 0 1 0 0 0 1 1 0 0 1
10	24	0 0 1 1 1 1 0 1 1 1 1 1 1 0 1 1 1 1 1 1 0 0 0 1 1 0 0 0 0 0 0 1 0 1 1 1 1 0 1 1 0 1 0 0 0 1 1 0 0 1
10	19	0 1 0 1 0 1 0 0 1 0 0 1 1 1 1 1 1 0 0 0 0 1 1 0 1 1 1 1 0 1 1 1 0 0 0 0 0 0 0 1 0 0 1 1 0 1 1 0 0 1
10	19	1 1 0 0 0 1 0 1 1 1 1 0 0 0 1 1 1 0 1 1 0 1 1 1 0 1 0 0 0 1 0 1 0 0 0 1 0 1 0 0 1 1 1 0 0 0 1 0 1 0
10	1	0 0 1 1 0 1 0 0 0 0 0 1 1 1 0 0 1 0 0 0 0 0 1 1 0 0 1 0 0 0 0 1 0 0 1 0 0 0 0 1 1 0 0 1 0 1 0 1 0 0
10	24	0 0 1 1 0 1 0 0 0 0 0 1 1 1 0 0 1 0 0 0 0 0 1 1 0 0 1 0 0 0 0 1 0 0 1 0 0 0 0 1 1 0 0 1 1 1 0 1 0 0
20	3	1 0 0 0 1 0 0 1 1 1 0 0 1 0 0 0 1 0 1 0 1 1 0 0 0 1 0 1 1 0 0 1 1 0 0 1 1 1 0 1 0 0 1 1 0 0 1 0 0 0
20	3	1 0 0 0 1 0 0 1 1 1 0 0 1 0 0 0 1 0 1 0 1 1 0 0 0 1 0 1 1 0 0 1 1 0 0 0 1 1 0 1 0 0 1 1 0 0 1 0 0 0
20	3	0 1 1 1 1 1 0 1 1 1 1 1 1 0 1 1 1 1 1 1 0 0 0 1 1 0 0 0 0 0 0 1 0 1 1 1 1 0 1 1 0 1 0 0 0 1 1 0 0 0
20	2	0 1 1 1 1 1 0 1 1 1 1 1 1 0 1 1 1 1 1 1 0 0 0 1 1 0 0 0 0 0 0 1 0 1 1 0 1 0 1 1 0 1 0 0 0 1 1 0 0 1
20	18	0 1 1 1 1 1 0 1 1 1 1 1 1 0 1 1 1 1 1 1 0 0 0 1 1 0 0 0 0 0 0 1 0 1 1 1 1 0 1 1 0 1 0 0 0 1 1 0 0 1
20	11	0 0 1 1 1 1 0 1 1 1 1 1 1 0 1 1 1 1 1 1 0 0 0 1 1 0 0 0 0 0 0 1 1 1 1 1 1 0 1 1 0 1 0 0 0 1 1 0 0 1
20	1	1 0 1 1 1 1 0 1 1 1 1 1 1 0 1 1 1 1 1 1 0 0 0 1 1 0 0 0 0 0 0 1 0 1 1 1 1 0 1 1 0 1 0 0 0 1 1 0 0 1
20	4	0 0 1 1 1 1 1 1 1 1 1 1 1 0 1 1 1 1 1 1 0 0 0 1 1 0 0 0 0 0 0 1 0 1 1 1 1 0 1 1 0 1 0 0 0 1 1 0 0 1
20	1	0 0 1 1 1 1 0 1 1 1 1 1 1 0 1 1 1 1 1 1 0 0 0 1 1 0 0 0 0 0 1 1 0 1 1 1 1 0 1 1 0 1 0 0 0 1 1 0 0 1
20	16	0 0 1 1 1 1 0 1 1 1 1 1 1 0 1 1 1 1 1 1 0 0 0 1 1 0 0 0 0 0 0 1 0 1 1 1 1 0 1 1 0 1 0 0 0 1 1 0 0 1
20	6	0 1 0 1 0 1 0 0 1 0 0 1 1 1 1 1 1 0 0 0 0 1 1 0 1 1 1 1 0 1 1 1 0 0 0 0 0 0 0 1 0 0 1 1 0 1 1 0 0 1
20	1	1 1 0 0 0 1 1 1 1 1 1 0 0 0 1 1 1 0 1 1 0 1 1 1 0 1 0 0 0 1 0 1 0 0 0 1 0 1 0 0 1 1 1 0 0 0 1 0 1 0
20	1	1 0 0 0 0 1 0 1 1 1 1 0 0 0 1 1 1 0 1 1 0 1 1 1 0 1 0 0 0 1 0 1 0 0 0 1 0 1 0 0 1 1 1 0 0 0 1 0 1 0
20	16	1 1 0 0 0 1 0 1 1 1 1 0 0 0 1 1 1 0 1 1 0 1 1 1 0 1 0 0 0 1 0 1 0 0 0 1 0 1 0 0 1 1 1 0 0 0 1 0 1 0
20	14	0 0 1 1 0 1 0 0 0 0 0 1 1 1 0 0 1 0 0 0 0 0 1 1 0 0 1 0 0 0 0 1 0 0 1 0 0 0 0 1 1 0 0 1 1 1 0 1 0 0
30	1	1 0 0 0 1 0 0 1 1 1 0 0 1 0 0 0 1 0 1 0 1 1 0 0 0 1 0 1 1 0 0 1 1 0 0 1 1 1 0 1 0 0 1 1 0 0 1 0 0 0
30	1	0 1 1 1 1 1 0 1 1 1 1 1 1 0 1 0 1 1 1 1 0 0 0 1 1 0 0 0 0 0 0 1 0 1 1 1 1 0 1 1 0 1 0 0 0 1 1 0 0 1
30	8	0 1 1 1 1 1 0 1 1 1 1 1 1 0 1 1 1 1 1 1 0 0 0 1 1 0 0 0 0 0 0 1 0 1 1 0 1 0 1 1 0 1 0 0 0 1 1 0 0 1
30	29	0 1 1 1 1 1 0 1 1 1 1 1 1 0 1 1 1 1 1 1 0 0 0 1 1 0 0 0 0 0 0 1 0 1 1 1 1 0 1 1 0 1 0 0 0 1 1 0 0 1
30	24	0 1 1 1 1 1 0 1 1 1 1 1 1 0 1 1 1 1 1 1 0 0 0 1 1 0 0 0 0 0 0 1 0 1 1 1 1 0 1 1 0 1 0 0 0 1 1 0 0 0
30	2	0 1 1 1 1 1 0 1 1 1 1 1 1 0 1 1 1 1 1 1 0 0 0 1 1 0 1 0 0 0 0 1 0 1 1 0 1 0 1 1 0 1 0 0 0 1 1 0 0 1
30	2	0 0 1 1 1 1 0 1 1 1 1 1 1 0 1 1 1 1 1 1 0 0 1 1 1 0 0 0 0 0 0 1 0 0 1 1 1 0 1 1 0 1 0 0 0 1 1 0 0 1
30	17	0 0 1 1 1 1 0 1 1 1 1 1 1 0 1 1 1 1 1 1 0 0 0 1 1 0 0 0 0 0 0 1 1 1 1 1 1 0 1 1 0 1 0 0 0 1 1 0 0 1
30	5	0 0 1 1 1 1 1 1 1 1 1 1 1 0 1 1 1 1 1 1 0 0 0 1 1 0 0 0 0 0 0 1 0 1 1 1 1 0 1 1 0 1 0 0 0 1 1 0 0 1
30	3	0 0 1 1 1 1 0 1 1 1 1 1 1 0 1 1 1 1 1 1 0 0 0 1 1 0 0 0 0 0 1 1 0 1 1 1 1 0 1 1 0 1 0 0 0 1 1 0 0 1
30	3	0 0 1 1 1 1 0 1 1 1 1 1 1 0 1 1 1 1 1 1 0 0 0 1 1 0 0 0 0 0 0 1 0 1 1 1 1 0 1 1 0 1 0 0 0 1 1 0 0 1
30	5	1 1 0 0 0 1 1 1 1 1 1 0 0 0 1 1 1 0 1 1 0 1 1 1 0 1 0 0 0 1 0 1 0 0 0 1 0 1 0 0 1 1 1 0 0 0 1 0 1 0
40	1	0 1 1 1 1 1 0 1 1 1 1 1 1 0 1 1 1 1 1 1 0 0 0 1 1 0 0 0 0 0 0 1 1 1 1 1 1 0 1 1 0 1 0 0 0 1 1 0 0 0
40	2	0 1 1 1 1 1 0 1 1 1 1 1 1 0 1 1 1 1 1 1 0 0 0 1 1 0 0 0 0 0 0 1 0 1 1 0 1 0 1 1 0 0 0 0 0 1 1 0 0 1
40	2	0 1 1 1 1 1 0 1 1 1 1 1 1 0 1 1 1 1 1 1 0 0 0 1 1 0 0 0 0 0 0 1 0 1 1 0 1 0 1 1 0 1 0 0 0 1 1 0 0 1
40	30	0 1 1 1 1 1 0 1 1 1 1 1 1 0 1 1 1 1 1 1 0 0 0 1 1 0 0 0 0 0 0 1 0 1 1 1 1 0 1 1 0 1 0 0 0 1 1 0 0 1
40	3	0 1 1 1 1 1 0 1 1 1 1 1 1 0 1 1 1 1 1 1 0 0 0 1 1 0 0 0 1 0 0 1 0 1 1 1 1 0 1 1 0 1 0 0 0 1 1 0 0 0
40	1	0 1 1 1 1 1 0 1 1 1 1 1 1 0 1 1 1 1 1 1 0 0 0 1 1 0 0 0 0 0 0 1 0 1 1 1 1 0 1 1 0 1 0 0 1 1 1 0 0 0
40	1	0 1 1 1 1 1 0 1 1 1 1 1 1 0 1 1 1 1 1 1 0 0 0 1 1 0 0 1 0 0 0 1 0 1 1 1 1 0 1 1 0 1 0 0 0 1 1 0 0 0
40	47	0 1 1 1 1 1 0 1 1 1 1 1 1 0 1 1 1 1 1 1 0 0 0 1 1 0 0 0 0 0 0 1 0 1 1 1 1 0 1 1 0 1 0 0 0 1 1 0 0 0
40	1	0 0 1 1 1 1 0 1 1 1 1 1 1 0 1 1 1 1 1 1 0 0 1 1 1 0 0 0 0 0 0 1 0 0 1 1 1 0 1 1 0 1 0 0 0 1 1 0 0 1
40	1	0 0 1 1 1 1 0 1 1 1 1 1 1 0 1 1 1 1 1 1 0 0 0 1 1 0 0 0 0 0 0 1 1 1 1 1 0 0 1 1 0 1 0 0 0 1 1 0 0 1
40	1	0 0 1 1 1 1 0 1 1 1 1 1 1 0 1 1 1 1 1 1 0 0 0 1 1 0 0 0 0 0 0 1 1 1 1 1 1 0 0 1 0 1 0 0 0 1 1 0 0 1
40	3	0 0 1 1 1 1 0 1 1 1 1 1 1 0 1 1 1 1 1 1 0 0 0 1 1 0 0 0 0 0 0 1 1 1 1 1 1 0 1 1 0 1 0 0 0 1 1 0 0 1
40	4	0 0 1 1 1 1 1 1 1 1 1 1 1 0 1 1 1 1 1 1 0 0 0 1 1 0 0 0 0 0 0 1 0 1 1 1 1 0 1 1 0 1 0 0 0 1 1 0 0 1
40	1	0 0 1 1 1 1 0 1 1 1 1 1 1 0 1 1 1 1 1 1 0 0 0 1 1 0 0 0 0 0 1 1 0 1 1 1 1 0 1 1 0 1 0 0 0 1 1 0 0 1
40	1	0 0 1 1 1 1 0 1 1 1 1 1 1 0 1 1 1 1 1 1 0 0 0 1 1 0 0 0 0 0 0 1 0 1 1 1 1 0 1 1 0 0 0 0 0 1 1 0 0 1
40	1	1 1 0 0 0 1 1 1 1 1 1 0 0 0 1 1 1 0 1 1 0 1 1 1 0 1 0 0 0 1 0 1 0 0 0 1 0 1 0 0 1 1 1 0 0 0 1 0 1 0
50	2	0 1 1 1 1 1 0 1 1 1 1 1 1 0 1 1 1 1 1 1 0 0 0 1 1 0 0 0 0 0 0 1 1 1 1 1 1 0 1 1 0 1 0 0 0 1 1 0 0 0
50	4	0 1 1 1 1 1 0 1 1 1 1 1 1 0 1 1 1 1 1 1 0 0 0 1 1 0 0 0 0 0 0 1 0 1 1 0 1 0 1 1 0 0 0 0 0 1 1 0 0 1
50	1	0 1 1 1 1 1 0 1 1 1 1 1 1 0 1 1 1 1 1 1 0 0 0 1 1 0 0 0 0 0 0 1 0 1 1 0 1 0 1 1 0 1 0 0 0 1 1 0 1 1
50	13	0 1 1 1 1 1 0 1 1 1 1 1 1 0 1 1 1 1 1 1 0 0 0 1 1 0 0 0 0 0 0 1 0 1 1 1 1 0 1 1 0 1 0 0 0 1 1 0 0 1
50	4	0 1 1 1 1 1 0 1 1 1 1 1 1 0 1 1 1 0 1 1 0 0 0 1 1 0 0 0 0 0 0 1 0 1 1 1 1 0 1 1 0 1 0 0 0 1 1 0 0 0
50	2	0 1 1 1 1 1 0 1 1 1 1 1 1 0 1 1 1 1 1 1 0 0 0 1 1 1 0 0 0 0 0 1 0 1 1 1 1 0 1 1 0 1 0 0 0 1 1 0 0 0
50	2	0 1 1 1 1 1 0 1 1 1 1 1 1 0 1 1 1 1 1 1 0 0 0 1 1 0 0 0 0 0 0 1 0 1 1 1 1 0 1 1 0 1 0 0 0 0 1 0 0 0
50	1	0 1 1 1 1 1 0 1 1 1 1 1 1 0 1 1 1 1 1 1 0 0 0 1 1 0 0 0 0 0 1 1 0 1 1 1 1 0 1 1 0 1 0 0 0 1 1 0 0 0
50	71	0 1 1 1 1 1 0 1 1 1 1 1 1 0 1 1 1 1 1 1 0 0 0 1 1 0 0 0 0 0 0 1 0 1 1 1 1 0 1 1 0 1 0 0 0 1 1 0 0 0
60	1	0 1 1 1 1 1 0 1 1 1 1 1 1 0 1 1 1 1 1 1 0 0 0 1 1 0 0 0 0 0 0 1 1 1 1 1 1 0 1 1 0 1 0 0 0 1 1 0 0 0
60	4	0 1 1 1 1 1 0 1 1 1 1 1 1 0 1 1 1 1 1 1 0 0 0 1 1 0 0 0 0 0 0 1 0 1 1 0 1 0 1 1 0 0 0 0 0 1 1 0 0 1
60	10	0 1 1 1 1 1 0 1 1 1 1 1 1 0 1 1 1 1 1 1 0 0 0 1 1 0 0 0 0 0 0 1 0 1 1 1 1 0 1 1 0 1 0 0 0 1 1 0 0 1
60	1	0 1 1 1 1 1 0 1 1 1 1 1 1 0 1 1 1 0 1 1 0 0 0 1 1 0 0 0 0 0 0 1 0 1 1 1 1 0 1 1 0 1 0 0 0 1 1 0 0 0
60	1	0 1 1 1 1 1 0 1 1 1 1 1 1 0 1 1 1 1 1 1 0 0 0 1 1 1 0 0 0 0 0 1 0 1 1 1 1 0 1 1 0 1 0 0 0 1 1 0 0 0
60	2	0 1 1 1 1 1 0 1 1 1 1 1 1 0 1 1 1 1 1 1 0 0 0 1 1 0 0 0 1 0 0 1 0 1 1 1 1 0 1 1 0 1 0 0 0 1 1 0 0 0
60	3	0 1 1 1 1 1 0 1 1 1 1 1 1 0 1 1 1 1 1 1 0 0 0 1 1 0 0 0 0 0 0 1 0 1 1 1 1 0 1 1 0 1 0 0 1 1 1 0 0 0
60	7	0 1 1 1 1 1 0 1 1 1 1 1 1 0 1 1 1 1 1 1 0 0 0 1 1 0 0 0 0 0 0 1 0 1 1 1 1 0 1 1 0 1 0 0 0 0 1 0 0 0
60	1	0 1 1 1 0 1 0 1 1 1 1 1 1 0 1 1 1 1 1 1 0 0 0 1 1 0 0 0 0 0 0 1 0 1 1 1 1 0 1 1 0 1 0 0 0 1 1 0 0 0
60	68	0 1 1 1 1 1 0 1 1 1 1 1 1 0 1 1 1 1 1 1 0 0 0 1 1 0 0 0 0 0 0 1 0 1 1 1 1 0 1 1 0 1 0 0 0 1 1 0 0 0
60	1	0 0 1 1 1 1 0 1 1 1 1 1 1 0 1 1 1 1 1 1 0 0 0 1 1 0 0 0 0 0 0 1 1 1 1 1 1 1 1 1 0 1 0 0 0 1 1 0 0 1
60	1	0 0 1 1 1 1 1 1 1 1 1 1 1 0 1 1 1 1 1 1 0 0 0 1 1 0 0 0 0 0 0 1 0 1 1 1 1 0 1 1 0 1 0 0 0 1 1 0 0 1
70	1	0 1 1 1 1 1 0 1 1 1 1 1 1 0 1 1 1 1 1 1 0 0 0 1 1 0 0 0 0 0 0 1 1 1 1 1 1 0 1 1 0 1 0 0 0 1 1 0 0 0
70	1	0 1 1 1 1 1 0 1 1 1 1 1 1 0 1 1 1 1 1 1 0 0 0 1 1 0 0 0 0 0 0 1 0 1 1 0 1 0 1 1 0 0 0 0 0 1 1 0 0 1
70	10	0 1 1 1 1 1 0 1 1 1 1 1 1 0 1 1 1 1 1 1 0 0 0 1 1 0 0 0 0 0 0 1 0 1 1 1 1 0 1 1 0 1 0 0 0 1 1 0 0 1
70	1	0 1 1 1 1 1 0 1 1 1 1 1 1 0 1 1 1 1 1 1 0 0 0 1 1 1 0 0 0 0 0 1 0 1 1 1 1 0 1 1 0 1 0 0 0 1 1 0 0 0
70	3	0 1 1 1 1 1 0 1 1 1 1 1 1 0 1 1 1 1 1 1 0 0 0 1 1 0 0 0 0 0 0 1 0 1 0 1 1 0 1 1 0 1 0 0 0 1 1 0 0 0
70	1	0 1 1 1 1 1 0 1 1 1 1 1 1 0 1 1 1 1 1 1 0 0 0 1 1 0 0 0 0 0 0 1 0 1 1 1 1 0 1 1 0 1 0 0 1 1 1 0 0 0
70	4	0 1 1 1 1 1 0 1 1 1 1 1 1 0 1 1 1 1 1 1 0 0 0 1 1 0 0 0 0 0 0 1 0 1 1 1 1 0 1 1 0 1 0 0 0 0 1 0 0 0
70	77	0 1 1 1 1 1 0 1 1 1 1 1 1 0 1 1 1 1 1 1 0 0 0 1 1 0 0 0 0 0 0 1 0 1 1 1 1 0 1 1 0 1 0 0 0 1 1 0 0 0
70	2	0 0 1 1 1 1 1 1 1 1 1 1 1 0 1 1 1 1 1 1 0 0 0 1 1 0 0 0 0 0 0 1 0 1 1 1 1 0 1 1 0 1 0 0 0 1 1 0 0 1
80	1	0 1 1 1 1 1 0 1 1 1 1 1 1 0 1 1 1 1 1 1 0 0 0 1 1 0 0 0 0 0 0 1 1 1 1 1 1 0 1 1 0 1 0 0 0 1 1 0 0 0
80	1	0 1 1 1 1 1 0 1 1 1 1 1 1 0 1 1 1 1 1 1 0 0 0 1 1 0 0 0 0 0 1 1 0 1 1 0 1 0 1 1 0 0 0 0 0 0 1 0 0 1
80	1	0 1 1 1 1 1 0 1 1 1 1 1 1 0 1 1 1 1 1 1 0 0 0 1 1 0 0 0 0 0 1 1 0 1 1 0 1 0 1 1 0 0 0 0 0 1 1 0 0 1
80	3	0 1 1 1 1 1 0 1 1 1 1 1 1 0 1 1 1 1 1 1 0 0 0 1 1 0 0 0 0 0 0 1 0 1 1 0 1 0 1 1 0 0 0 0 0 1 1 0 0 1
80	2	0 1 1 1 1 1 0 1 1 1 1 1 1 0 1 1 1 1 1 1 0 0 0 1 1 0 0 0 0 0 0 1 0 1 1 1 1 0 1 1 0 1 0 0 0 1 1 0 0 1
80	2	0 1 1 1 1 1 0 1 1 1 1 1 1 0 1 1 1 1 1 1 0 0 0 1 1 0 0 0 0 0 0 1 0 1 0 1 1 0 1 1 0 1 0 0 0 1 1 0 0 0
80	1	0 1 1 1 1 1 0 1 1 1 1 1 1 0 1 1 1 1 1 1 0 0 0 1 1 0 0 0 0 0 0 1 0 1 1 1 1 0 1 1 0 1 0 0 1 1 1 0 0 0
80	1	0 1 1 1 1 1 0 1 1 1 1 1 1 0 1 1 1 1 1 1 0 0 0 1 1 0 0 0 0 0 0 1 0 1 1 1 1 0 0 1 0 1 0 0 0 1 1 0 0 0
80	2	0 1 1 1 1 1 0 1 1 1 1 0 1 0 1 1 1 1 1 1 0 0 0 1 1 0 0 0 0 0 0 1 0 1 1 1 1 0 1 1 0 1 0 0 0 1 1 0 0 0
80	1	0 0 1 1 1 1 0 1 1 1 1 1 1 0 1 1 1 1 1 1 0 0 0 1 1 0 0 0 0 0 0 1 0 1 1 1 1 0 1 1 0 1 0 0 0 1 0 0 0 0
80	1	0 1 1 1 1 1 0 1 1 0 1 1 1 0 1 1 1 1 1 1 0 0 0 1 1 0 0 0 0 0 0 1 0 1 1 1 1 0 1 1 0 1 0 0 0 1 1 0 0 0
80	1	0 1 1 1 1 1 0 1 1 1 1 1 1 0 1 1 1 1 1 1 0 0 0 1 1 0 0 0 0 0 0 1 0 1 1 1 1 0 1 1 1 1 0 0 0 1 1 0 0 0
80	1	0 1 0 1 1 1 0 1 1 1 1 1 1 0 1 1 1 1 1 1 0 0 0 1 1 0 0 0 0 0 0 1 0 1 1 1 1 0 1 1 0 1 0 0 0 1 1 0 0 0
80	81	0 1 1 1 1 1 0 1 1 1 1 1 1 0 1 1 1 1 1 1 0 0 0 1 1 0 0 0 0 0 0 1 0 1 1 1 1 0 1 1 0 1 0 0 0 1 1 0 0 0
80	1	0 0 1 1 1 1 1 1 1 1 1 1 1 0 1 1 1 1 1 1 0 0 0 1 1 0 0 0 0 0 0 1 0 1 1 1 1 0 1 1 0 1 0 0 0 1 1 0 0 1
90	3	0 1 1 1 1 1 0 1 1 1 1 1 1 0 1 1 1 1 1 1 0 0 0 1 1 0 0 0 0 0 0 1 1 1 1 1 1 0 1 1 0 1 0 0 0 1 1 0 0 0
90	10	0 1 1 1 1 1 0 1 1 1 1 1 1 0 1 1 1 1 1 1 0 0 0 1 1 0 0 0 0 0 0 1 0 1 1 0 1 0 1 1 0 0 0 0 0 1 1 0 0 1
90	2	0 1 1 1 1 1 0 1 1 1 1 1 1 0 1 1 1 1 1 1 0 0 0 1 1 0 0 0 0 0 0 1 0 1 1 1 1 0 1 1 0 1 0 0 0 1 1 0 0 1
90	9	0 1 1 1 1 1 0 1 1 1 1 1 1 0 1 1 1 1 1 1 0 0 0 1 1 0 0 0 0 0 0 1 0 1 0 1 1 0 1 1 0 1 0 0 0 1 1 0 0 0
90	5	0 1 1 1 1 1 0 1 1 1 1 1 1 0 1 1 1 1 1 1 0 0 0 1 1 0 0 0 0 0 0 1 0 1 1 1 1 0 1 1 0 1 0 0 0 0 1 0 0 0
90	1	0 1 1 1 1 1 0 1 1 1 1 0 1 0 1 1 1 1 1 1 0 0 0 0 1 0 0 0 0 0 0 1 0 1 1 1 1 0 1 1 0 1 0 0 0 1 1 0 0 0
90	2	0 1 1 1 1 1 0 1 1 1 1 0 1 0 1 1 1 1 1 1 0 0 0 1 1 0 0 0 0 0 0 1 0 1 1 1 1 0 1 1 0 1 0 0 0 1 1 0 0 0
90	1	0 1 1 1 1 1 0 1 1 1 1 1 1 0 1 1 1 1 1 1 0 0 0 1 1 0 0 0 0 0 0 1 0 1 1 1 0 0 1 1 0 1 0 0 0 1 1 0 0 0
90	67	0 1 1 1 1 1 0 1 1 1 1 1 1 0 1 1 1 1 1 1 0 0 0 1 1 0 0 0 0 0 0 1 0 1 1 1 1 0 1 1 0 1 0 0 0 1 1 0 0 0
100	1	0 1 1 1 1 1 0 1 1 1 1 1 1 0 1 1 1 1 1 1 0 0 0 1 1 0 0 0 0 0 0 1 1 1 1 1 1 0 1 1 0 1 0 0 0 1 1 0 0 0
100	6	0 1 1 1 1 1 0 1 1 1 1 1 1 0 1 1 1 1 1 1 0 0 0 1 1 0 0 0 0 0 0 1 0 1 1 0 1 0 1 1 0 0 0 0 0 1 1 0 0 1
100	8	0 1 1 1 1 1 0 1 1 1 1 1 1 0 1 1 1 1 1 1 0 0 0 1 1 0 0 0 0 0 0 1 0 1 0 1 1 0 1 1 0 1 0 0 0 1 1 0 0 0
100	1	0 1 1 1 1 1 0 1 1 1 1 1 1 0 1 1 1 1 1 1 0 0 0 1 1 0 0 0 0 0 0 1 0 1 1 1 1 0 1 1 0 1 0 0 0 0 1 0 0 0
100	3	0 1 1 1 1 1 0 1 1 1 1 1 1 0 1 1 1 1 1 1 0 0 0 1 1 0 0 0 0 0 0 1 0 1 1 1 1 0 0 1 0 1 0 0 0 1 1 0 0 0
100	12	0 1 1 1 1 1 0 1 1 1 1 0 1 0 1 1 1 1 1 1 0 0 0 1 1 0 0 0 0 0 0 1 0 1 1 1 1 0 1 1 0 1 0 0 0 1 1 0 0 0
100	4	0 1 1 1 1 1 0 1 1 1 1 1 1 0 1 1 1 1 1 1 0 0 0 1 1 0 0 0 0 0 0 1 0 1 1 1 0 0 1 1 0 1 0 0 0 1 1 0 0 0
100	3	0 0 1 1 1 1 0 1 1 1 1 1 1 0 1 1 1 1 1 1 0 0 0 1 1 0 0 0 0 0 0 1 0 1 1 1 1 0 1 1 0 1 0 0 0 1 1 0 0 0
100	1	0 1 1 1 1 1 0 1 1 1 1 1 1 0 1 1 1 1 1 1 0 0 0 0 1 0 0 0 0 0 0 1 0 1 1 1 1 0 1 1 0 1 0 0 0 1 1 0 0 0
100	1	0 1 1 1 1 1 0 1 1 0 1 1 1 0 1 1 1 0 1 1 0 0 0 1 1 0 0 0 0 0 0 1 0 1 1 1 1 0 1 1 0 1 0 0 0 1 1 0 0 0
100	1	0 1 1 1 1 1 0 1 1 1 1 1 1 0 1 1 1 0 1 1 0 0 0 1 1 0 0 0 0 0 0 1 0 1 1 1 1 0 1 1 0 1 0 0 0 1 1 0 0 0
100	59	0 1 1 1 1 1 0 1 1 1 1 1 1 0 1 1 1 1 1 1 0 0 0 1 1 0 0 0 0 0 0 1 0 1 1 1 1 0 1 1 0 1 0 0 0 1 1 0 0 0
110	11	0 1 1 1 1 1 0 1 1 1 1 1 1 0 1 1 1 1 1 1 0 0 0 1 1 0 0 0 0 0 0 1 0 1 1 0 1 0 1 1 0 0 0 0 0 1 1 0 0 1
110	2	0 1 1 1 1 1 0 1 1 1 1 1 1 1 1 1 1 1 1 1 0 0 0 1 1 0 0 0 0 0 0 1 0 1 0 1 1 0 1 1 0 1 0 0 0 1 1 0 0 0
110	4	0 1 1 1 1 1 0 1 1 1 1 1 1 0 1 1 1 1 1 1 0 0 0 1 1 0 0 0 0 0 0 1 0 1 0 1 1 0 1 1 0 1 0 0 0 1 1 0 0 0
110	4	0 1 1 1 1 1 0 1 1 1 1 1 1 0 1 1 1 1 1 1 0 0 0 1 1 0 0 0 0 0 0 1 0 1 1 1 1 0 1 1 0 1 0 0 0 0 1 0 0 0
110	1	0 1 1 1 1 1 0 1 1 1 1 1 1 0 1 1 1 1 1 1 0 0 0 1 1 0 0 0 0 0 0 1 0 1 1 1 1 0 0 1 0 1 0 0 0 1 1 0 0 0
110	11	0 1 1 1 1 1 0 1 1 1 1 0 1 0 1 1 1 1 1 1 0 0 0 1 1 0 0 0 0 0 0 1 0 1 1 1 1 0 1 1 0 1 0 0 0 1 1 0 0 0
110	1	0 1 1 1 1 1 0 1 1 1 1 1 1 0 1 1 1 1 1 1 0 0 0 0 1 0 0 0 0 0 0 1 0 1 1 1 1 0 1 1 0 1 0 0 0 1 1 0 0 0
110	1	0 1 1 1 1 1 0 1 1 1 1 1 1 0 1 1 1 1 1 1 0 0 0 1 1 0 0 0 1 0 0 1 0 1 1 1 1 0 1 1 0 1 0 0 0 1 1 0 0 0
110	1	0 1 1 1 1 1 0 1 1 1 1 1 1 0 1 1 1 0 1 1 0 0 0 1 1 0 0 0 0 0 0 1 0 1 1 1 1 0 1 1 0 1 0 0 0 1 1 0 0 0
110	4	0 1 1 1 1 1 0 1 1 1 1 1 1 0 1 1 1 1 1 1 0 0 0 1 1 0 0 0 0 0 0 1 0 1 1 1 1 0 1 1 0 1 0 1 0 1 1 0 0 0
110	60	0 1 1 1 1 1 0 1 1 1 1 1 1 0 1 1 1 1 1 1 0 0 0 1 1 0 0 0 0 0 0 1 0 1 1 1 1 0 1 1 0 1 0 0 0 1 1 0 0 0
120	6	0 1 1 1 1 1 0 1 1 1 1 1 1 0 1 1 1 1 1 1 0 0 0 1 1 0 0 0 0 0 0 1 1 1 1 1 1 0 1 1 0 1 0 0 0 1 1 0 0 0
120	8	0 1 1 1 1 1 0 1 1 1 1 1 1 0 1 1 1 1 1 1 0 0 0 1 1 0 0 0 0 0 0 1 0 1 1 0 1 0 1 1 0 0 0 0 0 1 1 0 0 1
120	4	0 1 1 1 1 1 0 1 1 1 1 1 1 0 1 1 1 1 1 1 0 0 0 1 1 0 0 0 0 0 0 1 0 1 0 1 1 0 1 1 0 1 0 0 0 1 1 0 0 0
120	1	0 1 1 0 1 1 0 1 1 1 1 1 1 0 1 1 1 1 1 1 0 0 0 1 1 0 0 0 0 0 0 1 0 1 1 1 1 0 1 1 0 1 0 0 0 0 1 0 0 0
120	8	0 1 1 1 1 1 0 1 1 1 1 1 1 0 1 1 1 1 1 1 0 0 0 1 1 0 0 0 0 0 0 1 0 1 1 1 1 0 1 1 0 1 0 0 0 0 1 0 0 0
120	1	0 1 1 0 1 1 0 1 1 1 1 1 1 0 1 1 1 1 1 1 0 0 0 1 1 0 0 0 0 0 0 1 0 1 1 1 1 0 0 1 0 1 0 0 0 1 1 0 0 0
120	6	0 1 1 1 1 1 0 1 1 1 1 1 1 0 1 1 1 1 1 1 0 0 0 1 1 0 0 0 0 0 0 1 0 1 1 1 1 0 0 1 0 1 0 0 0 1 1 0 0 0
120	8	0 1 1 1 1 1 0 1 1 1 1 0 1 0 1 1 1 1 1 1 0 0 0 1 1 0 0 0 0 0 0 1 0 1 1 1 1 0 1 1 0 1 0 0 0 1 1 0 0 0
120	2	0 1 1 1 1 1 0 1 1 1 1 1 1 0 1 1 1 1 1 1 0 0 0 0 1 0 0 0 0 0 0 1 0 1 1 1 1 0 1 1 0 1 0 0 0 1 1 0 0 0
120	3	0 1 1 1 1 1 0 1 1 1 1 1 1 0 1 1 1 1 1 1 0 0 0 1 1 0 0 0 1 0 0 1 0 1 1 1 1 0 1 1 0 1 0 0 0 1 1 0 0 0
120	3	0 1 1 1 1 1 0 1 1 1 1 1 1 0 1 1 1 0 1 1 0 0 0 1 1 0 0 0 0 0 0 1 0 1 1 1 1 0 1 1 0 1 0 0 0 1 1 0 0 0
120	2	0 1 1 1 1 1 0 1 1 1 1 1 1 0 1 1 1 1 1 1 0 0 0 1 1 0 0 0 0 0 0 1 0 1 1 1 1 0 1 1 0 1 0 1 0 1 1 0 0 0
120	1	0 1 1 1 1 1 0 1 1 1 1 1 1 0 1 1 1 1 1 1 0 0 0 1 1 0 0 1 0 0 0 1 0 1 1 1 1 0 1 1 0 1 0 0 0 1 1 0 0 0
120	47	0 1 1 1 1 1 0 1 1 1 1 1 1 0 1 1 1 1 1 1 0 0 0 1 1 0 0 0 0 0 0 1 0 1 1 1 1 0 1 1 0 1 0 0 0 1 1 0 0 0
130	2	0 1 1 1 1 1 1 1 1 1 1 1 1 0 1 1 1 1 1 1 0 0 0 1 1 0 0 0 0 0 0 1 0 1 1 0 1 0 1 1 0 0 0 0 0 1 1 0 0 1
130	2	0 1 1 1 1 1 0 1 1 1 1 1 1 0 1 0 1 1 1 1 0 0 0 1 1 0 0 0 0 0 0 1 0 1 1 0 1 0 1 1 0 0 0 0 0 1 1 0 0 1
130	15	0 1 1 1 1 1 0 1 1 1 1 1 1 0 1 1 1 1 1 1 0 0 0 1 1 0 0 0 0 0 0 1 0 1 1 0 1 0 1 1 0 0 0 0 0 1 1 0 0 1
130	2	0 0 1 1 1 1 0 1 1 1 1 1 1 0 1 0 1 1 1 1 0 0 0 1 1 0 0 0 0 0 0 1 0 1 1 1 1 0 1 1 0 1 0 0 0 0 1 0 0 0
130	1	0 1 1 1 1 1 0 1 1 1 1 1 1 0 1 0 1 1 1 1 0 0 0 1 1 0 0 0 0 0 0 1 0 1 1 1 1 0 1 1 0 1 0 0 0 0 1 0 0 0
130	1	0 1 1 1 1 1 0 1 1 1 1 1 1 0 1 1 1 1 1 1 0 0 0 1 1 0 0 0 0 0 0 1 0 1 1 1 1 0 1 1 0 1 0 0 0 0 1 0 1 0
130	13	0 1 1 1 1 1 0 1 1 1 1 1 1 0 1 1 1 1 1 1 0 0 0 1 1 0 0 0 0 0 0 1 0 1 1 1 1 0 1 1 0 1 0 0 0 0 1 0 0 0
130	1	0 1 1 1 1 1 0 1 1 1 1 1 1 0 1 1 1 1 1 1 0 0 0 1 1 0 0 0 0 0 0 1 0 1 1 1 1 0 0 1 0 1 0 0 0 1 0 1 0 0
130	5	0 1 1 1 1 1 0 1 1 1 1 1 1 0 1 1 1 1 1 1 0 0 0 1 1 0 0 0 0 0 0 1 0 1 1 1 1 0 0 1 0 1 0 0 0 1 1 0 0 0
130	2	0 1 1 1 1 1 0 1 1 1 1 0 1 0 1 1 1 1 1 1 0 0 0 0 1 0 0 0 0 0 0 1 0 1 1 1 1 0 1 1 0 1 0 0 0 1 1 0 0 0
130	3	0 1 1 1 1 1 0 1 1 1 1 0 1 0 1 1 1 1 1 1 0 0 0 1 1 0 0 0 0 0 0 1 0 1 1 1 1 0 1 1 0 1 0 0 0 1 1 0 0 0
130	1	0 1 1 1 1 1 0 1 1 1 1 1 1 0 1 1 1 1 1 1 0 0 0 0 1 0 0 0 0 0 0 1 0 1 1 1 1 0 1 1 0 1 0 0 0 1 1 0 0 0
130	1	0 1 1 1 1 1 0 1 1 1 1 1 1 0 1 1 1 1 1 1 0 0 0 1 1 0 0 0 1 0 0 1 0 1 1 1 1 0 1 1 0 1 0 0 0 1 1 0 1 0
130	1	0 1 1 1 1 1 0 1 1 1 1 1 1 0 1 1 1 1 1 1 0 0 0 1 1 0 0 0 1 0 0 1 0 1 1 1 1 0 1 1 0 1 0 0 0 1 1 0 0 0
130	1	0 1 1 1 1 1 0 1 1 1 1 1 1 0 1 1 1 0 1 1 0 0 0 1 1 0 0 0 0 0 0 1 0 1 1 1 1 0 1 1 0 1 0 0 0 1 1 0 0 0
130	2	0 1 1 1 1 1 0 1 1 1 1 1 1 0 1 1 1 1 1 1 0 0 0 1 1 0 0 0 0 0 0 1 0 1 1 0 1 0 1 1 0 1 0 0 0 1 1 0 0 0
130	47	0 1 1 1 1 1 0 1 1 1 1 1 1 0 1 1 1 1 1 1 0 0 0 1 1 0 0 0 0 0 0 1 0 1 1 1 1 0 1 1 0 1 0 0 0 1 1 0 0 0
140	4	0 1 1 1 1 1 1 1 1 1 1 1 1 0 1 1 1 1 1 1 0 0 0 1 1 0 0 0 0 0 0 1 0 1 1 0 1 0 1 1 0 0 0 0 0 1 1 0 0 1
140	2	0 1 1 1 1 1 0 1 1 1 1 1 1 0 0 0 1 1 1 1 0 0 0 1 1 0 0 0 0 0 0 1 0 1 1 0 1 0 1 1 0 0 0 0 0 1 1 0 0 1
140	1	0 1 1 1 1 1 0 1 1 1 1 1 1 0 1 0 1 1 1 1 0 0 0 1 1 0 0 0 0 0 0 1 0 1 1 0 1 0 1 1 0 0 0 0 0 1 1 0 0 1
140	3	0 1 1 1 1 1 0 1 1 1 1 1 1 0 1 1 1 1 1 1 0 0 0 1 1 0 0 0 0 0 0 1 0 1 1 0 1 0 1 1 0 0 0 0 0 0 1 0 0 1
140	7	0 1 1 1 1 1 0 1 1 1 1 1 1 0 1 1 1 1 1 1 0 0 0 1 1 0 0 0 0 0 0 1 0 1 1 0 1 0 1 1 0 0 0 0 0 1 1 0 0 1
140	2	0 1 1 1 1 1 0 1 1 1 1 1 1 0 1 1 1 1 0 1 0 0 0 1 1 0 0 0 0 0 0 1 0 1 1 1 1 0 1 1 0 1 0 0 0 0 1 0 0 0
140	18	0 1 1 1 1 1 0 1 1 1 1 1 1 0 1 1 1 1 1 1 0 0 0 1 1 0 0 0 0 0 0 1 0 1 1 1 1 0 1 1 0 1 0 0 0 0 1 0 0 0
140	3	0 1 1 1 1 1 0 1 1 1 1 1 1 0 1 1 1 1 1 1 0 0 0 1 1 0 0 0 0 0 0 1 0 1 1 1 1 0 0 1 0 1 0 0 0 1 0 0 0 0
140	1	0 1 1 1 1 1 0 1 1 1 1 1 1 0 1 1 1 1 1 1 0 0 0 1 1 0 0 0 0 0 1 1 0 1 1 1 1 0 0 1 0 1 0 0 0 1 1 0 0 0
140	6	0 1 1 1 1 1 0 1 1 1 1 1 1 0 1 1 1 1 1 1 0 0 0 1 1 0 0 0 0 0 0 1 0 1 1 1 1 0 0 1 0 1 0 0 0 1 1 0 0 0
140	1	0 1 1 1 1 1 0 1 1 1 1 0 1 0 1 1 1 1 1 1 0 0 0 0 1 0 0 0 0 0 0 1 0 1 1 1 1 0 1 1 0 1 0 0 0 1 1 0 0 0
140	2	0 1 1 1 1 1 0 1 1 1 1 0 1 0 1 1 1 1 1 1 0 0 0 1 1 0 0 0 0 0 0 1 0 1 1 1 1 0 1 1 0 1 0 0 0 1 1 0 0 0
140	1	0 1 1 1 1 1 0 1 1 1 1 1 1 0 1 1 1 0 1 1 0 0 0 1 1 0 1 0 0 0 0 1 0 1 1 1 1 0 1 1 0 1 0 0 0 1 1 0 0 0
140	2	0 1 1 1 1 1 0 1 1 1 1 1 1 0 1 1 1 0 1 1 0 0 0 1 1 0 0 0 0 0 0 1 0 1 1 1 1 0 1 1 0 1 0 0 0 1 1 0 0 0
140	2	0 1 1 1 1 1 0 1 1 1 1 1 1 0 1 1 1 1 1 1 0 0 0 1 1 0 1 0 0 0 0 1 0 1 1 1 1 0 1 1 0 1 0 0 0 1 1 0 0 0
140	1	0 0 1 1 1 1 0 1 1 1 1 1 1 0 1 1 1 1 1 1 0 0 0 1 1 0 0 0 0 0 0 1 0 1 1 1 1 0 1 1 0 1 0 0 0 1 1 0 0 0
140	1	0 1 1 1 1 1 0 1 1 1 1 1 1 0 1 1 1 1 1 1 0 0 0 1 1 0 0 0 0 0 0 1 0 1 0 1 1 0 1 1 0 1 0 0 0 1 1 0 0 0
140	1	0 1 1 1 1 1 0 1 1 1 1 1 1 0 1 1 1 1 1 1 0 0 0 1 1 0 0 0 0 0 0 1 0 1 1 1 1 0 1 1 0 1 0 0 0 1 0 0 0 0
140	42	0 1 1 1 1 1 0 1 1 1 1 1 1 0 1 1 1 1 1 1 0 0 0 1 1 0 0 0 0 0 0 1 0 1 1 1 1 0 1 1 0 1 0 0 0 1 1 0 0 0
150	4	0 1 1 1 1 1 1 1 1 1 1 1 1 0 1 1 1 1 1 1 0 0 0 1 1 0 0 0 0 0 0 1 0 1 1 0 1 0 1 1 0 0 0 0 0 1 1 0 0 1
150	2	0 1 1 1 1 1 0 1 1 1 1 1 1 0 1 1 1 1 1 1 0 0 0 1 1 0 0 0 0 0 0 1 0 1 1 0 1 0 1 1 0 0 0 0 0 0 1 0 0 1
150	5	0 1 1 1 1 1 0 1 1 1 1 1 1 0 1 1 1 1 1 1 0 0 0 1 1 0 0 0 0 0 0 1 0 1 1 0 1 0 1 1 0 0 0 0 0 1 1 0 0 1
150	2	0 1 1 1 1 1 0 1 1 1 1 1 1 0 1 1 1 1 0 1 0 0 0 1 1 0 0 0 0 0 0 1 0 1 1 1 1 0 1 1 0 1 0 0 0 0 1 0 0 0
150	25	0 1 1 1 1 1 0 1 1 1 1 1 1 0 1 1 1 1 1 1 0 0 0 1 1 0 0 0 0 0 0 1 0 1 1 1 1 0 1 1 0 1 0 0 0 0 1 0 0 0
150	6	0 1 1 1 1 1 0 1 1 1 1 1 1 0 1 1 1 1 1 1 0 0 0 1 1 0 0 0 0 0 0 1 0 1 1 1 1 0 0 1 0 1 0 0 0 1 0 0 0 0
150	1	0 1 1 1 1 1 0 1 1 1 1 0 1 0 1 1 1 1 1 1 0 0 0 1 1 0 0 0 0 0 0 1 0 1 1 1 1 0 0 1 0 1 0 0 0 1 1 0 0 0
150	4	0 1 1 1 1 1 0 1 1 1 1 1 1 0 1 1 1 1 1 1 0 0 0 1 1 0 0 0 0 0 0 1 0 1 1 1 1 0 0 1 0 1 0 0 0 1 1 0 0 0
150	4	0 1 1 1 1 1 0 1 1 1 1 0 1 0 1 1 1 1 1 1 0 0 0 0 1 0 0 0 0 0 0 1 0 1 1 1 1 0 1 1 0 1 0 0 0 1 1 0 0 0
150	1	0 1 1 1 1 1 0 1 1 1 1 0 1 0 1 1 1 1 1 1 0 0 0 1 1 0 0 0 0 0 0 1 0 1 1 1 0 0 1 1 0 1 0 0 0 1 1 0 0 0
150	2	0 1 1 1 1 1 0 1 1 1 1 0 1 0 1 1 1 1 1 1 0 0 0 1 1 0 0 0 0 0 0 1 0 1 1 1 1 0 1 1 0 1 0 0 0 1 1 0 0 0
150	1	0 1 1 1 1 1 0 1 1 1 1 1 1 0 1 1 1 1 1 1 0 0 0 1 1 0 1 0 0 0 0 1 0 1 1 1 1 0 1 1 0 1 0 0 0 1 1 0 0 0
150	1	0 1 1 1 1 1 0 1 1 1 1 1 1 0 1 1 1 1 1 1 0 0 0 1 1 0 0 0 0 0 0 1 0 1 1 1 1 0 1 1 0 1 0 0 1 1 1 0 0 0
150	42	0 1 1 1 1 1 0 1 1 1 1 1 1 0 1 1 1 1 1 1 0 0 0 1 1 0 0 0 0 0 0 1 0 1 1 1 1 0 1 1 0 1 0 0 0 1 1 0 0 0
160	8	0 1 1 1 1 1 1 1 1 1 1 1 1 0 1 1 1 1 1 1 0 0 0 1 1 0 0 0 0 0 0 1 0 1 1 0 1 0 1 1 0 0 0 0 0 1 1 0 0 1
160	2	0 1 1 1 1 1 0 1 1 1 1 1 1 0 1 1 1 1 1 1 0 0 0 1 1 0 0 0 0 0 0 1 0 1 1 0 1 0 1 1 0 0 0 0 0 1 0 0 0 1
160	1	0 1 1 1 1 1 0 1 1 1 1 1 1 0 1 1 1 1 1 1 0 0 0 1 1 0 0 0 0 0 0 1 0 1 1 0 1 0 1 1 0 0 0 0 0 0 1 0 0 1
160	8	0 1 1 1 1 1 0 1 1 1 1 1 1 0 1 1 1 1 1 1 0 0 0 1 1 0 0 0 0 0 0 1 0 1 1 0 1 0 1 1 0 0 0 0 0 1 1 0 0 1
160	1	0 1 1 1 1 1 0 1 1 1 1 1 1 0 1 1 1 1 0 1 0 0 0 1 1 0 0 0 0 0 0 1 0 1 1 1 1 0 1 1 0 1 0 0 0 0 1 0 0 0
160	1	0 1 1 1 1 1 0 1 1 1 1 1 1 0 1 1 1 1 1 1 0 0 0 1 1 0 0 0 0 1 0 1 0 1 1 1 1 0 1 1 0 1 0 0 0 0 1 0 0 0
160	42	0 1 1 1 1 1 0 1 1 1 1 1 1 0 1 1 1 1 1 1 0 0 0 1 1 0 0 0 0 0 0 1 0 1 1 1 1 0 1 1 0 1 0 0 0 0 1 0 0 0
160	4	0 1 1 1 1 1 0 1 1 1 1 1 1 0 1 1 1 1 1 1 0 0 0 1 1 0 0 0 0 0 0 1 0 1 1 1 1 0 0 1 0 1 0 0 0 1 1 0 0 0
160	10	0 1 1 1 1 1 0 1 1 1 1 1 1 0 1 1 1 1 1 1 0 0 0 1 1 0 0 0 0 0 0 1 0 1 1 1 1 0 0 1 0 1 0 0 0 1 0 0 0 0
160	2	0 1 1 1 1 1 0 1 1 1 1 0 1 0 1 1 1 1 1 1 0 0 0 1 1 0 0 0 0 0 0 1 0 1 1 1 1 0 0 1 0 1 0 0 0 1 1 0 0 0
160	3	0 1 1 1 1 1 0 1 1 1 1 0 1 0 1 1 1 1 1 1 0 0 0 0 1 0 0 0 0 0 0 1 0 1 1 1 1 0 1 1 0 1 0 0 0 1 1 0 0 0
160	1	0 1 1 1 1 1 0 1 1 1 1 0 1 0 1 1 1 1 1 1 0 0 0 1 1 0 0 0 0 0 0 1 0 1 1 1 0 0 1 1 0 1 0 0 0 1 1 0 0 0
160	1	0 1 1 1 1 1 0 1 1 1 1 0 1 0 1 1 1 1 1 1 0 0 0 1 1 0 0 0 0 0 0 1 0 1 1 1 1 0 1 1 0 1 0 0 0 1 1 0 0 0
160	2	0 1 1 1 1 1 0 1 1 1 1 1 1 0 1 1 1 1 1 1 0 0 0 1 1 0 0 0 0 0 0 1 0 1 0 1 1 0 1 1 0 1 0 0 0 1 1 0 0 0
160	1	0 1 1 1 1 1 0 1 1 1 1 1 1 0 0 1 1 1 1 1 0 0 0 1 1 0 0 0 0 0 0 1 0 1 1 1 1 0 1 1 0 1 0 0 0 1 1 0 0 0
160	13	0 1 1 1 1 1 0 1 1 1 1 1 1 0 1 1 1 1 1 1 0 0 0 1 1 0 0 0 0 0 0 1 0 1 1 1 1 0 1 1 0 1 0 0 0 1 1 0 0 0
170	1	0 1 1 1 1 1 1 1 1 1 1 1 1 0 1 1 1 1 1 1 0 0 0 1 1 0 0 0 0 0 0 1 0 1 0 0 1 0 1 1 0 0 0 0 0 1 1 0 0 1
170	10	0 1 1 1 1 1 1 1 1 1 1 1 1 0 1 1 1 1 1 1 0 0 0 1 1 0 0 0 0 0 0 1 0 1 1 0 1 0 1 1 0 0 0 0 0 1 1 0 0 1
170	3	0 1 1 1 1 1 0 1 1 1 1 1 1 1 1 1 1 1 1 1 0 0 0 1 1 0 0 0 0 0 0 1 0 1 1 0 1 0 1 1 0 0 0 0 0 1 0 0 0 1
170	6	0 1 1 1 1 1 0 1 1 1 1 1 1 0 1 1 1 1 1 1 0 0 0 1 1 0 0 0 0 0 0 1 0 1 1 0 1 0 1 1 0 0 0 0 0 1 0 0 0 1
170	1	0 1 1 1 1 1 0 1 1 1 0 1 1 0 1 1 1 1 1 1 0 0 0 1 1 0 0 0 0 0 0 1 0 1 1 0 1 0 1 1 0 0 0 0 0 0 1 0 0 1
170	2	0 1 1 1 1 1 0 1 1 1 1 1 1 0 1 1 1 1 1 1 0 0 0 1 1 0 0 0 0 0 0 1 0 1 1 0 1 0 1 1 0 0 0 0 0 0 1 0 0 1
170	3	0 1 1 1 1 1 0 1 1 1 1 1 1 0 1 1 1 1 1 1 0 0 0 1 1 0 0 0 0 0 0 1 0 1 1 0 1 0 1 1 0 0 0 0 0 1 1 0 0 1
170	1	0 1 1 1 1 1 0 1 1 1 1 1 1 0 1 1 1 1 0 1 0 0 0 1 1 0 0 0 0 0 0 1 0 1 1 1 1 0 1 1 0 1 0 0 0 0 1 0 0 0
170	4	0 1 1 1 1 1 0 1 1 1 1 1 1 0 1 1 1 1 1 1 0 0 0 1 1 0 0 0 0 1 0 1 0 1 1 1 1 0 1 1 0 1 0 0 0 0 1 0 0 0
170	1	0 1 1 1 1 1 0 1 1 1 1 1 1 0 1 1 1 1 1 1 0 0 0 1 1 0 0 0 0 0 0 1 0 1 1 1 1 0 0 1 0 1 0 0 0 0 1 0 0 0
170	2	0 1 1 1 1 1 0 1 1 1 1 1 1 0 1 1 1 1 1 1 0 0 0 1 1 0 0 0 0 0 0 1 0 1 1 1 0 0 1 1 0 1 0 0 0 0 1 0 0 0
170	1	0 1 1 1 1 1 0 1 1 1 1 1 1 0 1 1 1 1 1 1 0 0 0 1 1 0 0 0 1 0 0 1 0 1 1 1 1 0 1 1 0 1 0 0 0 0 1 0 0 0
170	5	0 1 1 1 1 1 0 1 1 1 1 1 1 0 1 1 1 1 1 1 0 0 0 1 1 0 0 0 0 0 0 1 0 1 1 1 1 0 1 1 0 1 0 0 0 1 1 0 0 0
170	1	0 1 1 1 1 1 0 1 1 1 1 1 1 0 1 1 1 0 1 1 0 0 0 1 1 0 0 0 0 0 0 1 0 1 1 1 1 0 1 1 0 1 0 0 0 0 1 0 0 0
170	41	0 1 1 1 1 1 0 1 1 1 1 1 1 0 1 1 1 1 1 1 0 0 0 1 1 0 0 0 0 0 0 1 0 1 1 1 1 0 1 1 0 1 0 0 0 0 1 0 0 0
170	3	0 1 1 1 1 1 0 1 1 1 1 1 1 0 1 1 1 1 1 1 0 0 0 1 1 0 0 0 0 0 0 1 0 1 1 1 1 0 0 1 0 1 0 0 0 1 1 0 0 0
170	13	0 1 1 1 1 1 0 1 1 1 1 1 1 0 1 1 1 1 1 1 0 0 0 1 1 0 0 0 0 0 0 1 0 1 1 1 1 0 0 1 0 1 0 0 0 1 0 0 0 0
170	1	0 1 1 1 1 1 0 1 1 1 1 0 1 0 1 1 1 1 1 1 0 0 0 1 1 0 0 0 0 0 0 1 0 1 1 1 1 0 0 1 0 1 0 0 0 1 1 0 0 0
170	1	0 1 1 1 1 1 0 1 1 1 1 0 1 0 1 1 1 1 1 1 0 0 0 1 1 0 0 0 0 0 0 1 0 1 1 1 1 0 1 1 0 1 0 0 0 1 1 0 0 0
180	2	0 1 1 1 1 1 1 1 1 1 1 0 1 0 1 1 1 1 1 1 0 0 0 1 1 0 0 0 0 0 0 1 0 1 1 0 1 0 1 1 0 0 0 0 0 1 1 0 0 1
180	1	0 1 1 1 1 1 1 1 1 1 1 1 0 0 1 1 1 1 1 1 0 0 0 1 1 0 0 0 0 0 0 1 0 1 1 0 1 0 1 1 0 0 0 0 0 1 1 0 0 1
180	9	0 1 1 1 1 1 1 1 1 1 1 1 1 0 1 1 1 1 1 1 0 0 0 1 1 0 0 0 0 0 0 1 0 1 1 0 1 0 1 1 0 0 0 0 0 1 1 0 0 1
180	4	0 1 1 1 1 1 0 1 1 1 1 1 1 0 1 1 1 1 1 1 0 0 0 1 1 0 0 0 0 0 0 1 0 1 1 0 1 0 1 1 0 0 0 0 0 1 0 0 0 1
180	2	0 1 1 1 1 1 0 1 1 1 1 1 1 0 1 1 1 1 1 1 0 0 0 1 1 0 0 0 0 0 0 1 0 1 1 0 1 0 1 1 0 0 0 0 0 0 1 0 0 1
180	1	0 1 1 1 1 1 0 0 1 1 1 1 1 0 1 1 1 1 1 1 0 0 0 1 1 0 0 0 0 0 0 1 0 1 1 0 1 0 1 1 0 0 0 0 0 1 1 0 0 1
180	1	0 1 1 1 1 1 0 1 1 1 1 1 1 0 1 1 1 1 1 1 0 0 0 1 1 0 0 0 0 0 0 1 0 1 1 0 1 0 1 1 0 0 0 0 0 1 1 0 0 1
180	2	0 1 1 1 1 1 0 1 1 1 1 1 1 0 1 1 1 1 1 1 0 0 0 1 1 0 0 0 0 0 0 1 0 1 1 1 1 0 0 1 0 1 0 0 0 0 1 0 0 0
180	2	0 1 1 1 1 1 0 1 1 1 1 1 1 0 1 1 1 1 1 0 0 0 0 1 1 0 0 0 0 0 0 1 0 1 0 1 1 0 1 1 0 1 0 0 0 0 1 0 0 0
180	1	0 1 1 1 1 1 0 1 1 1 1 1 1 0 1 1 1 1 1 1 0 0 0 1 1 0 0 0 0 0 0 1 0 1 0 1 1 0 1 1 0 1 0 0 0 0 1 0 0 0
180	2	0 1 1 1 1 1 0 1 1 1 1 1 1 0 1 1 1 1 1 1 0 0 0 1 1 0 0 0 1 0 0 1 0 1 1 1 1 0 1 1 0 1 0 0 0 0 1 0 0 0
180	1	0 1 1 1 1 1 0 1 1 1 1 1 1 0 1 1 1 1 1 1 0 0 0 1 1 0 0 0 0 0 0 1 0 1 1 1 1 0 1 1 0 1 0 0 0 1 1 0 0 0
180	4	0 1 1 1 1 1 0 1 1 1 1 1 1 0 1 1 1 0 1 1 0 0 0 1 1 0 0 0 0 0 0 1 0 1 1 1 1 0 1 1 0 1 0 0 0 0 1 0 0 0
180	55	0 1 1 1 1 1 0 1 1 1 1 1 1 0 1 1 1 1 1 1 0 0 0 1 1 0 0 0 0 0 0 1 0 1 1 1 1 0 1 1 0 1 0 0 0 0 1 0 0 0
180	1	0 1 1 1 1 1 0 1 1 1 1 1 1 0 1 1 1 1 1 1 0 0 0 1 1 0 0 0 0 0 0 1 0 1 1 1 1 0 0 1 0 1 0 0 0 1 1 0 0 0
180	6	0 1 1 1 1 1 0 1 1 1 1 1 1 0 1 1 1 1 1 1 0 0 0 1 1 0 0 0 0 0 0 1 0 1 1 1 1 0 0 1 0 1 0 0 0 1 0 0 0 0
180	1	0 1 1 1 1 1 0 1 1 1 1 0 1 0 1 1 1 1 1 1 0 0 0 1 1 0 0 0 0 0 1 1 0 1 1 1 1 0 0 1 0 1 0 0 0 1 1 0 0 0
180	5	0 1 1 1 1 1 0 1 1 1 1 0 1 0 1 1 1 1 1 1 0 0 0 1 1 0 0 0 0 0 0 1 0 1 1 1 1 0 0 1 0 1 0 0 0 1 1 0 0 0
190	1	0 1 1 1 1 1 1 1 1 1 1 1 1 0 1 1 1 1 1 1 0 0 0 1 1 0 0 0 0 0 0 1 0 1 0 0 1 0 1 1 0 0 0 0 0 1 1 0 0 1
190	4	0 1 1 1 1 1 1 1 1 1 1 0 1 0 1 1 1 1 1 1 0 0 0 1 1 0 0 0 0 0 0 1 0 1 1 0 1 0 1 1 0 0 0 0 0 1 1 0 0 1
190	1	0 1 1 1 1 0 1 1 1 1 1 1 1 0 1 1 1 1 1 1 0 0 0 1 1 0 0 0 0 0 0 1 0 1 1 0 1 0 1 1 0 0 0 0 0 1 1 0 0 1
190	15	0 1 1 1 1 1 1 1 1 1 1 1 1 0 1 1 1 1 1 1 0 0 0 1 1 0 0 0 0 0 0 1 0 1 1 0 1 0 1 1 0 0 0 0 0 1 1 0 0 1
190	6	0 1 1 1 1 1 0 1 1 1 1 1 1 0 1 1 1 1 1 1 0 0 0 1 1 0 0 0 0 0 0 1 0 1 1 0 1 0 1 1 0 0 0 0 0 1 0 0 0 1
190	1	0 1 1 1 1 1 0 1 1 1 1 1 1 0 1 1 1 1 0 1 0 0 0 1 1 0 0 0 0 0 0 1 0 1 1 1 1 0 1 1 0 1 0 0 0 0 1 0 0 0
190	1	0 1 1 1 1 1 0 1 1 1 1 1 1 0 1 1 1 1 1 1 0 0 0 1 1 0 0 0 0 0 0 1 0 1 0 1 1 0 1 1 0 1 0 0 0 0 1 0 0 0
190	1	0 1 1 1 1 1 0 1 1 1 1 1 1 0 1 1 1 1 1 1 0 0 0 1 1 0 0 0 0 0 0 1 0 1 1 1 1 0 1 1 0 1 0 0 0 1 1 0 0 0
190	1	0 1 1 1 1 1 0 1 1 1 1 1 1 0 1 1 1 1 1 1 0 0 0 1 1 0 0 0 0 0 0 1 1 1 1 1 1 0 1 1 0 1 0 0 0 0 1 0 0 0
190	52	0 1 1 1 1 1 0 1 1 1 1 1 1 0 1 1 1 1 1 1 0 0 0 1 1 0 0 0 0 0 0 1 0 1 1 1 1 0 1 1 0 1 0 0 0 0 1 0 0 0
190	2	0 1 1 1 1 1 0 1 1 1 1 1 1 0 1 1 1 1 1 1 0 0 0 1 1 0 0 0 0 0 0 1 0 1 1 1 1 0 0 1 0 1 0 0 0 1 1 0 0 0
190	12	0 1 1 1 1 1 0 1 1 1 1 1 1 0 1 1 1 1 1 1 0 0 0 1 1 0 0 0 0 0 0 1 0 1 1 1 1 0 0 1 0 1 0 0 0 1 0 0 0 0
190	2	0 1 1 1 1 1 0 1 1 1 1 0 1 0 1 1 1 1 1 1 0 0 0 1 1 0 0 0 0 0 1 1 0 1 1 1 1 0 0 1 0 1 0 0 0 1 1 0 0 0
190	1	0 1 1 1 1 1 0 1 1 1 1 1 1 0 1 1 1 1 1 1 0 0 0 1 1 0 1 0 0 0 0 1 0 1 1 1 1 0 1 1 0 1 0 0 0 1 1 0 0 0
200	1	0 1 1 1 1 1 1 1 1 1 1 1 1 0 1 1 1 1 1 1 0 0 0 1 1 0 0 0 0 0 0 1 0 1 1 0 1 0 1 1 0 0 1 0 0 1 1 0 0 1
200	12	0 1 1 1 1 1 1 1 1 1 1 1 1 0 1 1 1 1 1 1 0 0 0 1 1 0 0 0 0 0 0 1 0 1 1 0 1 0 1 1 0 0 0 0 0 1 1 0 0 1
200	1	0 1 1 1 1 1 0 1 1 1 1 1 1 0 1 1 1 1 1 1 0 0 0 1 1 0 0 0 0 0 0 1 0 1 1 0 0 0 1 1 0 0 0 0 0 1 0 0 0 1
200	1	0 1 1 1 1 1 0 1 1 1 1 1 1 0 1 1 1 1 1 1 0 0 0 1 1 0 0 0 0 0 0 1 0 1 1 0 1 0 1 1 0 0 0 0 0 1 0 0 0 1
200	1	0 1 1 1 1 1 0 1 1 1 1 1 1 0 1 1 1 1 1 1 0 0 0 1 1 0 0 0 0 0 0 1 0 1 1 1 0 0 1 1 0 1 0 0 0 0 1 0 0 0
200	2	0 1 1 1 1 1 0 1 1 1 1 1 1 0 1 1 1 1 1 1 0 0 0 1 1 0 0 0 0 0 0 1 1 1 1 1 1 0 1 1 0 1 0 0 0 0 1 0 0 0
200	1	0 1 1 1 1 1 0 1 1 1 1 1 1 0 1 1 1 1 1 1 0 0 0 1 1 1 0 0 0 0 0 1 0 1 1 1 1 0 1 1 0 1 0 0 0 0 1 0 0 0
200	2	0 1 1 1 1 1 0 1 1 1 1 1 1 0 0 1 1 1 1 1 0 0 0 1 1 0 0 0 0 0 0 1 0 1 1 1 1 0 1 1 0 1 0 0 0 0 1 0 0 0
200	1	0 1 1 1 1 1 0 1 1 1 1 1 1 0 1 0 1 1 1 1 0 0 0 1 1 0 0 0 0 0 0 1 0 1 1 1 1 0 1 1 0 1 0 0 0 0 1 0 0 0
200	1	0 1 1 0 1 1 0 1 1 1 1 1 1 0 1 1 1 1 1 1 0 0 0 1 1 0 0 0 0 0 0 1 0 1 1 1 1 0 1 1 0 1 0 0 0 0 1 0 0 0
200	70	0 1 1 1 1 1 0 1 1 1 1 1 1 0 1 1 1 1 1 1 0 0 0 1 1 0 0 0 0 0 0 1 0 1 1 1 1 0 1 1 0 1 0 0 0 0 1 0 0 0
200	7	0 1 1 1 1 1 0 1 1 1 1 1 1 0 1 1 1 1 1 1 0 0 0 1 1 0 0 0 0 0 0 1 0 1 1 1 1 0 0 1 0 1 0 0 0 1 0 0 0 0
210	1	0 1 1 1 1 1 1 1 1 1 1 0 1 0 1 1 1 1 1 1 0 0 0 1 1 0 0 0 0 0 0 1 0 1 1 0 1 0 1 0 0 0 0 0 0 1 1 0 0 1
210	4	0 1 1 1 1 1 1 1 1 1 1 0 1 0 1 1 1 1 1 1 0 0 0 1 1 0 0 0 0 0 0 1 0 1 1 0 1 0 1 1 0 0 0 0 0 1 1 0 0 1
210	1	0 1 1 1 1 1 1 1 1 1 1 1 1 0 1 1 1 1 1 1 0 0 0 1 1 0 0 0 0 0 0 1 0 1 1 0 0 0 1 1 0 0 0 0 0 1 1 0 0 1
210	13	0 1 1 1 1 1 1 1 1 1 1 1 1 0 1 1 1 1 1 1 0 0 0 1 1 0 0 0 0 0 0 1 0 1 1 0 1 0 1 1 0 0 0 0 0 1 1 0 0 1
210	3	0 1 1 1 1 1 0 1 1 1 1 1 1 0 1 1 1 1 1 1 0 0 0 1 1 0 0 0 0 0 0 1 0 1 1 0 1 0 1 1 0 0 0 0 0 1 0 0 0 1
210	3	0 1 1 1 1 1 0 1 1 1 1 1 1 0 1 1 1 1 0 1 0 0 0 1 1 0 0 0 0 0 0 1 0 1 1 1 1 0 1 1 0 1 0 0 0 0 1 0 0 0
210	1	0 1 1 1 1 1 0 1 1 1 1 1 1 0 1 1 1 1 1 1 0 0 0 1 1 0 0 0 0 0 0 1 1 1 1 1 1 0 1 1 0 1 0 0 0 0 1 0 0 0
210	1	0 1 1 1 1 1 0 1 1 1 1 1 1 0 1 1 1 1 1 1 0 0 0 1 1 1 0 0 0 0 0 1 0 0 1 1 1 0 1 1 0 1 0 0 0 0 1 0 0 0
210	1	0 1 1 1 1 1 0 1 1 1 1 1 1 0 1 0 1 1 1 1 0 0 0 1 1 0 0 0 0 0 0 1 0 1 1 1 1 0 1 1 0 1 0 0 0 0 1 0 0 0
210	1	0 1 1 0 1 1 0 1 1 1 1 1 1 0 1 1 1 1 1 1 0 0 0 1 1 0 0 0 0 0 0 1 0 1 1 1 1 0 1 1 0 1 0 0 0 0 1 0 0 0
210	69	0 1 1 1 1 1 0 1 1 1 1 1 1 0 1 1 1 1 1 1 0 0 0 1 1 0 0 0 0 0 0 1 0 1 1 1 1 0 1 1 0 1 0 0 0 0 1 0 0 0
210	1	0 1 1 1 1 1 0 1 1 1 1 1 1 0 1 1 1 1 1 1 0 0 0 1 1 0 0 0 0 0 0 1 0 0 1 1 1 0 0 1 0 1 0 0 0 1 0 0 0 0
210	1	0 1 1 1 1 1 0 1 1 1 1 1 1 0 1 1 1 1 1 1 0 0 0 1 1 0 0 0 0 0 0 1 0 1 1 1 1 0 0 1 0 1 0 0 0 1 0 0 0 0
220	1	0 1 1 1 1 1 1 1 1 1 1 0 1 0 1 1 1 1 1 1 0 0 0 1 1 0 0 0 0 0 0 1 0 1 1 0 1 0 1 1 0 0 0 0 0 1 1 0 0 1
220	2	0 1 1 1 1 1 1 1 1 1 1 1 1 0 1 1 1 1 1 1 0 0 0 1 1 0 0 0 0 0 0 1 0 1 1 0 0 0 1 1 0 0 0 0 0 1 1 0 0 1
220	16	0 1 1 1 1 1 1 1 1 1 1 1 1 0 1 1 1 1 1 1 0 0 0 1 1 0 0 0 0 0 0 1 0 1 1 0 1 0 1 1 0 0 0 0 0 1 1 0 0 1
220	1	0 1 1 1 1 1 0 1 1 1 1 1 1 0 1 1 1 1 1 1 0 0 0 1 1 0 0 0 0 0 0 1 0 1 1 0 0 0 1 1 0 0 0 0 0 1 0 0 0 1
220	1	0 1 1 1 1 1 0 1 1 1 1 1 1 0 1 1 1 1 1 1 0 0 0 1 1 0 0 0 0 0 0 1 0 1 1 0 1 0 1 1 0 0 0 0 0 1 0 0 0 1
220	1	0 1 1 1 1 1 0 1 1 1 1 1 1 0 1 1 1 1 0 0 0 0 0 1 1 0 0 0 0 0 0 1 0 1 1 1 1 0 1 1 0 1 0 0 0 0 1 0 0 0
220	4	0 1 1 1 1 1 0 1 1 1 1 1 1 0 1 1 1 1 0 1 0 0 0 1 1 0 0 0 0 0 0 1 0 1 1 1 1 0 1 1 0 1 0 0 0 0 1 0 0 0
220	1	0 1 1 1 1 1 0 1 1 1 1 1 1 0 1 1 1 1 1 1 0 0 0 1 1 1 0 0 0 0 0 1 0 0 1 1 1 0 1 1 0 1 0 0 0 0 1 0 0 0
220	1	0 1 1 1 1 1 0 1 1 1 1 1 1 0 1 0 1 1 1 1 0 0 0 1 1 0 0 0 0 0 0 1 0 1 1 1 1 0 1 1 0 1 0 0 0 0 1 0 0 0
220	1	1 1 1 1 1 1 0 1 1 1 1 1 1 0 1 1 1 1 1 1 0 0 0 1 1 0 0 0 0 0 0 1 0 1 1 1 1 0 1 1 0 1 0 0 0 0 1 0 0 0
220	1	0 1 1 1 1 1 0 1 1 1 1 1 1 0 1 1 1 1 1 1 0 0 0 1 1 0 0 0 0 0 1 1 0 1 1 1 1 0 1 1 0 1 0 0 0 0 1 0 0 0
220	2	0 1 1 1 1 1 0 1 1 1 1 1 1 0 1 1 1 1 1 1 0 1 0 1 1 0 0 0 0 0 0 1 0 1 1 1 1 0 1 1 0 1 0 0 0 0 1 0 0 0
220	1	0 1 1 1 1 1 0 1 1 1 1 1 0 0 1 1 1 1 1 1 0 0 0 1 1 0 0 0 0 0 0 1 0 1 1 1 1 0 1 1 0 1 0 0 0 0 1 0 0 0
220	1	0 1 1 1 1 1 0 1 1 1 0 1 1 0 1 1 1 1 1 1 0 0 0 1 1 0 0 0 0 0 0 1 0 1 1 1 1 0 1 1 0 1 0 0 0 0 1 0 0 0
220	1	0 1 1 1 1 1 0 1 1 1 1 0 1 0 1 1 1 1 1 1 0 0 0 1 1 0 0 0 0 0 0 1 0 1 1 1 1 0 1 1 0 1 0 0 0 0 1 0 0 0
220	1	0 1 1 1 1 1 0 1 1 1 1 1 1 0 1 1 1 1 1 1 0 0 0 1 1 0 0 0 0 0 0 1 0 1 1 1 1 0 1 1 0 1 0 0 0 0 1 0 1 0
220	63	0 1 1 1 1 1 0 1 1 1 1 1 1 0 1 1 1 1 1 1 0 0 0 1 1 0 0 0 0 0 0 1 0 1 1 1 1 0 1 1 0 1 0 0 0 0 1 0 0 0
220	1	0 1 1 1 1 1 0 1 1 1 1 1 1 0 1 1 1 1 1 1 0 0 0 1 1 0 0 0 0 0 0 1 0 1 1 1 1 0 0 1 0 1 0 0 0 1 0 0 0 0
230	5	0 1 1 1 1 1 1 1 1 1 1 0 1 0 1 1 1 1 1 1 0 0 0 1 1 0 0 0 0 0 0 1 0 1 1 0 1 0 1 1 0 0 0 0 0 1 1 0 0 1
230	2	0 1 1 1 1 1 1 1 1 1 1 1 1 0 1 1 1 1 1 1 0 0 0 1 1 0 0 0 0 0 0 1 0 1 1 0 0 0 1 1 0 0 0 0 0 1 1 0 0 1
230	10	0 1 1 1 1 1 1 1 1 1 1 1 1 0 1 1 1 1 1 1 0 0 0 1 1 0 0 0 0 0 0 1 0 1 1 0 1 0 1 1 0 0 0 0 0 1 1 0 0 1
230	1	0 1 1 1 1 1 0 1 1 1 1 1 1 0 1 1 1 1 1 1 0 0 0 1 1 0 0 0 0 0 0 1 0 1 1 0 1 0 1 1 0 0 0 0 0 1 0 0 0 1
230	1	0 1 1 1 1 1 1 1 1 1 1 1 1 0 1 1 1 1 0 1 0 0 0 1 1 0 0 0 0 0 0 1 0 1 1 1 1 0 1 1 0 1 0 0 0 0 1 0 0 0
230	6	0 1 1 1 1 1 0 1 1 1 1 1 1 0 1 1 1 1 0 1 0 0 0 1 1 0 0 0 0 0 0 1 0 1 1 1 1 0 1 1 0 1 0 0 0 0 1 0 0 0
230	3	0 1 1 1 1 1 0 1 1 1 1 1 1 0 1 1 1 1 1 1 0 0 0 1 1 0 0 0 0 0 0 1 0 1 1 1 0 0 1 1 0 1 0 0 0 0 1 0 0 0
230	6	0 1 1 1 1 1 0 1 1 1 1 1 1 0 1 1 1 1 1 1 0 0 0 1 1 1 0 0 0 0 0 1 0 0 1 1 1 0 1 1 0 1 0 0 0 0 1 0 0 0
230	1	0 1 1 1 1 1 0 1 1 1 1 1 1 0 1 0 1 1 1 1 0 0 0 1 1 0 0 0 0 0 0 1 0 1 1 1 1 0 1 1 0 1 0 0 0 0 1 0 0 0
230	1	0 1 1 1 1 1 0 1 1 1 1 1 1 0 1 1 1 1 1 1 0 1 0 1 1 0 0 0 0 0 0 1 0 1 1 1 1 0 1 1 0 1 0 0 0 0 1 0 0 0
230	2	0 1 1 1 1 1 0 1 1 1 1 1 0 0 1 1 1 1 1 1 0 0 0 1 1 0 0 0 0 0 0 1 0 1 1 1 1 0 1 1 0 1 0 0 0 0 1 0 0 0
230	2	0 1 1 1 1 1 0 1 1 1 1 1 1 1 1 1 1 1 1 1 0 0 0 1 1 0 0 0 0 1 0 1 0 1 1 1 1 0 1 1 0 1 0 0 0 0 1 0 0 0
230	1	0 1 1 1 1 1 0 1 1 1 1 1 1 0 1 1 1 1 1 1 0 0 0 1 1 0 0 1 0 0 0 1 0 1 1 1 1 0 1 1 0 1 0 0 0 0 1 0 0 0
230	3	0 1 1 1 1 1 0 1 1 1 1 1 1 0 1 1 1 1 1 1 0 0 0 1 1 0 0 0 0 0 0 1 0 1 1 1 1 0 1 1 0 0 0 0 0 0 1 0 0 0
230	1	0 1 1 1 1 1 0 1 1 1 1 1 1 0 1 1 1 1 1 1 0 0 0 1 1 0 1 0 0 0 0 1 0 1 1 1 1 0 1 1 0 1 0 0 0 0 1 0 0 0
230	55	0 1 1 1 1 1 0 1 1 1 1 1 1 0 1 1 1 1 1 1 0 0 0 1 1 0 0 0 0 0 0 1 0 1 1 1 1 0 1 1 0 1 0 0 0 0 1 0 0 0
240	1	0 1 1 1 1 1 1 1 1 1 1 1 1 0 1 1 1 1 1 1 0 0 0 1 1 0 0 0 0 0 0 1 0 1 1 0 0 0 1 1 0 0 0 0 0 1 1 0 0 1
240	8	0 1 1 1 1 1 1 1 1 1 1 1 1 0 1 1 1 1 1 1 0 0 0 1 1 0 0 0 0 0 0 1 0 1 1 0 1 0 1 1 0 0 0 0 0 1 1 0 0 1
240	1	0 1 1 1 1 1 0 1 1 1 1 1 1 0 1 1 1 1 1 1 0 0 0 1 1 0 0 0 0 0 0 1 0 1 1 0 1 0 1 1 0 0 0 0 0 1 0 0 0 1
240	6	0 1 1 1 1 1 1 1 1 1 1 1 1 0 1 1 1 1 0 1 0 0 0 1 1 0 0 0 0 0 0 1 0 1 1 1 1 0 1 1 0 1 0 0 0 0 1 0 0 0
240	1	0 1 1 1 1 1 0 1 1 1 1 1 1 0 1 1 1 1 0 0 0 0 0 1 1 0 0 0 0 0 0 1 0 1 1 1 1 0 1 1 0 1 0 0 0 0 1 0 0 0
240	2	0 1 1 1 1 1 0 1 1 1 1 1 1 0 1 1 1 1 0 1 0 0 0 1 1 0 0 0 0 0 0 1 0 1 1 1 1 0 1 1 0 1 0 0 0 0 1 0 0 0
240	1	0 1 1 1 1 1 0 1 1 1 1 1 1 0 1 1 1 1 1 1 0 0 0 1 1 0 0 0 0 0 0 1 0 1 1 1 0 0 1 1 0 1 0 0 0 0 1 0 0 0
240	6	0 1 1 1 1 1 0 1 1 1 1 1 1 0 1 1 1 1 1 1 0 0 0 1 1 1 0 0 0 0 0 1 0 0 1 1 1 0 1 1 0 1 0 0 0 0 1 0 0 0
240	4	0 1 1 1 1 1 0 1 1 1 1 1 1 0 1 0 1 1 1 1 0 0 0 1 1 0 0 0 0 0 0 1 0 1 1 1 1 0 1 1 0 1 0 0 0 0 1 0 0 0
240	1	0 1 1 1 1 1 0 1 1 1 1 1 1 0 1 1 1 1 1 1 0 1 0 1 1 0 0 0 0 0 0 1 0 1 1 1 1 0 1 1 0 1 0 0 0 0 1 0 0 0
240	1	0 1 1 1 1 1 0 1 1 1 1 1 0 0 1 1 1 1 1 1 0 0 0 1 1 0 0 0 0 0 0 1 0 1 1 1 1 0 1 1 0 1 0 0 0 0 1 0 0 0
240	3	0 1 1 1 1 1 0 1 1 1 1 1 1 1 1 1 1 1 1 1 0 0 0 1 1 0 0 0 0 1 0 1 0 1 1 1 1 0 1 1 0 1 0 0 0 0 1 0 0 0
240	1	0 1 1 1 1 1 0 1 1 1 1 1 1 0 1 1 1 1 1 1 0 0 0 1 1 0 0 0 0 0 0 1 0 1 0 1 1 0 1 1 0 0 0 0 0 0 1 0 0 0
240	4	0 1 1 1 1 1 0 1 1 1 1 1 1 0 1 1 1 1 1 1 0 0 0 1 1 0 0 0 0 0 0 1 0 1 1 1 1 0 1 1 0 0 0 0 0 0 1 0 0 0
240	1	0 1 1 1 1 1 0 1 1 1 1 1 1 0 1 1 1 1 1 1 0 0 0 1 1 0 0 0 0 0 0 1 0 1 1 1 1 0 1 1 0 1 0 0 0 1 1 0 0 0
240	2	0 1 1 1 1 1 0 1 1 1 1 1 1 0 1 1 1 1 1 1 0 0 1 1 1 0 0 0 0 0 0 1 0 1 1 1 1 0 1 1 0 1 0 0 0 0 1 0 0 0
240	1	0 1 1 1 1 1 0 1 1 1 1 1 1 0 1 1 1 1 1 1 0 0 0 1 1 1 0 0 0 0 0 1 0 1 1 1 1 0 1 1 0 1 0 0 0 0 1 0 0 0
240	1	0 1 1 1 0 1 0 1 1 1 1 1 1 0 1 1 1 1 1 1 0 0 0 1 1 0 0 0 0 0 0 1 0 1 1 1 1 0 1 1 0 1 0 0 0 0 1 0 0 0
240	1	0 1 1 1 1 1 0 1 1 1 1 1 1 0 1 1 1 1 1 1 0 0 0 0 1 0 0 0 0 0 0 1 0 1 1 1 1 0 1 1 0 1 0 0 0 0 1 0 0 0
240	51	0 1 1 1 1 1 0 1 1 1 1 1 1 0 1 1 1 1 1 1 0 0 0 1 1 0 0 0 0 0 0 1 0 1 1 1 1 0 1 1 0 1 0 0 0 0 1 0 0 0
240	3	0 1 1 1 1 1 0 1 1 1 1 1 1 0 1 1 1 1 1 1 0 0 0 1 1 0 0 0 0 0 0 1 0 0 1 1 1 0 0 1 0 1 0 0 0 1 0 0 0 0
250	1	0 1 1 1 1 0 1 1 1 1 1 1 1 0 1 1 1 1 1 1 0 0 0 1 1 0 0 0 0 0 0 1 0 1 1 0 1 0 1 1 0 0 0 0 0 1 1 0 0 1
250	22	0 1 1 1 1 1 1 1 1 1 1 1 1 0 1 1 1 1 1 1 0 0 0 1 1 0 0 0 0 0 0 1 0 1 1 0 1 0 1 1 0 0 0 0 0 1 1 0 0 1
250	9	0 1 1 1 1 1 1 1 1 1 1 1 1 0 1 1 1 1 0 1 0 0 0 1 1 0 0 0 0 0 0 1 0 1 1 1 1 0 1 1 0 1 0 0 0 0 1 0 0 0
250	3	0 1 1 1 1 1 0 1 1 1 1 1 1 0 1 1 1 1 0 1 0 0 0 1 1 0 0 0 0 0 0 1 0 1 1 1 1 0 1 1 0 1 0 0 0 0 1 0 0 0
250	2	0 1 1 1 1 1 0 1 1 1 1 1 1 0 1 1 1 1 1 1 0 0 0 1 1 0 0 0 0 0 0 1 0 1 1 1 0 0 1 1 0 1 0 0 0 0 1 0 0 0
250	4	0 1 1 1 1 1 0 1 1 1 1 1 1 0 1 1 1 1 1 1 0 0 0 1 1 1 0 0 0 0 0 1 0 0 1 1 1 0 1 1 0 1 0 0 0 0 1 0 0 0
250	2	0 1 1 1 1 1 0 1 1 1 1 1 1 0 1 0 1 1 1 1 0 0 0 1 1 0 0 0 0 0 0 1 0 1 1 1 1 0 1 1 0 1 0 0 0 0 1 0 0 0
250	1	0 1 1 1 1 1 0 1 1 1 1 1 1 0 1 1 1 1 1 1 0 1 0 1 1 0 0 0 0 0 0 1 0 1 1 1 1 0 1 1 0 1 0 0 0 0 1 0 0 0
250	1	0 1 1 1 1 1 0 1 1 1 1 1 1 1 1 1 1 1 1 1 0 0 0 1 1 0 0 0 0 1 0 1 0 1 1 1 1 0 1 1 0 1 0 0 0 0 1 0 0 0
250	2	0 1 1 1 1 1 0 1 1 1 1 1 1 0 1 1 1 1 1 1 0 0 0 1 1 0 0 0 0 0 0 1 0 1 1 1 1 0 1 1 0 0 0 0 0 0 1 0 0 0
250	1	0 1 1 1 1 1 1 1 1 1 1 1 1 0 1 1 1 1 1 1 0 0 0 1 1 0 0 0 0 0 0 1 0 1 1 1 1 0 1 1 0 1 0 0 0 0 1 0 0 0
250	51	0 1 1 1 1 1 0 1 1 1 1 1 1 0 1 1 1 1 1 1 0 0 0 1 1 0 0 0 0 0 0 1 0 1 1 1 1 0 1 1 0 1 0 0 0 0 1 0 0 0
250	1	0 1 1 1 1 1 0 1 1 1 1 1 1 0 1 1 1 1 1 1 0 0 0 1 1 0 0 0 0 0 0 1 0 1 1 1 1 0 0 1 0 1 0 0 0 1 0 0 0 0
260	9	0 1 1 1 1 1 1 1 1 1 1 1 1 0 1 1 1 1 1 1 0 0 0 1 1 0 0 0 0 0 0 1 0 1 1 0 1 0 1 1 0 0 0 0 0 1 1 0 0 1
260	16	0 1 1 1 1 1 1 1 1 1 1 1 1 0 1 1 1 1 0 1 0 0 0 1 1 0 0 0 0 0 0 1 0 1 1 1 1 0 1 1 0 1 0 0 0 0 1 0 0 0
260	1	0 1 1 1 1 1 0 1 1 1 1 1 1 0 1 1 1 1 0 0 0 0 0 1 1 0 0 0 0 0 0 1 0 1 1 1 1 0 1 1 0 1 0 0 0 0 1 0 0 0
260	2	0 1 1 1 1 1 0 1 1 1 1 1 1 0 1 1 1 1 0 1 0 0 0 1 1 0 0 0 0 0 0 1 0 1 1 1 1 0 1 1 0 1 0 0 0 0 1 0 0 0
260	8	0 1 1 1 1 1 0 1 1 1 1 1 1 0 1 1 1 1 1 1 0 0 0 1 1 0 0 0 0 0 0 1 0 1 1 1 0 0 1 1 0 1 0 0 0 0 1 0 0 0
260	1	0 1 1 1 1 1 0 1 1 1 1 1 1 0 1 0 1 1 1 1 0 0 0 1 1 1 0 0 0 0 0 1 0 0 1 1 1 0 1 1 0 1 0 0 0 0 1 0 0 0
260	7	0 1 1 1 1 1 0 1 1 1 1 1 1 0 1 1 1 1 1 1 0 0 0 1 1 1 0 0 0 0 0 1 0 0 1 1 1 0 1 1 0 1 0 0 0 0 1 0 0 0
260	1	0 1 1 1 1 1 0 1 1 1 1 1 1 0 1 0 1 1 1 1 0 0 0 1 1 0 0 0 0 0 0 1 0 1 1 1 1 0 1 1 0 1 0 0 0 0 1 0 1 0
260	2	0 1 1 1 1 1 0 1 1 1 1 1 1 0 1 1 1 1 1 1 0 1 0 1 1 0 0 0 0 0 0 1 0 1 1 1 1 0 1 1 0 1 0 0 0 0 1 0 0 0
260	8	0 1 1 1 1 1 0 1 1 1 1 1 1 0 1 1 1 1 1 1 0 0 0 1 1 0 0 0 0 0 0 1 0 1 1 1 1 0 1 1 0 0 0 0 0 0 1 0 0 0
260	1	0 1 1 1 1 1 0 1 1 0 1 1 1 0 1 1 1 1 1 1 0 0 0 1 1 0 0 0 0 0 0 1 0 1 1 1 1 0 1 1 0 1 0 0 0 0 1 0 0 0
260	40	0 1 1 1 1 1 0 1 1 1 1 1 1 0 1 1 1 1 1 1 0 0 0 1 1 0 0 0 0 0 0 1 0 1 1 1 1 0 1 1 0 1 0 0 0 0 1 0 0 0
260	4	0 1 1 1 1 1 0 1 1 1 1 1 1 0 1 1 1 1 1 1 0 0 0 1 1 0 0 0 0 0 0 1 0 0 1 1 1 0 0 1 0 1 0 0 0 1 0 0 0 0
270	1	0 1 1 1 1 0 1 1 1 1 1 1 1 0 1 1 1 1 1 1 0 0 0 1 1 0 0 0 0 0 0 1 0 1 1 0 1 0 1 1 0 0 0 0 0 1 1 0 0 1
270	14	0 1 1 1 1 1 1 1 1 1 1 1 1 0 1 1 1 1 1 1 0 0 0 1 1 0 0 0 0 0 0 1 0 1 1 0 1 0 1 1 0 0 0 0 0 1 1 0 0 1
270	1	0 1 1 1 1 1 1 1 1 1 1 1 1 0 1 1 1 1 0 1 0 0 0 1 1 0 0 0 0 0 0 1 0 1 1 1 1 0 1 1 0 1 0 0 0 0 1 0 1 0
270	18	0 1 1 1 1 1 1 1 1 1 1 1 1 0 1 1 1 1 0 1 0 0 0 1 1 0 0 0 0 0 0 1 0 1 1 1 1 0 1 1 0 1 0 0 0 0 1 0 0 0
270	1	0 1 0 1 1 1 0 1 1 1 1 1 1 0 1 1 1 1 0 1 1 0 0 1 1 0 0 0 0 0 0 1 0 1 1 1 1 0 1 1 0 1 0 0 0 0 1 0 0 0
270	2	0 1 0 1 1 1 0 1 1 1 1 1 1 0 1 1 1 1 0 1 0 0 0 1 1 0 0 0 0 0 0 1 0 1 1 1 1 0 1 1 0 1 0 0 0 0 1 0 0 0
270	1	0 1 1 1 1 1 0 1 1 1 1 1 1 0 1 1 1 1 0 1 0 0 0 1 1 0 0 0 0 0 0 1 0 1 1 1 1 0 1 1 0 1 0 0 0 0 1 0 0 1
270	4	0 1 1 1 1 1 0 1 1 1 1 1 1 0 1 1 1 1 0 1 0 0 0 1 1 0 0 0 0 0 0 1 0 1 1 1 1 0 1 1 0 1 0 0 0 0 1 0 0 0
270	1	0 1 1 1 1 1 0 1 1 1 1 1 1 0 1 1 0 1 1 1 0 0 0 1 1 0 0 0 0 0 0 1 0 1 1 1 0 0 1 1 0 1 0 0 0 0 1 0 0 0
270	1	0 1 1 1 1 1 0 1 1 1 1 1 1 0 1 1 1 1 1 1 0 0 0 1 1 0 0 0 0 0 0 1 0 1 1 1 0 0 1 1 0 1 0 0 0 0 1 0 0 0
270	1	0 1 1 1 1 1 0 0 1 1 1 1 1 0 1 1 1 1 1 1 0 0 0 1 1 1 0 0 0 0 0 1 0 0 1 1 1 0 1 1 0 1 0 0 0 0 1 0 0 0
270	4	0 1 1 1 1 1 0 1 1 1 1 1 1 0 1 1 1 1 1 1 0 0 0 1 1 1 0 0 0 0 0 1 0 0 1 1 1 0 1 1 0 1 0 0 0 0 1 0 0 0
270	1	0 1 1 1 1 1 0 1 1 1 1 1 1 0 1 1 1 1 1 1 0 1 0 1 1 0 0 0 0 0 0 1 0 1 1 1 1 0 1 1 0 1 0 0 0 0 1 0 0 0
270	2	0 1 1 1 1 1 0 0 1 1 1 1 1 0 1 1 1 1 1 1 0 0 0 1 1 0 0 0 0 0 0 1 0 1 1 1 1 0 1 1 0 0 0 0 0 0 1 0 0 0
270	13	0 1 1 1 1 1 0 1 1 1 1 1 1 0 1 1 1 1 1 1 0 0 0 1 1 0 0 0 0 0 0 1 0 1 1 1 1 0 1 1 0 0 0 0 0 0 1 0 0 0
270	3	0 1 1 1 1 1 0 1 1 1 1 1 1 0 1 1 1 1 1 1 0 0 0 1 1 1 0 0 0 0 0 1 0 1 1 1 1 0 1 1 0 1 0 0 0 0 1 0 0 0
270	30	0 1 1 1 1 1 0 1 1 1 1 1 1 0 1 1 1 1 1 1 0 0 0 1 1 0 0 0 0 0 0 1 0 1 1 1 1 0 1 1 0 1 0 0 0 0 1 0 0 0
270	1	0 1 1 1 1 1 0 1 1 1 1 1 1 0 1 1 1 1 1 1 0 0 0 1 1 0 0 0 0 0 0 1 0 0 1 1 1 0 0 1 0 1 0 0 0 1 0 0 0 0
270	1	0 1 1 1 1 1 0 1 1 1 1 1 1 0 1 1 1 1 1 1 0 0 0 1 1 0 0 0 0 0 0 1 0 1 1 1 1 0 0 1 0 1 0 0 0 1 0 0 0 0
280	1	0 1 1 1 1 1 1 1 1 1 1 1 1 0 1 1 1 1 1 1 0 0 0 1 1 0 0 1 0 0 0 1 0 1 1 0 1 0 1 1 0 0 0 0 0 1 1 0 0 1
280	6	0 1 1 1 1 1 1 1 1 1 1 1 1 0 1 1 1 1 1 1 0 0 0 1 1 0 0 0 0 0 0 1 0 1 1 0 1 0 1 1 0 0 0 0 0 1 1 0 0 1
280	21	0 1 1 1 1 1 1 1 1 1 1 1 1 0 1 1 1 1 0 1 0 0 0 1 1 0 0 0 0 0 0 1 0 1 1 1 1 0 1 1 0 1 0 0 0 0 1 0 0 0
280	1	0 1 1 1 1 1 0 1 1 1 1 1 1 0 1 1 1 1 1 1 0 0 0 1 1 0 0 0 0 0 0 1 0 1 1 1 0 0 1 1 0 1 0 0 0 0 1 0 0 0
280	3	0 1 1 1 1 1 0 1 1 1 1 1 1 0 1 1 1 1 1 1 0 0 0 1 1 1 0 0 0 0 0 1 0 0 1 1 1 0 1 1 0 1 0 0 0 0 1 0 0 0
280	3	0 1 1 1 1 1 0 1 1 1 1 1 1 0 1 1 1 1 1 1 0 1 0 1 1 0 0 0 0 0 0 1 0 1 1 1 1 0 1 1 0 1 0 0 0 0 1 0 0 0
280	6	0 1 1 1 1 1 0 1 1 1 1 1 1 0 1 1 1 1 1 1 0 0 0 1 1 0 1 0 0 0 0 1 0 1 1 1 1 0 1 1 0 0 0 0 0 0 1 0 0 0
280	4	0 1 1 1 1 1 0 0 1 1 1 1 1 0 1 1 1 1 1 1 0 0 0 1 1 0 0 0 0 0 0 1 0 1 1 1 1 0 1 1 0 0 0 0 0 0 1 0 0 0
280	22	0 1 1 1 1 1 0 1 1 1 1 1 1 0 1 1 1 1 1 1 0 0 0 1 1 0 0 0 0 0 0 1 0 1 1 1 1 0 1 1 0 0 0 0 0 0 1 0 0 0
280	1	0 1 1 1 0 1 0 1 1 1 1 1 1 0 1 1 1 1 1 1 0 0 0 1 1 0 0 0 0 0 0 1 0 1 1 1 1 0 1 1 0 1 0 0 0 0 1 0 0 0
280	29	0 1 1 1 1 1 0 1 1 1 1 1 1 0 1 1 1 1 1 1 0 0 0 1 1 0 0 0 0 0 0 1 0 1 1 1 1 0 1 1 0 1 0 0 0 0 1 0 0 0
280	1	0 1 1 1 1 1 0 1 1 1 1 1 1 0 1 1 1 1 1 1 0 0 0 1 1 1 0 0 0 0 0 1 0 1 1 1 1 0 1 1 0 1 0 0 0 0 1 0 0 0
280	1	0 1 1 1 1 1 0 1 1 1 1 1 1 0 1 1 1 1 1 1 0 0 0 1 1 0 0 0 0 0 0 1 0 0 1 1 1 0 0 1 0 1 0 0 0 1 0 0 0 0
280	1	0 1 1 1 1 1 0 1 1 1 1 1 1 0 1 1 1 1 1 1 0 0 0 1 1 0 0 0 0 0 0 1 0 1 1 1 1 0 0 1 0 1 0 0 0 1 0 0 0 0
290	1	0 1 1 1 1 1 1 1 1 1 1 1 1 0 1 1 1 1 1 1 0 0 0 1 1 0 0 0 0 0 0 1 0 1 1 0 1 0 1 1 0 0 0 0 0 0 1 0 0 1
290	1	1 1 1 1 1 1 1 1 1 1 1 1 1 0 1 1 1 1 0 1 0 0 0 1 1 0 0 0 0 0 0 1 0 1 1 1 1 0 1 1 0 1 0 0 0 0 1 0 0 0
290	2	0 1 1 1 1 1 1 1 1 1 1 1 1 0 0 1 1 1 0 1 0 0 0 1 1 0 0 0 0 0 0 1 0 1 1 1 1 0 1 1 0 1 0 0 0 0 1 0 0 0
290	1	0 1 1 1 1 1 1 1 1 1 1 1 1 0 1 1 1 1 0 1 0 0 0 1 1 0 0 0 0 0 0 1 0 1 1 1 1 0 1 1 0 0 0 0 0 0 1 0 0 0
290	1	0 1 1 1 1 1 1 1 1 1 1 1 1 0 1 1 1 1 0 1 0 0 0 1 1 0 0 0 0 0 0 1 0 1 1 1 1 0 0 1 0 1 0 0 0 0 1 0 0 0
290	33	0 1 1 1 1 1 1 1 1 1 1 1 1 0 1 1 1 1 0 1 0 0 0 1 1 0 0 0 0 0 0 1 0 1 1 1 1 0 1 1 0 1 0 0 0 0 1 0 0 0
290	2	0 1 1 1 1 1 0 1 1 1 1 1 1 0 1 1 1 1 0 1 0 0 0 1 1 0 0 0 0 0 0 1 0 1 1 1 1 0 1 1 0 1 0 0 0 0 1 0 0 0
290	1	0 1 1 1 1 1 0 1 1 1 1 1 1 0 1 1 1 1 1 1 0 0 0 1 1 1 0 0 0 0 0 1 0 0 1 1 1 0 1 1 0 1 0 0 0 0 1 0 0 0
290	1	0 1 1 1 1 1 0 1 1 1 1 1 1 0 1 1 1 1 1 1 0 1 1 1 1 0 0 0 0 0 0 1 0 1 1 1 1 0 1 1 0 1 0 0 0 0 1 0 0 0
290	1	0 1 1 1 1 1 0 1 1 1 1 1 1 0 1 1 1 1 1 1 0 1 0 1 1 0 0 0 0 0 0 1 0 1 1 1 1 0 1 1 0 1 0 0 0 0 1 0 0 0
290	7	0 1 1 1 1 1 0 1 1 1 1 1 1 0 1 1 1 1 1 1 0 0 0 1 1 0 1 0 0 0 0 1 0 1 1 1 1 0 1 1 0 0 0 0 0 0 1 0 0 0
290	15	0 1 1 1 1 1 0 1 1 1 1 1 1 0 1 1 1 1 1 1 0 0 0 1 1 0 0 0 0 0 0 1 0 1 1 1 1 0 1 1 0 1 0 0 0 0 1 0 0 0
290	1	0 1 1 1 1 1 0 1 1 1 1 1 1 0 1 1 1 1 1 1 0 0 0 1 1 0 0 0 0 0 0 1 0 0 1 1 1 0 1 1 0 0 0 0 0 0 1 0 0 0
290	31	0 1 1 1 1 1 0 1 1 1 1 1 1 0 1 1 1 1 1 1 0 0 0 1 1 0 0 0 0 0 0 1 0 1 1 1 1 0 1 1 0 0 0 0 0 0 1 0 0 0
290	2	0 1 1 1 1 1 0 1 1 1 1 1 1 0 1 1 1 1 1 1 0 0 0 1 1 0 0 0 0 0 0 1 0 1 1 1 1 0 0 1 0 1 0 0 0 1 0 0 0 0
300	4	0 1 1 1 1 1 1 1 1 1 1 1 1 0 1 1 1 1 1 1 0 0 0 1 1 0 0 0 0 0 0 1 0 1 1 0 1 0 1 1 0 0 0 0 0 0 1 0 0 1
300	4	0 1 1 1 1 1 1 1 1 1 1 1 1 0 1 1 1 1 0 1 0 0 0 1 1 0 0 0 1 0 0 1 0 1 1 1 1 0 1 1 0 1 0 0 0 0 1 0 0 0
300	1	0 1 1 1 1 1 1 1 1 1 1 1 1 0 1 1 1 1 0 1 0 0 0 1 1 0 0 0 0 0 0 1 0 1 1 1 1 0 1 1 0 1 1 0 0 0 1 0 0 0
300	22	0 1 1 1 1 1 1 1 1 1 1 1 1 0 1 1 1 1 0 1 0 0 0 1 1 0 0 0 0 0 0 1 0 1 1 1 1 0 1 1 0 1 0 0 0 0 1 0 0 0
300	1	0 1 1 1 1 1 0 1 1 1 1 1 1 0 1 1 1 1 0 1 0 0 0 1 1 0 0 0 0 0 0 1 0 1 1 1 1 0 1 1 0 1 0 0 0 0 1 0 0 0
300	2	0 1 1 1 1 1 0 1 1 1 1 1 1 0 1 1 1 1 1 1 0 0 1 1 1 1 0 0 0 0 0 1 0 0 1 1 1 0 1 1 0 1 0 0 0 0 1 0 0 0
300	5	0 1 1 1 1 1 0 1 1 1 1 1 1 0 1 1 1 1 1 1 0 0 0 1 1 1 0 0 0 0 0 1 0 0 1 1 1 0 1 1 0 1 0 0 0 0 1 0 0 0
300	1	0 1 1 1 1 1 0 1 1 1 1 0 1 0 1 1 1 1 1 1 0 0 0 1 1 0 1 0 0 0 0 1 0 1 1 1 1 0 1 1 0 0 0 0 0 0 1 0 0 0
300	7	0 1 1 1 1 1 0 1 1 1 1 1 1 0 1 1 1 1 1 1 0 0 0 1 1 0 1 0 0 0 0 1 0 1 1 1 1 0 1 1 0 0 0 0 0 0 1 0 0 0
300	5	0 1 1 1 1 1 0 1 1 1 1 1 1 0 1 1 1 1 1 1 0 0 0 1 1 0 0 0 0 0 0 1 0 1 1 1 1 0 1 1 0 1 0 0 0 0 1 0 0 0
300	4	0 1 1 1 1 1 0 1 1 1 1 1 1 0 1 1 1 1 1 1 0 0 0 1 1 0 0 0 0 0 0 1 0 1 1 1 1 0 1 0 0 0 0 0 0 0 1 0 0 0
300	40	0 1 1 1 1 1 0 1 1 1 1 1 1 0 1 1 1 1 1 1 0 0 0 1 1 0 0 0 0 0 0 1 0 1 1 1 1 0 1 1 0 0 0 0 0 0 1 0 0 0
300	1	0 1 1 1 1 1 0 1 1 1 1 1 1 0 1 1 1 1 1 1 0 0 0 1 1 0 0 0 0 0 0 1 0 1 1 1 1 0 1 1 0 0 0 0 0 0 1 0 1 0
300	3	0 1 1 1 1 1 0 1 1 1 1 1 1 0 1 1 1 1 1 1 0 0 0 1 1 1 0 0 0 0 0 1 0 1 1 1 1 0 1 1 0 1 0 0 0 0 1 0 0 0
310	2	0 1 1 1 1 1 1 1 1 1 1 1 1 0 1 1 1 1 1 1 0 0 0 1 1 0 0 0 0 0 0 1 0 1 1 0 1 0 1 1 0 0 0 0 0 0 1 0 0 1
310	1	0 1 1 1 1 1 1 1 1 1 1 1 1 0 1 1 1 1 0 1 0 0 0 1 1 0 0 0 1 0 0 1 0 1 1 1 1 0 1 1 0 1 0 0 0 0 1 0 0 0
310	2	0 1 1 1 1 1 1 1 1 1 1 1 1 0 0 1 1 1 0 1 0 0 0 1 1 0 0 0 0 0 0 1 0 1 1 1 1 0 1 1 0 1 0 0 0 0 1 0 0 0
310	1	0 1 1 1 1 1 1 1 1 1 1 1 1 0 1 1 1 1 0 1 0 0 0 1 1 0 0 0 0 0 0 1 1 1 1 1 1 0 1 1 0 1 0 0 0 0 1 0 0 0
310	2	0 1 1 1 1 1 1 0 1 1 1 1 1 0 1 1 1 1 0 1 0 0 0 1 1 0 0 0 0 0 0 1 0 1 1 1 1 0 1 1 0 1 0 0 0 0 1 0 0 0
310	26	0 1 1 1 1 1 1 1 1 1 1 1 1 0 1 1 1 1 0 1 0 0 0 1 1 0 0 0 0 0 0 1 0 1 1 1 1 0 1 1 0 1 0 0 0 0 1 0 0 0
310	1	0 1 1 1 1 1 0 1 1 1 1 1 1 0 1 1 1 1 1 1 0 0 1 1 1 1 0 0 0 0 0 1 0 0 1 1 1 0 1 1 0 1 0 0 0 0 1 0 0 0
310	1	0 1 1 1 1 1 0 1 1 1 1 1 1 0 1 1 1 1 1 1 0 0 0 1 1 1 0 0 0 0 0 1 0 1 1 1 1 0 1 1 0 1 0 0 0 0 1 0 0 0
310	3	0 1 1 1 1 1 0 1 1 1 1 1 1 0 1 1 1 1 1 1 0 0 0 1 1 1 0 0 0 0 0 1 0 0 1 1 1 0 1 1 0 1 0 0 0 0 1 0 0 0
310	7	0 1 1 1 1 1 0 1 1 1 1 1 1 0 1 1 1 1 1 1 0 0 0 1 1 0 1 0 0 0 0 1 0 1 1 1 1 0 1 1 0 0 0 0 0 0 1 0 0 0
310	3	0 1 1 1 1 1 0 0 1 1 1 1 1 0 1 1 1 1 1 1 0 0 0 1 1 0 0 0 0 0 0 1 0 1 1 1 1 0 1 1 0 0 0 0 0 0 1 0 0 0
310	9	0 1 1 1 1 1 0 1 1 1 1 1 1 0 1 1 1 1 1 1 0 0 0 1 1 0 0 0 0 0 0 1 0 1 1 1 1 0 1 1 0 1 0 0 0 0 1 0 0 0
310	1	0 1 1 1 1 1 0 1 1 1 1 1 1 0 1 1 1 1 1 1 0 0 0 1 1 0 0 0 0 0 0 1 0 1 1 1 1 0 1 0 0 0 0 0 0 0 1 0 0 0
310	3	0 1 1 1 1 1 0 1 1 1 1 1 1 0 1 1 1 1 1 1 0 0 0 1 1 0 0 0 0 0 0 1 0 1 1 1 1 1 1 1 0 0 0 0 0 0 1 0 0 0
310	2	0 1 1 1 1 1 0 1 1 1 1 1 1 0 1 1 1 1 1 1 0 0 0 1 0 0 0 0 0 0 0 1 0 1 1 1 1 0 1 1 0 0 0 0 0 0 1 0 0 0
310	1	0 1 1 1 1 1 0 1 1 1 1 1 1 0 1 1 1 1 1 1 0 0 0 1 1 0 0 0 0 0 0 0 0 1 1 1 1 0 1 1 0 0 0 0 0 0 1 0 0 0
310	1	0 1 1 1 1 1 0 1 1 1 1 1 1 0 1 1 1 1 1 1 0 0 1 1 1 0 0 0 0 0 0 1 0 1 1 1 1 0 1 1 0 0 0 0 0 0 1 0 0 0
310	33	0 1 1 1 1 1 0 1 1 1 1 1 1 0 1 1 1 1 1 1 0 0 0 1 1 0 0 0 0 0 0 1 0 1 1 1 1 0 1 1 0 0 0 0 0 0 1 0 0 0
310	1	0 1 1 1 1 1 0 1 1 1 1 1 1 0 1 1 1 1 1 1 0 0 0 1 1 0 0 0 0 0 0 1 0 1 1 1 1 0 1 1 0 0 0 0 0 0 1 0 1 0
