0	100	0 0 0 0 0 0 0 0 0 0
10	1	0 0 0 0 0 0 0 0 0 1
10	1	0 0 0 0 0 0 0 1 0 0
10	1	0 0 1 0 0 0 0 0 0 0
10	1	1 0 0 0 0 0 0 0 0 0
10	96	0 0 0 0 0 0 0 0 0 0
20	2	0 0 0 0 0 0 0 0 0 1
20	1	0 0 0 0 0 0 0 0 1 0
20	1	0 0 0 0 0 1 0 0 0 0
20	6	0 0 0 1 0 0 0 0 0 0
20	1	1 0 0 0 0 0 0 0 0 0
20	1	0 0 1 0 0 0 0 0 0 0
20	1	0 1 0 0 0 0 0 0 0 0
20	87	0 0 0 0 0 0 0 0 0 0
30	1	0 0 0 0 0 0 0 0 1 0
30	1	0 0 0 0 0 1 0 0 0 0
30	1	0 0 1 0 0 0 0 0 0 0
30	7	0 0 0 1 0 0 0 0 0 0
30	1	0 0 0 0 1 0 0 0 0 0
30	89	0 0 0 0 0 0 0 0 0 0
40	3	0 0 0 0 0 0 0 1 0 0
40	1	0 1 0 0 0 0 0 0 1 0
40	3	0 0 0 0 0 1 0 0 0 0
40	2	0 0 1 0 0 0 0 0 0 0
40	3	0 0 0 0 1 0 0 0 0 0
40	6	0 0 0 1 0 0 0 0 0 0
40	82	0 0 0 0 0 0 0 0 0 0
50	6	0 0 0 0 0 0 0 0 0 1
50	2	0 0 0 0 0 0 0 1 0 0
50	2	0 1 0 0 0 0 0 0 1 0
50	1	0 0 0 0 0 1 0 0 0 0
50	1	1 0 1 0 0 0 0 0 0 0
50	1	0 0 1 1 0 0 0 0 0 0
50	4	0 0 1 0 0 0 0 0 0 0
50	1	0 0 0 0 0 0 1 0 0 0
50	3	0 0 0 0 1 0 0 0 0 0
50	11	0 0 0 1 0 0 0 0 0 0
50	2	1 0 0 0 0 0 0 0 0 0
50	65	0 0 0 0 0 0 0 0 0 0
50	1	0 0 0 0 1 0 0 0 0 1
60	4	0 0 0 0 0 0 0 0 0 1
60	2	1 0 1 0 0 0 0 0 0 0
60	2	0 0 1 1 0 0 0 0 0 0
60	11	0 0 1 0 0 0 0 0 0 0
60	1	0 0 0 0 1 0 0 0 0 0
60	1	0 1 0 0 0 0 0 0 0 0
60	4	1 0 0 0 0 0 0 0 0 0
60	18	0 0 0 1 0 0 0 0 0 0
60	57	0 0 0 0 0 0 0 0 0 0
70	2	0 0 0 0 0 0 0 0 0 1
70	1	1 0 1 0 0 0 0 0 0 0
70	6	0 0 1 1 0 0 0 0 0 0
70	1	0 0 1 0 0 0 0 0 0 1
70	11	0 0 1 0 0 0 0 0 0 0
70	3	0 0 0 0 1 0 0 0 0 0
70	1	0 1 0 0 0 0 0 0 0 0
70	1	1 0 0 0 0 0 0 0 0 0
70	1	1 0 0 1 0 0 0 0 0 1
70	1	0 0 0 1 0 0 0 0 0 1
70	1	0 0 0 1 1 0 0 0 0 0
70	17	0 0 0 1 0 0 0 0 0 0
70	54	0 0 0 0 0 0 0 0 0 0
80	5	0 0 0 0 0 0 0 0 0 1
80	1	0 0 0 0 0 1 0 0 0 0
80	3	1 0 1 0 0 0 0 0 0 0
80	5	0 0 1 1 0 0 0 0 0 0
80	1	0 1 0 0 0 0 0 0 0 0
80	1	0 0 0 0 0 0 0 0 1 0
80	47	0 0 0 0 0 0 0 0 0 0
80	6	0 0 1 0 0 0 0 0 0 0
80	1	0 0 0 0 1 0 0 0 0 0
80	1	1 0 0 0 0 0 0 1 0 0
80	1	0 0 0 1 1 0 0 0 0 1
80	28	0 0 0 1 0 0 0 0 0 0
90	1	0 0 0 0 0 0 0 0 0 1
90	1	1 1 1 0 1 0 0 0 0 0
90	2	1 1 1 0 0 0 0 0 0 0
90	2	1 0 1 0 0 0 0 0 0 0
90	8	0 0 1 1 0 0 0 0 0 0
90	7	0 1 0 0 0 0 0 0 0 0
90	8	0 0 1 0 0 0 0 0 0 0
90	38	0 0 0 0 0 0 0 0 0 0
90	1	0 0 0 0 1 0 0 0 0 0
90	32	0 0 0 1 0 0 0 0 0 0
100	1	0 0 0 0 0 0 0 0 0 1
100	1	1 1 1 0 1 0 0 0 0 0
100	3	1 1 1 0 0 0 0 0 0 0
100	4	1 0 1 0 0 0 0 0 0 0
100	1	0 0 1 1 0 0 0 1 0 0
100	19	0 0 1 1 0 0 0 0 0 0
100	7	0 0 1 0 0 0 0 0 0 0
100	2	0 0 0 1 1 0 0 0 0 0
100	21	0 0 0 0 0 0 0 0 0 0
100	30	0 0 0 1 0 0 0 0 0 0
100	6	0 1 0 0 0 0 0 0 0 0
100	3	0 0 0 0 0 0 1 0 0 0
100	2	0 0 1 0 0 1 0 0 0 0
110	1	0 0 0 0 0 0 0 0 0 1
110	8	0 1 0 0 0 0 0 0 0 0
110	1	0 0 1 0 0 1 0 0 0 0
110	12	0 0 1 0 0 0 0 0 0 0
110	1	0 0 0 0 0 1 0 0 0 0
110	23	0 0 0 0 0 0 0 0 0 0
110	2	1 1 1 0 1 0 0 0 0 0
110	2	1 1 1 0 0 0 0 0 0 0
110	1	1 0 1 0 0 1 0 0 0 0
110	3	1 0 1 0 0 0 0 0 0 0
110	3	0 0 1 1 0 1 0 0 0 0
110	20	0 0 0 1 0 0 0 0 0 0
110	16	0 0 1 1 0 0 0 0 0 0
110	1	0 0 0 0 1 0 0 0 0 0
110	1	1 0 0 1 1 0 0 0 0 0
110	4	0 0 0 0 0 0 1 0 0 0
110	1	1 0 0 0 0 0 0 1 0 0
120	11	0 1 0 0 0 0 0 0 0 0
120	1	0 0 1 0 0 0 0 1 0 0
120	2	0 0 1 0 0 1 0 0 0 0
120	2	1 0 1 0 0 0 0 0 0 0
120	14	0 0 1 0 0 0 0 0 0 0
120	16	0 0 0 0 0 0 0 0 0 0
120	22	0 0 0 1 0 0 0 0 0 0
120	2	1 1 1 0 1 0 0 0 0 0
120	1	1 1 1 0 0 0 0 0 0 0
120	1	1 0 1 0 0 0 1 0 0 0
120	5	0 0 1 1 0 1 0 0 0 0
120	3	0 0 0 1 1 0 0 0 0 0
120	2	0 0 1 1 1 0 0 0 0 0
120	18	0 0 1 1 0 0 0 0 0 0
130	7	0 1 0 0 0 0 0 0 0 0
130	4	0 0 1 0 0 0 0 1 0 0
130	5	1 0 1 0 0 0 0 0 0 0
130	10	0 0 0 0 0 0 0 0 0 0
130	23	0 0 1 0 0 0 0 0 0 0
130	1	0 0 0 1 1 0 0 0 0 1
130	14	0 0 1 1 0 0 0 0 0 0
130	19	0 0 0 1 0 0 0 0 0 0
130	2	0 0 0 1 0 1 0 0 0 0
130	1	0 0 0 0 0 0 1 0 0 0
130	3	1 1 1 0 1 0 0 0 0 0
130	1	0 0 1 1 0 1 0 0 1 0
130	2	0 0 1 1 0 1 0 0 0 0
130	2	0 0 0 1 1 0 0 0 0 0
130	1	0 0 1 1 0 0 0 1 1 0
130	1	0 0 1 1 0 0 0 1 0 0
130	4	1 0 0 0 0 0 0 1 0 0
140	13	0 1 0 0 0 0 0 0 0 0
140	12	1 0 1 0 0 0 0 0 0 0
140	1	0 0 1 0 0 0 0 0 0 1
140	14	0 0 1 0 0 0 0 0 0 0
140	2	0 0 1 0 0 0 0 1 0 0
140	1	1 1 1 0 0 0 1 0 0 0
140	4	1 0 1 0 0 0 1 0 0 0
140	5	0 0 0 0 0 0 0 0 0 0
140	2	0 0 1 1 0 0 0 1 0 0
140	15	0 0 1 1 0 0 0 0 0 0
140	5	0 0 0 1 0 0 0 0 0 0
140	5	0 0 0 1 0 1 0 0 0 0
140	3	1 1 1 0 1 0 0 0 0 0
140	14	0 0 1 1 0 1 0 0 0 0
140	2	0 0 0 1 1 0 0 0 0 0
140	1	0 0 1 1 0 0 1 1 0 0
140	1	1 0 0 0 0 0 0 1 0 0
150	7	0 1 0 0 0 0 0 0 0 0
150	8	1 0 1 0 0 0 1 0 0 0
150	1	1 1 1 0 0 0 0 0 0 0
150	7	1 0 1 0 0 0 0 0 0 0
150	9	0 0 1 0 0 0 0 0 0 0
150	6	0 0 0 0 0 0 0 0 0 0
150	4	0 0 1 1 0 0 0 1 0 0
150	1	1 0 1 0 0 1 0 0 0 0
150	24	0 0 1 1 0 0 0 0 0 0
150	4	0 0 0 1 0 1 0 0 0 0
150	13	0 0 0 1 0 0 0 0 0 0
150	11	0 0 1 1 0 1 0 0 0 0
150	3	0 0 0 1 1 0 0 0 0 0
150	1	0 0 1 1 0 0 1 1 0 0
150	1	1 0 0 0 0 0 0 1 0 0
