0	100	0 0 0 0 0 0 0 0 0 0
10	1	0 1 0 0 0 0 0 0 0 0
10	1	0 0 0 0 0 0 1 0 0 0
10	1	0 0 0 0 0 0 0 0 1 0
10	1	0 0 0 0 0 0 0 1 0 0
10	96	0 0 0 0 0 0 0 0 0 0
20	7	0 0 0 1 0 0 0 0 0 0
20	4	0 1 0 0 0 0 0 0 0 0
20	1	0 0 0 0 0 0 1 0 0 0
20	2	0 0 0 0 0 0 0 0 1 0
20	1	0 0 0 0 0 1 0 0 0 0
20	1	0 0 0 0 0 0 0 1 0 0
20	1	0 0 0 0 1 0 0 0 0 0
20	83	0 0 0 0 0 0 0 0 0 0
30	1	1 0 0 1 0 0 0 0 0 0
30	3	0 0 0 1 0 0 0 0 0 0
30	1	0 1 0 0 0 0 0 0 1 0
30	5	0 1 0 0 0 0 0 0 0 0
30	1	0 0 1 0 0 0 0 0 0 0
30	1	0 0 0 0 0 0 0 1 0 0
30	88	0 0 0 0 0 0 0 0 0 0
40	1	1 0 0 1 0 0 0 0 1 0
40	3	1 0 0 1 0 0 0 0 0 0
40	1	0 0 0 1 1 0 0 0 0 0
40	4	0 0 0 0 0 0 1 0 0 0
40	3	0 0 1 0 0 0 0 0 0 0
40	8	0 0 0 1 0 0 0 0 0 0
40	5	0 1 0 0 0 0 0 0 0 0
40	75	0 0 0 0 0 0 0 0 0 0
50	4	1 0 0 1 0 0 0 0 0 0
50	1	0 0 1 0 1 0 0 0 0 0
50	4	0 0 1 0 0 0 0 0 0 0
50	2	0 0 0 0 1 0 0 0 0 0
50	1	0 0 1 1 0 0 0 0 0 0
50	8	0 0 0 1 0 0 0 0 0 0
50	70	0 0 0 0 0 0 0 0 0 0
50	8	0 1 0 0 0 0 0 0 0 0
50	2	0 0 0 0 0 0 0 1 0 0
60	4	1 0 0 1 0 0 0 0 0 0
60	3	0 0 1 0 0 0 0 0 0 0
60	2	0 0 0 0 1 0 0 0 0 0
60	1	1 0 0 0 0 0 0 0 0 0
60	13	0 0 0 1 0 0 0 0 0 0
60	1	0 0 0 0 0 0 0 1 0 0
60	2	0 1 0 0 0 0 0 0 0 0
60	72	0 0 0 0 0 0 0 0 0 0
60	2	0 0 0 0 0 1 0 0 0 0
70	3	1 0 0 0 0 0 0 0 0 0
70	1	1 0 0 1 0 0 0 0 1 0
70	1	0 0 0 1 0 0 0 0 0 1
70	1	0 0 0 1 1 0 0 0 0 0
70	2	0 0 0 0 0 0 0 1 0 0
70	47	0 0 0 0 0 0 0 0 0 0
70	15	0 0 0 1 0 0 0 0 0 0
70	8	1 0 0 1 0 0 0 0 0 0
70	4	0 0 1 1 1 0 0 0 0 0
70	8	0 0 1 0 0 0 0 0 0 0
70	5	0 0 0 0 1 0 0 0 0 0
70	4	0 1 0 0 0 0 0 0 0 0
70	1	0 0 0 0 0 1 0 0 0 0
80	1	1 0 1 1 0 0 0 0 0 0
80	3	0 0 0 1 1 0 0 0 0 0
80	13	0 0 0 1 0 0 0 0 0 0
80	41	0 0 0 0 0 0 0 0 0 0
80	2	0 0 0 0 0 0 0 1 0 0
80	4	0 0 0 0 1 0 0 0 0 0
80	3	0 0 1 0 0 0 0 0 0 0
80	3	0 1 0 0 0 0 0 0 0 0
80	21	1 0 0 1 0 0 0 0 0 0
80	3	0 0 0 1 0 0 1 0 0 0
80	3	1 0 0 1 0 0 0 1 0 0
80	3	0 0 1 1 1 0 0 0 0 0
90	4	1 0 1 1 0 0 0 0 0 0
90	5	0 0 0 0 0 0 0 1 0 1
90	1	0 1 0 1 0 0 0 0 0 0
90	1	0 0 1 1 0 0 0 0 0 0
90	33	0 0 0 0 0 0 0 0 0 0
90	14	1 0 0 1 0 0 0 0 0 0
90	18	0 0 0 1 0 0 0 0 0 0
90	3	0 0 0 0 0 1 0 0 0 0
90	1	0 0 0 0 0 0 1 0 0 0
90	4	0 0 0 0 0 0 0 1 0 0
90	6	0 0 1 0 0 0 0 0 0 0
90	4	0 1 0 0 0 0 0 0 0 0
90	2	1 0 0 0 1 0 0 0 0 0
90	1	0 0 0 0 1 0 0 0 0 0
90	1	0 0 0 1 0 0 0 0 1 0
90	1	1 0 0 1 0 0 0 1 0 0
90	1	1 0 0 1 0 0 0 0 0 1
100	9	1 0 1 1 0 0 0 0 0 0
100	1	0 0 0 0 0 0 0 1 1 0
100	6	0 0 0 0 0 0 0 1 0 0
100	2	0 0 0 0 1 0 0 0 0 0
100	4	0 0 1 0 0 0 0 0 0 0
100	26	0 0 0 0 0 0 0 0 0 0
100	23	1 0 0 1 0 0 0 0 0 0
100	14	0 0 0 1 0 0 0 0 0 0
100	2	0 0 0 0 0 1 0 0 0 0
100	9	0 1 0 0 0 0 0 0 0 0
100	1	1 0 0 0 1 0 0 0 0 0
100	3	1 0 1 1 0 0 0 1 0 0
110	1	1 0 1 1 1 0 0 0 0 0
110	1	1 0 1 1 0 0 0 1 0 0
110	14	1 0 1 1 0 0 0 0 0 0
110	2	0 1 0 1 0 0 0 0 0 0
110	5	0 0 0 0 0 0 0 1 0 0
110	1	1 0 0 0 1 0 1 0 0 0
110	2	1 0 0 0 1 0 0 0 0 0
110	4	0 1 0 0 0 0 0 0 0 0
110	3	0 0 0 1 0 1 0 0 0 0
110	12	0 0 0 1 0 0 0 0 0 0
110	3	0 0 0 0 0 0 0 0 1 0
110	15	0 0 0 0 0 0 0 0 0 0
110	3	1 0 0 1 0 0 0 0 0 1
110	33	1 0 0 1 0 0 0 0 0 0
110	1	0 0 1 1 1 0 0 0 0 0
120	5	1 0 1 1 0 0 0 1 0 0
120	9	0 0 0 1 0 0 0 0 0 0
120	1	1 1 0 1 0 0 0 0 0 0
120	32	1 0 0 1 0 0 0 0 0 0
120	20	1 0 1 1 0 0 0 0 0 0
120	11	0 0 0 0 0 0 0 0 0 0
120	2	0 0 0 0 0 0 0 1 0 0
120	10	1 0 0 0 1 0 0 0 0 0
120	1	0 0 0 0 1 0 0 0 0 0
120	3	0 1 0 0 0 0 0 1 0 0
120	1	0 1 0 0 0 0 0 0 0 0
120	2	0 0 0 0 0 1 0 0 0 0
120	2	0 0 0 0 0 0 0 0 1 0
120	1	0 0 1 1 1 0 0 0 0 0
130	2	1 0 1 1 0 0 0 1 0 0
130	1	0 0 0 0 0 1 0 0 0 0
130	8	0 0 0 1 0 0 0 0 0 0
130	9	0 0 0 0 0 0 0 0 0 0
130	1	1 1 0 1 0 0 0 0 0 0
130	39	1 0 1 1 0 0 0 0 0 0
130	22	1 0 0 1 0 0 0 0 0 0
130	3	1 0 1 1 0 1 0 0 0 0
130	1	0 0 0 0 1 0 0 0 0 0
130	12	1 0 0 0 1 0 0 0 0 0
130	1	0 0 1 0 0 1 0 0 0 0
130	1	0 1 0 0 0 0 0 0 0 0
140	4	1 0 1 1 0 0 0 1 0 0
140	7	0 0 0 1 0 0 0 0 0 0
140	4	0 0 0 0 1 0 0 0 0 0
140	1	0 0 0 0 0 0 0 0 1 0
140	9	0 0 0 0 0 0 0 0 0 0
140	1	1 1 0 1 0 0 0 0 0 1
140	3	1 1 0 1 0 0 0 0 0 0
140	1	1 0 1 1 1 0 0 0 0 0
140	2	1 0 1 1 0 1 0 0 0 0
140	42	1 0 1 1 0 0 0 0 0 0
140	1	1 0 0 1 1 0 0 0 0 0
140	16	1 0 0 1 0 0 0 0 0 0
140	9	1 0 0 0 1 0 0 0 0 0
150	7	1 0 1 1 0 0 0 1 0 0
150	1	0 0 0 1 0 0 0 0 0 1
150	6	0 0 0 1 0 0 0 0 0 0
150	2	0 0 0 0 1 0 0 0 0 0
150	1	0 1 0 0 0 0 0 0 0 0
150	3	0 0 0 0 0 0 0 0 0 0
150	1	1 1 0 1 0 0 0 0 0 1
150	1	0 1 0 1 0 0 0 0 0 0
150	3	1 1 0 1 0 0 0 0 0 0
150	2	1 0 1 1 0 1 0 0 0 0
150	19	1 0 0 1 0 0 0 0 0 0
150	1	1 0 1 0 0 0 0 0 0 0
150	46	1 0 1 1 0 0 0 0 0 0
150	1	1 0 0 0 1 1 0 0 0 0
150	6	1 0 0 0 1 0 0 0 0 0
