10	1	1 1 0 1 0 0 0 1 1 1
10	33	1 1 1 1 0 0 0 1 1 1
10	1	1 1 0 1 1 0 0 0 1 0
10	23	1 1 1 1 1 0 0 0 1 0
10	1	0 0 1 0 0 1 1 0 0 0
10	1	0 0 1 0 1 1 0 0 0 0
10	1	0 0 1 0 1 0 1 0 0 0
10	22	0 0 1 0 1 1 1 0 0 0
10	17	0 1 1 0 1 0 0 0 1 0
20	1	1 1 1 1 0 0 0 0 0 1
20	1	1 1 1 0 0 0 0 1 1 1
20	32	1 1 1 1 0 0 0 1 1 1
20	4	1 1 1 1 0 0 0 1 0 1
20	6	1 1 1 1 0 0 0 0 1 1
20	2	1 1 1 1 1 0 1 0 1 0
20	1	1 1 1 1 1 0 0 0 1 1
20	2	1 1 1 1 1 1 0 0 1 0
20	15	1 1 1 1 1 0 0 0 1 0
20	1	0 0 0 0 1 1 1 0 0 0
20	1	0 0 1 0 1 1 1 0 0 1
20	19	0 0 1 0 1 1 1 0 0 0
20	2	0 1 1 0 1 0 0 0 0 0
20	1	0 1 1 0 1 0 1 0 1 0
20	12	0 1 1 0 1 0 0 0 1 0
30	3	1 1 1 1 0 0 1 1 1 1
30	1	1 1 1 0 0 0 0 1 1 1
30	6	1 1 1 1 1 0 0 0 1 1
30	7	1 1 1 1 0 0 0 0 1 1
30	1	1 1 1 1 0 0 0 1 0 1
30	28	1 1 1 1 0 0 0 1 1 1
30	6	1 1 1 1 1 0 1 0 1 0
30	12	1 1 1 1 1 0 0 0 1 0
30	23	1 1 1 1 1 1 0 0 1 0
30	2	1 0 1 1 1 0 0 0 1 0
30	1	0 0 0 0 1 1 1 0 0 0
30	5	0 0 1 0 1 1 1 0 0 0
30	2	0 1 1 0 1 0 0 0 1 0
30	3	0 1 1 0 1 0 0 0 0 0
40	1	1 1 1 1 0 0 1 1 1 1
40	2	1 1 1 1 1 0 0 0 1 1
40	14	1 1 1 1 0 0 0 0 1 1
40	4	1 1 1 1 0 0 0 1 0 1
40	7	1 1 1 1 0 0 0 1 1 1
40	2	1 1 1 1 1 0 1 0 0 0
40	9	1 1 1 1 1 0 1 0 1 0
40	1	1 1 1 1 0 0 0 0 1 0
40	27	1 1 1 1 1 0 0 0 1 0
40	1	1 1 1 1 1 1 0 0 0 0
40	28	1 1 1 1 1 1 0 0 1 0
40	2	1 0 1 1 1 0 0 0 1 0
40	1	0 1 1 0 1 0 0 0 1 0
40	1	0 1 1 0 1 0 0 0 0 0
50	2	1 1 1 1 1 0 0 0 1 1
50	33	1 1 1 1 1 0 0 0 1 0
50	3	1 1 1 1 0 0 0 0 1 0
50	4	1 1 1 1 0 0 0 0 1 1
50	2	1 1 1 1 1 0 1 0 1 0
50	2	1 1 1 1 1 0 0 1 0 0
50	2	1 1 1 1 0 1 0 0 1 0
50	1	1 1 1 1 1 1 0 1 1 0
50	50	1 1 1 1 1 1 0 0 1 0
50	1	1 1 1 0 1 0 0 0 0 0
60	2	1 1 1 1 1 0 0 0 1 1
60	3	1 1 1 1 0 0 0 0 1 0
60	2	1 1 1 1 1 0 1 0 1 0
60	1	1 1 1 1 1 0 0 1 1 0
60	1	1 1 1 0 1 1 0 0 1 0
60	1	1 1 1 1 1 1 1 0 1 0
60	2	1 1 1 1 1 1 0 0 1 1
60	1	1 1 1 1 0 1 0 0 1 0
60	1	1 0 1 1 1 1 0 0 0 0
60	2	1 1 1 1 1 1 0 0 0 0
60	1	1 1 0 1 1 0 0 0 1 0
60	1	1 0 1 1 1 0 0 0 1 0
60	31	1 1 1 1 1 0 0 0 1 0
60	1	1 1 1 1 1 1 0 1 1 0
60	42	1 1 1 1 1 1 0 0 1 0
60	1	1 1 1 1 0 0 0 1 1 1
60	4	1 1 1 1 1 0 0 1 0 0
60	3	1 1 1 0 1 0 0 0 0 0
70	1	1 1 1 1 1 0 0 0 1 1
70	1	1 1 1 1 1 0 1 0 1 0
70	6	1 1 1 1 0 1 0 0 1 0
70	2	1 1 1 1 1 1 0 0 0 0
70	1	1 1 1 1 1 1 0 1 1 0
70	38	1 1 1 1 1 1 0 0 1 0
70	44	1 1 1 1 1 0 0 0 1 0
70	2	1 1 1 1 1 0 0 0 0 0
70	1	1 1 1 1 0 0 0 0 0 1
70	2	1 1 1 1 0 0 0 0 1 1
70	2	1 1 1 1 1 0 0 1 0 0
