0	100	0 0 0 0 0 0 0 0 0 0
10	1	0 0 0 0 0 0 0 1 0 0
10	1	0 0 0 0 0 0 0 0 0 1
10	98	0 0 0 0 0 0 0 0 0 0
20	1	0 0 0 0 0 1 0 0 0 0
20	3	0 0 0 0 0 0 0 0 1 0
20	1	0 1 0 0 0 0 0 0 0 0
20	4	0 0 1 0 0 0 0 0 0 0
20	2	0 0 0 0 1 0 0 0 0 0
20	1	0 0 0 0 0 0 1 0 0 0
20	2	0 0 0 0 0 0 0 1 0 0
20	1	1 0 0 0 0 0 0 0 0 0
20	85	0 0 0 0 0 0 0 0 0 0
30	2	0 0 0 0 0 1 0 0 0 0
30	1	0 0 0 1 0 0 0 0 1 0
30	5	0 0 0 0 0 0 0 0 1 0
30	5	0 1 0 0 0 0 0 0 0 0
30	4	0 0 1 0 0 0 0 0 0 0
30	1	0 0 0 0 1 0 0 0 0 0
30	2	0 0 0 1 0 0 0 0 0 0
30	7	0 0 0 0 0 0 1 0 0 0
30	67	0 0 0 0 0 0 0 0 0 0
30	1	0 0 0 0 0 0 0 1 0 0
30	5	1 0 0 0 0 0 0 0 0 0
40	3	0 0 0 0 0 1 0 0 0 0
40	4	0 0 0 0 0 0 0 0 1 0
40	13	1 0 0 0 0 0 0 0 0 0
40	2	0 0 0 1 0 0 0 0 0 0
40	5	0 1 0 0 0 0 0 0 0 0
40	2	0 0 1 0 0 0 0 0 0 0
40	3	0 0 0 0 1 0 0 0 0 0
40	64	0 0 0 0 0 0 0 0 0 0
40	1	0 0 0 0 0 0 1 0 1 0
40	3	0 0 0 0 0 0 1 0 0 0
50	1	0 1 0 0 0 1 0 0 0 0
50	5	0 0 0 0 0 0 0 0 1 0
50	3	0 0 0 1 0 0 0 0 0 0
50	6	0 0 0 0 0 0 0 1 0 0
50	1	0 0 0 0 1 0 0 1 0 0
50	1	0 0 0 0 1 0 0 0 0 0
50	1	1 1 0 0 0 0 0 0 0 0
50	11	0 1 0 0 0 0 0 0 0 0
50	2	0 0 1 0 0 0 0 0 0 0
50	23	1 0 0 0 0 0 0 0 0 0
50	45	0 0 0 0 0 0 0 0 0 0
50	1	0 1 0 1 0 0 0 0 0 0
60	3	0 0 0 0 0 0 0 0 1 0
60	2	0 0 0 1 0 0 0 0 0 0
60	1	0 0 0 0 0 0 0 1 0 0
60	2	0 0 0 0 0 0 1 0 0 0
60	2	0 0 0 0 1 0 0 0 0 0
60	2	1 1 0 0 0 0 0 0 0 0
60	1	0 1 0 0 0 0 1 0 0 0
60	13	1 0 0 0 0 0 0 0 0 0
60	49	0 0 0 0 0 0 0 0 0 0
60	5	0 1 0 1 0 0 0 0 0 0
60	17	0 1 0 0 0 0 0 0 0 0
60	1	1 0 1 0 0 0 0 0 0 0
60	2	1 1 0 1 0 0 0 0 0 0
70	2	0 0 0 0 0 0 0 0 1 0
70	7	0 0 0 1 0 0 0 0 0 0
70	1	0 0 0 0 1 1 0 0 0 0
70	4	0 0 0 0 1 0 0 0 0 0
70	2	1 0 0 1 0 0 0 0 0 0
70	21	1 0 0 0 0 0 0 0 0 0
70	10	0 1 0 0 0 0 0 0 0 0
70	42	0 0 0 0 0 0 0 0 0 0
70	8	0 1 0 1 0 0 0 0 0 0
70	2	0 1 0 0 0 1 0 0 0 0
70	1	1 0 1 0 0 0 0 0 0 0
80	1	0 0 0 0 0 0 0 0 1 0
80	1	1 0 0 1 0 0 0 0 0 0
80	7	0 0 0 1 0 0 0 0 0 0
80	3	0 0 0 0 0 0 0 1 0 0
80	2	0 0 0 0 0 0 1 0 0 0
80	1	0 0 0 0 1 0 0 0 0 0
80	1	1 0 1 0 0 0 0 0 0 0
80	2	1 0 0 0 0 0 1 0 0 0
80	27	1 0 0 0 0 0 0 0 0 0
80	1	0 1 0 0 0 0 0 1 0 0
80	18	0 1 0 0 0 0 0 0 0 0
80	31	0 0 0 0 0 0 0 0 0 0
80	5	0 1 0 1 0 0 0 0 0 0
90	3	0 0 0 0 0 0 0 0 1 0
90	2	1 0 0 1 0 0 0 0 0 0
90	2	0 0 0 0 0 0 0 1 0 0
90	12	0 0 0 1 0 0 0 0 0 0
90	26	1 0 0 0 0 0 0 0 0 0
90	5	0 0 0 0 1 0 0 0 0 0
90	28	0 0 0 0 0 0 0 0 0 0
90	1	1 1 1 0 0 0 0 0 0 0
90	3	1 1 0 0 0 0 0 0 0 0
90	5	1 0 0 0 1 0 0 0 0 0
90	1	0 1 0 0 0 1 0 0 0 0
90	6	0 1 0 0 0 0 0 0 0 0
90	1	0 1 1 0 0 0 0 0 0 0
90	5	0 1 0 1 0 0 0 0 0 0
100	2	0 0 0 0 0 0 0 0 0 1
100	24	0 0 0 0 0 0 0 0 0 0
100	32	1 0 0 0 0 0 0 0 0 0
100	3	0 0 0 0 0 0 0 0 1 0
100	2	1 0 0 1 0 0 0 0 0 0
100	1	0 0 0 0 1 0 0 1 0 0
100	3	0 0 0 0 0 0 0 1 0 0
100	3	0 1 0 1 0 0 0 0 0 0
100	6	0 0 0 1 0 0 0 0 0 0
100	1	1 0 0 0 0 1 0 0 0 0
100	8	1 0 0 0 1 0 0 0 0 0
100	2	0 0 0 0 1 0 0 0 0 0
100	1	0 1 0 0 0 1 0 0 0 0
100	11	0 1 0 0 0 0 0 0 0 0
100	1	0 1 1 0 0 0 0 0 0 0
110	1	0 0 0 0 0 0 0 0 0 1
110	1	0 1 0 0 0 0 0 0 0 1
110	9	0 1 0 0 0 0 0 0 0 0
110	7	0 1 0 1 0 0 0 0 0 0
110	9	1 0 0 1 0 0 0 0 0 0
110	23	1 0 0 0 0 0 0 0 0 0
110	4	0 0 0 0 0 0 0 1 0 0
110	13	0 0 0 0 0 0 0 0 0 0
110	15	0 0 0 1 0 0 0 0 0 0
110	2	0 0 0 0 0 0 0 0 1 0
110	4	1 0 0 0 1 0 0 0 0 0
110	3	1 0 0 0 0 1 0 0 0 0
110	2	0 1 1 1 0 0 0 0 0 0
110	2	0 0 0 0 1 0 0 0 0 0
110	2	0 1 0 0 0 1 0 0 0 0
110	3	0 1 1 0 0 0 0 0 0 0
120	1	0 0 0 0 1 0 0 0 0 1
120	5	0 0 0 0 0 0 0 0 0 0
120	7	0 1 0 0 0 0 0 0 0 0
120	11	0 0 0 1 0 0 0 0 0 0
120	13	0 1 0 1 0 0 0 0 0 0
120	15	1 0 0 1 0 0 0 0 0 0
120	1	1 0 0 0 1 0 1 0 0 0
120	2	1 0 0 0 1 0 0 0 0 0
120	1	1 0 0 0 0 0 0 0 1 0
120	32	1 0 0 0 0 0 0 0 0 0
120	2	0 0 0 0 0 0 0 1 0 0
120	1	0 0 0 1 0 0 0 1 0 0
120	1	1 0 0 0 1 0 0 0 1 0
120	3	1 0 0 0 0 1 0 0 0 0
120	2	1 0 0 0 1 0 0 1 0 0
120	2	0 0 0 0 1 0 0 0 0 0
120	1	0 1 1 0 0 0 0 0 0 0
130	8	0 0 0 0 0 0 0 0 0 0
130	1	0 1 0 0 0 0 0 0 0 1
130	4	0 1 0 0 0 0 0 0 0 0
130	2	0 1 0 1 1 0 0 0 0 0
130	1	0 0 0 1 1 0 0 0 0 0
130	1	0 1 1 1 0 0 0 0 0 0
130	1	0 1 0 1 0 0 0 0 0 1
130	14	0 1 0 1 0 0 0 0 0 0
130	12	0 0 0 1 0 0 0 0 0 0
130	22	1 0 0 1 0 0 0 0 0 0
130	3	1 0 0 0 0 0 0 0 1 0
130	26	1 0 0 0 0 0 0 0 0 0
130	2	0 0 0 0 0 0 0 1 0 1
130	3	1 0 0 0 1 0 0 1 0 0
140	5	0 0 0 0 0 0 0 0 0 0
140	4	0 1 0 0 1 0 0 0 0 0
140	3	0 1 1 1 0 0 0 0 0 0
140	19	1 0 0 1 0 0 0 0 0 0
140	5	0 0 0 1 0 0 0 0 0 0
140	22	0 1 0 1 0 0 0 0 0 0
140	1	1 1 0 1 0 0 0 0 0 0
140	2	1 0 0 1 0 0 0 0 0 1
140	4	1 0 0 0 0 0 1 0 0 0
140	2	1 0 0 0 0 0 0 0 1 0
140	20	1 0 0 0 0 0 0 0 0 0
140	2	1 0 0 0 0 0 0 0 0 1
140	2	0 0 0 0 0 0 0 1 0 1
140	4	1 0 0 0 1 0 0 1 0 0
140	1	0 0 0 0 1 0 0 0 0 0
140	4	0 1 1 0 0 0 0 0 0 0
150	4	0 0 0 0 0 0 0 0 0 0
150	1	0 1 0 0 1 0 0 0 0 0
150	1	0 0 0 1 1 0 0 0 0 0
150	3	0 1 1 1 0 0 0 0 0 0
150	4	1 1 0 1 0 0 0 0 0 0
150	19	1 0 0 0 0 0 0 0 0 0
150	3	0 0 0 1 0 0 0 0 0 0
150	23	1 0 0 1 0 0 0 0 0 0
150	27	0 1 0 1 0 0 0 0 0 0
150	6	1 0 0 0 0 0 1 0 0 0
150	1	1 0 0 0 0 0 0 0 1 0
150	3	1 0 0 0 0 1 0 0 0 0
150	2	1 0 1 0 0 0 0 0 0 0
150	1	1 0 0 0 1 0 0 1 0 0
150	2	0 1 1 0 0 0 0 0 0 0
