10	1	0 0 0 0 1 1 0 1 1 1 1 0 1 1 1 1 1 1 0 1 1 1 1 0 0 1 0 0 0 1 0 0 1 1 1 0 1 0 1 0 1 1 0 0 1 1 0 0 1 1
10	19	0 0 0 0 1 1 0 1 1 1 0 0 1 1 1 1 1 1 0 1 1 1 1 0 0 1 0 0 0 1 0 0 1 1 1 0 1 0 1 0 1 1 0 0 1 1 0 0 1 1
10	1	0 0 1 0 0 1 1 0 0 1 1 0 1 0 0 0 1 0 0 1 1 0 1 0 1 1 1 1 1 1 0 0 1 1 0 1 0 0 0 0 1 0 1 0 0 0 0 1 0 1
10	1	0 0 1 0 0 1 1 0 0 1 1 0 1 0 1 0 1 0 0 1 1 0 0 0 1 1 1 1 1 1 0 0 1 1 0 1 0 0 0 0 1 0 1 0 0 0 0 1 0 1
10	11	0 0 1 0 0 1 1 0 0 1 1 0 1 0 0 0 1 0 0 1 1 0 0 0 1 1 1 1 1 1 0 0 1 1 0 1 0 0 0 0 1 0 1 0 0 0 0 1 0 1
10	3	1 1 0 1 1 1 1 1 1 1 1 0 1 0 0 1 1 1 1 1 0 1 1 0 1 0 0 0 1 0 0 1 0 1 0 0 0 1 1 1 0 0 1 1 0 1 0 1 1 0
10	1	1 1 0 1 1 1 1 1 1 1 1 0 1 0 0 1 1 1 1 1 0 1 1 0 1 0 0 0 1 0 0 1 0 1 0 0 1 1 1 0 0 0 1 1 0 1 0 1 1 0
10	30	1 1 0 1 1 1 1 1 1 1 1 0 1 0 0 1 1 1 1 1 0 1 1 0 1 0 0 0 1 0 0 1 0 1 0 0 1 1 1 1 0 0 1 1 0 1 0 1 1 0
10	1	1 1 0 1 1 0 0 1 1 1 1 1 1 1 0 0 1 1 1 1 1 0 0 1 1 1 1 1 0 0 1 1 1 1 0 0 1 1 1 1 1 0 1 1 1 1 0 0 1 1
10	23	1 1 0 1 1 0 0 1 1 1 1 1 1 1 1 0 1 1 1 1 1 0 0 1 1 1 1 1 0 0 1 1 1 1 0 0 1 1 1 1 1 0 1 1 1 1 0 0 1 1
10	9	0 0 1 1 0 1 0 0 0 1 0 1 0 1 1 1 1 0 0 0 1 1 0 1 1 1 1 1 0 0 1 0 1 1 0 0 0 0 1 1 0 0 1 1 1 1 1 1 1 0
20	1	0 0 0 1 1 1 0 1 1 1 0 0 1 1 1 1 1 1 0 1 1 1 1 0 0 1 0 0 0 1 0 0 1 1 1 0 1 0 1 0 1 1 0 0 1 1 0 0 1 1
20	2	0 0 0 0 1 1 0 1 1 1 0 0 1 1 1 1 1 1 0 1 1 1 1 0 0 1 0 0 0 1 0 0 1 1 1 0 1 0 1 0 1 1 0 0 1 1 0 0 1 1
20	1	0 0 1 0 0 1 1 0 0 1 1 0 1 0 1 0 1 0 0 1 1 0 0 0 1 1 1 1 1 1 0 0 1 1 0 1 0 0 0 0 1 0 1 0 0 0 0 1 0 1
20	1	0 0 1 0 0 1 1 0 0 1 1 0 1 0 0 0 1 0 0 1 1 0 0 0 1 1 1 1 1 1 0 0 1 1 0 1 0 0 0 0 1 0 1 0 0 0 0 1 0 1
20	1	1 1 0 1 1 1 1 1 1 1 1 0 1 0 0 1 1 1 1 1 0 1 1 0 0 0 0 0 1 0 0 1 0 1 0 0 1 1 1 1 0 0 1 1 0 1 0 1 1 0
20	2	1 1 0 1 0 1 1 1 1 1 1 0 1 0 0 1 1 1 1 1 0 1 1 0 1 0 0 0 1 0 0 1 0 1 0 0 1 1 1 1 0 0 1 1 0 1 0 1 1 0
20	1	1 1 0 1 1 1 1 1 1 1 1 0 1 0 0 1 1 1 1 1 0 1 1 0 1 0 0 0 1 0 0 1 0 1 1 0 1 1 1 1 0 0 1 1 0 1 0 1 1 0
20	6	1 1 1 1 1 1 1 1 1 1 1 0 1 0 0 1 1 1 1 1 0 1 1 0 1 0 0 0 1 0 0 1 0 1 0 0 1 1 1 1 0 0 1 1 0 1 0 1 1 0
20	37	1 1 0 1 1 1 1 1 1 1 1 0 1 0 0 1 1 1 1 1 0 1 1 0 1 0 0 0 1 0 0 1 0 1 0 0 1 1 1 1 0 0 1 1 0 1 0 1 1 0
20	1	1 1 0 1 1 1 1 1 1 1 1 0 1 0 0 1 1 1 1 1 0 1 1 0 1 1 0 0 1 0 0 1 0 1 0 0 0 1 1 1 0 0 1 1 0 1 0 1 1 0
20	31	1 1 0 1 1 1 1 1 1 1 1 0 1 0 0 1 1 1 1 1 0 1 1 0 1 0 0 0 1 0 0 1 0 1 0 0 0 1 1 1 0 0 1 1 0 1 0 1 1 0
20	6	1 1 0 1 1 1 1 1 1 1 1 0 1 0 0 1 1 1 1 1 0 1 1 0 1 0 0 0 1 0 0 1 0 1 0 0 1 1 1 0 0 0 1 1 0 1 0 1 1 0
20	1	1 1 0 1 1 1 1 1 1 1 1 0 1 0 0 1 1 1 1 1 0 1 0 0 1 0 0 0 1 0 0 1 0 1 0 0 1 1 1 1 0 0 1 1 0 1 0 1 1 0
20	1	1 1 0 1 1 1 1 1 1 1 1 0 1 0 0 1 1 1 1 1 1 1 1 0 1 0 0 0 1 0 0 1 0 1 0 0 1 1 1 1 0 0 1 1 0 1 0 1 1 0
20	1	1 1 0 1 1 1 1 1 1 1 1 0 1 0 0 1 1 1 1 1 0 1 1 0 1 0 0 0 1 0 0 1 0 1 0 0 1 1 1 1 0 0 1 1 0 1 0 0 1 0
20	1	1 1 0 1 1 0 0 1 1 1 1 1 1 1 1 0 1 1 1 1 1 0 0 1 1 0 1 1 0 0 1 1 1 1 0 0 1 1 1 1 1 0 1 1 1 1 0 0 1 1
20	5	1 1 0 1 1 0 0 1 1 1 1 1 1 1 1 0 1 1 1 1 1 0 0 1 1 1 1 1 0 0 1 1 1 1 0 0 1 1 1 1 1 0 1 1 1 1 0 0 1 1
20	1	0 0 1 1 0 1 0 0 0 1 0 1 0 1 1 1 1 0 0 0 1 1 0 1 1 1 1 1 0 0 1 0 1 1 0 0 0 0 1 1 0 0 1 1 1 1 1 1 1 0
30	1	0 0 1 0 0 1 1 0 0 1 1 0 1 0 0 0 1 0 0 1 1 0 0 0 1 1 1 1 1 1 0 0 1 1 0 1 0 0 0 0 1 0 1 0 0 0 0 1 0 1
30	14	1 1 1 1 1 1 1 1 1 1 1 0 1 0 0 1 1 1 1 1 0 1 1 0 1 0 0 0 1 0 0 1 0 1 0 0 1 1 1 1 0 0 1 1 0 1 0 1 1 0
30	1	1 1 0 1 1 1 1 1 1 1 1 0 1 0 0 1 1 1 1 0 0 1 1 0 1 0 0 0 1 0 0 1 0 1 0 0 1 1 1 1 0 0 1 1 0 1 0 1 1 0
30	2	1 1 0 1 1 1 1 1 1 1 1 0 1 0 0 1 1 1 1 1 0 1 1 0 1 0 0 0 0 0 0 1 0 1 0 0 1 1 1 1 0 0 1 1 0 1 0 1 1 0
30	37	1 1 0 1 1 1 1 1 1 1 1 0 1 0 0 1 1 1 1 1 0 1 1 0 1 0 0 0 1 0 0 1 0 1 0 0 1 1 1 1 0 0 1 1 0 1 0 1 1 0
30	1	1 1 0 1 1 1 1 1 1 1 1 0 1 0 1 1 1 1 1 1 0 1 1 0 1 0 0 0 1 0 0 1 0 1 0 0 0 1 1 1 0 0 1 1 0 1 0 1 1 0
30	35	1 1 0 1 1 1 1 1 1 1 1 0 1 0 0 1 1 1 1 1 0 1 1 0 1 0 0 0 1 0 0 1 0 1 0 0 0 1 1 1 0 0 1 1 0 1 0 1 1 0
30	5	1 1 0 1 1 1 1 1 1 1 1 0 1 0 0 1 1 1 1 1 0 1 1 0 1 0 0 0 1 0 0 1 0 1 0 0 1 1 1 0 0 0 1 1 0 1 0 1 1 0
30	1	1 1 0 1 1 1 1 1 1 1 1 0 1 0 0 1 1 1 1 1 0 1 0 0 1 0 0 0 1 0 0 1 0 1 0 0 1 1 1 1 0 0 1 1 0 1 0 1 1 0
30	1	1 1 0 1 1 1 1 1 1 1 1 0 1 0 0 1 1 1 1 1 1 1 1 0 1 0 0 0 1 0 0 1 0 1 0 0 1 1 1 1 0 0 1 1 0 1 0 1 1 0
30	2	1 1 0 1 1 1 1 1 1 1 1 0 1 0 0 1 1 1 1 1 0 1 1 0 1 0 0 0 1 0 0 1 0 1 0 0 1 1 1 1 0 0 1 1 0 1 0 0 1 0
40	1	1 1 1 1 1 1 1 1 1 1 1 0 1 0 0 1 1 0 1 1 0 1 1 0 1 0 0 0 1 0 0 1 0 1 0 0 1 1 1 1 0 0 1 1 0 1 0 1 1 0
40	20	1 1 1 1 1 1 1 1 1 1 1 0 1 0 0 1 1 1 1 1 0 1 1 0 1 0 0 0 1 0 0 1 0 1 0 0 1 1 1 1 0 0 1 1 0 1 0 1 1 0
40	1	1 1 0 1 1 1 1 1 1 1 1 0 1 0 0 1 1 0 1 1 0 1 1 0 1 0 0 0 1 0 0 1 0 1 0 0 0 1 1 1 0 0 1 1 0 1 0 1 1 0
40	1	1 1 0 1 1 1 1 1 1 1 1 0 1 0 0 1 1 1 1 1 0 1 1 0 1 0 0 0 1 0 0 0 0 1 0 0 0 1 1 1 0 0 1 1 0 1 0 1 1 0
40	1	1 1 0 1 1 1 1 1 1 1 1 0 1 0 0 1 1 1 1 1 0 1 0 0 1 0 0 0 1 0 0 1 0 1 0 0 0 1 1 1 0 0 1 1 0 1 0 1 1 0
40	30	1 1 0 1 1 1 1 1 1 1 1 0 1 0 0 1 1 1 1 1 0 1 1 0 1 0 0 0 1 0 0 1 0 1 0 0 0 1 1 1 0 0 1 1 0 1 0 1 1 0
40	2	1 1 0 1 1 1 1 1 1 1 1 0 1 0 0 1 1 1 1 1 0 1 1 0 1 0 0 0 1 0 0 1 0 1 0 1 1 1 1 1 0 0 1 1 0 1 0 1 1 0
40	5	1 1 0 1 1 1 1 1 1 1 1 0 1 0 0 1 1 1 1 1 0 1 0 0 1 0 0 0 1 0 0 1 0 1 0 0 1 1 1 1 0 0 1 1 0 1 0 1 1 0
40	1	1 1 0 1 1 1 1 1 1 1 1 0 1 0 0 1 1 1 1 1 0 1 1 0 1 0 0 1 1 0 0 1 0 1 0 0 1 1 1 1 0 0 1 1 0 1 0 1 1 0
40	33	1 1 0 1 1 1 1 1 1 1 1 0 1 0 0 1 1 1 1 1 0 1 1 0 1 0 0 0 1 0 0 1 0 1 0 0 1 1 1 1 0 0 1 1 0 1 0 1 1 0
40	5	1 1 0 1 1 1 1 1 1 1 1 0 1 0 0 1 1 1 1 1 0 1 1 0 1 0 0 0 1 0 0 1 0 1 0 0 1 1 1 0 0 0 1 1 0 1 0 1 1 0
50	50	1 1 1 1 1 1 1 1 1 1 1 0 1 0 0 1 1 1 1 1 0 1 1 0 1 0 0 0 1 0 0 1 0 1 0 0 1 1 1 1 0 0 1 1 0 1 0 1 1 0
50	1	1 1 0 1 1 1 1 1 1 1 1 0 1 0 0 1 1 1 1 1 0 1 1 0 1 0 0 0 1 0 0 1 0 1 0 0 1 1 0 1 0 0 1 1 0 1 0 1 1 0
50	28	1 1 0 1 1 1 1 1 1 1 1 0 1 0 0 1 1 1 1 1 0 1 1 0 1 0 0 0 1 0 0 1 0 1 0 0 1 1 1 1 0 0 1 1 0 1 0 1 1 0
50	1	1 1 0 1 1 1 1 1 1 1 1 0 1 0 0 1 1 1 1 1 0 1 0 0 1 0 0 0 1 0 0 1 0 1 0 0 0 1 1 1 0 0 1 1 0 1 0 1 1 0
50	9	1 1 0 1 1 1 1 1 1 1 1 0 1 0 0 1 1 1 1 1 0 1 1 0 1 0 0 0 1 0 0 1 0 1 0 0 0 1 1 1 0 0 1 1 0 1 0 1 1 0
50	1	1 1 0 1 1 1 1 1 1 1 1 0 1 0 0 1 1 1 1 1 0 1 1 0 1 0 0 0 1 0 0 1 0 1 0 1 1 1 1 1 0 0 1 1 0 1 0 1 1 0
50	1	1 1 0 1 1 1 1 1 1 1 1 0 1 0 0 1 1 1 1 1 0 1 0 0 1 0 0 0 1 0 0 1 0 1 0 0 1 1 1 1 0 0 1 1 0 1 0 1 1 0
50	1	1 1 0 1 1 1 1 1 1 1 1 0 1 0 0 1 1 1 1 1 0 1 1 0 1 0 0 0 1 0 0 1 0 1 0 0 1 1 1 1 0 0 1 1 0 0 0 1 1 0
50	1	1 1 0 1 1 1 1 1 1 1 1 0 1 0 0 1 1 1 1 1 0 1 1 0 1 0 0 1 1 0 0 1 0 1 0 0 1 1 1 1 0 0 1 1 0 1 0 1 1 0
50	1	1 1 0 1 1 1 1 1 1 1 1 0 1 0 0 0 1 1 1 1 0 1 1 0 1 0 0 0 1 0 0 1 0 1 0 0 1 1 1 1 0 0 1 1 0 1 0 1 1 0
50	1	1 1 0 1 1 1 1 1 1 1 1 0 1 0 0 1 1 1 1 1 0 1 1 0 0 0 0 0 1 0 0 1 0 1 0 0 1 1 1 1 0 0 1 1 0 1 0 1 1 0
50	1	1 1 0 1 1 1 1 1 1 1 1 0 1 0 0 1 1 1 1 1 0 1 1 0 1 0 0 0 1 0 0 1 0 1 1 0 1 1 1 0 0 0 1 1 0 1 0 1 1 0
50	4	1 1 0 1 1 1 1 1 1 1 1 0 1 0 0 1 1 1 1 1 0 1 1 0 1 0 0 0 1 0 0 1 0 1 0 0 1 1 1 0 0 0 1 1 0 1 0 1 1 0
60	1	1 1 1 1 1 1 1 1 1 1 1 1 1 0 0 1 1 1 1 1 0 1 1 0 1 0 0 0 1 1 0 1 0 1 0 0 1 1 1 1 0 0 1 1 0 1 0 1 1 0
60	1	1 1 1 1 1 1 1 1 1 1 1 0 1 0 0 1 1 1 1 1 0 0 1 0 1 0 0 0 1 0 0 1 0 1 0 0 1 1 1 1 0 0 1 1 0 1 0 1 1 0
60	4	1 1 1 1 1 1 1 1 1 1 1 0 1 0 0 1 1 1 1 0 0 1 1 0 1 0 0 0 1 0 0 1 0 1 0 0 1 1 1 1 0 0 1 1 0 1 0 1 1 0
60	20	1 1 0 1 1 1 1 1 1 1 1 0 1 0 0 1 1 1 1 1 0 1 1 0 1 0 0 0 1 0 0 1 0 1 0 0 1 1 1 1 0 0 1 1 0 1 0 1 1 0
60	47	1 1 1 1 1 1 1 1 1 1 1 0 1 0 0 1 1 1 1 1 0 1 1 0 1 0 0 0 1 0 0 1 0 1 0 0 1 1 1 1 0 0 1 1 0 1 0 1 1 0
60	4	1 1 0 1 1 1 1 1 1 1 1 0 1 0 0 1 1 1 1 1 0 1 1 0 1 0 0 0 1 0 0 1 0 0 0 0 1 1 1 1 0 0 1 1 0 1 0 1 1 0
60	1	1 1 0 1 1 1 1 1 1 1 1 0 1 0 0 1 1 1 1 1 0 1 1 0 1 0 0 0 1 0 0 1 0 1 0 0 1 1 1 1 0 0 1 0 0 1 0 1 1 0
60	4	1 1 0 1 1 1 1 1 1 1 1 0 1 0 0 1 1 1 1 1 0 1 1 0 1 0 0 0 1 0 0 1 0 1 0 0 1 1 1 0 0 0 1 1 0 1 0 1 1 0
60	9	1 1 0 1 1 1 1 1 1 1 1 0 1 0 0 1 1 1 1 1 0 1 1 0 1 0 0 0 1 0 0 1 0 1 0 0 0 1 1 1 0 0 1 1 0 1 0 1 1 0
60	1	1 1 0 1 1 1 1 1 1 1 1 0 1 0 0 1 1 1 1 1 0 1 0 0 1 0 0 0 1 0 0 1 0 1 0 0 1 1 1 1 0 1 1 1 0 1 0 1 1 0
60	3	1 1 0 1 1 1 1 1 1 1 1 0 1 0 0 1 1 1 1 1 0 1 0 0 1 0 0 0 1 0 0 1 0 1 0 0 1 1 1 1 0 0 1 1 0 1 0 1 1 0
60	1	1 1 0 1 1 1 1 1 1 1 1 0 1 0 0 1 1 1 1 1 0 1 1 0 1 0 0 0 1 0 0 1 0 1 0 0 1 1 1 1 0 0 1 1 0 0 0 1 1 0
60	4	1 1 0 1 1 1 1 1 1 1 1 0 1 0 1 1 1 1 1 1 0 1 1 0 1 0 0 0 1 0 0 1 0 1 0 0 0 1 1 1 0 0 1 1 0 1 0 1 0 0
70	1	1 1 0 0 1 1 1 1 1 1 1 0 1 0 0 1 1 1 1 1 0 1 1 0 1 0 0 0 1 0 0 1 0 1 0 0 1 1 1 1 0 0 1 1 0 1 0 1 1 0
70	1	1 1 0 1 1 1 1 1 1 1 1 0 1 0 0 1 1 1 1 1 0 1 1 0 1 0 0 0 1 0 0 1 0 1 0 0 1 1 0 0 0 0 1 1 0 1 0 1 1 0
70	13	1 1 0 1 1 1 1 1 1 1 1 0 1 0 0 1 1 1 1 1 0 1 1 0 1 0 0 0 1 0 0 1 0 1 0 0 1 1 1 0 0 0 1 1 0 1 0 1 1 0
70	1	1 1 0 1 1 1 1 1 1 1 1 0 1 0 0 1 1 1 1 1 0 1 1 0 1 0 0 1 1 0 0 1 0 1 0 0 1 1 1 1 0 0 1 1 0 1 0 1 1 0
70	11	1 1 0 1 1 1 1 1 1 1 1 0 1 0 0 1 1 1 1 1 0 1 1 0 1 0 0 0 1 0 0 1 0 1 0 0 1 1 1 1 0 0 1 1 0 1 0 1 1 0
70	2	1 0 1 1 1 1 1 1 1 1 1 0 1 0 0 1 1 1 1 1 0 1 1 0 1 0 0 0 1 0 0 1 0 1 0 0 1 1 1 1 0 0 1 1 0 1 0 1 1 0
70	1	1 1 1 1 1 1 1 1 1 1 1 0 1 0 0 1 1 1 1 1 0 1 1 0 0 0 0 0 1 0 0 1 0 1 0 0 1 1 1 1 0 0 1 1 0 1 0 1 1 0
70	1	1 1 1 1 1 1 1 1 0 1 1 0 1 0 0 1 1 1 1 1 0 1 1 0 1 0 0 0 1 0 0 1 0 1 0 0 1 1 1 1 0 0 1 1 0 1 0 1 1 0
70	1	1 1 1 1 1 1 1 1 1 1 1 0 1 0 0 1 1 1 1 1 0 1 1 0 1 0 0 0 1 0 0 1 0 1 0 0 1 1 1 1 0 0 1 1 0 1 0 1 0 0
70	52	1 1 1 1 1 1 1 1 1 1 1 0 1 0 0 1 1 1 1 1 0 1 1 0 1 0 0 0 1 0 0 1 0 1 0 0 1 1 1 1 0 0 1 1 0 1 0 1 1 0
70	9	1 1 0 1 1 1 1 1 1 1 1 0 1 0 0 1 1 1 1 1 0 1 1 0 1 0 0 0 1 0 0 1 0 1 0 0 0 1 1 1 0 0 1 1 0 1 0 1 1 0
70	3	1 1 0 1 1 1 1 1 1 1 1 0 1 0 0 1 1 1 1 1 0 1 1 0 1 0 0 0 1 0 0 1 0 1 0 0 1 1 1 1 0 0 1 1 0 0 0 1 1 0
70	4	1 1 0 1 1 1 1 1 1 1 1 0 1 0 1 1 1 1 1 1 0 1 1 0 1 0 0 0 1 0 0 1 0 1 0 0 0 1 1 1 0 0 1 1 0 1 0 1 0 0
80	3	1 1 0 1 1 1 1 1 1 1 1 0 1 0 0 1 1 1 1 1 0 0 1 0 1 0 0 0 1 0 0 1 0 1 0 0 1 1 1 1 0 0 1 1 0 1 0 1 1 0
80	3	1 1 1 1 1 1 1 1 1 1 1 0 1 0 0 1 1 1 1 0 0 1 1 0 1 0 0 0 1 0 0 1 0 1 0 0 1 1 1 1 0 0 1 1 0 1 0 1 1 0
80	1	1 1 0 1 1 1 1 1 1 1 1 0 1 0 0 1 1 1 1 1 0 1 1 0 1 0 0 0 1 0 0 1 0 1 0 0 1 1 1 1 0 0 0 1 0 1 0 1 1 0
80	8	1 1 0 1 1 1 1 1 1 1 1 0 1 0 0 1 1 1 1 1 0 1 1 0 1 0 0 0 1 0 0 1 0 1 0 0 1 1 1 1 0 0 1 1 0 1 0 1 1 0
80	3	1 1 0 1 1 1 1 1 1 1 1 0 1 0 0 1 1 1 1 1 0 1 1 0 1 0 0 0 1 0 0 1 0 1 0 0 1 1 1 0 0 0 1 1 0 1 0 1 1 0
80	3	1 1 0 1 1 1 1 1 1 1 1 0 1 0 0 1 1 1 1 1 0 1 1 0 1 0 0 0 1 0 0 1 0 1 0 0 1 1 1 1 0 0 1 0 0 1 0 1 1 0
80	1	1 1 0 1 1 1 0 1 1 1 1 0 1 0 0 1 1 1 1 1 0 1 1 0 1 0 0 0 1 0 0 1 0 1 0 0 1 1 1 1 0 0 1 1 0 1 0 1 1 0
80	1	1 1 1 1 1 1 1 1 1 1 1 0 1 0 0 1 1 1 1 1 0 1 1 0 0 0 0 0 1 0 0 1 0 1 0 0 1 1 1 1 0 0 1 1 0 1 0 1 1 0
80	2	1 1 1 0 1 1 1 1 1 1 1 0 1 0 0 1 1 1 1 1 0 1 1 0 1 0 0 0 1 0 0 1 0 1 0 0 1 1 1 1 0 0 1 1 0 1 0 1 1 0
80	1	1 1 1 1 1 1 1 1 1 1 1 0 1 0 0 1 1 1 1 1 0 1 1 0 1 0 0 0 1 0 0 1 0 1 0 0 1 1 1 1 1 0 1 1 0 1 0 1 1 0
80	1	1 1 1 1 1 1 1 1 1 1 1 0 1 0 0 1 1 1 1 1 0 1 1 0 1 0 1 0 1 0 0 1 0 1 0 0 1 1 1 1 0 0 1 1 0 1 0 1 1 0
80	1	1 1 1 1 1 1 1 1 0 1 1 0 1 0 0 1 1 1 1 1 0 1 1 0 1 0 0 0 1 0 0 1 0 1 0 0 1 1 1 0 0 0 1 1 0 1 0 1 1 0
80	1	1 1 1 1 1 1 1 1 1 1 1 0 1 0 0 1 1 1 1 1 0 0 1 0 1 0 0 0 1 0 0 1 0 1 0 0 1 1 1 1 0 0 1 1 0 1 0 1 1 0
80	66	1 1 1 1 1 1 1 1 1 1 1 0 1 0 0 1 1 1 1 1 0 1 1 0 1 0 0 0 1 0 0 1 0 1 0 0 1 1 1 1 0 0 1 1 0 1 0 1 1 0
80	1	1 1 0 1 1 1 1 1 1 1 1 0 1 0 1 1 1 1 1 1 0 0 1 0 1 0 0 0 1 0 0 1 0 1 0 0 0 1 1 1 0 0 1 1 0 1 0 1 0 0
80	4	1 1 0 1 1 1 1 1 1 1 1 0 1 0 1 1 1 1 1 1 0 1 1 0 1 0 0 0 1 0 0 1 0 1 0 0 0 1 1 1 0 0 1 1 0 1 0 1 0 0
90	3	1 1 0 1 1 1 1 1 1 1 1 0 1 0 0 1 1 1 1 1 0 0 1 0 1 0 0 0 1 0 0 1 0 1 0 0 1 1 1 1 0 0 1 1 0 1 0 1 1 0
90	2	1 1 1 1 1 1 1 1 1 1 1 0 1 0 0 1 1 1 1 0 0 1 1 0 1 0 0 0 1 0 0 1 0 1 0 0 1 1 1 1 0 0 1 1 0 1 0 1 1 0
90	4	1 1 0 1 1 1 1 1 1 1 1 0 1 0 0 1 1 1 1 1 0 1 1 0 1 0 0 0 1 0 0 1 0 1 0 0 1 1 1 1 0 0 1 1 0 1 0 1 1 0
90	1	1 1 0 1 1 1 1 1 1 1 1 0 1 0 0 1 1 1 1 1 0 1 1 0 1 0 0 0 1 0 0 1 0 1 0 0 1 1 1 1 0 0 1 0 0 1 0 1 1 0
90	1	1 0 1 1 1 1 1 1 1 1 1 0 1 0 0 1 1 1 1 1 0 1 1 0 1 0 0 0 1 0 0 1 0 1 0 0 1 1 1 1 0 0 1 1 0 1 0 1 1 0
90	3	1 1 1 1 1 1 1 1 1 1 1 0 1 0 0 1 1 1 1 1 0 1 1 0 0 0 0 0 1 0 0 1 0 1 0 0 1 1 1 1 0 0 1 1 0 1 0 1 1 0
90	1	1 1 1 1 1 1 0 1 1 1 1 0 1 0 0 1 1 1 1 1 0 1 1 0 1 0 1 0 1 0 0 1 0 1 0 0 1 1 1 1 0 0 1 1 0 1 0 1 1 0
90	2	1 1 1 1 1 1 1 1 1 1 1 0 1 0 0 1 1 1 1 1 0 1 1 0 1 0 0 0 1 0 0 1 0 1 0 0 1 1 1 0 0 0 1 1 0 1 0 1 1 0
90	1	1 1 1 1 0 1 1 1 1 1 1 0 1 0 0 1 1 1 1 1 0 1 1 0 1 0 0 0 1 0 0 1 0 1 0 0 1 1 1 1 0 0 1 1 0 1 0 1 1 0
90	2	1 1 1 1 1 1 1 1 1 1 1 0 1 0 0 1 1 0 1 1 0 1 1 0 1 0 0 0 1 0 0 1 0 1 0 0 1 1 1 1 0 0 1 1 0 1 0 1 1 0
90	1	1 1 1 1 1 1 1 1 1 1 1 0 1 0 0 1 1 1 1 1 0 1 1 0 1 0 0 0 1 0 0 1 0 1 0 0 1 0 1 1 0 0 1 1 0 1 0 1 1 0
90	75	1 1 1 1 1 1 1 1 1 1 1 0 1 0 0 1 1 1 1 1 0 1 1 0 1 0 0 0 1 0 0 1 0 1 0 0 1 1 1 1 0 0 1 1 0 1 0 1 1 0
90	4	1 1 0 1 1 1 1 1 1 1 1 0 1 0 1 1 1 1 1 1 0 1 1 0 1 0 0 0 1 0 0 1 0 1 0 0 0 1 1 1 0 0 1 1 0 1 0 1 0 0
100	3	1 1 0 1 1 1 1 1 1 1 1 0 1 0 0 1 1 1 1 1 0 0 1 0 1 0 0 0 1 0 0 1 0 1 0 0 1 1 1 1 0 0 1 1 0 1 0 1 1 0
100	2	1 1 1 1 1 1 1 1 1 1 1 0 1 0 0 1 1 1 1 0 0 1 1 0 1 0 0 0 1 0 0 1 0 1 0 0 1 1 1 1 0 0 1 1 0 1 0 1 1 0
100	5	1 1 0 1 1 1 1 1 1 1 1 0 1 0 0 1 1 1 1 1 0 1 1 0 1 0 0 0 1 0 0 1 0 1 0 0 1 1 1 1 0 0 1 1 0 1 0 1 1 0
100	1	1 1 0 1 1 1 1 1 1 1 1 0 1 0 0 1 1 1 1 1 0 1 1 0 1 0 0 0 1 0 0 1 0 1 0 0 1 1 1 0 0 0 1 1 0 1 0 1 1 0
100	1	1 1 0 1 1 1 1 1 1 1 1 0 1 0 0 1 1 1 1 1 0 1 1 0 1 0 0 0 1 0 0 1 0 1 0 0 1 1 1 1 0 0 1 0 0 1 0 1 1 0
100	5	1 1 1 1 1 1 1 1 1 1 1 0 1 0 0 1 1 1 1 1 0 1 1 0 0 0 0 0 1 0 0 1 0 1 0 0 1 1 1 1 0 0 1 1 0 1 0 1 1 0
100	2	1 1 1 1 1 1 1 1 1 1 1 0 1 0 0 1 1 1 1 1 0 1 1 0 1 0 1 0 1 0 0 1 0 1 0 0 1 1 1 1 0 0 1 1 0 1 0 1 1 0
100	2	1 1 1 1 1 1 1 1 1 1 1 0 1 0 0 1 1 1 0 1 0 1 1 0 1 0 0 0 1 0 0 1 0 1 0 0 1 1 1 1 0 0 1 1 0 1 0 1 1 0
100	2	1 1 1 1 1 1 1 1 1 1 1 0 1 0 0 1 1 1 1 1 1 1 1 0 1 0 0 0 1 0 0 1 0 1 0 0 1 1 1 1 0 0 1 1 0 1 0 1 1 0
100	1	1 1 1 1 1 1 1 1 1 1 1 0 1 0 0 1 1 1 1 1 0 1 1 0 1 0 0 0 1 0 0 1 0 1 0 0 1 1 1 1 0 0 0 1 0 1 0 1 1 0
100	2	1 1 1 1 1 1 1 1 1 1 1 0 1 0 0 1 1 1 1 1 0 1 1 0 1 0 0 0 1 0 0 1 0 1 0 0 1 1 1 1 0 0 1 1 0 0 0 1 1 0
100	1	1 1 1 1 1 1 1 1 1 1 1 0 1 0 0 0 1 1 1 1 0 1 1 0 1 0 0 0 1 0 0 1 0 1 0 0 1 1 1 1 0 0 1 1 0 1 0 1 1 0
100	1	1 1 1 1 1 1 1 1 1 1 1 0 1 0 0 1 1 0 1 1 0 1 1 0 1 0 0 0 1 0 0 1 0 1 0 0 1 1 1 1 0 0 1 1 0 1 0 1 1 0
100	65	1 1 1 1 1 1 1 1 1 1 1 0 1 0 0 1 1 1 1 1 0 1 1 0 1 0 0 0 1 0 0 1 0 1 0 0 1 1 1 1 0 0 1 1 0 1 0 1 1 0
100	7	1 1 0 1 1 1 1 1 1 1 1 0 1 0 1 1 1 1 1 1 0 1 1 0 1 0 0 0 1 0 0 1 0 1 0 0 0 1 1 1 0 0 1 1 0 1 0 1 0 0
110	1	1 1 0 1 1 1 1 1 1 1 1 0 1 0 0 1 1 1 1 1 0 0 1 0 1 0 0 0 1 0 0 1 1 1 0 0 1 1 1 1 0 0 1 1 0 1 0 1 1 0
110	2	1 1 0 1 1 1 1 1 1 1 1 0 1 0 0 1 1 1 1 1 0 0 1 0 1 0 0 0 1 0 0 1 0 1 0 0 1 1 1 1 0 0 1 1 0 1 0 1 1 0
110	1	1 1 1 1 1 1 1 1 1 1 1 0 1 0 0 1 1 1 1 0 0 1 1 0 1 0 0 0 1 0 0 1 0 1 0 0 1 1 1 1 0 0 1 1 0 1 0 1 1 0
110	1	1 1 0 1 1 1 1 1 1 1 1 0 1 0 0 1 1 1 1 1 0 1 1 0 1 0 0 0 1 0 0 1 0 1 0 0 1 1 1 1 0 0 1 1 0 1 0 1 1 0
110	2	1 1 0 1 1 1 1 1 1 1 1 0 1 0 0 1 1 1 1 1 0 1 1 0 1 0 0 0 1 0 0 1 0 1 0 0 1 1 1 1 0 0 1 0 0 1 0 1 1 0
110	2	1 0 1 1 1 1 1 1 1 1 1 0 1 0 0 1 1 1 1 1 0 1 1 0 1 0 0 0 1 0 0 1 0 1 0 0 1 1 1 1 0 0 1 1 0 1 0 1 1 0
110	1	1 1 1 1 1 1 1 1 1 1 1 0 1 0 0 1 1 1 1 1 0 1 1 0 0 0 0 0 1 0 0 1 0 1 0 0 1 1 1 1 0 0 1 1 0 1 0 1 1 0
110	2	1 1 1 1 1 1 1 1 1 1 1 0 1 0 0 1 1 1 1 1 0 1 1 0 1 0 1 0 1 0 0 1 0 1 0 0 1 1 1 1 0 0 1 1 0 1 0 1 1 0
110	1	1 1 1 1 1 1 1 1 1 1 1 0 1 0 0 1 1 1 0 1 0 1 1 0 1 0 0 0 1 0 0 1 0 1 0 0 1 1 1 1 0 0 1 1 0 1 0 1 1 0
110	1	1 1 1 1 1 1 1 1 1 1 1 0 1 0 0 1 1 1 1 1 0 1 1 0 1 0 0 0 1 0 0 1 0 1 0 0 1 1 1 1 0 0 0 1 0 1 0 1 1 0
110	1	1 1 1 1 1 1 1 1 1 1 1 0 1 0 0 1 0 1 1 1 0 1 1 0 1 0 0 0 1 0 0 1 0 1 0 0 1 1 1 1 0 0 1 1 0 1 0 1 1 0
110	1	1 1 1 1 1 1 1 1 0 1 1 0 1 0 0 1 1 1 1 1 0 1 1 0 1 0 0 0 1 0 0 1 0 1 0 0 1 1 1 1 0 0 1 1 0 1 0 1 1 0
110	70	1 1 1 1 1 1 1 1 1 1 1 0 1 0 0 1 1 1 1 1 0 1 1 0 1 0 0 0 1 0 0 1 0 1 0 0 1 1 1 1 0 0 1 1 0 1 0 1 1 0
110	14	1 1 0 1 1 1 1 1 1 1 1 0 1 0 1 1 1 1 1 1 0 1 1 0 1 0 0 0 1 0 0 1 0 1 0 0 0 1 1 1 0 0 1 1 0 1 0 1 0 0
120	2	1 1 1 1 1 1 1 1 1 1 1 0 1 0 0 1 1 1 1 0 0 1 1 0 1 0 0 0 1 0 0 1 0 1 0 0 1 1 1 1 0 0 1 1 0 1 0 1 1 0
120	2	1 1 0 1 1 1 1 1 1 1 1 0 1 0 0 1 1 1 1 1 0 1 1 0 1 0 0 0 1 0 0 1 0 1 0 0 1 1 1 1 0 0 1 1 0 1 0 1 1 0
120	1	1 0 1 1 1 1 1 1 1 1 1 0 1 0 0 1 1 1 1 1 0 1 1 0 1 0 0 0 1 0 0 1 0 1 0 0 1 1 1 1 0 0 1 1 0 1 0 1 1 0
120	1	1 1 1 1 1 1 1 1 1 1 1 0 1 0 0 1 1 1 1 1 0 1 1 0 1 0 0 0 1 0 0 1 0 1 0 0 1 1 1 1 0 0 0 1 0 1 0 1 1 1
120	4	1 1 1 1 1 1 1 1 1 1 1 0 1 0 0 1 1 1 1 1 0 1 1 0 1 0 0 0 1 0 0 1 0 1 0 0 1 1 1 1 0 0 0 1 0 1 0 1 1 0
120	1	1 1 1 1 1 1 1 1 1 1 1 0 1 0 0 0 1 1 1 1 0 1 1 0 1 0 0 0 1 0 0 1 0 1 0 0 1 1 1 1 0 0 1 1 0 1 0 1 1 0
120	1	1 1 1 1 1 1 1 1 1 1 1 0 1 0 0 1 1 1 1 1 1 1 1 0 1 0 0 0 1 0 0 1 0 1 0 0 1 1 1 1 0 0 1 1 0 1 0 1 1 0
120	2	1 1 1 1 1 1 1 1 1 1 1 0 1 0 0 1 1 1 1 1 0 1 1 0 1 0 0 0 1 1 0 1 0 1 0 0 1 1 1 1 0 0 1 1 0 1 0 1 1 0
120	1	1 1 1 1 1 1 1 1 1 1 1 0 1 0 0 1 1 1 1 1 0 1 1 0 1 0 0 0 1 0 1 1 0 1 0 0 1 1 1 1 0 0 1 1 0 1 0 1 1 0
120	1	1 1 1 1 1 1 1 1 1 1 1 0 1 0 0 1 1 1 1 1 0 1 1 0 1 0 0 0 0 0 0 1 0 1 0 0 1 1 1 1 0 0 1 1 0 1 0 1 1 0
120	74	1 1 1 1 1 1 1 1 1 1 1 0 1 0 0 1 1 1 1 1 0 1 1 0 1 0 0 0 1 0 0 1 0 1 0 0 1 1 1 1 0 0 1 1 0 1 0 1 1 0
120	10	1 1 0 1 1 1 1 1 1 1 1 0 1 0 1 1 1 1 1 1 0 1 1 0 1 0 0 0 1 0 0 1 0 1 0 0 0 1 1 1 0 0 1 1 0 1 0 1 0 0
130	4	1 1 1 1 1 1 1 1 1 1 1 0 1 0 0 1 1 1 1 0 0 1 1 0 1 0 0 0 1 0 0 1 0 1 0 0 1 1 1 1 0 0 1 1 0 1 0 1 1 0
130	2	1 1 0 1 1 1 1 1 1 1 1 0 1 0 0 1 1 1 1 1 0 1 1 0 1 0 0 0 1 0 0 1 0 1 0 0 1 1 1 0 0 0 1 1 0 1 0 1 1 0
130	2	1 1 0 1 1 1 1 1 1 1 1 0 1 0 0 1 1 1 1 1 0 1 1 0 1 0 0 0 1 0 0 1 0 1 0 0 1 1 1 1 0 0 1 0 0 1 0 1 1 0
130	1	1 0 1 1 1 1 1 1 1 1 1 0 1 0 0 0 1 1 1 1 0 1 1 0 1 0 0 0 1 0 0 1 0 1 0 0 1 1 1 1 0 0 1 1 0 1 0 1 1 0
130	5	1 1 1 1 1 1 1 1 1 1 1 0 1 0 0 1 1 1 1 1 0 1 1 0 0 0 0 0 1 0 0 1 0 1 0 0 1 1 1 1 0 0 1 1 0 1 0 1 1 0
130	1	1 1 1 1 1 1 1 1 1 1 1 0 1 0 0 1 1 1 1 1 0 1 1 0 1 1 1 0 1 0 0 1 0 1 0 0 1 1 1 1 0 0 1 1 0 1 0 1 1 0
130	1	1 1 1 1 1 1 1 1 1 1 1 0 1 0 0 1 1 1 1 1 0 1 1 0 1 0 1 0 1 0 0 1 0 1 0 0 1 1 1 1 0 0 1 1 0 1 0 1 1 0
130	2	1 1 1 1 1 1 1 1 1 1 1 0 1 0 0 1 1 1 1 1 0 1 1 0 1 0 0 0 1 0 0 1 0 1 0 0 1 1 1 1 0 0 0 1 0 1 0 1 1 0
130	6	1 1 1 1 1 1 1 1 1 1 1 0 1 0 0 1 1 1 1 1 0 1 1 0 1 0 0 0 1 1 0 1 0 1 0 0 1 1 1 1 0 0 1 1 0 1 0 1 1 0
130	1	1 1 1 1 1 1 1 1 1 1 1 0 1 0 0 1 1 1 1 1 0 1 1 0 1 0 0 0 0 0 0 1 0 1 0 0 1 1 1 1 0 0 1 1 0 1 0 1 1 0
130	4	1 1 1 1 1 1 1 1 1 1 1 0 1 0 0 1 1 1 1 1 0 1 0 0 1 0 0 0 1 0 0 1 0 1 0 0 1 1 1 1 0 0 1 1 0 1 0 1 1 0
130	1	1 1 1 1 1 1 1 1 1 1 1 0 1 0 0 1 1 1 1 1 0 1 1 0 1 0 0 0 1 0 0 1 1 1 0 0 1 1 1 1 0 0 1 1 0 1 0 1 1 0
130	1	1 1 1 1 1 1 1 1 1 1 1 0 1 0 0 1 1 0 1 1 0 1 1 0 1 0 0 0 1 0 0 1 0 1 0 0 1 1 1 1 0 0 1 1 0 1 0 1 1 0
130	1	1 1 1 1 1 1 1 1 0 1 1 0 1 0 0 1 1 1 1 1 0 1 1 0 1 0 0 0 1 0 0 1 0 1 0 0 1 1 1 1 0 0 1 1 0 1 0 1 1 0
130	1	1 1 1 1 1 1 1 1 1 1 1 1 1 0 0 1 1 1 1 1 0 1 1 0 1 0 0 0 1 0 0 1 0 1 0 0 1 1 1 1 0 0 1 1 0 1 0 1 1 0
130	63	1 1 1 1 1 1 1 1 1 1 1 0 1 0 0 1 1 1 1 1 0 1 1 0 1 0 0 0 1 0 0 1 0 1 0 0 1 1 1 1 0 0 1 1 0 1 0 1 1 0
130	1	1 1 0 1 1 1 1 1 1 1 1 0 1 0 1 1 1 1 1 1 0 1 1 0 1 0 0 0 1 0 0 1 0 1 1 0 0 1 1 1 0 0 1 1 0 1 0 1 0 0
130	3	1 1 0 1 1 1 1 1 1 1 1 0 1 0 1 1 1 1 1 1 0 1 1 0 1 0 0 0 1 0 0 1 0 1 0 0 0 1 1 1 0 0 1 1 0 1 0 1 0 0
140	1	1 1 0 1 1 1 1 1 1 1 1 0 1 0 0 1 1 1 1 1 0 1 1 0 1 0 0 0 1 0 0 1 0 1 0 0 1 1 1 1 0 0 1 0 0 1 0 1 1 0
140	3	1 1 1 1 1 1 1 1 1 1 1 0 1 0 0 1 1 1 1 1 0 1 1 0 0 0 0 0 1 0 0 1 0 1 0 0 1 1 1 1 0 0 1 1 0 1 0 1 1 0
140	2	1 1 1 1 1 1 1 1 1 1 1 0 1 0 0 1 1 1 1 1 0 1 1 0 1 0 1 0 1 0 0 1 0 1 0 0 1 1 1 1 0 0 1 1 0 1 0 1 1 0
140	12	1 1 1 1 1 1 1 1 1 1 1 0 1 0 0 1 1 1 1 1 0 1 1 0 1 0 0 0 1 0 0 1 0 1 0 0 1 1 1 1 0 0 0 1 0 1 0 1 1 0
140	1	1 1 1 1 1 1 1 1 1 1 1 0 1 0 0 1 1 1 1 1 1 1 1 0 1 0 0 0 1 1 0 1 0 1 0 0 1 1 1 1 0 0 1 1 0 1 0 1 1 0
140	3	1 1 1 1 1 1 1 1 1 1 1 0 1 0 0 1 1 1 1 1 0 1 1 0 1 0 0 0 1 1 0 1 0 1 0 0 1 1 1 1 0 0 1 1 0 1 0 1 1 0
140	1	1 1 1 1 1 1 1 1 1 1 1 0 1 0 0 1 1 1 1 1 0 1 1 0 1 0 0 0 0 0 0 1 0 1 0 0 1 1 1 1 0 0 1 1 0 1 0 1 1 0
140	1	1 1 1 1 1 1 1 1 1 1 1 0 1 0 0 1 1 1 1 1 0 1 0 0 1 0 0 0 1 0 0 1 0 1 0 0 1 1 1 1 0 0 1 1 0 1 0 1 1 0
140	3	1 1 1 1 1 1 1 1 1 1 1 0 1 0 0 1 1 1 1 1 0 1 1 0 1 0 0 0 1 0 0 1 1 1 0 0 1 1 1 1 0 0 1 1 0 1 0 1 1 0
140	1	1 1 1 1 1 1 1 1 1 0 1 0 1 0 0 1 1 1 1 1 0 1 1 0 1 0 0 0 1 0 0 1 0 1 0 0 1 1 1 1 0 0 1 1 0 1 0 1 1 0
140	1	1 1 1 1 1 1 1 1 1 1 1 0 1 0 0 1 1 1 0 1 0 1 1 0 1 0 0 0 1 0 0 1 0 1 0 0 1 1 1 1 0 0 1 1 0 1 0 1 1 0
140	63	1 1 1 1 1 1 1 1 1 1 1 0 1 0 0 1 1 1 1 1 0 1 1 0 1 0 0 0 1 0 0 1 0 1 0 0 1 1 1 1 0 0 1 1 0 1 0 1 1 0
140	1	1 1 0 1 1 1 1 1 1 1 0 0 1 0 1 1 1 1 1 1 0 1 1 0 1 0 0 0 1 0 0 1 0 1 1 0 0 1 1 1 0 0 1 1 0 1 0 1 0 0
140	2	1 1 0 1 1 1 1 1 1 1 1 0 1 0 1 1 1 1 1 1 0 1 1 0 1 0 0 0 1 0 0 1 0 1 1 0 0 1 1 1 0 0 1 1 0 1 0 1 0 0
140	2	1 1 0 1 1 1 1 1 1 1 1 0 1 0 1 0 1 1 1 1 0 1 1 0 1 0 0 0 1 0 0 1 0 1 0 0 0 1 1 1 0 0 1 1 0 1 0 1 0 0
140	3	1 1 0 1 1 1 1 1 1 1 1 0 1 0 1 1 1 1 1 1 0 1 1 0 1 0 0 0 1 0 0 1 0 1 0 0 0 1 1 1 0 0 1 1 0 1 0 1 0 0
150	1	1 1 0 1 1 1 1 0 1 1 1 0 1 0 0 1 1 1 1 1 0 1 1 0 1 0 0 0 1 0 0 1 0 1 0 0 1 1 1 1 0 0 1 0 0 1 0 1 1 0
150	3	1 1 0 1 1 1 1 1 1 1 1 0 1 0 0 1 1 1 1 1 0 1 1 0 1 0 0 0 1 0 0 1 0 1 0 0 1 1 1 1 0 0 1 0 0 1 0 1 1 0
150	1	1 1 1 1 1 1 1 1 1 1 1 0 1 0 0 1 1 1 1 1 0 1 1 0 0 0 0 0 1 0 0 1 0 1 0 0 0 1 1 1 0 0 1 1 0 1 0 1 1 0
150	2	1 1 1 1 1 1 1 1 1 1 1 0 1 0 0 1 1 1 1 1 0 1 1 0 1 0 1 0 1 0 0 1 0 1 0 0 1 1 1 1 0 0 1 1 0 1 0 1 1 0
150	1	1 1 1 1 1 1 1 1 1 1 1 1 1 0 0 1 1 1 1 1 0 1 1 0 1 0 0 0 1 0 0 1 0 1 0 0 1 1 1 1 0 0 0 1 0 1 0 1 1 0
150	16	1 1 1 1 1 1 1 1 1 1 1 0 1 0 0 1 1 1 1 1 0 1 1 0 1 0 0 0 1 0 0 1 0 1 0 0 1 1 1 1 0 0 0 1 0 1 0 1 1 0
150	1	1 1 1 1 1 1 1 1 1 1 1 0 1 0 0 1 1 1 1 1 1 1 1 0 1 0 1 0 1 1 0 1 0 1 0 0 1 1 1 1 0 0 1 1 0 1 0 1 1 0
150	3	1 1 1 1 1 1 1 1 1 1 1 0 1 0 0 1 1 1 1 1 1 1 1 0 1 0 0 0 1 1 0 1 0 1 0 0 1 1 1 1 0 0 1 1 0 1 0 1 1 0
150	2	1 1 1 1 1 1 1 1 1 1 1 0 1 1 0 1 1 1 1 1 0 1 1 0 1 0 0 0 1 1 0 1 0 1 0 0 1 1 1 1 0 0 1 1 0 1 0 1 1 0
150	1	1 1 1 1 1 0 1 1 1 1 1 0 1 0 0 1 1 1 1 1 0 1 1 0 1 0 0 0 1 1 0 1 0 1 0 0 1 1 1 1 0 0 1 1 0 1 0 1 1 0
150	3	1 1 1 1 1 1 1 1 1 1 1 0 1 0 0 1 1 1 1 1 0 1 1 0 1 0 0 0 1 1 0 1 0 1 0 0 1 1 1 1 0 0 1 1 0 1 0 1 1 0
150	1	1 1 1 1 1 1 1 1 1 1 1 0 1 0 0 1 1 0 1 1 0 1 1 0 1 0 0 0 1 0 0 1 0 1 0 0 1 1 1 1 0 0 1 1 0 1 0 1 1 0
150	1	1 1 1 1 1 1 1 1 0 1 1 0 1 0 0 1 1 1 1 1 0 1 1 0 1 0 0 0 1 0 0 1 0 1 0 0 1 1 1 1 0 0 1 1 0 1 0 1 1 0
150	1	1 1 1 1 1 1 1 1 1 1 1 0 1 0 0 1 1 1 1 1 0 1 1 0 1 0 0 0 1 0 0 1 0 1 0 0 1 1 1 1 0 0 1 1 0 1 0 1 0 0
150	1	1 1 1 1 1 1 1 1 1 1 1 0 1 1 0 1 1 1 1 1 0 1 1 0 1 0 0 0 1 0 0 1 0 1 0 0 1 1 1 1 0 0 1 1 0 1 0 1 1 0
150	51	1 1 1 1 1 1 1 1 1 1 1 0 1 0 0 1 1 1 1 1 0 1 1 0 1 0 0 0 1 0 0 1 0 1 0 0 1 1 1 1 0 0 1 1 0 1 0 1 1 0
150	2	1 1 0 1 1 1 1 1 1 1 0 0 1 0 1 1 1 1 1 1 0 1 1 0 1 0 0 0 1 0 0 1 0 1 1 0 0 1 1 1 0 0 1 1 0 1 0 1 0 0
150	2	1 1 0 1 1 1 1 1 1 1 1 0 1 0 1 1 1 1 1 1 0 1 1 0 1 0 0 0 1 0 0 1 0 1 1 0 0 1 1 1 0 0 1 1 0 1 0 1 0 0
150	3	1 1 0 1 1 1 1 1 1 1 1 0 1 0 1 1 1 1 1 0 0 1 1 0 1 0 0 0 1 0 0 1 0 1 0 0 0 1 1 1 0 0 1 1 0 1 0 1 0 0
150	1	0 1 0 1 1 1 1 1 1 1 1 0 1 0 1 1 1 1 1 1 0 1 1 0 1 0 0 0 1 0 0 1 0 1 0 0 0 1 1 1 0 0 1 1 0 1 0 1 0 0
150	3	1 1 0 1 1 1 1 1 1 1 1 0 1 0 1 1 1 1 1 1 0 1 1 0 1 0 0 0 1 0 0 1 0 1 0 0 0 1 1 1 0 0 1 1 0 1 0 1 0 0
160	3	1 1 0 1 1 1 1 1 1 1 1 0 1 0 0 1 1 1 1 1 0 1 1 0 1 0 0 0 1 0 0 1 0 1 0 0 1 1 1 1 0 0 1 0 0 1 0 1 1 0
160	1	1 1 1 1 1 1 1 1 1 1 1 0 1 0 0 1 1 1 1 1 0 1 1 0 1 0 1 0 1 0 0 1 0 1 0 0 1 1 1 1 0 0 1 1 0 1 0 1 1 0
160	1	1 1 1 1 1 1 1 1 1 1 1 0 1 0 0 1 1 1 1 1 0 1 1 1 1 0 0 0 1 0 0 1 0 1 0 0 1 1 1 1 0 0 0 1 0 1 0 1 1 0
160	26	1 1 1 1 1 1 1 1 1 1 1 0 1 0 0 1 1 1 1 1 0 1 1 0 1 0 0 0 1 0 0 1 0 1 0 0 1 1 1 1 0 0 0 1 0 1 0 1 1 0
160	4	1 1 1 1 1 1 1 1 1 1 1 0 1 0 0 1 1 1 1 1 1 1 1 0 1 0 0 0 1 1 0 1 0 1 0 0 1 1 1 1 0 0 1 1 0 1 0 1 1 0
160	3	1 1 1 1 1 1 1 1 1 1 1 0 1 0 0 1 1 1 1 1 0 1 1 0 1 0 0 0 1 1 0 1 0 1 0 0 1 1 1 1 0 0 1 1 0 1 0 1 1 0
160	1	1 1 1 1 1 1 1 1 0 1 1 0 1 0 0 1 1 1 1 1 0 1 1 0 1 0 0 0 1 0 0 1 0 1 0 0 1 1 1 1 0 0 1 1 0 1 0 1 1 0
160	2	1 1 1 1 1 1 1 1 1 1 1 0 1 0 0 1 1 1 1 1 0 1 1 0 1 0 0 0 1 0 0 1 0 1 0 0 1 1 1 1 0 0 1 1 0 1 0 1 0 0
160	1	1 1 1 1 1 1 1 1 1 1 1 0 1 1 0 1 1 1 1 1 0 1 1 0 1 0 0 0 1 0 0 1 0 1 0 0 1 1 1 1 0 0 1 1 0 1 0 1 1 0
160	1	1 1 1 1 1 1 1 1 1 1 1 0 1 0 0 1 1 1 1 1 1 1 1 0 1 0 0 0 1 0 0 1 0 1 0 0 1 1 1 1 0 0 1 1 0 1 0 1 1 0
160	49	1 1 1 1 1 1 1 1 1 1 1 0 1 0 0 1 1 1 1 1 0 1 1 0 1 0 0 0 1 0 0 1 0 1 0 0 1 1 1 1 0 0 1 1 0 1 0 1 1 0
160	7	1 1 0 1 1 1 1 1 1 1 0 0 1 0 1 1 1 1 1 1 0 1 1 0 1 0 0 0 1 0 0 1 0 1 1 0 0 1 1 1 0 0 1 1 0 1 0 1 0 0
160	1	1 1 0 1 1 1 1 1 1 1 1 0 1 0 1 1 1 1 1 1 0 1 1 0 1 0 0 0 1 0 0 1 0 1 0 0 0 1 1 1 0 0 1 1 0 1 0 1 0 0
170	7	1 1 0 1 1 1 1 1 1 1 1 0 1 0 0 1 1 1 1 1 0 1 1 0 1 0 0 0 1 0 0 1 0 1 0 0 1 1 1 1 0 0 1 0 0 1 0 1 1 0
170	3	1 1 1 1 1 1 1 1 1 1 1 0 1 0 0 1 1 1 1 1 0 1 1 1 1 0 0 0 1 0 0 1 0 1 0 0 1 1 1 1 0 0 0 1 0 1 0 1 1 0
170	1	1 1 1 1 1 1 1 1 1 1 1 0 1 0 0 1 1 1 1 1 0 1 1 0 1 0 0 0 1 0 0 1 0 1 0 0 1 1 1 1 0 0 0 1 0 1 0 0 1 0
170	2	1 1 1 1 1 1 1 1 1 1 1 1 1 0 0 1 1 1 1 1 0 1 1 0 1 0 0 0 1 0 0 1 0 1 0 0 1 1 1 1 0 0 0 1 0 1 0 1 1 0
170	1	1 1 1 1 1 1 1 1 1 1 1 0 1 0 0 1 1 1 1 1 0 1 1 0 1 0 0 0 1 0 0 1 0 1 0 0 1 1 1 0 0 0 0 1 0 1 0 1 1 0
170	40	1 1 1 1 1 1 1 1 1 1 1 0 1 0 0 1 1 1 1 1 0 1 1 0 1 0 0 0 1 0 0 1 0 1 0 0 1 1 1 1 0 0 0 1 0 1 0 1 1 0
170	1	1 1 1 1 1 1 1 1 1 1 1 0 1 0 0 1 1 1 1 1 1 1 1 0 1 0 0 0 1 1 0 1 0 1 0 0 1 1 1 1 0 0 1 1 0 1 0 1 1 0
170	5	1 1 1 1 1 1 1 1 1 1 1 0 1 0 0 1 1 1 1 1 0 1 1 0 1 0 0 0 1 1 0 1 0 1 0 0 1 1 1 1 0 0 1 1 0 1 0 1 1 0
170	1	1 1 1 1 1 1 1 1 1 1 1 0 1 0 0 1 1 1 1 1 0 1 1 0 1 0 0 0 1 0 0 1 0 1 0 0 1 1 1 1 0 0 1 1 0 1 0 0 0 0
170	4	1 1 1 1 1 1 1 1 1 1 1 0 1 0 0 1 1 1 1 1 0 1 1 0 1 0 0 0 1 0 0 1 0 1 0 0 1 1 1 1 0 0 1 1 0 1 0 1 0 0
170	3	1 1 1 1 1 1 1 1 1 1 1 0 1 0 0 1 1 1 1 1 0 1 1 0 1 0 0 0 1 0 0 1 0 1 0 0 1 0 1 1 0 0 1 1 0 1 0 1 1 0
170	1	1 1 1 1 1 1 1 1 1 1 1 0 1 0 0 1 1 1 1 1 0 1 1 0 1 0 0 0 1 0 1 1 0 1 0 0 1 1 1 1 0 0 1 1 0 1 0 1 1 0
170	26	1 1 1 1 1 1 1 1 1 1 1 0 1 0 0 1 1 1 1 1 0 1 1 0 1 0 0 0 1 0 0 1 0 1 0 0 1 1 1 1 0 0 1 1 0 1 0 1 1 0
170	5	1 1 0 1 1 1 1 1 1 1 0 0 1 0 1 1 1 1 1 1 0 1 1 0 1 0 0 0 1 0 0 1 0 1 1 0 0 1 1 1 0 0 1 1 0 1 0 1 0 0
180	5	1 1 0 1 1 1 1 1 1 1 1 0 1 0 0 1 1 1 1 1 0 1 1 0 1 0 0 0 1 0 0 1 0 1 0 0 1 1 1 1 0 0 1 0 0 1 0 1 1 0
180	1	1 1 1 1 1 1 1 1 1 1 1 0 1 0 0 1 1 1 1 1 0 1 1 0 1 0 0 0 1 0 0 1 0 1 0 0 0 1 1 1 0 0 0 1 0 1 0 1 1 0
180	36	1 1 1 1 1 1 1 1 1 1 1 0 1 0 0 1 1 1 1 1 0 1 1 0 1 0 0 0 1 0 0 1 0 1 0 0 1 1 1 1 0 0 0 1 0 1 0 1 1 0
180	3	1 1 1 1 1 1 1 1 1 1 1 0 1 0 0 1 1 1 1 1 0 1 1 0 1 0 0 0 1 0 0 1 0 1 0 0 1 1 1 1 0 0 0 1 0 1 0 0 1 0
180	1	1 1 1 1 1 1 1 1 1 1 1 1 1 0 0 1 1 1 1 1 0 1 1 0 1 0 0 0 1 0 0 1 0 1 0 0 1 1 1 1 0 0 0 1 0 1 0 1 1 0
180	1	1 1 1 1 1 1 1 1 1 1 1 0 1 0 0 1 1 1 1 1 0 1 1 0 1 0 0 1 1 0 0 1 0 1 0 0 1 1 1 1 0 0 0 1 0 1 0 1 1 0
180	2	1 1 1 1 1 1 1 1 1 1 1 0 1 0 0 1 1 1 1 1 0 1 1 0 1 0 0 0 1 0 0 1 1 1 0 0 1 1 1 1 0 0 0 1 0 1 0 1 1 0
180	1	1 1 1 1 1 1 1 1 1 1 1 0 1 0 0 1 1 1 1 1 1 1 1 0 1 0 0 0 1 1 0 1 0 1 0 0 1 1 1 1 0 0 1 1 0 1 0 1 1 0
180	8	1 1 1 1 1 1 1 1 1 1 1 0 1 0 0 1 1 1 1 1 0 1 1 0 1 0 0 0 1 1 0 1 0 1 0 0 1 1 1 1 0 0 1 1 0 1 0 1 1 0
180	27	1 1 1 1 1 1 1 1 1 1 1 0 1 0 0 1 1 1 1 1 0 1 1 0 1 0 0 0 1 0 0 1 0 1 0 0 1 1 1 1 0 0 1 1 0 1 0 1 1 0
180	10	1 1 1 1 1 1 1 1 1 1 1 0 1 0 0 1 1 1 1 1 0 1 1 0 1 0 0 0 1 0 0 1 0 1 0 0 1 1 1 1 0 0 1 1 0 1 0 1 0 0
180	3	1 1 1 1 1 1 1 1 1 1 1 0 1 0 0 1 1 1 1 1 0 1 1 0 1 0 0 0 1 0 0 1 0 1 0 0 1 0 1 1 0 0 1 1 0 1 0 1 1 0
180	1	1 1 0 1 1 1 1 1 1 1 0 0 1 0 1 1 1 1 1 1 0 1 1 0 1 0 0 0 1 0 0 1 0 1 1 0 0 1 1 1 0 0 1 1 0 1 0 1 0 0
180	1	1 1 0 1 1 1 1 1 1 1 1 0 1 0 1 1 1 1 1 0 0 1 1 0 1 0 0 0 1 0 0 1 0 1 0 0 0 1 1 1 0 0 1 1 0 1 0 1 0 0
190	1	1 1 1 1 1 1 1 1 1 1 1 0 1 0 0 1 1 1 1 0 0 1 1 1 1 0 0 0 1 0 0 1 0 1 0 0 1 1 1 1 0 0 0 1 0 1 0 1 1 0
190	32	1 1 1 1 1 1 1 1 1 1 1 0 1 0 0 1 1 1 1 1 0 1 1 0 1 0 0 0 1 0 0 1 0 1 0 0 1 1 1 1 0 0 0 1 0 1 0 1 1 0
190	1	1 1 1 1 1 1 1 1 1 1 1 0 1 0 0 1 1 1 1 1 0 1 1 0 1 0 0 0 1 0 0 1 0 1 0 1 1 1 1 1 0 0 0 1 0 1 0 0 1 0
190	16	1 1 1 1 1 1 1 1 1 1 1 0 1 0 0 1 1 1 1 1 0 1 1 0 1 0 0 0 1 0 0 1 0 1 0 0 1 1 1 1 0 0 0 1 0 1 0 0 1 0
190	1	1 1 1 1 0 1 1 1 1 1 1 0 1 0 0 1 1 1 1 1 0 1 1 0 1 0 0 0 1 0 0 1 0 1 0 0 1 1 1 1 0 0 0 1 0 1 0 1 1 0
190	1	1 1 1 1 1 1 1 1 1 1 1 0 1 0 0 1 1 1 1 1 0 1 1 0 1 0 0 1 1 0 0 1 0 1 0 0 1 1 1 1 0 0 0 1 0 1 0 1 1 0
190	2	1 1 1 1 1 1 1 1 1 1 1 0 1 0 0 1 1 1 1 1 1 1 1 0 1 0 0 0 1 1 0 1 0 1 0 0 1 1 1 1 0 0 1 1 0 1 0 1 1 0
190	6	1 1 1 1 1 1 1 1 1 1 1 0 1 0 0 1 1 1 1 1 0 1 1 0 1 0 0 0 1 1 0 1 0 1 0 0 1 1 1 1 0 0 1 1 0 1 0 1 1 0
190	1	0 1 1 1 1 1 1 1 1 1 1 0 1 0 0 1 1 1 1 1 0 1 1 0 1 0 0 0 1 0 0 1 0 1 0 0 1 1 1 1 0 0 1 1 0 1 0 1 0 0
190	18	1 1 1 1 1 1 1 1 1 1 1 0 1 0 0 1 1 1 1 1 0 1 1 0 1 0 0 0 1 0 0 1 0 1 0 0 1 1 1 1 0 0 1 1 0 1 0 1 0 0
190	17	1 1 1 1 1 1 1 1 1 1 1 0 1 0 0 1 1 1 1 1 0 1 1 0 1 0 0 0 1 0 0 1 0 1 0 0 1 1 1 1 0 0 1 1 0 1 0 1 1 0
190	4	1 1 1 1 1 1 1 1 1 1 1 0 1 0 0 1 1 1 1 1 0 1 1 0 1 0 0 0 1 0 0 1 0 1 0 0 1 0 1 1 0 0 1 1 0 1 0 1 1 0
200	8	1 1 1 1 1 1 1 1 1 1 1 0 1 0 0 1 1 1 1 1 0 1 1 0 1 0 0 0 1 0 0 1 0 1 0 0 1 1 1 1 0 0 1 1 0 1 0 1 1 0
200	21	1 1 1 1 1 1 1 1 1 1 1 0 1 0 0 1 1 1 1 1 0 1 1 0 1 0 0 0 1 0 0 1 0 1 0 0 1 1 1 1 0 0 0 1 0 1 0 0 1 0
200	39	1 1 1 1 1 1 1 1 1 1 1 0 1 0 0 1 1 1 1 1 0 1 1 0 1 0 0 0 1 0 0 1 0 1 0 0 1 1 1 1 0 0 0 1 0 1 0 1 1 0
200	1	1 1 1 1 1 1 1 1 1 1 1 0 1 0 0 1 1 1 1 1 0 1 1 0 1 0 0 0 1 0 0 1 0 1 0 1 1 1 1 1 0 0 0 1 0 1 0 0 1 0
200	1	1 1 1 1 1 1 1 1 1 1 1 0 1 1 0 1 1 1 1 1 0 1 1 0 1 0 0 0 1 0 0 1 0 1 0 0 1 1 1 1 0 0 0 1 0 1 0 0 1 0
200	2	1 1 1 1 1 1 1 1 1 1 1 0 1 0 0 1 1 1 1 1 1 0 1 0 1 0 0 0 1 1 0 1 0 1 0 0 1 1 1 1 0 0 1 1 0 1 0 1 1 0
200	2	1 1 1 1 1 1 1 1 1 1 1 0 1 0 0 1 1 1 1 1 0 1 1 0 1 0 0 0 1 1 0 1 0 1 0 0 1 1 1 1 0 0 1 1 0 1 0 1 1 0
200	2	1 1 1 1 1 1 1 1 1 1 1 0 1 0 0 1 0 1 1 1 0 1 1 0 1 0 0 0 1 0 0 1 0 1 0 0 1 1 1 1 0 0 1 1 0 1 0 1 1 0
200	23	1 1 1 1 1 1 1 1 1 1 1 0 1 0 0 1 1 1 1 1 0 1 1 0 1 0 0 0 1 0 0 1 0 1 0 0 1 1 1 1 0 0 1 1 0 1 0 1 0 0
200	1	1 1 1 1 1 1 1 1 1 1 1 0 1 0 0 1 1 1 1 1 0 1 1 0 1 0 0 0 1 0 0 1 0 1 0 0 1 0 1 1 0 0 1 1 0 1 0 1 1 0
210	1	1 1 1 1 1 1 1 1 1 1 1 0 1 0 0 1 1 1 1 1 0 1 0 0 1 0 0 0 1 0 0 1 0 1 0 0 1 1 1 1 0 0 0 1 0 1 0 0 1 0
210	1	1 1 1 1 1 1 1 1 1 1 1 0 1 0 0 1 1 1 1 0 0 1 1 0 1 0 0 0 1 0 0 1 0 1 0 0 1 1 1 1 0 0 1 1 0 1 0 0 1 0
210	41	1 1 1 1 1 1 1 1 1 1 1 0 1 0 0 1 1 1 1 1 0 1 1 0 1 0 0 0 1 0 0 1 0 1 0 0 1 1 1 1 0 0 0 1 0 1 0 0 1 0
210	1	1 1 1 1 1 1 1 1 1 1 1 0 1 0 0 1 1 1 1 1 0 1 1 0 1 0 0 0 1 0 0 1 0 1 0 0 1 1 1 1 1 0 0 1 0 1 0 1 1 0
210	2	1 1 1 1 1 1 1 1 1 1 1 0 1 0 0 1 1 1 1 1 0 1 1 0 1 0 0 0 1 0 0 1 0 1 0 0 0 1 1 1 0 0 0 1 0 1 0 1 1 0
210	1	1 1 1 1 1 1 1 1 1 1 1 0 1 0 0 1 1 1 1 1 0 1 1 0 1 0 0 0 1 0 0 0 0 1 0 0 1 1 1 1 0 0 0 1 0 1 0 1 1 0
210	27	1 1 1 1 1 1 1 1 1 1 1 0 1 0 0 1 1 1 1 1 0 1 1 0 1 0 0 0 1 0 0 1 0 1 0 0 1 1 1 1 0 0 0 1 0 1 0 1 1 0
210	2	1 1 1 1 1 1 1 1 1 1 1 0 1 0 0 1 0 1 1 1 0 1 1 0 1 0 0 0 1 0 0 1 0 1 0 0 1 1 1 1 0 0 1 1 0 1 0 1 1 0
210	1	1 1 0 1 1 1 1 1 1 1 1 0 1 0 0 1 1 1 1 1 0 1 1 0 1 0 0 0 1 0 0 1 0 1 0 0 1 1 1 1 0 0 1 1 0 1 0 1 0 0
210	20	1 1 1 1 1 1 1 1 1 1 1 0 1 0 0 1 1 1 1 1 0 1 1 0 1 0 0 0 1 0 0 1 0 1 0 0 1 1 1 1 0 0 1 1 0 1 0 1 0 0
210	3	1 1 1 1 1 1 1 1 1 1 1 0 1 0 0 1 1 1 1 1 0 1 1 0 1 0 0 0 1 0 0 1 0 1 0 0 1 0 1 1 0 0 1 1 0 1 0 1 1 0
220	5	1 1 1 1 1 1 1 1 1 1 1 0 1 0 0 1 1 1 1 1 0 1 1 0 1 0 0 0 1 0 0 1 0 1 0 0 1 1 1 1 0 0 1 1 0 1 0 1 1 0
220	2	1 1 1 1 1 1 1 1 1 1 1 0 1 0 0 1 1 1 1 1 0 1 1 0 1 0 0 0 1 0 0 1 0 1 0 0 1 1 1 1 0 0 0 1 0 1 0 0 0 0
220	1	1 1 1 1 1 1 1 1 1 1 1 0 1 0 0 1 1 1 1 1 0 1 1 0 1 0 0 0 1 0 0 1 0 1 0 1 1 1 1 1 0 0 0 1 0 1 0 0 1 0
220	3	1 1 1 1 1 1 1 1 1 1 1 0 1 0 0 1 1 1 1 1 0 1 1 0 1 0 0 1 1 0 0 1 0 1 0 0 1 1 1 1 0 0 0 1 0 1 0 0 1 0
220	1	1 1 1 1 1 1 1 1 1 1 1 0 1 0 0 1 1 1 1 1 0 1 1 0 1 0 0 0 1 0 1 1 0 1 0 0 1 1 1 1 0 0 0 1 0 1 0 0 1 0
220	1	1 1 1 1 1 1 1 1 1 1 1 0 1 0 0 1 1 1 1 1 0 1 1 0 1 0 0 0 1 0 0 1 0 1 0 0 1 1 1 1 0 0 0 1 0 1 1 0 1 0
220	1	1 1 1 1 1 1 1 1 1 1 1 0 1 0 0 1 1 1 1 1 0 1 1 0 1 0 0 0 1 0 0 0 0 1 0 0 1 1 1 1 0 0 0 1 0 1 0 0 1 0
220	61	1 1 1 1 1 1 1 1 1 1 1 0 1 0 0 1 1 1 1 1 0 1 1 0 1 0 0 0 1 0 0 1 0 1 0 0 1 1 1 1 0 0 0 1 0 1 0 0 1 0
220	1	1 1 1 1 1 1 1 1 1 1 1 0 1 0 0 1 1 1 1 1 0 1 1 0 1 0 0 0 1 0 0 1 0 1 0 0 0 1 1 1 0 0 0 1 0 1 0 1 1 0
220	20	1 1 1 1 1 1 1 1 1 1 1 0 1 0 0 1 1 1 1 1 0 1 1 0 1 0 0 0 1 0 0 1 0 1 0 0 1 1 1 1 0 0 0 1 0 1 0 1 1 0
220	4	1 1 1 1 1 1 1 1 1 1 1 0 1 0 0 1 1 1 1 1 0 1 1 0 1 0 0 0 1 0 0 1 0 1 0 0 1 1 1 1 0 0 1 1 0 1 0 1 0 0
230	1	1 1 1 1 1 1 1 1 1 1 1 0 1 0 0 1 1 1 1 1 0 1 1 0 1 0 0 0 1 0 0 1 0 1 0 0 1 1 1 1 0 0 0 1 0 1 0 0 0 0
230	1	1 1 1 1 1 1 1 1 1 1 1 0 1 0 0 1 1 1 1 1 0 1 1 0 1 0 0 1 1 0 0 1 0 1 0 0 1 1 1 1 0 0 0 1 0 1 0 0 1 0
230	1	1 1 1 1 1 1 1 1 1 1 1 0 1 0 0 1 1 1 1 1 0 1 1 0 1 0 0 0 1 0 1 1 0 1 0 0 1 1 1 1 0 0 0 1 0 0 0 0 1 0
230	2	1 1 1 1 1 1 1 1 1 1 1 0 1 0 0 1 1 1 1 1 0 1 1 0 1 0 0 0 1 0 1 1 0 1 0 0 1 1 1 1 0 0 0 1 0 1 0 0 1 0
230	2	1 1 1 1 1 1 1 1 1 1 1 0 0 0 0 1 1 1 1 1 0 1 1 0 1 0 0 0 1 0 0 1 0 1 0 0 1 1 1 1 0 0 0 1 0 1 0 0 1 0
230	8	1 1 1 1 1 1 1 1 1 1 1 0 1 0 0 1 1 1 1 1 0 1 1 0 1 0 0 0 1 0 0 1 0 1 0 0 1 1 1 1 0 0 0 1 0 1 0 1 1 0
230	78	1 1 1 1 1 1 1 1 1 1 1 0 1 0 0 1 1 1 1 1 0 1 1 0 1 0 0 0 1 0 0 1 0 1 0 0 1 1 1 1 0 0 0 1 0 1 0 0 1 0
230	2	1 1 1 1 1 1 1 1 1 1 1 0 1 0 0 1 1 1 1 0 0 1 1 0 1 0 0 0 1 0 0 1 0 1 0 0 1 1 1 1 0 0 1 1 0 1 0 1 0 0
230	1	1 1 1 1 1 1 1 1 1 1 1 1 1 0 0 1 1 1 1 1 0 1 1 0 1 0 0 0 1 0 0 1 0 1 0 0 1 1 1 1 0 0 1 1 0 1 0 1 0 0
230	4	1 1 1 1 1 1 1 1 1 1 1 0 1 0 0 1 1 1 1 1 0 1 1 0 1 0 0 0 1 0 0 1 0 1 0 0 1 1 1 1 0 0 1 1 0 1 0 1 0 0
240	2	1 1 1 1 1 1 1 1 1 1 1 0 1 0 0 1 1 1 1 1 0 1 1 0 1 0 0 0 1 0 0 1 0 1 0 0 1 1 1 1 0 0 0 1 0 1 0 0 0 0
240	1	1 1 1 1 1 1 1 1 1 1 1 0 1 0 0 1 1 1 1 1 0 1 1 0 1 0 0 0 1 0 1 1 0 1 0 0 1 1 1 1 0 0 0 1 0 0 0 0 1 0
240	2	1 1 1 1 1 1 1 1 1 1 1 0 1 0 0 1 1 1 1 1 0 1 1 0 1 0 0 0 1 0 1 1 0 1 0 0 1 1 1 1 0 0 0 1 0 1 0 0 1 0
240	1	1 1 1 1 1 1 1 1 1 1 1 0 0 0 0 1 1 1 1 1 0 1 1 0 1 0 0 0 1 0 0 1 0 1 0 0 1 0 1 1 0 0 0 1 0 1 0 0 1 0
240	5	1 1 1 1 1 1 1 1 1 1 1 0 0 0 0 1 1 1 1 1 0 1 1 0 1 0 0 0 1 0 0 1 0 1 0 0 1 1 1 1 0 0 0 1 0 1 0 0 1 0
240	2	1 1 1 1 1 1 1 1 1 1 1 0 1 0 0 0 1 1 1 1 0 1 1 0 1 0 0 0 1 0 0 1 0 1 0 0 1 1 1 1 0 0 0 1 0 1 0 0 1 0
240	9	1 1 1 1 1 1 1 1 1 1 1 0 1 0 0 1 1 1 1 1 0 1 1 0 1 0 0 0 1 0 0 1 0 1 0 0 1 1 1 1 0 0 0 1 0 1 0 1 1 0
240	1	1 1 1 1 1 1 1 1 1 1 1 0 1 0 0 1 1 1 1 1 0 1 1 0 1 0 0 0 0 0 0 1 0 1 0 0 1 1 1 1 0 0 0 1 0 1 0 0 1 0
240	1	1 1 1 1 1 1 1 1 1 1 1 0 1 0 0 1 0 1 1 1 0 1 1 0 1 0 0 0 1 0 0 1 0 1 0 0 1 1 1 1 0 0 0 1 0 1 0 0 1 0
240	1	1 1 1 1 1 1 1 1 1 1 1 0 1 0 0 1 1 1 1 1 0 1 1 0 1 1 0 0 1 0 0 1 0 1 0 0 1 1 1 1 0 0 0 1 0 1 0 0 1 0
240	74	1 1 1 1 1 1 1 1 1 1 1 0 1 0 0 1 1 1 1 1 0 1 1 0 1 0 0 0 1 0 0 1 0 1 0 0 1 1 1 1 0 0 0 1 0 1 0 0 1 0
240	1	1 1 1 1 1 1 1 1 1 1 1 0 1 0 0 1 1 1 1 1 0 1 1 0 1 0 0 0 1 0 0 1 0 1 0 0 1 1 1 1 0 0 1 1 0 1 0 1 0 0
250	15	1 1 1 1 1 1 1 1 1 1 1 0 1 0 0 1 1 1 1 1 0 1 1 0 1 0 0 0 1 0 0 1 0 1 0 0 1 1 1 1 0 0 0 1 0 1 0 0 0 0
250	2	1 1 1 1 1 1 1 1 1 1 1 0 1 0 0 1 1 1 1 1 0 1 1 0 1 0 0 0 1 0 1 1 0 1 0 0 1 1 1 1 0 0 0 1 0 0 0 0 1 0
250	6	1 1 1 1 1 1 1 1 1 1 1 0 1 0 0 1 1 1 1 1 0 1 1 0 1 0 0 0 1 0 1 1 0 1 0 0 1 1 1 1 0 0 0 1 0 1 0 0 1 0
250	1	1 1 1 1 1 1 1 1 1 1 1 0 1 0 0 0 1 1 1 1 0 1 1 0 1 0 0 0 1 0 0 1 0 1 0 0 1 1 1 1 0 0 0 1 0 1 0 0 1 0
250	5	1 1 1 1 1 1 1 1 1 1 1 0 1 0 0 1 1 1 1 1 0 1 1 0 1 0 0 0 1 0 0 1 0 1 0 0 1 1 1 1 0 0 0 1 0 1 0 1 1 0
250	1	1 1 0 1 1 1 1 1 1 1 1 0 1 0 0 1 1 1 1 1 0 1 1 0 1 0 0 0 1 0 0 1 0 1 0 0 1 1 1 1 0 0 0 1 0 1 0 0 1 0
250	1	1 1 1 1 1 1 1 1 1 1 1 0 1 0 0 1 1 1 1 1 0 1 1 0 1 0 0 0 0 0 0 1 0 1 0 0 1 1 1 1 0 0 0 1 0 1 0 0 1 0
250	1	1 1 1 1 1 1 1 1 1 1 1 0 1 0 0 1 1 1 1 1 0 1 1 0 1 1 0 0 1 0 0 1 0 1 0 0 1 1 1 1 0 0 0 1 0 1 0 0 1 0
250	1	1 1 1 1 1 1 1 1 1 1 1 0 1 0 0 1 1 1 1 1 0 1 1 0 1 0 0 0 1 0 0 1 0 1 0 0 1 1 1 1 0 0 1 1 0 1 0 0 1 0
250	1	1 1 1 1 1 1 1 1 1 1 1 0 1 0 0 1 0 1 1 1 0 1 1 0 1 0 0 0 1 0 0 1 0 1 0 0 1 1 1 1 0 0 0 1 0 1 0 0 1 0
250	65	1 1 1 1 1 1 1 1 1 1 1 0 1 0 0 1 1 1 1 1 0 1 1 0 1 0 0 0 1 0 0 1 0 1 0 0 1 1 1 1 0 0 0 1 0 1 0 0 1 0
250	1	1 1 1 1 1 1 1 1 1 1 1 0 1 0 0 1 1 1 1 1 0 1 1 0 1 1 0 0 1 0 0 1 0 1 0 0 1 1 1 1 0 0 0 1 0 1 0 1 1 0
260	14	1 1 1 1 1 1 1 1 1 1 1 0 1 0 0 1 1 1 1 1 0 1 1 0 1 0 0 0 1 0 0 1 0 1 0 0 1 1 1 1 0 0 0 1 0 1 0 0 0 0
260	9	1 1 1 1 1 1 1 1 1 1 1 0 1 0 0 1 1 1 1 1 0 1 1 0 1 0 0 0 1 0 1 1 0 1 0 0 1 1 1 1 0 0 0 1 0 1 0 0 1 0
260	2	1 1 1 1 1 1 1 1 1 1 1 0 0 0 0 1 1 1 1 1 0 1 1 0 1 0 0 0 1 0 0 1 0 1 0 0 1 1 1 1 0 0 0 1 0 1 0 0 1 0
260	1	1 1 1 1 1 1 1 1 1 1 1 0 1 0 0 0 1 1 1 1 0 1 1 0 1 0 0 0 1 0 0 1 0 1 0 0 1 1 1 1 0 0 0 1 0 1 0 0 1 0
260	1	1 1 1 1 1 1 1 1 1 1 1 0 1 0 0 1 1 1 1 1 0 1 1 0 1 0 0 0 1 0 0 1 0 1 0 0 1 1 1 1 0 0 0 1 0 1 0 1 1 0
260	1	1 1 1 1 1 1 1 1 1 1 1 0 1 0 0 1 1 1 0 1 0 1 1 0 1 0 0 0 1 0 0 1 0 1 0 0 1 1 1 1 0 0 0 1 0 1 0 0 1 0
260	3	1 1 1 1 1 1 1 1 1 1 1 1 1 0 0 1 1 1 1 1 0 1 1 0 1 0 0 0 1 0 0 1 0 1 0 0 1 1 1 1 0 0 0 1 0 1 0 0 1 0
260	1	1 1 1 1 1 1 0 1 1 1 1 0 1 0 0 1 1 1 1 1 0 1 1 0 1 0 0 0 1 0 0 1 0 1 0 0 1 1 1 1 0 0 0 1 0 1 0 0 1 0
260	2	1 1 1 1 1 1 1 1 1 1 1 0 1 0 0 1 1 1 1 1 0 1 1 0 1 0 0 0 1 0 0 1 0 1 0 1 1 1 1 1 0 0 0 1 0 1 0 0 1 0
260	1	1 1 1 1 1 1 1 1 1 0 1 0 1 1 0 1 1 1 1 1 0 1 1 0 1 0 0 0 1 0 0 1 0 1 0 0 1 1 1 1 0 0 0 1 0 1 0 0 1 0
260	1	1 1 1 1 1 1 1 1 1 1 1 0 1 0 0 1 1 1 1 1 0 1 0 0 1 0 0 0 1 0 0 1 0 1 0 0 1 1 1 1 0 0 0 1 0 1 0 0 1 0
260	3	1 1 1 1 1 1 1 1 1 1 1 0 1 0 0 1 1 1 1 1 0 1 1 0 1 0 0 0 1 0 0 1 0 1 0 0 1 1 1 0 0 0 0 1 0 1 0 0 1 0
260	1	1 1 1 1 1 1 1 1 1 1 1 0 1 0 0 1 1 1 1 1 0 1 1 0 1 0 0 0 1 0 0 1 0 1 0 0 1 1 1 1 0 0 0 1 1 1 0 0 1 0
260	1	1 1 1 1 1 1 1 1 1 1 1 0 1 0 0 1 0 1 1 1 0 1 1 0 1 0 0 0 1 0 0 1 0 1 0 0 1 1 1 1 0 0 0 1 0 1 0 0 1 0
260	1	0 1 1 1 1 1 1 1 1 1 1 0 1 0 0 1 1 1 1 1 0 1 1 0 1 0 0 0 1 0 0 1 0 1 0 0 1 1 1 1 0 0 0 1 0 1 0 0 1 0
260	58	1 1 1 1 1 1 1 1 1 1 1 0 1 0 0 1 1 1 1 1 0 1 1 0 1 0 0 0 1 0 0 1 0 1 0 0 1 1 1 1 0 0 0 1 0 1 0 0 1 0
270	2	1 1 1 1 0 1 1 1 1 1 1 0 1 0 0 1 1 1 1 1 0 1 1 0 1 0 0 0 1 0 0 1 0 1 0 0 1 1 1 1 0 0 0 1 0 1 0 0 0 0
270	32	1 1 1 1 1 1 1 1 1 1 1 0 1 0 0 1 1 1 1 1 0 1 1 0 1 0 0 0 1 0 0 1 0 1 0 0 1 1 1 1 0 0 0 1 0 1 0 0 0 0
270	7	1 1 1 1 1 1 1 1 1 1 1 0 1 0 0 1 1 1 1 1 0 1 1 0 1 0 0 0 1 0 1 1 0 1 0 0 1 1 1 1 0 0 0 1 0 0 0 0 1 0
270	1	1 1 1 1 1 1 1 1 1 1 1 0 1 0 0 1 1 1 1 1 0 1 1 0 1 0 0 0 1 0 1 1 0 1 0 0 1 1 1 1 0 0 0 1 0 1 0 0 1 0
270	1	1 1 1 1 1 1 1 1 1 1 1 0 0 0 0 1 1 1 1 1 0 1 1 0 1 0 0 0 1 0 0 1 0 1 0 0 1 1 1 1 0 0 0 1 0 1 0 0 1 0
270	1	1 1 1 1 1 1 1 1 1 1 1 0 1 1 0 0 1 1 1 1 0 1 1 0 1 0 0 0 1 0 0 1 0 1 0 0 1 1 1 1 0 0 0 1 0 1 0 0 1 0
270	1	1 1 1 1 1 1 1 1 1 1 1 0 1 0 0 0 1 1 1 1 0 1 1 0 1 0 0 0 1 0 0 1 0 1 0 0 1 1 1 1 0 0 0 1 0 1 0 0 1 0
270	1	1 1 1 1 1 1 1 1 1 1 1 0 1 0 0 1 1 1 1 1 0 1 1 0 1 0 0 0 1 0 0 1 0 1 0 0 1 1 1 1 0 0 0 1 0 1 0 1 1 0
270	1	1 1 1 1 1 1 1 1 1 1 1 0 1 0 0 1 1 1 1 1 0 1 1 0 1 0 0 1 1 0 0 1 0 1 0 0 1 1 1 1 0 0 0 1 0 1 0 0 1 0
270	50	1 1 1 1 1 1 1 1 1 1 1 0 1 0 0 1 1 1 1 1 0 1 1 0 1 0 0 0 1 0 0 1 0 1 0 0 1 1 1 1 0 0 0 1 0 1 0 0 1 0
270	1	1 1 1 1 1 1 1 1 1 1 1 1 1 0 0 1 1 1 1 1 0 1 1 0 1 0 0 0 1 0 0 1 0 1 0 0 1 1 1 1 0 0 0 1 0 1 0 0 1 0
270	1	1 1 1 1 1 1 1 1 1 0 1 0 1 1 0 1 1 1 1 1 0 1 1 0 1 0 0 0 1 0 0 1 0 1 0 0 1 1 1 1 0 0 0 1 0 1 0 0 1 0
270	1	1 1 1 1 1 1 1 1 1 1 1 0 1 0 0 1 1 1 1 1 0 1 1 0 1 0 0 0 1 0 0 1 0 1 0 0 1 1 1 0 0 0 0 1 0 1 0 0 1 0
280	1	1 0 1 1 1 1 1 1 1 1 1 0 1 0 0 1 1 1 1 1 0 1 1 0 1 0 0 1 1 0 0 1 0 1 0 0 1 1 1 1 0 0 0 1 0 1 0 0 0 0
280	3	1 1 1 1 1 1 1 1 1 1 1 0 1 0 0 1 1 1 1 1 0 1 1 0 1 0 0 0 1 0 0 1 0 1 0 0 1 1 1 0 0 0 0 1 0 1 0 0 0 0
280	1	1 1 1 1 1 1 1 1 1 1 1 0 1 1 0 1 1 1 1 1 0 1 1 0 1 0 0 0 1 0 0 1 0 1 0 0 1 1 1 1 0 0 0 1 0 1 0 0 0 0
280	32	1 1 1 1 1 1 1 1 1 1 1 0 1 0 0 1 1 1 1 1 0 1 1 0 1 0 0 0 1 0 0 1 0 1 0 0 1 1 1 1 0 0 0 1 0 1 0 0 0 0
280	5	1 1 1 1 1 1 1 1 1 1 1 0 1 0 0 1 1 1 1 1 0 1 1 0 1 0 0 0 1 0 1 1 0 1 0 0 1 1 1 1 0 0 0 1 0 1 0 0 1 0
280	7	1 1 1 1 1 1 1 1 1 1 1 0 1 0 0 1 1 1 1 1 0 1 1 0 1 0 0 0 1 0 1 1 0 1 0 0 1 1 1 1 0 0 0 1 0 0 0 0 1 0
280	2	1 1 1 1 1 1 1 1 1 1 1 0 1 0 0 0 1 1 1 1 0 1 1 0 1 0 0 0 1 0 0 1 0 1 0 0 1 1 1 1 0 0 0 1 0 1 0 0 1 0
280	2	1 1 1 1 1 1 1 1 1 1 1 0 1 0 0 1 1 1 1 1 0 1 1 0 1 0 0 0 1 0 0 1 0 1 0 0 1 1 1 1 0 0 0 1 0 1 0 1 1 0
280	1	1 1 0 1 1 1 1 1 1 1 1 0 1 0 0 1 1 1 1 1 0 1 1 0 1 0 0 0 1 0 0 1 0 1 0 0 1 1 1 1 0 0 0 1 0 1 0 0 1 0
280	1	1 1 1 1 1 1 1 1 1 1 1 0 1 0 0 1 1 1 0 1 0 1 1 0 1 0 0 0 1 0 0 1 0 1 0 0 1 1 1 1 0 0 0 1 0 1 0 0 1 0
280	2	1 1 1 1 1 1 1 1 1 1 1 0 1 0 0 1 1 1 1 1 0 0 1 0 1 0 0 0 1 0 0 1 0 1 0 0 1 1 1 1 0 0 0 1 0 1 0 0 1 0
280	1	1 1 1 1 1 1 1 1 1 1 1 0 1 0 0 1 1 1 1 1 0 1 1 0 1 0 1 0 1 0 0 1 0 1 0 0 1 1 1 1 0 0 0 1 0 1 0 0 1 0
280	3	1 1 1 1 1 1 1 1 1 1 1 0 1 0 0 1 1 1 1 1 0 1 1 0 1 0 0 0 1 0 0 1 0 1 0 0 1 1 1 0 0 0 0 1 0 1 0 0 1 0
280	38	1 1 1 1 1 1 1 1 1 1 1 0 1 0 0 1 1 1 1 1 0 1 1 0 1 0 0 0 1 0 0 1 0 1 0 0 1 1 1 1 0 0 0 1 0 1 0 0 1 0
280	1	1 1 1 1 1 1 1 1 1 1 1 0 1 0 0 1 1 1 1 1 0 1 0 0 1 0 0 0 1 0 0 1 0 1 0 0 1 1 1 1 0 0 0 1 0 1 0 0 1 0
290	2	1 0 1 1 1 1 1 1 1 1 1 0 1 0 0 1 1 1 1 1 0 1 1 0 1 0 0 0 1 0 0 1 0 1 0 0 1 1 1 1 0 0 0 1 0 1 0 0 0 0
290	6	1 1 1 1 1 1 1 1 1 1 1 0 1 0 0 1 1 1 1 1 0 1 1 0 1 0 0 0 1 0 0 1 0 1 0 0 1 1 1 0 0 0 0 1 0 1 0 0 0 0
290	3	1 1 1 1 1 1 1 1 1 1 1 0 1 1 0 1 1 1 1 1 0 1 1 0 1 0 0 0 1 0 0 1 0 1 0 0 1 1 1 1 0 0 0 1 0 1 0 0 0 0
290	1	1 1 1 1 1 1 1 1 1 1 1 0 1 0 0 1 1 1 1 1 0 1 1 0 1 0 0 0 1 0 0 1 0 1 0 0 1 1 1 1 0 0 0 1 1 1 0 0 1 0
290	1	1 1 1 1 1 1 1 1 1 1 1 0 1 0 0 1 1 1 1 1 0 1 1 0 1 0 0 0 0 0 0 1 0 1 0 0 1 1 1 1 0 0 0 1 0 1 0 0 1 0
290	1	1 1 1 1 1 1 1 1 1 1 1 0 1 0 0 1 1 1 1 1 0 1 1 0 1 1 0 0 1 0 0 1 0 1 0 0 1 1 1 1 0 0 0 1 0 1 0 0 0 0
290	39	1 1 1 1 1 1 1 1 1 1 1 0 1 0 0 1 1 1 1 1 0 1 1 0 1 0 0 0 1 0 0 1 0 1 0 0 1 1 1 1 0 0 0 1 0 1 0 0 0 0
290	1	1 1 1 1 1 1 1 1 1 1 1 0 1 0 0 1 1 1 1 1 0 1 1 0 1 0 0 0 1 0 0 1 0 1 0 0 1 0 1 1 0 0 0 1 0 1 0 0 1 0
290	29	1 1 1 1 1 1 1 1 1 1 1 0 1 0 0 1 1 1 1 1 0 1 1 0 1 0 0 0 1 0 0 1 0 1 0 0 1 1 1 1 0 0 0 1 0 1 0 0 1 0
290	1	1 1 1 1 1 1 1 1 1 1 1 0 1 0 0 1 1 1 1 1 0 1 1 0 1 0 0 0 1 0 1 1 0 1 0 0 1 1 1 1 0 0 0 1 0 1 0 0 1 0
290	1	1 1 1 1 1 0 1 1 1 1 1 0 1 0 0 1 1 1 1 1 0 1 1 0 1 0 0 0 1 0 1 1 0 1 0 0 1 1 1 1 0 0 0 1 0 0 0 0 1 0
290	6	1 1 1 1 1 1 1 1 1 1 1 0 1 0 0 1 1 1 1 1 0 1 1 0 1 0 0 0 1 0 1 1 0 1 0 0 1 1 1 1 0 0 0 1 0 0 0 0 1 0
290	3	1 1 1 1 1 1 1 1 1 1 1 0 1 0 0 1 1 1 1 1 0 1 1 0 1 0 0 0 1 0 0 1 0 1 0 0 1 1 1 1 0 0 0 1 0 1 0 1 1 0
290	2	1 1 1 1 1 1 1 1 1 1 1 0 1 0 0 1 1 1 1 1 0 1 1 0 1 0 1 0 1 0 0 1 0 1 0 0 1 1 1 1 0 0 0 1 0 1 0 0 1 0
290	2	1 1 1 1 1 1 1 1 1 1 1 0 1 0 0 1 1 1 1 1 0 1 1 0 1 0 0 0 1 0 0 1 0 1 0 0 1 1 1 0 0 0 0 1 0 1 0 0 1 0
290	2	1 1 1 1 1 1 1 1 1 1 1 0 1 0 0 0 1 1 1 1 0 1 0 0 1 0 0 0 1 0 0 1 0 1 0 0 1 1 1 1 0 0 0 1 0 1 0 0 1 0
300	2	1 0 1 1 1 1 1 1 1 1 1 0 1 0 0 1 1 1 1 1 0 1 1 0 1 0 0 0 1 0 0 1 0 1 0 0 1 1 1 1 0 0 0 1 0 1 0 0 0 0
300	4	1 1 1 1 1 1 1 1 1 1 1 0 1 0 0 1 1 1 1 1 0 1 1 0 1 0 0 0 1 0 0 1 0 1 0 0 1 1 1 0 0 0 0 1 0 1 0 0 0 0
300	1	1 1 1 1 1 1 1 1 1 1 1 0 1 0 0 1 1 1 1 1 0 1 1 0 1 0 0 0 0 0 0 1 0 1 0 0 1 1 1 1 0 0 0 1 0 1 0 0 1 0
300	1	1 1 1 1 1 1 1 1 1 1 1 0 1 0 0 1 1 1 1 1 1 1 1 0 1 0 0 0 1 0 0 1 0 1 0 0 1 1 1 1 0 0 0 1 0 1 0 0 0 0
300	1	1 1 1 1 1 1 1 1 1 1 1 0 0 0 0 1 1 1 1 1 0 1 1 0 1 0 0 0 1 0 0 1 0 1 0 0 1 1 1 1 0 0 0 1 0 1 0 0 0 0
300	1	1 1 1 1 1 1 1 1 1 1 1 0 1 0 0 1 1 1 1 1 0 1 1 0 1 0 0 0 0 0 0 1 0 1 0 0 1 1 1 1 0 0 0 1 0 1 0 0 0 0
300	1	1 1 1 1 1 1 1 1 1 1 0 0 1 0 0 1 1 1 1 1 0 1 1 0 1 0 0 0 1 0 0 1 0 1 0 0 1 1 1 1 0 0 0 1 0 1 0 0 0 0
300	38	1 1 1 1 1 1 1 1 1 1 1 0 1 0 0 1 1 1 1 1 0 1 1 0 1 0 0 0 1 0 0 1 0 1 0 0 1 1 1 1 0 0 0 1 0 1 0 0 0 0
300	1	1 1 1 1 1 1 1 1 1 1 1 0 1 0 0 1 1 1 1 1 0 1 1 0 1 0 0 0 1 0 0 1 0 1 0 0 0 1 1 1 0 0 0 1 0 1 0 0 1 0
300	36	1 1 1 1 1 1 1 1 1 1 1 0 1 0 0 1 1 1 1 1 0 1 1 0 1 0 0 0 1 0 0 1 0 1 0 0 1 1 1 1 0 0 0 1 0 1 0 0 1 0
300	1	1 1 1 1 1 1 0 1 1 1 1 0 1 0 0 1 1 1 1 1 0 1 1 0 1 0 0 0 1 0 0 1 0 1 0 0 1 1 1 1 0 0 0 1 0 1 0 0 0 0
300	10	1 1 1 1 1 1 1 1 1 1 1 0 1 0 0 1 1 1 1 1 0 1 1 0 1 0 0 0 1 0 1 1 0 1 0 0 1 1 1 1 0 0 0 1 0 0 0 0 1 0
300	1	1 1 1 1 1 1 1 1 1 1 1 0 1 0 0 1 1 1 1 1 0 1 1 0 1 0 0 0 1 0 0 1 0 1 0 0 1 1 1 1 0 0 0 1 0 1 0 1 1 0
300	1	1 1 1 1 1 1 1 1 1 1 1 0 1 0 0 1 1 1 1 1 0 1 1 1 1 0 0 0 1 0 0 1 0 1 0 0 1 1 1 1 0 0 0 1 0 1 0 0 1 0
300	1	1 1 1 1 1 1 1 1 1 1 1 0 1 0 0 1 1 1 1 1 0 1 1 0 1 0 1 0 1 0 0 1 0 1 0 0 1 1 1 1 0 0 0 1 0 1 0 0 1 0
310	1	1 0 1 1 1 1 1 1 1 0 1 0 1 0 0 1 1 1 1 1 0 1 1 0 1 0 0 0 1 0 0 1 0 1 0 0 1 1 1 1 0 0 0 1 0 1 0 0 0 0
310	4	1 1 1 1 1 1 1 1 1 1 1 0 1 0 0 1 1 1 1 1 0 1 1 0 1 0 0 1 1 0 0 1 0 1 0 0 1 1 1 1 0 0 0 1 0 1 0 0 0 0
310	2	1 1 1 1 1 1 1 1 1 1 1 0 1 0 0 1 1 1 1 1 0 1 1 0 1 0 0 0 0 0 0 1 0 1 0 0 1 1 1 1 0 0 0 1 0 1 0 0 0 0
310	1	1 1 1 1 1 1 1 1 1 1 1 0 1 1 0 1 1 1 1 1 0 1 1 0 1 0 0 0 1 0 0 1 0 1 0 0 1 1 1 1 0 0 0 1 0 1 0 0 0 0
310	1	1 1 1 1 1 1 1 1 1 1 1 0 1 0 0 1 1 1 1 1 0 1 1 0 1 0 0 0 1 1 0 1 0 1 0 0 1 1 1 1 0 0 0 1 0 1 0 0 0 0
310	2	1 1 1 1 1 1 1 1 1 1 1 0 1 0 0 1 1 1 1 1 0 1 1 0 1 0 1 0 1 0 0 1 0 1 0 0 1 1 1 1 0 0 0 1 0 1 0 0 0 0
310	47	1 1 1 1 1 1 1 1 1 1 1 0 1 0 0 1 1 1 1 1 0 1 1 0 1 0 0 0 1 0 0 1 0 1 0 0 1 1 1 1 0 0 0 1 0 1 0 0 0 0
310	1	1 1 1 1 1 1 1 1 1 1 1 0 1 0 0 1 1 1 1 1 0 1 1 0 1 0 0 0 1 0 0 1 0 1 0 0 0 1 1 1 0 0 0 1 0 1 0 0 1 0
310	2	1 1 1 1 1 1 1 1 1 1 1 0 1 0 0 1 1 1 1 1 0 1 1 0 1 0 0 0 1 0 1 1 0 1 0 0 1 1 1 1 0 0 0 1 0 1 0 0 1 0
310	1	1 1 1 1 1 1 1 1 1 1 1 0 1 0 0 1 1 1 1 1 0 1 0 0 1 0 0 0 1 0 0 1 0 1 0 0 1 1 1 1 0 0 0 1 0 1 0 0 1 0
310	1	1 1 1 1 1 1 0 1 1 1 1 0 1 0 0 1 1 1 1 1 0 1 1 0 1 0 0 0 1 0 0 1 0 1 0 0 1 1 1 1 0 0 0 1 0 1 0 0 1 0
310	2	1 1 1 1 1 1 1 1 1 1 1 0 1 0 0 1 1 1 1 1 0 1 1 0 1 0 1 0 1 0 0 1 0 1 0 0 1 1 1 1 0 0 0 1 0 1 0 0 1 0
310	21	1 1 1 1 1 1 1 1 1 1 1 0 1 0 0 1 1 1 1 1 0 1 1 0 1 0 0 0 1 0 0 1 0 1 0 0 1 1 1 1 0 0 0 1 0 1 0 0 1 0
310	1	1 1 1 1 1 1 1 1 1 1 1 0 1 0 0 1 1 1 1 1 0 1 1 0 1 0 0 0 1 0 1 1 0 1 0 1 1 1 1 1 0 0 0 1 0 0 0 0 1 0
310	12	1 1 1 1 1 1 1 1 1 1 1 0 1 0 0 1 1 1 1 1 0 1 1 0 1 0 0 0 1 0 1 1 0 1 0 0 1 1 1 1 0 0 0 1 0 0 0 0 1 0
310	1	1 1 1 1 1 1 1 1 1 1 1 0 1 0 0 0 1 1 1 1 0 1 0 0 1 0 0 0 1 0 0 1 0 1 0 0 1 1 1 1 0 0 0 1 0 1 0 0 1 0
