10	19	1 0 1 0 0 1 0 0 1 1 0 0 0 0 1 0 1 1 1 0 1 0 0 1 1 1 0 0 0 1 0 0 0 1 1 0 1 1 0 1 1 1 1 0 1 1 0 0 1 1
10	3	1 1 1 0 0 0 0 1 0 0 0 1 1 0 0 0 1 1 1 1 1 1 1 1 0 1 1 1 1 0 1 1 1 1 1 1 0 0 1 1 1 0 1 0 0 1 1 0 1 0
10	1	1 1 1 0 0 0 0 1 0 0 0 1 1 1 0 0 1 1 1 1 1 1 1 1 0 1 1 1 1 0 1 1 1 1 1 1 0 0 1 0 1 0 1 0 0 1 1 0 1 0
10	6	1 1 1 0 0 0 0 1 0 0 0 1 1 1 0 0 1 1 1 1 1 1 1 1 0 1 1 1 1 0 1 1 1 1 1 1 0 0 1 1 1 0 1 0 0 1 1 0 1 0
10	25	0 1 1 1 0 1 1 0 0 0 0 1 1 1 0 0 0 1 0 0 0 0 1 1 1 0 1 0 0 1 1 1 1 1 0 1 1 1 0 0 1 1 0 0 1 0 0 0 0 1
10	23	0 1 1 0 0 1 0 1 1 0 0 1 0 0 1 0 0 1 0 0 0 0 0 1 1 0 1 0 0 1 1 1 0 0 1 1 0 1 1 1 1 0 1 0 0 0 1 0 1 0
10	23	1 0 0 1 0 1 0 1 0 1 0 0 1 1 1 1 0 0 1 0 1 1 0 1 1 1 1 0 1 1 0 1 0 1 1 0 1 1 0 0 1 1 1 1 1 1 0 0 1 0
20	19	1 0 1 0 0 1 0 0 1 1 0 0 0 0 1 0 1 1 1 0 1 0 0 1 1 1 0 0 0 1 0 0 0 1 1 0 1 1 0 1 1 1 1 0 1 1 0 0 1 1
20	2	1 1 1 0 0 0 0 1 0 0 0 1 1 1 0 0 1 1 1 1 1 1 1 1 0 1 1 1 1 0 1 1 0 1 1 1 0 0 1 1 1 0 1 0 0 1 1 0 1 0
20	13	1 1 1 0 0 0 0 1 0 0 0 1 1 1 0 0 1 1 1 1 1 1 1 1 0 1 1 1 1 0 1 1 1 1 1 1 0 0 1 1 1 0 1 0 0 1 1 0 1 0
20	1	0 1 1 1 0 1 1 0 0 0 0 1 1 1 0 0 0 1 0 0 0 0 1 1 1 0 1 0 0 1 1 1 1 1 0 1 1 1 0 0 1 1 0 0 1 0 0 0 1 1
20	36	0 1 1 1 0 1 1 0 0 0 0 1 1 1 0 0 0 1 0 0 0 0 1 1 1 0 1 0 0 1 1 1 1 1 0 1 1 1 0 0 1 1 0 0 1 0 0 0 0 1
20	16	0 1 1 0 0 1 0 1 1 0 0 1 0 0 1 0 0 1 0 0 0 0 0 1 1 0 1 0 0 1 1 1 0 0 1 1 0 1 1 1 1 0 1 0 0 0 1 0 1 0
20	13	1 0 0 1 0 1 0 1 0 1 0 0 1 1 1 1 0 0 1 0 1 1 0 1 1 1 1 0 1 1 0 1 0 1 1 0 1 1 0 0 1 1 1 1 1 1 0 0 1 0
30	11	1 0 1 0 0 1 0 0 1 1 0 0 0 0 1 0 1 1 1 0 1 0 0 1 1 1 0 0 0 1 0 0 0 1 1 0 1 1 0 1 1 1 1 0 1 1 0 0 1 1
30	9	1 1 1 0 0 0 0 1 0 0 0 1 1 1 0 0 1 1 1 1 1 1 1 1 0 1 1 1 1 0 1 1 1 1 1 1 0 0 1 1 1 0 1 0 0 1 1 0 1 0
30	3	0 1 1 1 0 1 1 0 0 0 0 1 1 1 1 0 0 1 0 0 0 0 1 1 1 0 1 0 0 1 1 1 1 1 0 1 1 1 0 0 1 1 0 0 1 0 0 0 0 1
30	4	0 1 1 1 0 1 1 0 0 0 0 1 1 1 0 0 1 1 0 0 0 0 1 1 1 0 1 0 0 1 1 1 1 1 0 1 1 1 0 0 1 1 0 0 1 0 0 0 0 1
30	3	0 1 1 1 0 1 1 0 0 0 0 1 1 1 0 0 0 1 0 0 0 0 1 1 1 0 1 0 0 0 1 1 1 1 0 1 1 1 0 0 1 1 0 0 1 0 0 0 0 1
30	1	0 1 1 1 0 1 1 0 0 0 0 1 1 1 0 0 0 1 0 0 0 0 1 1 1 0 0 0 0 1 1 1 1 1 0 1 1 1 0 0 1 1 0 0 1 0 0 0 0 1
30	1	0 1 1 1 0 1 1 0 0 0 0 1 1 1 0 0 0 1 0 0 0 0 1 1 1 0 1 0 0 1 1 1 1 1 0 1 1 1 0 0 0 1 0 0 1 0 0 0 0 1
30	1	0 1 1 1 0 1 1 0 0 0 0 1 1 1 0 0 0 1 0 0 0 0 1 1 1 0 1 0 0 1 1 1 1 1 0 1 0 1 0 0 1 1 0 0 1 0 0 0 0 1
30	52	0 1 1 1 0 1 1 0 0 0 0 1 1 1 0 0 0 1 0 0 0 0 1 1 1 0 1 0 0 1 1 1 1 1 0 1 1 1 0 0 1 1 0 0 1 0 0 0 0 1
30	1	0 1 1 0 0 1 0 1 1 0 0 1 0 0 1 0 0 1 0 0 1 0 0 1 1 0 1 0 0 1 1 1 0 0 1 1 0 1 1 1 1 0 1 0 0 0 1 0 1 0
30	1	0 1 1 0 1 1 0 1 1 0 0 1 0 0 1 0 0 1 0 0 0 0 0 1 1 0 1 0 0 1 1 1 0 0 1 1 0 1 1 1 1 0 1 0 0 0 1 0 1 0
30	1	0 1 1 0 0 1 0 1 1 0 0 1 0 0 1 1 0 1 0 0 0 0 0 1 1 0 1 0 0 1 1 1 0 0 1 1 0 1 1 1 1 0 1 0 0 0 1 0 1 0
30	6	0 1 1 0 0 1 0 1 1 0 0 1 0 0 1 0 0 1 0 0 0 0 0 1 1 0 1 0 0 1 1 1 0 0 1 1 0 1 1 1 1 0 1 0 0 0 1 0 1 0
30	6	1 0 0 1 0 1 0 1 0 1 0 0 1 1 1 1 0 0 1 0 1 1 0 1 1 1 1 0 1 1 0 1 0 1 1 0 1 1 0 0 1 1 1 1 1 1 0 0 1 0
40	2	1 0 1 0 0 1 0 0 1 1 0 0 0 0 1 0 1 1 1 0 1 0 0 1 1 1 0 0 0 1 0 0 0 1 1 0 1 1 0 1 1 1 1 0 1 1 0 0 1 1
40	7	1 1 1 0 0 0 0 1 0 0 0 1 1 1 0 0 1 1 1 1 1 1 1 1 0 1 1 1 1 0 1 1 1 1 1 1 0 0 1 1 1 0 1 0 0 1 1 0 1 0
40	7	0 1 1 1 0 1 1 0 0 0 0 1 1 1 0 0 1 1 0 0 0 0 1 1 1 0 1 0 0 1 1 1 1 1 0 1 1 1 0 0 1 1 0 0 1 0 0 0 0 1
40	2	0 1 1 1 0 1 1 0 0 0 0 1 1 1 0 0 0 1 0 0 0 0 1 1 1 0 1 0 0 0 1 1 1 1 0 1 1 1 0 0 1 1 0 0 1 0 0 0 0 1
40	1	0 1 1 1 0 1 1 0 0 1 0 1 1 1 0 0 0 1 0 0 0 0 1 1 1 0 1 0 0 1 1 1 1 1 0 1 1 1 0 0 1 0 0 0 1 0 0 0 0 1
40	4	0 1 1 1 0 1 1 0 0 0 0 1 1 1 0 0 0 1 0 0 0 0 1 1 1 0 0 0 0 1 1 1 1 1 0 1 1 1 0 0 1 1 0 0 1 0 0 0 0 1
40	2	0 1 1 1 0 1 1 0 0 0 0 1 1 1 0 0 0 1 0 0 0 0 1 1 1 0 1 0 0 1 1 1 1 1 0 1 0 1 0 0 1 1 0 0 1 0 0 0 0 1
40	66	0 1 1 1 0 1 1 0 0 0 0 1 1 1 0 0 0 1 0 0 0 0 1 1 1 0 1 0 0 1 1 1 1 1 0 1 1 1 0 0 1 1 0 0 1 0 0 0 0 1
40	8	0 1 1 0 0 1 0 1 1 0 0 1 0 0 1 0 0 1 0 0 0 0 0 1 1 0 1 0 0 1 1 1 0 0 1 1 0 1 1 1 1 0 1 0 0 0 1 0 1 0
40	1	1 0 0 1 0 1 0 1 0 1 0 0 1 1 1 1 0 0 1 0 1 1 0 1 1 1 1 0 1 1 0 1 0 1 1 0 1 1 0 0 1 1 1 1 1 1 0 0 1 0
50	3	1 1 1 0 0 0 0 1 0 0 0 1 1 1 0 0 1 1 1 1 1 1 1 1 0 1 1 1 1 0 1 1 1 1 1 1 0 0 1 1 1 0 1 0 0 1 1 0 1 0
50	5	0 1 1 1 0 1 1 0 0 0 0 1 1 1 0 0 1 1 0 0 0 0 1 1 1 0 1 0 0 1 1 1 1 1 0 1 1 1 0 0 1 1 0 0 1 0 0 0 0 1
50	4	0 1 1 1 0 1 1 0 0 0 0 1 1 1 0 0 0 1 0 0 0 0 1 1 1 0 1 0 0 0 1 1 1 1 0 1 1 1 0 0 1 1 0 0 1 0 0 0 0 1
50	1	0 1 1 1 0 1 1 0 0 1 0 1 1 1 0 0 0 1 0 0 0 0 1 1 1 0 1 0 0 1 1 1 1 1 0 1 1 1 0 0 1 1 0 0 1 0 0 0 0 1
50	2	0 1 1 1 0 1 1 0 0 0 0 1 1 1 0 0 0 1 0 0 0 0 1 1 1 0 0 0 0 1 1 1 1 1 0 1 1 1 0 0 1 1 0 0 1 0 0 0 0 1
50	1	0 1 1 1 0 1 1 0 0 0 0 1 0 1 0 0 0 1 0 0 0 0 1 1 1 0 1 0 0 1 1 1 1 1 0 1 0 1 0 0 1 1 0 0 1 0 0 0 0 1
50	2	0 1 1 1 0 1 1 0 0 0 0 1 1 1 0 0 0 1 0 0 0 0 1 1 1 0 1 0 0 1 1 1 1 1 0 1 0 1 0 0 1 1 0 0 1 0 0 0 0 1
50	2	0 1 1 1 0 1 1 0 0 0 0 1 1 1 0 0 0 1 0 0 0 0 1 1 1 0 1 0 0 1 1 1 0 1 0 1 1 1 0 0 1 1 0 0 1 0 0 0 0 1
50	1	0 1 1 1 0 1 1 0 0 0 0 1 1 1 0 0 0 1 1 0 0 0 1 1 1 0 1 0 0 1 1 1 1 1 0 1 1 1 0 0 1 1 0 0 1 0 0 0 0 1
50	70	0 1 1 1 0 1 1 0 0 0 0 1 1 1 0 0 0 1 0 0 0 0 1 1 1 0 1 0 0 1 1 1 1 1 0 1 1 1 0 0 1 1 0 0 1 0 0 0 0 1
50	4	0 1 1 0 1 1 0 1 1 0 0 1 0 0 1 0 0 1 0 0 0 0 0 1 1 0 1 0 0 1 1 1 0 0 1 1 0 1 1 1 1 0 1 0 0 0 1 0 1 0
50	1	0 1 1 0 0 1 0 1 1 0 0 1 0 0 1 0 0 1 0 0 0 0 0 1 1 0 1 0 0 1 1 1 0 0 1 1 0 1 1 1 1 0 0 0 0 0 1 0 1 0
50	4	0 1 1 0 0 1 0 1 1 0 0 1 0 0 1 0 0 1 0 0 0 0 0 1 1 0 1 0 0 1 1 1 0 0 1 1 0 1 1 1 1 0 1 0 0 0 1 0 1 0
60	3	0 1 1 1 0 1 1 0 0 0 0 1 1 1 0 0 1 1 0 0 0 0 1 1 1 0 1 0 0 1 1 1 1 1 0 1 1 1 0 0 1 1 0 0 1 0 0 0 0 1
60	3	0 1 1 1 1 1 1 0 0 0 0 1 1 1 0 0 0 1 0 0 0 0 1 1 1 0 1 0 0 1 1 1 1 1 0 1 1 1 0 0 1 1 0 0 1 0 0 0 0 1
60	67	0 1 1 1 0 1 1 0 0 0 0 1 1 1 0 0 0 1 0 0 0 0 1 1 1 0 1 0 0 1 1 1 1 1 0 1 1 1 0 0 1 1 0 0 1 0 0 0 0 1
60	1	0 1 1 1 0 1 1 0 0 1 0 1 1 1 0 0 0 1 0 0 1 0 1 1 1 0 1 0 0 1 1 1 1 1 0 1 1 1 0 0 1 1 0 0 1 0 0 0 0 1
60	4	0 1 1 1 0 1 1 0 0 1 0 1 1 1 0 0 0 1 0 0 0 0 1 1 1 0 1 0 0 1 1 1 1 1 0 1 1 1 0 0 1 1 0 0 1 0 0 0 0 1
60	4	0 1 1 1 0 1 1 0 0 0 0 1 1 1 0 0 0 1 0 0 0 0 1 1 1 0 0 0 0 1 1 1 1 1 0 1 1 1 0 0 1 1 0 0 1 0 0 0 0 1
60	1	0 1 1 1 0 1 1 0 0 0 0 1 0 1 0 0 0 1 0 0 0 0 1 1 1 0 1 0 0 1 1 1 1 1 0 1 0 1 0 0 1 1 0 0 1 0 0 0 0 1
60	6	0 1 1 1 0 1 1 0 0 0 0 1 1 1 0 0 0 1 0 0 0 0 1 1 1 0 1 0 0 1 1 1 1 1 0 1 0 1 0 0 1 1 0 0 1 0 0 0 0 1
60	6	0 1 1 0 1 1 0 1 1 0 0 1 0 0 1 0 0 1 0 0 0 0 0 1 1 0 1 0 0 1 1 1 0 0 1 1 0 1 1 1 1 0 1 0 0 0 1 0 1 0
60	3	0 1 1 0 0 1 0 1 1 0 0 1 0 0 1 0 0 1 0 0 0 0 0 1 1 0 1 0 0 1 1 1 0 0 1 1 0 1 1 1 1 0 1 0 0 0 1 0 1 0
60	1	1 0 1 1 0 1 0 1 0 1 0 0 1 1 1 1 0 0 1 0 1 1 0 1 1 1 1 0 1 1 0 1 0 1 1 0 1 1 0 0 1 1 1 1 1 1 0 0 1 0
60	1	1 0 0 1 0 1 0 1 0 1 0 0 1 1 1 1 0 0 1 0 1 1 0 1 1 1 1 0 1 1 0 1 0 1 1 0 1 1 0 0 1 1 1 1 1 1 0 0 1 0
70	1	0 1 1 1 0 1 1 0 0 0 0 1 1 1 0 0 1 1 0 0 0 0 1 1 1 0 1 0 0 1 1 1 1 1 0 1 1 1 0 0 1 1 0 0 1 0 0 0 0 1
70	8	0 1 1 1 1 1 1 0 0 0 0 1 1 1 0 0 0 1 0 0 0 0 1 1 1 0 1 0 0 1 1 1 1 1 0 1 1 1 0 0 1 1 0 0 1 0 0 0 0 1
70	1	0 1 1 1 0 1 1 0 0 1 0 1 0 1 0 0 0 1 0 0 0 0 1 1 1 0 1 0 0 1 1 1 1 1 0 1 1 1 0 0 1 1 0 0 1 0 0 0 0 1
70	5	0 1 1 1 0 1 1 0 0 1 0 1 1 1 0 0 0 1 0 0 0 0 1 1 1 0 1 0 0 1 1 1 1 1 0 1 1 1 0 0 1 1 0 0 1 0 0 0 0 1
70	2	0 1 1 1 0 1 1 0 0 0 0 1 1 1 0 0 0 1 0 0 1 0 1 1 1 0 1 0 0 1 1 1 1 1 0 1 1 1 0 0 1 1 0 0 1 0 0 0 0 1
70	1	0 1 1 1 0 1 1 0 0 0 0 1 1 1 0 0 0 1 0 0 0 0 1 1 1 0 1 0 0 1 1 0 1 1 0 1 1 1 0 0 1 1 0 0 1 0 0 0 0 1
70	61	0 1 1 1 0 1 1 0 0 0 0 1 1 1 0 0 0 1 0 0 0 0 1 1 1 0 1 0 0 1 1 1 1 1 0 1 1 1 0 0 1 1 0 0 1 0 0 0 0 1
70	1	0 1 1 1 0 1 1 0 0 0 0 1 1 1 0 0 0 1 0 0 0 0 1 1 1 0 1 0 0 0 1 1 1 1 0 1 1 1 0 0 1 1 0 0 1 0 0 0 0 1
70	1	0 1 1 1 0 1 1 0 0 1 0 1 1 1 0 0 0 1 0 0 1 0 1 1 1 0 1 0 0 1 1 1 1 1 0 1 1 1 0 0 1 1 0 0 1 0 0 0 0 1
70	1	0 1 1 1 0 1 1 0 0 1 0 1 1 1 0 0 0 1 0 0 0 0 1 1 1 0 1 1 0 1 1 1 1 1 0 1 1 1 0 0 1 1 0 0 1 0 0 0 0 1
70	6	0 1 1 1 0 1 1 0 0 0 0 1 1 1 0 0 0 1 0 0 0 0 1 1 1 0 0 0 0 1 1 1 1 1 0 1 1 1 0 0 1 1 0 0 1 0 0 0 0 1
70	5	0 1 1 1 0 1 1 0 0 0 0 1 1 1 0 0 0 1 0 0 0 0 1 1 1 0 1 0 0 1 1 1 1 1 0 1 0 1 0 0 1 1 0 0 1 0 0 0 0 1
70	6	0 1 1 0 1 1 0 1 1 0 0 1 0 0 1 0 0 1 0 0 0 0 0 1 1 0 1 0 0 1 1 1 0 0 1 1 0 1 1 1 1 0 1 0 0 0 1 0 1 0
70	1	0 1 1 0 0 1 0 1 1 0 0 1 0 0 1 0 0 1 0 0 0 0 0 1 1 0 1 0 0 1 1 1 0 0 1 1 0 1 1 1 1 0 1 0 0 0 1 0 1 0
80	4	0 1 1 1 0 1 1 0 0 0 0 1 1 1 0 0 1 1 0 0 0 0 1 0 1 0 1 0 0 1 1 1 1 1 0 1 1 1 0 0 1 1 0 0 1 0 0 0 0 1
80	1	0 1 1 1 0 1 1 0 0 0 0 1 1 1 0 0 1 1 0 0 0 0 1 1 1 0 1 0 0 1 1 1 1 1 0 1 1 1 0 0 1 1 0 0 1 0 0 0 0 1
80	3	0 1 1 1 0 1 1 0 0 0 0 1 1 1 0 0 0 1 0 0 0 0 1 1 1 0 1 0 0 1 1 1 1 1 0 1 1 0 0 0 1 1 0 0 1 0 0 0 0 1
80	1	0 1 1 1 0 1 1 0 0 0 0 1 1 1 0 0 0 1 0 0 0 0 1 1 1 0 1 0 0 1 1 1 1 1 0 1 0 1 0 0 1 1 0 0 1 0 0 0 0 1
80	5	0 1 1 1 1 1 1 0 0 0 0 1 1 1 0 0 0 1 0 0 0 0 1 1 1 0 1 0 0 1 1 1 1 1 0 1 1 1 0 0 1 1 0 0 1 0 0 0 0 1
80	13	0 1 1 1 0 1 1 0 0 1 0 1 1 1 0 0 0 1 0 0 0 0 1 1 1 0 1 0 0 1 1 1 1 1 0 1 1 1 0 0 1 1 0 0 1 0 0 0 0 1
80	1	0 1 1 1 0 1 1 0 0 0 0 1 1 1 0 0 0 1 0 0 0 0 1 1 1 0 1 0 0 1 1 1 1 1 0 1 1 1 0 0 1 1 0 0 1 0 0 0 1 1
80	1	0 1 1 0 0 1 1 0 0 0 0 1 1 1 0 0 0 1 0 0 0 0 1 1 1 0 1 0 0 1 1 1 1 1 0 1 1 1 0 0 1 1 0 0 1 0 0 0 0 1
80	38	0 1 1 1 0 1 1 0 0 0 0 1 1 1 0 0 0 1 0 0 0 0 1 1 1 0 1 0 0 1 1 1 1 1 0 1 1 1 0 0 1 1 0 0 1 0 0 0 0 1
80	1	0 1 1 1 1 1 1 0 0 0 0 1 1 1 0 0 0 1 0 0 1 0 1 1 1 0 1 0 0 1 1 1 1 1 0 1 1 1 0 0 1 1 0 0 1 0 0 0 0 1
80	1	0 1 1 1 0 1 1 0 0 0 0 0 1 1 0 0 0 1 0 0 1 0 1 1 1 0 1 0 0 1 1 1 1 1 0 1 1 1 0 0 1 1 0 0 1 0 0 0 0 1
80	1	0 1 1 1 0 1 1 0 0 0 0 1 1 1 0 0 0 1 0 0 1 0 1 1 1 0 1 0 0 1 1 1 1 1 0 1 1 1 0 0 1 1 0 0 1 0 0 0 0 1
80	1	1 1 1 1 0 1 1 0 0 0 0 1 1 1 0 0 0 1 0 0 0 0 1 1 1 0 1 0 0 1 1 1 1 1 0 1 1 1 0 0 1 1 0 0 1 0 0 0 0 1
80	1	0 1 1 1 0 1 1 0 0 0 1 1 1 1 0 0 0 1 0 0 0 0 1 1 1 0 1 0 0 1 1 1 1 1 0 1 1 1 0 0 1 1 0 0 1 0 0 0 0 1
80	1	0 1 1 1 0 1 1 0 0 0 0 1 1 1 0 0 0 1 0 0 0 0 1 1 1 0 0 0 0 1 1 1 1 1 0 1 1 1 0 0 1 1 0 0 1 0 0 0 0 1
80	1	0 1 1 0 0 1 0 1 1 0 0 1 0 0 1 0 0 1 0 0 0 0 0 1 1 0 1 0 0 1 1 1 0 0 1 1 0 1 1 1 1 0 1 0 0 0 1 0 1 0
80	26	0 1 1 0 1 1 0 1 1 0 0 1 0 0 1 0 0 1 0 0 0 0 0 1 1 0 1 0 0 1 1 1 0 0 1 1 0 1 1 1 1 0 1 0 0 0 1 0 1 0
90	2	0 1 1 1 0 1 1 0 0 0 0 1 1 1 0 0 1 1 0 0 0 0 1 0 1 0 1 0 0 1 1 1 1 1 0 1 1 1 0 0 1 1 0 0 1 0 0 0 0 1
90	1	0 1 1 1 0 1 1 0 0 0 0 1 1 1 0 0 0 1 0 0 0 0 1 1 1 0 1 0 0 1 1 1 1 1 0 1 0 1 0 0 1 1 0 0 1 0 0 0 0 1
90	2	0 1 1 0 1 1 1 0 0 0 0 0 1 1 0 0 0 1 0 0 0 0 1 1 1 0 1 0 0 1 1 1 1 1 0 1 1 1 0 0 1 1 0 0 1 0 0 0 0 1
90	9	0 1 1 1 1 1 1 0 0 0 0 1 1 1 0 0 0 1 0 0 0 0 1 1 1 0 1 0 0 1 1 1 1 1 0 1 1 1 0 0 1 1 0 0 1 0 0 0 0 1
90	16	0 1 1 1 0 1 1 0 0 1 0 1 1 1 0 0 0 1 0 0 0 0 1 1 1 0 1 0 0 1 1 1 1 1 0 1 1 1 0 0 1 1 0 0 1 0 0 0 0 1
90	2	0 1 1 1 0 1 1 0 0 0 0 1 1 1 0 0 0 1 0 0 0 0 1 1 1 0 1 0 0 1 1 1 1 1 0 1 1 1 0 0 1 1 0 0 1 0 0 0 1 1
90	3	0 1 1 1 0 1 1 0 0 0 0 1 1 1 0 0 0 1 0 0 1 0 1 1 1 0 1 0 0 1 1 1 1 1 0 1 1 1 0 0 1 1 0 0 1 0 0 0 0 1
90	21	0 1 1 1 0 1 1 0 0 0 0 1 1 1 0 0 0 1 0 0 0 0 1 1 1 0 1 0 0 1 1 1 1 1 0 1 1 1 0 0 1 1 0 0 1 0 0 0 0 1
90	3	0 1 1 1 1 1 1 0 0 0 0 1 1 1 0 0 0 1 0 0 1 0 1 1 1 0 1 0 0 1 1 1 1 1 0 1 1 1 0 0 1 1 0 0 1 0 0 0 0 1
90	3	0 1 1 1 0 1 1 0 0 0 0 1 1 1 0 0 0 1 0 0 0 0 1 1 1 0 0 0 0 1 1 1 1 1 0 1 1 1 0 0 1 1 0 0 1 0 0 0 0 1
90	1	0 1 1 0 1 1 0 1 1 0 0 1 0 0 1 0 0 1 0 0 0 0 0 1 1 0 1 0 0 1 1 1 0 0 1 1 0 1 1 1 1 0 1 0 0 0 1 0 0 0
90	1	0 1 1 0 1 1 0 1 1 0 0 0 0 0 1 0 0 1 0 0 0 0 0 1 1 0 1 0 0 1 1 1 0 0 1 0 0 1 1 1 1 0 1 0 0 0 1 0 1 0
90	1	0 1 1 0 1 1 0 1 1 0 0 1 0 0 1 0 0 1 0 0 0 0 0 1 1 0 1 0 0 1 1 1 0 0 1 0 0 1 1 1 1 0 1 0 0 0 1 0 1 0
90	35	0 1 1 0 1 1 0 1 1 0 0 1 0 0 1 0 0 1 0 0 0 0 0 1 1 0 1 0 0 1 1 1 0 0 1 1 0 1 1 1 1 0 1 0 0 0 1 0 1 0
100	1	0 1 1 1 0 1 1 0 0 0 0 1 1 1 0 0 1 1 0 0 0 0 1 1 1 0 1 0 0 1 1 1 1 1 0 1 1 1 0 0 1 1 0 0 1 0 0 0 0 1
100	2	0 1 1 1 0 1 1 0 0 0 0 1 1 1 0 0 0 1 0 0 0 0 1 1 1 0 1 0 0 1 1 1 1 1 0 1 1 0 0 0 1 1 0 0 1 0 0 0 0 1
100	1	0 1 1 1 0 1 1 0 0 0 1 1 1 1 0 0 0 1 0 0 0 0 1 1 1 0 1 0 0 1 1 1 1 1 0 1 0 1 0 0 1 1 0 0 1 0 0 0 0 1
100	1	0 1 1 1 0 1 1 0 0 0 0 1 1 1 0 0 0 1 0 0 0 0 1 1 1 0 1 0 0 1 1 1 1 1 0 1 0 1 0 0 1 1 0 0 1 0 0 0 0 1
100	11	0 1 1 1 1 1 1 0 0 0 0 1 1 1 0 0 0 1 0 0 0 0 1 1 1 0 1 0 0 1 1 1 1 1 0 1 1 1 0 0 1 1 0 0 1 0 0 0 0 1
100	12	0 1 1 1 0 1 1 0 0 1 0 1 1 1 0 0 0 1 0 0 0 0 1 1 1 0 1 0 0 1 1 1 1 1 0 1 1 1 0 0 1 1 0 0 1 0 0 0 0 1
100	1	0 1 1 1 0 1 1 0 0 0 0 1 1 1 0 0 0 1 0 0 0 0 1 1 1 0 1 0 0 1 1 1 1 1 0 1 1 1 0 0 1 1 0 0 1 1 0 0 0 1
100	1	0 0 1 1 0 1 1 0 0 0 0 1 1 1 0 0 0 1 0 0 0 0 1 1 1 0 1 0 0 1 1 1 1 1 0 1 1 1 0 0 1 1 0 0 1 0 0 0 0 1
100	8	0 1 1 1 0 1 1 0 0 0 0 1 1 1 0 0 0 1 0 0 0 0 1 1 1 0 1 0 0 1 1 1 1 1 0 1 1 1 0 0 1 1 0 0 1 0 0 0 0 1
100	2	0 1 1 1 1 1 1 0 0 0 0 1 1 1 0 0 0 1 0 0 1 0 1 1 1 0 1 0 0 1 1 1 1 1 0 1 0 1 0 0 1 1 0 0 1 0 0 0 0 1
100	3	0 1 1 1 1 1 1 0 0 0 0 1 1 1 0 0 0 1 0 0 1 0 1 1 1 0 1 0 0 1 1 1 1 1 0 1 1 1 0 0 1 1 0 0 1 0 0 0 0 1
100	3	0 1 1 0 1 1 0 1 1 0 0 1 0 0 1 0 0 1 0 0 0 0 0 1 1 0 1 0 0 1 1 1 0 0 1 1 0 1 1 1 1 0 1 0 0 0 1 0 0 0
100	3	0 1 1 0 1 1 0 1 1 1 0 1 0 0 1 0 0 1 0 0 0 0 0 1 1 0 1 0 0 1 1 1 0 0 1 1 0 1 1 1 1 0 1 0 0 0 1 0 1 0
100	2	0 1 1 0 1 1 0 1 1 0 0 1 0 0 1 0 0 1 0 0 0 0 0 1 1 0 1 0 0 1 1 1 0 0 1 1 0 1 1 1 1 0 1 0 0 0 0 0 1 0
100	1	0 1 1 0 1 1 0 1 1 0 0 1 0 0 1 1 0 1 0 0 0 0 0 1 1 0 1 0 0 1 1 1 0 0 1 1 0 1 1 1 1 0 1 0 0 0 1 0 1 0
100	1	0 1 1 0 1 1 0 1 1 0 0 1 0 0 1 0 0 1 0 0 0 0 0 1 1 0 1 0 0 1 0 1 0 0 1 1 0 1 1 1 1 0 1 0 0 0 1 0 1 0
100	47	0 1 1 0 1 1 0 1 1 0 0 1 0 0 1 0 0 1 0 0 0 0 0 1 1 0 1 0 0 1 1 1 0 0 1 1 0 1 1 1 1 0 1 0 0 0 1 0 1 0
110	1	0 1 1 1 0 1 1 0 0 0 0 1 1 1 0 0 1 1 0 0 0 0 1 1 1 0 1 0 0 1 1 1 1 1 0 1 1 1 0 0 1 1 0 0 1 0 0 0 0 1
110	2	0 1 1 1 0 1 1 0 0 0 0 1 1 1 0 0 0 1 0 0 0 0 1 1 1 0 1 0 0 1 1 1 1 1 0 1 0 1 0 0 1 1 0 0 1 0 0 0 0 1
110	10	0 1 1 1 1 1 1 0 0 0 0 1 1 1 0 0 0 1 0 0 0 0 1 1 1 0 1 0 0 1 1 1 1 1 0 1 1 1 0 0 1 1 0 0 1 0 0 0 0 1
110	1	0 1 1 1 0 1 1 0 1 1 0 1 1 1 0 0 0 1 0 0 0 0 1 1 1 0 1 0 0 1 1 1 1 1 0 1 1 1 0 0 1 1 0 0 1 0 0 0 0 1
110	1	0 1 1 1 0 1 1 0 0 1 0 1 0 1 0 0 0 1 0 0 0 0 1 1 1 0 1 0 0 1 1 1 1 1 0 1 1 1 0 0 1 1 0 0 1 0 0 0 0 1
110	7	0 1 1 1 0 1 1 0 0 1 0 1 1 1 0 0 0 1 0 0 0 0 1 1 1 0 1 0 0 1 1 1 1 1 0 1 1 1 0 0 1 1 0 0 1 0 0 0 0 1
110	4	0 1 1 1 0 1 1 0 0 0 0 1 1 1 0 0 0 1 0 0 0 0 1 1 1 0 1 0 0 1 1 1 1 1 0 1 1 1 0 0 1 1 0 0 1 0 0 0 0 1
110	2	0 1 1 1 0 1 1 0 0 1 0 1 1 1 0 0 0 1 0 0 0 0 1 1 1 0 1 1 0 1 1 1 1 1 0 1 1 1 0 0 1 1 0 0 1 0 0 0 0 1
110	1	0 1 1 0 1 1 0 1 1 0 0 1 0 1 1 0 0 1 0 0 0 0 0 1 1 0 1 0 0 1 1 1 0 0 1 1 0 1 1 1 1 0 1 0 0 0 1 0 0 0
110	19	0 1 1 0 1 1 0 1 1 0 0 1 0 0 1 0 0 1 0 0 0 0 0 1 1 0 1 0 0 1 1 1 0 0 1 1 0 1 1 1 1 0 1 0 0 0 1 0 0 0
110	4	0 1 1 0 1 1 0 1 1 1 0 1 0 0 1 0 0 1 0 0 0 0 0 1 1 0 1 0 0 1 1 1 0 0 1 1 0 1 1 1 1 0 1 0 0 0 1 0 1 0
110	4	0 1 1 0 1 1 0 1 1 0 0 1 0 0 1 0 0 1 0 0 0 0 0 1 1 0 1 0 0 1 1 1 0 0 1 1 0 1 1 1 1 0 1 0 0 0 0 0 1 0
110	5	0 1 1 0 1 1 0 1 1 0 0 1 0 0 1 0 0 1 0 0 0 0 0 1 1 0 1 0 0 1 1 1 0 0 1 0 0 1 1 1 1 0 1 0 0 0 1 0 1 0
110	1	0 1 1 0 1 1 0 1 1 0 0 1 0 0 1 0 0 1 0 0 1 0 0 1 1 0 1 0 0 1 1 1 0 0 1 1 0 1 1 1 1 0 1 0 0 0 1 0 1 0
110	38	0 1 1 0 1 1 0 1 1 0 0 1 0 0 1 0 0 1 0 0 0 0 0 1 1 0 1 0 0 1 1 1 0 0 1 1 0 1 1 1 1 0 1 0 0 0 1 0 1 0
120	1	0 1 1 1 1 1 1 0 0 0 0 1 1 1 0 0 0 0 0 0 0 0 1 1 1 0 1 0 0 1 1 1 1 1 0 1 1 1 0 0 1 1 0 0 1 0 0 0 0 1
120	1	0 1 1 1 1 1 1 0 0 0 0 1 1 1 0 0 0 1 0 0 0 0 1 0 1 0 1 0 0 1 1 1 1 1 0 1 1 1 0 0 1 1 0 0 1 0 0 0 0 1
120	9	0 1 1 1 1 1 1 0 0 0 0 1 1 1 0 0 0 1 0 0 0 0 1 1 1 0 1 0 0 1 1 1 1 1 0 1 1 1 0 0 1 1 0 0 1 0 0 0 0 1
120	14	0 1 1 1 0 1 1 0 0 1 0 1 1 1 0 0 0 1 0 0 0 0 1 1 1 0 1 0 0 1 1 1 1 1 0 1 1 1 0 0 1 1 0 0 1 0 0 0 0 1
120	29	0 1 1 0 1 1 0 1 1 0 0 1 0 0 1 0 0 1 0 0 0 0 0 1 1 0 1 0 0 1 1 1 0 0 1 1 0 1 1 1 1 0 1 0 0 0 1 0 0 0
120	1	0 1 1 0 1 1 0 1 1 1 0 1 0 0 0 0 0 1 1 0 0 0 0 1 1 0 1 0 0 1 1 1 0 0 1 1 0 1 1 1 1 0 1 0 0 0 1 0 1 0
120	1	0 1 1 0 1 1 0 1 1 1 0 1 0 0 1 0 0 1 0 0 0 0 0 1 1 0 1 0 0 1 1 1 0 0 1 1 1 1 1 1 1 0 1 0 0 0 1 0 1 0
120	1	0 1 1 0 1 1 0 1 1 1 0 1 0 0 1 0 0 1 0 0 0 0 0 1 1 0 1 0 0 1 1 1 0 0 0 1 0 1 1 1 1 0 1 0 0 0 1 0 1 0
120	8	0 1 1 0 1 1 0 1 1 1 0 1 0 0 1 0 0 1 0 0 0 0 0 1 1 0 1 0 0 1 1 1 0 0 1 1 0 1 1 1 1 0 1 0 0 0 1 0 1 0
120	1	0 1 1 0 1 1 0 1 1 0 0 1 0 0 1 0 0 1 0 0 0 0 0 1 1 0 1 0 0 1 1 1 0 0 1 1 0 1 1 1 1 0 1 0 0 0 0 0 1 0
120	2	0 1 1 1 1 1 0 1 1 0 0 1 0 0 1 0 0 1 0 0 0 0 0 1 1 0 1 0 0 1 1 1 0 0 1 1 0 1 1 1 1 0 1 0 0 0 1 0 1 0
120	1	0 1 1 0 1 1 0 1 1 0 0 1 0 0 1 0 0 1 0 0 1 0 0 1 0 0 1 0 0 1 1 1 0 0 1 1 0 1 1 1 1 0 1 0 0 0 1 0 1 0
120	1	0 1 1 0 1 1 0 1 1 0 0 1 0 0 1 0 0 1 0 0 0 0 0 1 1 0 1 0 0 1 1 1 0 0 1 1 0 0 1 1 1 0 1 0 0 0 1 0 1 0
120	1	0 1 1 0 1 1 0 1 1 0 0 1 0 0 1 0 0 1 0 0 0 0 0 1 1 0 1 0 0 0 1 1 0 0 1 1 0 1 1 1 1 0 1 0 0 0 1 0 1 0
120	28	0 1 1 0 1 1 0 1 1 0 0 1 0 0 1 0 0 1 0 0 0 0 0 1 1 0 1 0 0 1 1 1 0 0 1 1 0 1 1 1 1 0 1 0 0 0 1 0 1 0
120	1	0 1 1 0 1 1 0 1 1 0 0 1 0 0 1 0 0 1 0 0 0 0 0 1 1 0 1 0 1 1 1 1 0 0 1 1 0 1 1 1 1 0 1 0 0 0 1 0 1 0
130	1	0 1 1 1 1 1 1 0 0 0 0 1 1 1 0 0 0 0 0 0 0 0 1 1 1 0 1 0 0 1 1 1 1 1 0 1 1 1 0 0 1 1 0 0 1 0 0 0 0 1
130	5	0 1 1 1 1 1 1 0 0 0 0 1 1 1 0 0 0 1 0 0 0 0 1 1 1 0 1 0 0 1 1 1 1 1 0 1 1 1 0 0 1 1 0 0 1 0 0 0 0 1
130	4	0 1 1 1 0 1 1 0 0 1 0 1 1 1 0 0 0 1 0 0 0 0 1 1 1 0 1 0 0 1 1 1 1 1 0 1 1 1 0 0 1 1 0 0 1 0 0 0 0 1
130	1	0 1 1 1 0 1 1 0 0 0 0 1 1 1 0 0 0 1 0 0 0 0 1 1 1 0 1 0 0 1 1 1 1 1 0 1 1 1 0 0 1 1 0 0 1 0 0 0 0 1
130	1	0 1 1 0 1 1 0 1 1 0 0 1 0 0 1 0 0 1 0 0 0 0 0 1 1 0 1 0 0 1 1 1 0 0 1 0 0 1 1 1 1 0 1 0 0 0 1 0 0 0
130	2	0 1 1 0 1 1 0 1 1 0 0 1 1 0 1 0 0 1 0 0 0 0 0 1 1 0 1 0 0 1 1 1 0 0 1 1 0 1 1 1 1 0 1 0 0 0 1 0 0 0
130	41	0 1 1 0 1 1 0 1 1 0 0 1 0 0 1 0 0 1 0 0 0 0 0 1 1 0 1 0 0 1 1 1 0 0 1 1 0 1 1 1 1 0 1 0 0 0 1 0 0 0
130	1	0 1 1 0 1 1 0 1 1 1 0 1 1 0 1 0 0 1 0 0 0 0 0 1 1 0 1 0 0 1 1 1 0 0 1 1 0 1 1 1 1 0 1 0 0 0 1 0 1 0
130	10	0 1 1 0 1 1 0 1 1 1 0 1 0 0 1 0 0 1 0 0 0 0 0 1 1 0 1 0 0 1 1 1 0 0 1 1 0 1 1 1 1 0 1 0 0 0 1 0 1 0
130	11	0 1 1 0 1 1 0 1 1 0 0 1 0 0 1 0 0 1 0 0 0 0 0 1 1 0 1 0 0 1 1 1 0 0 1 1 0 1 1 1 1 0 1 0 0 0 0 0 1 0
130	1	0 1 1 0 1 1 0 1 1 0 0 1 0 0 1 0 0 1 0 0 0 0 0 1 1 0 1 0 0 1 1 1 0 0 1 0 0 1 1 1 1 0 1 0 0 0 1 0 1 0
130	2	0 1 1 1 1 1 0 1 1 0 0 1 0 0 1 0 0 1 0 0 0 0 0 1 1 0 1 0 0 1 1 1 0 0 1 1 0 1 1 1 1 0 1 0 0 0 1 0 1 0
130	20	0 1 1 0 1 1 0 1 1 0 0 1 0 0 1 0 0 1 0 0 0 0 0 1 1 0 1 0 0 1 1 1 0 0 1 1 0 1 1 1 1 0 1 0 0 0 1 0 1 0
140	3	0 1 1 1 1 1 1 0 0 0 0 1 1 1 0 0 0 1 0 0 0 0 1 1 1 0 1 0 0 1 1 1 1 1 0 1 1 1 0 0 1 1 0 0 1 0 0 0 0 1
140	1	0 1 1 1 0 1 1 0 0 1 0 1 1 1 0 0 0 1 0 0 0 0 1 1 1 0 1 0 0 1 1 1 1 1 0 1 1 1 0 0 1 1 0 0 1 0 0 0 0 1
140	1	0 1 1 0 1 1 0 1 1 0 0 1 0 0 1 0 0 1 0 0 0 0 0 1 1 0 1 0 0 1 1 1 0 0 1 1 0 1 1 1 1 0 1 0 0 0 1 0 0 1
140	1	0 1 1 0 0 1 0 1 1 0 0 1 0 0 1 0 0 1 0 0 0 0 0 1 1 0 1 0 0 1 1 1 0 0 1 1 0 1 1 1 1 0 1 0 0 0 1 0 0 0
140	1	0 1 1 0 1 1 0 1 1 0 0 1 0 1 1 0 0 1 1 0 0 0 0 1 1 0 1 0 0 1 1 1 0 0 1 1 0 1 1 1 1 0 1 0 0 0 1 0 0 0
140	11	0 1 1 0 1 1 0 1 1 0 0 1 0 0 1 0 0 1 0 0 0 0 0 1 1 0 1 0 0 1 1 1 0 0 1 1 0 1 1 1 1 0 1 0 0 0 1 0 1 0
140	57	0 1 1 0 1 1 0 1 1 0 0 1 0 0 1 0 0 1 0 0 0 0 0 1 1 0 1 0 0 1 1 1 0 0 1 1 0 1 1 1 1 0 1 0 0 0 1 0 0 0
140	1	0 1 1 0 1 1 0 1 1 1 0 1 0 1 1 0 0 1 0 0 0 0 0 1 1 0 1 0 0 1 1 1 0 0 1 1 0 1 1 1 1 0 1 0 0 0 1 0 1 0
140	1	0 1 1 0 1 1 0 1 1 1 0 1 0 0 1 0 0 1 0 0 0 0 0 1 1 0 1 0 0 1 0 1 0 0 1 1 0 1 1 1 1 0 1 0 0 0 1 0 1 0
140	1	0 1 1 0 1 1 0 1 1 1 0 1 0 0 1 0 0 1 0 0 1 0 0 1 1 0 1 0 0 1 1 1 0 0 1 1 0 1 1 1 1 0 1 0 0 0 1 0 1 0
140	7	0 1 1 0 1 1 0 1 1 1 0 1 0 0 1 0 0 1 0 0 0 0 0 1 1 0 1 0 0 1 1 1 0 0 1 1 0 1 1 1 1 0 1 0 0 0 1 0 1 0
140	1	0 1 1 0 1 1 0 1 1 0 0 1 1 0 1 0 0 1 0 0 0 0 0 1 1 1 1 0 0 1 1 1 0 0 1 1 0 1 1 1 1 0 1 0 0 0 0 0 1 0
140	12	0 1 1 0 1 1 0 1 1 0 0 1 0 0 1 0 0 1 0 0 0 0 0 1 1 0 1 0 0 1 1 1 0 0 1 1 0 1 1 1 1 0 1 0 0 0 0 0 1 0
140	1	0 1 1 1 1 1 0 1 1 0 0 1 1 0 1 0 0 1 0 0 0 0 0 1 1 0 1 0 0 1 1 1 0 0 1 1 0 1 1 1 1 0 1 0 0 0 1 0 1 0
140	1	0 1 1 1 1 1 0 1 1 0 0 1 0 0 1 0 0 1 0 0 0 0 0 1 1 0 1 0 0 1 1 1 0 0 1 1 0 1 1 1 1 0 1 0 0 0 1 0 1 0
150	2	0 1 1 1 1 1 1 0 0 0 0 1 1 1 0 0 0 1 0 0 0 0 1 1 1 0 1 0 0 1 1 1 1 1 0 1 1 1 0 0 1 1 0 0 1 0 0 0 0 1
150	1	0 1 1 1 0 1 1 0 0 1 0 1 1 1 0 0 0 1 0 0 0 0 1 1 1 0 1 0 0 1 1 1 1 1 0 1 1 1 0 0 1 1 0 0 1 1 0 0 0 1
150	1	0 1 0 0 1 1 0 1 1 0 0 1 0 0 1 0 0 1 0 0 0 0 0 1 1 0 1 0 0 1 1 1 0 0 1 1 0 1 1 1 1 0 1 0 0 0 1 0 0 0
150	66	0 1 1 0 1 1 0 1 1 0 0 1 0 0 1 0 0 1 0 0 0 0 0 1 1 0 1 0 0 1 1 1 0 0 1 1 0 1 1 1 1 0 1 0 0 0 1 0 0 0
150	4	0 1 1 0 1 1 0 1 1 0 0 1 0 0 1 0 0 1 0 0 0 0 0 1 1 0 1 0 0 1 1 1 0 0 1 1 0 1 1 1 1 0 1 0 0 0 1 0 1 0
150	1	0 1 1 0 1 1 0 1 1 0 0 1 0 0 1 0 0 1 0 0 0 0 0 1 1 0 1 0 0 1 1 1 0 0 1 1 1 1 1 1 1 0 1 0 0 0 1 0 0 0
150	1	0 1 1 0 1 1 0 1 1 1 0 1 0 1 1 0 0 1 0 0 0 0 0 1 1 0 1 0 0 1 1 1 0 0 1 1 0 1 1 1 1 0 1 0 0 0 1 0 1 0
150	2	0 1 1 0 1 1 0 1 1 1 0 1 0 0 1 0 0 1 0 0 0 0 0 1 1 0 1 0 0 1 0 1 0 0 1 1 0 1 1 1 1 0 1 0 0 0 1 0 1 0
150	1	0 1 1 0 1 1 0 1 1 1 0 1 0 0 1 0 0 1 0 0 0 0 0 1 1 0 1 0 0 1 1 1 0 0 1 1 0 0 1 1 1 0 1 0 0 0 1 0 1 0
150	1	0 1 1 0 1 1 0 1 1 1 0 0 0 0 1 0 0 1 0 0 0 0 0 1 1 0 1 0 0 1 1 1 0 0 1 1 0 1 1 1 1 0 1 0 0 0 1 0 1 0
150	3	0 1 1 0 1 1 0 1 1 1 0 1 0 0 1 0 0 1 0 0 0 0 0 1 1 0 1 0 0 1 1 1 0 0 1 1 0 1 1 1 1 0 1 0 0 0 1 0 1 0
150	1	0 1 1 0 1 1 0 1 1 0 0 1 0 0 1 0 0 1 1 0 0 0 0 1 1 0 1 0 0 1 1 1 0 0 1 1 0 1 1 1 1 0 1 0 0 0 0 0 1 0
150	2	0 1 1 0 1 1 0 1 1 0 0 1 1 0 1 0 0 1 0 0 0 0 0 1 1 0 1 0 0 1 1 1 0 0 1 1 0 1 1 1 1 0 1 0 0 0 0 0 1 0
150	11	0 1 1 0 1 1 0 1 1 0 0 1 0 0 1 0 0 1 0 0 0 0 0 1 1 0 1 0 0 1 1 1 0 0 1 1 0 1 1 1 1 0 1 0 0 0 0 0 1 0
150	3	0 1 1 1 1 1 0 1 1 0 0 1 0 0 1 0 0 1 0 0 0 0 0 1 1 0 1 0 0 1 1 1 0 0 1 1 0 1 1 1 1 0 1 0 0 0 1 0 1 0
160	2	0 1 1 0 1 1 0 1 1 0 0 1 1 0 1 0 0 1 0 0 0 0 0 1 1 0 1 0 0 1 1 1 0 0 1 1 0 1 1 1 1 0 1 0 0 0 1 0 0 0
160	3	0 1 1 0 1 1 0 1 1 0 0 1 0 0 1 0 0 1 0 0 0 0 0 1 1 1 1 0 0 1 1 1 0 0 1 1 0 1 1 1 1 0 1 0 0 0 1 0 0 0
160	1	0 1 1 0 1 1 0 1 1 0 0 1 0 0 1 1 0 1 0 0 0 0 0 1 1 0 1 0 0 1 1 1 0 0 1 1 0 1 1 1 1 0 1 0 0 0 1 0 0 0
160	1	0 1 1 0 1 1 0 1 1 0 0 1 0 0 1 0 0 1 0 0 1 0 0 1 1 0 1 0 0 1 1 1 0 0 1 1 0 1 1 1 1 0 1 0 0 0 1 0 0 0
160	1	0 1 1 0 1 1 0 1 1 0 0 1 0 0 1 0 0 1 0 0 0 0 0 1 1 0 1 0 0 1 1 1 0 0 1 1 0 0 1 1 1 0 1 0 0 0 1 0 0 0
160	64	0 1 1 0 1 1 0 1 1 0 0 1 0 0 1 0 0 1 0 0 0 0 0 1 1 0 1 0 0 1 1 1 0 0 1 1 0 1 1 1 1 0 1 0 0 0 1 0 0 0
160	1	0 1 1 0 1 1 0 1 1 0 0 1 0 0 1 0 0 1 0 0 0 0 0 1 1 0 1 0 0 1 1 1 0 0 1 1 0 1 1 1 1 0 1 0 0 0 1 0 1 0
160	6	0 1 1 0 1 1 0 1 1 1 0 1 0 0 1 0 0 1 0 0 0 0 0 1 1 0 1 0 0 1 1 1 0 0 1 1 0 1 1 1 1 0 1 0 0 0 1 0 1 0
160	6	0 1 1 0 1 1 0 1 1 0 0 1 0 0 1 0 0 1 1 0 0 0 0 1 1 0 1 0 0 1 1 1 0 0 1 1 0 1 1 1 1 0 1 0 0 0 0 0 1 0
160	1	0 1 1 0 1 1 0 1 1 0 0 1 1 0 1 0 0 1 0 0 0 0 0 1 1 0 1 0 0 1 1 1 0 0 1 1 0 1 1 1 1 0 1 0 0 0 0 0 1 0
160	9	0 1 1 0 1 1 0 1 1 0 0 1 0 0 1 0 0 1 0 0 0 0 0 1 1 0 1 0 0 1 1 1 0 0 1 1 0 1 1 1 1 0 1 0 0 0 0 0 1 0
160	5	0 1 1 1 1 1 0 1 1 0 0 1 0 0 1 0 0 1 0 0 0 0 0 1 1 0 1 0 0 1 1 1 0 0 1 1 0 1 1 1 1 0 1 0 0 0 1 0 1 0
170	2	0 1 1 0 1 1 0 1 1 0 0 1 1 0 1 0 0 1 0 0 0 0 0 1 1 0 1 0 0 1 1 1 0 0 1 1 0 1 1 1 1 0 1 0 0 0 1 0 0 0
170	2	0 1 1 0 1 1 0 1 1 0 0 1 0 0 1 0 0 1 0 0 0 0 0 1 1 1 1 0 0 1 1 1 0 0 1 1 0 1 1 1 1 0 1 0 0 0 1 0 0 0
170	3	0 1 1 0 1 1 0 1 1 0 0 1 0 0 1 0 0 1 0 0 0 0 0 1 1 0 1 0 0 1 1 0 0 0 1 1 0 1 1 1 1 0 1 0 0 0 1 0 0 0
170	71	0 1 1 0 1 1 0 1 1 0 0 1 0 0 1 0 0 1 0 0 0 0 0 1 1 0 1 0 0 1 1 1 0 0 1 1 0 1 1 1 1 0 1 0 0 0 1 0 0 0
170	7	0 1 1 0 1 1 0 1 1 1 0 1 0 0 1 0 0 1 0 0 0 0 0 1 1 0 1 0 0 1 1 1 0 0 1 1 0 1 1 1 1 0 1 0 0 0 1 0 1 0
170	4	0 1 1 0 1 1 0 1 1 0 0 1 0 0 1 0 0 1 1 0 0 0 0 1 1 0 1 0 0 1 1 1 0 0 1 1 0 1 1 1 1 0 1 0 0 0 0 0 1 0
170	1	0 1 1 0 1 1 0 1 1 0 0 1 1 0 1 0 0 1 0 0 0 0 0 1 1 0 1 0 0 1 1 1 0 0 1 1 0 1 1 1 1 0 1 0 0 0 0 0 1 0
170	8	0 1 1 0 1 1 0 1 1 0 0 1 0 0 1 0 0 1 0 0 0 0 0 1 1 0 1 0 0 1 1 1 0 0 1 1 0 1 1 1 1 0 1 0 0 0 0 0 1 0
170	2	0 1 1 1 1 1 0 1 1 0 0 1 0 0 1 0 0 1 0 0 0 0 0 1 1 0 1 0 0 1 1 1 0 0 1 1 0 1 1 1 1 0 1 0 0 0 1 0 1 0
180	3	0 1 1 0 1 1 0 1 1 0 0 1 0 0 1 0 0 1 0 0 0 0 0 1 1 1 1 0 0 1 1 1 0 0 1 1 0 1 1 1 1 0 1 0 0 0 1 0 0 0
180	1	0 1 1 0 1 1 0 1 1 0 0 1 0 0 1 0 0 1 0 0 0 0 0 1 1 0 1 0 0 1 1 0 0 0 1 1 0 1 1 1 1 0 1 0 0 0 1 0 0 0
180	1	0 1 1 0 1 1 0 1 1 0 0 1 0 0 1 0 0 1 0 0 0 0 0 1 1 0 1 0 0 1 1 1 0 0 1 1 0 1 1 1 1 0 1 0 0 0 0 0 0 0
180	5	0 1 1 0 1 1 1 1 1 0 0 1 0 0 1 0 0 1 0 0 0 0 0 1 1 0 1 0 0 1 1 1 0 0 1 1 0 1 1 1 1 0 1 0 0 0 1 0 0 0
180	1	0 1 1 0 1 1 0 1 1 0 0 1 0 0 1 0 0 1 0 0 0 0 0 1 1 0 0 0 0 1 1 1 0 0 1 1 0 1 1 1 1 0 1 0 0 0 1 0 0 0
180	1	0 1 1 0 1 1 0 1 1 0 1 1 0 0 1 0 0 1 0 0 0 0 0 1 1 0 1 0 0 1 1 1 0 0 1 1 0 1 1 1 1 0 1 0 0 0 1 0 0 0
180	80	0 1 1 0 1 1 0 1 1 0 0 1 0 0 1 0 0 1 0 0 0 0 0 1 1 0 1 0 0 1 1 1 0 0 1 1 0 1 1 1 1 0 1 0 0 0 1 0 0 0
180	1	0 1 1 0 1 1 0 1 1 0 1 1 0 0 1 0 0 1 1 0 0 0 0 1 1 0 1 0 0 1 1 1 0 0 1 1 0 1 1 1 1 0 1 0 0 0 0 0 1 0
180	1	0 1 1 0 1 1 0 1 1 0 0 1 0 0 1 0 0 1 1 0 0 0 0 1 1 0 1 0 0 1 1 1 0 0 1 1 0 1 1 1 1 0 1 0 0 0 0 0 1 0
180	4	0 1 1 0 1 1 0 1 1 0 0 1 0 0 1 0 0 1 0 0 0 0 0 1 1 0 1 0 0 1 1 1 0 0 1 1 0 1 1 1 1 0 1 0 0 0 0 0 1 0
180	2	0 1 1 1 1 1 0 1 1 0 0 1 0 0 1 0 0 1 0 0 0 0 0 1 1 0 1 0 0 1 1 1 0 0 1 1 0 1 1 1 1 0 1 0 0 0 1 0 1 0
190	10	0 1 1 0 1 1 1 1 1 0 0 1 0 0 1 0 0 1 0 0 0 0 0 1 1 0 1 0 0 1 1 1 0 0 1 1 0 1 1 1 1 0 1 0 0 0 1 0 0 0
190	3	0 0 1 0 1 1 0 1 1 0 0 1 0 0 1 0 0 1 0 0 0 0 0 1 1 0 1 0 0 1 1 1 0 0 1 1 0 1 1 1 1 0 1 0 0 0 1 0 0 0
190	1	0 1 1 0 0 1 0 1 1 0 0 1 0 0 1 0 0 1 0 0 0 0 0 1 1 0 1 0 0 1 1 1 0 0 1 1 0 1 1 1 1 0 1 0 0 0 1 0 0 0
190	2	0 1 1 0 1 1 0 1 1 0 0 1 0 0 1 0 0 1 0 0 0 0 0 0 1 0 1 0 0 1 1 1 0 0 1 1 0 1 1 1 1 0 1 0 0 0 1 0 0 0
190	62	0 1 1 0 1 1 0 1 1 0 0 1 0 0 1 0 0 1 0 0 0 0 0 1 1 0 1 0 0 1 1 1 0 0 1 1 0 1 1 1 1 0 1 0 0 0 1 0 0 0
190	1	0 1 1 0 1 1 0 1 1 1 0 1 0 0 1 0 0 1 0 0 0 0 0 1 1 0 1 0 0 1 1 1 0 0 1 1 0 1 1 1 1 0 1 0 0 0 1 0 1 0
190	3	0 1 1 0 1 1 0 1 1 0 0 1 0 0 1 0 0 1 1 0 0 0 0 1 1 0 1 0 0 1 1 1 0 0 1 1 0 1 1 1 1 0 1 0 0 0 0 0 1 0
190	15	0 1 1 0 1 1 0 1 1 0 0 1 0 0 1 0 0 1 0 0 0 0 0 1 1 0 1 0 0 1 1 1 0 0 1 1 0 1 1 1 1 0 1 0 0 0 0 0 1 0
190	3	0 1 1 1 1 1 0 1 1 0 0 1 0 0 1 0 0 1 0 0 0 0 0 1 1 0 1 0 0 1 1 1 0 0 1 1 0 1 1 1 1 0 1 0 0 0 1 0 1 0
200	1	0 1 1 0 1 1 0 1 1 0 0 1 0 0 1 0 0 1 0 0 0 0 0 1 1 1 1 0 0 1 1 1 0 0 1 1 0 1 1 1 1 0 1 0 0 0 1 0 0 0
200	1	0 1 1 0 1 1 0 1 1 0 0 1 0 0 1 0 0 1 0 0 0 0 0 1 1 0 1 0 0 1 1 1 0 0 1 1 0 1 1 1 1 0 1 0 0 0 0 0 0 0
200	1	0 1 1 0 1 1 1 1 1 0 0 1 0 0 1 0 0 1 0 0 0 0 0 1 1 0 1 0 0 1 1 1 0 0 1 0 0 1 1 1 1 0 1 0 0 0 1 0 0 0
200	11	0 1 1 0 1 1 1 1 1 0 0 1 0 0 1 0 0 1 0 0 0 0 0 1 1 0 1 0 0 1 1 1 0 0 1 1 0 1 1 1 1 0 1 0 0 0 1 0 0 0
200	1	0 1 1 0 1 1 0 1 1 0 0 1 0 0 1 0 0 1 0 1 0 0 0 1 1 0 1 0 0 1 1 1 0 0 1 1 0 1 1 1 1 0 1 0 0 0 1 0 0 0
200	1	0 1 1 0 0 1 0 1 1 0 0 1 0 0 1 0 0 1 0 0 0 0 0 1 1 0 1 0 0 1 1 1 0 0 1 1 0 1 1 1 1 0 1 0 0 0 1 0 0 0
200	1	0 1 1 0 1 1 0 1 1 0 0 1 0 0 1 0 0 1 0 0 0 0 0 1 1 0 1 0 0 1 1 1 0 0 1 1 1 1 1 1 1 0 1 0 0 0 1 0 0 0
200	1	1 1 1 0 1 1 0 1 1 0 0 1 0 0 1 0 0 1 0 0 0 0 0 1 1 0 1 0 0 1 1 1 0 0 1 1 0 1 1 1 1 0 1 0 0 0 1 0 0 0
200	2	0 1 1 1 1 1 0 1 1 0 0 1 0 0 1 0 0 1 0 0 0 0 0 1 1 0 1 0 0 1 1 1 0 0 1 1 0 1 1 1 1 0 1 0 0 0 1 0 0 0
200	64	0 1 1 0 1 1 0 1 1 0 0 1 0 0 1 0 0 1 0 0 0 0 0 1 1 0 1 0 0 1 1 1 0 0 1 1 0 1 1 1 1 0 1 0 0 0 1 0 0 0
200	1	0 1 1 0 1 1 0 1 1 1 0 1 0 0 1 0 0 1 1 0 0 0 0 1 1 0 1 0 0 1 1 1 0 0 1 1 0 1 1 1 1 0 1 0 0 0 0 0 1 0
200	4	0 1 1 0 1 1 0 1 1 0 0 1 0 0 1 0 0 1 1 0 0 0 0 1 1 0 1 0 0 1 1 1 0 0 1 1 0 1 1 1 1 0 1 0 0 0 0 0 1 0
200	2	0 1 1 0 1 1 0 1 1 0 0 0 0 0 1 0 0 1 0 0 0 0 0 1 1 0 1 0 0 1 1 1 0 0 1 1 0 1 1 1 1 0 1 0 0 0 0 0 1 0
200	7	0 1 1 0 1 1 0 1 1 0 0 1 0 0 1 0 0 1 0 0 0 0 0 1 1 0 1 0 0 1 1 1 0 0 1 1 0 1 1 1 1 0 1 0 0 0 0 0 1 0
200	2	0 1 1 1 0 1 0 1 1 0 0 1 0 0 1 0 0 1 0 0 0 0 0 1 1 0 1 0 0 1 1 1 0 0 1 1 0 1 1 1 1 0 1 0 0 0 1 0 1 0
210	2	0 1 1 0 1 1 1 1 1 0 0 1 0 0 1 0 0 1 0 0 0 0 0 1 1 0 1 0 0 1 1 1 0 0 1 1 1 1 1 1 1 0 1 0 0 0 1 0 0 0
210	1	0 1 1 0 1 1 1 1 1 0 0 0 0 0 1 0 0 1 0 0 0 0 0 1 1 0 1 0 0 1 1 1 0 0 1 1 0 1 1 1 1 0 1 0 0 0 1 0 0 0
210	17	0 1 1 0 1 1 1 1 1 0 0 1 0 0 1 0 0 1 0 0 0 0 0 1 1 0 1 0 0 1 1 1 0 0 1 1 0 1 1 1 1 0 1 0 0 0 1 0 0 0
210	4	0 1 1 0 1 1 0 1 1 0 0 1 0 0 1 0 0 1 0 1 0 0 0 1 1 0 1 0 0 1 1 1 0 0 1 1 0 1 1 1 1 0 1 0 0 0 1 0 0 0
210	2	1 1 1 0 1 1 0 1 1 0 0 1 0 0 1 0 0 1 0 0 0 0 0 1 1 0 1 0 0 1 1 1 0 0 1 1 0 1 1 1 1 0 1 0 0 0 1 0 0 0
210	4	0 1 1 1 1 1 0 1 1 0 0 1 0 0 1 0 0 1 0 0 0 0 0 0 1 0 1 0 0 1 1 1 0 0 1 1 0 1 1 1 1 0 1 0 0 0 1 0 0 0
210	1	0 1 1 1 1 1 0 1 1 0 0 1 0 0 1 0 0 1 0 0 0 0 0 1 1 0 1 0 0 1 1 1 0 0 1 1 0 1 1 1 1 0 1 0 0 0 1 0 0 0
210	2	0 1 0 0 1 1 0 1 1 0 0 1 0 0 1 0 0 1 0 0 0 0 0 1 1 0 1 0 0 1 1 1 0 0 1 1 0 1 1 1 1 0 1 0 0 0 1 0 0 0
210	58	0 1 1 0 1 1 0 1 1 0 0 1 0 0 1 0 0 1 0 0 0 0 0 1 1 0 1 0 0 1 1 1 0 0 1 1 0 1 1 1 1 0 1 0 0 0 1 0 0 0
210	2	0 1 1 0 1 1 0 1 1 1 0 1 0 0 1 0 0 1 1 0 0 0 0 1 1 0 1 0 0 1 1 1 0 0 1 1 0 1 1 1 1 0 1 0 0 0 0 0 1 0
210	3	0 1 1 0 1 1 0 1 1 0 0 1 0 0 1 0 0 1 1 0 0 0 0 1 1 0 1 0 0 1 1 1 0 0 1 1 0 1 1 1 1 0 1 0 0 0 0 0 1 0
210	1	0 1 1 0 1 1 0 1 1 0 0 0 0 0 1 0 0 1 0 0 0 0 0 1 1 0 1 0 0 1 1 1 0 0 1 1 0 1 1 1 1 0 1 0 0 0 0 0 1 0
210	1	0 1 1 0 1 1 0 1 1 0 0 1 0 0 1 0 0 1 0 0 0 0 0 1 1 0 1 0 0 1 1 1 0 0 1 1 0 1 1 1 1 0 1 0 0 0 0 0 1 0
210	2	0 1 1 1 1 1 0 1 1 0 0 1 0 0 1 0 0 1 0 0 0 0 0 1 1 0 1 0 0 1 1 1 0 0 1 1 0 1 1 1 1 0 1 0 0 0 1 0 1 0
220	1	0 1 1 0 1 1 0 1 1 0 0 1 0 0 1 0 0 1 0 0 0 0 0 1 1 0 1 0 0 1 1 1 0 0 1 1 0 1 1 1 1 0 1 0 0 0 0 0 0 0
220	5	0 1 1 0 1 1 1 1 1 1 0 1 0 0 1 0 0 1 0 0 0 0 0 1 1 0 1 0 0 1 1 1 0 0 1 1 0 1 1 1 1 0 1 0 0 0 1 0 0 0
220	1	0 1 1 1 1 1 1 1 1 0 0 1 0 0 1 0 0 1 0 0 0 0 0 1 1 0 1 0 0 1 1 1 0 0 1 1 0 1 1 1 1 0 1 0 0 0 1 0 0 0
220	1	0 1 1 0 1 1 1 1 1 0 0 1 0 0 1 0 0 1 0 0 0 0 0 1 1 0 1 0 0 1 1 1 0 0 1 1 0 1 1 1 1 0 1 0 0 1 1 0 0 0
220	28	0 1 1 0 1 1 1 1 1 0 0 1 0 0 1 0 0 1 0 0 0 0 0 1 1 0 1 0 0 1 1 1 0 0 1 1 0 1 1 1 1 0 1 0 0 0 1 0 0 0
220	1	0 1 1 0 1 1 0 1 1 0 0 1 0 0 1 0 0 1 0 1 0 0 0 1 1 0 1 0 0 1 1 1 0 0 1 1 0 1 1 1 1 0 1 1 0 0 1 0 0 0
220	1	1 1 1 0 1 1 0 1 1 0 0 1 0 0 1 0 0 1 0 0 0 0 0 1 1 0 1 0 0 1 1 1 0 0 1 1 0 1 1 1 1 0 1 0 0 0 1 0 0 0
220	1	0 1 1 1 1 1 0 1 1 0 0 1 0 0 1 0 0 1 0 0 0 0 0 0 1 0 1 0 0 1 1 1 0 0 1 1 0 0 1 1 1 0 1 0 0 0 1 0 0 0
220	1	0 1 1 1 1 1 0 0 1 0 0 1 0 0 1 0 0 1 0 0 0 0 0 0 1 0 1 0 0 1 1 1 0 0 1 1 0 1 1 1 1 0 1 0 0 0 1 0 0 0
220	5	0 1 1 1 1 1 0 1 1 0 0 1 0 0 1 0 0 1 0 0 0 0 0 0 1 0 1 0 0 1 1 1 0 0 1 1 0 1 1 1 1 0 1 0 0 0 1 0 0 0
220	4	0 1 1 1 1 1 0 1 1 0 0 1 0 0 1 0 0 1 0 0 0 0 0 1 1 0 1 0 0 1 1 1 0 0 1 1 0 1 1 1 1 0 1 0 0 0 1 0 0 0
220	1	0 1 1 0 1 1 0 1 1 0 0 1 0 0 1 0 0 1 0 0 0 0 0 1 1 0 1 0 0 1 1 1 0 0 1 1 0 1 1 1 1 0 0 0 0 0 1 0 0 0
220	1	0 1 1 0 1 1 0 1 1 0 0 1 0 0 1 0 0 1 0 0 0 0 0 1 1 0 1 0 0 1 1 1 0 0 1 1 1 1 1 1 1 0 1 0 0 0 1 0 0 0
220	39	0 1 1 0 1 1 0 1 1 0 0 1 0 0 1 0 0 1 0 0 0 0 0 1 1 0 1 0 0 1 1 1 0 0 1 1 0 1 1 1 1 0 1 0 0 0 1 0 0 0
220	1	0 1 1 0 1 1 0 1 1 1 0 1 0 0 1 0 0 1 1 0 0 0 0 1 1 0 1 0 0 1 1 1 0 0 1 1 0 1 1 1 1 0 1 0 0 0 0 0 1 0
220	7	0 1 1 0 1 1 0 1 1 0 0 1 0 0 1 0 0 1 1 0 0 0 0 1 1 0 1 0 0 1 1 1 0 0 1 1 0 1 1 1 1 0 1 0 0 0 0 0 1 0
220	2	0 1 1 1 1 1 0 1 1 0 0 1 0 0 1 0 0 1 0 0 0 0 0 1 1 0 1 0 0 1 1 1 0 0 1 1 0 1 1 1 1 0 0 0 0 0 1 0 1 0
230	7	0 1 1 0 1 1 1 1 1 1 0 1 0 0 1 0 0 1 0 0 0 0 0 1 1 0 1 0 0 1 1 1 0 0 1 1 0 1 1 1 1 0 1 0 0 0 1 0 0 0
230	3	0 1 1 1 1 1 1 1 1 0 0 1 0 0 1 0 0 1 0 0 0 0 0 1 1 0 1 0 0 1 1 1 0 0 1 1 0 1 1 1 1 0 1 0 0 0 1 0 0 0
230	1	0 1 1 0 1 1 1 1 1 0 0 1 0 0 1 0 0 1 0 0 0 0 0 1 1 0 0 0 0 1 1 1 0 0 1 1 0 1 1 1 1 0 1 0 0 0 1 0 0 0
230	2	0 1 1 0 1 1 1 1 1 0 0 1 0 0 1 0 0 1 0 0 0 0 0 1 1 0 1 0 0 1 1 1 0 0 0 1 0 1 1 1 1 0 1 0 0 0 1 0 0 0
230	1	0 1 1 0 1 1 1 1 1 0 0 1 0 0 1 0 0 1 0 0 0 0 0 1 1 0 1 0 0 1 1 1 0 0 1 1 0 1 1 1 1 0 1 1 0 0 1 0 0 0
230	31	0 1 1 0 1 1 1 1 1 0 0 1 0 0 1 0 0 1 0 0 0 0 0 1 1 0 1 0 0 1 1 1 0 0 1 1 0 1 1 1 1 0 1 0 0 0 1 0 0 0
230	21	0 1 1 0 1 1 0 1 1 0 0 1 0 0 1 0 0 1 0 0 0 0 0 1 1 0 1 0 0 1 1 1 0 0 1 1 0 1 1 1 1 0 1 0 0 0 1 0 0 0
230	1	0 1 1 0 1 1 1 1 1 0 1 1 0 0 1 0 0 1 0 0 0 0 0 1 1 0 1 0 0 1 1 1 0 0 1 1 0 1 1 1 1 0 1 0 0 0 1 0 0 0
230	1	0 1 1 0 1 1 1 1 1 0 0 1 0 0 1 0 0 1 0 0 0 0 0 1 1 0 1 0 0 1 1 1 0 0 1 1 0 1 1 1 1 1 1 0 0 0 1 0 0 0
230	2	1 1 1 0 1 1 0 1 1 0 0 1 0 0 1 0 0 1 0 0 0 0 0 1 1 0 1 0 0 1 1 1 0 0 1 1 0 1 1 1 1 0 1 0 0 0 1 0 0 0
230	1	0 1 1 1 1 1 0 0 1 0 0 1 0 0 1 0 0 1 0 0 0 0 0 0 1 0 1 0 0 1 1 1 0 0 1 1 0 1 1 1 1 0 1 0 0 0 1 0 0 0
230	1	0 1 1 1 1 1 0 1 1 0 0 1 0 0 1 0 0 1 0 0 0 0 0 0 1 0 1 0 0 1 1 1 0 0 1 1 0 1 1 1 1 0 1 0 0 0 1 0 1 0
230	10	0 1 1 1 1 1 0 1 1 0 0 1 0 0 1 0 0 1 0 0 0 0 0 0 1 0 1 0 0 1 1 1 0 0 1 1 0 1 1 1 1 0 1 0 0 0 1 0 0 0
230	3	0 1 1 1 1 1 0 1 1 0 0 1 0 0 1 0 0 1 0 0 0 0 0 1 1 0 1 0 0 1 1 1 0 0 1 1 0 1 1 1 1 0 1 0 0 0 1 0 0 0
230	1	0 1 1 0 1 1 0 1 1 0 0 1 0 0 1 0 0 1 1 0 1 0 0 1 1 0 1 0 0 1 1 1 0 0 1 1 0 1 1 1 1 0 1 0 0 0 1 0 0 0
230	1	0 1 1 0 1 1 0 1 1 0 0 1 0 0 1 0 0 1 0 0 0 0 0 1 1 0 1 0 0 1 1 1 0 0 1 1 0 1 1 1 1 0 0 0 0 0 1 0 0 0
230	2	0 1 1 0 1 1 0 1 1 0 0 1 0 0 1 0 0 1 0 0 0 0 0 1 1 0 1 0 0 1 1 1 0 0 1 1 1 1 1 1 1 0 1 0 0 0 1 0 0 0
230	9	0 1 1 0 1 1 0 1 1 0 0 1 0 0 1 0 0 1 1 0 0 0 0 1 1 0 1 0 0 1 1 1 0 0 1 1 0 1 1 1 1 0 1 0 0 0 0 0 1 0
230	2	0 1 1 1 1 1 0 1 1 0 0 1 0 0 1 0 0 1 0 0 0 0 0 1 1 0 1 0 0 1 1 1 0 0 1 1 0 1 1 1 1 0 0 0 0 0 1 0 1 0
240	13	0 1 1 0 1 1 1 1 1 1 0 1 0 0 1 0 0 1 0 0 0 0 0 1 1 0 1 0 0 1 1 1 0 0 1 1 0 1 1 1 1 0 1 0 0 0 1 0 0 0
240	2	0 1 1 1 1 1 1 1 1 0 0 1 0 0 1 0 0 1 0 0 0 0 0 1 1 0 1 0 0 1 1 1 1 0 1 1 0 1 1 1 1 0 1 0 0 0 1 0 0 0
240	7	0 1 1 1 1 1 1 1 1 0 0 1 0 0 1 0 0 1 0 0 0 0 0 1 1 0 1 0 0 1 1 1 0 0 1 1 0 1 1 1 1 0 1 0 0 0 1 0 0 0
240	5	0 1 1 0 1 1 1 1 1 0 0 1 0 0 1 0 0 1 0 0 0 0 0 1 1 0 0 0 0 1 1 1 0 0 1 1 0 1 1 1 1 0 1 0 0 0 1 0 0 0
240	1	0 1 1 0 1 1 1 1 1 0 0 1 0 0 1 0 0 1 0 0 0 0 0 1 1 0 1 0 0 1 1 1 0 0 0 1 0 1 1 1 1 0 1 0 0 0 1 0 0 0
240	1	0 1 1 0 1 1 1 1 1 0 0 1 0 0 1 0 0 1 0 0 0 0 0 1 1 0 1 0 0 1 1 1 0 0 1 1 0 1 1 1 1 0 1 1 0 0 1 0 0 0
240	1	0 1 1 0 1 1 0 1 1 0 0 1 0 0 1 0 0 1 0 0 0 0 0 1 1 0 1 0 0 1 1 1 0 0 1 1 0 0 1 1 1 0 1 0 0 0 1 0 0 0
240	1	0 1 1 0 1 1 1 0 1 0 0 1 0 0 1 0 0 1 0 0 0 0 0 1 1 0 1 0 0 1 1 1 0 0 1 1 0 1 1 1 1 0 1 0 0 0 1 0 0 1
240	36	0 1 1 0 1 1 1 1 1 0 0 1 0 0 1 0 0 1 0 0 0 0 0 1 1 0 1 0 0 1 1 1 0 0 1 1 0 1 1 1 1 0 1 0 0 0 1 0 0 0
240	12	0 1 1 0 1 1 0 1 1 0 0 1 0 0 1 0 0 1 0 0 0 0 0 1 1 0 1 0 0 1 1 1 0 0 1 1 0 1 1 1 1 0 1 0 0 0 1 0 0 0
240	1	0 1 1 0 1 1 1 1 1 0 0 1 0 0 1 1 0 1 0 0 0 0 0 1 1 0 1 0 0 1 1 1 0 0 1 1 0 1 1 1 1 0 1 0 0 0 1 0 0 0
240	2	0 1 1 0 1 1 1 1 1 0 0 1 0 0 1 0 0 0 0 0 0 0 0 1 1 0 1 0 0 1 1 1 0 0 1 1 0 1 1 1 1 0 1 0 0 0 1 0 0 0
240	2	0 1 1 0 1 1 1 1 1 0 0 1 0 0 1 0 0 1 0 0 0 0 0 1 1 0 1 0 0 1 1 1 0 0 1 1 0 1 1 1 1 1 1 0 0 0 1 0 0 0
240	1	1 1 1 0 1 1 0 1 1 0 0 1 0 0 1 0 0 1 0 0 0 0 0 1 1 0 1 0 0 1 1 1 0 0 1 1 0 1 1 1 1 0 1 0 0 0 1 0 0 0
240	1	0 1 1 1 1 1 0 1 1 0 0 1 0 0 1 0 0 1 0 0 0 0 0 0 1 0 0 0 0 1 1 1 0 0 1 1 0 1 1 1 1 0 1 0 0 0 1 0 0 0
240	4	0 1 1 1 1 1 0 1 1 0 0 1 0 0 1 0 0 1 0 0 0 0 0 0 1 0 1 0 0 1 1 1 0 0 1 1 0 1 1 1 1 0 1 0 0 0 1 0 0 0
240	1	0 1 1 1 1 1 0 1 1 0 0 1 0 0 1 0 0 1 0 0 0 0 0 1 1 0 1 0 0 1 1 1 0 0 1 1 0 1 1 1 1 0 1 0 0 0 1 0 0 0
240	1	0 1 1 0 1 1 0 1 1 0 0 1 0 0 1 0 0 1 1 0 1 0 0 1 1 0 1 0 0 1 1 1 0 0 1 1 0 1 1 1 1 0 1 0 0 0 1 0 0 0
240	4	0 1 1 0 1 1 0 1 1 0 0 1 0 0 1 0 0 1 0 0 0 0 0 1 1 0 1 0 0 1 1 1 0 0 1 1 1 1 1 1 1 0 1 0 0 0 1 0 0 0
240	2	0 1 1 0 1 1 0 1 1 0 0 1 0 0 1 0 0 1 1 0 0 0 0 1 1 0 1 0 0 1 1 1 0 0 1 1 0 1 1 1 1 0 1 0 0 0 0 0 1 0
240	2	0 1 1 1 1 1 0 1 1 0 0 1 0 0 1 0 0 1 0 0 0 0 0 1 1 0 1 0 0 1 1 1 0 0 1 1 0 1 1 1 1 0 0 0 0 0 1 0 1 0
250	2	0 1 1 0 1 1 1 1 1 1 0 1 0 0 1 0 0 1 0 0 0 0 0 1 1 0 1 1 0 1 1 1 0 0 1 1 0 1 1 1 1 0 1 0 0 0 1 0 0 0
250	2	0 1 1 0 1 1 1 1 1 0 0 1 0 0 1 0 0 0 0 0 0 0 0 1 1 0 1 0 0 1 1 1 0 0 1 1 0 1 1 1 1 0 1 0 0 0 1 0 0 0
250	31	0 1 1 0 1 1 1 1 1 0 0 1 0 0 1 0 0 1 0 0 0 0 0 1 1 0 1 0 0 1 1 1 0 0 1 1 0 1 1 1 1 0 1 0 0 0 1 0 0 0
250	8	0 1 1 0 1 1 1 1 1 1 0 1 0 0 1 0 0 1 0 0 0 0 0 1 1 0 1 0 0 1 1 1 0 0 1 1 0 1 1 1 1 0 1 0 0 0 1 0 0 0
250	4	0 1 1 1 1 1 1 1 1 1 0 1 0 0 1 0 0 1 0 0 0 0 0 1 1 0 1 0 0 1 1 1 0 0 1 1 0 1 1 1 1 0 1 0 0 0 1 0 0 0
250	1	0 1 1 1 1 0 1 1 1 0 0 1 0 0 1 0 0 1 0 0 0 0 0 1 1 0 1 0 0 1 1 1 0 0 1 1 0 1 1 1 1 0 1 0 0 0 1 0 0 0
250	20	0 1 1 1 1 1 1 1 1 0 0 1 0 0 1 0 0 1 0 0 0 0 0 1 1 0 1 0 0 1 1 1 0 0 1 1 0 1 1 1 1 0 1 0 0 0 1 0 0 0
250	1	0 1 1 0 1 1 1 1 1 0 0 0 0 0 1 0 0 1 0 0 0 0 0 1 1 0 0 0 0 1 1 1 0 0 1 1 0 1 1 1 1 0 1 0 0 0 1 0 0 0
250	4	0 1 1 0 1 1 1 1 1 0 0 1 0 0 1 0 0 1 0 0 0 0 0 1 1 0 0 0 0 1 1 1 0 0 1 1 0 1 1 1 1 0 1 0 0 0 1 0 0 0
250	1	0 1 1 0 1 1 1 1 1 0 0 1 0 0 1 0 0 1 0 0 0 0 0 1 1 0 1 0 0 1 1 1 0 0 0 1 0 1 1 1 1 0 1 0 0 0 1 0 0 0
250	1	0 1 1 0 1 1 1 1 1 0 0 1 0 0 1 0 0 1 0 0 0 0 0 1 1 0 1 0 0 1 1 1 0 0 1 1 0 1 1 0 1 0 1 0 0 0 1 0 0 0
250	8	0 1 1 0 1 1 0 1 1 0 0 1 0 0 1 0 0 1 0 0 0 0 0 1 1 0 1 0 0 1 1 1 0 0 1 1 0 1 1 1 1 0 1 0 0 0 1 0 0 0
250	3	0 1 1 0 1 1 1 1 1 0 0 1 0 0 1 0 0 1 0 0 0 0 0 1 1 0 1 0 0 1 1 1 0 0 1 1 0 1 1 1 0 0 1 0 0 0 1 0 0 0
250	10	0 1 1 1 1 1 0 1 1 0 0 1 0 0 1 0 0 1 0 0 0 0 0 0 1 0 1 0 0 1 1 1 0 0 1 1 0 1 1 1 1 0 1 0 0 0 1 0 0 0
250	1	0 1 1 0 1 1 0 1 1 0 0 1 0 0 1 0 0 1 0 0 0 0 0 1 1 0 1 0 0 1 1 1 0 0 1 1 1 1 1 1 1 0 1 0 0 0 1 0 0 0
250	3	0 1 1 1 1 1 0 1 1 0 0 1 0 0 1 0 0 1 0 0 0 0 0 1 1 0 1 0 0 1 1 1 0 0 1 1 0 1 1 1 1 0 0 0 0 0 1 0 1 0
260	27	0 1 1 0 1 1 1 1 1 0 0 1 0 0 1 0 0 1 0 0 0 0 0 1 1 0 1 0 0 1 1 1 0 0 1 1 0 1 1 1 1 0 1 0 0 0 1 0 0 0
260	1	0 1 1 0 1 1 1 1 1 1 0 1 1 0 1 0 0 1 0 0 0 0 0 1 1 0 1 0 0 1 1 1 0 0 1 1 0 1 1 1 1 0 1 0 0 0 1 0 0 0
260	24	0 1 1 0 1 1 1 1 1 1 0 1 0 0 1 0 0 1 0 0 0 0 0 1 1 0 1 0 0 1 1 1 0 0 1 1 0 1 1 1 1 0 1 0 0 0 1 0 0 0
260	1	0 1 1 1 1 1 1 1 1 0 0 1 0 0 1 0 0 1 0 0 0 0 0 1 1 0 1 0 0 1 1 1 1 0 1 1 0 1 1 1 1 0 1 0 0 0 1 0 0 0
260	2	0 1 1 1 1 1 1 1 1 1 0 1 0 0 1 0 0 1 0 0 0 0 0 1 1 0 1 0 0 1 1 1 0 0 1 1 0 1 1 1 1 0 1 0 0 0 1 0 0 0
260	1	0 1 1 1 1 1 1 1 1 0 0 1 0 0 1 0 0 1 0 0 0 0 0 1 1 0 1 0 0 1 1 1 0 0 1 1 0 1 1 1 1 0 1 0 1 0 1 0 0 0
260	1	0 1 1 1 1 1 1 1 1 0 0 1 0 0 0 0 0 1 0 0 0 0 0 1 1 0 1 0 0 1 1 1 0 0 1 1 0 1 1 1 1 0 1 0 0 0 1 0 0 0
260	1	0 1 1 1 1 1 1 1 1 0 0 1 0 0 1 0 0 1 0 0 0 0 0 1 1 0 1 0 0 1 1 1 0 0 1 1 0 1 1 1 1 0 0 0 0 0 1 0 0 0
260	23	0 1 1 1 1 1 1 1 1 0 0 1 0 0 1 0 0 1 0 0 0 0 0 1 1 0 1 0 0 1 1 1 0 0 1 1 0 1 1 1 1 0 1 0 0 0 1 0 0 0
260	2	0 1 1 0 1 1 0 1 1 0 0 1 0 0 1 0 0 1 0 0 0 0 0 1 1 0 1 0 0 1 1 1 0 0 1 1 0 1 1 1 1 0 1 0 0 0 1 0 0 0
260	8	0 1 1 0 1 1 1 1 1 0 0 1 0 0 1 0 0 1 0 0 0 0 0 1 1 0 1 0 0 1 1 1 0 0 1 1 0 1 1 1 0 0 1 0 0 0 1 0 0 0
260	5	0 1 1 1 1 1 0 1 1 0 0 1 0 0 1 0 0 1 0 0 0 0 0 0 1 0 1 0 0 1 1 1 0 0 1 1 0 1 1 1 1 0 1 0 0 0 1 0 0 0
260	1	0 1 1 0 1 1 0 1 1 0 0 1 0 0 1 0 0 1 1 0 1 0 0 1 1 0 1 0 0 1 1 1 0 0 1 1 0 1 1 1 1 0 1 0 0 0 1 0 0 0
260	2	0 1 1 1 1 1 1 1 1 0 0 1 0 0 1 0 0 1 0 0 0 0 0 1 1 0 1 0 0 1 1 1 0 0 1 1 0 1 1 1 1 0 0 0 0 0 1 0 1 0
260	1	0 1 1 1 1 1 0 1 1 0 0 1 0 0 1 0 0 1 0 0 0 0 0 1 1 0 1 0 0 1 1 1 0 0 1 1 0 1 1 0 1 0 0 0 0 0 1 0 1 0
270	1	0 1 1 0 1 1 1 1 1 0 0 1 0 0 1 0 0 1 0 0 0 0 0 1 0 0 1 0 0 1 1 1 0 0 0 1 0 1 1 1 1 0 1 0 0 0 1 0 0 0
270	1	0 1 1 0 1 1 1 1 1 0 0 1 0 0 1 0 0 1 0 0 0 0 0 1 1 0 1 0 0 1 1 1 0 0 1 1 0 0 1 1 1 0 1 0 0 0 1 0 0 0
270	2	0 1 1 0 1 1 1 1 1 0 0 1 0 0 1 0 0 1 0 0 0 0 0 1 1 0 0 0 0 1 1 1 0 0 1 1 0 1 1 1 1 0 1 0 0 0 1 0 0 0
270	23	0 1 1 0 1 1 1 1 1 0 0 1 0 0 1 0 0 1 0 0 0 0 0 1 1 0 1 0 0 1 1 1 0 0 1 1 0 1 1 1 1 0 1 0 0 0 1 0 0 0
270	17	0 1 1 0 1 1 1 1 1 1 0 1 0 0 1 0 0 1 0 0 0 0 0 1 1 0 1 0 0 1 1 1 0 0 1 1 0 1 1 1 1 0 1 0 0 0 1 0 0 0
270	10	0 1 1 1 1 1 1 1 1 1 0 1 0 0 1 0 0 1 0 0 0 0 0 1 1 0 1 0 0 1 1 1 0 0 1 1 0 1 1 1 1 0 1 0 0 0 1 0 0 0
270	3	0 1 1 1 1 1 1 1 1 0 0 1 0 0 1 0 0 1 1 0 0 0 0 1 1 0 1 0 0 1 1 1 0 0 1 1 0 1 1 1 1 0 1 0 0 0 1 0 0 0
270	2	0 1 1 1 1 1 1 1 1 0 0 1 0 0 0 0 0 1 0 0 0 0 0 1 1 0 1 0 0 1 1 1 0 0 1 1 0 1 1 1 1 0 1 0 0 0 1 0 0 0
270	1	0 1 1 1 1 1 1 1 1 0 0 1 0 0 1 0 0 1 0 0 0 0 0 1 1 0 1 0 0 1 1 1 0 0 0 1 0 1 1 1 1 0 1 0 0 0 1 0 0 0
270	37	0 1 1 1 1 1 1 1 1 0 0 1 0 0 1 0 0 1 0 0 0 0 0 1 1 0 1 0 0 1 1 1 0 0 1 1 0 1 1 1 1 0 1 0 0 0 1 0 0 0
270	1	0 1 1 0 1 1 1 1 1 0 0 1 0 0 1 1 0 1 0 0 0 0 0 1 1 0 1 0 0 1 1 1 0 0 1 1 0 1 1 1 1 0 1 0 0 0 1 0 0 0
270	2	0 1 1 0 1 1 1 1 1 0 0 1 0 0 1 0 0 1 0 0 0 0 0 1 1 0 1 0 0 1 1 1 0 0 1 1 0 1 1 1 0 0 1 0 0 0 1 0 0 0
280	1	0 1 1 0 1 1 1 1 1 0 0 1 0 0 1 0 0 1 0 0 0 0 0 1 1 0 0 0 0 1 1 1 0 0 1 1 0 1 1 1 1 0 1 0 0 0 1 0 0 0
280	7	0 1 1 0 1 1 1 1 1 0 0 1 0 0 1 0 0 1 0 0 0 0 0 1 1 0 1 0 0 1 1 1 0 0 1 1 0 1 1 1 0 0 1 0 0 0 1 0 0 0
280	12	0 1 1 0 1 1 1 1 1 0 0 1 0 0 1 0 0 1 0 0 0 0 0 1 1 0 1 0 0 1 1 1 0 0 1 1 0 1 1 1 1 0 1 0 0 0 1 0 0 0
280	1	0 1 1 0 1 1 1 1 1 1 0 1 0 0 1 0 0 1 0 0 0 0 0 1 1 0 1 0 0 1 1 1 0 0 1 1 0 1 0 1 1 0 1 0 0 0 1 0 0 0
280	12	0 1 1 0 1 1 1 1 1 1 0 1 0 0 1 0 0 1 0 0 0 0 0 1 1 0 1 0 0 1 1 1 0 0 1 1 0 1 1 1 1 0 1 0 0 0 1 0 0 0
280	1	0 1 1 1 1 1 1 1 1 0 0 1 0 0 1 0 0 1 0 0 0 0 0 1 1 0 1 0 0 1 1 1 1 0 1 1 0 1 1 1 1 0 1 0 0 0 1 0 0 0
280	2	0 1 1 1 1 1 1 1 1 1 1 1 0 0 1 0 0 1 0 0 0 0 0 1 1 0 1 0 0 1 1 1 0 0 1 1 0 1 1 1 1 0 1 0 0 0 1 0 0 0
280	1	0 1 1 1 1 1 1 1 1 1 0 1 0 0 1 0 0 1 0 0 0 0 0 1 1 0 1 0 1 1 1 1 0 0 1 1 0 1 1 1 1 0 1 0 0 0 1 0 0 0
280	20	0 1 1 1 1 1 1 1 1 1 0 1 0 0 1 0 0 1 0 0 0 0 0 1 1 0 1 0 0 1 1 1 0 0 1 1 0 1 1 1 1 0 1 0 0 0 1 0 0 0
280	1	0 1 1 0 1 1 1 1 1 0 0 1 0 0 1 0 0 1 1 0 0 0 0 1 1 0 1 0 0 1 1 1 0 0 1 1 0 1 1 1 1 0 1 0 0 0 1 0 0 0
280	2	0 1 1 1 1 1 1 1 1 0 0 1 0 0 1 0 0 1 1 0 0 0 0 1 1 0 1 0 0 1 1 1 0 0 1 1 0 1 1 1 1 0 1 0 0 0 1 0 0 0
280	3	0 1 1 1 1 1 1 1 1 0 0 1 0 0 0 0 0 1 0 0 0 0 0 1 1 0 1 0 0 1 1 1 0 0 1 1 0 1 1 1 1 0 1 0 0 0 1 0 0 0
280	1	0 1 1 1 1 1 1 1 1 0 0 1 0 0 1 0 0 1 0 0 0 0 0 1 1 0 1 0 0 1 1 1 0 0 1 1 1 1 1 1 1 0 1 0 0 0 1 0 0 0
280	1	0 1 1 1 1 1 1 1 0 0 0 1 0 0 1 0 0 1 0 0 0 0 0 1 1 0 1 0 0 1 1 1 0 0 1 1 0 1 1 1 1 0 1 0 0 0 1 0 0 0
280	35	0 1 1 1 1 1 1 1 1 0 0 1 0 0 1 0 0 1 0 0 0 0 0 1 1 0 1 0 0 1 1 1 0 0 1 1 0 1 1 1 1 0 1 0 0 0 1 0 0 0
290	2	0 1 1 0 1 1 1 1 1 0 0 1 0 0 1 0 0 1 0 0 0 0 0 1 1 0 1 0 0 1 1 1 0 0 1 1 0 0 1 1 1 0 1 0 0 0 1 0 0 0
290	2	0 1 1 0 1 1 1 1 1 0 0 1 0 0 1 0 0 1 0 0 0 0 0 1 1 0 1 0 0 1 1 1 0 0 1 1 0 1 1 1 1 0 1 0 0 0 1 0 0 0
290	1	0 1 1 0 1 1 1 1 1 1 0 1 0 0 1 0 0 1 0 0 0 0 0 1 1 1 1 0 0 1 1 1 0 0 1 1 0 1 1 1 0 0 1 0 0 0 1 0 0 0
290	1	0 1 1 0 1 1 1 1 1 1 0 1 1 0 1 0 0 1 0 0 0 0 0 1 1 0 1 0 0 1 1 1 0 0 1 1 0 1 1 1 1 0 1 0 0 0 1 0 0 0
290	4	0 1 1 0 1 1 1 1 1 1 0 1 0 0 1 0 0 1 0 0 0 0 0 1 1 0 1 0 0 1 1 1 0 0 1 1 0 1 1 1 1 0 1 0 0 0 1 0 0 0
290	40	0 1 1 1 1 1 1 1 1 1 0 1 0 0 1 0 0 1 0 0 0 0 0 1 1 0 1 0 0 1 1 1 0 0 1 1 0 1 1 1 1 0 1 0 0 0 1 0 0 0
290	8	0 1 1 1 1 1 1 1 1 0 0 1 0 0 1 0 0 1 1 0 0 0 0 1 1 0 1 0 0 1 1 1 0 0 1 1 0 1 1 1 1 0 1 0 0 0 1 0 0 0
290	3	0 1 1 1 1 1 1 1 1 0 0 1 0 0 0 0 0 1 0 0 0 0 0 1 1 0 1 0 0 1 1 1 0 0 1 1 0 1 1 1 1 0 1 0 0 0 1 0 0 0
290	1	0 1 1 1 1 1 1 1 1 0 0 1 0 0 1 0 0 1 0 0 0 0 0 1 1 0 1 0 0 1 1 1 0 0 1 1 1 1 1 1 1 0 1 0 0 0 1 0 0 0
290	2	0 1 1 1 1 1 1 1 1 0 0 1 0 0 1 0 0 1 0 0 0 0 0 1 1 0 1 0 0 1 1 1 0 0 1 1 0 1 1 1 1 0 0 0 0 0 1 0 0 0
290	1	0 1 1 1 1 1 1 1 1 0 0 1 0 0 1 0 0 1 0 0 0 0 0 1 1 0 1 0 0 1 1 1 0 0 1 1 0 1 1 1 1 1 1 0 0 0 1 0 0 0
290	1	0 1 1 1 1 1 1 1 1 0 0 1 0 0 1 0 0 1 0 0 0 0 0 1 1 0 1 0 0 1 0 1 0 0 1 1 0 1 1 1 1 0 1 0 0 0 1 0 0 0
290	34	0 1 1 1 1 1 1 1 1 0 0 1 0 0 1 0 0 1 0 0 0 0 0 1 1 0 1 0 0 1 1 1 0 0 1 1 0 1 1 1 1 0 1 0 0 0 1 0 0 0
300	1	0 1 1 0 1 1 1 1 1 0 0 1 0 0 1 0 0 1 0 0 0 0 0 1 1 0 1 0 1 1 1 1 0 0 1 1 0 1 1 1 1 0 1 0 0 0 1 0 0 0
300	1	0 1 1 0 1 1 1 1 1 0 0 1 0 0 1 0 0 1 0 0 0 0 0 1 1 0 1 0 0 1 1 1 0 0 1 1 0 1 1 1 1 0 1 0 0 0 1 0 0 0
300	1	0 1 1 0 1 1 1 1 1 1 0 1 0 0 1 0 0 1 0 0 0 0 0 1 1 0 1 0 0 1 1 1 0 0 1 1 0 1 0 1 1 0 1 0 0 0 1 0 0 0
300	4	0 1 1 0 1 1 1 1 1 1 0 1 0 0 1 0 0 1 0 0 0 0 0 1 1 0 1 0 0 1 1 1 0 0 1 1 0 1 1 1 1 0 1 0 0 0 1 0 0 0
300	2	0 1 1 1 1 1 1 1 1 1 0 1 0 0 1 0 0 1 0 0 0 0 0 1 1 0 1 0 0 1 1 1 0 0 1 1 0 1 1 1 1 0 1 0 0 0 1 0 0 1
300	1	0 1 1 1 1 1 1 1 0 1 0 1 0 0 1 0 0 1 0 0 0 0 0 1 1 0 1 0 0 1 1 1 0 0 1 1 0 1 1 1 1 0 1 0 0 0 1 0 0 0
300	1	0 1 1 1 1 1 1 1 1 1 0 1 0 0 1 0 0 1 0 0 0 0 0 1 0 0 1 0 0 1 1 1 0 0 1 1 0 1 1 1 1 0 1 0 0 0 1 0 0 0
300	1	0 1 1 1 1 1 1 1 1 1 0 1 0 0 1 0 0 1 0 0 0 0 0 1 1 0 1 0 0 1 1 1 0 0 1 1 0 1 1 1 1 0 1 0 1 0 1 0 0 0
300	57	0 1 1 1 1 1 1 1 1 1 0 1 0 0 1 0 0 1 0 0 0 0 0 1 1 0 1 0 0 1 1 1 0 0 1 1 0 1 1 1 1 0 1 0 0 0 1 0 0 0
300	1	0 1 1 1 1 1 1 1 1 1 0 1 0 0 1 0 0 1 1 0 0 0 0 1 1 0 1 0 0 1 1 1 0 0 1 1 0 1 1 1 1 0 1 0 0 0 1 0 0 0
300	1	0 1 1 1 1 1 1 1 1 0 0 1 0 0 1 0 0 1 1 1 0 0 0 1 1 0 1 0 0 1 1 1 0 0 1 1 0 1 1 1 1 0 1 0 0 0 1 0 0 0
300	6	0 1 1 1 1 1 1 1 1 0 0 1 0 0 1 0 0 1 1 0 0 0 0 1 1 0 1 0 0 1 1 1 0 0 1 1 0 1 1 1 1 0 1 0 0 0 1 0 0 0
300	1	0 1 1 1 1 1 1 1 1 0 0 1 0 0 1 0 0 1 0 0 0 0 0 1 1 0 1 0 0 1 1 0 0 0 1 1 0 1 1 1 1 0 1 0 0 0 1 0 0 0
300	22	0 1 1 1 1 1 1 1 1 0 0 1 0 0 1 0 0 1 0 0 0 0 0 1 1 0 1 0 0 1 1 1 0 0 1 1 0 1 1 1 1 0 1 0 0 0 1 0 0 0
310	1	0 1 1 0 1 1 1 1 1 0 0 1 0 0 1 0 0 1 0 0 0 0 0 1 1 0 1 0 1 1 1 1 0 0 1 1 0 1 1 1 1 0 1 0 0 0 1 0 0 0
310	1	0 1 1 0 1 1 1 1 1 0 0 1 0 0 1 0 0 1 0 0 0 0 0 1 1 0 1 0 0 1 1 1 0 0 1 1 0 1 1 1 1 0 1 0 0 0 1 0 0 0
310	1	0 1 1 0 1 1 1 1 1 1 0 1 1 0 1 0 0 1 0 0 0 0 0 1 1 0 1 0 0 1 1 1 0 0 1 1 0 1 1 1 1 0 1 0 0 0 1 1 0 0
310	1	0 1 1 0 1 1 1 1 1 1 0 1 0 0 1 0 0 1 0 0 0 0 1 1 1 0 1 0 0 1 1 1 0 0 1 1 0 1 1 1 1 0 1 0 0 0 1 0 0 0
310	1	0 1 1 0 1 1 1 1 1 1 0 1 0 0 1 0 0 1 0 0 0 0 0 1 1 0 1 0 0 1 1 1 0 0 1 1 1 1 1 1 1 0 1 0 0 0 1 0 0 1
310	2	0 1 1 0 1 1 1 1 1 1 0 1 0 0 1 0 0 1 0 0 0 0 0 1 1 0 1 0 0 1 1 1 0 0 1 1 0 1 1 1 1 0 1 0 0 0 1 0 0 0
310	3	0 1 1 1 1 1 1 1 0 1 0 1 0 0 1 0 0 1 0 0 0 0 0 1 1 0 1 0 0 1 1 1 0 0 1 1 0 1 1 1 1 0 1 0 0 0 1 0 0 0
310	1	0 1 1 1 1 1 1 1 1 1 0 1 0 0 0 0 0 1 0 0 0 0 0 1 1 0 1 0 0 1 1 1 0 0 1 1 0 1 1 1 1 0 1 0 0 0 1 0 0 0
310	23	0 1 1 1 1 1 1 1 1 0 0 1 0 0 1 0 0 1 0 0 0 0 0 1 1 0 1 0 0 1 1 1 0 0 1 1 0 1 1 1 1 0 1 0 0 0 1 0 0 0
310	1	0 1 1 1 1 1 1 1 1 1 0 1 0 0 1 0 0 1 0 0 1 0 0 1 1 0 1 0 0 1 1 1 0 0 1 1 0 1 1 1 1 0 1 0 0 0 1 0 0 0
310	1	0 1 1 1 1 1 1 1 1 1 0 1 0 0 1 0 0 1 0 0 0 0 0 0 1 0 1 0 0 1 1 1 0 0 1 1 0 1 1 1 1 0 1 0 0 0 1 0 0 0
310	1	0 1 1 1 1 1 1 1 1 1 0 1 0 0 1 0 0 1 0 0 0 0 0 1 1 0 1 0 0 1 1 1 0 1 1 1 0 1 1 1 1 0 1 0 0 0 1 0 0 0
310	1	0 1 1 1 1 1 1 1 1 1 0 1 0 0 1 0 0 1 0 0 0 0 0 1 1 0 1 0 0 1 1 1 0 0 1 1 0 1 1 1 1 0 1 1 0 0 1 0 0 0
310	1	1 1 1 1 1 1 1 1 1 1 0 1 0 0 1 0 0 1 0 0 0 0 0 1 1 0 1 0 0 1 1 1 0 0 1 1 0 1 1 1 1 0 1 0 0 0 1 0 0 0
310	47	0 1 1 1 1 1 1 1 1 1 0 1 0 0 1 0 0 1 0 0 0 0 0 1 1 0 1 0 0 1 1 1 0 0 1 1 0 1 1 1 1 0 1 0 0 0 1 0 0 0
310	2	0 1 1 1 1 1 1 1 1 1 0 1 0 0 1 0 0 1 1 0 0 0 0 1 1 0 1 0 0 1 1 1 0 0 1 1 0 1 1 1 1 0 1 0 0 0 1 0 0 0
310	1	0 1 1 1 1 1 1 1 1 0 0 1 0 0 1 0 0 1 1 0 0 0 0 1 1 0 1 0 0 1 1 1 0 0 1 1 0 1 1 1 0 0 1 0 0 0 1 0 0 0
310	7	0 1 1 1 1 1 1 1 1 0 0 1 0 0 1 0 0 1 1 0 0 0 0 1 1 0 1 0 0 1 1 1 0 0 1 1 0 1 1 1 1 0 1 0 0 0 1 0 0 0
310	1	0 1 1 1 1 1 1 1 1 0 0 1 0 0 0 0 0 1 0 0 0 0 0 1 1 0 1 0 0 1 1 1 0 0 1 1 0 1 1 1 1 0 1 0 0 0 1 0 0 0
310	3	0 1 1 1 1 1 1 1 1 0 0 1 0 0 1 0 0 1 0 0 0 0 0 1 1 0 1 0 0 1 1 1 0 0 1 1 0 1 1 1 1 0 0 0 0 0 1 0 0 0
