0	100	0 0 0 0 0 0 0 0 0 0
10	1	0 0 0 0 0 0 1 0 0 0
10	1	0 0 0 0 0 1 0 0 0 0
10	1	0 0 0 0 1 0 0 0 0 0
10	97	0 0 0 0 0 0 0 0 0 0
20	3	0 0 0 0 0 0 1 0 0 0
20	3	0 0 0 0 0 1 0 0 0 0
20	2	1 0 0 0 0 0 0 0 0 0
20	2	0 0 0 0 1 0 0 0 0 0
20	1	0 1 0 0 0 0 0 0 0 0
20	1	0 0 0 0 0 0 0 0 1 0
20	88	0 0 0 0 0 0 0 0 0 0
30	1	0 0 0 1 0 0 1 0 0 0
30	3	0 0 0 1 0 0 0 0 0 0
30	3	0 0 0 0 0 0 1 0 0 0
30	9	0 1 0 0 0 0 0 0 0 0
30	2	1 0 0 0 0 0 0 0 0 0
30	81	0 0 0 0 0 0 0 0 0 0
30	1	0 0 0 0 1 0 0 0 0 0
40	1	0 0 0 0 0 0 1 0 0 0
40	4	0 0 0 1 0 0 0 0 0 0
40	1	0 1 1 0 0 0 0 0 0 0
40	5	0 1 0 0 0 0 0 0 0 0
40	6	0 0 1 0 0 0 0 0 0 0
40	1	1 0 0 0 0 0 0 0 0 1
40	6	1 0 0 0 0 0 0 0 0 0
40	1	0 0 0 0 0 0 0 1 0 0
40	3	0 0 0 0 1 0 0 0 0 0
40	72	0 0 0 0 0 0 0 0 0 0
50	5	0 0 0 1 0 0 0 0 0 0
50	1	0 1 1 0 0 0 0 0 0 0
50	1	1 0 1 0 0 0 0 0 0 0
50	7	1 0 0 0 0 0 0 0 0 0
50	12	0 1 0 0 0 0 0 0 0 0
50	2	0 0 0 0 1 0 0 0 0 0
50	64	0 0 0 0 0 0 0 0 0 0
50	5	0 0 1 0 0 0 0 0 0 0
50	3	0 0 0 0 0 0 0 1 0 0
60	7	0 0 0 1 0 0 0 0 0 0
60	7	1 0 0 0 0 0 0 0 0 0
60	1	0 0 0 0 1 0 0 0 0 0
60	9	0 1 0 0 0 0 0 0 0 0
60	4	0 0 0 0 0 0 0 1 0 0
60	60	0 0 0 0 0 0 0 0 0 0
60	1	0 0 1 0 1 0 0 0 0 0
60	11	0 0 1 0 0 0 0 0 0 0
70	5	0 0 0 1 0 0 0 0 0 0
70	2	1 1 0 0 0 0 0 0 0 0
70	1	1 0 0 0 0 0 0 0 0 0
70	1	0 0 0 0 0 0 1 0 0 0
70	1	0 0 0 0 1 0 0 0 0 1
70	59	0 0 0 0 0 0 0 0 0 0
70	5	0 0 0 0 1 0 0 0 0 0
70	16	0 1 0 0 0 0 0 0 0 0
70	1	0 0 0 0 0 0 0 1 0 0
70	8	0 0 1 0 0 0 0 0 0 0
70	1	0 0 1 0 1 0 0 0 0 0
80	5	0 0 0 1 0 0 0 0 0 0
80	3	1 0 0 0 0 0 0 0 0 0
80	2	0 1 0 0 1 0 0 0 0 0
80	1	0 0 0 0 0 0 0 0 0 1
80	18	0 0 1 0 0 0 0 0 0 0
80	19	0 1 0 0 0 0 0 0 0 0
80	51	0 0 0 0 0 0 0 0 0 0
80	1	0 0 0 0 1 0 0 0 0 0
90	1	1 0 0 1 0 0 0 0 0 0
90	4	0 0 0 1 0 0 0 0 0 0
90	2	1 1 0 0 0 0 0 0 0 0
90	4	1 0 0 0 0 0 0 0 0 0
90	1	0 1 0 0 1 0 0 0 1 0
90	2	0 0 0 0 1 0 0 0 0 1
90	13	0 1 0 0 0 0 0 0 0 0
90	1	0 0 1 0 1 0 0 0 0 0
90	17	0 0 1 0 0 0 0 0 0 0
90	55	0 0 0 0 0 0 0 0 0 0
100	2	0 0 0 1 0 0 1 0 0 0
100	2	0 0 0 0 0 0 1 0 0 0
100	6	1 0 0 0 0 0 0 0 0 0
100	1	0 0 1 0 0 0 1 0 0 0
100	1	0 0 1 1 0 0 0 0 0 0
100	16	0 0 1 0 0 0 0 0 0 0
100	2	0 0 0 0 0 0 0 0 0 1
100	15	0 1 0 0 0 0 0 0 0 0
100	1	0 0 0 0 1 0 0 0 0 0
100	53	0 0 0 0 0 0 0 0 0 0
100	1	0 0 0 0 1 0 0 0 0 1
110	1	0 0 0 1 0 0 0 0 0 0
110	4	0 0 0 1 0 0 1 0 0 0
110	9	1 0 0 0 0 0 0 0 0 0
110	2	0 1 1 0 0 0 0 0 0 0
110	5	0 0 1 0 1 0 0 0 0 0
110	18	0 1 0 0 0 0 0 0 0 0
110	1	0 0 0 0 1 0 0 0 0 0
110	1	0 0 0 0 0 0 0 0 0 1
110	39	0 0 0 0 0 0 0 0 0 0
110	19	0 0 1 0 0 0 0 0 0 0
110	1	0 1 0 1 0 0 1 0 0 0
120	1	0 1 0 1 0 1 0 0 0 0
120	1	0 1 0 1 0 0 0 0 0 0
120	3	0 0 0 1 0 0 0 0 0 0
120	1	0 0 0 1 0 0 1 0 0 0
120	1	0 0 0 0 0 0 1 0 0 0
120	9	1 0 0 0 0 0 0 0 0 0
120	1	0 0 1 0 0 0 0 1 0 0
120	3	0 0 1 0 1 0 0 0 0 0
120	26	0 0 1 0 0 0 0 0 0 0
120	12	0 1 0 0 0 0 0 0 0 0
120	37	0 0 0 0 0 0 0 0 0 0
120	1	0 1 1 0 0 0 0 0 0 0
120	2	0 1 1 0 1 0 0 0 0 0
120	1	0 1 0 0 0 0 0 1 0 0
120	1	0 1 0 0 0 0 0 0 1 0
130	1	0 1 0 1 0 1 0 0 0 0
130	4	0 1 0 1 0 0 0 0 0 0
130	6	0 0 0 1 0 0 0 0 0 0
130	2	0 0 0 0 0 0 1 0 0 0
130	1	0 0 0 0 0 1 0 0 0 0
130	1	1 0 0 0 0 0 0 1 0 0
130	19	0 0 0 0 0 0 0 0 0 0
130	21	1 0 0 0 0 0 0 0 0 0
130	4	0 0 1 0 1 0 0 0 0 0
130	1	0 0 1 0 0 0 0 0 0 1
130	37	0 0 1 0 0 0 0 0 0 0
130	2	0 1 1 0 0 0 0 0 0 0
130	1	0 0 1 1 0 0 0 1 0 0
140	2	0 0 0 1 0 1 0 0 0 0
140	3	0 1 0 1 0 1 0 0 0 0
140	1	0 1 0 1 0 0 0 0 1 0
140	3	0 1 0 1 0 0 0 0 0 0
140	6	0 0 0 1 0 0 0 0 0 0
140	1	1 0 0 0 0 0 0 0 0 1
140	1	0 0 0 0 0 0 0 1 0 0
140	3	0 1 0 0 0 0 0 0 0 0
140	16	0 0 0 0 0 0 0 0 0 0
140	27	1 0 0 0 0 0 0 0 0 0
140	1	0 0 0 0 1 0 0 0 0 0
140	1	0 0 1 0 0 0 0 0 1 0
140	7	0 1 1 0 0 0 0 0 0 0
140	26	0 0 1 0 0 0 0 0 0 0
140	1	0 0 1 0 1 0 0 0 0 0
140	1	0 1 1 0 1 0 0 0 0 0
150	2	0 1 0 1 0 0 0 0 0 0
150	1	0 0 1 1 0 0 0 0 0 0
150	6	0 0 0 1 0 0 0 0 0 0
150	3	0 0 0 0 0 0 0 1 0 0
150	2	0 1 0 0 0 0 0 0 0 0
150	7	0 1 1 0 0 0 0 0 0 0
150	25	0 0 1 0 0 0 0 0 0 0
150	1	1 1 1 0 0 0 0 0 0 0
150	13	0 0 0 0 0 0 0 0 0 0
150	31	1 0 0 0 0 0 0 0 0 0
150	6	0 1 1 0 1 0 0 0 0 0
150	3	0 0 1 0 1 0 0 0 0 0
