10	1	1 1 1 0 0 0 1 0 0 0 1 0 0 0 0 0 1 1 1 0 1 1 0 0 0 1 1 1 1 0 0 1 0 0 0 1 1 1 0 1 0 0 1 1 1 1 0 1 0 0
10	19	1 1 1 0 0 0 1 0 0 1 1 0 0 0 0 0 1 1 1 0 1 1 0 0 0 1 1 1 1 0 0 1 0 0 0 1 1 1 0 1 0 0 1 1 1 1 0 1 0 0
10	4	1 0 1 1 0 1 1 0 1 1 0 0 0 0 0 0 0 1 1 0 1 0 1 0 0 0 1 1 0 1 0 1 1 1 1 1 1 0 1 0 1 0 1 0 0 0 0 0 1 1
10	1	1 0 1 1 0 1 1 0 1 1 0 0 0 0 0 0 0 1 1 0 0 0 1 0 0 0 1 1 0 1 0 1 1 1 1 1 1 0 0 0 1 0 1 0 0 0 0 0 1 1
10	18	1 0 1 1 0 1 1 0 1 1 0 0 0 0 0 0 0 1 1 0 0 0 1 0 0 0 1 1 0 1 0 1 1 1 1 1 1 0 1 0 1 0 1 0 0 0 0 0 1 1
10	1	1 0 0 1 0 0 1 0 0 0 0 0 0 0 0 1 1 0 1 1 0 1 0 0 1 0 1 0 1 0 0 1 1 1 1 1 1 0 0 1 0 0 0 1 0 1 0 0 1 1
10	1	1 0 0 1 0 0 1 0 0 0 0 0 0 0 0 1 1 0 1 1 0 1 0 0 1 0 1 0 1 0 0 1 1 1 1 1 1 0 0 1 1 1 0 1 0 1 0 0 1 1
10	10	1 0 0 1 0 0 1 0 0 0 0 0 0 0 0 1 1 0 1 1 0 1 0 0 1 0 1 0 1 0 0 1 1 1 1 1 1 0 0 1 0 1 0 1 0 1 0 0 1 1
10	1	1 1 0 0 1 0 0 1 1 1 0 0 1 0 1 0 1 0 0 0 1 0 1 1 1 0 1 0 0 0 1 0 0 1 0 1 0 0 0 0 0 0 0 1 0 0 1 1 1 1
10	13	1 1 0 0 1 0 0 1 0 1 0 0 1 0 1 0 1 0 0 0 1 0 1 1 1 0 1 0 0 0 1 0 0 1 0 1 0 0 0 0 0 0 0 1 0 0 1 1 1 1
10	1	1 1 1 1 1 1 1 1 1 0 0 0 1 1 1 1 0 1 0 0 0 1 1 1 1 0 1 0 0 0 1 1 1 0 0 0 0 1 0 1 0 1 0 1 1 0 1 0 0 0
10	5	1 1 1 1 1 1 1 1 1 0 0 1 1 1 1 1 0 1 0 0 0 1 1 1 1 0 1 0 0 0 1 1 1 0 0 0 0 1 0 1 0 1 0 1 1 0 0 0 0 0
10	1	1 0 1 1 1 1 1 1 1 0 0 0 1 1 1 1 0 1 0 0 0 1 1 1 1 0 1 0 0 0 1 1 1 0 0 0 0 1 0 1 0 1 0 1 1 0 0 0 0 0
10	8	1 1 1 1 1 1 1 1 1 0 0 0 1 1 1 1 0 1 0 0 0 1 1 1 1 0 1 0 0 0 1 1 1 0 0 0 0 1 1 1 0 1 0 1 1 0 0 0 0 0
10	1	1 1 1 1 1 1 1 1 1 0 0 0 1 1 1 1 0 1 0 0 0 0 1 1 1 0 1 0 0 0 1 1 1 0 0 0 0 1 0 1 0 1 0 1 1 0 0 0 0 0
10	15	1 1 1 1 1 1 1 1 1 0 0 0 1 1 1 1 0 1 0 0 0 1 1 1 1 0 1 0 0 0 1 1 1 0 0 0 0 1 0 1 0 1 0 1 1 0 0 0 0 0
20	2	1 1 1 0 0 0 1 0 0 1 1 0 0 0 0 0 1 1 1 0 1 1 0 0 0 1 1 1 1 0 0 1 0 0 0 1 1 1 0 1 0 0 1 1 1 1 0 1 0 0
20	1	1 0 1 1 0 1 1 0 1 1 0 0 0 0 0 0 0 1 1 0 1 0 1 0 0 0 1 1 0 1 0 1 1 1 1 1 1 0 1 0 1 0 1 0 0 0 0 0 1 1
20	1	1 0 1 1 0 1 1 0 1 1 0 0 0 0 0 0 0 1 1 0 0 0 1 1 0 0 1 1 0 1 0 1 1 1 1 1 1 0 1 0 1 0 1 0 0 0 0 0 1 1
20	5	1 1 1 1 0 1 1 1 1 0 0 0 1 1 1 1 0 1 0 0 0 1 1 1 1 0 1 0 0 0 1 1 1 0 0 0 0 1 0 1 0 1 0 1 1 0 0 0 0 0
20	14	1 1 1 1 1 1 1 1 1 0 0 0 1 1 1 1 0 1 0 0 0 1 1 1 1 0 1 0 0 0 1 1 1 0 0 0 0 1 0 1 0 1 0 1 1 0 1 0 0 0
20	1	1 1 1 1 1 1 1 1 1 0 0 1 1 1 1 1 0 1 0 0 0 1 1 0 1 0 1 0 0 0 1 1 1 0 0 0 0 1 0 1 0 1 0 1 1 0 0 0 0 0
20	8	1 1 1 1 1 1 1 1 1 0 0 0 1 1 1 1 0 1 0 0 0 1 1 1 1 0 1 0 0 0 1 1 1 0 0 0 0 1 0 1 0 1 0 1 1 0 0 0 0 0
20	1	1 0 1 1 1 1 1 1 1 0 0 1 1 1 1 1 0 1 0 0 0 1 1 1 1 0 1 0 0 0 1 1 1 0 0 0 0 1 0 1 0 1 0 1 1 0 0 0 0 0
20	35	1 1 1 1 1 1 1 1 1 0 0 1 1 1 1 1 0 1 0 0 0 1 1 1 1 0 1 0 0 0 1 1 1 0 0 0 0 1 0 1 0 1 0 1 1 0 0 0 0 0
20	3	1 0 1 1 1 1 1 1 1 0 0 0 1 1 1 1 0 1 0 0 0 1 1 1 1 0 1 0 0 0 1 1 1 0 0 0 0 1 0 1 0 1 0 1 1 0 0 0 0 0
20	3	1 1 1 1 1 1 1 1 0 0 0 0 1 1 1 1 0 1 0 0 0 1 1 1 1 0 1 0 0 0 1 1 1 0 0 0 0 1 1 1 0 1 0 1 1 0 0 0 0 0
20	1	1 1 1 1 1 1 1 1 1 0 0 0 1 1 1 1 0 1 0 0 0 1 1 1 1 0 1 0 0 0 1 1 1 0 0 0 0 0 1 1 0 1 0 1 1 0 0 0 0 0
20	12	1 1 1 1 1 1 1 1 1 0 0 0 1 1 1 1 0 1 0 0 0 1 1 1 1 0 1 0 0 0 1 1 1 0 0 0 0 1 1 1 0 1 0 1 1 0 0 0 0 0
20	13	1 1 1 1 1 1 1 1 1 0 0 0 1 1 1 1 0 1 0 0 0 0 1 1 1 0 1 0 0 0 1 1 1 0 0 0 0 1 0 1 0 1 0 1 1 0 0 0 0 0
30	1	1 0 1 1 0 1 1 0 1 1 0 0 0 0 0 0 0 1 1 0 1 0 1 0 0 0 1 1 0 1 0 1 1 1 1 1 1 0 1 0 1 0 1 0 0 0 0 0 1 1
30	1	1 0 1 1 0 1 1 0 1 1 0 0 0 0 0 0 0 1 1 0 0 0 1 1 0 0 1 1 0 1 0 1 1 1 1 1 1 0 1 0 1 0 1 0 0 0 0 0 1 1
30	1	1 0 1 1 0 1 1 0 1 1 0 0 0 0 0 0 0 1 1 0 0 0 1 0 0 0 1 1 0 1 0 1 1 1 1 1 1 0 0 0 1 0 1 0 0 0 0 0 1 1
30	8	1 1 1 1 0 1 1 1 1 0 0 0 1 1 1 1 0 1 0 0 0 1 1 1 1 0 1 0 0 0 1 1 1 0 0 0 0 1 0 1 0 1 0 1 1 0 0 0 0 0
30	6	1 1 1 1 1 1 1 1 1 0 0 0 1 1 1 1 0 1 0 0 0 1 1 1 1 0 1 0 0 0 1 1 1 0 0 0 0 1 0 1 0 1 0 1 1 0 1 0 0 0
30	2	1 1 1 1 1 1 1 1 1 0 0 1 1 1 1 1 0 1 0 0 0 1 1 0 1 0 1 0 0 0 1 1 1 0 0 0 0 1 0 1 0 1 0 1 1 0 0 0 0 0
30	13	1 1 1 1 1 1 1 1 1 0 0 0 1 1 1 1 0 1 0 0 0 0 1 1 1 0 1 0 0 0 1 1 1 0 0 0 0 1 0 1 0 1 0 1 1 0 0 0 0 0
30	30	1 1 1 1 1 1 1 1 1 0 0 1 1 1 1 1 0 1 0 0 0 1 1 1 1 0 1 0 0 0 1 1 1 0 0 0 0 1 0 1 0 1 0 1 1 0 0 0 0 0
30	4	1 1 1 1 1 1 1 1 1 0 0 0 1 1 1 1 0 1 0 0 0 1 1 1 1 0 1 0 0 0 1 1 1 0 0 0 0 1 0 1 0 1 0 1 1 0 0 0 0 0
30	1	1 1 1 1 1 1 1 1 1 0 1 1 1 1 1 1 0 1 0 0 0 1 1 1 1 0 1 0 0 0 1 1 1 0 0 0 0 1 0 1 0 1 0 1 1 0 0 0 0 0
30	1	1 1 1 1 1 1 1 1 1 0 0 1 1 1 1 1 1 1 0 0 0 1 1 1 1 0 1 0 0 0 1 1 1 0 0 0 0 1 0 1 0 1 0 1 1 0 0 0 0 0
30	3	1 0 1 1 1 1 1 1 1 0 0 0 1 1 1 1 0 1 0 0 0 1 1 1 1 0 1 0 0 0 1 1 1 0 0 0 0 1 0 1 0 1 0 1 1 0 0 0 0 0
30	2	1 1 1 1 1 1 1 1 1 0 0 0 1 1 1 1 0 1 0 0 0 1 1 1 1 0 1 0 0 0 1 1 1 0 0 0 0 1 1 1 0 0 0 1 1 0 0 0 0 0
30	25	1 1 1 1 1 1 1 1 1 0 0 0 1 1 1 1 0 1 0 0 0 1 1 1 1 0 1 0 0 0 1 1 1 0 0 0 0 1 1 1 0 1 0 1 1 0 0 0 0 0
30	2	1 1 1 1 1 1 1 1 1 0 0 0 1 1 1 1 0 1 0 0 0 0 1 1 1 0 1 0 0 0 1 1 1 0 0 1 0 1 0 1 0 1 0 1 1 0 0 0 0 0
40	2	1 1 1 1 0 1 1 1 1 0 0 0 1 1 1 1 0 1 0 0 0 1 1 1 1 0 1 0 0 0 1 1 1 0 0 0 0 1 0 1 0 1 0 1 1 0 0 0 0 0
40	3	1 1 1 1 1 1 1 1 1 0 0 0 1 1 1 1 0 1 0 0 0 1 1 1 1 0 1 0 0 0 1 1 1 0 0 0 0 1 0 1 0 1 0 1 1 0 1 0 0 0
40	1	1 1 1 1 1 1 1 1 1 0 0 1 1 1 1 1 0 0 0 0 0 1 1 1 1 0 1 0 0 0 1 1 1 0 0 0 0 1 0 1 0 1 0 1 1 0 0 0 0 0
40	4	1 1 1 1 1 1 1 1 1 0 0 0 1 1 1 1 0 1 0 0 0 0 1 1 1 0 1 0 0 0 1 1 1 0 0 1 0 1 0 1 0 1 0 1 1 0 0 0 0 0
40	8	1 1 1 1 1 1 1 1 1 0 0 0 1 1 1 1 0 1 0 0 0 1 1 1 1 0 1 0 0 0 1 1 1 0 0 0 0 1 0 1 0 1 0 1 1 0 0 0 0 0
40	12	1 1 1 1 1 1 1 1 1 0 0 0 1 1 1 1 0 1 0 0 0 0 1 1 1 0 1 0 0 0 1 1 1 0 0 0 0 1 0 1 0 1 0 1 1 0 0 0 0 0
40	6	1 1 1 1 1 1 1 1 1 0 1 1 1 1 1 1 0 1 0 0 0 1 1 1 1 0 1 0 0 0 1 1 1 0 0 0 0 1 0 1 0 1 0 1 1 0 0 0 0 0
40	1	1 1 1 1 1 1 1 1 1 0 0 1 1 1 1 1 0 1 0 0 0 1 1 1 1 0 1 0 0 0 1 1 1 0 0 0 0 1 0 1 0 1 0 1 0 0 0 0 0 0
40	1	1 1 1 1 1 1 1 1 1 0 0 1 1 1 1 1 0 1 0 0 0 1 1 1 1 0 1 0 0 0 1 1 1 0 0 0 0 1 0 1 0 1 0 1 1 1 0 0 0 0
40	30	1 1 1 1 1 1 1 1 1 0 0 1 1 1 1 1 0 1 0 0 0 1 1 1 1 0 1 0 0 0 1 1 1 0 0 0 0 1 0 1 0 1 0 1 1 0 0 0 0 0
40	2	1 1 1 1 1 1 1 1 1 0 0 0 1 1 1 1 0 1 0 0 1 1 1 1 1 0 1 0 0 0 1 1 1 0 0 0 0 1 0 1 0 1 0 1 1 0 0 0 0 0
40	4	1 1 1 1 1 1 1 1 0 0 0 0 1 1 1 1 0 1 0 0 0 1 1 1 1 0 1 0 0 0 1 1 1 0 0 0 0 1 1 1 0 1 0 0 1 0 0 0 0 0
40	1	1 1 1 1 1 1 1 1 0 0 0 0 1 1 1 1 0 1 0 0 0 1 1 1 1 0 1 0 0 0 1 1 1 0 0 0 0 1 1 1 0 1 0 1 1 0 0 0 0 0
40	1	1 1 0 1 1 1 1 1 1 0 0 0 1 1 1 1 0 1 0 0 0 1 1 1 1 0 1 0 0 0 1 1 1 0 0 0 0 1 1 1 0 0 0 1 1 0 0 0 0 0
40	2	1 1 1 1 1 1 1 1 1 0 0 0 1 1 1 1 0 1 0 0 0 1 1 1 1 0 1 0 0 0 1 1 1 0 0 0 0 1 1 1 0 0 0 1 1 0 0 0 0 0
40	22	1 1 1 1 1 1 1 1 1 0 0 0 1 1 1 1 0 1 0 0 0 1 1 1 1 0 1 0 0 0 1 1 1 0 0 0 0 1 1 1 0 1 0 1 1 0 0 0 0 0
50	4	1 1 1 1 1 1 1 1 1 0 0 0 1 1 1 1 0 1 0 0 0 1 1 1 1 0 1 0 0 0 1 1 1 0 0 0 0 1 0 1 0 1 0 1 1 0 1 0 0 0
50	1	1 1 1 1 1 1 1 1 1 0 0 1 1 1 1 1 0 1 0 0 0 1 1 0 1 0 1 0 0 0 1 1 1 0 0 0 0 1 0 1 0 1 0 1 1 0 0 0 0 0
50	1	1 1 1 1 1 1 1 1 1 0 0 1 1 1 1 1 0 0 0 0 0 1 1 1 1 0 1 0 0 0 1 1 1 0 0 0 0 1 0 1 0 1 0 1 1 0 0 0 0 0
50	1	1 1 1 1 1 1 1 1 1 0 0 0 1 1 1 1 0 1 0 0 0 0 0 1 1 0 1 0 0 0 1 1 1 0 0 1 0 1 0 1 0 1 0 1 1 0 0 0 0 0
50	4	1 1 1 1 1 1 1 1 1 0 0 0 1 1 1 1 0 1 0 0 0 0 1 1 1 0 1 0 0 0 1 1 1 0 0 1 0 1 0 1 0 1 0 1 1 0 0 0 0 0
50	1	1 1 1 1 1 1 1 1 1 0 0 0 1 1 1 1 1 1 0 0 0 0 1 1 1 0 1 0 0 0 1 1 1 0 0 0 0 1 0 1 0 1 0 1 1 0 0 0 0 0
50	13	1 1 1 1 1 1 1 1 1 0 0 0 1 1 1 1 0 1 0 0 0 0 1 1 1 0 1 0 0 0 1 1 1 0 0 0 0 1 0 1 0 1 0 1 1 0 0 0 0 0
50	12	1 1 1 1 1 1 1 1 1 0 0 0 1 1 1 1 0 1 0 0 0 1 1 1 1 0 1 0 0 0 1 1 1 0 0 0 0 1 0 1 0 1 0 1 1 0 0 0 0 0
50	3	1 1 1 1 1 1 1 1 1 0 1 1 1 1 1 1 0 1 0 0 0 1 1 1 1 0 1 0 0 0 1 1 1 0 0 0 0 1 0 1 0 1 0 1 1 0 0 0 0 0
50	6	1 1 1 1 1 1 1 1 1 0 0 1 1 1 1 1 0 1 0 0 0 1 1 1 1 0 1 0 0 0 1 1 1 0 0 0 0 1 0 1 0 1 0 1 0 0 0 0 0 0
50	2	1 1 1 1 1 1 1 1 1 0 0 1 1 1 1 1 0 1 0 0 0 1 1 1 1 0 1 0 1 0 1 1 1 0 0 0 0 1 0 1 0 1 0 1 1 0 0 0 0 0
50	2	1 1 1 1 1 1 1 1 1 0 0 1 1 1 1 1 0 1 0 0 0 1 1 1 1 0 1 0 0 0 1 1 1 0 0 0 0 1 1 1 0 1 0 1 1 0 0 0 0 0
50	27	1 1 1 1 1 1 1 1 1 0 0 1 1 1 1 1 0 1 0 0 0 1 1 1 1 0 1 0 0 0 1 1 1 0 0 0 0 1 0 1 0 1 0 1 1 0 0 0 0 0
50	3	1 1 1 1 1 1 1 1 0 0 0 0 1 1 1 1 0 1 0 0 0 1 1 1 1 0 1 0 0 0 1 1 1 0 0 0 0 1 1 1 0 1 0 0 1 0 0 0 0 0
50	2	1 0 1 1 1 1 1 1 1 0 0 0 1 1 1 1 0 1 0 0 0 1 1 1 1 0 1 0 0 0 1 1 1 0 0 0 0 1 1 1 0 0 0 1 1 0 0 0 0 0
50	18	1 1 1 1 1 1 1 1 1 0 0 0 1 1 1 1 0 1 0 0 0 1 1 1 1 0 1 0 0 0 1 1 1 0 0 0 0 1 1 1 0 1 0 1 1 0 0 0 0 0
60	1	1 1 1 1 1 1 1 1 1 0 0 0 1 1 1 1 0 1 0 0 0 1 1 1 1 0 1 0 0 0 1 1 1 0 0 0 0 1 0 1 0 1 0 1 1 0 1 0 0 0
60	1	1 1 1 1 1 1 1 1 1 0 0 1 1 1 1 1 0 1 0 0 0 1 1 0 1 0 1 0 0 0 1 1 1 0 0 0 0 1 0 1 0 1 0 1 1 0 0 0 0 0
60	3	1 1 1 1 1 1 1 1 1 0 0 0 1 1 1 1 0 1 0 0 0 0 1 1 1 0 1 0 0 0 1 1 1 0 0 0 0 0 0 1 0 1 0 1 1 0 0 0 0 0
60	1	1 1 1 1 1 1 1 1 1 0 0 0 1 1 1 1 0 1 0 0 0 0 1 1 1 0 1 0 0 0 1 1 1 0 0 1 0 0 0 1 0 1 0 1 1 0 0 0 0 0
60	2	1 1 1 1 1 1 1 1 1 0 0 0 1 1 1 1 0 1 0 0 0 0 1 1 1 0 1 0 0 0 1 1 1 0 0 1 0 1 0 1 0 1 0 1 1 0 0 0 0 0
60	1	1 1 1 1 1 1 1 1 1 0 0 0 1 1 0 1 0 1 0 0 0 0 1 1 1 0 1 0 0 0 1 1 1 0 0 0 0 1 0 1 0 1 0 1 1 0 0 0 0 0
60	4	1 1 1 1 1 1 1 1 1 0 0 0 1 1 1 1 0 1 0 0 0 1 1 1 1 0 1 0 0 0 1 1 1 0 0 0 0 1 0 1 0 1 0 1 1 0 0 0 0 0
60	8	1 1 1 1 1 1 1 1 1 0 0 0 1 1 1 1 0 1 0 0 0 0 1 1 1 0 1 0 0 0 1 1 1 0 0 0 0 1 0 1 0 1 0 1 1 0 0 0 0 0
60	2	1 1 1 1 1 1 1 1 1 0 0 0 1 1 1 1 0 1 0 0 0 1 1 1 1 0 1 0 0 0 1 1 1 0 1 0 0 1 1 1 0 1 0 1 1 0 0 0 0 0
60	28	1 1 1 1 1 1 1 1 1 0 0 0 1 1 1 1 0 1 0 0 0 1 1 1 1 0 1 0 0 0 1 1 1 0 0 0 0 1 1 1 0 1 0 1 1 0 0 0 0 0
60	1	1 1 1 1 1 1 1 1 0 0 1 1 1 1 1 1 0 1 0 0 0 1 1 1 1 0 1 0 0 0 1 1 1 0 0 0 0 1 0 1 0 1 0 1 1 0 0 0 0 0
60	2	1 1 1 1 1 1 1 1 1 0 1 1 1 1 1 1 0 1 0 0 0 1 1 1 1 0 1 0 1 0 1 1 1 0 0 0 0 1 0 1 0 1 0 1 1 0 0 0 0 0
60	1	1 1 1 1 1 1 1 1 0 0 0 0 1 1 1 1 0 1 0 0 0 1 1 1 1 0 1 0 0 0 1 1 1 0 0 0 0 1 0 1 0 1 0 1 1 0 0 0 0 0
60	1	1 1 1 1 1 1 1 1 1 0 0 1 1 1 1 1 0 1 0 0 0 1 1 1 1 0 1 0 0 0 1 1 1 0 0 0 0 1 0 1 0 1 0 1 0 0 0 0 0 0
60	1	1 1 1 1 1 1 1 1 1 0 0 1 1 1 1 1 0 1 0 0 0 1 1 1 1 1 1 0 0 0 1 1 1 0 0 0 0 1 0 1 0 1 0 1 1 0 0 0 0 0
60	30	1 1 1 1 1 1 1 1 1 0 0 1 1 1 1 1 0 1 0 0 0 1 1 1 1 0 1 0 0 0 1 1 1 0 0 0 0 1 0 1 0 1 0 1 1 0 0 0 0 0
60	2	1 0 1 1 1 1 1 1 1 0 0 0 1 1 1 1 0 1 0 0 0 1 1 1 1 0 1 0 0 0 1 1 1 0 0 0 0 1 0 1 0 1 0 1 1 0 0 0 0 0
60	2	1 1 1 1 1 1 1 1 0 0 0 0 1 1 1 1 0 1 0 0 0 1 1 1 1 0 1 0 0 0 1 1 1 0 0 0 0 1 1 1 0 1 0 0 1 0 0 0 0 0
60	1	1 0 1 1 1 1 1 1 1 0 0 0 1 1 1 1 0 1 0 0 0 1 1 1 1 0 1 0 0 0 1 1 1 0 0 0 0 1 0 1 0 0 0 1 1 0 0 0 0 0
60	2	1 0 1 1 1 1 1 1 1 0 0 0 1 1 1 1 0 1 0 0 0 1 1 1 1 0 1 0 0 0 1 1 1 0 0 0 0 1 1 1 0 0 0 1 1 0 0 0 0 0
60	6	1 1 1 1 1 1 1 1 1 0 0 0 1 1 1 1 0 1 0 0 0 1 1 1 1 0 1 0 0 0 1 1 1 0 0 0 0 1 1 1 0 0 0 1 1 0 0 0 0 0
70	1	1 1 1 1 1 1 1 1 1 0 0 0 1 1 1 1 0 1 0 0 0 1 1 1 1 0 1 0 0 0 1 1 1 0 0 0 0 1 0 1 0 1 0 1 1 0 1 0 0 0
70	1	1 1 0 1 1 1 1 1 1 0 0 0 1 1 0 1 0 1 0 0 0 0 1 1 1 0 1 0 0 0 1 1 1 0 0 0 0 1 0 1 0 1 0 1 1 0 0 0 0 0
70	1	1 1 1 1 1 1 1 1 1 0 0 0 1 1 0 1 0 1 0 0 0 0 1 1 1 0 1 0 0 0 1 1 1 0 0 0 0 1 0 1 0 1 0 1 1 0 0 0 0 0
70	2	1 1 1 1 1 1 1 1 1 0 0 0 1 1 1 1 0 1 0 0 0 1 1 1 1 0 1 0 0 0 1 1 1 0 0 0 0 1 0 1 0 1 0 1 1 0 0 0 0 0
70	11	1 1 1 1 1 1 1 1 1 0 0 0 1 1 1 1 0 1 0 0 0 0 1 1 1 0 1 0 0 0 1 1 1 0 0 0 0 1 0 1 0 1 0 1 1 0 0 0 0 0
70	1	1 1 1 1 1 1 1 1 1 0 0 0 1 1 1 1 0 1 0 0 0 0 1 1 1 0 1 0 0 0 1 1 1 0 0 0 0 1 1 1 0 1 0 1 1 0 0 0 0 0
70	2	1 1 1 1 1 1 1 1 1 0 0 0 1 1 1 1 0 1 0 0 0 1 1 1 1 0 1 0 0 0 1 1 1 0 0 0 0 1 1 0 0 1 0 1 1 0 0 0 0 0
70	1	1 1 1 1 1 1 1 1 1 0 0 0 1 1 1 1 0 1 0 0 0 1 1 1 1 0 1 0 0 0 1 1 1 0 0 0 0 1 1 1 0 1 0 1 1 0 0 0 1 0
70	25	1 1 1 1 1 1 1 1 1 0 0 0 1 1 1 1 0 1 0 0 0 1 1 1 1 0 1 0 0 0 1 1 1 0 0 0 0 1 1 1 0 1 0 1 1 0 0 0 0 0
70	2	1 1 1 1 1 1 1 1 1 0 0 1 1 1 1 1 0 1 1 0 0 1 1 1 1 0 1 0 0 0 1 1 1 0 0 0 0 1 0 1 0 1 0 1 0 0 0 0 0 0
70	6	1 1 1 1 1 1 1 1 1 0 0 1 1 1 1 1 0 1 0 0 0 1 1 1 1 0 1 0 0 0 1 1 1 0 0 0 0 1 0 1 0 1 0 1 0 0 0 0 0 0
70	24	1 1 1 1 1 1 1 1 1 0 0 1 1 1 1 1 0 1 0 0 0 1 1 1 1 0 1 0 0 0 1 1 1 0 0 0 0 1 0 1 0 1 0 1 1 0 0 0 0 0
70	2	1 1 1 1 1 1 1 1 0 0 0 0 1 1 1 1 0 1 0 0 0 1 1 1 1 0 1 0 1 0 1 1 1 0 0 0 0 1 1 1 0 1 0 0 1 0 0 0 0 0
70	3	1 1 1 1 1 1 1 1 0 0 0 0 1 1 1 1 0 1 0 0 0 1 1 1 1 0 1 0 0 0 1 1 1 0 0 0 0 1 1 1 0 1 0 0 1 0 0 0 0 0
70	3	1 0 1 1 1 1 1 1 1 0 0 0 1 1 1 1 0 1 0 0 0 1 1 1 1 0 1 0 0 0 1 1 1 0 0 0 0 1 1 1 0 0 0 1 1 0 0 0 0 0
70	1	1 1 1 1 1 1 1 1 1 0 0 0 1 1 1 1 0 0 0 0 0 1 1 1 1 0 1 0 0 0 1 1 1 0 0 0 0 1 1 1 0 0 0 1 1 0 0 0 0 0
70	14	1 1 1 1 1 1 1 1 1 0 0 0 1 1 1 1 0 1 0 0 0 1 1 1 1 0 1 0 0 0 1 1 1 0 0 0 0 1 1 1 0 0 0 1 1 0 0 0 0 0
80	1	1 1 1 1 1 1 1 1 1 0 0 0 1 1 1 1 0 1 0 0 0 1 1 1 1 0 1 0 0 0 1 1 1 0 0 0 0 1 0 1 0 1 0 1 1 0 0 0 0 0
80	2	1 1 1 1 1 1 1 1 1 0 0 0 1 1 1 1 0 1 0 0 0 0 1 1 1 0 1 0 0 0 1 1 1 0 0 0 0 1 0 1 0 1 0 1 1 0 0 0 0 0
80	2	1 1 1 1 1 1 1 1 1 0 0 0 1 1 1 1 0 1 0 0 0 1 1 1 1 0 1 0 0 0 1 1 1 0 0 0 0 1 1 1 0 0 0 1 1 0 0 0 0 1
80	3	1 1 1 1 1 1 1 1 1 0 0 0 1 1 1 1 0 0 0 0 0 1 1 1 1 0 1 0 0 0 1 1 1 0 0 0 0 1 1 1 0 0 0 1 1 0 0 0 0 0
80	30	1 1 1 1 1 1 1 1 1 0 0 0 1 1 1 1 0 1 0 0 0 1 1 1 1 0 1 0 0 0 1 1 1 0 0 0 0 1 1 1 0 0 0 1 1 0 0 0 0 0
80	1	1 0 1 1 1 1 1 1 1 0 0 0 1 1 1 1 0 1 0 0 0 1 1 1 1 0 1 0 0 0 1 1 1 0 0 0 0 1 1 1 0 1 0 1 1 0 0 0 0 0
80	19	1 1 1 1 1 1 1 1 1 0 0 0 1 1 1 1 0 1 0 0 0 1 1 1 1 0 1 0 0 0 1 1 1 0 0 0 0 1 1 1 0 1 0 1 1 0 0 0 0 0
80	1	1 1 1 1 1 1 1 1 1 0 1 1 1 1 1 1 0 1 0 0 0 1 1 1 1 0 1 0 1 0 1 1 1 0 0 0 0 1 0 1 0 1 0 1 1 0 0 0 0 0
80	4	1 1 1 1 1 1 1 1 1 0 0 1 1 1 1 1 0 1 0 0 0 1 1 1 1 0 1 0 0 0 1 1 1 0 0 0 0 1 0 1 0 1 0 1 0 0 0 0 0 0
80	2	1 1 1 1 1 1 1 1 1 0 0 1 1 1 1 1 0 1 0 0 0 1 1 1 1 1 1 0 0 0 1 1 1 0 0 0 0 1 0 1 0 1 0 1 1 0 0 0 0 0
80	27	1 1 1 1 1 1 1 1 1 0 0 1 1 1 1 1 0 1 0 0 0 1 1 1 1 0 1 0 0 0 1 1 1 0 0 0 0 1 0 1 0 1 0 1 1 0 0 0 0 0
80	1	1 1 1 1 1 1 1 1 0 0 0 0 1 1 1 1 1 1 0 0 0 1 1 1 1 0 1 0 1 0 1 1 1 0 0 0 0 1 1 1 0 1 0 0 1 0 0 0 0 0
80	3	1 1 1 1 1 1 1 1 0 0 0 0 1 1 1 1 0 1 0 0 0 1 1 1 1 0 1 0 1 0 1 1 1 0 0 0 0 1 1 1 0 1 0 0 1 0 0 0 0 0
80	2	1 1 1 1 1 1 1 1 0 0 0 0 1 1 1 1 0 1 0 0 0 1 1 1 1 0 1 0 0 0 1 1 1 0 0 0 0 1 1 1 0 1 0 0 1 0 0 0 0 0
80	2	1 0 1 1 1 1 1 1 1 0 0 0 1 1 1 1 0 1 0 0 0 1 1 1 1 0 1 0 0 0 1 1 1 0 0 0 0 1 1 1 0 0 0 0 1 0 0 0 0 0
90	6	1 1 1 1 1 1 1 1 1 0 0 0 1 1 1 1 0 1 0 0 0 1 1 1 1 0 1 0 0 0 1 1 1 0 0 0 0 1 0 1 0 1 0 1 1 0 0 0 0 0
90	2	1 1 1 1 1 1 1 1 1 0 0 0 1 1 1 1 0 0 0 0 0 1 1 1 1 0 1 0 0 0 1 1 1 0 0 0 0 1 1 1 0 0 0 1 1 0 0 0 0 0
90	1	1 1 1 1 1 1 1 1 1 0 0 0 1 1 1 1 0 1 0 0 0 1 1 1 1 0 1 0 0 0 1 1 1 0 0 0 0 1 1 1 0 0 0 1 0 0 0 0 0 0
90	34	1 1 1 1 1 1 1 1 1 0 0 0 1 1 1 1 0 1 0 0 0 1 1 1 1 0 1 0 0 0 1 1 1 0 0 0 0 1 1 1 0 0 0 1 1 0 0 0 0 0
90	1	1 1 1 1 1 1 1 1 1 0 0 0 1 1 1 1 0 1 0 1 0 1 1 1 1 0 1 0 0 0 1 1 1 0 0 0 0 1 1 1 0 1 0 1 1 0 0 0 0 0
90	24	1 1 1 1 1 1 1 1 1 0 0 0 1 1 1 1 0 1 0 0 0 1 1 1 1 0 1 0 0 0 1 1 1 0 0 0 0 1 1 1 0 1 0 1 1 0 0 0 0 0
90	1	1 1 1 1 1 1 1 1 1 0 0 1 1 1 1 1 0 1 1 0 0 1 1 1 1 0 1 0 0 0 1 1 1 0 0 0 0 1 0 1 0 1 0 1 0 0 0 0 0 0
90	9	1 1 1 1 1 1 1 1 1 0 0 1 1 1 1 1 0 1 0 0 0 1 1 1 1 0 1 0 0 0 1 1 1 0 0 0 0 1 0 1 0 1 0 1 0 0 0 0 0 0
90	1	1 1 1 1 1 1 1 1 1 0 0 1 1 1 1 1 0 1 0 0 0 1 1 1 1 0 1 0 0 0 1 1 1 0 1 0 0 1 0 1 0 1 0 1 1 0 0 0 0 0
90	15	1 1 1 1 1 1 1 1 1 0 0 1 1 1 1 1 0 1 0 0 0 1 1 1 1 0 1 0 0 0 1 1 1 0 0 0 0 1 0 1 0 1 0 1 1 0 0 0 0 0
90	1	1 1 1 1 1 1 1 1 0 0 0 0 1 1 1 1 1 1 0 0 0 1 1 1 1 0 1 0 1 0 1 1 1 0 0 0 0 1 1 1 0 1 0 0 1 0 0 0 0 0
90	2	1 1 1 1 1 1 1 1 0 0 0 0 1 1 1 1 0 1 0 0 0 1 1 1 1 0 1 0 1 0 1 1 1 0 0 0 0 1 1 1 0 1 0 0 1 0 0 0 0 0
90	1	1 1 1 1 1 1 1 1 0 0 0 0 1 1 1 1 0 1 0 0 0 1 1 1 1 0 1 0 0 0 1 1 1 0 0 0 0 0 1 1 0 1 0 0 1 0 0 0 0 0
90	1	1 1 1 1 1 1 1 1 0 0 0 0 1 1 1 1 0 1 0 0 0 1 1 1 1 0 1 0 0 0 1 1 1 0 0 0 0 1 1 1 0 1 0 0 1 0 0 0 0 0
90	1	1 0 1 1 1 1 1 1 1 0 0 0 1 1 1 1 0 1 0 0 0 1 1 1 1 0 1 0 0 0 1 1 1 0 0 0 0 1 1 1 0 0 0 0 1 0 0 0 0 0
100	2	1 1 1 1 1 1 1 1 1 0 0 0 1 1 1 1 0 1 0 0 0 1 1 1 1 0 1 0 0 0 1 1 1 0 0 0 0 1 1 1 0 0 0 1 1 0 0 0 0 1
100	1	1 1 1 1 1 1 1 1 1 0 0 0 1 1 1 1 0 0 0 0 0 1 1 1 1 0 1 0 0 0 1 1 1 0 0 0 0 1 1 1 0 0 0 1 0 0 0 0 0 0
100	1	1 1 1 1 1 1 1 1 1 0 0 0 1 1 1 1 0 0 0 0 0 1 1 1 1 0 1 0 0 0 1 1 1 0 0 0 0 1 1 1 0 0 0 1 1 0 0 0 0 0
100	1	1 1 1 1 1 1 1 1 1 0 0 0 1 1 1 1 0 1 0 0 0 1 1 1 1 0 0 0 0 0 1 1 1 0 0 0 0 1 1 1 0 0 0 1 1 0 0 0 0 0
100	2	1 1 1 1 1 1 1 1 1 0 0 0 1 1 1 1 0 0 0 0 0 1 1 1 1 0 1 0 0 0 1 1 1 0 0 0 0 1 1 1 0 1 0 1 1 0 0 0 0 0
100	16	1 1 1 1 1 1 1 1 1 0 0 0 1 1 1 1 0 1 0 0 0 1 1 1 1 0 1 0 0 0 1 1 1 0 0 0 0 1 1 1 0 1 0 1 1 0 0 0 0 0
100	1	1 1 1 1 0 1 1 1 1 0 0 0 1 1 1 1 0 1 0 0 0 1 1 1 1 0 1 0 0 0 1 1 1 0 0 0 0 1 1 1 0 0 0 1 1 0 0 0 0 0
100	51	1 1 1 1 1 1 1 1 1 0 0 0 1 1 1 1 0 1 0 0 0 1 1 1 1 0 1 0 0 0 1 1 1 0 0 0 0 1 1 1 0 0 0 1 1 0 0 0 0 0
100	1	1 1 1 1 1 1 1 1 1 0 0 0 1 1 1 1 0 0 0 0 0 1 1 1 1 0 1 0 0 0 1 1 1 0 0 0 0 1 0 1 0 1 0 1 1 0 0 0 0 0
100	1	1 1 1 1 1 1 1 1 1 1 0 0 1 1 1 1 0 1 0 0 0 1 1 1 1 0 1 0 0 0 1 1 0 0 0 0 0 1 1 1 0 1 0 1 1 0 0 0 0 0
100	2	1 1 1 1 1 1 1 1 1 0 1 1 1 1 1 1 0 1 0 0 0 1 1 1 1 0 1 0 1 0 1 1 1 0 0 0 0 1 0 1 0 1 0 1 1 0 0 0 0 0
100	2	1 1 1 1 1 1 1 1 1 0 0 1 1 1 1 1 0 1 0 0 0 1 1 1 1 0 1 0 0 0 1 1 1 0 0 0 0 1 0 1 0 1 0 1 0 0 0 0 0 0
100	1	1 1 1 1 1 1 1 1 1 0 0 1 1 1 1 1 0 1 0 0 0 1 1 0 1 0 1 0 0 0 1 1 1 0 0 0 0 1 0 1 0 1 0 1 1 0 0 0 0 0
100	9	1 1 1 1 1 1 1 1 1 0 0 1 1 1 1 1 0 1 0 0 0 1 1 1 1 0 1 0 0 0 1 1 1 0 0 0 0 1 0 1 0 1 0 1 1 0 0 0 0 0
100	1	1 1 1 1 1 1 1 1 0 0 0 0 1 1 1 1 1 1 0 0 0 1 1 1 1 0 1 0 1 0 1 1 1 0 0 0 0 1 1 1 0 1 0 0 1 0 0 0 0 0
100	1	1 1 1 1 1 1 1 1 0 0 0 0 1 1 1 1 0 1 0 0 0 1 1 1 1 0 1 0 1 0 1 1 1 0 0 0 0 1 1 1 0 1 0 0 1 0 0 0 0 0
100	1	1 1 1 1 1 1 1 1 0 0 0 0 1 1 1 1 0 1 0 0 0 1 1 1 1 0 1 0 0 0 1 1 1 0 0 0 0 1 1 1 0 1 0 0 1 0 0 0 0 0
100	6	1 0 1 1 1 1 1 1 1 0 0 0 1 1 1 1 0 1 0 0 0 1 1 1 1 0 1 0 0 0 1 1 1 0 0 0 0 1 1 1 0 0 0 0 1 0 0 0 0 0
110	1	1 1 1 1 1 1 1 1 1 0 0 0 1 1 1 1 0 1 0 0 0 1 1 1 1 0 1 0 0 0 1 1 1 0 0 0 0 1 1 1 0 0 0 1 1 0 0 0 0 1
110	6	1 1 1 1 1 1 1 1 1 0 0 0 1 1 1 1 0 0 0 0 0 1 1 1 1 0 1 0 0 0 1 1 1 0 0 0 0 1 1 1 0 0 0 1 0 0 0 0 0 0
110	1	1 1 1 1 1 1 1 1 1 0 0 0 1 1 1 1 0 0 0 0 0 1 1 1 1 0 1 0 0 0 1 1 1 0 0 0 0 1 1 1 0 0 0 1 1 0 0 0 0 0
110	2	1 1 1 1 1 1 1 1 1 0 0 0 1 1 1 1 0 1 0 0 0 1 1 1 1 0 1 0 0 0 1 1 0 0 0 0 0 1 1 1 0 0 0 1 1 0 0 0 0 0
110	2	1 1 1 1 1 1 1 1 1 0 0 0 1 1 1 1 0 0 0 0 0 1 1 1 1 0 1 0 0 0 1 1 1 0 0 0 0 1 1 1 0 1 0 1 1 0 0 0 0 0
110	1	1 1 1 1 1 1 1 1 1 0 0 0 1 1 1 1 0 1 0 0 0 1 1 1 1 0 1 0 0 0 1 1 1 0 0 0 0 1 1 1 0 0 0 0 1 0 0 0 0 0
110	1	1 1 1 1 1 1 1 1 1 0 0 1 1 1 1 1 0 1 0 0 0 1 1 1 1 0 1 0 0 0 1 1 1 0 0 0 0 1 1 1 0 0 0 1 1 0 0 0 0 0
110	7	1 1 1 1 1 1 1 1 1 0 0 0 1 1 1 1 0 1 0 0 0 1 1 1 1 0 1 0 0 0 1 1 1 0 0 0 0 1 1 1 0 1 0 1 1 0 0 0 0 0
110	1	1 1 1 1 1 1 1 1 0 0 0 0 1 1 1 1 0 1 0 0 0 1 1 1 1 0 1 0 0 0 1 1 1 0 0 0 0 1 1 1 0 0 0 1 1 0 0 0 0 0
110	50	1 1 1 1 1 1 1 1 1 0 0 0 1 1 1 1 0 1 0 0 0 1 1 1 1 0 1 0 0 0 1 1 1 0 0 0 0 1 1 1 0 0 0 1 1 0 0 0 0 0
110	1	1 1 1 1 1 1 1 1 1 0 0 0 1 1 1 1 0 1 0 0 0 1 1 1 1 0 1 0 0 0 1 1 1 0 0 0 0 1 1 1 0 1 0 1 1 1 0 0 0 0
110	1	1 1 1 1 1 1 1 1 1 0 0 0 1 1 1 1 0 1 0 0 0 1 1 1 1 0 1 0 0 0 1 1 1 0 0 0 1 1 1 1 0 1 0 1 1 0 0 0 0 0
110	4	1 1 1 1 1 1 1 1 1 0 0 1 1 1 1 1 0 1 0 0 0 1 1 1 1 0 1 0 0 0 1 1 1 0 0 0 0 1 0 1 0 1 0 1 0 0 0 0 0 0
110	2	1 1 1 1 1 1 1 1 1 0 0 1 1 1 1 1 0 1 0 0 0 1 1 1 1 0 1 0 0 0 0 1 1 0 1 0 0 1 0 1 0 1 0 1 1 0 0 0 0 0
110	1	1 1 1 1 1 1 1 1 1 0 0 1 1 1 1 1 0 1 0 0 0 1 1 1 1 0 1 1 0 0 1 1 1 0 0 0 0 1 0 1 0 1 0 1 1 0 0 0 0 0
110	11	1 1 1 1 1 1 1 1 1 0 0 1 1 1 1 1 0 1 0 0 0 1 1 1 1 0 1 0 0 0 1 1 1 0 0 0 0 1 0 1 0 1 0 1 1 0 0 0 0 0
110	2	1 1 1 1 1 1 1 1 0 0 0 0 1 1 1 1 0 1 0 0 0 1 1 1 1 0 1 0 1 0 1 1 1 0 0 0 0 1 1 1 0 1 0 0 1 0 0 0 0 0
110	2	1 0 1 1 1 1 1 1 1 0 0 0 1 1 1 1 0 1 0 0 0 1 1 1 1 0 1 0 0 0 1 0 1 0 0 0 0 1 1 1 0 0 0 0 1 0 0 0 0 0
110	4	1 0 1 1 1 1 1 1 1 0 0 0 1 1 1 1 0 1 0 0 0 1 1 1 1 0 1 0 0 0 1 1 1 0 0 0 0 1 1 1 0 0 0 0 1 0 0 0 0 0
120	2	1 1 1 1 1 1 1 1 1 0 0 0 1 1 1 1 0 1 0 0 0 1 1 1 1 0 1 0 0 0 1 1 1 0 0 0 0 1 1 1 0 0 0 1 1 0 0 0 0 1
120	7	1 1 1 1 1 1 1 1 1 0 0 0 1 1 1 1 0 1 0 0 0 1 1 1 1 0 1 0 0 0 1 1 1 0 0 0 0 1 1 1 0 0 0 1 0 0 0 0 0 0
120	21	1 1 1 1 1 1 1 1 1 0 0 0 1 1 1 1 0 0 0 0 0 1 1 1 1 0 1 0 0 0 1 1 1 0 0 0 0 1 1 1 0 0 0 1 0 0 0 0 0 0
120	1	1 1 1 1 1 1 1 1 1 0 0 0 1 1 1 1 0 0 0 0 0 1 1 1 1 0 1 0 0 0 1 1 1 0 0 0 0 1 1 1 0 0 0 1 1 0 0 0 0 0
120	1	1 1 1 1 1 1 1 1 1 0 0 0 1 1 1 1 0 0 0 0 0 1 1 1 1 0 1 0 0 0 1 1 1 0 0 0 0 1 1 1 0 1 0 1 1 0 0 0 0 0
120	1	1 1 1 1 1 0 1 1 1 0 0 0 1 1 1 1 0 1 0 0 0 1 1 1 1 0 1 0 0 0 1 1 1 0 0 0 0 1 1 1 0 0 0 1 1 0 0 0 0 0
120	41	1 1 1 1 1 1 1 1 1 0 0 0 1 1 1 1 0 1 0 0 0 1 1 1 1 0 1 0 0 0 1 1 1 0 0 0 0 1 1 1 0 0 0 1 1 0 0 0 0 0
120	1	1 1 1 1 1 1 1 1 1 0 0 0 1 1 1 1 0 1 0 0 0 1 1 1 1 0 1 0 0 0 1 1 1 0 0 0 0 1 1 1 0 0 0 0 1 0 0 0 0 0
120	2	1 1 1 1 1 1 1 1 1 0 0 0 1 1 1 1 0 1 0 0 0 1 1 1 1 0 1 0 0 0 1 1 1 0 0 0 0 1 1 1 0 1 0 1 1 0 0 0 0 0
120	1	1 1 1 1 1 1 1 1 1 0 0 0 1 1 1 1 0 1 0 0 0 1 1 1 1 0 1 0 0 0 1 1 1 0 0 0 0 0 0 0 0 1 0 1 0 0 0 0 0 0
120	1	1 1 1 1 1 1 1 1 1 0 0 0 1 1 1 1 0 1 0 0 0 1 1 1 1 0 1 0 0 0 1 1 1 0 0 0 0 0 0 1 0 1 0 1 0 0 0 0 0 0
120	8	1 1 1 1 1 1 1 1 1 0 0 1 1 1 1 1 0 1 0 0 0 1 1 1 1 0 1 0 0 0 1 1 1 0 0 0 0 1 0 1 0 1 0 1 0 0 0 0 0 0
120	8	1 1 1 1 1 1 1 1 1 0 0 1 1 1 1 1 0 1 0 0 0 1 1 1 1 0 1 0 0 0 1 1 1 0 0 0 0 1 0 1 0 1 0 1 1 0 0 0 0 0
120	2	1 1 1 1 1 1 1 1 0 0 0 0 1 1 1 1 0 1 0 0 0 1 1 1 1 0 1 0 1 0 1 1 1 0 0 0 0 1 1 1 0 1 0 0 1 0 0 0 0 0
120	3	1 0 1 1 1 1 1 1 1 0 0 0 1 1 1 1 0 1 0 0 0 1 1 1 1 0 1 0 0 0 1 1 1 0 0 0 0 1 1 1 0 0 0 0 1 0 0 0 0 0
130	1	1 1 1 1 1 1 1 1 1 0 0 0 1 1 1 1 0 1 0 0 0 1 1 1 1 0 1 0 0 0 1 1 1 0 0 0 0 1 1 1 0 0 0 1 1 0 0 0 0 1
130	8	1 1 1 1 1 1 1 1 1 0 0 0 1 1 1 1 0 1 0 0 0 1 1 1 1 0 1 0 0 0 1 1 1 0 0 0 0 1 1 1 0 0 0 1 0 0 0 0 0 0
130	1	1 1 1 1 1 1 1 1 1 0 0 0 1 1 1 1 0 0 0 0 0 1 1 0 1 0 1 0 0 0 1 1 1 0 0 0 0 1 1 1 0 0 0 1 0 0 0 0 0 0
130	30	1 1 1 1 1 1 1 1 1 0 0 0 1 1 1 1 0 0 0 0 0 1 1 1 1 0 1 0 0 0 1 1 1 0 0 0 0 1 1 1 0 0 0 1 0 0 0 0 0 0
130	2	1 1 1 1 1 1 1 1 1 0 0 0 1 1 1 1 0 0 0 0 0 1 1 1 1 0 1 0 0 0 1 1 1 0 0 0 0 1 1 1 0 0 0 1 1 0 0 0 0 0
130	2	1 1 1 1 1 0 1 1 1 0 0 0 1 1 1 1 0 1 0 0 0 1 1 1 1 0 1 0 0 0 1 1 1 0 0 0 0 1 1 1 0 0 0 1 1 0 0 0 0 0
130	1	1 1 1 1 1 1 1 1 1 0 0 0 1 1 1 1 0 1 0 0 0 1 1 1 0 0 1 0 0 0 1 1 1 0 0 0 0 1 1 1 0 0 0 1 1 0 0 0 0 0
130	1	1 1 1 1 1 1 1 1 1 0 0 0 1 1 1 1 0 1 0 0 0 1 1 1 1 0 1 0 0 0 1 1 1 0 0 0 0 1 1 1 0 0 0 1 1 0 0 0 1 0
130	36	1 1 1 1 1 1 1 1 1 0 0 0 1 1 1 1 0 1 0 0 0 1 1 1 1 0 1 0 0 0 1 1 1 0 0 0 0 1 1 1 0 0 0 1 1 0 0 0 0 0
130	2	1 1 1 1 1 1 1 1 1 0 0 0 1 1 1 1 0 1 0 0 0 1 1 1 1 0 1 0 0 0 1 1 1 0 0 0 0 1 1 1 0 0 0 0 1 0 0 0 0 0
130	3	1 1 1 1 1 1 1 1 1 0 0 0 1 1 1 1 0 1 0 0 0 1 1 1 1 0 1 0 0 0 1 1 1 0 0 0 0 1 1 1 0 1 0 1 1 0 0 0 0 0
130	1	1 1 1 1 1 1 1 1 1 0 0 0 1 1 1 1 0 1 0 0 0 1 1 1 1 0 1 0 0 0 1 1 1 0 0 0 0 0 0 1 0 1 0 1 0 0 0 0 0 0
130	1	1 1 1 1 1 1 1 1 1 0 0 1 1 1 1 1 0 1 0 0 0 1 1 1 1 0 1 0 0 0 1 1 1 0 0 0 0 1 0 1 0 1 0 1 0 0 0 0 0 0
130	6	1 1 1 1 1 1 1 1 1 0 0 1 1 1 1 1 0 1 0 0 0 1 1 1 1 0 1 0 0 0 1 1 1 0 0 0 0 1 0 1 0 1 0 1 1 0 0 0 0 0
130	1	1 1 1 1 1 1 1 1 0 0 0 0 1 1 1 1 0 1 0 0 0 1 1 1 1 0 1 0 0 0 1 1 1 0 0 0 0 1 1 1 0 1 0 0 1 0 0 0 0 0
130	4	1 0 1 1 1 1 1 1 1 0 0 0 1 1 1 1 0 1 0 0 0 1 1 1 1 0 1 0 0 0 1 1 1 0 0 0 0 1 1 1 0 0 0 0 1 0 0 0 0 0
140	6	1 1 1 1 1 1 1 1 1 0 0 0 1 1 1 1 0 1 0 0 0 1 1 1 1 0 1 0 0 0 1 1 1 0 0 0 0 1 1 1 0 0 0 1 0 0 0 0 0 0
140	2	1 1 1 1 1 1 1 1 1 0 0 0 1 1 1 1 0 0 0 0 0 1 1 0 1 0 1 0 0 0 1 1 1 0 0 0 0 1 1 1 0 0 0 1 0 0 0 0 0 0
140	1	1 1 1 1 1 1 1 1 1 0 0 0 1 1 1 1 0 0 0 0 0 1 1 1 1 0 1 0 1 0 1 1 1 0 0 0 0 1 1 1 0 0 0 1 0 0 0 0 0 0
140	1	1 1 1 1 1 1 1 1 1 0 0 0 1 1 1 1 0 0 0 0 0 1 1 1 1 0 1 0 0 0 1 1 1 0 0 0 0 0 1 1 0 0 0 1 0 0 0 0 0 0
140	27	1 1 1 1 1 1 1 1 1 0 0 0 1 1 1 1 0 0 0 0 0 1 1 1 1 0 1 0 0 0 1 1 1 0 0 0 0 1 1 1 0 0 0 1 0 0 0 0 0 0
140	2	1 1 1 1 1 1 1 1 1 0 0 0 1 1 1 1 0 0 0 0 0 1 1 1 1 0 1 0 0 0 1 1 1 0 0 0 0 1 1 1 0 0 0 1 1 0 0 0 0 0
140	1	1 1 1 1 1 1 1 1 1 0 0 1 1 1 1 1 0 1 0 0 0 1 1 1 1 0 1 0 0 0 1 1 0 0 0 0 0 1 1 1 0 0 0 1 1 0 0 0 0 0
140	1	1 1 1 1 1 1 1 1 1 0 0 0 1 1 1 1 0 1 0 0 0 1 1 1 1 0 1 0 0 0 1 1 0 0 0 0 0 1 1 1 0 0 0 1 1 0 0 0 0 0
140	2	1 1 1 1 1 1 1 1 1 0 0 0 1 1 1 1 0 1 0 0 0 1 1 1 1 0 1 0 0 0 1 1 1 0 0 0 0 1 1 1 0 0 0 0 1 1 0 0 0 0
140	1	1 1 1 1 1 0 1 1 1 0 0 0 1 1 1 1 0 1 0 0 0 1 1 1 1 0 1 0 0 0 1 1 1 0 0 0 0 1 1 1 0 0 0 1 1 0 0 0 0 0
140	5	1 1 1 1 1 1 1 1 1 0 0 0 1 1 1 1 0 1 0 0 0 1 1 1 0 0 1 0 0 0 1 1 1 0 0 0 0 1 1 1 0 0 0 1 1 0 0 0 0 0
140	1	1 1 1 1 1 1 1 1 1 0 0 0 1 1 0 1 0 1 0 0 0 1 1 1 1 0 1 0 0 0 1 1 1 0 0 0 0 1 1 1 0 0 0 1 1 0 0 0 0 0
140	1	1 1 1 1 1 1 1 1 1 0 0 0 1 1 1 1 0 1 0 0 0 1 1 1 1 0 1 0 0 0 1 1 1 1 0 0 0 1 1 0 0 0 0 1 1 0 0 0 0 0
140	44	1 1 1 1 1 1 1 1 1 0 0 0 1 1 1 1 0 1 0 0 0 1 1 1 1 0 1 0 0 0 1 1 1 0 0 0 0 1 1 1 0 0 0 1 1 0 0 0 0 0
140	2	1 1 1 1 1 1 1 1 1 0 0 0 1 1 1 1 0 1 0 0 0 1 1 1 1 0 1 0 0 0 1 1 1 0 0 0 0 1 1 1 0 1 0 1 1 0 0 0 0 0
140	2	1 1 1 1 1 1 1 1 1 0 0 0 1 1 1 1 0 1 0 0 0 1 1 1 1 0 1 0 0 0 1 1 1 0 0 0 0 0 0 1 0 1 0 1 0 0 0 0 0 0
140	1	1 1 1 1 1 1 1 1 1 1 0 1 1 1 1 1 0 1 0 0 0 1 1 1 1 0 1 0 0 0 1 1 1 0 0 0 0 1 0 1 0 1 0 1 1 0 0 0 0 0
150	6	1 1 1 1 1 1 1 1 1 0 0 0 1 1 1 1 0 1 0 0 0 1 1 1 1 0 1 0 0 0 1 1 1 0 0 0 0 1 1 1 0 0 0 1 0 0 0 0 0 0
150	1	1 1 1 1 1 1 1 1 1 0 0 0 1 1 1 1 0 0 0 0 0 1 1 1 1 0 1 0 0 0 1 1 1 0 0 0 0 0 1 1 0 0 0 1 0 0 0 0 0 0
150	1	1 1 1 0 1 1 1 1 1 0 0 0 1 1 1 1 0 0 0 0 0 1 1 1 1 0 1 0 0 0 1 1 1 0 0 0 0 1 1 1 0 0 0 1 0 0 0 0 0 0
150	49	1 1 1 1 1 1 1 1 1 0 0 0 1 1 1 1 0 0 0 0 0 1 1 1 1 0 1 0 0 0 1 1 1 0 0 0 0 1 1 1 0 0 0 1 0 0 0 0 0 0
150	1	1 1 1 1 1 1 1 1 1 0 0 0 1 1 1 1 0 1 0 0 0 1 1 1 1 0 1 0 0 0 1 1 0 0 0 1 0 1 1 1 0 0 0 1 1 0 0 0 0 0
150	4	1 1 1 1 1 1 1 1 1 0 0 0 1 1 1 1 0 1 0 0 0 1 1 1 1 0 1 0 0 0 1 1 0 0 0 0 0 1 1 1 0 0 0 1 1 0 0 0 0 0
150	5	1 1 1 1 1 1 1 1 1 0 0 0 1 1 1 1 0 1 0 0 0 1 1 1 1 0 1 0 0 0 1 1 1 0 0 0 0 1 1 1 0 0 0 0 1 1 0 0 0 0
150	1	1 1 1 1 1 0 1 1 1 0 0 0 1 1 1 1 0 1 0 0 0 1 1 1 1 0 1 0 0 0 1 1 1 0 0 0 0 1 1 1 0 0 0 1 1 0 0 0 0 0
150	4	1 1 1 1 1 1 1 1 1 0 0 0 1 1 1 1 0 1 0 0 0 1 1 1 0 0 1 0 0 0 1 1 1 0 0 0 0 1 1 1 0 0 0 1 1 0 0 0 0 0
150	3	1 1 1 1 1 1 1 1 1 0 0 0 1 1 1 1 0 1 0 0 0 1 1 1 1 0 1 0 0 0 1 1 1 0 0 0 0 1 1 1 0 0 0 0 1 0 0 0 0 0
150	1	1 1 1 1 1 1 1 1 1 0 0 0 1 1 1 1 0 1 1 0 0 1 1 1 1 0 1 0 0 0 1 1 1 0 0 0 0 1 1 1 0 0 0 1 1 0 0 0 0 0
150	20	1 1 1 1 1 1 1 1 1 0 0 0 1 1 1 1 0 1 0 0 0 1 1 1 1 0 1 0 0 0 1 1 1 0 0 0 0 1 1 1 0 0 0 1 1 0 0 0 0 0
150	2	1 1 1 1 1 1 1 1 1 0 0 1 1 1 1 1 0 1 0 0 0 1 1 1 1 0 1 0 0 0 1 1 1 0 0 0 0 1 1 1 0 0 0 1 1 1 0 0 0 0
150	1	1 1 1 1 1 1 1 1 1 0 0 0 1 1 1 1 0 1 0 0 0 1 1 1 1 0 1 0 0 0 1 1 1 0 0 0 0 1 1 1 0 1 0 1 1 0 0 0 0 0
150	1	1 1 1 1 1 1 1 1 1 0 0 0 1 1 1 1 0 1 0 0 0 1 1 1 1 0 1 0 0 0 1 1 1 0 0 0 0 0 0 1 0 1 0 1 0 0 0 0 0 0
160	9	1 1 1 1 1 1 1 1 1 0 0 0 1 1 1 1 0 1 0 0 0 1 1 1 1 0 1 0 0 0 1 1 1 0 0 0 0 1 1 1 0 0 0 1 0 0 0 0 0 0
160	2	1 1 1 1 1 1 1 1 1 0 0 0 1 1 1 1 0 0 0 0 0 1 1 0 1 0 1 0 0 0 1 1 1 0 0 0 0 1 1 1 0 0 0 1 0 0 0 0 0 0
160	3	1 1 1 1 1 1 1 1 1 0 0 0 1 1 1 1 0 0 0 0 0 1 1 1 1 0 1 0 0 0 1 1 1 0 0 0 0 0 1 1 0 0 0 1 0 0 0 0 0 0
160	58	1 1 1 1 1 1 1 1 1 0 0 0 1 1 1 1 0 0 0 0 0 1 1 1 1 0 1 0 0 0 1 1 1 0 0 0 0 1 1 1 0 0 0 1 0 0 0 0 0 0
160	3	1 1 1 1 1 1 1 1 1 0 0 0 1 1 1 1 0 1 0 0 0 1 1 1 0 0 1 0 0 0 1 1 1 0 0 0 0 1 1 1 0 0 0 1 1 0 0 0 0 0
160	4	1 1 1 1 1 1 1 1 1 0 0 0 1 1 1 1 0 1 0 0 0 1 1 1 1 0 1 0 0 0 1 1 1 0 0 0 0 1 1 1 0 0 0 0 1 0 0 0 0 0
160	3	1 1 1 1 1 1 1 1 1 0 0 0 1 1 1 1 0 1 1 0 0 1 1 1 1 0 1 0 0 0 1 1 1 0 0 0 0 1 1 1 0 0 0 1 1 0 0 0 0 0
160	16	1 1 1 1 1 1 1 1 1 0 0 0 1 1 1 1 0 1 0 0 0 1 1 1 1 0 1 0 0 0 1 1 1 0 0 0 0 1 1 1 0 0 0 1 1 0 0 0 0 0
160	2	1 1 1 1 1 1 1 1 1 0 0 0 1 1 1 1 0 1 0 0 0 1 1 1 1 0 1 0 0 0 1 1 1 0 0 0 0 0 0 1 0 1 0 1 0 0 0 0 0 0
170	3	1 1 1 1 1 1 1 1 1 0 0 0 1 1 1 1 0 1 1 0 0 1 1 1 1 0 1 0 0 0 1 1 1 0 0 0 0 1 1 1 0 0 0 1 0 0 0 0 0 0
170	8	1 1 1 1 1 1 1 1 1 0 0 0 1 1 1 1 0 1 0 0 0 1 1 1 1 0 1 0 0 0 1 1 1 0 0 0 0 1 1 1 0 0 0 1 0 0 0 0 0 0
170	4	1 1 1 1 1 1 1 1 1 0 0 0 1 1 1 1 0 0 0 0 0 1 1 0 1 0 1 0 0 0 1 1 1 0 0 0 0 1 1 1 0 0 0 1 0 0 0 0 0 0
170	8	1 1 1 1 1 1 1 1 1 0 0 0 1 1 1 1 0 0 0 0 0 1 1 1 1 0 1 0 0 0 1 1 1 0 0 0 0 0 1 1 0 0 0 1 0 0 0 0 0 0
170	2	1 1 1 1 1 1 1 1 1 0 0 0 1 1 1 1 0 0 0 0 0 1 1 1 1 0 1 0 0 0 0 1 1 0 0 0 0 1 1 1 0 0 0 1 0 0 0 0 0 0
170	2	1 1 1 1 1 1 1 1 1 0 0 0 1 1 1 1 0 0 0 0 0 1 1 1 1 0 1 0 0 0 1 1 0 0 0 0 0 1 1 1 0 0 0 1 0 0 0 0 0 0
170	1	1 1 1 1 1 1 1 1 1 1 0 0 1 1 1 1 0 0 0 0 0 1 1 1 1 0 1 0 0 0 1 1 1 0 0 0 0 1 1 1 0 0 0 1 0 0 0 0 0 0
170	1	1 1 1 1 1 1 1 1 1 0 0 0 1 1 1 1 0 0 0 0 0 1 1 1 1 0 1 0 0 0 1 1 1 0 0 0 0 1 1 1 0 0 0 0 0 0 0 0 0 0
170	61	1 1 1 1 1 1 1 1 1 0 0 0 1 1 1 1 0 0 0 0 0 1 1 1 1 0 1 0 0 0 1 1 1 0 0 0 0 1 1 1 0 0 0 1 0 0 0 0 0 0
170	1	1 1 1 1 1 1 1 1 1 0 0 0 1 1 1 1 0 1 0 0 0 1 1 1 1 0 1 0 0 0 1 1 1 0 0 0 0 1 1 1 0 0 0 0 1 1 0 0 0 0
170	1	1 1 1 1 1 1 1 1 1 0 0 0 1 1 1 1 0 0 0 0 0 1 1 1 0 0 1 0 0 0 1 1 1 0 0 0 0 1 1 1 0 0 0 1 1 0 0 0 0 0
170	4	1 1 1 1 1 1 1 1 1 0 0 0 1 1 1 1 0 1 0 0 0 1 1 1 0 0 1 0 0 0 1 1 1 0 0 0 0 1 1 1 0 0 0 1 1 0 0 0 0 0
170	1	1 1 1 1 1 1 1 1 1 0 0 0 1 1 1 1 0 1 1 0 0 1 1 0 1 0 1 0 0 0 1 1 1 0 0 0 0 1 1 1 0 0 0 1 1 0 0 0 0 0
170	3	1 1 1 1 1 1 1 1 1 0 0 0 1 1 1 1 0 1 0 0 0 1 1 1 1 0 1 0 0 0 1 1 1 0 0 0 0 1 1 1 0 0 0 1 1 0 0 0 0 0
180	1	1 1 1 1 1 1 1 1 1 0 0 0 1 1 1 1 0 1 1 0 0 1 1 1 1 0 1 0 0 0 1 1 1 0 0 0 0 1 1 1 0 0 0 1 0 0 0 0 0 0
180	3	1 1 1 1 1 1 1 1 1 0 0 0 1 1 1 1 0 1 0 0 0 1 1 1 1 0 1 0 0 0 1 1 1 0 0 0 0 1 1 1 0 0 0 1 0 0 0 0 0 0
180	1	1 1 1 1 1 1 1 1 1 0 0 0 1 1 1 1 0 0 0 0 0 1 1 0 1 0 0 0 0 0 1 1 1 0 0 0 0 1 1 1 0 0 0 1 0 0 0 0 0 0
180	11	1 1 1 1 1 1 1 1 1 0 0 0 1 1 1 1 0 0 0 0 0 1 1 0 1 0 1 0 0 0 1 1 1 0 0 0 0 1 1 1 0 0 0 1 0 0 0 0 0 0
180	3	1 1 1 1 1 1 1 1 1 0 0 0 1 1 1 1 0 0 0 0 0 1 1 1 1 0 1 0 0 0 1 1 1 0 0 0 0 0 1 1 0 0 0 1 0 0 0 0 0 0
180	6	1 1 1 1 1 1 1 1 1 0 0 0 1 1 1 1 0 0 0 0 0 1 1 1 1 0 1 0 0 0 0 1 1 0 0 0 0 1 1 1 0 0 0 1 0 0 0 0 0 0
180	1	1 1 1 1 1 1 1 1 1 0 0 0 1 1 1 1 1 0 0 0 0 1 1 1 1 0 1 0 0 0 1 1 0 0 0 0 0 1 1 1 0 0 0 1 0 0 0 0 0 0
180	1	1 1 1 1 1 1 1 1 1 0 0 0 1 1 1 1 0 0 0 0 0 1 1 1 1 0 1 0 0 0 1 1 0 0 0 0 0 1 1 1 0 0 0 1 0 0 0 0 0 0
180	1	1 1 1 1 1 1 1 1 1 1 0 0 1 1 1 1 0 0 0 0 0 1 1 1 1 0 1 0 0 0 1 1 1 0 0 0 0 1 1 1 0 0 0 1 0 0 0 0 0 0
180	1	1 1 1 1 1 1 1 1 1 0 0 1 1 1 1 1 0 0 0 0 0 1 1 1 1 0 1 0 0 0 1 1 1 0 0 0 0 1 1 1 0 0 0 1 0 0 0 0 0 0
180	1	1 1 1 1 1 1 1 1 1 0 0 0 1 1 1 1 0 0 0 1 0 1 1 1 1 0 1 0 0 0 1 1 1 0 0 0 0 1 1 1 0 0 0 1 0 0 0 0 0 0
180	64	1 1 1 1 1 1 1 1 1 0 0 0 1 1 1 1 0 0 0 0 0 1 1 1 1 0 1 0 0 0 1 1 1 0 0 0 0 1 1 1 0 0 0 1 0 0 0 0 0 0
180	2	1 1 1 1 1 1 1 1 1 0 0 0 1 1 1 1 0 1 0 0 0 1 1 1 0 0 1 0 0 0 1 1 1 0 0 0 0 1 1 1 0 0 0 1 1 0 0 0 0 0
180	1	1 1 1 1 1 1 1 1 1 0 0 0 1 1 1 1 0 1 0 0 0 1 1 1 1 0 1 0 0 0 1 1 1 0 0 0 0 1 1 1 0 0 0 0 1 0 0 0 0 0
180	1	1 1 1 1 1 1 1 1 1 0 0 0 1 1 1 1 0 1 0 0 0 1 1 1 1 0 1 0 0 0 1 1 1 0 0 0 0 1 1 1 0 0 0 1 1 0 0 0 0 0
180	2	1 1 1 1 1 1 1 1 1 0 0 0 1 1 1 1 0 1 0 0 0 1 1 1 1 0 1 0 0 0 1 1 1 0 0 0 0 0 0 1 0 1 0 1 0 0 0 0 0 0
190	2	1 1 1 1 1 1 1 1 1 0 0 0 1 1 1 1 0 1 1 0 0 1 1 1 1 0 1 0 0 0 1 1 1 0 0 0 0 1 1 1 0 0 0 1 0 0 0 0 0 0
190	7	1 1 1 1 1 1 1 1 1 0 0 0 1 1 1 1 0 1 0 0 0 1 1 1 1 0 1 0 0 0 1 1 1 0 0 0 0 1 1 1 0 0 0 1 0 0 0 0 0 0
190	8	1 1 1 1 1 1 1 1 1 0 0 0 1 1 1 1 0 0 0 0 0 1 1 0 1 0 1 0 0 0 1 1 1 0 0 0 0 1 1 1 0 0 0 1 0 0 0 0 0 0
190	6	1 1 1 1 1 1 1 1 1 0 0 0 1 1 1 1 0 0 0 0 0 1 1 1 1 0 1 0 0 0 1 1 1 0 0 0 0 0 1 1 0 0 0 1 0 0 0 0 0 0
190	1	1 1 1 1 1 1 1 1 1 0 0 0 1 1 1 1 0 0 0 0 0 1 1 1 1 0 1 0 0 0 1 1 1 0 0 0 0 1 1 1 0 0 0 1 1 0 0 0 0 0
190	4	1 1 1 1 1 1 1 1 1 0 0 0 1 1 1 1 0 0 0 0 0 1 1 1 1 0 1 0 0 0 0 1 1 0 0 0 0 1 1 1 0 0 0 1 0 0 0 0 0 0
190	1	1 1 1 1 1 1 1 1 1 0 0 0 1 1 1 1 1 0 0 0 0 1 1 1 1 0 1 0 0 0 1 1 0 0 0 0 0 1 1 1 0 0 0 1 0 0 0 0 0 0
190	4	1 1 1 1 1 1 1 1 1 1 0 0 1 1 1 1 0 0 0 0 0 1 1 1 1 0 1 0 0 0 1 1 1 0 0 0 0 1 1 1 0 0 0 1 0 0 0 0 0 0
190	1	1 1 1 1 1 1 1 1 1 0 0 1 1 1 1 1 0 0 0 0 0 1 1 1 1 0 1 0 0 0 1 1 1 0 0 0 0 1 1 1 0 0 0 1 0 0 0 0 0 0
190	63	1 1 1 1 1 1 1 1 1 0 0 0 1 1 1 1 0 0 0 0 0 1 1 1 1 0 1 0 0 0 1 1 1 0 0 0 0 1 1 1 0 0 0 1 0 0 0 0 0 0
190	2	1 1 1 1 1 1 1 1 1 0 0 0 1 1 1 1 0 1 0 0 0 1 1 1 0 0 1 0 0 0 1 1 1 0 0 0 0 1 1 1 0 0 0 1 1 0 0 0 0 0
190	1	1 1 1 1 1 1 1 1 1 0 0 0 1 1 1 1 0 1 0 0 0 1 1 1 1 0 1 0 0 0 1 1 1 0 0 0 0 1 1 1 0 0 0 1 1 0 0 0 0 0
200	7	1 1 1 1 1 1 1 1 1 0 0 0 1 1 1 1 0 1 0 0 0 1 1 1 1 0 1 0 0 0 1 1 1 0 0 0 0 1 1 1 0 0 0 1 0 0 0 0 0 0
200	8	1 1 1 1 1 1 1 1 1 0 0 0 1 1 1 1 0 0 0 0 0 1 1 0 1 0 1 0 0 0 1 1 1 0 0 0 0 1 1 1 0 0 0 1 0 0 0 0 0 0
200	49	1 1 1 1 1 1 1 1 1 0 0 0 1 1 1 1 0 0 0 0 0 1 1 1 1 0 1 0 0 0 1 1 1 0 0 0 0 1 1 1 0 0 0 1 0 0 0 0 0 0
200	1	1 1 1 1 1 1 1 1 1 0 0 0 1 1 1 1 0 0 0 0 0 1 1 1 1 0 1 0 0 0 1 1 1 0 0 0 0 0 1 0 0 0 0 1 0 0 0 0 0 0
200	11	1 1 1 1 1 1 1 1 1 0 0 0 1 1 1 1 0 0 0 0 0 1 1 1 1 0 1 0 0 0 1 1 1 0 0 0 0 0 1 1 0 0 0 1 0 0 0 0 0 0
200	1	1 1 1 1 1 1 1 1 1 0 0 0 1 1 1 1 0 0 0 0 0 1 1 1 1 0 1 0 0 0 1 1 1 0 0 0 0 1 1 1 0 0 0 1 1 0 0 0 0 0
200	2	1 1 1 1 1 1 1 1 1 0 0 0 1 1 1 1 0 0 0 0 1 1 1 1 1 0 1 0 0 0 0 1 1 0 0 0 0 1 1 1 0 0 0 1 0 0 0 0 0 0
200	5	1 1 1 1 1 1 1 1 1 0 0 0 1 1 1 1 0 0 0 0 0 1 1 1 1 0 1 0 0 0 0 1 1 0 0 0 0 1 1 1 0 0 0 1 0 0 0 0 0 0
200	1	1 1 1 1 1 1 1 1 1 0 0 0 1 1 1 1 1 0 0 0 0 1 1 1 1 0 1 0 0 0 1 1 0 0 0 0 0 1 1 1 0 0 1 1 0 0 0 0 0 0
200	2	1 1 1 1 1 1 1 1 1 0 0 0 1 1 1 1 1 0 0 0 0 1 1 1 1 0 1 0 0 0 1 1 0 0 0 0 0 1 1 1 0 0 0 1 0 0 0 0 0 0
200	10	1 1 1 1 1 1 1 1 1 1 0 0 1 1 1 1 0 0 0 0 0 1 1 1 1 0 1 0 0 0 1 1 1 0 0 0 0 1 1 1 0 0 0 1 0 0 0 0 0 0
200	1	1 1 1 1 1 1 1 1 1 0 0 1 1 1 1 1 0 0 0 0 0 1 1 1 1 0 1 0 0 0 1 1 1 0 0 0 0 1 1 1 0 0 0 1 0 0 0 0 0 0
200	2	1 1 1 1 1 1 1 1 1 0 0 0 1 1 1 1 0 1 0 0 0 1 1 1 0 0 1 0 0 0 1 1 1 0 0 0 0 1 1 1 0 0 0 1 1 0 0 0 0 0
210	2	1 1 1 1 1 1 1 1 1 0 0 0 1 1 1 1 0 1 0 0 0 1 1 1 1 0 1 0 0 0 1 1 1 0 0 0 0 1 1 1 0 0 0 1 1 0 0 0 0 0
210	2	1 1 1 1 1 1 1 1 1 0 0 0 1 1 1 1 0 1 0 0 0 1 1 1 1 0 1 0 0 0 1 1 1 0 0 0 0 1 1 1 0 0 0 1 0 0 0 0 0 0
210	1	1 1 1 1 1 1 1 1 1 0 0 0 1 1 1 1 1 0 0 0 0 1 1 0 1 0 1 0 0 0 1 1 1 0 0 0 0 1 1 1 0 0 0 1 0 0 0 0 0 0
210	3	1 1 1 1 1 1 1 1 1 0 0 0 1 1 1 1 0 0 0 0 0 1 1 0 1 0 1 0 0 0 1 1 1 0 0 0 0 1 1 1 0 0 0 1 0 0 0 0 0 0
210	2	1 1 1 1 1 1 1 1 1 0 0 0 1 1 1 1 1 0 0 0 0 1 1 1 1 0 1 0 0 0 1 1 1 0 0 0 0 0 1 1 0 0 0 1 0 0 0 0 0 0
210	3	1 1 1 1 1 1 1 1 1 0 1 0 1 1 1 1 0 0 0 0 0 1 1 1 1 0 1 0 0 0 1 1 1 0 0 0 0 1 1 1 0 0 0 1 0 0 0 0 0 0
210	1	1 1 1 1 1 1 1 1 1 0 0 0 1 1 1 1 0 0 0 0 0 0 1 1 1 0 1 0 0 0 1 1 1 0 0 0 0 1 0 1 0 0 0 1 0 0 0 0 0 0
210	1	1 0 1 1 1 1 1 1 1 0 0 0 1 1 1 1 0 0 0 0 0 1 1 1 1 0 1 0 0 0 1 1 1 0 0 0 0 0 1 1 0 0 0 1 0 0 0 0 0 0
210	6	1 1 1 1 1 1 1 1 1 0 0 0 1 1 1 1 0 0 0 0 0 1 1 1 1 0 1 0 0 0 1 1 1 0 0 0 0 0 1 1 0 0 0 1 0 0 0 0 0 0
210	1	1 1 1 1 1 1 1 1 1 0 0 0 1 1 1 1 0 0 0 0 0 1 1 1 1 0 1 0 0 0 1 1 1 0 0 0 0 1 1 1 0 0 0 1 1 0 0 0 0 0
210	1	1 1 1 1 1 1 1 1 1 0 0 1 1 1 1 1 0 0 0 0 0 1 1 1 1 0 1 0 0 0 1 1 1 0 0 0 0 1 1 1 0 0 0 1 0 0 0 0 0 0
210	61	1 1 1 1 1 1 1 1 1 0 0 0 1 1 1 1 0 0 0 0 0 1 1 1 1 0 1 0 0 0 1 1 1 0 0 0 0 1 1 1 0 0 0 1 0 0 0 0 0 0
210	1	1 1 1 1 1 1 1 1 1 0 0 0 1 1 1 1 0 0 0 0 1 1 1 1 1 0 1 0 0 0 0 1 1 0 0 0 0 1 1 1 0 0 0 1 0 0 0 0 0 0
210	3	1 1 1 1 1 1 1 1 1 0 0 0 1 1 1 1 1 0 0 0 0 1 1 1 1 0 1 0 0 0 1 1 0 0 0 0 0 1 1 1 0 0 0 1 0 0 0 0 0 0
210	1	1 1 1 1 1 1 1 1 1 1 0 0 1 1 0 1 0 0 0 0 0 1 1 1 1 0 1 0 0 0 1 1 1 0 0 0 0 1 1 1 0 0 0 1 0 0 0 0 1 0
210	3	1 1 1 1 1 1 1 1 1 1 0 0 1 1 1 1 0 0 0 0 0 1 1 1 1 0 1 0 0 0 1 1 1 0 0 0 0 1 1 1 0 0 0 1 0 0 0 0 1 0
210	6	1 1 1 1 1 1 1 1 1 1 0 0 1 1 1 1 0 0 0 0 0 1 1 1 1 0 1 0 0 0 1 1 1 0 0 0 0 1 1 1 0 0 0 1 0 0 0 0 0 0
210	2	1 1 1 1 1 1 1 1 1 0 0 0 1 1 1 1 0 0 0 0 0 1 1 1 1 0 1 0 0 0 1 1 1 0 0 0 0 1 1 1 0 0 0 0 0 0 0 0 0 0
220	1	1 1 1 1 1 1 1 1 1 0 0 0 1 1 1 1 0 1 0 0 0 1 1 1 1 0 1 0 0 0 1 1 1 0 0 0 0 1 1 1 0 0 0 1 1 0 0 0 0 0
220	4	1 1 1 1 1 1 1 1 1 0 0 0 1 1 1 1 0 1 0 0 0 1 1 1 1 0 1 0 0 0 1 1 1 0 0 0 0 1 1 1 0 0 0 1 0 0 0 0 0 0
220	2	1 1 1 1 1 1 1 1 1 0 0 0 1 1 1 1 1 0 0 0 0 1 1 0 1 0 1 0 0 0 1 1 1 0 0 0 0 1 1 1 0 0 0 1 0 0 0 0 0 0
220	1	1 1 1 1 1 1 1 1 1 0 0 0 1 1 1 1 0 0 0 0 0 1 1 0 1 0 1 0 0 0 1 1 1 0 0 0 0 1 1 1 0 0 0 1 0 0 0 0 0 0
220	5	1 1 1 1 1 1 1 1 1 0 0 0 1 1 1 1 1 0 0 0 0 1 1 1 1 0 1 0 0 0 1 1 1 0 0 0 0 0 1 1 0 0 0 1 0 0 0 0 0 0
220	1	1 1 1 1 1 1 1 1 1 0 0 0 1 1 1 1 0 0 0 0 0 1 1 1 1 0 1 0 0 0 0 1 1 0 0 0 0 1 1 1 0 0 0 1 0 0 0 0 0 0
220	11	1 1 1 1 1 1 1 1 1 0 0 0 1 1 1 1 0 0 0 0 0 1 1 1 1 0 1 0 0 0 1 1 1 0 0 0 0 0 1 1 0 0 0 1 0 0 0 0 0 0
220	1	1 1 1 1 1 1 1 1 1 0 0 0 1 1 1 1 0 0 0 0 0 1 1 1 1 0 1 0 0 0 1 1 1 0 0 0 0 1 1 1 0 0 0 1 1 0 0 0 0 0
220	1	1 1 1 1 1 1 1 1 1 0 0 0 1 1 1 1 0 0 0 0 0 1 1 1 1 0 1 0 0 0 1 0 1 0 0 0 0 1 1 1 0 0 0 1 0 0 0 0 0 0
220	1	1 1 1 1 1 1 1 1 1 0 0 0 1 1 1 1 0 0 0 0 0 1 1 1 1 0 1 0 0 0 1 1 1 0 0 0 0 1 1 1 1 0 0 1 0 0 0 0 0 0
220	15	1 1 1 1 1 1 1 1 1 1 0 0 1 1 1 1 0 0 0 0 0 1 1 1 1 0 1 0 0 0 1 1 1 0 0 0 0 1 1 1 0 0 0 1 0 0 0 0 0 0
220	2	1 1 1 1 1 1 1 1 1 0 0 0 1 1 1 1 0 0 0 0 0 1 1 1 1 0 1 0 0 0 1 1 1 0 0 0 0 1 0 1 0 0 0 1 0 0 0 0 0 0
220	41	1 1 1 1 1 1 1 1 1 0 0 0 1 1 1 1 0 0 0 0 0 1 1 1 1 0 1 0 0 0 1 1 1 0 0 0 0 1 1 1 0 0 0 1 0 0 0 0 0 0
220	1	1 1 1 1 1 1 1 1 1 0 0 0 1 1 1 1 1 0 0 0 0 1 1 1 1 0 1 0 0 0 1 1 0 0 0 0 0 1 1 1 0 0 0 1 0 0 0 0 0 0
220	5	1 1 1 1 1 1 1 1 1 1 0 0 1 1 1 1 0 0 0 0 0 1 1 1 1 0 1 0 0 0 1 1 1 0 0 0 0 1 1 1 0 0 0 1 0 0 0 0 1 0
220	7	1 1 1 1 1 1 1 1 1 0 0 0 1 1 1 1 0 0 0 0 0 1 1 1 1 0 1 0 0 0 1 1 1 0 0 0 0 1 1 1 0 0 0 0 0 0 0 0 0 0
220	1	1 1 1 1 1 1 1 1 1 0 0 0 1 1 1 1 0 0 0 0 0 1 1 1 1 0 1 0 0 0 1 1 1 0 1 0 0 1 1 1 0 0 0 1 0 0 0 0 0 0
230	11	1 1 1 1 1 1 1 1 1 0 0 0 1 1 1 1 0 1 0 0 0 1 1 1 1 0 1 0 0 0 1 1 1 0 0 0 0 1 1 1 0 0 0 1 0 0 0 0 0 0
230	6	1 1 1 1 1 1 1 1 1 0 0 0 1 1 1 1 0 0 0 0 0 1 1 0 1 0 1 0 0 0 1 1 1 0 0 0 0 1 1 1 0 0 0 1 0 0 0 0 0 0
230	1	1 1 1 1 1 1 1 1 1 0 0 0 1 1 1 1 1 0 0 0 0 1 1 1 1 0 1 0 0 0 1 1 1 1 0 0 0 0 1 1 0 0 0 1 0 0 0 0 0 0
230	4	1 1 1 1 1 1 1 1 1 0 0 0 1 1 1 1 1 0 0 0 0 1 1 1 1 0 1 0 0 0 1 1 1 0 0 0 0 0 1 1 0 0 0 1 0 0 0 0 0 0
230	2	1 1 1 1 1 1 1 1 1 0 0 0 1 1 1 1 0 0 0 0 0 1 1 1 1 0 1 0 0 0 1 1 1 0 0 0 0 0 1 1 0 0 0 1 0 0 0 0 0 0
230	37	1 1 1 1 1 1 1 1 1 0 0 0 1 1 1 1 0 0 0 0 0 1 1 1 1 0 1 0 0 0 1 1 1 0 0 0 0 1 1 1 0 0 0 1 0 0 0 0 0 0
230	1	1 1 1 1 1 1 1 1 1 0 0 0 1 1 1 1 0 0 0 0 0 1 1 1 1 0 1 0 0 0 1 1 1 0 0 0 0 1 1 1 0 0 0 1 1 0 0 0 0 0
230	1	1 1 1 1 1 1 1 1 1 0 0 0 1 1 1 1 0 0 0 0 0 1 1 1 1 0 0 0 0 0 1 1 1 0 0 0 0 1 1 1 0 0 0 1 0 0 0 0 0 0
230	1	1 1 1 1 1 1 1 1 1 0 0 0 1 1 1 1 0 0 0 0 0 1 1 1 1 0 1 0 0 0 1 0 1 0 0 0 0 1 1 1 0 0 0 1 0 0 0 0 0 0
230	1	1 1 1 1 1 1 1 1 1 1 0 0 1 1 1 1 0 0 0 0 1 1 1 1 1 0 1 0 0 0 1 1 1 0 0 0 0 1 1 1 0 0 0 1 0 0 0 0 0 0
230	18	1 1 1 1 1 1 1 1 1 1 0 0 1 1 1 1 0 0 0 0 0 1 1 1 1 0 1 0 0 0 1 1 1 0 0 0 0 1 1 1 0 0 0 1 0 0 0 0 0 0
230	2	1 1 1 1 1 1 1 1 1 0 0 0 1 1 1 1 0 0 0 0 0 1 1 1 1 0 1 0 1 0 1 1 1 0 0 0 0 1 1 1 0 0 0 1 0 0 0 0 0 0
230	2	1 1 1 1 1 1 1 1 1 0 0 0 1 1 1 1 0 0 0 0 0 1 1 1 1 0 1 0 0 0 1 1 1 0 0 0 0 1 0 1 0 0 0 1 0 0 0 0 0 0
230	1	1 1 1 1 1 1 1 0 1 0 0 0 1 1 1 1 0 0 0 0 0 1 1 1 1 0 1 0 0 0 1 1 1 0 0 0 0 1 1 1 0 0 0 1 0 0 0 0 0 0
230	1	1 1 1 1 1 1 1 1 1 0 0 0 1 1 1 1 0 0 0 0 0 1 1 1 1 0 1 0 0 0 1 1 1 1 0 0 0 1 1 1 0 0 0 0 0 0 0 0 0 0
230	5	1 1 1 1 1 1 1 1 1 0 0 0 1 1 1 1 0 0 0 0 0 1 1 1 1 0 1 0 0 0 1 1 1 0 0 0 0 1 1 1 0 0 0 0 0 0 0 0 0 0
230	1	1 1 1 1 1 1 1 1 1 0 0 0 1 1 1 1 1 0 0 0 0 1 1 1 1 0 1 0 0 0 1 1 0 0 0 0 0 1 1 1 0 0 0 1 0 0 0 0 0 0
230	2	1 1 1 1 1 1 1 1 1 1 0 0 1 1 1 1 0 1 0 0 0 1 1 1 1 0 1 0 0 0 1 1 1 0 0 0 0 1 1 1 0 0 0 1 0 0 0 0 1 0
230	3	1 1 1 1 1 1 1 1 1 1 0 0 1 1 1 1 0 0 0 0 0 1 1 1 1 0 1 0 0 0 1 1 1 0 0 0 0 1 1 1 0 0 0 1 0 0 0 0 1 0
240	1	1 1 1 1 1 1 1 1 1 0 0 0 1 1 1 1 0 1 0 0 0 1 1 1 1 0 1 0 0 0 1 1 1 0 0 0 0 1 1 1 0 0 0 1 1 0 0 0 0 0
240	6	1 1 1 1 1 1 1 1 1 0 0 0 1 1 1 1 0 1 0 0 0 1 1 1 1 0 1 0 0 0 1 1 1 0 0 0 0 1 1 1 0 0 0 1 0 0 0 0 0 0
240	1	1 1 1 1 1 1 1 1 1 0 0 0 1 0 1 1 0 0 0 0 0 1 1 0 1 0 1 0 0 0 1 1 1 0 0 0 0 1 1 1 0 0 0 1 0 0 0 0 0 0
240	14	1 1 1 1 1 1 1 1 1 0 0 0 1 1 1 1 0 0 0 0 0 1 1 0 1 0 1 0 0 0 1 1 1 0 0 0 0 1 1 1 0 0 0 1 0 0 0 0 0 0
240	11	1 1 1 1 1 1 1 1 1 0 0 0 1 1 1 1 1 0 0 0 0 1 1 1 1 0 1 0 0 0 1 1 1 0 0 0 0 0 1 1 0 0 0 1 0 0 0 0 0 0
240	3	1 1 1 1 1 1 1 1 1 0 0 0 1 1 1 1 0 0 0 0 0 1 1 1 1 0 1 0 0 0 1 1 1 0 0 0 0 0 1 1 0 0 0 1 0 0 0 0 0 0
240	2	1 1 1 1 1 1 1 1 1 0 0 0 1 1 1 1 0 0 0 0 0 1 1 1 1 0 1 0 1 0 1 1 1 0 0 0 0 1 1 1 0 0 0 1 0 0 0 0 0 0
240	6	1 1 1 1 1 1 1 1 1 0 0 0 1 1 1 1 0 0 0 0 0 1 1 1 1 0 1 0 0 0 1 1 1 0 0 0 0 1 0 1 0 0 0 1 0 0 0 0 0 0
240	1	1 1 1 1 1 1 1 1 1 0 0 0 1 1 1 1 0 0 0 0 0 1 1 1 0 0 1 0 0 0 1 1 1 0 0 0 0 1 1 1 0 0 0 1 0 0 0 0 0 0
240	25	1 1 1 1 1 1 1 1 1 0 0 0 1 1 1 1 0 0 0 0 0 1 1 1 1 0 1 0 0 0 1 1 1 0 0 0 0 1 1 1 0 0 0 1 0 0 0 0 0 0
240	23	1 1 1 1 1 1 1 1 1 1 0 0 1 1 1 1 0 0 0 0 0 1 1 1 1 0 1 0 0 0 1 1 1 0 0 0 0 1 1 1 0 0 0 1 0 0 0 0 0 0
240	1	1 1 1 1 1 1 1 1 1 0 0 0 1 1 1 1 0 0 0 0 0 1 1 1 1 0 1 0 0 0 1 1 1 0 0 1 0 1 1 1 0 0 0 0 0 0 0 0 0 0
240	4	1 1 1 1 1 1 1 1 1 0 0 0 1 1 1 1 0 0 0 0 0 1 1 1 1 0 1 0 0 0 1 1 1 0 0 0 0 1 1 1 0 0 0 0 0 0 0 0 0 0
240	2	1 1 1 1 1 1 1 1 1 1 0 0 1 1 1 1 0 1 0 0 0 1 1 1 1 0 1 0 0 0 1 1 1 0 0 0 0 1 1 1 0 0 0 1 0 0 0 0 1 0
250	3	1 1 1 1 1 1 1 1 1 0 0 0 1 1 1 1 0 1 0 0 0 1 1 1 1 0 1 0 0 0 1 1 1 0 0 0 0 1 1 1 0 0 0 1 0 0 0 0 0 0
250	1	1 1 1 1 1 1 1 1 1 0 0 0 1 1 1 1 0 1 0 0 0 1 1 1 1 0 1 0 0 0 1 1 1 0 0 0 0 1 1 1 0 0 0 1 1 0 0 0 0 0
250	1	1 1 1 1 1 1 1 1 1 0 0 0 1 0 1 1 0 0 0 0 0 1 1 0 1 0 1 0 0 0 1 1 1 0 0 0 0 1 1 1 0 0 0 1 0 0 0 0 0 0
250	6	1 1 1 1 1 1 1 1 1 0 0 0 1 1 1 1 0 0 0 0 0 1 1 0 1 0 1 0 0 0 1 1 1 0 0 0 0 1 1 1 0 0 0 1 0 0 0 0 0 0
250	1	1 1 1 1 1 1 1 1 1 0 0 0 1 0 1 1 1 0 0 0 0 1 1 1 1 0 1 0 0 0 1 1 1 0 0 0 0 0 1 1 0 0 0 1 0 0 0 0 0 0
250	1	1 1 1 1 1 1 1 1 1 0 0 0 1 1 1 1 1 0 0 0 0 1 1 1 1 0 1 0 0 0 1 1 1 0 0 0 0 0 1 1 0 0 0 1 0 0 0 1 0 0
250	6	1 1 1 1 1 1 1 1 1 0 0 0 1 1 1 1 1 0 0 0 0 1 1 1 1 0 1 0 0 0 1 1 1 0 0 0 0 0 1 1 0 0 0 1 0 0 0 0 0 0
250	5	1 1 1 1 1 1 1 1 1 0 0 0 1 1 1 1 0 0 0 0 0 1 1 1 1 0 1 0 0 0 1 1 1 0 0 0 0 0 1 1 0 0 0 1 0 0 0 0 0 0
250	1	1 1 1 1 1 1 1 1 1 0 0 0 1 1 1 1 0 0 0 0 0 1 1 1 1 0 1 0 0 0 1 1 1 0 0 0 0 1 0 1 0 0 0 1 0 0 0 0 0 0
250	2	1 1 1 1 1 1 1 1 1 0 0 1 1 1 1 1 0 0 0 0 0 1 1 1 1 0 1 0 0 0 1 1 1 0 0 0 0 1 1 1 0 0 0 1 0 0 0 0 0 0
250	1	1 1 1 1 1 1 1 1 1 1 0 0 1 1 1 1 0 0 0 0 0 1 1 1 1 0 1 0 0 0 1 0 1 0 0 0 0 1 1 1 0 0 0 1 0 0 0 0 0 0
250	36	1 1 1 1 1 1 1 1 1 1 0 0 1 1 1 1 0 0 0 0 0 1 1 1 1 0 1 0 0 0 1 1 1 0 0 0 0 1 1 1 0 0 0 1 0 0 0 0 0 0
250	1	1 0 1 1 1 1 1 1 1 0 0 0 1 1 1 1 0 0 0 0 0 1 1 1 1 0 1 0 0 0 1 1 1 0 0 0 0 1 1 1 0 0 0 1 0 0 0 0 0 0
250	1	1 1 1 1 1 1 1 1 1 0 0 0 1 1 1 1 0 0 0 0 0 1 1 1 1 0 1 0 0 0 1 1 1 0 0 0 0 1 1 1 0 0 0 1 1 0 0 0 0 0
250	31	1 1 1 1 1 1 1 1 1 0 0 0 1 1 1 1 0 0 0 0 0 1 1 1 1 0 1 0 0 0 1 1 1 0 0 0 0 1 1 1 0 0 0 1 0 0 0 0 0 0
250	3	1 1 1 1 1 1 1 1 1 1 0 0 1 1 1 1 0 1 0 0 0 1 1 1 1 0 1 0 0 0 1 1 1 0 0 0 0 1 1 1 0 0 0 1 0 0 0 0 1 0
260	1	1 1 1 1 1 0 1 1 1 0 0 0 1 1 1 1 0 1 0 0 0 1 1 1 1 0 1 0 0 0 1 1 1 0 0 0 0 1 1 1 0 0 0 1 0 0 0 0 0 0
260	7	1 1 1 1 1 1 1 1 1 0 0 0 1 1 1 1 0 1 0 0 0 1 1 1 1 0 1 0 0 0 1 1 1 0 0 0 0 1 1 1 0 0 0 1 0 0 0 0 0 0
260	3	1 1 1 1 1 1 1 1 1 0 0 0 1 1 1 1 0 1 0 0 0 1 1 1 1 0 1 0 0 0 1 1 1 0 0 0 0 1 1 1 0 0 0 1 1 0 0 0 0 0
260	2	1 1 1 1 1 1 1 1 1 0 0 0 1 0 1 1 0 0 0 0 0 1 1 0 1 0 1 0 0 0 1 1 1 0 0 0 0 1 1 1 0 0 0 1 0 0 0 0 0 0
260	1	1 1 1 1 1 1 1 1 1 0 0 0 1 1 1 1 0 0 0 0 0 1 1 0 1 0 1 0 0 0 1 1 1 0 0 0 0 1 1 1 0 0 0 1 0 0 0 1 0 0
260	3	1 1 1 1 1 1 1 1 1 0 0 0 1 1 1 1 0 0 0 0 0 1 1 0 1 0 1 0 0 0 1 1 1 0 0 0 0 1 1 1 0 0 0 1 0 0 0 0 0 0
260	3	1 1 1 1 1 1 1 1 1 0 0 0 1 1 1 1 1 0 0 0 0 1 1 1 1 0 1 0 0 0 1 1 1 0 0 0 0 0 1 1 0 0 0 1 0 0 0 0 0 0
260	2	1 1 1 1 1 1 1 1 1 0 0 0 1 1 1 1 0 0 0 0 0 1 1 1 1 0 1 0 0 0 1 1 1 0 0 0 0 0 1 1 0 0 0 1 0 0 0 0 0 0
260	3	1 1 1 1 1 1 1 1 1 0 0 0 1 1 1 1 0 0 0 0 0 1 1 1 1 0 1 0 0 0 1 1 1 0 0 0 0 1 0 1 0 0 0 1 0 0 0 0 0 0
260	3	1 1 1 1 1 1 1 1 1 0 0 1 1 1 1 1 0 0 0 0 0 1 1 1 1 0 1 0 0 0 1 1 1 0 0 0 0 1 1 1 0 0 0 1 0 0 0 0 0 0
260	1	1 1 1 1 1 1 1 1 1 1 0 0 1 1 1 1 0 0 0 0 0 1 1 1 1 0 1 0 0 0 1 1 1 0 0 0 0 1 1 1 0 0 0 1 0 0 1 0 0 0
260	2	1 1 1 1 1 1 1 1 1 1 0 0 1 1 1 1 1 0 0 0 0 1 1 1 1 0 1 0 0 0 1 1 1 0 0 0 0 1 1 1 0 0 0 1 0 0 0 0 0 0
260	1	1 1 1 1 1 1 1 1 1 1 0 0 1 1 0 1 0 0 0 0 0 1 1 1 1 0 1 0 0 0 1 1 1 0 0 0 0 1 1 1 0 0 0 1 0 0 0 0 0 0
260	35	1 1 1 1 1 1 1 1 1 1 0 0 1 1 1 1 0 0 0 0 0 1 1 1 1 0 1 0 0 0 1 1 1 0 0 0 0 1 1 1 0 0 0 1 0 0 0 0 0 0
260	1	1 1 1 1 1 1 1 1 1 1 0 0 1 1 1 1 0 0 0 0 0 1 1 1 1 0 1 0 0 0 1 1 1 0 0 0 0 1 1 1 0 0 0 1 0 1 0 0 0 0
260	1	1 1 1 1 1 1 1 1 1 1 0 0 1 1 1 1 0 0 0 0 1 1 1 1 1 0 1 0 0 0 1 1 1 0 0 0 0 1 1 1 0 0 0 1 0 0 0 0 0 0
260	3	1 1 1 1 1 1 1 1 1 0 0 0 1 1 1 1 0 0 0 0 0 1 1 1 1 0 1 0 0 0 1 1 1 0 0 0 0 1 1 1 0 0 0 0 0 0 0 0 0 0
260	1	1 1 1 1 1 1 1 1 1 0 0 0 1 1 1 1 0 0 0 0 0 1 1 1 1 0 1 0 0 0 1 1 1 0 0 0 0 1 1 1 0 0 0 1 0 0 0 0 1 0
260	26	1 1 1 1 1 1 1 1 1 0 0 0 1 1 1 1 0 0 0 0 0 1 1 1 1 0 1 0 0 0 1 1 1 0 0 0 0 1 1 1 0 0 0 1 0 0 0 0 0 0
260	1	1 1 1 1 1 1 1 1 1 1 0 0 0 1 1 1 0 1 0 0 0 1 1 1 1 0 1 0 0 0 1 1 1 0 0 0 0 1 1 1 0 0 0 1 0 0 0 0 1 0
270	6	1 1 1 1 1 1 1 1 1 0 0 0 1 1 1 1 0 1 0 0 0 1 1 1 1 0 1 0 0 0 1 1 1 0 0 0 0 1 1 1 0 0 0 1 0 0 0 0 0 0
270	2	1 1 1 1 1 1 1 1 1 0 0 0 1 0 1 1 0 0 0 0 0 1 1 0 1 0 1 0 0 0 1 1 1 0 0 0 0 1 1 1 0 0 0 1 0 0 0 0 0 0
270	3	1 1 1 1 1 1 1 1 1 0 0 0 1 1 1 1 0 0 0 0 0 1 1 0 1 0 1 0 0 0 1 1 1 0 0 0 0 1 1 1 0 0 0 1 0 0 0 0 0 0
270	1	1 1 1 1 1 1 1 1 1 0 0 0 1 1 1 1 1 0 0 0 0 1 1 1 1 0 0 0 0 0 1 1 1 0 0 0 0 0 1 1 0 0 0 1 0 0 0 0 0 0
270	5	1 1 1 1 1 1 1 1 1 0 0 0 1 1 1 1 1 0 0 0 0 1 1 1 1 0 1 0 0 0 1 1 1 0 0 0 0 0 1 1 0 0 0 1 0 0 0 0 0 0
270	2	1 1 1 1 1 1 1 1 1 0 0 0 1 1 1 1 0 0 0 0 0 1 1 1 1 0 1 0 0 0 1 1 1 0 0 0 0 0 1 1 0 0 0 1 0 0 0 0 0 0
270	5	1 1 1 1 1 1 1 1 1 0 0 0 1 1 1 1 0 0 0 0 0 1 1 1 1 0 1 0 0 0 1 1 1 0 0 0 0 1 0 1 0 0 0 1 0 0 0 0 0 0
270	2	1 1 1 1 1 1 1 1 1 1 0 0 1 1 1 1 1 0 0 0 0 1 1 0 1 0 1 0 0 0 1 1 1 0 0 0 0 1 1 1 0 0 0 1 0 0 0 0 0 0
270	3	1 1 1 1 1 1 1 1 1 1 0 0 1 1 1 1 1 0 0 0 0 1 1 1 1 0 1 0 0 0 1 1 1 0 0 0 0 1 1 1 0 0 0 1 0 0 0 0 0 0
270	1	1 1 1 1 1 0 1 1 1 1 0 0 1 1 1 1 0 0 0 0 0 1 1 1 1 0 1 0 0 0 1 1 1 0 0 0 0 1 1 1 0 0 0 1 0 0 0 0 0 0
270	42	1 1 1 1 1 1 1 1 1 1 0 0 1 1 1 1 0 0 0 0 0 1 1 1 1 0 1 0 0 0 1 1 1 0 0 0 0 1 1 1 0 0 0 1 0 0 0 0 0 0
270	2	1 1 1 1 1 1 1 1 1 1 0 0 1 1 1 1 0 0 0 0 0 1 1 1 0 0 1 0 0 0 1 1 1 0 0 0 0 1 1 1 0 0 0 1 0 0 0 0 0 0
270	3	1 1 1 1 1 1 1 1 1 0 0 0 1 1 1 1 0 0 0 0 0 1 1 1 1 0 1 0 0 0 1 1 1 0 0 0 0 1 1 1 0 0 0 0 0 0 0 0 0 0
270	18	1 1 1 1 1 1 1 1 1 0 0 0 1 1 1 1 0 0 0 0 0 1 1 1 1 0 1 0 0 0 1 1 1 0 0 0 0 1 1 1 0 0 0 1 0 0 0 0 0 0
270	1	1 1 1 1 1 1 1 1 1 1 0 0 0 0 1 1 0 1 0 0 0 1 1 1 1 0 1 0 0 0 1 1 1 0 0 0 0 1 1 1 0 0 0 1 0 0 0 0 1 0
270	2	1 1 1 1 1 1 1 1 1 1 0 0 0 1 1 1 0 1 0 0 0 1 1 1 1 0 1 0 0 0 1 1 1 0 0 0 0 1 1 1 0 0 0 1 0 0 0 0 1 0
270	2	1 1 1 1 1 1 1 1 1 1 0 0 1 1 1 1 0 1 0 0 0 1 1 1 1 0 1 0 0 0 1 1 1 0 0 0 0 1 1 1 0 0 0 1 0 0 0 0 1 0
280	1	1 1 1 1 1 1 1 1 1 0 0 0 1 1 1 1 0 1 0 0 0 1 1 1 1 0 1 0 0 0 1 1 1 0 0 0 0 1 1 1 0 0 0 1 0 0 0 0 0 0
280	2	1 1 1 1 1 1 1 1 1 0 0 0 1 1 1 1 0 0 0 0 0 1 1 0 1 0 1 0 0 0 1 1 1 0 0 0 0 1 1 1 0 0 0 1 0 0 0 0 0 0
280	1	1 1 1 1 1 1 1 1 1 0 0 0 1 1 1 1 0 0 0 0 0 1 1 1 1 0 1 0 0 0 1 1 1 0 0 0 0 0 1 1 0 0 0 1 0 0 0 0 0 0
280	1	1 1 1 1 1 1 1 1 1 0 0 0 1 1 1 1 0 0 0 0 0 1 1 1 1 0 1 0 0 0 1 1 1 0 0 0 0 1 0 1 0 0 0 1 0 0 0 0 0 0
280	1	1 1 1 1 1 1 1 1 1 1 0 0 1 1 1 1 1 0 0 0 0 1 1 0 1 0 1 0 0 0 1 1 1 0 0 0 0 1 1 1 0 0 0 1 0 0 0 0 0 0
280	1	1 1 1 1 1 1 1 1 1 1 0 0 1 1 1 1 1 0 0 0 0 1 1 1 1 0 1 0 0 0 1 1 1 0 1 0 0 1 1 1 0 0 0 1 0 0 0 0 0 0
280	8	1 1 1 1 1 1 1 1 1 1 0 0 1 1 1 1 1 0 0 0 0 1 1 1 1 0 1 0 0 0 1 1 1 0 0 0 0 1 1 1 0 0 0 1 0 0 0 0 0 0
280	5	1 1 1 1 1 1 1 1 1 1 0 0 1 1 1 1 0 0 0 1 0 1 1 1 1 0 1 0 1 0 1 1 1 0 0 0 0 1 1 1 0 0 0 1 0 0 0 0 0 0
280	1	1 1 1 1 1 1 1 1 1 1 0 0 1 1 1 1 0 0 0 0 0 1 1 1 1 0 0 0 0 0 1 1 1 0 0 0 0 1 1 1 0 0 0 1 0 0 0 0 0 0
280	1	1 1 1 1 1 1 1 1 1 1 0 0 1 1 1 1 0 0 0 0 0 1 1 1 1 0 1 0 0 0 1 1 1 1 0 0 0 1 1 1 0 0 0 1 0 0 0 0 0 0
280	7	1 1 1 1 1 1 1 1 1 0 0 0 1 1 1 1 0 0 0 0 0 1 1 1 1 0 1 0 0 0 1 1 1 0 0 0 0 1 1 1 0 0 0 1 0 0 0 0 0 0
280	4	1 1 1 1 1 1 1 1 1 1 0 0 1 1 1 1 0 0 0 0 0 1 1 1 0 0 1 0 0 0 1 1 1 0 0 0 0 1 1 1 0 0 0 1 0 0 0 0 0 0
280	2	1 1 1 1 1 1 1 1 1 1 0 0 1 1 1 1 0 0 0 0 0 1 1 1 1 0 1 0 0 0 1 1 1 0 0 1 0 1 1 1 0 0 0 1 0 0 0 0 0 0
280	1	1 1 1 1 1 1 1 1 1 1 0 0 1 1 1 1 0 0 0 0 0 1 1 1 1 0 1 0 0 1 1 1 1 0 0 0 0 1 1 1 0 0 0 1 0 0 0 0 0 0
280	60	1 1 1 1 1 1 1 1 1 1 0 0 1 1 1 1 0 0 0 0 0 1 1 1 1 0 1 0 0 0 1 1 1 0 0 0 0 1 1 1 0 0 0 1 0 0 0 0 0 0
280	2	1 1 1 1 1 1 1 1 1 0 0 0 1 1 1 1 0 0 0 0 0 1 1 1 1 0 1 0 0 0 1 1 1 0 0 0 0 1 1 1 0 0 0 0 0 0 0 0 0 0
280	2	1 1 1 1 1 1 1 1 1 1 0 0 0 1 1 1 0 1 0 0 0 1 1 1 1 0 1 0 0 0 1 1 1 0 0 0 0 1 1 1 0 0 0 1 0 0 0 0 1 0
290	3	1 1 1 1 1 1 1 1 1 0 0 0 1 1 1 1 0 0 0 0 0 1 1 0 1 0 1 0 0 0 1 1 1 0 0 0 0 1 1 1 0 0 0 1 0 0 0 0 0 0
290	2	1 1 1 1 1 1 1 1 1 0 0 0 1 1 1 1 0 0 0 0 0 1 1 1 1 0 1 0 0 0 1 1 1 0 0 0 0 0 1 1 0 0 0 1 0 0 0 0 0 0
290	1	1 0 1 1 1 1 1 1 1 1 0 0 1 1 1 1 0 0 0 0 0 1 1 1 1 0 1 0 0 0 1 1 1 0 0 0 0 1 1 1 0 0 0 1 0 0 0 0 0 0
290	1	1 1 1 1 1 1 1 1 1 1 0 0 1 1 1 1 1 0 0 0 0 1 1 0 1 0 1 0 0 0 1 1 1 0 0 0 0 1 1 1 0 0 0 1 0 0 0 0 0 0
290	4	1 1 1 1 1 1 1 1 1 1 0 0 1 1 1 1 1 0 0 0 0 1 1 1 1 0 1 0 0 0 1 1 1 0 0 0 0 1 1 1 0 0 0 1 0 0 0 0 0 0
290	1	1 1 1 1 1 1 1 1 1 1 0 0 1 1 1 1 0 0 0 1 0 1 1 1 1 0 1 0 1 0 1 1 1 0 0 0 0 1 1 1 1 0 0 1 0 0 0 0 0 0
290	4	1 1 1 1 1 1 1 1 1 1 0 0 1 1 1 1 0 0 0 1 0 1 1 1 1 0 1 0 1 0 1 1 1 0 0 0 0 1 1 1 0 0 0 1 0 0 0 0 0 0
290	10	1 1 1 1 1 1 1 1 1 0 0 0 1 1 1 1 0 0 0 0 0 1 1 1 1 0 1 0 0 0 1 1 1 0 0 0 0 1 1 1 0 0 0 1 0 0 0 0 0 0
290	4	1 1 1 1 1 1 1 1 1 1 0 0 1 1 1 1 0 0 0 0 0 1 1 1 0 0 1 0 0 0 1 1 1 0 0 0 0 1 1 1 0 0 0 1 0 0 0 0 0 0
290	1	1 1 1 0 1 1 1 1 1 1 0 0 1 1 1 1 0 0 0 0 0 1 1 1 1 0 1 0 0 0 1 1 1 0 0 0 0 1 1 1 0 0 0 1 0 0 0 0 0 0
290	1	1 1 1 1 1 1 1 1 1 1 1 0 1 1 1 1 0 0 0 0 0 1 1 1 1 0 1 0 0 0 1 1 1 0 0 0 0 1 1 1 0 0 0 1 0 0 0 0 0 0
290	1	1 1 1 1 0 1 1 1 1 1 0 0 1 1 1 1 0 0 0 0 0 1 1 1 1 0 1 0 0 0 1 1 1 0 0 0 0 1 1 1 0 0 0 1 0 0 0 0 0 0
290	3	1 1 1 1 1 1 1 1 1 1 0 0 1 1 1 1 0 0 0 0 0 1 1 1 1 0 1 0 0 0 0 1 1 0 0 0 0 1 1 1 0 0 0 1 0 0 0 0 0 0
290	1	1 1 1 1 1 1 1 1 1 1 0 0 1 1 1 1 0 0 0 0 0 0 1 1 1 0 1 0 0 0 1 1 1 0 0 0 0 1 1 1 0 0 0 1 0 0 0 0 0 0
290	1	1 1 1 1 1 1 1 1 1 1 0 0 1 1 1 1 0 0 0 0 0 1 1 1 1 0 1 0 0 0 1 1 1 0 0 0 0 1 0 1 0 0 0 1 0 0 0 0 0 0
290	1	1 1 1 1 1 1 1 1 1 1 0 0 1 1 1 1 0 0 0 0 0 1 1 1 1 0 1 0 0 0 1 1 1 1 0 0 0 1 1 1 0 0 0 1 0 0 0 0 0 0
290	56	1 1 1 1 1 1 1 1 1 1 0 0 1 1 1 1 0 0 0 0 0 1 1 1 1 0 1 0 0 0 1 1 1 0 0 0 0 1 1 1 0 0 0 1 0 0 0 0 0 0
290	1	1 1 1 1 1 1 1 1 1 0 0 0 1 1 1 0 0 0 0 0 0 1 1 1 1 0 1 0 0 0 1 1 1 0 0 0 0 1 1 1 0 0 0 0 0 0 0 0 0 0
290	3	1 1 1 1 1 1 1 1 1 0 0 0 1 1 1 1 0 0 0 0 0 1 1 1 1 0 1 0 0 0 1 1 1 0 0 0 0 1 1 1 0 0 0 0 0 0 0 0 0 0
290	1	1 1 1 1 1 1 1 1 1 1 0 0 0 1 1 1 0 1 0 0 0 1 1 1 1 0 1 0 0 0 1 1 1 0 0 0 0 1 1 1 0 0 0 1 0 0 0 0 1 0
300	3	1 1 1 1 1 1 1 1 1 0 0 0 1 1 1 1 0 0 0 0 0 1 1 0 1 0 1 0 0 0 1 1 1 0 0 0 0 1 1 1 0 0 0 1 0 0 0 0 0 0
300	6	1 1 1 1 1 1 1 1 1 1 0 0 1 1 1 1 1 0 0 0 0 1 1 1 1 0 1 0 0 0 1 1 1 0 0 0 0 1 1 1 0 0 0 1 0 0 0 0 0 0
300	1	1 1 1 1 1 1 1 1 1 1 0 0 1 1 1 1 0 0 0 1 0 1 1 1 1 0 1 0 1 0 1 1 1 0 0 0 0 1 1 1 0 0 0 1 0 0 0 0 0 0
300	1	1 1 1 1 1 1 1 1 1 1 0 0 1 1 1 1 0 0 0 0 0 1 1 1 1 0 0 0 0 0 1 1 1 0 0 0 0 1 1 1 0 0 0 1 0 0 0 0 0 0
300	7	1 1 1 1 1 1 1 1 1 0 0 0 1 1 1 1 0 0 0 0 0 1 1 1 1 0 1 0 0 0 1 1 1 0 0 0 0 1 1 1 0 0 0 1 0 0 0 0 0 0
300	1	1 1 1 1 1 1 1 1 1 1 0 0 1 1 1 1 0 0 0 0 0 1 1 1 0 0 1 0 0 0 1 1 1 0 0 0 0 1 1 1 0 0 0 1 0 0 0 0 0 0
300	2	1 1 1 1 1 1 1 1 1 1 0 0 1 1 1 1 0 0 0 0 0 1 1 1 1 0 1 0 0 0 0 1 1 0 0 0 0 1 1 1 0 0 0 1 0 0 0 0 0 0
300	1	1 1 1 1 1 1 1 1 1 1 0 0 1 1 1 1 0 0 0 0 0 1 1 1 1 0 1 0 0 0 1 0 1 0 0 0 0 1 1 1 0 0 0 1 0 0 0 0 0 0
300	66	1 1 1 1 1 1 1 1 1 1 0 0 1 1 1 1 0 0 0 0 0 1 1 1 1 0 1 0 0 0 1 1 1 0 0 0 0 1 1 1 0 0 0 1 0 0 0 0 0 0
300	3	1 1 1 1 1 1 1 1 1 0 0 0 1 1 1 1 0 0 0 0 0 1 1 1 0 0 1 0 0 0 1 1 1 0 0 0 0 1 1 1 0 0 0 0 0 0 0 0 0 0
300	7	1 1 1 1 1 1 1 1 1 0 0 0 1 1 1 1 0 0 0 0 0 1 1 1 1 0 1 0 0 0 1 1 1 0 0 0 0 1 1 1 0 0 0 0 0 0 0 0 0 0
300	2	1 1 1 1 1 1 1 1 1 0 0 0 1 1 1 1 0 0 0 0 0 1 1 1 0 0 1 0 0 0 1 1 1 0 0 0 0 1 1 1 0 0 0 1 0 0 0 0 0 0
310	5	1 1 1 1 1 1 1 1 1 0 0 0 1 1 1 1 0 0 0 0 0 1 1 0 1 0 1 0 0 0 1 1 1 0 0 0 0 1 1 1 0 0 0 1 0 0 0 0 0 0
310	7	1 1 1 1 1 1 1 1 1 1 0 0 1 1 1 1 1 0 0 0 0 1 1 1 1 0 1 0 0 0 1 1 1 0 0 0 0 1 1 1 0 0 0 1 0 0 0 0 0 0
310	3	1 1 1 1 1 1 1 1 1 1 0 0 1 1 1 1 0 0 0 1 0 1 1 1 1 0 1 0 1 0 1 1 1 0 0 0 0 1 1 1 0 0 0 1 0 0 0 0 0 0
310	4	1 1 1 1 1 1 1 1 1 1 0 0 1 1 1 1 0 0 0 0 0 1 1 1 1 0 0 0 0 0 1 1 1 0 0 0 0 1 1 1 0 0 0 1 0 0 0 0 0 0
310	3	0 1 1 1 1 1 1 1 1 0 0 0 1 1 1 1 0 0 0 0 0 1 1 1 1 0 1 0 0 0 1 1 1 0 0 0 0 1 1 1 0 0 0 1 0 0 0 0 0 0
310	4	1 1 1 1 1 1 1 1 1 0 0 0 1 1 1 1 0 0 0 0 0 1 1 1 1 0 1 0 0 0 1 1 1 0 0 0 0 1 1 1 0 0 0 1 0 0 0 0 0 0
310	2	1 1 1 1 1 1 1 1 1 1 0 0 1 1 1 1 0 0 0 0 0 1 1 1 0 0 1 0 0 0 1 1 1 0 0 0 0 1 1 1 0 0 0 1 0 0 0 0 0 0
310	4	1 1 1 1 1 1 1 1 1 1 0 0 1 1 1 1 0 0 0 0 0 0 1 1 1 0 1 0 0 0 1 1 1 0 0 0 0 1 1 1 0 0 0 1 0 0 0 0 0 0
310	1	1 1 1 0 1 1 1 1 1 1 0 0 1 1 1 1 0 0 0 0 0 1 1 1 1 0 1 0 0 0 1 1 1 0 0 0 0 1 1 1 0 0 0 1 0 0 0 0 0 0
310	55	1 1 1 1 1 1 1 1 1 1 0 0 1 1 1 1 0 0 0 0 0 1 1 1 1 0 1 0 0 0 1 1 1 0 0 0 0 1 1 1 0 0 0 1 0 0 0 0 0 0
310	11	1 1 1 1 1 1 1 1 1 0 0 0 1 1 1 1 0 0 0 0 0 1 1 1 1 0 1 0 0 0 1 1 1 0 0 0 0 1 1 1 0 0 0 0 0 0 0 0 0 0
310	1	1 1 1 1 1 1 1 1 1 0 0 0 1 1 1 1 0 0 0 0 0 1 1 1 1 0 1 0 0 0 1 1 1 0 0 0 0 1 1 1 0 0 0 1 0 0 0 0 1 0
