0	100	0 0 0 0 0 0 0 0 0 0
10	1	1 0 0 0 0 0 1 0 0 0
10	1	0 0 0 0 0 0 0 0 1 0
10	1	0 0 0 0 0 0 0 1 0 0
10	1	0 0 0 0 0 0 0 0 0 1
10	1	0 0 0 0 1 0 0 0 0 0
10	1	0 0 1 0 0 0 0 0 0 0
10	94	0 0 0 0 0 0 0 0 0 0
20	1	0 0 0 0 0 0 1 0 0 0
20	3	0 0 0 0 0 0 0 0 0 1
20	2	0 0 0 0 1 0 0 0 0 1
20	1	0 0 1 0 0 0 0 0 0 0
20	1	0 1 0 0 0 0 0 0 0 0
20	1	1 0 0 0 0 0 0 0 0 0
20	91	0 0 0 0 0 0 0 0 0 0
30	1	0 0 0 0 0 0 1 0 0 0
30	3	0 0 0 0 0 0 0 0 1 0
30	1	0 1 0 0 0 0 0 0 0 0
30	1	0 0 0 0 0 1 0 0 0 0
30	94	0 0 0 0 0 0 0 0 0 0
40	1	0 0 0 0 0 0 0 0 1 0
40	2	0 0 0 0 0 0 0 1 0 0
40	5	0 1 0 0 0 0 0 0 0 0
40	92	0 0 0 0 0 0 0 0 0 0
50	4	0 0 0 0 0 0 1 0 0 0
50	3	0 0 0 0 1 0 0 0 0 0
50	3	0 1 0 0 0 0 0 0 0 0
50	90	0 0 0 0 0 0 0 0 0 0
60	1	0 0 0 0 0 0 1 0 0 0
60	3	0 0 0 0 1 0 0 0 0 0
60	1	0 1 0 0 0 0 0 1 0 0
60	3	0 1 0 0 0 0 0 0 0 0
60	3	0 0 0 0 0 0 0 0 0 1
60	3	1 0 0 0 0 0 0 0 0 0
60	86	0 0 0 0 0 0 0 0 0 0
70	4	0 0 0 0 1 0 0 0 0 0
70	1	0 1 0 0 0 0 0 0 0 0
70	1	0 0 0 1 0 0 0 0 0 0
70	1	0 0 0 0 0 1 0 0 0 0
70	2	0 0 1 0 0 0 0 0 0 0
70	2	1 0 0 0 0 0 0 0 0 0
70	1	0 0 0 0 0 0 0 1 0 0
70	88	0 0 0 0 0 0 0 0 0 0
80	2	0 0 0 0 0 0 1 0 0 0
80	1	0 0 1 0 1 0 0 0 0 0
80	2	0 0 0 0 1 0 0 0 0 0
80	6	0 1 0 0 0 0 0 0 0 0
80	1	0 0 0 0 0 0 0 0 0 1
80	1	0 0 0 0 0 0 0 0 1 0
80	80	0 0 0 0 0 0 0 0 0 0
80	5	0 0 0 1 0 0 0 0 0 0
80	2	1 0 0 0 0 0 0 0 0 0
90	6	0 1 0 0 0 0 0 0 0 0
90	2	0 0 0 0 0 0 0 0 0 1
90	1	0 0 0 0 0 0 0 0 1 0
90	3	0 0 1 0 0 0 0 0 0 0
90	1	0 0 0 0 1 0 0 0 0 0
90	5	0 0 0 1 0 0 0 0 0 0
90	1	1 0 0 0 0 0 0 0 0 0
90	81	0 0 0 0 0 0 0 0 0 0
100	1	0 0 1 0 1 0 0 0 0 0
100	2	0 1 0 0 0 0 0 0 0 0
100	2	0 0 0 0 0 0 0 0 1 0
100	1	0 0 1 0 0 0 1 0 0 0
100	2	0 0 1 0 0 0 0 0 0 0
100	15	0 0 0 1 0 0 0 0 0 0
100	6	1 0 0 0 0 0 0 0 0 0
100	1	0 0 0 0 0 0 0 0 0 1
100	1	0 0 0 0 0 0 0 1 0 0
100	69	0 0 0 0 0 0 0 0 0 0
110	6	0 1 0 0 0 0 0 0 0 0
110	1	0 0 0 0 0 0 0 0 0 1
110	16	1 0 0 0 0 0 0 0 0 0
110	5	0 0 0 0 0 0 0 0 1 0
110	4	0 0 0 1 0 0 0 0 0 0
110	67	0 0 0 0 0 0 0 0 0 0
110	1	1 0 0 0 0 0 0 0 0 1
120	4	0 1 0 0 0 0 0 0 0 0
120	3	1 0 0 0 0 1 0 0 0 0
120	14	1 0 0 0 0 0 0 0 0 0
120	3	0 0 0 1 0 0 0 0 1 0
120	2	0 0 1 0 0 0 0 0 0 0
120	1	0 0 0 0 0 1 0 0 0 0
120	56	0 0 0 0 0 0 0 0 0 0
120	13	0 0 0 1 0 0 0 0 0 0
120	1	0 0 0 0 1 0 0 0 0 0
120	3	0 0 1 0 0 0 1 0 0 0
130	1	0 1 0 0 0 1 0 0 0 0
130	4	0 1 0 0 0 0 0 0 0 0
130	1	1 0 0 0 0 1 0 0 0 0
130	1	1 0 0 0 0 0 1 0 0 0
130	3	1 0 0 0 0 0 0 0 0 0
130	1	0 0 1 0 0 0 0 0 0 0
130	64	0 0 0 0 0 0 0 0 0 0
130	2	0 0 0 1 0 0 0 0 1 0
130	1	0 0 1 1 0 0 0 0 0 0
130	19	0 0 0 1 0 0 0 0 0 0
130	3	0 0 1 0 0 0 1 0 0 0
140	4	0 1 0 0 0 0 0 0 0 0
140	1	1 0 0 0 0 0 1 0 0 0
140	2	1 0 0 0 0 0 0 0 0 0
140	1	0 0 0 0 0 0 1 0 0 0
140	2	0 0 0 0 0 0 0 0 1 0
140	1	0 0 0 1 0 0 1 0 0 0
140	22	0 0 0 1 0 0 0 0 0 0
140	2	0 0 0 0 0 1 0 0 0 0
140	61	0 0 0 0 0 0 0 0 0 0
140	1	0 0 0 1 1 0 0 0 0 0
140	3	0 0 0 1 0 0 0 0 1 0
150	3	0 1 0 0 0 0 0 0 0 0
150	1	1 0 1 0 0 0 0 0 0 0
150	1	1 0 0 0 0 0 0 0 0 0
150	1	0 0 0 0 0 0 0 0 0 1
150	1	0 0 0 0 0 0 0 0 1 0
150	1	0 0 0 0 1 0 0 0 0 0
150	2	0 0 0 1 0 0 0 1 0 0
150	65	0 0 0 0 0 0 0 0 0 0
150	22	0 0 0 1 0 0 0 0 0 0
150	1	0 0 0 0 0 1 0 0 0 0
150	1	0 0 0 1 1 0 0 0 0 0
150	1	0 0 0 1 0 0 0 0 1 0
