0	100	0 0 0 0 0 0 0 0 0 0
10	1	0 0 1 1 0 0 0 0 0 0
10	3	0 0 1 0 0 0 0 0 0 0
10	1	1 0 0 0 0 0 0 0 0 0
10	1	0 0 0 0 0 0 1 0 0 0
10	94	0 0 0 0 0 0 0 0 0 0
20	2	1 0 0 0 0 0 0 0 0 0
20	1	0 0 0 0 0 0 0 0 1 0
20	1	0 0 0 0 0 0 0 0 0 1
20	96	0 0 0 0 0 0 0 0 0 0
30	3	0 0 0 0 1 0 0 0 0 0
30	2	0 0 0 1 0 0 0 0 0 0
30	4	0 0 1 1 0 0 0 0 0 0
30	1	1 0 0 0 1 0 0 0 0 0
30	1	1 0 0 0 0 0 0 0 0 0
30	5	0 0 0 0 0 0 0 0 1 0
30	1	0 0 0 0 1 0 0 0 0 1
30	3	0 0 0 0 0 0 0 0 0 1
30	2	0 1 0 0 0 0 0 0 0 0
30	1	0 0 0 0 0 0 0 1 0 0
30	77	0 0 0 0 0 0 0 0 0 0
40	5	0 0 0 0 1 0 0 0 0 0
40	1	0 0 0 1 0 0 0 0 0 0
40	7	0 0 1 1 0 0 0 0 0 0
40	1	0 0 1 0 0 0 0 0 0 0
40	2	1 0 0 0 0 0 0 0 0 0
40	2	0 0 0 0 0 0 0 0 1 0
40	3	0 0 0 0 0 0 0 0 0 1
40	2	0 1 0 0 0 0 0 0 0 0
40	77	0 0 0 0 0 0 0 0 0 0
50	7	0 0 0 0 1 0 0 0 0 0
50	1	0 1 0 1 0 0 0 0 0 0
50	2	0 0 1 1 0 0 0 0 0 0
50	1	0 0 1 0 0 0 0 0 0 0
50	2	1 0 0 0 0 0 0 0 0 0
50	1	0 0 0 0 0 1 0 0 1 0
50	3	0 0 0 0 0 0 0 0 1 0
50	4	0 0 0 0 0 0 0 0 0 1
50	2	0 1 0 0 0 0 0 0 0 0
50	77	0 0 0 0 0 0 0 0 0 0
60	6	0 0 0 0 1 0 0 0 0 0
60	3	0 0 0 1 0 0 0 0 0 0
60	4	0 0 1 1 0 0 0 0 0 0
60	1	0 0 0 0 0 1 0 0 1 0
60	1	0 0 0 0 0 0 1 0 0 1
60	1	0 0 0 0 0 0 0 0 0 1
60	84	0 0 0 0 0 0 0 0 0 0
70	3	0 0 1 0 1 0 0 0 0 1
70	6	0 0 0 0 1 0 0 0 0 0
70	3	0 0 1 1 0 0 0 0 0 0
70	3	1 0 0 0 0 0 0 0 0 0
70	1	1 0 0 0 0 1 0 0 1 0
70	2	0 0 0 0 0 1 0 0 1 0
70	3	0 0 0 0 0 0 0 0 1 0
70	4	0 0 0 0 0 0 0 0 0 1
70	2	0 0 0 0 0 0 1 0 0 0
70	1	0 0 0 0 0 1 0 0 0 0
70	72	0 0 0 0 0 0 0 0 0 0
80	5	0 0 1 0 1 0 0 0 0 1
80	10	0 0 0 0 1 0 0 0 0 0
80	1	0 0 0 1 0 0 0 0 0 0
80	2	0 0 1 1 0 0 0 0 0 0
80	3	1 0 0 0 0 0 0 1 0 0
80	3	0 0 0 0 0 1 0 0 1 0
80	3	0 0 0 0 0 0 0 0 1 0
80	1	0 0 0 0 0 0 0 1 0 0
80	3	0 0 0 0 0 0 0 0 0 1
80	69	0 0 0 0 0 0 0 0 0 0
90	4	0 0 1 0 1 0 0 0 0 1
90	6	0 0 0 0 1 0 0 0 0 0
90	5	0 0 1 1 0 0 0 0 0 0
90	3	0 0 0 1 0 0 0 0 0 0
90	1	0 0 1 0 0 0 0 0 0 0
90	4	1 0 0 0 0 0 0 0 0 0
90	1	0 0 0 0 0 0 0 0 1 0
90	1	0 0 0 0 0 0 1 0 0 0
90	2	0 0 0 0 0 0 0 0 0 1
90	73	0 0 0 0 0 0 0 0 0 0
100	1	0 0 1 0 1 0 0 0 0 1
100	4	0 0 0 0 1 0 0 0 0 0
100	4	0 0 0 1 0 0 0 0 0 0
100	5	0 0 1 1 0 0 0 0 0 0
100	5	0 0 1 0 0 0 0 0 0 0
100	2	0 0 0 0 0 0 0 0 0 1
100	3	1 0 0 0 0 0 0 0 0 0
100	1	0 0 0 0 0 0 1 0 0 0
100	75	0 0 0 0 0 0 0 0 0 0
110	1	0 0 0 0 1 1 0 0 0 0
110	3	0 0 1 0 1 0 0 0 0 0
110	7	0 0 0 0 1 0 0 0 0 0
110	5	0 0 0 1 0 0 0 0 0 0
110	10	0 0 1 1 0 0 0 0 0 0
110	3	0 0 1 0 0 0 0 0 0 0
110	2	0 1 0 0 0 0 0 0 0 0
110	2	0 0 0 0 0 0 0 0 0 1
110	1	1 0 0 0 0 0 0 0 0 0
110	1	0 0 0 0 0 1 0 0 0 0
110	64	0 0 0 0 0 0 0 0 0 0
110	1	1 0 0 0 0 0 1 0 0 0
120	2	0 0 1 0 1 0 0 0 0 1
120	2	0 0 0 0 0 1 0 0 0 0
120	3	0 0 0 0 1 1 0 0 0 0
120	1	0 0 0 0 1 0 0 0 1 0
120	6	0 0 0 0 1 0 0 0 0 0
120	2	0 0 0 1 0 0 0 0 0 0
120	2	0 0 1 1 0 0 1 0 0 0
120	6	0 0 1 0 0 0 0 0 0 0
120	22	0 0 1 1 0 0 0 0 0 0
120	1	0 1 0 0 0 0 0 0 0 0
120	1	0 0 0 0 0 0 0 0 0 1
120	2	1 0 0 0 0 0 0 0 0 0
120	47	0 0 0 0 0 0 0 0 0 0
120	1	1 1 0 0 0 0 0 1 0 0
120	2	1 0 0 0 0 0 0 1 0 0
130	1	0 0 1 0 1 0 0 0 0 1
130	1	0 1 0 0 1 0 0 0 0 0
130	5	0 0 0 0 1 0 0 0 0 0
130	4	0 0 0 1 0 0 0 0 0 0
130	1	0 0 1 0 0 0 0 0 1 0
130	22	0 0 1 1 0 0 0 0 0 0
130	13	0 0 1 0 0 0 0 0 0 0
130	1	0 0 0 0 0 0 0 0 1 0
130	2	1 0 0 0 0 0 0 0 0 0
130	42	0 0 0 0 0 0 0 0 0 0
130	1	0 0 1 1 0 0 0 1 0 0
130	1	0 0 1 1 1 0 0 0 0 0
130	1	0 1 1 1 0 0 0 0 0 0
130	5	1 0 0 0 0 0 0 1 0 0
140	1	0 0 1 0 1 0 0 0 0 1
140	6	0 0 0 0 1 0 0 0 0 0
140	1	0 0 0 1 0 0 0 0 0 1
140	1	0 0 0 1 0 0 1 0 0 0
140	2	0 1 0 0 0 0 0 0 0 0
140	1	0 0 0 0 0 0 1 0 0 0
140	39	0 0 0 0 0 0 0 0 0 0
140	4	0 0 0 1 0 0 0 0 0 0
140	2	0 0 1 1 1 0 0 0 0 0
140	32	0 0 1 1 0 0 0 0 0 0
140	6	0 0 1 0 0 0 0 0 0 0
140	1	0 0 0 0 0 0 0 0 1 0
140	1	1 0 0 0 0 0 0 0 0 0
140	1	0 0 0 0 0 0 0 0 0 1
140	2	1 0 0 0 0 0 0 1 0 0
150	2	0 0 0 0 1 0 1 0 0 0
150	6	0 0 0 0 1 0 0 0 0 0
150	3	0 1 0 0 0 0 0 0 0 0
150	1	0 0 0 0 0 0 1 0 0 0
150	1	0 0 1 0 1 0 0 0 0 0
150	27	0 0 0 0 0 0 0 0 0 0
150	11	0 0 1 0 0 0 0 0 0 0
150	1	0 0 0 0 0 0 0 0 1 0
150	3	0 0 0 1 0 0 0 0 0 0
150	2	0 1 1 1 0 0 0 0 0 0
150	1	0 0 1 1 0 0 0 0 0 1
150	1	0 0 1 1 0 0 0 0 1 0
150	37	0 0 1 1 0 0 0 0 0 0
150	2	1 0 0 0 0 0 0 0 0 0
150	2	0 0 0 0 0 0 0 0 0 1
