10	21	1 0 1 0 0 0 1 0 0 1
10	26	0 1 0 1 0 0 1 0 0 1
10	1	0 1 0 0 0 0 1 1 1 1
10	17	0 1 1 0 0 0 1 1 1 1
10	35	1 0 0 0 0 0 1 0 1 1
20	1	1 1 1 0 0 0 1 0 0 1
20	1	1 0 1 0 0 0 1 0 0 0
20	1	1 0 1 0 0 0 1 1 0 1
20	23	1 0 1 0 0 0 1 0 0 1
20	1	1 1 0 1 0 1 1 0 0 1
20	1	0 1 1 1 0 0 1 0 0 1
20	27	0 1 0 1 0 0 1 0 0 1
20	1	0 1 1 0 0 0 1 1 0 1
20	8	0 1 1 0 0 0 1 1 1 1
20	1	1 0 0 0 1 0 1 0 1 1
20	1	1 1 0 0 0 0 1 0 1 1
20	1	0 0 0 0 0 0 1 0 1 1
20	33	1 0 0 0 0 0 1 0 1 1
30	3	1 0 1 1 0 0 1 0 0 1
30	1	1 0 1 0 0 1 1 0 0 1
30	1	1 0 1 0 0 0 1 1 0 1
30	20	1 0 1 0 0 0 1 0 0 1
30	1	0 1 0 1 0 0 1 1 0 1
30	2	0 1 0 1 0 1 1 0 0 1
30	2	1 1 0 1 0 1 1 0 1 1
30	1	0 0 0 1 0 0 1 0 0 1
30	39	0 1 0 1 0 0 1 0 0 1
30	1	0 1 1 0 0 0 1 1 1 0
30	6	0 1 1 0 0 0 1 1 1 1
30	1	1 0 0 0 0 0 1 0 1 0
30	22	1 0 0 0 0 0 1 0 1 1
40	5	1 1 1 0 0 0 1 0 0 1
40	1	1 0 1 1 0 1 1 0 0 1
40	15	1 0 1 0 0 0 1 0 0 1
40	2	1 0 1 1 0 0 1 0 0 1
40	9	1 1 0 1 0 1 1 0 0 1
40	1	0 1 1 1 0 0 1 0 0 1
40	26	0 1 0 1 0 0 1 0 0 1
40	11	0 1 1 0 0 0 1 1 1 1
40	30	1 0 0 0 0 0 1 0 1 1
50	1	1 1 1 0 0 0 1 0 0 0
50	13	1 1 1 0 0 0 1 0 0 1
50	16	1 0 1 0 0 0 1 0 0 1
50	1	0 0 1 1 0 0 1 0 0 1
50	4	1 0 1 1 0 0 1 0 0 1
50	5	1 1 0 1 0 1 1 0 0 1
50	32	0 1 0 1 0 0 1 0 0 1
50	4	0 1 1 0 0 0 1 1 1 1
50	24	1 0 0 0 0 0 1 0 1 1
60	1	1 1 1 0 1 0 1 0 0 1
60	10	1 1 1 0 0 0 1 0 0 1
60	8	1 1 1 1 0 0 1 0 0 1
60	4	1 0 1 1 0 0 1 0 0 1
60	11	1 0 1 0 0 0 1 0 0 1
60	1	0 1 0 1 0 1 1 0 0 1
60	14	1 1 0 1 0 1 1 0 0 1
60	1	0 1 1 1 0 0 1 0 0 1
60	1	0 1 0 1 0 0 1 1 0 1
60	35	0 1 0 1 0 0 1 0 0 1
60	3	0 1 1 0 0 0 1 1 1 1
60	11	1 0 0 0 0 0 1 0 1 1
70	6	1 1 0 1 0 0 1 0 0 1
70	7	1 1 1 1 0 1 1 0 0 1
70	12	1 1 1 1 0 0 1 0 0 1
70	3	1 0 1 0 0 0 1 0 0 1
70	1	1 1 1 0 0 0 0 0 0 1
70	30	1 1 1 0 0 0 1 0 0 1
70	4	1 1 1 0 0 0 1 0 0 0
70	1	0 0 1 1 0 0 1 0 0 1
70	1	1 1 0 1 0 1 1 0 0 0
70	15	1 1 0 1 0 1 1 0 0 1
70	2	0 1 1 1 0 0 1 0 0 1
70	10	0 1 0 1 0 0 1 0 0 1
70	8	1 0 0 0 0 0 1 0 1 1
