0	100	0 0 0 0 0 0 0 0 0 0
10	3	0 0 1 0 0 0 0 0 0 0
10	1	1 0 0 0 0 0 0 0 0 0
10	1	0 0 0 0 0 1 0 0 0 0
10	1	0 0 0 0 0 0 0 1 0 0
10	1	0 0 0 1 0 0 0 0 0 0
10	93	0 0 0 0 0 0 0 0 0 0
20	1	0 0 1 0 0 0 0 1 0 0
20	2	0 0 1 0 0 0 0 0 0 0
20	5	0 0 0 0 0 1 0 0 0 0
20	92	0 0 0 0 0 0 0 0 0 0
30	1	0 0 1 0 0 0 0 1 0 0
30	1	0 0 1 0 0 1 0 0 0 0
30	5	0 0 1 0 0 0 0 0 0 0
30	3	0 0 0 0 0 1 0 0 0 0
30	1	0 0 0 0 0 0 0 1 0 0
30	2	0 0 0 0 0 0 0 0 1 0
30	87	0 0 0 0 0 0 0 0 0 0
40	1	0 0 1 0 0 0 0 1 0 0
40	2	0 0 1 0 0 1 0 0 0 0
40	2	0 0 0 0 0 0 1 0 0 0
40	3	0 0 0 0 0 0 0 1 0 0
40	2	0 0 0 1 0 0 0 0 0 0
40	1	0 0 0 0 1 0 0 0 0 0
40	5	0 0 0 0 0 1 0 0 0 0
40	9	0 0 1 0 0 0 0 0 0 0
40	75	0 0 0 0 0 0 0 0 0 0
50	7	0 0 1 0 0 0 0 0 0 0
50	3	0 0 0 0 0 0 1 0 0 0
50	6	0 0 0 1 0 0 0 0 0 0
50	1	0 0 0 1 1 0 0 0 0 0
50	1	0 0 0 0 1 0 0 0 0 0
50	1	0 0 0 0 0 1 1 0 0 0
50	1	0 0 0 0 0 0 0 0 0 1
50	1	0 0 0 0 0 0 0 0 1 0
50	3	0 1 0 0 0 0 0 0 0 0
50	76	0 0 0 0 0 0 0 0 0 0
60	3	0 0 1 0 0 1 0 0 0 0
60	12	0 0 1 0 0 0 0 0 0 0
60	5	0 0 0 1 0 0 0 0 0 0
60	2	0 0 0 0 1 0 0 0 0 0
60	2	0 0 0 0 0 1 0 0 0 0
60	2	0 0 0 0 0 0 0 0 1 0
60	1	1 0 0 0 0 0 0 0 0 0
60	73	0 0 0 0 0 0 0 0 0 0
70	2	0 0 1 0 0 1 0 0 0 0
70	13	0 0 1 0 0 0 0 0 0 0
70	4	0 0 0 1 0 0 0 0 0 0
70	1	0 0 0 0 1 0 0 0 0 0
70	4	0 0 0 0 0 1 0 0 0 0
70	1	0 1 0 0 0 0 0 0 0 0
70	2	1 0 1 0 0 0 0 0 0 0
70	3	1 0 0 0 0 0 0 0 0 0
70	70	0 0 0 0 0 0 0 0 0 0
80	1	0 0 1 0 0 1 0 0 0 0
80	16	0 0 1 0 0 0 0 0 0 0
80	5	0 0 0 1 0 0 0 0 0 0
80	1	0 0 0 0 0 1 0 0 0 0
80	1	0 1 0 0 0 0 0 0 0 0
80	1	1 0 1 0 0 0 0 0 0 0
80	10	1 0 0 0 0 0 0 0 0 0
80	65	0 0 0 0 0 0 0 0 0 0
90	1	0 0 1 0 0 1 0 0 0 0
90	13	0 0 1 0 0 0 0 0 0 0
90	5	0 0 0 1 0 0 0 0 0 0
90	1	0 0 0 0 1 0 0 0 0 0
90	4	1 0 1 0 0 0 0 0 0 0
90	13	1 0 0 0 0 0 0 0 0 0
90	4	0 0 0 0 0 0 0 0 0 1
90	59	0 0 0 0 0 0 0 0 0 0
100	1	0 0 1 0 0 1 0 0 0 0
100	1	0 0 1 0 0 0 0 1 0 0
100	18	0 0 1 0 0 0 0 0 0 0
100	4	0 0 0 1 0 0 0 0 0 0
100	4	0 1 0 0 0 0 0 0 0 0
100	3	1 0 1 0 0 0 0 0 0 0
100	2	1 0 0 0 0 0 0 1 0 0
100	51	0 0 0 0 0 0 0 0 0 0
100	15	1 0 0 0 0 0 0 0 0 0
100	1	0 0 0 0 0 0 0 1 0 0
110	8	0 0 1 0 0 1 0 0 0 0
110	2	0 0 1 0 0 0 0 0 0 1
110	11	0 0 1 0 0 0 0 0 0 0
110	1	0 0 1 1 0 0 0 0 0 1
110	8	0 0 0 1 0 0 0 0 0 0
110	2	0 1 0 0 0 0 0 0 0 0
110	4	1 0 1 0 0 0 0 0 0 0
110	11	1 0 0 0 0 0 0 0 0 0
110	2	0 0 0 0 1 0 0 0 0 0
110	1	0 0 0 0 0 0 0 0 0 1
110	50	0 0 0 0 0 0 0 0 0 0
120	1	0 1 1 0 0 1 0 0 0 0
120	11	0 0 1 0 0 1 0 0 0 0
120	4	1 0 1 0 0 0 0 0 0 0
120	2	0 0 1 0 0 0 0 0 0 1
120	17	0 0 1 0 0 0 0 0 0 0
120	2	0 0 0 0 0 0 0 0 0 1
120	1	0 0 0 1 0 0 0 0 0 1
120	6	0 0 0 1 0 0 0 0 0 0
120	1	0 0 0 0 0 0 0 1 0 0
120	47	0 0 0 0 0 0 0 0 0 0
120	7	1 0 0 0 0 0 0 0 0 0
120	1	0 0 0 0 0 0 1 0 0 0
130	1	0 1 1 0 0 1 0 0 0 0
130	6	0 0 1 0 0 1 0 0 0 0
130	7	1 0 1 0 0 0 0 0 0 0
130	17	0 0 1 0 0 0 0 0 0 0
130	1	1 0 0 0 0 0 0 1 0 0
130	7	1 0 0 0 0 0 0 0 0 0
130	3	0 0 0 0 0 0 1 0 0 0
130	1	0 0 0 0 0 0 0 1 0 0
130	1	1 0 0 0 0 0 0 0 0 1
130	1	0 0 0 0 0 0 0 0 0 1
130	1	0 1 0 0 0 0 0 0 0 0
130	1	0 0 0 0 0 0 0 0 1 0
130	5	0 0 0 1 0 0 0 0 0 0
130	45	0 0 0 0 0 0 0 0 0 0
130	1	0 0 0 1 0 0 0 0 0 1
130	2	1 0 0 0 1 0 0 0 0 0
140	2	0 1 1 0 0 1 0 0 0 0
140	5	0 0 1 0 0 1 0 0 0 0
140	6	1 0 1 0 0 0 0 0 0 0
140	17	0 0 1 0 0 0 0 0 0 0
140	1	1 0 0 1 0 0 0 0 0 0
140	1	1 0 0 0 0 0 1 0 0 0
140	13	1 0 0 0 0 0 0 0 0 0
140	1	0 0 0 1 0 1 0 0 0 0
140	1	0 0 0 0 0 0 1 0 0 0
140	3	0 1 0 0 0 0 0 0 1 0
140	2	0 1 0 0 0 0 0 0 0 0
140	2	0 0 0 1 1 0 0 0 0 0
140	1	0 0 0 1 0 0 1 0 0 0
140	3	0 0 0 1 0 0 0 0 0 0
140	42	0 0 0 0 0 0 0 0 0 0
150	3	0 1 1 0 0 1 0 0 0 0
150	20	0 0 1 0 0 1 0 0 0 0
150	1	1 1 0 0 0 0 0 0 0 0
150	21	0 0 0 0 0 0 0 0 0 0
150	8	1 0 0 0 0 0 0 0 0 0
150	12	0 0 1 0 0 0 0 0 0 0
150	8	1 0 1 0 0 0 0 0 0 0
150	1	0 0 1 0 1 0 0 0 0 0
150	2	1 0 0 1 0 0 0 0 0 0
150	3	1 0 0 1 1 0 0 0 0 0
150	2	1 0 0 0 1 0 0 0 0 0
150	1	0 0 0 1 0 1 0 0 0 0
150	3	0 1 0 0 1 0 0 0 1 0
150	4	0 1 0 0 0 0 0 0 1 0
150	3	0 1 0 0 0 0 0 0 0 0
150	8	0 0 0 1 0 0 0 0 0 0
