0	100	0 0 0 0 0 0 0 0 0 0
10	3	0 0 0 0 0 1 0 0 0 0
10	2	0 0 0 0 0 0 1 0 0 0
10	1	0 1 0 0 0 0 0 0 0 0
10	1	0 0 0 0 0 0 0 0 0 1
10	93	0 0 0 0 0 0 0 0 0 0
20	2	0 0 0 0 0 0 0 0 1 0
20	3	0 0 0 0 0 1 0 0 0 0
20	1	0 0 0 0 1 0 0 0 0 0
20	1	0 0 0 0 0 0 1 0 0 0
20	1	0 1 0 0 0 0 0 0 0 0
20	1	0 0 0 0 0 0 0 0 0 1
20	2	0 0 1 0 0 0 0 0 0 0
20	4	0 0 0 1 0 0 0 0 0 0
20	85	0 0 0 0 0 0 0 0 0 0
30	1	0 0 0 0 0 0 0 0 1 0
30	4	0 0 1 0 0 1 0 0 0 0
30	6	0 0 0 0 0 1 0 0 0 0
30	3	0 0 0 0 1 0 0 0 0 0
30	1	0 0 0 0 0 0 1 0 0 0
30	1	0 1 0 1 0 0 0 0 0 0
30	3	0 0 0 1 0 0 0 0 0 0
30	2	0 0 0 0 0 0 0 0 0 1
30	79	0 0 0 0 0 0 0 0 0 0
40	1	0 1 1 0 0 1 0 0 0 0
40	1	0 0 1 0 0 1 0 0 0 0
40	1	0 1 0 0 0 0 0 0 0 0
40	1	1 0 0 1 0 0 0 0 0 0
40	1	0 0 0 1 1 0 0 0 0 0
40	18	0 0 0 1 0 0 0 0 0 0
40	2	0 0 0 0 0 0 0 0 0 1
40	1	1 0 0 0 0 0 0 0 0 0
40	5	0 0 0 0 0 1 0 0 0 0
40	59	0 0 0 0 0 0 0 0 0 0
40	3	0 0 0 0 0 0 1 0 0 0
40	7	0 0 0 0 1 0 0 0 0 0
50	1	0 0 1 0 0 1 0 0 0 0
50	3	1 0 0 0 0 1 0 0 0 0
50	17	0 0 0 1 0 0 0 0 0 0
50	2	0 1 0 0 0 0 0 0 0 0
50	6	0 0 0 0 0 1 0 0 0 0
50	6	0 0 0 0 1 0 0 0 0 0
50	60	0 0 0 0 0 0 0 0 0 0
50	1	0 0 0 1 1 0 0 0 0 0
50	2	0 0 0 0 0 0 0 0 0 1
50	1	0 0 0 1 0 1 0 0 0 0
50	1	0 0 1 1 0 0 0 0 0 0
60	2	0 0 1 0 0 0 0 0 0 0
60	3	0 0 1 0 0 1 0 0 0 0
60	2	1 0 0 0 0 1 0 0 0 0
60	1	0 0 0 1 0 1 0 0 0 0
60	20	0 0 0 1 0 0 0 0 0 0
60	2	0 0 0 0 0 0 1 0 0 0
60	5	0 1 0 0 0 0 0 0 0 0
60	49	0 0 0 0 0 0 0 0 0 0
60	1	0 0 0 0 0 0 0 0 1 0
60	6	0 0 0 0 0 1 0 0 0 0
60	4	0 0 0 0 0 0 0 0 0 1
60	5	0 0 0 0 1 0 0 0 0 0
70	2	0 0 1 0 0 0 0 0 0 0
70	1	0 0 1 0 0 1 0 0 0 0
70	3	1 0 0 0 0 1 0 0 0 0
70	7	0 0 0 0 0 1 0 0 0 0
70	1	0 0 0 1 0 0 0 1 0 0
70	30	0 0 0 1 0 0 0 0 0 0
70	1	0 0 0 0 0 0 1 0 0 0
70	1	0 1 1 0 0 0 0 0 1 0
70	38	0 0 0 0 0 0 0 0 0 0
70	10	0 1 0 0 0 0 0 0 0 0
70	5	0 0 0 0 1 0 0 0 0 0
70	1	0 0 0 0 0 0 0 0 0 1
80	1	0 0 1 0 0 1 0 0 0 0
80	1	1 0 0 0 0 0 0 0 0 0
80	1	1 0 0 0 0 1 0 0 0 0
80	5	0 0 0 0 0 1 0 0 0 0
80	3	0 0 0 1 0 1 0 0 0 0
80	1	1 0 0 1 0 0 0 1 0 0
80	1	0 0 0 1 0 0 0 1 0 0
80	34	0 0 0 1 0 0 0 0 0 0
80	2	0 0 0 0 1 0 0 0 0 0
80	11	0 1 0 0 0 0 0 0 0 0
80	40	0 0 0 0 0 0 0 0 0 0
90	2	0 0 1 0 0 0 0 0 0 0
90	5	0 0 0 0 0 1 0 0 0 0
90	2	0 0 0 1 0 0 0 1 0 0
90	2	0 0 1 1 0 0 0 0 0 0
90	1	0 0 0 1 0 0 0 0 1 0
90	32	0 0 0 0 0 0 0 0 0 0
90	37	0 0 0 1 0 0 0 0 0 0
90	2	0 0 0 0 1 0 0 0 0 0
90	1	1 1 0 0 0 0 0 0 0 0
90	16	0 1 0 0 0 0 0 0 0 0
100	5	0 0 1 0 0 0 0 0 0 0
100	9	0 0 0 0 0 1 0 0 0 0
100	2	0 0 0 1 0 1 0 0 0 0
100	1	0 0 0 1 0 0 0 1 0 0
100	6	0 0 1 1 0 0 0 0 0 0
100	1	0 0 0 0 1 0 0 0 0 0
100	2	0 0 0 0 0 0 0 0 0 1
100	28	0 0 0 0 0 0 0 0 0 0
100	1	0 0 0 1 1 0 0 0 0 0
100	41	0 0 0 1 0 0 0 0 0 0
100	4	0 1 0 0 0 0 0 0 0 0
110	1	0 0 1 0 0 0 0 0 0 0
110	8	0 0 0 1 0 1 0 0 0 0
110	1	0 0 0 0 0 1 0 0 0 0
110	3	0 0 1 0 0 1 0 0 0 0
110	1	0 0 1 1 0 0 0 1 0 0
110	1	0 0 0 1 0 0 0 1 0 0
110	3	0 0 1 1 0 0 0 0 0 0
110	2	0 0 0 0 1 0 0 0 0 0
110	1	0 1 0 0 0 0 0 0 1 0
110	6	0 1 0 0 0 0 0 0 0 0
110	1	0 0 0 1 0 0 0 0 0 1
110	54	0 0 0 1 0 0 0 0 0 0
110	18	0 0 0 0 0 0 0 0 0 0
120	1	0 0 1 0 0 1 0 0 0 0
120	10	0 0 0 1 0 1 0 0 0 0
120	3	0 0 0 0 0 1 0 0 0 0
120	2	0 0 0 0 0 1 0 0 0 1
120	6	0 0 1 1 0 0 0 0 0 0
120	1	0 0 0 0 1 0 0 0 0 0
120	7	0 1 0 0 0 0 0 0 0 0
120	2	0 0 0 1 1 0 0 0 0 0
120	1	0 0 0 1 0 0 0 0 0 1
120	17	0 0 0 0 0 0 0 0 0 0
120	50	0 0 0 1 0 0 0 0 0 0
130	3	0 0 1 1 0 1 0 0 0 0
130	4	0 0 0 1 0 1 0 0 0 0
130	3	0 0 0 0 0 1 0 0 0 0
130	12	0 0 1 1 0 0 0 0 0 0
130	1	1 1 0 0 0 0 0 0 0 0
130	1	0 0 0 0 0 0 0 1 0 0
130	12	0 0 0 0 0 0 0 0 0 0
130	1	0 1 0 0 0 0 0 0 0 1
130	6	0 1 0 0 0 0 0 0 0 0
130	1	0 0 0 1 0 0 1 0 0 0
130	2	1 0 0 1 0 0 0 0 0 0
130	54	0 0 0 1 0 0 0 0 0 0
140	5	0 0 0 0 0 0 0 0 0 0
140	5	0 0 0 1 0 1 0 0 0 0
140	17	0 0 1 1 0 0 0 0 0 0
140	1	0 1 0 1 0 0 0 0 0 0
140	65	0 0 0 1 0 0 0 0 0 0
140	1	0 0 0 0 1 0 0 0 0 0
140	1	1 1 0 0 0 0 0 0 0 0
140	4	0 1 0 0 0 0 0 0 0 1
140	1	1 0 0 1 0 0 0 0 0 0
150	2	0 0 0 0 0 1 0 0 0 0
150	11	0 0 0 0 0 0 0 0 0 0
150	1	1 0 0 1 0 1 0 0 0 0
150	9	0 0 0 1 0 1 0 0 0 0
150	1	0 0 0 1 0 0 1 0 0 0
150	4	1 0 0 1 0 0 0 0 0 0
150	42	0 0 0 1 0 0 0 0 0 0
150	22	0 0 1 1 0 0 0 0 0 0
150	2	0 0 1 1 0 0 0 1 0 0
150	3	0 1 0 0 0 0 0 0 0 1
150	3	0 1 0 0 0 0 0 0 0 0
