0	100	0 0 0 0 0 0 0 0 0 0
10	2	0 0 0 0 0 0 0 0 0 1
10	1	0 0 0 0 0 0 0 1 0 0
10	4	0 0 1 0 0 0 0 0 0 0
10	2	0 0 0 1 0 0 0 0 0 0
10	1	0 0 0 0 1 0 0 0 0 0
10	90	0 0 0 0 0 0 0 0 0 0
20	3	0 0 0 0 1 0 0 0 0 0
20	2	0 0 0 1 0 0 0 0 0 0
20	92	0 0 0 0 0 0 0 0 0 0
20	2	0 0 0 1 0 0 1 0 0 0
20	1	1 0 1 0 0 0 0 0 0 0
30	1	0 0 0 0 1 0 0 0 0 0
30	3	1 0 0 0 0 0 0 0 0 0
30	3	0 0 0 0 0 0 0 1 0 0
30	1	0 0 0 1 0 0 0 1 0 0
30	4	0 0 0 1 0 0 0 0 0 0
30	1	0 0 0 0 0 0 0 0 1 0
30	2	0 0 0 0 0 0 1 0 0 0
30	1	0 0 0 0 0 0 0 0 0 1
30	83	0 0 0 0 0 0 0 0 0 0
30	1	0 0 0 1 0 0 1 0 0 0
40	2	0 0 0 0 1 0 0 0 0 0
40	3	0 0 0 0 0 1 0 0 0 0
40	1	0 0 1 0 0 0 0 0 0 0
40	87	0 0 0 0 0 0 0 0 0 0
40	1	0 0 0 0 0 0 0 1 0 0
40	3	0 0 0 1 0 0 0 0 0 0
40	1	0 1 0 0 0 0 0 0 0 0
40	2	0 0 0 1 0 0 1 0 0 0
50	1	1 0 0 0 1 0 0 0 0 0
50	2	0 1 0 0 0 0 0 0 0 0
50	4	0 0 0 0 0 1 0 0 0 0
50	4	0 0 0 0 0 0 0 1 0 0
50	83	0 0 0 0 0 0 0 0 0 0
50	1	0 0 1 0 0 0 0 0 0 0
50	4	0 0 0 0 0 0 0 0 1 0
50	1	0 0 0 1 0 0 0 0 0 0
60	2	0 0 0 0 0 1 0 0 0 0
60	4	0 0 0 1 0 0 0 0 0 0
60	2	0 0 1 0 0 0 0 0 0 0
60	1	0 0 0 0 0 0 0 1 0 0
60	2	0 0 0 0 0 0 1 0 0 0
60	88	0 0 0 0 0 0 0 0 0 0
60	1	0 1 0 0 0 1 0 0 0 0
70	5	0 0 0 0 0 0 0 0 0 1
70	1	0 0 0 1 0 1 0 0 0 0
70	2	0 0 0 0 0 1 0 0 0 0
70	2	0 0 0 1 0 0 0 0 0 0
70	7	0 0 1 0 0 0 0 0 0 0
70	2	0 0 0 0 0 0 0 1 0 0
70	3	0 0 0 0 0 0 0 0 1 0
70	78	0 0 0 0 0 0 0 0 0 0
80	1	0 0 1 1 0 0 0 0 0 0
80	3	0 0 0 1 0 0 0 0 0 0
80	2	0 0 0 0 0 0 0 1 0 0
80	9	0 0 1 0 0 0 0 0 0 0
80	1	0 0 0 0 0 0 1 0 0 0
80	5	0 0 0 0 0 0 0 0 0 1
80	73	0 0 0 0 0 0 0 0 0 0
80	1	0 0 0 1 0 1 0 0 0 0
80	2	0 0 0 0 0 1 0 0 0 0
80	1	0 1 1 0 0 0 0 0 0 0
80	2	0 0 0 0 1 0 0 0 0 0
90	1	0 1 0 1 0 0 0 0 0 0
90	2	0 0 0 1 0 0 0 0 0 0
90	2	0 0 1 0 0 0 0 1 0 0
90	3	0 0 0 0 0 0 0 1 0 0
90	1	0 1 1 0 0 0 0 0 0 0
90	10	0 0 1 0 0 0 0 0 0 0
90	80	0 0 0 0 0 0 0 0 0 0
90	1	0 0 0 1 0 1 0 0 0 0
100	1	0 1 0 0 0 0 0 0 0 0
100	13	0 0 1 0 0 0 0 0 0 0
100	3	0 0 0 0 0 0 0 1 0 0
100	3	0 0 0 0 0 1 0 0 0 0
100	8	0 0 0 1 0 0 0 0 0 0
100	1	0 0 0 0 0 0 1 0 0 0
100	69	0 0 0 0 0 0 0 0 0 0
100	2	0 0 0 0 1 0 0 0 0 0
110	4	0 0 0 0 1 0 0 0 0 0
110	1	0 0 0 0 0 1 0 0 0 0
110	22	0 0 1 0 0 0 0 0 0 0
110	54	0 0 0 0 0 0 0 0 0 0
110	4	0 1 0 0 0 0 0 0 0 0
110	1	0 1 1 0 0 0 0 0 0 0
110	1	1 0 0 0 0 0 0 0 0 0
110	3	0 0 0 1 0 0 0 0 0 0
110	2	0 0 0 0 0 0 0 0 1 0
110	1	0 0 0 0 0 0 1 0 0 0
110	3	0 0 0 0 0 0 0 1 0 0
110	2	0 0 0 1 0 0 0 0 0 1
110	1	1 0 0 1 0 0 0 0 0 0
110	1	0 1 0 0 0 0 1 0 0 0
120	5	0 0 0 0 1 0 0 0 0 0
120	1	0 0 0 0 0 1 1 0 0 0
120	4	0 0 0 0 0 1 0 0 0 0
120	1	0 0 1 1 0 0 0 0 0 0
120	1	0 0 1 0 0 0 0 1 0 0
120	61	0 0 0 0 0 0 0 0 0 0
120	19	0 0 1 0 0 0 0 0 0 0
120	2	0 0 0 0 0 0 1 0 0 0
120	6	0 1 0 0 0 0 0 0 0 0
130	5	0 0 0 0 1 0 0 0 0 0
130	6	0 0 0 0 0 1 0 0 0 0
130	1	0 0 1 1 0 0 0 0 0 0
130	1	0 0 1 0 0 0 0 1 0 0
130	2	1 0 0 0 0 0 0 0 0 0
130	2	0 0 0 1 0 0 0 0 0 0
130	2	0 0 0 0 0 0 1 0 0 0
130	17	0 0 1 0 0 0 0 0 0 0
130	13	0 1 0 0 0 0 0 0 0 0
130	46	0 0 0 0 0 0 0 0 0 0
130	4	1 1 0 0 0 0 0 0 0 0
130	1	0 0 0 1 0 0 0 0 0 1
140	2	0 0 0 0 1 0 0 0 0 0
140	1	0 0 1 0 0 1 0 0 0 0
140	1	1 0 0 0 0 1 0 0 0 0
140	8	0 0 0 0 0 1 0 0 0 0
140	2	0 0 1 0 0 0 0 1 0 0
140	3	1 0 0 0 0 0 0 0 0 0
140	2	0 0 0 1 0 0 0 0 0 0
140	1	0 0 0 0 0 0 0 1 0 0
140	2	0 0 0 0 0 0 1 0 0 0
140	6	0 1 0 0 0 0 0 0 0 0
140	52	0 0 0 0 0 0 0 0 0 0
140	1	0 0 1 0 0 0 1 0 0 0
140	1	0 1 1 0 0 0 0 0 0 0
140	1	1 0 1 0 0 0 0 0 0 0
140	14	0 0 1 0 0 0 0 0 0 0
140	3	1 1 0 0 0 0 0 0 0 0
150	1	0 0 0 0 1 0 0 0 0 0
150	2	0 0 1 0 0 1 0 0 0 0
150	12	0 0 0 0 0 1 0 0 0 0
150	2	0 0 1 0 0 0 0 1 0 0
150	3	1 0 0 0 0 0 0 0 0 0
150	3	0 0 0 1 0 0 0 0 0 0
150	1	0 0 0 0 0 0 0 1 0 0
150	42	0 0 0 0 0 0 0 0 0 0
150	11	0 1 0 0 0 0 0 0 0 0
150	16	0 0 1 0 0 0 0 0 0 0
150	1	0 1 1 0 0 0 0 0 0 0
150	1	0 0 1 0 0 0 0 0 0 1
150	2	1 1 0 0 0 0 0 0 0 0
150	3	0 1 0 0 0 0 0 1 0 0
