10	4	0 1 1 1 0 0 1 1 1 1 0 0 1 0 1 0 1 0 1 0 1 0 0 1 0 0 0 1 0 1 1 1 0 1 1 1 0 0 0 1 0 0 0 0 0 1 1 0 1 0
10	2	0 1 1 1 0 0 1 1 1 1 0 0 1 0 1 0 1 0 1 0 1 0 0 1 0 0 0 1 0 1 1 1 0 0 1 1 0 0 0 1 0 0 0 0 0 0 1 0 1 0
10	3	0 1 1 1 0 0 1 1 1 1 0 0 1 0 1 0 1 0 1 0 1 0 0 1 0 0 0 1 0 1 1 1 0 1 1 1 0 0 1 1 0 0 0 0 0 0 1 0 1 0
10	18	0 1 1 1 0 0 1 1 1 1 0 0 1 0 1 0 1 0 1 0 1 0 0 1 0 0 0 1 0 1 1 1 0 1 1 1 0 0 0 1 0 0 0 0 0 0 1 0 1 0
10	9	0 1 1 0 0 1 0 0 0 1 0 1 0 0 0 1 0 0 0 1 0 0 1 0 1 1 1 0 1 0 0 1 0 1 0 0 0 0 1 1 0 1 0 0 1 0 0 1 1 0
10	5	1 1 1 1 0 1 1 1 0 1 0 1 0 1 1 1 0 0 0 1 0 0 0 1 0 0 1 1 1 1 0 1 1 0 1 0 0 1 1 1 1 1 0 0 0 0 0 0 0 0
10	2	1 1 1 0 0 1 1 1 0 1 0 1 0 1 0 1 0 0 0 1 0 0 0 1 0 0 1 1 1 1 0 1 1 0 1 0 0 1 0 1 1 1 0 0 0 0 0 0 0 0
10	4	1 1 1 1 0 1 1 1 0 1 0 1 0 1 0 1 0 0 0 1 0 0 0 1 0 0 1 1 1 1 0 1 1 0 1 0 0 1 0 1 1 1 0 0 0 0 0 0 0 0
10	4	1 1 1 1 0 1 1 1 0 1 0 1 0 1 0 1 0 1 0 1 0 0 0 1 0 0 1 1 1 1 0 1 1 0 1 0 0 1 1 1 1 1 0 0 0 0 0 0 0 0
10	20	1 1 1 1 0 1 1 1 0 1 0 1 0 1 0 1 0 0 0 1 0 0 0 1 0 0 1 1 1 1 0 1 1 0 1 0 0 1 1 1 1 1 0 0 0 0 0 0 0 0
10	1	1 0 1 0 0 0 0 1 0 0 0 0 0 1 1 0 0 0 0 0 1 0 1 1 1 1 0 0 1 0 1 0 1 1 1 0 1 0 0 1 1 0 1 1 0 1 1 1 0 1
10	15	1 0 1 0 0 0 0 1 0 0 0 0 0 1 1 0 0 0 0 0 1 0 1 1 1 1 0 0 1 0 1 0 0 1 1 0 1 0 0 1 1 0 1 1 0 1 1 1 0 1
10	13	0 0 0 0 0 0 1 0 1 0 1 0 0 0 1 0 0 0 1 0 1 1 0 0 1 1 0 0 0 0 0 1 0 0 1 0 0 0 0 1 1 1 1 1 1 0 0 0 0 0
20	2	0 1 1 1 0 0 1 1 1 1 0 0 1 0 1 0 1 0 1 0 1 0 0 1 0 0 0 1 0 1 1 1 0 0 1 1 0 0 0 1 0 0 0 0 0 0 1 0 1 0
20	1	0 1 1 1 0 0 1 1 1 1 0 0 1 0 1 0 1 0 1 0 1 0 0 1 0 0 0 1 0 1 1 1 0 1 1 1 0 0 1 1 0 0 0 0 0 0 1 0 1 0
20	2	0 1 1 0 0 1 0 0 0 1 0 1 0 0 0 1 0 0 0 1 0 0 1 0 1 1 1 0 1 0 0 1 0 1 0 0 0 0 1 1 0 1 0 0 1 0 0 1 1 0
20	1	1 1 1 1 0 1 1 1 1 1 0 1 0 1 1 1 0 0 0 1 0 0 0 1 0 0 1 1 1 1 0 1 1 0 1 0 0 1 1 1 1 1 0 0 0 0 0 0 0 0
20	35	1 1 1 1 0 1 1 1 0 1 0 1 0 1 1 1 0 0 0 1 0 0 0 1 0 0 1 1 1 1 0 1 1 0 1 0 0 1 1 1 1 1 0 0 0 0 0 0 0 0
20	1	1 1 1 1 0 1 1 1 0 1 0 1 0 1 0 1 0 0 0 1 1 0 0 1 0 0 1 1 1 1 0 1 1 0 1 0 0 1 0 1 1 1 0 0 0 0 0 0 0 0
20	1	1 1 1 1 0 1 1 1 0 1 0 1 0 1 1 1 0 0 0 1 0 0 0 1 0 0 1 1 1 1 0 1 1 0 1 0 0 1 0 1 1 1 0 0 0 0 0 0 0 0
20	28	1 1 1 1 0 1 1 1 0 1 0 1 0 1 0 1 0 0 0 1 0 0 0 1 0 0 1 1 1 1 0 1 1 0 1 0 0 1 0 1 1 1 0 0 0 0 0 0 0 0
20	1	1 1 1 1 0 1 1 1 0 1 0 1 0 0 0 1 0 1 0 1 0 0 0 1 0 0 1 1 1 1 0 1 1 0 1 0 0 1 1 1 1 1 0 0 0 0 0 0 0 0
20	1	1 1 1 1 0 1 0 1 0 1 0 1 0 1 0 1 0 1 0 1 0 0 0 1 0 0 1 1 1 1 0 1 1 0 1 0 0 1 1 1 1 1 0 0 0 0 0 0 0 0
20	23	1 1 1 1 0 1 1 1 0 1 0 1 0 1 0 1 0 1 0 1 0 0 0 1 0 0 1 1 1 1 0 1 1 0 1 0 0 1 1 1 1 1 0 0 0 0 0 0 0 0
20	3	1 1 1 1 0 1 1 1 0 1 0 1 0 1 0 1 0 0 0 1 0 0 1 1 0 0 1 1 1 1 0 1 1 0 1 0 0 1 1 1 1 1 0 0 0 0 0 0 0 0
20	1	1 1 1 1 0 1 1 1 0 1 0 1 0 1 0 1 0 0 0 1 0 0 0 1 0 0 1 1 1 1 0 1 1 0 1 0 0 1 1 1 1 1 0 0 0 0 0 0 0 0
30	1	0 1 1 1 0 0 1 1 1 1 0 0 1 0 1 0 1 0 1 0 1 0 0 1 0 0 0 1 0 1 1 1 0 1 1 1 0 0 0 1 0 0 0 0 0 1 1 0 1 0
30	2	0 1 1 1 0 0 1 1 1 1 0 0 1 0 1 0 1 0 1 0 1 0 0 1 0 0 0 1 0 1 1 1 0 1 1 1 0 0 1 1 0 0 0 0 0 0 1 0 1 0
30	3	1 1 1 1 0 1 1 1 1 1 0 1 0 1 1 1 0 0 0 1 0 0 0 1 0 0 1 1 1 1 0 1 1 0 1 0 0 1 1 1 1 1 0 0 0 0 0 0 0 0
30	42	1 1 1 1 0 1 1 1 0 1 0 1 0 1 1 1 0 0 0 1 0 0 0 1 0 0 1 1 1 1 0 1 1 0 1 0 0 1 1 1 1 1 0 0 0 0 0 0 0 0
30	24	1 1 1 1 0 1 1 1 0 1 0 1 0 1 0 1 0 0 0 1 0 0 0 1 0 0 1 1 1 1 0 1 1 0 1 0 0 1 0 1 1 1 0 0 0 0 0 0 0 0
30	27	1 1 1 1 0 1 1 1 0 1 0 1 0 1 0 1 0 1 0 1 0 0 0 1 0 0 1 1 1 1 0 1 1 0 1 0 0 1 1 1 1 1 0 0 0 0 0 0 0 0
30	1	1 1 1 1 0 1 1 1 0 1 0 1 0 1 0 1 0 0 0 1 0 0 1 1 0 0 1 1 1 1 0 1 1 0 1 0 0 1 1 1 1 1 0 0 0 0 0 0 0 0
40	5	1 1 1 1 0 1 1 1 1 1 0 1 0 1 1 1 0 0 0 1 0 0 0 1 0 0 1 1 1 1 0 1 1 0 1 0 0 1 1 1 1 1 0 0 0 0 0 0 0 0
40	37	1 1 1 1 0 1 1 1 0 1 0 1 0 1 1 1 0 0 0 1 0 0 0 1 0 0 1 1 1 1 0 1 1 0 1 0 0 1 1 1 1 1 0 0 0 0 0 0 0 0
40	1	1 1 1 1 0 1 1 1 0 1 0 1 0 1 1 1 0 0 0 1 0 0 0 1 0 0 1 1 1 1 0 1 1 0 1 0 0 1 1 1 1 1 1 0 0 0 0 0 0 0
40	1	1 1 1 1 0 1 1 1 0 1 0 1 0 1 0 1 0 0 0 1 0 0 0 1 0 0 1 1 1 1 0 1 1 0 1 0 0 1 0 1 1 0 0 0 0 0 0 0 0 0
40	1	1 1 1 1 0 0 1 1 0 1 0 1 0 1 0 1 0 0 0 1 0 0 0 1 0 0 1 1 1 1 0 1 1 0 1 0 0 1 0 1 1 1 0 0 0 0 0 0 0 0
40	1	1 1 1 1 0 1 1 1 0 1 0 1 0 1 0 1 0 0 0 1 0 0 0 1 0 0 1 1 1 1 1 1 1 0 1 0 0 1 0 1 1 1 0 0 0 0 0 0 0 0
40	25	1 1 1 1 0 1 1 1 0 1 0 1 0 1 0 1 0 0 0 1 0 0 0 1 0 0 1 1 1 1 0 1 1 0 1 0 0 1 0 1 1 1 0 0 0 0 0 0 0 0
40	5	1 1 1 1 0 1 1 1 0 1 0 1 0 1 0 1 0 1 0 1 0 0 1 1 0 0 1 1 1 1 0 1 1 0 1 0 0 1 1 1 1 1 0 0 0 0 0 0 0 0
40	1	1 1 1 1 0 1 1 1 0 1 0 1 0 1 0 1 0 1 0 1 0 0 0 1 0 0 1 1 1 1 0 0 1 0 1 0 0 1 1 1 1 1 0 0 0 0 0 0 0 0
40	21	1 1 1 1 0 1 1 1 0 1 0 1 0 1 0 1 0 1 0 1 0 0 0 1 0 0 1 1 1 1 0 1 1 0 1 0 0 1 1 1 1 1 0 0 0 0 0 0 0 0
40	2	1 1 1 1 0 1 1 1 0 1 0 1 0 1 0 1 0 0 0 1 0 0 1 1 0 0 1 1 1 1 0 1 1 0 1 0 0 1 1 1 1 1 0 0 0 0 0 0 0 0
50	1	0 1 1 1 0 0 1 1 1 1 0 0 1 0 1 0 1 0 1 0 1 0 0 1 0 0 0 1 0 1 1 1 0 1 1 1 0 0 1 1 0 0 0 0 0 0 1 0 1 0
50	9	1 1 1 1 0 1 1 1 1 1 0 1 0 1 1 1 0 0 0 1 0 0 0 1 0 0 1 1 1 1 0 1 1 0 1 0 0 1 1 1 1 1 0 0 0 0 0 0 0 0
50	1	1 1 1 1 0 1 1 1 0 1 0 1 0 1 1 1 0 0 0 1 0 0 0 1 0 0 1 1 1 1 0 1 1 0 1 1 0 1 1 1 1 1 0 0 0 0 0 0 0 0
50	1	1 1 1 1 0 1 1 1 0 1 0 1 0 1 1 1 0 0 0 1 0 0 0 1 0 0 1 1 1 1 0 1 1 0 1 0 0 0 1 1 1 1 0 0 0 0 0 0 0 0
50	33	1 1 1 1 0 1 1 1 0 1 0 1 0 1 1 1 0 0 0 1 0 0 0 1 0 0 1 1 1 1 0 1 1 0 1 0 0 1 1 1 1 1 0 0 0 0 0 0 0 0
50	2	1 1 1 1 0 1 1 1 0 1 0 1 0 1 1 1 0 0 0 1 0 0 0 1 0 0 1 1 1 1 0 1 1 0 1 0 0 1 1 1 1 0 0 0 0 0 0 0 0 0
50	7	1 1 1 1 0 1 1 1 0 1 0 1 0 1 0 1 0 0 0 1 0 0 0 1 0 0 1 1 1 1 0 1 1 0 1 0 0 1 0 1 1 0 0 0 0 0 0 0 0 0
50	1	1 1 1 1 0 1 1 1 0 1 0 1 1 1 0 1 0 0 0 1 0 0 0 1 0 0 1 1 1 1 0 1 1 0 1 0 0 1 0 1 1 1 0 0 0 0 0 0 0 0
50	20	1 1 1 1 0 1 1 1 0 1 0 1 0 1 0 1 0 0 0 1 0 0 0 1 0 0 1 1 1 1 0 1 1 0 1 0 0 1 0 1 1 1 0 0 0 0 0 0 0 0
50	2	1 1 1 1 0 1 1 1 0 1 0 1 0 1 0 1 0 1 0 1 0 0 1 1 0 0 1 1 1 1 0 1 1 0 1 0 0 1 1 1 1 1 0 0 0 0 0 0 0 0
50	15	1 1 1 1 0 1 1 1 0 1 0 1 0 1 0 1 0 1 0 1 0 0 0 1 0 0 1 1 1 1 0 1 1 0 1 0 0 1 1 1 1 1 0 0 0 0 0 0 0 0
50	8	1 1 1 1 0 1 1 1 0 1 0 1 0 1 0 1 0 0 0 1 0 0 1 1 0 0 1 1 1 1 0 1 1 0 1 0 0 1 1 1 1 1 0 0 0 0 0 0 0 0
60	2	1 1 1 1 0 1 1 1 1 1 0 1 0 1 1 1 0 0 0 1 0 0 0 1 0 0 1 1 1 1 0 0 1 0 1 0 0 1 1 1 1 1 0 0 0 0 0 0 0 0
60	24	1 1 1 1 0 1 1 1 0 1 0 1 0 1 1 1 0 0 0 1 0 0 0 1 0 0 1 1 1 1 0 1 1 0 1 0 0 1 1 1 1 1 0 0 0 0 0 0 0 0
60	8	1 1 1 1 0 1 1 1 1 1 0 1 0 1 1 1 0 0 0 1 0 0 0 1 0 0 1 1 1 1 0 1 1 0 1 0 0 1 1 1 1 1 0 0 0 0 0 0 0 0
60	1	1 1 1 1 0 1 1 1 0 1 0 1 0 1 1 1 1 0 0 1 0 0 0 1 0 0 1 1 1 1 0 1 1 0 1 0 0 1 1 1 1 1 0 0 0 0 0 0 0 0
60	1	1 1 1 1 0 1 1 1 0 1 0 1 0 0 1 1 0 0 0 1 0 0 0 1 0 0 1 1 1 0 0 1 1 0 1 0 0 1 1 1 1 1 0 0 0 0 0 0 0 0
60	3	1 1 1 1 0 1 1 1 0 1 0 1 0 0 1 1 0 0 0 1 0 0 0 1 0 0 1 1 1 1 0 1 1 0 1 0 0 1 1 1 1 1 0 0 0 0 0 0 0 0
60	1	1 1 1 1 0 1 1 1 0 1 0 1 0 1 1 1 0 0 0 1 0 0 0 1 0 0 1 1 1 1 0 1 1 0 0 0 0 1 1 1 1 1 0 0 0 0 0 0 0 0
60	1	1 1 1 1 0 1 1 1 0 1 0 1 0 1 1 1 0 0 0 1 0 0 0 1 0 0 1 1 1 1 0 1 1 0 1 0 0 1 1 1 1 0 0 0 0 0 0 0 0 0
60	1	1 1 1 1 0 1 1 1 0 1 0 1 0 1 0 1 0 0 0 1 0 0 0 1 0 0 1 1 1 1 0 1 1 0 1 0 0 1 0 1 1 0 0 0 0 0 0 0 0 0
60	3	1 1 1 1 0 1 1 1 0 1 0 1 1 1 0 1 0 0 0 1 0 0 0 1 0 0 1 1 1 1 0 1 1 0 1 0 0 1 0 1 1 1 0 0 0 0 0 0 0 0
60	1	1 1 1 1 0 1 1 0 0 1 0 1 0 1 0 1 0 0 0 1 0 0 0 1 0 0 1 1 1 1 0 1 1 0 1 0 0 1 0 1 1 1 0 0 0 0 0 0 0 0
60	14	1 1 1 1 0 1 1 1 0 1 0 1 0 1 0 1 0 0 0 1 0 0 0 1 0 0 1 1 1 1 0 1 1 0 1 0 0 1 0 1 1 1 0 0 0 0 0 0 0 0
60	1	1 1 1 1 0 1 1 1 0 1 0 1 0 1 0 1 0 1 0 1 0 0 1 1 0 0 1 1 1 1 0 1 1 0 1 0 0 1 1 1 1 1 0 0 0 0 0 0 0 0
60	3	1 1 1 1 0 1 1 1 0 1 0 1 0 1 0 1 0 1 0 1 0 0 0 1 0 0 1 1 1 1 0 0 1 0 1 0 0 1 0 1 1 1 0 0 0 0 0 0 0 0
60	6	1 1 1 1 0 1 1 1 1 1 0 1 0 1 0 1 0 1 0 1 0 0 0 1 0 0 1 1 1 1 0 1 1 0 1 0 0 1 1 1 1 1 0 0 0 0 0 0 0 0
60	2	1 1 1 1 0 1 1 1 0 1 0 1 0 1 0 1 0 1 0 1 0 0 0 1 0 0 1 1 1 1 0 1 1 0 1 0 1 1 1 1 1 1 0 0 0 0 0 0 0 0
60	18	1 1 1 1 0 1 1 1 0 1 0 1 0 1 0 1 0 1 0 1 0 0 0 1 0 0 1 1 1 1 0 1 1 0 1 0 0 1 1 1 1 1 0 0 0 0 0 0 0 0
60	10	1 1 1 1 0 1 1 1 0 1 0 1 0 1 0 1 0 0 0 1 0 0 1 1 0 0 1 1 1 1 0 1 1 0 1 0 0 1 1 1 1 1 0 0 0 0 0 0 0 0
70	5	1 1 1 1 0 1 1 1 1 1 0 1 0 1 1 1 0 0 0 1 0 0 0 1 0 0 1 1 1 1 0 0 1 0 1 0 0 1 1 1 1 1 0 0 0 0 0 0 0 0
70	1	1 0 1 1 0 1 1 1 0 1 0 1 0 1 1 1 0 0 0 1 0 0 0 1 0 0 1 1 1 1 0 1 1 0 1 0 0 1 1 1 0 1 0 0 0 0 0 0 0 0
70	25	1 1 1 1 0 1 1 1 0 1 0 1 0 1 1 1 0 0 0 1 0 0 0 1 0 0 1 1 1 1 0 1 1 0 1 0 0 1 1 1 1 1 0 0 0 0 0 0 0 0
70	2	1 1 1 1 0 1 1 1 1 1 0 1 0 1 1 1 0 0 0 1 0 0 0 1 0 0 1 1 1 1 0 1 0 0 1 0 0 1 1 1 1 1 0 0 0 0 0 0 0 0
70	1	1 1 1 1 0 1 1 1 1 1 1 1 0 1 1 1 0 0 0 1 0 0 0 1 0 0 1 1 1 1 0 1 1 0 1 0 0 1 1 1 1 1 0 0 0 0 0 0 0 0
70	20	1 1 1 1 0 1 1 1 1 1 0 1 0 1 1 1 0 0 0 1 0 0 0 1 0 0 1 1 1 1 0 1 1 0 1 0 0 1 1 1 1 1 0 0 0 0 0 0 0 0
70	1	1 1 1 1 0 1 1 1 0 1 0 1 0 0 1 1 0 0 0 1 0 0 0 1 0 0 1 1 1 1 0 1 1 0 1 0 0 1 1 1 1 1 0 0 0 0 0 0 0 0
70	8	1 1 1 1 0 1 1 1 0 1 0 1 0 1 0 1 0 0 0 1 0 0 0 1 0 0 1 1 1 1 0 1 1 0 1 0 0 1 0 1 1 0 0 0 0 0 0 0 0 0
70	1	1 1 1 1 0 1 1 0 0 1 0 1 0 1 0 1 0 0 0 1 0 0 0 1 0 0 1 1 1 1 0 1 1 0 1 0 0 1 0 1 1 1 0 0 0 0 0 0 0 0
70	1	1 1 1 1 0 1 1 1 0 1 0 1 0 1 0 1 0 0 0 1 0 0 0 1 0 1 1 1 1 1 0 1 1 0 1 0 0 1 0 1 1 1 0 0 0 0 0 0 0 0
70	14	1 1 1 1 0 1 1 1 0 1 0 1 0 1 0 1 0 0 0 1 0 0 0 1 0 0 1 1 1 1 0 1 1 0 1 0 0 1 0 1 1 1 0 0 0 0 0 0 0 0
70	1	1 1 1 1 0 1 1 1 0 1 0 1 0 1 0 1 0 1 0 1 0 0 1 1 0 0 1 1 1 1 0 1 1 0 1 0 0 1 1 1 1 1 0 0 0 0 0 0 0 0
70	7	1 1 1 1 0 1 1 1 1 1 0 1 0 1 0 1 0 1 0 1 0 0 0 1 0 0 1 1 1 1 0 1 1 0 1 0 0 1 1 1 1 1 0 0 0 0 0 0 0 0
70	1	1 1 1 1 0 1 1 1 0 1 0 1 0 1 0 1 0 1 0 1 0 0 0 1 0 0 1 1 1 1 0 1 1 0 1 0 1 1 1 1 1 1 0 0 0 0 0 0 0 0
70	11	1 1 1 1 0 1 1 1 0 1 0 1 0 1 0 1 0 1 0 1 0 0 0 1 0 0 1 1 1 1 0 1 1 0 1 0 0 1 1 1 1 1 0 0 0 0 0 0 0 0
70	1	1 1 0 1 0 1 1 1 0 1 0 1 0 1 0 1 0 0 0 1 0 0 1 1 0 0 1 1 1 1 0 1 1 0 1 0 0 1 1 1 1 1 0 0 0 0 0 0 0 0
80	7	1 1 1 1 0 1 1 1 1 1 0 1 0 1 1 1 0 0 0 1 0 0 0 1 0 0 1 1 1 1 0 0 1 0 1 0 0 1 1 1 1 1 0 0 0 0 0 0 0 0
80	3	1 1 1 1 0 1 1 1 0 1 0 1 0 1 1 1 0 0 0 1 0 0 0 1 0 0 1 1 1 1 0 1 1 0 1 0 0 1 1 1 0 1 0 0 0 0 0 0 0 0
80	1	1 1 1 1 0 1 1 1 0 1 0 1 0 1 1 1 0 0 0 1 0 0 0 1 0 0 1 1 1 1 0 1 0 0 1 0 0 1 1 1 1 1 0 0 0 0 0 0 0 0
80	2	1 1 1 1 0 1 1 1 0 1 0 1 0 0 1 1 0 0 0 1 0 0 0 1 0 0 1 1 1 1 0 1 1 0 1 0 0 1 1 1 1 1 0 0 0 0 0 0 0 0
80	18	1 1 1 1 0 1 1 1 0 1 0 1 0 1 1 1 0 0 0 1 0 0 0 1 0 0 1 1 1 1 0 1 1 0 1 0 0 1 1 1 1 1 0 0 0 0 0 0 0 0
80	1	1 1 1 1 0 1 1 1 1 1 0 1 0 1 1 1 0 0 0 1 0 0 0 1 0 0 1 1 1 1 0 1 0 0 1 0 0 1 1 1 1 1 0 0 0 0 0 0 0 0
80	1	1 1 1 1 0 1 1 1 1 1 0 1 0 1 0 1 0 0 0 1 0 0 0 1 0 0 1 1 1 1 0 1 1 0 1 0 0 1 1 1 1 1 0 0 0 0 0 0 0 0
80	21	1 1 1 1 0 1 1 1 1 1 0 1 0 1 1 1 0 0 0 1 0 0 0 1 0 0 1 1 1 1 0 1 1 0 1 0 0 1 1 1 1 1 0 0 0 0 0 0 0 0
80	6	1 1 1 1 0 1 1 1 0 1 0 1 0 1 0 1 0 0 0 1 0 0 0 1 0 0 1 1 1 1 0 1 1 0 1 0 0 1 0 1 1 0 0 0 0 0 0 0 0 0
80	1	1 1 1 1 0 1 1 0 0 1 0 1 0 1 0 1 0 0 0 1 0 0 0 1 0 0 1 1 1 1 0 1 1 0 1 0 0 1 0 1 1 1 0 0 0 0 0 0 0 0
80	2	1 1 1 1 0 1 1 1 0 1 0 1 0 1 0 1 0 0 0 1 0 0 0 1 0 0 1 1 1 1 1 1 1 0 1 0 0 1 0 1 1 1 0 0 0 0 0 0 0 0
80	13	1 1 1 1 0 1 1 1 0 1 0 1 0 1 0 1 0 0 0 1 0 0 0 1 0 0 1 1 1 1 0 1 1 0 1 0 0 1 0 1 1 1 0 0 0 0 0 0 0 0
80	2	1 1 1 1 0 1 1 1 0 1 0 1 0 1 0 1 0 1 0 1 0 0 1 1 0 0 1 1 1 1 0 1 1 0 1 0 0 1 1 1 1 1 0 0 0 0 0 0 0 0
80	7	1 1 1 1 0 1 1 1 1 1 0 1 0 1 0 1 0 1 0 1 0 0 0 1 0 0 1 1 1 1 0 1 1 0 1 0 0 1 1 1 1 1 0 0 0 0 0 0 0 0
80	1	1 1 1 1 0 1 1 1 0 1 0 1 0 1 0 1 0 1 0 1 0 0 0 1 0 0 0 1 1 1 0 1 1 0 1 0 0 1 1 1 1 1 0 0 0 0 0 0 0 0
80	12	1 1 1 1 0 1 1 1 0 1 0 1 0 1 0 1 0 1 0 1 0 0 0 1 0 0 1 1 1 1 0 1 1 0 1 0 0 1 1 1 1 1 0 0 0 0 0 0 0 0
80	2	1 1 1 1 0 1 1 1 0 1 0 1 0 1 0 1 0 0 0 1 0 0 1 1 0 0 1 1 1 1 0 1 1 0 1 0 0 1 1 1 1 1 0 0 0 0 0 0 0 0
90	1	1 1 1 1 0 1 1 1 1 1 0 1 0 1 1 1 0 1 0 1 0 0 0 1 0 0 1 1 1 1 0 0 1 0 1 0 0 1 1 1 1 1 0 0 0 0 0 0 0 0
90	1	1 1 1 1 0 1 1 1 1 1 0 1 0 1 1 1 0 0 0 1 0 0 0 1 0 0 1 1 1 1 1 0 1 0 1 0 0 1 1 1 1 1 0 0 0 0 0 0 0 0
90	7	1 1 1 1 0 1 1 1 1 1 0 1 0 1 1 1 0 0 0 1 0 0 0 1 0 0 1 1 1 1 0 0 1 0 1 0 0 1 1 1 1 1 0 0 0 0 0 0 0 0
90	4	1 1 1 1 0 1 1 1 0 1 0 1 0 1 1 1 0 0 0 1 0 0 0 1 0 0 1 1 1 1 0 1 1 0 1 0 0 1 1 1 1 1 0 0 0 0 0 0 0 0
90	3	1 1 1 1 0 1 1 1 1 1 0 1 0 1 1 1 0 0 0 1 0 0 0 1 0 0 1 1 1 1 0 1 0 0 1 0 0 1 1 1 1 1 0 0 0 0 0 0 0 0
90	1	1 1 1 1 0 1 1 1 1 1 0 1 0 1 1 1 0 0 0 1 0 0 0 1 0 0 1 1 1 1 0 1 1 0 1 0 1 1 1 1 1 1 0 0 0 0 0 0 0 0
90	1	1 1 1 1 0 1 1 1 1 1 0 1 0 1 1 1 0 0 0 1 0 0 0 1 0 0 1 1 1 1 0 1 1 0 1 0 0 1 1 1 1 1 0 0 0 0 0 0 0 1
90	33	1 1 1 1 0 1 1 1 1 1 0 1 0 1 1 1 0 0 0 1 0 0 0 1 0 0 1 1 1 1 0 1 1 0 1 0 0 1 1 1 1 1 0 0 0 0 0 0 0 0
90	8	1 1 1 1 0 1 1 1 0 1 0 1 0 1 0 1 0 0 0 1 0 0 0 1 0 0 1 1 1 1 0 1 1 0 1 0 0 1 0 1 1 0 0 0 0 0 0 0 0 0
90	1	1 1 1 1 0 1 1 1 0 1 0 1 0 1 0 1 0 0 0 1 0 0 0 1 0 0 1 1 1 1 1 1 1 0 1 0 0 1 0 1 1 1 0 0 0 0 0 0 0 0
90	17	1 1 1 1 0 1 1 1 0 1 0 1 0 1 0 1 0 0 0 1 0 0 0 1 0 0 1 1 1 1 0 1 1 0 1 0 0 1 0 1 1 1 0 0 0 0 0 0 0 0
90	3	1 1 1 1 0 1 1 1 0 1 0 1 0 1 0 1 0 1 0 1 0 0 1 1 0 0 1 1 1 1 0 0 1 0 1 0 0 1 1 1 1 1 0 0 0 0 0 0 0 0
90	5	1 1 1 1 0 1 1 1 0 1 0 1 0 1 0 1 0 1 0 1 0 0 1 1 0 0 1 1 1 1 0 1 1 0 1 0 0 1 1 1 1 1 0 0 0 0 0 0 0 0
90	8	1 1 1 1 0 1 1 1 1 1 0 1 0 1 0 1 0 1 0 1 0 0 0 1 0 0 1 1 1 1 0 1 1 0 1 0 0 1 1 1 1 1 0 0 0 0 0 0 0 0
90	2	1 1 1 1 0 1 1 1 0 1 0 1 0 1 0 1 0 1 0 1 0 0 0 1 0 0 1 1 1 1 0 1 1 0 1 0 1 1 1 1 1 1 0 0 0 0 0 0 0 0
90	2	1 1 1 1 0 1 1 1 0 1 0 1 0 1 0 1 0 1 0 1 0 0 0 1 0 0 1 1 1 1 0 1 1 0 1 0 0 1 1 1 1 1 0 0 0 0 0 0 0 0
90	1	1 1 1 1 0 1 1 1 0 1 1 1 0 1 0 1 0 0 0 1 0 0 1 1 0 0 1 1 1 1 0 1 1 0 1 0 0 1 1 1 1 1 0 0 0 0 0 0 0 0
90	2	1 1 1 1 0 1 1 1 0 1 0 1 0 1 0 1 0 0 0 1 0 0 1 1 0 0 1 1 1 1 0 1 1 0 1 0 0 1 1 1 1 1 0 0 0 0 0 0 0 0
100	19	1 1 1 1 0 1 1 1 1 1 0 1 0 1 1 1 0 0 0 1 0 0 0 1 0 0 1 1 1 1 0 0 1 0 1 0 0 1 1 1 1 1 0 0 0 0 0 0 0 0
100	1	1 1 1 1 0 1 1 1 1 1 0 1 0 1 0 1 0 0 0 1 0 0 0 1 0 0 1 1 1 1 0 1 1 0 1 0 0 1 1 1 1 1 0 0 0 0 0 0 0 0
100	32	1 1 1 1 0 1 1 1 1 1 0 1 0 1 1 1 0 0 0 1 0 0 0 1 0 0 1 1 1 1 0 1 1 0 1 0 0 1 1 1 1 1 0 0 0 0 0 0 0 0
100	5	1 1 1 1 0 1 1 1 0 1 0 1 0 1 1 1 0 0 0 1 0 0 0 1 0 0 1 1 1 1 0 1 1 0 1 0 0 1 1 1 1 1 0 0 0 0 0 0 0 0
100	4	1 1 1 1 0 1 1 1 1 1 0 1 0 1 1 1 0 0 0 1 0 0 0 1 0 0 1 1 1 1 0 1 0 0 1 1 0 1 1 1 1 1 0 0 0 0 0 0 0 0
100	5	1 1 1 1 0 1 1 1 1 1 0 1 0 1 1 1 0 0 0 1 0 0 0 1 0 0 1 1 1 1 0 1 0 0 1 0 0 1 1 1 1 1 0 0 0 0 0 0 0 0
100	1	1 1 1 1 0 1 1 1 1 1 0 1 0 1 1 1 0 0 0 1 0 0 0 1 0 0 1 1 1 1 0 1 1 0 1 0 1 1 1 1 1 1 0 0 0 0 0 0 0 0
100	1	1 1 1 1 0 0 1 1 1 1 0 1 0 1 1 1 0 0 0 1 0 0 0 1 0 0 1 1 1 1 0 1 1 0 1 0 0 1 1 1 1 1 0 0 0 0 0 0 0 0
100	1	1 1 1 1 0 1 1 1 1 1 0 1 0 1 1 1 0 0 0 0 0 0 0 1 0 0 1 1 1 1 0 1 1 0 1 0 0 1 1 1 1 1 0 0 0 0 0 0 0 0
100	1	1 1 1 1 0 1 1 1 1 1 0 1 0 1 1 1 0 0 0 1 0 0 0 1 0 0 1 1 1 1 0 1 1 0 1 0 0 1 0 1 1 1 0 0 0 0 0 0 0 0
100	9	1 1 1 1 0 1 1 1 0 1 0 1 0 1 0 1 0 0 0 1 0 0 0 1 0 0 1 1 1 1 0 1 1 0 1 0 0 1 0 1 1 0 0 0 0 0 0 0 0 0
100	1	1 1 1 1 0 1 1 1 0 1 0 1 0 1 0 1 0 0 0 1 0 0 0 1 0 0 1 1 1 1 1 1 1 0 1 0 0 1 0 1 0 1 0 0 0 0 0 0 0 0
100	8	1 1 1 1 0 1 1 1 0 1 0 1 0 1 0 1 0 0 0 1 0 0 0 1 0 0 1 1 1 1 0 1 1 0 1 0 0 1 0 1 1 1 0 0 0 0 0 0 0 0
100	1	1 1 1 1 0 1 1 1 1 1 0 1 0 1 0 1 0 1 0 1 0 0 0 1 0 1 1 1 1 1 0 1 1 0 1 0 0 1 1 1 1 1 0 0 0 0 0 0 0 0
100	7	1 1 1 1 0 1 1 1 1 1 0 1 0 1 0 1 0 1 0 1 0 0 0 1 0 0 1 1 1 1 0 1 1 0 1 0 0 1 1 1 1 1 0 0 0 0 0 0 0 0
100	4	1 1 1 1 0 1 1 1 0 1 0 1 0 1 0 1 0 0 0 1 0 0 1 1 0 0 1 1 1 1 0 1 1 0 1 0 0 1 1 1 1 1 0 0 0 0 0 0 0 0
110	15	1 1 1 1 0 1 1 1 1 1 0 1 0 1 1 1 0 0 0 1 0 0 0 1 0 0 1 1 1 1 0 0 1 0 1 0 0 1 1 1 1 1 0 0 0 0 0 0 0 0
110	1	1 1 1 1 0 1 1 1 1 1 0 1 0 1 1 1 0 0 1 1 0 0 0 1 0 0 1 1 1 1 0 1 1 0 1 0 0 1 1 1 1 1 0 0 0 0 0 0 0 0
110	40	1 1 1 1 0 1 1 1 1 1 0 1 0 1 1 1 0 0 0 1 0 0 0 1 0 0 1 1 1 1 0 1 1 0 1 0 0 1 1 1 1 1 0 0 0 0 0 0 0 0
110	4	1 1 1 1 0 1 1 1 0 1 0 1 0 1 1 1 0 0 0 1 0 0 0 1 0 0 1 1 1 1 0 1 1 0 1 0 0 1 1 1 1 1 0 0 0 0 0 0 0 0
110	1	1 1 1 1 0 1 1 1 1 1 0 1 0 1 1 1 0 0 0 1 0 0 0 1 0 0 1 0 1 1 0 1 0 0 1 0 0 1 1 1 1 1 0 0 0 0 0 0 0 0
110	3	1 1 1 1 0 1 1 1 1 1 0 1 0 1 1 1 0 0 0 1 0 0 0 1 0 0 1 1 1 1 0 1 0 0 1 0 0 1 1 1 1 1 0 0 0 0 0 0 0 0
110	1	1 1 1 1 0 1 1 1 1 1 0 1 0 1 1 1 0 0 0 1 0 0 0 1 0 0 1 1 1 1 0 1 1 0 1 0 0 1 1 1 0 0 0 0 0 0 0 0 0 0
110	5	1 1 1 1 0 1 1 1 1 1 0 1 0 1 1 1 0 0 0 1 0 0 0 1 0 0 1 1 1 1 0 1 1 0 1 0 0 1 1 1 0 1 0 0 0 0 0 0 0 0
110	1	1 1 1 1 0 1 1 1 0 1 0 0 0 1 0 1 0 0 0 1 0 0 0 1 0 0 1 1 1 1 0 1 1 0 1 0 0 1 0 1 1 0 0 0 0 0 0 0 0 0
110	7	1 1 1 1 0 1 1 1 0 1 0 1 0 1 0 1 0 0 0 1 0 0 0 1 0 0 1 1 1 1 0 1 1 0 1 0 0 1 0 1 1 0 0 0 0 0 0 0 0 0
110	1	1 1 1 1 0 1 1 1 0 1 0 1 0 1 0 1 0 0 0 1 0 0 0 1 0 0 1 1 1 1 1 1 1 0 1 0 0 1 0 1 0 1 0 0 0 0 0 0 0 0
110	3	1 1 1 1 0 1 1 1 0 1 0 1 0 1 0 1 0 0 0 1 0 0 0 1 0 0 1 1 1 1 1 1 1 0 1 0 0 1 0 1 1 1 0 0 0 0 0 0 0 0
110	8	1 1 1 1 0 1 1 1 0 1 0 1 0 1 0 1 0 0 0 1 0 0 0 1 0 0 1 1 1 1 0 1 1 0 1 0 0 1 0 1 1 1 0 0 0 0 0 0 0 0
110	8	1 1 1 1 0 1 1 1 1 1 0 1 0 1 0 1 0 1 0 1 0 0 0 1 0 0 1 1 1 1 0 1 1 0 1 0 0 1 1 1 1 1 0 0 0 0 0 0 0 0
110	1	1 1 1 1 0 1 1 1 0 1 0 1 0 1 0 1 0 1 0 1 0 0 0 1 0 0 1 1 1 1 0 1 1 0 1 0 1 1 1 1 1 1 0 0 0 0 0 0 0 0
110	1	1 1 1 1 0 1 1 1 0 1 0 1 0 1 0 1 0 0 0 1 0 0 1 1 0 0 1 1 1 1 0 1 1 0 1 0 0 1 1 1 1 1 0 0 0 0 0 0 0 0
120	1	1 1 1 1 0 1 1 1 1 1 0 0 0 1 1 0 0 0 0 1 0 0 0 1 0 0 1 1 1 1 0 0 1 0 1 0 0 1 1 1 1 1 0 0 0 0 0 0 0 0
120	2	1 1 1 1 0 1 1 1 1 1 0 0 0 1 1 1 0 0 0 1 0 0 0 1 0 0 1 1 1 1 0 0 1 0 1 0 0 1 1 1 1 1 0 0 0 0 0 0 0 0
120	1	1 1 1 1 0 1 1 1 1 1 0 1 0 1 1 1 0 0 0 1 0 0 0 1 0 0 1 1 1 1 0 0 1 0 1 0 0 0 1 1 1 1 0 0 0 0 0 0 0 0
120	22	1 1 1 1 0 1 1 1 1 1 0 1 0 1 1 1 0 0 0 1 0 0 0 1 0 0 1 1 1 1 0 0 1 0 1 0 0 1 1 1 1 1 0 0 0 0 0 0 0 0
120	1	1 1 1 1 0 1 1 1 0 1 0 1 0 1 1 1 0 0 0 1 0 0 0 1 0 0 1 1 1 1 0 1 1 0 1 0 0 1 1 1 1 0 0 0 0 0 0 0 0 0
120	2	1 1 1 1 0 1 1 1 1 1 0 1 0 1 1 1 0 0 1 1 0 0 0 1 0 0 1 1 1 1 0 1 1 0 1 0 0 1 1 1 1 1 0 0 0 0 0 0 0 0
120	1	1 1 1 1 0 1 1 0 1 1 0 1 0 1 1 1 0 0 0 1 0 0 0 1 0 0 1 1 1 1 0 1 1 0 1 0 0 1 1 1 1 1 0 0 0 0 0 0 0 0
120	2	1 1 1 1 0 1 1 1 1 1 0 1 0 1 1 1 0 0 0 1 0 0 0 1 0 0 1 1 1 1 0 1 1 0 1 0 0 1 1 1 0 1 0 0 0 0 0 0 0 0
120	4	1 1 1 1 0 1 1 1 1 1 0 1 0 1 1 1 0 0 0 1 0 0 0 1 0 0 1 1 1 1 0 1 0 0 1 0 0 1 1 1 1 1 0 0 0 0 0 0 0 0
120	1	1 1 1 1 0 1 1 1 1 1 1 1 0 1 1 1 0 0 0 1 0 0 0 1 0 0 1 1 1 1 0 1 1 0 1 0 0 1 1 1 1 1 0 0 0 0 0 0 0 0
120	29	1 1 1 1 0 1 1 1 1 1 0 1 0 1 1 1 0 0 0 1 0 0 0 1 0 0 1 1 1 1 0 1 1 0 1 0 0 1 1 1 1 1 0 0 0 0 0 0 0 0
120	3	1 1 1 1 0 1 1 1 0 1 0 1 0 1 1 1 0 0 0 1 0 0 0 1 0 0 1 1 1 1 0 1 1 0 1 0 0 1 1 1 1 1 0 0 0 0 0 0 0 0
120	1	1 1 1 1 0 1 1 1 1 1 0 1 0 1 1 1 0 0 0 1 0 0 0 1 0 0 1 1 1 1 0 1 0 0 1 1 0 1 1 1 1 1 0 0 0 0 0 0 0 0
120	1	1 1 1 1 0 1 1 1 1 1 0 1 0 1 1 1 0 0 0 1 0 0 0 1 0 0 1 1 1 1 0 1 1 0 1 0 0 1 1 1 0 0 0 0 0 1 0 0 0 0
120	3	1 1 1 1 0 1 1 1 1 1 0 1 0 1 1 1 0 0 0 1 0 0 0 1 0 0 1 1 1 1 0 1 1 0 1 0 0 1 1 1 0 0 0 0 0 0 0 0 0 0
120	2	1 1 1 1 1 1 1 1 0 1 0 1 0 1 0 1 0 0 0 1 0 0 0 1 0 0 1 1 1 1 0 1 1 0 1 0 0 1 0 1 1 0 0 0 0 0 0 0 0 0
120	8	1 1 1 1 0 1 1 1 0 1 0 1 0 1 0 1 0 0 0 1 0 0 0 1 0 0 1 1 1 1 0 1 1 0 1 0 0 1 0 1 1 0 0 0 0 0 0 0 0 0
120	1	1 1 1 1 0 1 1 1 0 1 0 1 0 1 0 1 0 0 0 1 0 0 0 1 0 0 1 1 1 1 1 1 1 0 1 0 0 1 0 1 1 1 0 0 0 0 0 0 0 0
120	3	1 1 1 1 0 1 1 1 0 1 0 1 0 1 0 1 0 0 0 1 0 0 0 1 0 0 1 1 1 1 0 1 1 0 1 0 0 1 0 1 1 1 0 0 0 0 0 0 0 0
120	11	1 1 1 1 0 1 1 1 1 1 0 1 0 1 0 1 0 1 0 1 0 0 0 1 0 0 1 1 1 1 0 1 1 0 1 0 0 1 1 1 1 1 0 0 0 0 0 0 0 0
120	1	1 1 1 1 0 1 1 1 0 1 0 1 0 1 0 1 0 1 0 1 0 0 0 1 0 0 1 1 1 1 0 1 1 0 1 0 1 1 1 1 1 1 0 0 0 0 0 0 0 0
130	1	1 1 1 1 0 1 1 1 1 1 0 0 0 1 1 0 0 0 0 1 0 0 0 1 0 0 1 1 1 1 0 0 1 0 1 0 0 1 1 1 1 1 0 0 0 0 0 0 0 0
130	26	1 1 1 1 0 1 1 1 1 1 0 1 0 1 1 1 0 0 0 1 0 0 0 1 0 0 1 1 1 1 0 0 1 0 1 0 0 1 1 1 1 1 0 0 0 0 0 0 0 0
130	1	1 1 1 1 0 1 1 1 0 1 0 1 0 1 1 1 0 0 0 1 0 0 0 1 0 0 1 1 1 1 0 1 1 0 1 0 0 1 1 1 1 1 0 0 0 0 0 0 0 0
130	1	1 1 1 1 0 1 1 1 1 1 0 1 0 1 1 1 0 0 0 0 0 0 0 1 0 0 1 1 1 1 0 1 1 0 1 0 0 1 1 1 1 1 0 0 0 0 0 0 0 0
130	1	1 1 1 1 0 1 1 0 1 1 0 1 0 1 1 1 0 0 0 1 0 0 0 1 0 0 1 1 1 1 0 1 1 0 1 0 0 1 1 1 1 1 0 0 0 0 0 0 0 0
130	3	1 1 1 1 0 1 1 1 1 1 0 1 0 1 1 1 0 0 0 1 0 0 0 1 0 0 1 1 1 1 0 1 1 0 1 0 0 1 1 1 0 1 0 0 0 0 0 0 0 0
130	2	1 1 1 1 0 1 1 1 1 1 0 1 0 1 1 1 0 0 0 1 0 0 0 1 0 0 1 1 1 1 0 1 0 0 1 0 0 1 1 1 1 1 0 0 0 0 0 0 0 0
130	33	1 1 1 1 0 1 1 1 1 1 0 1 0 1 1 1 0 0 0 1 0 0 0 1 0 0 1 1 1 1 0 1 1 0 1 0 0 1 1 1 1 1 0 0 0 0 0 0 0 0
130	2	1 1 1 1 0 1 1 1 1 1 0 1 0 1 1 1 0 0 0 0 0 0 0 1 0 0 1 1 1 1 0 1 1 0 1 0 0 1 1 1 0 0 0 0 0 0 0 0 0 0
130	8	1 1 1 1 0 1 1 1 1 1 0 1 0 1 1 1 0 0 0 1 0 0 0 1 0 0 1 1 1 1 0 1 1 0 1 0 0 1 1 1 0 0 0 0 0 0 0 0 0 0
130	1	1 1 1 1 1 1 1 1 0 1 0 1 0 1 0 1 0 0 0 1 0 0 0 1 0 1 1 1 1 1 0 1 1 0 1 0 0 1 0 1 1 0 0 0 0 0 0 0 0 0
130	2	1 1 1 1 1 1 1 1 0 1 0 1 0 1 0 1 0 0 0 1 0 0 0 1 0 0 1 1 1 1 0 1 1 0 1 0 0 1 0 1 1 0 0 0 0 0 0 0 0 0
130	2	1 1 1 1 0 1 1 1 0 1 0 1 0 1 0 0 0 0 0 1 0 0 0 1 0 0 1 1 1 1 0 1 1 0 1 0 0 1 0 1 1 0 0 0 0 0 0 0 0 0
130	4	1 1 1 1 0 1 1 1 0 1 0 1 0 1 0 1 0 0 0 1 0 0 0 1 0 0 1 1 1 1 0 1 1 0 1 0 0 1 0 1 1 0 0 0 0 0 0 0 0 0
130	1	1 1 1 1 0 1 1 1 0 1 0 1 0 1 0 1 0 0 1 1 0 0 0 1 0 0 1 1 1 1 1 1 1 0 1 0 0 1 0 1 0 1 0 0 0 0 0 0 0 0
130	1	1 1 1 1 0 1 1 1 1 1 0 1 0 1 0 1 0 1 0 1 0 0 0 1 0 0 1 1 1 1 0 1 0 0 1 0 0 1 1 1 1 1 0 0 0 0 0 0 0 0
130	11	1 1 1 1 0 1 1 1 1 1 0 1 0 1 0 1 0 1 0 1 0 0 0 1 0 0 1 1 1 1 0 1 1 0 1 0 0 1 1 1 1 1 0 0 0 0 0 0 0 0
140	1	1 1 1 1 0 1 1 1 1 1 0 1 1 1 1 1 0 0 0 1 0 0 0 1 0 0 1 1 1 1 0 0 1 0 1 0 0 1 1 1 1 1 0 0 0 0 0 0 0 0
140	1	1 1 1 1 0 1 1 1 1 1 0 1 0 1 1 1 0 0 0 1 0 0 0 1 0 0 1 1 1 1 1 0 1 0 1 0 0 1 1 1 1 1 0 0 0 0 0 0 0 0
140	17	1 1 1 1 0 1 1 1 1 1 0 1 0 1 1 1 0 0 0 1 0 0 0 1 0 0 1 1 1 1 0 0 1 0 1 0 0 1 1 1 1 1 0 0 0 0 0 0 0 0
140	1	1 1 1 1 0 1 1 1 1 1 0 1 0 1 1 1 0 0 0 0 0 0 0 1 0 0 1 1 1 1 0 1 1 0 1 0 0 1 1 1 1 1 0 0 0 0 0 0 0 0
140	1	1 1 1 1 0 1 1 1 1 1 0 1 0 1 1 1 0 0 0 1 0 0 0 1 0 0 1 1 1 1 0 1 1 0 1 0 0 1 1 1 0 1 0 0 0 0 0 0 0 0
140	2	1 1 1 1 0 1 1 1 1 1 0 1 0 1 1 1 0 0 0 1 0 0 0 1 0 0 1 1 1 1 0 1 0 0 1 0 0 1 1 1 1 1 0 0 0 0 0 0 0 0
140	2	1 1 1 1 0 1 1 1 1 1 0 1 0 1 1 1 0 0 0 1 0 0 0 1 0 0 1 1 1 1 0 1 1 0 1 0 0 1 0 1 1 1 0 0 0 0 0 0 0 0
140	1	1 1 1 1 0 1 1 1 1 1 0 1 0 1 1 1 0 0 0 1 0 0 0 1 0 0 1 1 1 1 0 1 1 0 1 0 0 1 1 1 1 1 1 0 0 0 0 0 0 0
140	29	1 1 1 1 0 1 1 1 1 1 0 1 0 1 1 1 0 0 0 1 0 0 0 1 0 0 1 1 1 1 0 1 1 0 1 0 0 1 1 1 1 1 0 0 0 0 0 0 0 0
140	3	1 1 1 1 0 1 1 1 1 1 0 1 0 1 1 1 0 0 0 0 0 0 0 1 0 0 1 1 1 1 0 1 1 0 1 0 0 1 1 1 0 0 0 0 0 0 0 0 0 0
140	1	1 1 1 1 0 1 1 1 1 1 0 1 0 1 1 1 0 0 0 1 0 0 0 1 0 0 1 1 1 1 0 1 1 0 1 0 0 1 1 1 1 0 0 0 0 0 0 0 0 0
140	17	1 1 1 1 0 1 1 1 1 1 0 1 0 1 1 1 0 0 0 1 0 0 0 1 0 0 1 1 1 1 0 1 1 0 1 0 0 1 1 1 0 0 0 0 0 0 0 0 0 0
140	1	1 1 1 1 1 1 1 1 0 1 0 1 0 1 0 1 0 0 0 1 0 0 0 1 0 0 1 1 1 1 0 1 1 0 1 0 0 1 0 0 1 0 0 0 0 0 0 0 0 0
140	2	1 1 1 1 1 1 1 1 0 1 0 1 0 1 0 1 0 0 0 1 0 0 0 1 0 0 1 1 1 1 0 1 1 0 1 0 0 1 0 1 1 0 0 0 0 0 0 0 0 0
140	1	1 1 1 1 0 1 1 1 0 1 0 1 0 1 0 0 0 0 0 1 0 0 0 1 0 0 1 1 1 1 0 1 1 0 1 0 0 1 0 1 1 0 0 0 0 0 0 0 0 0
140	2	1 1 1 1 0 1 1 1 0 1 0 1 0 1 0 1 0 0 0 1 0 0 0 1 0 0 1 1 1 1 0 1 1 0 1 0 0 1 0 1 1 0 0 0 0 0 0 0 0 0
140	2	1 1 1 1 0 1 1 1 1 1 0 1 0 1 0 1 0 1 0 1 0 0 0 1 0 0 1 1 1 1 0 1 0 0 1 0 0 1 1 1 1 1 0 0 0 0 0 0 0 0
140	1	1 1 1 1 0 1 1 1 1 1 0 1 0 1 0 0 0 1 0 1 0 0 0 1 0 0 1 1 1 1 0 1 1 0 1 0 0 1 1 1 1 1 0 0 0 0 0 0 0 0
140	15	1 1 1 1 0 1 1 1 1 1 0 1 0 1 0 1 0 1 0 1 0 0 0 1 0 0 1 1 1 1 0 1 1 0 1 0 0 1 1 1 1 1 0 0 0 0 0 0 0 0
150	3	1 1 1 1 0 1 1 1 1 1 0 1 0 1 1 1 0 0 0 1 0 0 0 1 0 0 1 1 1 1 0 0 1 0 1 1 0 1 1 1 1 1 0 0 0 0 0 0 0 0
150	2	1 1 1 1 1 1 1 1 1 1 0 1 0 1 1 1 0 0 0 1 0 0 0 1 0 0 1 1 1 1 0 0 1 0 1 0 0 1 1 1 1 1 0 0 0 0 0 0 0 0
150	1	1 1 1 1 0 1 1 1 1 1 0 1 0 1 1 1 0 0 0 1 0 0 0 1 0 0 1 1 1 1 0 0 1 0 1 0 0 1 1 1 1 0 0 0 0 0 0 0 0 0
150	14	1 1 1 1 0 1 1 1 1 1 0 1 0 1 1 1 0 0 0 1 0 0 0 1 0 0 1 1 1 1 0 0 1 0 1 0 0 1 1 1 1 1 0 0 0 0 0 0 0 0
150	2	1 1 1 1 0 1 1 1 1 1 0 1 0 1 0 1 0 0 0 1 0 0 0 1 0 0 1 1 1 1 0 1 1 0 1 0 0 1 1 1 1 1 0 0 0 0 0 0 0 0
150	1	1 1 1 1 0 1 1 1 1 1 0 1 0 1 1 1 0 0 0 1 0 0 0 1 0 0 1 1 1 1 0 1 1 0 1 0 0 1 1 1 0 1 0 0 0 0 0 0 0 0
150	4	1 1 1 1 0 1 1 1 1 1 0 1 0 1 1 1 0 0 0 1 0 0 0 1 0 0 1 1 1 1 0 1 0 0 1 0 0 1 1 1 1 1 0 0 0 0 0 0 0 0
150	2	1 1 1 1 0 1 1 1 1 1 0 1 0 1 1 1 0 0 0 1 0 0 0 1 0 0 1 1 1 1 0 1 1 0 1 0 0 1 0 1 1 1 0 0 0 0 0 0 0 0
150	2	1 1 1 0 0 1 1 1 1 1 0 1 0 1 1 1 0 0 0 1 0 0 0 1 0 0 1 1 1 1 0 1 1 0 1 0 0 1 1 1 1 1 0 0 0 0 0 0 0 0
150	14	1 1 1 1 0 1 1 1 1 1 0 1 0 1 1 1 0 0 0 1 0 0 0 1 0 0 1 1 1 1 0 1 1 0 1 0 0 1 1 1 1 1 0 0 0 0 0 0 0 0
150	8	1 1 1 1 0 1 1 1 1 1 0 1 0 1 1 1 0 0 0 0 0 0 0 1 0 0 1 1 1 1 0 1 1 0 1 0 0 1 1 1 0 0 0 0 0 0 0 0 0 0
150	2	1 1 1 1 0 1 1 1 1 1 0 1 0 1 1 1 0 0 0 1 0 1 0 1 0 0 1 1 1 1 0 1 1 0 1 0 0 1 1 1 0 0 0 0 0 0 0 0 0 0
150	1	1 1 1 1 0 1 1 1 1 1 0 1 0 1 1 1 0 0 0 1 0 0 0 1 0 0 1 1 1 1 0 1 1 0 1 0 0 1 1 1 1 0 0 0 0 0 0 0 0 0
150	1	1 1 1 1 0 1 1 1 1 1 0 1 0 1 1 1 0 0 0 1 0 0 0 1 0 0 1 1 1 1 0 0 1 0 1 0 0 1 1 1 0 0 0 0 0 0 0 0 0 0
150	31	1 1 1 1 0 1 1 1 1 1 0 1 0 1 1 1 0 0 0 1 0 0 0 1 0 0 1 1 1 1 0 1 1 0 1 0 0 1 1 1 0 0 0 0 0 0 0 0 0 0
150	1	1 1 1 1 1 1 1 1 0 1 0 1 0 1 0 1 0 0 0 1 0 0 0 1 0 1 1 1 1 1 0 1 1 0 1 0 0 1 0 1 1 0 0 0 0 0 0 0 0 0
150	1	1 1 1 1 1 1 1 1 0 1 0 1 0 1 0 1 0 0 0 1 0 0 0 1 0 0 1 1 1 1 0 1 1 0 1 0 0 1 0 1 1 0 0 0 0 0 0 0 0 0
150	1	1 1 1 1 0 1 1 1 0 1 0 1 0 1 0 0 0 0 0 1 0 0 0 1 0 0 1 1 1 1 0 1 1 0 1 0 0 0 0 1 1 0 0 0 0 0 0 0 0 0
150	1	1 1 1 1 0 1 1 1 0 1 0 1 0 1 0 0 0 0 0 1 0 0 0 1 0 0 1 1 1 1 0 1 1 0 1 0 0 1 0 1 1 0 0 0 0 0 0 0 0 0
150	2	1 1 1 1 0 1 1 1 0 1 0 1 0 1 0 1 0 0 0 1 0 0 0 1 0 0 1 1 1 1 0 1 1 0 1 0 0 1 0 1 1 0 0 0 0 0 0 0 0 0
150	1	1 1 1 1 0 1 1 1 1 1 0 1 0 1 0 1 0 1 0 1 0 0 0 1 0 0 1 1 1 1 0 1 0 0 1 0 0 1 1 1 1 0 0 0 0 0 0 0 0 0
150	5	1 1 1 1 0 1 1 1 1 1 0 1 0 1 0 1 0 1 0 1 0 0 0 1 0 0 1 1 1 1 0 1 1 0 1 0 0 1 1 1 1 1 0 0 0 0 0 0 0 0
160	1	1 1 1 1 0 1 1 1 1 1 0 1 0 1 1 1 0 0 0 1 0 0 0 1 0 0 1 1 1 1 0 0 1 0 1 1 0 1 1 1 1 1 0 0 0 0 0 0 0 0
160	4	1 1 1 1 1 1 1 1 1 1 0 1 0 1 1 1 0 0 0 1 0 0 0 1 0 0 1 1 1 1 0 0 1 0 1 0 0 1 1 1 1 1 0 0 0 0 0 0 0 0
160	1	1 1 1 1 0 1 1 1 1 1 0 1 0 1 1 1 0 0 0 1 0 0 0 1 0 0 1 1 1 1 0 0 1 0 0 0 0 1 1 1 1 0 0 0 0 0 0 0 0 0
160	1	1 1 1 1 0 1 1 1 1 1 0 1 0 1 1 1 0 0 0 1 0 0 0 1 0 0 1 1 1 1 0 0 1 0 1 0 0 1 1 1 1 0 0 0 0 0 0 0 0 0
160	4	1 1 1 1 0 1 1 1 1 1 0 1 0 1 1 1 0 0 0 1 0 0 0 1 0 0 1 1 1 1 0 0 1 0 1 0 0 1 1 1 1 1 0 0 0 0 0 0 0 0
160	1	1 1 1 1 0 1 1 1 1 1 0 1 0 1 0 1 0 0 0 1 0 0 0 1 0 0 1 1 1 1 0 1 1 0 1 0 0 1 1 1 1 1 0 0 0 0 0 0 0 0
160	1	1 1 1 1 0 1 1 1 1 1 0 1 0 1 1 1 0 0 0 1 0 0 0 1 0 1 1 1 1 1 0 1 1 0 1 0 0 1 1 1 1 1 0 0 0 0 0 0 0 0
160	10	1 1 1 1 0 1 1 1 1 1 0 1 0 1 1 1 0 0 0 1 0 0 0 1 0 0 1 1 1 1 0 1 1 0 1 0 0 1 1 1 1 1 0 0 0 0 0 0 0 0
160	2	1 1 1 1 0 1 1 1 1 1 0 1 0 1 1 1 0 0 0 1 0 0 0 1 0 0 1 1 1 1 0 1 1 0 1 0 0 1 1 1 0 0 0 0 0 1 0 0 0 0
160	5	1 1 1 1 0 1 1 1 1 1 0 1 0 1 1 1 0 0 0 0 0 0 0 1 0 0 1 1 1 1 0 1 1 0 1 0 0 1 1 1 0 0 0 0 0 0 0 0 0 0
160	2	1 1 1 1 0 1 1 1 1 1 0 1 0 1 1 1 0 0 0 1 0 0 0 1 0 0 1 1 1 1 0 1 1 0 1 0 0 1 1 1 1 0 0 0 0 0 0 0 0 0
160	1	1 1 1 1 0 1 1 1 0 1 0 1 0 1 1 1 0 0 0 1 0 0 0 1 0 0 1 1 1 1 0 1 1 0 1 0 0 1 1 1 0 0 0 0 0 0 0 0 0 0
160	1	1 1 1 1 0 1 1 1 1 1 0 1 0 1 1 1 0 0 1 1 0 0 0 1 0 0 1 1 1 1 0 1 1 0 1 0 0 1 1 1 0 0 0 0 0 0 0 0 0 0
160	1	1 1 0 1 0 1 1 1 1 1 0 1 0 1 1 1 0 0 0 1 0 0 0 1 0 0 1 1 1 1 0 1 1 0 1 0 0 1 1 1 0 0 0 0 0 0 0 0 0 0
160	1	1 1 1 1 0 1 1 1 1 1 0 1 0 1 1 1 0 0 0 1 0 0 0 1 0 0 1 0 1 1 0 1 1 0 1 0 0 1 1 1 0 0 0 0 0 0 0 0 0 0
160	1	1 1 1 1 0 1 1 1 1 1 0 1 0 1 1 1 0 0 0 1 0 0 0 1 0 0 1 1 1 1 0 1 1 0 1 0 0 1 1 1 0 0 1 0 0 0 0 0 0 0
160	1	1 1 1 1 0 1 1 1 1 1 0 1 0 1 1 0 0 0 0 1 0 0 0 1 0 0 1 1 1 1 0 1 1 0 1 0 0 1 1 1 0 0 0 0 0 0 0 0 0 0
160	45	1 1 1 1 0 1 1 1 1 1 0 1 0 1 1 1 0 0 0 1 0 0 0 1 0 0 1 1 1 1 0 1 1 0 1 0 0 1 1 1 0 0 0 0 0 0 0 0 0 0
160	2	1 1 1 1 1 1 1 1 0 1 0 1 0 1 0 1 0 0 0 1 0 0 0 1 0 1 1 1 1 1 0 1 1 0 1 0 0 1 0 1 1 0 0 0 0 0 0 0 0 0
160	6	1 1 1 1 1 1 1 1 0 1 0 1 0 1 0 1 0 0 0 1 0 0 0 1 0 0 1 1 1 1 0 1 1 0 1 0 0 1 0 1 1 0 0 0 0 0 0 0 0 0
160	5	1 1 1 1 0 1 1 1 0 1 0 1 0 1 0 1 0 0 0 1 0 0 0 1 0 0 1 1 1 1 0 1 1 0 1 0 0 1 0 1 1 0 0 0 0 0 0 0 0 0
160	1	1 1 1 1 0 1 1 1 1 1 0 1 0 1 0 1 0 1 0 1 0 0 0 1 1 0 1 1 1 1 0 1 0 0 1 0 0 1 1 1 1 1 0 0 0 0 0 0 0 0
160	3	1 1 1 1 0 1 1 1 1 1 0 1 0 1 0 1 0 1 0 1 0 0 0 1 0 0 1 1 1 1 0 1 1 0 1 0 0 1 1 1 1 1 0 0 0 0 0 0 0 0
170	1	1 1 1 1 0 1 1 1 1 1 0 1 0 1 1 1 0 0 0 1 0 0 0 1 0 0 1 1 1 1 0 0 1 0 1 1 0 1 1 1 1 1 0 0 0 0 0 0 0 0
170	3	1 1 1 1 1 1 1 1 1 1 0 1 0 1 1 1 0 0 0 1 0 0 0 1 0 0 1 1 1 1 0 0 1 0 1 0 0 1 1 1 1 1 0 0 0 0 0 0 0 0
170	1	1 1 1 1 0 1 1 1 1 1 0 1 0 1 1 1 0 0 0 1 0 0 0 1 0 0 1 1 1 1 0 0 1 0 1 0 0 1 1 1 1 1 0 0 0 0 0 0 0 0
170	1	1 1 1 1 0 1 1 1 1 1 1 1 0 1 1 1 0 0 0 1 0 0 0 1 0 0 1 1 1 1 0 1 1 0 1 0 0 1 1 1 0 1 0 0 0 0 0 0 0 0
170	1	1 1 1 1 0 1 1 1 1 1 0 1 0 1 1 1 0 0 0 1 0 0 0 1 0 1 1 1 1 1 0 1 1 0 1 0 0 1 1 1 1 1 0 0 0 0 0 0 0 0
170	7	1 1 1 1 0 1 1 1 1 1 0 1 0 1 1 1 0 0 0 0 0 0 0 1 0 0 1 1 1 1 0 1 1 0 1 0 0 1 1 1 0 0 0 0 0 0 0 0 0 0
170	1	1 1 1 1 0 1 1 1 1 1 0 1 0 1 1 1 0 0 0 1 0 0 0 1 0 0 1 1 1 1 0 1 1 0 1 0 0 1 1 1 1 0 0 0 0 0 0 0 0 0
170	6	1 1 1 1 0 1 1 1 1 1 0 1 0 1 1 1 0 0 1 1 0 0 0 1 0 0 1 1 1 1 0 1 1 0 1 0 0 1 1 1 0 0 0 0 0 0 0 0 0 0
170	4	1 1 0 1 0 1 1 1 1 1 0 1 0 1 1 1 0 0 0 1 0 0 0 1 0 0 1 1 1 1 0 1 1 0 1 0 0 1 1 1 0 0 0 0 0 0 0 0 0 0
170	2	1 1 1 1 0 1 1 1 1 1 0 0 0 1 1 1 0 0 0 1 0 0 0 1 0 0 1 1 1 1 0 1 1 0 1 0 0 1 1 1 0 0 0 0 0 0 0 0 0 0
170	1	1 1 1 1 0 1 1 1 1 1 0 1 0 1 1 1 0 0 0 1 0 0 0 1 0 0 1 1 1 1 0 1 0 0 1 0 0 1 1 1 0 0 0 0 0 0 0 0 0 0
170	1	1 1 1 1 0 1 1 1 1 1 0 1 0 1 1 1 0 0 0 1 0 0 0 1 0 0 1 1 1 1 0 1 1 0 1 0 0 1 0 1 0 0 0 0 0 0 0 0 0 0
170	70	1 1 1 1 0 1 1 1 1 1 0 1 0 1 1 1 0 0 0 1 0 0 0 1 0 0 1 1 1 1 0 1 1 0 1 0 0 1 1 1 0 0 0 0 0 0 0 0 0 0
170	1	1 1 1 1 1 1 1 1 0 1 0 1 0 1 0 1 0 0 0 1 0 0 0 1 0 1 1 1 1 1 0 1 1 0 1 0 0 1 0 1 1 0 0 0 0 0 0 0 0 0
180	1	1 1 1 1 0 1 1 1 1 1 0 1 0 1 1 1 0 0 0 1 0 0 0 1 1 0 1 1 1 1 0 0 0 0 0 0 0 1 1 1 1 0 0 0 0 0 0 0 0 0
180	1	1 1 1 1 0 1 1 1 1 1 0 1 0 1 1 1 0 0 0 1 0 0 0 1 0 0 1 1 1 1 0 0 0 0 0 0 0 1 1 1 1 0 0 0 0 0 0 0 0 0
180	3	1 1 1 1 0 1 1 1 1 1 0 1 0 1 1 1 0 0 0 1 0 0 0 1 0 1 1 1 1 1 0 1 1 0 1 0 0 1 1 1 1 1 0 0 0 0 0 0 0 0
180	2	1 1 1 1 0 1 1 1 1 1 0 1 0 1 1 1 0 0 0 0 0 0 0 1 0 0 1 1 1 1 0 1 1 0 1 0 0 1 1 1 0 0 0 0 0 0 0 0 0 0
180	1	1 1 1 1 0 1 1 1 1 1 0 1 0 1 1 1 0 0 0 1 0 0 0 1 0 0 1 1 1 1 0 1 1 0 1 0 0 1 1 1 1 0 0 0 0 0 0 0 0 0
180	1	1 1 1 1 0 1 1 1 1 1 0 1 0 1 1 1 0 0 1 1 0 0 0 1 0 0 1 1 1 1 0 1 1 0 1 0 0 1 1 1 0 0 0 0 0 0 0 0 0 0
180	1	1 1 0 1 0 1 1 1 1 1 0 1 0 1 1 1 0 0 0 1 0 0 0 1 0 0 1 1 1 1 0 1 1 0 1 0 0 1 1 1 0 0 0 0 0 0 0 0 0 0
180	1	1 1 1 1 0 1 1 1 1 1 0 1 0 1 1 1 0 0 0 1 1 0 0 1 0 0 1 1 1 1 0 1 1 0 1 0 0 1 1 1 0 0 0 0 0 0 0 0 0 0
180	1	1 1 1 1 0 1 1 1 1 1 0 1 0 1 1 1 0 0 0 1 0 0 0 1 0 0 1 1 1 1 0 1 1 0 1 0 0 1 1 1 0 0 0 0 0 0 0 0 1 0
180	79	1 1 1 1 0 1 1 1 1 1 0 1 0 1 1 1 0 0 0 1 0 0 0 1 0 0 1 1 1 1 0 1 1 0 1 0 0 1 1 1 0 0 0 0 0 0 0 0 0 0
180	4	1 1 1 1 0 1 1 1 1 1 0 0 0 1 1 1 0 0 0 1 0 0 0 1 0 0 1 1 1 1 0 1 1 0 1 0 0 1 1 1 0 0 0 0 0 0 0 0 0 0
180	1	1 1 1 1 0 1 1 1 1 1 0 1 0 1 1 1 0 0 0 1 0 0 0 1 0 0 1 1 1 1 0 1 1 0 1 1 0 1 1 1 0 0 0 0 0 0 0 0 0 0
180	2	1 1 1 1 0 1 1 1 1 1 0 1 0 1 1 1 0 0 0 1 0 0 0 1 1 0 1 1 1 1 0 1 1 0 1 0 0 1 1 1 0 0 0 0 0 0 0 0 0 0
180	1	1 1 1 1 0 1 1 1 1 1 0 1 0 1 1 1 1 0 0 1 0 0 0 1 0 0 1 1 1 1 0 1 1 0 1 0 0 1 1 1 0 0 0 0 0 0 0 0 0 0
180	1	1 1 1 1 0 1 1 1 1 1 0 1 0 1 1 1 0 0 0 1 0 0 0 1 0 0 1 1 1 1 0 1 1 0 1 0 0 1 0 1 0 0 0 0 0 0 0 0 0 0
190	1	1 1 1 1 0 1 1 1 1 1 0 1 0 1 1 1 0 0 0 0 0 0 0 1 0 0 1 1 1 1 0 1 1 0 1 0 0 1 1 1 0 0 0 0 0 0 0 0 0 0
190	3	1 1 1 1 0 1 1 1 1 1 0 1 0 1 1 1 0 0 1 1 0 0 0 1 0 0 1 1 1 1 0 1 1 0 1 0 0 1 1 1 0 0 0 0 0 0 0 0 0 0
190	1	1 1 1 1 0 1 1 1 1 1 0 1 0 1 1 1 0 0 0 1 0 0 0 1 0 0 1 1 1 1 0 1 1 0 1 0 0 1 1 1 0 0 0 0 0 0 1 0 0 0
190	1	1 1 1 1 0 1 1 1 1 1 0 1 0 1 1 1 0 0 0 1 0 0 0 1 0 0 1 1 1 1 0 0 1 0 1 0 0 1 1 1 0 0 0 0 0 0 0 0 0 0
190	1	1 1 1 1 0 1 1 1 1 1 0 1 0 1 1 1 0 0 0 1 0 0 0 1 0 0 0 1 1 1 0 1 1 0 1 0 0 1 1 1 0 0 0 0 0 0 0 0 0 0
190	1	1 1 1 1 0 1 1 1 1 1 0 1 0 1 1 1 1 0 0 1 0 0 0 1 0 0 1 1 1 1 0 1 1 0 1 0 0 1 1 1 0 0 0 0 0 0 0 0 0 0
190	1	1 1 1 1 0 1 1 1 1 1 0 1 0 0 1 1 0 0 0 1 0 0 0 1 0 0 1 1 1 1 0 1 1 0 1 0 0 1 1 1 0 0 0 0 0 0 0 0 0 0
190	1	1 1 1 1 0 1 1 1 1 1 0 1 0 1 1 1 0 0 0 1 0 0 0 1 0 0 1 1 1 1 0 1 1 0 1 0 0 1 0 1 0 0 0 0 0 0 0 0 0 0
190	79	1 1 1 1 0 1 1 1 1 1 0 1 0 1 1 1 0 0 0 1 0 0 0 1 0 0 1 1 1 1 0 1 1 0 1 0 0 1 1 1 0 0 0 0 0 0 0 0 0 0
190	7	1 1 1 1 0 1 1 1 1 1 0 0 0 1 1 1 0 0 0 1 0 0 0 1 0 0 1 1 1 1 0 1 1 0 1 0 0 1 1 1 0 0 0 0 0 0 0 0 0 0
190	1	1 1 1 1 0 1 1 1 1 1 0 1 0 1 1 1 0 0 0 1 0 0 0 1 0 0 1 1 1 0 0 1 1 0 1 0 0 1 1 1 0 0 0 0 0 0 0 0 0 0
190	3	1 1 1 1 1 1 1 1 0 1 0 1 0 1 0 1 0 0 0 1 0 0 0 1 0 0 1 1 1 1 0 1 1 0 1 0 0 1 0 1 1 0 0 0 0 0 0 0 0 0
200	1	1 1 1 1 0 1 1 1 1 1 0 1 0 1 1 1 0 0 0 1 0 0 0 1 1 0 1 1 1 1 0 0 0 0 0 0 0 1 1 1 1 0 0 0 0 0 0 0 0 0
200	1	1 1 1 1 0 1 1 1 1 1 0 1 0 1 1 1 0 0 0 0 0 0 0 1 0 0 1 1 1 1 0 1 1 0 0 0 0 1 1 1 0 0 0 0 0 0 0 0 0 0
200	5	1 1 1 1 0 1 1 1 1 1 0 1 0 1 1 1 0 0 0 0 0 0 0 1 0 0 1 1 1 1 0 1 1 0 1 0 0 1 1 1 0 0 0 0 0 0 0 0 0 0
200	2	1 1 1 1 0 1 1 1 1 1 0 1 0 1 1 1 0 0 1 1 0 0 0 1 0 0 1 1 1 1 0 1 1 0 1 0 0 1 1 1 0 0 0 0 0 0 0 0 0 0
200	2	1 1 0 1 0 1 1 1 1 1 0 1 0 1 1 1 0 0 0 1 0 0 0 1 0 0 1 1 1 1 0 1 1 0 1 0 0 1 1 1 0 0 0 0 0 0 0 0 0 0
200	2	1 1 1 1 0 1 1 1 1 1 0 1 0 1 1 1 0 0 0 1 0 0 0 1 0 0 1 0 1 1 0 1 1 0 1 0 0 1 1 1 0 0 0 0 0 0 0 0 0 0
200	2	1 1 1 1 0 1 1 1 1 1 0 1 0 1 1 1 1 0 0 1 0 0 0 1 0 0 1 1 1 1 0 1 1 0 1 0 0 1 1 1 0 0 0 0 0 0 0 0 0 0
200	1	1 1 1 1 0 1 1 1 1 1 0 1 0 1 1 1 0 0 0 1 0 0 0 1 0 0 1 1 1 1 0 1 1 0 1 0 0 1 1 1 0 0 1 0 0 0 0 0 0 0
200	1	1 1 1 1 0 1 1 1 1 1 0 1 0 1 1 1 0 0 0 1 0 0 0 1 0 0 1 1 1 1 0 1 1 0 1 0 0 1 1 1 0 1 0 0 0 0 0 0 0 0
200	6	1 1 1 1 0 1 1 1 1 1 0 0 0 1 1 1 0 0 0 1 0 0 0 1 0 0 1 1 1 1 0 1 1 0 1 0 0 1 1 1 0 0 0 0 0 0 0 0 0 0
200	1	1 1 1 1 0 1 1 1 1 1 0 1 0 1 1 1 0 0 0 1 0 0 0 0 0 0 1 1 1 1 0 1 1 0 1 0 0 1 1 1 0 0 0 0 0 0 0 0 0 0
200	76	1 1 1 1 0 1 1 1 1 1 0 1 0 1 1 1 0 0 0 1 0 0 0 1 0 0 1 1 1 1 0 1 1 0 1 0 0 1 1 1 0 0 0 0 0 0 0 0 0 0
210	2	1 1 1 1 0 1 1 1 1 1 0 1 0 1 1 1 0 0 0 0 0 0 0 1 0 0 1 1 1 1 0 1 1 0 1 0 0 1 1 1 0 0 0 0 0 0 0 0 0 0
210	3	1 1 1 1 0 1 1 1 1 1 0 1 0 1 1 1 0 0 1 1 0 0 0 1 0 0 1 1 1 1 0 1 1 0 1 0 0 1 1 1 0 0 0 0 0 0 0 0 0 0
210	1	1 1 1 1 0 1 1 1 1 1 0 1 0 1 1 1 0 0 0 1 0 0 0 1 0 0 1 0 1 1 0 1 1 0 1 0 0 1 1 1 0 0 0 0 0 0 0 0 0 0
210	1	1 1 1 1 0 1 1 1 1 1 0 1 0 1 0 1 0 0 0 1 0 0 0 1 0 0 1 1 1 1 0 1 1 0 1 0 0 1 1 1 0 0 0 0 0 0 0 0 0 0
210	3	1 1 1 1 0 1 1 1 1 1 0 0 0 1 1 1 0 0 0 1 0 0 0 1 0 0 1 1 1 1 0 1 1 0 1 0 0 1 1 1 0 0 0 0 0 0 0 0 0 0
210	1	1 1 1 1 0 1 1 1 1 1 0 1 0 1 1 1 0 0 0 1 0 0 0 0 0 0 1 1 1 1 0 1 1 0 1 0 0 1 1 1 0 0 0 0 0 0 0 0 0 0
210	4	1 1 1 1 0 1 1 1 1 1 0 1 0 1 1 1 0 0 0 1 0 1 0 1 0 0 1 1 1 1 0 1 1 0 1 0 0 1 1 1 0 0 0 0 0 0 0 0 0 0
210	2	1 1 1 1 0 1 1 1 1 1 0 1 0 1 1 1 0 0 0 1 0 0 0 1 0 0 1 1 1 1 0 1 1 0 1 0 0 1 1 1 0 0 0 1 0 0 0 0 0 0
210	1	1 1 1 1 0 1 1 1 1 1 0 1 0 1 1 1 0 0 0 1 0 0 0 1 0 0 1 1 1 1 0 1 1 0 0 0 0 1 1 1 0 0 0 0 0 0 0 0 0 0
210	1	1 1 1 1 1 1 1 1 1 1 0 1 0 1 1 1 0 0 0 1 0 0 0 1 0 0 1 1 1 1 0 1 1 0 1 0 0 1 1 1 0 0 0 0 0 0 0 0 0 0
210	81	1 1 1 1 0 1 1 1 1 1 0 1 0 1 1 1 0 0 0 1 0 0 0 1 0 0 1 1 1 1 0 1 1 0 1 0 0 1 1 1 0 0 0 0 0 0 0 0 0 0
220	2	1 1 1 1 0 1 1 1 1 1 0 1 0 1 1 1 0 0 0 1 0 0 0 1 1 0 1 1 1 1 0 0 0 0 0 0 0 1 1 1 1 0 0 0 0 0 0 0 0 0
220	1	1 1 1 1 0 1 1 1 1 1 0 1 0 1 1 1 0 0 0 0 0 0 0 1 0 0 1 1 1 1 0 1 1 0 0 0 0 1 1 1 0 0 0 0 0 0 0 0 0 0
220	4	1 1 1 1 0 1 1 1 1 1 0 1 0 1 1 1 0 0 0 0 0 0 0 1 0 0 1 1 1 1 0 1 1 0 1 0 0 1 1 1 0 0 0 0 0 0 0 0 0 0
220	3	1 1 1 1 0 1 1 1 1 1 0 1 0 1 1 1 0 0 1 1 0 0 0 1 1 0 1 1 1 1 0 1 1 0 1 0 0 1 1 1 0 0 0 0 0 0 0 0 0 0
220	2	1 1 1 1 0 1 1 1 1 1 0 1 0 1 1 1 0 0 1 1 0 0 0 1 0 0 1 1 1 1 0 1 1 0 1 0 0 1 1 1 0 0 0 0 0 0 0 0 0 0
220	1	1 1 0 1 0 1 1 1 1 1 0 1 0 1 1 1 0 0 0 1 0 0 0 1 0 0 1 1 1 1 0 1 1 0 1 0 0 1 1 1 0 0 0 0 0 0 0 0 0 0
220	2	1 1 1 1 0 1 1 1 1 1 0 1 0 1 1 1 0 0 0 1 0 0 0 1 0 0 1 0 1 1 0 1 1 0 1 0 0 1 1 1 0 0 0 0 0 0 0 0 0 0
220	1	1 1 1 1 0 1 1 1 1 1 0 1 0 1 1 1 0 0 0 1 0 0 0 1 0 0 1 1 1 1 0 1 1 0 1 0 0 1 1 1 0 0 1 0 0 0 0 0 0 0
220	1	1 1 1 1 0 1 1 1 1 0 0 1 0 1 1 1 0 0 0 1 0 0 0 1 0 0 1 1 1 1 0 1 1 0 1 0 0 1 1 1 0 0 0 0 0 0 0 0 0 0
220	5	1 1 1 1 0 1 1 1 1 1 0 1 0 1 1 1 0 0 0 1 0 1 0 1 0 0 1 1 1 1 0 1 1 0 1 0 0 1 1 1 0 0 0 0 0 0 0 0 0 0
220	2	1 1 1 1 0 1 1 1 1 1 0 1 0 1 1 1 0 0 0 1 0 0 0 1 0 0 1 1 1 1 0 0 1 0 1 0 0 1 1 1 0 0 0 0 0 0 0 0 0 0
220	1	1 1 1 1 1 1 1 1 1 1 0 1 0 1 1 1 0 0 0 1 0 0 0 1 0 0 1 1 1 1 0 1 1 0 1 0 0 1 1 1 0 0 0 0 0 0 0 0 0 0
220	2	1 1 1 1 0 1 1 1 1 1 1 1 0 1 1 1 0 0 0 1 0 0 0 1 0 0 1 1 1 1 0 1 1 0 1 0 0 1 1 1 0 0 0 0 0 0 0 0 0 0
220	1	1 1 1 1 0 1 1 1 1 1 0 1 0 1 1 1 0 0 0 1 0 0 0 1 0 0 1 1 1 1 0 1 1 0 1 0 1 1 1 1 0 0 0 0 0 0 0 0 0 0
220	1	1 1 1 1 0 1 1 1 1 1 0 1 0 1 1 1 1 0 0 1 0 0 0 1 0 0 1 1 1 1 0 1 1 0 1 0 0 1 1 1 0 0 0 0 0 0 0 0 0 0
220	2	1 1 1 1 0 1 0 1 1 1 0 1 0 1 1 1 0 0 0 1 0 0 0 1 0 0 1 1 1 1 0 1 1 0 1 0 0 1 1 1 0 0 0 0 0 0 0 0 0 0
220	69	1 1 1 1 0 1 1 1 1 1 0 1 0 1 1 1 0 0 0 1 0 0 0 1 0 0 1 1 1 1 0 1 1 0 1 0 0 1 1 1 0 0 0 0 0 0 0 0 0 0
230	2	1 1 1 1 0 1 1 1 1 1 0 1 0 1 1 1 0 0 0 0 0 0 0 1 0 0 1 1 1 1 0 1 1 0 0 0 0 1 1 1 0 0 0 0 0 0 0 0 0 0
230	4	1 1 1 1 0 1 1 1 1 1 0 1 0 1 1 1 0 0 0 0 0 0 0 1 0 0 1 1 1 1 0 1 1 0 1 0 0 1 1 1 0 0 0 0 0 0 0 0 0 0
230	1	1 1 1 1 0 1 1 1 1 1 0 1 0 1 1 1 0 0 0 1 0 0 0 1 0 0 1 1 1 1 0 1 1 0 1 0 0 1 1 1 0 0 1 0 0 0 0 0 0 0
230	1	1 1 1 1 0 1 1 1 1 1 0 1 0 1 1 1 0 0 0 1 0 0 0 1 0 0 1 1 1 1 0 1 1 0 1 0 0 1 1 1 0 1 0 0 0 0 0 0 0 0
230	5	1 1 1 1 0 1 1 1 1 1 0 0 0 1 1 1 0 0 0 1 0 0 0 1 0 0 1 1 1 1 0 1 1 0 1 0 0 1 1 1 0 0 0 0 0 0 0 0 0 0
230	8	1 1 1 1 0 1 1 1 1 1 0 1 0 1 1 1 0 0 0 1 0 1 0 1 0 0 1 1 1 1 0 1 1 0 1 0 0 1 1 1 0 0 0 0 0 0 0 0 0 0
230	1	1 1 1 1 1 1 1 1 1 1 0 1 0 1 1 1 0 0 0 1 0 0 0 1 0 0 1 1 1 1 0 1 1 0 1 0 0 1 1 1 0 0 0 0 0 0 0 0 0 0
230	1	1 1 1 1 0 1 1 1 1 1 0 1 0 1 1 1 0 0 0 1 0 0 0 1 0 0 1 1 1 1 0 1 1 0 1 0 1 1 1 1 0 0 0 0 0 0 0 0 0 0
230	4	1 1 1 1 0 1 1 1 1 1 0 1 0 1 1 1 0 0 0 1 0 0 0 1 0 0 1 1 1 1 0 1 1 0 1 0 0 0 1 1 0 0 0 0 0 0 0 0 0 0
230	1	1 1 1 1 0 1 1 1 1 1 0 1 0 1 1 1 1 0 0 1 0 0 0 1 0 0 1 1 1 1 0 1 1 0 1 0 0 1 1 1 0 0 0 0 0 0 0 0 0 0
230	1	1 1 1 1 0 1 1 1 1 1 0 1 0 1 1 1 0 0 0 1 0 0 0 1 0 0 1 1 1 1 0 1 1 1 1 0 0 1 1 1 0 0 0 0 0 0 0 0 0 0
230	71	1 1 1 1 0 1 1 1 1 1 0 1 0 1 1 1 0 0 0 1 0 0 0 1 0 0 1 1 1 1 0 1 1 0 1 0 0 1 1 1 0 0 0 0 0 0 0 0 0 0
240	6	1 1 1 1 0 1 1 1 1 1 0 1 0 1 1 1 0 0 0 0 0 0 0 1 0 0 1 1 1 1 0 1 1 0 1 0 0 1 1 1 0 0 0 0 0 0 0 0 0 0
240	4	1 1 1 1 0 1 1 1 1 1 0 1 0 1 1 1 0 0 0 1 0 0 0 1 0 0 1 1 1 1 0 1 1 0 1 0 0 1 1 1 0 1 0 0 0 0 0 0 0 0
240	3	1 1 1 1 0 1 1 1 1 0 0 1 0 1 1 1 0 0 0 1 0 0 0 1 0 0 1 1 1 1 0 1 1 0 1 0 0 1 1 1 0 0 0 0 0 0 0 0 0 0
240	4	1 1 1 1 0 1 1 1 1 1 0 0 0 1 1 1 0 0 0 1 0 0 0 1 0 0 1 1 1 1 0 1 1 0 1 0 0 1 1 1 0 0 0 0 0 0 0 0 0 0
240	1	1 1 1 1 1 1 1 1 1 1 0 1 0 1 1 1 0 0 0 1 0 0 0 1 0 0 1 1 1 1 0 1 1 0 1 0 0 1 1 1 0 0 0 0 0 0 0 0 0 0
240	1	1 1 1 1 0 1 1 1 1 1 0 1 0 1 1 1 0 0 0 1 0 0 0 1 0 0 1 1 1 1 0 1 1 0 1 0 0 0 1 1 0 0 0 0 0 0 0 0 0 0
240	2	1 1 1 1 0 1 1 1 1 1 0 1 0 1 1 1 1 0 0 1 0 0 0 1 0 0 1 1 1 1 0 1 1 0 1 0 0 1 1 1 0 0 0 0 0 0 0 0 0 0
240	1	1 1 1 1 0 1 1 1 1 1 1 1 0 1 1 1 0 0 0 1 0 0 0 1 0 0 1 1 1 1 0 1 1 0 1 0 0 1 1 1 0 0 0 0 0 0 0 0 0 0
240	1	1 1 1 1 0 1 1 1 1 1 0 1 0 1 1 1 0 0 0 1 0 0 0 1 0 0 1 1 1 1 0 1 1 0 1 0 0 1 0 1 0 0 0 0 0 0 0 0 0 0
240	1	1 1 1 1 0 1 1 1 1 1 0 1 0 1 1 1 0 0 0 1 0 0 0 1 0 0 1 1 0 1 0 1 1 0 1 0 0 1 1 1 0 0 0 0 0 0 0 0 0 0
240	76	1 1 1 1 0 1 1 1 1 1 0 1 0 1 1 1 0 0 0 1 0 0 0 1 0 0 1 1 1 1 0 1 1 0 1 0 0 1 1 1 0 0 0 0 0 0 0 0 0 0
250	4	1 1 1 1 0 1 1 1 1 1 0 1 0 1 1 1 0 0 0 0 0 0 0 1 0 0 1 1 1 1 0 1 1 0 1 0 0 1 1 1 0 0 0 0 0 0 0 0 0 0
250	1	1 1 1 1 0 1 1 1 1 1 0 1 0 1 1 1 0 0 0 1 0 0 0 1 0 0 1 1 1 1 0 1 1 0 1 0 0 1 1 1 0 1 0 0 0 0 0 0 0 0
250	1	1 1 1 1 0 1 1 1 1 1 0 0 0 1 1 1 1 0 0 1 0 0 0 1 0 0 1 1 1 1 0 1 1 0 1 0 0 1 1 1 0 0 0 0 0 0 0 0 0 0
250	1	1 1 1 1 0 1 1 1 1 1 0 1 0 1 0 1 0 0 0 1 0 1 0 1 0 0 1 1 1 1 0 1 1 1 1 0 0 1 1 1 0 0 0 0 0 0 0 0 0 0
250	1	1 1 1 1 0 1 1 1 1 1 0 1 0 1 1 1 0 0 0 1 0 1 0 1 0 0 1 1 1 1 0 1 1 0 1 0 0 1 1 1 0 0 0 0 0 0 0 0 0 0
250	5	1 1 1 1 1 1 1 1 1 1 0 1 0 1 1 1 0 0 0 1 0 0 0 1 0 0 1 1 1 1 0 1 1 0 1 0 0 1 1 1 0 0 0 0 0 0 0 0 0 0
250	2	1 1 1 1 0 1 1 1 1 1 0 1 0 1 1 1 0 0 0 1 0 0 0 1 0 0 1 1 1 1 0 1 1 0 1 0 1 1 1 1 0 0 0 0 0 0 0 0 0 0
250	2	1 1 1 1 0 1 1 1 1 1 0 1 0 1 1 1 1 0 0 1 0 0 0 1 0 0 1 1 1 1 0 1 1 0 1 0 0 1 1 1 0 0 0 0 0 0 0 0 0 0
250	1	1 1 1 1 0 1 1 1 1 1 0 1 0 1 1 1 0 0 0 1 0 0 0 1 0 0 1 1 1 1 0 1 1 0 1 0 0 1 0 1 0 0 0 0 0 0 0 0 0 0
250	3	1 1 1 1 0 1 1 1 1 1 0 1 0 1 1 1 0 0 0 1 0 0 0 1 0 0 1 1 1 1 0 1 1 0 1 0 0 1 1 1 0 0 0 0 0 0 0 0 0 1
250	1	1 1 1 1 0 1 1 1 1 1 0 1 0 1 1 1 0 0 0 1 0 0 0 1 0 0 1 1 0 1 0 1 1 0 1 0 0 1 1 1 0 0 0 0 0 0 0 0 0 0
250	1	1 1 1 1 0 1 1 1 1 1 0 1 0 1 1 1 0 0 0 1 0 0 0 1 0 0 1 1 1 1 0 1 1 0 1 0 0 1 1 1 0 0 0 0 1 0 0 0 0 0
250	77	1 1 1 1 0 1 1 1 1 1 0 1 0 1 1 1 0 0 0 1 0 0 0 1 0 0 1 1 1 1 0 1 1 0 1 0 0 1 1 1 0 0 0 0 0 0 0 0 0 0
260	1	1 1 1 1 0 1 1 1 1 1 0 1 0 1 1 1 0 0 0 0 0 0 0 1 0 0 1 1 1 1 0 1 1 0 1 0 0 1 1 1 0 0 0 0 1 0 0 0 0 0
260	3	1 1 1 1 0 1 1 1 1 1 0 1 0 1 1 1 0 0 0 1 0 0 0 1 0 0 1 1 1 1 0 1 1 0 1 0 0 1 1 1 0 1 0 0 0 0 0 0 0 0
260	1	1 1 1 1 0 1 1 1 1 1 0 1 0 1 0 1 0 0 0 1 0 1 0 1 0 0 1 1 1 1 0 1 1 1 1 0 0 1 1 1 0 0 0 0 0 0 0 0 0 0
260	1	1 1 1 1 1 1 1 1 1 1 0 1 0 1 1 1 0 1 0 1 0 0 0 1 0 0 1 1 1 1 0 1 1 0 1 0 0 1 1 1 0 0 0 0 0 0 0 0 0 0
260	15	1 1 1 1 1 1 1 1 1 1 0 1 0 1 1 1 0 0 0 1 0 0 0 1 0 0 1 1 1 1 0 1 1 0 1 0 0 1 1 1 0 0 0 0 0 0 0 0 0 0
260	1	1 1 1 1 0 1 1 1 1 1 0 1 0 1 1 1 0 0 0 1 0 0 0 1 0 0 1 1 1 1 0 1 1 1 1 0 1 1 1 1 0 0 0 0 0 0 0 0 0 0
260	4	1 1 1 1 0 1 1 1 1 1 0 1 0 1 1 1 0 0 0 1 0 0 0 1 0 0 1 1 1 1 0 1 1 0 1 0 1 1 1 1 0 0 0 0 0 0 0 0 0 0
260	3	1 1 1 1 0 1 1 1 1 1 0 1 0 1 1 1 0 0 0 1 0 0 0 1 0 0 1 1 1 1 0 1 1 0 1 0 0 1 0 1 0 0 0 0 0 0 0 0 0 0
260	3	1 1 1 1 0 1 1 1 1 1 0 1 0 1 1 1 0 0 0 1 0 0 0 1 0 0 1 1 1 1 0 1 1 0 1 0 0 1 1 1 0 0 0 0 1 0 0 0 0 0
260	1	1 1 1 1 0 1 1 1 1 1 0 1 0 1 1 1 0 0 0 1 0 0 0 1 0 0 1 1 1 1 0 1 1 0 1 0 0 1 1 0 0 0 0 0 0 0 0 0 0 0
260	2	1 1 1 1 0 1 1 1 1 1 0 1 0 1 1 1 0 0 0 1 0 0 0 1 0 0 1 0 1 1 0 1 1 0 1 0 0 1 1 1 0 0 0 0 0 0 0 0 0 0
260	1	1 1 1 1 0 1 1 1 1 0 0 1 0 1 1 1 0 0 0 1 0 0 0 1 0 0 1 1 1 1 0 1 0 0 1 0 0 1 1 1 0 0 0 0 0 0 0 0 0 0
260	64	1 1 1 1 0 1 1 1 1 1 0 1 0 1 1 1 0 0 0 1 0 0 0 1 0 0 1 1 1 1 0 1 1 0 1 0 0 1 1 1 0 0 0 0 0 0 0 0 0 0
270	1	1 1 1 1 0 1 1 1 1 1 0 1 0 1 1 1 0 0 0 1 0 0 0 1 0 0 1 1 1 1 0 1 1 0 1 0 0 1 1 1 0 1 0 0 0 0 0 0 0 0
270	3	1 1 1 1 0 1 1 1 1 1 0 1 0 1 0 1 0 0 0 1 0 1 0 1 0 0 1 1 1 1 0 1 1 1 1 0 0 1 1 1 0 0 0 0 0 0 0 0 0 0
270	21	1 1 1 1 1 1 1 1 1 1 0 1 0 1 1 1 0 0 0 1 0 0 0 1 0 0 1 1 1 1 0 1 1 0 1 0 0 1 1 1 0 0 0 0 0 0 0 0 0 0
270	2	1 1 1 1 0 1 1 1 1 1 0 1 0 1 1 1 0 0 0 1 0 0 0 1 0 0 1 1 1 1 0 1 1 0 1 0 1 1 1 1 0 0 0 0 0 0 0 0 0 0
270	2	1 1 1 1 0 1 1 1 1 1 0 1 0 1 1 1 1 0 0 1 0 0 0 1 0 0 1 1 1 1 0 1 1 0 1 0 0 1 1 1 0 0 0 0 0 0 0 0 0 0
270	3	1 1 1 1 0 1 1 1 1 1 0 1 0 1 1 1 0 0 0 1 0 0 0 1 0 0 1 1 1 1 0 1 1 0 1 0 0 1 0 1 0 0 0 0 0 0 0 0 0 0
270	1	1 1 1 1 0 1 1 1 1 1 0 1 0 1 1 1 0 0 0 1 0 0 0 1 0 0 1 1 1 1 0 1 1 0 1 0 0 1 1 1 0 0 0 0 0 0 0 0 0 1
270	2	1 1 1 1 0 1 1 1 1 1 0 1 0 1 0 1 0 0 0 1 0 0 0 1 0 0 1 1 1 1 0 1 1 0 1 0 0 1 1 1 0 0 0 0 0 0 0 0 0 0
270	1	1 1 1 1 0 1 1 1 1 1 0 1 0 1 1 1 0 0 0 1 0 0 0 1 0 0 1 0 1 1 0 1 1 0 1 0 0 1 1 1 0 0 0 0 0 0 0 0 0 0
270	1	1 1 1 1 0 1 1 1 1 1 0 1 0 0 1 1 0 0 0 1 0 0 0 1 0 0 1 1 1 1 0 1 1 0 1 0 0 1 1 1 0 0 0 0 0 0 0 0 0 0
270	1	1 1 1 1 0 0 1 1 1 1 0 1 0 1 1 1 0 0 0 1 0 0 0 1 0 0 1 1 1 1 0 1 1 0 1 0 0 1 1 1 0 0 0 0 0 0 0 0 0 0
270	62	1 1 1 1 0 1 1 1 1 1 0 1 0 1 1 1 0 0 0 1 0 0 0 1 0 0 1 1 1 1 0 1 1 0 1 0 0 1 1 1 0 0 0 0 0 0 0 0 0 0
280	1	1 1 1 1 0 1 1 1 1 1 0 1 0 1 0 1 0 0 0 1 0 1 0 1 0 0 1 1 1 1 0 1 1 1 1 0 0 1 1 1 0 0 0 0 0 0 0 0 0 0
280	2	1 1 1 0 1 1 1 1 1 1 0 1 0 1 1 1 0 0 0 1 0 0 0 1 0 0 1 1 1 1 0 1 1 0 1 0 0 1 1 1 0 0 0 0 0 0 0 0 0 0
280	29	1 1 1 1 1 1 1 1 1 1 0 1 0 1 1 1 0 0 0 1 0 0 0 1 0 0 1 1 1 1 0 1 1 0 1 0 0 1 1 1 0 0 0 0 0 0 0 0 0 0
280	5	1 1 1 1 0 1 1 1 1 1 0 1 0 1 1 1 0 0 0 1 0 0 0 1 0 0 1 1 1 1 0 1 1 1 1 0 1 1 1 1 0 0 0 0 0 0 0 0 0 0
280	1	1 1 1 1 0 0 1 1 1 1 0 1 0 1 1 1 1 0 0 1 0 0 0 1 0 0 1 1 1 1 0 1 1 0 1 0 0 1 1 1 0 0 0 0 0 0 0 0 0 0
280	2	1 1 1 1 0 1 1 1 1 1 0 1 0 1 1 1 1 0 0 1 0 0 0 1 0 0 1 1 1 1 0 1 1 0 1 0 0 1 1 1 0 0 0 0 0 0 0 0 0 0
280	1	1 1 1 1 0 1 1 1 1 1 0 1 0 1 1 1 0 0 0 1 0 0 0 1 0 0 1 1 1 1 0 1 1 0 1 0 0 1 0 1 0 0 0 0 0 0 0 0 0 0
280	1	1 1 1 1 0 1 0 1 1 1 0 1 0 1 0 1 0 0 0 1 0 0 0 1 0 0 1 1 1 1 0 1 1 0 1 0 0 1 1 1 0 0 0 0 0 0 0 0 0 0
280	3	1 1 1 1 0 1 1 1 1 1 0 1 0 1 0 1 0 0 0 1 0 0 0 1 0 0 1 1 1 1 0 1 1 0 1 0 0 1 1 1 0 0 0 0 0 0 0 0 0 0
280	2	1 1 1 1 0 1 1 1 1 1 0 1 0 1 1 1 0 0 0 1 0 0 0 1 0 0 1 1 1 1 0 1 1 0 1 0 0 1 1 0 0 0 0 0 0 0 0 0 0 0
280	1	1 1 1 1 0 1 1 1 1 1 0 1 0 0 1 1 0 0 0 1 0 0 0 1 0 0 1 1 1 1 0 1 1 0 1 0 0 1 1 1 0 0 0 0 0 0 0 0 0 0
280	1	1 1 1 1 0 1 1 1 1 1 0 1 0 1 1 1 0 0 0 1 0 0 0 1 0 1 1 1 1 1 0 1 1 0 1 0 0 1 1 1 0 0 0 0 0 0 0 0 0 0
280	2	1 1 1 1 0 1 1 1 1 1 0 1 0 1 1 1 0 0 0 1 0 0 0 1 0 0 0 1 1 1 0 1 1 0 1 0 0 1 1 1 0 0 0 0 0 0 0 0 0 0
280	49	1 1 1 1 0 1 1 1 1 1 0 1 0 1 1 1 0 0 0 1 0 0 0 1 0 0 1 1 1 1 0 1 1 0 1 0 0 1 1 1 0 0 0 0 0 0 0 0 0 0
290	1	1 1 1 1 0 1 1 1 1 1 0 1 0 1 0 1 0 0 0 1 0 1 0 1 0 0 1 1 1 1 0 1 1 1 1 0 0 1 1 1 0 0 0 0 0 0 0 0 0 0
290	1	1 1 1 1 1 1 1 1 1 1 0 1 0 1 1 1 0 0 0 1 0 0 0 1 0 0 0 1 1 1 0 1 1 0 1 0 0 1 1 1 0 0 0 0 0 0 0 0 0 0
290	45	1 1 1 1 0 1 1 1 1 1 0 1 0 1 1 1 0 0 0 1 0 0 0 1 0 0 1 1 1 1 0 1 1 0 1 0 0 1 1 1 0 0 0 0 0 0 0 0 0 0
290	37	1 1 1 1 1 1 1 1 1 1 0 1 0 1 1 1 0 0 0 1 0 0 0 1 0 0 1 1 1 1 0 1 1 0 1 0 0 1 1 1 0 0 0 0 0 0 0 0 0 0
290	2	1 1 1 1 0 1 1 1 1 1 0 1 0 1 1 1 0 0 0 1 0 0 0 1 0 0 1 1 1 1 0 1 1 1 1 0 1 1 1 1 0 0 0 0 0 0 0 0 0 0
290	1	1 1 1 1 0 1 1 1 0 1 0 1 0 1 1 1 0 0 0 1 0 0 0 1 0 0 1 1 1 1 0 1 1 0 1 0 1 1 1 1 0 0 0 0 0 0 0 0 0 0
290	6	1 1 1 1 0 1 1 1 1 1 0 1 0 1 1 1 0 0 0 1 0 0 0 1 0 0 1 1 1 1 0 1 1 0 1 0 1 1 1 1 0 0 0 0 0 0 0 0 0 0
290	1	1 1 1 1 0 1 1 1 1 1 0 1 0 1 1 1 1 0 0 1 0 0 0 1 0 0 1 1 1 1 0 1 1 0 1 0 0 1 1 1 0 0 0 0 0 0 0 0 0 0
290	1	1 1 1 1 0 1 1 1 1 1 0 1 0 1 1 1 0 0 0 1 0 0 0 1 0 1 1 1 1 1 0 1 1 0 1 0 0 1 1 0 0 0 0 0 0 0 0 0 0 0
290	2	1 1 1 1 0 1 1 1 1 1 0 1 0 1 1 1 0 0 0 1 0 0 0 1 0 0 1 1 1 1 0 1 1 0 1 0 0 1 1 0 0 0 0 0 0 0 0 0 0 0
290	1	1 1 1 1 0 1 1 1 1 1 0 1 0 1 1 1 0 0 0 1 0 0 0 1 0 0 1 0 1 1 0 1 1 0 1 0 0 1 1 1 0 0 0 0 0 0 0 0 0 0
290	2	1 1 1 1 0 1 1 1 1 1 0 1 0 0 1 1 0 0 0 1 0 0 0 1 0 0 1 1 1 1 0 1 1 0 1 0 0 1 1 1 0 0 0 0 0 0 0 0 0 0
300	4	1 1 1 0 1 1 1 1 1 1 0 1 0 1 1 1 0 0 0 1 0 0 0 1 0 0 1 1 1 1 0 1 1 0 1 0 0 1 1 1 0 0 0 0 0 0 0 0 0 0
300	1	1 1 1 1 0 1 1 1 1 1 0 1 0 1 1 1 0 0 0 1 0 0 0 1 0 0 1 1 1 1 0 1 1 1 1 0 0 1 1 1 0 0 0 0 0 0 0 0 0 0
300	24	1 1 1 1 0 1 1 1 1 1 0 1 0 1 1 1 0 0 0 1 0 0 0 1 0 0 1 1 1 1 0 1 1 0 1 0 0 1 1 1 0 0 0 0 0 0 0 0 0 0
300	48	1 1 1 1 1 1 1 1 1 1 0 1 0 1 1 1 0 0 0 1 0 0 0 1 0 0 1 1 1 1 0 1 1 0 1 0 0 1 1 1 0 0 0 0 0 0 0 0 0 0
300	1	1 1 1 1 0 1 1 1 1 1 0 1 0 1 1 1 0 0 0 1 0 0 0 0 0 0 1 1 1 1 0 1 1 0 1 0 0 1 1 1 0 0 0 0 0 0 0 0 0 0
300	3	1 1 1 1 0 1 1 1 1 1 0 1 0 1 1 1 0 0 0 1 0 0 0 1 0 0 1 1 1 1 0 1 1 1 1 0 1 1 1 1 0 0 0 0 0 0 0 0 0 0
300	6	1 1 1 1 0 1 1 1 1 1 0 1 0 1 1 1 0 0 0 1 0 0 0 1 0 0 1 1 1 1 0 1 1 0 1 0 1 1 1 1 0 0 0 0 0 0 0 0 0 0
300	1	1 1 1 1 0 1 1 1 1 1 0 1 0 1 1 1 1 0 0 1 0 0 0 1 0 0 1 1 1 1 0 1 1 0 1 0 0 1 1 1 0 0 0 0 0 0 0 0 0 0
300	1	1 1 1 1 0 1 1 1 1 1 0 1 0 1 1 1 0 0 0 1 0 0 0 1 0 0 1 1 1 1 0 1 1 0 1 0 0 1 0 1 0 0 0 0 0 0 0 0 0 0
300	4	1 1 1 1 0 1 1 1 1 1 0 1 0 1 1 1 0 0 0 1 0 0 0 1 0 0 1 1 1 1 0 1 1 0 1 0 0 1 1 0 0 0 0 0 0 0 0 0 0 0
300	3	1 1 1 1 0 1 1 1 1 1 0 1 0 0 1 1 0 0 0 1 0 0 0 1 0 0 1 1 1 1 0 1 1 0 1 0 0 1 1 1 0 0 0 0 0 0 0 0 0 0
300	3	1 1 1 1 0 1 1 1 1 1 0 1 0 1 1 1 0 0 0 1 0 0 0 1 0 1 1 1 1 1 0 1 1 0 1 0 0 1 1 1 0 0 0 0 0 0 0 0 0 0
300	1	0 1 1 1 0 1 1 1 1 1 0 1 0 1 1 1 0 0 0 1 0 0 0 1 0 0 1 1 1 1 0 1 1 0 1 0 0 1 1 1 0 0 0 0 0 0 0 0 0 0
310	4	1 1 1 0 1 1 1 1 1 1 0 1 0 1 1 1 0 0 0 1 0 0 0 1 0 0 1 1 1 1 0 1 1 0 1 0 0 1 1 1 0 0 0 0 0 0 0 0 0 0
310	14	1 1 1 1 0 1 1 1 1 1 0 1 0 1 1 1 0 0 0 1 0 0 0 1 0 0 1 1 1 1 0 1 1 0 1 0 0 1 1 1 0 0 0 0 0 0 0 0 0 0
310	66	1 1 1 1 1 1 1 1 1 1 0 1 0 1 1 1 0 0 0 1 0 0 0 1 0 0 1 1 1 1 0 1 1 0 1 0 0 1 1 1 0 0 0 0 0 0 0 0 0 0
310	2	1 1 1 1 0 1 1 1 1 1 0 1 0 1 1 1 0 0 0 1 0 1 0 1 0 0 1 1 1 1 0 1 1 1 1 0 1 1 1 1 0 0 0 0 0 0 0 0 0 0
310	3	1 1 1 1 0 1 1 1 1 1 0 1 0 1 1 1 0 0 0 1 0 0 0 1 0 0 1 1 1 1 0 1 1 1 1 0 1 1 1 1 0 0 0 0 0 0 0 0 0 0
310	7	1 1 1 1 0 1 1 1 1 1 0 1 0 1 1 1 0 0 0 1 0 0 0 1 0 0 1 1 1 1 0 1 1 0 1 0 1 1 1 1 0 0 0 0 0 0 0 0 0 0
310	3	1 1 1 1 0 1 1 1 1 1 0 1 0 1 1 1 1 0 0 1 0 0 0 1 0 0 1 1 1 1 0 1 1 0 1 0 0 1 1 1 0 0 0 0 0 0 0 0 0 0
310	1	1 1 1 1 0 1 1 1 1 1 0 1 0 1 1 1 0 0 0 1 0 0 0 1 0 0 1 1 1 1 0 1 1 0 1 0 0 1 0 1 0 0 0 0 0 0 0 0 0 0
