0	100	0 0 0 0 0 0 0 0 0 0
10	1	0 0 0 0 0 1 0 0 0 0
10	3	0 0 0 1 0 0 0 0 0 0
10	3	0 0 1 0 0 0 0 0 0 0
10	93	0 0 0 0 0 0 0 0 0 0
20	2	0 0 0 0 0 1 0 0 0 0
20	1	0 1 0 0 0 0 0 0 0 0
20	3	0 0 0 0 0 0 0 0 0 1
20	5	0 0 0 1 0 0 0 0 0 0
20	2	0 0 0 0 1 0 0 0 0 0
20	2	0 0 0 0 0 0 0 0 1 0
20	1	0 0 1 0 0 0 0 0 0 0
20	84	0 0 0 0 0 0 0 0 0 0
30	1	0 0 0 0 0 1 0 0 0 0
30	2	0 1 0 0 0 0 0 0 0 0
30	4	0 0 0 0 0 0 0 0 0 1
30	1	0 0 1 0 0 0 0 0 0 0
30	7	0 0 0 1 0 0 0 0 0 0
30	1	0 0 0 0 0 0 0 0 1 0
30	79	0 0 0 0 0 0 0 0 0 0
30	4	0 0 0 0 1 0 0 0 0 0
30	1	1 0 0 0 0 0 0 0 0 0
40	1	0 0 0 0 0 1 0 0 0 0
40	2	0 1 0 0 0 0 0 0 0 0
40	3	0 0 0 0 0 0 0 0 0 1
40	4	0 0 1 0 0 0 0 0 0 0
40	6	0 0 0 1 0 0 0 0 0 0
40	3	0 0 0 0 0 0 0 0 1 0
40	4	0 0 0 0 0 0 0 1 0 0
40	2	0 0 0 0 1 0 0 0 0 0
40	6	1 0 0 0 0 0 0 0 0 0
40	69	0 0 0 0 0 0 0 0 0 0
50	8	0 0 0 1 0 0 0 0 0 0
50	7	0 0 1 0 0 0 0 0 0 0
50	4	1 0 0 0 0 0 0 0 0 0
50	66	0 0 0 0 0 0 0 0 0 0
50	2	0 1 0 0 0 0 0 0 0 0
50	1	0 0 0 0 0 0 0 0 0 1
50	4	0 0 0 0 0 0 0 1 0 0
50	3	0 0 0 0 1 0 0 0 0 0
50	5	0 0 0 0 0 0 0 0 1 0
60	68	0 0 0 0 0 0 0 0 0 0
60	6	0 0 0 1 0 0 0 0 0 0
60	6	0 0 1 0 0 0 0 0 0 0
60	8	1 0 0 0 0 0 0 0 0 0
60	4	0 0 0 0 0 0 0 0 1 0
60	4	0 0 0 0 0 0 0 1 0 0
60	2	0 0 0 0 1 0 0 0 0 0
60	1	0 0 0 0 0 0 0 0 0 1
60	1	0 1 0 0 0 0 0 0 0 0
70	2	0 0 0 1 0 0 1 0 0 0
70	2	0 0 0 0 0 0 1 0 0 0
70	1	0 1 0 0 0 0 0 0 0 0
70	4	1 0 0 0 0 0 0 0 0 0
70	1	0 0 0 0 0 0 0 0 1 0
70	3	0 0 0 0 1 0 0 0 0 0
70	1	0 0 1 0 0 0 0 0 0 0
70	13	0 0 0 1 0 0 0 0 0 0
70	1	0 0 0 0 0 1 0 0 0 0
70	72	0 0 0 0 0 0 0 0 0 0
80	1	0 0 0 0 0 0 1 0 0 0
80	3	0 1 0 0 0 0 0 0 0 0
80	1	1 0 0 0 0 0 0 0 1 0
80	6	1 0 0 0 0 0 0 0 0 0
80	2	0 0 0 0 0 0 0 0 1 0
80	4	0 0 0 0 0 0 0 1 0 0
80	2	0 0 0 0 1 0 0 0 0 0
80	4	0 0 1 0 0 0 0 0 0 0
80	9	0 0 0 1 0 0 0 0 0 0
80	1	0 0 0 0 0 1 0 0 0 0
80	67	0 0 0 0 0 0 0 0 0 0
90	1	0 0 0 1 0 0 1 0 0 0
90	2	0 0 0 0 0 0 1 0 0 0
90	4	1 0 0 0 0 0 0 0 0 0
90	7	0 0 1 0 0 0 0 0 0 0
90	2	0 1 0 0 0 0 0 0 0 0
90	64	0 0 0 0 0 0 0 0 0 0
90	16	0 0 0 1 0 0 0 0 0 0
90	3	0 0 0 0 1 0 0 0 0 0
90	1	0 0 0 0 0 0 0 0 0 1
100	4	0 0 0 1 0 0 1 0 0 0
100	7	0 0 0 0 1 0 0 0 0 0
100	50	0 0 0 0 0 0 0 0 0 0
100	7	1 0 0 0 0 0 0 0 0 0
100	4	0 0 1 0 0 0 0 0 0 0
100	17	0 0 0 1 0 0 0 0 0 0
100	8	0 1 0 0 0 0 0 0 0 0
100	1	0 0 0 0 0 0 0 0 0 1
100	2	1 0 0 0 0 0 0 0 1 0
110	2	1 0 0 1 0 1 1 0 0 0
110	2	0 0 0 0 0 0 1 0 0 0
110	1	0 0 0 0 0 0 0 1 0 0
110	1	0 0 0 0 0 1 0 0 0 0
110	9	0 0 0 0 1 0 0 0 0 0
110	7	0 1 0 0 0 0 0 0 0 0
110	6	1 0 0 0 0 0 0 0 1 0
110	4	1 0 0 0 0 0 0 0 0 0
110	19	0 0 0 1 0 0 0 0 0 0
110	4	0 0 1 0 0 0 0 0 0 0
110	41	0 0 0 0 0 0 0 0 0 0
110	1	0 0 0 1 1 0 0 0 0 0
110	3	0 1 0 1 0 0 0 0 0 0
120	1	1 0 0 1 0 1 1 0 0 0
120	1	0 0 0 1 0 0 1 0 0 0
120	2	1 0 1 0 0 0 0 0 0 0
120	41	0 0 0 0 0 0 0 0 0 0
120	9	1 0 0 0 0 0 0 0 0 0
120	4	0 1 0 0 0 0 0 0 0 0
120	19	0 0 0 1 0 0 0 0 0 0
120	8	1 0 0 0 0 0 0 0 1 0
120	14	0 0 1 0 0 0 0 0 0 0
120	1	0 0 0 1 1 0 0 0 0 0
130	6	0 0 0 1 0 0 1 0 0 0
130	10	1 0 0 0 0 0 0 0 0 0
130	6	0 1 0 0 0 0 0 0 0 0
130	1	0 0 0 0 0 0 0 0 0 1
130	1	0 0 0 0 0 0 0 0 1 0
130	30	0 0 0 0 0 0 0 0 0 0
130	10	0 0 1 0 0 0 0 0 0 0
130	2	0 0 1 1 0 0 0 0 0 0
130	5	1 0 1 0 0 0 0 0 0 0
130	1	0 1 0 0 0 0 0 0 0 1
130	1	0 0 0 1 1 0 0 0 0 0
130	1	0 0 0 1 0 0 0 0 0 1
130	1	0 0 0 1 0 1 0 0 0 0
130	22	0 0 0 1 0 0 0 0 0 0
130	1	1 0 0 0 0 0 0 1 1 0
130	2	1 0 0 0 0 0 0 0 1 0
140	4	0 0 0 1 0 0 1 0 0 0
140	1	0 1 0 1 0 0 0 0 0 0
140	1	0 0 0 0 0 1 0 0 0 0
140	11	0 0 1 0 0 0 0 0 0 0
140	2	0 0 0 0 0 0 0 0 0 1
140	7	1 0 0 0 0 0 0 0 0 0
140	36	0 0 0 0 0 0 0 0 0 0
140	1	1 0 0 0 0 0 0 1 0 0
140	1	0 1 0 0 0 0 0 0 0 0
140	32	0 0 0 1 0 0 0 0 0 0
140	1	0 0 1 0 0 0 0 0 0 1
140	1	1 0 1 1 0 0 0 0 0 0
140	1	1 0 1 0 0 0 0 0 0 0
140	1	1 0 0 0 0 0 0 0 1 0
150	4	0 1 0 0 0 0 0 0 0 0
150	7	0 0 0 0 0 0 0 0 0 0
150	7	0 1 0 1 0 0 0 0 0 0
150	34	0 0 0 1 0 0 0 0 0 0
150	2	1 0 1 0 0 0 0 0 0 0
150	3	0 0 1 1 0 0 0 0 0 0
150	11	0 0 1 0 0 0 0 0 0 0
150	3	0 0 0 0 0 0 0 1 0 0
150	3	0 0 0 0 0 0 0 0 0 1
150	8	1 0 0 0 0 0 0 0 1 0
150	1	1 0 0 0 0 0 0 1 0 0
150	10	1 0 0 0 0 0 0 0 0 0
150	4	0 0 0 1 0 0 0 1 0 0
150	1	0 0 0 0 1 0 0 0 0 0
150	1	1 1 0 1 0 1 0 0 0 0
150	1	1 0 0 1 0 1 0 0 0 0
