10	2	1 1 0 0 1 1 1 1 0 0 1 0 1 0 1 1 0 0 1 1 0 0 1 1 1 1 1 0 1 1 1 0 0 1 0 0 0 0 0 0 1 0 1 1 1 1 0 0 0 1
10	2	0 1 0 0 1 1 1 1 0 0 0 0 1 0 1 1 0 0 1 1 0 0 1 1 1 1 1 0 1 1 1 0 0 1 0 0 0 0 0 0 1 0 1 1 1 1 0 0 0 1
10	1	1 0 0 0 1 1 1 1 0 0 0 0 1 0 1 1 0 0 1 1 0 0 1 1 1 1 1 0 1 1 1 0 0 1 0 0 0 0 0 0 1 0 1 1 1 1 0 0 0 1
10	19	1 1 0 0 1 1 1 1 0 0 0 0 1 0 1 1 0 0 1 1 0 0 1 1 1 1 1 0 1 1 1 0 0 1 0 0 0 0 0 0 1 0 1 1 1 1 0 0 0 1
10	9	0 0 0 0 1 0 1 1 1 0 1 0 0 0 1 1 1 0 1 0 1 0 1 0 0 0 1 0 0 0 0 1 1 0 0 1 0 0 0 1 0 1 1 1 0 1 0 0 1 1
10	1	1 1 0 1 0 0 1 0 1 1 0 1 0 0 1 0 0 1 1 0 0 0 1 0 1 1 1 0 1 1 0 1 1 1 1 0 0 0 1 1 1 0 0 1 1 1 1 0 1 1
10	30	1 1 0 1 0 0 1 0 1 1 0 1 0 0 1 0 0 1 1 1 0 0 1 0 1 1 1 0 1 1 0 1 1 1 1 0 0 0 1 1 1 0 0 1 1 1 1 0 1 1
10	3	1 0 0 1 1 0 1 0 1 0 0 1 0 0 0 0 1 0 0 0 1 0 1 0 0 0 0 1 1 0 1 1 1 1 1 1 1 1 1 1 0 1 0 1 0 0 0 1 0 0
10	18	1 0 0 1 1 0 0 0 1 0 0 1 0 0 0 0 1 0 0 0 1 0 1 0 0 0 0 1 1 0 1 1 1 1 1 1 1 1 1 1 0 1 0 1 0 0 0 1 0 0
10	15	1 1 1 1 1 1 0 0 1 0 0 1 1 1 0 1 0 1 0 1 0 0 0 1 1 1 0 1 0 1 0 1 1 1 1 1 0 0 0 1 0 1 1 1 1 1 1 1 1 1
20	1	1 1 0 0 1 1 1 1 0 0 0 0 1 0 1 1 0 0 1 1 0 0 1 1 1 0 1 0 1 1 1 0 0 1 0 0 0 0 0 0 1 0 1 1 1 1 0 0 0 1
20	2	1 1 0 0 1 1 1 1 0 0 0 0 1 0 1 1 0 1 1 1 0 0 1 1 1 1 1 0 1 1 1 0 0 1 0 0 0 0 0 0 1 0 1 1 1 1 0 0 0 1
20	16	1 1 0 0 1 1 1 1 0 0 0 0 1 0 1 1 0 0 1 1 0 0 1 1 1 1 1 0 1 1 1 0 0 1 0 0 0 0 0 0 1 0 1 1 1 1 0 0 0 1
20	1	1 1 0 1 0 0 1 0 1 1 0 1 0 0 1 0 0 1 1 1 0 0 1 0 1 1 1 0 1 1 0 1 1 1 0 0 0 0 1 1 1 0 0 1 1 1 1 0 1 1
20	32	1 1 0 1 0 0 1 0 1 1 0 1 0 0 1 0 0 1 1 1 0 0 1 0 1 1 1 0 1 1 0 1 1 1 1 0 0 0 1 1 1 0 0 1 1 1 1 0 1 1
20	1	1 0 0 1 1 0 1 0 1 1 0 1 0 0 0 0 1 0 0 0 1 0 1 0 0 0 0 1 1 0 1 1 1 1 1 1 1 1 1 1 0 1 0 1 0 0 0 1 0 0
20	7	1 0 0 1 1 0 1 0 1 0 0 1 0 0 0 0 1 0 0 0 1 0 1 0 0 0 0 1 1 0 1 1 1 1 1 1 1 1 1 1 0 1 0 1 0 0 0 1 0 0
20	1	1 0 0 1 1 0 0 0 1 0 0 1 0 0 0 1 1 0 0 0 1 0 1 0 0 0 0 1 1 0 1 1 1 1 1 1 1 1 1 1 0 1 0 1 0 0 0 1 0 0
20	1	1 0 0 1 1 0 0 0 1 0 0 1 0 0 0 0 1 0 0 0 1 0 1 0 0 0 0 1 1 0 1 1 1 1 1 1 1 1 1 1 0 1 0 1 0 0 0 1 0 1
20	3	1 0 0 1 1 0 0 0 1 0 0 1 0 0 0 0 1 0 1 0 1 0 1 0 0 0 0 1 1 0 1 1 1 1 1 1 1 1 1 1 0 1 0 1 0 0 0 1 0 0
20	1	1 0 0 1 1 0 0 0 1 0 0 1 0 0 0 0 1 0 0 0 1 0 1 0 0 0 0 1 1 0 1 1 1 1 1 1 1 1 1 1 0 1 0 1 0 0 0 0 0 0
20	21	1 0 0 1 1 0 0 0 1 0 0 1 0 0 0 0 1 0 0 0 1 0 1 0 0 0 0 1 1 0 1 1 1 1 1 1 1 1 1 1 0 1 0 1 0 0 0 1 0 0
20	13	1 1 1 1 1 1 0 0 1 0 0 1 1 1 0 1 0 1 0 1 0 0 0 1 1 1 0 1 0 1 0 1 1 1 1 1 0 0 0 1 0 1 1 1 1 1 1 1 1 1
30	11	1 1 0 0 1 1 1 1 0 0 0 0 1 0 1 1 0 0 1 1 0 0 1 1 1 1 1 0 1 1 1 0 0 1 0 0 0 0 0 0 1 0 1 1 1 1 0 0 0 1
30	1	1 1 0 1 0 0 1 0 1 1 0 1 0 0 1 0 0 1 1 1 1 0 1 0 1 1 1 0 1 1 0 1 1 1 1 0 0 0 1 1 1 0 0 1 1 1 1 0 1 1
30	17	1 1 0 1 0 0 1 0 1 1 0 1 0 0 1 0 0 1 1 1 0 0 1 0 1 1 1 0 1 1 0 1 1 1 1 0 0 0 1 1 1 0 0 1 1 1 1 0 1 1
30	11	1 0 0 1 1 0 1 0 1 1 0 1 0 0 0 0 1 0 0 0 1 0 1 0 0 0 0 1 1 0 1 1 1 1 1 1 1 1 1 1 0 1 0 1 0 0 0 1 0 0
30	3	1 0 0 1 1 0 1 0 1 0 0 1 0 0 0 0 1 0 0 0 0 0 1 0 0 0 0 1 1 0 1 1 1 1 1 1 1 1 1 1 0 1 0 1 0 0 0 1 0 0
30	12	1 0 0 1 1 0 0 0 1 0 0 1 0 0 0 0 1 0 0 0 1 0 1 0 0 0 0 1 1 0 1 1 1 1 1 1 1 1 1 1 0 1 0 1 0 0 0 1 0 0
30	1	1 0 0 1 1 0 1 0 1 0 0 1 0 0 0 0 1 0 0 0 1 0 1 1 0 0 0 1 1 0 1 1 1 1 1 1 1 1 1 1 0 1 0 1 0 0 0 1 0 0
30	37	1 0 0 1 1 0 1 0 1 0 0 1 0 0 0 0 1 0 0 0 1 0 1 0 0 0 0 1 1 0 1 1 1 1 1 1 1 1 1 1 0 1 0 1 0 0 0 1 0 0
30	1	1 0 0 1 1 0 0 0 1 0 0 1 0 0 0 0 1 0 0 0 1 0 1 0 0 0 0 1 1 0 1 1 1 1 1 1 1 1 1 1 1 1 0 1 0 0 0 1 0 0
30	1	1 0 0 1 1 0 0 0 1 0 0 1 0 0 0 0 1 0 0 0 1 0 1 0 0 0 0 1 1 1 1 1 1 1 1 1 1 1 1 1 0 1 0 1 0 0 0 1 0 0
30	1	1 0 0 1 1 0 0 0 1 0 0 1 0 0 0 0 1 0 1 0 1 0 1 0 0 0 0 1 1 0 1 1 1 1 1 1 1 1 1 1 0 1 0 1 0 0 0 1 0 0
30	2	1 0 0 1 1 0 0 0 1 0 0 1 0 0 0 0 1 0 0 1 1 0 1 0 0 0 0 1 1 0 1 1 1 1 1 1 1 1 1 1 0 1 0 1 0 0 0 1 0 0
30	2	1 1 1 1 1 1 0 0 1 0 0 1 1 1 0 1 0 1 0 1 0 0 0 1 1 1 0 1 0 1 0 1 1 1 1 1 0 0 0 1 0 1 1 1 1 1 1 1 1 1
40	4	1 1 0 0 1 1 1 1 0 0 0 0 1 0 1 1 0 0 1 1 0 0 1 1 1 1 1 0 1 1 1 0 0 1 0 0 0 0 0 0 1 0 1 1 1 1 0 0 0 1
40	10	1 1 0 1 0 0 1 0 1 1 0 1 0 0 1 0 0 1 1 1 0 0 1 0 1 1 1 0 1 1 0 1 1 1 1 0 0 0 1 1 1 0 0 1 1 1 1 0 1 1
40	37	1 0 0 1 1 0 1 0 1 0 0 1 0 0 0 0 1 0 0 0 1 0 1 0 0 0 0 1 1 0 1 1 1 1 1 1 1 1 1 1 0 1 0 1 0 0 0 1 0 0
40	1	1 0 0 1 1 0 1 0 1 1 0 1 0 0 0 0 1 0 0 0 1 0 1 1 0 0 0 1 1 0 1 1 1 1 1 1 1 1 1 1 0 1 0 1 0 0 0 1 0 0
40	29	1 0 0 1 1 0 1 0 1 1 0 1 0 0 0 0 1 0 0 0 1 0 1 0 0 0 0 1 1 0 1 1 1 1 1 1 1 1 1 1 0 1 0 1 0 0 0 1 0 0
40	1	1 0 0 1 1 0 0 0 1 0 0 1 0 0 0 0 1 0 0 0 1 0 1 0 0 0 0 1 1 0 1 1 0 1 1 0 1 1 1 1 0 1 0 1 0 0 0 1 0 0
40	1	1 0 0 1 1 0 0 0 1 0 0 1 0 0 0 0 1 0 0 0 1 0 1 0 0 0 0 1 1 0 1 1 0 1 1 1 1 1 1 1 0 1 0 1 0 0 0 1 0 0
40	1	1 0 0 1 1 0 0 0 1 0 0 1 0 0 0 0 1 0 0 0 1 0 0 0 0 0 0 1 1 0 1 1 1 1 1 1 1 1 1 1 0 1 0 1 0 0 0 1 0 0
40	9	1 0 0 1 1 0 0 0 1 0 0 1 0 0 0 0 1 0 0 0 1 0 1 0 0 0 0 1 1 0 1 1 1 1 1 1 1 1 1 1 0 1 0 1 0 0 0 1 0 0
40	1	1 0 0 1 1 0 1 0 1 0 0 1 0 0 0 0 1 0 0 0 1 0 1 0 0 0 0 1 1 0 1 1 1 1 1 1 1 1 0 1 0 1 0 1 1 0 0 1 0 0
40	1	1 0 0 1 1 0 1 0 1 0 0 1 0 0 0 0 1 0 0 0 1 0 1 0 0 0 0 1 1 0 1 1 1 1 1 1 1 1 1 1 0 0 0 1 0 0 0 1 0 0
40	1	1 0 0 1 1 0 1 0 1 0 0 1 0 0 0 0 1 0 0 0 1 0 1 0 0 0 0 1 1 0 1 1 1 1 1 1 0 1 1 1 0 1 0 1 0 0 0 1 0 0
40	1	1 0 0 1 1 0 1 0 1 0 0 1 0 0 0 0 1 0 0 0 1 0 1 0 0 0 0 1 1 0 1 1 1 1 1 1 1 1 1 1 0 1 0 0 0 0 0 1 0 0
40	1	1 0 0 1 1 0 0 0 1 1 0 1 0 0 0 0 1 0 0 0 1 0 1 0 0 0 0 1 1 0 1 1 1 1 1 1 1 1 1 1 0 1 0 1 0 0 0 1 0 0
40	2	1 0 0 1 1 0 0 0 1 0 0 1 0 0 0 0 1 0 0 1 1 0 1 0 0 0 0 1 1 0 1 1 1 1 1 1 1 1 1 1 0 1 0 1 0 0 0 1 0 0
50	1	1 1 0 1 0 0 1 0 1 1 0 1 0 0 1 0 0 1 1 1 0 0 1 0 1 1 1 0 1 1 0 1 1 1 1 0 0 0 1 1 1 0 0 1 1 1 1 0 1 1
50	1	1 0 0 1 1 0 1 0 1 0 0 1 0 0 0 0 1 0 0 0 1 0 1 0 0 0 0 0 1 0 1 1 1 1 1 1 1 1 1 1 0 1 0 1 0 0 0 1 0 0
50	2	1 0 0 1 1 0 0 0 1 0 0 1 0 0 0 0 1 0 0 0 1 0 1 0 0 0 0 1 1 0 1 1 1 1 1 1 1 1 1 1 0 1 0 1 0 0 0 1 0 0
50	4	1 0 0 1 1 0 1 0 1 0 0 1 0 0 0 0 1 0 0 0 1 0 1 0 0 0 0 1 1 0 1 1 1 1 1 1 1 1 1 1 0 0 0 1 0 0 0 1 0 0
50	29	1 0 0 1 1 0 1 0 1 0 0 1 0 0 0 0 1 0 0 0 1 0 1 0 0 0 0 1 1 0 1 1 1 1 1 1 1 1 1 1 0 1 0 1 0 0 0 1 0 0
50	1	1 0 0 1 1 0 1 0 1 1 1 1 0 0 0 0 1 0 0 0 1 0 1 0 0 0 0 1 1 0 1 1 1 1 1 1 1 1 1 1 0 1 0 1 0 0 0 1 0 0
50	1	1 0 0 1 1 0 1 0 1 1 0 1 0 0 0 0 1 0 0 0 1 0 1 0 0 0 0 1 1 0 1 1 1 1 1 1 1 1 1 1 0 1 0 1 0 1 0 1 0 0
50	51	1 0 0 1 1 0 1 0 1 1 0 1 0 0 0 0 1 0 0 0 1 0 1 0 0 0 0 1 1 0 1 1 1 1 1 1 1 1 1 1 0 1 0 1 0 0 0 1 0 0
50	3	1 0 0 1 1 0 0 0 1 0 0 1 0 0 0 0 1 0 0 0 1 0 1 0 0 0 0 1 1 0 1 1 0 1 1 0 1 1 1 1 0 1 0 1 0 0 0 1 0 0
50	6	1 0 0 1 1 0 1 0 1 0 0 1 0 0 0 0 1 0 0 0 1 0 1 0 0 0 0 1 1 0 1 1 1 1 1 1 1 1 1 1 0 1 0 0 0 0 0 1 0 0
50	1	1 0 0 1 1 0 0 0 1 0 0 1 0 0 0 0 1 0 0 1 1 0 1 0 0 0 0 1 1 0 1 1 1 1 1 1 1 1 1 1 0 1 0 1 0 0 0 1 0 0
60	2	1 0 0 1 1 0 1 0 1 0 0 1 0 0 0 0 1 1 0 0 1 0 1 0 0 0 0 1 1 0 1 1 1 1 1 1 1 1 1 1 0 1 0 1 0 0 0 1 0 0
60	1	1 0 0 1 1 0 1 0 1 0 0 1 0 0 0 0 1 0 0 0 1 0 1 0 0 0 0 0 1 0 1 1 1 1 1 1 1 1 1 1 0 1 0 1 0 0 0 1 0 0
60	1	1 0 0 1 1 0 1 0 1 0 0 1 0 0 0 0 1 0 0 0 1 0 1 0 0 0 0 1 1 0 1 1 1 1 1 1 1 1 1 1 0 1 0 1 0 1 0 1 0 0
60	5	1 0 0 1 1 0 1 0 1 0 0 1 0 0 0 0 1 0 0 0 1 0 1 0 0 0 0 1 1 0 1 1 1 1 1 1 1 1 1 1 0 0 0 1 0 0 0 1 0 0
60	4	1 0 0 1 1 0 1 0 1 0 0 1 0 0 0 0 1 0 0 0 1 0 1 0 0 0 0 1 1 0 1 1 1 1 1 1 1 1 1 1 0 1 0 0 0 0 0 1 0 0
60	22	1 0 0 1 1 0 1 0 1 0 0 1 0 0 0 0 1 0 0 0 1 0 1 0 0 0 0 1 1 0 1 1 1 1 1 1 1 1 1 1 0 1 0 1 0 0 0 1 0 0
60	1	1 0 0 1 1 0 1 0 1 1 1 1 0 0 0 0 1 0 0 0 1 0 1 0 0 0 0 1 1 0 1 1 1 1 1 1 1 1 1 1 0 1 1 1 0 0 0 1 0 0
60	3	1 0 0 1 1 0 1 0 1 1 1 1 0 0 0 0 1 0 0 0 1 0 1 0 0 0 0 1 1 0 1 1 1 1 1 1 1 1 1 1 0 1 0 1 0 0 0 1 0 0
60	1	1 0 0 1 1 0 1 0 1 1 0 1 0 0 0 0 1 0 0 0 1 0 1 0 0 0 0 1 1 1 1 1 1 1 1 1 1 1 1 1 0 1 0 1 0 0 0 1 0 0
60	2	1 0 0 1 1 0 1 0 1 1 0 1 0 0 0 0 1 0 0 0 1 0 1 0 0 0 0 1 1 0 1 1 1 1 1 1 1 1 1 1 0 1 0 0 0 0 0 1 0 0
60	1	1 0 0 1 1 0 1 0 1 1 0 1 0 0 0 0 0 0 0 0 1 0 1 0 0 0 0 1 1 0 1 1 1 1 1 1 1 1 1 1 0 1 0 1 0 0 0 1 0 0
60	55	1 0 0 1 1 0 1 0 1 1 0 1 0 0 0 0 1 0 0 0 1 0 1 0 0 0 0 1 1 0 1 1 1 1 1 1 1 1 1 1 0 1 0 1 0 0 0 1 0 0
60	2	1 0 0 1 1 0 0 0 1 0 0 1 0 0 0 0 1 0 0 1 1 0 1 0 0 0 0 1 1 0 1 1 1 1 1 1 1 1 1 1 0 1 0 1 0 0 0 1 0 0
70	3	1 0 0 1 1 0 1 0 1 0 0 1 0 0 0 0 1 0 0 0 1 0 1 0 0 0 0 1 1 0 1 1 1 1 1 1 1 1 1 1 0 0 0 1 0 0 0 1 0 0
70	2	1 0 0 1 1 0 1 0 1 0 0 1 0 0 0 0 1 0 0 0 1 0 1 0 0 0 0 1 1 0 1 1 1 1 1 1 1 1 1 1 0 1 0 0 0 0 0 1 0 0
70	2	1 0 0 1 1 0 1 0 1 0 0 1 0 0 0 0 1 0 0 0 1 0 1 0 0 0 0 1 1 0 1 1 1 1 1 1 1 1 1 0 0 1 0 1 0 0 0 1 0 0
70	5	1 0 0 1 1 0 1 0 1 0 0 1 0 0 0 0 1 0 0 0 1 0 1 0 0 0 0 1 1 0 1 1 1 1 1 1 1 1 1 1 0 1 0 1 0 0 0 1 0 0
70	2	1 0 0 1 1 0 1 0 1 1 1 1 0 0 0 0 1 0 0 0 1 0 1 0 0 0 0 1 1 0 1 1 1 1 1 1 1 1 1 1 0 1 0 1 0 0 0 1 0 0
70	3	1 0 0 1 1 0 0 0 1 1 0 1 0 0 0 0 1 0 0 0 1 0 1 0 0 0 0 1 1 0 1 1 1 1 1 1 1 1 1 1 0 1 0 1 0 0 0 1 0 0
70	2	1 0 0 1 1 0 1 0 1 1 0 1 0 0 0 0 1 0 0 0 1 0 1 0 0 0 1 1 1 0 1 1 1 1 1 1 1 1 1 1 0 1 0 1 0 0 0 1 0 0
70	2	1 0 0 1 1 0 1 0 1 1 0 1 0 0 0 0 1 0 0 0 1 0 1 0 0 0 0 1 0 0 1 1 1 1 1 1 1 1 1 1 0 1 0 1 0 0 0 1 0 0
70	1	1 0 0 1 1 0 1 0 1 1 0 1 0 0 0 0 1 0 0 0 1 0 0 0 0 0 0 1 1 0 1 1 1 1 1 1 1 1 1 1 0 1 0 1 0 0 0 1 0 0
70	2	1 0 0 1 1 0 1 0 1 1 0 1 0 0 0 0 1 0 0 0 1 0 1 0 0 0 0 1 1 0 1 1 1 1 1 1 0 1 1 1 0 1 0 1 1 0 0 1 0 0
70	1	1 0 0 1 1 0 1 0 1 1 0 1 0 0 0 0 1 0 0 0 1 0 1 0 0 0 0 1 1 0 1 1 1 1 1 1 0 1 1 1 0 1 0 1 0 0 0 1 0 0
70	2	1 0 0 1 1 0 1 0 1 1 0 1 0 0 0 0 1 0 0 0 1 0 1 0 0 0 0 1 1 0 1 1 1 1 0 1 1 1 1 1 0 1 0 1 0 0 0 1 0 0
70	1	1 0 0 1 1 0 1 0 0 1 0 1 0 0 0 0 1 0 0 0 1 0 1 0 0 0 0 1 1 0 1 1 1 1 1 1 1 1 1 1 0 1 0 1 0 0 0 1 0 0
70	1	1 0 0 1 1 0 1 0 1 1 0 1 0 0 0 0 1 0 0 1 1 0 1 0 0 0 0 1 1 0 1 1 1 1 1 1 1 1 1 1 0 1 0 1 0 0 0 1 0 0
70	71	1 0 0 1 1 0 1 0 1 1 0 1 0 0 0 0 1 0 0 0 1 0 1 0 0 0 0 1 1 0 1 1 1 1 1 1 1 1 1 1 0 1 0 1 0 0 0 1 0 0
80	2	1 0 0 1 1 0 1 0 1 0 0 1 0 0 0 0 1 0 0 0 1 0 1 0 0 0 0 1 1 0 1 1 1 1 1 1 1 1 1 1 0 0 0 1 0 0 0 1 0 0
80	1	1 0 0 1 1 0 1 0 1 0 0 1 0 0 0 0 1 0 0 0 1 0 1 0 0 0 0 1 1 0 1 1 1 1 1 1 1 1 1 1 0 1 0 1 0 0 0 1 0 0
80	1	1 0 0 1 1 0 1 0 1 1 0 1 0 0 0 0 1 0 0 0 1 0 1 0 0 0 0 1 1 0 1 1 1 1 1 1 1 1 1 1 0 1 0 1 0 0 1 1 0 0
80	6	1 0 0 1 1 0 1 0 1 1 0 1 0 0 0 0 1 0 0 0 1 0 1 0 0 0 0 1 1 1 1 1 1 1 1 1 1 1 1 1 0 1 0 1 0 0 0 1 0 0
80	1	1 0 0 1 1 0 0 0 1 1 0 1 0 0 0 0 1 0 0 0 1 0 1 0 0 0 0 1 1 0 1 1 1 1 1 1 1 1 1 1 0 1 0 1 0 0 0 1 0 0
80	1	1 0 0 1 1 0 1 0 1 1 0 1 0 0 0 0 1 0 0 0 1 0 1 0 0 1 0 1 1 0 1 1 1 1 1 1 1 1 1 1 0 1 0 1 0 0 0 1 0 0
80	1	1 0 0 1 1 0 1 0 1 1 0 1 0 0 0 0 1 0 0 0 1 0 1 0 0 0 1 1 1 0 1 1 1 1 1 1 1 1 1 1 0 1 0 1 0 0 0 1 0 0
80	1	1 0 0 1 1 0 1 0 1 1 0 1 0 0 0 0 1 0 0 0 1 0 1 0 0 0 0 1 1 0 1 1 1 1 1 1 0 1 1 1 0 1 0 1 1 0 0 1 0 0
80	3	1 0 0 1 1 0 1 0 1 1 0 1 0 0 0 0 1 0 0 0 1 0 1 0 0 0 0 1 1 0 1 1 1 1 1 1 0 1 1 1 0 1 0 1 0 0 0 1 0 0
80	1	1 0 0 1 1 0 1 0 1 1 0 1 0 0 0 0 0 0 0 0 1 0 1 0 0 0 0 1 1 0 1 1 1 1 1 1 1 1 1 1 0 1 0 1 0 0 0 1 0 0
80	1	1 0 0 1 1 0 1 0 1 1 0 1 0 0 1 0 1 0 0 0 1 0 1 0 0 0 0 1 1 0 1 1 1 1 1 1 1 1 1 1 0 1 0 1 0 0 0 1 0 0
80	1	1 0 0 1 1 0 1 0 1 1 0 1 0 1 0 0 1 0 0 0 1 0 1 0 0 0 0 1 1 0 1 1 1 1 1 1 1 1 1 1 0 1 0 1 0 0 0 1 0 0
80	1	1 0 0 1 1 0 1 0 1 1 0 1 0 0 0 0 1 0 0 0 1 0 1 0 0 0 0 1 1 0 1 1 1 1 1 1 1 1 1 1 1 1 0 1 0 0 0 1 0 0
80	79	1 0 0 1 1 0 1 0 1 1 0 1 0 0 0 0 1 0 0 0 1 0 1 0 0 0 0 1 1 0 1 1 1 1 1 1 1 1 1 1 0 1 0 1 0 0 0 1 0 0
90	1	1 0 0 1 1 0 1 0 1 0 0 0 0 0 0 0 1 0 0 0 1 0 1 0 0 0 0 1 1 0 1 1 1 1 1 1 1 1 1 1 0 0 0 1 0 0 0 1 0 0
90	2	1 0 0 1 1 0 1 0 1 0 0 1 0 0 0 0 1 0 0 0 1 0 1 0 0 0 0 1 1 0 1 1 1 1 1 1 1 1 1 1 0 0 0 1 0 0 0 1 0 0
90	1	1 0 0 1 1 0 1 0 1 0 0 1 0 0 0 0 1 0 0 0 1 0 1 0 0 0 0 1 1 0 1 1 1 1 1 1 1 1 1 1 0 1 0 1 0 0 0 1 0 0
90	1	1 0 0 1 1 0 1 0 1 1 1 1 0 0 0 0 1 0 0 0 1 0 1 0 0 0 0 1 1 0 1 1 1 1 1 1 1 1 1 1 0 1 0 1 0 0 0 1 0 0
90	1	1 0 0 1 1 0 1 0 1 1 0 1 0 0 0 0 1 0 0 0 1 0 1 0 0 1 0 1 1 0 1 1 1 1 1 1 1 1 1 1 0 1 0 1 0 0 0 1 0 0
90	1	1 0 0 1 1 0 1 0 1 1 0 1 0 0 0 0 1 0 0 0 1 0 1 0 0 0 0 1 0 0 1 1 1 1 1 1 1 1 1 1 0 1 0 1 0 0 0 1 0 0
90	1	1 0 0 1 1 0 1 0 1 1 0 1 0 0 0 0 1 0 0 0 1 0 0 0 0 0 0 1 1 0 1 1 1 1 1 1 1 1 1 1 0 1 0 1 0 0 0 1 0 0
90	6	1 0 0 1 1 0 1 0 1 1 0 1 1 0 0 0 1 0 0 0 1 0 1 0 0 0 0 1 1 0 1 1 1 1 1 1 1 1 1 1 0 1 0 1 0 0 0 1 0 0
90	2	1 0 0 1 1 0 1 0 1 1 0 1 0 0 0 0 1 0 0 0 1 0 1 1 0 0 0 1 1 0 1 1 1 1 1 1 1 1 1 1 0 1 0 1 0 0 0 1 0 0
90	5	1 0 0 1 1 0 1 0 1 1 0 1 0 1 0 0 1 0 0 0 1 0 1 0 0 0 0 1 1 0 1 1 1 1 1 1 1 1 1 1 0 1 0 1 0 0 0 1 0 0
90	1	1 0 0 1 1 0 1 0 1 1 0 1 0 0 0 0 1 0 0 0 1 0 1 0 0 0 0 1 1 0 1 1 1 0 1 1 1 1 1 1 0 1 0 1 0 0 0 1 0 0
90	1	1 0 0 1 1 0 1 0 1 1 0 1 0 0 0 0 1 0 0 0 1 0 1 0 0 0 0 1 1 0 1 1 1 1 1 1 1 1 1 1 0 1 0 1 0 0 0 1 1 0
90	2	1 0 0 1 1 0 1 0 1 1 0 1 0 0 0 0 1 0 0 0 1 0 1 0 0 0 0 1 1 0 1 1 1 1 1 1 1 1 0 1 0 1 0 1 0 0 0 1 0 0
90	1	1 0 0 1 1 0 1 0 1 1 0 1 0 0 0 0 1 0 0 0 0 0 1 0 0 0 0 1 1 0 1 1 1 1 1 1 1 1 1 1 0 1 0 1 0 0 0 1 0 0
90	1	1 0 0 1 1 0 1 0 1 1 0 1 0 0 0 0 1 0 0 0 1 0 1 0 0 0 0 1 1 0 1 0 1 1 1 1 1 1 1 1 0 1 0 1 0 0 0 1 0 0
90	1	1 0 0 1 1 0 1 0 1 1 0 1 0 0 0 0 1 0 0 0 1 0 1 0 0 0 0 1 1 0 1 1 1 1 1 1 1 1 1 1 0 1 0 1 0 0 0 0 0 0
90	72	1 0 0 1 1 0 1 0 1 1 0 1 0 0 0 0 1 0 0 0 1 0 1 0 0 0 0 1 1 0 1 1 1 1 1 1 1 1 1 1 0 1 0 1 0 0 0 1 0 0
100	1	1 0 0 1 1 0 1 0 1 0 0 1 0 0 0 0 1 0 0 0 1 0 1 0 0 0 0 1 1 0 1 1 1 1 1 1 1 1 1 1 0 0 0 1 0 0 0 1 0 0
100	1	1 0 1 1 1 0 1 0 1 1 0 1 0 0 0 0 1 0 0 0 1 0 1 0 0 1 0 1 1 0 1 1 1 1 1 1 1 1 1 1 0 1 0 1 0 0 0 1 0 0
100	2	1 0 0 1 1 0 1 0 1 1 0 1 0 0 0 0 1 0 0 0 1 0 1 0 0 1 0 1 1 0 1 1 1 1 1 1 1 1 1 1 0 1 0 1 0 0 0 1 0 0
100	1	1 0 0 1 1 0 1 0 1 1 0 1 0 0 0 0 1 0 0 0 1 0 1 0 0 0 0 1 0 0 1 1 1 1 1 1 1 1 1 1 0 1 0 1 0 0 0 1 0 0
100	1	1 0 0 1 1 0 1 0 1 1 0 1 0 0 0 0 1 0 0 0 1 0 0 0 0 0 0 1 1 0 1 1 1 1 1 1 1 1 1 1 0 1 0 1 0 0 0 1 0 0
100	6	1 0 0 1 1 0 1 0 1 1 0 1 0 0 0 0 1 0 0 0 1 0 1 0 0 0 0 1 1 0 1 1 1 1 1 1 0 1 1 1 0 1 0 1 0 0 0 1 0 0
100	2	1 0 0 1 1 0 1 0 1 1 0 1 1 0 0 0 1 0 0 0 1 0 1 0 0 0 0 1 1 0 1 1 1 1 1 1 1 1 1 1 0 1 0 1 0 0 0 1 0 0
100	5	1 0 0 1 1 0 1 0 1 1 0 1 0 0 0 0 1 0 0 0 1 0 1 1 0 0 0 1 1 0 1 1 1 1 1 1 1 1 1 1 0 1 0 1 0 0 0 1 0 0
100	4	1 1 0 1 1 0 1 0 1 1 0 1 0 0 0 0 1 0 0 0 1 0 1 0 0 0 0 1 1 0 1 1 1 1 1 1 1 1 1 1 0 1 0 1 0 0 0 1 0 0
100	3	1 0 0 1 1 0 1 0 1 1 0 1 0 1 0 0 1 0 0 0 1 0 1 0 0 0 0 1 1 0 1 1 1 1 1 1 1 1 1 1 0 1 0 1 0 0 0 1 0 0
100	1	1 0 0 1 1 0 1 0 1 1 0 1 0 0 0 0 1 0 0 0 1 0 1 0 0 0 0 1 1 0 1 1 1 1 1 1 1 1 0 1 0 1 0 1 0 0 0 1 0 0
100	1	1 0 0 1 1 0 1 0 1 1 0 1 0 0 0 0 1 0 0 0 0 0 1 0 0 0 0 1 1 0 1 1 1 1 1 1 1 1 1 1 0 1 0 1 0 0 0 1 0 0
100	1	1 0 0 1 1 0 1 0 1 1 0 1 0 0 0 0 1 0 0 0 1 1 1 0 0 0 0 1 1 0 1 1 1 1 1 1 1 1 1 1 0 1 0 1 0 0 0 1 0 0
100	1	1 0 0 1 1 0 1 0 1 1 0 1 0 0 0 0 1 0 0 0 1 0 1 0 0 0 0 0 1 0 1 1 1 1 1 1 1 1 1 1 0 1 0 1 0 0 0 1 0 0
100	1	1 0 0 1 1 0 1 0 1 1 0 1 0 0 0 0 1 0 0 1 1 0 1 0 0 0 0 1 1 0 1 1 1 1 1 1 1 1 1 1 0 1 0 1 0 0 0 1 0 0
100	2	1 0 0 1 1 0 1 0 1 1 1 1 0 0 0 0 1 0 0 0 1 0 1 0 0 0 0 1 1 0 1 1 1 1 1 1 1 1 1 1 0 1 0 1 0 0 0 1 0 0
100	1	0 0 0 1 1 0 1 0 1 1 0 1 0 0 0 0 1 0 0 0 1 0 1 0 0 0 0 1 1 0 1 1 1 1 1 1 1 1 1 1 0 1 0 1 0 0 0 1 0 0
100	66	1 0 0 1 1 0 1 0 1 1 0 1 0 0 0 0 1 0 0 0 1 0 1 0 0 0 0 1 1 0 1 1 1 1 1 1 1 1 1 1 0 1 0 1 0 0 0 1 0 0
110	3	1 0 0 1 1 0 1 0 1 0 0 1 0 0 0 0 1 0 0 0 1 0 1 0 0 0 0 1 1 0 1 1 1 1 1 1 1 1 1 1 0 0 0 1 0 0 0 1 0 0
110	1	1 0 0 1 1 0 1 0 1 1 0 1 0 0 0 0 1 0 0 0 1 0 1 0 0 1 0 1 0 0 1 1 1 1 1 1 1 1 1 1 0 1 0 1 0 0 0 1 0 0
110	2	1 0 1 1 1 0 1 0 1 1 0 1 0 0 0 0 1 0 0 0 1 0 1 0 0 1 0 1 1 0 1 1 1 1 1 1 1 1 1 1 0 1 0 1 0 0 0 1 0 0
110	7	1 0 0 1 1 0 1 0 1 1 0 1 0 0 0 0 1 0 0 0 1 0 1 0 0 1 0 1 1 0 1 1 1 1 1 1 1 1 1 1 0 1 0 1 0 0 0 1 0 0
110	1	1 0 0 1 1 0 1 0 1 1 0 1 0 0 0 0 1 0 0 0 1 0 1 0 0 0 0 1 0 0 1 1 1 1 1 1 1 1 1 1 0 1 0 1 0 0 0 1 0 0
110	1	1 0 0 1 1 0 1 0 1 1 0 1 0 0 0 0 1 0 0 0 1 0 0 0 0 0 0 1 1 0 1 1 1 1 1 1 1 1 1 1 0 1 0 1 0 0 0 1 0 0
110	5	1 0 0 1 1 0 1 0 1 1 0 1 0 0 0 0 1 0 0 0 1 0 1 0 0 0 0 1 1 0 1 1 1 1 1 1 0 1 1 1 0 1 0 1 0 0 0 1 0 0
110	2	1 0 0 1 1 0 1 0 1 1 0 1 1 0 0 0 1 0 0 0 1 0 1 0 0 0 0 1 1 0 1 1 1 1 1 1 1 1 1 1 0 1 0 1 0 0 0 1 0 0
110	2	1 0 0 1 1 0 1 0 1 1 0 1 0 0 0 0 1 0 0 0 1 1 1 0 0 0 0 1 1 0 1 1 1 1 1 1 1 1 1 1 0 1 0 1 0 0 0 1 0 0
110	1	1 0 0 1 1 0 1 0 1 1 0 1 0 0 0 0 1 0 0 0 1 0 1 0 0 0 0 1 1 0 1 1 1 1 1 1 1 1 1 1 0 1 0 1 1 0 0 1 0 0
110	4	1 0 0 1 1 1 1 0 1 1 0 1 0 0 0 0 1 0 0 0 1 0 1 0 0 0 0 1 1 0 1 1 1 1 1 1 1 1 1 1 0 1 0 1 0 0 0 1 0 0
110	1	1 0 0 1 1 0 1 0 1 1 0 1 0 0 0 0 1 0 0 0 1 0 1 0 0 0 0 1 1 0 1 0 1 1 1 1 1 1 1 1 0 1 0 1 0 0 0 1 0 0
110	44	1 0 0 1 1 0 1 0 1 1 0 1 0 0 0 0 1 0 0 0 1 0 1 0 0 0 0 1 1 0 1 1 1 1 1 1 1 1 1 1 0 1 0 1 0 0 0 1 0 0
110	2	1 1 0 1 1 0 1 0 1 1 0 1 0 0 0 0 1 0 0 0 1 0 1 0 0 0 0 1 1 0 1 1 1 1 1 1 1 1 1 1 0 1 0 1 0 0 0 1 0 0
110	2	1 0 0 1 1 1 1 0 1 1 0 0 0 0 0 0 1 0 0 0 1 0 1 0 0 0 0 1 1 0 1 1 1 1 1 1 1 1 1 1 0 1 0 1 0 0 0 1 0 0
110	5	1 0 0 1 1 0 1 0 1 1 0 1 0 1 0 0 1 0 0 0 1 0 1 0 0 0 0 1 1 0 1 1 1 1 1 1 1 1 1 1 0 1 0 1 0 0 0 1 0 0
110	2	1 0 0 1 1 0 1 0 1 1 0 1 0 0 0 0 1 0 0 0 1 0 1 0 0 0 0 1 1 0 1 1 1 1 1 1 1 1 1 1 0 1 0 1 0 0 0 0 0 0
110	3	1 0 0 1 1 0 1 0 1 1 0 1 0 0 0 0 1 0 0 0 1 0 1 0 0 0 0 1 1 0 1 1 1 1 1 0 1 1 1 1 0 1 0 1 0 0 0 1 0 0
110	6	1 0 0 1 1 0 1 0 1 1 0 1 0 0 0 0 1 0 0 1 1 0 1 0 0 0 0 1 1 0 1 1 1 1 1 1 1 1 1 1 0 1 0 1 0 0 0 1 0 0
110	4	1 0 0 1 1 0 1 0 1 1 1 1 0 0 0 0 1 0 0 0 1 0 1 0 0 0 0 1 1 0 1 1 1 1 1 1 1 1 1 1 0 1 0 1 0 0 0 1 0 0
110	1	1 0 0 0 1 0 1 0 1 1 0 1 0 0 0 0 1 0 0 0 1 0 1 0 0 0 0 1 1 0 1 1 1 1 1 1 1 1 1 1 0 1 0 1 0 0 0 1 0 0
110	1	1 0 0 1 1 0 1 0 1 1 0 1 0 0 0 0 1 0 0 0 1 0 1 0 0 0 0 1 1 0 1 1 1 1 1 1 1 1 1 1 1 1 0 1 0 0 0 1 0 0
120	1	1 0 0 1 1 0 1 0 1 0 0 1 0 0 0 0 1 0 0 0 1 0 1 0 0 0 0 1 1 0 1 1 1 1 1 1 1 1 1 1 0 0 0 1 0 0 0 1 0 0
120	1	1 0 1 1 1 0 1 0 1 1 0 1 0 0 0 0 1 0 0 0 1 0 1 0 0 1 0 1 1 0 1 1 1 1 1 1 1 1 1 1 0 1 0 1 0 0 0 1 0 0
120	1	1 0 0 1 1 0 1 0 1 1 0 1 0 0 0 0 1 0 0 0 1 0 1 0 0 1 0 1 1 0 1 1 1 1 1 1 1 1 1 1 0 1 0 1 0 0 0 1 0 0
120	8	1 0 0 1 1 0 1 0 1 1 0 1 0 0 0 0 1 0 0 0 1 0 1 0 0 0 0 1 1 0 1 1 1 1 1 1 0 1 1 1 0 1 0 1 0 0 0 1 0 0
120	1	1 0 0 1 1 0 1 0 1 1 0 1 1 0 0 0 1 0 0 0 1 0 1 0 0 1 0 1 1 0 1 1 1 1 1 1 1 1 1 1 0 1 0 1 0 0 0 1 0 0
120	1	1 0 0 1 1 0 1 0 1 1 0 1 1 0 0 0 1 0 0 0 1 0 1 0 0 0 0 1 1 0 1 1 1 1 1 1 1 1 1 1 0 1 0 1 0 0 0 1 0 0
120	1	1 0 0 1 1 0 1 0 1 1 0 1 0 0 0 0 1 0 0 0 1 1 1 0 0 0 0 1 1 0 1 1 1 1 1 1 1 1 1 1 0 1 0 1 0 0 0 1 0 0
120	2	1 1 0 1 1 1 1 0 1 1 0 1 0 0 0 0 1 0 0 0 1 0 1 0 0 0 0 1 1 0 1 1 1 1 1 1 1 1 1 1 0 1 0 1 0 0 0 1 0 0
120	1	1 0 0 1 1 1 1 0 1 1 0 1 0 0 0 0 1 0 0 0 1 0 1 0 0 0 0 1 1 0 1 1 1 1 1 1 1 1 1 1 0 1 0 1 0 0 0 1 0 0
120	2	1 0 0 1 1 0 1 0 1 1 0 1 0 0 0 0 1 0 0 0 1 0 1 0 0 0 1 1 1 0 1 1 1 1 1 1 1 1 1 1 0 1 0 1 0 0 0 1 0 0
120	1	1 0 0 1 1 1 1 0 1 1 0 1 0 1 0 0 1 0 0 0 1 0 1 0 0 0 0 1 1 0 1 1 1 1 1 1 1 1 1 1 0 1 0 1 0 0 0 1 0 0
120	1	1 0 1 1 1 0 1 0 1 1 0 1 0 1 0 0 1 0 0 0 1 0 1 0 0 0 0 1 1 0 1 1 1 1 1 1 1 1 1 1 0 1 0 1 0 0 0 1 0 0
120	11	1 0 0 1 1 0 1 0 1 1 0 1 0 1 0 0 1 0 0 0 1 0 1 0 0 0 0 1 1 0 1 1 1 1 1 1 1 1 1 1 0 1 0 1 0 0 0 1 0 0
120	14	1 1 0 1 1 0 1 0 1 1 0 1 0 0 0 0 1 0 0 0 1 0 1 0 0 0 0 1 1 0 1 1 1 1 1 1 1 1 1 1 0 1 0 1 0 0 0 1 0 0
120	2	1 0 0 1 1 0 1 0 1 1 0 1 0 0 0 0 1 0 0 0 1 0 1 0 0 0 0 1 1 0 1 1 1 1 1 1 1 1 1 1 0 1 0 1 0 0 0 0 0 0
120	40	1 0 0 1 1 0 1 0 1 1 0 1 0 0 0 0 1 0 0 0 1 0 1 0 0 0 0 1 1 0 1 1 1 1 1 1 1 1 1 1 0 1 0 1 0 0 0 1 0 0
120	1	1 0 0 1 1 0 1 0 1 1 0 1 0 0 0 0 1 0 0 0 1 0 1 1 0 0 0 1 1 0 1 1 1 1 1 1 1 1 1 1 0 1 0 1 0 0 0 1 0 0
120	2	1 0 0 1 1 1 1 0 1 1 0 0 0 0 0 0 1 0 0 0 1 0 1 0 0 0 0 1 1 0 1 1 1 1 1 1 1 1 1 1 0 1 0 1 0 0 0 1 0 0
120	1	1 0 0 1 1 0 1 0 1 1 0 1 0 0 0 0 1 0 0 1 1 0 1 0 0 0 0 1 1 0 1 1 1 1 1 1 1 1 1 1 0 1 0 1 0 0 0 0 0 0
120	4	1 0 0 1 1 0 1 0 1 1 0 1 0 0 0 0 1 0 0 1 1 0 1 0 0 0 0 1 1 0 1 1 1 1 1 1 1 1 1 1 0 1 0 1 0 0 0 1 0 0
120	4	1 0 0 1 1 0 1 0 1 1 1 1 0 0 0 0 1 0 0 0 1 0 1 0 0 0 0 1 1 0 1 1 1 1 1 1 1 1 1 1 0 1 0 1 0 0 0 1 0 0
130	2	1 0 1 1 1 0 1 0 1 1 0 1 0 0 0 0 1 0 0 0 1 0 1 0 0 1 0 1 1 0 1 1 1 1 1 1 1 1 1 1 0 1 0 1 0 0 0 1 0 0
130	8	1 0 0 1 1 0 1 0 1 1 0 1 0 0 0 0 1 0 0 0 1 0 1 0 0 0 0 1 1 0 1 1 1 1 1 1 0 1 1 1 0 1 0 1 0 0 0 1 0 0
130	4	1 0 0 1 1 0 1 0 1 1 0 1 1 0 0 0 1 0 0 0 1 0 1 0 0 0 0 1 1 0 1 1 1 1 1 1 1 1 1 1 0 1 0 1 0 0 0 1 0 0
130	1	1 0 0 1 1 0 1 0 1 1 0 1 0 0 0 0 1 0 0 0 1 0 1 0 0 0 0 1 1 0 1 1 1 1 1 1 1 1 0 1 0 1 0 1 0 0 0 1 0 0
130	1	1 0 0 1 1 0 1 0 1 1 0 1 0 0 0 0 1 0 0 0 1 0 1 0 0 0 0 1 1 0 1 1 1 1 1 1 1 1 1 1 0 1 0 1 1 0 0 1 0 0
130	3	1 1 0 1 1 1 1 0 1 1 0 1 0 0 0 0 1 0 0 0 1 0 1 0 0 0 0 1 1 0 1 1 1 1 1 1 1 1 1 1 0 1 0 1 0 0 0 1 0 0
130	4	1 0 0 1 1 1 1 0 1 1 0 1 0 0 0 0 1 0 0 0 1 0 1 0 0 0 0 1 1 0 1 1 1 1 1 1 1 1 1 1 0 1 0 1 0 0 0 1 0 0
130	1	1 0 0 1 1 0 1 0 1 1 0 1 0 0 0 0 1 0 0 0 1 0 1 0 0 0 0 1 1 0 0 1 1 1 1 1 1 1 1 1 0 1 0 1 0 0 0 1 0 0
130	1	1 0 0 1 1 0 1 0 1 1 0 1 0 0 0 0 1 0 0 0 1 0 1 0 0 0 1 1 1 0 1 1 1 1 1 1 1 1 1 1 0 1 0 1 0 0 0 1 0 0
130	1	1 0 0 1 1 1 1 0 1 1 0 1 0 1 0 0 1 0 0 0 1 0 1 0 0 0 0 1 1 0 1 1 1 1 1 1 1 1 1 1 0 1 0 1 0 0 0 1 0 0
130	4	1 0 0 1 1 0 1 0 1 1 0 1 0 1 0 0 1 0 0 0 1 0 1 0 0 0 0 1 1 0 1 1 1 1 1 1 1 1 1 1 0 1 0 1 0 0 0 1 0 0
130	15	1 1 0 1 1 0 1 0 1 1 0 1 0 0 0 0 1 0 0 0 1 0 1 0 0 0 0 1 1 0 1 1 1 1 1 1 1 1 1 1 0 1 0 1 0 0 0 1 0 0
130	4	1 0 0 1 1 0 1 0 1 1 0 1 0 0 0 0 1 0 0 0 1 0 1 0 0 0 0 1 1 0 1 1 1 1 1 1 1 1 1 1 0 1 0 1 0 0 0 0 0 0
130	1	1 0 0 1 1 0 1 0 1 1 1 1 0 0 0 0 1 0 0 0 1 0 1 0 0 0 0 1 1 0 1 1 1 1 1 1 1 1 1 1 0 1 0 1 0 0 0 1 0 0
130	2	1 0 0 1 1 0 1 0 1 1 0 1 0 0 0 0 1 0 0 0 1 0 1 0 0 0 0 1 1 0 1 1 1 1 0 1 1 1 1 1 0 1 0 1 0 0 0 1 0 0
130	34	1 0 0 1 1 0 1 0 1 1 0 1 0 0 0 0 1 0 0 0 1 0 1 0 0 0 0 1 1 0 1 1 1 1 1 1 1 1 1 1 0 1 0 1 0 0 0 1 0 0
130	1	1 0 0 1 1 0 1 0 1 1 0 1 0 0 0 0 1 0 0 0 1 0 1 1 0 0 0 1 1 0 1 1 1 1 1 1 1 1 1 1 0 1 0 1 0 0 0 1 0 0
130	1	1 1 0 1 1 0 1 0 1 1 0 1 0 0 0 0 1 0 0 0 1 0 1 0 0 0 1 0 1 0 1 1 1 1 1 1 1 1 1 1 0 1 0 1 0 0 0 1 0 0
130	8	1 0 0 1 1 1 1 0 1 1 0 0 0 0 0 0 1 0 0 0 1 0 1 0 0 0 0 1 1 0 1 1 1 1 1 1 1 1 1 1 0 1 0 1 0 0 0 1 0 0
130	1	1 0 0 1 1 0 1 0 1 1 0 1 0 0 0 0 1 0 0 1 1 0 1 0 0 0 0 1 1 0 1 1 1 1 1 1 1 1 1 1 0 1 0 1 0 0 0 0 0 0
130	2	1 0 0 1 1 0 1 0 1 1 0 1 0 0 0 0 1 0 0 1 1 0 1 0 0 0 0 1 1 0 1 1 1 1 1 1 1 1 1 1 0 1 0 1 0 0 0 1 0 0
130	1	1 0 0 1 1 0 1 0 1 1 1 1 0 0 0 0 1 0 0 0 1 0 1 0 1 0 0 1 1 0 1 1 1 1 1 1 1 1 1 1 0 1 0 1 0 0 0 1 0 0
140	1	1 0 1 1 1 0 1 0 1 1 0 1 0 0 0 0 1 0 0 0 1 0 1 0 0 1 0 1 1 0 1 1 1 1 1 1 1 1 1 1 0 1 0 1 0 0 0 1 0 0
140	3	1 0 0 1 1 0 1 0 1 1 0 1 0 0 0 0 1 0 0 0 1 0 1 0 0 0 0 1 1 0 1 1 1 1 1 1 0 1 1 1 0 1 0 1 0 0 0 1 0 0
140	9	1 0 0 1 1 0 1 0 1 1 0 1 1 0 0 0 1 0 0 0 1 0 1 0 0 0 0 1 1 0 1 1 1 1 1 1 1 1 1 1 0 1 0 1 0 0 0 1 0 0
140	1	1 0 0 1 1 0 1 0 1 1 0 1 0 0 0 0 1 0 0 0 1 0 1 0 0 0 0 1 1 0 1 1 1 1 1 1 1 1 1 1 0 1 0 1 1 0 0 1 0 0
140	1	1 1 0 1 1 1 1 0 1 1 0 1 0 0 0 0 1 0 0 0 1 0 1 0 0 0 0 1 1 0 1 1 1 1 1 1 1 1 1 1 0 1 0 1 0 0 0 1 0 0
140	4	1 0 0 1 1 1 1 0 1 1 0 1 0 0 0 0 1 0 0 0 1 0 1 0 0 0 0 1 1 0 1 1 1 1 1 1 1 1 1 1 0 1 0 1 0 0 0 1 0 0
140	1	1 0 0 1 1 0 1 0 1 1 0 1 0 0 0 0 1 0 0 0 1 0 1 0 0 0 0 1 1 0 0 1 1 1 1 1 1 1 1 1 0 1 0 1 0 0 0 1 0 0
140	3	1 0 0 1 1 0 1 0 1 1 0 1 0 1 0 0 1 0 0 0 1 0 1 0 0 0 0 1 1 0 1 1 1 1 1 1 1 1 1 1 0 1 0 1 0 0 0 1 0 0
140	1	1 1 0 1 1 0 1 0 1 1 0 1 0 0 0 0 1 0 0 0 1 0 1 0 0 0 0 1 0 0 1 1 1 1 1 1 1 1 1 1 0 1 0 1 0 0 0 1 0 0
140	14	1 1 0 1 1 0 1 0 1 1 0 1 0 0 0 0 1 0 0 0 1 0 1 0 0 0 0 1 1 0 1 1 1 1 1 1 1 1 1 1 0 1 0 1 0 0 0 1 0 0
140	8	1 0 0 1 1 0 1 0 1 1 0 1 0 0 0 0 1 0 0 0 1 0 1 0 0 0 0 1 1 0 1 1 1 1 1 1 1 1 1 1 0 1 0 1 0 0 0 0 0 0
140	27	1 0 0 1 1 0 1 0 1 1 0 1 0 0 0 0 1 0 0 0 1 0 1 0 0 0 0 1 1 0 1 1 1 1 1 1 1 1 1 1 0 1 0 1 0 0 0 1 0 0
140	3	1 0 0 1 1 0 1 0 1 1 1 1 0 0 0 0 1 0 0 0 1 0 1 0 0 0 0 1 1 0 1 1 1 1 1 1 1 1 1 1 0 1 0 1 0 0 0 1 0 0
140	1	1 0 0 1 1 0 1 0 1 1 0 1 0 0 0 0 1 0 0 1 1 0 1 0 0 0 0 1 1 0 1 1 0 1 1 1 1 1 1 1 0 1 0 1 0 0 0 1 0 0
140	3	1 0 0 1 1 0 1 0 1 1 0 1 0 0 0 0 1 0 0 1 1 0 1 0 0 0 0 1 1 0 1 1 1 1 1 1 1 1 1 1 0 1 0 1 0 0 0 1 0 0
140	2	1 0 0 1 1 0 1 0 1 1 0 1 0 0 0 0 1 0 0 0 1 0 1 0 0 0 0 1 1 0 1 1 1 1 1 1 1 0 1 1 0 1 0 1 0 0 0 1 0 0
140	2	1 0 0 1 1 1 1 0 1 1 0 0 0 0 0 1 1 0 0 0 1 0 1 0 0 0 0 1 1 0 1 1 1 1 1 1 1 1 1 1 0 1 0 1 0 0 0 1 0 0
140	1	1 0 0 1 1 1 1 0 1 1 0 0 0 0 0 0 1 0 0 0 1 0 1 0 0 0 0 1 1 1 1 1 1 1 1 1 1 1 1 1 0 1 0 1 0 0 0 1 0 0
140	13	1 0 0 1 1 1 1 0 1 1 0 0 0 0 0 0 1 0 0 0 1 0 1 0 0 0 0 1 1 0 1 1 1 1 1 1 1 1 1 1 0 1 0 1 0 0 0 1 0 0
140	2	1 0 0 1 1 0 1 1 1 1 0 1 0 0 0 0 1 0 0 1 1 0 1 0 0 0 0 1 1 0 1 1 1 1 1 1 1 1 1 1 0 1 0 1 0 0 0 1 0 0
150	1	1 0 1 1 1 0 1 0 1 1 0 1 0 0 0 0 1 0 0 0 1 0 1 0 0 1 0 1 1 0 1 1 1 1 1 1 1 1 1 1 0 1 0 1 0 0 0 1 0 0
150	1	1 0 0 1 1 0 1 0 1 1 0 1 0 1 0 0 1 0 0 0 1 0 1 0 0 0 0 1 1 0 1 1 1 1 1 1 0 1 1 1 0 1 0 1 0 0 0 1 0 0
150	1	1 0 0 1 1 0 1 0 1 1 0 1 0 0 0 0 1 0 0 0 1 0 1 0 0 0 0 1 1 0 1 1 1 1 1 1 0 1 1 1 0 1 0 1 0 0 0 1 0 0
150	4	1 0 0 1 1 0 1 0 1 1 0 1 1 0 0 0 1 0 0 0 1 0 1 0 0 0 0 1 1 0 1 1 1 1 1 1 1 1 1 1 0 1 0 1 0 0 0 1 0 0
150	2	1 1 1 1 1 1 1 0 1 1 0 1 0 0 0 0 1 0 0 0 1 0 1 0 0 0 0 1 1 0 1 1 1 1 1 1 1 1 1 1 0 1 0 1 0 0 0 1 0 0
150	11	1 1 0 1 1 1 1 0 1 1 0 1 0 0 0 0 1 0 0 0 1 0 1 0 0 0 0 1 1 0 1 1 1 1 1 1 1 1 1 1 0 1 0 1 0 0 0 1 0 0
150	5	1 0 0 1 1 1 1 0 1 1 0 1 0 0 0 0 1 0 0 0 1 0 1 0 0 0 0 1 1 0 1 1 1 1 1 1 1 1 1 1 0 1 0 1 0 0 0 1 0 0
150	1	1 0 0 1 1 0 1 0 1 1 0 1 0 0 0 0 1 0 0 0 1 0 1 0 0 0 0 1 1 0 1 1 1 1 1 1 1 1 1 1 0 1 0 1 0 0 0 1 1 0
150	8	1 0 0 1 1 0 1 0 1 1 0 1 0 0 0 0 1 0 0 0 1 0 1 0 0 0 0 1 1 0 1 1 1 1 1 1 1 1 1 1 0 1 0 1 0 0 0 1 0 0
150	1	1 1 0 1 1 0 1 0 1 1 0 1 0 0 1 0 1 0 0 0 1 0 1 0 0 0 0 1 1 0 1 1 1 1 1 1 1 1 1 1 0 1 0 1 0 0 0 1 0 0
150	13	1 1 0 1 1 0 1 0 1 1 0 1 0 0 0 0 1 0 0 0 1 0 1 0 0 0 0 1 1 0 1 1 1 1 1 1 1 1 1 1 0 1 0 1 0 0 0 1 0 0
150	16	1 0 0 1 1 0 1 0 1 1 0 1 0 0 0 0 1 0 0 0 1 0 1 0 0 0 0 1 1 0 1 1 1 1 1 1 1 1 1 1 0 1 0 1 0 0 0 0 0 0
150	1	1 0 0 1 1 0 1 0 1 1 1 1 0 0 0 0 1 0 0 0 1 0 1 0 0 0 0 1 1 0 1 1 1 1 1 1 1 1 1 1 1 1 0 1 0 0 0 1 0 0
150	1	1 0 0 1 1 0 1 0 1 1 1 1 0 0 0 0 1 0 0 0 1 0 1 0 0 0 0 1 1 0 1 1 1 1 1 1 1 1 1 1 0 1 0 1 0 0 0 1 0 0
150	5	1 0 0 1 1 0 1 0 1 1 0 1 0 0 0 0 1 0 0 0 1 0 1 0 0 0 0 1 1 0 1 1 1 1 0 1 1 1 1 1 0 1 0 1 0 0 0 1 0 0
150	3	1 0 0 1 1 0 1 0 1 1 0 1 0 0 0 0 1 0 0 1 1 0 1 0 0 0 0 1 1 0 1 1 1 1 1 1 1 1 1 1 0 1 0 1 0 0 0 1 0 0
150	4	1 0 0 1 1 0 1 0 1 1 0 1 0 0 0 0 1 0 0 0 1 0 1 1 0 0 0 1 1 0 1 1 1 1 1 1 1 1 1 1 0 1 0 1 0 0 0 1 0 0
150	1	1 1 0 1 1 0 1 0 1 1 0 1 0 0 0 0 1 0 0 0 1 0 1 0 0 0 0 0 1 0 1 1 1 1 1 1 1 1 1 1 0 1 0 1 0 0 0 1 0 0
150	2	1 0 0 1 1 1 1 0 1 1 0 0 0 0 0 0 1 0 0 0 1 0 1 0 0 0 0 1 1 1 1 1 1 1 1 1 1 1 1 1 0 1 0 1 0 0 0 1 0 0
150	1	1 0 0 1 1 1 1 0 1 1 0 0 0 0 0 0 1 0 0 0 1 0 1 0 0 0 0 1 1 0 1 1 1 1 0 1 1 1 1 1 0 1 0 1 0 0 0 1 0 0
150	2	1 0 0 1 1 1 1 0 1 1 0 0 0 0 0 0 1 0 0 0 1 0 1 0 0 0 0 1 1 0 0 1 1 1 1 1 1 1 1 1 0 1 0 1 0 0 0 1 0 0
150	15	1 0 0 1 1 1 1 0 1 1 0 0 0 0 0 0 1 0 0 0 1 0 1 0 0 0 0 1 1 0 1 1 1 1 1 1 1 1 1 1 0 1 0 1 0 0 0 1 0 0
150	1	1 0 0 1 1 0 1 1 1 1 0 1 0 0 0 0 1 0 0 1 1 0 1 0 0 0 0 1 1 0 1 1 1 1 1 1 1 1 1 1 0 1 0 1 0 0 0 1 0 0
160	1	1 0 1 1 1 0 1 0 1 1 0 1 0 0 0 0 1 0 0 0 1 0 1 0 0 1 0 1 1 0 1 1 1 1 1 1 1 1 1 1 0 1 0 1 0 0 0 1 0 0
160	1	1 0 0 1 1 0 1 0 1 1 0 1 1 0 0 0 1 0 0 0 1 0 1 0 0 0 0 1 1 0 1 1 1 1 1 1 1 1 1 1 0 1 0 1 0 0 0 1 0 0
160	19	1 1 0 1 1 1 1 0 1 1 0 1 0 0 0 0 1 0 0 0 1 0 1 0 0 0 0 1 1 0 1 1 1 1 1 1 1 1 1 1 0 1 0 1 0 0 0 1 0 0
160	1	1 0 0 1 1 0 1 0 1 1 0 1 0 0 0 0 1 0 0 0 1 0 1 0 0 0 0 1 1 0 1 1 1 1 1 1 1 1 1 1 0 1 0 1 0 0 0 1 0 0
160	11	1 0 0 1 1 1 1 0 1 1 0 1 0 0 0 0 1 0 0 0 1 0 1 0 0 0 0 1 1 0 1 1 1 1 1 1 1 1 1 1 0 1 0 1 0 0 0 1 0 0
160	1	1 0 0 1 1 0 1 0 1 1 0 1 0 0 0 0 1 0 0 1 1 0 1 0 0 0 0 1 1 0 1 1 1 1 1 1 1 1 1 1 0 1 0 1 0 0 0 1 0 0
160	4	1 1 0 1 1 0 1 0 1 1 0 1 0 0 0 0 1 0 0 0 1 0 1 0 0 0 0 1 1 0 1 1 1 1 1 1 1 1 1 1 0 1 0 1 0 0 0 1 0 0
160	1	1 0 0 1 1 0 1 0 1 1 0 1 0 0 0 0 1 0 0 0 1 0 1 0 0 1 0 1 1 0 1 1 1 1 1 1 1 1 1 1 0 1 0 1 0 0 0 0 0 0
160	17	1 0 0 1 1 0 1 0 1 1 0 1 0 0 0 0 1 0 0 0 1 0 1 0 0 0 0 1 1 0 1 1 1 1 1 1 1 1 1 1 0 1 0 1 0 0 0 0 0 0
160	1	1 0 0 1 1 0 1 0 1 1 1 1 0 0 0 0 1 0 0 0 1 1 1 0 0 0 0 1 1 0 1 1 1 1 1 1 1 1 1 1 0 0 0 1 0 0 0 1 0 0
160	1	1 0 0 1 1 0 1 0 1 1 1 1 0 0 0 0 1 0 0 0 1 0 1 0 0 0 0 1 1 0 1 1 1 1 1 1 1 1 1 1 0 0 0 1 0 0 0 1 0 0
160	5	1 0 0 1 1 0 1 0 1 1 1 1 0 0 0 0 1 0 0 0 1 0 1 0 0 0 0 1 1 0 1 1 1 1 1 1 1 1 1 1 0 1 0 1 0 0 0 1 0 0
160	1	1 0 0 1 1 0 1 0 1 1 0 1 0 0 0 0 1 0 0 1 1 0 1 0 0 0 0 1 1 0 1 1 0 1 1 1 1 1 1 1 0 1 0 1 0 0 0 1 0 0
160	1	1 1 0 1 1 0 1 0 1 1 0 1 0 0 0 0 1 0 0 0 1 0 1 0 0 0 0 0 1 0 1 1 1 1 1 1 1 1 1 1 0 1 0 1 0 0 0 1 0 0
160	1	1 0 0 1 1 1 1 1 1 1 0 0 0 0 0 0 1 0 0 0 1 0 1 0 0 0 0 1 1 1 1 1 1 1 1 1 1 1 1 1 0 1 0 1 0 0 0 1 0 0
160	10	1 0 0 1 1 1 1 0 1 1 0 0 0 0 0 0 1 0 0 0 1 0 1 0 0 0 0 1 1 1 1 1 1 1 1 1 1 1 1 1 0 1 0 1 0 0 0 1 0 0
160	1	1 0 0 1 1 1 1 0 1 1 0 0 0 0 0 0 1 0 0 0 1 0 1 0 0 0 0 1 1 0 1 1 1 1 0 1 1 1 1 1 0 1 0 1 0 0 0 1 0 0
160	1	1 0 0 1 1 1 1 0 1 1 0 0 0 0 0 0 1 0 0 0 1 0 1 0 0 0 0 1 1 0 0 1 1 1 1 1 1 1 1 1 0 1 0 1 0 0 0 1 0 0
160	1	1 0 0 1 1 1 1 0 0 1 0 0 0 0 0 0 1 0 0 0 1 0 1 0 0 0 0 1 1 0 1 1 1 1 1 1 1 1 1 1 0 1 0 1 0 0 0 1 0 0
160	21	1 0 0 1 1 1 1 0 1 1 0 0 0 0 0 0 1 0 0 0 1 0 1 0 0 0 0 1 1 0 1 1 1 1 1 1 1 1 1 1 0 1 0 1 0 0 0 1 0 0
170	3	1 0 1 1 1 0 1 0 1 1 0 1 0 0 0 0 1 0 0 0 1 0 1 0 0 1 0 1 1 0 1 1 1 1 1 1 1 1 1 1 0 1 0 1 0 0 0 1 0 0
170	1	1 0 0 1 1 0 1 0 1 1 0 1 0 1 0 0 1 0 0 0 1 0 1 0 0 0 0 1 1 0 1 1 1 1 1 1 0 1 1 1 0 1 0 1 0 0 0 1 0 0
170	1	1 0 0 1 1 0 1 0 1 1 0 1 1 0 0 0 1 0 0 0 1 0 1 0 0 0 0 1 1 0 1 1 1 1 1 1 1 1 1 1 0 1 0 1 0 0 0 1 0 0
170	1	1 1 0 1 1 1 1 0 1 1 0 1 0 0 0 0 1 0 0 0 1 0 1 0 0 0 0 1 1 0 1 1 0 1 1 1 1 0 1 1 0 1 0 1 0 0 0 1 0 0
170	4	1 1 0 1 1 1 1 0 1 1 0 1 0 0 0 0 1 0 0 0 1 0 1 0 0 0 0 1 1 0 1 1 1 1 1 1 1 0 1 1 0 1 0 1 0 0 0 1 0 0
170	2	1 1 0 1 1 1 1 0 1 1 0 1 0 0 1 0 1 0 0 0 1 0 1 0 0 0 0 1 1 0 1 1 1 1 1 1 1 1 1 1 0 1 0 1 0 0 0 1 0 0
170	1	1 1 0 1 1 1 1 0 1 1 0 1 0 0 0 0 1 0 0 0 1 0 0 0 0 0 0 1 1 0 1 1 1 1 1 1 1 1 1 1 0 1 0 1 0 0 0 1 0 0
170	1	1 1 0 1 1 1 1 0 1 1 0 1 0 0 0 0 1 0 0 0 1 0 1 0 0 0 0 1 1 0 1 1 1 0 1 1 1 1 1 1 0 1 0 1 0 0 0 1 0 0
170	1	1 1 0 1 1 1 1 0 1 1 0 1 0 0 0 0 1 0 0 0 1 0 1 0 0 0 0 1 1 0 1 1 1 1 1 1 1 1 1 1 0 1 1 1 0 0 0 1 0 0
170	35	1 1 0 1 1 1 1 0 1 1 0 1 0 0 0 0 1 0 0 0 1 0 1 0 0 0 0 1 1 0 1 1 1 1 1 1 1 1 1 1 0 1 0 1 0 0 0 1 0 0
170	2	1 0 0 1 1 0 1 0 1 1 0 1 0 0 0 0 1 0 0 0 1 0 1 0 0 0 0 1 1 0 1 1 1 1 1 1 1 1 1 1 0 1 0 1 0 0 0 1 0 0
170	4	1 0 0 1 1 1 1 0 1 1 0 1 0 1 0 0 1 0 0 0 1 0 1 0 0 0 0 1 1 0 1 1 1 1 1 1 1 1 1 1 0 1 0 1 0 0 0 1 0 0
170	12	1 0 0 1 1 1 1 0 1 1 0 1 0 0 0 0 1 0 0 0 1 0 1 0 0 0 0 1 1 0 1 1 1 1 1 1 1 1 1 1 0 1 0 1 0 0 0 1 0 0
170	4	1 1 0 1 1 0 1 0 1 1 0 1 0 0 0 0 1 0 0 0 1 0 1 0 0 0 0 1 1 0 1 1 1 1 1 1 1 1 1 1 0 1 0 1 0 0 0 1 0 0
170	7	1 0 0 1 1 0 1 0 1 1 0 1 0 0 0 0 1 0 0 0 1 0 1 0 0 0 0 1 1 0 1 1 1 1 1 1 1 1 1 1 0 1 0 1 0 0 0 0 0 0
170	1	1 0 0 1 1 0 1 0 1 1 1 1 0 0 0 0 1 0 0 0 1 0 1 0 0 0 0 1 1 0 1 1 1 1 1 1 1 1 1 1 0 0 0 1 0 0 0 1 0 0
170	2	1 0 0 1 1 0 1 0 1 1 1 1 0 0 0 0 1 0 0 0 1 0 1 0 0 0 0 1 1 0 1 1 1 1 1 1 1 1 1 1 0 1 0 1 0 0 0 1 0 0
170	1	1 0 0 1 1 1 1 1 1 1 0 0 0 0 0 0 1 0 0 0 1 0 1 0 0 0 0 1 1 1 1 1 1 1 1 1 1 1 1 1 0 1 0 1 0 0 0 1 0 0
170	3	1 0 0 1 1 1 1 0 1 1 0 0 0 0 0 0 1 0 0 0 1 0 1 0 0 0 0 1 1 1 1 1 1 1 1 1 1 1 1 1 0 1 0 1 0 0 0 1 0 0
170	2	1 0 0 1 1 1 1 0 1 1 0 0 0 0 0 0 1 0 0 0 1 0 1 0 0 0 0 1 1 0 1 1 1 1 0 1 1 1 1 1 0 1 0 1 0 0 0 1 0 0
170	1	1 0 0 1 1 1 1 0 1 1 0 1 0 0 0 0 1 0 0 0 1 0 1 0 0 0 0 1 1 0 0 1 1 1 1 1 1 1 1 1 0 1 0 1 0 0 0 1 0 0
170	1	1 0 0 1 1 1 1 0 1 1 0 0 0 0 0 0 1 0 0 0 1 0 1 0 0 0 0 1 1 0 0 1 1 1 1 1 1 1 1 1 0 1 0 1 0 0 0 1 0 0
170	10	1 0 0 1 1 1 1 0 1 1 0 0 0 0 0 0 1 0 0 0 1 0 1 0 0 0 0 1 1 0 1 1 1 1 1 1 1 1 1 1 0 1 0 1 0 0 0 1 0 0
180	1	1 0 1 1 1 0 1 0 1 1 0 1 0 0 0 0 1 0 0 0 1 0 1 1 0 1 0 1 1 0 1 1 1 1 1 1 1 1 0 1 0 1 0 1 0 0 0 1 0 0
180	3	1 0 1 1 1 0 1 0 1 1 0 1 0 0 0 0 1 0 0 0 1 0 1 0 0 1 0 1 1 0 1 1 1 1 1 1 1 1 1 1 0 1 0 1 0 0 0 1 0 0
180	1	1 0 0 1 1 0 1 0 1 1 0 1 1 0 0 0 1 0 0 0 1 0 1 0 0 0 0 1 1 0 1 1 1 1 1 1 1 1 1 1 0 1 0 1 0 0 0 1 0 0
180	5	1 1 0 1 1 1 1 0 1 1 0 1 0 0 0 0 1 0 0 0 1 0 1 0 0 0 0 1 1 0 1 1 1 1 1 1 1 0 1 1 0 1 0 1 0 0 0 1 0 0
180	6	1 1 0 1 1 1 1 0 1 1 0 1 0 0 1 0 1 0 0 0 1 0 1 0 0 0 0 1 1 0 1 1 1 1 1 1 1 1 1 1 0 1 0 1 0 0 0 1 0 0
180	32	1 1 0 1 1 1 1 0 1 1 0 1 0 0 0 0 1 0 0 0 1 0 1 0 0 0 0 1 1 0 1 1 1 1 1 1 1 1 1 1 0 1 0 1 0 0 0 1 0 0
180	3	1 1 0 1 1 1 1 0 1 1 0 1 0 0 0 0 1 0 0 0 1 0 1 0 0 0 0 1 1 0 1 1 1 1 1 1 1 1 1 1 0 1 0 1 0 0 0 0 0 0
180	1	1 1 0 1 1 1 1 0 1 1 0 1 0 0 0 0 1 0 0 0 1 0 1 0 0 0 0 1 1 0 1 1 1 1 1 1 1 1 1 1 0 0 0 1 0 0 0 1 0 0
180	2	1 0 0 1 1 0 1 0 1 1 0 1 0 0 0 0 1 0 0 0 1 0 1 0 0 0 0 1 1 0 1 1 1 1 1 1 1 1 1 1 0 1 0 1 0 0 0 1 0 0
180	2	1 0 0 1 1 1 1 0 1 1 0 1 0 1 0 0 1 0 0 0 1 0 1 0 0 0 0 1 1 0 1 1 1 1 1 1 1 1 1 1 0 1 0 1 0 0 0 1 0 0
180	14	1 0 0 1 1 1 1 0 1 1 0 1 0 0 0 0 1 0 0 0 1 0 1 0 0 0 0 1 1 0 1 1 1 1 1 1 1 1 1 1 0 1 0 1 0 0 0 1 0 0
180	3	1 1 0 1 1 0 1 0 1 1 0 1 0 0 0 0 1 0 0 0 1 0 1 0 0 0 0 1 1 0 1 1 1 1 1 1 1 1 1 1 0 1 0 1 0 0 0 1 0 0
180	2	1 0 0 1 1 0 1 0 1 1 0 1 0 0 0 0 1 0 0 0 1 0 1 0 0 0 0 1 1 0 1 1 1 1 1 1 1 1 1 1 0 1 0 1 0 0 0 0 0 0
180	3	1 0 0 1 1 0 1 0 1 1 1 1 0 0 0 0 1 0 0 0 1 0 1 0 0 0 0 1 1 0 1 1 1 1 1 1 1 1 1 1 0 1 0 1 0 0 0 1 0 0
180	7	1 0 0 1 1 1 1 0 1 1 0 0 0 0 0 0 1 0 0 0 1 0 1 0 0 0 0 1 1 1 1 1 1 1 1 1 1 1 1 1 0 1 0 1 0 0 0 1 0 0
180	3	1 0 0 1 1 1 1 0 1 1 0 0 0 0 0 0 1 0 0 0 1 0 1 0 0 0 0 1 1 0 1 1 1 1 0 1 1 1 1 1 0 1 0 1 0 0 0 1 0 0
180	12	1 0 0 1 1 1 1 0 1 1 0 0 0 0 0 0 1 0 0 0 1 0 1 0 0 0 0 1 1 0 1 1 1 1 1 1 1 1 1 1 0 1 0 1 0 0 0 1 0 0
190	1	1 0 1 1 1 0 1 0 1 1 0 1 0 0 0 0 1 0 0 0 1 0 1 0 0 1 0 1 1 0 1 1 1 1 1 1 1 1 1 1 0 1 0 1 0 0 0 1 0 0
190	1	1 0 0 1 1 0 1 0 1 1 0 1 0 1 0 0 1 0 0 0 1 0 1 0 0 0 0 1 1 0 1 1 1 1 1 1 0 1 1 1 0 1 0 1 0 0 0 1 0 0
190	5	1 1 0 1 1 1 1 0 1 1 0 1 0 0 0 0 1 0 0 0 1 0 1 0 0 0 0 1 1 0 1 1 1 1 1 1 1 0 1 1 0 1 0 1 0 0 0 1 0 0
190	7	1 1 0 1 1 1 1 0 1 1 0 1 0 0 1 0 1 0 0 0 1 0 1 0 0 0 0 1 1 0 1 1 1 1 1 1 1 1 1 1 0 1 0 1 0 0 0 1 0 0
190	7	1 0 0 1 1 1 1 0 1 1 0 1 0 0 0 0 1 0 0 0 1 0 1 0 0 0 0 1 1 0 1 1 1 1 1 1 1 1 1 1 0 1 0 1 0 0 0 1 0 0
190	4	1 1 0 1 1 1 1 0 1 1 0 1 0 0 0 0 1 0 0 0 1 0 1 0 0 0 0 1 1 0 1 1 1 1 1 1 1 1 1 1 0 1 0 1 0 0 0 0 0 0
190	53	1 1 0 1 1 1 1 0 1 1 0 1 0 0 0 0 1 0 0 0 1 0 1 0 0 0 0 1 1 0 1 1 1 1 1 1 1 1 1 1 0 1 0 1 0 0 0 1 0 0
190	11	1 1 0 1 1 1 1 0 1 1 0 1 0 0 0 0 1 0 0 0 1 0 1 0 0 0 0 1 1 0 1 1 1 1 1 1 1 1 1 1 0 0 0 1 0 0 0 1 0 0
190	1	1 0 0 1 1 0 1 0 1 1 0 1 0 0 0 0 1 0 0 0 1 0 1 0 0 0 0 1 1 0 1 1 1 1 1 1 1 1 1 1 0 1 0 1 0 0 0 0 0 0
190	2	1 0 0 1 1 1 1 0 1 1 0 0 0 0 0 0 1 0 0 0 1 0 1 0 0 0 0 1 1 1 1 1 1 1 1 1 1 1 1 1 0 1 0 1 0 0 0 1 0 0
190	2	1 0 0 1 1 1 1 0 1 1 0 0 0 0 0 0 1 0 0 0 1 0 1 0 0 0 0 1 1 0 1 1 1 1 0 1 1 1 1 1 0 1 0 1 0 0 0 1 0 0
190	1	1 0 0 1 1 1 1 0 1 1 0 0 0 0 0 0 1 0 0 0 0 0 1 0 0 0 0 1 1 0 1 1 1 1 1 1 1 1 1 1 0 1 0 1 0 0 0 1 0 0
190	5	1 0 0 1 1 1 1 0 1 1 0 0 0 0 0 0 1 0 0 0 1 0 1 0 0 0 0 1 1 0 1 1 1 1 1 1 1 1 1 1 0 1 0 1 0 0 0 1 0 0
200	5	1 1 0 1 1 1 1 0 1 1 0 1 0 0 1 0 1 0 0 0 1 0 1 0 0 0 0 1 1 0 1 1 1 1 1 1 1 1 1 1 0 1 0 1 0 0 0 1 0 0
200	1	1 0 0 1 1 1 1 0 1 1 0 1 0 0 0 0 1 0 0 0 1 0 1 0 0 0 0 1 1 0 1 1 1 1 1 1 1 1 1 1 0 1 0 1 0 0 0 1 0 0
200	1	1 1 0 1 1 1 1 0 1 1 0 0 0 0 0 0 1 0 0 0 1 0 1 0 0 0 0 1 1 0 1 1 1 1 1 1 1 1 1 1 0 1 0 1 0 0 0 1 0 0
200	11	1 1 0 1 1 1 1 0 1 1 0 1 0 0 0 0 1 0 0 0 1 0 1 0 0 0 0 1 1 0 1 1 1 1 1 1 1 1 1 1 0 1 0 1 0 0 0 0 0 0
200	1	1 1 0 1 1 1 1 0 1 1 0 1 0 0 0 0 1 0 0 0 1 0 1 0 0 1 0 1 1 0 1 1 1 1 1 1 1 1 1 1 0 0 0 1 0 0 0 1 0 0
200	22	1 1 0 1 1 1 1 0 1 1 0 1 0 0 0 0 1 0 0 0 1 0 1 0 0 0 0 1 1 0 1 1 1 1 1 1 1 1 1 1 0 0 0 1 0 0 0 1 0 0
200	1	1 1 0 1 1 1 1 0 1 1 0 1 0 0 0 0 1 0 0 0 0 0 1 0 0 0 0 1 1 0 1 1 1 1 1 1 1 1 1 1 0 1 0 1 0 0 0 1 0 0
200	41	1 1 0 1 1 1 1 0 1 1 0 1 0 0 0 0 1 0 0 0 1 0 1 0 0 0 0 1 1 0 1 1 1 1 1 1 1 1 1 1 0 1 0 1 0 0 0 1 0 0
200	1	1 0 0 1 1 0 1 0 1 1 0 1 0 0 0 0 1 0 0 0 1 0 1 0 0 0 0 1 1 0 1 1 1 1 1 1 1 1 1 1 0 1 0 1 0 0 0 0 0 0
200	2	1 0 0 1 1 0 1 0 1 1 1 1 0 0 0 0 1 0 0 0 1 0 1 0 0 0 0 1 1 0 1 1 1 1 1 1 1 1 1 1 0 1 0 1 0 0 0 1 0 0
200	3	1 0 0 1 1 1 1 0 1 1 0 0 0 0 0 0 1 0 0 0 1 0 1 0 0 0 0 1 1 1 1 1 1 1 1 1 1 1 1 1 0 1 0 1 0 0 0 1 0 0
200	1	1 0 0 1 1 1 1 0 1 1 0 0 0 0 0 0 1 0 0 0 1 0 1 0 0 0 0 1 1 0 1 1 1 1 0 1 1 1 1 1 0 1 0 1 0 0 0 1 0 0
200	3	1 0 0 1 1 1 1 0 1 1 0 0 0 0 0 1 1 0 0 0 1 0 1 0 0 0 0 1 1 0 1 1 1 1 1 1 1 1 1 1 0 1 0 1 0 0 0 1 0 0
200	7	1 0 0 1 1 1 1 0 1 1 0 0 0 0 0 0 1 0 0 0 1 0 1 0 0 0 0 1 1 0 1 1 1 1 1 1 1 1 1 1 0 1 0 1 0 0 0 1 0 0
210	3	1 1 0 1 1 1 1 0 1 1 0 1 0 0 0 0 1 0 0 0 1 0 1 0 0 0 0 1 1 0 1 1 1 1 1 1 1 0 1 1 0 1 0 1 0 0 0 1 0 0
210	4	1 1 0 1 1 1 1 0 1 1 0 1 0 0 1 0 1 0 0 0 1 0 1 0 0 0 0 1 1 0 1 1 1 1 1 1 1 1 1 1 0 1 0 1 0 0 0 1 0 0
210	1	1 0 0 1 1 1 1 0 1 1 0 1 0 0 0 0 1 0 0 0 1 0 1 0 0 0 0 1 1 0 1 1 1 1 1 1 1 1 1 1 0 1 0 1 0 0 0 1 0 0
210	1	1 1 0 1 1 1 1 0 1 1 0 0 0 0 0 0 1 0 0 0 1 0 1 0 0 0 0 1 1 0 1 1 1 1 1 1 1 1 1 1 0 1 0 1 0 0 0 1 0 0
210	17	1 1 0 1 1 1 1 0 1 1 0 1 0 0 0 0 1 0 0 0 1 0 1 0 0 0 0 1 1 0 1 1 1 1 1 1 1 1 1 1 0 1 0 1 0 0 0 0 0 0
210	2	1 1 0 1 1 1 1 0 1 1 0 1 0 0 0 0 1 0 0 0 1 0 1 0 0 0 0 0 1 0 1 1 1 1 1 1 1 1 1 1 0 1 0 1 0 0 0 1 0 0
210	1	1 1 0 1 1 1 1 0 1 1 0 1 0 0 0 0 1 0 0 0 1 0 1 0 0 1 0 1 1 0 1 1 1 1 1 1 1 1 1 1 0 0 0 1 0 0 0 1 0 0
210	1	1 1 0 1 1 1 1 0 1 1 0 1 0 0 0 0 1 0 0 0 1 0 1 0 0 0 0 1 1 0 1 1 1 1 1 1 1 1 1 0 0 0 0 1 0 0 0 1 0 0
210	1	1 1 0 1 1 1 1 0 1 1 0 1 0 0 0 0 1 0 0 0 1 0 1 1 0 0 0 1 1 0 1 1 1 1 1 1 1 1 1 1 0 0 0 1 0 0 0 1 0 0
210	2	1 1 0 1 1 1 1 0 1 1 0 1 0 0 0 0 1 0 0 0 1 0 1 0 0 0 1 1 1 0 1 1 1 1 1 1 1 1 1 1 0 0 0 1 0 0 0 1 0 0
210	24	1 1 0 1 1 1 1 0 1 1 0 1 0 0 0 0 1 0 0 0 1 0 1 0 0 0 0 1 1 0 1 1 1 1 1 1 1 1 1 1 0 0 0 1 0 0 0 1 0 0
210	1	1 1 0 1 1 1 1 0 1 1 0 1 0 0 0 0 1 0 0 0 1 0 1 0 0 0 0 1 1 0 1 1 1 1 1 1 1 1 1 1 0 1 0 1 1 0 0 1 0 0
210	1	1 1 0 1 1 1 1 0 1 1 0 1 0 1 0 0 1 0 0 0 1 0 1 0 0 0 0 1 1 0 1 1 1 1 1 1 1 1 1 1 0 1 0 1 0 0 0 1 0 0
210	1	1 1 0 1 1 1 1 0 1 1 0 1 0 0 0 0 1 0 0 0 1 0 1 1 0 0 0 1 1 0 1 1 1 1 1 1 1 1 1 1 0 1 0 1 0 0 0 1 0 0
210	1	1 1 0 1 1 1 1 0 1 1 0 1 0 0 0 0 1 0 0 0 1 0 1 0 0 0 0 1 1 0 1 1 1 1 1 1 1 1 1 1 0 1 0 1 0 1 0 1 0 0
210	27	1 1 0 1 1 1 1 0 1 1 0 1 0 0 0 0 1 0 0 0 1 0 1 0 0 0 0 1 1 0 1 1 1 1 1 1 1 1 1 1 0 1 0 1 0 0 0 1 0 0
210	6	1 1 0 1 1 1 1 0 1 1 0 1 0 0 0 0 1 0 0 0 1 0 1 0 0 0 0 1 1 0 1 1 1 1 1 1 1 1 1 1 0 0 0 1 0 0 0 0 0 0
210	1	1 0 0 1 1 0 1 0 1 1 0 1 0 0 0 0 1 0 0 0 1 0 1 0 0 0 0 1 1 0 1 0 1 1 1 1 1 1 1 1 0 1 0 1 0 0 0 0 0 0
210	3	1 0 0 1 1 0 1 0 1 1 0 1 0 0 0 0 1 0 0 0 1 0 1 0 0 0 0 1 1 0 1 1 1 1 1 1 1 1 1 1 0 1 0 1 0 0 0 0 0 0
210	1	1 0 0 1 1 1 1 0 1 1 0 0 0 0 0 0 1 0 0 0 1 0 1 0 0 0 0 1 1 0 1 1 1 1 0 1 1 1 1 1 0 1 0 1 0 0 0 1 0 0
210	1	1 0 0 1 1 1 1 0 1 1 0 0 0 0 0 0 1 0 0 0 1 0 1 0 0 0 0 1 1 0 1 1 1 1 1 1 1 1 1 1 0 1 0 1 0 0 0 1 0 0
220	1	1 0 1 1 1 0 1 0 1 1 0 1 0 0 0 0 1 0 0 0 1 0 1 0 0 1 0 1 1 0 1 1 1 1 1 1 1 1 1 1 0 1 0 1 0 0 0 1 0 0
220	1	1 1 0 1 1 1 1 0 1 1 0 1 0 0 0 0 1 0 0 0 1 0 1 0 0 0 0 1 1 0 1 1 1 1 1 1 1 0 1 1 0 1 0 1 0 0 0 1 0 0
220	2	1 1 0 1 1 1 1 0 1 1 0 1 0 0 0 0 1 0 1 0 1 0 1 0 0 0 0 1 1 0 1 1 1 1 1 1 1 1 1 1 0 1 0 1 0 0 0 0 0 0
220	8	1 1 0 1 1 1 1 0 1 1 0 1 0 0 0 0 1 0 0 0 1 0 1 0 0 0 0 1 1 0 1 1 1 1 1 1 1 1 1 1 0 1 0 1 0 0 0 0 0 0
220	2	1 1 0 1 1 1 1 0 1 1 0 1 0 0 0 0 1 0 0 0 1 0 1 0 0 0 0 1 1 0 1 1 1 1 1 1 1 1 1 0 0 0 0 1 0 0 0 1 0 0
220	2	1 1 0 1 1 1 1 0 1 1 0 1 0 0 0 0 1 0 0 0 1 0 1 0 0 0 0 0 1 0 1 1 1 1 1 1 1 1 1 1 0 0 0 1 0 0 0 1 0 0
220	1	1 1 0 1 1 1 1 0 1 1 0 1 0 0 0 0 1 0 0 0 1 0 1 0 0 0 0 1 1 0 1 1 1 1 1 0 1 1 1 1 0 0 0 1 0 0 0 1 0 0
220	29	1 1 0 1 1 1 1 0 1 1 0 1 0 0 0 0 1 0 0 0 1 0 1 0 0 0 0 1 1 0 1 1 1 1 1 1 1 1 1 1 0 0 0 1 0 0 0 1 0 0
220	1	1 1 0 1 1 1 1 0 1 1 0 1 0 1 0 0 1 0 0 0 1 0 1 0 0 0 0 1 1 0 1 1 1 1 1 1 1 1 1 1 0 1 0 1 0 0 0 1 0 0
220	1	1 1 0 1 1 1 1 0 1 1 1 1 0 0 0 0 1 0 0 0 1 0 1 0 0 0 0 1 1 0 1 1 1 1 1 1 1 1 1 1 0 1 0 1 0 0 0 1 0 0
220	1	1 1 0 1 1 1 1 0 0 1 0 1 0 0 0 0 1 0 0 0 1 0 1 0 0 0 0 1 1 0 1 1 1 1 1 1 1 1 1 1 0 1 0 1 0 0 0 1 0 0
220	2	1 1 0 1 1 1 1 0 1 1 0 1 0 0 0 0 1 1 0 0 1 0 1 0 0 0 0 1 1 0 1 1 1 1 1 1 1 1 1 1 0 1 0 1 0 0 0 1 0 0
220	27	1 1 0 1 1 1 1 0 1 1 0 1 0 0 0 0 1 0 0 0 1 0 1 0 0 0 0 1 1 0 1 1 1 1 1 1 1 1 1 1 0 1 0 1 0 0 0 1 0 0
220	1	1 1 0 1 1 1 1 0 1 1 1 1 0 0 0 0 1 0 0 0 1 0 1 0 0 0 0 1 1 0 1 1 1 1 1 1 1 1 1 1 0 0 0 1 0 0 0 0 0 0
220	17	1 1 0 1 1 1 1 0 1 1 0 1 0 0 0 0 1 0 0 0 1 0 1 0 0 0 0 1 1 0 1 1 1 1 1 1 1 1 1 1 0 0 0 1 0 0 0 0 0 0
220	1	1 0 0 1 1 0 1 0 1 1 0 1 0 0 0 0 1 0 0 0 1 0 1 0 0 0 0 1 1 0 1 0 1 1 1 1 1 1 1 1 0 1 0 1 0 0 0 0 0 0
220	1	1 0 0 1 1 0 1 0 1 1 0 1 0 0 0 0 1 0 0 0 1 0 1 0 0 0 0 1 1 0 1 1 1 1 1 1 1 1 1 1 0 1 0 1 0 0 0 0 0 0
220	2	1 0 0 1 0 1 1 0 1 1 0 0 0 0 0 0 1 0 0 0 1 0 1 0 0 0 0 1 1 0 1 1 1 1 0 1 1 1 1 1 0 1 0 1 0 0 0 1 0 0
230	2	1 1 0 1 1 1 1 0 1 1 0 1 0 0 0 0 1 0 0 0 1 0 1 0 0 0 0 1 1 0 1 1 1 1 1 1 1 0 1 1 0 1 0 1 0 0 0 1 0 0
230	1	1 1 0 1 1 1 1 0 1 1 0 1 0 0 1 0 1 0 0 0 1 0 1 0 0 0 0 1 1 0 1 1 1 1 1 1 1 1 1 1 0 1 1 1 0 0 0 1 0 0
230	1	1 0 0 1 1 1 1 0 1 1 0 1 0 0 0 0 1 0 0 0 1 0 1 0 0 0 0 1 1 0 1 1 1 1 1 1 1 1 1 1 0 1 0 1 0 0 0 1 0 0
230	1	1 1 0 1 1 1 1 0 1 1 0 1 0 0 0 0 1 0 0 0 1 0 1 0 0 0 0 1 1 0 1 1 1 1 1 1 0 1 1 1 0 1 0 1 0 0 0 0 0 0
230	1	1 1 0 0 1 1 1 0 1 1 0 1 0 0 0 0 1 0 0 0 1 0 1 0 0 0 0 1 1 0 1 1 1 1 1 1 1 1 1 1 0 1 0 1 0 0 0 0 0 0
230	12	1 1 0 1 1 1 1 0 1 1 0 1 0 0 0 0 1 0 0 0 1 0 1 0 0 0 0 1 1 0 1 1 1 1 1 1 1 1 1 1 0 1 0 1 0 0 0 0 0 0
230	2	1 1 0 1 1 1 1 0 1 1 0 1 0 0 0 0 1 0 0 0 1 0 1 0 0 0 1 1 1 0 1 1 1 1 1 1 1 1 1 1 0 0 0 1 0 0 0 1 0 0
230	3	1 1 0 1 1 1 1 0 1 1 0 1 0 0 0 0 1 0 0 0 1 0 1 0 0 0 0 0 1 0 1 1 1 1 1 1 1 1 1 1 0 0 0 1 0 0 0 1 0 0
230	1	1 1 0 1 1 1 1 0 1 1 0 1 0 0 0 0 1 0 0 0 1 0 1 0 0 0 0 1 1 0 1 1 1 0 1 1 1 1 1 1 0 0 0 1 0 0 0 1 0 0
230	21	1 1 0 1 1 1 1 0 1 1 0 1 0 0 0 0 1 0 0 0 1 0 1 0 0 0 0 1 1 0 1 1 1 1 1 1 1 1 1 1 0 0 0 1 0 0 0 1 0 0
230	1	1 1 1 1 1 1 1 0 1 1 0 1 0 0 0 0 1 0 0 0 1 0 1 0 0 0 0 1 1 0 1 1 1 1 1 1 1 1 1 1 0 1 0 1 0 0 0 1 0 0
230	1	1 1 0 1 1 1 1 0 1 1 1 1 0 0 0 0 1 0 0 0 1 0 1 0 0 0 0 1 1 0 1 1 1 1 1 1 1 1 1 1 0 1 0 1 0 0 0 1 0 0
230	1	1 1 0 1 1 1 1 0 1 1 0 1 0 0 0 0 1 0 0 0 1 0 1 0 0 0 0 1 0 0 1 1 1 1 1 1 1 1 1 1 0 1 0 1 0 0 0 1 0 0
230	12	1 1 0 1 1 1 1 0 1 1 0 1 0 0 0 0 1 0 0 0 1 0 1 0 0 0 0 1 1 0 1 1 1 1 1 1 1 1 1 1 0 1 0 1 0 0 0 1 0 0
230	1	1 1 0 1 1 1 1 0 1 1 1 1 0 0 0 0 1 0 0 0 1 0 1 0 0 0 0 1 1 0 1 1 1 1 1 1 1 1 1 1 0 0 0 1 0 0 0 0 0 0
230	1	1 1 0 1 1 1 1 0 1 1 0 1 0 0 0 0 1 0 0 0 1 0 1 0 0 0 0 1 1 0 1 0 1 1 1 1 1 1 1 1 0 0 0 1 0 0 0 0 0 0
230	3	1 1 0 1 1 1 1 0 1 1 0 1 0 0 0 0 1 0 0 0 1 0 1 1 0 0 0 1 1 0 1 1 1 1 1 1 1 1 1 1 0 0 0 1 0 0 0 0 0 0
230	1	1 1 0 1 1 1 1 0 1 1 0 1 0 0 0 0 1 0 0 0 1 0 1 0 0 0 0 1 1 0 0 1 1 1 1 1 1 1 1 1 0 0 0 1 0 0 0 0 0 0
230	32	1 1 0 1 1 1 1 0 1 1 0 1 0 0 0 0 1 0 0 0 1 0 1 0 0 0 0 1 1 0 1 1 1 1 1 1 1 1 1 1 0 0 0 1 0 0 0 0 0 0
230	1	1 0 0 1 1 0 1 0 1 1 0 1 0 0 0 0 1 0 0 0 1 0 1 0 0 0 0 1 1 0 1 0 1 1 1 1 1 1 1 1 0 1 0 1 0 0 0 0 0 0
230	1	1 0 0 1 1 1 1 0 1 1 0 0 0 0 0 0 1 0 0 0 1 0 1 0 0 0 0 1 1 0 1 1 1 1 1 1 1 1 1 1 0 1 0 1 0 0 0 1 0 0
240	2	1 1 0 1 1 1 1 0 1 1 0 1 0 0 0 0 1 0 0 0 1 0 1 0 0 0 0 1 1 0 1 1 1 1 1 1 0 1 1 1 0 1 0 1 0 0 0 0 0 0
240	9	1 1 0 1 1 1 1 0 1 1 0 1 0 0 0 0 1 0 0 0 1 0 1 0 0 0 0 1 1 0 1 1 1 1 1 1 1 1 1 1 0 1 0 1 0 0 0 0 0 0
240	1	1 1 0 1 1 1 1 0 1 1 0 1 0 0 0 0 1 0 0 0 1 0 1 0 0 0 1 1 1 0 1 1 1 1 1 1 1 1 1 1 0 0 0 1 0 0 0 1 0 0
240	1	1 1 0 1 1 1 1 0 1 1 0 1 0 0 0 0 1 0 0 0 1 0 0 0 0 0 0 0 1 0 1 1 1 1 1 1 1 1 1 1 0 0 0 1 0 0 0 1 0 0
240	5	1 1 0 1 1 1 1 0 1 1 0 1 0 0 0 0 1 0 0 0 1 0 1 0 0 0 0 0 1 0 1 1 1 1 1 1 1 1 1 1 0 0 0 1 0 0 0 1 0 0
240	4	1 1 1 1 1 1 1 0 1 1 0 1 0 0 0 0 1 0 0 0 1 0 1 0 0 0 0 1 1 0 1 1 1 1 1 1 1 1 1 1 0 0 0 1 0 0 0 1 0 0
240	1	1 1 0 1 1 1 1 0 1 1 0 1 0 0 0 0 1 0 0 0 1 0 1 0 0 0 0 1 1 0 1 1 0 1 1 1 1 1 1 1 0 0 0 1 0 0 0 1 0 0
240	25	1 1 0 1 1 1 1 0 1 1 0 1 0 0 0 0 1 0 0 0 1 0 1 0 0 0 0 1 1 0 1 1 1 1 1 1 1 1 1 1 0 0 0 1 0 0 0 1 0 0
240	1	1 1 0 1 1 1 1 0 1 1 0 1 0 0 0 0 1 0 0 0 1 0 1 0 0 0 0 1 0 0 1 1 1 1 1 1 1 1 1 1 0 1 0 1 0 0 0 1 0 0
240	3	1 1 0 1 1 1 1 0 1 1 0 1 0 0 0 0 1 0 0 0 1 0 1 0 0 0 0 1 1 0 1 1 1 1 1 1 1 1 1 1 0 1 0 1 0 0 0 1 0 0
240	2	1 1 0 1 1 1 1 0 1 1 1 1 0 0 0 0 1 0 0 0 1 0 1 0 0 0 0 1 1 0 1 1 1 1 1 1 1 1 1 1 0 0 0 1 0 1 0 0 0 0
240	9	1 1 0 1 1 1 1 0 1 1 1 1 0 0 0 0 1 0 0 0 1 0 1 0 0 0 0 1 1 0 1 1 1 1 1 1 1 1 1 1 0 0 0 1 0 0 0 0 0 0
240	1	1 1 0 1 1 1 1 0 1 1 0 1 0 0 0 0 1 0 0 0 1 0 1 1 0 0 0 1 1 0 1 1 1 1 1 1 1 1 1 1 0 0 0 1 0 0 0 0 0 0
240	1	1 1 0 1 1 1 1 0 1 1 0 1 0 0 0 0 1 0 0 0 1 0 1 0 1 0 0 1 1 0 1 1 1 1 1 1 1 1 1 1 0 0 0 1 0 0 0 0 0 0
240	2	0 1 0 1 1 1 1 0 1 1 0 1 0 0 0 0 1 0 0 0 1 0 1 0 0 0 0 1 1 0 1 1 1 1 1 1 1 1 1 1 0 0 0 1 0 0 0 0 0 0
240	2	1 1 0 1 1 1 1 0 1 1 0 1 0 0 0 0 1 0 1 0 1 0 1 0 0 0 0 1 1 0 1 1 1 1 1 1 1 1 1 1 0 0 0 1 0 0 0 0 0 0
240	1	1 1 0 1 1 1 1 0 1 1 0 1 0 0 0 0 1 0 0 0 1 0 1 0 0 0 0 0 1 0 1 1 1 1 1 1 1 1 1 1 0 0 0 1 0 0 0 0 0 0
240	1	1 1 0 1 1 1 1 0 1 1 0 1 0 0 0 0 1 0 0 0 1 0 1 0 0 0 0 1 1 0 1 1 1 1 1 1 1 1 1 1 0 0 0 0 0 0 0 0 0 0
240	29	1 1 0 1 1 1 1 0 1 1 0 1 0 0 0 0 1 0 0 0 1 0 1 0 0 0 0 1 1 0 1 1 1 1 1 1 1 1 1 1 0 0 0 1 0 0 0 0 0 0
250	1	1 1 0 1 1 1 1 0 1 1 0 1 0 0 0 0 1 0 0 0 1 0 1 0 0 0 0 1 1 0 1 1 1 1 1 1 1 0 1 1 0 1 0 1 0 0 0 1 0 0
250	2	1 1 0 1 1 1 1 0 1 1 0 1 0 0 0 0 1 0 0 0 1 0 1 0 0 0 0 1 1 0 1 1 1 1 1 1 0 1 1 1 0 1 0 1 0 0 0 0 0 0
250	5	1 1 0 1 1 1 1 0 1 1 0 1 0 0 0 0 1 0 0 0 1 0 1 0 0 0 0 1 1 0 1 1 1 1 1 1 1 1 1 1 0 1 0 1 0 0 0 0 0 0
250	2	1 1 0 1 1 1 1 0 1 1 0 1 0 0 0 0 0 0 0 0 1 0 1 0 0 0 0 1 1 0 1 1 1 1 1 1 1 1 1 1 0 0 0 1 0 0 0 1 0 0
250	1	1 1 0 1 1 1 1 0 1 1 0 1 0 0 0 0 1 0 0 0 1 0 0 0 0 0 0 0 1 0 1 1 1 1 1 1 1 1 1 1 0 0 0 1 0 0 0 1 0 0
250	3	1 1 0 1 1 1 1 0 1 1 0 1 0 0 0 0 1 0 0 0 1 0 1 0 0 0 0 0 1 0 1 1 1 1 1 1 1 1 1 1 0 0 0 1 0 0 0 1 0 0
250	1	1 1 1 1 1 1 1 0 1 1 0 1 0 0 0 0 1 0 0 0 1 0 1 0 0 0 0 1 1 0 1 1 1 1 1 1 1 1 1 1 0 0 0 1 0 0 0 1 0 0
250	46	1 1 0 1 1 1 1 0 1 1 0 1 0 0 0 0 1 0 0 0 1 0 1 0 0 0 0 1 1 0 1 1 1 1 1 1 1 1 1 1 0 0 0 1 0 0 0 0 0 0
250	14	1 1 0 1 1 1 1 0 1 1 0 1 0 0 0 0 1 0 0 0 1 0 1 0 0 0 0 1 1 0 1 1 1 1 1 1 1 1 1 1 0 0 0 1 0 0 0 1 0 0
250	1	1 1 0 1 1 1 1 0 1 1 0 1 0 0 0 0 1 0 0 0 1 0 1 0 0 0 0 1 1 0 1 1 1 1 1 1 1 1 1 1 0 1 0 1 0 0 0 1 0 0
250	1	1 1 0 1 1 1 1 0 1 1 1 1 0 0 0 0 1 0 0 0 1 0 1 0 0 0 0 1 1 0 1 1 1 1 1 1 1 1 1 1 0 0 0 1 0 1 0 0 0 0
250	1	1 1 0 1 1 1 1 0 1 1 1 1 0 0 0 0 1 0 0 1 1 0 1 0 0 0 0 1 1 0 1 1 1 1 1 1 1 1 1 1 0 0 0 1 0 0 0 0 0 0
250	16	1 1 0 1 1 1 1 0 1 1 1 1 0 0 0 0 1 0 0 0 1 0 1 0 0 0 0 1 1 0 1 1 1 1 1 1 1 1 1 1 0 0 0 1 0 0 0 0 0 0
250	1	1 1 0 1 1 1 1 0 1 1 0 1 0 0 0 0 1 0 0 0 1 0 1 0 0 0 0 1 1 0 1 1 1 1 1 1 1 1 1 1 1 0 0 1 0 0 0 0 0 0
250	1	1 1 0 1 1 1 1 0 1 1 0 1 0 0 0 0 1 0 0 0 1 0 1 0 1 0 0 1 1 0 1 1 1 1 1 1 1 1 1 1 0 0 0 1 0 0 0 0 0 0
250	2	1 1 0 1 1 1 1 0 1 1 0 1 0 0 0 0 1 0 0 0 1 0 1 0 0 0 0 1 1 0 0 1 1 1 1 1 1 1 1 1 0 0 0 1 0 0 0 0 0 0
250	1	1 1 0 0 1 1 1 0 1 1 0 1 0 0 0 0 1 0 0 0 1 0 1 0 0 0 0 1 1 0 1 1 1 1 1 1 1 1 1 1 0 0 0 1 0 0 0 0 0 0
250	1	1 1 0 1 1 1 0 0 1 1 0 1 0 0 0 0 1 0 0 0 1 0 1 0 0 0 0 1 1 0 1 1 1 1 1 1 1 1 1 1 0 0 0 1 0 0 0 0 0 0
260	1	1 1 0 1 1 1 1 0 1 1 0 1 0 0 0 0 1 0 0 0 1 0 1 0 0 0 0 1 1 0 1 1 1 1 1 1 0 1 1 1 0 1 0 1 0 0 0 0 0 0
260	1	1 1 0 1 1 1 1 0 1 1 0 1 0 0 0 0 1 0 0 0 1 0 1 0 0 0 0 1 1 0 1 1 1 1 1 1 1 1 1 1 0 1 0 1 0 0 0 0 0 0
260	1	1 1 0 1 1 1 1 0 1 1 0 1 0 0 0 0 0 0 0 0 1 0 1 0 0 0 0 1 1 0 1 1 1 1 1 1 1 1 1 1 0 0 0 1 0 0 0 1 0 0
260	1	1 1 0 1 1 1 1 0 1 1 0 1 0 0 0 0 1 0 0 0 1 0 1 0 0 0 0 0 1 0 1 1 1 1 1 1 1 1 1 1 0 0 0 1 0 0 0 1 0 0
260	2	1 1 1 1 1 1 1 0 1 1 0 1 0 0 0 0 1 0 0 0 1 0 1 0 0 0 0 1 1 0 1 1 1 1 1 1 1 1 1 1 0 0 0 1 0 0 0 1 0 0
260	1	1 1 0 1 1 1 1 0 1 1 0 1 0 0 0 0 1 0 0 0 1 0 0 0 0 0 0 1 1 0 1 1 1 1 1 1 1 1 1 1 0 0 0 1 0 0 0 1 0 0
260	4	1 1 0 0 1 1 1 0 1 1 0 1 0 0 0 0 1 0 0 0 1 0 1 0 0 0 0 1 1 0 1 1 1 1 1 1 1 1 1 1 0 0 0 1 0 0 0 0 0 0
260	1	1 1 0 1 1 1 1 0 1 1 0 1 0 0 0 0 1 0 0 0 1 0 1 0 0 1 0 1 1 0 1 1 1 1 1 1 1 1 1 1 0 0 0 1 0 0 0 0 0 0
260	42	1 1 0 1 1 1 1 0 1 1 0 1 0 0 0 0 1 0 0 0 1 0 1 0 0 0 0 1 1 0 1 1 1 1 1 1 1 1 1 1 0 0 0 1 0 0 0 0 0 0
260	15	1 1 0 1 1 1 1 0 1 1 0 1 0 0 0 0 1 0 0 0 1 0 1 0 0 0 0 1 1 0 1 1 1 1 1 1 1 1 1 1 0 0 0 1 0 0 0 1 0 0
260	1	1 1 0 1 1 1 1 0 1 1 1 0 0 0 0 0 1 0 0 0 1 0 1 0 0 0 0 1 1 0 1 1 1 1 1 1 1 1 1 1 0 0 0 1 0 0 0 0 0 0
260	2	1 1 0 1 1 1 1 0 1 1 1 1 0 0 0 0 1 0 0 0 1 0 1 0 0 0 0 1 1 0 1 1 1 0 1 1 1 1 1 1 0 0 0 1 0 0 0 0 0 0
260	20	1 1 0 1 1 1 1 0 1 1 1 1 0 0 0 0 1 0 0 0 1 0 1 0 0 0 0 1 1 0 1 1 1 1 1 1 1 1 1 1 0 0 0 1 0 0 0 0 0 0
260	1	1 1 0 1 1 1 1 0 1 1 0 1 0 0 0 0 1 0 0 0 1 0 1 0 0 0 0 1 1 0 1 1 1 1 1 1 1 1 1 1 1 0 0 1 0 0 0 0 0 0
260	2	1 1 0 1 1 1 1 0 1 1 0 1 0 0 0 0 1 0 0 0 1 0 1 0 1 0 0 1 1 0 1 1 1 1 1 1 1 1 1 1 0 0 0 1 0 0 0 0 0 0
260	2	1 1 0 1 1 1 1 0 1 1 0 1 0 0 0 0 1 0 1 0 1 0 1 0 0 0 0 1 0 0 1 1 1 1 1 1 1 1 1 1 0 0 0 1 0 0 0 0 0 0
260	3	1 1 0 1 1 1 1 0 1 1 0 1 0 0 0 0 1 0 0 0 1 0 1 0 0 0 0 1 1 0 1 1 1 1 1 1 1 1 1 1 0 0 0 1 0 0 1 0 0 0
270	1	1 1 0 1 1 1 1 0 1 1 0 1 0 0 0 0 1 0 0 0 1 0 1 0 0 0 0 1 1 0 1 1 1 1 1 1 0 1 1 1 0 1 0 1 0 0 0 0 0 0
270	2	1 1 0 1 1 1 1 0 1 1 0 1 0 0 0 0 0 0 0 0 1 0 1 0 0 0 0 1 1 0 1 1 1 1 1 1 1 1 1 1 0 0 0 1 0 0 0 1 0 0
270	1	1 1 0 1 1 1 1 0 1 1 0 1 0 1 0 0 1 0 0 0 1 0 0 0 0 0 0 0 1 0 1 1 1 1 1 1 1 1 1 1 0 0 0 1 0 0 0 1 0 0
270	1	1 1 1 1 1 1 1 0 1 1 0 1 0 0 0 0 1 0 0 0 1 0 1 0 0 0 0 1 1 0 1 1 1 1 1 1 1 1 1 1 0 0 0 1 0 0 0 1 0 0
270	1	1 1 0 1 1 1 1 0 1 1 0 1 0 0 0 0 1 0 0 0 1 0 0 0 0 0 0 1 1 0 1 1 1 1 1 1 1 1 1 1 0 0 0 1 0 0 0 1 0 0
270	2	1 1 0 1 1 1 1 0 0 1 0 1 0 0 0 0 1 1 0 0 1 0 1 0 0 0 0 1 1 0 1 1 1 1 1 1 1 1 1 1 0 0 0 1 0 0 0 1 0 0
270	1	1 1 0 1 1 1 1 0 1 1 0 1 0 0 0 0 1 0 0 1 1 0 1 0 0 0 0 1 1 0 1 1 1 1 1 1 1 1 1 1 0 0 0 1 0 0 0 0 0 0
270	1	1 1 0 1 1 1 1 0 1 1 0 1 0 0 0 0 1 0 0 0 1 0 1 0 0 1 0 1 1 0 1 1 1 1 1 1 1 1 1 1 0 0 0 1 0 0 0 0 0 0
270	1	1 1 0 1 1 1 1 0 1 1 0 1 0 0 0 0 1 0 0 0 1 0 1 0 0 0 0 1 1 0 0 1 1 1 1 1 1 1 1 1 0 0 0 1 0 0 0 0 0 0
270	9	1 1 0 1 1 1 1 0 1 1 0 1 0 0 0 0 1 0 0 0 1 0 1 0 0 0 0 1 1 0 1 1 1 1 1 1 1 1 1 1 0 0 0 1 0 0 0 1 0 0
270	1	1 1 0 1 1 1 1 0 1 1 0 1 0 0 0 0 1 0 0 0 1 0 0 0 0 0 0 1 1 0 1 1 1 1 1 1 1 1 1 1 0 0 0 1 0 0 0 0 0 0
270	57	1 1 0 1 1 1 1 0 1 1 0 1 0 0 0 0 1 0 0 0 1 0 1 0 0 0 0 1 1 0 1 1 1 1 1 1 1 1 1 1 0 0 0 1 0 0 0 0 0 0
270	1	1 1 0 1 1 1 1 0 1 1 1 1 0 0 0 0 1 0 0 1 1 0 1 0 0 0 0 1 1 0 1 1 1 1 1 1 1 1 1 1 0 0 0 1 0 0 0 0 0 0
270	13	1 1 0 1 1 1 1 0 1 1 1 1 0 0 0 0 1 0 0 0 1 0 1 0 0 0 0 1 1 0 1 1 1 1 1 1 1 1 1 1 0 0 0 1 0 0 0 0 0 0
270	2	1 1 0 1 1 1 1 0 1 1 0 1 1 0 0 0 1 0 0 0 1 0 1 0 1 0 0 1 1 0 1 1 1 1 1 1 1 1 1 1 0 0 0 1 0 0 0 0 0 0
270	1	1 1 0 1 1 1 1 0 1 1 0 1 0 0 0 0 1 0 1 0 1 0 1 0 0 0 0 1 0 0 1 1 1 1 1 1 1 1 1 1 0 0 0 1 0 0 0 0 0 0
270	3	1 1 0 1 1 1 1 0 1 1 0 1 0 0 0 0 1 0 0 0 1 0 1 0 0 0 0 1 1 0 1 1 1 1 1 1 1 1 1 1 0 0 0 1 0 0 1 0 0 0
270	2	1 1 0 1 1 1 1 0 1 1 0 1 0 0 0 0 1 0 0 0 1 0 1 0 0 0 0 1 1 0 1 1 1 1 1 0 1 1 1 1 0 0 0 1 0 0 0 0 0 0
280	1	1 1 0 1 1 1 1 0 1 1 0 1 0 0 0 0 1 0 0 0 1 0 1 0 0 0 0 1 1 0 1 1 1 1 1 1 0 1 1 1 0 1 0 1 0 0 0 0 0 0
280	3	1 1 0 1 1 1 1 0 1 1 0 1 0 0 0 0 1 0 0 0 1 0 1 0 0 0 0 0 1 0 1 1 1 1 1 1 1 1 1 1 0 0 0 0 0 0 0 1 0 0
280	3	1 1 1 1 1 1 1 0 1 1 0 1 0 0 0 0 1 0 0 0 1 0 1 0 0 0 0 1 1 0 1 1 1 1 1 1 1 1 1 1 0 0 0 1 0 0 0 1 0 0
280	1	1 1 0 1 1 1 1 0 1 0 0 1 0 0 0 0 1 0 0 1 1 0 1 0 0 0 0 1 1 0 1 1 1 1 1 1 1 1 1 1 0 0 0 1 0 0 0 0 0 0
280	3	1 1 0 1 1 1 1 0 1 1 0 1 0 0 0 0 1 0 0 1 1 0 1 0 0 0 0 1 1 0 1 1 1 1 1 1 1 1 1 1 0 0 0 1 0 0 0 0 0 0
280	1	1 1 0 0 1 1 1 0 1 1 0 1 0 0 0 0 1 0 0 0 1 0 1 0 0 0 0 1 1 0 1 1 1 1 1 1 1 1 1 1 0 0 1 1 0 0 0 0 0 0
280	7	1 1 0 1 1 1 1 0 1 1 0 1 0 0 0 0 1 0 0 0 1 0 1 0 0 0 0 1 1 0 1 1 1 1 1 1 1 1 1 1 0 0 0 1 0 0 0 1 0 0
280	1	1 1 0 1 1 0 1 0 1 1 0 1 0 0 0 0 1 0 0 0 1 0 1 0 0 0 0 1 1 0 1 1 1 1 1 1 1 1 1 1 0 0 0 1 0 0 0 0 0 0
280	1	1 1 0 1 1 1 1 0 1 1 1 1 0 0 0 0 1 0 0 0 1 0 1 0 0 0 0 1 0 0 1 1 1 1 1 1 1 1 1 1 0 0 0 1 0 0 0 0 0 0
280	9	1 1 0 1 1 1 1 0 1 1 1 1 0 0 0 0 1 0 0 0 1 0 1 0 0 0 0 1 1 0 1 1 1 1 1 1 1 1 1 1 0 0 0 1 0 0 0 0 0 0
280	60	1 1 0 1 1 1 1 0 1 1 0 1 0 0 0 0 1 0 0 0 1 0 1 0 0 0 0 1 1 0 1 1 1 1 1 1 1 1 1 1 0 0 0 1 0 0 0 0 0 0
280	2	1 1 0 1 1 1 1 0 1 1 1 1 0 0 0 0 1 0 0 0 1 0 1 0 0 0 0 1 1 0 1 1 0 0 1 1 1 1 1 1 0 0 0 1 0 0 0 0 0 0
280	4	1 1 0 1 1 1 1 0 1 1 1 1 0 0 0 0 1 0 0 0 1 0 1 0 0 0 0 1 1 0 1 1 1 0 1 1 1 1 1 1 0 0 0 1 0 0 0 0 0 0
280	1	1 1 0 1 1 1 1 0 1 1 0 1 1 0 0 0 1 0 0 0 1 0 1 0 1 0 0 1 1 0 1 1 1 1 1 1 1 1 1 1 0 0 0 1 0 0 0 0 0 0
280	3	1 1 0 1 1 1 1 0 1 1 0 1 0 0 0 0 1 0 0 0 1 0 1 0 0 0 0 1 1 0 1 1 1 1 1 0 1 1 1 1 0 0 0 1 0 0 0 0 0 0
290	2	1 1 0 1 1 1 1 0 1 1 0 1 0 0 0 0 1 0 0 0 1 0 1 0 0 0 0 0 1 0 1 1 1 1 1 1 1 1 1 1 0 0 0 0 0 0 0 1 0 0
290	1	1 1 0 1 1 1 1 0 1 1 0 1 0 0 0 0 1 0 0 1 1 0 1 0 0 0 0 1 1 0 1 1 1 1 1 1 1 1 1 1 0 0 0 1 0 0 0 0 0 0
290	3	1 1 0 1 1 1 1 0 1 1 0 1 0 0 0 0 1 0 0 0 1 0 1 0 0 0 0 1 1 0 1 1 1 1 1 1 1 1 1 1 0 0 0 1 0 0 0 1 0 0
290	1	1 1 0 1 1 1 1 0 1 1 0 1 0 0 0 0 1 0 0 0 1 0 1 0 1 0 0 1 1 0 1 1 1 1 1 1 1 1 1 1 0 0 0 1 0 0 0 0 0 0
290	2	1 1 0 1 1 1 1 0 1 1 0 1 0 0 0 0 1 0 0 0 1 0 1 0 0 0 0 1 1 0 1 1 1 1 1 1 1 1 1 1 1 0 0 1 0 0 0 0 0 0
290	1	1 1 0 1 0 1 1 0 1 1 1 1 0 0 0 0 1 0 0 0 1 0 1 0 0 0 0 1 1 0 1 1 1 1 1 1 1 1 1 1 0 0 0 1 0 0 0 0 0 0
290	15	1 1 0 1 1 1 1 0 1 1 1 1 0 0 0 0 1 0 0 0 1 0 1 0 0 0 0 1 1 0 1 1 1 1 1 1 1 1 1 1 0 0 0 1 0 0 0 0 0 0
290	1	1 1 0 1 1 1 1 0 1 1 0 1 0 0 0 0 1 0 0 0 1 0 1 0 0 0 0 1 1 0 1 1 1 1 1 1 0 1 1 1 0 0 0 1 0 0 0 0 0 0
290	1	1 1 0 1 0 1 1 0 1 1 0 1 0 0 0 0 1 0 0 0 1 0 1 0 0 0 0 1 1 0 1 1 1 1 1 1 1 1 1 1 0 0 0 1 0 0 0 0 0 0
290	1	1 1 0 1 1 1 1 0 1 1 0 1 0 0 0 0 1 0 0 0 1 0 1 0 0 0 0 1 1 0 1 1 1 1 1 1 1 1 0 1 0 0 0 1 0 0 0 0 0 0
290	1	1 1 0 1 1 1 1 0 1 1 0 1 0 0 0 0 1 0 0 0 1 0 1 0 0 0 0 1 1 0 1 1 1 1 1 0 1 1 1 1 0 0 0 1 0 0 0 0 0 0
290	65	1 1 0 1 1 1 1 0 1 1 0 1 0 0 0 0 1 0 0 0 1 0 1 0 0 0 0 1 1 0 1 1 1 1 1 1 1 1 1 1 0 0 0 1 0 0 0 0 0 0
290	1	1 1 0 1 1 1 0 0 1 1 1 1 0 0 0 0 1 0 0 0 1 0 1 0 0 0 0 1 1 0 1 1 0 0 1 1 1 1 1 1 0 0 0 1 0 0 0 0 0 0
290	2	1 1 0 1 1 1 1 0 1 1 1 1 0 0 0 0 1 0 0 0 1 0 1 0 0 0 0 1 1 0 1 1 0 0 1 1 1 1 1 1 0 0 0 1 0 0 0 0 0 0
290	1	1 1 0 1 1 1 1 0 1 1 1 1 0 0 0 0 1 0 0 0 1 0 1 0 0 0 0 1 1 0 1 1 1 0 1 1 1 1 1 1 0 0 0 1 0 0 0 0 0 0
290	1	1 1 0 1 1 1 1 0 1 1 0 1 1 0 0 0 1 0 0 0 1 0 1 0 1 0 0 1 1 0 1 1 1 1 1 1 1 1 1 1 0 0 0 1 0 0 0 0 0 0
290	1	1 1 0 1 1 1 1 0 1 1 0 1 0 0 0 0 1 0 0 0 1 0 1 0 0 0 0 1 1 0 1 1 1 1 1 1 1 1 1 1 0 0 0 1 0 0 1 0 0 0
300	3	1 1 0 1 1 1 1 0 1 1 0 1 0 0 0 0 1 0 0 0 1 0 1 0 0 0 0 1 1 0 1 1 1 1 1 1 1 1 1 1 0 0 0 1 0 0 0 1 0 0
300	1	1 1 0 1 1 1 1 0 1 1 0 1 0 0 0 0 0 0 1 0 1 0 1 0 0 0 0 1 1 0 1 1 1 1 1 1 1 1 1 1 0 0 0 1 0 0 0 0 0 0
300	1	1 1 0 1 1 1 1 0 1 1 0 1 0 0 0 0 1 0 0 0 1 0 1 0 0 0 0 1 1 0 1 1 1 1 1 1 1 1 1 1 1 0 0 1 0 0 0 0 0 0
300	1	1 1 0 1 1 1 1 0 1 1 1 0 0 0 0 0 1 0 0 0 1 0 1 0 0 0 0 1 1 0 1 1 1 1 1 1 1 1 1 1 0 0 0 1 0 0 0 0 0 0
300	9	1 1 0 1 1 1 1 0 1 1 1 1 0 0 0 0 1 0 0 0 1 0 1 0 0 0 0 1 1 0 1 1 1 0 1 1 1 1 1 1 0 0 0 1 0 0 0 0 0 0
300	26	1 1 0 1 1 1 1 0 1 1 1 1 0 0 0 0 1 0 0 0 1 0 1 0 0 0 0 1 1 0 1 1 1 1 1 1 1 1 1 1 0 0 0 1 0 0 0 0 0 0
300	48	1 1 0 1 1 1 1 0 1 1 0 1 0 0 0 0 1 0 0 0 1 0 1 0 0 0 0 1 1 0 1 1 1 1 1 1 1 1 1 1 0 0 0 1 0 0 0 0 0 0
300	1	1 1 0 1 1 1 1 0 1 1 0 1 0 0 0 0 1 0 1 0 1 0 1 0 0 0 0 1 1 0 1 1 1 1 1 1 1 1 1 1 0 0 0 1 0 0 0 0 0 0
300	1	1 1 0 1 1 1 1 0 1 1 0 1 1 0 0 0 1 0 0 0 1 0 1 0 0 0 0 1 1 0 1 1 1 1 1 1 1 1 1 1 0 0 0 1 0 0 0 0 0 0
300	1	1 1 0 1 1 1 1 0 1 1 0 1 0 0 0 0 1 0 0 0 1 1 1 0 0 0 0 1 1 0 1 1 1 1 1 1 1 1 1 1 0 0 0 1 0 0 0 0 0 0
300	4	1 1 0 1 1 1 1 0 1 1 0 1 0 0 0 0 1 0 0 0 1 0 1 0 0 0 0 1 1 0 1 1 1 1 1 1 1 1 1 0 0 0 0 1 0 0 0 0 0 0
300	1	1 1 0 1 1 1 1 0 1 1 0 1 0 0 0 0 1 0 0 0 1 0 1 0 0 0 0 1 0 0 1 1 1 1 1 1 1 1 1 1 0 0 0 1 0 0 0 0 0 0
300	2	1 1 0 1 1 1 1 0 1 1 1 1 0 0 0 0 1 0 0 0 1 0 1 0 0 0 0 1 1 0 1 1 0 0 1 1 1 1 1 1 0 0 0 1 0 0 0 0 0 0
300	1	1 1 0 1 1 1 1 0 1 1 0 1 1 0 0 0 1 0 0 0 1 0 1 0 1 0 0 1 1 0 1 1 1 1 1 1 1 1 1 1 0 0 0 1 0 0 0 0 0 0
310	1	1 1 1 1 1 1 1 0 1 1 0 1 0 0 0 0 1 0 0 0 1 0 1 0 0 0 0 1 1 0 1 1 1 1 1 1 1 1 1 1 0 0 0 1 0 0 0 1 0 0
310	2	1 1 0 1 1 1 1 0 1 1 0 1 0 0 0 0 1 0 0 0 1 0 1 0 1 0 0 1 1 0 1 1 1 1 1 1 1 1 1 1 0 0 0 1 0 0 0 0 0 0
310	1	1 1 0 1 0 1 1 0 1 1 1 1 0 0 0 0 1 0 0 0 1 0 1 0 0 0 0 1 1 0 1 1 1 1 1 1 1 1 1 1 0 0 0 1 0 0 0 0 0 0
310	5	1 1 0 1 1 1 1 0 1 1 1 1 0 0 0 0 1 0 0 0 1 0 1 0 0 0 0 1 1 0 1 1 1 0 1 1 1 1 1 1 0 0 0 1 0 0 0 0 0 0
310	2	1 1 0 1 1 1 1 0 1 1 1 1 0 0 0 0 1 0 0 0 1 0 1 0 0 0 0 1 1 1 1 1 1 1 1 1 1 1 1 1 0 0 0 1 0 0 0 0 0 0
310	2	1 1 0 1 1 1 1 0 1 1 1 1 0 1 0 0 1 0 0 0 1 0 1 0 0 0 0 1 1 0 1 1 1 1 1 1 1 1 1 1 0 0 0 1 0 0 0 0 0 0
310	2	1 1 0 1 1 1 1 0 1 1 1 1 0 0 0 0 0 0 0 0 1 0 1 0 0 0 0 1 1 0 1 1 1 1 1 1 1 1 1 1 0 0 0 1 0 0 0 0 0 0
310	14	1 1 0 1 1 1 1 0 1 1 1 1 0 0 0 0 1 0 0 0 1 0 1 0 0 0 0 1 1 0 1 1 1 1 1 1 1 1 1 1 0 0 0 1 0 0 0 0 0 0
310	6	1 1 0 1 1 1 1 1 1 1 0 1 0 0 0 0 1 0 0 0 1 0 1 0 0 0 0 1 1 0 1 1 1 1 1 1 1 1 1 1 0 0 0 1 0 0 0 0 0 0
310	2	1 1 0 1 1 1 1 0 1 1 0 1 1 0 0 0 1 0 0 0 1 0 1 0 0 0 0 1 1 0 1 1 1 1 1 1 1 1 1 1 0 0 0 1 0 0 0 0 0 0
310	53	1 1 0 1 1 1 1 0 1 1 0 1 0 0 0 0 1 0 0 0 1 0 1 0 0 0 0 1 1 0 1 1 1 1 1 1 1 1 1 1 0 0 0 1 0 0 0 0 0 0
310	3	1 1 0 1 1 1 1 0 1 1 0 1 0 0 0 0 1 0 0 0 1 1 1 0 0 0 0 1 1 0 1 1 1 1 1 1 1 1 1 1 0 0 0 1 0 0 0 0 0 0
310	2	1 1 0 1 1 1 1 0 1 1 0 1 0 0 0 0 1 0 0 0 1 0 1 0 0 0 0 1 1 0 1 1 1 1 1 0 1 1 1 1 0 0 0 1 0 0 0 0 0 0
310	3	1 1 0 1 1 1 1 0 1 1 0 1 0 0 0 1 1 0 0 0 1 0 1 0 0 0 0 1 1 0 1 1 1 1 1 1 1 1 1 0 0 0 0 1 0 0 0 0 0 0
310	2	1 1 0 1 1 1 1 0 1 1 0 1 0 0 0 0 1 0 0 0 1 0 1 0 0 0 0 1 1 0 1 1 1 1 1 1 1 1 1 0 0 0 0 1 0 0 0 0 0 0
