0	100	0 0 0 0 0 0 0 0 0 0
10	1	1 0 0 0 0 0 0 0 0 0
10	1	0 0 0 0 0 0 1 0 0 0
10	5	0 0 0 1 0 0 0 0 0 0
10	93	0 0 0 0 0 0 0 0 0 0
20	4	0 0 0 0 0 0 0 0 1 0
20	2	0 0 0 1 0 0 0 0 0 0
20	3	0 0 1 0 0 0 0 0 0 0
20	1	0 0 0 0 0 1 0 0 0 0
20	1	0 0 0 0 1 0 0 0 0 0
20	1	0 0 0 0 0 0 1 0 0 0
20	88	0 0 0 0 0 0 0 0 0 0
30	1	1 0 0 0 0 0 0 1 0 0
30	5	0 0 0 1 0 0 0 0 0 0
30	81	0 0 0 0 0 0 0 0 0 0
30	5	1 0 0 0 0 0 0 0 0 0
30	3	0 0 1 0 0 0 0 0 0 0
30	1	0 0 0 0 0 1 0 0 0 0
30	1	0 0 0 1 1 0 0 0 0 0
30	2	0 0 0 0 0 0 1 0 0 0
30	1	0 0 0 0 0 0 0 0 0 1
40	2	1 0 0 0 0 0 0 1 0 0
40	1	0 0 0 1 0 0 0 0 0 0
40	1	0 0 0 0 0 0 0 1 0 0
40	1	0 0 0 0 0 0 1 0 0 0
40	1	1 0 0 0 0 0 0 0 0 0
40	2	0 0 0 0 0 1 0 0 0 0
40	8	0 0 1 0 0 0 0 0 0 0
40	83	0 0 0 0 0 0 0 0 0 0
40	1	0 1 0 1 1 0 0 0 0 0
50	1	1 0 0 0 0 0 0 1 0 0
50	1	0 0 0 1 0 0 1 0 0 0
50	2	0 0 0 1 0 0 0 0 0 0
50	1	0 0 0 0 0 0 0 1 0 0
50	1	0 0 0 0 1 0 1 0 0 0
50	1	0 0 0 0 0 0 1 0 0 0
50	6	0 0 1 0 0 0 0 0 0 0
50	7	0 1 0 0 0 0 0 0 0 0
50	1	0 0 0 0 0 1 0 0 0 0
50	1	0 0 0 0 0 0 0 0 0 1
50	2	1 0 0 0 0 0 0 0 0 0
50	74	0 0 0 0 0 0 0 0 0 0
50	1	1 0 0 0 0 0 0 0 1 0
50	1	0 1 0 1 1 0 0 0 0 0
60	1	0 0 0 1 0 1 0 0 0 0
60	4	0 0 0 1 0 0 0 0 0 0
60	3	0 0 0 0 0 0 0 1 0 0
60	13	0 0 1 0 0 0 0 0 0 0
60	3	0 1 0 0 0 0 0 0 0 0
60	1	0 0 0 0 0 0 0 0 0 1
60	1	0 0 0 0 0 0 0 0 1 0
60	1	0 0 0 0 1 0 0 0 0 0
60	71	0 0 0 0 0 0 0 0 0 0
60	2	0 1 0 1 1 0 0 0 0 0
70	3	0 0 0 1 0 1 0 0 0 0
70	14	0 0 1 0 0 0 0 0 0 0
70	56	0 0 0 0 0 0 0 0 0 0
70	3	0 0 0 1 0 0 0 0 0 0
70	1	0 0 0 0 0 0 1 1 0 0
70	1	0 0 1 0 0 0 0 1 0 0
70	3	0 0 0 0 0 0 0 1 0 0
70	4	0 1 0 0 0 0 0 0 0 0
70	7	0 0 0 0 0 1 0 0 0 0
70	3	1 0 0 0 0 0 0 0 0 0
70	3	0 0 0 0 0 0 0 0 0 1
70	2	0 1 0 1 1 0 0 0 0 0
80	3	0 0 0 1 0 1 0 0 0 0
80	2	1 0 1 0 0 0 0 0 0 0
80	14	0 0 1 0 0 0 0 0 0 0
80	1	0 0 0 0 0 0 0 1 0 0
80	13	0 1 0 0 0 0 0 0 0 0
80	1	0 0 0 0 0 1 0 0 1 0
80	2	0 0 0 0 0 1 0 0 0 0
80	3	1 0 0 0 0 0 0 0 0 0
80	1	0 0 0 0 0 0 0 0 1 0
80	57	0 0 0 0 0 0 0 0 0 0
80	2	0 1 0 0 0 0 1 0 0 0
80	1	0 1 0 1 1 0 0 0 0 0
90	2	0 0 0 1 0 1 0 0 0 0
90	2	0 0 0 1 0 0 0 0 0 0
90	3	0 0 0 0 0 0 0 1 0 0
90	15	0 1 0 0 0 0 0 0 0 0
90	48	0 0 0 0 0 0 0 0 0 0
90	1	0 0 1 0 0 0 0 0 1 0
90	1	0 0 1 0 0 0 0 1 0 0
90	20	0 0 1 0 0 0 0 0 0 0
90	3	1 0 0 0 0 1 0 0 0 0
90	3	0 0 0 0 0 1 0 0 0 0
90	1	0 0 0 1 0 0 1 0 0 0
90	1	0 1 0 1 1 0 0 0 0 0
100	2	0 0 0 1 0 1 0 0 0 0
100	4	0 0 0 1 0 0 0 0 0 0
100	1	0 0 0 0 1 0 0 0 0 0
100	45	0 0 0 0 0 0 0 0 0 0
100	3	0 0 0 0 0 0 0 1 0 0
100	1	0 1 0 1 0 0 0 0 0 0
100	7	0 1 0 0 0 0 0 0 0 0
100	1	0 0 0 0 0 0 1 0 0 0
100	3	1 0 0 0 0 0 0 0 0 0
100	6	0 0 1 0 0 0 0 0 1 0
100	2	1 0 1 0 0 0 0 0 0 0
100	23	0 0 1 0 0 0 0 0 0 0
100	2	1 0 0 0 0 1 0 0 0 0
110	6	0 0 0 1 0 0 0 0 0 0
110	1	0 0 0 0 0 0 0 0 1 0
110	1	1 0 0 0 0 0 0 0 0 0
110	28	0 0 0 0 0 0 0 0 0 0
110	1	0 0 0 0 0 0 0 1 0 0
110	19	0 1 0 0 0 0 0 0 0 0
110	3	0 0 0 0 0 1 0 0 0 0
110	2	1 0 0 0 0 1 0 0 0 0
110	2	0 0 1 0 0 0 0 0 1 0
110	4	1 0 1 0 0 0 0 0 0 0
110	2	0 1 1 0 0 0 0 0 0 0
110	31	0 0 1 0 0 0 0 0 0 0
120	8	0 0 0 1 0 0 0 0 0 0
120	3	0 0 0 0 0 0 0 0 1 0
120	1	1 0 0 0 0 0 0 0 0 0
120	1	1 0 1 0 0 1 0 0 0 0
120	1	1 0 0 0 0 1 0 0 0 0
120	1	0 1 1 0 0 0 0 0 0 0
120	31	0 0 1 0 0 0 0 0 0 0
120	5	0 0 0 0 0 1 0 0 0 0
120	18	0 0 0 0 0 0 0 0 0 0
120	4	0 1 0 0 0 1 0 0 0 0
120	17	0 1 0 0 0 0 0 0 0 0
120	3	0 0 1 0 0 0 0 0 1 0
120	7	1 0 1 0 0 0 0 0 0 0
130	2	0 0 0 1 0 0 0 0 0 0
130	1	0 0 0 0 0 0 0 0 1 0
130	3	1 0 0 0 0 0 0 0 0 0
130	5	0 0 0 0 0 1 0 0 0 0
130	3	1 0 0 0 0 1 0 0 0 0
130	1	0 0 1 0 0 0 0 0 1 0
130	8	0 0 0 0 0 0 0 0 0 0
130	24	0 0 1 0 0 0 0 0 0 0
130	12	1 0 1 0 0 0 0 0 0 0
130	3	0 1 0 0 0 1 0 0 0 0
130	1	0 1 0 0 0 0 1 0 0 0
130	37	0 1 0 0 0 0 0 0 0 0
140	1	0 0 0 1 0 0 0 0 0 0
140	5	1 0 0 0 0 0 0 0 0 0
140	1	0 0 0 0 1 1 0 0 0 0
140	6	0 0 0 0 0 1 0 0 0 0
140	2	1 0 0 0 0 1 0 0 0 0
140	9	0 0 0 0 0 0 0 0 0 0
140	10	1 0 1 0 0 0 0 0 0 0
140	1	0 0 1 0 0 0 0 1 0 0
140	22	0 0 1 0 0 0 0 0 0 0
140	4	0 1 0 0 0 1 0 0 0 0
140	1	0 1 0 0 1 0 0 0 0 0
140	38	0 1 0 0 0 0 0 0 0 0
150	2	0 0 0 1 0 0 0 0 0 0
150	1	0 0 0 0 0 0 0 0 1 0
150	3	1 0 0 0 0 1 0 0 0 0
150	4	1 0 0 0 0 0 0 0 0 0
150	1	0 1 0 0 0 1 0 0 0 0
150	19	0 0 0 0 0 1 0 0 0 0
150	1	0 0 0 0 0 0 0 0 0 1
150	3	0 0 0 0 0 0 0 0 0 0
150	1	1 0 1 0 0 0 0 0 1 0
150	16	1 0 1 0 0 0 0 0 0 0
150	19	0 0 1 0 0 0 0 0 0 0
150	30	0 1 0 0 0 0 0 0 0 0
