10	1	1 1 0 1 0 1 0 1 0 0 0 0 0 0 1 0 1 0 1 0 1 0 0 0 0 1 1 0 0 1 0 0 1 0 0 0 0 0 1 1 1 1 0 0 1 1 1 1 1 1
10	29	1 1 0 1 0 1 0 1 0 0 0 0 0 0 1 0 1 0 1 0 1 0 0 0 0 1 1 0 0 1 0 1 1 0 0 0 0 0 1 1 1 1 0 0 1 1 1 1 1 1
10	1	1 1 0 0 1 1 0 1 1 0 0 1 0 0 1 0 1 1 0 1 1 0 0 0 0 1 0 0 1 0 1 1 1 0 1 1 1 1 0 1 0 0 0 1 1 0 1 1 1 1
10	1	1 1 0 0 1 1 0 1 1 0 0 1 0 0 1 1 1 1 0 1 1 0 0 0 0 1 0 0 1 0 1 1 1 0 1 1 1 1 0 1 0 0 0 1 1 0 1 0 1 1
10	9	1 1 0 0 1 1 0 1 1 0 0 1 0 0 1 1 1 1 0 1 1 0 0 0 0 1 0 0 1 0 1 1 1 0 1 1 1 1 0 1 0 0 0 1 1 0 1 1 1 1
10	17	1 0 0 0 1 0 1 0 1 1 0 0 1 0 1 0 0 1 1 1 0 1 0 0 1 0 1 0 0 1 1 1 1 1 0 0 1 1 0 1 0 1 1 1 1 0 0 0 0 0
10	22	0 1 1 1 0 1 1 1 1 0 1 1 1 0 1 0 0 0 1 0 0 1 0 1 0 0 1 0 0 1 0 0 0 1 1 1 0 1 1 1 1 0 1 1 1 1 1 0 0 0
10	20	1 0 0 0 0 1 1 0 1 0 0 0 1 1 1 1 1 1 1 1 0 0 1 1 0 1 1 1 0 0 1 0 1 0 1 1 1 0 1 1 1 0 1 0 1 0 0 0 1 1
20	27	1 1 0 1 0 1 0 1 0 0 0 0 0 0 1 0 1 0 1 0 1 0 0 0 0 1 1 0 0 1 0 1 1 0 0 0 0 0 1 1 1 1 0 0 1 1 1 1 1 1
20	1	1 1 1 0 1 1 0 1 1 0 0 1 0 0 1 1 1 1 0 1 1 0 0 0 0 1 0 0 1 0 1 1 1 0 1 1 1 1 0 1 0 0 0 1 1 0 1 1 1 1
20	18	1 1 0 0 1 1 0 1 1 0 0 1 0 0 1 1 1 1 0 1 1 0 0 0 0 1 0 0 1 0 1 1 1 0 1 1 1 1 0 1 0 0 0 1 1 0 1 1 1 1
20	15	1 0 0 0 1 0 1 0 1 1 0 0 1 0 1 0 0 1 1 1 0 1 0 0 1 0 1 0 0 1 1 1 1 1 0 0 1 1 0 1 0 1 1 1 1 0 0 0 0 0
20	2	0 1 1 1 0 1 1 1 1 0 1 1 1 0 1 0 0 0 1 0 0 1 0 1 0 0 1 0 0 1 0 0 0 1 1 1 0 1 1 1 1 0 1 0 1 1 1 0 0 0
20	20	0 1 1 1 0 1 1 1 1 0 1 1 1 0 1 0 0 0 1 0 0 1 0 1 0 0 1 0 0 1 0 0 0 1 1 1 0 1 1 1 1 0 1 1 1 1 1 0 0 0
20	17	1 0 0 0 0 1 1 0 1 0 0 0 1 1 1 1 1 1 1 1 0 0 1 1 0 1 1 1 0 0 1 0 1 0 1 1 1 0 1 1 1 0 1 0 1 0 0 0 1 1
30	25	1 1 0 1 0 1 0 1 0 0 0 0 0 0 1 0 1 0 1 0 1 0 0 0 0 1 1 0 0 1 0 1 1 0 0 0 0 0 1 1 1 1 0 0 1 1 1 1 1 1
30	9	1 1 1 0 1 1 0 1 1 0 0 1 0 0 1 1 1 1 0 1 1 0 0 0 0 1 0 0 1 0 1 1 1 0 1 1 1 1 0 1 0 0 0 1 1 0 1 1 1 1
30	13	1 1 0 0 1 1 0 1 1 0 0 1 0 0 1 1 1 1 0 1 1 0 0 0 0 1 0 0 1 0 1 1 1 0 1 1 1 1 0 1 0 0 0 1 1 0 1 1 1 1
30	4	1 0 0 0 1 0 1 0 1 1 0 0 1 0 1 0 0 1 1 1 0 1 0 1 1 0 1 0 0 1 1 1 1 1 0 0 1 1 0 1 0 1 1 1 1 0 0 0 0 0
30	1	1 0 0 0 1 1 1 0 1 1 0 0 1 0 1 0 0 1 1 1 0 1 0 0 1 0 1 0 0 1 1 1 1 1 0 0 1 1 0 1 0 1 1 1 1 0 0 0 0 0
30	1	1 0 0 0 1 0 1 0 1 1 0 0 1 0 1 0 0 0 1 1 0 1 0 0 1 0 1 0 0 1 1 1 1 1 0 0 1 1 0 1 0 1 1 1 1 0 0 0 0 0
30	9	1 0 0 0 1 0 1 0 1 1 0 0 1 0 1 0 0 1 1 1 0 1 0 0 1 0 1 0 0 1 1 1 1 1 0 0 1 1 0 1 0 1 1 1 1 0 0 0 0 0
30	16	0 1 1 1 0 1 1 1 1 0 1 1 1 0 1 0 0 0 1 0 0 1 0 1 0 0 1 0 0 1 0 0 0 1 1 1 0 1 1 1 1 0 1 0 1 1 1 0 0 0
30	3	0 1 1 1 0 1 1 1 1 0 1 1 1 0 1 0 0 0 1 0 0 1 0 1 0 0 1 0 0 1 0 0 0 1 1 1 0 1 1 1 0 0 1 1 1 1 1 0 0 0
30	11	0 1 1 1 0 1 1 1 1 0 1 1 1 0 1 0 0 0 1 0 0 1 0 1 0 0 1 0 0 1 0 0 0 1 1 1 0 1 1 1 1 0 1 1 1 1 1 0 0 0
30	8	1 0 0 0 0 1 1 0 1 0 0 0 1 1 1 1 1 1 1 1 0 0 1 1 0 1 1 1 0 0 1 0 1 0 1 1 1 0 1 1 1 0 1 0 1 0 0 0 1 1
40	16	1 1 0 1 0 1 0 1 0 0 0 0 0 0 1 0 1 0 1 0 1 0 0 0 0 1 1 0 0 1 0 1 1 0 0 0 0 0 1 1 1 1 0 0 1 1 1 1 1 1
40	1	1 1 0 0 1 1 0 1 1 0 0 1 0 0 0 1 1 1 0 1 1 0 0 0 0 1 0 0 1 0 1 1 1 0 1 1 1 1 0 1 0 0 0 1 1 0 1 1 1 1
40	10	1 1 0 0 1 1 0 1 1 0 0 1 0 0 1 1 1 1 0 1 1 0 0 0 0 1 0 0 1 0 1 1 1 0 1 1 1 1 0 1 0 0 0 1 1 0 1 1 1 1
40	6	1 1 1 0 1 1 0 1 1 0 0 1 0 0 1 1 1 1 0 1 1 0 0 0 0 1 0 0 1 0 1 1 1 0 1 1 1 1 0 1 0 0 0 1 1 0 1 1 1 1
40	8	1 0 0 0 1 0 1 0 1 1 0 0 1 0 1 0 0 1 1 1 0 1 0 1 1 0 1 0 0 1 1 1 1 1 0 0 1 1 0 1 0 1 1 1 1 0 0 0 0 0
40	3	1 0 0 1 1 0 1 0 1 1 0 0 1 0 1 0 0 1 1 1 0 1 0 0 1 0 1 0 0 1 1 1 1 1 0 0 1 1 0 1 0 1 1 1 1 0 0 0 0 0
40	1	0 1 1 1 0 1 1 1 0 0 1 1 1 0 1 0 0 0 1 0 0 1 0 1 0 0 1 0 0 1 0 0 0 1 1 1 0 1 1 1 1 0 1 0 1 1 1 0 0 0
40	37	0 1 1 1 0 1 1 1 1 0 1 1 1 0 1 0 0 0 1 0 0 1 0 1 0 0 1 0 0 1 0 0 0 1 1 1 0 1 1 1 1 0 1 0 1 1 1 0 0 0
40	7	0 1 1 1 0 1 1 1 1 0 1 1 1 0 1 0 0 0 1 0 0 1 0 1 0 0 1 0 0 1 0 0 0 1 1 1 0 1 1 1 0 0 1 1 1 1 1 0 0 0
40	1	0 1 1 1 0 1 1 1 1 0 1 1 1 0 1 0 0 0 1 0 0 1 0 1 0 0 1 0 0 1 0 0 0 1 1 1 0 1 1 1 1 0 1 1 1 1 1 0 0 0
40	1	1 0 0 0 0 1 1 0 1 0 0 0 1 1 1 1 1 1 1 1 0 0 1 1 0 1 1 1 0 0 1 0 1 0 1 1 1 0 1 1 1 0 1 1 1 0 0 0 1 1
40	9	1 0 0 0 0 1 1 0 1 0 0 0 1 1 1 1 1 1 1 1 0 0 1 1 0 1 1 1 0 0 1 0 1 0 1 1 1 0 1 1 1 0 1 0 1 0 0 0 1 1
50	2	1 1 0 1 0 1 0 1 0 0 0 0 0 0 1 0 1 0 1 0 1 0 0 0 0 1 1 0 0 1 0 1 1 0 0 0 0 0 1 1 1 1 0 0 1 1 1 1 1 1
50	3	1 1 0 0 1 1 0 1 1 0 0 1 0 0 1 1 1 1 0 1 1 0 0 0 0 1 0 0 1 0 1 1 1 0 1 1 1 1 0 1 0 0 0 1 1 0 1 1 1 1
50	4	1 1 1 0 1 1 0 1 1 0 0 1 0 0 1 1 1 1 0 1 1 0 0 0 0 1 0 0 1 0 1 1 1 0 1 1 1 1 0 1 0 0 0 1 1 0 1 1 1 1
50	5	1 0 0 0 1 0 1 0 1 1 0 0 1 0 1 0 0 1 1 1 0 1 0 1 1 0 1 0 0 1 1 1 1 1 0 0 1 1 0 1 0 1 1 1 1 0 0 0 0 0
50	2	1 1 0 1 1 0 1 0 1 1 0 0 1 0 1 0 0 1 1 1 0 1 0 0 1 0 1 0 0 1 1 1 1 1 0 0 1 1 0 1 0 1 1 1 1 0 0 0 0 0
50	8	1 0 0 1 1 0 1 0 1 1 0 0 1 0 1 0 0 1 1 1 0 1 0 0 1 0 1 0 0 1 1 1 1 1 0 0 1 1 0 1 0 1 1 1 1 0 0 0 0 0
50	1	0 1 1 1 0 1 1 1 1 0 1 1 1 0 1 1 0 0 1 0 0 1 0 1 0 0 1 0 0 1 0 0 0 1 1 1 0 1 1 1 1 0 1 0 1 1 1 0 0 0
50	1	0 1 1 1 0 1 1 1 1 0 1 1 1 0 1 0 0 0 1 0 0 1 0 1 0 0 1 1 0 1 0 0 0 1 1 1 0 1 1 1 1 0 1 0 1 1 1 0 0 0
50	1	1 1 1 1 0 1 1 1 1 0 1 1 1 0 1 0 0 0 1 0 0 1 0 1 0 0 1 0 0 1 0 0 0 1 1 1 0 1 1 1 1 0 1 0 1 1 1 0 0 0
50	68	0 1 1 1 0 1 1 1 1 0 1 1 1 0 1 0 0 0 1 0 0 1 0 1 0 0 1 0 0 1 0 0 0 1 1 1 0 1 1 1 1 0 1 0 1 1 1 0 0 0
50	4	0 1 1 1 0 1 1 1 1 0 1 1 1 0 1 0 0 0 1 0 0 1 0 1 0 0 1 0 0 1 0 0 0 1 1 1 0 1 1 1 0 0 1 1 1 1 1 0 0 0
50	1	0 1 1 1 0 1 1 1 1 0 1 1 1 0 1 0 0 0 1 0 0 1 0 1 0 0 1 0 0 1 0 0 0 1 1 1 0 1 1 1 1 0 1 1 1 1 1 0 0 0
60	1	1 1 0 0 1 1 0 1 1 0 0 1 0 0 1 1 1 1 0 1 1 0 0 0 0 1 0 0 1 0 1 1 1 0 1 1 1 1 0 1 0 0 0 1 1 0 1 1 1 1
60	2	1 1 1 0 1 1 0 1 1 0 0 1 0 0 1 1 1 1 0 1 1 0 0 0 0 1 0 0 1 0 1 1 1 0 1 1 1 1 0 1 0 0 0 1 1 0 1 1 1 1
60	7	1 1 0 1 1 0 1 0 1 1 0 0 1 0 1 0 0 1 1 1 0 1 0 0 1 0 1 0 0 1 1 1 1 1 0 0 1 1 0 1 0 1 1 1 1 0 0 0 0 0
60	7	1 0 0 1 1 0 1 0 1 1 0 0 1 0 1 0 0 1 1 1 0 1 0 0 1 0 1 0 0 1 1 1 1 1 0 0 1 1 0 1 0 1 1 1 1 0 0 0 0 0
60	4	0 1 1 1 0 1 1 1 1 0 1 1 1 0 1 0 0 0 1 0 0 1 0 0 0 0 1 0 0 1 0 0 0 1 1 1 0 1 1 1 1 0 1 0 1 1 1 0 0 0
60	2	1 1 1 1 0 1 1 1 1 0 1 1 1 0 1 0 0 0 1 0 1 1 0 1 0 0 1 0 0 1 0 0 0 1 1 1 0 1 1 1 1 0 1 0 1 1 1 0 0 0
60	2	1 1 1 1 0 1 1 1 1 0 1 1 1 0 1 0 0 0 1 0 0 1 0 1 0 0 1 0 0 1 0 0 0 1 1 1 0 1 1 1 1 0 1 0 1 1 1 0 0 0
60	3	0 1 1 1 0 1 1 1 1 0 0 1 1 0 1 0 0 0 1 0 0 1 0 1 0 0 1 0 0 1 0 0 0 1 1 1 0 1 1 1 1 0 1 0 1 1 1 0 0 0
60	1	0 1 1 1 0 1 1 1 1 0 1 1 1 0 1 0 0 0 1 0 0 1 1 1 0 0 1 0 0 1 0 0 0 1 1 1 0 1 1 1 1 0 1 0 1 1 1 0 0 0
60	1	0 1 1 1 0 1 1 1 1 0 1 1 1 0 1 0 0 0 1 0 0 1 0 1 0 0 1 0 0 1 1 0 0 1 1 1 0 1 1 1 1 0 1 0 1 1 1 0 0 0
60	1	0 1 1 1 0 1 1 1 1 0 1 1 1 0 1 0 0 0 1 0 0 1 0 1 0 0 1 0 0 1 0 0 0 1 1 1 0 1 1 1 1 0 1 1 1 1 1 0 0 0
60	2	0 1 1 1 0 1 1 1 1 0 1 1 1 0 1 0 0 0 1 0 0 1 0 1 0 1 1 0 0 1 0 0 0 1 1 1 0 1 1 1 1 0 1 0 1 1 1 0 0 0
60	56	0 1 1 1 0 1 1 1 1 0 1 1 1 0 1 0 0 0 1 0 0 1 0 1 0 0 1 0 0 1 0 0 0 1 1 1 0 1 1 1 1 0 1 0 1 1 1 0 0 0
60	9	0 1 1 1 0 1 1 1 1 0 1 1 1 0 1 0 0 0 1 0 0 1 0 1 0 0 1 0 0 1 0 0 0 1 1 1 0 1 1 1 0 0 1 1 1 1 1 0 0 0
60	2	1 0 0 0 0 1 1 0 1 0 0 0 1 1 1 1 1 1 1 1 0 0 1 1 0 1 1 1 0 0 1 0 1 0 1 1 1 0 1 1 1 0 1 0 1 0 0 0 1 1
70	1	1 1 0 1 1 0 1 0 1 1 0 0 1 0 1 0 0 1 1 1 0 1 0 0 1 0 1 0 0 1 1 1 1 1 0 0 1 1 0 1 0 1 1 1 0 0 0 0 0 0
70	1	1 1 0 1 1 0 1 0 1 1 0 0 1 0 1 0 0 1 1 1 0 1 0 0 1 0 1 0 0 1 0 1 1 1 0 0 1 1 0 1 0 1 1 1 1 0 0 0 1 0
70	8	1 1 0 1 1 0 1 0 1 1 0 0 1 0 1 0 0 1 1 1 0 1 0 0 1 0 1 0 0 1 1 1 1 1 0 0 1 1 0 1 0 1 1 1 1 0 0 0 0 0
70	2	1 0 0 1 1 0 1 0 1 1 0 0 1 0 1 0 0 1 1 1 0 1 0 0 1 0 1 0 0 1 1 1 1 1 0 0 1 1 0 1 0 1 1 1 1 1 0 0 0 0
70	2	1 0 0 1 1 0 1 0 1 1 0 0 1 0 1 0 0 1 1 1 0 1 0 0 1 0 1 0 0 1 1 1 1 1 0 0 1 1 0 1 0 1 1 1 1 0 0 0 0 0
70	1	0 1 1 1 0 1 1 1 1 0 1 1 1 0 1 0 0 0 1 0 0 1 0 0 0 0 1 0 0 1 0 0 0 1 1 1 0 1 1 1 1 0 1 0 1 1 1 0 0 0
70	1	1 1 1 1 0 1 1 1 1 0 1 1 1 0 1 0 0 0 1 0 1 1 0 1 0 0 1 0 0 1 0 0 0 1 1 1 0 1 1 1 1 0 1 0 1 1 1 0 0 0
70	7	1 1 1 1 0 1 1 1 1 0 1 1 1 0 1 0 0 0 1 0 0 1 0 1 0 0 1 0 0 1 0 0 0 1 1 1 0 1 1 1 1 0 1 0 1 1 1 0 0 0
70	3	0 1 1 1 0 1 1 1 1 0 0 1 1 0 1 0 0 0 1 0 0 1 0 1 0 0 1 0 0 1 0 0 0 1 1 1 0 1 1 1 1 0 1 0 1 1 1 0 0 0
70	4	0 1 1 1 0 1 1 1 1 0 1 1 0 0 1 0 0 0 1 0 0 1 0 1 0 0 1 0 0 1 0 0 0 1 1 1 0 1 1 1 1 0 1 0 1 1 1 0 0 0
70	1	0 1 1 1 0 1 1 1 1 0 1 1 1 0 1 0 0 0 1 0 0 1 0 1 0 0 1 0 0 1 0 0 0 1 1 1 0 1 1 1 1 0 1 0 1 1 0 0 0 0
70	2	0 1 1 0 0 1 1 1 1 0 1 1 1 0 1 0 0 0 1 0 0 1 0 1 0 0 1 0 0 1 0 0 0 1 1 1 0 1 1 1 1 0 1 0 1 1 1 0 0 0
70	1	0 0 1 1 0 1 1 1 1 0 1 1 1 0 1 0 0 0 1 0 0 1 0 1 0 0 1 0 0 1 0 0 0 1 1 1 0 1 1 1 1 0 1 0 1 1 1 0 0 0
70	61	0 1 1 1 0 1 1 1 1 0 1 1 1 0 1 0 0 0 1 0 0 1 0 1 0 0 1 0 0 1 0 0 0 1 1 1 0 1 1 1 1 0 1 0 1 1 1 0 0 0
70	5	0 1 1 1 0 1 1 1 1 0 1 1 1 0 1 0 0 0 1 0 0 1 0 1 0 0 1 0 0 1 0 0 0 1 1 1 0 1 1 1 0 0 1 1 1 1 1 0 0 0
80	1	1 1 1 1 1 1 0 1 1 0 0 1 0 0 1 1 1 1 0 1 1 0 0 0 0 1 0 0 1 0 1 1 1 0 1 1 1 1 0 1 0 0 0 1 1 0 1 1 1 1
80	2	1 1 0 1 1 0 1 0 1 1 0 0 1 0 1 0 0 1 1 1 0 1 0 0 1 0 1 0 0 1 1 1 1 1 0 0 1 1 0 1 0 1 1 1 0 0 0 0 0 0
80	2	1 1 0 1 1 0 1 0 1 1 0 0 1 0 1 0 0 1 1 1 0 1 0 0 1 0 1 0 0 1 0 1 1 1 0 0 1 1 0 1 0 1 1 1 1 0 0 0 0 0
80	12	1 1 0 1 1 0 1 0 1 1 0 0 1 0 1 0 0 1 1 1 0 1 0 0 1 0 1 0 0 1 1 1 1 1 0 0 1 1 0 1 0 1 1 1 1 0 0 0 0 0
80	3	1 0 0 1 1 0 1 0 1 1 0 0 1 0 1 0 0 1 1 1 0 1 0 0 1 0 1 0 0 1 1 1 1 1 0 0 1 1 0 1 0 1 1 1 1 0 0 0 0 0
80	1	0 1 1 1 0 1 1 1 1 0 1 1 1 0 1 0 0 0 1 0 0 1 0 0 0 0 1 0 0 1 0 0 0 1 1 1 0 1 1 1 1 0 1 0 1 1 1 0 0 0
80	4	1 1 1 1 0 1 1 1 1 0 1 1 1 0 1 0 0 0 1 0 1 1 0 1 0 0 1 0 0 1 0 0 0 1 1 1 0 1 1 1 1 0 1 0 1 1 1 0 0 0
80	2	1 1 1 1 0 1 1 1 1 0 1 1 1 0 1 0 0 0 1 0 0 1 0 1 0 0 1 0 0 1 1 0 0 1 1 1 0 1 1 1 1 0 1 0 1 1 1 0 0 0
80	1	1 1 1 1 0 1 1 1 1 0 1 1 1 0 1 1 0 0 1 0 0 1 0 1 0 0 1 0 0 1 0 0 0 1 1 1 0 1 1 1 1 0 1 0 1 1 1 0 0 0
80	5	1 1 1 1 0 1 1 1 1 0 1 1 1 0 1 0 0 0 1 0 0 1 0 1 0 0 1 0 0 1 0 0 0 1 1 1 0 1 1 1 1 0 1 0 1 1 1 0 0 0
80	3	0 1 1 1 0 1 1 1 1 0 0 1 1 0 1 0 0 0 1 0 0 1 0 1 0 0 1 0 0 1 0 0 0 1 1 1 0 1 1 1 1 0 0 0 1 1 1 0 0 0
80	1	0 1 1 1 0 1 1 1 1 0 0 1 1 0 1 0 0 0 1 0 0 1 0 1 0 0 1 0 0 1 0 0 0 1 1 1 0 1 1 1 1 0 1 0 1 1 1 0 0 0
80	2	0 1 1 1 0 1 1 1 1 0 1 1 0 0 1 0 0 0 1 0 0 1 0 1 0 0 1 0 0 1 0 0 0 1 1 1 0 1 1 1 1 0 1 0 1 1 1 0 0 0
80	2	0 1 1 1 0 1 1 1 1 0 1 1 1 0 1 0 0 0 1 0 0 1 1 1 0 0 1 0 0 1 0 0 0 1 1 1 0 1 1 1 1 0 1 0 1 1 1 0 0 0
80	2	0 1 1 1 0 1 1 1 1 0 1 1 1 0 1 0 0 0 1 0 0 1 0 1 0 0 1 0 0 1 0 0 0 1 1 1 0 1 1 0 1 0 1 0 1 1 1 0 0 0
80	1	0 1 0 1 0 1 1 1 1 0 1 1 1 0 1 0 0 0 1 0 0 1 0 1 0 0 1 0 0 1 0 0 0 1 1 1 0 1 1 1 1 0 1 0 1 1 1 0 0 0
80	53	0 1 1 1 0 1 1 1 1 0 1 1 1 0 1 0 0 0 1 0 0 1 0 1 0 0 1 0 0 1 0 0 0 1 1 1 0 1 1 1 1 0 1 0 1 1 1 0 0 0
80	3	0 1 1 1 0 1 1 1 1 0 1 1 1 0 1 0 0 0 1 0 0 1 0 1 0 0 1 0 0 1 0 0 0 1 1 1 0 1 1 1 0 0 1 1 1 1 1 0 0 0
90	16	1 1 0 1 1 0 1 0 1 1 0 0 1 0 1 0 0 1 1 1 0 1 0 0 1 0 1 0 0 1 1 1 1 1 0 0 1 1 0 1 0 1 1 1 1 0 0 0 0 0
90	5	1 1 0 1 1 0 1 0 1 1 0 0 1 0 1 0 0 1 1 1 0 1 0 0 1 0 1 0 0 1 1 1 1 1 0 0 1 1 0 1 0 1 1 1 0 0 0 0 0 0
90	7	1 1 0 1 1 0 1 0 1 1 0 0 1 0 1 0 0 1 1 1 0 1 0 0 1 0 1 0 0 1 0 1 1 1 0 0 1 1 0 1 0 1 1 1 1 0 0 0 0 0
90	5	1 1 0 1 1 0 1 1 1 1 0 0 1 0 1 0 0 1 1 1 0 1 0 0 1 0 1 0 0 1 1 1 1 1 0 0 1 1 0 1 0 1 1 1 1 0 0 0 0 0
90	2	0 1 1 1 0 1 1 1 1 0 1 1 1 0 1 0 1 0 1 0 0 1 0 0 0 0 1 0 0 1 0 0 0 1 1 1 0 1 1 1 1 0 1 0 1 1 1 0 0 0
90	5	1 1 1 1 0 1 1 1 1 0 1 1 1 0 1 0 0 0 1 0 1 1 0 1 0 0 1 0 0 1 0 0 0 1 1 1 0 1 1 1 1 0 1 0 1 1 1 0 0 0
90	1	1 1 1 1 0 1 1 1 1 0 1 1 1 0 1 0 0 0 1 0 0 1 0 1 0 0 1 0 0 1 1 0 0 1 1 1 0 1 1 1 1 0 1 0 1 1 1 0 0 0
90	11	1 1 1 1 0 1 1 1 1 0 1 1 1 0 1 0 0 0 1 0 0 1 0 1 0 0 1 0 0 1 0 0 0 1 1 1 0 1 1 1 1 0 1 0 1 1 1 0 0 0
90	9	0 1 1 1 0 1 1 1 1 0 0 1 1 0 1 0 0 0 1 0 0 1 0 1 0 0 1 0 0 1 0 0 0 1 1 1 0 1 1 1 1 0 0 0 1 1 1 0 0 0
90	2	0 1 1 1 0 1 1 1 1 0 0 1 1 0 1 0 0 0 1 0 0 1 0 1 0 0 1 0 0 1 0 0 0 1 1 1 0 1 1 1 1 0 1 0 1 1 1 0 0 0
90	2	0 1 1 1 0 1 1 1 1 0 1 1 1 0 1 0 0 0 1 0 0 1 0 1 0 0 1 0 0 1 0 0 0 1 1 1 0 1 1 1 1 0 1 0 1 1 0 0 0 0
90	4	0 1 1 1 0 1 1 1 1 0 1 0 1 0 1 0 0 0 1 0 0 1 0 1 0 0 1 0 0 1 0 0 0 1 1 1 0 1 1 1 1 0 1 0 1 1 1 0 0 0
90	2	0 1 1 1 0 1 1 1 1 0 1 1 1 0 1 0 0 0 1 0 0 1 0 1 0 0 0 0 0 1 0 0 0 1 1 1 0 1 1 1 1 0 1 0 1 1 1 0 0 0
90	27	0 1 1 1 0 1 1 1 1 0 1 1 1 0 1 0 0 0 1 0 0 1 0 1 0 0 1 0 0 1 0 0 0 1 1 1 0 1 1 1 1 0 1 0 1 1 1 0 0 0
90	2	0 1 1 1 0 1 1 1 1 0 1 1 1 0 1 0 0 0 1 0 0 1 0 1 0 0 1 0 0 1 0 0 0 1 1 1 0 1 1 1 0 0 1 1 1 1 1 0 0 0
100	1	1 1 0 1 1 0 1 0 1 1 0 0 1 0 1 0 0 1 1 1 0 1 0 0 1 0 1 0 0 1 1 1 1 1 0 0 1 1 0 1 1 1 1 1 1 0 0 0 0 0
100	1	1 1 0 1 1 0 1 0 1 1 0 0 1 0 1 0 0 1 1 0 0 1 0 0 1 0 1 0 0 1 1 1 1 1 0 0 1 1 0 1 0 1 1 1 1 0 0 0 0 0
100	2	1 1 0 1 1 0 1 0 1 1 0 0 1 0 1 0 0 1 1 1 0 1 0 0 1 0 1 0 0 1 0 1 1 1 0 0 1 1 0 1 0 1 1 1 1 0 0 0 0 0
100	15	1 1 0 1 1 0 1 0 1 1 0 0 1 0 1 0 0 1 1 1 0 1 0 0 1 0 1 0 0 1 1 1 1 1 0 0 1 1 0 1 0 1 1 1 1 0 0 0 0 0
100	14	1 1 0 1 1 0 1 0 1 1 0 0 1 0 1 0 0 1 1 1 0 1 0 0 1 0 1 0 0 1 1 1 1 1 0 0 1 1 0 1 0 1 1 1 0 0 0 0 0 0
100	10	1 1 0 1 1 0 1 1 1 1 0 0 1 0 1 0 0 1 1 1 0 1 0 0 1 0 1 0 0 1 1 1 1 1 0 0 1 1 0 1 0 1 1 1 1 0 0 0 0 0
100	1	1 0 0 1 1 0 1 0 1 1 0 0 1 0 1 0 0 1 1 1 0 1 0 0 1 0 1 0 0 1 1 1 1 1 0 0 1 1 0 1 0 1 1 1 1 1 0 0 0 0
100	12	1 1 1 1 0 1 1 1 1 0 1 1 1 0 1 0 0 0 1 0 1 1 0 1 0 0 1 0 0 1 0 0 0 1 1 1 0 1 1 1 1 0 1 0 1 1 1 0 0 0
100	15	1 1 1 1 0 1 1 1 1 0 1 1 1 0 1 0 0 0 1 0 0 1 0 1 0 0 1 0 0 1 0 0 0 1 1 1 0 1 1 1 1 0 1 0 1 1 1 0 0 0
100	2	0 1 1 1 0 1 1 1 1 0 0 1 1 0 1 0 0 0 1 0 0 1 0 1 0 0 1 0 0 1 0 0 0 1 1 1 0 1 1 1 1 0 0 0 1 1 1 0 0 0
100	1	0 1 1 1 0 1 1 1 1 0 0 1 1 0 1 0 0 0 1 0 0 1 0 1 0 0 1 0 0 1 0 0 0 1 1 1 0 1 1 1 1 0 1 0 1 1 1 0 0 0
100	1	0 1 1 1 0 1 1 1 1 0 1 1 1 0 1 0 0 0 1 0 0 1 0 1 0 0 1 0 0 1 0 0 1 1 1 1 0 1 1 1 1 0 1 0 1 1 0 0 0 0
100	1	0 1 1 1 0 1 1 1 1 0 1 1 1 0 1 0 0 0 1 0 0 1 0 1 0 0 1 0 0 1 0 0 0 1 1 1 0 1 1 1 1 0 1 0 1 1 0 0 0 0
100	2	0 1 1 1 0 1 1 1 1 0 1 0 1 0 1 0 0 0 1 0 0 1 0 1 0 0 1 0 0 1 0 0 0 1 1 1 0 1 1 1 1 0 1 0 1 1 1 0 0 0
100	1	0 1 1 1 0 1 1 1 0 0 1 1 1 0 1 0 0 0 1 0 0 1 0 1 0 0 1 0 0 1 0 0 0 1 1 1 0 1 1 1 1 0 1 0 1 1 1 0 0 0
100	2	0 1 1 1 0 1 0 1 1 0 1 1 1 0 1 0 0 0 1 0 0 1 0 1 0 0 1 0 0 1 0 0 0 1 1 1 0 1 1 1 1 0 1 0 1 1 1 0 0 0
100	17	0 1 1 1 0 1 1 1 1 0 1 1 1 0 1 0 0 0 1 0 0 1 0 1 0 0 1 0 0 1 0 0 0 1 1 1 0 1 1 1 1 0 1 0 1 1 1 0 0 0
100	2	0 1 1 1 0 1 1 1 1 0 1 1 1 0 1 0 0 0 1 0 0 1 0 1 0 0 1 0 0 1 0 0 0 1 1 1 0 1 1 1 0 0 1 1 1 1 1 0 0 0
110	1	1 1 0 1 1 0 1 0 1 1 0 0 1 0 1 0 0 1 1 1 0 1 0 0 1 0 1 0 0 1 1 1 1 1 0 0 1 1 0 1 1 1 1 1 1 0 0 0 0 0
110	1	1 1 0 1 1 0 1 0 1 1 0 0 1 0 1 0 0 1 1 1 0 1 0 0 1 0 1 0 0 1 0 1 1 1 0 0 1 1 0 1 0 1 1 1 1 0 0 0 0 0
110	1	1 1 0 1 1 0 1 0 1 1 1 0 1 0 1 0 0 1 1 1 0 1 0 0 1 0 1 0 0 1 1 1 1 1 0 0 1 1 0 1 0 1 1 1 1 0 0 0 0 0
110	17	1 1 0 1 1 0 1 0 1 1 0 0 1 0 1 0 0 1 1 1 0 1 0 0 1 0 1 0 0 1 1 1 1 1 0 0 1 1 0 1 0 1 1 1 1 0 0 0 0 0
110	1	1 1 0 1 1 0 1 1 1 1 0 0 1 0 1 0 0 1 1 1 0 1 0 0 1 1 1 0 0 1 1 1 1 1 0 0 1 1 0 1 0 1 1 1 1 0 0 0 0 0
110	11	1 1 0 1 1 0 1 1 1 1 0 0 1 0 1 0 0 1 1 1 0 1 0 0 1 0 1 0 0 1 1 1 1 1 0 0 1 1 0 1 0 1 1 1 1 0 0 0 0 0
110	2	1 1 0 1 1 0 1 1 1 1 0 0 1 0 1 0 0 1 1 1 0 1 0 0 1 0 1 0 0 1 1 1 1 1 0 0 1 1 0 1 0 1 1 1 0 0 0 0 0 0
110	1	1 1 0 1 1 0 1 0 1 1 0 0 1 0 1 0 0 1 1 1 0 1 0 0 1 1 1 0 0 1 1 1 1 1 0 0 1 1 0 1 0 1 1 1 0 0 0 0 0 0
110	29	1 1 0 1 1 0 1 0 1 1 0 0 1 0 1 0 0 1 1 1 0 1 0 0 1 0 1 0 0 1 1 1 1 1 0 0 1 1 0 1 0 1 1 1 0 0 0 0 0 0
110	2	1 1 0 1 1 0 1 0 1 1 0 0 1 0 1 0 0 1 1 1 0 1 0 0 1 1 1 0 0 1 0 1 1 1 0 1 1 1 0 1 0 1 1 1 1 0 0 0 0 0
110	2	1 1 0 1 1 0 1 1 1 1 0 0 1 0 1 0 0 1 1 1 0 1 0 0 1 0 1 0 0 1 1 1 1 1 0 0 1 1 0 0 0 1 1 1 1 0 0 1 0 0
110	1	1 1 0 1 1 0 1 1 1 1 0 0 1 0 1 0 0 1 1 1 0 1 0 0 1 0 1 0 0 1 1 1 1 1 0 0 1 1 0 0 0 1 1 1 1 0 0 0 0 0
110	8	1 1 1 1 0 1 1 1 1 0 1 1 1 0 1 0 0 0 1 0 1 1 0 1 0 0 1 0 0 1 0 0 0 1 1 1 0 1 1 1 1 0 1 0 1 1 1 0 0 0
110	1	1 1 1 1 0 1 1 1 1 0 1 1 1 0 1 0 0 0 1 0 0 0 0 1 0 0 1 0 0 1 0 0 0 1 1 1 0 1 1 1 1 0 1 0 1 1 1 0 0 0
110	1	1 1 1 1 0 1 1 1 1 0 1 1 0 0 1 0 0 0 1 0 0 1 0 1 0 0 1 0 0 1 0 0 0 1 1 1 0 1 1 1 1 0 1 0 1 1 1 0 0 0
110	12	1 1 1 1 0 1 1 1 1 0 1 1 1 0 1 0 0 0 1 0 0 1 0 1 0 0 1 0 0 1 0 0 0 1 1 1 0 1 1 1 1 0 1 0 1 1 1 0 0 0
110	2	0 1 1 1 0 1 1 1 1 0 0 1 1 0 1 0 0 0 1 0 0 1 0 1 0 0 1 0 0 1 0 0 0 1 1 1 0 1 1 1 1 0 0 0 1 1 1 0 0 0
110	1	0 1 1 1 0 1 1 1 1 0 1 1 1 0 1 0 0 0 1 0 0 1 0 1 0 0 1 0 0 1 0 0 0 1 1 1 0 1 1 1 1 0 1 0 1 1 0 0 0 0
110	1	0 1 1 1 0 1 1 1 1 0 1 0 1 0 1 0 0 0 1 0 0 1 0 1 0 0 1 0 0 1 0 0 0 1 1 1 0 1 1 1 1 0 1 0 1 1 1 0 0 0
110	5	0 1 1 1 0 1 1 1 1 0 1 1 1 0 1 0 0 0 1 0 0 1 0 1 0 0 1 0 0 1 0 0 0 1 1 1 0 1 1 1 1 0 1 0 1 1 1 0 0 0
120	1	1 1 0 1 1 0 1 0 1 1 0 0 1 0 1 0 0 1 1 1 0 1 0 0 1 0 1 0 0 1 1 1 1 1 1 0 1 1 0 1 0 1 1 1 1 0 0 0 0 0
120	14	1 1 0 1 1 0 1 0 1 1 0 0 1 0 1 0 0 1 1 1 0 1 0 0 1 0 1 0 0 1 1 1 1 1 0 0 1 1 0 1 0 1 1 1 1 0 0 0 0 0
120	1	1 1 0 1 1 0 1 1 1 1 0 0 1 0 1 0 0 1 1 1 0 1 0 0 1 0 1 1 0 1 1 1 1 1 0 0 1 1 0 1 0 1 1 1 1 0 0 0 0 0
120	1	1 1 0 1 1 0 0 1 1 1 0 0 1 0 1 0 0 1 1 1 0 1 0 0 1 0 1 0 0 1 1 1 1 1 0 0 1 1 0 1 0 1 1 1 1 0 0 0 0 0
120	12	1 1 0 1 1 0 1 1 1 1 0 0 1 0 1 0 0 1 1 1 0 1 0 0 1 0 1 0 0 1 1 1 1 1 0 0 1 1 0 1 0 1 1 1 1 0 0 0 0 0
120	2	1 1 0 1 1 0 1 0 1 1 0 0 1 0 1 0 0 0 1 1 0 1 0 0 1 0 1 0 0 1 1 1 1 1 0 0 1 1 0 1 0 1 1 1 0 0 0 0 0 0
120	2	1 1 0 1 1 0 1 0 1 1 0 0 1 0 1 0 0 1 1 1 0 1 0 0 1 1 1 0 0 1 1 1 1 1 0 0 1 1 0 1 0 1 1 1 0 0 0 0 0 0
120	1	1 1 0 1 1 0 1 0 1 1 0 0 1 0 1 0 0 1 1 1 0 1 0 0 1 0 1 0 0 1 1 1 1 1 0 0 1 1 0 0 0 1 1 1 0 0 0 0 0 0
120	30	1 1 0 1 1 0 1 0 1 1 0 0 1 0 1 0 0 1 1 1 0 1 0 0 1 0 1 0 0 1 1 1 1 1 0 0 1 1 0 1 0 1 1 1 0 0 0 0 0 0
120	1	1 1 0 1 1 0 1 1 1 1 0 0 1 0 1 0 0 1 1 1 0 1 0 0 1 0 1 0 0 1 1 1 1 1 0 0 1 1 0 0 0 1 1 1 1 0 0 1 0 0
120	5	1 1 0 1 1 0 1 1 1 1 0 0 1 0 1 0 0 1 1 1 0 1 0 0 1 0 1 0 0 1 1 1 1 1 0 0 1 1 0 0 0 1 1 1 1 0 0 0 0 0
120	7	1 1 1 1 0 1 1 1 1 0 1 1 1 0 1 0 0 0 1 0 1 1 0 1 0 0 1 0 0 1 0 0 0 1 1 1 0 1 1 1 1 0 1 0 1 1 1 0 0 0
120	1	1 1 1 1 0 1 1 1 1 0 1 1 1 0 1 0 0 0 1 0 0 1 0 1 0 0 1 0 0 1 0 0 0 1 1 1 0 1 1 1 1 0 1 0 0 1 1 0 0 0
120	10	1 1 1 1 0 1 1 1 1 0 1 1 1 0 1 0 0 0 1 0 0 1 0 1 0 0 1 0 0 1 0 0 0 1 1 1 0 1 1 1 1 0 1 0 1 1 1 0 0 0
120	2	0 1 1 1 0 1 1 1 1 0 0 1 1 0 1 0 0 0 1 0 0 1 0 1 0 0 1 0 0 1 0 0 0 1 1 1 0 1 1 1 1 0 1 0 1 1 1 0 0 0
120	3	0 1 1 1 0 1 1 1 1 0 1 1 1 0 1 0 0 0 1 0 0 1 0 1 0 0 1 0 0 1 0 0 0 1 1 1 0 1 1 1 1 0 1 0 1 1 0 0 0 0
120	1	0 1 1 1 0 1 1 1 1 1 1 1 1 0 1 0 0 0 1 0 0 1 0 1 0 0 1 0 0 1 0 0 0 1 1 1 0 1 1 1 1 0 1 0 1 1 1 0 0 0
120	2	0 1 1 1 0 1 1 1 1 0 1 1 1 0 1 0 0 0 1 0 0 1 0 1 0 0 1 0 0 1 0 0 0 1 1 1 0 1 1 1 1 0 1 0 1 1 1 0 0 0
120	4	0 1 1 1 0 1 1 1 1 0 1 1 1 0 1 0 0 0 1 0 0 1 0 1 0 0 1 0 0 1 0 0 0 1 1 1 0 1 1 1 0 0 1 1 1 1 1 0 0 0
130	1	1 1 0 1 1 0 1 0 1 0 0 0 1 0 1 0 0 1 1 1 0 1 0 0 1 0 1 0 0 1 1 1 1 1 0 0 1 1 0 1 0 1 1 1 1 0 0 0 0 0
130	1	1 1 0 1 1 0 1 0 1 1 0 0 1 0 1 0 0 1 1 1 0 1 0 0 1 0 1 0 0 1 1 1 1 1 1 0 1 1 0 1 0 1 1 1 1 0 0 0 0 0
130	4	1 1 0 1 1 0 1 0 1 1 0 0 1 0 1 0 0 1 1 1 0 1 0 0 1 0 1 0 0 1 1 1 1 1 0 0 1 1 0 1 0 1 1 1 1 0 0 0 0 0
130	1	1 1 0 1 1 0 0 1 1 1 0 0 1 0 1 0 0 1 1 1 0 1 0 0 1 0 1 0 0 1 1 1 1 1 0 0 1 1 0 1 0 1 1 1 1 0 0 0 0 0
130	16	1 1 0 1 1 0 1 1 1 1 0 0 1 0 1 0 0 1 1 1 0 1 0 0 1 0 1 0 0 1 1 1 1 1 0 0 1 1 0 1 0 1 1 1 1 0 0 0 0 0
130	4	1 1 0 1 1 0 1 0 1 1 0 0 1 0 1 0 0 0 1 1 0 1 0 0 1 0 1 0 0 1 1 1 1 1 0 0 1 1 0 1 0 1 1 1 0 0 0 0 0 0
130	2	1 1 0 1 1 0 1 0 1 1 0 0 1 0 1 0 0 1 1 1 0 1 0 0 1 1 1 0 0 1 1 1 1 1 0 0 1 1 0 1 0 1 1 1 0 0 0 0 0 0
130	2	1 1 0 1 1 0 1 0 1 1 0 0 1 0 1 0 0 1 1 1 0 1 0 0 1 0 1 0 0 1 1 1 1 1 0 0 1 1 0 1 0 1 0 1 0 0 0 0 0 0
130	4	1 1 0 1 1 0 1 0 1 1 0 0 1 0 1 0 0 1 1 1 0 1 0 0 0 0 1 0 0 1 1 1 1 1 0 0 1 1 0 1 0 1 1 1 0 0 0 0 0 0
130	2	1 1 0 1 1 0 1 0 1 1 0 0 1 0 1 0 0 1 1 1 1 1 0 0 1 0 1 0 0 1 1 1 1 1 0 0 1 1 0 1 0 1 1 1 0 0 0 0 0 0
130	38	1 1 0 1 1 0 1 0 1 1 0 0 1 0 1 0 0 1 1 1 0 1 0 0 1 0 1 0 0 1 1 1 1 1 0 0 1 1 0 1 0 1 1 1 0 0 0 0 0 0
130	1	1 1 0 1 1 0 1 0 1 1 0 0 1 0 1 0 0 1 1 1 0 1 0 0 1 1 1 0 0 1 0 1 1 1 0 1 1 1 0 1 0 1 1 1 0 0 0 0 0 0
130	3	1 1 0 1 1 0 1 0 1 1 0 0 1 0 1 0 0 1 1 1 0 1 0 0 1 1 1 0 0 1 0 1 1 1 0 1 1 1 0 1 0 1 1 1 1 0 0 0 0 0
130	1	1 1 0 1 1 0 1 1 1 1 0 0 1 0 0 0 0 1 1 1 0 1 0 0 1 0 1 0 0 1 1 1 1 1 0 0 1 1 0 0 0 1 1 1 1 0 0 0 0 0
130	3	1 1 0 1 1 0 1 1 1 1 0 0 1 0 1 0 0 1 1 1 0 1 0 0 1 0 1 0 0 1 1 1 1 1 0 0 1 1 0 0 0 1 1 1 1 0 0 0 0 0
130	1	1 1 1 1 0 1 1 1 1 0 1 1 1 1 1 0 0 0 1 0 1 1 0 1 0 0 1 0 0 1 0 0 0 1 1 1 0 1 1 1 1 0 1 0 1 1 1 0 0 0
130	5	1 1 1 1 0 1 1 1 1 0 1 1 1 0 1 0 0 0 1 0 1 1 0 1 0 0 1 0 0 1 0 0 0 1 1 1 0 1 1 1 1 0 1 0 1 1 1 0 0 0
130	2	1 1 1 1 0 1 1 1 1 0 1 1 1 0 1 0 0 0 1 0 0 1 0 1 0 0 1 0 0 1 0 0 0 1 1 1 0 1 1 1 1 0 1 0 0 1 1 0 0 0
130	1	1 1 1 1 0 1 1 1 1 0 1 0 1 0 1 0 0 0 1 0 0 1 0 1 0 0 1 0 0 1 0 0 0 1 1 1 0 1 1 1 1 0 1 0 1 1 1 0 0 0
130	3	1 1 1 1 0 1 1 1 1 0 1 1 1 0 1 0 0 0 1 0 0 1 0 1 0 0 1 0 0 1 0 0 0 1 1 1 0 1 1 1 1 0 1 0 1 1 1 0 0 0
130	1	0 1 1 1 0 1 1 1 1 0 0 1 1 0 1 0 0 0 1 0 0 1 0 1 0 0 1 0 0 1 0 0 0 1 1 1 0 1 1 1 1 0 0 0 1 1 1 0 0 0
130	1	0 1 1 1 0 1 1 1 1 0 1 1 1 0 1 0 0 0 1 0 0 1 0 1 0 0 1 0 0 1 0 0 0 1 1 1 0 1 1 1 1 0 1 0 1 1 0 0 0 0
130	3	0 1 1 1 0 1 1 1 1 1 1 1 1 0 1 0 0 0 1 0 0 1 0 1 0 0 1 0 0 1 0 0 0 1 1 1 0 1 1 1 1 0 1 0 1 1 1 0 0 0
140	1	1 1 0 1 1 0 1 0 1 0 0 0 1 0 1 0 0 1 1 1 0 1 0 0 1 0 1 0 0 1 1 1 1 1 0 0 1 1 0 1 0 1 1 1 1 0 0 0 0 0
140	2	1 1 0 1 1 0 1 0 1 1 0 0 1 0 1 0 0 1 1 1 0 1 0 0 1 0 1 0 0 1 1 1 1 1 0 0 1 1 0 1 0 1 1 1 1 0 0 0 0 0
140	2	1 1 0 1 1 0 1 1 1 1 0 0 1 1 1 0 0 1 1 1 0 1 0 0 1 0 1 0 0 1 1 1 1 1 0 0 1 1 0 1 0 1 1 1 1 1 0 0 0 0
140	2	1 1 0 0 1 0 1 1 1 1 0 0 1 0 1 0 0 1 1 1 0 1 0 0 1 0 1 0 0 0 1 1 1 1 0 0 1 1 0 1 0 1 1 1 1 0 0 0 0 0
140	17	1 1 0 1 1 0 1 1 1 1 0 0 1 0 1 0 0 1 1 1 0 1 0 0 1 0 1 0 0 1 1 1 1 1 0 0 1 1 0 1 0 1 1 1 1 0 0 0 0 0
140	3	1 1 0 1 1 0 1 1 1 1 0 0 1 0 1 0 0 1 1 1 0 1 0 0 1 0 1 0 0 1 1 1 1 1 0 0 1 1 0 1 0 1 1 1 0 0 0 0 0 0
140	3	1 1 0 1 1 0 1 0 1 1 0 0 1 0 1 0 0 0 1 1 0 1 0 0 1 0 1 0 0 1 1 1 0 1 0 0 1 1 0 1 0 1 1 1 0 0 0 0 0 0
140	4	1 1 0 1 1 0 1 0 1 1 0 0 1 0 1 0 0 0 1 1 0 1 0 0 1 0 1 0 0 1 1 1 1 1 0 0 1 1 0 1 0 1 1 1 0 0 0 0 0 0
140	7	1 1 0 1 1 0 1 0 1 1 0 0 1 0 1 0 0 1 1 1 0 1 0 0 1 0 1 0 0 1 1 1 1 1 0 0 1 1 0 1 0 1 0 1 0 0 0 0 0 0
140	4	1 1 0 1 1 0 1 0 1 1 0 0 1 0 1 0 0 1 1 1 0 1 0 0 0 0 1 0 0 1 1 1 1 1 0 0 1 1 0 1 0 1 1 1 0 0 0 0 0 0
140	2	1 1 0 1 1 0 1 0 1 1 0 0 1 0 1 0 0 1 1 1 0 1 0 0 1 0 1 0 0 1 1 1 0 1 0 0 1 1 0 1 0 1 1 1 0 0 0 0 0 0
140	37	1 1 0 1 1 0 1 0 1 1 0 0 1 0 1 0 0 1 1 1 0 1 0 0 1 0 1 0 0 1 1 1 1 1 0 0 1 1 0 1 0 1 1 1 0 0 0 0 0 0
140	2	1 1 0 1 1 0 1 0 1 1 0 0 1 0 1 0 0 1 1 1 0 1 0 0 1 1 1 0 0 1 0 1 1 1 0 1 1 1 0 1 0 1 1 1 0 0 0 0 0 0
140	1	1 1 0 1 1 0 1 1 1 1 0 0 1 0 0 0 0 1 1 1 0 1 0 0 1 0 1 0 0 1 1 1 1 1 0 0 1 1 0 0 0 1 1 1 1 0 0 0 0 0
140	1	1 1 0 1 1 0 1 1 1 1 0 0 1 0 1 0 0 1 1 1 0 1 0 0 1 0 1 0 0 1 1 1 1 1 0 0 1 1 0 0 0 1 1 1 1 0 0 0 0 0
140	5	1 1 1 1 0 1 1 1 1 0 1 1 1 0 1 0 0 0 1 0 1 1 0 1 0 0 1 0 0 1 0 0 0 1 1 1 0 0 1 1 1 0 1 0 1 1 1 0 0 0
140	1	1 1 1 1 0 1 1 1 1 0 1 1 1 0 1 0 0 0 1 0 1 1 0 1 0 0 1 0 0 1 0 0 0 1 1 1 0 1 1 1 1 0 1 0 1 1 1 0 0 0
140	1	1 1 1 1 0 1 1 1 1 0 1 1 1 0 1 0 0 0 1 0 0 1 0 1 0 0 1 0 0 1 0 0 0 1 1 1 0 1 1 1 1 0 1 0 0 1 1 0 0 0
140	1	1 1 1 1 0 1 1 1 1 0 1 1 1 0 1 0 0 0 1 0 0 1 0 1 0 0 1 0 0 1 0 0 0 1 1 1 0 1 1 1 1 0 1 0 1 1 1 0 0 0
140	4	0 1 1 1 0 1 1 1 1 0 0 1 1 0 1 0 0 0 1 0 0 1 0 1 0 0 1 0 0 1 0 0 0 1 1 1 0 1 1 1 1 0 0 0 1 1 1 0 0 0
150	1	1 1 0 1 1 0 1 0 1 1 0 0 1 0 1 0 0 1 1 1 0 1 0 0 1 0 1 0 0 1 1 1 1 1 0 0 1 1 0 1 0 1 1 1 1 0 0 0 0 0
150	10	1 1 0 1 1 0 1 1 1 1 0 0 1 0 1 0 0 1 1 1 0 1 0 0 1 0 1 0 0 1 1 1 1 1 0 0 1 1 0 1 0 1 1 1 0 0 0 0 0 0
150	20	1 1 0 1 1 0 1 1 1 1 0 0 1 0 1 0 0 1 1 1 0 1 0 0 1 0 1 0 0 1 1 1 1 1 0 0 1 1 0 1 0 1 1 1 1 0 0 0 0 0
150	3	1 1 0 1 1 0 1 1 1 1 0 0 1 0 1 0 0 1 0 1 0 1 0 0 1 0 1 0 0 1 1 1 1 1 0 0 1 1 0 1 0 1 1 1 0 0 0 0 0 0
150	2	1 1 0 1 1 0 1 0 1 1 0 0 1 0 1 0 0 0 1 1 0 1 0 0 1 0 1 0 0 1 1 1 0 1 0 0 1 1 0 1 0 1 1 1 0 0 0 0 0 0
150	2	1 1 0 1 1 0 1 0 1 1 0 0 1 0 1 0 0 0 1 1 0 1 0 0 1 0 1 0 0 1 1 1 1 1 0 0 1 1 0 1 0 1 1 1 0 0 0 0 0 0
150	1	1 1 0 1 1 0 1 0 1 1 0 0 1 0 1 0 0 1 1 1 0 1 0 0 1 1 1 0 0 1 1 1 1 1 0 1 1 1 0 1 0 1 1 1 0 0 0 0 0 0
150	3	1 1 0 1 1 0 1 0 1 1 0 0 1 0 1 0 0 1 1 1 0 1 0 0 1 1 1 0 0 1 1 1 1 1 0 0 1 1 0 1 0 1 1 1 0 0 0 0 0 0
150	1	1 1 0 1 1 0 1 0 1 1 0 0 1 0 1 0 0 1 1 1 0 1 0 0 1 0 1 0 0 1 1 1 1 1 0 0 1 1 0 1 0 1 0 0 0 0 0 0 0 0
150	1	1 1 0 1 1 0 1 0 1 1 0 0 1 0 1 0 0 1 1 1 0 1 0 0 1 0 1 0 1 1 1 1 1 1 0 0 1 1 0 1 0 1 0 1 0 0 0 0 0 0
150	4	1 1 0 1 1 0 1 0 1 1 0 0 1 0 1 0 0 1 1 1 0 1 0 0 1 0 1 0 0 1 1 1 1 1 0 0 1 1 0 1 0 1 0 1 0 0 0 0 0 0
150	2	1 1 0 1 1 0 1 0 1 1 0 0 1 0 1 0 0 1 1 1 0 1 0 0 0 0 1 0 0 1 1 1 1 1 0 0 1 1 0 1 0 1 1 1 0 0 0 0 0 0
150	1	1 1 0 1 1 0 1 0 1 1 0 0 1 0 1 0 0 1 1 1 0 1 0 0 1 0 0 0 0 1 1 1 1 1 0 0 1 1 0 1 0 1 1 1 0 0 0 0 0 0
150	1	1 1 0 1 1 0 1 0 1 1 0 0 1 0 1 0 0 1 1 1 0 1 0 0 1 0 1 0 0 1 1 1 1 1 0 0 1 1 0 1 0 1 1 1 0 0 0 0 1 0
150	40	1 1 0 1 1 0 1 0 1 1 0 0 1 0 1 0 0 1 1 1 0 1 0 0 1 0 1 0 0 1 1 1 1 1 0 0 1 1 0 1 0 1 1 1 0 0 0 0 0 0
150	2	1 1 0 1 1 0 1 0 1 1 0 0 1 0 1 0 0 1 1 1 0 1 0 0 1 1 1 0 0 1 0 1 1 1 0 1 1 1 0 1 0 1 1 1 0 0 0 0 0 0
150	2	1 1 0 1 1 0 1 1 1 1 0 0 1 0 1 0 0 1 1 1 0 1 0 0 1 0 1 0 0 1 1 1 1 1 0 0 1 1 0 0 0 1 1 1 1 0 0 0 0 0
150	1	1 1 1 1 0 1 1 1 1 0 1 1 1 0 1 0 0 0 1 0 1 1 0 1 0 0 1 0 0 1 0 0 0 1 1 1 0 0 1 1 1 0 1 0 1 1 1 0 0 0
150	2	1 1 1 1 0 1 1 1 1 0 1 1 1 0 1 0 0 0 1 0 0 1 0 1 0 0 1 0 0 1 0 0 0 1 1 1 0 1 1 1 0 0 1 0 1 1 1 0 0 0
150	1	0 1 1 1 0 1 1 1 1 0 0 1 1 0 1 0 0 0 1 0 0 1 0 1 0 0 1 0 0 1 0 0 0 1 1 1 0 1 1 1 1 0 0 0 1 1 1 0 0 0
160	2	1 1 0 1 1 0 1 0 1 1 0 0 1 0 1 0 0 1 1 1 0 1 0 0 1 0 1 0 0 1 1 1 1 1 0 0 1 1 0 1 0 1 1 1 1 0 0 0 0 0
160	2	1 1 0 1 1 0 1 1 1 1 0 0 1 0 1 0 0 1 1 1 0 1 0 0 1 1 1 0 0 0 1 1 1 1 0 0 1 1 0 1 0 1 1 1 1 0 0 0 0 0
160	4	1 1 0 1 1 0 1 1 1 1 0 0 1 0 1 0 0 1 1 1 0 1 0 0 1 0 1 0 0 0 1 1 1 1 0 0 1 1 0 1 0 1 1 1 1 0 0 0 0 0
160	1	1 1 0 1 1 0 1 1 1 1 0 0 1 0 1 0 0 1 1 1 0 1 0 0 1 0 1 0 0 1 1 1 1 1 0 0 1 1 0 1 0 1 1 1 0 0 0 0 0 1
160	21	1 1 0 1 1 0 1 1 1 1 0 0 1 0 1 0 0 1 1 1 0 1 0 0 1 0 1 0 0 1 1 1 1 1 0 0 1 1 0 1 0 1 1 1 0 0 0 0 0 0
160	11	1 1 0 1 1 0 1 1 1 1 0 0 1 0 1 0 0 1 1 1 0 1 0 0 1 0 1 0 0 1 1 1 1 1 0 0 1 1 0 1 0 1 1 1 1 0 0 0 0 0
160	5	1 1 0 1 1 0 1 1 1 1 0 0 1 0 1 0 0 1 0 1 0 1 0 0 1 0 1 0 0 1 1 1 1 1 0 0 1 1 0 1 0 1 1 1 0 0 0 0 0 0
160	2	1 1 0 1 1 0 1 0 1 1 0 0 1 0 1 0 0 0 1 1 0 1 0 0 1 0 1 0 0 1 1 1 1 1 0 0 1 1 0 1 0 1 1 1 0 0 0 0 0 0
160	1	1 1 0 1 1 0 1 0 1 1 0 0 1 0 1 0 0 1 1 1 0 1 0 0 1 1 1 0 0 1 1 1 1 1 0 0 1 1 0 1 0 1 1 1 0 0 0 0 0 0
160	2	1 0 0 1 1 0 1 0 1 1 0 0 1 0 1 0 0 1 1 1 0 1 0 0 1 0 1 0 0 1 1 1 1 1 0 0 1 1 0 1 0 1 0 0 0 0 0 0 0 0
160	2	1 1 0 1 1 0 1 0 1 1 0 0 1 0 1 0 0 1 1 1 0 1 0 0 1 0 1 0 0 1 1 1 1 1 0 0 1 1 0 1 0 1 0 0 0 0 0 0 0 0
160	2	1 1 0 1 1 0 1 0 1 1 0 0 1 0 1 0 0 1 1 1 0 1 0 0 1 0 1 0 0 1 1 1 1 1 0 0 1 1 0 1 0 1 0 1 0 0 0 0 0 0
160	2	1 1 0 1 1 0 1 0 1 1 0 0 1 0 1 0 0 1 1 1 0 1 0 0 0 0 1 0 0 1 1 1 1 1 0 0 1 1 0 1 0 1 1 1 0 0 0 0 0 0
160	1	1 1 0 1 1 0 1 0 1 1 0 0 1 0 1 0 0 1 1 1 0 1 0 0 1 0 1 0 0 1 1 1 1 1 0 0 1 1 0 1 0 1 1 0 0 0 0 0 0 0
160	1	1 1 0 1 1 0 1 0 1 1 0 0 1 0 1 0 0 1 1 1 0 1 0 0 1 0 1 0 0 1 1 1 1 1 0 0 1 1 0 1 0 1 1 1 0 0 0 0 1 0
160	1	1 0 0 1 1 0 1 0 1 1 0 0 1 0 1 0 0 1 1 1 0 1 0 0 1 0 1 0 0 1 1 1 1 1 0 0 1 1 0 1 0 1 1 1 0 0 0 0 0 0
160	33	1 1 0 1 1 0 1 0 1 1 0 0 1 0 1 0 0 1 1 1 0 1 0 0 1 0 1 0 0 1 1 1 1 1 0 0 1 1 0 1 0 1 1 1 0 0 0 0 0 0
160	6	1 1 0 1 1 0 1 0 1 1 0 0 1 0 1 0 0 1 1 1 0 1 0 0 1 1 1 0 0 1 0 1 1 1 0 1 1 1 0 1 0 1 1 1 0 0 0 0 0 0
160	1	1 1 0 1 1 0 1 1 1 1 0 0 1 0 1 0 0 1 1 1 0 1 0 0 1 0 1 0 0 1 1 1 1 1 0 0 1 1 0 0 0 1 1 1 1 0 0 0 0 0
170	3	1 1 0 1 1 0 1 1 1 1 0 0 1 0 1 0 0 1 1 1 0 1 0 0 1 0 1 0 0 0 1 1 1 1 0 0 1 1 0 1 0 1 1 1 1 0 0 0 0 0
170	1	1 1 0 1 1 0 1 1 1 1 0 0 1 0 1 0 0 1 1 1 0 1 0 0 1 0 1 0 0 1 1 1 1 1 0 0 1 1 0 1 0 1 1 1 0 0 0 0 0 1
170	1	1 1 0 1 1 0 1 1 1 1 0 0 1 0 1 0 0 1 1 1 0 1 0 1 1 0 1 0 0 1 1 1 1 1 1 0 1 1 0 1 0 1 1 1 0 0 0 0 0 0
170	18	1 1 0 1 1 0 1 1 1 1 0 0 1 0 1 0 0 1 1 1 0 1 0 0 1 0 1 0 0 1 1 1 1 1 0 0 1 1 0 1 0 1 1 1 0 0 0 0 0 0
170	8	1 1 0 1 1 0 1 1 1 1 0 0 1 0 1 0 0 1 1 1 0 1 0 0 1 0 1 0 0 1 1 1 1 1 0 0 1 1 0 1 0 1 1 1 1 0 0 0 0 0
170	1	1 1 0 1 1 0 1 1 1 1 0 0 1 0 1 1 0 1 0 1 0 1 0 0 1 0 1 0 0 1 1 1 1 1 0 0 1 1 0 1 0 1 1 1 0 0 0 0 0 0
170	3	1 1 0 1 1 0 1 1 1 1 0 0 1 0 1 0 0 1 0 1 0 1 0 0 1 0 1 0 0 1 1 1 1 1 0 0 1 1 0 1 0 1 1 1 0 0 0 0 0 0
170	1	1 1 0 1 1 0 1 0 1 1 0 0 1 0 1 0 0 0 1 1 0 1 0 0 1 0 1 0 0 1 1 1 0 1 0 0 1 1 0 1 0 1 1 1 0 0 0 0 0 0
170	2	1 0 0 1 1 0 1 0 1 1 0 0 1 0 1 0 0 1 1 1 0 1 0 0 1 0 1 0 0 1 1 1 1 1 0 0 1 1 0 1 0 1 0 0 0 0 0 0 0 0
170	5	1 1 1 1 1 0 1 0 1 1 0 0 1 0 1 0 0 1 1 1 0 1 0 0 1 0 1 0 0 1 1 1 1 1 0 0 1 1 0 1 0 1 0 0 0 0 0 0 0 0
170	10	1 1 0 1 1 0 1 0 1 1 0 0 1 0 1 0 0 1 1 1 0 1 0 0 1 0 1 0 0 1 1 1 1 1 0 0 1 1 0 1 0 1 0 0 0 0 0 0 0 0
170	5	1 1 0 1 1 0 1 0 1 1 0 0 1 0 1 0 0 1 1 1 0 1 0 0 1 0 1 0 0 1 1 1 1 1 0 0 1 1 0 1 0 1 0 1 0 0 0 0 0 0
170	3	1 1 0 1 1 0 1 0 1 1 0 0 1 0 1 0 0 1 1 1 0 1 0 0 1 0 1 0 0 0 1 1 1 1 0 0 1 1 0 1 0 1 1 1 0 0 0 0 0 0
170	2	1 1 0 1 1 0 1 0 1 1 0 0 1 0 1 0 0 1 1 1 0 1 0 0 1 0 1 0 0 1 1 1 1 1 0 0 1 1 0 1 0 1 1 0 0 0 0 0 0 0
170	2	1 0 0 1 1 0 1 0 1 1 0 0 1 0 1 0 0 1 1 1 0 1 0 0 1 0 1 0 0 1 1 1 1 1 0 0 1 1 0 1 0 1 1 1 0 0 0 0 0 0
170	3	1 1 0 1 1 0 1 0 1 1 0 0 1 0 1 0 0 1 1 1 0 1 0 0 1 0 1 0 0 1 1 1 1 0 0 0 1 1 0 1 0 1 1 1 0 0 0 0 0 0
170	28	1 1 0 1 1 0 1 0 1 1 0 0 1 0 1 0 0 1 1 1 0 1 0 0 1 0 1 0 0 1 1 1 1 1 0 0 1 1 0 1 0 1 1 1 0 0 0 0 0 0
170	1	1 1 0 1 1 0 1 0 1 1 0 0 1 0 1 0 0 1 1 1 0 1 0 0 1 1 1 0 0 1 0 1 1 1 0 1 1 1 0 1 0 1 1 1 0 0 0 0 0 0
170	2	1 1 0 1 1 0 1 1 1 1 0 0 1 0 1 0 0 1 1 1 0 1 0 0 1 0 1 0 0 1 1 1 1 1 0 0 1 1 0 0 0 1 1 1 1 0 0 0 0 0
170	1	1 1 1 1 0 1 1 1 1 0 1 1 1 0 1 0 0 0 1 0 0 1 0 1 0 0 1 0 0 1 0 0 0 1 1 1 0 1 1 1 1 0 1 0 0 1 1 0 0 0
180	3	1 1 0 1 1 0 1 1 1 1 0 0 1 0 1 0 0 1 1 1 0 1 0 0 1 0 1 0 0 1 1 1 1 1 0 0 1 1 0 1 0 1 1 1 0 0 0 0 0 1
180	1	1 1 0 1 1 0 1 1 1 1 0 0 1 0 0 0 0 1 1 1 0 1 0 0 1 0 1 0 0 1 1 1 1 1 0 0 1 1 0 1 0 1 1 1 0 0 0 0 0 0
180	18	1 1 0 1 1 0 1 1 1 1 0 0 1 0 1 0 0 1 1 1 0 1 0 0 1 0 1 0 0 1 1 1 1 1 0 0 1 1 0 1 0 1 1 1 0 0 0 0 0 0
180	2	1 1 0 1 1 0 1 1 1 1 0 0 1 0 1 1 0 1 0 1 0 1 0 0 1 0 1 0 0 1 1 1 1 1 0 0 1 1 0 1 0 1 1 1 0 0 0 0 0 0
180	3	1 1 0 1 1 0 1 1 1 1 0 0 1 0 1 0 0 1 0 1 0 1 0 0 1 0 1 0 0 1 1 1 1 1 0 0 1 1 0 1 0 1 1 1 0 0 0 0 0 0
180	1	1 0 0 1 1 0 1 0 1 1 0 0 1 0 1 0 0 1 1 1 0 1 0 0 1 0 1 0 0 1 1 1 1 1 0 0 1 1 0 1 0 1 0 0 0 0 0 1 0 0
180	2	1 0 0 1 1 0 1 0 1 1 0 0 1 0 1 0 0 1 1 1 0 1 0 0 1 0 1 0 0 1 1 1 1 1 0 0 1 1 0 1 0 1 0 0 0 0 0 0 0 0
180	1	1 1 1 1 1 0 1 0 1 1 0 0 1 0 1 0 0 1 0 1 0 1 0 0 1 0 1 0 0 1 1 1 1 1 0 0 1 1 0 1 0 1 0 0 0 0 0 0 0 0
180	1	1 1 1 1 1 0 1 0 1 1 0 0 1 0 1 0 0 1 1 1 0 1 0 0 1 0 1 0 0 1 1 1 1 1 0 0 1 1 0 1 0 1 0 0 1 0 0 0 0 0
180	6	1 1 1 1 1 0 1 0 1 1 0 0 1 0 1 0 0 1 1 1 0 1 0 0 1 0 1 0 0 1 1 1 1 1 0 0 1 1 0 1 0 1 0 0 0 0 0 0 0 0
180	26	1 1 0 1 1 0 1 0 1 1 0 0 1 0 1 0 0 1 1 1 0 1 0 0 1 0 1 0 0 1 1 1 1 1 0 0 1 1 0 1 0 1 0 0 0 0 0 0 0 0
180	4	1 1 0 1 1 0 1 0 1 1 0 0 1 0 1 0 0 1 1 1 0 1 0 0 1 0 1 0 0 1 1 1 1 1 0 0 1 1 0 1 0 1 0 1 0 0 0 0 0 0
180	6	1 1 0 1 1 0 1 0 1 1 0 0 1 0 1 0 0 1 1 1 0 1 0 0 1 0 1 0 0 0 1 1 1 1 0 0 1 1 0 1 0 1 1 1 0 0 0 0 0 0
180	2	1 1 0 1 1 0 1 0 1 1 0 0 1 0 1 0 0 1 1 1 0 1 0 0 1 0 1 0 0 1 1 1 1 1 0 0 1 1 0 1 0 1 1 0 0 0 0 0 0 0
180	2	1 1 0 1 1 0 1 0 1 1 0 0 1 0 1 0 0 1 1 1 0 1 0 0 1 0 1 0 0 1 1 1 1 0 0 0 1 1 0 1 0 1 1 1 0 0 0 0 0 0
180	20	1 1 0 1 1 0 1 0 1 1 0 0 1 0 1 0 0 1 1 1 0 1 0 0 1 0 1 0 0 1 1 1 1 1 0 0 1 1 0 1 0 1 1 1 0 0 0 0 0 0
180	2	1 1 0 1 1 0 1 0 1 1 0 0 1 0 1 0 0 1 1 1 0 1 0 0 1 1 1 0 0 1 0 1 1 1 0 1 1 1 0 1 0 1 1 1 0 0 0 0 0 0
190	1	1 1 0 1 1 0 1 1 1 1 0 0 1 0 1 0 0 1 1 1 0 1 0 0 1 0 1 0 0 1 1 1 1 1 0 0 1 1 0 1 0 1 1 1 0 0 0 0 0 1
190	4	1 1 0 1 1 0 1 1 1 1 0 0 1 0 1 0 0 1 1 1 0 1 0 0 1 0 1 0 0 1 1 1 1 1 0 0 1 1 0 1 0 0 1 1 0 0 0 0 0 0
190	1	1 1 0 1 1 0 1 1 1 1 0 0 1 0 1 0 0 1 1 1 0 0 0 0 1 0 1 0 0 1 1 1 1 1 0 0 1 1 0 1 0 1 1 1 0 0 0 0 0 0
190	1	1 1 0 1 1 0 1 1 1 1 0 0 1 0 1 0 0 1 1 1 0 1 0 0 1 0 1 0 0 1 1 1 1 1 1 0 1 1 0 1 0 1 1 1 0 0 0 0 0 0
190	7	1 1 0 1 1 0 1 1 1 1 0 0 1 0 1 0 0 1 1 1 0 1 0 0 1 0 1 0 0 1 1 1 1 1 0 0 1 1 0 1 0 1 1 1 0 0 0 0 0 0
190	1	1 1 0 1 1 0 1 1 1 1 0 0 1 0 1 0 0 1 0 1 0 1 0 0 1 0 1 0 0 1 1 1 1 1 0 0 0 1 0 1 0 1 1 1 0 0 0 0 0 0
190	2	1 1 0 1 1 0 1 1 1 1 0 0 1 0 1 0 0 1 0 1 0 1 0 0 1 0 1 0 0 1 1 1 1 1 0 0 1 1 0 1 0 1 1 1 0 0 0 0 0 0
190	2	1 0 0 1 1 0 1 0 1 1 0 0 1 0 1 0 0 1 1 1 0 1 0 0 1 0 1 0 0 1 1 1 1 1 0 0 1 1 0 1 0 1 0 0 0 0 0 0 0 0
190	1	1 1 1 1 1 0 1 0 1 1 0 0 1 0 1 0 0 1 0 1 0 1 0 0 1 0 1 0 0 1 1 1 0 1 0 0 1 1 0 1 0 1 0 0 0 0 0 0 0 0
190	17	1 1 1 1 1 0 1 0 1 1 0 0 1 0 1 0 0 1 1 1 0 1 0 0 1 0 1 0 0 1 1 1 1 1 0 0 1 1 0 1 0 1 0 0 0 0 0 0 0 0
190	1	1 1 0 1 1 0 1 0 1 1 0 0 1 0 1 0 0 1 1 1 0 1 0 0 1 0 1 0 0 1 1 1 1 1 0 0 1 1 0 1 0 1 0 0 1 0 0 0 0 0
190	1	1 1 0 1 1 0 1 0 1 1 0 0 1 0 1 0 0 1 1 1 0 1 0 0 1 0 1 0 0 1 1 1 1 1 1 0 1 1 0 1 0 1 0 0 0 0 0 0 0 0
190	40	1 1 0 1 1 0 1 0 1 1 0 0 1 0 1 0 0 1 1 1 0 1 0 0 1 0 1 0 0 1 1 1 1 1 0 0 1 1 0 1 0 1 0 0 0 0 0 0 0 0
190	7	1 1 0 1 1 0 1 0 1 1 0 0 1 0 1 0 0 1 1 1 0 1 0 0 1 0 1 0 0 1 1 1 1 1 0 0 1 1 0 1 0 1 0 1 0 0 0 0 0 0
190	4	1 1 0 1 1 0 1 0 1 1 0 0 1 0 1 0 0 1 1 1 0 1 0 0 1 0 1 0 0 1 1 1 1 1 0 0 1 1 0 1 0 1 1 0 0 0 0 0 0 0
190	1	1 1 0 1 1 0 1 0 1 1 0 0 1 0 1 0 0 1 1 1 0 1 0 0 1 0 1 0 0 1 1 1 1 0 0 0 1 1 0 1 0 1 1 1 0 0 0 0 0 0
190	9	1 1 0 1 1 0 1 0 1 1 0 0 1 0 1 0 0 1 1 1 0 1 0 0 1 0 1 0 0 1 1 1 1 1 0 0 1 1 0 1 0 1 1 1 0 0 0 0 0 0
200	1	1 1 0 1 1 0 1 1 1 1 0 0 1 0 1 0 0 1 1 1 0 1 0 0 1 0 1 0 0 1 1 0 1 1 0 0 1 1 0 1 0 1 1 1 0 0 0 0 0 0
200	1	1 1 0 1 1 0 1 1 1 1 0 0 1 0 1 0 0 1 0 1 0 1 0 0 1 0 1 0 0 1 1 1 1 1 0 0 1 1 0 1 0 1 1 1 0 0 0 0 0 0
200	1	1 1 1 1 1 0 1 0 1 1 0 0 1 0 1 0 1 1 1 1 0 1 0 0 1 0 1 0 0 1 1 1 1 1 0 0 1 1 0 1 0 1 0 0 0 0 0 0 0 0
200	1	1 1 1 1 1 0 1 0 1 1 0 0 1 0 1 0 0 1 1 1 0 1 0 0 1 0 1 0 0 1 1 1 1 1 0 0 1 0 0 1 0 1 0 0 0 0 0 0 0 0
200	39	1 1 1 1 1 0 1 0 1 1 0 0 1 0 1 0 0 1 1 1 0 1 0 0 1 0 1 0 0 1 1 1 1 1 0 0 1 1 0 1 0 1 0 0 0 0 0 0 0 0
200	50	1 1 0 1 1 0 1 0 1 1 0 0 1 0 1 0 0 1 1 1 0 1 0 0 1 0 1 0 0 1 1 1 1 1 0 0 1 1 0 1 0 1 0 0 0 0 0 0 0 0
200	1	1 1 0 1 1 0 1 0 1 1 0 0 1 0 1 0 0 1 1 1 0 1 0 0 1 0 1 0 0 1 1 1 1 1 0 0 0 1 0 1 0 1 0 1 0 0 0 0 0 0
200	4	1 1 0 1 1 0 1 0 1 1 0 0 1 0 1 0 0 1 1 1 0 1 0 0 1 0 1 0 0 1 1 1 1 1 0 0 1 1 0 1 0 1 1 0 0 0 0 0 0 0
200	2	1 1 0 1 1 0 1 0 1 1 0 0 1 0 1 0 0 1 1 1 0 1 0 0 1 0 1 0 0 1 1 1 1 1 0 0 1 1 0 1 0 1 1 1 0 0 0 0 0 0
210	3	1 1 0 1 1 0 1 1 1 1 0 0 1 0 1 0 0 1 1 1 0 1 0 0 1 0 1 0 0 1 1 1 1 1 0 0 1 1 0 1 0 1 0 1 0 0 0 0 0 0
210	4	1 1 1 1 1 0 1 0 1 1 0 0 1 0 1 0 0 1 0 1 0 1 0 0 1 0 1 0 0 1 1 1 0 1 0 0 1 1 0 1 0 1 0 0 0 0 0 0 0 0
210	3	1 1 1 1 1 0 1 0 1 1 0 0 1 0 1 0 1 1 1 1 0 1 0 0 1 0 1 0 0 1 1 1 1 1 0 0 1 1 0 1 0 1 0 0 0 0 0 0 0 0
210	1	1 1 1 1 1 0 1 0 1 1 0 0 1 0 1 0 0 1 1 1 0 1 0 0 1 0 1 0 0 1 1 1 1 1 0 0 1 0 0 1 0 0 0 0 0 0 0 0 0 0
210	1	1 1 1 1 1 0 1 0 1 1 0 0 1 0 1 0 0 1 1 1 0 1 0 0 1 0 1 0 0 0 1 1 1 1 0 0 1 1 0 1 0 1 0 0 0 0 0 0 0 0
210	49	1 1 1 1 1 0 1 0 1 1 0 0 1 0 1 0 0 1 1 1 0 1 0 0 1 0 1 0 0 1 1 1 1 1 0 0 1 1 0 1 0 1 0 0 0 0 0 0 0 0
210	1	1 1 0 1 1 0 1 1 1 1 0 0 1 0 1 0 0 1 1 1 0 1 0 0 1 0 1 1 0 1 1 1 1 1 0 0 1 1 0 1 0 1 0 0 0 0 0 0 0 0
210	1	1 1 0 1 1 0 1 0 1 1 0 0 1 0 1 0 0 1 1 1 0 1 0 0 1 0 1 0 0 1 1 1 1 1 0 0 1 1 0 1 0 1 0 0 0 0 0 0 0 1
210	1	1 1 0 1 1 0 1 0 1 1 0 0 1 0 1 0 0 0 1 1 0 1 0 0 1 0 1 0 0 1 1 1 1 1 0 0 1 1 0 1 0 1 0 0 0 0 0 0 0 0
210	34	1 1 0 1 1 0 1 0 1 1 0 0 1 0 1 0 0 1 1 1 0 1 0 0 1 0 1 0 0 1 1 1 1 1 0 0 1 1 0 1 0 1 0 0 0 0 0 0 0 0
210	1	1 1 0 1 1 0 1 0 1 1 0 0 1 0 1 0 0 1 1 1 0 1 0 0 1 0 1 0 0 1 1 1 1 1 0 0 1 1 0 1 0 1 1 0 0 0 0 0 0 0
210	1	1 1 0 1 1 0 1 0 1 1 0 0 1 0 1 0 0 1 1 1 0 1 0 0 1 0 1 0 0 1 1 1 1 1 0 0 1 1 0 1 0 1 1 1 0 0 0 0 0 0
220	2	1 1 1 1 1 0 1 0 1 1 0 0 1 0 1 0 0 1 0 1 0 1 0 0 1 0 1 0 0 1 1 1 0 1 0 0 1 1 0 1 0 1 0 0 0 0 0 0 0 0
220	4	1 1 1 1 1 0 1 0 1 1 0 0 1 0 1 0 1 1 1 1 0 1 0 0 1 0 1 0 0 1 1 1 1 1 0 0 1 1 0 1 0 1 0 0 0 0 0 0 0 0
220	1	1 1 1 1 1 0 1 0 1 1 0 0 1 0 1 0 0 1 1 1 0 1 0 0 0 0 1 0 0 1 1 1 1 1 0 0 1 1 0 1 0 1 0 0 0 0 0 0 0 0
220	1	1 1 1 1 1 0 1 0 1 1 0 0 1 0 1 0 0 1 1 1 0 1 0 0 1 0 0 0 0 1 1 1 1 1 0 0 1 1 0 1 0 1 0 0 0 0 0 0 0 0
220	1	1 1 1 1 1 0 1 0 1 1 0 0 1 0 1 0 0 1 1 1 0 1 0 0 1 0 1 0 0 1 1 1 1 0 0 0 1 1 0 1 0 1 0 0 0 0 0 0 0 0
220	1	1 1 1 1 1 0 1 0 1 1 0 0 0 0 1 0 0 1 1 1 0 1 0 0 1 0 1 0 0 1 1 1 1 1 0 0 1 1 0 1 0 1 0 0 0 0 0 0 0 0
220	1	1 1 1 1 1 0 1 0 1 1 0 0 1 0 1 0 0 1 1 1 0 1 0 0 1 0 1 0 0 1 1 1 1 1 0 0 1 1 0 1 0 1 0 0 0 0 1 0 0 0
220	1	1 1 1 1 1 0 1 0 1 1 0 0 1 0 1 0 0 1 1 1 0 0 0 0 1 0 1 0 0 1 1 1 1 1 0 0 1 1 0 1 0 1 0 0 0 0 0 0 0 0
220	1	1 1 1 1 0 0 1 0 1 1 0 0 1 0 1 0 0 1 1 1 0 1 0 0 1 0 1 0 0 1 1 1 1 1 0 0 1 1 0 1 0 1 0 0 0 0 0 0 0 0
220	2	1 1 1 1 1 0 1 0 1 1 0 0 1 0 1 0 0 1 1 1 0 1 0 0 1 0 1 0 0 1 1 1 1 1 0 0 1 1 0 0 0 1 0 0 0 0 0 0 0 0
220	1	1 1 1 1 1 0 1 0 1 1 0 0 1 0 1 0 0 1 1 0 0 1 0 0 1 0 1 0 0 1 1 1 1 1 0 0 1 1 0 1 0 1 0 0 0 0 0 0 0 0
220	1	1 1 1 1 1 0 1 0 1 1 0 0 1 1 1 0 0 1 1 1 0 1 0 0 1 0 1 0 0 1 1 1 1 1 0 0 1 1 0 1 0 1 0 0 0 0 0 0 0 0
220	27	1 1 0 1 1 0 1 0 1 1 0 0 1 0 1 0 0 1 1 1 0 1 0 0 1 0 1 0 0 1 1 1 1 1 0 0 1 1 0 1 0 1 0 0 0 0 0 0 0 0
220	55	1 1 1 1 1 0 1 0 1 1 0 0 1 0 1 0 0 1 1 1 0 1 0 0 1 0 1 0 0 1 1 1 1 1 0 0 1 1 0 1 0 1 0 0 0 0 0 0 0 0
220	1	1 1 0 1 1 0 1 0 1 1 0 0 1 0 1 0 0 1 1 1 0 1 0 0 1 0 1 0 0 1 0 1 1 1 0 0 1 1 0 1 0 1 0 0 0 0 0 0 0 0
230	1	1 1 1 1 1 0 1 0 1 1 1 0 1 0 1 0 0 1 0 1 0 1 0 0 1 0 1 0 0 1 1 1 0 1 0 0 1 1 0 1 0 1 0 0 0 0 0 0 0 0
230	6	1 1 1 1 1 0 1 0 1 1 0 0 1 0 1 0 0 1 0 1 0 1 0 0 1 0 1 0 0 1 1 1 0 1 0 0 1 1 0 1 0 1 0 0 0 0 0 0 0 0
230	2	1 1 1 1 1 0 1 0 1 1 0 0 1 0 1 0 1 1 1 1 0 1 0 0 1 0 1 0 0 1 1 1 1 1 0 0 1 1 0 1 0 1 0 0 0 0 0 0 0 0
230	1	1 1 1 1 1 0 1 0 1 1 0 0 0 0 1 0 0 1 1 1 0 1 0 0 1 0 1 0 0 1 1 1 1 1 0 0 1 1 0 1 0 1 0 0 0 0 0 0 0 0
230	1	1 1 1 1 1 0 1 0 1 1 0 0 1 0 1 0 0 1 1 1 0 0 0 0 1 0 1 0 0 1 1 1 1 1 0 0 1 1 0 1 0 1 0 0 0 0 0 0 0 0
230	2	1 1 1 1 1 0 1 0 1 1 0 0 1 0 1 0 0 0 1 1 0 1 0 0 1 0 1 0 0 1 1 1 1 1 0 0 1 1 0 1 0 1 0 0 0 0 0 0 0 0
230	1	1 1 1 1 1 0 1 0 1 1 0 0 1 0 1 0 0 1 1 0 0 1 0 0 1 0 1 0 0 1 1 1 1 1 0 0 1 1 0 1 0 1 0 0 0 0 0 0 0 0
230	2	1 1 0 1 1 0 1 0 1 1 0 0 1 0 1 0 0 1 1 0 0 1 0 0 1 0 1 0 0 1 1 1 1 1 0 0 1 1 0 1 0 1 0 0 0 0 0 0 0 0
230	1	1 1 0 1 1 0 1 1 1 1 0 0 1 0 1 0 0 1 1 1 0 1 0 0 1 0 1 0 0 1 1 1 1 1 0 0 1 1 0 1 0 1 0 0 0 0 0 0 0 0
230	15	1 1 0 1 1 0 1 0 1 1 0 0 1 0 1 0 0 1 1 1 0 1 0 0 1 0 1 0 0 1 1 1 1 1 0 0 1 1 0 1 0 1 0 0 0 0 0 0 0 0
230	1	1 1 1 1 1 0 1 0 1 1 0 0 1 0 1 0 0 1 1 1 0 1 0 0 1 0 1 0 0 1 1 1 0 1 0 0 1 1 0 1 0 1 0 0 0 0 0 0 0 0
230	1	1 1 1 1 1 0 1 0 1 1 0 0 1 0 0 0 0 1 1 1 0 1 0 0 1 0 1 0 0 1 1 1 1 1 0 0 1 1 0 1 0 1 0 0 0 0 0 0 0 0
230	1	1 1 1 1 1 0 1 0 1 1 0 0 1 0 1 0 0 1 1 1 0 1 0 0 1 0 1 0 0 1 1 1 1 1 0 0 1 1 0 1 0 1 0 0 0 0 0 0 0 1
230	1	1 1 1 1 1 0 1 0 1 1 0 0 1 0 1 0 0 1 1 1 0 1 0 0 1 0 1 0 0 1 1 1 1 1 0 0 1 1 0 1 0 1 0 0 0 0 0 0 1 0
230	1	1 1 1 1 1 0 1 0 1 1 0 0 1 1 1 0 0 1 1 1 0 1 0 0 1 0 1 0 0 1 1 1 1 1 0 0 1 1 0 1 0 1 0 0 0 0 0 0 0 0
230	1	1 1 1 1 1 0 1 0 1 1 0 0 1 0 1 0 0 1 1 1 0 1 0 0 1 0 1 0 0 1 0 1 1 1 0 0 1 1 0 1 0 1 0 0 0 0 0 0 0 0
230	1	1 1 1 1 1 0 1 0 1 1 0 0 1 0 1 0 0 1 1 1 0 1 0 0 1 0 1 0 0 1 1 1 1 1 0 0 1 0 0 1 0 1 0 0 0 0 0 0 0 0
230	61	1 1 1 1 1 0 1 0 1 1 0 0 1 0 1 0 0 1 1 1 0 1 0 0 1 0 1 0 0 1 1 1 1 1 0 0 1 1 0 1 0 1 0 0 0 0 0 0 0 0
240	3	1 1 1 1 1 0 1 0 1 1 0 0 1 0 1 0 0 1 1 1 0 1 0 0 1 0 1 0 0 1 1 1 0 1 0 0 1 1 0 1 0 1 0 0 0 0 0 0 0 0
240	12	1 1 1 1 1 0 1 0 1 1 0 0 1 0 1 0 0 1 0 1 0 1 0 0 1 0 1 0 0 1 1 1 0 1 0 0 1 1 0 1 0 1 0 0 0 0 0 0 0 0
240	2	1 1 1 1 1 0 1 0 1 1 0 0 1 0 1 0 1 1 1 1 0 1 0 0 1 0 1 0 0 1 1 1 1 1 0 0 1 1 0 1 0 1 0 0 0 0 0 0 0 0
240	3	1 1 1 1 1 0 1 0 1 1 1 0 1 0 1 0 0 1 1 1 0 1 0 0 1 0 1 0 0 1 1 1 1 1 0 0 1 1 0 1 0 1 0 0 0 0 0 0 0 0
240	2	1 1 1 1 1 0 1 0 1 1 0 0 1 0 1 0 0 1 1 1 0 1 0 0 1 0 1 0 0 1 1 1 1 0 0 0 1 1 0 1 0 1 0 0 0 0 0 0 0 0
240	4	1 1 1 1 0 0 1 0 1 1 0 0 1 0 1 0 0 1 1 1 0 1 0 0 1 0 1 0 0 1 1 1 1 1 0 0 1 1 0 1 0 1 0 0 0 0 0 0 0 0
240	1	1 1 1 1 1 0 1 0 1 1 0 0 1 0 1 0 0 0 0 1 0 1 0 0 1 0 1 0 0 1 1 1 1 1 0 0 1 1 0 1 0 1 0 0 0 0 0 0 0 0
240	4	1 1 1 1 1 0 1 0 1 1 0 0 1 0 1 0 0 0 1 1 0 1 0 0 1 0 1 0 0 1 1 1 1 1 0 0 1 1 0 1 0 1 0 0 0 0 0 0 0 0
240	1	1 1 0 1 1 1 1 0 1 1 0 0 1 0 1 0 0 1 1 1 0 1 0 0 1 0 1 0 0 1 1 1 1 1 0 0 1 1 0 1 0 1 0 0 0 0 0 0 0 0
240	3	1 1 0 1 1 0 1 0 1 1 0 0 1 0 1 0 0 1 1 1 0 1 0 0 1 0 1 0 0 1 1 1 1 1 0 0 1 1 0 1 0 1 0 0 0 0 0 0 0 0
240	1	1 1 1 1 1 0 1 0 1 1 0 0 1 0 0 0 0 1 1 1 0 1 0 0 1 0 1 0 0 1 1 1 1 1 0 0 1 1 0 1 0 1 0 0 0 0 0 0 0 0
240	1	1 0 1 1 1 0 1 0 1 1 0 0 1 0 1 0 0 1 1 1 0 1 0 0 1 0 1 0 0 1 1 1 1 1 0 0 1 1 0 1 0 1 0 0 0 0 0 0 0 0
240	1	1 1 1 1 1 0 0 0 1 1 0 0 1 0 1 0 0 1 1 1 0 1 0 0 1 0 1 0 0 1 1 1 1 1 0 0 1 1 0 1 0 1 0 0 0 0 0 0 0 0
240	62	1 1 1 1 1 0 1 0 1 1 0 0 1 0 1 0 0 1 1 1 0 1 0 0 1 0 1 0 0 1 1 1 1 1 0 0 1 1 0 1 0 1 0 0 0 0 0 0 0 0
250	2	1 1 1 1 1 0 1 0 1 1 0 0 1 0 1 0 0 1 1 1 0 1 0 0 1 0 1 0 0 1 1 1 0 1 0 0 1 1 0 1 0 1 0 0 0 0 0 0 0 0
250	7	1 1 1 1 1 0 1 0 1 1 0 0 1 0 1 0 0 1 0 1 0 1 0 0 1 0 1 0 0 1 1 1 0 1 0 0 1 1 0 1 0 1 0 0 0 0 0 0 0 0
250	6	1 1 1 1 1 0 1 0 1 1 0 0 1 0 1 0 1 1 1 1 0 1 0 0 1 0 1 0 0 1 1 1 1 1 0 0 1 1 0 1 0 1 0 0 0 0 0 0 0 0
250	5	1 1 1 1 1 0 1 0 1 1 1 0 1 0 1 0 0 1 1 1 0 1 0 0 1 0 1 0 0 1 1 1 1 1 0 0 1 1 0 1 0 1 0 0 0 0 0 0 0 0
250	5	1 1 1 1 1 0 1 0 1 1 0 0 1 0 1 0 0 0 1 1 0 1 0 0 1 0 1 0 0 1 1 1 1 1 0 0 1 1 0 1 0 1 0 0 0 0 0 0 0 0
250	1	1 1 0 1 1 0 1 0 1 1 0 0 1 0 1 0 0 1 1 0 0 1 0 0 1 0 1 0 0 1 1 1 1 1 0 0 1 1 0 1 0 1 0 0 0 0 0 0 0 0
250	1	1 1 0 1 1 1 1 0 1 1 0 0 1 0 1 0 0 1 1 1 0 1 0 0 1 0 1 0 0 1 1 1 1 1 0 0 1 1 0 1 0 1 0 0 0 0 0 0 0 0
250	1	1 1 0 1 1 0 1 0 1 1 0 0 1 0 1 0 0 1 1 1 0 1 0 0 1 0 1 0 0 1 1 1 1 1 0 0 1 1 0 1 0 1 0 0 0 0 0 0 0 0
250	3	1 1 1 1 1 0 1 1 1 1 0 0 1 0 1 0 0 1 1 1 0 1 0 0 1 0 1 0 0 1 1 1 1 1 0 0 1 1 0 1 0 1 0 0 0 0 0 0 0 0
250	1	1 1 1 1 1 0 0 0 1 1 0 0 1 0 1 0 0 1 1 1 0 1 0 0 1 0 1 0 0 1 1 1 1 1 0 0 1 1 0 1 0 1 0 0 0 0 0 0 0 0
250	2	1 1 1 1 1 0 1 0 1 1 0 1 1 0 1 0 0 1 1 1 0 1 0 0 1 0 1 0 0 1 1 1 1 1 0 0 1 1 0 1 0 1 0 0 0 0 0 0 0 0
250	66	1 1 1 1 1 0 1 0 1 1 0 0 1 0 1 0 0 1 1 1 0 1 0 0 1 0 1 0 0 1 1 1 1 1 0 0 1 1 0 1 0 1 0 0 0 0 0 0 0 0
260	3	1 1 1 1 1 0 1 0 1 1 0 0 1 0 1 0 0 1 1 1 0 1 0 0 1 0 1 0 0 1 1 1 0 1 0 0 1 1 0 1 0 1 0 0 0 0 0 0 0 0
260	6	1 1 1 1 1 0 1 0 1 1 0 0 1 0 1 0 0 1 0 1 0 1 0 0 1 0 1 0 0 1 1 1 0 1 0 0 1 1 0 1 0 1 0 0 0 0 0 0 0 0
260	6	1 1 1 1 1 0 1 0 1 1 0 0 1 0 1 0 1 1 1 1 0 1 0 0 1 0 1 0 0 1 1 1 1 1 0 0 1 1 0 1 0 1 0 0 0 0 0 0 0 0
260	3	1 1 1 1 1 0 1 0 1 1 1 0 1 0 1 0 0 1 1 1 0 1 0 0 1 0 1 0 0 1 1 1 1 1 0 0 1 1 0 1 0 1 0 0 0 0 0 0 0 0
260	6	1 1 1 1 1 0 1 0 1 1 0 0 1 0 1 0 0 0 1 1 0 1 0 0 1 0 1 0 0 1 1 1 1 1 0 0 1 1 0 1 0 1 0 0 0 0 0 0 0 0
260	1	1 1 0 1 1 0 1 0 1 1 0 0 1 0 1 0 0 1 1 1 0 1 0 0 1 0 1 0 0 1 1 1 1 1 0 0 1 1 0 1 0 1 0 0 0 0 0 0 0 0
260	1	1 1 1 1 1 0 1 0 1 1 0 0 1 1 1 0 0 1 1 1 0 1 0 0 1 0 1 0 0 1 1 1 1 1 0 0 1 1 0 1 0 1 0 0 0 0 0 0 0 0
260	2	1 1 1 1 1 0 1 1 1 1 0 0 1 0 1 0 0 1 1 1 0 1 0 0 1 0 1 0 0 1 1 1 1 1 0 0 1 1 0 1 0 1 0 0 0 0 0 0 0 0
260	1	1 1 1 1 1 0 0 0 1 1 0 0 1 0 1 0 0 1 1 1 0 1 0 0 1 0 1 0 0 1 1 1 1 1 0 0 1 1 0 1 0 1 0 0 0 0 0 0 0 0
260	2	1 1 1 1 1 0 1 0 1 1 0 0 1 0 1 0 0 1 1 1 0 1 0 0 1 1 1 0 0 1 1 1 1 1 0 0 1 1 0 1 0 1 0 0 0 0 0 0 0 0
260	5	1 1 1 1 1 0 1 0 1 1 0 0 1 0 1 0 0 1 1 1 0 1 0 0 1 0 1 0 0 1 1 1 1 1 0 1 1 1 0 1 0 1 0 0 0 0 0 0 0 0
260	1	1 1 1 1 1 0 1 0 1 1 0 0 1 0 1 0 0 1 1 1 1 1 0 0 1 0 1 0 0 1 1 1 1 1 0 0 1 1 0 1 0 1 0 0 0 0 0 0 0 0
260	63	1 1 1 1 1 0 1 0 1 1 0 0 1 0 1 0 0 1 1 1 0 1 0 0 1 0 1 0 0 1 1 1 1 1 0 0 1 1 0 1 0 1 0 0 0 0 0 0 0 0
270	3	1 1 1 1 1 0 1 0 1 1 0 0 1 0 1 0 0 1 1 1 0 1 0 0 1 0 1 0 0 1 1 1 0 1 0 0 1 1 0 1 0 1 0 0 0 0 0 0 0 0
270	4	1 1 1 1 1 0 1 0 1 1 0 0 1 0 1 0 0 1 0 1 0 1 0 0 1 0 1 0 0 1 1 1 0 1 0 0 1 1 0 1 0 1 0 0 0 0 0 0 0 0
270	2	1 1 1 1 1 0 1 0 1 1 0 0 1 0 1 0 1 1 1 1 0 1 0 0 1 0 1 0 0 1 1 1 1 1 0 0 1 1 0 1 0 1 0 0 0 0 0 0 0 0
270	2	1 1 1 1 1 0 1 0 1 1 1 0 1 0 1 0 0 1 1 1 0 1 0 0 1 0 1 0 0 1 1 1 1 1 0 0 1 1 0 1 0 1 0 0 0 0 0 0 0 0
270	2	1 1 1 1 1 0 1 0 1 1 0 0 1 0 1 0 0 0 1 1 0 1 0 0 1 0 1 0 0 1 1 1 1 1 0 0 1 1 0 1 0 1 0 0 0 0 0 0 0 0
270	2	1 1 1 1 1 0 1 1 1 1 0 0 1 1 1 0 0 1 1 1 0 1 0 0 1 0 1 0 0 1 1 1 1 1 0 0 1 1 0 1 0 1 0 0 0 0 0 0 0 0
270	1	1 1 1 1 1 0 1 0 1 1 0 0 1 1 1 0 0 1 1 1 0 1 0 0 1 0 1 0 0 1 1 1 1 1 0 0 1 1 0 1 0 1 0 0 0 0 0 0 0 0
270	1	1 1 1 1 1 0 1 1 1 1 0 0 1 0 1 0 0 1 1 1 0 1 0 0 1 0 1 0 0 1 1 1 1 1 0 0 1 1 0 1 0 1 0 0 0 0 0 0 0 0
270	1	1 1 1 1 1 0 1 0 1 1 0 0 1 0 1 0 0 1 1 1 0 1 0 0 1 1 1 0 0 1 1 1 1 1 0 0 1 1 0 1 0 1 0 0 0 0 0 0 0 0
270	1	1 1 1 1 1 0 1 0 1 1 0 0 1 0 1 0 0 1 1 1 0 1 0 0 1 0 1 0 0 1 1 1 1 0 0 0 1 1 0 1 0 1 0 0 0 0 0 0 0 0
270	1	1 0 1 1 1 0 1 0 1 1 0 0 1 0 1 0 0 1 1 1 0 1 0 0 1 0 1 0 0 1 1 1 1 1 0 0 1 1 0 1 0 1 0 0 0 0 0 0 0 0
270	1	1 1 1 1 1 0 1 0 1 1 0 0 1 0 1 0 0 1 1 1 0 1 0 0 1 0 1 0 0 1 1 1 1 1 0 0 1 1 0 1 0 1 0 1 0 0 0 0 0 0
270	1	1 1 0 1 1 0 1 0 1 1 0 0 1 0 1 0 0 1 1 1 0 1 0 0 1 0 1 0 0 1 1 1 1 1 0 0 1 1 0 1 0 1 0 0 0 0 0 0 0 0
270	78	1 1 1 1 1 0 1 0 1 1 0 0 1 0 1 0 0 1 1 1 0 1 0 0 1 0 1 0 0 1 1 1 1 1 0 0 1 1 0 1 0 1 0 0 0 0 0 0 0 0
280	1	1 1 1 1 1 0 1 0 1 1 0 0 1 0 1 0 0 1 1 1 0 1 0 0 1 0 1 0 0 1 1 0 0 1 0 0 1 1 0 1 0 1 0 0 0 0 0 0 0 0
280	3	1 1 1 1 1 0 1 0 1 1 0 0 1 0 1 0 0 1 1 1 0 1 0 0 1 0 1 0 0 1 1 1 0 1 0 0 1 1 0 1 0 1 0 0 0 0 0 0 0 0
280	1	1 1 1 1 1 0 1 0 1 1 0 0 1 0 1 0 0 1 0 1 0 0 0 0 1 0 1 0 0 1 1 1 0 1 0 0 1 1 0 1 0 1 0 0 0 0 0 0 0 0
280	9	1 1 1 1 1 0 1 0 1 1 0 0 1 0 1 0 0 1 0 1 0 1 0 0 1 0 1 0 0 1 1 1 0 1 0 0 1 1 0 1 0 1 0 0 0 0 0 0 0 0
280	2	1 1 1 1 1 0 1 0 1 1 0 0 1 0 1 0 1 1 1 1 0 1 0 0 1 0 1 0 0 1 1 1 1 1 0 0 1 1 1 1 0 1 0 0 0 0 0 0 0 0
280	1	1 1 1 1 1 0 1 0 1 1 0 0 1 0 1 0 1 1 1 1 0 1 0 0 1 0 1 0 0 1 1 1 1 1 0 0 1 1 0 1 0 1 0 0 0 0 0 0 0 0
280	7	1 1 1 1 1 0 1 0 1 1 1 0 1 0 1 0 0 1 1 1 0 1 0 0 1 0 1 0 0 1 1 1 1 1 0 0 1 1 0 1 0 1 0 0 0 0 0 0 0 0
280	1	1 1 1 1 1 0 1 0 1 1 0 0 1 0 1 0 0 0 1 1 0 1 0 0 1 0 1 0 0 1 1 1 1 1 0 0 1 1 0 1 0 1 0 0 0 0 0 0 0 0
280	1	1 1 1 1 1 0 1 1 1 1 0 0 1 1 1 0 0 1 1 1 0 1 0 0 1 0 1 0 0 1 1 1 1 1 0 0 1 1 0 1 0 1 0 0 0 0 0 0 0 0
280	5	1 1 1 1 1 0 1 1 1 1 0 0 1 0 1 0 0 1 1 1 0 1 0 0 1 0 1 0 0 1 1 0 1 1 0 0 1 1 0 1 0 1 0 0 0 0 0 0 0 0
280	1	1 1 1 1 1 0 1 1 1 1 0 0 1 0 1 0 0 1 1 1 0 1 0 0 1 1 1 0 0 1 1 1 1 1 0 0 1 1 0 1 0 1 0 0 0 0 0 0 0 0
280	4	1 1 1 1 1 0 1 1 1 1 0 0 1 0 1 0 0 1 1 1 0 1 0 0 1 0 1 0 0 1 1 1 1 1 0 0 1 1 0 1 0 1 0 0 0 0 0 0 0 0
280	1	1 1 1 1 1 0 1 0 1 1 1 0 1 0 1 0 0 1 1 1 0 1 0 0 1 0 1 0 0 1 1 1 1 1 0 0 1 1 0 1 0 0 0 0 0 0 0 0 0 0
280	3	1 1 1 1 1 0 1 0 1 1 0 0 1 0 1 0 0 1 1 1 0 1 0 0 1 0 1 0 0 1 1 1 1 1 0 0 1 1 0 1 0 0 0 0 0 0 0 0 0 0
280	60	1 1 1 1 1 0 1 0 1 1 0 0 1 0 1 0 0 1 1 1 0 1 0 0 1 0 1 0 0 1 1 1 1 1 0 0 1 1 0 1 0 1 0 0 0 0 0 0 0 0
290	5	1 1 1 1 1 0 1 0 1 1 0 0 1 0 1 0 0 1 1 1 0 1 0 0 1 0 1 0 0 1 1 1 0 1 0 0 1 1 0 1 0 1 0 0 0 0 0 0 0 0
290	1	1 1 1 1 1 0 1 0 1 1 0 0 1 0 1 0 0 1 0 1 0 0 0 0 1 0 1 0 0 1 1 1 0 1 0 0 1 1 0 1 0 1 0 0 0 0 0 0 0 0
290	5	1 1 1 1 1 0 1 0 1 1 0 0 1 0 1 0 0 1 0 1 0 1 0 0 1 0 1 0 0 1 1 1 0 1 0 0 1 1 0 1 0 1 0 0 0 0 0 0 0 0
290	1	1 1 1 1 1 0 1 0 1 1 0 0 1 0 1 0 1 1 1 1 0 1 0 0 1 0 1 0 0 1 1 1 1 1 0 0 1 1 0 1 0 1 0 0 0 0 0 0 0 0
290	5	1 1 1 1 1 0 1 0 1 1 1 0 1 0 1 0 0 1 1 1 0 1 0 0 1 0 1 0 0 1 1 1 1 1 0 0 1 1 0 1 0 1 0 0 0 0 0 0 0 0
290	4	1 1 1 1 1 0 1 1 1 1 0 0 1 1 1 0 0 1 1 1 0 1 0 0 1 0 1 0 0 1 1 1 1 1 0 0 1 1 0 1 0 1 0 0 0 0 0 0 0 0
290	14	1 1 1 1 1 0 1 1 1 1 0 0 1 0 1 0 0 1 1 1 0 1 0 0 1 0 1 0 0 1 1 0 1 1 0 0 1 1 0 1 0 1 0 0 0 0 0 0 0 0
290	1	1 1 1 1 1 0 1 1 1 1 0 0 1 0 1 0 0 1 1 1 0 1 0 0 1 1 1 0 0 1 1 1 1 1 0 0 1 1 0 1 0 1 0 0 0 0 0 0 0 0
290	1	1 1 1 0 1 0 1 0 1 1 0 0 1 0 1 0 0 1 1 1 0 1 0 0 1 0 1 0 0 1 1 1 1 1 0 0 1 1 0 1 0 0 0 0 0 0 0 0 0 0
290	8	1 1 1 1 1 0 1 0 1 1 0 0 1 0 1 0 0 1 1 1 0 1 0 0 1 0 1 0 0 1 1 1 1 1 0 0 1 1 0 1 0 0 0 0 0 0 0 0 0 0
290	10	1 1 1 1 1 0 1 1 1 1 0 0 1 0 1 0 0 1 1 1 0 1 0 0 1 0 1 0 0 1 1 1 1 1 0 0 1 1 0 1 0 1 0 0 0 0 0 0 0 0
290	42	1 1 1 1 1 0 1 0 1 1 0 0 1 0 1 0 0 1 1 1 0 1 0 0 1 0 1 0 0 1 1 1 1 1 0 0 1 1 0 1 0 1 0 0 0 0 0 0 0 0
290	3	1 1 1 1 1 0 1 0 1 1 0 0 1 0 1 0 0 1 1 1 1 1 0 0 1 0 1 0 0 1 1 1 1 1 0 0 1 1 0 1 0 1 0 0 0 0 0 0 0 0
300	8	1 1 1 1 1 0 1 0 1 1 0 0 1 0 1 0 0 1 0 1 0 1 0 0 1 0 1 0 0 1 1 1 0 1 0 0 1 1 0 1 0 1 0 0 0 0 0 0 0 0
300	1	1 1 1 1 1 0 1 0 1 1 1 0 1 0 1 0 0 1 1 1 0 1 0 0 1 0 1 0 0 1 1 1 1 1 0 0 1 1 0 1 0 1 0 0 0 0 0 0 0 0
300	6	1 1 1 1 1 0 1 1 1 1 0 0 1 1 1 0 0 1 1 1 0 1 0 0 1 0 1 0 0 1 1 1 1 1 0 0 1 1 0 1 0 1 0 0 0 0 0 0 0 0
300	5	1 1 1 1 1 0 1 1 1 1 0 0 1 0 1 0 0 1 1 1 0 1 0 0 1 0 1 0 0 1 0 0 1 1 0 0 1 1 0 1 0 1 0 0 0 0 0 0 0 0
300	9	1 1 1 1 1 0 1 1 1 1 0 0 1 0 1 0 0 1 1 1 0 1 0 0 1 0 1 0 0 1 1 0 1 1 0 0 1 1 0 1 0 1 0 0 0 0 0 0 0 0
300	1	1 1 1 1 1 0 1 1 1 1 0 0 1 0 1 0 0 1 1 1 0 1 0 0 1 1 1 0 0 1 1 1 1 1 0 0 1 1 0 1 0 1 0 0 0 0 0 0 0 0
300	1	1 1 1 0 1 0 1 0 1 1 0 0 1 0 1 0 0 1 1 1 0 1 0 0 1 0 1 0 0 1 1 1 1 1 0 0 1 1 0 1 0 0 0 0 0 0 0 0 0 0
300	39	1 1 1 1 1 0 1 0 1 1 0 0 1 0 1 0 0 1 1 1 0 1 0 0 1 0 1 0 0 1 1 1 1 1 0 0 1 1 0 1 0 1 0 0 0 0 0 0 0 0
300	2	1 1 1 1 1 0 1 0 1 1 0 0 1 0 1 0 0 1 1 1 0 1 0 0 1 0 1 0 0 1 1 1 1 1 0 0 1 1 0 0 0 0 0 0 0 0 0 0 0 0
300	13	1 1 1 1 1 0 1 0 1 1 0 0 1 0 1 0 0 1 1 1 0 1 0 0 1 0 1 0 0 1 1 1 1 1 0 0 1 1 0 1 0 0 0 0 0 0 0 0 0 0
300	1	1 1 1 1 1 0 1 1 1 1 0 0 1 0 1 0 0 1 1 1 0 1 0 0 1 0 1 0 0 1 1 1 1 0 0 0 1 1 0 1 0 1 0 0 0 0 0 0 0 0
300	14	1 1 1 1 1 0 1 1 1 1 0 0 1 0 1 0 0 1 1 1 0 1 0 0 1 0 1 0 0 1 1 1 1 1 0 0 1 1 0 1 0 1 0 0 0 0 0 0 0 0
310	1	1 1 1 1 1 0 1 0 1 1 0 0 1 0 1 0 0 1 1 1 0 1 0 0 1 0 1 0 0 1 1 1 0 1 0 0 1 1 0 1 0 1 0 0 0 0 0 0 0 0
310	3	1 1 1 1 1 0 1 0 1 1 0 0 1 0 1 0 0 1 0 1 0 1 0 0 1 0 1 0 0 1 1 1 0 1 0 0 1 1 0 1 0 1 0 0 0 0 0 0 0 0
310	3	1 1 1 1 1 0 1 1 1 1 0 0 1 1 1 0 0 1 1 1 0 1 0 0 1 0 1 0 0 1 1 1 1 1 0 0 1 1 0 1 0 1 0 0 0 0 0 0 0 0
310	20	1 1 1 1 1 0 1 1 1 1 0 0 1 0 1 0 0 1 1 1 0 1 0 0 1 0 1 0 0 1 1 0 1 1 0 0 1 1 0 1 0 1 0 0 0 0 0 0 0 0
310	4	1 1 1 1 1 0 1 1 1 1 0 0 1 0 1 0 0 1 1 1 0 1 0 0 1 1 1 0 0 1 1 1 1 1 0 0 1 1 0 1 0 1 0 0 0 0 0 0 0 0
310	1	1 1 1 1 1 0 1 0 1 1 0 0 1 0 1 0 0 1 1 1 0 1 0 0 1 0 1 0 0 1 1 1 1 1 0 0 1 1 0 1 0 1 0 0 0 0 1 0 0 0
310	1	1 1 1 1 1 0 1 0 1 1 0 1 1 0 1 0 0 1 1 1 0 1 0 0 1 0 1 0 0 1 1 1 1 1 0 0 1 1 0 1 0 0 0 0 0 0 0 0 0 0
310	15	1 1 1 1 1 0 1 0 1 1 0 0 1 0 1 0 0 1 1 1 0 1 0 0 1 0 1 0 0 1 1 1 1 1 0 0 1 1 0 1 0 0 0 0 0 0 0 0 0 0
310	1	1 1 1 1 1 0 1 0 1 1 0 0 1 0 1 0 0 1 1 1 0 1 0 0 1 0 1 0 0 1 1 1 1 1 1 0 1 1 0 1 0 1 0 0 0 0 0 0 0 0
310	31	1 1 1 1 1 0 1 0 1 1 0 0 1 0 1 0 0 1 1 1 0 1 0 0 1 0 1 0 0 1 1 1 1 1 0 0 1 1 0 1 0 1 0 0 0 0 0 0 0 0
310	1	1 1 1 1 1 0 1 0 1 1 0 0 1 0 1 0 0 1 1 1 0 1 0 0 1 0 1 0 0 1 1 1 1 1 0 0 1 1 0 0 0 0 0 0 0 0 0 0 0 0
310	19	1 1 1 1 1 0 1 1 1 1 0 0 1 0 1 0 0 1 1 1 0 1 0 0 1 0 1 0 0 1 1 1 1 1 0 0 1 1 0 1 0 1 0 0 0 0 0 0 0 0
