10	2	1 0 1 0 1 1 1 1 1 0 1 0 0 0 1 0 0 1 0 1 1 1 0 1 0 1 1 0 0 1 0 0 1 0 0 0 1 0 1 1 1 1 0 1 1 0 0 0 1 1
10	16	1 0 1 0 1 1 1 1 1 0 1 0 0 0 1 0 0 1 0 1 1 1 0 1 1 1 1 0 0 1 0 0 1 0 0 0 1 0 1 1 1 1 0 1 1 0 0 0 1 1
10	16	0 1 0 0 1 1 1 1 0 0 1 0 1 0 0 1 0 1 1 0 1 1 0 0 1 0 0 0 0 0 0 0 0 1 1 0 0 1 0 1 1 1 0 0 0 1 1 0 0 1
10	2	0 1 0 0 0 0 0 1 0 0 1 1 0 0 0 0 1 1 1 0 0 1 0 1 1 1 1 0 1 1 1 1 0 1 1 0 1 1 1 0 0 0 1 0 1 0 0 1 1 0
10	22	0 1 0 0 0 0 0 1 0 0 1 1 0 0 0 0 1 0 1 0 0 1 0 1 1 1 1 0 1 1 1 1 0 1 1 0 1 1 1 0 0 0 1 0 1 0 0 1 1 0
10	1	0 0 1 1 0 1 1 1 1 0 0 1 0 0 0 0 0 0 1 1 1 1 0 0 0 1 1 1 0 0 0 1 1 1 1 0 1 0 0 0 0 0 1 0 0 1 0 1 1 0
10	17	0 0 1 1 0 1 1 1 1 0 0 1 0 0 0 0 0 0 1 1 1 1 0 0 0 1 1 1 0 0 0 1 1 0 1 0 1 0 0 0 0 0 1 0 0 1 0 1 1 0
10	24	0 0 0 0 1 0 0 0 1 1 0 0 1 0 0 1 0 0 0 1 0 0 1 0 1 0 1 1 1 1 1 1 0 1 0 0 1 1 1 0 1 0 1 1 1 0 0 1 1 1
20	1	1 0 1 0 1 1 1 1 1 0 1 0 0 0 1 0 0 1 0 1 1 1 0 1 1 1 1 0 0 1 0 0 1 0 1 0 1 0 1 1 1 1 0 1 1 0 0 0 1 1
20	4	1 0 1 0 1 1 1 1 1 0 1 0 0 0 1 0 0 1 0 1 1 1 0 1 0 1 1 0 0 1 0 0 1 0 0 0 1 0 1 1 1 1 0 1 1 0 0 0 1 1
20	11	1 0 1 0 1 1 1 1 1 0 1 0 0 0 1 0 0 1 0 1 1 1 0 1 1 1 1 0 0 1 0 0 1 0 0 0 1 0 1 1 1 1 0 1 1 0 0 0 1 1
20	1	0 1 0 0 1 1 1 1 0 0 1 0 1 0 0 1 0 1 1 0 1 1 0 0 1 0 0 0 0 0 0 0 0 1 1 0 0 1 0 1 1 1 0 0 0 0 1 0 0 1
20	12	0 1 0 0 1 1 1 1 0 0 1 0 1 0 0 1 0 1 1 0 1 1 0 0 1 0 0 0 0 0 0 0 0 1 1 0 0 1 0 1 1 1 0 0 0 1 1 0 0 1
20	1	0 1 0 0 0 0 0 1 0 0 1 1 0 0 1 0 1 0 1 0 0 1 0 1 1 1 1 0 1 1 1 1 0 1 1 0 1 1 1 0 0 0 1 0 1 0 0 1 1 0
20	13	0 1 0 0 0 0 0 1 0 0 1 1 0 0 0 0 1 0 1 0 0 1 0 1 1 1 1 0 1 1 1 1 0 1 1 0 1 1 1 0 0 0 1 0 1 0 0 1 1 0
20	7	0 0 1 1 0 1 1 1 1 0 0 1 0 0 0 0 0 0 1 1 1 1 0 0 0 1 1 1 0 0 0 1 1 1 1 0 1 0 1 0 0 0 1 0 0 1 0 1 1 0
20	12	0 0 1 1 0 1 1 1 1 0 0 1 0 0 0 0 0 0 1 1 1 1 0 0 0 1 1 1 0 0 0 1 1 1 1 0 1 0 0 0 0 0 1 0 0 1 0 1 1 0
20	2	0 0 1 1 0 1 1 1 1 0 0 1 0 0 0 0 0 0 1 1 1 1 0 0 0 1 1 1 0 0 0 1 1 0 1 0 1 0 0 0 0 0 1 0 0 1 0 1 1 1
20	1	0 0 1 1 0 1 1 1 1 0 0 1 0 0 0 0 0 0 1 1 1 1 0 0 0 1 1 1 0 0 0 1 1 0 1 0 1 0 0 0 0 0 1 0 0 1 0 1 0 0
20	1	0 0 1 1 0 1 0 1 1 0 0 1 0 0 0 0 0 0 1 1 1 1 0 0 0 1 1 1 0 0 0 1 1 0 1 0 1 0 0 0 0 0 1 0 0 1 0 1 1 0
20	1	0 0 1 1 0 1 1 1 1 0 0 1 0 0 0 0 0 0 1 1 1 1 1 0 0 1 1 1 0 0 0 1 1 0 1 0 1 0 0 0 0 0 1 0 0 1 0 1 1 0
20	1	0 0 1 1 0 1 1 1 1 0 1 1 0 0 0 0 0 0 1 1 1 1 0 0 0 1 1 1 0 0 0 1 1 0 1 0 1 0 0 0 0 0 1 0 0 1 0 1 1 0
20	18	0 0 1 1 0 1 1 1 1 0 0 1 0 0 0 0 0 0 1 1 1 1 0 0 0 1 1 1 0 0 0 1 1 0 1 0 1 0 0 0 0 0 1 0 0 1 0 1 1 0
20	14	0 0 0 0 1 0 0 0 1 1 0 0 1 0 0 1 0 0 0 1 0 0 1 0 1 0 1 1 1 1 1 1 0 1 0 0 1 1 1 0 1 0 1 1 1 0 0 1 1 1
30	1	1 0 1 0 1 1 1 1 1 0 1 0 0 0 1 1 0 1 0 1 1 1 0 1 1 1 1 0 0 1 0 0 1 0 1 0 1 0 1 1 1 1 0 1 1 0 0 0 1 1
30	1	1 0 1 0 1 1 1 1 1 0 1 0 0 0 1 0 0 1 0 1 1 1 0 1 1 1 1 0 0 1 0 0 1 0 1 0 1 0 1 1 1 1 0 1 1 0 0 0 1 1
30	1	1 0 1 0 1 1 1 1 1 0 1 0 0 0 1 1 0 1 0 1 1 1 0 1 1 1 1 0 0 1 0 0 1 0 0 0 1 0 1 1 1 1 0 0 1 0 0 0 1 1
30	1	1 0 1 0 1 1 1 1 1 0 1 0 0 0 1 0 0 1 0 1 1 1 0 1 1 1 1 0 0 1 0 0 1 0 0 0 1 0 1 1 1 1 0 0 1 0 0 0 1 1
30	3	1 0 1 0 1 1 1 1 1 0 1 0 0 0 1 0 0 1 0 1 1 1 0 1 1 1 1 0 0 1 0 0 1 0 0 0 1 0 1 1 1 1 0 1 1 0 0 0 1 1
30	1	0 1 0 0 1 1 1 1 0 0 1 0 1 0 0 1 0 1 1 0 1 0 0 0 1 0 0 0 0 0 0 0 0 1 1 0 0 1 0 1 1 1 0 0 0 1 1 0 0 1
30	1	0 1 0 0 1 1 1 1 0 0 1 0 1 0 0 1 0 1 1 0 1 1 0 0 1 0 0 0 0 0 0 0 0 1 1 0 0 1 0 1 1 1 0 0 0 1 1 0 0 1
30	5	0 1 0 0 0 0 0 1 0 0 1 1 0 0 0 0 1 0 1 0 0 1 0 1 1 1 1 0 1 1 1 1 0 1 1 0 1 1 1 0 0 0 1 0 1 0 0 1 1 0
30	4	0 0 1 1 0 1 1 1 1 0 0 1 0 0 0 0 0 0 1 1 1 1 0 0 0 1 1 1 0 0 0 1 1 1 1 0 1 0 1 0 0 0 1 0 0 1 0 1 1 0
30	41	0 0 1 1 0 1 1 1 1 0 0 1 0 0 0 0 0 0 1 1 1 1 0 0 0 1 1 1 0 0 0 1 1 1 1 0 1 0 0 0 0 0 1 0 0 1 0 1 1 0
30	1	0 0 1 1 0 1 1 1 1 0 0 1 0 0 0 0 0 0 1 1 1 1 0 0 0 1 1 1 0 0 0 1 1 0 1 0 1 0 0 0 0 0 1 0 0 1 0 1 1 1
30	17	0 0 1 1 0 1 1 1 1 0 0 1 0 0 0 0 0 0 1 1 1 1 0 0 0 1 1 1 0 0 0 1 1 0 1 0 1 0 0 0 0 0 1 0 0 1 0 1 0 0
30	9	0 0 1 1 0 1 0 1 1 0 0 1 0 0 0 0 0 0 1 1 1 1 0 0 0 1 1 1 0 0 0 1 1 0 1 0 1 0 0 0 0 0 1 0 0 1 0 1 1 0
30	1	0 0 1 1 0 1 1 1 1 0 0 1 0 0 0 0 0 0 1 1 0 1 1 0 0 1 1 1 0 0 0 1 1 0 1 0 1 0 0 0 0 0 1 0 0 1 0 1 1 0
30	8	0 0 1 1 0 1 1 1 1 0 0 1 0 0 0 0 0 0 1 1 1 1 0 0 0 1 1 1 0 0 0 1 1 0 1 0 1 0 0 0 0 0 1 0 0 1 0 1 1 0
30	5	0 0 0 0 1 0 0 0 1 1 0 0 1 0 0 1 0 0 0 1 0 0 1 0 1 0 1 1 1 1 1 1 0 1 0 0 1 1 1 0 1 0 1 1 1 0 0 1 1 1
40	1	1 0 1 0 1 1 1 1 1 0 1 0 0 0 1 1 0 1 0 1 1 1 0 1 1 1 1 0 0 1 0 0 1 0 1 0 1 0 1 1 1 1 0 1 1 0 0 0 1 1
40	1	1 0 1 0 1 1 1 1 1 0 1 0 0 0 1 0 0 1 0 1 1 1 0 1 1 1 1 0 0 1 0 0 1 0 1 0 1 0 1 1 1 1 0 1 1 0 0 0 1 1
40	2	1 0 1 0 1 1 1 1 1 0 1 0 0 0 1 0 0 1 0 1 1 1 0 1 1 1 1 0 0 1 0 0 1 0 0 0 1 0 1 1 1 1 0 0 1 0 0 0 1 1
40	1	0 1 0 0 0 0 0 1 0 0 1 1 0 0 0 0 1 0 1 0 0 1 0 1 1 1 1 0 1 1 1 1 0 1 1 0 1 1 1 0 0 0 1 0 1 0 0 1 1 0
40	7	0 0 1 1 0 1 1 1 1 0 0 1 0 0 0 0 0 0 1 1 1 1 0 0 0 1 1 1 0 0 0 1 1 1 1 0 1 0 1 0 0 0 1 0 0 1 0 1 1 0
40	1	0 0 1 1 0 1 1 1 1 0 0 1 0 0 0 0 0 0 1 1 1 1 0 1 0 1 1 1 0 0 0 1 1 1 1 0 1 0 0 0 0 0 1 0 0 1 0 1 1 0
40	41	0 0 1 1 0 1 1 1 1 0 0 1 0 0 0 0 0 0 1 1 1 1 0 0 0 1 1 1 0 0 0 1 1 1 1 0 1 0 0 0 0 0 1 0 0 1 0 1 1 0
40	1	0 0 1 1 0 1 1 1 1 0 0 1 0 0 0 0 0 0 1 1 1 1 0 0 0 1 1 1 0 0 0 1 1 0 1 0 0 0 0 0 0 0 1 0 0 1 0 1 1 1
40	36	0 0 1 1 0 1 1 1 1 0 0 1 0 0 0 0 0 0 1 1 1 1 0 0 0 1 1 1 0 0 0 1 1 0 1 0 1 0 0 0 0 0 1 0 0 1 0 1 0 0
40	3	0 0 1 1 0 1 0 1 1 0 0 1 0 0 0 0 0 0 1 1 1 1 0 0 0 1 1 1 0 0 0 1 1 0 1 0 1 0 0 0 0 0 1 0 0 1 0 1 1 0
40	2	0 0 1 1 0 1 1 1 1 0 0 1 0 0 0 0 0 0 1 1 1 1 1 0 0 1 1 1 0 0 0 1 1 0 1 0 1 0 0 0 0 0 1 0 0 1 0 1 1 0
40	4	0 0 0 0 1 0 0 0 1 1 0 0 1 0 0 1 0 0 0 1 0 0 1 0 1 0 1 1 1 1 1 1 0 1 0 0 1 1 1 0 1 0 1 1 1 0 0 1 1 1
50	2	1 0 1 0 1 1 1 1 1 0 1 0 0 0 1 0 0 1 0 1 1 1 0 1 1 1 1 0 0 1 0 0 1 0 0 0 1 0 1 1 1 1 0 0 1 0 0 0 1 1
50	1	0 0 1 1 0 1 1 1 1 0 0 1 0 1 0 0 0 0 1 1 1 1 0 0 0 1 1 1 0 0 0 1 1 1 1 0 1 0 1 0 0 0 1 0 0 1 0 1 1 0
50	9	0 0 1 1 0 1 1 1 1 0 0 1 0 0 0 0 0 0 1 1 1 1 0 0 0 1 1 1 0 0 0 1 1 1 1 0 1 0 1 0 0 0 1 0 0 1 0 1 1 0
50	2	0 1 1 1 0 1 1 1 1 0 0 1 0 0 0 0 0 0 1 1 1 1 0 0 0 1 1 1 0 0 0 1 1 1 1 0 1 0 0 0 0 0 1 0 0 1 0 1 1 0
50	1	0 0 1 1 0 1 1 1 1 0 0 1 0 0 0 0 0 0 1 1 1 1 0 0 0 1 1 1 0 0 0 1 1 1 0 0 1 0 0 0 0 0 1 0 0 1 0 1 1 0
50	21	0 0 1 1 0 1 1 1 1 0 0 1 0 0 0 0 0 0 1 1 1 1 0 0 0 1 1 1 0 0 0 1 1 1 1 0 1 0 0 0 0 0 1 0 0 1 0 1 1 0
50	2	0 0 1 1 0 1 1 1 1 0 0 1 0 0 0 0 0 0 0 1 1 1 0 0 0 1 1 1 0 0 0 1 1 0 1 0 1 0 0 0 0 0 1 0 0 1 0 1 0 0
50	2	0 0 1 1 0 0 1 1 1 0 0 1 0 0 0 0 0 0 1 1 1 1 0 0 0 1 1 1 0 0 0 1 1 0 1 0 1 0 0 0 0 0 1 0 0 1 0 1 0 0
50	1	0 0 1 1 0 1 1 1 1 0 0 1 1 0 0 0 0 0 1 1 1 1 0 0 0 1 1 1 0 0 0 1 1 0 1 0 1 0 0 0 0 0 1 0 0 1 0 1 0 0
50	56	0 0 1 1 0 1 1 1 1 0 0 1 0 0 0 0 0 0 1 1 1 1 0 0 0 1 1 1 0 0 0 1 1 0 1 0 1 0 0 0 0 0 1 0 0 1 0 1 0 0
50	2	0 0 1 1 0 1 1 1 1 0 0 1 0 0 0 0 0 0 1 1 1 1 0 0 0 1 1 1 0 0 0 1 1 0 1 0 1 0 0 0 0 0 1 0 0 1 0 1 1 0
50	1	0 0 0 0 1 0 0 0 1 1 0 0 1 0 0 1 0 0 0 1 0 0 1 0 1 0 1 1 1 1 1 1 0 1 0 0 1 1 1 0 1 0 1 1 1 0 0 1 1 1
60	1	0 0 1 1 0 1 1 1 1 0 0 1 0 0 0 0 0 0 1 1 1 1 0 0 0 1 1 1 0 0 0 1 1 1 1 0 1 0 1 0 0 0 1 0 0 1 0 1 1 1
60	1	0 0 1 1 0 1 1 1 1 0 0 1 0 0 0 0 0 0 1 1 1 1 1 0 0 1 1 1 0 0 0 1 1 1 1 0 1 0 1 0 0 0 1 0 0 1 0 1 1 0
60	5	0 0 1 1 0 1 1 1 1 0 0 1 0 0 0 0 0 0 1 1 1 1 0 0 0 1 1 1 0 0 0 1 1 1 1 0 1 0 1 0 0 0 1 0 0 1 0 1 1 0
60	1	0 1 1 1 0 1 1 1 1 0 0 1 0 0 0 0 0 0 1 1 1 1 0 0 0 1 1 1 0 0 0 1 1 1 1 0 1 0 0 0 0 0 1 0 0 1 0 1 1 0
60	1	0 0 1 1 0 1 1 1 1 0 0 1 0 0 0 0 0 0 1 1 1 1 0 0 0 1 1 1 0 0 0 1 1 1 1 0 1 0 0 0 0 0 0 0 0 1 0 1 1 0
60	13	0 0 1 1 0 1 1 1 1 0 0 1 0 0 0 0 0 0 1 1 1 1 0 0 0 1 1 1 0 0 0 1 1 1 1 0 1 0 0 0 0 0 1 0 0 1 0 1 1 0
60	2	0 0 1 1 0 1 1 1 1 0 0 1 0 0 0 0 0 0 1 1 0 1 0 0 0 1 1 1 0 0 0 1 1 0 1 0 1 0 0 0 0 0 1 0 0 1 0 1 0 0
60	5	0 0 1 1 0 1 1 1 1 0 0 1 0 0 0 0 0 0 1 1 1 1 0 0 0 1 1 1 0 0 0 1 1 0 1 0 1 0 0 0 0 0 0 0 0 1 0 1 0 0
60	1	0 0 1 1 0 1 1 1 1 0 0 1 0 0 0 0 0 0 0 1 1 1 0 0 0 1 1 1 0 0 0 1 1 0 1 0 1 0 0 0 0 0 1 0 0 1 0 1 0 0
60	1	0 0 1 1 0 1 1 1 1 0 0 1 0 0 0 0 0 0 1 1 1 1 0 0 0 1 0 1 0 0 0 1 1 0 1 0 1 0 0 0 0 0 1 0 0 1 0 1 0 0
60	1	0 0 1 1 0 1 1 1 1 0 0 1 0 1 0 0 0 0 1 1 1 1 0 0 0 1 1 1 0 0 0 1 1 0 1 0 1 0 0 0 0 0 1 0 0 1 0 1 0 0
60	1	0 0 1 1 0 1 1 1 1 0 0 1 0 0 0 0 0 0 1 1 1 1 0 0 0 1 1 1 0 0 0 1 1 0 1 1 1 0 0 0 0 0 1 0 0 1 0 1 0 0
60	1	0 0 1 1 0 1 1 1 1 1 0 1 0 0 0 0 0 0 1 1 1 1 0 0 0 1 1 1 0 0 0 1 1 0 1 0 1 0 0 0 0 0 1 0 0 1 0 1 0 0
60	1	0 0 1 1 0 1 1 1 1 0 0 1 0 0 0 0 0 0 1 1 1 1 0 0 0 1 1 1 0 0 0 1 1 0 1 0 1 0 0 0 0 0 1 0 0 1 0 1 0 1
60	1	0 0 1 1 0 1 1 1 1 0 0 1 0 0 0 0 0 0 1 1 1 1 0 0 0 0 1 1 0 0 0 1 1 0 1 0 1 0 0 0 0 0 1 0 0 1 0 1 0 0
60	64	0 0 1 1 0 1 1 1 1 0 0 1 0 0 0 0 0 0 1 1 1 1 0 0 0 1 1 1 0 0 0 1 1 0 1 0 1 0 0 0 0 0 1 0 0 1 0 1 0 0
70	1	0 0 1 1 0 1 1 1 1 0 0 1 0 0 0 0 0 0 1 1 1 1 1 0 0 1 1 1 0 0 0 1 1 1 1 0 1 0 1 0 0 0 1 0 0 1 0 1 1 0
70	5	0 0 1 1 0 1 1 1 1 0 0 1 0 0 0 0 0 0 1 1 1 1 0 0 0 1 1 1 0 0 0 1 1 1 1 0 1 0 1 0 0 0 1 0 0 1 0 1 1 0
70	4	0 1 1 1 0 1 1 1 1 0 0 1 0 0 0 0 0 0 1 1 1 1 0 0 0 1 1 1 0 0 0 1 1 1 1 0 1 0 0 0 0 0 1 0 0 1 0 1 1 0
70	4	0 0 1 1 0 1 1 1 1 0 0 1 0 0 0 0 0 0 1 1 1 1 0 0 0 1 1 1 0 0 0 1 1 1 1 0 1 0 0 0 0 0 1 0 0 1 0 1 1 0
70	4	0 0 1 1 0 1 1 1 1 0 0 1 0 0 0 0 0 0 1 1 0 1 0 0 0 1 1 1 0 0 0 1 1 0 1 0 1 0 0 0 0 0 1 0 0 1 0 1 0 0
70	8	0 0 1 1 0 1 1 1 1 0 0 1 0 0 0 0 0 0 1 1 1 1 0 0 0 1 1 1 0 0 0 1 1 0 1 0 1 0 0 0 0 0 0 0 0 1 0 1 0 0
70	4	0 0 1 1 0 1 1 1 1 0 0 1 0 0 0 0 0 0 0 1 1 1 0 0 0 1 1 1 0 0 0 1 1 0 1 0 1 0 0 0 0 0 1 0 0 1 0 1 0 0
70	1	0 0 1 1 0 1 1 1 1 0 0 1 0 0 0 0 0 0 1 1 1 1 0 0 0 1 0 1 0 0 0 1 1 0 1 0 1 0 0 0 0 0 1 0 0 1 0 1 0 0
70	1	0 0 1 1 0 1 1 1 1 0 0 1 0 0 0 0 0 0 1 1 1 1 0 0 0 1 1 1 0 0 0 1 1 0 1 1 1 0 0 0 0 0 1 0 0 1 0 1 0 0
70	2	0 0 1 1 0 1 1 1 1 0 0 1 0 0 0 0 0 0 1 1 1 1 0 0 0 1 1 1 0 0 0 1 0 0 1 0 1 0 0 0 0 0 1 0 0 1 0 1 0 0
70	1	0 0 1 1 0 1 1 1 1 0 0 1 0 0 0 0 0 0 1 1 1 1 0 0 0 0 1 1 0 0 0 1 1 0 1 0 1 0 0 0 0 0 1 0 0 1 0 1 0 0
70	1	0 0 1 1 0 1 1 1 1 0 0 1 0 0 0 0 0 0 1 1 1 1 0 0 0 1 1 1 1 0 0 1 1 0 1 0 1 0 0 0 0 0 1 0 0 1 0 1 0 0
70	64	0 0 1 1 0 1 1 1 1 0 0 1 0 0 0 0 0 0 1 1 1 1 0 0 0 1 1 1 0 0 0 1 1 0 1 0 1 0 0 0 0 0 1 0 0 1 0 1 0 0
80	1	0 0 1 1 0 1 1 1 1 0 0 1 0 0 0 0 0 0 1 1 1 1 0 0 0 1 1 1 0 0 0 1 1 1 1 0 1 0 1 0 0 0 1 0 0 1 0 1 1 0
80	7	0 1 1 1 0 1 1 1 1 0 0 1 0 0 0 0 0 0 1 1 1 1 0 0 0 1 1 1 0 0 0 1 1 1 1 0 1 0 0 0 0 0 1 0 0 1 0 1 1 0
80	1	0 0 1 1 0 1 1 1 1 0 0 1 0 0 0 0 0 0 1 1 1 1 0 0 0 1 1 1 0 0 0 1 1 1 1 0 1 0 0 0 0 0 1 0 0 1 0 1 1 0
80	1	0 0 1 1 0 1 1 1 1 0 0 1 0 0 0 0 0 0 1 1 0 1 0 0 0 1 1 1 0 0 0 1 1 0 1 0 1 0 0 0 0 0 1 0 0 1 0 1 0 0
80	1	0 0 1 1 1 1 1 1 1 0 0 1 0 0 0 0 0 0 1 1 1 1 0 0 0 1 1 1 0 0 0 1 1 0 1 0 1 0 0 0 0 0 0 0 0 1 0 1 0 0
80	12	0 0 1 1 0 1 1 1 1 0 0 1 0 0 0 0 0 0 1 1 1 1 0 0 0 1 1 1 0 0 0 1 1 0 1 0 1 0 0 0 0 0 0 0 0 1 0 1 0 0
80	2	0 0 1 1 0 1 1 1 1 0 0 1 0 0 0 0 0 0 0 1 1 1 0 0 0 1 1 1 0 0 0 1 1 0 1 0 1 0 0 0 0 0 1 0 0 1 0 1 0 0
80	2	0 0 1 1 0 1 1 1 1 0 0 1 0 0 0 0 0 0 1 1 1 1 0 0 0 1 0 1 0 0 0 1 1 0 1 0 1 0 0 0 0 0 1 0 0 1 0 1 0 0
80	1	0 0 1 1 0 1 1 1 1 0 0 1 0 0 0 0 0 0 1 1 1 1 0 0 0 1 1 1 0 0 0 1 1 0 1 1 1 0 0 0 0 0 1 0 0 1 0 1 0 0
80	3	0 0 1 1 0 1 1 1 1 0 0 1 0 0 0 0 0 0 1 1 1 1 0 0 0 0 1 1 0 0 0 1 1 0 1 0 1 0 0 0 0 0 1 0 0 1 0 1 0 0
80	3	0 1 1 1 0 1 1 1 1 0 0 1 0 0 0 0 0 0 1 1 1 1 0 0 0 1 1 1 0 0 0 1 1 0 1 0 1 0 0 0 0 0 1 0 0 1 0 1 0 0
80	2	0 0 1 1 0 1 1 1 1 0 0 1 0 0 0 0 0 0 1 1 1 1 0 0 0 1 1 1 0 0 0 1 1 0 1 0 1 0 1 0 0 0 0 0 0 1 0 1 0 0
80	64	0 0 1 1 0 1 1 1 1 0 0 1 0 0 0 0 0 0 1 1 1 1 0 0 0 1 1 1 0 0 0 1 1 0 1 0 1 0 0 0 0 0 1 0 0 1 0 1 0 0
90	1	0 0 1 1 0 1 1 1 1 0 0 1 0 0 0 0 0 0 1 1 1 1 1 0 0 1 1 1 0 0 0 1 1 1 1 0 1 0 1 0 0 0 1 0 0 1 0 1 1 0
90	2	0 1 1 1 0 1 1 1 1 0 0 1 0 0 0 0 0 0 1 1 1 1 0 0 0 1 1 1 0 0 0 1 1 1 1 0 1 0 0 0 0 0 1 0 0 1 0 1 1 0
90	5	0 0 1 1 0 1 1 1 1 0 0 1 0 0 0 0 0 0 1 1 1 1 0 0 0 1 1 1 0 0 0 1 1 0 1 0 1 0 0 0 0 0 0 0 0 1 0 1 0 0
90	1	0 0 1 1 0 1 1 1 1 0 0 1 0 0 0 0 0 0 1 1 1 1 0 0 0 1 1 1 0 0 0 1 1 0 1 0 1 0 0 0 1 0 0 0 0 1 0 1 0 0
90	6	0 0 1 1 0 1 1 1 1 0 0 1 0 0 0 0 0 0 0 1 1 1 0 0 0 1 1 1 0 0 0 1 1 0 1 0 1 0 0 0 0 0 1 0 0 1 0 1 0 0
90	1	0 0 1 1 0 1 1 1 1 0 0 1 0 0 0 0 0 0 1 1 1 1 0 0 0 1 0 1 1 0 0 1 1 0 1 0 1 0 0 0 0 0 1 0 0 1 0 1 0 0
90	10	0 0 1 1 0 1 1 1 1 0 0 1 0 0 0 0 0 0 1 1 1 1 0 0 0 1 0 1 0 0 0 1 1 0 1 0 1 0 0 0 0 0 1 0 0 1 0 1 0 0
90	1	0 0 1 1 0 1 1 1 1 0 0 1 0 1 0 0 0 0 1 1 1 1 0 0 0 0 1 1 0 0 0 1 1 0 1 0 1 0 0 0 0 0 1 0 0 1 0 1 0 0
90	5	0 0 1 1 0 1 1 1 1 0 0 1 0 0 0 0 0 0 1 1 1 1 0 0 0 0 1 1 0 0 0 1 1 0 1 0 1 0 0 0 0 0 1 0 0 1 0 1 0 0
90	5	0 1 1 1 0 1 1 1 1 0 0 1 0 0 0 0 0 0 1 1 1 1 0 0 0 1 1 1 0 0 0 1 1 0 1 0 1 0 0 0 0 0 1 0 0 1 0 1 0 0
90	2	0 0 1 1 0 1 1 1 1 0 0 1 0 0 0 0 0 0 1 1 1 1 0 0 0 1 1 1 0 0 0 1 1 0 1 0 1 0 0 0 0 0 1 0 1 1 0 1 0 0
90	1	0 0 1 1 0 1 1 1 1 0 0 1 1 0 0 0 0 0 1 1 1 1 0 0 0 1 1 1 0 0 0 1 1 0 1 0 1 0 0 0 0 0 1 0 0 1 0 1 0 0
90	60	0 0 1 1 0 1 1 1 1 0 0 1 0 0 0 0 0 0 1 1 1 1 0 0 0 1 1 1 0 0 0 1 1 0 1 0 1 0 0 0 0 0 1 0 0 1 0 1 0 0
100	3	0 0 1 1 0 1 1 1 1 0 0 1 0 0 0 0 0 0 1 1 1 1 0 0 0 1 1 1 0 0 0 1 1 1 1 0 1 0 0 0 0 0 0 0 0 1 0 1 0 0
100	13	0 0 1 1 0 1 1 1 1 0 0 1 0 0 0 0 0 0 1 1 1 1 0 0 0 1 1 1 0 0 0 1 1 0 1 0 1 0 0 0 0 0 0 0 0 1 0 1 0 0
100	2	0 0 1 1 0 1 1 1 1 0 0 1 0 0 0 0 0 0 1 1 1 1 0 0 0 1 1 1 0 0 0 1 1 0 1 0 1 0 0 0 1 0 0 0 0 1 0 1 0 0
100	5	0 0 1 1 0 1 1 1 1 0 0 1 0 0 0 0 0 0 0 1 1 1 0 0 0 1 1 1 0 0 0 1 1 0 1 0 1 0 0 0 0 0 1 0 0 1 0 1 0 0
100	1	0 0 1 1 0 1 1 1 1 0 0 1 0 0 0 0 0 0 1 1 1 1 0 0 0 1 0 1 1 0 0 1 1 0 1 0 1 0 0 0 0 0 1 0 0 1 0 1 0 0
100	1	0 0 1 1 0 1 1 1 1 0 0 1 0 0 0 0 0 0 1 1 1 1 1 0 0 1 0 1 0 0 0 1 1 0 1 0 1 0 0 0 0 0 1 0 0 1 0 1 0 0
100	7	0 0 1 1 0 1 1 1 1 0 0 1 0 0 0 0 0 0 1 1 1 1 0 0 0 1 0 1 0 0 0 1 1 0 1 0 1 0 0 0 0 0 1 0 0 1 0 1 0 0
100	3	0 0 1 1 0 1 1 1 1 0 0 1 0 0 0 0 0 0 1 1 1 1 0 0 0 0 1 1 0 0 0 1 1 0 1 0 1 0 0 0 0 0 1 0 0 1 0 1 0 0
100	9	0 1 1 1 0 1 1 1 1 0 0 1 0 0 0 0 0 0 1 1 1 1 0 0 0 1 1 1 0 0 0 1 1 0 1 0 1 0 0 0 0 0 1 0 0 1 0 1 0 0
100	3	0 0 1 1 0 1 1 1 1 0 0 1 0 1 0 0 0 0 1 1 1 1 0 0 0 1 1 1 0 0 0 1 1 0 1 0 1 0 0 0 0 0 1 0 0 1 0 1 0 0
100	1	0 0 1 1 0 1 1 1 1 0 0 1 0 0 0 1 0 0 1 1 1 1 0 0 0 1 1 1 0 0 0 1 1 0 1 0 1 0 0 0 0 0 1 0 0 1 0 1 0 0
100	52	0 0 1 1 0 1 1 1 1 0 0 1 0 0 0 0 0 0 1 1 1 1 0 0 0 1 1 1 0 0 0 1 1 0 1 0 1 0 0 0 0 0 1 0 0 1 0 1 0 0
110	1	0 1 1 1 0 1 1 1 1 0 0 1 0 0 0 0 0 0 1 1 1 1 0 0 0 1 1 1 0 0 0 1 1 1 1 0 1 0 0 0 0 0 1 0 0 1 0 1 1 0
110	3	0 0 1 1 0 1 1 1 1 0 0 1 0 0 0 0 0 0 1 1 1 1 0 0 0 1 1 1 0 0 0 1 1 1 1 0 1 0 0 0 0 0 0 0 0 1 0 1 0 0
110	1	0 0 1 1 0 1 1 1 1 0 0 1 0 0 0 0 0 0 0 1 1 1 0 0 0 1 1 1 0 0 0 1 1 0 1 0 1 0 0 0 0 0 0 0 0 1 0 1 0 0
110	17	0 0 1 1 0 1 1 1 1 0 0 1 0 0 0 0 0 0 1 1 1 1 0 0 0 1 1 1 0 0 0 1 1 0 1 0 1 0 0 0 0 0 0 0 0 1 0 1 0 0
110	2	0 0 1 1 0 1 1 1 1 0 0 1 0 0 0 0 0 0 1 1 1 1 0 0 0 1 1 1 0 0 0 1 1 0 1 0 1 0 0 0 1 0 0 0 0 1 0 1 0 0
110	3	0 0 1 1 0 1 1 1 1 0 0 1 0 0 0 0 0 0 0 1 1 1 0 0 0 1 1 1 0 0 0 1 1 0 1 0 1 0 0 0 0 0 1 0 0 1 0 1 0 0
110	1	0 0 1 1 0 1 1 1 1 0 0 1 0 0 0 0 0 0 1 1 1 1 0 0 0 1 0 1 1 0 0 1 1 0 1 0 1 0 0 0 0 0 1 0 0 1 0 1 0 0
110	4	0 0 1 1 0 1 1 1 1 0 0 1 0 0 0 0 0 0 1 1 1 1 0 0 0 1 0 1 0 0 0 1 1 0 1 0 1 0 0 0 0 0 1 0 0 1 0 1 0 0
110	3	0 0 1 1 0 1 1 1 1 0 0 1 0 0 0 0 0 0 1 1 1 1 0 0 0 0 1 1 0 0 0 1 1 0 1 0 1 0 0 0 0 0 1 0 0 1 0 1 0 0
110	7	0 1 1 1 0 1 1 1 1 0 0 1 0 0 0 0 0 0 1 1 1 1 0 0 0 1 1 1 0 0 0 1 1 0 1 0 1 0 0 0 0 0 1 0 0 1 0 1 0 0
110	1	0 0 1 1 0 1 1 1 1 0 0 1 0 0 0 1 0 0 1 1 1 1 0 0 0 1 1 1 0 1 0 1 1 0 1 0 1 0 0 0 0 0 1 0 0 1 0 1 0 0
110	2	0 0 1 1 0 1 1 1 1 1 0 1 0 0 0 0 1 0 1 1 1 1 0 0 0 1 1 1 0 0 0 1 1 0 1 0 1 0 0 0 0 0 1 0 0 1 0 1 0 0
110	1	0 0 1 1 0 1 1 1 1 0 0 1 0 0 0 0 0 0 1 1 1 1 0 0 0 1 1 1 0 0 0 1 1 0 1 0 1 0 0 0 1 0 1 0 0 0 0 1 0 0
110	2	0 0 1 1 0 1 1 1 1 0 0 1 0 0 0 0 0 0 1 1 1 1 0 0 0 1 1 1 0 0 0 1 1 0 1 0 1 0 0 0 0 0 1 0 0 0 0 1 0 0
110	1	0 0 1 1 0 1 1 1 1 0 0 1 0 0 0 0 0 0 1 1 1 1 0 0 0 1 1 1 0 0 0 0 1 0 1 0 1 0 0 0 0 0 1 0 0 1 0 1 0 0
110	51	0 0 1 1 0 1 1 1 1 0 0 1 0 0 0 0 0 0 1 1 1 1 0 0 0 1 1 1 0 0 0 1 1 0 1 0 1 0 0 0 0 0 1 0 0 1 0 1 0 0
120	2	0 0 1 1 0 1 1 1 1 0 0 1 0 0 0 0 0 0 1 1 1 1 0 0 0 1 1 1 0 0 0 1 1 1 1 0 1 0 0 0 0 0 0 0 0 1 0 1 0 0
120	3	0 0 1 1 0 1 1 1 1 0 0 1 0 0 0 0 0 0 1 1 1 1 0 0 0 1 1 1 0 0 0 1 1 0 1 0 1 0 0 0 1 0 0 0 0 1 0 1 0 0
120	43	0 0 1 1 0 1 1 1 1 0 0 1 0 0 0 0 0 0 1 1 1 1 0 0 0 1 1 1 0 0 0 1 1 0 1 0 1 0 0 0 0 0 1 0 0 1 0 1 0 0
120	24	0 0 1 1 0 1 1 1 1 0 0 1 0 0 0 0 0 0 1 1 1 1 0 0 0 1 1 1 0 0 0 1 1 0 1 0 1 0 0 0 0 0 0 0 0 1 0 1 0 0
120	1	0 0 1 1 0 1 1 1 1 0 0 1 0 0 0 0 0 0 0 1 1 1 0 0 0 1 1 1 0 0 0 1 1 0 1 0 1 0 1 0 0 0 1 0 0 1 0 1 0 0
120	1	0 0 1 1 0 1 1 1 1 0 0 1 0 0 0 0 0 0 0 1 1 1 0 0 0 1 1 1 0 0 0 1 1 0 1 0 1 0 0 0 0 0 1 0 0 1 0 1 0 0
120	3	0 0 1 1 0 1 1 1 1 0 0 1 0 0 0 0 0 0 1 1 1 1 0 0 0 1 0 1 0 0 0 1 1 0 1 0 1 0 0 0 0 0 1 0 0 1 0 1 0 0
120	1	0 0 1 1 0 1 1 1 1 0 0 1 0 0 0 0 0 0 1 1 1 1 0 0 0 0 1 1 0 0 0 1 1 0 1 0 1 0 0 0 0 0 1 0 0 1 0 1 0 0
120	2	0 1 1 1 0 1 1 1 1 0 0 1 0 0 0 0 0 0 1 1 1 1 0 0 0 1 1 1 0 0 0 1 1 0 1 1 1 0 0 0 0 0 1 0 0 1 0 1 0 0
120	13	0 1 1 1 0 1 1 1 1 0 0 1 0 0 0 0 0 0 1 1 1 1 0 0 0 1 1 1 0 0 0 1 1 0 1 0 1 0 0 0 0 0 1 0 0 1 0 1 0 0
120	7	0 0 1 1 0 1 1 1 1 0 0 1 0 0 0 0 0 0 1 1 1 1 0 0 0 1 1 1 0 0 0 1 1 0 1 0 1 0 0 0 0 0 1 0 0 0 0 1 0 0
130	3	0 0 1 1 0 1 1 1 1 0 0 1 0 0 0 0 0 0 1 1 1 1 0 0 0 1 1 1 0 0 0 1 1 1 1 0 1 0 0 0 0 0 0 0 0 1 0 1 0 0
130	3	0 0 1 1 0 1 1 1 1 0 0 1 0 0 0 0 1 0 1 1 1 1 0 0 0 1 1 1 0 0 0 1 1 0 1 0 1 0 0 0 0 0 0 0 0 1 0 1 0 0
130	4	0 0 1 1 0 1 1 1 1 0 0 1 0 0 0 0 0 0 1 1 1 1 0 0 0 1 1 1 0 0 0 1 1 0 1 0 1 0 0 0 1 0 0 0 0 1 0 1 0 0
130	1	0 0 1 1 0 1 1 1 1 1 0 1 0 0 0 0 0 0 1 1 1 1 0 0 0 1 1 1 0 0 0 1 1 0 1 0 1 0 0 0 0 0 1 0 0 1 0 1 0 0
130	1	0 0 1 1 0 0 1 1 1 0 0 1 0 0 0 0 0 0 1 1 1 1 0 0 0 1 1 1 0 0 0 1 1 0 1 0 1 0 0 0 0 0 1 0 0 1 0 1 0 0
130	6	0 0 1 1 0 1 1 1 1 0 0 1 0 0 0 0 0 0 1 1 1 1 0 0 0 1 1 1 0 0 0 1 1 0 1 0 1 0 0 0 0 0 1 0 0 0 0 1 0 0
130	31	0 0 1 1 0 1 1 1 1 0 0 1 0 0 0 0 0 0 1 1 1 1 0 0 0 1 1 1 0 0 0 1 1 0 1 0 1 0 0 0 0 0 1 0 0 1 0 1 0 0
130	2	0 0 1 1 0 1 1 1 1 0 0 0 0 0 0 0 0 0 1 1 1 1 0 0 0 1 1 1 0 0 0 1 1 0 1 0 1 0 0 0 0 0 0 0 0 1 0 1 0 0
130	32	0 0 1 1 0 1 1 1 1 0 0 1 0 0 0 0 0 0 1 1 1 1 0 0 0 1 1 1 0 0 0 1 1 0 1 0 1 0 0 0 0 0 0 0 0 1 0 1 0 0
130	1	0 1 1 1 0 1 1 1 1 0 0 1 0 0 1 0 0 1 1 1 1 1 0 0 0 1 1 1 0 0 0 1 1 0 1 0 1 0 0 0 0 0 1 0 0 1 0 1 0 0
130	1	0 1 1 1 0 1 1 1 1 0 0 1 0 0 0 0 1 0 1 1 1 1 0 0 0 1 1 1 0 0 0 1 1 0 1 0 1 0 0 0 0 0 1 0 0 1 0 1 0 0
130	15	0 1 1 1 0 1 1 1 1 0 0 1 0 0 0 0 0 0 1 1 1 1 0 0 0 1 1 1 0 0 0 1 1 0 1 0 1 0 0 0 0 0 1 0 0 1 0 1 0 0
140	1	0 0 1 1 0 1 1 1 1 1 0 1 0 0 0 0 0 0 1 1 1 1 0 0 0 1 1 1 0 0 0 1 1 0 1 0 1 0 0 0 0 0 0 0 0 1 0 1 0 0
140	1	0 0 1 1 0 1 1 1 1 0 0 1 0 0 0 0 0 0 0 1 1 1 0 0 0 1 1 1 0 0 0 1 1 0 1 0 1 0 0 0 0 0 0 0 0 1 0 1 0 0
140	24	0 0 1 1 0 1 1 1 1 0 0 1 0 0 0 0 0 0 1 1 1 1 0 0 0 1 1 1 0 0 0 1 1 0 1 0 1 0 0 0 0 0 0 0 0 1 0 1 0 0
140	4	0 0 1 1 0 1 1 1 1 0 0 1 0 0 0 0 0 0 1 1 1 1 0 0 0 1 1 1 0 0 0 1 1 1 1 0 1 0 0 0 0 0 0 0 0 1 0 1 0 0
140	1	0 0 1 1 0 1 1 1 1 0 0 1 0 0 0 0 1 0 1 1 1 1 0 0 0 1 1 1 0 0 0 1 1 1 1 0 1 0 0 0 0 0 0 0 0 1 0 1 0 0
140	5	0 0 1 1 0 1 1 1 1 0 0 1 0 0 0 0 1 0 1 1 1 1 0 0 0 1 1 1 0 0 0 1 1 0 1 0 1 0 0 0 0 0 0 0 0 1 0 1 0 0
140	1	0 0 1 1 0 1 1 1 1 0 0 1 0 1 0 0 0 0 1 1 1 1 0 0 0 1 1 1 0 0 0 1 1 0 1 0 1 0 0 0 1 0 0 0 0 1 0 1 0 0
140	1	0 0 1 1 0 1 1 1 1 0 0 1 0 0 0 0 0 0 1 1 1 1 0 0 0 1 1 1 0 0 0 1 1 0 1 0 1 0 0 0 1 0 0 0 0 1 0 1 0 0
140	3	0 0 1 1 0 1 1 1 1 1 0 1 0 0 0 0 0 0 1 1 1 1 0 0 0 1 1 1 0 0 0 1 1 0 1 0 1 0 0 0 0 0 1 0 0 1 0 1 0 0
140	19	0 0 1 1 0 1 1 1 1 0 0 1 0 0 0 0 0 0 1 1 1 1 0 0 0 1 1 1 0 0 0 1 1 0 1 0 1 0 0 0 0 0 1 0 0 0 0 1 0 0
140	16	0 0 1 1 0 1 1 1 1 0 0 1 0 0 0 0 0 0 1 1 1 1 0 0 0 1 1 1 0 0 0 1 1 0 1 0 1 0 0 0 0 0 1 0 0 1 0 1 0 0
140	1	0 0 1 1 0 1 1 1 1 0 0 0 0 0 0 0 0 0 1 1 1 1 0 0 0 1 1 1 0 0 0 1 1 0 1 0 1 0 0 0 0 0 0 0 0 1 0 1 0 0
140	1	0 1 1 1 0 1 1 1 1 0 0 1 0 0 0 0 0 0 1 1 1 1 0 0 0 1 1 1 0 0 0 1 1 0 1 1 1 0 0 0 0 0 1 0 0 1 0 1 0 0
140	22	0 1 1 1 0 1 1 1 1 0 0 1 0 0 0 0 0 0 1 1 1 1 0 0 0 1 1 1 0 0 0 1 1 0 1 0 1 0 0 0 0 0 1 0 0 1 0 1 0 0
150	1	0 0 1 1 0 1 1 1 1 0 0 1 0 0 0 0 0 0 1 1 1 1 0 0 0 1 1 1 0 0 0 1 1 0 1 0 0 0 0 0 0 0 0 0 0 1 0 1 0 0
150	2	0 0 1 1 0 1 1 1 1 0 0 0 0 0 0 0 0 0 1 1 1 1 0 0 0 1 1 1 0 0 0 1 1 0 1 0 1 0 0 0 0 0 0 0 0 1 0 1 0 0
150	1	0 0 1 1 0 1 1 1 1 0 0 1 1 0 0 0 0 0 1 1 1 1 0 0 0 1 1 1 0 0 0 1 1 0 1 0 1 0 0 0 0 0 0 0 0 1 0 1 0 0
150	20	0 0 1 1 0 1 1 1 1 0 0 1 0 0 0 0 0 0 1 1 1 1 0 0 0 1 1 1 0 0 0 1 1 0 1 0 1 0 0 0 0 0 0 0 0 1 0 1 0 0
150	1	0 0 1 1 0 1 1 1 1 0 0 1 0 0 0 0 1 0 1 1 1 1 0 0 0 1 1 1 0 0 0 1 1 0 1 0 1 0 0 0 0 0 0 0 0 1 0 1 0 0
150	1	0 0 1 1 0 1 1 1 1 0 0 1 0 1 0 0 0 0 1 1 1 1 0 0 0 1 1 1 0 0 0 1 1 0 1 0 1 0 0 0 1 0 0 0 0 1 0 1 0 0
150	2	0 0 1 1 0 1 1 1 1 1 0 1 0 0 0 0 0 0 1 1 1 1 0 0 0 1 1 1 0 0 0 1 1 0 1 0 1 0 0 0 0 0 1 0 0 1 0 1 0 0
150	2	0 0 1 1 0 1 1 1 1 0 0 1 0 0 0 0 0 0 1 1 1 1 0 0 0 1 1 1 0 0 0 1 1 0 0 0 1 0 0 0 0 0 1 0 0 0 0 1 0 0
150	29	0 0 1 1 0 1 1 1 1 0 0 1 0 0 0 0 0 0 1 1 1 1 0 0 0 1 1 1 0 0 0 1 1 0 1 0 1 0 0 0 0 0 1 0 0 0 0 1 0 0
150	1	0 0 1 1 0 1 1 1 1 0 0 1 0 0 0 1 0 0 1 1 1 1 0 0 0 1 1 1 0 0 0 1 1 0 1 0 1 0 0 0 0 0 0 0 0 1 0 1 0 0
150	15	0 0 1 1 0 1 1 1 1 0 0 1 0 0 0 0 0 0 1 1 1 1 0 0 0 1 1 1 0 0 0 1 1 0 1 0 1 0 0 0 0 0 1 0 0 1 0 1 0 0
150	1	0 0 1 1 0 1 1 1 1 0 0 1 0 1 0 0 0 0 1 1 1 1 0 0 0 1 1 1 0 0 0 1 1 0 1 0 1 0 0 0 0 0 0 0 0 1 0 1 0 0
150	3	0 1 1 1 0 1 1 1 1 0 0 1 0 0 0 0 0 0 1 1 1 1 0 0 0 1 1 1 0 0 0 1 1 0 1 1 1 0 0 0 0 0 1 0 0 1 0 1 0 0
150	1	0 1 1 1 0 1 1 1 1 0 0 1 0 0 1 0 0 1 1 1 1 1 0 0 0 1 1 1 0 0 0 1 1 0 1 0 1 0 0 0 0 0 1 0 0 1 0 1 0 0
150	3	0 1 1 1 0 1 1 1 1 0 0 0 0 0 0 0 0 0 1 1 1 1 0 0 0 1 1 1 0 0 0 1 1 0 1 0 1 0 0 0 0 0 1 0 0 1 0 1 0 0
150	1	0 1 1 1 0 1 1 1 1 0 0 1 0 0 0 0 0 0 1 1 1 1 0 0 0 1 1 1 0 0 0 1 1 0 1 0 1 0 0 0 1 0 1 0 0 1 0 1 0 0
150	16	0 1 1 1 0 1 1 1 1 0 0 1 0 0 0 0 0 0 1 1 1 1 0 0 0 1 1 1 0 0 0 1 1 0 1 0 1 0 0 0 0 0 1 0 0 1 0 1 0 0
160	3	0 0 1 1 0 1 1 1 1 0 0 0 0 0 0 0 0 0 1 1 1 1 0 0 0 1 1 1 0 0 0 1 1 0 1 0 1 0 0 0 0 0 0 0 0 1 0 1 0 0
160	3	0 0 1 1 0 1 1 1 1 0 0 1 1 0 0 0 0 0 1 1 1 1 0 0 0 1 1 1 0 0 0 1 1 0 1 0 1 0 0 0 0 0 0 0 0 1 0 1 0 0
160	1	0 0 1 1 0 1 1 1 1 0 0 1 0 0 0 0 0 0 1 1 1 1 0 0 0 1 1 1 0 1 0 1 1 0 1 0 1 0 0 0 0 0 0 0 0 1 0 1 0 0
160	1	0 0 1 1 0 1 1 1 1 0 0 1 0 0 0 0 0 0 1 1 1 1 0 0 0 1 1 1 0 0 0 1 1 0 1 0 1 0 0 0 0 0 0 0 0 1 1 1 0 0
160	1	0 0 1 1 0 1 1 1 1 0 0 1 0 0 0 0 0 0 1 1 1 1 0 0 0 1 1 1 0 0 0 1 1 0 1 0 1 0 1 0 0 0 0 0 0 1 0 1 0 0
160	25	0 0 1 1 0 1 1 1 1 0 0 1 0 0 0 0 0 0 1 1 1 1 0 0 0 1 1 1 0 0 0 1 1 0 1 0 1 0 0 0 0 0 0 0 0 1 0 1 0 0
160	2	0 0 1 1 0 1 1 1 1 0 0 1 0 0 0 0 0 0 1 1 1 1 0 0 0 1 1 1 0 0 0 1 1 1 1 0 1 0 0 0 0 0 0 0 0 1 0 1 0 0
160	1	0 0 1 1 0 1 1 1 1 0 0 1 0 0 0 0 1 0 1 1 1 1 0 0 0 1 1 1 0 0 0 1 1 0 1 0 1 0 1 0 0 0 0 0 0 1 0 1 0 0
160	1	0 0 1 1 0 1 1 1 1 0 0 1 0 0 0 0 1 0 1 1 1 1 0 0 0 1 1 1 0 0 0 1 1 0 1 0 1 0 0 0 0 0 0 0 0 1 0 1 0 1
160	2	0 0 1 1 0 1 1 1 1 0 0 1 0 0 0 0 1 0 1 1 1 1 0 0 0 1 1 1 0 0 0 1 1 0 1 0 1 0 0 0 0 0 0 0 0 1 0 1 0 0
160	1	0 0 1 1 0 1 1 1 1 0 0 1 0 1 0 0 0 0 1 1 1 1 0 0 0 1 1 1 0 0 0 1 1 0 1 0 1 0 0 0 1 0 0 0 0 1 0 1 0 0
160	4	0 0 1 1 0 1 1 1 1 0 0 1 0 0 0 0 0 0 1 1 1 1 0 0 0 1 1 1 0 0 0 1 1 0 1 0 1 0 0 0 0 0 1 0 0 1 0 1 0 0
160	1	0 0 1 1 0 1 0 1 1 1 0 1 0 0 0 0 0 0 1 1 1 1 0 0 0 1 1 1 0 0 0 1 1 0 1 0 1 0 0 0 0 0 1 0 0 1 0 1 0 0
160	1	0 0 1 1 0 1 1 1 1 1 0 1 0 0 0 0 0 0 1 1 1 1 0 0 0 1 1 1 0 0 0 1 1 0 1 0 1 0 0 0 0 0 1 0 0 1 0 1 0 0
160	1	0 0 1 1 0 1 1 1 1 0 0 1 0 0 0 0 0 0 1 1 1 1 0 0 0 1 1 1 0 0 0 1 1 0 1 0 1 1 0 0 0 0 1 0 0 0 0 1 0 0
160	12	0 0 1 1 0 1 1 1 1 0 0 1 0 0 0 0 0 0 1 1 1 1 0 0 0 1 1 1 0 0 0 1 1 0 1 0 1 0 0 0 0 0 1 0 0 0 0 1 0 0
160	1	0 0 1 1 0 1 1 1 1 0 0 1 0 1 0 0 1 0 1 1 1 1 0 0 0 1 1 1 0 0 0 1 1 0 1 0 1 0 0 0 0 0 0 0 0 1 0 1 0 0
160	1	0 0 1 1 0 1 1 1 1 0 0 1 0 1 0 0 0 0 1 1 1 1 0 0 0 1 1 1 0 0 0 1 1 0 1 0 1 0 0 0 0 0 0 0 0 1 0 1 0 0
160	13	0 1 1 1 0 1 1 1 1 0 0 1 0 0 0 0 0 0 1 1 1 1 0 0 0 1 1 1 0 0 0 1 1 0 1 1 1 0 0 0 0 0 1 0 0 1 0 1 0 0
160	21	0 1 1 1 0 1 1 1 1 0 0 1 0 0 0 0 0 0 1 1 1 1 0 0 0 1 1 1 0 0 0 1 1 0 1 0 1 0 0 0 0 0 1 0 0 1 0 1 0 0
160	3	0 1 1 1 0 1 1 1 1 0 0 0 0 0 0 0 0 0 1 1 1 1 0 0 0 1 1 1 0 0 0 1 1 0 1 0 1 0 0 0 0 0 1 0 0 1 0 1 0 0
160	1	0 1 1 1 0 1 1 1 1 0 0 1 0 0 0 0 0 0 1 1 1 1 0 0 0 1 1 1 0 0 0 1 1 0 1 0 1 0 0 0 0 0 0 0 0 1 0 1 0 0
170	1	0 0 1 1 0 1 1 1 1 0 0 1 0 1 0 0 0 0 1 1 1 1 0 0 0 1 1 1 0 0 0 1 1 0 1 0 1 0 0 0 0 0 0 0 0 1 0 1 0 0
170	30	0 0 1 1 0 1 1 1 1 0 0 1 0 0 0 0 0 0 1 1 1 1 0 0 0 1 1 1 0 0 0 1 1 0 1 0 1 0 0 0 0 0 0 0 0 1 0 1 0 0
170	1	0 0 1 1 0 1 1 1 1 0 0 1 0 0 1 0 0 0 1 1 1 1 0 0 0 1 1 1 0 0 0 1 1 0 1 0 1 0 0 0 0 0 0 0 0 1 0 1 0 0
170	2	0 0 1 1 0 1 1 1 1 0 0 1 0 0 0 0 0 0 1 1 1 1 0 0 0 1 1 1 0 0 0 1 1 1 1 0 1 0 0 0 0 0 0 0 0 1 0 1 0 0
170	7	0 0 1 1 0 1 1 1 1 0 0 1 0 0 0 0 1 0 1 1 1 1 0 0 0 1 1 1 0 0 0 1 1 0 1 0 1 0 0 0 0 0 0 0 0 1 0 1 0 0
170	1	0 0 1 1 0 1 1 1 1 0 0 1 0 1 0 0 0 0 1 1 1 1 0 0 0 1 1 1 0 0 0 1 1 0 1 0 1 0 0 0 1 0 0 0 0 1 0 1 0 0
170	1	0 0 1 1 0 1 1 1 1 0 0 1 0 0 0 0 0 0 1 1 1 1 0 0 0 1 1 1 0 0 1 1 1 0 1 0 1 0 0 0 0 0 1 0 0 1 0 1 0 0
170	5	0 0 1 1 0 1 1 1 1 0 0 1 0 0 0 0 0 0 1 1 1 1 0 0 0 1 1 1 0 0 0 1 1 0 1 0 1 0 0 0 0 0 1 0 0 1 0 1 0 0
170	1	0 0 1 1 0 1 1 1 1 0 0 1 0 0 0 0 0 0 1 1 1 1 0 0 0 1 1 1 0 0 0 1 0 0 1 0 1 0 0 0 0 0 1 0 0 0 0 1 0 0
170	1	0 0 1 1 0 1 1 1 1 0 1 1 0 0 0 0 0 0 1 1 1 1 0 0 0 1 1 1 0 0 0 1 1 0 1 0 1 0 0 0 0 0 1 0 0 0 0 1 0 0
170	1	0 0 1 1 0 1 1 1 1 0 0 1 0 0 0 0 0 0 1 1 1 1 0 0 0 1 1 1 0 0 0 1 1 0 1 0 1 0 0 0 0 0 1 0 0 0 0 0 0 0
170	19	0 0 1 1 0 1 1 1 1 0 0 1 0 0 0 0 0 0 1 1 1 1 0 0 0 1 1 1 0 0 0 1 1 0 1 0 1 0 0 0 0 0 1 0 0 0 0 1 0 0
170	15	0 1 1 1 0 1 1 1 1 0 0 1 0 0 0 0 0 0 1 1 1 1 0 0 0 1 1 1 0 0 0 1 1 0 1 0 1 0 0 0 0 0 1 0 0 1 0 1 0 0
170	11	0 1 1 1 0 1 1 1 1 0 0 1 0 0 0 0 0 0 1 1 1 1 0 0 0 1 1 1 0 0 0 1 1 0 1 1 1 0 0 0 0 0 1 0 0 1 0 1 0 0
170	3	0 1 1 1 0 1 1 1 1 0 0 0 0 0 0 0 0 0 1 1 1 1 0 0 0 1 1 1 0 0 0 1 1 0 1 0 1 0 0 0 0 0 1 0 0 1 0 1 0 0
170	1	0 1 1 1 0 1 1 1 1 0 0 1 0 0 0 0 0 0 1 1 1 0 0 0 0 1 1 1 0 0 0 1 1 0 1 0 1 0 0 0 0 0 0 0 0 1 0 1 0 0
180	1	0 0 1 1 0 1 1 1 1 0 0 1 0 0 0 0 1 0 1 1 1 1 0 0 0 1 1 1 0 0 0 1 1 0 1 0 1 0 0 0 0 0 0 0 0 1 0 1 0 0
180	30	0 0 1 1 0 1 1 1 1 0 0 1 0 0 0 0 0 0 1 1 1 1 0 0 0 1 1 1 0 0 0 1 1 0 1 0 1 0 0 0 0 0 0 0 0 1 0 1 0 0
180	4	0 0 1 1 0 1 1 1 1 0 0 0 0 0 0 0 0 0 1 1 1 1 0 0 0 1 1 1 0 0 0 1 1 0 1 0 1 0 0 0 0 0 0 0 0 1 0 1 0 0
180	1	0 0 1 1 0 1 1 0 1 0 0 1 0 0 0 0 0 0 1 1 1 1 0 0 1 1 1 1 0 0 0 1 1 0 1 0 1 0 0 0 0 0 0 0 0 1 0 1 0 0
180	1	0 0 1 1 0 1 1 1 1 0 0 1 0 0 0 0 0 0 1 1 1 1 0 0 1 1 1 1 0 0 0 1 1 0 1 0 1 0 0 0 0 0 0 0 0 1 0 1 0 0
180	2	1 0 1 1 0 1 1 1 1 0 0 1 0 0 0 0 0 0 1 1 1 1 0 0 0 1 1 1 0 0 0 1 1 1 1 0 1 0 0 0 0 0 0 0 0 1 0 1 0 0
180	5	0 0 1 1 0 1 1 1 1 0 0 1 0 0 0 0 0 0 1 1 1 1 0 0 0 1 1 1 0 0 0 1 1 0 1 0 1 0 0 0 0 0 1 0 0 1 0 1 0 0
180	1	0 0 1 1 0 1 1 1 1 1 0 1 0 0 0 0 0 0 1 1 1 1 0 0 0 1 1 1 0 0 0 1 1 0 1 0 1 0 0 0 0 0 1 0 0 1 0 1 0 0
180	2	0 0 1 1 0 1 1 1 1 0 0 1 0 0 0 0 0 0 1 1 1 1 0 0 0 1 1 1 0 0 0 1 0 0 1 0 1 0 0 0 0 0 1 0 0 0 0 1 0 0
180	1	0 0 1 1 0 1 1 1 1 0 1 1 0 0 0 0 0 0 1 1 1 1 0 0 0 1 1 1 0 0 0 1 1 0 1 0 1 0 0 0 0 0 1 0 0 0 0 1 0 0
180	3	0 0 1 1 0 1 1 1 1 0 0 1 0 0 0 0 0 0 1 1 1 1 0 0 0 1 1 1 0 0 0 1 1 0 0 0 1 0 0 0 0 0 1 0 0 0 0 1 0 0
180	11	0 0 1 1 0 1 1 1 1 0 0 1 0 0 0 0 0 0 1 1 1 1 0 0 0 1 1 1 0 0 0 1 1 0 1 0 1 0 0 0 0 0 1 0 0 0 0 1 0 0
180	21	0 1 1 1 0 1 1 1 1 0 0 1 0 0 0 0 0 0 1 1 1 1 0 0 0 1 1 1 0 0 0 1 1 0 1 0 1 0 0 0 0 0 1 0 0 1 0 1 0 0
180	1	0 1 1 1 0 1 1 1 1 0 0 0 0 0 0 0 0 0 1 1 1 1 0 0 0 1 1 1 0 0 0 1 1 0 1 1 1 0 0 0 0 0 1 0 0 1 0 1 0 0
180	1	0 1 1 1 0 1 1 1 1 0 1 1 0 0 0 0 0 0 1 1 1 1 0 0 0 1 1 1 0 0 0 1 1 0 1 1 1 0 0 0 0 0 1 0 0 1 0 1 0 0
180	7	0 1 1 1 0 1 1 1 1 0 0 1 0 0 0 0 0 0 1 1 1 1 0 0 0 1 1 1 0 0 0 1 1 0 1 1 1 0 0 0 0 0 1 0 0 1 0 1 0 0
180	2	0 1 1 1 0 1 1 1 1 0 0 0 0 0 0 0 0 0 1 1 1 1 0 1 0 1 1 1 0 0 0 1 1 0 1 0 1 0 0 0 0 0 1 0 0 1 0 1 0 0
180	6	0 1 1 1 0 1 1 1 1 0 0 0 0 0 0 0 0 0 1 1 1 1 0 0 0 1 1 1 0 0 0 1 1 0 1 0 1 0 0 0 0 0 1 0 0 1 0 1 0 0
190	1	0 0 1 1 0 1 1 1 1 0 0 1 0 0 0 0 0 0 1 1 1 0 0 0 0 1 1 1 0 0 0 1 1 0 1 0 1 0 0 0 0 0 0 0 0 1 0 1 0 0
190	1	0 0 1 1 0 1 1 1 0 0 0 1 0 0 0 0 1 0 1 1 1 1 0 0 0 1 1 1 0 0 0 1 1 0 1 0 1 0 0 0 0 0 0 0 0 1 0 1 0 0
190	3	0 0 1 1 0 1 1 1 1 0 0 1 0 0 0 0 1 0 1 1 1 1 0 0 0 1 1 1 0 0 0 1 1 0 1 0 1 0 0 0 0 0 0 0 0 1 0 1 0 0
190	2	0 0 1 1 0 1 1 1 1 0 0 1 0 0 0 0 0 0 1 1 1 1 0 0 0 1 1 1 0 0 0 1 1 0 1 1 1 0 0 0 0 0 0 0 0 1 0 1 0 0
190	25	0 0 1 1 0 1 1 1 1 0 0 1 0 0 0 0 0 0 1 1 1 1 0 0 0 1 1 1 0 0 0 1 1 0 1 0 1 0 0 0 0 0 0 0 0 1 0 1 0 0
190	2	0 0 1 1 0 1 1 1 1 0 0 0 0 0 0 0 0 0 1 1 1 1 0 0 0 1 1 1 0 0 0 1 1 0 1 0 1 0 0 0 0 0 0 0 0 1 0 1 0 0
190	6	1 0 1 1 0 1 1 1 1 0 0 1 0 0 0 0 0 0 1 1 1 1 0 0 0 1 1 1 0 0 0 1 1 1 1 0 1 0 0 0 0 0 0 0 0 1 0 1 0 0
190	1	0 0 1 1 0 1 1 1 1 0 0 1 0 0 0 0 0 0 1 1 1 1 0 0 0 1 1 1 0 0 0 1 1 1 1 0 1 0 0 0 0 0 0 0 0 1 0 1 0 0
190	2	0 0 1 1 0 1 1 1 1 0 0 1 0 0 0 0 0 0 1 1 1 1 0 0 0 1 1 1 0 0 0 1 1 0 1 0 1 0 0 0 0 0 1 0 0 1 0 1 0 0
190	2	0 0 1 1 0 1 1 1 1 1 0 1 0 0 0 0 0 0 1 1 1 1 0 0 0 1 1 1 0 0 0 1 1 0 1 0 1 0 0 0 0 0 1 0 0 1 0 1 0 0
190	1	0 0 1 1 0 1 1 1 1 0 0 1 0 0 0 0 0 0 1 1 1 1 0 0 0 1 1 1 0 0 0 1 0 0 1 0 1 0 0 0 0 0 1 0 0 0 0 1 0 0
190	1	0 0 1 1 0 1 1 1 1 0 1 1 0 0 0 0 0 0 1 1 1 1 0 0 0 1 1 1 0 0 0 1 1 0 1 0 1 0 0 0 0 0 1 0 0 0 0 1 0 0
190	16	0 0 1 1 0 1 1 1 1 0 0 1 0 0 0 0 0 0 1 1 1 1 0 0 0 1 1 1 0 0 0 1 1 0 1 0 1 0 0 0 0 0 1 0 0 0 0 1 0 0
190	8	0 1 1 1 0 1 1 1 1 0 0 0 0 0 0 0 0 0 1 1 1 1 0 0 0 1 1 1 0 0 0 1 1 0 1 0 1 0 0 0 0 0 1 0 0 1 0 1 0 0
190	20	0 1 1 1 0 1 1 1 1 0 0 1 0 0 0 0 0 0 1 1 1 1 0 0 0 1 1 1 0 0 0 1 1 0 1 0 1 0 0 0 0 0 1 0 0 1 0 1 0 0
190	1	0 1 1 1 0 1 1 1 0 0 0 1 0 0 0 0 0 0 1 1 1 1 0 0 0 1 1 1 0 0 0 1 1 0 1 1 1 0 0 0 0 0 1 0 0 1 0 1 0 0
190	6	0 1 1 1 0 1 1 1 1 0 0 1 0 0 0 0 0 0 1 1 1 1 0 0 0 1 1 1 0 0 0 1 1 0 1 1 1 0 0 0 0 0 1 0 0 1 0 1 0 0
190	1	0 1 1 1 1 1 1 1 1 0 0 0 1 0 0 0 0 0 1 1 1 1 0 0 0 1 1 1 0 0 0 1 1 0 1 0 1 0 0 0 0 0 1 0 0 1 0 1 0 0
190	1	0 1 1 1 0 1 1 1 1 0 0 0 1 0 0 0 0 0 1 1 1 1 0 0 0 1 1 1 0 0 0 1 1 0 1 0 1 0 0 0 0 0 1 0 0 1 0 1 0 0
200	4	0 0 1 1 0 1 1 1 1 0 0 1 0 0 0 0 1 0 1 1 1 1 0 0 0 1 1 1 0 0 0 1 1 0 1 0 1 0 0 0 0 0 0 0 0 1 0 1 0 0
200	3	0 0 1 1 0 1 1 1 1 0 0 1 1 0 0 0 0 0 1 1 1 1 0 0 0 1 1 1 0 0 0 1 1 0 1 0 1 0 0 0 0 0 0 0 0 1 0 1 0 0
200	20	0 0 1 1 0 1 1 1 1 0 0 1 0 0 0 0 0 0 1 1 1 1 0 0 0 1 1 1 0 0 0 1 1 0 1 0 1 0 0 0 0 0 0 0 0 1 0 1 0 0
200	5	0 0 1 1 0 1 1 1 1 0 0 0 0 0 0 0 0 0 1 1 1 1 0 0 0 1 1 1 0 0 0 1 1 0 1 0 1 0 0 0 0 0 0 0 0 1 0 1 0 0
200	1	1 0 1 1 0 1 1 1 1 0 0 1 0 0 0 0 0 0 1 1 1 1 0 0 0 1 1 1 0 0 0 1 1 1 1 0 1 0 0 0 0 0 0 0 0 1 0 1 1 0
200	10	1 0 1 1 0 1 1 1 1 0 0 1 0 0 0 0 0 0 1 1 1 1 0 0 0 1 1 1 0 0 0 1 1 1 1 0 1 0 0 0 0 0 0 0 0 1 0 1 0 0
200	1	0 0 1 1 0 1 1 1 1 0 0 1 0 0 0 0 0 0 1 1 1 1 0 0 0 1 1 1 0 0 0 1 1 0 1 0 1 0 0 0 0 0 1 0 0 1 0 1 0 0
200	2	0 0 1 1 0 1 1 1 1 0 0 1 0 0 0 0 0 0 1 1 1 1 0 0 0 1 1 1 0 0 0 1 1 0 1 0 1 1 0 0 0 0 1 0 0 0 0 1 0 0
200	3	0 0 1 1 0 1 1 1 1 0 0 1 0 0 0 0 0 0 1 1 1 1 0 0 0 1 1 1 0 0 0 1 1 0 1 0 1 0 0 0 0 0 1 0 0 0 0 0 0 0
200	12	0 0 1 1 0 1 1 1 1 0 0 1 0 0 0 0 0 0 1 1 1 1 0 0 0 1 1 1 0 0 0 1 1 0 1 0 1 0 0 0 0 0 1 0 0 0 0 1 0 0
200	1	0 1 1 1 0 1 1 1 1 0 0 0 1 0 0 0 0 0 1 1 1 1 0 0 0 1 1 1 0 0 0 1 1 0 1 0 1 0 0 0 0 0 1 0 0 1 0 1 0 0
200	15	0 1 1 1 0 1 1 1 1 0 0 0 0 0 0 0 0 0 1 1 1 1 0 0 0 1 1 1 0 0 0 1 1 0 1 0 1 0 0 0 0 0 1 0 0 1 0 1 0 0
200	1	0 1 1 1 0 1 1 1 1 0 0 1 0 0 0 0 0 0 1 1 1 1 0 0 0 1 1 1 0 1 0 1 1 0 1 0 1 0 0 0 0 0 1 0 0 1 0 1 0 0
200	9	0 1 1 1 0 1 1 1 1 0 0 1 0 0 0 0 0 0 1 1 1 1 0 0 0 1 1 1 0 0 0 1 1 0 1 0 1 0 0 0 0 0 1 0 0 1 0 1 0 0
200	3	0 1 1 1 0 1 1 1 1 0 0 0 0 0 0 0 0 0 1 1 1 1 0 0 0 1 1 1 0 0 0 1 1 0 1 1 1 0 0 0 0 0 1 0 0 1 0 1 0 0
200	3	0 1 1 1 0 1 1 1 1 0 0 1 0 0 0 0 0 0 1 1 1 1 0 0 0 1 1 1 0 0 0 1 1 0 1 1 1 0 1 0 0 0 1 0 0 1 0 1 0 0
200	3	0 1 1 1 0 1 1 1 1 0 0 1 0 0 0 0 0 0 1 1 1 1 0 0 0 1 1 1 0 0 0 1 1 0 1 1 1 0 0 0 0 0 1 0 0 1 0 1 0 0
200	3	0 1 1 1 1 1 1 1 1 0 0 0 1 0 0 0 0 0 1 1 1 1 0 0 0 1 1 1 0 0 0 1 1 0 1 0 1 0 0 0 0 0 1 0 0 1 0 1 0 0
200	1	0 1 1 1 0 1 1 1 1 0 0 0 0 0 0 0 0 0 1 1 1 1 0 1 0 1 1 1 0 0 0 1 1 0 1 0 1 0 0 0 0 0 1 0 0 1 0 1 0 0
210	5	0 0 1 1 0 1 1 1 1 0 0 1 1 0 0 0 0 0 1 1 1 1 0 0 0 1 1 1 0 0 0 1 1 0 1 0 1 0 0 0 0 0 0 0 0 1 0 1 0 0
210	2	0 1 1 1 0 1 1 1 1 0 0 1 0 0 0 0 0 0 1 1 1 1 0 0 0 1 1 1 0 0 0 1 1 0 1 0 1 0 0 0 0 0 0 0 0 1 0 1 0 0
210	1	0 0 1 1 0 1 1 1 1 0 0 1 0 0 0 0 0 0 1 1 1 1 0 0 0 1 1 1 0 0 0 1 1 0 1 0 1 0 0 1 0 0 0 0 0 1 0 1 0 0
210	1	0 0 1 1 0 1 1 1 1 0 0 1 0 0 0 0 0 0 1 1 1 1 0 0 0 1 1 0 0 0 0 1 1 0 1 0 1 0 0 0 0 0 0 0 0 1 0 1 0 0
210	1	0 0 1 1 0 1 1 0 1 0 0 1 0 0 0 0 0 0 1 1 1 1 0 0 0 1 1 1 0 0 0 1 1 0 1 0 1 0 0 0 0 0 0 0 0 1 0 1 0 0
210	14	0 0 1 1 0 1 1 1 1 0 0 1 0 0 0 0 0 0 1 1 1 1 0 0 0 1 1 1 0 0 0 1 1 0 1 0 1 0 0 0 0 0 0 0 0 1 0 1 0 0
210	4	0 0 1 1 0 1 1 1 1 0 0 0 0 0 0 0 0 0 1 1 1 1 0 0 0 1 1 1 0 0 0 1 1 0 1 0 1 0 0 0 0 0 0 0 0 1 0 1 0 0
210	10	1 0 1 1 0 1 1 1 1 0 0 1 0 0 0 0 0 0 1 1 1 1 0 0 0 1 1 1 0 0 0 1 1 1 1 0 1 0 0 0 0 0 0 0 0 1 0 1 0 0
210	1	0 0 1 1 0 1 1 1 1 0 0 1 0 0 0 0 0 0 1 1 1 1 0 0 0 1 1 1 0 0 0 1 1 0 1 0 1 0 0 0 0 0 1 0 0 1 0 1 0 0
210	3	0 0 1 1 0 1 1 1 1 1 0 1 0 0 0 0 0 0 1 1 1 1 0 0 0 1 1 1 0 0 0 1 1 0 1 0 1 0 0 0 0 0 1 0 0 1 0 1 0 0
210	2	0 0 1 1 0 1 1 1 1 0 0 1 0 0 0 0 1 0 1 1 1 1 0 0 0 1 1 1 0 0 0 1 0 0 1 0 1 0 0 0 0 0 1 0 0 0 0 1 0 0
210	2	0 0 1 1 0 1 1 1 1 0 0 0 0 0 0 0 0 0 1 1 1 1 0 0 0 1 1 1 0 0 0 1 0 0 1 0 1 0 0 0 0 0 1 0 0 0 0 1 0 0
210	4	0 0 1 1 0 1 1 1 1 0 0 1 0 0 0 0 0 0 1 1 1 1 0 0 0 1 1 1 0 0 0 1 1 0 1 0 1 0 0 0 0 0 1 0 0 0 0 0 0 0
210	2	0 0 1 1 0 1 1 1 1 0 0 1 0 0 0 0 0 0 1 1 1 1 0 0 0 1 1 1 0 0 0 1 1 0 1 1 1 0 0 0 0 0 1 0 0 0 0 1 0 0
210	1	0 0 1 1 0 1 1 1 1 0 0 1 0 0 0 0 0 0 1 1 1 1 0 0 0 1 1 1 1 0 0 1 1 0 1 0 1 0 0 0 0 0 1 0 0 0 0 1 0 0
210	20	0 0 1 1 0 1 1 1 1 0 0 1 0 0 0 0 0 0 1 1 1 1 0 0 0 1 1 1 0 0 0 1 1 0 1 0 1 0 0 0 0 0 1 0 0 0 0 1 0 0
210	2	0 1 1 1 0 1 1 1 1 0 0 1 0 0 0 0 0 0 1 1 1 1 0 0 0 1 1 1 0 0 0 1 1 0 1 0 1 1 0 0 0 0 1 0 0 1 0 1 0 0
210	6	0 1 1 1 0 1 1 1 1 0 0 0 0 0 0 0 0 0 1 1 1 1 0 0 0 1 1 1 0 0 0 1 1 0 1 0 1 0 0 0 0 0 1 0 0 1 0 1 0 0
210	2	0 1 1 1 0 1 1 1 1 0 0 0 1 0 0 0 0 0 1 1 1 1 0 0 0 1 1 1 0 0 0 1 1 0 1 0 1 0 0 0 0 0 1 0 0 1 0 1 0 0
210	4	0 1 1 1 1 1 1 1 1 0 0 1 0 0 0 0 0 0 1 1 1 1 0 0 0 1 1 1 0 0 0 1 1 0 1 0 1 0 0 0 0 0 1 0 0 1 0 1 0 0
210	10	0 1 1 1 0 1 1 1 1 0 0 1 0 0 0 0 0 0 1 1 1 1 0 0 0 1 1 1 0 0 0 1 1 0 1 1 1 0 0 0 0 0 1 0 0 1 0 1 0 0
210	3	0 1 1 1 1 1 1 1 1 0 0 0 1 0 0 0 0 0 1 1 1 1 0 0 0 1 1 1 0 0 0 1 1 0 1 0 1 0 0 0 0 0 1 0 0 1 0 1 0 0
220	1	0 0 1 1 0 1 1 1 1 0 0 1 0 0 0 0 1 0 1 1 1 1 0 0 0 1 1 1 0 0 0 1 1 0 1 0 1 0 0 0 0 0 0 0 0 1 0 1 0 0
220	2	0 0 1 1 0 1 1 1 1 0 0 1 1 0 0 0 0 0 1 1 1 1 0 0 0 1 1 1 0 0 0 1 1 0 1 0 1 0 0 0 0 0 0 0 0 1 0 1 0 0
220	3	0 0 1 1 0 1 1 1 1 0 0 1 0 0 0 0 0 0 1 1 1 1 0 0 0 1 1 1 0 0 0 1 1 0 1 1 1 0 0 0 0 0 0 0 0 1 0 1 0 0
220	14	0 0 1 1 0 1 1 1 1 0 0 1 0 0 0 0 0 0 1 1 1 1 0 0 0 1 1 1 0 0 0 1 1 0 1 0 1 0 0 0 0 0 0 0 0 1 0 1 0 0
220	2	1 0 1 1 0 1 0 1 1 0 0 1 0 0 0 0 0 0 1 1 1 1 0 0 0 1 1 1 0 0 0 1 1 1 1 0 1 0 0 0 0 0 0 0 0 1 0 1 0 0
220	1	1 0 1 1 1 1 1 1 1 0 0 1 0 0 0 0 0 0 1 1 1 1 0 0 0 1 1 1 0 0 0 1 1 1 1 0 1 0 0 0 0 0 0 0 0 1 0 1 0 0
220	33	1 0 1 1 0 1 1 1 1 0 0 1 0 0 0 0 0 0 1 1 1 1 0 0 0 1 1 1 0 0 0 1 1 1 1 0 1 0 0 0 0 0 0 0 0 1 0 1 0 0
220	1	0 0 1 1 0 1 1 1 1 0 0 1 0 0 0 0 1 0 1 1 1 1 0 0 0 1 1 1 0 0 0 1 0 0 1 0 1 0 0 0 0 0 1 0 0 0 0 1 0 0
220	2	0 0 1 1 0 1 1 1 1 0 0 1 0 0 0 0 0 0 1 1 1 1 0 0 0 1 1 1 0 0 0 1 1 0 1 0 1 0 0 0 0 0 1 0 0 0 0 0 0 0
220	1	0 0 1 1 1 1 1 1 1 0 0 1 0 0 0 0 0 0 1 1 1 1 0 0 0 1 1 1 0 0 0 1 1 0 1 0 1 0 0 0 0 0 1 0 0 0 0 1 0 0
220	1	0 0 1 1 0 1 1 1 1 0 0 1 0 0 0 0 0 0 1 1 1 1 0 0 0 1 1 1 0 0 0 1 1 0 1 0 1 0 0 0 0 0 1 0 0 0 0 1 0 1
220	15	0 0 1 1 0 1 1 1 1 0 0 1 0 0 0 0 0 0 1 1 1 1 0 0 0 1 1 1 0 0 0 1 1 0 1 0 1 0 0 0 0 0 1 0 0 0 0 1 0 0
220	2	0 1 1 1 0 1 1 1 1 0 0 1 0 0 0 0 0 0 1 1 1 1 0 0 0 1 1 1 0 0 0 1 1 0 1 0 1 1 0 0 0 0 1 0 0 1 0 1 0 0
220	3	0 1 1 1 0 1 1 1 1 0 0 1 0 0 0 0 0 0 1 1 1 1 0 0 0 1 1 1 0 0 0 1 1 0 1 0 1 0 0 0 0 0 1 0 0 1 0 1 0 0
220	7	0 1 1 1 0 1 1 1 1 0 0 0 0 0 0 0 0 0 1 1 1 1 0 0 0 1 1 1 0 0 0 1 1 0 1 0 1 0 0 0 0 0 1 0 0 1 0 1 0 0
220	4	0 1 1 1 1 1 1 1 1 0 0 1 0 0 0 0 0 0 1 1 1 1 0 0 0 1 1 1 0 0 0 1 1 0 1 0 1 0 0 0 0 0 1 0 0 1 0 1 0 0
220	5	0 1 1 1 0 1 1 1 1 0 0 1 0 0 0 0 0 0 1 1 1 1 0 0 0 1 1 1 0 0 0 1 1 0 1 1 1 0 0 0 0 0 1 0 0 1 0 1 0 0
220	3	0 1 1 1 1 1 1 1 1 0 0 0 1 0 0 0 0 0 1 1 1 1 0 0 0 1 1 1 0 0 0 1 1 0 1 0 1 0 0 0 0 0 1 0 0 1 0 1 0 0
230	1	0 0 1 1 0 1 1 1 1 0 0 1 0 0 0 0 1 0 1 1 1 1 0 0 0 1 1 1 0 0 0 1 1 0 1 0 1 0 0 0 0 0 0 0 0 1 0 1 0 0
230	4	0 0 1 1 0 1 1 1 1 0 0 1 1 0 0 0 0 0 1 1 1 1 0 0 0 1 1 1 0 0 0 1 1 0 1 0 1 0 0 0 0 0 0 0 0 1 0 1 0 0
230	2	0 0 1 1 0 1 1 1 1 0 0 1 0 0 0 0 0 0 1 1 1 1 0 0 0 1 1 1 0 0 0 1 1 0 1 1 1 0 0 0 0 0 0 0 0 1 0 1 0 0
230	1	0 0 1 1 0 1 1 1 1 0 0 1 0 0 0 0 0 0 1 1 1 1 0 0 0 1 0 1 0 0 0 1 1 0 0 0 1 0 0 0 0 0 0 0 0 1 0 1 0 0
230	1	0 0 1 1 0 1 1 1 1 0 0 1 0 0 0 0 0 0 1 1 1 1 0 0 0 1 0 1 0 0 0 1 1 0 1 0 1 0 0 0 0 0 0 0 0 1 0 1 0 0
230	10	0 0 1 1 0 1 1 1 1 0 0 1 0 0 0 0 0 0 1 1 1 1 0 0 0 1 1 1 0 0 0 1 1 0 1 0 1 0 0 0 0 0 0 0 0 1 0 1 0 0
230	1	1 0 1 1 0 1 1 1 1 0 0 1 0 0 0 0 0 0 1 1 1 1 0 0 1 1 1 1 0 0 0 1 1 1 1 0 1 0 0 0 0 0 0 0 0 1 0 1 0 0
230	39	1 0 1 1 0 1 1 1 1 0 0 1 0 0 0 0 0 0 1 1 1 1 0 0 0 1 1 1 0 0 0 1 1 1 1 0 1 0 0 0 0 0 0 0 0 1 0 1 0 0
230	7	0 0 1 1 0 1 1 1 1 0 0 1 0 0 0 0 0 0 1 1 1 1 0 0 0 1 1 1 0 0 0 1 1 0 1 0 1 0 0 0 0 0 1 0 0 0 0 0 0 0
230	5	0 0 1 1 1 1 1 1 1 0 0 1 0 0 0 0 0 0 1 1 1 1 0 0 0 1 1 1 0 0 0 1 1 0 1 0 1 0 0 0 0 0 1 0 0 0 0 1 0 0
230	1	0 0 1 1 0 1 1 1 1 0 0 1 1 0 0 0 0 0 1 1 1 1 0 0 0 1 1 1 0 0 0 1 1 0 1 0 1 0 0 0 0 0 1 0 0 0 0 1 0 0
230	3	0 0 1 1 0 1 1 1 1 0 0 1 0 0 0 0 0 0 1 1 1 1 0 0 0 1 1 1 0 0 0 1 1 0 1 0 1 0 0 0 0 0 1 0 0 0 0 1 0 0
230	2	0 1 1 1 0 1 1 1 1 0 0 0 0 0 0 0 0 0 1 0 1 1 0 0 0 1 1 1 0 0 0 1 1 0 1 0 1 0 0 0 0 0 1 0 0 1 0 1 0 0
230	8	0 1 1 1 0 1 1 1 1 0 0 0 0 0 0 0 0 0 1 1 1 1 0 0 0 1 1 1 0 0 0 1 1 0 1 0 1 0 0 0 0 0 1 0 0 1 0 1 0 0
230	2	0 1 1 1 1 1 1 1 1 0 0 1 0 0 0 0 1 0 1 1 1 1 0 0 0 1 1 1 0 0 0 1 1 0 1 0 1 0 0 0 0 0 1 0 0 1 0 1 0 0
230	6	0 1 1 1 1 1 1 1 1 0 0 1 0 0 0 0 0 0 1 1 1 1 0 0 0 1 1 1 0 0 0 1 1 0 1 0 1 0 0 0 0 0 1 0 0 1 0 1 0 0
230	1	0 1 1 1 0 1 1 1 1 0 0 1 0 0 0 0 0 0 1 1 1 1 0 0 0 1 1 1 0 0 0 1 1 0 1 1 1 0 0 0 0 0 1 0 0 1 0 1 0 0
230	6	0 1 1 1 1 1 1 1 1 0 0 0 1 0 0 0 0 0 1 1 1 1 0 0 0 1 1 1 0 0 0 1 1 0 1 0 1 0 0 0 0 0 1 0 0 1 0 1 0 0
240	3	0 0 1 1 0 1 1 1 1 0 0 1 1 0 0 0 0 0 1 1 1 1 0 0 0 1 1 1 0 0 0 1 1 0 1 0 1 0 0 0 0 0 0 0 0 1 0 1 0 0
240	2	0 0 1 1 0 1 1 1 1 0 0 1 0 0 0 0 0 0 1 1 1 1 0 0 0 1 1 1 0 0 0 1 1 0 1 1 1 0 0 0 0 0 0 0 0 1 0 1 0 0
240	2	0 0 1 1 0 1 1 1 1 0 0 1 0 0 0 0 0 0 1 1 1 1 0 0 0 1 1 0 0 0 0 1 1 0 1 0 1 0 0 0 0 0 0 0 0 1 0 1 0 0
240	4	0 0 1 1 0 1 1 1 1 0 0 1 0 0 0 0 0 0 1 1 1 1 0 0 0 1 1 1 0 0 0 1 1 0 1 0 1 0 0 0 0 0 0 1 0 1 0 1 0 0
240	1	0 0 1 1 0 1 1 1 1 0 0 1 0 0 0 0 0 0 1 1 1 1 0 0 0 1 1 1 0 0 0 1 1 0 1 0 1 0 0 0 0 0 0 0 0 1 0 1 0 0
240	1	1 0 1 1 0 1 1 1 1 0 0 1 0 0 0 0 0 0 1 1 1 1 0 0 0 1 1 1 0 0 0 1 0 1 1 0 1 0 0 0 0 0 0 0 0 1 0 1 0 0
240	1	1 0 1 1 0 1 1 1 1 0 0 1 0 0 0 0 0 0 1 1 1 1 0 0 0 1 1 1 0 0 0 1 1 1 1 0 1 0 0 0 0 0 0 0 0 1 0 0 0 0
240	1	1 0 1 1 0 1 1 1 1 0 0 1 0 0 0 0 0 0 1 1 1 1 0 0 0 1 1 1 0 0 0 1 1 1 1 0 1 0 0 1 0 0 0 0 0 1 0 1 0 0
240	42	1 0 1 1 0 1 1 1 1 0 0 1 0 0 0 0 0 0 1 1 1 1 0 0 0 1 1 1 0 0 0 1 1 1 1 0 1 0 0 0 0 0 0 0 0 1 0 1 0 0
240	1	0 0 1 1 0 1 1 1 1 0 0 1 0 0 1 0 0 0 1 0 1 1 0 0 0 1 1 1 0 0 0 1 1 0 1 0 1 0 0 0 0 0 1 0 0 0 0 0 0 0
240	3	0 0 1 1 0 1 1 1 1 0 0 1 0 0 1 0 0 0 1 1 1 1 0 0 0 1 1 1 0 0 0 1 1 0 1 0 1 0 0 0 0 0 1 0 0 0 0 0 0 0
240	3	0 0 1 1 0 1 1 1 1 0 0 1 0 0 0 0 0 0 1 1 0 1 0 0 0 1 1 1 0 0 0 1 1 0 1 0 1 0 0 0 0 0 1 0 0 0 0 0 0 0
240	6	0 0 1 1 0 1 1 1 1 0 0 1 0 0 0 0 0 0 1 1 1 1 0 0 0 1 1 1 0 0 0 1 1 0 1 0 1 0 0 0 0 0 1 0 0 0 0 0 0 0
240	2	0 0 1 1 1 1 1 1 1 0 0 1 0 0 0 0 0 0 1 1 1 1 0 0 0 1 1 1 0 0 0 1 1 0 1 0 1 0 0 0 0 0 1 0 0 0 0 1 0 0
240	2	0 0 1 1 0 1 1 1 1 0 0 1 0 0 0 0 0 0 1 1 1 1 0 0 0 1 1 1 0 0 0 1 1 0 1 0 1 0 0 0 0 0 1 0 0 0 0 1 0 0
240	12	0 1 1 1 0 1 1 1 1 0 0 0 0 0 0 0 0 0 1 1 1 1 0 0 0 1 1 1 0 0 0 1 1 0 1 0 1 0 0 0 0 0 1 0 0 1 0 1 0 0
240	7	0 1 1 1 1 1 1 1 1 0 0 1 0 0 0 0 1 0 1 1 1 1 0 0 0 1 1 1 0 0 0 1 1 0 1 0 1 0 0 0 0 0 1 0 0 1 0 1 0 0
240	2	0 1 1 1 1 1 1 1 1 0 0 1 0 0 0 0 0 0 1 1 1 1 0 0 0 1 1 1 0 0 0 1 1 0 1 1 1 0 0 0 0 0 1 0 0 1 0 1 0 0
240	2	0 1 1 1 1 1 1 1 1 0 0 1 0 0 0 0 0 0 1 1 1 1 0 0 0 1 1 1 0 0 0 1 1 0 1 0 1 0 0 0 0 0 1 0 0 1 0 1 0 0
240	3	0 1 1 1 1 1 1 1 1 0 0 0 1 0 0 0 0 0 1 1 1 1 0 0 0 1 1 1 0 0 0 1 1 0 1 0 1 0 0 0 0 0 1 0 0 1 0 1 0 0
250	2	0 0 1 1 0 1 1 1 1 0 0 1 0 0 0 0 0 0 1 1 1 1 0 0 0 1 1 1 0 0 0 1 1 0 1 1 1 0 0 0 0 0 0 0 0 0 0 1 0 0
250	3	0 0 1 1 0 1 1 1 1 0 0 1 0 0 0 0 0 0 1 1 1 1 0 0 0 1 1 0 0 0 0 1 1 0 1 0 1 0 0 0 0 0 0 0 0 1 0 1 0 0
250	1	0 0 1 1 0 1 1 1 1 0 0 1 0 0 0 0 0 0 1 1 1 1 0 0 0 1 1 1 0 0 0 1 1 0 1 0 1 0 0 0 0 0 0 0 0 1 0 1 0 0
250	1	1 0 1 1 0 1 1 1 1 0 0 1 0 0 0 0 0 0 1 1 1 1 0 0 0 1 1 1 0 0 0 1 1 1 1 0 1 0 0 0 0 0 0 0 1 1 0 1 0 0
250	1	1 0 1 1 0 1 1 1 1 0 0 1 0 0 0 0 0 0 1 1 1 1 0 0 0 1 1 1 0 1 0 1 1 1 1 0 1 0 0 0 0 0 0 0 0 1 0 1 0 0
250	46	1 0 1 1 0 1 1 1 1 0 0 1 0 0 0 0 0 0 1 1 1 1 0 0 0 1 1 1 0 0 0 1 1 1 1 0 1 0 0 0 0 0 0 0 0 1 0 1 0 0
250	1	1 0 1 1 0 1 1 1 1 0 0 1 0 0 0 0 0 0 1 1 1 1 0 1 0 1 1 1 0 0 0 1 1 1 1 0 1 0 0 0 0 0 0 0 0 1 0 1 0 0
250	1	0 0 1 1 0 1 1 1 1 0 0 1 0 0 1 0 0 0 1 0 1 1 0 0 0 1 1 1 0 0 0 1 1 0 1 0 1 0 0 0 0 0 1 0 0 0 0 0 0 0
250	1	0 0 1 1 0 1 1 1 1 0 0 1 0 0 1 0 0 0 1 1 1 1 0 0 0 1 1 1 0 0 0 1 1 0 1 0 1 0 0 0 0 0 1 0 0 0 0 0 0 0
250	3	0 0 1 1 0 1 1 1 1 0 0 1 0 0 0 0 0 0 1 1 0 1 0 0 0 1 1 1 0 0 0 1 1 0 1 0 1 0 0 0 0 0 1 0 0 0 0 0 0 0
250	14	0 0 1 1 0 1 1 1 1 0 0 1 0 0 0 0 0 0 1 1 1 1 0 0 0 1 1 1 0 0 0 1 1 0 1 0 1 0 0 0 0 0 1 0 0 0 0 0 0 0
250	1	0 0 1 1 1 1 1 1 1 0 0 1 0 0 0 0 0 0 1 1 1 1 0 0 0 1 1 1 0 0 0 1 1 0 1 0 1 0 0 0 0 0 1 0 0 0 0 1 0 0
250	1	0 0 1 1 0 1 1 1 1 0 0 1 0 0 0 0 0 0 1 1 1 1 0 0 0 1 1 1 0 0 0 1 1 0 1 0 1 0 0 0 0 0 1 0 0 0 0 1 0 0
250	4	0 1 1 1 0 1 1 1 1 0 0 0 0 0 0 0 0 0 1 1 1 1 0 0 0 1 1 1 0 0 0 1 1 0 1 0 1 0 0 0 0 0 1 0 0 1 0 1 0 0
250	5	0 1 1 1 1 1 1 1 1 0 0 1 0 0 0 0 1 0 1 1 1 1 0 0 0 1 1 1 0 0 0 1 1 0 1 0 1 0 0 0 0 0 1 0 0 1 0 1 0 0
250	2	0 1 1 1 1 1 1 1 1 0 0 1 0 0 0 0 0 0 1 1 1 1 0 0 0 1 1 1 0 0 0 1 1 0 1 1 1 0 0 0 0 0 1 0 0 1 0 1 0 0
250	5	0 1 1 1 1 1 1 1 1 0 0 1 0 0 0 0 0 0 1 1 1 1 0 0 0 1 1 1 0 0 0 1 1 0 1 0 1 0 0 0 0 0 1 0 0 1 0 1 0 0
250	3	0 0 1 1 1 1 1 1 1 0 0 0 1 0 0 0 0 0 1 1 1 1 0 0 0 1 1 1 0 0 0 1 1 0 1 0 1 0 0 0 0 0 1 0 0 1 0 1 0 0
250	5	0 1 1 1 1 1 1 1 1 0 0 0 1 0 0 0 0 0 1 1 1 1 0 0 0 1 1 1 0 0 0 1 1 0 1 0 1 0 0 0 0 0 1 0 0 1 0 1 0 0
260	1	0 0 1 1 0 1 1 1 1 0 0 1 0 0 0 0 0 0 1 1 1 1 0 0 0 1 1 1 0 0 0 1 1 0 1 1 1 0 0 0 0 0 0 0 0 1 0 1 0 0
260	1	0 0 1 1 0 1 1 1 1 0 0 1 0 0 0 0 0 0 1 1 1 1 0 0 0 1 1 1 0 0 0 1 1 0 1 0 1 0 0 0 0 0 0 0 0 1 0 1 0 0
260	1	1 0 1 1 0 1 1 1 1 0 0 1 0 0 1 0 0 0 1 1 1 1 0 0 0 1 1 1 0 0 0 1 1 1 1 0 1 0 0 0 0 0 0 0 0 1 0 1 0 0
260	1	1 0 1 1 1 1 1 1 1 0 0 1 0 0 0 0 0 0 1 1 1 1 0 0 0 1 1 1 0 0 0 1 1 1 1 0 1 0 0 0 0 0 0 0 0 1 0 1 0 0
260	39	1 0 1 1 0 1 1 1 1 0 0 1 0 0 0 0 0 0 1 1 1 1 0 0 0 1 1 1 0 0 0 1 1 1 1 0 1 0 0 0 0 0 0 0 0 1 0 1 0 0
260	2	1 0 1 1 0 1 1 1 1 1 0 1 0 0 0 0 0 0 1 1 1 1 0 0 0 1 1 1 0 0 0 1 1 1 1 0 1 0 0 0 0 0 0 0 0 1 0 1 0 0
260	1	0 0 1 1 0 1 1 1 1 0 0 1 0 0 1 0 0 0 1 0 1 1 0 0 0 1 1 1 0 0 0 1 1 0 1 0 1 0 0 0 0 0 1 0 0 0 0 0 0 0
260	2	0 0 1 1 0 1 1 1 1 0 0 1 0 0 1 0 0 0 1 1 1 1 0 0 0 1 1 1 0 0 0 1 1 0 1 0 1 0 0 0 0 0 1 0 0 0 0 0 0 0
260	1	0 0 1 1 0 1 1 1 1 0 0 1 0 0 0 0 0 0 1 1 0 1 0 0 0 1 1 1 0 0 0 1 1 0 1 0 1 0 0 0 0 0 1 0 0 0 0 0 0 0
260	1	0 0 1 1 0 1 1 1 1 0 0 1 0 0 0 0 0 0 1 1 1 1 0 0 0 0 1 1 0 0 0 1 1 0 1 0 1 0 0 0 0 0 1 0 0 0 0 0 0 0
260	5	0 0 1 1 0 1 1 1 1 0 0 1 0 0 0 0 0 0 1 1 1 1 0 0 0 1 1 1 0 0 0 1 1 0 1 0 1 0 0 0 0 0 1 0 0 0 0 0 0 0
260	2	0 0 1 1 1 1 1 1 1 0 0 1 0 0 0 0 0 0 1 1 1 1 0 0 0 1 1 1 0 0 0 1 1 0 1 0 1 0 0 0 0 0 1 0 0 0 0 1 0 0
260	1	0 1 1 1 0 1 1 1 1 0 0 0 0 0 0 0 0 0 1 0 1 1 0 0 0 1 1 1 0 0 0 1 1 0 1 0 1 0 0 0 0 0 1 0 0 1 0 1 0 0
260	3	0 1 1 1 0 1 1 1 1 0 0 0 0 0 0 0 0 0 1 1 1 1 0 0 0 1 1 1 0 0 0 1 1 0 1 0 1 0 0 0 0 0 1 0 0 1 0 1 0 0
260	11	0 1 1 1 1 1 1 1 1 0 0 1 0 0 0 0 1 0 1 1 1 1 0 0 0 1 1 1 0 0 0 1 1 0 1 0 1 0 0 0 0 0 1 0 0 1 0 1 0 0
260	5	0 1 1 1 1 1 1 1 1 0 0 1 0 0 0 0 0 0 1 1 1 1 0 0 0 1 1 1 0 0 0 1 1 0 1 1 1 0 0 0 0 0 1 0 0 1 0 1 0 0
260	6	0 1 1 1 1 1 1 1 1 0 0 1 0 0 0 0 0 0 1 1 1 1 0 0 0 1 1 1 0 0 0 1 1 0 1 0 1 0 0 0 0 0 1 0 0 1 0 1 0 0
260	3	0 1 1 1 1 1 1 1 1 1 0 0 1 0 0 0 0 0 1 1 1 1 0 0 0 1 1 1 0 0 0 1 1 0 1 0 1 0 0 0 0 0 1 0 0 1 0 1 0 0
260	2	0 0 1 1 1 1 1 1 1 0 0 0 1 0 0 0 0 0 1 1 1 1 0 0 0 1 1 1 0 0 0 1 1 0 1 0 1 0 0 0 0 0 1 0 0 1 0 1 0 0
260	1	0 1 1 1 1 1 1 0 1 0 0 0 1 0 0 0 0 0 1 1 1 1 0 0 0 1 1 1 0 0 0 1 1 0 1 0 1 0 0 0 0 0 1 0 0 1 0 1 0 0
260	11	0 1 1 1 1 1 1 1 1 0 0 0 1 0 0 0 0 0 1 1 1 1 0 0 0 1 1 1 0 0 0 1 1 0 1 0 1 0 0 0 0 0 1 0 0 1 0 1 0 0
270	1	1 0 1 1 0 1 1 1 1 0 0 1 0 0 0 0 1 0 1 1 1 1 0 0 0 1 1 1 0 0 0 1 1 1 1 0 1 0 0 0 0 0 0 0 0 1 0 1 0 0
270	8	1 0 1 1 0 1 1 1 1 1 0 1 0 0 0 0 0 0 1 1 1 1 0 0 0 1 1 1 0 0 0 1 1 1 1 0 1 0 0 0 0 0 0 0 0 1 0 1 0 0
270	1	1 0 1 1 0 1 1 1 1 0 0 1 0 0 0 0 0 0 1 1 1 1 0 0 0 1 1 1 0 0 0 1 1 1 1 0 0 0 0 0 0 0 0 0 0 1 0 1 0 0
270	52	1 0 1 1 0 1 1 1 1 0 0 1 0 0 0 0 0 0 1 1 1 1 0 0 0 1 1 1 0 0 0 1 1 1 1 0 1 0 0 0 0 0 0 0 0 1 0 1 0 0
270	3	1 0 1 1 0 1 1 1 1 0 0 1 0 0 0 0 0 0 1 1 1 1 0 1 0 1 1 1 0 0 0 1 1 1 1 0 1 0 0 0 0 0 0 0 0 1 0 1 0 0
270	1	0 0 1 1 0 1 1 1 1 0 0 1 0 0 0 0 0 0 1 1 0 1 0 0 0 1 1 1 0 0 0 1 1 0 1 0 1 0 0 0 0 0 1 0 0 0 0 0 0 0
270	3	0 0 1 1 0 1 1 1 1 0 0 1 0 0 0 0 0 0 1 1 1 1 0 0 0 1 1 1 0 0 0 1 1 0 1 0 1 0 0 0 0 0 1 0 0 0 0 0 0 0
270	3	0 0 1 1 1 1 1 1 1 0 0 1 0 0 0 0 0 0 1 1 1 1 0 0 0 1 1 1 0 0 0 1 1 0 1 0 1 0 0 0 0 0 1 0 0 0 0 1 0 0
270	2	0 1 1 1 0 1 1 1 1 0 0 0 0 0 0 0 0 0 1 1 1 1 0 0 0 1 1 1 0 0 0 1 1 0 1 0 1 0 0 0 0 0 1 0 0 1 0 1 0 0
270	11	0 1 1 1 1 1 1 1 1 0 0 1 0 0 0 0 1 0 1 1 1 1 0 0 0 1 1 1 0 0 0 1 1 0 1 0 1 0 0 0 0 0 1 0 0 1 0 1 0 0
270	5	0 1 1 1 1 1 1 1 1 0 0 1 0 0 0 0 0 0 1 1 1 1 0 0 0 1 1 1 0 0 0 1 1 0 1 1 1 0 0 0 0 0 1 0 0 1 0 1 0 0
270	3	0 1 1 1 1 1 1 1 1 1 0 0 1 0 0 0 0 0 1 1 1 1 0 0 0 1 1 1 0 0 0 1 1 0 1 0 1 0 0 0 0 0 1 0 0 1 0 1 0 0
270	1	0 1 1 1 1 1 1 0 1 0 0 0 1 0 0 0 0 0 1 1 1 1 0 0 0 1 1 1 0 0 0 1 1 0 1 0 1 0 0 0 0 0 1 0 0 1 0 1 0 0
270	6	0 1 1 1 1 1 1 1 1 0 0 0 1 0 0 0 0 0 1 1 1 1 0 0 0 1 1 1 0 0 0 1 1 0 1 0 1 0 0 0 0 0 1 0 0 1 0 1 0 0
280	4	1 0 1 1 0 1 1 1 1 0 0 1 0 0 0 0 1 0 1 1 1 1 0 0 0 1 1 1 0 0 0 1 1 1 1 0 1 0 0 0 0 0 0 0 0 1 0 1 0 0
280	1	1 0 1 1 0 1 1 1 1 0 0 1 0 0 0 0 0 0 1 1 1 1 0 0 0 1 1 1 0 0 0 1 1 1 1 0 1 0 0 0 0 0 0 0 0 1 0 1 0 1
280	14	1 0 1 1 0 1 1 1 1 1 0 1 0 0 0 0 0 0 1 1 1 1 0 0 0 1 1 1 0 0 0 1 1 1 1 0 1 0 0 0 0 0 0 0 0 1 0 1 0 0
280	2	1 0 1 1 0 1 1 1 1 0 0 1 0 0 0 0 0 0 1 1 1 1 0 0 0 1 1 1 0 0 0 1 1 1 1 0 1 0 0 0 0 0 0 0 0 0 0 1 0 0
280	44	1 0 1 1 0 1 1 1 1 0 0 1 0 0 0 0 0 0 1 1 1 1 0 0 0 1 1 1 0 0 0 1 1 1 1 0 1 0 0 0 0 0 0 0 0 1 0 1 0 0
280	1	1 0 1 1 0 1 1 1 1 0 0 1 0 0 0 0 0 0 1 1 1 1 0 1 0 1 1 1 0 0 0 1 1 1 1 0 1 0 0 0 0 0 0 0 0 1 0 1 0 0
280	5	0 0 1 1 0 1 1 1 1 0 0 1 0 0 0 0 0 0 1 1 1 1 0 0 0 1 1 1 0 0 0 1 1 0 1 0 1 0 0 0 0 0 1 0 0 0 0 0 0 0
280	1	0 0 1 1 1 1 1 1 1 0 0 1 0 0 0 0 0 0 1 0 1 1 0 0 0 1 1 1 0 0 0 1 1 0 1 0 1 0 0 0 0 0 1 0 0 0 0 1 0 0
280	2	0 0 1 1 1 1 1 1 1 0 0 1 0 0 0 0 0 0 1 1 1 1 0 0 0 1 1 1 0 0 0 1 1 0 1 0 1 0 0 0 0 0 1 0 0 0 0 1 0 0
280	1	0 1 1 1 1 1 1 1 1 0 0 1 0 0 0 0 1 0 1 0 1 1 0 0 0 1 1 1 0 0 0 1 1 0 1 0 1 0 0 0 0 0 1 0 0 1 0 1 0 0
280	14	0 1 1 1 1 1 1 1 1 0 0 1 0 0 0 0 1 0 1 1 1 1 0 0 0 1 1 1 0 0 0 1 1 0 1 0 1 0 0 0 0 0 1 0 0 1 0 1 0 0
280	5	0 1 1 1 1 1 1 1 1 1 0 0 1 0 0 0 0 0 1 1 1 1 0 0 0 1 1 1 0 0 0 1 1 0 1 0 1 0 0 0 0 0 1 0 0 1 0 1 0 0
280	6	0 1 1 1 1 1 1 1 1 0 0 0 1 0 0 0 0 0 1 1 1 1 0 0 0 1 1 1 0 0 0 1 1 0 1 0 1 0 0 0 0 0 1 0 0 1 0 1 0 0
290	8	1 0 1 1 0 1 1 1 1 0 0 1 0 0 0 0 1 0 1 1 1 1 0 0 0 1 1 1 0 0 0 1 1 1 1 0 1 0 0 0 0 0 0 0 0 1 0 1 0 0
290	1	1 0 1 1 0 1 1 1 1 1 0 1 0 0 0 1 0 0 1 1 1 1 0 0 0 1 1 1 0 0 0 1 1 1 1 0 1 0 0 0 0 0 0 0 0 1 0 1 0 0
290	21	1 0 1 1 0 1 1 1 1 1 0 1 0 0 0 0 0 0 1 1 1 1 0 0 0 1 1 1 0 0 0 1 1 1 1 0 1 0 0 0 0 0 0 0 0 1 0 1 0 0
290	1	1 0 1 1 0 1 1 1 1 0 0 1 0 0 0 0 0 0 1 1 1 1 0 0 0 1 1 1 0 0 1 1 1 1 1 0 1 0 0 0 0 0 0 0 0 0 0 1 0 0
290	1	1 0 1 1 0 1 1 1 1 0 0 1 0 0 0 0 0 0 1 1 1 1 0 0 0 1 1 1 0 0 0 1 1 1 1 0 1 0 1 0 0 0 0 0 0 0 0 1 0 0
290	25	1 0 1 1 0 1 1 1 1 0 0 1 0 0 0 0 0 0 1 1 1 1 0 0 0 1 1 1 0 0 0 1 1 1 1 0 1 0 0 0 0 0 0 0 0 1 0 1 0 0
290	2	1 0 1 1 0 1 1 1 1 0 0 1 0 0 0 0 0 0 1 1 1 1 0 0 0 1 1 1 0 0 0 1 1 1 1 0 1 0 0 0 0 0 0 0 0 0 0 1 0 0
290	2	1 0 1 1 0 1 1 1 1 0 0 1 0 0 0 0 0 0 1 1 1 1 0 0 0 1 1 1 0 0 0 1 1 1 1 0 1 1 0 0 0 0 0 0 0 1 0 1 0 0
290	1	1 0 1 1 0 1 1 1 1 0 0 1 0 0 0 0 0 0 1 1 1 1 0 0 0 1 1 1 0 0 0 1 1 1 1 0 1 0 0 1 0 0 0 0 0 1 0 1 0 0
290	2	1 0 1 1 0 1 1 1 1 0 0 1 0 0 0 0 0 0 1 1 0 1 0 0 0 1 1 1 0 0 0 1 1 1 1 0 1 0 0 0 0 0 0 0 0 1 0 1 0 0
290	8	0 0 1 1 0 1 1 1 1 0 0 1 0 0 0 0 0 0 1 1 1 1 0 0 0 1 1 1 0 0 0 1 1 0 1 0 1 0 0 0 0 0 1 0 0 0 0 0 0 0
290	2	0 0 1 1 1 1 1 1 1 0 0 1 0 0 0 0 0 0 1 1 1 1 0 0 0 1 1 1 0 0 0 1 1 0 1 0 1 0 0 0 0 0 1 0 0 0 0 1 0 0
290	5	0 1 1 1 1 1 1 1 1 0 0 1 0 0 0 0 1 0 1 1 1 1 0 0 0 1 1 1 0 0 0 1 1 0 1 0 1 0 0 0 0 0 1 0 0 1 0 1 0 0
290	5	0 1 1 1 1 1 1 1 1 0 0 1 0 0 0 0 0 0 1 1 1 1 0 0 0 1 1 1 0 0 0 1 1 0 1 1 1 0 0 0 0 0 1 0 0 1 0 1 0 0
290	11	0 1 1 1 1 1 1 1 1 0 0 0 1 0 0 0 0 0 1 1 1 1 0 0 0 1 1 1 0 0 0 1 1 0 1 0 1 0 0 0 0 0 1 0 0 1 0 1 0 0
290	5	0 1 1 1 1 1 1 1 1 1 0 0 1 0 0 0 0 0 1 1 1 1 0 0 0 1 1 1 0 0 0 1 1 0 1 0 1 0 0 0 0 0 1 0 0 1 0 1 0 0
300	2	1 0 1 1 0 1 1 1 1 0 0 1 0 0 0 0 1 0 1 1 1 1 0 0 0 1 1 1 0 0 0 1 1 1 1 0 1 0 0 0 0 0 0 0 0 1 0 1 0 0
300	1	1 0 1 1 0 1 1 1 0 1 0 1 0 0 0 0 0 0 1 1 1 1 0 0 0 1 1 1 0 0 0 1 1 1 1 0 1 0 0 0 0 0 0 0 0 1 0 1 0 0
300	33	1 0 1 1 0 1 1 1 1 1 0 1 0 0 0 0 0 0 1 1 1 1 0 0 0 1 1 1 0 0 0 1 1 1 1 0 1 0 0 0 0 0 0 0 0 1 0 1 0 0
300	24	1 0 1 1 0 1 1 1 1 0 0 1 0 0 0 0 0 0 1 1 1 1 0 0 0 1 1 1 0 0 0 1 1 1 1 0 1 0 0 0 0 0 0 0 0 1 0 1 0 0
300	2	1 0 1 1 0 1 1 1 1 0 0 1 0 0 0 0 0 0 1 1 1 1 0 0 0 1 1 1 0 0 0 1 1 1 1 0 1 0 0 0 0 0 0 0 0 0 0 1 0 0
300	1	1 0 1 1 0 1 1 1 1 0 0 1 0 0 0 0 0 0 1 1 1 1 0 0 0 1 1 1 0 0 0 1 1 1 1 0 1 0 0 1 0 0 0 0 0 1 0 1 0 0
300	1	1 0 1 1 0 1 1 1 1 0 0 1 0 0 0 0 0 0 1 1 1 0 0 0 0 1 1 1 0 0 0 1 1 1 1 0 1 0 0 0 0 0 0 0 0 1 0 1 0 0
300	3	0 0 1 1 0 1 1 1 1 0 0 1 0 0 0 0 0 0 1 1 1 1 0 0 0 1 1 1 0 0 0 1 1 0 1 0 1 0 0 0 0 0 1 0 0 0 0 0 0 0
300	1	0 0 1 1 1 1 1 1 1 0 0 1 0 0 0 0 0 0 1 1 1 1 0 0 0 1 1 1 0 0 0 1 1 0 1 0 1 0 0 0 0 0 1 0 0 0 0 1 0 0
300	2	0 0 1 1 1 1 1 1 1 0 0 1 0 0 0 0 0 0 1 0 1 1 0 0 0 1 1 1 0 0 0 1 1 0 1 0 1 0 0 0 0 0 1 0 0 0 0 1 0 0
300	5	0 1 1 1 1 1 1 1 1 0 0 1 0 0 0 0 1 0 1 1 1 1 0 0 0 1 1 1 0 0 0 1 1 0 1 0 1 0 0 0 0 0 1 0 0 1 0 1 0 0
300	3	0 1 1 1 1 1 1 1 1 0 0 1 0 0 0 0 0 0 1 1 1 1 0 0 0 1 1 1 0 0 0 1 1 0 1 1 1 0 0 0 0 0 1 0 0 1 0 1 0 0
300	1	0 1 1 1 1 1 1 1 1 1 0 0 1 0 0 0 0 1 1 1 1 1 0 0 0 1 1 1 0 0 0 1 1 0 1 0 1 0 0 0 0 0 1 0 0 1 0 1 0 0
300	6	0 1 1 1 1 1 1 1 1 0 0 0 1 0 0 0 0 0 1 1 1 1 0 0 0 1 1 1 0 0 0 1 1 0 1 0 1 0 0 0 0 0 1 0 0 1 0 1 0 0
300	1	0 1 1 1 1 1 1 1 1 1 0 0 1 0 0 0 0 0 1 1 1 1 0 0 0 1 0 1 0 0 0 1 1 0 1 0 1 0 0 0 0 0 1 0 0 1 0 1 0 0
300	1	0 1 1 1 1 1 1 1 1 1 0 0 1 0 0 0 0 0 1 1 1 1 0 0 0 1 1 1 1 0 0 1 1 0 1 0 1 0 0 0 0 0 1 0 0 1 0 1 0 0
300	1	0 1 1 1 1 1 1 1 1 1 0 0 1 0 0 0 0 0 1 1 1 1 0 0 0 1 1 1 0 0 0 1 1 0 1 0 1 0 0 0 0 0 1 0 1 1 0 1 0 0
300	12	0 1 1 1 1 1 1 1 1 1 0 0 1 0 0 0 0 0 1 1 1 1 0 0 0 1 1 1 0 0 0 1 1 0 1 0 1 0 0 0 0 0 1 0 0 1 0 1 0 0
310	1	1 0 1 1 0 1 1 1 1 0 0 1 0 0 0 0 1 0 1 1 1 1 0 0 0 1 1 0 0 0 0 1 1 1 1 0 1 0 0 0 0 0 0 0 0 1 0 1 0 0
310	2	1 0 1 1 0 1 1 1 1 1 0 1 0 0 0 0 0 0 1 1 1 1 0 0 0 1 1 1 0 0 0 1 1 1 1 0 1 0 0 0 0 0 0 0 0 0 0 1 0 0
310	1	1 0 1 1 0 1 1 1 1 0 0 1 0 0 0 0 0 0 1 1 1 1 0 0 0 1 1 1 0 0 0 1 1 1 1 0 1 0 0 0 0 1 0 0 0 1 0 1 0 0
310	1	1 0 1 1 0 1 1 1 1 0 0 1 0 0 0 0 0 0 1 1 1 1 0 0 0 1 1 1 0 0 0 1 1 1 1 0 1 0 0 1 0 0 0 0 0 1 0 1 0 0
310	10	1 0 1 1 0 1 1 1 1 0 0 1 0 0 0 0 0 0 1 1 1 1 0 0 0 1 1 1 0 0 0 1 1 1 1 0 1 0 0 0 0 0 0 0 0 1 0 1 0 0
310	4	1 0 1 1 0 1 1 1 1 1 0 1 0 0 0 0 1 0 1 1 1 1 0 0 0 1 1 1 0 0 0 1 1 1 1 0 1 0 0 0 0 0 0 0 0 1 0 1 0 0
310	40	1 0 1 1 0 1 1 1 1 1 0 1 0 0 0 0 0 0 1 1 1 1 0 0 0 1 1 1 0 0 0 1 1 1 1 0 1 0 0 0 0 0 0 0 0 1 0 1 0 0
310	3	1 0 1 1 0 1 1 1 1 0 0 1 0 0 0 0 0 0 1 1 1 1 0 0 0 1 1 1 0 0 0 1 1 1 1 0 0 0 0 0 0 0 0 0 0 0 0 1 0 0
310	6	1 0 1 1 0 1 1 1 1 0 0 1 0 0 0 0 0 0 1 1 1 1 0 0 0 1 1 1 0 0 0 1 1 1 1 0 1 0 0 0 0 0 0 0 0 0 0 1 0 0
310	3	0 0 1 1 0 1 1 1 1 0 0 1 0 0 0 0 0 0 1 1 1 1 0 0 0 1 1 1 0 0 0 1 1 0 1 0 1 0 0 0 0 0 1 0 0 0 0 0 0 0
310	1	0 1 1 1 1 1 1 1 1 1 0 0 1 0 0 0 0 1 1 1 1 1 0 0 0 1 1 1 0 0 0 1 1 0 1 0 1 0 0 0 0 0 1 0 0 1 0 1 0 0
310	10	0 1 1 1 1 1 1 1 1 0 0 0 1 0 0 0 0 0 1 1 1 1 0 0 0 1 1 1 0 0 0 1 1 0 1 0 1 0 0 0 0 0 1 0 0 1 0 1 0 0
310	4	0 1 1 1 1 1 1 1 1 1 0 0 1 0 0 0 0 0 1 1 1 1 0 0 0 1 0 1 0 0 0 1 1 0 1 0 1 0 0 0 0 0 1 0 0 1 0 1 0 0
310	1	0 1 1 1 1 1 1 1 1 1 0 0 1 0 0 0 0 0 0 1 1 1 0 0 0 1 1 1 0 0 0 1 1 0 1 0 1 0 0 0 0 0 1 0 0 1 0 1 0 0
310	13	0 1 1 1 1 1 1 1 1 1 0 0 1 0 0 0 0 0 1 1 1 1 0 0 0 1 1 1 0 0 0 1 1 0 1 0 1 0 0 0 0 0 1 0 0 1 0 1 0 0
