10	1	0 0 0 1 0 0 0 0 0 1
10	1	0 1 0 0 0 0 0 0 0 1
10	1	1 1 0 1 0 0 0 0 0 1
10	21	0 1 0 1 0 0 0 0 0 1
10	28	0 0 1 1 0 1 1 0 0 0
10	20	0 1 1 1 0 0 1 1 1 0
10	28	1 0 1 0 0 1 0 1 1 0
20	1	1 1 0 1 0 0 0 0 0 1
20	27	0 1 0 1 0 0 0 0 0 1
20	2	0 0 1 1 1 1 1 0 1 0
20	5	0 0 1 1 1 1 1 0 0 0
20	4	0 0 1 1 0 1 0 0 0 0
20	2	1 0 1 1 0 1 1 0 0 0
20	22	0 0 1 1 0 1 1 0 0 0
20	20	0 1 1 1 0 0 1 1 1 0
20	17	1 0 1 0 0 1 0 1 1 0
30	7	1 1 0 1 0 0 0 0 0 1
30	9	0 1 0 1 0 0 0 0 0 1
30	9	0 0 1 1 0 1 0 0 0 0
30	5	0 0 1 1 1 1 1 0 0 0
30	1	0 1 1 1 0 1 1 0 0 0
30	1	0 0 1 1 0 1 1 0 1 0
30	40	0 0 1 1 0 1 1 0 0 0
30	3	1 0 1 1 0 1 1 0 0 0
30	1	0 1 1 1 0 0 1 1 1 1
30	1	0 1 1 1 0 0 1 0 1 0
30	9	0 1 1 1 0 0 1 1 1 0
30	2	1 1 1 0 0 1 0 1 1 0
30	12	1 0 1 0 0 1 0 1 1 0
40	24	1 1 0 1 0 0 0 0 0 1
40	1	0 0 1 0 0 1 0 0 0 0
40	7	1 0 1 1 0 1 1 0 0 0
40	5	1 0 1 1 0 1 0 0 0 0
40	1	0 0 1 1 0 0 0 0 0 0
40	13	0 0 1 1 0 1 0 0 0 0
40	1	0 0 1 1 1 1 1 0 0 0
40	1	0 0 1 1 0 1 1 0 1 0
40	37	0 0 1 1 0 1 1 0 0 0
40	2	0 1 1 1 0 0 1 1 1 0
40	2	1 1 1 0 0 1 0 1 1 0
40	1	1 1 1 0 0 1 0 0 1 0
40	1	1 0 1 0 0 1 0 0 1 0
40	1	1 0 1 0 0 0 0 1 1 0
40	3	1 0 1 0 0 1 0 1 1 0
50	1	1 1 1 1 0 0 0 0 0 1
50	30	1 1 0 1 0 0 0 0 0 1
50	24	0 0 1 1 0 1 1 0 0 0
50	6	1 0 1 1 0 1 1 0 0 0
50	1	0 0 1 1 0 0 0 0 0 0
50	13	0 0 1 1 0 1 0 0 0 0
50	13	1 0 1 1 0 1 0 0 0 0
50	1	0 0 0 1 1 1 1 0 0 0
50	3	0 0 1 1 1 1 1 0 0 0
50	1	1 0 1 0 0 1 0 1 1 0
50	1	1 1 1 0 0 1 0 1 1 0
50	4	1 1 1 0 0 1 0 0 1 0
50	2	1 0 1 0 0 1 0 0 1 0
60	2	1 1 0 1 0 0 0 0 1 1
60	3	1 1 1 1 0 0 0 0 0 1
60	27	1 1 0 1 0 0 0 0 0 1
60	11	0 0 1 1 0 1 0 0 0 0
60	4	1 0 1 1 0 1 1 0 0 0
60	6	0 0 1 1 0 1 1 0 0 0
60	1	1 1 1 1 0 1 1 0 0 0
60	1	1 0 1 1 1 1 0 0 0 0
60	1	1 0 1 1 0 1 0 0 0 1
60	39	1 0 1 1 0 1 0 0 0 0
60	2	1 1 1 1 0 1 0 0 0 0
60	1	0 0 1 1 1 1 1 0 0 0
60	1	0 1 1 1 0 0 1 1 1 0
60	1	1 1 1 0 0 1 0 0 1 0
70	1	1 1 1 1 0 1 0 0 0 1
70	21	1 1 0 1 0 0 0 0 0 1
70	1	0 0 0 1 0 0 0 0 0 0
70	8	0 0 1 1 0 1 0 0 0 0
70	2	1 0 1 1 0 1 1 0 0 0
70	58	1 0 1 1 0 1 0 0 0 0
70	7	1 1 1 1 0 1 0 0 0 0
70	1	1 1 1 0 0 1 0 0 0 0
70	1	1 1 1 0 0 1 0 0 1 0
