0	100	0 0 0 0 0 0 0 0 0 0
10	1	1 0 0 0 0 0 0 0 0 0
10	4	0 0 0 1 0 0 0 0 0 0
10	95	0 0 0 0 0 0 0 0 0 0
20	2	0 0 0 0 0 1 0 0 0 0
20	1	0 0 1 0 0 0 1 0 0 0
20	1	0 0 0 0 0 0 1 0 0 0
20	96	0 0 0 0 0 0 0 0 0 0
30	1	0 0 0 0 0 1 0 0 0 0
30	2	0 0 0 0 0 0 0 0 1 0
30	1	0 0 0 0 1 0 0 0 0 0
30	1	0 0 0 0 0 0 0 1 0 0
30	2	1 0 0 0 0 0 0 0 0 0
30	90	0 0 0 0 0 0 0 0 0 0
30	3	0 0 0 1 0 0 1 0 0 0
40	1	0 0 0 0 0 1 0 0 0 0
40	2	0 0 0 0 0 0 0 0 1 0
40	1	0 0 1 0 0 0 0 0 0 0
40	1	0 0 0 0 1 0 0 0 0 0
40	1	0 0 0 0 0 0 0 1 0 0
40	1	1 0 0 0 0 0 0 0 0 0
40	7	0 0 0 1 0 0 1 0 0 0
40	2	0 0 0 0 0 0 1 0 0 0
40	1	0 0 0 0 0 0 0 0 0 1
40	1	0 0 0 1 0 0 0 0 0 0
40	82	0 0 0 0 0 0 0 0 0 0
50	3	0 0 0 0 0 1 0 0 0 0
50	13	0 0 0 0 0 0 0 0 1 0
50	2	1 0 0 0 0 0 0 0 0 0
50	79	0 0 0 0 0 0 0 0 0 0
50	1	0 0 1 0 0 0 0 0 0 0
50	2	0 0 0 1 0 0 1 0 0 0
60	1	0 0 1 0 0 1 0 0 0 0
60	1	0 0 0 0 0 1 0 0 0 0
60	1	0 0 0 1 0 0 0 0 1 0
60	12	0 0 0 0 0 0 0 0 1 0
60	1	0 0 0 0 0 0 0 1 0 0
60	1	0 0 0 0 0 0 1 0 0 0
60	3	1 0 0 0 0 0 0 0 0 0
60	3	0 0 1 0 1 0 0 0 0 0
60	5	0 0 1 0 0 0 0 0 0 0
60	69	0 0 0 0 0 0 0 0 0 0
60	3	0 0 0 1 0 0 1 0 0 0
70	3	0 0 1 0 0 1 0 0 0 0
70	1	0 0 0 0 0 1 0 0 0 0
70	7	0 0 0 0 0 0 0 0 1 0
70	2	0 0 0 0 0 0 0 1 0 0
70	1	0 0 1 0 0 0 1 0 0 0
70	3	0 0 1 0 1 0 0 0 0 0
70	3	1 0 1 0 0 0 0 0 0 0
70	1	0 0 1 0 0 0 0 0 0 0
70	4	0 0 0 1 0 0 0 0 0 0
70	3	0 0 0 0 1 0 0 0 0 0
70	67	0 0 0 0 0 0 0 0 0 0
70	5	0 0 0 1 0 0 1 0 0 0
80	3	0 0 0 1 0 0 0 0 1 0
80	1	0 0 0 0 1 0 0 0 1 0
80	1	0 0 0 0 0 0 0 0 1 0
80	4	0 0 1 0 1 0 0 0 0 0
80	2	0 0 1 0 0 0 0 0 0 0
80	75	0 0 0 0 0 0 0 0 0 0
80	13	0 0 0 1 0 0 0 0 0 0
80	1	0 0 0 1 0 0 1 0 0 0
90	1	0 0 0 0 0 1 0 0 0 0
90	1	0 0 0 1 0 0 0 0 1 0
90	2	0 0 0 0 0 0 0 0 1 0
90	3	0 0 1 0 1 0 0 0 0 0
90	2	0 1 0 0 0 0 0 0 0 0
90	24	0 0 0 1 0 0 0 0 0 0
90	6	0 0 0 1 0 0 1 0 0 0
90	1	0 0 0 0 0 0 0 1 0 0
90	1	0 0 1 0 0 0 0 0 0 0
90	1	0 0 0 0 0 0 0 0 0 1
90	58	0 0 0 0 0 0 0 0 0 0
100	2	0 0 0 0 0 0 0 0 1 0
100	3	0 0 1 0 1 0 0 0 0 0
100	1	0 0 0 0 0 0 0 0 0 1
100	1	0 0 0 1 0 0 0 1 0 0
100	2	0 0 0 0 0 0 1 0 0 0
100	1	0 0 0 0 0 0 0 1 0 0
100	62	0 0 0 0 0 0 0 0 0 0
100	27	0 0 0 1 0 0 0 0 0 0
100	1	0 0 1 0 0 0 0 0 0 0
110	1	0 0 1 0 0 1 0 0 0 0
110	2	0 0 0 0 0 0 0 0 1 0
110	3	0 0 1 0 1 0 0 0 1 0
110	2	0 0 1 0 1 0 0 0 0 0
110	1	0 0 0 0 0 0 0 0 0 1
110	2	0 0 0 1 0 1 0 0 0 0
110	1	0 0 0 1 0 0 1 0 0 0
110	40	0 0 0 0 0 0 0 0 0 0
110	32	0 0 0 1 0 0 0 0 0 0
110	7	0 0 0 1 0 0 0 1 0 0
110	4	0 0 0 0 0 0 1 0 0 0
110	1	0 0 0 0 0 0 0 1 0 0
110	1	0 0 1 0 0 0 0 0 0 0
110	1	0 0 0 1 0 0 0 0 1 0
110	1	0 1 0 0 0 0 0 0 0 0
110	1	0 1 0 1 0 0 1 0 0 0
120	2	0 0 0 0 0 0 0 0 1 0
120	2	0 0 1 0 1 0 0 0 1 0
120	7	0 0 1 0 0 0 0 0 0 0
120	3	0 0 1 0 1 0 0 0 0 0
120	2	0 0 0 1 0 1 0 0 0 0
120	1	0 0 0 1 0 0 1 0 0 0
120	3	0 0 0 0 0 0 1 0 0 0
120	1	0 0 0 0 0 0 0 1 0 0
120	41	0 0 0 1 0 0 0 0 0 0
120	3	0 0 0 1 0 0 0 1 0 0
120	1	0 0 0 1 0 0 0 0 1 0
120	1	0 0 0 1 0 0 0 1 0 1
120	1	0 0 1 1 0 0 0 0 0 0
120	29	0 0 0 0 0 0 0 0 0 0
120	3	0 1 0 1 0 0 1 0 0 0
130	1	0 0 0 0 0 0 0 0 1 0
130	12	0 0 1 0 0 0 0 0 0 0
130	4	0 0 1 0 1 0 0 0 0 0
130	1	0 0 0 1 0 0 0 0 1 0
130	2	0 0 0 1 0 0 1 0 0 0
130	46	0 0 0 1 0 0 0 0 0 0
130	2	0 0 0 0 0 0 0 1 0 0
130	6	0 0 0 1 0 0 0 1 0 0
130	1	0 0 1 1 0 0 0 0 0 0
130	2	0 0 0 1 1 0 0 0 0 0
130	1	0 1 0 0 0 0 0 0 0 0
130	19	0 0 0 0 0 0 0 0 0 0
130	1	0 1 1 1 0 0 1 0 0 0
130	2	0 1 0 1 0 0 1 0 0 0
140	1	1 1 1 0 0 0 0 0 0 0
140	1	0 0 1 0 0 0 1 0 0 0
140	13	0 0 1 0 0 0 0 0 0 0
140	6	0 0 1 0 1 0 0 0 0 0
140	1	0 0 0 1 0 0 0 0 1 0
140	2	0 1 0 1 0 0 1 0 0 0
140	1	0 0 0 1 0 0 1 0 0 0
140	10	0 0 0 1 0 0 0 1 0 0
140	5	0 0 0 1 1 0 0 0 0 0
140	1	0 0 1 1 0 0 0 0 0 0
140	1	0 1 0 1 0 0 0 0 0 0
140	15	0 0 0 0 0 0 0 0 0 0
140	37	0 0 0 1 0 0 0 0 0 0
140	3	0 0 0 0 0 0 1 0 0 0
140	1	0 1 0 0 0 0 0 0 0 0
140	1	1 1 1 1 0 0 1 0 0 0
140	1	0 1 0 1 1 0 1 0 0 0
150	3	1 1 1 0 0 0 0 0 0 0
150	3	0 0 1 0 0 0 1 0 0 0
150	1	0 0 1 1 0 0 0 0 0 0
150	15	0 0 1 0 0 0 0 0 0 0
150	2	0 0 1 0 1 0 0 0 0 0
150	4	0 0 0 1 0 0 1 0 0 0
150	9	0 1 0 1 0 0 1 0 0 0
150	2	1 0 0 1 0 0 1 0 0 0
150	8	0 0 0 1 0 0 0 1 0 0
150	2	0 0 0 1 0 1 0 0 0 0
150	37	0 0 0 1 0 0 0 0 0 0
150	3	0 0 0 1 1 0 0 0 0 0
150	9	0 0 0 0 0 0 0 0 0 0
150	2	0 0 0 0 0 0 1 0 0 1
