0	100	0 0 0 0 0 0 0 0 0 0
10	1	0 0 0 0 0 1 0 1 0 0
10	1	0 1 0 0 0 0 0 0 0 0
10	1	0 0 0 0 0 0 0 0 0 1
10	1	1 0 0 0 0 0 0 0 0 0
10	96	0 0 0 0 0 0 0 0 0 0
20	1	0 0 0 1 0 0 0 0 0 1
20	1	1 0 0 0 0 0 0 0 0 0
20	1	0 0 1 0 0 0 0 0 0 0
20	97	0 0 0 0 0 0 0 0 0 0
30	1	0 0 0 1 0 0 0 0 0 0
30	4	0 0 1 0 0 0 0 0 0 0
30	1	0 0 0 0 0 0 0 1 0 0
30	1	0 0 0 0 1 0 0 0 0 0
30	93	0 0 0 0 0 0 0 0 0 0
40	1	0 0 0 1 0 0 0 0 0 0
40	3	0 0 0 0 0 0 0 0 1 0
40	2	1 0 0 0 0 0 0 0 0 0
40	1	0 0 1 0 0 1 0 0 0 0
40	2	0 0 0 0 0 0 0 1 0 0
40	3	0 0 1 0 0 0 0 0 0 0
40	1	0 1 0 0 0 0 0 0 0 0
40	80	0 0 0 0 0 0 0 0 0 0
40	1	0 0 0 0 0 1 0 1 0 0
40	3	0 0 0 0 1 0 0 0 0 0
40	1	0 0 0 0 0 0 0 0 0 1
40	2	0 0 0 0 0 0 1 0 0 0
50	5	0 0 0 0 0 0 0 0 1 0
50	3	1 0 0 0 0 0 0 0 0 0
50	1	0 0 1 0 0 1 0 0 0 0
50	3	0 0 0 0 0 0 0 1 0 0
50	6	0 0 1 0 0 0 0 0 0 0
50	3	0 1 0 0 1 0 0 0 0 0
50	1	0 0 0 0 1 0 0 0 0 0
50	77	0 0 0 0 0 0 0 0 0 0
50	1	0 0 0 1 0 0 0 1 0 0
60	1	0 0 0 0 0 0 0 0 1 0
60	4	1 0 0 0 0 0 0 0 0 0
60	1	0 0 1 0 0 1 0 0 0 0
60	1	0 0 0 0 0 1 0 1 0 0
60	3	0 0 0 1 0 0 0 1 0 0
60	1	0 0 0 0 0 0 0 1 0 0
60	7	0 0 1 0 0 0 0 0 0 0
60	1	0 0 0 0 0 0 0 0 0 1
60	1	0 0 0 0 1 0 0 0 0 0
60	1	0 0 0 1 0 0 0 0 0 0
60	79	0 0 0 0 0 0 0 0 0 0
70	1	0 0 0 0 1 0 0 0 1 0
70	4	1 0 0 0 0 0 0 0 0 0
70	2	0 0 1 0 0 0 0 0 0 1
70	5	0 0 1 0 0 1 0 0 0 0
70	12	0 0 1 0 0 0 0 0 0 0
70	3	0 0 0 1 0 0 0 1 0 0
70	1	0 0 0 0 0 0 0 0 0 1
70	3	0 0 0 0 1 0 0 0 0 0
70	3	0 0 0 1 0 0 0 0 0 0
70	1	0 0 0 0 0 0 1 0 0 0
70	65	0 0 0 0 0 0 0 0 0 0
80	1	0 0 0 0 1 0 0 0 1 0
80	1	1 0 0 0 0 0 1 0 0 0
80	5	1 0 0 0 0 0 0 0 0 0
80	1	0 0 1 0 1 0 0 0 0 0
80	2	0 0 1 0 0 1 0 1 0 0
80	4	0 0 1 0 0 1 0 0 0 0
80	2	0 0 1 0 0 0 1 0 0 0
80	10	0 0 1 0 0 0 0 0 0 0
80	1	0 1 0 0 0 0 0 0 0 0
80	1	0 0 0 0 0 0 0 0 1 0
80	71	0 0 0 0 0 0 0 0 0 0
80	1	0 0 0 0 0 1 0 1 0 0
90	1	0 0 0 0 1 0 0 0 1 0
90	1	1 0 1 0 0 0 0 0 0 0
90	7	1 0 0 0 0 0 0 0 0 0
90	1	0 0 1 0 0 0 0 0 0 1
90	4	0 0 1 0 1 0 0 0 0 0
90	11	0 0 1 0 0 1 0 0 0 0
90	1	0 0 0 0 0 0 0 1 0 0
90	2	0 0 1 0 0 0 0 0 0 0
90	6	0 1 0 0 0 0 0 0 0 0
90	1	0 0 0 0 0 0 1 0 0 0
90	4	0 0 0 0 0 0 0 0 0 1
90	2	0 0 0 0 0 0 0 0 1 0
90	1	0 0 0 1 0 0 0 0 0 0
90	55	0 0 0 0 0 0 0 0 0 0
90	3	0 0 0 0 0 1 0 1 0 0
100	3	0 0 0 0 1 0 0 0 1 0
100	5	1 0 0 0 0 0 0 0 0 0
100	3	0 0 1 0 1 0 0 0 0 0
100	1	0 0 1 1 0 1 0 0 0 0
100	3	0 0 1 1 0 0 0 0 0 0
100	13	0 0 1 0 0 0 0 0 0 0
100	10	0 0 1 0 0 1 0 0 0 0
100	1	0 1 1 0 0 0 0 0 0 0
100	1	0 1 0 0 0 0 0 0 0 0
100	5	0 0 0 0 0 0 0 0 0 1
100	3	0 0 0 1 0 0 0 0 0 0
100	52	0 0 0 0 0 0 0 0 0 0
110	1	0 0 0 0 0 0 0 0 1 0
110	2	0 0 0 0 1 0 0 0 1 0
110	7	1 0 0 0 0 0 0 0 0 0
110	2	0 0 0 1 0 0 0 0 0 0
110	49	0 0 0 0 0 0 0 0 0 0
110	2	0 0 1 0 0 0 0 0 0 1
110	2	0 0 1 0 1 0 0 0 0 0
110	6	0 0 1 1 0 1 0 0 0 0
110	2	0 0 1 1 0 0 0 0 0 0
110	1	0 0 1 0 0 1 1 0 0 0
110	12	0 0 1 0 0 1 0 0 0 0
110	4	0 0 1 0 0 0 0 0 0 0
110	5	0 0 0 0 0 0 0 1 0 0
110	2	0 1 0 0 0 0 0 0 0 0
110	3	0 0 0 0 0 0 0 0 0 1
120	1	0 0 0 0 1 0 0 0 1 0
120	2	0 1 1 0 0 0 0 0 0 0
120	15	0 0 1 0 0 0 0 0 0 0
120	3	0 0 0 0 0 0 0 0 0 1
120	3	0 0 0 1 0 0 0 0 0 0
120	1	0 0 0 0 0 1 0 0 0 0
120	1	0 0 0 0 0 0 1 0 0 0
120	37	0 0 0 0 0 0 0 0 0 0
120	7	1 0 0 0 0 0 0 0 0 0
120	2	0 0 0 0 0 0 0 1 0 0
120	3	0 0 1 0 0 0 0 0 0 1
120	4	0 0 1 1 0 1 0 0 0 0
120	8	0 0 1 1 0 0 0 0 0 0
120	1	0 0 1 0 0 1 0 0 1 0
120	11	0 0 1 0 0 1 0 0 0 0
120	1	0 0 0 0 0 1 0 1 0 0
130	1	0 0 0 0 0 0 0 0 1 0
130	1	0 0 0 0 1 0 0 0 1 0
130	23	0 0 1 0 0 1 0 0 0 0
130	6	0 0 1 0 0 0 0 0 0 0
130	7	0 0 1 1 0 0 0 0 0 0
130	5	0 0 0 1 0 0 0 0 0 0
130	1	0 0 0 0 0 1 0 0 0 0
130	5	1 0 0 1 0 0 0 0 0 0
130	3	1 0 0 0 0 0 0 0 0 0
130	2	0 1 0 0 0 0 0 0 0 0
130	40	0 0 0 0 0 0 0 0 0 0
130	1	0 0 1 0 0 0 0 0 0 1
130	1	0 0 1 0 1 0 0 0 0 0
130	4	0 0 1 1 0 1 0 0 0 0
140	2	0 0 0 0 0 0 0 0 1 0
140	9	0 0 1 0 0 1 0 0 0 0
140	6	0 0 1 1 0 1 0 0 0 0
140	11	0 0 1 1 0 0 0 0 0 0
140	16	0 0 1 0 0 0 0 0 0 0
140	1	0 0 1 1 1 1 0 0 0 0
140	5	1 0 0 0 0 0 0 0 0 0
140	7	1 0 0 1 0 0 0 0 0 0
140	8	0 0 0 1 0 0 0 0 0 0
140	1	0 0 0 0 0 0 0 1 0 0
140	1	0 0 0 0 0 1 0 0 0 0
140	30	0 0 0 0 0 0 0 0 0 0
140	1	0 0 0 1 0 0 0 1 0 0
140	1	1 0 1 1 0 1 0 0 0 0
140	1	0 0 1 0 1 1 1 0 0 0
150	2	0 0 1 1 0 1 0 0 0 0
150	1	0 0 1 0 0 1 0 0 0 1
150	20	0 0 1 0 0 1 0 0 0 0
150	1	0 0 1 1 0 0 1 0 0 0
150	1	0 1 1 1 0 0 0 0 0 0
150	6	0 0 1 1 0 0 0 0 0 0
150	1	0 0 1 0 0 0 0 0 0 1
150	14	0 0 1 0 0 0 0 0 0 0
150	7	1 0 0 0 0 0 0 0 0 0
150	7	1 0 0 1 0 0 0 0 0 0
150	26	0 0 0 0 0 0 0 0 0 0
150	1	1 0 0 1 1 0 0 0 0 0
150	1	0 0 0 1 0 0 0 1 0 0
150	8	0 0 0 1 0 0 0 0 0 0
150	2	0 0 0 0 0 1 1 0 0 0
150	2	0 0 1 0 0 1 1 0 0 0
