10	23	0 1 1 0 0 0 0 0 1 0
10	4	0 1 1 1 1 1 0 1 0 0
10	1	0 1 1 1 1 0 1 1 0 0
10	15	0 1 1 1 1 0 0 1 0 0
10	27	1 0 0 0 1 0 1 0 1 0
10	6	1 1 0 1 1 1 0 0 0 0
10	1	1 1 0 1 0 0 0 0 0 0
10	1	1 1 0 1 0 1 1 0 0 0
10	2	1 1 0 0 0 1 0 0 0 0
10	20	1 1 0 1 0 1 0 0 0 0
20	1	1 1 1 0 0 0 0 0 1 0
20	2	0 1 1 0 0 1 0 0 1 0
20	13	0 1 1 0 0 0 0 0 1 0
20	3	0 1 1 1 1 0 0 0 0 0
20	2	0 1 1 1 1 1 0 1 0 0
20	4	0 1 1 1 0 0 0 1 0 0
20	5	0 1 1 1 1 0 0 1 0 0
20	1	1 1 0 0 1 0 1 0 1 0
20	14	1 0 0 0 1 0 1 0 1 0
20	16	1 1 0 1 1 1 0 0 0 0
20	1	1 1 0 1 0 1 0 0 1 0
20	6	1 1 0 1 0 0 0 0 0 0
20	28	1 1 0 1 0 1 0 0 0 0
20	4	1 1 0 1 0 1 1 0 0 0
30	5	1 1 1 0 0 0 0 0 1 0
30	2	0 1 1 0 0 0 0 0 0 0
30	10	0 1 1 1 1 0 0 0 0 0
30	1	0 1 1 1 1 1 0 1 0 0
30	1	0 1 1 1 0 0 0 1 0 0
30	1	0 1 1 1 1 0 0 1 0 0
30	3	1 0 0 0 1 0 1 0 1 0
30	2	1 1 0 1 0 1 1 0 0 0
30	3	1 1 0 0 0 1 0 0 0 0
30	41	1 1 0 1 0 1 0 0 0 0
30	12	1 1 0 1 1 1 0 0 0 0
30	1	1 1 0 1 0 0 0 0 1 0
30	1	1 1 0 0 0 0 0 0 0 0
30	17	1 1 0 1 0 0 0 0 0 0
40	6	0 1 1 1 1 0 0 0 0 0
40	1	0 1 1 1 1 1 0 1 0 0
40	1	1 1 0 1 0 1 1 0 0 0
40	1	1 1 0 1 0 1 0 0 0 1
40	2	1 1 0 0 0 1 0 0 0 0
40	12	1 1 0 1 1 1 0 0 0 0
40	2	1 1 0 1 0 1 0 0 1 0
40	25	1 1 0 1 0 0 0 0 0 0
40	50	1 1 0 1 0 1 0 0 0 0
50	9	0 1 1 1 1 0 0 0 0 0
50	1	1 1 0 1 0 1 0 0 0 1
50	1	1 1 0 0 0 1 0 0 0 0
50	1	1 1 0 1 0 1 0 1 0 0
50	11	1 1 0 1 1 1 0 0 0 0
50	13	1 1 0 1 0 0 0 0 0 0
50	61	1 1 0 1 0 1 0 0 0 0
50	3	1 1 1 1 1 1 0 0 0 0
60	8	0 1 1 1 1 0 0 0 0 0
60	2	1 0 0 0 0 1 0 0 0 0
60	1	1 1 0 1 0 1 0 0 1 0
60	2	0 1 0 1 0 1 0 0 0 0
60	19	1 1 0 1 0 0 0 0 0 0
60	52	1 1 0 1 0 1 0 0 0 0
60	5	1 1 0 1 1 1 0 0 0 0
60	1	1 1 0 1 1 0 0 0 0 0
60	10	1 1 1 1 1 1 0 0 0 0
70	3	0 1 1 1 1 0 0 0 0 0
70	3	1 1 0 1 0 1 0 0 0 1
70	1	1 1 0 0 0 1 0 0 0 0
70	59	1 1 0 1 0 1 0 0 0 0
70	19	1 1 0 1 0 0 0 0 0 0
70	5	1 1 0 1 1 1 0 0 0 0
70	1	1 1 0 0 0 0 0 0 0 0
70	9	1 1 1 1 1 1 0 0 0 0
