10	1	0 0 0 1 1 1 1 0 0 1
10	1	0 1 0 1 1 1 1 0 0 1
10	1	1 0 0 1 1 1 1 0 0 1
10	1	1 1 0 1 1 1 0 0 0 1
10	20	1 1 0 1 1 1 1 0 0 1
10	1	1 1 0 0 1 1 0 1 0 1
10	21	1 1 0 0 1 1 0 1 1 1
10	25	1 0 1 0 0 1 1 1 0 0
10	29	0 0 0 1 0 1 1 0 1 1
20	2	0 1 0 1 1 1 1 0 0 1
20	1	1 1 0 1 0 1 1 0 0 1
20	28	1 1 0 1 1 1 1 0 0 1
20	2	1 1 0 1 1 0 1 0 0 1
20	1	1 1 0 1 1 1 1 0 1 1
20	1	1 1 0 0 1 1 0 1 0 1
20	1	1 1 0 1 1 1 0 1 1 1
20	2	1 1 1 0 1 1 0 1 1 1
20	18	1 1 0 0 1 1 0 1 1 1
20	20	1 0 1 0 0 1 1 1 0 0
20	24	0 0 0 1 0 1 1 0 1 1
30	2	0 1 0 1 1 1 1 0 0 1
30	1	1 1 0 1 0 1 1 0 0 1
30	6	1 1 1 1 1 1 1 0 0 1
30	2	1 1 0 1 1 0 1 0 0 1
30	1	1 1 0 1 1 1 0 0 0 1
30	1	1 0 0 1 1 1 1 0 0 1
30	49	1 1 0 1 1 1 1 0 0 1
30	9	1 1 0 0 1 1 0 1 1 1
30	1	1 0 1 0 0 1 0 1 0 0
30	7	1 0 1 0 0 1 1 1 0 0
30	21	0 0 0 1 0 1 1 0 1 1
40	1	0 1 0 1 1 1 1 0 0 1
40	1	1 1 0 1 0 1 1 0 0 1
40	2	1 1 0 1 1 1 1 0 0 0
40	63	1 1 0 1 1 1 1 0 0 1
40	15	1 1 1 1 1 1 1 0 0 1
40	2	1 1 0 0 0 1 0 1 1 1
40	4	1 1 0 0 1 1 0 1 1 1
40	4	1 0 1 0 0 1 0 1 0 0
40	3	1 0 1 0 0 1 1 1 0 0
40	5	0 0 0 1 0 1 1 0 1 1
50	1	0 1 1 1 1 1 1 0 0 1
50	3	1 1 0 1 0 1 1 0 0 1
50	52	1 1 0 1 1 1 1 0 0 1
50	30	1 1 1 1 1 1 1 0 0 1
50	2	1 0 0 1 1 1 1 0 0 1
50	1	1 1 0 1 1 1 1 0 1 1
50	3	1 1 0 0 1 1 0 1 1 1
50	1	1 0 1 0 0 1 0 1 0 0
50	4	1 0 1 0 0 1 1 1 0 0
50	3	0 0 0 1 0 1 1 0 1 1
60	1	1 1 0 1 1 1 0 0 0 1
60	1	1 1 0 1 0 1 1 0 0 1
60	28	1 1 0 1 1 1 1 0 0 1
60	1	1 1 1 1 0 1 1 0 0 1
60	65	1 1 1 1 1 1 1 0 0 1
60	2	1 0 1 0 0 1 0 1 0 0
60	2	0 0 0 1 0 1 1 0 1 1
70	2	1 1 0 1 1 1 1 1 0 0
70	5	1 1 0 1 1 1 1 0 0 0
70	1	1 1 0 0 1 1 1 0 0 1
70	1	1 1 0 1 0 1 1 0 0 1
70	15	1 1 0 1 1 1 1 0 0 1
70	1	1 1 1 1 1 1 1 0 0 0
70	1	1 1 1 1 0 1 1 0 0 1
70	1	1 1 1 1 1 1 0 0 0 1
70	70	1 1 1 1 1 1 1 0 0 1
70	3	1 0 1 0 0 1 0 1 0 0
