0	100	0 0 0 0 0 0 0 0 0 0
10	1	0 0 0 0 0 1 0 0 0 0
10	1	0 0 0 0 0 0 0 1 0 0
10	1	0 0 1 0 0 0 0 0 0 0
10	2	0 0 0 0 0 0 0 0 0 1
10	1	0 1 0 0 0 0 0 0 0 0
10	94	0 0 0 0 0 0 0 0 0 0
20	1	0 0 0 0 1 0 1 0 0 0
20	3	0 0 0 0 0 0 1 0 0 0
20	2	0 0 0 0 0 0 0 1 0 0
20	5	0 0 0 0 1 0 0 0 0 0
20	1	0 0 1 0 0 0 0 0 0 0
20	88	0 0 0 0 0 0 0 0 0 0
30	7	0 0 0 0 0 0 1 0 0 0
30	2	0 0 0 0 0 0 0 1 0 0
30	2	1 0 0 0 0 0 0 0 0 0
30	3	0 0 0 0 1 0 0 0 0 0
30	1	0 0 0 1 0 0 0 0 0 0
30	2	0 0 0 0 0 1 0 0 0 0
30	83	0 0 0 0 0 0 0 0 0 0
40	6	0 0 0 0 0 0 1 0 0 0
40	2	0 0 0 0 0 0 0 1 0 0
40	1	1 0 0 0 0 0 0 0 0 0
40	3	0 0 0 1 0 0 0 0 0 0
40	1	0 0 0 0 0 0 0 0 0 1
40	1	0 0 0 0 0 0 0 0 1 0
40	2	0 0 0 0 0 1 0 0 0 0
40	1	0 0 1 0 0 0 0 0 0 0
40	79	0 0 0 0 0 0 0 0 0 0
40	3	0 0 0 0 1 0 0 0 0 0
40	1	0 0 0 1 1 0 0 0 0 0
50	2	0 0 0 0 0 0 1 0 0 0
50	1	1 0 0 1 0 0 0 0 0 0
50	3	1 0 0 0 0 0 0 0 0 0
50	2	0 1 0 0 0 0 0 0 0 0
50	1	0 0 0 1 0 0 0 0 1 0
50	10	0 0 0 1 0 0 0 0 0 0
50	1	0 0 0 0 0 1 0 0 0 1
50	1	0 0 0 0 0 0 0 0 0 1
50	1	0 0 0 0 0 1 0 0 0 0
50	7	0 0 1 0 0 0 0 0 0 0
50	3	0 0 0 0 1 0 0 0 0 0
50	68	0 0 0 0 0 0 0 0 0 0
60	1	0 0 0 0 0 0 1 0 0 0
60	3	1 0 0 1 0 0 0 0 0 0
60	1	0 0 0 0 0 0 0 0 0 1
60	4	0 1 0 0 0 0 0 0 0 0
60	1	0 0 0 0 0 1 0 0 0 0
60	1	0 0 0 1 0 0 0 0 1 0
60	6	0 0 0 1 0 0 0 0 0 0
60	7	0 0 1 0 0 0 0 0 0 0
60	1	0 0 0 0 1 0 0 0 0 0
60	71	0 0 0 0 0 0 0 0 0 0
60	4	1 0 0 0 0 0 0 0 0 0
70	7	0 0 0 0 0 0 1 0 0 0
70	1	1 0 0 0 0 0 0 0 0 0
70	2	0 0 0 0 0 0 0 0 0 1
70	3	0 0 0 0 0 1 0 0 0 0
70	1	0 0 0 1 0 0 0 0 1 0
70	1	0 0 0 1 0 1 0 0 0 0
70	1	0 0 0 1 1 0 0 0 0 0
70	11	0 0 0 1 0 0 0 0 0 0
70	10	0 0 1 0 0 0 0 0 0 0
70	4	0 0 0 0 0 0 0 0 1 0
70	59	0 0 0 0 0 0 0 0 0 0
80	8	0 0 0 0 0 0 1 0 0 0
80	7	1 0 0 0 0 0 0 0 0 0
80	1	0 1 0 0 0 0 0 0 0 0
80	4	0 0 0 0 0 1 0 0 0 0
80	2	0 0 0 1 0 0 0 0 1 0
80	14	0 0 1 0 0 0 0 0 0 0
80	44	0 0 0 0 0 0 0 0 0 0
80	1	0 0 0 1 0 0 0 0 0 1
80	14	0 0 0 1 0 0 0 0 0 0
80	5	1 0 1 0 0 0 0 0 0 0
90	3	0 0 0 0 0 0 1 0 0 0
90	8	1 0 0 0 0 0 0 0 0 0
90	1	0 0 0 0 0 1 0 0 0 0
90	1	0 1 0 1 0 0 0 0 0 0
90	8	0 0 0 1 0 0 0 0 0 0
90	1	0 0 0 1 0 0 0 0 1 0
90	1	0 0 1 0 0 0 0 0 1 0
90	24	0 0 1 0 0 0 0 0 0 0
90	1	0 0 0 0 0 0 0 0 0 1
90	51	0 0 0 0 0 0 0 0 0 0
90	1	1 0 1 0 0 0 0 0 0 0
100	5	0 0 0 0 0 0 1 0 0 0
100	1	1 0 0 0 1 0 0 0 0 0
100	1	0 0 0 0 0 1 0 0 0 0
100	1	0 0 0 1 1 0 0 0 0 0
100	1	0 0 0 0 1 0 0 0 0 0
100	5	1 0 0 0 0 0 0 0 0 0
100	46	0 0 0 0 0 0 0 0 0 0
100	2	0 0 0 1 0 0 0 0 1 0
100	9	0 0 0 1 0 0 0 0 0 0
100	6	1 0 1 0 0 0 0 0 0 0
100	21	0 0 1 0 0 0 0 0 0 0
100	2	0 0 1 0 1 0 1 0 0 0
110	7	0 0 0 0 0 0 1 0 0 0
110	1	1 0 0 1 1 0 0 0 0 0
110	3	1 0 0 0 1 0 0 0 0 0
110	2	0 1 0 0 0 1 0 0 0 0
110	2	0 0 0 0 0 1 0 0 0 0
110	2	0 0 0 1 1 0 0 0 0 0
110	11	0 0 0 1 0 0 0 0 0 0
110	4	1 0 0 0 0 0 0 0 0 0
110	3	0 1 0 0 0 0 0 0 0 0
110	34	0 0 0 0 0 0 0 0 0 0
110	4	0 0 0 1 0 0 0 0 1 0
110	3	1 0 1 0 0 0 0 0 0 0
110	1	0 0 1 0 0 1 0 0 0 0
110	21	0 0 1 0 0 0 0 0 0 0
110	2	0 0 1 0 1 0 1 0 0 0
120	2	1 0 0 0 1 0 0 0 0 0
120	1	0 0 0 0 0 0 0 0 1 0
120	2	0 0 0 0 0 1 0 0 0 0
120	8	0 0 1 0 0 0 0 0 0 0
120	37	0 0 0 0 0 0 0 0 0 0
120	14	0 0 0 1 0 0 0 0 0 0
120	1	0 1 0 0 1 0 0 0 0 0
120	4	0 1 0 0 0 0 0 0 0 0
120	1	1 0 0 0 0 0 0 1 0 0
120	7	1 0 0 0 0 0 0 0 0 0
120	1	0 0 0 0 1 0 0 0 0 0
120	3	0 0 0 1 0 0 0 0 1 0
120	12	1 0 1 0 0 0 0 0 0 0
120	3	0 0 1 0 0 0 1 0 0 0
120	1	0 0 1 0 1 1 0 0 0 0
120	1	0 0 1 0 0 1 0 0 0 0
120	2	0 0 1 0 1 0 1 0 0 0
130	25	0 0 0 0 0 0 0 0 0 0
130	1	0 0 0 0 0 0 0 0 1 0
130	4	0 0 0 0 0 1 0 0 0 0
130	14	0 0 1 0 0 0 0 0 0 0
130	22	1 0 1 0 0 0 0 0 0 0
130	3	0 0 1 1 0 0 0 0 0 0
130	1	0 0 1 0 0 1 0 0 0 0
130	2	0 1 0 0 0 0 0 0 0 0
130	1	0 0 0 1 0 0 0 0 1 0
130	18	0 0 0 1 0 0 0 0 0 0
130	2	1 0 0 0 0 0 0 0 0 0
130	1	1 1 0 0 0 0 0 0 0 0
130	2	1 1 0 0 0 0 0 0 0 1
130	1	1 0 0 1 0 0 0 0 1 0
130	1	0 0 1 0 0 0 1 0 0 0
130	2	0 0 1 0 1 0 1 0 0 0
140	3	0 0 0 0 0 0 0 0 1 0
140	14	0 0 0 0 0 0 0 0 0 0
140	4	0 0 0 0 0 1 0 0 0 0
140	23	0 0 0 1 0 0 0 0 0 0
140	1	0 1 1 0 0 0 0 0 0 0
140	2	0 0 1 0 1 0 1 0 0 0
140	2	0 0 1 0 0 0 0 0 1 0
140	1	0 0 1 1 0 0 0 0 0 0
140	17	0 0 1 0 0 0 0 0 0 0
140	29	1 0 1 0 0 0 0 0 0 0
140	1	0 0 0 1 0 0 0 0 1 0
140	2	0 1 0 0 1 0 0 0 0 0
140	1	1 1 0 0 0 0 0 0 0 1
150	4	0 0 0 0 0 1 0 0 0 0
150	1	0 0 1 0 0 0 0 1 0 0
150	9	0 0 1 0 0 0 0 0 0 0
150	15	0 0 0 0 0 0 0 0 0 0
150	2	0 0 0 1 1 0 0 0 0 0
150	1	0 1 0 1 0 0 0 0 0 0
150	16	0 0 0 1 0 0 0 0 0 0
150	3	0 1 1 0 0 0 0 0 0 0
150	1	0 0 1 0 0 0 1 0 0 0
150	4	1 0 1 0 1 0 0 0 0 0
150	35	1 0 1 0 0 0 0 0 0 0
150	1	1 0 1 0 1 0 0 0 0 1
150	5	0 1 0 0 1 0 0 0 0 0
150	3	1 1 0 0 0 0 0 0 0 1
