0	100	0 0 0 0 0 0 0 0 0 0
10	2	0 0 0 0 0 0 0 0 0 1
10	2	1 0 0 0 0 0 0 0 0 0
10	1	0 0 0 0 0 0 0 1 0 0
10	1	0 0 0 1 0 0 1 0 0 0
10	1	0 0 0 1 0 0 0 0 0 0
10	2	0 0 0 0 1 0 0 0 0 0
10	91	0 0 0 0 0 0 0 0 0 0
20	1	0 0 0 0 0 0 1 0 0 0
20	1	0 0 0 0 0 0 0 0 0 1
20	95	0 0 0 0 0 0 0 0 0 0
20	1	0 0 0 0 1 0 0 0 0 0
20	2	0 0 0 0 0 1 0 0 0 0
30	1	1 0 0 0 0 0 1 0 0 0
30	1	0 0 0 0 0 0 1 0 0 0
30	3	1 0 0 0 0 0 0 0 0 0
30	5	0 0 0 1 0 0 0 0 0 0
30	1	0 0 0 0 1 0 0 0 0 0
30	1	0 0 0 0 0 0 0 0 0 1
30	88	0 0 0 0 0 0 0 0 0 0
40	1	0 0 0 0 0 0 1 0 0 0
40	8	1 0 0 0 0 0 0 0 0 0
40	2	0 0 0 1 0 0 0 0 0 0
40	2	0 0 1 0 0 0 0 0 0 0
40	1	0 0 0 0 0 0 0 0 1 0
40	86	0 0 0 0 0 0 0 0 0 0
50	2	1 0 0 0 0 0 0 0 0 0
50	83	0 0 0 0 0 0 0 0 0 0
50	6	0 0 0 1 0 0 0 0 0 0
50	1	0 0 0 0 1 1 0 0 0 0
50	2	0 0 1 0 0 1 0 0 0 0
50	1	1 0 1 0 0 0 0 0 0 0
50	3	0 0 1 0 0 0 0 0 0 0
50	1	0 0 0 0 0 0 0 0 1 0
50	1	0 0 0 0 0 1 0 0 0 0
60	2	0 0 0 0 0 0 1 0 0 0
60	7	1 0 0 0 0 0 0 0 0 0
60	1	0 1 0 0 0 0 0 0 0 0
60	1	0 0 0 0 0 0 0 1 0 0
60	3	0 0 0 0 0 1 0 0 0 0
60	6	0 0 0 1 0 0 0 0 0 0
60	5	0 0 1 0 0 0 0 0 0 0
60	1	0 0 0 0 1 0 0 0 0 0
60	72	0 0 0 0 0 0 0 0 0 0
60	1	0 0 0 0 1 1 0 0 0 0
60	1	0 0 1 0 0 1 0 0 0 0
70	1	1 1 0 0 0 0 0 0 0 0
70	2	0 0 1 0 0 0 0 0 0 0
70	1	0 0 0 0 1 1 0 0 0 0
70	7	0 0 0 0 1 0 0 0 0 0
70	3	0 0 0 0 0 0 0 0 0 1
70	1	0 1 0 0 0 0 0 0 0 0
70	1	0 0 0 0 0 0 0 1 0 0
70	8	0 0 0 1 0 0 0 0 0 0
70	9	1 0 0 0 0 0 0 0 0 0
70	64	0 0 0 0 0 0 0 0 0 0
70	2	0 1 0 0 0 1 0 0 0 0
70	1	0 0 0 0 0 1 0 0 0 0
80	2	0 0 0 0 0 0 1 0 0 0
80	3	0 1 0 0 0 0 0 0 0 0
80	3	1 1 0 0 0 0 0 0 0 0
80	1	0 0 1 0 0 0 0 0 0 0
80	3	0 0 0 0 1 1 0 0 0 0
80	2	0 0 0 0 0 0 0 0 0 1
80	9	0 0 0 1 0 0 0 0 0 0
80	3	0 0 0 0 0 1 0 0 0 0
80	65	0 0 0 0 0 0 0 0 0 0
80	5	1 0 0 0 0 0 0 0 0 0
80	1	1 0 1 0 1 0 0 0 0 0
80	3	1 0 1 0 0 0 0 0 0 0
90	1	0 0 0 0 0 0 1 0 0 0
90	1	0 0 0 0 0 1 0 0 0 0
90	1	1 1 0 0 0 0 0 0 0 0
90	10	1 0 0 0 0 0 0 0 0 0
90	2	0 1 0 0 0 0 0 0 0 0
90	1	0 0 0 0 0 0 0 0 0 1
90	4	0 0 0 0 1 0 0 0 0 0
90	2	0 0 0 0 0 0 0 1 0 0
90	63	0 0 0 0 0 0 0 0 0 0
90	9	0 0 0 1 0 0 0 0 0 0
90	6	1 0 1 0 0 0 0 0 0 0
100	1	0 0 0 0 0 0 1 0 0 0
100	10	1 0 0 0 0 0 0 0 0 0
100	2	0 0 1 0 0 0 0 0 0 0
100	53	0 0 0 0 0 0 0 0 0 0
100	4	0 1 0 0 0 0 0 0 0 0
100	4	0 0 0 0 0 0 0 0 0 1
100	1	0 0 0 0 1 0 0 0 0 0
100	19	0 0 0 1 0 0 0 0 0 0
100	1	1 0 1 0 0 0 1 0 0 0
100	5	1 0 1 0 0 0 0 0 0 0
110	1	0 0 0 0 0 0 1 0 0 0
110	17	1 0 1 0 0 0 0 0 0 0
110	12	1 0 0 0 0 0 0 0 0 0
110	2	0 0 0 0 0 0 0 1 0 0
110	2	0 0 1 0 0 0 0 0 0 0
110	1	0 0 0 0 1 0 0 0 0 0
110	13	0 0 0 1 0 0 0 0 0 0
110	5	0 1 0 0 0 0 0 0 0 0
110	46	0 0 0 0 0 0 0 0 0 0
110	1	1 0 1 1 0 0 0 0 0 0
120	5	0 1 0 0 0 0 0 0 0 0
120	1	0 0 0 0 0 0 0 1 0 0
120	9	0 0 0 1 0 0 0 0 0 0
120	1	0 0 1 0 0 0 0 0 0 0
120	26	0 0 0 0 0 0 0 0 0 0
120	1	0 0 0 0 0 0 1 0 0 0
120	3	1 0 1 0 1 0 0 0 0 0
120	2	1 0 1 1 0 1 0 0 0 0
120	1	1 0 1 1 0 0 0 0 0 0
120	32	1 0 1 0 0 0 0 0 0 0
120	2	0 0 1 0 1 0 0 0 0 0
120	1	0 0 0 1 0 0 0 0 1 0
120	2	1 0 0 0 0 0 1 0 0 0
120	14	1 0 0 0 0 0 0 0 0 0
130	1	0 0 0 1 0 0 1 0 0 0
130	10	0 0 0 1 0 0 0 0 0 0
130	1	0 0 0 0 0 0 0 0 1 0
130	1	0 0 0 0 1 0 0 0 0 0
130	3	0 0 1 0 0 0 0 0 0 0
130	23	0 0 0 0 0 0 0 0 0 0
130	12	1 0 0 0 0 0 0 0 0 0
130	1	0 0 0 0 0 1 0 0 0 0
130	3	0 1 0 0 0 0 0 0 0 0
130	2	1 1 0 0 0 0 0 0 0 0
130	32	1 0 1 0 0 0 0 0 0 0
130	2	1 0 1 1 0 0 0 0 0 0
130	1	1 0 1 0 0 0 0 1 0 0
130	4	0 0 1 0 1 0 0 0 0 0
130	1	1 0 0 0 0 0 1 0 0 0
130	1	0 0 1 1 0 0 0 1 0 0
130	2	1 0 1 1 0 0 0 1 0 0
140	3	0 0 0 1 0 0 0 0 0 0
140	2	0 0 0 0 0 0 0 0 1 0
140	1	0 0 0 0 0 0 0 1 0 0
140	32	1 0 1 0 0 0 0 0 0 0
140	6	1 1 0 0 0 0 0 0 0 0
140	18	1 0 0 0 0 0 0 0 0 0
140	22	0 0 0 0 0 0 0 0 0 0
140	1	0 0 0 0 0 1 0 0 0 0
140	3	0 1 0 0 0 0 0 0 0 0
140	9	1 0 1 1 0 0 0 0 0 0
140	3	0 0 1 0 1 0 0 0 0 0
150	1	0 0 0 1 0 0 0 1 0 0
150	13	0 0 0 0 0 0 0 0 0 0
150	3	0 0 0 1 0 0 0 0 0 0
150	1	1 0 1 0 0 1 0 0 0 0
150	12	1 0 1 1 0 0 0 0 0 0
150	1	1 0 1 0 0 0 1 0 0 0
150	44	1 0 1 0 0 0 0 0 0 0
150	1	0 0 0 0 0 0 0 1 0 0
150	1	1 0 1 0 0 0 0 0 1 0
150	13	1 0 0 0 0 0 0 0 0 0
150	4	1 1 0 0 0 0 0 0 0 0
150	1	0 0 0 0 0 0 1 0 0 0
150	1	0 0 1 0 0 1 0 0 0 0
150	1	0 0 1 0 1 0 0 0 0 0
150	1	0 0 1 1 0 0 0 1 0 0
150	2	1 0 1 1 0 0 0 1 0 0
