0	100	0 0 0 0 0 0 0 0 0 0
10	1	0 0 1 0 0 0 0 0 0 0
10	2	0 0 0 0 0 0 0 0 1 0
10	1	0 0 0 0 1 0 0 0 0 0
10	1	0 0 0 0 0 0 1 0 0 0
10	95	0 0 0 0 0 0 0 0 0 0
20	1	0 0 0 0 0 0 0 1 0 0
20	1	1 0 0 0 0 0 0 0 0 0
20	1	0 0 1 0 0 0 0 0 0 0
20	1	0 0 0 1 0 0 0 0 0 0
20	2	0 0 0 0 0 1 0 0 0 0
20	1	0 0 0 0 1 0 0 0 0 0
20	93	0 0 0 0 0 0 0 0 0 0
30	1	0 0 0 0 0 1 0 1 0 0
30	1	1 0 0 0 0 0 0 0 0 0
30	7	0 0 1 0 0 0 0 0 0 0
30	2	0 0 0 1 0 0 0 0 0 0
30	3	0 0 0 0 0 1 0 0 0 0
30	86	0 0 0 0 0 0 0 0 0 0
40	2	0 0 0 1 0 0 0 0 0 0
40	9	0 0 0 0 0 1 0 0 0 0
40	1	0 1 0 0 0 0 0 0 0 0
40	3	0 0 1 0 0 0 0 0 0 0
40	2	0 0 0 0 0 0 1 0 0 0
40	75	0 0 0 0 0 0 0 0 0 0
40	4	1 0 0 0 0 0 0 0 0 0
40	4	0 0 0 0 0 1 0 0 1 0
50	2	0 0 0 0 0 0 0 1 0 0
50	2	0 0 0 1 0 0 0 0 0 0
50	3	0 0 0 0 0 1 0 0 0 0
50	1	0 0 0 0 1 0 0 0 0 0
50	4	0 0 1 0 0 0 0 0 0 0
50	1	0 0 0 0 0 1 0 0 1 0
50	3	0 0 0 0 0 0 0 0 1 0
50	1	1 0 0 0 0 0 0 0 0 0
50	1	0 1 0 0 0 0 0 0 0 0
50	82	0 0 0 0 0 0 0 0 0 0
60	3	0 0 0 0 0 0 0 1 0 0
60	1	0 0 0 1 0 1 0 0 0 0
60	10	0 0 0 1 0 0 0 0 0 0
60	3	0 0 0 0 1 0 0 0 0 0
60	2	0 0 0 0 0 0 0 0 1 0
60	63	0 0 0 0 0 0 0 0 0 0
60	6	0 0 0 0 0 1 0 0 0 0
60	11	0 0 1 0 0 0 0 0 0 0
60	1	0 0 0 0 0 0 1 0 0 0
70	1	0 0 0 0 0 0 0 1 0 0
70	1	0 0 0 1 0 1 0 0 0 0
70	1	0 0 0 1 0 0 0 0 1 0
70	1	0 0 0 0 1 0 0 0 0 0
70	1	1 0 0 0 0 0 0 0 0 0
70	2	0 1 0 0 0 0 0 0 0 0
70	70	0 0 0 0 0 0 0 0 0 0
70	7	0 0 0 0 0 1 0 0 0 0
70	1	0 0 1 0 0 0 0 0 0 0
70	3	0 0 0 0 0 0 0 0 1 0
70	7	0 0 0 1 0 0 0 0 0 0
70	2	0 0 0 0 0 0 0 0 0 1
70	2	0 1 0 0 0 1 0 0 0 0
70	1	0 0 0 0 1 1 0 0 1 0
80	2	0 0 0 1 0 1 0 0 0 0
80	3	0 0 0 1 0 0 0 0 1 0
80	2	1 0 0 0 0 0 0 0 0 0
80	3	0 1 0 0 0 0 0 0 0 0
80	13	0 0 0 1 0 0 0 0 0 0
80	5	0 0 0 0 0 1 0 0 0 0
80	4	0 0 1 0 0 0 0 0 0 0
80	6	0 0 0 0 0 0 0 0 1 0
80	1	0 0 0 0 0 0 0 0 0 1
80	61	0 0 0 0 0 0 0 0 0 0
90	3	0 0 0 0 0 0 0 1 0 0
90	6	0 0 0 1 0 0 0 0 1 0
90	1	1 0 0 0 0 0 0 0 0 0
90	4	0 1 0 0 0 0 0 0 0 0
90	17	0 0 0 1 0 0 0 0 0 0
90	2	0 0 0 0 0 1 0 1 0 0
90	2	0 0 0 0 0 0 0 0 1 0
90	55	0 0 0 0 0 0 0 0 0 0
90	8	0 0 0 0 0 1 0 0 0 0
90	2	0 0 1 0 0 0 0 0 0 0
100	1	0 0 0 0 0 0 1 1 0 0
100	1	1 0 0 1 0 0 0 0 1 0
100	1	0 0 0 1 0 0 0 0 0 1
100	2	0 0 0 1 0 0 0 0 1 0
100	14	0 0 0 1 0 0 0 0 0 0
100	1	1 0 0 0 0 0 0 0 0 0
100	9	0 1 0 0 0 0 0 0 0 0
100	2	1 0 0 1 0 0 0 0 0 0
100	1	0 0 0 0 0 1 0 1 0 0
100	3	0 0 0 0 0 0 0 0 1 0
100	7	0 0 1 0 0 0 0 0 0 0
100	1	0 0 0 0 0 1 0 0 0 0
100	57	0 0 0 0 0 0 0 0 0 0
110	3	0 1 0 0 0 0 0 0 0 0
110	1	0 0 0 0 0 0 0 1 0 0
110	2	0 0 0 0 1 0 0 0 0 0
110	1	0 0 0 0 0 0 0 0 1 0
110	54	0 0 0 0 0 0 0 0 0 0
110	7	0 0 1 0 0 0 0 0 0 0
110	5	0 0 0 0 0 1 0 0 0 0
110	20	0 0 0 1 0 0 0 0 0 0
110	1	1 0 0 1 0 0 0 0 1 0
110	4	0 0 0 1 0 0 0 0 1 0
110	1	0 1 0 0 0 0 0 0 1 0
110	1	1 0 0 1 0 0 0 0 0 0
120	3	0 1 0 0 0 0 0 0 1 0
120	9	0 1 0 0 0 0 0 0 0 0
120	1	0 0 0 1 0 0 0 0 1 0
120	2	0 0 0 0 0 0 0 0 1 0
120	2	0 0 0 1 1 0 0 0 0 0
120	1	0 0 0 1 0 0 1 0 0 0
120	1	0 0 0 1 0 1 0 0 0 0
120	18	0 0 0 1 0 0 0 0 0 0
120	7	0 0 1 0 0 0 0 0 0 0
120	1	1 0 0 0 0 0 0 0 0 0
120	53	0 0 0 0 0 0 0 0 0 0
120	2	0 0 0 1 0 1 0 0 1 0
130	11	0 1 0 0 0 0 0 0 0 0
130	5	0 0 0 1 0 0 0 0 1 0
130	3	0 0 0 0 0 0 0 0 1 0
130	1	0 0 0 0 0 1 0 0 0 0
130	1	1 0 0 0 0 0 0 0 0 0
130	1	0 0 0 0 0 0 1 0 0 0
130	2	0 0 0 0 0 0 0 1 0 0
130	43	0 0 0 0 0 0 0 0 0 0
130	1	0 0 1 1 0 0 0 0 0 0
130	24	0 0 0 1 0 0 0 0 0 0
130	8	0 0 1 0 0 0 0 0 0 0
140	7	0 1 0 0 0 0 0 0 0 0
140	5	0 0 0 0 0 1 0 0 0 0
140	1	0 0 0 1 1 0 0 0 0 0
140	3	0 1 0 1 0 0 0 0 0 0
140	3	1 0 0 0 0 0 0 0 0 0
140	30	0 0 0 1 0 0 0 0 0 0
140	11	0 0 1 0 0 0 0 0 0 0
140	37	0 0 0 0 0 0 0 0 0 0
140	3	0 0 0 1 0 0 1 0 0 0
150	12	0 1 0 0 0 0 0 0 0 0
150	1	0 0 0 1 0 0 0 0 0 1
150	36	0 0 0 0 0 0 0 0 0 0
150	31	0 0 0 1 0 0 0 0 0 0
150	12	0 0 1 0 0 0 0 0 0 0
150	1	0 0 0 0 1 0 0 0 0 0
150	1	0 0 0 0 0 0 0 0 1 0
150	2	0 0 0 0 0 1 0 0 0 0
150	3	1 0 0 0 0 0 0 0 0 0
150	1	0 0 1 1 1 0 0 0 0 0
