0	100	0 0 0 0 0 0 0 0 0 0
10	2	0 1 0 0 0 0 0 0 0 0
10	1	0 0 0 0 0 1 0 0 0 0
10	1	1 0 0 0 0 0 0 0 0 0
10	2	0 0 0 0 0 0 0 1 0 0
10	1	0 0 1 0 0 0 0 0 0 0
10	1	0 0 0 0 0 0 1 0 0 0
10	92	0 0 0 0 0 0 0 0 0 0
20	1	0 1 0 0 0 0 0 0 0 0
20	2	0 0 0 0 0 1 0 0 0 0
20	4	0 0 1 0 0 0 0 0 0 0
20	2	0 0 0 0 0 0 0 0 0 1
20	86	0 0 0 0 0 0 0 0 0 0
20	2	0 0 0 0 1 0 0 0 0 0
20	1	0 0 0 0 0 0 0 0 1 0
20	1	0 0 0 1 0 0 0 0 0 1
20	1	0 0 0 0 0 0 0 1 0 0
30	1	0 1 0 0 0 0 0 0 0 0
30	2	0 0 1 0 0 0 0 0 0 0
30	1	0 0 0 0 0 0 0 0 0 1
30	96	0 0 0 0 0 0 0 0 0 0
40	7	0 1 0 0 0 0 0 0 0 0
40	1	0 0 0 0 0 1 0 0 0 0
40	6	0 0 0 1 0 0 0 0 0 0
40	1	0 0 0 0 0 0 0 0 0 1
40	6	1 0 0 0 0 0 0 0 0 0
40	1	0 0 0 0 0 0 0 1 0 0
40	2	0 0 0 0 0 0 0 0 1 0
40	76	0 0 0 0 0 0 0 0 0 0
50	6	0 1 0 0 0 0 0 0 0 0
50	3	0 0 0 0 0 1 0 0 0 0
50	1	0 0 1 0 0 0 0 0 1 0
50	2	0 1 0 1 0 0 0 0 0 0
50	1	0 0 0 1 0 0 0 0 0 0
50	4	1 0 0 0 0 0 0 0 0 0
50	1	0 0 0 0 0 0 0 1 0 0
50	6	0 0 0 0 0 0 0 0 1 0
50	76	0 0 0 0 0 0 0 0 0 0
60	3	0 1 0 0 0 0 0 0 0 0
60	4	0 1 0 1 0 0 0 0 0 0
60	1	0 0 0 1 0 0 0 0 1 0
60	8	0 0 0 1 0 0 0 0 0 0
60	2	0 0 0 1 0 0 0 1 0 0
60	2	0 0 0 0 0 0 0 0 0 1
60	1	0 0 0 0 0 0 1 0 0 0
60	8	1 0 0 0 0 0 0 0 0 0
60	1	0 0 1 0 0 0 0 0 0 0
60	3	0 0 0 0 0 0 0 1 0 0
60	1	0 0 0 0 1 0 0 0 0 0
60	1	0 0 0 0 0 0 0 0 1 0
60	64	0 0 0 0 0 0 0 0 0 0
60	1	1 0 1 0 0 0 0 0 0 0
70	1	0 1 0 0 0 0 0 1 0 0
70	1	0 1 1 0 0 0 0 0 0 0
70	11	0 1 0 1 0 0 0 0 0 0
70	9	0 0 0 1 0 0 0 0 0 0
70	2	0 1 0 0 1 0 0 0 0 0
70	2	0 1 0 0 0 0 0 0 0 0
70	1	0 1 0 1 0 0 0 1 0 0
70	3	0 0 0 1 0 0 0 1 0 0
70	2	0 0 0 0 0 0 0 0 0 1
70	13	1 0 0 0 0 0 0 0 0 0
70	3	0 0 0 0 0 0 0 1 0 0
70	45	0 0 0 0 0 0 0 0 0 0
70	5	1 0 1 0 0 0 0 0 0 0
70	2	0 0 0 1 1 0 0 0 0 0
80	3	0 1 1 0 0 0 0 0 0 0
80	2	0 1 0 1 0 0 0 1 0 0
80	16	0 1 0 1 0 0 0 0 0 0
80	8	0 0 0 1 0 0 0 0 0 0
80	2	0 0 0 0 0 0 0 0 1 0
80	1	0 0 0 0 1 0 0 0 0 0
80	1	0 0 0 0 0 1 0 0 0 0
80	1	0 0 1 0 0 0 0 0 0 0
80	46	0 0 0 0 0 0 0 0 0 0
80	1	0 1 0 0 1 0 0 0 0 0
80	4	0 1 0 0 0 0 0 0 0 0
80	1	0 0 0 1 0 1 0 1 0 0
80	1	0 0 0 1 0 0 0 1 0 0
80	4	0 0 0 0 0 0 0 0 0 1
80	8	1 0 0 0 0 0 0 0 0 0
80	1	0 0 0 0 0 0 0 1 0 0
90	2	0 1 1 0 0 0 0 0 0 1
90	13	0 1 1 0 0 0 0 0 0 0
90	1	0 1 0 1 0 0 0 1 0 0
90	21	0 1 0 1 0 0 0 0 0 0
90	1	0 0 1 1 0 0 0 0 0 0
90	1	0 0 0 1 0 0 1 0 0 0
90	9	0 0 0 1 0 0 0 0 0 0
90	1	0 0 0 0 0 0 0 1 0 0
90	3	0 1 0 0 0 0 0 0 0 0
90	5	1 0 0 0 0 0 0 0 0 0
90	43	0 0 0 0 0 0 0 0 0 0
100	20	0 1 1 0 0 0 0 0 0 0
100	22	0 1 0 1 0 0 0 0 0 0
100	1	0 1 0 1 0 1 0 1 0 0
100	4	0 1 0 1 0 0 0 1 0 0
100	6	1 0 0 0 0 0 0 0 0 0
100	38	0 0 0 0 0 0 0 0 0 0
100	7	0 0 0 1 0 0 0 0 0 0
100	2	0 0 1 1 0 0 0 0 0 0
110	8	1 1 1 0 0 0 0 0 0 0
110	2	0 1 0 0 0 0 0 0 0 0
110	15	0 1 1 0 0 0 0 0 0 0
110	1	1 1 0 1 0 0 0 0 0 0
110	1	0 1 0 1 0 0 0 0 0 1
110	23	0 1 0 1 0 0 0 0 0 0
110	1	1 0 0 1 0 0 0 0 0 0
110	6	0 0 0 1 0 0 0 0 0 0
110	6	0 1 0 1 0 0 0 1 0 0
110	2	0 1 0 1 0 1 0 1 0 0
110	10	1 0 0 0 0 0 0 0 0 0
110	1	0 0 0 0 0 0 0 0 1 0
110	2	0 0 0 0 1 0 0 0 0 0
110	17	0 0 0 0 0 0 0 0 0 0
110	5	0 0 1 1 0 0 0 0 0 0
120	3	0 1 1 0 1 0 0 0 0 0
120	24	0 1 1 0 0 0 0 0 0 0
120	4	1 1 1 0 0 0 0 0 0 0
120	5	0 1 1 0 0 1 0 0 0 0
120	1	0 1 1 0 0 0 0 0 0 1
120	1	0 1 0 0 0 0 0 0 0 0
120	3	0 0 1 0 0 0 0 0 0 0
120	2	1 0 0 1 0 0 0 0 0 0
120	1	0 0 1 1 0 0 0 0 0 0
120	15	0 0 0 0 0 0 0 0 0 0
120	7	0 0 0 1 0 0 0 0 0 0
120	25	0 1 0 1 0 0 0 0 0 0
120	3	0 1 0 1 0 0 0 1 0 0
120	6	1 0 0 0 0 0 0 0 0 0
130	4	0 1 1 0 1 0 0 0 0 0
130	3	0 1 1 1 0 0 0 0 0 0
130	1	0 0 1 0 0 0 0 0 0 0
130	5	1 1 1 0 0 0 0 0 0 0
130	19	0 1 1 0 0 0 0 0 0 0
130	1	1 1 1 0 1 0 0 0 0 0
130	2	0 1 1 0 0 1 0 0 0 0
130	1	0 1 0 1 0 0 0 0 0 1
130	1	0 0 1 1 1 0 0 0 0 0
130	2	0 0 1 1 0 0 0 0 0 0
130	7	0 0 0 0 0 0 0 0 0 0
130	10	0 0 0 1 0 0 0 0 0 0
130	25	0 1 0 1 0 0 0 0 0 0
130	1	1 1 0 1 0 0 0 1 0 0
130	4	0 1 0 1 0 0 0 1 0 0
130	14	1 0 0 0 0 0 0 0 0 0
140	1	0 1 1 0 1 0 0 0 0 0
140	2	0 1 1 1 0 0 0 0 0 0
140	2	0 0 1 0 0 0 0 0 0 0
140	9	1 1 1 0 0 0 0 0 0 0
140	2	0 1 1 0 0 0 0 0 0 1
140	26	0 1 1 0 0 0 0 0 0 0
140	4	0 0 0 0 0 0 0 0 0 0
140	1	0 1 1 0 0 1 0 0 0 0
140	1	0 0 1 1 0 0 0 0 0 0
140	22	0 1 0 1 0 0 0 0 0 0
140	18	0 0 0 1 0 0 0 0 0 0
140	2	1 1 0 1 0 0 0 1 0 0
140	10	1 0 0 0 0 0 0 0 0 0
150	4	1 1 1 0 1 0 0 0 0 0
150	4	0 1 1 0 1 0 0 0 0 0
150	5	0 0 1 1 0 0 0 0 0 0
150	2	0 1 1 1 0 0 0 0 0 0
150	8	0 0 0 0 0 0 0 0 0 0
150	4	0 0 1 0 0 0 0 0 0 0
150	22	0 1 1 0 0 0 0 0 0 0
150	12	1 1 1 0 0 0 0 0 0 0
150	9	0 1 1 0 0 1 0 0 0 0
150	4	0 1 0 1 1 0 0 0 0 0
150	10	0 0 0 1 0 0 0 0 0 0
150	10	0 1 0 1 0 0 0 0 0 0
150	1	1 1 0 1 0 0 0 1 0 0
150	4	1 0 0 0 0 0 0 0 0 0
150	1	1 0 0 0 0 0 0 0 1 0
