10	3	1 0 0 0 1 1 0 1 0 0 0 1 1 0 0 0 1 1 1 0 1 0 1 0 1 1 0 1 1 0 0 1 1 0 1 0 0 0 1 0 1 1 0 1 0 0 0 1 0 0
10	1	1 0 0 0 1 1 0 1 0 0 0 1 1 0 0 0 1 1 1 0 1 0 1 0 1 1 0 0 1 0 0 1 0 0 1 0 0 0 1 0 1 1 0 1 0 0 0 1 0 0
10	11	1 0 0 0 1 1 0 1 0 0 0 1 1 0 0 0 1 1 1 0 1 0 1 0 1 1 0 0 1 0 0 1 1 0 1 0 0 0 1 0 1 1 0 1 0 0 0 1 0 0
10	1	1 1 1 0 0 1 0 1 1 0 0 0 0 0 1 1 0 0 1 0 1 0 0 1 1 0 0 0 0 1 0 1 0 0 1 0 1 0 0 0 0 0 0 1 1 1 0 0 1 0
10	16	1 1 1 0 0 1 0 1 1 0 0 0 0 0 1 1 0 0 1 0 1 0 0 1 1 0 0 0 0 1 0 1 0 0 1 0 1 0 0 0 0 0 0 1 1 1 1 0 1 0
10	19	0 1 0 0 1 0 1 1 1 0 0 1 1 1 0 0 0 1 1 1 1 1 0 1 0 0 0 0 1 1 1 1 1 0 0 1 0 1 1 1 1 0 0 0 1 1 0 0 1 1
10	1	0 1 0 1 0 0 1 1 0 0 0 1 1 0 0 0 1 1 1 0 0 1 0 1 1 1 1 0 1 1 1 1 1 0 0 0 0 0 1 1 0 0 0 0 0 0 1 1 1 0
10	1	0 1 0 1 0 0 1 1 0 0 0 1 1 0 0 0 1 1 1 0 0 1 0 0 1 1 1 0 1 1 1 1 1 0 0 0 0 0 1 0 0 0 0 0 1 0 1 1 1 0
10	3	0 1 0 1 0 0 1 1 0 0 0 1 1 0 0 0 1 1 1 0 0 1 0 1 1 1 1 0 1 1 1 1 1 0 0 1 0 0 1 0 0 0 0 0 1 0 1 1 1 0
10	18	0 1 0 1 0 0 1 1 0 0 0 1 1 0 0 0 1 1 1 0 0 1 0 1 1 1 1 0 1 1 1 1 1 0 0 0 0 0 1 0 0 0 0 0 1 0 1 1 1 0
10	1	0 1 1 0 0 1 0 1 1 0 0 0 1 1 1 0 0 1 0 0 1 0 1 1 1 1 0 1 0 1 0 1 1 0 0 1 0 1 0 1 1 0 1 1 1 0 0 0 0 1
10	1	0 1 1 0 0 1 0 1 1 0 0 0 1 1 1 0 0 1 0 1 1 0 1 1 1 1 0 1 0 1 0 1 1 0 0 1 0 1 0 1 0 0 1 1 1 0 0 0 0 1
10	1	0 1 1 0 0 1 1 1 1 0 0 0 1 1 1 0 0 1 0 1 1 0 1 1 1 1 0 1 0 1 0 1 1 0 0 1 0 1 0 1 1 0 1 1 1 0 0 0 0 1
10	23	0 1 1 0 0 1 0 1 1 0 0 0 1 1 1 0 0 1 0 1 1 0 1 1 1 1 0 1 0 1 0 1 1 0 0 1 0 1 0 1 1 0 1 1 1 0 0 0 0 1
20	2	1 0 0 0 1 1 0 1 0 0 0 1 1 0 0 0 1 1 1 0 1 0 1 0 1 1 0 1 1 0 0 1 1 0 1 0 0 0 1 0 1 1 0 1 0 0 0 1 0 0
20	2	1 0 0 0 1 1 0 1 0 0 0 1 1 0 0 0 1 1 1 0 1 0 1 0 1 1 0 0 0 0 0 1 1 0 1 0 0 0 1 0 1 1 0 1 0 0 0 1 0 0
20	1	1 0 0 0 1 1 0 1 0 0 0 1 1 0 0 0 1 1 1 0 1 0 1 0 1 1 0 0 1 0 0 1 0 0 1 0 0 0 1 0 1 1 0 1 0 0 0 1 0 0
20	12	1 0 0 0 1 1 0 1 0 0 0 1 1 0 0 0 1 1 1 0 1 0 1 0 1 1 0 0 1 0 0 1 1 0 1 0 0 0 1 0 1 1 0 1 0 0 0 1 0 0
20	3	1 1 1 0 0 1 0 1 1 0 0 0 0 1 1 1 0 0 1 0 1 0 0 1 1 0 0 0 0 1 0 1 0 0 1 0 1 0 0 0 0 0 0 1 1 1 1 0 1 0
20	2	1 1 1 0 0 1 0 1 1 0 0 0 0 0 1 1 0 0 1 0 1 0 0 1 1 0 0 0 1 0 0 1 0 0 1 0 1 0 0 0 0 0 0 1 1 1 1 0 1 0
20	16	1 1 1 0 0 1 0 1 1 0 0 0 0 0 1 1 0 0 1 0 1 0 0 1 1 0 0 0 0 1 0 1 0 0 1 0 1 0 0 0 0 0 0 1 1 1 1 0 1 0
20	14	0 1 0 0 1 0 1 1 1 0 0 1 1 1 0 0 0 1 1 1 1 1 0 1 0 0 0 0 1 1 1 1 1 0 0 1 0 1 1 1 1 0 0 0 1 1 0 0 1 1
20	6	0 1 0 1 0 0 1 1 0 0 0 1 1 0 0 0 1 1 1 0 0 1 0 1 1 1 1 0 1 1 1 1 1 0 0 0 0 0 1 1 0 0 0 0 0 0 1 1 1 0
20	1	0 1 0 1 0 0 1 1 1 0 0 1 1 0 0 0 1 1 1 0 0 1 0 1 1 1 1 0 1 1 1 1 1 0 0 0 0 0 1 0 0 0 0 0 1 0 1 1 1 0
20	2	0 1 0 1 0 0 1 1 0 0 0 1 1 0 0 0 1 1 1 0 0 1 0 0 1 1 1 0 1 1 1 1 1 0 0 0 0 0 1 0 0 0 0 0 1 0 1 1 1 0
20	18	0 1 0 1 0 0 1 1 0 0 0 1 1 0 0 0 1 1 1 0 0 1 0 1 1 1 1 0 1 1 1 1 1 0 0 0 0 0 1 0 0 0 0 0 1 0 1 1 1 0
20	2	0 1 1 0 0 1 0 1 1 0 0 0 1 1 1 0 0 1 0 1 1 0 1 1 1 1 0 1 0 1 0 1 1 0 0 1 0 1 0 1 0 0 1 1 1 0 0 0 0 1
20	19	0 1 1 0 0 1 0 1 1 0 0 0 1 1 1 0 0 1 0 1 1 0 1 1 1 1 0 1 0 1 0 1 1 0 0 1 0 1 0 1 1 0 1 1 1 0 0 0 0 1
30	4	1 0 0 0 1 1 0 1 0 0 0 1 1 0 0 0 1 1 1 0 1 0 1 0 1 1 0 0 1 0 0 1 1 0 1 0 0 0 1 0 1 1 0 1 0 0 0 1 0 0
30	2	1 1 1 0 0 1 0 1 1 0 0 0 0 1 1 1 0 0 1 0 1 0 0 1 1 0 0 0 0 1 0 1 0 0 1 0 1 0 0 0 0 0 0 1 1 1 1 0 1 0
30	3	1 1 1 0 0 1 0 1 1 0 0 0 0 0 1 1 0 0 1 0 1 0 0 1 1 0 0 0 0 1 0 1 0 0 0 0 1 0 0 0 0 0 0 1 1 1 0 0 1 0
30	1	1 1 1 0 0 1 0 1 1 0 0 0 0 0 1 1 0 0 1 0 1 0 0 1 1 0 0 0 0 1 0 1 0 0 1 0 1 0 0 0 0 0 0 1 1 1 0 0 1 0
30	2	1 1 1 0 0 1 0 1 1 0 0 0 1 0 1 1 0 0 1 0 1 0 0 1 1 0 0 0 0 1 0 1 0 0 1 0 1 0 0 0 0 0 0 1 1 1 1 0 1 0
30	1	1 1 1 0 0 1 0 1 1 0 0 0 0 0 1 1 0 0 1 0 1 0 0 1 1 0 1 0 1 0 0 1 0 0 1 0 1 0 0 0 0 0 0 1 1 1 1 0 1 0
30	2	1 1 1 0 0 1 0 1 1 0 0 0 0 0 1 1 0 0 1 0 1 0 0 1 1 0 0 0 1 0 0 1 0 0 1 0 1 0 0 0 0 0 0 1 1 1 1 0 1 0
30	3	1 1 1 0 0 1 0 1 1 0 0 0 0 0 1 1 0 0 1 0 1 0 0 1 1 0 0 0 0 1 0 1 0 0 1 0 0 0 0 0 0 0 0 1 1 1 1 0 1 0
30	18	1 1 1 0 0 1 0 1 1 0 0 0 0 0 1 1 0 0 1 0 1 0 0 1 1 0 0 0 0 1 0 1 0 0 1 0 1 0 0 0 0 0 0 1 1 1 1 0 1 0
30	1	0 1 0 0 1 0 1 1 1 0 0 1 1 1 0 0 0 1 1 1 1 1 0 0 0 0 0 0 1 1 1 1 1 0 0 1 0 1 1 1 1 0 0 0 1 1 0 0 1 1
30	15	0 1 0 0 1 0 1 1 1 0 0 1 1 1 0 0 0 1 1 1 1 1 0 1 0 0 0 0 1 1 1 1 1 0 0 1 0 1 1 1 1 0 0 0 1 1 0 0 1 1
30	5	0 1 0 1 0 0 1 1 0 0 0 1 1 0 0 0 1 1 1 0 0 1 0 1 1 1 1 0 1 1 1 1 1 0 0 0 0 0 1 1 0 0 0 0 0 0 1 1 1 0
30	1	0 1 0 1 0 0 1 1 0 0 0 1 1 0 0 0 1 1 1 0 0 1 0 1 1 1 1 0 1 1 1 1 1 0 0 1 0 0 1 0 0 0 0 0 1 0 1 1 1 0
30	1	0 1 0 1 0 0 1 1 0 0 0 1 1 0 0 0 1 1 1 0 0 1 0 1 1 1 1 0 1 1 1 1 1 0 0 0 0 1 1 0 0 0 0 0 1 0 1 1 0 0
30	2	0 1 0 1 0 0 1 1 0 0 0 1 1 0 0 0 1 1 1 0 0 1 0 0 1 1 1 0 1 1 1 1 1 0 0 0 0 0 1 0 0 0 0 0 1 0 1 1 1 0
30	19	0 1 0 1 0 0 1 1 0 0 0 1 1 0 0 0 1 1 1 0 0 1 0 1 1 1 1 0 1 1 1 1 1 0 0 0 0 0 1 0 0 0 0 0 1 0 1 1 1 0
30	8	0 1 1 0 0 1 0 1 1 0 0 0 1 1 1 0 0 1 0 1 1 0 1 1 1 1 0 1 0 1 0 1 1 0 0 1 0 1 0 1 0 0 1 1 1 0 0 0 0 1
30	2	0 1 1 0 0 1 0 1 1 0 0 0 1 1 1 0 0 1 0 1 1 0 1 1 1 1 0 1 0 1 0 0 1 0 0 1 0 1 0 1 1 0 1 1 1 0 0 0 0 1
30	10	0 1 1 0 0 1 0 1 1 0 0 0 1 1 1 0 0 1 0 1 1 0 1 1 1 1 0 1 0 1 0 1 1 0 0 1 0 1 0 1 1 0 1 1 1 0 0 0 0 1
40	3	1 0 0 0 1 1 0 1 0 0 0 1 1 0 0 0 1 1 1 0 1 0 1 0 1 1 0 0 1 0 0 1 1 0 1 0 0 0 1 0 1 1 0 1 0 0 0 1 0 0
40	1	1 1 1 0 0 1 0 1 1 0 0 0 0 1 1 1 0 0 1 0 1 0 0 1 1 0 0 0 0 1 0 1 0 0 1 0 1 0 0 0 0 0 0 1 1 0 1 0 1 0
40	7	1 1 1 0 0 1 0 1 1 0 0 0 0 1 1 1 0 0 1 0 1 0 0 1 1 0 0 0 0 1 0 1 0 0 1 0 1 0 0 0 0 0 0 1 1 1 1 0 1 0
40	5	1 1 1 0 0 1 0 1 1 0 0 0 0 0 1 1 0 0 1 0 1 0 0 1 1 0 0 0 0 1 0 1 0 0 0 0 1 0 0 0 0 0 0 1 1 1 0 0 1 0
40	2	1 1 1 0 0 1 0 1 1 0 0 0 0 0 1 1 0 0 1 0 1 0 0 1 1 0 0 0 0 1 0 1 0 0 1 0 1 0 0 0 0 0 0 1 1 1 0 0 1 0
40	5	1 1 1 0 0 1 0 1 1 0 0 0 1 0 1 1 0 0 1 0 1 0 0 1 1 0 0 0 0 1 0 1 0 0 1 0 1 0 0 0 0 0 0 1 1 1 1 0 1 0
40	1	1 1 1 0 0 1 0 1 1 0 0 0 0 0 1 1 0 0 1 0 1 0 0 1 1 0 0 0 1 1 0 1 0 0 1 0 1 0 0 0 0 0 0 1 1 1 1 0 1 0
40	1	1 1 1 0 0 1 0 1 1 0 0 0 0 0 1 1 0 0 1 0 1 0 0 1 1 0 1 0 1 0 0 1 0 0 1 0 1 0 0 0 0 0 0 1 1 1 1 0 1 0
40	2	1 1 1 0 0 1 0 1 1 0 0 0 0 0 1 1 0 0 1 0 1 0 0 1 1 0 0 0 1 0 0 1 0 0 1 0 1 0 0 0 0 0 0 1 1 1 1 0 1 0
40	1	1 1 1 0 0 1 0 1 1 0 0 0 0 0 1 1 0 0 1 0 1 0 0 1 1 0 0 0 0 1 0 1 0 0 1 0 0 1 0 0 0 0 0 1 1 1 1 0 1 0
40	2	1 1 1 0 0 1 0 1 1 0 0 0 0 0 1 1 0 0 1 0 1 0 0 1 1 0 0 0 0 1 0 1 0 0 1 0 0 0 0 0 0 0 0 1 1 1 1 0 1 0
40	1	1 1 1 0 0 1 1 1 1 0 0 0 0 0 1 1 0 0 1 0 1 0 0 1 1 0 0 0 0 1 0 1 0 0 1 0 1 0 0 0 0 0 0 1 1 1 1 0 1 0
40	5	1 1 1 0 1 1 0 1 1 0 0 0 0 0 1 1 0 0 1 0 1 0 0 1 1 0 0 0 0 1 0 1 0 0 1 0 1 0 0 0 0 0 0 1 1 1 1 0 1 0
40	14	1 1 1 0 0 1 0 1 1 0 0 0 0 0 1 1 0 0 1 0 1 0 0 1 1 0 0 0 0 1 0 1 0 0 1 0 1 0 0 0 0 0 0 1 1 1 1 0 1 0
40	1	0 1 0 0 1 0 0 1 1 0 0 1 1 1 0 0 0 1 1 1 1 1 0 1 0 0 0 0 1 1 1 1 1 0 0 1 0 1 1 1 1 0 0 0 1 1 0 0 1 1
40	7	0 1 0 0 1 0 1 1 1 0 0 1 1 1 0 0 0 1 1 1 1 1 0 1 0 0 0 0 1 1 1 1 1 0 0 1 0 1 1 1 1 0 0 0 1 1 0 0 1 1
40	2	0 1 0 1 1 0 1 1 0 0 0 1 1 0 0 0 1 1 1 0 0 1 0 1 1 1 1 0 1 1 1 1 1 0 0 0 0 0 1 1 0 0 0 0 0 0 1 1 1 0
40	4	0 1 0 1 0 0 1 1 0 0 0 1 1 0 0 0 1 1 1 0 0 1 0 1 1 1 1 0 1 1 1 1 1 0 0 0 0 0 1 1 0 0 0 0 0 0 1 1 1 0
40	1	0 1 0 1 0 0 1 1 0 0 0 1 1 0 0 0 1 1 1 0 0 1 0 1 1 1 1 0 1 1 1 1 1 0 0 0 0 0 1 0 0 0 0 0 1 0 1 1 0 0
40	1	0 1 0 1 0 0 1 1 0 0 0 1 1 0 0 0 1 1 0 0 0 1 0 1 1 1 1 0 1 1 1 1 1 0 0 0 0 0 1 0 0 0 0 0 1 0 1 1 0 0
40	3	0 1 0 1 0 0 1 1 0 0 0 1 1 0 0 0 1 1 1 0 0 1 0 1 1 1 1 0 1 1 1 1 1 0 0 0 0 1 1 0 0 0 0 0 1 0 1 1 0 0
40	10	0 1 0 1 0 0 1 1 0 0 0 1 1 0 0 0 1 1 1 0 0 1 0 1 1 1 1 0 1 1 1 1 1 0 0 0 0 0 1 0 0 0 0 0 1 0 1 1 1 0
40	1	0 1 0 0 0 1 0 1 1 0 0 0 1 1 1 0 0 1 0 1 1 0 1 1 1 1 0 1 0 1 0 1 1 0 0 1 0 1 0 1 0 0 1 1 1 0 0 0 0 1
40	12	0 1 1 0 0 1 0 1 1 0 0 0 1 1 1 0 0 1 0 1 1 0 1 1 1 1 0 1 0 1 0 1 1 0 0 1 0 1 0 1 0 0 1 1 1 0 0 0 0 1
40	3	0 1 1 0 0 1 0 1 1 0 0 0 1 1 1 0 0 1 0 1 1 0 0 1 1 1 0 0 0 1 0 1 1 0 0 1 0 1 0 1 1 0 1 1 1 0 0 0 0 1
40	2	0 1 1 0 0 1 0 1 1 0 0 0 1 1 1 0 0 1 0 1 1 0 1 1 1 1 0 1 0 1 0 0 1 0 0 1 0 1 0 1 1 0 1 1 1 0 0 0 0 1
40	3	0 1 1 0 0 1 0 1 1 0 0 0 1 1 1 0 0 1 0 1 1 0 1 1 1 1 0 1 0 1 0 1 1 0 0 1 0 1 0 1 1 0 1 1 1 0 0 0 0 1
50	1	1 0 0 0 1 1 0 1 0 0 0 1 1 0 0 1 1 1 1 0 1 0 1 0 1 1 0 0 1 0 0 1 1 0 1 0 0 0 1 0 1 1 0 1 0 0 0 1 0 0
50	15	1 1 1 0 0 1 0 1 1 0 0 0 0 1 1 1 0 0 1 0 1 0 0 1 1 0 0 0 0 1 0 1 0 0 1 0 1 0 0 0 0 0 0 1 1 1 1 0 1 0
50	6	1 1 1 0 0 1 0 1 1 0 0 0 0 0 1 1 0 0 1 0 1 0 0 1 1 0 0 0 0 1 0 1 0 0 0 0 1 0 0 0 0 0 0 1 1 1 0 0 1 0
50	1	1 1 1 0 0 1 0 1 1 0 0 0 0 0 1 1 0 0 1 0 1 0 0 1 1 0 0 0 0 1 0 1 0 0 1 0 1 0 0 0 0 0 0 1 1 1 0 0 1 0
50	13	1 1 1 0 0 1 0 1 1 0 0 0 1 0 1 1 0 0 1 0 1 0 0 1 1 0 0 0 0 1 0 1 0 0 1 0 1 0 0 0 0 0 0 1 1 1 1 0 1 0
50	1	1 1 1 0 0 1 0 1 1 0 0 0 0 0 1 1 0 0 1 0 1 0 0 1 1 0 0 0 1 0 0 1 0 0 1 0 1 0 0 0 0 0 0 1 1 1 1 0 1 0
50	9	1 1 1 0 0 1 0 1 1 0 0 0 0 0 1 1 0 0 1 0 1 0 0 1 1 0 0 0 0 1 0 1 0 0 1 0 0 0 0 0 0 0 0 1 1 1 1 0 1 0
50	3	1 1 1 0 0 1 0 1 1 0 0 0 0 0 1 1 0 0 1 0 1 0 0 1 1 0 0 0 0 1 0 1 0 0 1 0 1 0 0 0 0 0 0 1 1 1 1 0 1 0
50	1	1 1 1 0 0 1 1 1 1 0 0 0 0 0 1 1 0 0 1 0 1 0 0 1 1 0 0 0 0 1 0 1 0 0 1 0 1 0 0 0 0 0 0 1 1 1 1 0 1 0
50	2	1 1 1 0 1 1 0 1 1 0 0 0 0 0 1 1 0 0 1 0 1 0 0 0 1 0 0 0 0 1 0 1 0 0 1 0 1 0 0 0 0 0 0 1 1 1 1 0 1 0
50	1	1 1 1 0 1 1 0 1 1 0 0 0 0 0 1 1 0 0 1 0 1 0 0 1 1 0 0 0 0 1 0 1 0 0 1 1 1 0 0 0 0 0 0 1 1 1 1 0 1 0
50	8	1 1 1 0 1 1 0 1 1 0 0 0 0 0 1 1 0 0 1 0 1 0 0 1 1 0 0 0 0 1 0 1 0 0 1 0 1 0 0 0 0 0 0 1 1 1 1 0 1 0
50	5	0 1 0 0 1 0 1 1 1 0 0 1 1 1 0 0 0 1 1 1 1 1 0 1 0 0 0 0 1 1 1 1 1 0 0 1 0 1 1 1 1 0 0 0 1 1 0 0 1 1
50	5	0 1 0 1 1 0 1 1 0 0 0 1 1 0 0 0 1 1 1 0 0 1 0 1 1 1 1 0 1 1 1 1 1 0 0 0 0 0 1 1 0 0 0 0 0 0 1 1 1 0
50	2	0 1 0 1 0 0 1 1 0 0 0 1 1 0 0 1 1 1 1 0 0 1 0 1 1 1 1 0 1 1 1 1 1 0 0 0 0 0 1 1 0 0 0 0 0 0 1 1 1 0
50	7	0 1 0 1 0 0 1 1 0 0 0 1 1 0 0 0 1 1 1 0 0 1 0 1 1 1 1 0 1 1 1 1 1 0 0 0 0 0 1 1 0 0 0 0 0 0 1 1 1 0
50	2	0 1 0 1 0 0 1 1 0 0 0 1 1 0 0 0 1 1 1 0 0 1 0 1 1 1 1 0 1 1 1 1 1 0 0 0 0 0 1 0 0 0 0 0 1 0 1 1 0 0
50	1	0 1 0 1 0 0 1 1 0 0 0 1 1 0 0 0 1 1 0 0 0 1 0 1 1 1 1 0 1 1 1 1 1 0 0 0 0 0 1 0 0 0 0 0 1 0 1 1 0 0
50	2	0 1 0 1 0 0 1 1 0 0 0 1 1 0 0 0 1 1 1 0 0 1 0 1 1 1 1 0 1 1 1 1 1 0 0 0 0 1 1 0 0 0 0 0 1 0 1 1 0 0
50	3	0 1 0 1 0 0 1 1 0 0 0 1 1 0 0 0 1 1 1 0 0 1 0 1 1 1 1 0 1 1 1 1 1 0 0 0 0 0 1 0 0 0 0 0 1 0 1 1 1 0
50	12	0 1 1 0 0 1 0 1 1 0 0 0 1 1 1 0 0 1 0 1 1 0 1 1 1 1 0 1 0 1 0 1 1 0 0 1 0 1 0 1 0 0 1 1 1 0 0 0 0 1
60	6	1 1 1 0 0 1 0 1 1 0 0 0 0 1 1 1 0 0 1 0 1 0 0 1 1 0 0 0 0 1 0 1 0 0 1 0 1 0 0 0 0 0 0 1 1 1 1 0 1 0
60	8	1 1 1 0 0 1 0 1 1 0 0 0 0 0 1 1 0 0 1 0 1 0 0 1 1 0 0 0 0 1 0 1 0 0 1 0 1 0 0 0 0 0 0 1 1 1 0 0 1 0
60	17	1 1 1 0 0 1 0 1 1 0 0 0 0 0 1 1 0 0 1 0 1 0 0 1 1 0 0 0 0 1 0 1 0 0 0 0 1 0 0 0 0 0 0 1 1 1 0 0 1 0
60	1	1 1 1 0 0 1 0 1 1 0 0 0 1 0 1 1 0 0 1 0 1 0 0 1 1 0 0 0 0 1 0 1 0 0 1 0 1 0 0 0 0 0 0 1 1 0 1 0 1 0
60	9	1 1 1 0 0 1 0 1 1 0 0 0 1 0 1 1 0 0 1 0 1 0 0 1 1 0 0 0 0 1 0 1 0 0 1 0 1 0 0 0 0 0 0 1 1 1 1 0 1 0
60	1	1 1 1 0 0 1 0 1 1 0 0 0 0 0 1 1 0 0 1 0 1 0 0 1 1 0 0 0 0 1 0 1 0 0 1 0 0 1 0 0 0 0 0 1 1 1 1 0 1 0
60	3	1 1 1 0 0 1 0 1 1 0 0 0 0 0 1 1 0 0 1 0 1 0 0 1 1 0 0 0 0 1 0 1 0 0 1 0 0 0 0 0 0 0 0 1 1 1 1 0 1 0
60	1	1 1 1 0 0 1 0 1 0 0 0 0 0 0 1 1 0 0 1 0 1 0 0 1 1 0 0 0 0 1 0 1 0 0 1 0 1 0 0 0 0 0 0 1 1 1 1 0 1 0
60	5	1 1 1 0 0 1 0 1 1 0 0 0 0 0 1 1 0 0 1 0 1 0 0 1 1 0 0 0 0 1 0 1 0 0 1 0 1 0 0 0 0 0 0 1 1 1 1 0 1 0
60	1	1 1 1 0 0 1 0 1 1 0 1 0 0 0 1 1 0 0 1 0 1 0 0 1 1 0 0 0 0 1 0 1 0 0 1 0 1 0 0 0 0 0 0 1 1 1 1 0 1 0
60	1	1 1 1 0 1 1 0 1 1 0 0 0 0 0 1 1 0 0 1 0 1 0 0 1 1 0 1 0 0 1 0 1 0 0 1 0 1 0 0 0 0 0 0 1 1 1 1 0 1 0
60	1	1 1 1 0 1 1 0 1 1 0 0 0 0 0 1 1 0 0 1 0 1 1 0 1 1 0 0 0 0 1 0 1 0 0 1 0 1 0 0 0 0 0 0 1 1 1 1 0 1 0
60	20	1 1 1 0 1 1 0 1 1 0 0 0 0 0 1 1 0 0 1 0 1 0 0 1 1 0 0 0 0 1 0 1 0 0 1 0 1 0 0 0 0 0 0 1 1 1 1 0 1 0
60	2	0 1 0 0 1 0 1 1 1 0 0 1 1 1 0 0 0 1 1 1 1 1 0 1 0 0 0 0 1 1 1 1 1 0 0 1 0 1 1 1 1 0 0 0 1 1 0 0 1 1
60	6	0 1 0 1 1 0 1 1 0 0 0 1 1 0 0 0 1 1 1 0 0 1 0 1 1 1 1 0 1 1 1 1 1 0 0 0 0 0 1 1 0 0 0 0 0 0 1 1 1 0
60	3	0 1 0 1 0 0 1 1 0 0 0 1 1 0 0 1 1 1 1 0 0 1 0 1 1 1 1 0 1 1 1 1 1 0 0 0 0 0 1 1 0 0 0 0 0 0 1 1 1 0
60	2	0 1 0 1 0 0 1 1 0 0 0 1 1 0 0 0 1 1 1 0 0 1 0 1 1 1 1 0 1 1 1 1 1 0 0 0 0 0 1 1 0 0 0 0 0 0 1 1 1 0
60	3	0 1 0 1 0 0 1 1 0 0 0 1 1 0 0 0 1 1 1 0 0 1 0 1 1 1 1 0 1 1 1 1 1 0 0 0 0 0 1 0 0 0 0 0 1 0 1 1 0 0
60	4	0 1 0 1 0 0 1 1 0 0 0 1 1 0 0 0 1 1 0 0 0 1 0 1 1 1 1 0 1 1 1 1 1 0 0 0 0 0 1 0 0 0 0 0 1 0 1 1 0 0
60	1	0 1 0 1 0 0 1 1 0 0 0 1 1 0 0 0 1 1 1 0 0 1 0 1 1 1 1 0 1 1 1 1 1 0 0 0 0 1 1 0 0 0 0 0 1 0 1 1 0 0
60	2	0 1 0 1 0 0 1 1 0 0 0 1 1 0 0 0 1 1 1 0 0 1 0 1 1 1 1 0 1 1 1 1 1 0 0 0 0 0 1 0 0 0 0 0 1 0 1 1 1 0
60	3	0 1 1 0 0 1 0 1 1 0 0 0 1 1 1 0 0 1 0 1 1 0 1 1 1 1 0 1 0 1 0 1 1 0 0 1 0 1 0 1 0 0 1 1 1 0 0 0 0 1
70	1	1 1 1 0 0 1 0 1 1 0 0 0 0 1 1 1 0 0 1 0 1 0 0 1 1 0 0 0 0 1 0 1 0 0 1 0 1 1 0 0 0 0 0 1 1 1 1 0 1 0
70	3	1 1 1 0 0 1 0 1 1 0 0 0 0 1 1 1 0 0 1 0 1 0 0 1 1 0 0 0 0 1 0 1 0 0 1 0 1 0 0 0 0 0 0 1 1 1 1 0 1 0
70	2	1 1 1 0 0 1 0 1 1 0 0 0 0 0 1 1 0 0 1 0 1 0 0 1 1 0 0 0 0 1 0 1 0 0 1 0 1 0 0 0 0 0 0 0 1 1 0 0 1 0
70	26	1 1 1 0 0 1 0 1 1 0 0 0 0 0 1 1 0 0 1 0 1 0 0 1 1 0 0 0 0 1 0 1 0 0 0 0 1 0 0 0 0 0 0 1 1 1 0 0 1 0
70	8	1 1 1 0 0 1 0 1 1 0 0 0 0 0 1 1 0 0 1 0 1 0 0 1 1 0 0 0 0 1 0 1 0 0 1 0 1 0 0 0 0 0 0 1 1 1 0 0 1 0
70	1	1 1 1 0 0 1 0 1 0 0 0 0 0 0 1 1 0 0 1 0 1 0 0 1 1 0 0 0 0 1 0 1 0 0 0 0 1 0 0 0 0 0 0 1 1 1 0 0 1 0
70	1	1 1 1 0 0 1 0 1 1 0 0 0 1 0 1 1 0 0 1 0 1 0 0 1 1 0 0 0 0 1 0 1 0 0 1 0 1 0 0 0 0 0 0 1 1 0 1 0 1 0
70	5	1 1 1 0 0 1 0 1 1 0 0 0 1 0 1 1 0 0 1 0 1 0 0 1 1 0 0 0 0 1 0 1 0 0 1 0 1 0 0 0 0 0 0 1 1 1 1 0 1 0
70	3	1 1 1 0 0 1 0 1 1 0 0 0 0 0 1 1 0 0 1 0 1 0 0 1 1 0 0 0 0 1 0 1 0 0 1 0 0 0 0 0 1 0 0 1 1 1 1 0 1 0
70	7	1 1 1 0 0 1 0 1 1 0 0 0 0 0 1 1 0 0 1 0 1 0 0 1 1 0 0 0 0 1 0 1 0 0 1 0 0 0 0 0 0 0 0 1 1 1 1 0 1 0
70	2	1 1 1 0 1 1 0 1 1 0 0 0 0 0 1 1 0 0 1 0 1 0 0 0 1 0 0 0 0 1 0 1 0 0 1 0 1 0 0 0 0 0 0 1 1 1 1 0 1 0
70	3	1 1 1 0 1 1 0 1 1 0 0 0 0 0 1 1 0 1 1 0 1 0 0 1 1 0 0 0 0 1 0 1 0 0 1 0 1 0 0 0 0 0 0 1 1 1 1 0 1 0
70	1	1 1 1 0 1 1 0 1 1 0 0 0 0 0 1 1 0 0 1 0 1 0 0 1 1 0 0 0 0 1 1 1 0 0 1 0 1 0 0 0 0 0 0 1 1 1 1 0 1 0
70	19	1 1 1 0 1 1 0 1 1 0 0 0 0 0 1 1 0 0 1 0 1 0 0 1 1 0 0 0 0 1 0 1 0 0 1 0 1 0 0 0 0 0 0 1 1 1 1 0 1 0
70	7	0 1 0 1 1 0 1 1 0 0 0 1 1 0 0 0 1 1 1 0 0 1 0 1 1 1 1 0 1 1 1 1 1 0 0 0 0 0 1 1 0 0 0 0 0 0 1 1 1 0
70	5	0 1 0 1 0 0 1 1 0 0 0 1 1 0 0 1 1 1 1 0 0 1 0 1 1 1 1 0 1 1 1 1 1 0 0 0 0 0 1 1 0 0 0 0 0 0 1 1 1 0
70	1	0 1 0 1 0 0 1 1 0 0 0 1 1 0 0 0 1 1 1 0 0 1 0 1 1 1 1 0 1 1 1 1 1 0 0 0 0 0 1 1 0 0 0 0 0 0 1 1 1 0
70	1	0 0 1 0 0 1 0 1 1 0 0 0 1 1 1 0 0 1 0 1 1 0 1 1 1 1 0 1 0 1 0 1 1 0 0 1 0 1 0 1 0 0 1 1 1 0 0 0 0 1
70	4	0 1 1 0 0 1 0 1 1 0 0 0 1 1 1 0 0 1 0 1 1 0 1 1 1 1 0 1 0 1 0 1 1 0 0 1 0 1 0 1 0 0 1 1 1 0 0 0 0 1
80	2	1 1 1 0 0 1 0 1 1 0 0 0 0 1 1 1 0 0 1 0 1 0 0 1 1 0 0 0 0 1 0 1 0 0 1 0 1 0 0 0 0 0 0 1 1 1 1 0 1 0
80	35	1 1 1 0 0 1 0 1 1 0 0 0 0 0 1 1 0 0 1 0 1 0 0 1 1 0 0 0 0 1 0 1 0 0 0 0 1 0 0 0 0 0 0 1 1 1 0 0 1 0
80	1	1 1 1 0 0 1 0 1 1 0 0 0 0 0 1 1 0 0 0 0 1 0 0 1 1 0 0 0 0 1 0 1 0 0 1 0 1 0 0 0 0 0 0 1 1 1 0 0 1 0
80	8	1 1 1 0 0 1 0 1 1 0 0 0 0 0 1 1 0 0 1 0 1 0 0 1 1 0 0 0 0 1 0 1 0 0 1 0 1 0 0 0 0 0 0 1 1 1 0 0 1 0
80	1	1 1 1 0 0 1 0 1 1 0 0 0 1 0 1 1 0 0 1 0 1 0 0 1 1 0 0 0 0 1 1 1 0 0 1 0 1 0 0 0 0 0 0 1 1 1 1 0 1 0
80	1	1 1 1 0 0 1 0 1 1 0 0 0 1 0 1 1 0 0 1 0 1 0 0 1 1 0 0 0 0 1 0 1 0 0 1 0 1 0 0 0 0 0 0 1 1 1 1 0 1 0
80	1	1 1 1 0 0 1 0 1 1 0 0 0 0 0 1 1 0 0 1 0 1 0 0 1 1 0 0 0 0 1 0 1 0 0 1 0 0 0 0 0 0 0 0 1 1 1 1 0 1 0
80	1	1 1 1 0 0 1 0 1 1 0 0 0 0 0 1 1 0 0 1 0 1 0 0 1 1 0 0 0 0 1 0 1 0 0 1 0 1 0 0 0 0 0 0 1 1 1 1 0 1 0
80	3	1 1 1 0 1 1 0 1 1 0 0 0 0 0 1 1 0 0 1 0 1 0 0 1 1 0 1 0 0 1 0 1 0 0 1 0 1 0 0 0 0 0 0 1 1 1 1 0 1 0
80	1	1 1 1 0 1 1 0 1 1 0 0 0 0 0 1 1 0 1 1 0 1 0 0 1 1 0 0 0 0 1 0 1 0 0 1 0 1 0 0 0 0 0 0 1 1 1 1 0 1 0
80	1	1 1 1 0 1 1 0 1 1 0 0 0 0 0 1 1 0 0 1 0 1 0 0 1 1 0 0 0 0 1 1 1 0 0 1 0 1 0 0 0 0 0 0 1 1 1 1 0 1 0
80	1	1 1 1 0 1 1 0 1 1 0 0 0 0 0 1 1 0 0 1 0 1 0 0 1 1 0 0 1 0 1 0 1 0 0 1 0 1 0 0 0 0 0 0 1 1 1 1 0 1 0
80	24	1 1 1 0 1 1 0 1 1 0 0 0 0 0 1 1 0 0 1 0 1 0 0 1 1 0 0 0 0 1 0 1 0 0 1 0 1 0 0 0 0 0 0 1 1 1 1 0 1 0
80	1	0 1 0 1 1 0 1 1 0 0 0 1 1 0 0 0 1 1 1 0 0 1 1 1 1 1 1 0 1 1 1 1 1 0 0 0 0 0 1 1 0 0 0 0 0 0 1 1 1 0
80	11	0 1 0 1 1 0 1 1 0 0 0 1 1 0 0 0 1 1 1 0 0 1 0 1 1 1 1 0 1 1 1 1 1 0 0 0 0 0 1 1 0 0 0 0 0 0 1 1 1 0
80	1	0 1 0 1 0 0 1 1 0 0 0 1 1 0 0 1 1 1 1 0 0 1 0 1 1 1 1 0 1 1 1 1 1 0 0 0 0 0 1 1 0 0 0 0 0 0 1 1 1 0
80	3	0 1 0 1 0 0 1 1 0 0 0 1 1 0 0 0 1 1 0 0 0 1 0 1 1 1 1 0 1 1 1 1 1 0 0 0 0 0 1 0 0 0 0 0 1 0 1 1 0 0
80	2	0 1 1 0 0 1 0 1 1 0 0 0 1 1 1 0 0 1 0 1 1 0 1 1 1 1 0 1 0 1 0 1 1 0 0 1 0 1 0 1 0 0 0 1 1 0 0 0 0 1
80	2	0 1 1 0 0 1 0 1 1 0 0 0 1 1 1 0 0 1 0 1 1 0 1 1 1 1 0 1 0 1 0 1 1 0 0 1 0 1 0 1 0 0 1 1 1 0 0 0 0 1
90	1	1 1 1 0 0 1 0 1 1 0 0 0 0 0 1 1 0 0 1 0 1 0 0 1 1 0 0 0 0 1 0 1 0 0 1 0 1 0 0 0 0 0 0 0 1 1 0 0 1 0
90	4	1 1 1 0 0 1 0 1 1 0 0 0 0 0 1 1 0 0 1 0 1 0 1 1 1 0 0 0 0 1 0 1 0 0 0 0 1 0 0 0 0 0 0 1 1 1 0 0 1 0
90	1	1 1 1 0 0 1 0 1 1 0 0 1 0 0 1 1 0 0 1 0 1 0 0 1 1 0 0 0 0 1 0 1 0 0 0 0 1 0 0 0 0 0 0 1 1 1 0 0 1 0
90	37	1 1 1 0 0 1 0 1 1 0 0 0 0 0 1 1 0 0 1 0 1 0 0 1 1 0 0 0 0 1 0 1 0 0 0 0 1 0 0 0 0 0 0 1 1 1 0 0 1 0
90	8	1 1 1 0 0 1 0 1 1 0 0 0 0 0 1 1 0 0 1 0 1 0 0 1 1 0 0 0 0 1 0 1 0 0 1 0 1 0 0 0 0 0 0 1 1 1 0 0 1 0
90	6	1 1 1 0 1 1 0 1 1 0 0 0 0 0 1 1 0 0 1 0 1 0 0 1 1 0 1 0 0 1 0 1 0 0 1 0 1 0 0 0 0 0 0 1 1 1 1 0 1 0
90	3	1 1 1 0 1 1 0 1 1 0 0 0 0 0 1 1 0 1 1 0 1 0 0 1 1 0 0 0 0 1 0 1 0 0 1 0 1 0 0 0 0 0 0 1 1 1 1 0 1 0
90	1	1 1 1 0 1 1 0 1 1 0 0 0 0 0 1 1 0 0 1 0 1 0 0 1 1 0 0 0 0 1 0 1 0 0 1 0 1 0 0 1 0 0 0 1 1 1 1 0 1 0
90	14	1 1 1 0 1 1 0 1 1 0 0 0 0 0 1 1 0 0 1 0 1 0 0 1 1 0 0 0 0 1 0 1 0 0 1 0 1 0 0 0 0 0 0 1 1 1 1 0 1 0
90	10	0 1 0 1 1 0 1 1 0 0 0 1 1 0 0 0 1 1 1 0 0 1 0 1 1 1 1 0 1 1 1 1 1 0 0 0 0 0 1 1 0 0 0 0 0 0 1 1 1 0
90	1	0 1 0 1 1 0 1 1 0 0 0 1 1 0 0 0 1 1 1 0 0 1 1 1 1 1 1 0 1 1 1 1 1 0 0 0 0 0 1 1 0 0 0 0 0 0 1 1 1 0
90	1	0 1 0 1 1 0 1 1 0 0 0 1 1 0 0 0 1 0 1 0 0 1 0 1 1 1 1 0 1 1 1 1 1 0 0 0 0 0 1 1 0 0 0 0 0 0 1 1 1 0
90	1	0 1 0 0 1 0 1 1 0 0 0 1 1 0 0 0 1 1 1 0 0 1 0 1 1 1 1 0 1 1 1 1 1 0 0 0 0 0 1 1 0 0 0 0 0 0 1 1 1 0
90	2	0 1 0 1 0 0 1 1 0 0 0 1 1 0 0 1 1 1 1 0 0 1 0 1 1 1 1 0 1 1 1 1 1 0 0 0 0 0 1 1 0 0 0 0 0 0 1 1 1 0
90	9	0 1 1 0 0 1 0 1 1 0 0 0 1 1 1 0 0 1 0 1 1 0 1 1 1 1 0 1 0 1 0 1 1 0 0 1 0 1 0 1 0 0 0 1 1 0 0 0 0 1
90	1	0 1 1 0 0 1 0 1 1 0 0 0 1 1 1 0 0 1 0 1 1 0 1 1 1 1 0 1 0 1 0 1 1 0 0 1 0 1 0 1 0 0 1 1 1 0 0 0 0 1
100	3	1 1 1 0 0 1 0 1 1 0 0 0 0 0 1 1 0 0 1 0 1 0 0 1 1 0 0 0 0 1 0 1 0 0 1 0 1 0 0 0 0 0 0 0 1 1 0 0 1 0
100	1	1 1 1 0 0 1 0 1 1 0 0 0 0 0 1 1 0 0 1 0 1 0 1 1 1 0 0 0 0 1 0 1 0 0 0 0 1 0 0 0 0 0 0 1 1 1 0 0 1 0
100	2	1 1 1 0 0 1 0 1 1 0 0 1 0 0 1 0 0 0 1 0 1 0 0 1 1 0 0 0 0 1 0 1 0 0 0 0 1 0 0 0 0 0 0 1 1 1 0 0 1 0
100	1	1 1 1 0 0 1 0 1 1 0 0 1 0 0 1 1 0 0 1 0 1 0 0 1 1 0 0 0 0 1 0 1 0 0 0 0 1 0 0 0 0 0 0 1 1 1 0 0 1 0
100	6	1 1 1 0 0 1 0 1 1 0 0 0 0 0 1 1 0 0 1 0 1 0 0 1 1 0 0 0 0 1 0 1 0 0 1 0 1 0 0 0 0 0 0 1 1 1 0 0 1 0
100	30	1 1 1 0 0 1 0 1 1 0 0 0 0 0 1 1 0 0 1 0 1 0 0 1 1 0 0 0 0 1 0 1 0 0 0 0 1 0 0 0 0 0 0 1 1 1 0 0 1 0
100	5	1 1 1 0 1 1 0 1 1 0 0 0 0 0 1 1 0 0 1 0 1 0 0 1 1 0 1 0 0 1 0 1 0 0 1 0 1 0 0 0 0 0 0 1 1 1 1 0 1 0
100	1	1 1 1 0 1 1 0 1 1 0 0 0 0 0 1 1 0 0 1 0 1 0 0 1 1 0 0 0 0 1 0 1 1 0 1 0 1 0 0 0 0 0 0 1 1 1 1 0 1 0
100	20	1 1 1 0 1 1 0 1 1 0 0 0 0 0 1 1 0 0 1 0 1 0 0 1 1 0 0 0 0 1 0 1 0 0 1 0 1 0 0 0 0 0 0 1 1 1 1 0 1 0
100	19	0 1 0 1 1 0 1 1 0 0 0 1 1 0 0 0 1 1 1 0 0 1 0 1 1 1 1 0 1 1 1 1 1 0 0 0 0 0 1 1 0 0 0 0 0 0 1 1 1 0
100	1	0 1 1 0 0 1 0 1 1 0 1 0 1 1 1 0 0 1 0 1 1 0 1 1 1 1 0 1 0 1 0 1 1 0 0 1 0 1 0 1 0 0 0 1 1 0 0 0 0 1
100	11	0 1 1 0 0 1 0 1 1 0 0 0 1 1 1 0 0 1 0 1 1 0 1 1 1 1 0 1 0 1 0 1 1 0 0 1 0 1 0 1 0 0 0 1 1 0 0 0 0 1
110	7	1 1 1 0 0 1 0 1 1 0 0 0 0 0 1 1 0 0 1 0 1 0 0 1 1 0 0 0 0 1 0 1 0 0 1 0 1 0 0 0 0 0 0 0 1 1 0 0 1 0
110	4	1 1 1 0 0 1 0 1 1 0 0 0 0 0 1 1 0 0 1 0 1 0 1 1 1 0 0 0 0 1 0 1 0 0 0 0 1 0 0 0 0 0 0 1 1 1 0 0 1 0
110	3	1 1 1 0 0 1 0 1 1 0 0 0 0 1 1 1 0 0 1 0 1 0 0 1 1 0 0 0 0 1 0 1 0 0 1 0 1 0 0 0 0 0 0 1 1 1 0 0 1 0
110	8	1 1 1 0 0 1 0 1 1 0 0 0 0 0 1 1 0 0 1 0 1 0 0 1 1 0 0 0 0 1 0 1 0 0 1 0 1 0 0 0 0 0 0 1 1 1 0 0 1 0
110	3	1 1 1 0 1 1 0 1 1 0 0 0 0 0 1 1 0 0 1 0 1 0 0 1 1 0 0 0 0 1 0 1 0 0 0 0 1 0 0 0 0 0 0 1 1 1 0 0 1 0
110	17	1 1 1 0 0 1 0 1 1 0 0 0 0 0 1 1 0 0 1 0 1 0 0 1 1 0 0 0 0 1 0 1 0 0 0 0 1 0 0 0 0 0 0 1 1 1 0 0 1 0
110	1	1 1 1 0 0 1 0 1 1 0 0 1 0 0 1 1 0 0 1 0 1 0 0 1 1 0 0 0 0 1 0 1 0 0 1 0 1 0 0 0 0 0 0 1 1 1 0 0 1 0
110	2	1 1 1 0 0 1 0 1 1 0 0 0 0 0 1 1 0 0 1 0 1 0 0 1 1 0 0 0 0 1 0 1 0 0 1 0 0 0 0 0 0 0 0 1 1 1 1 0 1 0
110	4	1 1 1 0 1 1 0 1 1 0 0 0 0 0 1 1 0 0 1 0 1 0 0 1 1 0 1 0 1 1 0 1 0 0 1 0 1 0 0 0 0 0 0 1 1 1 1 0 1 0
110	7	1 1 1 0 1 1 0 1 1 0 0 0 0 0 1 1 0 0 1 0 1 0 0 1 1 0 1 0 0 1 0 1 0 0 1 0 1 0 0 0 0 0 0 1 1 1 1 0 1 0
110	1	1 1 1 0 1 1 0 1 1 1 0 0 0 0 1 1 0 1 1 0 1 0 0 1 1 0 0 0 0 1 0 1 0 0 1 0 1 0 0 0 0 0 0 1 1 1 1 0 1 0
110	1	1 1 1 0 1 1 0 1 1 0 0 0 0 0 1 1 0 0 1 0 1 0 0 1 1 0 0 0 0 1 0 1 1 0 1 0 1 0 0 0 0 0 0 1 1 1 1 0 1 0
110	1	1 1 1 0 1 1 0 1 1 0 0 0 0 0 1 1 0 0 1 0 1 0 0 1 1 0 0 0 0 1 0 1 0 0 1 0 1 0 1 0 0 0 0 1 1 1 1 0 1 0
110	21	1 1 1 0 1 1 0 1 1 0 0 0 0 0 1 1 0 0 1 0 1 0 0 1 1 0 0 0 0 1 0 1 0 0 1 0 1 0 0 0 0 0 0 1 1 1 1 0 1 0
110	9	0 1 0 1 1 0 1 1 0 0 0 1 1 0 0 0 1 1 1 0 0 1 0 1 1 1 1 0 1 1 1 1 1 0 0 0 0 0 1 1 0 0 0 0 0 0 1 1 1 0
110	2	0 1 1 0 0 1 0 1 1 0 0 0 1 1 1 0 0 1 0 1 0 0 1 1 1 1 0 1 0 1 0 1 1 0 0 1 0 1 0 1 0 0 0 1 1 0 0 0 0 1
110	9	0 1 1 0 0 1 0 1 1 0 0 0 1 1 1 0 0 1 0 1 1 0 1 1 1 1 0 1 0 1 0 1 1 0 0 1 0 1 0 1 0 0 0 1 1 0 0 0 0 1
120	1	1 1 1 0 0 1 0 1 1 0 0 0 0 0 1 1 0 0 1 0 1 0 0 1 1 0 0 0 0 1 0 1 0 0 1 0 1 0 0 0 1 0 0 0 1 1 0 0 1 0
120	8	1 1 1 0 0 1 0 1 1 0 0 0 0 0 1 1 0 0 1 0 1 0 0 1 1 0 0 0 0 1 0 1 0 0 1 0 1 0 0 0 0 0 0 0 1 1 0 0 1 0
120	4	1 1 1 0 0 1 0 1 1 0 0 1 0 0 1 0 0 0 1 0 1 0 0 1 1 0 0 0 0 1 0 1 0 0 0 0 1 0 0 0 0 0 0 1 1 1 0 0 1 0
120	10	1 1 1 0 0 1 0 1 1 0 0 0 0 0 1 1 0 0 1 0 1 0 0 1 1 0 0 0 0 1 0 1 0 0 1 0 1 0 0 0 0 0 0 1 1 1 0 0 1 0
120	4	1 1 1 0 1 1 0 1 1 0 0 0 0 0 1 1 0 0 1 0 1 0 0 1 1 0 0 0 0 1 0 1 0 0 0 0 1 0 0 0 0 0 0 1 1 1 0 0 1 0
120	1	1 1 1 0 0 1 0 1 1 0 0 1 0 0 1 1 0 0 1 0 1 0 0 1 1 0 0 0 0 1 0 1 0 0 0 0 1 0 0 0 0 0 0 1 1 1 0 0 1 0
120	1	1 1 1 0 0 1 0 1 1 0 0 0 0 0 1 1 0 0 1 0 1 0 0 1 1 0 0 0 0 1 0 1 0 0 0 0 0 0 0 0 0 0 0 1 1 1 0 0 1 0
120	16	1 1 1 0 0 1 0 1 1 0 0 0 0 0 1 1 0 0 1 0 1 0 0 1 1 0 0 0 0 1 0 1 0 0 0 0 1 0 0 0 0 0 0 1 1 1 0 0 1 0
120	1	1 1 1 0 1 1 0 1 1 0 0 0 1 0 1 1 0 0 1 0 1 0 0 1 1 0 1 0 1 1 0 1 0 0 1 0 1 0 0 0 0 0 0 1 1 1 1 0 1 0
120	3	1 1 1 0 1 1 0 1 1 0 0 0 0 0 1 1 0 0 1 0 1 0 0 1 1 0 1 0 1 1 0 1 0 0 1 0 1 0 0 0 0 0 0 1 1 1 1 0 1 0
120	4	1 1 1 0 1 1 0 1 1 0 0 0 0 0 1 1 0 0 1 0 1 0 0 1 1 0 1 0 0 1 0 1 0 0 1 0 1 0 0 0 0 0 0 1 1 1 1 0 1 0
120	3	1 1 1 0 1 1 0 1 1 0 0 0 0 0 1 1 0 0 1 0 1 0 0 1 1 0 0 0 0 1 0 1 1 0 1 0 1 0 0 0 0 0 0 1 1 1 1 0 1 0
120	14	1 1 1 0 1 1 0 1 1 0 0 0 0 0 1 1 0 0 1 0 1 0 0 1 1 0 0 0 0 1 0 1 0 0 1 0 1 0 0 0 0 0 0 1 1 1 1 0 1 0
120	3	0 1 0 1 1 0 1 1 0 0 0 1 1 0 0 0 1 1 1 0 0 1 0 1 1 1 1 0 1 1 1 1 1 0 0 0 1 0 1 1 0 0 0 0 0 0 1 1 1 0
120	1	0 1 0 1 1 0 1 1 0 0 0 1 1 0 0 0 1 1 1 0 0 0 0 1 1 1 1 0 1 1 1 1 1 0 0 0 0 0 1 1 0 0 0 0 0 0 1 1 1 0
120	1	0 1 0 1 1 0 1 1 0 0 0 1 1 0 0 0 1 1 1 0 0 1 0 1 1 1 1 0 1 1 1 1 1 0 0 0 0 0 1 1 0 0 0 0 1 0 1 1 1 0
120	12	0 1 0 1 1 0 1 1 0 0 0 1 1 0 0 0 1 1 1 0 0 1 0 1 1 1 1 0 1 1 1 1 1 0 0 0 0 0 1 1 0 0 0 0 0 0 1 1 1 0
120	2	0 1 0 1 1 0 1 1 0 0 0 1 1 0 0 0 1 0 1 0 0 1 0 1 1 1 1 0 1 1 1 1 1 0 0 0 0 0 1 1 0 0 0 0 0 0 1 1 1 0
120	1	0 1 1 0 0 1 0 1 1 0 1 0 1 1 1 0 0 1 0 1 1 0 1 1 1 1 0 1 0 1 0 1 1 0 0 1 0 1 0 1 0 0 0 1 1 0 0 0 0 1
120	1	1 1 1 0 0 1 0 1 1 0 0 0 1 1 1 0 0 1 0 1 1 0 1 1 1 1 0 1 0 1 0 1 1 0 0 1 0 1 0 1 0 0 0 1 1 0 0 0 0 1
120	9	0 1 1 0 0 1 0 1 1 0 0 0 1 1 1 0 0 1 0 1 1 0 1 1 1 1 0 1 0 1 0 1 1 0 0 1 0 1 0 1 0 0 0 1 1 0 0 0 0 1
130	1	1 1 1 0 0 1 0 1 1 0 0 0 0 0 1 1 0 0 1 0 1 0 0 1 1 0 0 0 0 1 0 1 0 0 1 1 1 0 0 0 1 0 0 0 1 1 0 0 1 0
130	23	1 1 1 0 0 1 0 1 1 0 0 0 0 0 1 1 0 0 1 0 1 0 0 1 1 0 0 0 0 1 0 1 0 0 1 0 1 0 0 0 0 0 0 0 1 1 0 0 1 0
130	4	1 1 1 0 0 1 0 1 1 0 0 0 0 0 1 1 0 0 1 0 1 0 0 1 1 0 0 0 0 1 0 1 0 0 1 0 1 0 0 0 0 0 0 1 1 1 0 0 1 0
130	5	1 1 1 0 1 1 0 1 1 0 0 0 0 0 1 1 0 0 1 0 1 0 0 1 1 0 0 0 0 1 0 1 0 0 0 0 1 0 0 0 0 0 0 1 1 1 0 0 1 0
130	13	1 1 1 0 0 1 0 1 1 0 0 0 0 0 1 1 0 0 1 0 1 0 0 1 1 0 0 0 0 1 0 1 0 0 0 0 1 0 0 0 0 0 0 1 1 1 0 0 1 0
130	5	1 1 1 0 1 1 0 1 1 0 0 0 0 0 1 1 0 0 1 0 1 0 0 1 1 0 1 0 1 1 0 1 0 0 1 0 1 0 0 0 0 0 0 1 1 1 1 0 1 0
130	3	1 1 1 0 1 1 0 1 1 0 0 0 0 0 1 1 0 0 1 0 1 0 0 1 1 0 1 0 0 1 0 1 0 0 1 0 1 0 0 0 0 0 0 1 1 1 1 0 1 0
130	2	1 1 1 0 1 1 0 1 1 0 0 0 0 0 1 1 0 0 1 0 1 0 0 1 1 1 0 0 0 1 0 1 0 0 1 0 1 0 0 0 0 0 0 1 1 1 1 0 1 0
130	2	1 1 1 0 1 1 0 1 1 0 0 0 0 0 1 1 0 0 1 0 1 0 0 1 1 0 0 0 0 1 0 1 0 0 1 0 1 0 0 0 0 0 0 1 1 1 0 0 1 0
130	18	1 1 1 0 1 1 0 1 1 0 0 0 0 0 1 1 0 0 1 0 1 0 0 1 1 0 0 0 0 1 0 1 0 0 1 0 1 0 0 0 0 0 0 1 1 1 1 0 1 0
130	3	0 1 0 1 1 0 1 1 0 0 0 1 1 0 0 1 1 1 1 0 0 0 0 1 1 1 1 0 1 1 1 1 1 0 0 0 0 0 1 1 0 0 0 0 0 0 1 1 1 0
130	1	0 1 0 1 1 0 1 1 0 0 0 1 1 0 0 0 1 1 1 0 0 1 0 1 1 1 1 0 1 1 1 1 1 1 0 0 0 0 1 1 0 0 0 0 0 0 1 1 1 0
130	13	0 1 0 1 1 0 1 1 0 0 0 1 1 0 0 0 1 1 1 0 0 1 0 1 1 1 1 0 1 1 1 1 1 0 0 0 0 0 1 1 0 0 0 0 0 0 1 1 1 0
130	7	0 1 1 0 0 1 0 1 1 0 0 0 1 1 1 0 0 1 0 1 1 0 1 1 1 1 0 1 0 1 0 1 1 0 0 1 0 1 0 1 0 0 0 1 1 0 0 0 0 1
140	2	1 1 1 0 0 1 0 1 1 0 0 0 0 0 1 1 0 0 1 0 1 0 0 1 1 0 0 0 0 1 0 1 0 0 1 0 1 0 1 0 0 0 0 0 1 1 0 0 1 0
140	6	1 1 1 0 0 1 0 1 1 0 0 0 0 0 1 1 0 1 1 0 1 0 0 1 1 0 0 0 0 1 0 1 0 0 1 0 1 0 0 0 0 0 0 0 1 1 0 0 1 0
140	47	1 1 1 0 0 1 0 1 1 0 0 0 0 0 1 1 0 0 1 0 1 0 0 1 1 0 0 0 0 1 0 1 0 0 1 0 1 0 0 0 0 0 0 0 1 1 0 0 1 0
140	2	1 1 1 0 0 1 0 1 1 0 0 0 0 0 1 1 0 0 1 0 1 0 0 1 1 0 0 0 0 1 0 1 0 0 1 0 1 0 0 0 0 0 0 1 1 1 0 0 1 0
140	4	1 1 1 0 1 1 0 1 1 0 0 0 0 0 1 1 0 0 1 0 1 0 0 1 1 0 0 0 0 1 0 1 0 0 0 0 1 0 0 0 0 0 0 1 1 1 0 0 1 0
140	12	1 1 1 0 0 1 0 1 1 0 0 0 0 0 1 1 0 0 1 0 1 0 0 1 1 0 0 0 0 1 0 1 0 0 0 0 1 0 0 0 0 0 0 1 1 1 0 0 1 0
140	2	1 1 1 0 1 1 0 1 1 0 0 0 0 0 1 1 0 0 1 0 1 0 0 1 1 0 1 0 1 1 0 1 0 0 1 0 1 0 0 0 0 0 0 1 1 1 1 0 1 0
140	1	1 1 1 0 1 1 0 1 1 0 0 0 0 0 1 1 0 0 1 0 1 0 0 1 1 0 1 0 0 1 0 1 0 0 1 0 1 0 0 0 0 0 0 1 1 1 1 0 1 0
140	1	1 1 1 0 1 1 0 1 1 0 0 0 0 0 1 1 0 0 1 0 1 0 0 1 1 0 0 0 0 1 0 0 0 0 1 0 1 0 0 0 0 0 0 1 1 1 1 0 1 0
140	1	1 1 1 0 1 1 0 1 1 0 0 0 0 0 1 1 0 0 1 0 1 0 0 1 1 0 0 0 0 1 0 1 0 0 1 0 1 0 0 0 1 0 0 1 1 1 1 0 1 0
140	10	1 1 1 0 1 1 0 1 1 0 0 0 0 0 1 1 0 0 1 0 1 0 0 1 1 0 0 0 0 1 0 1 0 0 1 0 1 0 0 0 0 0 0 1 1 1 1 0 1 0
140	1	0 1 0 1 1 0 1 1 0 0 0 1 1 0 0 1 1 1 1 0 0 0 0 1 1 1 1 0 1 1 1 1 1 0 0 0 0 0 1 1 0 0 0 0 0 0 1 1 1 0
140	1	0 1 0 1 1 0 1 1 0 0 0 1 1 0 0 0 1 1 1 0 0 1 0 1 1 1 1 0 1 1 1 1 1 1 0 0 0 0 1 1 0 0 0 0 0 0 1 1 1 0
140	1	0 1 0 1 1 0 1 1 0 0 0 1 1 0 0 0 1 1 1 0 0 1 1 1 1 1 1 0 1 1 1 1 1 0 0 0 0 0 1 1 0 0 0 0 0 0 1 1 1 0
140	9	0 1 0 1 1 0 1 1 0 0 0 1 1 0 0 0 1 1 1 0 0 1 0 1 1 1 1 0 1 1 1 1 1 0 0 0 0 0 1 1 0 0 0 0 0 0 1 1 1 0
150	1	1 1 1 0 0 1 0 1 1 0 0 0 0 0 1 1 0 0 1 0 1 0 0 0 1 0 0 0 0 1 0 1 0 0 1 0 1 0 0 0 0 0 0 0 1 1 0 0 1 0
150	3	1 1 1 0 0 1 0 1 1 0 0 0 0 0 1 1 0 1 1 0 1 0 0 1 1 0 0 0 0 1 0 1 0 0 1 0 1 0 0 0 0 0 0 0 1 1 0 0 1 0
150	2	1 1 1 0 0 1 0 1 1 1 0 0 0 0 1 1 0 0 1 0 1 0 0 1 1 0 0 0 0 1 0 1 0 0 1 0 1 0 0 0 0 0 0 0 1 1 0 0 1 0
150	1	1 1 1 0 0 1 0 1 1 0 0 0 0 0 1 1 0 0 1 0 1 0 0 1 1 0 0 0 0 1 0 1 0 0 1 0 1 0 0 0 0 0 0 1 1 1 0 0 1 0
150	1	1 1 1 0 0 1 0 1 1 0 0 0 0 0 1 1 0 0 1 0 1 0 0 1 1 0 0 1 0 1 0 1 0 0 1 0 1 0 0 0 0 0 0 0 1 1 0 0 1 0
150	54	1 1 1 0 0 1 0 1 1 0 0 0 0 0 1 1 0 0 1 0 1 0 0 1 1 0 0 0 0 1 0 1 0 0 1 0 1 0 0 0 0 0 0 0 1 1 0 0 1 0
150	8	1 1 1 0 1 1 0 1 1 0 0 0 0 0 1 1 0 0 1 0 1 0 0 1 1 0 0 0 0 1 0 1 0 0 0 0 1 0 0 0 0 0 0 1 1 1 0 0 1 0
150	2	1 1 1 0 0 1 0 1 1 0 0 0 0 0 1 1 0 0 1 0 1 0 0 1 1 0 0 0 0 1 0 1 1 0 0 0 1 0 0 0 0 0 0 1 1 1 0 0 1 0
150	4	1 1 1 0 0 1 0 1 1 0 0 0 0 0 1 1 0 0 1 0 1 0 0 1 1 0 0 0 0 1 0 1 0 0 0 0 1 0 0 0 0 0 0 1 1 1 0 0 1 0
150	1	1 1 1 0 1 1 0 1 1 0 0 0 0 0 1 1 0 0 1 0 1 0 0 1 1 0 1 0 1 1 0 1 0 0 1 0 1 0 0 0 0 0 0 1 1 1 1 0 1 0
150	5	1 1 1 0 1 1 0 1 1 0 0 0 0 0 1 1 0 0 1 0 1 0 0 1 1 0 0 0 0 1 0 1 0 0 1 0 1 0 0 0 0 0 0 1 1 1 1 0 1 0
150	3	0 1 0 1 1 0 1 1 0 0 0 1 1 0 0 0 1 1 1 0 0 1 0 1 1 1 1 0 1 1 1 1 1 1 0 0 0 0 1 1 0 0 0 0 0 0 1 1 1 0
150	15	0 1 0 1 1 0 1 1 0 0 0 1 1 0 0 0 1 1 1 0 0 1 0 1 1 1 1 0 1 1 1 1 1 0 0 0 0 0 1 1 0 0 0 0 0 0 1 1 1 0
160	2	1 1 1 0 0 1 0 1 1 0 0 0 0 0 1 1 0 1 1 0 1 0 0 1 1 0 0 0 0 1 0 1 0 0 1 0 1 0 0 0 0 0 0 0 1 1 0 0 1 0
160	1	1 1 1 0 0 1 0 1 1 1 0 0 0 1 1 1 0 0 1 0 1 0 0 1 1 0 0 0 0 1 0 1 0 0 1 0 1 0 0 0 0 0 0 0 1 1 0 0 1 0
160	7	1 1 1 0 0 1 0 1 1 1 0 0 0 0 1 1 0 0 1 0 1 0 0 1 1 0 0 0 0 1 0 1 0 0 1 0 1 0 0 0 0 0 0 0 1 1 0 0 1 0
160	3	1 1 1 0 0 1 0 1 1 0 0 0 0 0 1 1 0 0 1 0 1 0 0 1 1 0 0 0 0 1 0 1 0 0 1 0 1 0 0 0 0 0 0 1 1 1 0 0 1 0
160	2	1 1 1 0 0 1 0 1 1 0 0 0 0 0 1 1 0 0 1 0 1 1 0 1 1 0 0 0 0 1 0 1 0 0 1 0 1 0 0 0 0 0 0 0 1 1 0 0 1 0
160	1	1 1 1 0 0 1 0 1 1 0 0 0 0 0 1 1 0 0 1 0 1 0 0 1 1 0 0 0 0 1 0 1 0 0 1 0 1 0 0 0 0 0 1 0 1 1 0 0 1 0
160	67	1 1 1 0 0 1 0 1 1 0 0 0 0 0 1 1 0 0 1 0 1 0 0 1 1 0 0 0 0 1 0 1 0 0 1 0 1 0 0 0 0 0 0 0 1 1 0 0 1 0
160	1	1 1 1 0 1 1 0 1 1 0 0 0 0 0 1 1 0 0 1 0 1 0 0 1 1 0 0 0 0 1 1 1 0 0 0 0 1 0 0 0 0 0 0 1 1 1 0 0 1 0
160	2	1 1 1 0 1 1 0 0 1 0 0 0 0 0 1 1 0 0 1 0 1 0 0 1 1 0 0 0 0 1 0 1 0 0 0 0 1 0 0 0 0 0 0 1 1 1 0 0 1 0
160	6	1 1 1 0 1 1 0 1 1 0 0 0 0 0 1 1 0 0 1 0 1 0 0 1 1 0 0 0 0 1 0 1 0 0 0 0 1 0 0 0 0 0 0 1 1 1 0 0 1 0
160	1	1 1 1 0 0 1 0 1 1 0 0 0 0 0 1 1 0 0 1 0 1 0 0 1 1 0 0 0 0 1 0 1 1 0 0 0 1 0 0 0 0 0 0 1 1 1 0 0 1 0
160	1	1 1 1 0 0 1 0 1 1 0 0 0 0 0 1 1 0 0 1 0 1 0 0 1 1 0 0 0 0 1 0 1 0 0 0 0 1 0 0 0 0 0 0 1 1 1 0 0 1 0
160	1	1 1 1 0 1 1 0 1 1 0 0 0 0 0 1 1 0 0 1 0 1 0 0 1 1 0 1 0 1 1 0 1 0 0 1 0 1 0 0 0 0 0 0 1 1 1 1 0 1 0
160	1	1 1 1 0 1 1 0 1 1 0 0 0 0 0 1 1 0 0 1 0 1 0 0 1 1 0 0 0 0 1 0 1 0 0 1 0 1 0 0 0 0 0 0 1 1 1 1 0 1 0
160	4	0 1 0 1 1 0 1 1 0 0 0 1 1 0 0 0 1 1 1 0 0 1 0 1 1 1 1 0 1 1 1 1 1 0 0 0 0 0 1 1 0 0 0 0 0 0 1 1 1 0
170	1	1 1 1 0 0 1 0 1 1 0 0 0 0 0 1 1 0 1 1 0 1 0 0 1 1 0 0 0 0 1 0 1 0 0 0 0 1 0 0 0 0 0 0 0 1 1 0 0 1 0
170	5	1 1 1 0 0 1 0 1 1 0 0 0 0 0 1 1 0 1 1 0 1 0 0 1 1 0 0 0 0 1 0 1 0 0 1 0 1 0 0 0 0 0 0 0 1 1 0 0 1 0
170	2	1 1 1 0 0 1 0 1 1 0 0 0 0 0 1 1 0 0 1 0 1 0 0 1 1 0 0 0 0 0 0 1 0 0 1 0 1 0 0 0 0 0 0 0 1 1 0 0 1 0
170	3	1 1 1 0 0 1 0 1 1 1 0 0 0 0 1 1 0 0 1 0 1 0 0 0 1 0 0 0 0 1 0 1 0 0 1 0 1 0 0 0 0 0 0 0 1 1 0 0 1 0
170	16	1 1 1 0 0 1 0 1 1 1 0 0 0 0 1 1 0 0 1 0 1 0 0 1 1 0 0 0 0 1 0 1 0 0 1 0 1 0 0 0 0 0 0 0 1 1 0 0 1 0
170	1	1 1 1 0 0 1 0 1 1 0 0 1 0 0 1 1 0 0 1 0 1 0 0 1 1 0 0 0 0 1 0 1 0 0 1 0 1 0 0 0 0 0 0 0 1 1 0 0 1 0
170	2	1 1 1 0 0 1 0 1 1 0 0 0 0 0 1 1 0 0 1 0 1 0 0 1 1 0 0 0 0 1 0 1 1 0 1 0 1 0 0 0 0 0 0 0 1 1 0 0 1 0
170	5	1 1 1 0 0 1 1 1 1 0 0 0 0 0 1 1 0 0 1 0 1 0 0 1 1 0 0 0 0 1 0 1 0 0 1 0 1 0 0 0 0 0 0 0 1 1 0 0 1 0
170	1	1 1 1 0 0 1 0 1 1 0 0 0 0 0 1 1 0 0 1 0 1 0 0 1 1 0 0 0 0 1 0 1 0 0 1 0 1 0 0 1 0 0 0 0 1 1 0 0 1 0
170	1	1 1 1 0 0 1 0 1 1 0 0 0 0 0 1 1 0 0 1 0 1 0 0 1 1 0 0 0 0 1 0 0 0 0 1 0 1 0 0 0 0 0 0 0 1 1 0 0 1 0
170	1	1 1 1 0 0 1 0 1 1 0 0 0 0 0 1 1 0 0 0 0 1 0 0 1 1 0 0 0 0 1 0 1 0 0 1 0 1 0 0 0 0 0 0 0 1 1 0 0 1 0
170	48	1 1 1 0 0 1 0 1 1 0 0 0 0 0 1 1 0 0 1 0 1 0 0 1 1 0 0 0 0 1 0 1 0 0 1 0 1 0 0 0 0 0 0 0 1 1 0 0 1 0
170	2	1 1 1 0 1 1 0 1 1 0 0 0 0 0 1 1 0 0 1 0 1 0 0 1 1 0 0 0 0 1 1 1 0 0 0 0 1 0 0 0 0 0 0 1 1 1 0 0 1 0
170	9	1 1 1 0 1 1 0 1 1 0 0 0 0 0 1 1 0 0 1 0 1 0 0 1 1 0 0 0 0 1 0 1 0 0 0 0 1 0 0 0 0 0 0 1 1 1 0 0 1 0
170	3	0 1 0 1 1 0 1 1 0 0 0 1 1 0 0 0 1 1 1 0 0 1 0 1 1 1 1 0 1 1 1 1 1 0 0 0 0 0 1 1 0 0 0 0 0 0 1 1 1 0
180	1	1 1 1 0 0 1 0 1 1 0 0 0 0 0 1 1 0 1 1 0 1 0 0 1 1 0 0 0 0 1 0 1 0 0 0 0 1 0 0 0 0 0 0 0 1 1 0 0 1 0
180	2	1 1 1 0 0 1 0 1 1 0 0 0 0 0 1 1 0 1 1 0 1 0 0 1 1 0 0 0 0 1 0 1 0 0 1 0 1 0 0 0 0 0 0 0 1 1 0 0 1 0
180	1	1 1 1 0 0 1 0 1 1 1 0 0 0 0 1 1 0 0 1 0 1 0 0 0 1 0 0 0 0 1 0 1 0 0 1 0 1 0 0 0 0 0 0 0 1 1 0 0 1 0
180	3	1 1 1 0 0 1 0 1 1 1 0 0 0 0 1 1 0 0 1 0 1 0 0 1 1 0 0 0 0 1 1 1 0 0 1 0 1 0 0 0 0 0 0 0 1 1 0 0 1 0
180	4	1 1 1 0 0 1 0 1 1 1 0 0 0 0 1 1 0 0 1 1 1 0 0 1 1 0 0 0 0 1 0 1 0 0 1 0 1 0 0 0 0 0 0 0 1 1 0 0 1 0
180	1	1 1 1 0 0 1 0 1 1 1 0 0 0 0 1 1 0 1 1 0 1 0 0 1 1 0 0 0 0 1 0 1 0 0 1 0 1 0 0 0 0 0 0 0 1 1 0 0 1 0
180	1	1 1 1 0 0 1 0 1 1 1 0 0 0 0 1 1 0 0 1 0 1 0 0 1 1 0 0 0 0 1 0 1 0 0 1 0 1 0 0 0 0 1 0 0 1 1 0 0 1 0
180	36	1 1 1 0 0 1 0 1 1 1 0 0 0 0 1 1 0 0 1 0 1 0 0 1 1 0 0 0 0 1 0 1 0 0 1 0 1 0 0 0 0 0 0 0 1 1 0 0 1 0
180	1	1 1 1 0 0 1 0 1 1 0 0 0 0 0 1 1 0 0 1 0 1 0 0 1 1 0 0 0 0 1 0 1 0 0 1 0 1 0 0 0 0 0 0 0 1 0 0 0 1 0
180	1	1 1 1 0 0 1 0 1 1 0 0 0 0 0 1 1 0 0 1 0 1 0 0 1 1 0 0 0 0 1 0 0 0 0 1 0 1 0 0 0 0 0 0 0 1 1 0 0 1 0
180	1	1 1 1 0 0 1 0 1 1 0 0 0 0 0 1 1 0 0 1 0 1 0 0 1 1 0 1 0 0 1 0 1 0 0 1 0 1 0 0 0 0 0 0 0 1 1 0 0 1 0
180	1	1 1 1 0 0 1 0 1 1 0 0 0 1 0 1 1 0 0 1 0 1 0 0 1 1 0 0 0 0 1 0 1 0 0 1 0 1 0 0 0 0 0 0 0 1 1 0 0 1 0
180	39	1 1 1 0 0 1 0 1 1 0 0 0 0 0 1 1 0 0 1 0 1 0 0 1 1 0 0 0 0 1 0 1 0 0 1 0 1 0 0 0 0 0 0 0 1 1 0 0 1 0
180	1	1 1 1 0 1 1 0 1 1 0 0 0 0 0 1 1 0 0 1 0 1 0 0 1 1 0 0 0 0 1 1 1 0 0 0 0 1 0 0 0 0 0 0 1 1 1 0 0 1 0
180	5	1 1 1 0 1 1 0 1 1 0 0 0 0 0 1 1 0 0 1 0 1 0 0 1 1 0 0 0 0 1 0 1 0 0 0 0 1 0 0 0 0 0 0 1 1 1 0 0 1 0
180	2	0 1 0 1 1 0 1 1 0 0 0 1 1 0 0 0 1 1 1 0 0 1 0 1 1 1 1 0 1 1 1 1 1 0 0 0 0 0 1 1 0 0 0 0 0 0 1 1 1 0
190	2	1 1 1 0 0 1 0 1 1 0 0 0 0 0 1 1 0 1 1 0 1 0 0 1 1 0 0 0 0 1 0 1 0 0 0 0 1 0 0 0 0 0 0 0 1 1 0 0 1 0
190	3	1 1 1 0 0 1 0 1 1 0 0 0 0 0 1 1 0 1 1 0 1 0 0 1 1 0 0 0 0 1 0 1 0 0 1 0 1 0 0 0 0 0 0 0 1 1 0 0 1 0
190	3	1 1 1 0 0 1 0 1 1 1 0 0 0 0 1 1 0 0 1 0 1 0 0 0 1 0 0 0 0 1 0 1 0 0 1 0 1 0 0 0 0 0 0 0 1 1 0 0 1 0
190	1	1 1 1 0 0 1 0 1 1 1 0 0 0 0 1 1 0 0 1 0 1 0 0 1 1 0 0 0 0 1 1 1 0 0 1 0 1 0 0 0 0 0 0 0 1 1 0 0 1 0
190	6	1 1 1 0 0 1 0 1 1 1 0 0 0 0 1 1 0 0 1 1 1 0 0 1 1 0 0 0 0 1 0 1 0 0 1 0 1 0 0 0 0 0 0 0 1 1 0 0 1 0
190	1	1 1 1 0 0 1 0 1 1 1 0 0 0 0 1 1 0 0 1 0 1 0 0 1 1 0 0 0 0 1 0 1 0 0 1 0 1 0 0 0 0 0 0 0 1 0 0 0 1 0
190	34	1 1 1 0 0 1 0 1 1 1 0 0 0 0 1 1 0 0 1 0 1 0 0 1 1 0 0 0 0 1 0 1 0 0 1 0 1 0 0 0 0 0 0 0 1 1 0 0 1 0
190	2	1 1 1 0 0 1 0 1 1 1 0 0 0 0 1 1 0 1 1 0 1 0 0 1 1 0 0 0 0 1 0 1 0 0 1 0 1 0 0 0 0 0 0 0 1 1 0 0 1 0
190	5	1 1 1 0 0 1 1 1 1 0 0 0 0 0 1 1 0 0 1 0 1 0 0 1 1 0 0 0 0 1 0 1 0 0 1 0 1 0 0 0 0 0 0 0 1 1 0 0 1 0
190	2	1 1 1 0 0 1 0 1 1 0 0 0 0 0 1 1 0 0 1 0 1 0 0 1 1 0 0 0 0 1 0 0 0 0 1 0 1 0 0 0 0 0 0 0 1 1 0 0 1 0
190	31	1 1 1 0 0 1 0 1 1 0 0 0 0 0 1 1 0 0 1 0 1 0 0 1 1 0 0 0 0 1 0 1 0 0 1 0 1 0 0 0 0 0 0 0 1 1 0 0 1 0
190	3	1 1 1 0 1 1 0 1 1 0 0 0 0 0 1 1 0 0 1 0 1 0 0 1 1 0 0 0 0 1 1 1 0 0 0 0 1 0 0 0 0 0 0 1 1 1 0 0 1 0
190	6	1 1 1 0 1 1 0 1 1 0 0 0 0 0 1 1 0 0 1 0 1 0 0 1 1 0 0 0 0 1 0 1 0 0 0 0 1 0 0 0 0 0 0 1 1 1 0 0 1 0
190	1	0 1 0 1 1 0 1 1 0 0 0 1 1 0 0 0 1 1 1 0 0 1 0 1 1 1 1 0 1 1 1 1 1 0 0 0 0 0 1 1 0 0 0 0 0 0 1 1 1 0
200	1	1 1 1 0 0 1 0 1 1 0 0 0 0 0 1 1 0 1 1 0 1 0 0 1 1 0 0 0 0 1 0 1 0 0 1 0 1 1 0 0 0 0 0 0 1 1 0 0 1 0
200	2	1 1 1 0 0 1 0 1 1 0 0 0 0 0 1 1 0 1 1 0 1 0 0 1 1 0 0 0 0 1 0 1 0 0 1 0 1 0 0 0 0 0 0 0 1 1 0 0 1 0
200	2	1 1 1 0 0 1 0 1 1 1 0 0 0 0 1 1 0 0 1 0 1 0 0 0 1 0 0 0 0 1 0 1 0 0 1 0 1 0 0 0 0 0 0 0 1 1 0 0 1 0
200	4	1 1 1 0 0 1 0 1 1 1 0 0 0 0 1 1 0 0 1 1 1 0 0 1 1 0 0 0 0 1 0 1 0 0 1 0 1 0 0 0 0 0 0 0 1 1 0 0 1 0
200	1	1 1 1 0 0 1 0 1 1 1 0 0 0 0 1 1 0 0 1 0 1 0 0 1 1 0 0 0 0 1 0 1 0 0 1 0 1 0 0 0 0 0 0 0 1 1 1 0 1 0
200	12	1 1 1 0 0 1 0 1 1 0 0 0 0 0 1 1 0 0 1 0 1 0 0 1 1 0 0 0 0 1 0 1 0 0 1 0 1 0 0 0 0 0 0 0 1 1 0 0 1 0
200	61	1 1 1 0 0 1 0 1 1 1 0 0 0 0 1 1 0 0 1 0 1 0 0 1 1 0 0 0 0 1 0 1 0 0 1 0 1 0 0 0 0 0 0 0 1 1 0 0 1 0
200	2	1 1 1 1 0 1 0 1 1 1 0 0 0 0 1 1 0 0 1 0 1 0 0 1 1 0 0 0 0 1 0 1 0 0 1 0 1 0 0 0 0 0 0 0 1 1 0 0 1 0
200	4	1 1 1 0 0 1 0 1 1 1 0 0 0 0 1 1 0 1 1 0 1 0 0 1 1 0 0 0 0 1 0 1 0 0 1 0 1 0 0 0 0 0 0 0 1 1 0 0 1 0
200	10	1 1 1 0 0 1 1 1 1 0 0 0 0 0 1 1 0 0 1 0 1 0 0 1 1 0 0 0 0 1 0 1 0 0 1 0 1 0 0 0 0 0 0 0 1 1 0 0 1 0
200	1	1 1 1 0 1 1 0 1 1 0 0 0 0 0 1 1 0 0 1 0 1 0 0 1 1 0 0 0 0 1 0 1 0 0 0 0 1 0 0 0 0 0 0 1 1 1 0 0 1 0
210	3	1 1 1 0 0 1 0 1 1 1 0 0 0 0 1 1 0 0 1 0 1 0 0 0 1 0 0 0 0 1 0 1 0 0 1 0 1 0 0 0 0 0 0 0 1 1 0 0 1 0
210	13	1 1 1 0 0 1 0 1 1 1 0 0 0 0 1 1 0 0 1 1 1 0 0 1 1 0 0 0 0 1 0 1 0 0 1 0 1 0 0 0 0 0 0 0 1 1 0 0 1 0
210	1	1 1 1 0 0 1 1 1 1 1 0 0 0 0 1 1 0 0 1 1 1 0 0 1 1 0 0 0 0 1 0 1 0 0 1 0 1 0 0 0 0 0 0 0 1 1 0 0 1 0
210	1	1 1 1 0 0 1 0 1 1 1 0 0 0 0 1 1 0 0 1 0 1 0 0 1 1 0 0 0 0 1 0 1 0 0 0 0 1 0 0 0 0 0 0 0 1 1 0 0 1 0
210	1	1 1 1 0 0 1 0 1 1 1 0 0 0 0 1 1 0 0 1 0 1 0 0 1 1 0 0 0 0 1 0 1 0 0 1 0 1 0 0 0 0 0 0 0 1 1 1 0 1 0
210	6	1 1 1 0 0 1 0 1 1 0 0 0 0 0 1 1 0 0 1 0 1 0 0 1 1 0 0 0 0 1 0 1 0 0 1 0 1 0 0 0 0 0 0 0 1 1 0 0 1 0
210	2	1 1 1 0 0 1 0 1 1 1 0 0 0 0 1 1 0 0 1 0 1 0 0 1 1 0 0 0 0 1 0 0 0 0 1 0 1 0 0 0 0 0 0 0 1 1 0 0 1 0
210	2	1 1 1 0 0 1 0 1 1 1 0 0 0 0 1 1 1 0 1 0 1 0 0 1 1 0 0 0 0 1 0 1 0 0 1 0 1 0 0 0 0 0 0 0 1 1 0 0 1 0
210	1	1 0 1 0 0 1 0 1 1 1 0 0 0 0 1 1 0 0 1 0 1 0 0 1 1 0 0 0 0 1 0 1 0 0 1 0 1 0 0 0 0 0 0 0 1 1 0 0 1 0
210	55	1 1 1 0 0 1 0 1 1 1 0 0 0 0 1 1 0 0 1 0 1 0 0 1 1 0 0 0 0 1 0 1 0 0 1 0 1 0 0 0 0 0 0 0 1 1 0 0 1 0
210	3	1 1 1 0 0 1 0 1 1 1 0 0 0 0 1 1 0 1 1 0 1 0 0 1 1 0 0 0 0 1 0 1 0 0 1 0 1 0 0 0 0 0 0 0 1 1 0 0 1 0
210	11	1 1 1 0 0 1 1 1 1 0 0 0 0 0 1 1 0 0 1 0 1 0 0 1 1 0 0 0 0 1 0 1 0 0 1 0 1 0 0 0 0 0 0 0 1 1 0 0 1 0
210	1	1 1 1 0 1 1 0 1 1 0 0 0 0 0 1 1 0 0 1 0 1 0 0 1 1 0 0 0 0 1 0 1 0 0 0 0 1 0 0 0 0 0 0 1 1 1 0 0 1 0
220	1	1 1 1 0 0 1 0 1 1 1 0 0 0 0 1 1 1 0 1 0 1 0 0 1 1 0 0 0 0 1 0 1 0 0 1 0 1 0 0 0 0 0 0 0 1 1 0 0 1 0
220	47	1 1 1 0 0 1 0 1 1 1 0 0 0 0 1 1 0 0 1 0 1 0 0 1 1 0 0 0 0 1 0 1 0 0 1 0 1 0 0 0 0 0 0 0 1 1 0 0 1 0
220	11	1 1 1 0 0 1 0 1 1 1 0 0 0 0 1 1 0 0 1 0 1 0 0 0 1 0 0 0 0 1 0 1 0 0 1 0 1 0 0 0 0 0 0 0 1 1 0 0 1 0
220	2	1 1 1 0 0 1 0 1 1 1 0 0 0 0 1 1 0 0 1 0 1 0 0 1 1 0 0 0 0 1 1 1 0 0 1 0 1 0 0 0 0 0 0 0 1 1 0 0 1 0
220	15	1 1 1 0 0 1 0 1 1 1 0 0 0 0 1 1 0 0 1 1 1 0 0 1 1 0 0 0 0 1 0 1 0 0 1 0 1 0 0 0 0 0 0 0 1 1 0 0 1 0
220	1	1 1 1 0 0 1 0 1 1 1 0 0 0 0 1 1 0 0 1 0 1 0 0 1 1 0 0 0 0 1 0 1 0 0 1 0 1 0 0 0 0 0 0 0 1 0 0 0 1 0
220	1	1 1 1 0 0 1 0 1 1 0 0 0 0 0 1 1 0 0 1 0 1 0 0 1 1 0 0 0 0 1 0 1 0 0 1 0 1 0 0 0 0 0 0 0 1 1 0 0 1 0
220	1	1 1 1 0 1 1 0 1 1 1 0 0 0 0 1 1 0 0 1 0 1 0 0 1 1 0 0 0 0 1 0 1 0 0 1 0 1 0 0 0 0 0 0 0 1 1 0 0 1 0
220	4	1 1 1 0 0 1 0 1 1 0 0 1 0 0 1 1 0 0 1 0 1 0 0 1 1 0 0 0 0 1 0 1 0 0 1 0 1 0 0 0 0 0 0 0 1 1 0 0 0 0
220	2	1 1 1 0 0 1 1 1 1 0 0 0 0 1 1 1 0 0 1 0 1 0 0 1 1 0 0 0 0 1 0 1 0 0 1 0 1 0 0 0 0 0 0 0 1 1 0 0 1 0
220	1	1 1 1 0 0 1 1 1 1 0 1 0 0 0 1 1 0 0 1 0 1 0 0 1 1 0 0 0 0 1 0 1 0 0 1 0 1 0 0 0 0 0 0 0 1 1 0 0 1 0
220	12	1 1 1 0 0 1 1 1 1 0 0 0 0 0 1 1 0 0 1 0 1 0 0 1 1 0 0 0 0 1 0 1 0 0 1 0 1 0 0 0 0 0 0 0 1 1 0 0 1 0
220	2	1 1 1 0 1 1 0 1 1 0 0 0 0 0 1 1 0 0 1 0 1 0 0 1 1 0 0 0 0 1 0 1 0 0 0 0 1 0 0 0 0 0 0 1 1 1 0 0 1 0
230	18	1 1 1 0 0 1 0 1 1 1 0 0 0 0 1 1 0 0 1 1 1 0 0 1 1 0 0 0 0 1 0 1 0 0 1 0 1 0 0 0 0 0 0 0 1 1 0 0 1 0
230	1	1 1 1 0 0 1 0 1 1 1 0 0 0 0 1 1 0 0 1 0 1 0 0 1 1 0 0 0 0 1 0 1 0 0 1 0 1 0 0 0 0 0 0 0 1 0 0 0 1 0
230	50	1 1 1 0 0 1 0 1 1 1 0 0 0 0 1 1 0 0 1 0 1 0 0 1 1 0 0 0 0 1 0 1 0 0 1 0 1 0 0 0 0 0 0 0 1 1 0 0 1 0
230	1	1 1 1 0 0 1 0 1 1 1 0 0 0 0 1 1 0 0 0 0 1 0 0 1 1 0 0 0 0 1 0 1 0 0 1 0 1 0 0 0 0 0 0 0 1 1 0 0 1 0
230	1	1 0 1 0 0 1 0 1 1 1 0 0 0 0 1 1 0 0 1 0 1 0 0 1 1 0 0 0 0 1 0 1 0 0 1 0 1 0 0 0 0 0 0 0 1 1 0 0 1 0
230	1	1 1 1 0 0 1 0 1 1 1 0 1 0 0 1 1 0 0 1 0 1 0 0 1 1 0 0 0 0 1 0 1 0 0 1 0 1 0 0 0 0 0 0 0 1 1 0 0 1 0
230	1	1 1 1 0 0 1 0 1 1 1 0 0 0 0 1 1 0 0 1 0 1 1 0 1 1 0 0 0 0 1 0 1 0 0 1 0 1 0 0 0 0 0 0 0 1 1 0 0 1 0
230	4	1 1 1 0 0 1 0 1 1 1 0 0 0 0 1 1 0 0 1 0 1 0 0 0 1 0 0 0 0 1 0 1 0 0 1 0 1 0 0 0 0 0 0 0 1 1 0 0 1 0
230	2	1 1 1 0 0 1 0 1 1 1 0 0 0 0 1 1 0 0 1 0 1 0 0 1 1 0 0 0 0 1 1 1 0 0 1 0 1 0 0 0 0 0 0 0 1 1 0 0 1 0
230	1	1 1 1 0 0 1 0 1 1 1 0 0 0 0 1 1 1 0 1 0 1 0 0 1 1 0 0 0 0 1 0 1 0 0 1 0 1 0 0 0 0 0 0 0 1 0 0 0 1 0
230	1	1 1 1 0 0 1 0 1 1 1 0 0 0 0 1 1 0 0 1 0 1 0 0 1 1 0 0 0 0 1 0 0 0 0 1 0 1 0 0 0 0 0 0 0 1 0 0 0 1 0
230	1	1 1 1 0 0 1 0 1 1 1 0 0 0 0 1 1 0 0 1 0 1 0 0 1 1 0 0 1 0 1 0 1 0 0 1 0 1 0 0 0 0 0 0 0 1 0 0 0 1 0
230	2	1 1 1 0 0 1 0 1 1 1 0 0 0 0 1 1 0 0 1 0 1 0 0 1 1 0 0 0 0 1 0 1 0 0 0 0 1 0 0 0 0 0 0 0 1 1 0 0 1 0
230	2	1 1 1 0 0 1 0 1 1 0 0 0 0 0 1 1 0 0 1 0 1 0 0 1 1 0 0 0 0 1 0 1 0 0 1 0 1 0 0 0 0 0 0 0 1 1 0 0 1 0
230	1	1 1 1 0 1 1 0 1 1 1 0 0 0 0 1 1 0 0 1 0 1 0 0 1 1 0 0 0 0 1 0 1 0 0 1 0 1 0 0 0 0 0 0 0 1 1 0 0 1 0
230	1	1 1 1 0 0 1 1 1 1 0 1 0 0 0 1 1 0 0 1 0 1 0 0 1 1 0 0 0 0 1 0 1 0 0 1 0 1 0 0 0 0 0 0 0 1 1 0 0 1 0
230	12	1 1 1 0 0 1 1 1 1 0 0 0 0 0 1 1 0 0 1 0 1 0 0 1 1 0 0 0 0 1 0 1 0 0 1 0 1 0 0 0 0 0 0 0 1 1 0 0 1 0
240	1	1 1 1 0 0 1 0 1 1 1 0 0 0 0 1 1 1 0 1 0 1 0 0 1 1 0 0 0 0 1 0 1 0 0 1 0 1 0 0 0 0 0 0 0 1 1 0 0 1 0
240	13	1 1 1 0 0 1 0 1 1 1 0 0 0 0 1 1 0 0 1 1 1 0 0 1 1 0 0 0 0 1 0 1 0 0 1 0 1 0 0 0 0 0 0 0 1 1 0 0 1 0
240	3	1 1 1 0 0 1 0 1 1 1 0 0 0 0 1 1 0 0 1 0 1 0 0 1 1 0 0 1 0 1 0 1 0 0 1 0 1 0 0 0 0 0 0 0 1 0 0 0 1 0
240	4	1 1 1 0 0 1 0 1 1 1 0 0 0 0 1 1 0 0 1 0 1 0 0 1 1 0 0 0 0 1 0 1 0 0 1 0 1 0 0 0 0 0 0 0 1 0 0 0 1 0
240	1	1 1 1 0 0 1 0 1 1 1 0 0 0 0 1 1 0 0 1 0 1 0 0 1 1 0 0 0 0 0 0 1 0 0 1 0 1 0 0 0 0 0 0 0 1 1 0 0 1 0
240	47	1 1 1 0 0 1 0 1 1 1 0 0 0 0 1 1 0 0 1 0 1 0 0 1 1 0 0 0 0 1 0 1 0 0 1 0 1 0 0 0 0 0 0 0 1 1 0 0 1 0
240	5	1 1 1 0 0 1 0 1 1 1 0 0 0 0 1 1 0 0 1 0 1 0 0 0 1 0 0 0 0 1 0 1 0 0 1 0 1 0 0 0 0 0 0 0 1 1 0 0 1 0
240	10	1 1 1 0 0 1 0 1 1 1 0 0 0 0 1 1 0 0 1 0 1 0 0 1 1 0 0 0 0 1 0 0 0 0 1 0 1 0 0 0 0 0 0 0 1 0 0 0 1 0
240	3	1 1 1 0 0 1 0 1 1 1 0 0 0 0 1 1 0 0 1 0 1 0 0 1 1 0 0 0 0 1 0 1 0 0 0 0 1 0 0 0 0 0 0 0 1 1 0 0 1 0
240	1	1 1 1 0 1 1 0 1 1 1 0 0 0 0 1 1 0 0 1 0 1 0 0 1 1 0 0 0 0 1 0 1 0 0 1 0 1 0 0 0 0 0 0 0 1 1 0 0 1 0
240	3	1 1 1 0 0 1 1 1 1 0 0 0 0 1 1 1 0 0 1 0 1 0 0 1 1 0 0 0 0 1 0 1 0 0 1 0 1 0 0 0 0 0 0 0 1 1 0 0 1 0
240	7	1 1 1 0 0 1 1 1 1 0 0 0 0 0 1 1 0 0 1 0 1 0 0 1 1 0 0 0 0 1 0 1 0 0 1 0 1 0 0 0 0 0 0 0 1 1 0 0 1 0
240	2	1 1 1 0 1 1 0 1 1 0 0 0 0 0 1 1 0 0 1 0 1 0 0 1 1 0 0 0 0 1 0 1 0 0 0 0 1 0 0 0 0 0 0 1 1 1 0 0 1 0
250	1	1 1 1 0 0 1 0 1 1 1 0 0 0 0 1 1 1 0 1 0 1 0 0 1 1 0 0 0 1 1 0 1 0 0 1 0 1 0 0 0 0 0 0 0 1 1 0 0 1 0
250	1	1 1 1 0 0 1 0 1 1 1 0 0 0 0 1 1 1 0 1 0 1 0 0 1 1 0 0 0 0 1 0 1 0 0 1 0 1 0 0 0 0 0 0 0 1 1 0 0 1 1
250	2	1 1 1 0 0 1 0 1 1 1 0 0 0 0 1 1 1 0 1 0 1 0 0 1 1 0 0 0 0 1 0 1 0 0 1 0 1 0 0 0 0 0 0 0 1 1 0 0 1 0
250	2	1 1 1 0 1 1 0 1 1 1 0 0 0 0 1 1 0 0 1 1 1 0 0 1 1 0 0 0 0 1 0 1 0 0 1 0 1 0 0 0 0 0 0 0 1 1 0 0 1 0
250	9	1 1 1 0 0 1 0 1 1 1 0 0 0 0 1 1 0 0 1 1 1 0 0 1 1 0 0 0 0 1 0 1 0 0 1 0 1 0 0 0 0 0 0 0 1 1 0 0 1 0
250	5	1 1 1 0 0 1 0 1 1 1 0 0 0 0 1 1 0 0 1 0 1 0 0 1 1 0 0 1 0 1 0 1 0 0 1 0 1 0 0 0 0 0 0 0 1 0 0 0 1 0
250	6	1 1 1 0 0 1 0 1 1 1 0 0 0 0 1 1 0 0 1 0 1 0 0 1 1 0 0 0 0 1 0 1 0 0 1 0 1 0 0 0 0 0 0 0 1 0 0 0 1 0
250	1	1 1 1 1 0 1 0 1 1 1 0 0 0 0 1 1 0 0 1 0 1 0 0 1 1 0 0 0 0 1 0 1 0 0 1 0 1 0 0 0 0 0 0 0 1 1 0 0 1 0
250	43	1 1 1 0 0 1 0 1 1 1 0 0 0 0 1 1 0 0 1 0 1 0 0 1 1 0 0 0 0 1 0 1 0 0 1 0 1 0 0 0 0 0 0 0 1 1 0 0 1 0
250	1	1 1 1 0 0 1 0 1 1 1 0 0 0 0 0 1 0 0 1 0 1 0 0 0 1 0 0 0 0 1 0 1 0 0 1 0 1 0 0 0 0 0 0 0 1 1 0 0 1 0
250	11	1 1 1 0 0 1 0 1 1 1 0 0 0 0 1 1 0 0 1 0 1 0 0 0 1 0 0 0 0 1 0 1 0 0 1 0 1 0 0 0 0 0 0 0 1 1 0 0 1 0
250	1	1 1 1 0 0 1 0 1 1 1 0 0 0 0 1 1 1 0 1 0 1 0 0 1 1 0 0 0 0 1 0 1 0 0 1 0 1 0 0 0 0 0 0 0 1 0 0 0 1 0
250	10	1 1 1 0 0 1 0 1 1 1 0 0 0 0 1 1 0 0 1 0 1 0 0 1 1 0 0 0 0 1 0 0 0 0 1 0 1 0 0 0 0 0 0 0 1 0 0 0 1 0
250	5	1 1 1 0 0 1 1 1 1 0 0 0 0 0 1 1 0 0 1 0 1 0 0 1 1 0 0 0 0 1 0 1 0 0 1 0 1 0 0 0 0 0 0 0 1 1 0 0 1 0
250	2	1 1 1 0 1 1 0 1 1 0 0 0 0 0 1 1 0 0 1 0 1 0 0 1 1 0 0 0 0 1 0 1 0 0 0 0 1 0 0 0 0 0 0 1 1 1 0 0 1 0
260	3	1 1 1 0 0 1 0 1 1 1 0 0 0 0 1 1 1 0 1 0 1 0 0 1 1 0 0 0 0 1 0 1 0 0 1 0 1 0 0 0 0 0 0 0 1 1 0 0 1 0
260	1	1 1 1 0 1 1 0 1 1 1 0 0 0 0 1 1 0 0 1 1 1 0 0 1 1 0 0 0 0 1 0 1 0 0 1 0 1 0 0 0 0 0 0 0 1 1 0 0 1 0
260	1	1 1 1 0 0 1 0 1 1 1 0 0 0 0 1 1 0 0 1 1 1 0 0 1 1 0 0 0 0 1 0 1 0 0 1 0 1 0 0 0 0 0 0 0 1 1 0 1 1 0
260	1	1 1 1 0 0 1 0 1 1 1 0 0 1 0 1 1 0 0 1 1 1 0 0 1 1 0 0 0 0 1 0 1 0 0 1 0 1 0 0 0 0 0 0 0 1 1 0 0 1 0
260	10	1 1 1 0 0 1 0 1 1 1 0 0 0 0 1 1 0 0 1 1 1 0 0 1 1 0 0 0 0 1 0 1 0 0 1 0 1 0 0 0 0 0 0 0 1 1 0 0 1 0
260	3	1 1 1 0 0 1 0 1 1 1 0 0 0 0 1 1 0 0 1 0 1 0 0 1 1 0 0 1 0 1 0 1 0 0 1 0 1 0 0 0 0 0 0 0 1 0 0 0 1 0
260	1	1 1 1 0 0 1 0 1 1 1 0 0 0 0 1 1 0 0 1 0 0 0 0 1 1 0 0 0 0 1 0 1 0 0 1 0 1 0 0 0 0 0 0 0 1 0 0 0 1 0
260	2	1 1 1 0 0 1 0 1 1 1 0 0 0 0 0 1 0 0 1 0 1 0 0 1 1 0 0 0 0 1 0 1 0 0 1 0 1 0 0 0 0 0 0 0 1 0 0 0 1 0
260	11	1 1 1 0 0 1 0 1 1 1 0 0 0 0 1 1 0 0 1 0 1 0 0 1 1 0 0 0 0 1 0 1 0 0 1 0 1 0 0 0 0 0 0 0 1 0 0 0 1 0
260	42	1 1 1 0 0 1 0 1 1 1 0 0 0 0 1 1 0 0 1 0 1 0 0 1 1 0 0 0 0 1 0 1 0 0 1 0 1 0 0 0 0 0 0 0 1 1 0 0 1 0
260	6	1 1 1 0 0 1 0 1 1 1 0 0 0 0 1 1 0 0 1 0 1 0 0 0 1 0 0 0 0 1 0 1 0 0 1 0 1 0 0 0 0 0 0 0 1 1 0 0 1 0
260	5	1 1 1 0 0 1 0 1 1 1 0 0 0 0 1 1 1 0 1 0 1 0 0 1 1 0 0 0 0 1 0 1 0 0 1 0 1 0 0 0 0 0 0 0 1 0 0 0 1 0
260	9	1 1 1 0 0 1 0 1 1 1 0 0 0 0 1 1 0 0 1 0 1 0 0 1 1 0 0 0 0 1 0 0 0 0 1 0 1 0 0 0 0 0 0 0 1 0 0 0 1 0
260	2	1 1 1 0 0 1 1 1 1 0 0 0 0 0 1 1 0 0 1 0 1 0 0 1 1 0 0 0 0 1 0 1 0 0 1 0 1 0 0 0 0 0 0 0 1 1 0 0 1 0
260	3	1 1 1 0 1 1 0 1 1 0 0 0 0 0 1 1 0 0 1 0 1 0 0 1 1 0 0 0 0 1 0 1 0 0 0 0 1 0 0 0 0 0 0 1 1 1 0 0 1 0
270	1	1 1 1 0 0 1 0 1 1 1 0 0 0 0 1 1 1 0 1 0 1 0 0 1 1 0 0 0 0 1 0 1 0 0 1 0 1 0 0 0 0 0 0 0 1 1 0 0 1 0
270	1	1 1 1 0 1 1 0 1 1 1 0 0 0 0 1 1 0 0 1 1 1 0 0 1 1 0 0 0 0 1 0 1 0 0 1 0 1 0 0 0 0 0 0 0 1 1 0 0 1 0
270	5	1 1 1 0 0 1 0 1 1 1 0 0 0 0 1 1 0 0 1 0 1 0 0 1 1 0 0 1 0 1 0 1 0 0 1 0 1 0 0 0 0 0 0 0 1 0 0 0 1 0
270	1	1 1 1 0 0 1 0 1 1 1 0 0 0 0 1 1 0 0 1 0 1 0 0 1 1 0 0 0 0 1 0 1 0 0 1 0 1 0 0 0 0 0 0 0 0 0 0 0 1 0
270	7	1 1 1 0 0 1 0 1 1 1 0 0 0 0 1 1 1 0 1 0 1 0 0 1 1 0 0 0 0 1 0 1 0 0 1 0 1 0 0 0 0 0 0 0 1 0 0 0 1 0
270	1	1 1 1 0 0 1 0 1 1 1 0 0 0 0 1 1 0 0 1 0 1 1 0 1 1 0 0 0 0 1 0 1 0 0 1 0 1 0 0 0 0 0 0 0 1 1 0 0 1 0
270	1	1 1 1 0 0 1 0 1 1 1 0 0 1 0 1 1 0 0 1 0 1 0 0 1 1 0 0 0 0 1 0 1 0 0 1 0 1 0 0 0 0 0 0 0 1 1 0 0 1 0
270	33	1 1 1 0 0 1 0 1 1 1 0 0 0 0 1 1 0 0 1 0 1 0 0 1 1 0 0 0 0 1 0 1 0 0 1 0 1 0 0 0 0 0 0 0 1 1 0 0 1 0
270	2	1 1 1 0 0 1 0 1 1 1 0 1 0 0 1 1 0 0 1 0 1 0 0 1 1 0 0 0 0 1 0 1 0 0 1 0 1 0 0 0 0 0 0 0 1 0 0 0 1 0
270	17	1 1 1 0 0 1 0 1 1 1 0 0 0 0 1 1 0 0 1 0 1 0 0 1 1 0 0 0 0 1 0 1 0 0 1 0 1 0 0 0 0 0 0 0 1 0 0 0 1 0
270	1	1 1 1 1 0 1 0 1 1 1 0 0 0 0 1 1 0 0 1 0 1 0 0 1 1 0 0 0 0 1 0 1 0 0 1 0 1 0 0 0 0 0 0 0 1 1 0 0 1 0
270	3	1 1 1 0 0 1 0 1 1 1 0 0 0 0 0 1 0 0 1 0 1 0 0 0 1 0 0 0 0 1 0 1 0 0 1 0 1 0 0 0 0 0 0 0 1 1 0 0 1 0
270	1	1 1 1 0 0 0 0 1 1 1 0 0 0 0 1 1 0 0 1 0 1 0 0 0 1 0 0 0 0 1 0 1 0 0 1 0 1 0 0 0 0 0 0 0 1 1 0 0 1 0
270	1	1 1 1 0 1 1 0 1 1 1 0 0 0 0 1 1 0 0 1 0 1 0 0 0 1 0 0 0 0 1 0 1 0 0 1 0 1 0 0 0 0 0 0 0 1 1 0 0 1 0
270	6	1 1 1 0 0 1 0 1 1 1 0 0 0 0 1 1 0 0 1 0 1 0 0 0 1 0 0 0 0 1 0 1 0 0 1 0 1 0 0 0 0 0 0 0 1 1 0 0 1 0
270	1	1 1 1 0 0 1 0 1 1 1 0 0 0 0 1 1 0 0 1 0 1 0 0 1 1 0 0 0 0 1 0 0 0 0 1 0 1 0 0 0 0 0 0 0 1 0 0 1 1 0
270	17	1 1 1 0 0 1 0 1 1 1 0 0 0 0 1 1 0 0 1 0 1 0 0 1 1 0 0 0 0 1 0 0 0 0 1 0 1 0 0 0 0 0 0 0 1 0 0 0 1 0
270	1	1 1 1 0 0 1 1 1 1 0 0 0 0 0 1 1 0 0 1 0 1 0 0 1 1 0 0 0 0 1 0 1 0 0 1 0 1 0 0 0 0 0 0 0 1 1 0 0 1 0
280	1	1 1 1 0 1 1 0 1 1 1 0 0 0 0 1 1 0 0 1 1 1 0 0 1 1 0 0 0 0 1 0 1 0 0 1 0 1 0 0 0 0 0 0 0 1 1 0 0 1 0
280	2	1 1 1 0 0 1 0 1 1 1 0 0 0 0 1 1 0 0 1 1 1 0 0 1 1 0 0 0 0 1 0 1 0 0 1 0 1 0 0 0 0 0 0 0 1 1 0 0 1 0
280	8	1 1 1 0 0 1 0 1 1 1 0 0 0 0 1 1 0 0 1 0 1 0 0 1 1 0 0 1 0 1 0 1 0 0 1 0 1 0 0 0 0 0 0 0 1 0 0 0 1 0
280	2	1 1 1 0 0 1 0 1 1 1 0 0 0 0 1 1 0 0 1 1 1 0 0 1 1 0 0 0 0 1 0 1 0 0 1 0 1 0 0 0 0 0 0 0 0 0 0 0 1 0
280	2	1 1 1 0 0 1 0 1 1 1 0 0 0 0 1 1 0 0 1 0 1 0 0 1 1 0 0 0 0 1 0 1 0 0 1 0 1 0 0 0 0 0 0 0 0 0 0 0 1 0
280	4	1 1 1 0 0 1 0 1 1 1 0 0 0 0 1 1 1 0 1 0 1 0 0 1 1 0 0 0 0 1 0 1 0 0 1 0 1 0 0 0 0 0 0 0 1 0 0 0 1 0
280	1	1 1 1 0 0 1 0 1 1 1 0 0 0 0 1 1 0 0 1 0 1 0 0 1 1 1 0 0 0 1 0 1 0 0 1 0 1 0 0 0 0 0 0 0 1 1 0 0 1 0
280	1	1 1 1 0 0 0 0 1 1 1 0 0 0 0 1 1 0 0 1 0 1 0 0 1 1 0 0 0 0 1 0 1 0 0 1 0 1 0 0 0 0 0 0 0 1 1 0 0 1 0
280	1	1 1 1 0 0 1 0 1 1 1 0 0 0 0 1 1 0 0 1 0 1 0 0 0 1 0 0 0 0 1 0 1 0 0 1 0 1 0 0 0 0 0 0 0 1 0 0 0 1 0
280	1	1 1 1 0 1 1 0 1 1 1 0 0 0 0 1 1 0 0 1 0 1 0 0 1 1 0 0 0 0 1 0 1 0 0 1 0 1 0 0 0 0 0 0 0 1 0 0 0 1 0
280	23	1 1 1 0 0 1 0 1 1 1 0 0 0 0 1 1 0 0 1 0 1 0 0 1 1 0 0 0 0 1 0 1 0 0 1 0 1 0 0 0 0 0 0 0 1 0 0 0 1 0
280	16	1 1 1 0 0 1 0 1 1 1 0 0 0 0 1 1 0 0 1 0 1 0 0 1 1 0 0 0 0 1 0 1 0 0 1 0 1 0 0 0 0 0 0 0 1 1 0 0 1 0
280	1	1 1 1 1 0 1 0 1 1 1 0 0 0 0 1 1 0 0 1 0 1 0 0 1 1 0 0 0 0 1 0 1 0 0 1 0 1 0 0 0 0 0 0 0 1 1 0 0 1 0
280	1	1 1 1 0 0 1 0 1 1 1 0 0 0 0 1 1 0 0 1 0 1 0 0 1 1 0 0 0 1 1 0 1 0 0 1 0 1 0 0 0 0 0 0 0 1 1 0 0 1 0
280	7	1 1 1 0 0 1 0 1 1 1 0 0 0 0 1 1 0 0 1 0 1 0 0 0 1 0 0 0 0 1 0 1 0 0 1 0 1 0 0 0 0 0 0 0 1 1 0 0 1 0
280	6	1 1 1 0 0 1 0 1 1 1 0 0 0 0 1 1 1 0 1 0 1 1 0 1 1 0 0 0 0 1 0 1 0 0 1 0 1 0 0 0 0 0 0 0 1 0 0 0 1 0
280	20	1 1 1 0 0 1 0 1 1 1 0 0 0 0 1 1 0 0 1 0 1 0 0 1 1 0 0 0 0 1 0 0 0 0 1 0 1 0 0 0 0 0 0 0 1 0 0 0 1 0
280	1	1 1 1 0 0 1 1 1 1 0 0 0 0 0 1 1 0 0 1 0 1 0 0 1 1 0 0 0 0 1 0 1 0 1 1 0 1 0 0 0 0 0 0 0 1 1 0 0 1 0
280	1	1 1 1 0 0 1 1 1 1 0 0 0 0 0 1 1 0 0 1 0 1 0 0 1 1 0 0 0 0 1 0 1 0 0 1 0 1 0 0 0 0 0 0 0 1 1 0 0 1 0
280	1	1 1 1 0 1 1 0 1 1 0 0 0 0 0 1 1 0 0 1 0 1 0 0 1 1 0 0 0 0 1 0 1 0 0 0 0 1 0 0 0 0 0 0 1 1 1 0 0 1 0
290	1	1 1 1 0 0 1 0 1 1 1 0 0 0 0 1 1 1 0 1 0 1 0 0 1 1 0 0 0 0 1 0 1 0 0 1 0 1 0 0 0 0 0 0 0 1 1 0 0 1 0
290	2	1 1 1 0 0 1 0 1 1 1 0 0 1 0 1 1 0 0 1 1 1 0 0 1 1 0 0 0 0 1 0 1 0 0 1 0 1 0 0 0 0 0 0 0 1 1 0 0 1 0
290	10	1 1 1 0 0 1 0 1 1 1 0 0 0 0 1 1 0 0 1 0 1 0 0 1 1 0 0 1 0 1 0 1 0 0 1 0 1 0 0 0 0 0 0 0 1 0 0 0 1 0
290	1	1 1 1 0 0 1 0 1 1 1 0 0 0 0 1 1 0 0 1 1 1 0 0 1 1 0 0 0 0 1 0 1 0 0 1 0 1 0 0 0 0 0 0 0 0 0 0 0 1 1
290	1	1 1 1 0 0 1 0 1 1 1 0 0 0 0 1 1 0 0 1 1 1 0 0 1 1 0 0 0 0 1 0 1 0 0 1 0 1 0 0 0 0 0 0 0 0 0 0 0 1 0
290	3	1 1 1 0 0 1 0 1 1 1 0 0 0 0 1 1 0 0 1 0 1 0 0 1 1 0 0 0 0 1 0 1 0 0 1 0 1 0 0 0 0 0 0 0 0 0 0 0 1 0
290	12	1 1 1 0 0 1 0 1 1 1 0 0 0 0 1 1 1 0 1 0 1 0 0 1 1 0 0 0 0 1 0 1 0 0 1 0 1 0 0 0 0 0 0 0 1 0 0 0 1 0
290	1	1 1 1 0 0 1 0 1 1 1 0 0 0 0 1 1 0 0 1 0 1 0 0 1 1 1 0 0 0 1 0 1 0 0 1 0 1 0 0 0 0 0 0 0 1 1 0 0 1 0
290	1	1 1 1 0 0 1 0 1 1 1 0 0 0 0 1 1 0 0 1 0 1 0 0 1 1 0 0 0 0 1 0 1 0 0 1 0 1 0 0 0 0 0 0 1 1 0 0 0 1 0
290	18	1 1 1 0 0 1 0 1 1 1 0 0 0 0 1 1 0 0 1 0 1 0 0 1 1 0 0 0 0 1 0 1 0 0 1 0 1 0 0 0 0 0 0 0 1 0 0 0 1 0
290	16	1 1 1 0 0 1 0 1 1 1 0 0 0 0 1 1 0 0 1 0 1 0 0 1 1 0 0 0 0 1 0 1 0 0 1 0 1 0 0 0 0 0 0 0 1 1 0 0 1 0
290	3	1 1 1 1 0 1 0 1 1 1 0 0 0 0 1 1 0 0 1 0 1 0 0 1 1 0 0 0 0 1 0 1 0 0 1 0 1 0 0 0 0 0 0 0 1 1 0 0 1 0
290	2	1 1 1 0 0 1 0 1 1 1 0 0 0 0 1 1 0 0 1 0 1 0 0 0 1 0 0 0 0 1 0 1 0 0 1 0 1 0 0 0 0 0 0 0 1 1 0 0 1 0
290	3	1 1 1 0 0 1 0 1 1 1 0 0 0 0 1 1 1 0 1 0 1 1 0 1 1 0 0 0 0 1 0 1 0 0 1 0 1 0 0 0 0 0 0 0 1 0 0 0 1 0
290	2	1 1 1 0 0 1 0 1 1 1 0 0 0 0 1 1 0 0 1 0 1 0 0 1 1 0 0 0 0 1 0 0 0 0 1 0 1 0 0 0 1 0 0 0 1 0 0 0 1 0
290	1	1 1 1 0 0 1 0 1 1 1 0 1 0 0 1 1 0 0 1 0 1 0 0 1 1 0 0 0 0 1 0 0 0 0 1 0 1 0 0 0 0 0 0 0 1 0 0 0 1 0
290	1	1 1 1 0 0 1 0 1 1 1 0 0 0 0 1 1 0 0 1 0 1 0 0 1 1 0 0 0 0 1 0 0 0 0 1 0 1 0 0 0 0 0 0 0 1 0 0 0 1 1
290	22	1 1 1 0 0 1 0 1 1 1 0 0 0 0 1 1 0 0 1 0 1 0 0 1 1 0 0 0 0 1 0 0 0 0 1 0 1 0 0 0 0 0 0 0 1 0 0 0 1 0
300	4	1 1 1 0 1 1 0 1 1 1 0 0 0 0 1 1 0 0 1 1 1 0 0 1 1 0 0 0 0 1 0 1 0 0 1 0 1 0 0 0 0 0 0 0 1 1 0 0 1 0
300	1	1 1 1 0 0 1 0 1 1 1 0 0 1 0 1 1 0 0 1 1 1 0 0 1 1 0 0 0 0 1 0 1 0 0 1 0 1 0 0 0 0 0 0 0 1 1 0 0 1 0
300	1	1 1 1 0 0 1 0 1 1 1 0 0 0 0 1 1 0 0 1 0 1 0 0 1 1 1 0 1 0 1 0 1 0 0 1 0 1 0 0 0 0 0 0 0 1 0 0 0 1 0
300	1	1 1 1 0 0 1 0 0 1 1 0 0 0 0 1 1 0 0 1 0 1 0 0 1 1 0 0 1 0 1 0 1 0 0 1 0 1 0 0 0 0 0 0 0 1 0 0 0 1 0
300	5	1 1 1 0 0 1 0 1 1 1 0 0 0 0 1 1 0 0 1 0 1 0 0 1 1 0 0 1 0 1 0 1 0 0 1 0 1 0 0 0 0 0 0 0 1 0 0 0 1 0
300	1	1 1 1 0 0 1 0 1 1 1 0 0 0 0 1 1 0 0 1 1 1 0 0 1 1 0 0 0 0 1 0 1 0 0 1 0 1 0 0 0 0 0 0 0 0 0 0 0 1 0
300	11	1 1 1 0 0 1 0 1 1 1 0 0 0 0 1 1 0 0 1 0 1 0 0 1 1 0 0 0 0 1 0 1 0 0 1 0 1 0 0 0 0 0 0 0 0 0 0 0 1 0
300	14	1 1 1 0 0 1 0 1 1 1 0 0 0 0 1 1 1 0 1 0 1 0 0 1 1 0 0 0 0 1 0 1 0 0 1 0 1 0 0 0 0 0 0 0 1 0 0 0 1 0
300	1	1 1 1 0 0 1 0 1 1 1 0 0 0 0 1 1 0 0 1 0 1 0 0 1 1 1 0 0 0 1 0 1 0 0 1 0 1 0 0 0 0 0 0 0 1 1 0 0 1 0
300	1	1 1 1 0 0 1 0 1 1 1 0 0 0 0 1 1 0 0 1 0 0 0 0 1 1 0 0 0 0 1 0 1 0 0 1 0 1 0 0 0 0 0 0 0 1 0 0 0 1 0
300	17	1 1 1 0 0 1 0 1 1 1 0 0 0 0 1 1 0 0 1 0 1 0 0 1 1 0 0 0 0 1 0 0 0 0 1 0 1 0 0 0 0 0 0 0 1 0 0 0 1 0
300	22	1 1 1 0 0 1 0 1 1 1 0 0 0 0 1 1 0 0 1 0 1 0 0 1 1 0 0 0 0 1 0 1 0 0 1 0 1 0 0 0 0 0 0 0 1 0 0 0 1 0
300	6	1 1 1 0 0 1 0 1 1 1 0 0 0 0 1 1 0 0 1 0 1 0 0 1 1 0 0 0 0 1 0 1 0 0 1 0 1 0 0 0 0 0 0 0 1 1 0 0 1 0
300	1	1 1 1 1 0 1 0 1 1 1 0 0 0 0 1 1 0 0 1 0 1 0 0 1 1 0 0 0 0 1 0 1 0 0 0 0 1 0 0 0 0 0 0 0 1 1 0 0 1 0
300	4	1 1 1 1 0 1 0 1 1 1 0 0 0 0 1 1 0 0 1 0 1 0 0 1 1 0 0 0 0 1 0 1 0 0 1 0 1 0 0 0 0 0 0 0 1 1 0 0 1 0
300	7	1 1 1 0 0 1 0 1 1 1 0 0 0 0 1 1 1 0 1 0 1 1 0 1 1 0 0 0 0 1 0 1 0 0 1 0 1 0 0 0 0 0 0 0 1 0 0 0 1 0
300	1	1 1 1 0 0 1 0 1 1 1 0 0 0 0 1 1 0 0 1 0 1 0 0 1 1 0 0 0 0 1 0 0 0 0 1 0 1 0 0 0 1 0 0 0 1 0 0 0 1 0
300	2	1 0 1 0 0 1 0 1 1 1 0 0 0 0 1 1 0 0 1 0 1 0 0 1 1 0 0 0 0 1 0 0 0 0 1 0 1 0 0 0 0 0 0 0 1 0 0 0 1 0
310	1	1 1 1 0 0 1 0 1 1 1 0 0 1 0 1 1 0 0 1 1 1 0 0 1 1 0 0 0 0 1 0 1 0 0 1 0 1 0 0 0 0 0 0 0 1 1 0 0 1 0
310	1	1 1 1 0 0 1 0 1 1 1 0 0 0 0 1 1 0 0 1 0 1 0 0 1 1 0 0 1 0 1 0 1 0 0 1 0 1 0 1 0 0 0 0 0 1 0 0 0 1 0
310	7	1 1 1 0 0 1 0 1 1 1 0 0 0 0 1 1 0 0 1 0 1 0 0 1 1 0 0 1 0 1 0 1 0 0 1 0 1 0 0 0 0 0 0 0 1 0 0 0 1 0
310	3	1 1 1 0 0 1 0 1 1 1 0 0 0 0 1 1 0 0 1 1 1 0 0 1 1 0 0 0 0 1 0 1 0 0 1 0 1 0 0 0 0 0 0 0 0 0 0 0 1 0
310	14	1 1 1 0 0 1 0 1 1 1 0 0 0 0 1 1 0 0 1 0 1 0 0 1 1 0 0 0 0 1 0 1 0 0 1 0 1 0 0 0 0 0 0 0 0 0 0 0 1 0
310	16	1 1 1 0 0 1 0 1 1 1 0 0 0 0 1 1 1 0 1 0 1 0 0 1 1 0 0 0 0 1 0 1 0 0 1 0 1 0 0 0 0 0 0 0 1 0 0 0 1 0
310	2	1 1 1 0 0 1 0 1 1 1 0 0 0 0 1 1 0 0 1 0 0 0 0 1 1 0 0 0 0 1 0 1 0 0 1 0 1 0 0 0 0 0 0 0 1 0 0 0 1 0
310	1	1 1 1 0 0 1 0 1 1 1 0 0 1 0 1 1 0 0 1 0 1 0 0 1 1 0 0 0 0 1 0 0 0 0 1 0 1 0 0 0 0 0 0 0 1 0 0 0 1 0
310	15	1 1 1 0 0 1 0 1 1 1 0 0 0 0 1 1 0 0 1 0 1 0 0 1 1 0 0 0 0 1 0 0 0 0 1 0 1 0 0 0 0 0 0 0 1 0 0 0 1 0
310	31	1 1 1 0 0 1 0 1 1 1 0 0 0 0 1 1 0 0 1 0 1 0 0 1 1 0 0 0 0 1 0 1 0 0 1 0 1 0 0 0 0 0 0 0 1 0 0 0 1 0
310	1	1 1 1 0 0 1 0 1 1 1 0 0 0 0 1 1 0 0 1 0 1 0 0 1 1 0 0 0 0 1 0 1 0 0 1 0 1 0 0 0 0 0 0 0 1 1 0 0 1 0
310	4	1 1 1 1 0 1 0 1 1 1 0 0 0 0 1 1 0 0 1 0 1 0 0 1 1 0 0 0 0 1 0 1 0 0 1 0 1 0 0 0 0 0 0 0 1 1 0 0 1 0
310	1	1 1 1 0 0 1 0 1 1 1 0 0 0 0 1 1 0 0 1 0 1 0 0 1 1 0 0 0 1 1 0 1 0 0 1 0 1 0 0 0 0 0 0 0 1 1 0 0 1 0
310	3	1 1 1 0 0 1 0 1 1 1 0 0 0 0 1 1 1 0 1 0 1 1 0 1 1 0 0 0 0 1 0 1 0 0 1 0 1 0 0 0 0 0 0 0 1 0 0 0 1 0
