0	100	0 0 0 0 0 0 0 0 0 0
10	1	0 0 0 1 0 0 0 0 0 0
10	1	0 0 1 0 0 0 0 0 0 0
10	2	0 1 0 0 0 0 0 0 0 0
10	2	0 0 0 0 0 0 1 0 0 0
10	1	0 0 0 0 0 0 0 0 1 0
10	93	0 0 0 0 0 0 0 0 0 0
20	1	0 0 0 1 0 0 0 0 0 0
20	1	0 0 1 0 0 0 0 0 0 0
20	1	0 1 0 0 0 0 0 0 0 0
20	1	1 0 0 0 0 0 0 0 0 0
20	3	0 0 0 0 0 0 1 0 0 0
20	3	0 0 0 0 1 0 0 0 0 0
20	90	0 0 0 0 0 0 0 0 0 0
30	1	0 0 0 1 0 0 0 0 0 0
30	3	0 0 1 0 0 0 0 0 0 0
30	3	0 0 0 0 0 0 1 0 0 0
30	6	0 0 0 0 1 0 0 0 0 0
30	3	0 0 0 0 0 0 0 0 1 0
30	2	0 0 0 0 0 0 0 0 0 1
30	82	0 0 0 0 0 0 0 0 0 0
40	5	0 0 0 1 0 0 0 0 0 0
40	2	0 0 1 0 0 0 0 0 0 0
40	1	0 1 0 0 0 0 0 0 0 0
40	4	0 0 0 0 1 0 0 0 0 0
40	7	0 0 0 0 0 0 0 0 1 0
40	1	0 0 0 0 0 1 0 0 0 0
40	1	0 0 0 0 0 0 0 1 0 0
40	79	0 0 0 0 0 0 0 0 0 0
50	1	0 0 0 1 0 0 0 0 1 0
50	1	0 0 0 1 0 0 0 0 0 0
50	1	0 0 1 0 0 1 0 0 0 0
50	13	0 0 1 0 0 0 0 0 0 0
50	1	0 1 1 0 0 0 0 0 0 0
50	11	0 1 0 0 0 0 0 0 0 0
50	4	0 0 0 0 1 0 0 0 0 0
50	1	0 0 0 0 0 0 0 0 1 0
50	67	0 0 0 0 0 0 0 0 0 0
60	1	0 0 1 0 0 0 0 0 0 1
60	6	0 0 1 0 0 0 0 0 0 0
60	71	0 0 0 0 0 0 0 0 0 0
60	9	0 1 0 0 0 0 0 0 0 0
60	6	0 0 0 0 1 0 0 0 0 0
60	3	0 0 0 0 0 1 0 0 0 0
60	3	1 0 0 0 0 0 0 0 0 0
60	1	0 0 0 0 0 0 0 1 0 0
70	1	0 0 0 1 0 0 0 0 0 0
70	3	0 0 1 0 0 1 0 0 0 0
70	10	0 0 1 0 0 0 0 0 0 0
70	6	0 1 0 0 0 0 0 0 0 0
70	1	0 0 0 0 0 0 1 0 0 0
70	2	1 0 0 0 0 0 0 0 0 0
70	9	0 0 0 0 1 0 0 0 0 0
70	68	0 0 0 0 0 0 0 0 0 0
80	1	0 0 1 1 0 0 0 0 0 0
80	6	0 0 1 0 0 1 0 0 0 0
80	1	0 0 1 0 1 0 0 0 0 0
80	58	0 0 0 0 0 0 0 0 0 0
80	9	0 0 1 0 0 0 0 0 0 0
80	1	0 0 0 0 0 0 0 1 0 0
80	3	1 0 0 0 0 0 0 0 0 0
80	13	0 1 0 0 0 0 0 0 0 0
80	6	0 0 0 0 1 0 0 0 0 0
80	1	0 1 0 0 0 0 1 0 0 0
80	1	0 0 0 0 1 1 0 0 0 0
90	2	0 0 1 0 1 0 0 0 0 0
90	5	0 0 1 0 0 0 0 0 0 0
90	2	0 0 0 0 0 0 1 0 0 0
90	1	0 0 0 0 0 0 0 0 0 1
90	1	0 0 0 0 0 0 0 1 0 0
90	1	0 1 0 0 0 0 0 0 0 1
90	15	0 1 0 0 0 0 0 0 0 0
90	3	1 0 0 0 0 0 0 0 0 0
90	10	0 0 0 0 1 0 0 0 0 0
90	59	0 0 0 0 0 0 0 0 0 0
90	1	0 0 0 0 1 1 0 0 0 0
100	2	0 0 1 1 0 0 0 0 0 0
100	14	0 0 1 0 0 0 0 0 0 0
100	1	0 1 0 0 0 0 1 0 0 0
100	4	0 0 0 0 0 0 1 0 0 0
100	1	0 1 0 0 0 0 0 0 1 0
100	3	1 0 0 0 0 0 0 0 0 0
100	58	0 0 0 0 0 0 0 0 0 0
100	14	0 1 0 0 0 0 0 0 0 0
100	2	0 0 0 0 1 0 0 0 0 0
100	1	0 0 0 0 0 0 0 0 1 0
110	1	0 0 0 1 0 0 0 0 0 0
110	7	0 0 1 0 0 0 0 0 0 0
110	1	0 0 0 0 0 0 0 0 0 1
110	3	1 0 0 0 0 0 0 0 0 0
110	1	0 0 0 0 0 0 0 0 1 0
110	54	0 0 0 0 0 0 0 0 0 0
110	1	0 1 0 0 1 0 0 0 0 0
110	19	0 1 0 0 0 0 0 0 0 0
110	13	0 0 0 0 1 0 0 0 0 0
120	17	0 0 1 0 0 0 0 0 0 0
120	3	0 0 0 0 0 0 0 0 0 1
120	1	0 0 0 0 0 0 0 1 0 0
120	1	0 1 0 0 0 0 0 0 0 1
120	24	0 1 0 0 0 0 0 0 0 0
120	40	0 0 0 0 0 0 0 0 0 0
120	1	0 1 0 1 0 0 0 0 0 0
120	2	0 0 0 0 1 1 0 0 0 0
120	11	0 0 0 0 1 0 0 0 0 0
130	2	0 0 1 1 0 0 0 0 0 0
130	1	1 0 0 0 1 0 0 0 0 0
130	4	0 0 0 0 1 0 0 0 0 0
130	1	0 0 0 1 0 0 0 0 0 0
130	38	0 0 0 0 0 0 0 0 0 0
130	1	0 0 1 0 0 0 0 0 1 0
130	17	0 0 1 0 0 0 0 0 0 0
130	3	0 1 0 0 0 0 1 0 0 0
130	1	1 1 0 0 0 0 0 0 0 0
130	1	0 1 0 0 0 0 0 1 0 0
130	31	0 1 0 0 0 0 0 0 0 0
140	5	0 0 1 1 0 0 0 0 0 0
140	6	0 0 0 0 1 0 0 0 0 0
140	25	0 0 1 0 0 0 0 0 0 0
140	44	0 0 0 0 0 0 0 0 0 0
140	2	0 1 0 0 0 0 1 0 0 0
140	16	0 1 0 0 0 0 0 0 0 0
140	1	0 0 1 0 0 0 0 0 1 0
140	1	0 0 1 0 0 0 1 0 0 0
150	3	0 0 1 1 0 0 1 0 0 0
150	20	0 0 1 0 0 0 0 0 0 0
150	7	0 0 1 1 0 0 0 0 0 0
150	2	0 0 0 0 1 0 0 0 0 0
150	1	0 1 0 0 0 1 0 0 0 0
150	1	0 1 0 0 0 0 1 1 0 0
150	2	0 1 0 0 0 0 1 0 0 0
150	1	0 1 0 0 0 0 0 0 1 0
150	24	0 1 0 0 0 0 0 0 0 0
150	1	0 0 0 0 0 0 0 1 0 0
150	1	0 0 0 0 0 0 0 0 1 0
150	1	0 0 0 0 0 0 1 0 0 0
150	34	0 0 0 0 0 0 0 0 0 0
150	2	0 1 0 0 0 0 0 1 0 0
