10	31	0 1 1 0 0 1 1 0 1 1
10	1	1 1 1 0 0 0 1 1 0 1
10	1	0 1 1 0 1 0 1 1 0 1
10	1	0 1 1 0 0 0 1 1 0 0
10	20	0 1 1 0 0 0 1 1 0 1
10	25	1 1 1 0 0 0 1 0 1 0
10	1	0 0 1 1 1 0 0 1 1 0
10	20	0 0 1 1 1 0 1 1 1 0
20	1	0 1 1 0 0 1 1 0 0 1
20	30	0 1 1 0 0 1 1 0 1 1
20	1	0 1 1 0 0 0 1 1 0 0
20	28	0 1 1 0 0 0 1 1 0 1
20	1	1 1 1 0 0 0 0 0 1 0
20	1	1 1 1 0 0 0 1 0 1 1
20	22	1 1 1 0 0 0 1 0 1 0
20	2	0 1 1 1 1 0 1 1 0 0
20	13	0 0 1 1 1 0 1 1 1 0
20	1	1 0 1 1 1 0 1 1 1 0
30	41	0 1 1 0 0 1 1 0 1 1
30	19	0 1 1 0 0 0 1 1 0 1
30	1	1 1 1 0 0 0 1 1 0 1
30	1	0 1 1 0 0 0 0 1 0 0
30	1	0 1 1 0 0 0 1 1 0 0
30	1	0 0 1 0 0 0 1 1 0 1
30	2	1 1 1 0 0 1 0 0 1 0
30	6	1 1 1 0 0 0 0 0 1 0
30	24	1 1 1 0 0 0 1 0 1 0
30	2	0 1 1 1 1 0 1 1 0 0
30	2	0 0 1 1 1 0 1 1 1 0
40	2	1 1 1 0 0 1 1 0 1 1
40	1	0 1 1 0 0 1 1 0 1 0
40	30	0 1 1 0 0 1 1 0 1 1
40	9	0 1 1 0 0 0 1 1 0 1
40	1	0 1 1 0 0 0 1 1 0 0
40	1	0 1 1 0 0 0 0 1 0 0
40	2	1 1 1 0 0 1 0 0 1 0
40	29	1 1 1 0 0 0 0 0 1 0
40	1	1 1 1 0 0 0 1 0 1 1
40	17	1 1 1 0 0 0 1 0 1 0
40	2	1 1 1 0 1 0 1 0 1 0
40	1	1 1 1 1 0 0 1 0 1 0
40	4	0 0 1 1 1 0 1 1 1 0
50	6	0 1 1 0 0 1 1 0 1 1
50	2	0 1 1 0 0 0 1 0 0 1
50	1	0 1 1 0 0 0 1 1 0 1
50	4	0 1 1 1 0 0 1 1 0 1
50	3	1 1 1 0 0 1 0 0 1 0
50	3	1 1 1 0 0 0 0 1 1 0
50	3	1 1 1 0 0 0 0 0 0 0
50	1	1 0 1 0 0 0 0 0 1 0
50	1	1 1 1 0 1 0 1 0 1 0
50	20	1 1 1 0 0 0 1 0 1 0
50	1	0 1 1 0 0 0 0 0 1 0
50	54	1 1 1 0 0 0 0 0 1 0
50	1	1 0 1 1 0 0 1 0 1 0
60	6	0 1 1 0 0 1 1 0 1 1
60	1	0 1 1 0 0 0 1 0 0 1
60	1	1 1 1 0 0 1 1 0 1 0
60	5	1 1 1 0 0 1 0 0 1 0
60	1	1 1 1 0 1 0 0 0 1 0
60	12	1 1 1 0 0 0 1 0 1 0
60	2	1 0 1 0 0 0 0 0 1 0
60	61	1 1 1 0 0 0 0 0 1 0
60	1	1 0 1 0 0 0 0 0 0 0
60	4	1 1 1 0 0 0 0 0 0 0
60	2	0 1 1 1 0 0 0 0 1 0
60	1	1 0 1 1 0 0 1 0 1 0
60	3	1 1 1 1 0 0 1 0 1 0
70	4	1 1 1 0 0 1 0 0 1 0
70	2	1 1 0 0 0 0 0 0 1 0
70	2	1 1 1 0 0 0 1 0 1 0
70	12	1 1 1 0 0 0 0 0 0 0
70	1	1 1 1 0 0 0 0 0 1 1
70	76	1 1 1 0 0 0 0 0 1 0
70	1	1 1 1 0 0 0 0 1 0 1
70	1	1 0 1 1 0 0 0 0 0 0
70	1	1 1 1 1 0 0 1 0 1 0
