0	100	0 0 0 0 0 0 0 0 0 0
10	1	0 0 0 0 1 0 0 0 0 0
10	1	0 0 0 1 0 0 0 0 0 0
10	98	0 0 0 0 0 0 0 0 0 0
20	1	0 1 0 0 0 0 0 0 0 0
20	2	0 0 0 0 0 0 0 0 1 0
20	2	0 0 0 0 0 0 0 0 0 1
20	1	0 0 0 0 0 0 0 1 0 0
20	94	0 0 0 0 0 0 0 0 0 0
30	3	0 0 0 0 0 1 0 0 0 0
30	1	0 0 0 1 0 0 0 0 0 0
30	2	0 0 1 0 0 0 0 0 0 0
30	3	0 0 0 0 0 0 0 0 1 0
30	1	0 0 0 0 0 0 1 0 0 0
30	4	0 1 0 0 0 0 0 0 0 0
30	1	0 0 0 0 0 0 0 1 0 0
30	85	0 0 0 0 0 0 0 0 0 0
40	1	0 0 0 0 0 1 0 0 0 0
40	3	0 0 0 1 0 0 0 0 0 0
40	3	0 0 0 0 0 0 0 0 0 1
40	1	0 1 0 0 0 0 0 0 1 0
40	2	0 0 0 0 0 0 0 0 1 0
40	3	0 1 0 0 0 0 0 0 0 0
40	3	0 0 0 0 0 0 0 1 0 0
40	84	0 0 0 0 0 0 0 0 0 0
50	2	0 0 0 0 0 1 0 0 0 0
50	2	0 0 1 0 0 0 0 0 0 0
50	1	0 0 0 0 0 1 0 0 1 0
50	1	0 0 0 0 0 0 1 0 0 0
50	4	0 1 0 0 0 0 0 0 0 0
50	4	0 0 0 0 0 0 0 1 0 0
50	4	0 0 0 0 1 0 0 0 0 0
50	1	1 0 0 0 0 0 0 0 0 0
50	81	0 0 0 0 0 0 0 0 0 0
60	11	0 0 1 0 0 0 0 0 0 0
60	1	0 0 0 0 1 0 0 0 0 0
60	1	0 1 0 0 0 0 0 0 0 0
60	1	0 0 0 0 0 0 1 0 0 0
60	4	0 0 0 0 0 0 0 0 0 1
60	80	0 0 0 0 0 0 0 0 0 0
60	1	0 0 0 0 0 0 0 1 0 0
60	1	0 1 0 0 1 0 0 0 0 0
70	2	0 0 0 0 0 1 0 0 0 0
70	12	0 0 1 0 0 0 0 0 0 0
70	5	0 1 0 0 0 0 0 0 0 0
70	2	0 0 0 0 0 0 1 0 0 0
70	1	0 0 0 0 0 0 0 0 0 1
70	1	0 0 0 0 0 0 0 1 0 0
70	74	0 0 0 0 0 0 0 0 0 0
70	3	0 1 0 0 1 0 0 0 0 0
80	7	0 0 0 0 0 1 0 0 0 0
80	2	0 1 0 1 0 0 0 0 0 0
80	4	0 0 0 0 1 0 0 0 0 0
80	1	0 0 0 0 0 0 0 0 0 1
80	11	0 1 0 0 0 0 0 0 0 0
80	18	0 0 1 0 0 0 0 0 0 0
80	2	0 0 0 0 0 0 0 0 1 0
80	52	0 0 0 0 0 0 0 0 0 0
80	1	0 0 0 0 0 0 1 0 0 0
80	2	0 0 0 0 0 0 0 1 0 0
90	7	0 0 0 0 0 1 0 0 0 0
90	14	0 1 0 0 0 0 0 0 0 0
90	6	0 1 0 1 0 0 0 0 0 0
90	1	0 0 0 0 1 0 0 0 0 0
90	14	0 0 1 0 0 0 0 0 0 0
90	8	0 0 0 1 0 0 0 0 0 0
90	1	0 0 0 0 0 0 0 0 1 0
90	5	0 0 0 0 0 0 0 1 0 0
90	2	1 0 0 0 0 0 0 0 0 0
90	3	0 0 0 0 0 0 1 0 0 0
90	39	0 0 0 0 0 0 0 0 0 0
100	6	0 0 0 0 0 1 0 0 0 0
100	3	0 1 1 0 0 0 0 0 0 0
100	3	0 1 0 1 0 0 0 0 0 0
100	16	0 1 0 0 0 0 0 0 0 0
100	1	0 1 1 1 0 0 0 0 0 0
100	5	0 0 0 0 1 0 0 0 0 0
100	1	1 0 1 0 0 0 0 0 0 0
100	12	0 0 1 0 0 0 0 0 0 0
100	6	0 0 0 0 0 0 0 1 0 0
100	27	0 0 0 0 0 0 0 0 0 0
100	3	0 0 0 0 0 0 1 0 0 0
100	16	0 0 0 1 0 0 0 0 0 0
100	1	1 0 0 0 0 1 0 0 0 0
110	10	0 0 0 0 0 1 0 0 0 0
110	1	0 1 1 0 0 0 0 0 0 0
110	6	0 1 0 1 0 0 0 0 0 0
110	1	0 1 0 0 0 0 0 1 0 0
110	9	0 1 0 0 0 0 0 0 0 0
110	2	0 0 0 0 1 0 0 0 0 0
110	2	1 0 0 0 0 0 0 0 0 0
110	12	0 0 1 0 0 0 0 0 0 0
110	5	0 0 0 0 0 0 0 1 0 0
110	19	0 0 0 1 0 0 0 0 0 0
110	32	0 0 0 0 0 0 0 0 0 0
110	1	0 0 0 1 0 0 0 1 0 0
120	3	0 0 0 0 0 1 0 0 0 0
120	1	0 1 0 1 0 1 0 0 0 0
120	17	0 1 0 1 0 0 0 0 0 0
120	3	0 0 0 0 0 0 0 1 0 0
120	1	1 1 0 0 0 0 0 0 0 0
120	20	0 1 0 0 0 0 0 0 0 0
120	3	0 0 0 0 1 0 0 0 0 0
120	2	1 0 1 0 0 0 0 0 0 0
120	2	1 0 0 0 0 0 0 0 0 0
120	1	0 0 1 0 0 0 1 0 0 0
120	12	0 0 0 1 0 0 0 0 0 0
120	9	0 0 1 0 0 0 0 0 0 0
120	22	0 0 0 0 0 0 0 0 0 0
120	4	0 0 1 1 0 0 0 0 0 0
130	2	0 0 0 0 0 1 0 0 0 0
130	1	0 1 1 0 0 0 0 0 0 0
130	1	0 1 0 1 0 1 0 0 0 0
130	1	0 1 0 1 1 0 0 0 0 0
130	19	0 0 1 0 0 0 0 0 0 0
130	1	0 0 1 1 0 0 0 0 0 0
130	16	0 0 0 1 0 0 0 0 0 0
130	1	1 1 0 1 0 0 0 0 0 0
130	13	0 1 0 0 0 0 0 0 0 0
130	19	0 1 0 1 0 0 0 0 0 0
130	3	0 0 0 0 0 0 0 1 0 0
130	4	1 0 1 0 0 0 0 0 0 0
130	1	1 0 0 0 0 0 0 0 0 0
130	15	0 0 0 0 0 0 0 0 0 0
130	1	0 1 0 0 0 1 0 0 0 0
130	2	0 0 0 0 1 0 0 0 0 0
140	1	0 0 0 0 0 1 0 0 0 0
140	2	0 1 0 1 0 1 0 0 0 0
140	27	0 0 0 1 0 0 0 0 0 0
140	20	0 1 0 1 0 0 0 0 0 0
140	2	0 1 0 1 1 0 0 0 0 0
140	1	0 0 1 0 0 1 0 0 0 0
140	1	0 0 1 0 0 0 0 1 0 0
140	8	0 0 1 0 0 0 0 0 0 0
140	10	0 0 1 1 0 0 0 0 0 0
140	3	0 0 0 0 0 0 0 1 0 0
140	7	0 0 0 0 0 0 0 0 0 0
140	1	0 1 0 0 0 0 0 1 0 0
140	13	0 1 0 0 0 0 0 0 0 0
140	4	1 0 1 0 0 0 0 0 0 0
150	1	0 1 1 0 0 0 0 0 0 0
150	1	0 1 0 1 0 1 0 0 0 0
150	7	0 0 1 1 0 0 0 0 0 0
150	4	0 0 0 0 0 0 0 1 0 0
150	7	0 0 0 0 0 0 0 0 0 0
150	24	0 1 0 1 0 0 0 0 0 0
150	15	0 0 0 1 0 0 0 0 0 0
150	4	0 1 0 1 1 0 0 0 0 0
150	2	0 0 1 0 1 0 0 0 0 0
150	2	0 0 1 0 0 1 0 0 0 0
150	3	1 0 1 0 0 0 0 0 0 0
150	5	0 0 1 0 0 0 0 0 0 0
150	4	0 1 1 1 0 0 0 0 0 0
150	1	0 1 0 1 0 0 0 0 0 1
150	2	1 1 0 0 0 0 0 0 0 0
150	1	0 1 0 0 0 0 0 0 1 0
150	15	0 1 0 0 0 0 0 0 0 0
150	2	0 1 0 0 1 0 0 0 0 0
