10	1	1 1 1 1 1 1 1 0 0 0
10	33	1 1 1 1 1 1 1 0 1 0
10	1	1 0 1 0 1 0 0 0 0 1
10	1	1 0 1 0 0 0 0 1 0 1
10	17	1 0 1 0 0 0 0 0 0 1
10	1	1 0 1 1 1 0 0 0 0 1
10	24	1 0 1 1 1 0 0 1 0 1
10	22	0 0 0 1 1 0 1 0 1 1
20	1	1 1 1 1 1 1 1 0 0 0
20	40	1 1 1 1 1 1 1 0 1 0
20	1	1 1 1 1 0 1 0 0 1 0
20	11	1 1 1 1 1 1 0 0 1 0
20	1	1 1 1 0 0 0 0 0 0 1
20	13	1 0 1 0 0 0 0 0 0 1
20	4	1 0 1 1 1 0 0 0 0 1
20	2	1 1 1 1 1 0 0 1 0 1
20	1	1 0 1 0 1 0 0 1 0 1
20	11	1 0 1 1 1 0 0 1 0 1
20	15	0 0 0 1 1 0 1 0 1 1
30	4	1 1 1 1 1 1 1 0 0 0
30	1	1 1 1 0 1 1 1 0 1 0
30	24	1 1 1 1 1 1 0 0 1 0
30	42	1 1 1 1 1 1 1 0 1 0
30	1	1 1 1 0 1 1 0 0 1 0
30	1	1 0 1 0 1 0 0 0 0 1
30	9	1 0 1 0 0 0 0 0 0 1
30	1	1 1 1 0 0 0 1 0 0 1
30	3	1 1 1 0 0 0 0 0 0 1
30	2	1 0 1 1 1 0 0 0 0 1
30	2	1 1 1 1 1 0 0 1 0 1
30	5	1 0 1 1 1 0 0 1 0 1
30	5	0 0 0 1 1 0 1 0 1 1
40	1	1 1 1 1 1 1 1 1 0 0
40	3	1 1 1 1 1 1 1 0 0 0
40	3	1 1 1 1 1 1 1 0 1 1
40	44	1 1 1 1 1 1 0 0 1 0
40	1	1 1 1 0 1 1 1 0 1 0
40	1	1 0 1 1 1 1 1 0 1 0
40	33	1 1 1 1 1 1 1 0 1 0
40	3	1 0 1 0 0 0 0 0 0 1
40	9	1 1 1 0 0 0 0 0 0 1
40	2	1 0 1 1 1 0 0 0 0 1
50	10	1 1 1 1 1 1 1 0 0 0
50	1	1 1 1 1 1 1 0 0 1 1
50	57	1 1 1 1 1 1 0 0 1 0
50	20	1 1 1 1 1 1 1 0 1 0
50	1	1 1 1 1 1 1 0 1 1 0
50	8	1 1 1 0 0 0 0 0 0 1
50	3	1 0 1 1 1 0 0 0 0 1
60	10	1 1 1 1 1 1 1 0 0 0
60	1	1 1 1 1 0 1 0 0 1 0
60	1	1 1 1 1 1 1 0 1 1 0
60	1	1 1 1 1 1 1 1 0 1 1
60	17	1 1 1 1 1 1 1 0 1 0
60	67	1 1 1 1 1 1 0 0 1 0
60	3	1 1 1 0 0 0 0 0 0 1
70	5	1 1 1 1 1 1 1 0 1 0
70	1	1 1 1 1 1 1 0 0 0 0
70	9	1 1 1 1 1 1 1 0 0 0
70	1	1 1 1 1 0 1 0 0 1 0
70	2	1 1 1 1 1 1 0 1 1 0
70	2	1 1 1 1 1 0 0 0 1 0
70	75	1 1 1 1 1 1 0 0 1 0
70	2	1 1 1 1 0 0 0 0 0 1
70	2	1 1 1 0 0 0 0 0 0 1
70	1	1 0 1 1 1 0 0 0 0 1
