0	100	0 0 0 0 0 0 0 0 0 0
10	1	0 0 0 0 0 0 0 0 0 1
10	99	0 0 0 0 0 0 0 0 0 0
20	3	0 0 1 0 0 0 0 0 0 0
20	3	0 0 0 0 0 0 0 0 0 1
20	1	1 0 0 0 0 0 0 0 0 0
20	1	0 0 0 0 1 0 0 0 0 0
20	90	0 0 0 0 0 0 0 0 0 0
20	1	0 0 0 1 0 0 0 0 0 0
20	1	0 0 0 0 0 0 1 0 0 0
30	1	0 0 1 0 0 0 0 0 0 0
30	3	0 0 0 0 0 0 0 0 0 1
30	1	0 0 0 0 1 0 0 0 0 0
30	2	0 0 0 0 0 1 0 0 0 0
30	1	0 0 0 1 0 0 0 0 0 0
30	1	0 0 0 0 0 0 0 0 1 0
30	91	0 0 0 0 0 0 0 0 0 0
40	1	0 0 1 0 0 0 0 0 0 0
40	1	1 0 0 0 0 0 0 0 0 0
40	3	0 0 0 0 0 1 0 0 0 0
40	1	0 0 0 0 0 0 0 0 0 1
40	3	0 0 0 0 0 0 1 0 0 0
40	3	0 0 0 0 1 0 0 0 0 0
40	88	0 0 0 0 0 0 0 0 0 0
50	1	1 0 0 0 0 0 0 0 0 0
50	1	0 0 0 0 0 0 0 0 0 1
50	2	0 0 0 0 0 0 0 1 0 0
50	2	0 0 0 0 0 0 1 0 0 0
50	6	0 0 0 0 1 0 0 0 0 0
50	88	0 0 0 0 0 0 0 0 0 0
60	4	0 0 1 0 0 0 0 0 0 0
60	1	1 0 0 0 0 0 0 0 0 0
60	4	0 0 0 0 0 0 0 1 0 0
60	5	0 0 0 0 1 0 0 0 0 0
60	86	0 0 0 0 0 0 0 0 0 0
70	6	0 0 1 0 0 0 0 0 0 0
70	2	0 0 0 0 0 0 1 1 0 0
70	2	0 0 0 0 1 1 0 0 0 0
70	2	0 0 0 0 1 0 0 0 0 0
70	2	0 0 0 1 0 0 0 0 1 0
70	1	0 0 0 1 0 0 0 0 0 0
70	85	0 0 0 0 0 0 0 0 0 0
80	3	0 0 1 0 0 0 0 0 0 0
80	1	0 0 0 0 0 0 0 1 0 0
80	1	0 0 0 0 0 0 1 1 0 0
80	1	0 0 0 0 1 0 0 0 0 1
80	1	0 0 0 0 0 1 0 0 0 0
80	1	0 0 0 0 0 0 0 0 0 1
80	92	0 0 0 0 0 0 0 0 0 0
90	2	0 0 1 0 0 0 0 0 0 0
90	1	0 0 0 0 1 0 0 0 0 1
90	1	0 0 0 0 1 0 0 0 0 0
90	1	0 1 0 0 0 0 0 0 0 0
90	1	0 0 0 0 0 1 0 0 0 0
90	1	0 0 0 1 0 0 0 0 0 0
90	2	0 0 0 0 0 0 0 0 0 1
90	1	0 0 0 0 0 0 0 1 0 0
90	90	0 0 0 0 0 0 0 0 0 0
100	2	0 0 1 0 0 0 0 0 0 0
100	1	0 0 0 0 1 0 0 0 0 0
100	4	0 1 0 0 0 0 0 0 0 0
100	5	0 0 0 0 0 1 0 0 0 0
100	1	0 0 0 1 0 0 0 0 0 0
100	3	0 0 0 0 0 0 0 0 0 1
100	7	0 0 0 0 0 0 0 1 0 0
100	77	0 0 0 0 0 0 0 0 0 0
110	3	0 0 1 1 0 0 0 0 0 0
110	3	0 0 1 0 0 0 0 0 0 0
110	1	0 0 0 0 1 0 0 0 0 0
110	2	0 1 0 1 0 0 0 0 0 0
110	2	0 0 0 1 0 0 0 0 0 0
110	3	0 0 0 0 0 0 0 1 0 0
110	7	0 1 0 0 0 0 0 0 0 0
110	1	1 0 0 0 0 0 0 0 0 0
110	3	0 0 0 0 0 1 0 0 0 0
110	75	0 0 0 0 0 0 0 0 0 0
120	8	0 0 1 0 0 0 0 0 0 0
120	4	0 0 0 0 0 0 0 0 0 1
120	2	0 0 0 1 0 0 0 0 0 0
120	18	0 1 0 0 0 0 0 0 0 0
120	4	0 0 0 0 0 0 0 1 0 0
120	7	0 0 0 0 0 1 0 0 0 0
120	54	0 0 0 0 0 0 0 0 0 0
120	2	1 0 0 0 0 1 0 0 0 1
120	1	1 0 0 0 0 1 0 0 0 0
130	7	0 0 1 0 0 0 0 0 0 0
130	2	0 0 0 0 1 0 0 0 0 0
130	1	0 0 0 0 0 0 0 0 0 1
130	2	1 0 0 1 0 0 0 0 0 0
130	6	0 0 0 1 0 0 0 0 0 0
130	1	1 0 0 1 1 0 0 0 0 0
130	20	0 1 0 0 0 0 0 0 0 0
130	1	1 0 0 0 0 0 0 0 0 0
130	1	0 0 0 0 0 0 0 1 0 0
130	4	0 0 0 0 0 1 0 0 0 0
130	1	0 0 0 0 0 0 1 0 0 0
130	53	0 0 0 0 0 0 0 0 0 0
130	1	1 0 0 0 0 1 0 0 0 1
140	3	0 0 1 0 0 0 0 0 0 0
140	1	0 0 0 0 1 0 0 0 0 0
140	1	1 0 0 0 0 0 0 0 0 0
140	9	0 0 0 1 0 0 0 0 0 0
140	6	1 0 0 1 0 0 0 0 0 0
140	2	0 0 0 0 0 0 0 0 1 0
140	13	0 1 0 0 0 0 0 0 0 0
140	4	0 0 0 0 0 0 0 1 0 0
140	4	1 0 0 0 0 1 0 0 0 0
140	2	0 0 0 0 0 1 0 0 0 0
140	54	0 0 0 0 0 0 0 0 0 0
140	1	1 0 0 0 0 1 0 0 0 1
150	6	0 0 1 0 0 0 0 0 0 0
150	2	0 0 0 0 0 0 0 0 0 1
150	3	1 0 0 0 0 0 0 0 0 0
150	8	0 0 0 1 0 0 0 0 0 0
150	1	1 1 0 1 0 0 0 0 0 0
150	6	1 0 0 1 0 0 0 0 0 0
150	1	0 1 0 0 0 0 0 1 0 0
150	20	0 1 0 0 0 0 0 0 0 0
150	1	0 0 0 0 0 0 1 0 0 0
150	42	0 0 0 0 0 0 0 0 0 0
150	4	0 0 0 0 0 0 0 1 0 0
150	3	1 0 0 0 0 1 0 0 0 0
150	3	0 0 0 0 0 1 0 0 0 0
