10	13	0 1 0 1 0 0 0 0 0 0 1 0 0 1 1 0 0 0 1 1 0 0 1 0 0 1 1 1 0 0 0 1 0 1 0 0 1 0 1 0 0 1 0 1 1 1 0 1 1 0
10	11	0 1 0 0 1 1 0 1 0 0 1 1 1 0 1 1 1 0 1 1 1 0 1 0 1 1 0 1 1 1 0 1 1 1 0 0 1 0 0 0 0 0 1 0 1 1 0 1 1 1
10	19	0 1 0 1 0 0 0 1 0 1 1 0 1 0 0 1 1 1 1 1 0 1 0 0 1 1 1 0 0 0 1 1 0 0 0 1 0 0 1 0 0 1 0 1 1 0 1 1 0 0
10	1	1 0 1 0 0 1 1 0 1 0 1 0 0 1 0 0 1 1 0 0 1 0 0 0 1 0 1 1 0 1 1 0 1 0 0 1 1 0 0 1 1 0 0 1 0 0 1 1 0 0
10	26	1 0 1 0 0 1 1 0 1 0 1 0 0 0 0 0 1 1 0 0 1 0 0 0 1 0 1 1 0 1 1 0 1 0 0 1 1 0 0 1 1 0 0 1 0 0 1 1 0 0
10	1	1 1 1 0 0 1 1 0 1 1 0 0 1 1 1 0 0 1 1 0 1 0 1 1 1 0 1 0 0 0 1 1 0 1 1 1 0 0 0 0 1 1 1 0 0 0 1 0 1 0
10	29	1 1 1 0 0 1 1 0 1 1 0 0 1 1 1 0 0 1 1 0 1 0 1 1 1 0 1 0 0 0 1 1 0 1 1 1 0 0 0 0 1 1 1 0 0 1 1 0 1 0
20	10	0 1 0 1 0 0 0 0 0 0 1 0 0 1 1 0 0 0 1 1 0 0 1 0 0 1 1 1 0 0 0 1 0 1 0 0 1 0 1 0 0 1 0 1 1 1 0 1 1 0
20	1	0 1 0 0 1 1 0 1 0 0 1 1 0 0 1 1 1 0 1 1 1 0 1 0 1 1 0 1 1 1 0 1 1 1 0 0 1 0 0 0 0 0 1 0 1 1 0 1 1 1
20	12	0 1 0 0 1 1 0 1 0 0 1 1 1 0 1 1 1 0 1 1 1 0 1 0 1 1 0 1 1 1 0 1 1 1 0 0 1 0 0 0 0 0 1 0 1 1 0 1 1 1
20	1	0 1 0 1 0 0 0 1 0 1 1 0 1 0 0 1 1 1 1 1 0 1 0 0 1 1 1 0 0 0 1 1 0 0 0 1 0 0 1 1 0 1 0 1 1 0 1 1 0 0
20	24	0 1 0 1 0 0 0 1 0 1 1 0 1 0 0 1 1 1 1 1 0 1 0 0 1 1 1 0 0 0 1 1 0 0 0 1 0 0 1 0 0 1 0 1 1 0 1 1 0 0
20	4	1 0 1 0 0 1 1 0 1 0 1 0 0 1 0 0 1 1 0 0 1 0 0 0 1 0 1 1 0 1 1 0 1 0 0 1 1 0 0 1 1 0 0 1 0 0 1 1 0 0
20	1	1 0 1 0 0 1 1 0 1 0 1 0 0 0 0 0 1 1 0 0 1 0 0 0 1 0 1 1 0 1 1 0 1 0 0 1 1 0 0 1 1 0 0 0 0 0 1 1 0 0
20	2	1 0 1 0 0 1 1 0 1 0 1 0 0 0 0 0 1 1 0 0 1 0 0 0 1 0 1 1 0 1 0 0 1 0 0 1 1 0 0 1 1 0 0 1 0 0 1 1 0 0
20	1	1 0 1 0 0 1 1 0 1 0 1 0 0 0 0 0 1 1 0 0 1 0 0 0 1 0 1 1 0 1 1 0 0 0 0 1 1 0 0 1 1 0 0 1 0 0 1 1 0 0
20	15	1 0 1 0 0 1 1 0 1 0 1 0 0 0 0 0 1 1 0 0 1 0 0 0 1 0 1 1 0 1 1 0 1 0 0 1 1 0 0 1 1 0 0 1 0 0 1 1 0 0
20	2	1 1 1 0 0 1 1 0 1 1 0 1 1 1 1 0 0 1 1 0 1 0 1 1 1 0 1 0 0 0 1 1 0 1 1 1 0 0 0 0 1 1 1 0 0 1 1 0 1 0
20	1	1 1 1 0 0 1 1 0 1 1 0 0 1 1 1 0 0 1 1 0 1 0 1 1 1 0 1 0 0 0 1 1 0 1 1 1 1 0 0 0 1 1 1 0 0 1 1 0 1 0
20	26	1 1 1 0 0 1 1 0 1 1 0 0 1 1 1 0 0 1 1 0 1 0 1 1 1 0 1 0 0 0 1 1 0 1 1 1 0 0 0 0 1 1 1 0 0 1 1 0 1 0
30	5	0 1 0 1 0 0 0 0 0 0 1 0 0 1 1 0 0 0 1 1 0 0 1 0 0 1 1 1 0 0 0 1 0 1 0 0 1 0 1 0 0 1 0 1 1 1 0 1 1 0
30	12	0 1 0 0 1 1 0 1 0 0 1 1 1 0 1 1 1 0 1 1 1 0 1 0 1 1 0 1 1 1 0 1 1 1 0 0 1 0 0 0 0 0 1 0 1 1 0 1 1 1
30	1	0 1 0 1 0 0 0 1 0 1 1 0 1 0 0 1 1 1 1 1 0 1 0 0 1 1 1 0 0 0 1 1 0 0 0 1 0 0 1 1 0 1 0 1 1 0 1 1 0 0
30	14	0 1 0 1 0 0 0 1 0 1 1 0 1 0 0 1 1 1 1 1 0 1 0 0 1 1 1 0 0 0 1 1 0 0 0 1 0 0 1 0 0 1 0 1 1 0 1 1 0 0
30	1	1 0 1 0 0 1 1 0 1 0 1 0 0 1 0 0 1 0 0 0 1 0 0 0 1 0 1 1 0 1 1 0 1 0 0 1 1 0 0 1 1 0 0 1 0 0 1 1 0 0
30	14	1 0 1 0 0 1 1 0 1 0 1 0 0 1 0 0 1 1 0 0 1 0 0 0 1 0 1 1 0 1 1 0 1 0 0 1 1 0 0 1 1 0 0 1 0 0 1 1 0 0
30	2	1 0 1 0 0 1 1 0 1 0 1 0 0 0 0 0 1 1 0 0 1 0 0 0 1 0 1 1 0 1 0 0 1 0 0 1 1 0 0 1 1 0 0 1 0 0 1 1 0 0
30	2	1 0 1 0 0 1 1 0 1 0 1 0 0 0 0 0 1 1 0 1 1 0 0 0 1 0 1 1 0 1 1 0 1 0 0 1 1 0 0 1 1 0 0 1 0 0 1 1 0 0
30	1	1 0 1 0 0 1 1 0 1 0 1 0 0 0 0 0 1 1 0 0 1 0 0 0 1 0 1 1 0 1 1 0 0 0 0 1 1 0 0 1 1 0 0 1 0 0 1 1 0 0
30	16	1 0 1 0 0 1 1 0 1 0 1 0 0 0 0 0 1 1 0 0 1 0 0 0 1 0 1 1 0 1 1 0 1 0 0 1 1 0 0 1 1 0 0 1 0 0 1 1 0 0
30	3	1 1 1 0 0 1 1 0 1 1 0 0 1 1 1 0 0 1 0 0 1 0 1 1 1 0 1 0 1 0 1 1 0 1 1 1 0 0 0 0 1 1 1 0 0 1 1 0 1 0
30	4	1 1 1 0 0 1 1 0 1 1 0 0 1 1 1 0 0 1 0 0 1 0 1 1 1 0 1 0 0 0 1 1 0 1 1 1 0 0 0 0 1 1 1 0 0 1 1 0 1 0
30	4	1 1 1 0 0 1 1 0 1 1 0 1 1 1 1 0 0 1 1 0 1 0 1 1 1 0 1 0 0 0 1 1 0 1 1 1 0 0 0 0 1 1 1 0 0 1 1 0 1 0
30	1	1 1 1 0 0 1 1 0 1 1 0 0 1 1 1 0 0 1 1 0 1 0 1 1 1 0 1 0 1 0 1 1 0 1 1 1 0 0 0 0 1 1 1 0 0 1 1 0 1 0
30	1	1 1 1 0 0 1 1 0 1 1 0 0 1 1 1 0 0 1 1 0 1 0 1 1 1 0 1 0 0 1 1 1 0 1 1 1 0 0 0 0 1 1 1 0 0 1 1 0 1 0
30	19	1 1 1 0 0 1 1 0 1 1 0 0 1 1 1 0 0 1 1 0 1 0 1 1 1 0 1 0 0 0 1 1 0 1 1 1 0 0 0 0 1 1 1 0 0 1 1 0 1 0
40	8	0 1 0 1 0 0 0 0 0 0 1 0 0 1 1 0 0 0 1 1 0 0 1 0 0 1 1 1 0 0 0 1 0 1 0 0 1 0 1 0 0 1 0 1 1 1 0 1 1 0
40	8	0 1 0 0 1 1 0 1 0 0 1 1 1 0 1 1 1 0 1 1 1 0 1 0 1 1 0 1 1 1 0 1 1 1 0 0 1 0 0 0 0 0 1 0 1 1 0 1 1 1
40	6	0 1 0 1 0 0 0 1 0 1 1 0 1 0 0 1 1 1 1 1 0 1 0 0 1 1 1 0 0 0 1 1 0 0 0 1 0 0 1 0 0 1 0 1 1 0 1 1 0 0
40	1	1 0 1 0 0 1 1 0 1 0 1 0 0 1 0 0 1 1 0 0 1 0 0 0 1 0 1 1 0 1 1 0 1 0 0 1 1 0 0 1 0 0 0 1 0 0 1 1 0 0
40	16	1 0 1 0 0 1 1 0 1 0 1 0 0 1 0 0 1 1 0 0 1 0 0 0 1 0 1 1 0 1 1 0 1 0 0 1 1 0 0 1 1 0 0 1 0 0 1 1 0 0
40	4	1 0 1 0 0 1 1 0 1 0 1 0 0 0 0 0 1 1 0 0 1 0 0 0 1 0 1 1 0 1 0 0 1 0 0 1 1 0 0 1 1 0 0 1 0 0 1 1 0 0
40	2	1 0 1 0 0 1 1 0 1 0 1 0 0 0 0 0 1 1 0 1 1 0 0 0 1 0 1 1 0 1 1 0 1 0 0 1 1 0 0 1 1 0 0 1 0 0 1 1 0 0
40	3	1 0 1 0 0 1 1 0 1 0 1 0 0 0 0 0 1 1 0 0 1 0 0 0 1 0 1 1 0 1 1 0 0 0 0 1 1 0 0 1 1 0 0 1 0 0 1 1 0 0
40	2	1 0 1 0 0 1 1 0 1 0 1 0 0 0 0 0 1 1 0 0 1 0 0 0 1 0 1 1 0 1 1 0 1 0 0 1 1 0 0 1 1 1 0 1 0 0 1 1 0 0
40	1	1 0 1 0 0 1 1 0 1 0 1 0 0 0 0 0 1 1 0 0 1 0 0 0 1 0 1 1 0 1 1 0 1 0 0 1 1 0 1 1 1 0 0 1 0 0 1 1 0 0
40	15	1 0 1 0 0 1 1 0 1 0 1 0 0 0 0 0 1 1 0 0 1 0 0 0 1 0 1 1 0 1 1 0 1 0 0 1 1 0 0 1 1 0 0 1 0 0 1 1 0 0
40	2	1 1 1 0 0 1 1 0 1 1 0 0 1 1 1 0 0 1 0 0 1 0 1 1 1 0 1 0 1 0 1 1 0 1 1 1 0 0 0 0 1 1 1 0 0 1 1 0 1 0
40	7	1 1 1 0 0 1 1 0 1 1 0 0 1 1 1 0 0 1 0 0 1 0 1 1 1 0 1 0 0 0 1 1 0 1 1 1 0 0 0 0 1 1 1 0 0 1 1 0 1 0
40	1	1 1 1 0 0 1 1 0 1 1 0 1 1 1 1 0 0 1 1 0 1 0 1 1 1 0 1 0 0 0 1 1 0 1 1 1 0 0 0 0 1 1 1 0 0 1 1 0 1 0
40	1	1 1 1 0 0 1 1 0 1 1 0 0 1 1 1 0 0 1 1 0 1 0 1 1 1 0 1 0 1 0 1 1 0 1 1 1 0 0 0 0 1 1 1 0 0 1 1 0 1 0
40	1	1 1 1 0 0 1 1 0 1 1 0 0 1 1 1 0 0 1 1 0 1 0 1 1 1 0 1 0 0 0 1 1 0 0 1 1 0 0 0 0 1 1 1 0 0 1 1 0 1 1
40	1	1 1 1 0 0 1 1 0 1 1 0 0 1 1 1 0 0 1 1 0 1 0 1 1 0 0 1 0 0 0 1 1 0 0 1 1 0 0 0 0 1 1 1 0 0 1 1 0 1 0
40	4	1 1 1 0 0 1 1 0 1 1 0 0 1 1 1 0 0 1 1 0 1 0 1 1 1 0 1 0 0 0 1 1 0 0 1 1 0 0 0 0 1 1 1 0 0 1 1 0 1 0
40	4	1 1 1 0 0 1 1 0 1 1 0 0 1 1 1 0 0 1 1 0 1 0 1 1 1 0 1 0 0 0 1 1 0 1 1 1 0 0 0 0 1 1 1 0 0 1 1 0 0 0
40	13	1 1 1 0 0 1 1 0 1 1 0 0 1 1 1 0 0 1 1 0 1 0 1 1 1 0 1 0 0 0 1 1 0 1 1 1 0 0 0 0 1 1 1 0 0 1 1 0 1 0
50	4	0 1 0 1 0 0 0 0 0 0 1 0 0 1 1 0 0 0 1 1 0 0 1 0 0 1 1 1 0 0 0 1 0 1 0 0 1 0 1 0 0 1 0 1 1 1 0 1 1 0
50	8	0 1 0 0 1 1 0 1 0 0 1 1 1 0 1 1 1 0 1 1 1 0 1 0 1 1 0 1 1 1 0 1 1 1 0 0 1 0 0 0 0 0 1 0 1 1 0 1 1 1
50	1	1 0 1 0 0 1 1 0 0 0 1 0 0 1 0 0 1 1 0 0 1 0 0 0 1 0 1 1 0 1 1 0 1 0 0 1 1 0 0 1 1 0 0 1 0 0 1 1 0 0
50	1	1 0 1 0 0 1 1 0 1 0 1 0 0 1 0 0 1 1 0 0 1 0 0 0 1 0 1 1 0 1 1 0 1 0 0 1 1 0 0 1 1 0 0 1 0 0 0 1 0 0
50	31	1 0 1 0 0 1 1 0 1 0 1 0 0 1 0 0 1 1 0 0 1 0 0 0 1 0 1 1 0 1 1 0 1 0 0 1 1 0 0 1 1 0 0 1 0 0 1 1 0 0
50	6	1 0 1 0 0 1 1 0 1 0 1 0 0 0 0 0 1 1 0 0 1 0 0 0 1 0 1 1 0 1 0 0 1 0 0 1 1 0 0 1 1 0 0 1 0 0 1 1 0 0
50	3	1 0 1 0 0 1 1 0 1 0 1 0 0 0 0 0 1 1 0 1 1 0 0 0 1 0 1 1 0 1 1 0 1 0 0 1 1 0 0 1 1 0 0 1 0 0 1 1 0 0
50	5	1 0 1 0 0 1 1 0 1 0 1 0 0 0 0 0 1 1 0 0 1 0 0 0 1 0 1 1 0 1 1 0 0 0 0 1 1 0 0 1 1 0 0 1 0 0 1 1 0 0
50	1	1 0 1 0 0 1 1 0 1 0 1 0 0 0 0 0 1 1 0 0 1 0 0 0 1 0 1 1 0 1 1 0 1 0 0 1 1 0 1 1 1 0 0 1 0 0 1 1 0 0
50	1	1 0 1 0 0 1 1 0 1 0 1 0 0 0 0 0 1 1 0 0 1 0 0 0 1 0 1 1 0 1 1 0 1 0 0 1 1 0 0 1 1 0 0 0 0 0 1 1 0 0
50	1	1 0 1 0 0 1 1 0 1 0 1 0 0 0 0 0 1 1 0 0 1 0 0 0 1 0 1 1 0 1 1 0 1 0 0 1 1 0 0 1 1 0 0 1 1 0 1 1 0 0
50	3	1 0 1 0 0 1 1 0 1 0 1 0 0 0 0 0 1 1 0 0 1 0 0 0 1 0 1 1 0 1 1 0 1 0 0 1 1 0 0 1 1 0 0 1 0 0 1 1 0 0
50	4	1 1 1 0 0 1 1 0 1 1 0 0 1 1 1 0 0 1 0 0 1 0 1 1 1 0 1 0 1 0 1 1 0 1 1 1 0 0 0 0 1 1 1 0 0 1 1 0 1 0
50	13	1 1 1 0 0 1 1 0 1 1 0 0 1 1 1 0 0 1 0 0 1 0 1 1 1 0 1 0 0 0 1 1 0 1 1 1 0 0 0 0 1 1 1 0 0 1 1 0 1 0
50	5	1 1 1 0 0 1 1 0 1 1 0 1 1 1 1 0 0 1 1 0 1 0 1 1 1 0 1 0 0 0 1 1 0 1 1 1 0 0 0 0 1 1 1 0 0 1 1 0 1 0
50	1	1 1 1 0 0 1 1 0 1 1 0 0 1 1 1 0 0 1 1 0 1 0 1 1 1 0 1 1 0 0 1 1 0 0 1 1 0 0 0 0 1 1 1 0 0 1 1 0 1 0
50	8	1 1 1 0 0 1 1 0 1 1 0 0 1 1 1 0 0 1 1 0 1 0 1 1 1 0 1 0 0 0 1 1 0 0 1 1 0 0 0 0 1 1 1 0 0 1 1 0 1 0
50	4	1 1 1 0 0 1 1 0 1 1 0 0 1 1 1 0 0 1 1 0 1 0 1 1 1 0 1 0 0 0 1 1 0 1 1 1 0 0 0 0 1 1 1 0 0 1 1 0 1 0
60	1	0 1 0 1 0 0 0 0 0 0 1 0 0 1 1 0 0 0 1 1 0 0 1 0 0 1 1 1 1 0 0 1 0 1 0 0 1 0 1 0 0 1 0 1 1 1 0 1 1 0
60	3	0 1 0 1 0 0 0 0 0 0 1 0 0 1 1 0 0 0 1 1 0 0 1 0 0 1 1 1 0 0 0 1 0 1 0 0 1 0 1 0 0 1 0 1 1 1 0 1 1 0
60	2	0 1 0 0 1 1 0 1 0 0 1 1 1 0 1 1 1 0 1 1 1 0 1 0 1 1 0 1 1 1 0 1 1 1 0 0 1 0 0 0 0 0 1 0 1 1 0 1 1 1
60	1	1 0 1 0 0 1 1 0 1 0 1 0 0 1 0 0 1 1 0 0 1 0 0 0 1 0 1 1 0 0 1 0 1 0 0 1 1 0 0 1 1 0 0 1 0 0 1 1 0 0
60	22	1 0 1 0 0 1 1 0 1 0 1 0 0 1 0 0 1 1 0 0 1 0 0 0 1 0 1 1 0 1 1 0 1 0 0 1 1 0 0 1 1 0 0 1 0 0 1 1 0 0
60	1	1 0 1 1 0 1 1 0 1 0 1 0 0 0 0 0 1 1 0 0 1 0 0 0 1 0 1 1 0 1 0 0 1 0 0 1 1 0 0 1 1 0 0 1 0 0 1 1 0 0
60	3	1 0 1 0 0 1 1 0 1 0 1 0 0 0 0 0 1 1 0 0 1 0 0 0 1 0 1 1 0 1 0 0 1 0 0 1 1 0 0 1 1 0 0 1 0 0 1 1 0 0
60	4	1 0 1 0 0 1 1 0 1 0 1 0 0 0 0 0 1 1 0 1 1 0 0 0 1 0 1 1 0 1 1 0 1 0 0 1 1 0 0 1 1 0 0 1 0 0 1 1 0 0
60	1	1 0 1 0 0 1 1 0 1 0 1 0 0 0 0 0 1 1 0 0 1 0 0 0 1 0 1 1 0 1 1 0 0 0 0 1 1 0 0 1 1 1 0 1 0 0 1 1 0 0
60	21	1 0 1 0 0 1 1 0 1 0 1 0 0 0 0 0 1 1 0 0 1 0 0 0 1 0 1 1 0 1 1 0 0 0 0 1 1 0 0 1 1 0 0 1 0 0 1 1 0 0
60	1	1 0 1 0 0 1 1 0 1 0 1 0 0 0 0 0 1 1 0 0 1 0 0 0 1 0 1 1 0 1 1 0 1 0 0 1 1 0 1 1 1 0 0 1 0 0 1 1 0 0
60	2	1 0 1 0 0 1 1 0 1 0 1 0 0 0 0 0 1 1 0 0 1 0 0 0 1 0 1 1 0 1 1 0 1 0 0 1 1 0 0 1 1 0 0 1 0 0 1 1 0 0
60	3	1 1 1 0 0 1 1 0 1 1 0 0 1 1 1 0 0 1 0 0 1 0 1 1 1 0 1 0 1 0 1 1 0 1 1 1 0 0 0 0 1 1 1 0 0 1 1 0 1 0
60	8	1 1 1 0 0 1 1 0 1 1 0 0 1 1 1 0 0 1 0 0 1 0 1 1 1 0 1 0 0 0 1 1 0 1 1 1 0 0 0 0 1 1 1 0 0 1 1 0 1 0
60	3	1 1 1 0 0 1 1 0 1 1 0 1 1 1 1 0 0 1 1 0 1 0 1 1 1 0 1 0 0 0 1 1 0 1 1 1 0 0 0 0 1 1 1 0 0 1 1 0 1 0
60	10	1 1 1 0 0 1 1 0 1 1 0 0 1 1 1 0 0 1 1 0 1 0 1 1 1 0 1 0 0 0 1 1 0 0 1 1 0 0 0 0 1 1 1 0 0 1 1 0 1 0
60	1	1 1 1 0 0 1 1 0 1 1 0 0 1 1 1 0 0 1 1 0 1 0 1 1 1 0 1 0 0 0 1 1 0 0 1 1 1 0 0 0 1 1 1 0 0 1 1 0 1 1
60	1	1 1 1 0 0 1 1 0 1 1 0 0 1 1 1 0 0 1 1 0 1 0 1 1 1 0 1 0 0 0 1 1 0 0 1 1 0 0 0 0 1 1 1 0 0 1 1 0 1 1
60	12	1 1 1 0 0 1 1 0 1 1 0 0 1 1 1 0 0 1 1 0 1 0 1 1 1 0 1 0 0 0 1 1 0 1 1 1 0 0 0 0 1 1 1 0 0 1 1 0 0 0
70	1	0 1 0 1 0 0 0 0 0 0 1 0 0 1 1 0 0 0 1 1 0 0 1 0 0 1 1 1 0 0 0 1 0 1 0 0 1 0 1 0 0 1 0 1 1 1 0 1 1 0
70	1	0 1 0 0 1 1 0 1 0 0 1 1 1 0 1 1 1 0 1 1 1 0 1 0 1 1 0 1 1 1 0 1 1 1 0 0 1 0 0 0 0 0 1 0 1 1 0 1 1 1
70	3	1 0 1 0 0 1 1 0 1 0 1 0 0 1 0 0 1 1 0 0 1 0 0 0 1 0 1 1 0 0 1 0 1 0 0 1 1 0 0 1 1 0 0 1 0 0 1 1 0 0
70	1	1 0 1 0 0 1 1 0 1 1 1 0 0 1 0 0 1 1 0 0 1 0 0 0 1 0 1 1 0 1 1 0 1 0 0 1 1 0 0 1 1 0 0 0 0 0 1 1 0 0
70	1	1 0 1 0 0 1 1 0 1 0 1 0 0 1 0 0 1 1 0 0 1 0 0 1 1 0 1 1 0 1 1 0 1 0 0 1 1 0 0 1 1 0 0 1 0 0 1 1 0 0
70	26	1 0 1 0 0 1 1 0 1 0 1 0 0 1 0 0 1 1 0 0 1 0 0 0 1 0 1 1 0 1 1 0 1 0 0 1 1 0 0 1 1 0 0 1 0 0 1 1 0 0
70	3	1 0 1 1 0 1 1 0 1 0 1 0 0 0 0 0 1 1 0 0 1 0 0 0 1 0 1 1 0 1 0 0 1 0 0 1 1 0 0 1 1 0 0 1 0 0 1 1 0 0
70	5	1 0 1 0 0 1 1 0 1 0 1 0 0 0 0 0 1 1 0 0 1 0 0 0 1 0 1 1 0 1 0 0 1 0 0 1 1 0 0 1 1 0 0 1 0 0 1 1 0 0
70	1	1 0 1 0 0 1 1 0 1 0 1 0 0 0 0 0 1 1 0 1 1 0 0 0 1 1 1 1 0 1 1 0 1 0 0 1 1 0 0 1 1 0 0 1 0 0 1 1 0 0
70	5	1 0 1 0 0 1 1 0 1 0 1 0 0 0 0 0 1 1 0 1 1 0 0 0 1 0 1 1 0 1 1 0 1 0 0 1 1 0 0 1 1 0 0 1 0 0 1 1 0 0
70	1	1 0 1 0 0 1 1 0 1 0 1 0 0 0 0 0 1 1 0 0 1 0 0 0 1 0 1 1 0 1 1 0 0 0 0 1 1 0 0 1 1 0 0 1 0 0 1 0 0 0
70	7	1 0 1 0 0 1 1 0 1 0 1 0 0 0 0 0 1 1 0 0 1 0 0 0 1 0 1 1 0 1 1 0 0 0 0 1 1 0 0 1 1 0 0 1 0 0 1 1 0 0
70	1	1 1 0 0 0 1 1 0 1 0 1 0 0 0 0 0 1 1 0 0 1 0 0 0 1 0 1 1 0 1 1 0 1 0 0 1 1 0 0 1 1 0 0 1 0 0 1 1 0 0
70	1	1 1 1 1 0 1 1 0 1 1 0 0 1 1 1 0 0 1 0 0 1 0 1 1 1 0 1 0 1 0 1 1 0 1 1 1 0 0 0 0 1 1 1 0 0 0 1 0 1 0
70	1	1 1 1 1 0 1 1 0 1 1 0 0 1 1 1 0 0 1 0 0 1 0 1 1 1 0 1 0 1 0 1 1 0 1 1 1 0 0 0 0 1 1 1 0 0 1 1 0 1 1
70	3	1 1 1 1 0 1 1 0 1 1 0 0 1 1 1 0 0 1 0 0 1 0 1 1 1 0 1 0 1 0 1 1 0 1 1 1 0 0 0 0 1 1 1 0 0 1 1 0 1 0
70	2	1 1 1 0 0 1 1 0 1 1 0 0 1 1 1 0 0 1 0 0 1 0 1 1 1 0 1 0 1 0 1 1 0 1 1 1 0 0 0 0 1 1 1 0 0 1 1 0 1 0
70	19	1 1 1 0 0 1 1 0 1 1 0 0 1 1 1 0 0 1 0 0 1 0 1 1 1 0 1 0 0 0 1 1 0 1 1 1 0 0 0 0 1 1 1 0 0 1 1 0 1 0
70	2	1 1 1 0 0 1 1 0 1 1 0 1 1 1 1 0 0 1 1 0 1 0 1 1 1 0 1 0 0 0 1 1 0 1 1 1 0 0 0 0 1 1 1 0 0 1 1 0 1 0
70	1	1 1 1 0 0 1 1 0 1 1 0 0 1 1 1 0 0 1 1 0 1 0 1 1 1 0 1 0 0 0 1 1 0 0 1 1 0 0 0 0 1 1 1 0 0 1 1 0 1 0
70	1	1 1 1 0 0 1 1 0 1 1 0 0 1 1 1 0 0 1 1 0 1 0 1 1 1 0 1 0 0 0 1 1 0 0 1 1 0 0 0 0 1 0 1 0 0 1 1 0 1 0
70	14	1 1 1 0 0 1 1 0 1 1 0 0 1 1 1 0 0 1 1 0 1 0 1 1 1 0 1 0 0 0 1 1 0 1 1 1 0 0 0 0 1 1 1 0 0 1 1 0 0 0
80	1	0 1 0 1 0 0 0 1 0 1 1 0 1 0 0 1 1 1 1 1 0 1 0 0 1 1 1 0 0 0 1 1 0 0 0 1 0 0 1 0 0 1 0 1 1 0 1 1 0 0
80	6	1 0 1 0 0 1 1 0 1 1 1 0 0 1 0 0 1 1 0 0 1 0 0 0 1 0 1 1 0 1 1 0 1 0 0 1 1 0 0 1 1 0 0 0 0 0 1 1 0 0
80	1	1 0 1 0 0 1 1 0 1 0 1 0 0 1 0 0 1 1 0 0 1 0 0 0 1 0 1 1 0 1 1 0 1 0 0 1 1 0 0 1 1 0 0 1 0 0 1 1 1 0
80	24	1 0 1 0 0 1 1 0 1 0 1 0 0 1 0 0 1 1 0 0 1 0 0 0 1 0 1 1 0 1 1 0 1 0 0 1 1 0 0 1 1 0 0 1 0 0 1 1 0 0
80	3	1 0 1 1 0 1 1 0 1 0 1 0 0 0 0 0 1 1 0 0 1 0 0 0 1 0 1 1 0 1 0 0 1 0 0 1 1 0 0 1 1 0 0 1 0 0 1 1 0 0
80	1	1 0 1 0 0 1 1 0 1 0 1 0 0 0 0 0 1 1 0 0 1 0 0 0 1 0 1 1 0 1 0 0 1 0 0 1 1 0 0 1 1 0 0 1 0 0 1 1 0 0
80	6	1 0 1 0 0 1 1 0 1 0 1 0 0 0 0 0 1 1 0 1 1 0 0 0 1 0 1 1 0 1 1 0 1 0 0 1 1 0 0 1 1 0 0 1 0 0 1 1 0 0
80	2	1 0 1 0 0 1 1 0 1 0 1 0 0 0 0 0 1 1 0 0 1 0 0 0 1 1 1 1 0 1 1 0 0 0 0 1 1 0 0 1 1 0 0 1 0 0 1 1 0 0
80	5	1 0 1 0 0 1 1 0 1 0 1 0 0 0 0 0 1 1 0 0 1 0 0 0 1 0 1 1 0 1 1 0 0 0 0 1 1 0 0 1 1 0 0 1 0 0 1 1 0 0
80	1	1 0 1 0 0 1 1 0 1 0 1 0 0 0 0 0 1 1 0 0 1 0 0 0 1 0 1 1 0 1 1 0 1 0 0 1 1 0 0 1 1 0 0 0 0 0 1 1 0 0
80	8	1 1 1 1 0 1 1 0 1 1 0 0 1 1 1 0 0 1 0 0 1 0 1 1 1 0 1 0 1 0 1 1 0 1 1 1 0 0 0 0 1 1 1 0 0 0 1 0 1 0
80	1	1 1 1 0 0 1 1 1 1 1 0 0 1 1 1 0 0 1 0 0 1 0 1 1 1 0 1 0 0 0 1 1 0 1 1 1 0 0 0 0 1 1 1 0 0 1 1 0 1 0
80	15	1 1 1 0 0 1 1 0 1 1 0 0 1 1 1 0 0 1 0 0 1 0 1 1 1 0 1 0 0 0 1 1 0 1 1 1 0 0 0 0 1 1 1 0 0 1 1 0 1 0
80	1	1 1 1 0 0 1 1 0 1 1 0 0 1 1 1 0 0 1 0 0 1 0 1 1 1 0 1 0 1 0 1 1 0 1 1 1 0 0 0 0 1 1 1 0 0 1 1 0 1 0
80	1	1 1 1 0 0 1 1 0 1 1 0 0 1 1 1 0 0 1 0 0 1 0 1 1 0 0 1 0 0 1 1 1 0 1 1 1 0 0 0 0 1 1 1 0 0 1 1 0 1 0
80	4	1 1 1 0 0 1 1 0 1 1 0 1 1 1 1 0 0 1 1 0 1 0 1 1 1 0 1 0 0 0 1 1 0 1 1 1 0 0 0 0 1 1 1 0 0 1 1 0 1 0
80	1	1 1 1 0 0 1 1 0 1 1 0 0 1 1 1 0 0 1 1 0 1 0 1 1 1 0 1 0 0 0 1 1 0 0 1 1 0 0 0 0 1 0 1 0 0 1 1 0 1 0
80	1	1 1 1 0 0 1 1 0 1 1 0 0 1 1 1 0 0 1 1 0 1 0 0 1 1 0 1 0 0 0 1 1 0 1 1 1 0 0 0 0 1 1 1 0 0 1 1 0 0 0
80	18	1 1 1 0 0 1 1 0 1 1 0 0 1 1 1 0 0 1 1 0 1 0 1 1 1 0 1 0 0 0 1 1 0 1 1 1 0 0 0 0 1 1 1 0 0 1 1 0 0 0
90	1	1 0 1 0 0 1 1 0 1 1 1 0 0 1 0 0 1 1 0 0 1 0 0 0 1 0 1 1 0 0 1 0 1 0 0 1 1 0 0 1 1 0 0 0 0 0 1 1 0 0
90	8	1 0 1 0 0 1 1 0 1 1 1 0 0 1 0 0 1 1 0 0 1 0 0 0 1 0 1 1 0 1 1 0 1 0 0 1 1 0 0 1 1 0 0 0 0 0 1 1 0 0
90	1	1 1 1 0 0 1 1 0 1 0 1 0 0 1 0 0 1 1 0 0 1 0 0 0 1 0 1 1 0 1 1 0 1 0 0 1 1 0 0 1 1 0 0 1 0 0 1 1 0 0
90	1	1 0 1 0 0 1 1 0 1 0 1 0 0 1 0 0 1 1 0 0 1 0 0 0 1 0 1 1 0 1 1 0 1 0 0 1 1 0 0 0 1 0 0 1 0 0 1 1 0 0
90	17	1 0 1 0 0 1 1 0 1 0 1 0 0 1 0 0 1 1 0 0 1 0 0 0 1 0 1 1 0 1 1 0 1 0 0 1 1 0 0 1 1 0 0 1 0 0 1 1 0 0
90	1	1 0 1 1 0 1 1 0 1 0 1 0 0 0 0 0 1 1 0 0 1 0 0 0 1 1 1 1 0 1 0 0 1 0 0 1 1 0 0 1 1 0 0 1 0 0 1 1 0 0
90	2	1 0 1 1 0 1 1 0 1 0 1 0 0 0 0 0 1 1 0 0 1 0 0 0 1 0 1 1 0 1 0 0 1 0 0 1 1 0 0 1 1 0 0 1 0 0 1 1 0 0
90	1	1 0 1 0 0 1 1 0 1 0 1 0 0 0 0 0 1 1 0 0 1 0 0 0 1 0 1 1 0 1 0 0 1 0 0 1 1 0 0 1 1 0 0 1 0 0 1 1 0 0
90	4	1 0 1 0 0 1 1 0 1 0 1 0 0 0 0 0 1 1 0 0 1 0 0 0 1 0 1 1 0 1 1 0 0 0 0 1 1 0 0 1 1 0 0 1 0 0 1 1 0 0
90	1	1 1 1 1 0 1 1 0 1 1 0 0 1 1 1 0 0 1 0 0 1 0 1 1 1 0 1 0 1 1 1 1 0 1 1 1 0 0 0 0 1 1 1 0 0 0 1 0 1 0
90	33	1 1 1 1 0 1 1 0 1 1 0 0 1 1 1 0 0 1 0 0 1 0 1 1 1 0 1 0 1 0 1 1 0 1 1 1 0 0 0 0 1 1 1 0 0 0 1 0 1 0
90	2	1 1 1 1 0 1 1 0 1 1 0 0 1 1 1 0 0 1 0 0 1 0 1 1 1 0 1 0 1 0 1 1 0 1 1 1 0 0 0 0 1 1 1 0 0 1 1 0 1 0
90	2	1 1 1 0 0 1 1 0 1 1 0 0 1 1 1 0 0 1 0 0 1 0 1 1 1 0 1 0 0 0 1 1 0 1 1 1 0 0 0 0 1 1 1 0 0 1 1 0 1 0
90	6	1 1 1 0 0 1 1 0 1 1 0 0 1 1 1 0 0 1 1 0 1 0 1 1 1 0 1 0 0 0 1 1 0 0 1 1 0 0 0 0 1 0 1 0 0 1 1 0 1 0
90	1	1 1 1 0 0 1 1 0 1 1 0 0 1 1 0 0 0 1 1 0 1 0 1 1 1 0 1 0 0 0 1 1 0 1 1 1 0 0 0 0 1 1 1 0 0 1 1 0 0 0
90	19	1 1 1 0 0 1 1 0 1 1 0 0 1 1 1 0 0 1 1 0 1 0 1 1 1 0 1 0 0 0 1 1 0 1 1 1 0 0 0 0 1 1 1 0 0 1 1 0 0 0
100	10	1 0 1 0 0 1 1 0 1 1 1 0 0 1 0 0 1 1 0 0 1 0 0 0 1 0 1 1 0 1 1 0 1 0 0 1 1 0 0 1 1 0 0 0 0 0 1 1 0 0
100	1	1 1 1 0 0 1 1 0 1 0 1 0 0 1 0 0 1 1 0 0 1 0 0 0 1 0 1 1 0 1 1 0 1 0 0 1 1 0 0 1 1 0 0 1 0 0 1 1 0 0
100	11	1 0 1 0 0 1 1 0 1 0 1 0 0 1 0 0 1 1 0 0 1 0 0 0 1 0 1 1 0 1 1 0 1 0 0 1 1 0 0 1 1 0 0 1 0 0 1 1 0 0
100	3	1 0 1 1 0 1 1 0 1 0 1 0 0 0 0 0 1 1 0 0 1 0 0 0 1 0 1 1 0 1 0 0 1 0 0 1 1 0 0 1 1 0 0 1 0 0 1 1 0 0
100	2	1 0 1 0 0 1 1 0 1 0 1 0 0 0 0 0 1 1 0 0 1 0 0 0 1 0 1 1 0 1 1 0 1 0 0 1 1 0 0 1 1 0 0 0 0 0 1 1 0 0
100	1	1 1 1 1 0 1 1 0 1 1 0 0 1 1 1 0 0 1 0 0 1 0 1 1 1 0 1 0 1 0 1 1 0 1 1 1 0 0 0 1 1 1 1 0 0 0 1 0 1 0
100	2	1 1 1 1 0 1 1 0 1 1 0 0 1 1 1 0 1 1 0 0 1 0 1 1 1 0 1 0 1 0 1 1 0 1 1 1 0 0 0 0 1 1 1 0 0 0 1 0 1 0
100	1	1 1 1 1 1 1 1 0 1 1 0 0 1 1 1 0 0 1 0 0 1 0 1 1 1 0 1 0 1 0 1 1 0 1 1 1 0 0 0 0 1 1 1 0 0 0 1 0 1 0
100	49	1 1 1 1 0 1 1 0 1 1 0 0 1 1 1 0 0 1 0 0 1 0 1 1 1 0 1 0 1 0 1 1 0 1 1 1 0 0 0 0 1 1 1 0 0 0 1 0 1 0
100	1	1 1 1 1 0 1 1 0 1 1 0 0 1 1 1 0 0 1 0 0 1 0 1 1 1 0 1 0 1 0 1 1 0 1 1 1 0 0 0 0 1 1 1 0 0 1 1 0 1 0
100	5	1 1 1 0 0 1 1 0 1 1 0 0 1 1 1 0 0 1 0 0 1 0 1 1 0 0 1 0 0 1 1 1 0 1 1 1 0 0 0 0 1 1 1 0 0 1 1 0 1 0
100	3	1 1 1 0 0 1 1 0 1 1 0 0 1 1 1 0 0 1 1 0 1 0 1 1 1 0 1 0 0 0 1 1 0 0 1 1 0 0 0 0 1 0 1 0 0 1 1 0 1 0
100	1	1 1 1 0 0 1 1 0 1 1 0 0 1 1 1 0 0 1 1 0 1 0 1 1 1 0 1 0 0 0 1 1 0 1 1 1 0 0 0 0 1 0 1 0 0 1 1 0 0 0
100	10	1 1 1 0 0 1 1 0 1 1 0 0 1 1 1 0 0 1 1 0 1 0 1 1 1 0 1 0 0 0 1 1 0 1 1 1 0 0 0 0 1 1 1 0 0 1 1 0 0 0
110	1	1 0 1 0 0 1 1 0 1 1 1 0 0 1 0 0 1 1 1 0 1 0 0 0 1 0 1 1 0 1 1 0 1 0 0 1 1 0 0 1 1 0 0 0 0 0 1 1 0 0
110	11	1 0 1 0 0 1 1 0 1 1 1 0 0 1 0 0 1 1 0 0 1 0 0 0 1 0 1 1 0 1 1 0 1 0 0 1 1 0 0 1 1 0 0 0 0 0 1 1 0 0
110	2	1 1 1 0 0 1 1 0 1 0 1 0 0 1 0 0 1 1 0 0 1 0 0 0 1 0 1 1 0 1 1 0 1 0 0 1 1 0 0 1 1 0 0 1 0 0 1 1 0 0
110	1	1 0 1 0 0 1 1 0 1 0 1 0 0 1 0 0 1 1 0 0 1 0 0 0 1 0 1 1 0 1 1 0 1 0 0 1 1 0 0 1 1 0 0 1 0 0 1 1 0 0
110	1	1 0 1 1 0 1 1 0 1 0 1 0 0 0 0 0 1 0 0 0 1 0 0 0 1 0 1 1 0 1 0 0 1 0 0 1 1 0 0 1 1 0 0 1 0 0 1 1 0 0
110	1	1 0 1 1 0 1 1 0 1 0 1 0 0 0 0 0 1 1 0 0 1 0 0 0 1 0 1 1 0 1 0 0 1 0 0 1 1 0 0 0 1 0 0 1 0 0 1 1 0 0
110	1	1 0 1 1 0 1 1 0 1 0 1 0 0 0 0 0 1 1 0 0 1 0 0 0 1 0 1 1 0 1 0 0 1 0 0 1 1 0 0 1 1 0 0 1 0 0 1 1 0 0
110	61	1 1 1 1 0 1 1 0 1 1 0 0 1 1 1 0 0 1 0 0 1 0 1 1 1 0 1 0 1 0 1 1 0 1 1 1 0 0 0 0 1 1 1 0 0 0 1 0 1 0
110	3	1 1 1 1 0 1 1 0 1 1 0 0 1 1 1 0 0 1 0 0 1 0 1 1 1 0 1 0 1 1 1 1 0 1 1 1 0 0 0 0 1 1 1 0 0 0 1 0 1 0
110	2	1 1 1 1 0 1 1 0 1 1 0 0 1 1 1 0 0 1 0 0 1 0 1 1 1 0 1 0 1 0 1 1 0 1 1 1 0 0 0 0 0 1 1 0 0 0 1 0 1 0
110	1	1 1 1 0 0 1 1 0 1 1 0 0 1 1 1 0 0 1 1 0 1 0 1 1 1 0 1 0 0 0 1 1 0 0 1 1 0 0 0 0 1 0 1 0 0 1 1 0 1 0
110	2	1 1 1 0 0 1 1 0 1 1 0 0 1 1 1 0 0 1 1 0 1 0 1 1 1 0 1 0 0 0 0 1 0 1 1 1 0 0 0 0 1 1 1 0 0 1 1 0 0 0
110	1	1 1 1 0 0 1 1 0 1 1 0 0 1 1 1 0 0 1 1 0 1 0 1 1 1 0 1 0 0 0 1 1 0 1 1 1 0 0 0 0 1 1 1 0 0 1 0 0 0 0
110	12	1 1 1 0 0 1 1 0 1 1 0 0 1 1 1 0 0 1 1 0 1 0 1 1 1 0 1 0 0 0 1 1 0 1 1 1 0 0 0 0 1 1 1 0 0 1 1 0 0 0
120	1	1 0 1 0 0 1 1 0 1 1 1 0 0 1 0 0 1 1 1 0 1 0 0 0 1 0 1 1 0 1 1 0 1 0 0 1 1 0 0 1 1 0 0 0 0 0 1 1 0 0
120	17	1 0 1 0 0 1 1 0 1 1 1 0 0 1 0 0 1 1 0 0 1 0 0 0 1 0 1 1 0 1 1 0 1 0 0 1 1 0 0 1 1 0 0 0 0 0 1 1 0 0
120	1	1 0 1 1 0 1 1 0 1 0 1 0 0 0 0 0 1 1 0 0 1 0 0 0 1 0 1 1 0 1 0 0 1 0 0 1 1 0 0 0 1 0 0 1 0 0 1 1 0 0
120	1	1 0 1 1 0 1 1 0 1 0 1 0 0 0 0 0 1 1 0 0 1 0 0 0 1 0 1 1 0 1 0 0 1 0 0 1 1 0 0 1 1 0 0 1 0 0 1 1 0 0
120	1	1 1 1 1 0 1 1 0 1 1 0 0 1 1 1 0 0 0 0 0 1 0 1 1 1 0 1 0 1 0 1 1 0 1 1 1 0 0 0 0 1 1 1 0 0 0 1 0 1 0
120	1	1 1 1 1 0 1 1 0 1 1 0 0 1 1 1 0 0 1 0 0 1 0 1 1 1 0 1 0 1 0 1 1 0 1 1 0 0 0 0 0 1 1 1 0 0 0 1 0 1 0
120	1	1 1 1 1 0 1 1 0 1 1 0 0 1 1 1 0 0 1 0 0 1 0 1 1 1 0 1 0 0 0 1 1 0 1 1 1 0 0 0 0 1 1 1 0 0 0 1 0 1 0
120	1	1 1 1 1 0 1 1 0 1 1 0 0 1 1 1 0 0 1 0 0 1 0 1 1 1 0 1 0 1 1 1 1 0 1 1 1 0 0 0 0 1 1 1 0 0 0 1 0 1 0
120	2	1 1 1 1 0 1 1 0 1 1 0 0 1 1 1 0 0 1 0 0 1 0 1 1 0 0 1 0 1 0 1 1 0 1 1 1 0 0 0 0 1 1 1 0 0 0 1 0 1 0
120	53	1 1 1 1 0 1 1 0 1 1 0 0 1 1 1 0 0 1 0 0 1 0 1 1 1 0 1 0 1 0 1 1 0 1 1 1 0 0 0 0 1 1 1 0 0 0 1 0 1 0
120	8	1 1 1 1 0 1 1 0 1 1 0 0 1 1 1 0 0 1 0 0 1 0 1 1 1 0 1 0 1 0 1 1 0 1 1 1 0 0 0 0 0 1 1 0 0 0 1 0 1 0
120	3	1 1 1 0 0 1 1 0 1 1 0 0 1 1 1 0 0 1 1 0 1 0 1 1 1 0 1 0 0 0 1 1 0 0 1 1 0 0 0 0 1 0 1 0 0 1 1 0 1 0
120	1	1 1 1 0 0 1 1 0 1 1 0 0 1 1 1 0 0 1 1 0 1 0 1 1 1 0 1 0 0 0 0 1 0 1 1 1 0 0 0 0 1 1 1 0 0 1 1 0 0 0
120	9	1 1 1 0 0 1 1 0 1 1 0 0 1 1 1 0 0 1 1 0 1 0 1 1 1 0 1 0 0 0 1 1 0 1 1 1 0 0 0 0 1 1 1 0 0 1 1 0 0 0
130	1	1 0 1 0 0 1 1 0 1 1 1 0 0 1 0 0 1 1 1 0 1 0 0 0 1 0 1 1 0 1 1 0 1 0 0 1 1 0 0 1 1 0 0 0 0 0 1 1 0 0
130	2	1 0 1 0 1 1 1 0 1 1 1 0 0 1 0 0 1 1 0 0 1 0 0 0 1 0 1 1 0 1 1 0 1 0 0 1 1 0 0 1 1 0 0 0 0 0 1 1 0 0
130	10	1 0 1 0 0 1 1 0 1 1 1 0 0 1 0 0 1 1 0 0 1 0 0 0 1 0 1 1 0 1 1 0 1 0 0 1 1 0 0 1 1 0 0 0 0 0 1 1 0 0
130	1	1 1 1 1 0 1 1 0 1 1 0 0 1 1 1 0 0 1 0 0 1 0 1 1 1 0 1 0 1 0 0 1 0 1 1 1 0 0 0 1 1 1 1 0 0 0 1 0 1 0
130	3	1 1 1 1 0 1 1 0 1 1 0 0 1 1 1 0 0 1 0 0 1 0 1 1 1 0 1 0 1 0 1 1 0 1 1 1 0 0 0 1 1 1 1 0 0 0 1 0 1 0
130	2	1 1 1 1 0 1 1 0 1 1 0 0 1 1 1 0 0 0 0 0 1 0 1 1 1 0 1 0 1 0 1 1 0 1 1 1 0 0 0 0 1 1 1 0 0 0 1 0 1 0
130	4	1 1 1 1 0 1 1 0 1 1 0 0 1 1 1 0 0 1 0 0 1 0 1 1 1 0 1 0 1 0 1 1 0 1 1 0 0 0 0 0 1 1 1 0 0 0 1 0 1 0
130	1	1 1 1 1 0 1 1 0 1 1 0 0 1 1 1 0 0 1 0 0 1 0 1 1 1 0 1 0 0 0 1 1 0 1 1 1 0 0 0 0 1 1 1 0 0 0 1 0 1 0
130	6	1 1 1 1 0 1 1 0 1 1 0 0 1 1 1 0 0 1 0 0 1 0 1 1 0 0 1 0 1 0 1 1 0 1 1 1 0 0 0 0 1 1 1 0 0 0 1 0 1 0
130	1	1 1 1 1 0 1 1 0 1 1 0 0 1 1 1 0 0 1 1 0 1 0 1 1 1 0 1 0 1 0 1 1 0 1 1 1 0 0 0 0 1 1 1 0 0 0 1 0 1 0
130	1	1 1 1 1 0 1 1 0 1 1 0 0 0 1 1 0 0 1 0 0 1 0 1 1 1 0 1 0 1 0 1 0 0 1 1 1 0 0 0 0 1 1 1 0 0 0 1 0 1 0
130	1	1 1 1 1 0 1 1 0 1 1 0 0 1 1 1 0 0 1 0 0 1 0 1 1 1 0 1 0 1 0 1 1 0 1 1 1 0 0 0 0 1 1 1 0 0 0 1 1 1 0
130	1	1 1 1 1 0 1 1 0 1 1 0 0 1 1 1 0 0 1 0 0 1 0 1 1 1 0 1 0 1 0 1 1 0 0 1 1 0 0 0 0 1 1 1 0 0 0 1 0 1 0
130	54	1 1 1 1 0 1 1 0 1 1 0 0 1 1 1 0 0 1 0 0 1 0 1 1 1 0 1 0 1 0 1 1 0 1 1 1 0 0 0 0 1 1 1 0 0 0 1 0 1 0
130	9	1 1 1 1 0 1 1 0 1 1 0 0 1 1 1 0 0 1 0 0 1 0 1 1 1 0 1 0 1 0 1 1 0 1 1 1 0 0 0 0 0 1 1 0 0 0 1 0 1 0
130	3	1 1 1 0 0 1 1 0 1 1 0 0 1 1 1 0 0 1 1 0 1 0 1 1 1 0 1 0 0 0 1 1 0 1 1 1 0 0 0 0 1 1 1 0 0 1 1 0 0 0
140	1	1 0 1 0 1 1 1 0 1 1 1 0 0 1 0 0 1 1 0 0 1 0 0 0 1 0 1 1 0 1 1 0 0 0 0 1 1 0 0 1 1 0 0 0 0 0 1 1 0 0
140	4	1 0 1 0 1 1 1 0 1 1 1 0 0 1 0 0 1 1 0 0 1 0 0 0 1 0 1 1 0 1 1 0 1 0 0 1 1 0 0 1 1 0 0 0 0 0 1 1 0 0
140	2	1 0 1 0 0 1 1 0 1 1 1 1 0 1 0 0 1 1 0 0 1 0 0 0 1 0 1 1 0 1 1 0 1 0 0 1 1 0 0 1 1 0 0 0 0 0 1 1 0 0
140	7	1 0 1 0 0 1 1 0 1 1 1 0 0 1 0 0 1 1 0 0 1 0 0 0 1 0 1 1 0 1 1 0 1 0 0 1 1 0 0 1 1 0 0 0 0 0 1 1 0 0
140	1	1 1 1 1 0 1 1 0 1 1 0 0 1 1 1 0 0 1 0 0 1 0 1 1 1 0 1 0 1 0 1 1 0 1 1 1 0 0 0 1 1 1 1 0 0 0 1 0 1 0
140	1	1 1 1 1 0 1 1 0 1 1 0 0 1 1 1 0 0 0 0 0 1 0 1 1 1 0 1 0 1 0 1 1 0 1 1 1 0 0 0 0 1 1 1 0 0 0 1 0 1 0
140	2	1 1 1 1 0 1 1 0 1 1 0 0 1 1 1 0 0 1 0 0 1 0 1 1 1 0 1 0 1 0 1 1 0 1 1 0 0 0 0 0 1 1 1 0 0 0 1 0 1 0
140	2	1 1 1 1 0 1 1 0 1 1 0 0 1 1 1 0 0 1 0 0 1 0 1 1 1 0 1 0 0 0 1 1 0 1 1 1 0 0 0 0 1 1 1 0 0 0 1 0 1 0
140	4	1 1 1 1 0 1 1 0 1 1 0 0 1 1 1 0 0 1 0 0 1 0 1 1 1 0 1 0 1 0 1 1 0 1 1 1 0 0 0 0 1 1 1 0 0 0 1 0 0 0
140	1	1 1 1 1 0 1 1 0 1 1 0 0 1 1 1 0 0 1 0 1 1 0 1 1 1 0 1 0 1 0 1 1 0 1 1 1 0 0 1 0 1 1 1 0 0 0 1 0 1 0
140	4	1 1 1 1 0 1 1 0 1 1 0 0 1 1 1 0 0 1 0 0 1 0 1 1 0 0 1 0 1 0 1 1 0 1 1 1 0 0 0 0 1 1 1 0 0 0 1 0 1 0
140	3	1 1 1 1 0 1 1 0 1 1 0 0 1 1 1 0 0 1 0 0 1 0 1 1 1 0 1 0 1 0 1 1 0 1 1 1 0 0 0 0 1 1 1 0 0 0 1 1 1 0
140	2	1 1 1 1 0 1 1 0 1 1 0 0 1 1 1 0 0 1 0 0 1 0 1 1 1 0 1 0 1 0 1 0 0 1 1 1 0 0 0 0 1 1 1 0 0 0 1 0 1 0
140	1	1 1 1 1 0 1 1 0 1 1 0 0 1 1 1 0 0 1 0 0 1 0 1 1 1 0 1 0 1 0 1 1 0 0 1 1 0 0 0 0 1 1 1 0 0 0 1 0 1 0
140	1	1 1 1 1 0 1 1 1 1 1 0 0 1 1 1 0 0 1 0 0 1 0 1 1 1 0 1 0 1 0 1 1 0 1 1 1 0 0 0 0 1 1 1 0 0 0 1 0 1 0
140	1	1 1 1 1 0 1 1 0 1 1 0 0 1 1 1 0 0 1 0 0 1 0 1 1 1 0 1 0 1 0 1 1 0 1 1 1 0 0 0 0 1 1 1 0 0 0 1 0 1 1
140	43	1 1 1 1 0 1 1 0 1 1 0 0 1 1 1 0 0 1 0 0 1 0 1 1 1 0 1 0 1 0 1 1 0 1 1 1 0 0 0 0 1 1 1 0 0 0 1 0 1 0
140	19	1 1 1 1 0 1 1 0 1 1 0 0 1 1 1 0 0 1 0 0 1 0 1 1 1 0 1 0 1 0 1 1 0 1 1 1 0 0 0 0 0 1 1 0 0 0 1 0 1 0
140	1	1 1 1 0 0 1 1 0 1 1 0 0 1 1 1 0 0 1 1 0 1 0 1 1 1 0 1 0 0 0 1 1 0 1 1 1 0 0 0 0 1 1 1 0 0 1 1 0 0 0
150	1	1 0 1 0 1 1 1 0 1 1 1 0 0 1 0 0 1 1 0 0 1 0 0 0 1 0 1 1 0 1 1 0 0 0 0 1 1 0 0 1 1 0 0 0 0 0 1 1 0 0
150	2	1 0 1 1 1 1 1 0 1 1 1 0 0 1 0 0 1 1 0 0 1 0 0 0 1 0 1 1 0 1 1 0 1 0 0 1 1 0 0 1 1 0 0 0 0 0 1 1 0 0
150	15	1 0 1 0 1 1 1 0 1 1 1 0 0 1 0 0 1 1 0 0 1 0 0 0 1 0 1 1 0 1 1 0 1 0 0 1 1 0 0 1 1 0 0 0 0 0 1 1 0 0
150	1	1 0 1 0 0 1 1 0 1 1 1 0 0 1 0 0 1 1 0 0 1 0 0 0 1 0 1 1 0 1 0 0 1 0 0 1 1 0 0 1 1 0 0 0 0 0 1 1 0 0
150	5	1 0 1 0 0 1 1 0 1 1 1 0 0 1 0 0 1 1 0 0 1 0 0 0 1 0 1 1 0 1 1 0 1 0 0 1 1 0 0 1 1 0 0 0 0 0 1 1 0 0
150	2	1 1 1 1 0 1 1 0 1 1 0 0 1 1 1 0 0 1 0 0 1 0 1 1 1 0 1 0 1 0 1 1 0 1 1 0 0 0 0 0 1 1 1 0 0 0 1 0 1 0
150	2	1 1 1 1 0 1 1 0 1 1 0 0 1 1 1 0 0 1 0 0 1 0 1 1 1 0 1 1 0 0 1 1 0 1 1 1 0 0 0 0 1 1 1 0 0 0 1 0 1 0
150	3	1 1 1 1 0 1 1 0 1 1 0 0 1 1 1 0 0 1 0 0 1 0 1 1 1 0 1 0 1 0 1 1 0 1 1 1 0 0 0 0 1 1 1 0 0 0 1 0 0 0
150	3	1 1 1 1 0 1 1 0 1 1 0 0 1 1 1 0 0 1 0 0 1 0 1 1 1 0 1 0 1 0 1 1 0 1 1 1 0 0 1 0 1 1 1 0 0 0 1 0 1 0
150	6	1 1 1 1 0 1 1 0 1 1 0 0 1 1 1 0 0 1 0 0 1 0 1 1 0 0 1 0 1 0 1 1 0 1 1 1 0 0 0 0 1 1 1 0 0 0 1 0 1 0
150	2	1 1 1 1 0 1 1 0 1 1 0 0 1 1 1 0 0 1 0 0 1 0 1 1 1 0 1 0 1 0 1 0 0 1 1 1 0 0 0 0 1 1 1 0 0 0 1 0 1 0
150	2	1 1 1 1 0 1 1 0 1 1 0 0 1 1 1 0 0 1 0 0 1 0 1 1 1 0 1 0 1 0 1 1 0 1 1 1 0 0 0 0 1 1 1 0 0 1 1 0 1 0
150	1	1 1 1 1 0 1 1 0 1 1 0 0 1 1 1 0 0 1 0 0 1 0 1 1 1 0 1 0 1 0 1 1 0 1 1 1 0 1 0 0 1 1 1 0 0 0 1 0 1 0
150	30	1 1 1 1 0 1 1 0 1 1 0 0 1 1 1 0 0 1 0 0 1 0 1 1 1 0 1 0 1 0 1 1 0 1 1 1 0 0 0 0 1 1 1 0 0 0 1 0 1 0
150	25	1 1 1 1 0 1 1 0 1 1 0 0 1 1 1 0 0 1 0 0 1 0 1 1 1 0 1 0 1 0 1 1 0 1 1 1 0 0 0 0 0 1 1 0 0 0 1 0 1 0
160	1	1 0 1 1 1 1 1 0 1 1 1 0 0 1 0 0 1 1 0 0 1 0 0 0 1 0 1 1 0 1 1 0 1 0 0 1 1 0 0 1 1 0 0 0 0 0 1 1 0 0
160	9	1 0 1 0 1 1 1 0 1 1 1 0 0 1 0 0 1 1 0 0 1 0 0 0 1 0 1 1 0 1 1 0 1 0 0 1 1 0 0 1 1 0 0 0 0 0 1 1 0 0
160	1	1 0 1 0 0 1 1 0 1 1 1 0 0 1 0 0 1 1 0 0 1 0 0 0 1 0 1 1 0 1 0 0 1 0 0 1 1 0 0 1 1 0 0 0 0 0 1 1 0 0
160	2	1 1 1 0 0 1 1 0 1 1 1 0 0 1 0 0 1 1 0 0 1 0 0 0 1 0 1 1 0 1 1 0 1 0 0 1 1 0 0 1 1 0 0 0 0 0 1 1 0 0
160	2	1 1 1 1 0 1 1 0 1 1 0 0 1 1 1 0 0 1 0 0 1 0 1 1 1 0 1 0 1 0 1 1 0 1 1 0 0 0 0 0 1 1 1 0 0 0 1 0 1 0
160	3	1 1 1 1 0 1 1 0 1 1 0 0 1 1 1 0 0 1 0 0 1 0 1 1 1 0 1 1 0 0 1 1 0 1 1 1 0 0 0 0 1 1 1 0 0 0 1 0 1 0
160	2	1 1 1 1 0 1 1 0 1 1 0 0 1 1 0 0 0 1 0 0 1 0 1 1 1 0 1 0 1 0 1 1 0 1 1 1 0 0 0 0 1 1 1 0 0 0 1 0 0 0
160	9	1 1 1 1 0 1 1 0 1 1 0 0 1 1 1 0 0 1 0 0 1 0 1 1 1 0 1 0 1 0 1 1 0 1 1 1 0 0 0 0 1 1 1 0 0 0 1 0 0 0
160	1	1 1 1 1 0 1 1 0 1 1 0 0 1 1 1 0 0 1 0 0 1 0 1 1 0 0 1 0 1 0 1 1 0 1 1 1 0 0 0 0 1 1 1 0 0 0 1 0 1 0
160	3	1 1 1 1 0 1 1 0 1 1 0 0 1 1 1 0 0 1 0 0 1 0 1 1 1 0 1 0 1 0 1 0 0 1 1 1 0 0 0 0 1 1 1 0 0 0 1 0 1 0
160	1	1 1 1 1 0 1 1 0 1 1 0 0 1 1 1 0 0 1 0 0 1 0 1 1 1 0 1 0 1 0 1 1 0 1 1 1 0 0 0 0 1 1 1 0 0 1 1 0 1 0
160	1	1 1 1 1 0 1 1 0 1 1 0 0 1 1 1 0 0 1 0 0 1 0 1 1 1 0 1 0 1 0 1 1 0 1 1 1 0 1 0 0 1 1 1 0 0 0 1 0 1 0
160	1	1 1 1 1 0 1 1 0 1 1 0 1 1 1 1 0 0 1 0 0 1 0 1 1 1 0 1 0 1 0 1 1 0 1 1 1 0 0 0 0 1 1 1 0 0 0 1 0 1 0
160	31	1 1 1 1 0 1 1 0 1 1 0 0 1 1 1 0 0 1 0 0 1 0 1 1 1 0 1 0 1 0 1 1 0 1 1 1 0 0 0 0 1 1 1 0 0 0 1 0 1 0
160	2	1 1 1 1 0 1 1 0 1 1 0 0 1 1 1 0 0 1 0 0 1 0 1 1 1 0 1 0 1 1 1 1 0 1 1 1 0 0 0 0 0 1 1 0 0 0 1 0 1 0
160	1	1 1 1 1 0 1 1 0 1 1 0 0 1 1 1 0 0 1 0 0 1 0 1 1 1 0 1 0 1 0 1 1 0 1 1 1 0 0 0 0 0 1 1 0 0 0 1 1 1 0
160	30	1 1 1 1 0 1 1 0 1 1 0 0 1 1 1 0 0 1 0 0 1 0 1 1 1 0 1 0 1 0 1 1 0 1 1 1 0 0 0 0 0 1 1 0 0 0 1 0 1 0
170	3	1 0 0 0 1 1 1 0 1 1 1 0 0 1 0 0 1 1 0 0 1 0 0 0 1 0 1 1 0 1 1 0 1 0 0 1 1 0 0 1 1 0 0 0 0 0 1 1 0 0
170	11	1 0 1 1 1 1 1 0 1 1 1 0 0 1 0 0 1 1 0 0 1 0 0 0 1 0 1 1 0 1 1 0 1 0 0 1 1 0 0 1 1 0 0 0 0 0 1 1 0 0
170	6	1 0 1 0 1 1 1 0 1 1 1 0 0 1 0 0 1 1 0 0 1 0 0 0 1 0 1 1 0 1 1 0 1 0 0 1 1 0 0 1 1 0 0 0 0 0 1 1 0 0
170	1	1 0 1 0 0 1 1 0 1 1 1 0 0 1 0 0 1 1 0 0 1 0 0 0 1 0 1 1 0 1 0 0 1 0 0 1 1 0 0 1 1 0 0 0 0 0 1 1 0 0
170	1	1 1 1 1 0 1 1 0 1 1 0 0 1 1 1 0 0 0 0 0 1 0 1 1 1 0 1 0 1 0 1 1 0 1 1 1 0 0 0 0 1 1 1 0 0 0 1 0 1 0
170	4	1 1 1 1 0 1 1 0 1 1 0 0 1 1 1 0 0 1 0 0 1 0 1 1 1 0 1 0 1 0 1 1 0 1 1 0 0 0 0 0 1 1 1 0 0 0 1 0 1 0
170	1	1 1 1 1 0 1 1 0 1 1 0 0 1 1 1 0 0 1 0 0 1 0 1 1 1 0 1 1 0 0 1 1 0 1 1 1 0 0 0 0 1 1 1 0 0 0 1 0 0 0
170	1	1 1 1 1 0 1 1 0 1 1 0 0 1 1 0 0 0 1 0 0 1 0 1 1 1 0 1 0 1 0 1 1 0 1 1 1 0 0 0 0 0 1 1 0 0 0 1 0 0 0
170	2	1 1 1 1 0 1 1 0 1 1 0 0 1 1 1 0 0 1 0 0 1 0 1 1 1 0 1 0 1 0 0 1 0 1 1 1 0 0 0 0 1 1 1 0 0 0 1 0 0 0
170	10	1 1 1 1 0 1 1 0 1 1 0 0 1 1 1 0 0 1 0 0 1 0 1 1 1 0 1 0 1 0 1 1 0 1 1 1 0 0 0 0 1 1 1 0 0 0 1 0 0 0
170	1	1 1 1 1 0 1 1 0 1 1 0 0 1 1 1 0 0 1 0 1 1 0 1 1 1 0 1 0 1 0 1 1 0 1 1 1 0 0 1 0 1 1 1 0 0 0 1 0 1 0
170	1	1 1 1 1 0 1 1 0 1 1 0 0 1 1 1 0 0 1 0 0 1 0 1 1 1 0 1 0 1 0 1 1 0 0 1 1 0 0 0 0 1 1 1 0 0 0 1 0 1 0
170	1	1 1 1 1 0 1 1 0 1 1 0 0 1 1 1 0 0 1 0 0 1 0 1 1 1 0 1 0 1 0 1 1 0 1 1 1 0 1 0 0 1 1 1 0 0 0 1 0 1 0
170	2	1 1 1 1 0 1 1 0 1 1 0 1 1 1 1 0 0 1 0 0 1 0 1 1 1 0 1 0 1 0 1 1 0 1 1 1 0 0 0 0 1 1 1 0 0 0 1 0 1 0
170	38	1 1 1 1 0 1 1 0 1 1 0 0 1 1 1 0 0 1 0 0 1 0 1 1 1 0 1 0 1 0 1 1 0 1 1 1 0 0 0 0 0 1 1 0 0 0 1 0 1 0
170	1	1 1 1 1 0 1 1 0 1 1 0 0 1 0 1 0 0 1 0 0 1 0 1 1 1 0 1 0 1 0 1 1 0 1 1 1 0 0 0 0 1 1 1 0 0 0 1 0 1 0
170	7	1 1 1 1 0 1 1 0 1 1 0 0 1 1 1 0 0 1 0 0 1 0 1 1 1 0 1 0 1 0 1 1 0 1 1 1 0 0 0 0 1 1 1 0 0 0 1 0 1 0
170	6	1 1 1 1 0 1 1 0 1 1 0 0 1 1 1 0 0 1 0 0 1 0 1 1 1 0 1 0 1 1 1 1 0 1 1 1 0 0 0 0 0 1 1 0 0 0 1 0 1 0
170	1	1 1 1 1 0 1 1 0 1 1 0 0 1 1 1 0 0 1 0 0 1 0 1 1 1 0 1 0 1 0 1 1 0 1 1 1 0 0 1 0 0 1 1 0 0 0 1 0 1 0
170	2	1 1 1 1 0 1 1 0 1 1 0 0 1 1 1 0 0 1 0 0 1 0 1 1 1 0 1 0 1 0 1 1 0 1 1 1 0 1 0 0 0 1 1 0 0 0 1 0 1 0
180	1	1 0 1 1 1 1 1 0 1 1 1 0 0 1 0 0 1 1 0 0 1 0 0 0 1 0 1 1 0 1 1 0 1 0 0 1 1 0 0 1 1 0 0 0 0 0 1 0 0 0
180	19	1 0 1 1 1 1 1 0 1 1 1 0 0 1 0 0 1 1 0 0 1 0 0 0 1 0 1 1 0 1 1 0 1 0 0 1 1 0 0 1 1 0 0 0 0 0 1 1 0 0
180	3	1 0 1 0 1 1 1 0 1 1 1 0 0 1 0 0 1 1 0 0 1 0 0 0 1 0 1 1 0 1 1 0 1 0 0 1 1 0 0 1 1 0 0 0 0 0 1 1 0 0
180	1	1 0 1 0 0 1 1 0 1 1 1 0 0 1 0 0 1 1 0 0 1 0 0 0 1 0 1 1 0 1 0 0 1 0 0 1 1 0 0 1 1 0 0 0 0 0 1 1 0 0
180	1	1 1 1 0 0 1 1 0 1 1 1 0 0 1 0 0 1 1 0 0 1 0 0 0 1 0 1 1 0 1 1 0 1 0 0 1 1 0 0 1 1 0 0 0 0 0 1 1 0 0
180	3	1 1 1 1 0 1 1 0 1 1 0 0 1 1 1 0 0 1 0 0 1 0 1 1 1 0 1 1 0 0 1 1 0 1 1 1 0 0 0 0 1 1 1 0 0 0 1 0 0 0
180	1	1 1 1 1 0 1 1 0 1 1 0 0 1 1 1 0 0 1 0 0 1 0 1 1 1 0 1 0 1 0 0 1 0 1 1 1 1 0 0 0 1 1 1 0 0 0 1 0 0 0
180	22	1 1 1 1 0 1 1 0 1 1 0 0 1 1 1 0 0 1 0 0 1 0 1 1 1 0 1 0 1 0 1 1 0 1 1 1 0 0 0 0 1 1 1 0 0 0 1 0 0 0
180	1	1 1 1 1 0 1 1 0 1 1 0 0 1 1 1 0 0 1 0 0 1 0 1 0 1 0 1 0 1 0 1 1 0 1 1 1 0 0 0 0 1 1 1 0 0 0 1 0 1 0
180	3	1 1 1 1 0 1 1 0 1 0 0 0 1 1 1 0 0 1 0 0 1 0 1 1 1 0 1 0 1 0 1 1 0 1 1 1 0 0 0 0 1 1 1 0 0 0 1 0 1 0
180	33	1 1 1 1 0 1 1 0 1 1 0 0 1 1 1 0 0 1 0 0 1 0 1 1 1 0 1 0 1 0 1 1 0 1 1 1 0 0 0 0 0 1 1 0 0 0 1 0 1 0
180	6	1 1 1 1 0 1 1 0 1 1 0 0 1 1 1 0 0 1 0 0 1 0 1 1 1 0 1 0 1 0 1 1 0 1 1 1 0 0 0 0 1 1 1 0 0 0 1 0 1 0
180	4	1 1 1 1 0 1 1 0 1 1 0 0 1 1 1 0 0 1 0 0 1 0 1 1 1 0 1 0 1 1 1 1 0 1 1 1 0 0 0 0 0 1 1 0 0 0 1 0 1 0
180	1	1 1 1 1 0 1 1 0 1 1 0 0 1 1 1 0 0 1 0 0 1 0 1 1 1 0 1 0 1 0 1 1 0 1 1 1 0 0 1 0 0 1 1 0 0 0 1 0 1 0
180	1	1 1 1 1 0 1 1 0 1 1 0 0 1 1 1 0 0 1 0 0 1 0 1 1 1 0 1 0 1 0 1 1 0 1 1 1 0 1 0 0 0 1 1 0 0 0 1 0 1 0
190	1	1 0 1 1 1 1 1 0 1 0 1 0 0 1 0 0 1 1 0 0 1 0 0 0 1 0 1 1 0 1 1 0 1 0 0 1 1 0 0 1 1 1 0 0 0 0 1 1 0 0
190	2	1 0 1 1 1 1 1 0 1 1 1 0 0 1 0 0 1 1 0 0 1 0 0 0 1 0 1 1 0 1 1 0 1 0 0 1 1 0 0 1 1 0 0 0 0 0 1 0 0 0
190	30	1 0 1 1 1 1 1 0 1 1 1 0 0 1 0 0 1 1 0 0 1 0 0 0 1 0 1 1 0 1 1 0 1 0 0 1 1 0 0 1 1 0 0 0 0 0 1 1 0 0
190	1	1 0 1 0 1 1 1 0 1 1 1 0 0 1 0 0 1 1 0 0 1 1 0 0 1 0 1 1 0 1 1 0 1 0 0 1 1 0 0 1 1 0 0 0 0 0 1 1 0 0
190	6	1 0 1 0 1 1 1 0 1 1 1 0 0 1 0 0 1 1 0 0 1 0 0 0 1 0 1 1 0 1 1 0 1 0 0 1 1 0 0 1 1 0 0 0 0 0 1 1 0 0
190	1	1 1 1 1 0 1 1 0 1 1 0 0 1 1 1 0 0 1 0 0 1 0 1 1 1 0 1 1 0 0 1 1 0 1 1 1 0 0 0 0 1 1 1 0 0 0 1 0 0 0
190	2	1 1 1 1 0 1 1 0 1 1 0 0 1 1 1 0 0 1 0 0 1 0 1 1 1 0 1 0 1 0 0 1 0 1 1 1 0 0 0 0 1 1 1 0 0 0 1 0 0 0
190	11	1 1 1 1 0 1 1 0 1 1 0 0 1 1 1 0 0 1 0 0 1 0 1 1 1 0 1 0 1 0 1 1 0 1 1 1 0 0 0 0 1 1 1 0 0 0 1 0 0 0
190	1	1 1 1 1 0 1 1 0 1 1 0 0 1 1 1 0 0 1 0 0 1 0 1 1 1 0 1 1 1 0 1 1 0 1 1 1 0 0 0 0 0 1 1 0 0 0 1 0 1 0
190	1	1 1 1 1 0 1 1 0 1 1 0 0 0 1 1 0 0 1 0 0 1 0 1 1 1 0 1 0 1 0 1 1 0 1 1 1 0 0 0 0 0 1 1 0 0 0 1 0 1 0
190	1	1 1 1 1 0 1 1 0 1 1 0 0 1 1 1 0 0 1 0 0 1 0 1 1 1 0 1 0 1 0 1 1 0 1 1 1 0 0 1 0 0 1 1 0 0 0 1 0 1 0
190	2	1 1 1 1 0 1 1 0 1 1 0 0 1 1 1 0 0 1 0 0 1 0 1 1 1 0 1 0 1 0 1 1 0 1 1 1 0 0 0 0 1 1 1 0 0 0 1 0 1 0
190	35	1 1 1 1 0 1 1 0 1 1 0 0 1 1 1 0 0 1 0 0 1 0 1 1 1 0 1 0 1 0 1 1 0 1 1 1 0 0 0 0 0 1 1 0 0 0 1 0 1 0
190	1	1 1 1 1 0 1 1 0 1 1 0 0 1 1 1 0 1 1 0 0 1 0 1 1 1 0 1 0 1 0 1 1 0 1 1 1 0 0 0 0 1 1 1 0 0 0 1 0 1 0
190	3	1 1 1 1 0 1 1 0 1 1 0 0 1 1 1 0 0 1 0 0 1 0 1 1 1 0 1 0 1 1 1 1 0 1 1 1 0 0 0 0 0 1 1 0 0 0 1 0 1 0
190	2	1 1 1 1 0 1 1 0 1 1 0 0 1 1 1 0 0 1 0 0 1 0 1 1 1 0 1 0 1 0 1 1 0 1 1 1 0 1 0 0 0 1 1 0 0 0 1 0 1 0
200	2	1 0 1 1 1 1 1 0 1 1 1 0 1 1 0 0 1 1 0 0 1 0 0 0 1 0 1 1 0 1 1 0 1 0 0 1 1 0 0 1 1 0 0 0 0 0 1 1 0 0
200	1	1 0 1 1 1 1 1 0 1 1 1 0 0 1 0 0 1 1 0 0 1 0 0 0 1 0 1 0 0 1 1 0 1 0 0 1 1 0 0 1 1 0 0 0 0 0 1 1 0 0
200	45	1 0 1 1 1 1 1 0 1 1 1 0 0 1 0 0 1 1 0 0 1 0 0 0 1 0 1 1 0 1 1 0 1 0 0 1 1 0 0 1 1 0 0 0 0 0 1 1 0 0
200	7	1 0 1 1 1 1 1 0 1 1 1 0 0 1 0 0 1 1 0 0 1 0 0 0 1 0 1 1 0 1 1 0 1 0 0 1 1 0 0 1 1 0 0 0 0 0 1 0 0 0
200	2	1 0 1 0 1 1 1 0 1 1 1 0 0 1 0 0 1 1 0 0 1 0 0 0 1 0 1 1 0 1 1 0 1 0 0 1 1 0 0 1 1 0 0 0 0 0 1 1 0 0
200	1	1 1 1 1 0 1 1 0 1 1 0 0 1 1 1 0 0 1 0 0 1 0 1 1 1 0 1 1 0 0 1 1 0 1 1 1 0 0 0 0 1 1 1 0 0 0 1 0 0 0
200	2	1 1 1 1 0 1 1 0 1 1 0 0 1 1 1 0 0 1 0 0 1 0 1 1 1 0 1 0 1 0 0 1 0 1 1 1 0 0 0 0 1 1 1 0 0 0 1 0 0 0
200	1	1 1 1 1 0 1 1 0 1 1 0 0 1 1 1 0 0 1 0 1 1 0 1 1 1 0 1 0 1 0 1 1 0 1 1 1 0 0 0 0 1 1 1 0 0 0 1 0 0 0
200	1	1 1 1 1 0 1 1 0 1 1 0 0 1 1 1 0 0 1 0 0 1 0 1 1 1 0 1 0 1 0 1 1 0 1 1 1 0 0 0 0 1 1 1 0 0 0 0 0 0 0
200	3	1 1 1 1 0 1 1 0 1 1 0 0 1 1 1 0 0 1 0 0 1 0 1 1 1 0 1 0 1 0 1 1 0 1 1 1 0 0 0 0 1 1 1 0 0 0 1 0 0 0
200	2	1 1 1 1 0 1 1 0 1 1 0 0 1 1 1 0 0 1 0 0 1 0 1 1 1 0 1 0 1 0 1 1 0 1 1 1 0 0 1 0 0 1 1 0 0 0 1 0 1 0
200	1	1 1 1 1 0 1 1 1 1 1 0 0 1 1 1 0 0 1 0 0 1 0 1 1 1 0 1 0 1 0 1 1 0 1 1 1 0 0 0 0 0 1 1 0 0 0 1 0 1 0
200	2	1 1 1 1 0 1 1 0 1 1 0 0 1 1 1 0 0 1 0 0 1 0 1 1 1 0 1 0 1 0 1 1 0 1 1 1 0 0 0 0 0 0 1 0 0 0 1 0 1 0
200	1	1 1 1 1 0 1 1 0 1 0 0 0 1 1 1 0 0 1 0 0 1 0 1 1 1 0 1 0 1 0 1 1 0 1 1 1 0 0 0 0 0 1 1 0 0 0 1 0 1 0
200	2	1 1 1 1 0 1 1 0 1 1 0 0 1 1 1 0 0 1 0 0 1 0 1 1 1 0 1 0 1 0 1 1 0 1 1 1 1 0 0 0 0 1 1 0 0 0 1 0 1 0
200	21	1 1 1 1 0 1 1 0 1 1 0 0 1 1 1 0 0 1 0 0 1 0 1 1 1 0 1 0 1 0 1 1 0 1 1 1 0 0 0 0 0 1 1 0 0 0 1 0 1 0
200	1	1 1 1 1 0 1 1 0 1 1 0 0 1 1 1 0 0 1 0 0 1 0 1 1 1 0 1 0 1 1 1 1 0 1 1 1 0 0 0 0 0 1 1 0 0 0 1 0 1 0
200	1	1 1 1 1 0 1 1 0 1 1 0 0 1 1 1 0 0 1 0 0 1 0 1 1 1 0 1 0 1 0 1 1 0 1 1 1 0 1 0 0 0 1 0 0 0 0 1 0 1 0
200	4	1 1 1 1 0 1 1 0 1 1 0 0 1 1 1 0 0 1 0 0 1 0 1 1 1 0 1 0 1 0 1 1 0 1 1 1 0 1 0 0 0 1 1 0 0 0 1 0 1 0
210	1	1 0 1 1 1 1 1 0 1 1 1 0 0 1 0 0 1 1 0 0 1 0 0 0 1 0 1 1 0 1 1 0 0 0 0 1 1 0 0 1 1 0 0 0 0 0 1 1 0 0
210	1	1 0 1 1 1 1 1 0 1 1 1 1 0 1 0 0 1 1 0 0 1 0 0 0 1 0 1 1 0 1 1 0 1 0 0 1 1 0 0 1 1 0 0 0 0 0 1 1 0 0
210	1	1 0 1 1 1 1 1 1 1 1 1 0 0 1 0 0 1 1 0 0 1 0 0 0 1 0 1 1 0 1 1 0 1 0 0 1 1 0 0 1 1 0 0 0 0 0 1 1 0 0
210	1	1 0 1 1 1 1 1 0 1 1 1 0 0 1 0 0 1 1 0 0 1 0 0 0 1 0 0 1 0 1 1 0 1 0 0 1 1 0 0 1 1 0 0 0 0 0 1 1 0 0
210	48	1 0 1 1 1 1 1 0 1 1 1 0 0 1 0 0 1 1 0 0 1 0 0 0 1 0 1 1 0 1 1 0 1 0 0 1 1 0 0 1 1 0 0 0 0 0 1 1 0 0
210	10	1 0 1 1 1 1 1 0 1 1 1 0 0 1 0 0 1 1 0 0 1 0 0 0 1 0 1 1 0 1 1 0 1 0 0 1 1 0 0 1 1 0 0 0 0 0 1 0 0 0
210	4	1 0 1 0 1 1 1 0 1 1 1 0 0 1 0 0 1 1 0 0 1 0 0 0 1 0 1 1 0 1 1 0 1 0 0 1 1 0 0 1 1 0 0 0 0 0 1 1 0 0
210	3	1 1 1 1 0 1 1 0 1 1 0 0 1 1 1 0 0 1 0 0 1 0 1 1 1 0 1 0 1 0 0 1 0 1 1 1 0 0 0 0 1 1 1 0 0 0 1 0 0 0
210	4	1 1 1 1 0 1 1 0 1 1 0 0 1 1 1 0 0 1 0 0 1 0 1 1 1 0 1 0 1 0 1 1 0 1 1 1 0 0 0 0 1 1 1 0 0 0 1 0 0 0
210	2	1 1 1 1 0 1 1 0 1 1 0 0 1 1 1 0 0 1 0 0 1 0 1 1 1 0 1 1 1 0 1 1 0 1 1 1 0 0 0 0 0 1 1 0 0 0 1 0 1 0
210	1	1 1 1 1 0 1 1 1 1 1 0 0 1 1 1 0 0 1 0 0 1 0 1 1 1 0 1 0 1 0 1 1 0 1 1 1 0 0 0 0 0 1 1 0 0 0 1 0 1 0
210	1	1 1 1 1 0 1 1 0 1 1 0 0 1 1 1 0 0 1 0 0 1 0 1 1 1 0 1 0 1 0 1 1 0 1 1 1 0 0 0 0 0 0 1 0 0 0 1 0 1 0
210	2	1 1 1 1 0 1 1 0 1 1 0 0 1 1 1 0 0 1 0 0 1 0 1 1 1 0 1 0 1 1 1 1 0 1 1 1 0 0 0 0 0 1 1 0 0 0 1 0 1 0
210	1	1 1 1 1 0 1 1 0 1 1 0 0 1 1 1 0 0 1 0 0 1 0 1 1 1 0 1 0 1 0 1 1 0 1 1 1 0 0 0 0 0 1 0 0 0 0 1 0 1 0
210	13	1 1 1 1 0 1 1 0 1 1 0 0 1 1 1 0 0 1 0 0 1 0 1 1 1 0 1 0 1 0 1 1 0 1 1 1 0 0 0 0 0 1 1 0 0 0 1 0 1 0
210	7	1 1 1 1 0 1 1 0 1 1 0 0 1 1 1 0 0 1 0 0 1 0 1 1 1 0 1 0 1 0 1 1 0 1 1 1 0 1 0 0 0 1 1 0 0 0 1 0 1 0
220	2	1 0 1 1 1 1 1 0 1 1 1 0 0 1 0 0 1 1 0 0 1 0 0 0 1 0 1 1 0 1 1 0 0 0 0 1 1 0 0 1 1 0 0 0 0 0 1 1 0 0
220	4	1 0 1 1 1 1 1 1 1 1 1 0 0 1 0 0 1 1 0 0 1 0 0 0 1 0 1 1 0 1 1 0 1 0 0 1 1 0 0 1 1 0 0 0 0 0 1 1 0 0
220	1	1 0 1 1 0 1 1 0 1 1 1 0 0 1 0 0 1 1 0 0 1 0 0 0 1 0 1 1 0 1 1 0 1 0 0 1 1 0 0 1 1 0 0 0 0 0 1 1 0 0
220	1	1 0 1 1 1 1 1 0 1 1 1 0 0 1 0 0 1 1 0 0 1 0 0 0 1 0 1 1 0 1 1 0 1 0 0 1 1 0 0 1 1 0 0 0 0 0 1 1 0 1
220	1	1 0 1 1 1 1 1 0 1 1 1 0 0 1 0 1 1 1 0 0 1 0 0 0 1 0 1 1 0 1 1 0 1 0 0 1 1 0 0 1 1 0 0 0 0 0 1 1 0 0
220	17	1 0 1 1 1 1 1 0 1 1 1 0 0 1 0 0 1 1 0 0 1 0 0 0 1 0 1 1 0 1 1 0 1 0 0 1 1 0 0 1 1 0 0 0 0 0 1 0 0 0
220	1	1 0 1 0 1 1 1 0 1 1 1 0 0 1 0 0 1 1 0 0 1 0 0 0 1 0 1 1 0 1 1 0 1 0 0 1 1 0 0 1 1 0 0 0 0 0 1 1 0 0
220	1	1 0 1 1 1 1 1 0 1 1 1 0 0 1 0 0 1 0 0 0 1 0 0 0 1 0 1 1 0 1 1 0 1 0 0 1 1 0 0 1 1 0 0 0 0 0 1 1 0 0
220	1	1 0 1 1 1 1 1 0 1 1 1 0 0 1 0 0 1 1 0 0 1 0 0 0 1 0 1 1 0 1 1 0 1 1 0 1 1 0 0 1 1 0 0 0 0 0 1 1 0 0
220	1	1 0 1 1 1 1 1 0 1 1 1 0 0 1 0 0 1 1 0 0 1 0 0 0 1 0 1 1 0 1 1 0 1 0 0 1 1 0 0 1 0 0 0 0 0 0 1 1 0 0
220	50	1 0 1 1 1 1 1 0 1 1 1 0 0 1 0 0 1 1 0 0 1 0 0 0 1 0 1 1 0 1 1 0 1 0 0 1 1 0 0 1 1 0 0 0 0 0 1 1 0 0
220	2	1 0 1 0 1 1 1 0 1 1 0 0 0 1 0 0 1 1 0 0 1 0 0 0 1 0 1 1 0 1 1 0 1 0 0 1 1 0 0 1 1 0 0 0 0 0 1 1 0 0
220	2	1 1 1 1 0 1 1 0 1 1 0 0 1 1 1 0 0 1 0 0 1 0 1 1 1 0 1 0 1 0 0 1 0 1 1 1 0 0 0 0 1 1 1 0 0 0 1 0 0 0
220	1	1 1 0 1 0 1 1 1 1 1 0 0 1 1 1 0 0 1 0 0 1 0 1 1 1 0 1 0 1 0 1 1 0 1 1 1 0 0 0 0 0 1 1 0 0 0 1 0 1 0
220	3	1 1 1 1 0 1 1 1 1 1 0 0 1 1 1 0 0 1 0 0 1 0 1 1 1 0 1 0 1 0 1 1 0 1 1 1 0 0 0 0 0 1 1 0 0 0 1 0 1 0
220	1	1 1 1 1 0 1 1 0 1 1 0 0 1 1 1 0 0 1 0 0 1 0 1 1 1 0 1 0 1 0 1 1 0 1 1 1 1 0 0 0 0 1 1 0 0 0 1 0 1 0
220	2	1 1 1 1 0 1 1 0 1 1 0 0 1 1 1 0 0 1 0 0 1 0 1 1 1 0 1 0 1 1 1 1 0 1 1 1 0 0 0 0 0 1 1 0 0 0 1 0 1 0
220	1	1 1 1 1 0 1 1 0 1 1 0 0 1 1 1 0 0 1 0 0 1 0 1 1 1 0 1 0 1 0 1 1 0 1 1 1 0 0 0 0 0 1 0 0 0 0 1 0 1 0
220	2	1 1 1 1 0 1 1 0 1 1 0 0 1 1 1 0 0 1 0 0 1 0 1 1 1 0 1 0 1 0 1 1 0 1 1 1 0 1 0 0 0 1 1 0 0 0 1 0 1 0
220	6	1 1 1 1 0 1 1 0 1 1 0 0 1 1 1 0 0 1 0 0 1 0 1 1 1 0 1 0 1 0 1 1 0 1 1 1 0 0 0 0 0 1 1 0 0 0 1 0 1 0
230	1	1 0 1 1 1 1 1 0 1 1 1 0 0 1 0 0 1 1 0 0 1 0 0 0 1 0 1 1 0 1 1 0 0 0 0 1 1 0 0 1 1 0 0 0 0 0 1 1 0 0
230	1	1 0 1 1 1 1 1 1 1 1 1 0 0 1 0 0 1 1 0 0 1 0 0 1 1 0 1 1 0 1 1 0 1 0 0 1 1 0 0 1 1 0 0 0 0 0 1 1 0 0
230	2	1 0 1 1 1 1 1 1 1 1 1 0 0 1 0 0 1 1 0 0 1 0 0 0 1 0 1 1 0 1 1 0 1 0 0 1 1 0 0 1 1 0 0 0 0 0 1 1 0 0
230	33	1 0 1 1 1 1 1 0 1 1 1 0 0 1 0 0 1 1 0 0 1 0 0 0 1 0 1 1 0 1 1 0 1 0 0 1 1 0 0 1 1 0 0 0 0 0 1 0 0 0
230	1	1 0 1 1 1 1 1 0 1 1 1 0 0 1 0 0 1 1 0 0 1 0 1 0 1 0 1 1 0 1 1 0 1 0 0 1 1 0 0 1 1 0 0 0 0 0 1 1 0 0
230	45	1 0 1 1 1 1 1 0 1 1 1 0 0 1 0 0 1 1 0 0 1 0 0 0 1 0 1 1 0 1 1 0 1 0 0 1 1 0 0 1 1 0 0 0 0 0 1 1 0 0
230	1	1 0 1 0 1 1 1 0 1 1 0 0 0 1 0 0 1 1 0 0 1 0 0 0 1 0 1 1 0 1 1 0 1 0 0 1 1 0 0 1 1 0 0 0 0 0 1 1 0 0
230	1	1 1 1 1 0 1 1 0 1 1 0 0 1 1 1 0 0 1 0 0 1 0 1 1 1 0 1 1 1 0 1 1 0 1 1 1 0 0 0 0 0 1 1 0 0 0 1 0 1 0
230	2	1 1 1 1 0 1 1 1 1 1 0 0 1 1 1 0 0 1 0 0 1 0 1 1 1 0 1 0 1 0 1 1 0 1 1 1 0 0 0 0 0 1 1 0 0 0 1 0 1 0
230	1	1 1 1 1 0 1 1 0 1 1 0 0 1 1 1 0 0 1 0 0 1 0 1 1 1 0 1 0 1 0 1 1 0 1 1 1 1 0 0 0 0 1 1 0 0 0 1 0 1 0
230	2	1 1 1 1 0 1 1 0 1 1 0 0 1 1 1 0 0 1 0 0 1 0 1 1 1 0 1 0 1 0 1 1 0 1 1 1 0 1 0 0 0 1 1 0 0 0 0 0 1 0
230	2	1 1 1 1 0 1 1 0 1 1 0 0 1 1 1 0 0 1 0 0 1 0 1 1 1 0 1 0 1 0 1 1 0 1 1 1 0 1 0 0 0 1 1 0 0 0 1 0 1 0
230	1	1 1 1 1 0 1 1 0 1 1 1 0 1 1 1 0 0 1 0 0 1 0 1 1 1 0 1 0 1 0 1 1 0 1 1 1 0 0 0 0 0 1 1 0 0 0 1 0 1 0
230	6	1 1 1 1 0 1 1 0 1 1 0 0 1 1 1 0 0 1 0 0 1 0 1 1 1 0 1 0 1 0 1 1 0 1 1 1 0 0 0 0 0 1 1 0 0 0 1 0 1 0
230	1	1 1 1 1 0 1 1 0 0 1 0 0 1 1 1 0 0 1 0 0 1 0 1 1 1 0 1 0 1 0 1 1 0 1 1 1 0 1 0 0 0 1 1 0 0 0 1 0 1 0
240	2	1 0 1 1 1 1 1 1 1 1 1 0 0 1 0 0 1 1 0 0 1 0 0 0 1 0 1 1 0 1 1 0 1 0 0 1 1 0 0 1 1 0 0 0 0 0 1 1 0 0
240	2	1 0 1 1 1 1 1 0 1 1 1 0 0 1 0 1 1 1 0 0 1 0 0 0 1 0 1 1 0 1 1 0 1 0 0 1 1 0 0 1 1 0 0 0 0 0 1 0 0 0
240	1	1 0 1 1 1 1 1 0 1 1 1 0 0 1 0 0 1 1 0 0 1 0 0 0 1 0 1 1 0 1 1 0 1 0 0 1 1 0 0 1 0 0 0 0 0 0 1 0 0 0
240	1	1 0 1 1 1 1 1 0 1 1 1 0 0 1 0 0 1 1 0 0 1 0 0 0 1 0 1 1 1 1 1 0 1 0 0 1 1 0 0 1 1 0 0 0 0 0 1 0 0 0
240	1	1 0 1 1 1 1 1 0 1 1 1 0 0 1 0 0 1 1 0 1 1 0 0 0 1 0 1 1 0 1 1 0 1 0 0 1 1 0 0 1 1 0 0 0 0 0 1 0 0 0
240	1	1 0 1 1 1 1 1 0 1 1 1 0 0 1 0 0 1 1 0 0 0 0 0 0 1 0 1 1 0 1 1 0 1 0 0 1 1 0 0 1 1 0 0 0 0 0 1 0 0 0
240	1	1 0 1 1 1 1 1 0 1 1 1 0 0 1 0 0 1 1 0 0 1 0 0 0 1 0 1 1 0 1 1 0 1 0 0 1 1 0 1 1 1 0 0 0 0 0 1 0 0 0
240	45	1 0 1 1 1 1 1 0 1 1 1 0 0 1 0 0 1 1 0 0 1 0 0 0 1 0 1 1 0 1 1 0 1 0 0 1 1 0 0 1 1 0 0 0 0 0 1 0 0 0
240	1	1 0 1 1 1 1 0 0 1 1 1 0 0 1 0 0 1 1 0 0 1 0 0 0 1 0 1 1 0 1 1 0 1 0 0 1 1 0 0 1 1 0 0 0 0 0 1 1 0 0
240	1	1 0 1 1 1 1 1 0 1 1 1 0 0 0 0 0 1 1 0 0 1 0 0 0 1 0 1 1 0 1 1 0 1 0 0 1 1 0 0 1 1 0 0 0 0 0 1 1 0 0
240	1	1 0 1 1 1 1 1 0 1 1 1 0 0 1 0 0 1 1 0 0 1 0 0 0 1 0 1 1 0 0 1 0 1 0 0 1 1 0 0 1 1 0 0 0 0 0 1 1 0 0
240	1	1 0 1 1 1 1 1 0 1 1 1 0 0 1 0 0 1 1 0 0 1 0 0 0 1 0 1 1 0 1 1 0 1 0 0 1 1 0 0 1 1 0 0 0 1 0 1 1 0 0
240	31	1 0 1 1 1 1 1 0 1 1 1 0 0 1 0 0 1 1 0 0 1 0 0 0 1 0 1 1 0 1 1 0 1 0 0 1 1 0 0 1 1 0 0 0 0 0 1 1 0 0
240	2	1 1 1 1 0 1 1 0 1 1 0 0 1 1 1 0 0 1 0 0 1 0 1 1 1 0 1 0 1 0 1 1 0 1 1 1 0 0 0 0 1 1 1 0 0 0 1 0 0 0
240	1	1 1 1 0 0 1 1 0 1 1 0 0 1 1 1 0 0 1 0 0 1 0 1 1 1 0 1 1 1 0 1 1 0 1 1 1 0 0 0 0 0 1 1 0 0 0 1 0 1 0
240	3	1 1 1 1 0 1 1 0 1 1 0 0 1 1 1 0 0 1 0 0 1 0 1 1 1 0 1 1 1 0 1 1 0 1 1 1 0 0 0 0 0 1 1 0 0 0 1 0 1 0
240	3	1 1 1 1 0 1 1 1 1 1 0 0 1 1 1 0 0 1 0 0 1 0 1 1 1 0 1 0 1 0 1 1 0 1 1 1 0 0 0 0 0 1 1 0 0 0 1 0 1 0
240	1	1 1 1 1 0 1 1 0 1 1 0 0 1 1 1 0 0 1 0 0 1 0 1 1 1 0 1 0 1 0 1 1 0 1 1 1 0 0 0 0 0 0 1 0 0 0 1 0 1 0
240	1	1 1 1 1 0 1 1 0 1 1 0 0 1 1 1 0 0 1 0 0 1 0 1 1 1 0 1 0 1 0 1 1 0 1 1 1 1 0 0 0 0 1 1 0 0 0 1 0 1 0
250	1	1 0 1 1 1 1 1 1 1 1 1 0 0 1 0 0 1 1 0 0 1 0 0 0 1 0 1 1 0 1 1 0 1 0 0 1 1 0 1 1 1 0 0 0 0 0 1 1 0 0
250	4	1 0 1 1 1 1 1 1 1 1 1 0 0 1 0 0 1 1 0 0 1 0 0 0 1 0 1 1 0 1 1 0 1 0 0 1 1 0 0 1 1 0 0 0 0 0 1 1 0 0
250	3	1 0 1 1 1 1 1 0 1 1 1 0 0 1 0 0 1 1 0 0 1 0 0 0 1 0 1 1 0 1 1 0 1 0 0 1 1 0 0 1 0 0 0 0 0 0 1 0 0 0
250	1	1 0 1 1 1 1 1 0 1 1 1 0 0 1 0 0 1 1 0 0 1 0 0 0 1 0 1 1 1 1 1 0 1 0 0 1 1 0 0 1 1 0 0 0 0 0 1 0 0 0
250	1	1 0 1 0 1 1 1 0 1 1 1 0 0 1 0 0 1 1 0 0 1 0 0 0 1 0 1 1 0 1 1 0 1 0 0 1 1 0 0 1 1 0 0 0 0 0 1 0 0 0
250	57	1 0 1 1 1 1 1 0 1 1 1 0 0 1 0 0 1 1 0 0 1 0 0 0 1 0 1 1 0 1 1 0 1 0 0 1 1 0 0 1 1 0 0 0 0 0 1 0 0 0
250	1	1 0 1 1 1 1 1 0 1 1 1 0 0 1 0 0 1 1 0 0 1 0 0 0 1 0 1 1 0 1 1 1 1 0 0 1 1 0 0 1 1 0 0 0 0 0 1 1 0 0
250	31	1 0 1 1 1 1 1 0 1 1 1 0 0 1 0 0 1 1 0 0 1 0 0 0 1 0 1 1 0 1 1 0 1 0 0 1 1 0 0 1 1 0 0 0 0 0 1 1 0 0
250	1	1 1 1 1 0 1 1 1 1 1 0 0 1 1 1 0 0 1 0 0 1 0 1 1 1 0 1 0 1 0 1 1 0 1 1 1 0 0 0 0 0 1 1 0 0 0 1 0 1 0
260	3	1 0 1 1 1 1 1 1 1 1 1 0 0 1 0 0 1 1 0 0 1 0 0 0 1 0 1 1 0 1 1 0 1 0 0 1 1 0 1 1 1 0 0 0 0 0 1 1 0 0
260	6	1 0 1 1 1 1 1 1 1 1 1 0 0 1 0 0 1 1 0 0 1 0 0 0 1 0 1 1 0 1 1 0 1 0 0 1 1 0 0 1 1 0 0 0 0 0 1 1 0 0
260	1	1 0 1 1 1 1 1 0 1 1 1 0 0 1 0 1 1 1 0 0 1 0 0 0 1 0 1 1 0 1 1 0 1 0 0 1 1 0 0 1 1 0 0 0 0 0 1 0 0 0
260	1	1 0 1 1 1 1 1 0 1 1 1 0 0 1 0 0 1 1 0 0 1 0 0 0 1 0 1 1 0 1 1 0 1 0 0 1 1 0 0 1 0 0 0 0 0 0 1 0 0 0
260	2	1 0 1 1 1 1 1 0 1 1 1 0 0 1 0 0 1 1 0 0 1 0 0 0 1 0 1 1 1 1 1 0 1 0 0 1 1 0 0 1 1 0 0 0 0 0 1 0 0 0
260	1	1 0 1 1 1 1 1 0 1 1 1 0 0 0 0 0 1 1 0 0 1 0 0 0 1 0 1 1 0 1 1 0 1 0 0 1 1 0 0 1 1 0 0 0 0 0 1 0 0 0
260	3	1 0 1 1 1 1 1 0 1 1 1 0 0 1 0 0 1 1 0 0 1 0 0 0 1 0 1 1 0 0 1 0 1 0 0 1 1 0 0 1 1 0 0 0 0 0 1 0 0 0
260	1	1 0 1 1 1 1 1 0 1 1 1 0 0 1 0 0 1 1 0 0 1 0 0 0 1 1 1 1 0 1 1 0 1 0 0 1 1 0 0 1 1 0 0 0 0 0 1 0 0 0
260	1	1 0 1 1 1 0 1 0 1 1 1 0 0 1 0 0 1 1 0 0 1 0 0 0 1 0 1 1 0 1 1 0 1 0 0 1 1 0 0 1 1 0 0 0 0 0 1 0 0 0
260	1	1 0 1 1 1 1 1 0 1 1 1 0 0 1 0 0 1 1 0 0 1 0 0 1 1 0 1 1 0 1 1 0 1 0 0 1 1 0 0 1 1 0 0 0 0 0 1 0 0 0
260	1	1 0 1 1 1 1 1 0 1 1 1 0 0 1 0 0 1 1 0 0 1 0 0 0 1 0 1 1 0 1 1 0 1 0 0 1 1 0 0 1 1 0 1 0 0 0 1 0 0 0
260	69	1 0 1 1 1 1 1 0 1 1 1 0 0 1 0 0 1 1 0 0 1 0 0 0 1 0 1 1 0 1 1 0 1 0 0 1 1 0 0 1 1 0 0 0 0 0 1 0 0 0
260	1	1 0 1 1 1 1 0 0 1 1 1 0 0 1 0 0 1 1 0 0 1 0 0 0 1 0 1 1 0 1 1 0 1 0 0 1 1 0 0 1 1 0 0 0 0 0 1 1 0 0
260	9	1 0 1 1 1 1 1 0 1 1 1 0 0 1 0 0 1 1 0 0 1 0 0 0 1 0 1 1 0 1 1 0 1 0 0 1 1 0 0 1 1 0 0 0 0 0 1 1 0 0
270	2	1 0 1 1 1 1 1 1 1 1 1 0 0 1 0 0 1 1 0 0 1 0 0 0 1 0 1 1 0 1 1 0 1 0 0 1 1 0 1 1 1 0 0 0 0 0 1 1 0 0
270	6	1 0 1 1 1 1 1 1 1 1 1 0 0 1 0 0 1 1 0 0 1 0 0 0 1 0 1 1 0 1 1 0 1 0 0 1 1 0 0 1 1 0 0 0 0 0 1 1 0 0
270	6	1 0 1 1 1 1 1 0 1 1 1 0 0 1 0 1 1 1 0 0 1 0 0 0 1 0 1 1 0 1 1 0 1 0 0 1 1 0 0 1 1 0 0 0 0 0 1 0 0 0
270	3	1 0 1 1 1 1 1 0 1 1 1 0 0 1 0 0 1 1 0 0 1 0 0 0 1 0 1 1 0 1 1 0 1 0 0 1 1 0 0 1 0 0 0 0 0 0 1 0 0 0
270	2	1 0 1 1 1 1 1 0 1 1 1 0 0 1 0 0 1 1 0 0 1 0 0 0 1 0 1 1 1 1 1 0 1 0 0 1 1 0 0 1 1 0 0 0 0 0 1 0 0 0
270	1	1 0 1 1 1 1 0 0 1 1 1 0 0 1 0 0 1 1 0 0 1 0 0 0 1 0 1 1 0 1 1 0 1 0 0 1 1 0 0 1 1 0 0 0 0 0 0 0 0 0
270	2	1 0 1 1 1 1 1 0 1 1 1 0 0 1 0 0 1 1 0 0 1 0 0 0 1 0 1 1 0 0 1 0 1 0 0 1 1 0 0 1 1 0 0 0 0 0 1 0 0 0
270	1	1 0 1 1 1 1 1 0 1 1 1 0 0 1 0 0 1 1 0 0 1 1 0 0 1 0 1 1 0 1 1 0 1 0 0 1 1 0 0 1 1 0 0 0 0 0 1 0 0 0
270	1	1 0 1 1 1 1 1 0 1 1 1 0 0 1 0 0 1 1 0 0 1 0 0 0 1 0 1 1 0 1 1 0 1 0 0 1 0 0 0 1 1 0 0 0 0 0 1 0 0 0
270	10	1 0 1 1 1 1 1 0 1 1 1 0 0 1 0 0 1 1 0 0 1 0 0 0 1 0 1 1 0 1 1 0 1 0 0 1 1 0 0 1 1 0 0 0 0 0 1 1 0 0
270	2	1 0 1 1 1 1 1 0 1 1 1 0 0 1 0 0 1 1 0 0 0 0 0 0 1 0 1 1 0 1 1 0 1 0 0 1 1 0 0 1 1 0 0 0 0 0 1 0 0 0
270	64	1 0 1 1 1 1 1 0 1 1 1 0 0 1 0 0 1 1 0 0 1 0 0 0 1 0 1 1 0 1 1 0 1 0 0 1 1 0 0 1 1 0 0 0 0 0 1 0 0 0
280	2	1 0 1 1 1 1 1 1 1 1 1 0 0 1 0 0 1 1 0 0 1 0 0 0 1 0 1 1 0 1 1 0 1 0 0 1 1 0 1 1 1 0 0 0 0 0 1 1 0 0
280	6	1 0 1 1 1 1 1 1 1 1 1 0 0 1 0 0 1 1 0 0 1 0 0 0 1 0 1 1 0 1 1 0 1 0 0 1 1 0 0 1 1 0 0 0 0 0 1 1 0 0
280	1	1 0 1 1 1 1 1 0 1 1 1 0 0 1 0 1 1 1 0 0 1 0 0 1 1 0 1 1 0 1 1 0 1 0 0 1 1 0 0 1 1 0 0 0 0 0 0 0 0 0
280	3	1 0 1 1 1 1 1 0 1 1 1 0 0 1 0 1 1 1 0 0 1 0 0 1 1 0 1 1 0 1 1 0 1 0 0 1 1 0 0 1 1 0 0 0 0 0 1 0 0 0
280	6	1 0 1 1 1 1 1 0 1 1 1 0 0 1 0 1 1 1 0 0 1 0 0 0 1 0 1 1 0 1 1 0 1 0 0 1 1 0 0 1 1 0 0 0 0 0 1 0 0 0
280	1	1 0 1 1 1 1 1 0 1 1 1 0 0 1 0 0 1 1 0 0 1 0 0 0 1 0 1 1 0 1 1 0 1 0 0 1 0 0 0 1 0 0 0 0 0 0 1 0 0 0
280	1	0 0 1 1 1 1 1 0 1 1 1 0 0 1 0 0 1 1 0 0 1 0 0 0 1 0 1 1 0 1 1 0 1 0 0 1 1 0 0 1 0 0 0 0 0 0 1 0 0 0
280	11	1 0 1 1 1 1 1 0 1 1 1 0 0 1 0 0 1 1 0 0 1 0 0 0 1 0 1 1 0 1 1 0 1 0 0 1 1 0 0 1 0 0 0 0 0 0 1 0 0 0
280	2	1 0 1 1 1 1 1 0 1 1 1 0 0 1 0 0 1 1 0 0 1 0 0 0 1 0 1 1 1 1 1 0 1 0 0 1 1 0 0 1 1 0 0 0 0 0 1 0 0 0
280	2	1 0 1 1 1 1 0 0 1 1 1 0 0 1 0 0 1 1 0 0 1 0 0 0 1 0 1 1 0 1 1 0 1 0 0 1 1 0 0 1 1 0 0 0 0 0 1 0 0 0
280	4	1 0 1 1 1 1 1 0 1 1 1 0 0 1 0 0 1 1 0 0 1 0 0 0 1 0 1 1 0 0 1 0 1 0 0 1 1 0 0 1 1 0 0 0 0 0 1 0 0 0
280	1	1 0 1 1 1 1 1 1 1 1 1 0 0 1 0 0 1 1 0 0 1 0 0 0 1 0 1 1 0 1 1 0 1 0 0 1 1 0 0 1 1 0 0 0 0 0 1 0 0 0
280	1	1 0 1 1 1 1 1 0 1 1 1 0 0 1 0 0 1 1 0 0 1 0 0 0 1 0 1 1 0 1 1 0 1 0 0 1 0 0 0 1 1 0 0 0 0 0 1 0 0 0
280	2	1 0 1 1 1 1 1 0 1 1 1 0 0 1 0 0 1 1 0 0 1 0 0 0 1 0 1 1 0 1 1 0 1 0 0 1 1 0 0 1 1 0 0 0 0 0 1 1 0 0
280	1	1 0 1 1 1 1 1 0 1 1 1 0 0 1 0 0 1 1 0 0 0 0 0 0 1 0 1 1 0 1 1 0 1 0 0 1 1 0 0 1 1 0 0 0 0 0 1 0 0 0
280	1	1 0 1 1 1 1 1 0 1 1 1 0 0 1 0 0 1 1 0 0 1 0 0 0 1 0 1 1 0 1 1 1 1 0 0 1 1 0 0 1 1 0 0 0 0 0 1 0 0 0
280	1	1 0 1 1 1 1 1 0 1 1 1 0 0 1 0 0 1 1 0 0 1 0 0 0 1 0 1 1 0 1 1 0 1 0 0 1 1 0 1 1 1 0 0 0 0 0 1 0 0 0
280	53	1 0 1 1 1 1 1 0 1 1 1 0 0 1 0 0 1 1 0 0 1 0 0 0 1 0 1 1 0 1 1 0 1 0 0 1 1 0 0 1 1 0 0 0 0 0 1 0 0 0
280	1	1 0 1 1 1 1 1 0 1 1 1 0 0 1 0 1 1 1 0 0 1 0 0 0 1 0 1 1 0 1 1 0 1 0 0 1 1 0 0 1 1 0 0 0 0 0 1 1 0 0
290	1	1 0 1 1 1 1 1 1 1 1 1 0 0 1 0 0 1 1 0 0 1 1 0 0 1 0 1 1 0 1 1 0 1 0 0 1 1 0 0 1 1 0 0 0 0 0 1 1 0 0
290	4	1 0 1 1 1 1 1 1 1 1 1 0 0 1 0 0 1 1 0 0 1 0 0 0 1 0 1 1 0 1 1 0 1 0 0 1 1 0 0 1 1 0 0 0 0 0 1 1 0 0
290	1	1 0 1 1 1 1 1 0 1 1 1 0 0 1 0 1 1 1 0 0 1 0 0 1 1 0 1 1 0 1 1 0 1 0 0 1 1 0 0 1 1 0 0 0 0 0 0 0 0 0
290	18	1 0 1 1 1 1 1 0 1 1 1 0 0 1 0 0 1 1 0 0 1 0 0 0 1 0 1 1 0 1 1 0 1 0 0 1 1 0 0 1 0 0 0 0 0 0 1 0 0 0
290	2	1 0 1 1 1 1 1 0 1 1 1 0 0 1 0 0 1 1 0 0 1 0 0 0 1 0 1 1 1 1 1 0 1 0 0 1 1 0 0 1 1 0 0 0 0 0 1 0 0 0
290	2	1 1 1 1 1 1 0 0 1 1 1 0 0 1 0 0 1 1 0 0 1 0 0 0 1 0 1 1 0 1 1 0 1 0 0 1 1 0 0 1 1 0 0 0 0 0 1 0 0 0
290	1	1 0 1 1 1 1 1 0 1 1 1 0 0 1 0 0 1 1 0 0 1 0 0 0 1 0 1 1 0 0 1 0 1 0 0 1 1 0 1 1 1 0 0 0 0 0 1 0 0 0
290	1	1 0 1 1 1 1 1 0 1 1 1 0 0 1 0 0 1 1 0 0 1 0 0 0 1 0 1 1 0 0 1 0 1 0 0 1 1 0 0 1 1 0 0 0 0 0 1 0 0 0
290	1	1 0 1 1 1 1 1 0 1 1 1 0 0 1 0 0 1 1 0 0 1 1 0 0 1 0 1 1 0 1 1 0 1 0 0 1 1 0 0 1 1 0 0 0 0 0 1 0 0 0
290	2	1 0 1 1 1 1 1 1 1 1 1 0 0 1 0 0 1 1 0 0 1 0 0 0 1 0 1 1 0 1 1 0 1 0 0 1 1 0 0 1 1 0 0 0 0 0 1 0 0 0
290	1	1 0 1 1 1 1 1 0 1 1 1 0 0 1 0 0 1 1 0 0 1 0 0 0 1 0 1 1 0 1 1 0 1 0 0 1 0 0 0 1 1 0 0 0 0 0 1 0 0 0
290	63	1 0 1 1 1 1 1 0 1 1 1 0 0 1 0 0 1 1 0 0 1 0 0 0 1 0 1 1 0 1 1 0 1 0 0 1 1 0 0 1 1 0 0 0 0 0 1 0 0 0
290	3	1 0 1 1 1 1 1 0 1 1 1 0 0 1 0 1 1 1 0 0 1 0 0 0 1 0 1 1 0 1 1 0 1 0 0 1 1 0 0 1 1 0 0 0 0 0 1 1 0 0
300	1	1 0 1 1 1 1 1 1 1 1 1 0 0 1 0 0 1 1 0 0 1 0 0 0 1 0 1 1 0 1 1 0 1 0 0 1 1 0 1 1 1 0 0 0 0 0 1 1 0 0
300	5	1 0 1 1 1 1 1 1 1 1 1 0 0 1 0 0 1 1 0 0 1 0 0 0 1 0 1 1 0 1 1 0 1 0 0 1 1 0 0 1 1 0 0 0 0 0 1 1 0 0
300	1	1 0 1 1 1 1 1 0 1 1 1 0 0 1 0 0 1 1 1 0 1 0 0 0 1 0 1 1 0 1 1 0 1 0 0 1 1 0 0 1 0 0 0 0 0 0 1 0 0 0
300	23	1 0 1 1 1 1 1 0 1 1 1 0 0 1 0 0 1 1 0 0 1 0 0 0 1 0 1 1 0 1 1 0 1 0 0 1 1 0 0 1 0 0 0 0 0 0 1 0 0 0
300	1	1 0 1 1 1 1 1 0 1 1 1 0 0 1 0 0 1 1 0 0 1 0 0 0 1 0 1 1 1 1 1 0 1 0 0 1 1 0 0 1 1 0 0 0 0 0 1 0 0 0
300	1	1 0 1 1 1 1 1 0 1 1 1 0 0 1 0 0 1 1 0 0 1 0 0 0 1 0 1 1 0 0 1 0 1 0 0 1 1 0 1 1 1 0 0 0 0 0 1 0 0 0
300	3	1 0 1 1 1 1 1 0 1 1 1 0 0 1 0 0 1 1 0 0 1 0 0 0 1 0 1 1 0 0 1 0 1 0 0 1 1 0 0 1 1 0 0 0 0 0 1 0 0 0
300	1	1 0 1 1 1 1 1 0 1 1 1 0 0 1 0 0 1 1 0 0 1 1 0 0 1 0 1 1 0 1 1 0 1 0 0 1 1 0 0 1 1 0 0 0 0 0 1 0 0 0
300	3	1 0 1 1 1 1 1 1 1 1 1 0 0 1 0 0 1 1 0 0 1 0 0 0 1 0 1 1 0 1 1 0 1 0 0 0 1 0 0 1 1 0 0 0 0 0 1 0 0 0
300	1	1 0 1 1 1 1 1 1 1 1 1 0 0 1 0 0 1 1 0 0 1 0 0 0 1 1 1 1 0 1 1 0 1 0 0 1 1 0 0 1 1 0 0 0 0 0 1 0 0 0
300	10	1 0 1 1 1 1 1 1 1 1 1 0 0 1 0 0 1 1 0 0 1 0 0 0 1 0 1 1 0 1 1 0 1 0 0 1 1 0 0 1 1 0 0 0 0 0 1 0 0 0
300	1	1 0 1 1 1 1 1 0 1 1 1 0 0 1 0 0 1 1 0 0 1 0 0 0 1 0 1 1 0 1 1 0 1 0 0 1 1 1 0 1 1 0 0 0 0 0 1 0 0 0
300	2	0 0 1 1 1 1 1 0 1 1 1 0 0 1 0 0 1 1 0 0 1 0 0 0 1 0 1 1 0 1 1 0 1 0 0 1 1 0 0 1 1 0 0 0 0 0 1 0 0 0
300	1	1 0 1 1 1 1 1 0 1 1 1 0 0 1 0 0 1 1 0 0 1 0 0 0 1 0 1 1 0 1 1 0 1 0 0 1 1 0 0 0 1 0 0 0 0 0 1 0 0 0
300	2	1 0 1 1 1 1 1 0 1 1 1 0 0 1 0 0 1 1 0 0 1 0 0 0 1 0 1 1 0 1 1 0 1 0 1 1 1 0 0 1 1 0 0 0 0 0 1 0 0 0
300	1	1 0 1 1 1 1 1 0 1 1 1 0 0 1 0 0 1 1 0 0 1 0 0 0 1 0 1 1 0 1 1 0 1 0 0 1 1 0 0 1 1 0 0 0 0 0 1 0 0 1
300	1	1 0 1 1 1 1 1 0 1 1 1 0 0 1 0 0 1 1 0 0 1 0 0 0 0 0 1 1 0 1 1 0 1 0 0 1 1 0 0 1 1 0 0 0 0 0 1 0 0 0
300	41	1 0 1 1 1 1 1 0 1 1 1 0 0 1 0 0 1 1 0 0 1 0 0 0 1 0 1 1 0 1 1 0 1 0 0 1 1 0 0 1 1 0 0 0 0 0 1 0 0 0
300	1	1 0 1 1 1 1 1 0 1 1 1 0 0 1 0 1 1 1 0 0 1 0 0 0 1 0 1 1 0 1 1 0 1 0 0 1 1 0 0 1 1 0 0 0 0 0 1 1 0 0
310	2	1 0 1 1 1 1 1 1 1 1 1 0 0 1 0 0 1 1 0 0 1 1 0 0 1 0 1 1 0 1 1 0 1 0 0 1 1 0 0 1 1 0 0 0 0 0 1 1 0 0
310	1	1 0 1 1 1 1 1 1 1 1 1 0 0 1 0 0 1 1 0 0 1 0 0 0 1 0 1 1 0 1 1 0 1 0 0 1 1 0 0 1 1 0 0 0 0 0 1 1 0 0
310	1	1 0 1 1 1 1 1 0 1 1 1 0 0 1 0 0 1 1 0 0 1 0 0 0 1 0 1 1 0 1 1 0 1 0 0 1 1 0 0 1 0 0 0 1 0 0 1 0 0 0
310	1	1 0 1 1 1 1 1 0 1 1 1 0 0 1 0 0 1 1 0 0 1 0 0 0 1 0 1 1 0 0 1 0 1 0 0 1 1 0 0 1 0 0 0 0 0 0 1 0 0 0
310	44	1 0 1 1 1 1 1 0 1 1 1 0 0 1 0 0 1 1 0 0 1 0 0 0 1 0 1 1 0 1 1 0 1 0 0 1 1 0 0 1 0 0 0 0 0 0 1 0 0 0
310	2	1 0 1 1 1 1 1 0 1 1 1 0 0 1 0 0 1 1 0 0 1 0 0 0 1 0 1 1 1 1 1 0 1 0 0 1 1 0 0 1 1 0 0 0 0 0 1 0 0 0
310	1	1 0 1 1 1 1 1 0 1 1 1 0 0 1 0 0 1 1 0 0 1 0 0 0 1 0 1 1 0 0 1 0 1 0 0 1 1 0 0 1 1 0 0 0 0 0 1 0 0 0
310	1	1 0 1 1 1 1 1 1 1 1 1 0 0 1 0 0 1 1 0 0 1 0 0 0 1 0 1 1 0 1 1 0 1 0 0 0 1 0 0 1 1 0 0 0 0 0 1 0 0 0
310	1	1 0 1 1 1 1 1 1 1 1 1 0 0 1 0 0 1 1 0 0 1 0 0 0 1 1 1 1 0 1 1 0 1 0 0 1 1 0 0 1 1 0 0 0 0 0 1 0 0 0
310	6	1 0 1 1 1 1 1 1 1 1 1 0 0 1 0 0 1 1 0 0 1 0 0 0 1 0 1 1 0 1 1 0 1 0 0 1 1 0 0 1 1 0 0 0 0 0 1 0 0 0
310	2	1 0 1 1 1 1 1 0 1 1 1 0 0 1 0 0 1 1 0 0 1 0 0 0 1 0 1 1 0 1 1 0 1 0 0 1 1 1 0 1 1 0 0 0 0 0 1 1 0 0
310	1	1 0 1 1 1 1 1 0 1 1 1 0 0 1 0 0 1 1 0 0 1 0 0 0 1 0 1 1 0 1 1 0 1 0 1 1 1 0 0 1 1 0 0 0 0 0 1 0 0 0
310	1	1 0 1 1 1 1 1 0 1 1 1 0 0 1 0 0 1 1 0 0 1 0 0 0 1 0 1 1 0 1 1 0 1 0 0 1 1 0 0 0 1 0 0 0 0 0 1 0 0 0
310	1	1 0 1 1 1 0 1 0 1 1 1 0 0 1 0 0 1 1 0 0 1 0 0 0 1 0 1 1 0 1 1 0 1 0 0 1 1 0 0 1 1 0 0 0 0 0 1 0 0 0
310	35	1 0 1 1 1 1 1 0 1 1 1 0 0 1 0 0 1 1 0 0 1 0 0 0 1 0 1 1 0 1 1 0 1 0 0 1 1 0 0 1 1 0 0 0 0 0 1 0 0 0
