0	100	0 0 0 0 0 0 0 0 0 0
10	1	0 0 0 0 1 0 0 0 0 0
10	1	0 0 0 0 0 0 0 0 1 0
10	1	0 0 1 0 0 0 0 0 0 0
10	1	0 0 0 0 0 1 0 0 0 0
10	96	0 0 0 0 0 0 0 0 0 0
20	1	0 0 0 0 1 0 0 0 0 0
20	1	0 0 0 0 0 0 0 0 1 0
20	1	0 0 0 1 0 0 0 0 0 0
20	1	0 0 0 0 0 1 0 0 0 0
20	96	0 0 0 0 0 0 0 0 0 0
30	1	0 0 0 0 1 0 0 0 0 0
30	1	1 0 0 0 0 0 0 0 0 0
30	1	0 0 0 0 0 0 0 0 1 0
30	6	0 0 0 1 0 0 0 0 0 0
30	6	0 0 1 0 0 0 0 0 0 0
30	1	0 0 0 0 0 1 0 0 1 0
30	1	0 0 0 0 0 1 0 0 0 0
30	1	0 0 0 0 0 0 0 1 0 0
30	1	0 0 0 0 0 0 0 0 0 1
30	1	0 0 0 0 0 0 1 0 0 0
30	80	0 0 0 0 0 0 0 0 0 0
40	4	1 0 0 0 0 0 0 0 0 0
40	1	0 0 0 0 0 0 0 0 1 0
40	4	0 0 0 1 0 0 0 0 0 0
40	5	0 0 1 0 0 0 0 0 0 0
40	2	0 0 0 0 0 0 0 0 0 1
40	3	0 0 0 0 0 0 1 0 0 0
40	2	0 1 0 0 0 0 0 0 0 0
40	79	0 0 0 0 0 0 0 0 0 0
50	1	0 1 0 0 0 0 0 0 0 0
50	1	0 0 0 0 0 0 0 0 1 0
50	82	0 0 0 0 0 0 0 0 0 0
50	2	0 0 0 0 1 0 0 0 0 0
50	1	1 0 0 0 0 0 0 0 0 0
50	7	0 0 0 1 0 0 0 0 0 0
50	1	0 1 1 0 0 0 0 0 0 0
50	2	0 0 1 0 0 0 0 0 0 0
50	3	0 0 0 0 0 0 1 0 0 0
60	5	0 1 0 0 0 0 0 0 0 0
60	2	0 0 0 0 0 0 0 0 1 0
60	4	1 0 0 0 0 0 0 0 0 0
60	2	0 0 0 0 1 0 0 0 0 0
60	2	0 0 0 0 0 0 1 0 0 0
60	2	0 0 0 1 0 0 0 0 0 0
60	79	0 0 0 0 0 0 0 0 0 0
60	4	0 1 1 0 0 0 0 0 0 0
70	1	0 0 1 0 0 0 0 0 0 1
70	2	0 1 1 0 0 0 0 0 0 0
70	4	0 1 0 0 0 0 0 0 0 0
70	2	1 0 0 0 0 0 0 0 0 0
70	3	0 0 0 0 0 0 1 0 0 0
70	1	0 0 0 0 0 0 0 1 0 0
70	3	0 0 0 1 0 0 0 0 0 0
70	2	0 0 0 0 0 1 0 0 0 0
70	82	0 0 0 0 0 0 0 0 0 0
80	3	0 1 1 0 0 0 0 0 0 0
80	4	0 1 0 0 0 0 0 0 0 0
80	3	1 0 0 0 0 0 0 0 0 0
80	1	0 0 0 0 1 0 0 0 0 0
80	2	0 0 0 1 1 0 0 0 0 0
80	2	0 0 0 0 0 0 1 0 0 0
80	3	0 0 0 0 0 0 0 1 0 0
80	3	0 0 0 1 0 0 0 0 0 0
80	2	0 0 1 0 0 0 0 0 0 0
80	2	0 0 0 0 0 0 0 0 1 0
80	74	0 0 0 0 0 0 0 0 0 0
80	1	0 0 1 1 0 0 0 0 0 0
90	7	1 0 0 0 0 0 0 0 0 0
90	4	0 0 1 0 0 0 0 0 0 0
90	1	0 0 0 0 0 0 0 0 1 0
90	4	0 1 0 0 0 0 0 0 0 0
90	1	0 0 0 1 1 0 0 0 0 0
90	66	0 0 0 0 0 0 0 0 0 0
90	4	0 0 0 1 0 0 0 0 0 0
90	3	0 0 0 0 0 0 0 1 0 0
90	1	0 0 0 0 0 0 1 0 0 0
90	2	0 0 0 0 0 1 0 0 0 0
90	1	0 0 0 1 0 1 0 0 0 0
90	1	1 0 1 0 0 0 0 0 1 0
90	5	1 0 1 0 0 0 0 0 0 0
100	7	1 0 0 0 0 0 0 0 0 0
100	2	0 0 1 0 0 0 0 0 0 0
100	1	0 0 0 0 0 0 0 0 1 0
100	1	1 1 0 0 0 0 0 0 0 0
100	13	0 1 0 0 0 0 0 0 0 0
100	2	0 0 0 0 0 0 1 0 0 0
100	2	0 0 0 1 0 0 0 0 0 0
100	6	0 0 0 0 0 0 0 1 0 0
100	63	0 0 0 0 0 0 0 0 0 0
100	3	1 0 1 0 0 0 0 0 0 0
110	7	1 0 1 0 0 0 0 0 0 0
110	9	1 0 0 0 0 0 0 0 0 0
110	2	0 0 0 0 0 0 0 0 1 0
110	5	0 0 0 0 0 0 0 1 0 0
110	3	0 0 0 1 0 0 0 0 0 0
110	13	0 1 0 0 0 0 0 0 0 0
110	51	0 0 0 0 0 0 0 0 0 0
110	8	0 0 1 0 0 0 0 0 0 0
110	2	1 1 1 0 0 0 0 0 0 0
120	6	0 0 1 0 0 0 0 0 0 0
120	1	1 0 1 0 0 0 0 0 1 0
120	8	1 0 1 0 0 0 0 0 0 0
120	7	0 0 0 0 0 0 0 1 0 0
120	11	0 1 0 0 0 0 0 0 0 0
120	48	0 0 0 0 0 0 0 0 0 0
120	1	1 0 0 0 0 1 0 0 0 0
120	6	1 0 0 0 0 0 0 0 0 0
120	2	0 1 0 0 0 0 1 0 0 0
120	2	0 0 0 0 0 0 1 0 0 0
120	4	0 0 0 1 0 0 0 0 0 0
120	1	0 1 0 0 0 1 0 0 0 0
120	3	0 1 0 1 0 0 0 0 1 0
130	1	0 0 1 0 0 0 0 0 0 0
130	1	1 0 0 0 0 0 0 0 0 1
130	5	1 0 0 0 0 0 0 0 0 0
130	13	1 0 1 0 0 0 0 0 0 0
130	1	0 0 0 1 1 0 0 0 0 0
130	2	0 0 0 0 0 0 0 1 0 0
130	3	0 1 1 0 0 0 0 0 0 0
130	10	0 1 0 0 0 0 0 0 0 0
130	1	0 0 0 1 0 0 0 0 0 0
130	4	0 0 0 0 0 0 1 0 0 0
130	53	0 0 0 0 0 0 0 0 0 0
130	1	1 0 0 0 0 1 0 0 0 0
130	3	0 1 0 0 0 0 1 0 0 0
130	2	1 0 0 1 0 0 0 0 0 0
140	8	0 0 1 0 0 0 0 0 0 0
140	5	1 1 1 0 0 0 0 0 0 0
140	2	1 0 0 0 0 0 0 0 0 0
140	1	1 0 1 1 0 0 0 0 0 0
140	24	1 0 1 0 0 0 0 0 0 0
140	1	0 0 0 1 1 0 0 0 0 0
140	1	0 0 0 0 0 0 0 1 0 0
140	4	0 1 1 0 0 0 0 0 0 0
140	3	0 0 0 0 0 0 1 0 0 0
140	39	0 0 0 0 0 0 0 0 0 0
140	11	0 1 0 0 0 0 0 0 0 0
140	1	0 1 0 0 0 0 1 0 0 0
150	2	0 0 1 1 0 0 0 0 0 0
150	3	1 0 1 1 0 0 0 0 0 0
150	3	1 0 0 0 0 0 0 0 0 0
150	1	1 1 1 0 0 0 1 0 0 0
150	5	1 1 1 0 0 0 0 0 0 0
150	29	1 0 1 0 0 0 0 0 0 0
150	2	0 1 1 0 0 0 0 0 0 0
150	10	0 0 1 0 0 0 0 0 0 0
150	1	1 0 0 0 0 0 0 0 0 1
150	10	0 1 0 0 0 0 0 0 0 0
150	8	0 0 0 1 0 0 0 0 0 0
150	1	0 0 0 0 1 0 0 0 0 0
150	1	0 0 0 0 0 0 0 0 1 0
150	24	0 0 0 0 0 0 0 0 0 0
