10	17	1 0 0 1 0 0 0 0 0 1 0 1 1 1 1 1 1 1 1 0 1 1 0 1 0 1 1 0 1 0 1 0 0 0 0 0 1 1 1 1 0 1 1 1 0 1 0 0 1 1
10	20	1 1 0 1 1 0 1 0 1 0 1 0 0 0 0 1 0 1 1 1 1 0 1 0 0 1 0 1 1 0 1 1 0 1 1 1 1 0 0 1 0 0 1 0 1 1 1 1 0 0
10	29	0 1 0 0 1 1 1 0 0 1 0 1 1 1 1 1 0 1 1 1 0 1 0 1 0 0 1 0 0 0 0 0 0 0 1 1 1 1 0 1 1 0 1 0 1 1 0 1 1 0
10	11	1 0 1 1 0 1 1 1 0 0 1 0 0 1 1 0 1 0 1 1 1 0 1 1 1 0 0 0 0 0 1 1 1 0 1 0 0 1 0 1 1 1 0 0 1 0 0 1 0 0
10	23	0 1 0 1 0 0 1 1 1 0 1 1 0 1 0 1 0 0 1 0 0 0 1 1 0 1 0 0 1 0 1 0 1 1 0 0 0 0 1 0 0 1 1 1 0 1 1 1 1 1
20	1	1 0 0 1 1 0 0 0 0 1 0 1 1 1 1 1 1 1 1 0 1 1 0 1 0 1 1 0 1 0 1 0 0 0 0 0 1 1 1 1 0 1 1 1 0 1 0 0 1 1
20	20	1 0 0 1 0 0 0 0 0 1 0 1 1 1 1 1 1 1 1 0 1 1 0 1 0 1 1 0 1 0 1 0 0 0 0 0 1 1 1 1 0 1 1 1 0 1 0 0 1 1
20	1	1 1 1 1 1 0 1 0 1 0 1 0 0 0 0 1 0 1 1 1 1 0 1 0 0 1 0 1 1 0 1 1 0 1 1 1 1 0 0 1 0 0 1 0 1 1 1 1 0 0
20	11	1 1 0 1 1 0 1 0 1 0 1 0 0 0 0 1 0 1 1 1 1 0 1 0 0 1 0 1 1 0 1 1 0 1 1 1 1 0 0 1 0 0 1 0 1 1 1 1 0 0
20	1	0 1 0 0 1 1 1 0 0 1 0 1 1 1 1 1 0 1 1 1 0 1 0 1 0 0 1 1 0 0 0 0 0 0 1 1 1 1 0 1 1 0 1 0 1 1 0 1 1 0
20	19	0 1 0 0 1 1 1 0 0 1 0 1 1 1 1 1 0 1 1 1 0 1 0 1 0 0 1 0 0 0 0 0 0 0 1 1 1 1 0 1 1 0 1 0 1 1 0 1 1 0
20	1	1 0 1 1 0 1 1 1 0 0 1 0 0 1 1 0 1 0 1 1 1 0 1 1 1 0 0 0 0 0 1 1 1 0 1 0 0 1 0 1 1 1 0 0 0 0 0 1 0 0
20	1	1 0 1 1 0 1 1 1 0 0 1 0 0 1 1 0 1 0 1 1 1 0 1 1 0 0 0 0 0 0 1 1 1 0 1 0 0 1 0 1 1 1 0 0 1 0 0 1 0 0
20	26	1 0 1 1 0 1 1 1 0 0 1 0 0 1 1 0 1 0 1 1 1 0 1 1 1 0 0 0 0 0 1 1 1 0 1 0 0 1 0 1 1 1 0 0 1 0 0 1 0 0
20	19	0 1 0 1 0 0 1 1 1 0 1 1 0 1 0 1 0 0 1 0 0 0 1 1 0 1 0 0 1 0 1 0 1 1 0 0 0 0 1 0 0 1 1 1 0 1 1 1 1 1
30	7	1 0 0 1 0 0 0 0 0 1 0 1 1 1 1 1 1 1 1 0 1 1 0 1 0 1 1 0 1 0 1 0 0 0 0 0 1 1 1 1 0 1 1 1 0 1 0 0 1 1
30	5	1 1 0 1 1 0 1 0 1 1 1 0 0 0 0 1 0 1 1 1 1 0 1 0 0 1 0 1 1 0 1 1 0 1 1 1 1 0 0 1 0 0 1 0 1 1 1 1 0 0
30	1	1 1 1 1 1 0 1 0 1 0 1 0 0 0 0 1 0 1 1 1 1 0 1 0 0 1 0 1 1 0 1 1 0 1 1 1 1 0 0 1 0 0 1 0 1 1 0 1 0 0
30	8	1 1 1 1 1 0 1 0 1 0 1 0 0 0 0 1 0 1 1 1 1 0 1 0 0 1 0 1 1 0 1 1 0 1 1 1 1 0 0 1 0 0 1 0 1 1 1 1 0 0
30	11	1 1 0 1 1 0 1 0 1 0 1 0 0 0 0 1 0 1 1 1 1 0 1 0 0 1 0 1 1 0 1 1 0 1 1 1 1 0 0 1 0 0 1 0 1 1 1 1 0 0
30	15	0 1 0 0 1 1 1 0 0 1 0 1 1 1 1 1 0 1 1 1 0 1 0 1 0 0 1 0 0 0 0 0 0 0 1 1 1 1 0 1 1 0 1 0 1 1 0 1 1 0
30	20	1 0 1 1 0 1 1 1 0 0 1 0 0 1 1 0 1 0 1 1 1 0 1 1 1 0 0 0 0 0 1 1 1 0 1 0 0 1 0 1 1 1 0 0 0 0 0 1 0 0
30	3	1 0 1 1 0 1 1 1 0 0 1 0 0 1 1 0 1 0 1 1 1 0 1 1 0 0 0 0 0 0 1 1 1 0 1 0 0 1 0 1 1 1 0 0 1 0 0 1 0 0
30	16	1 0 1 1 0 1 1 1 0 0 1 0 0 1 1 0 1 0 1 1 1 0 1 1 1 0 0 0 0 0 1 1 1 0 1 0 0 1 0 1 1 1 0 0 1 0 0 1 0 0
30	14	0 1 0 1 0 0 1 1 1 0 1 1 0 1 0 1 0 0 1 0 0 0 1 1 0 1 0 0 1 0 1 0 1 1 0 0 0 0 1 0 0 1 1 1 0 1 1 1 1 1
40	2	1 1 0 1 1 1 1 0 1 1 1 0 0 0 0 1 0 1 1 1 1 0 1 0 0 1 0 1 1 0 1 1 0 1 1 1 1 0 0 1 0 0 1 0 1 1 1 1 0 0
40	9	1 1 0 1 1 0 1 0 1 1 1 0 0 0 0 1 0 1 1 1 1 0 1 0 0 1 0 1 1 0 1 1 0 1 1 1 1 0 0 1 0 0 1 0 1 1 1 1 0 0
40	1	1 1 1 1 1 0 1 0 1 0 1 0 0 0 0 1 0 1 1 1 1 0 1 0 0 1 0 1 1 0 1 1 0 1 1 1 1 0 0 1 0 0 1 0 1 1 0 1 0 0
40	3	1 1 0 1 1 0 1 0 1 0 1 0 0 0 0 1 0 1 1 1 1 0 1 0 0 1 0 1 1 0 1 1 0 1 1 1 1 0 0 1 0 0 1 0 1 1 1 1 0 0
40	3	1 1 1 1 1 0 1 0 1 0 1 0 0 0 0 1 0 1 1 1 1 0 1 0 0 1 0 1 1 0 1 1 0 1 1 1 1 0 0 1 0 0 1 0 1 1 1 1 0 0
40	4	0 1 0 0 1 1 1 0 0 1 0 1 1 1 1 1 0 1 1 1 0 1 0 1 0 0 1 0 0 0 0 0 0 0 1 1 1 1 0 1 1 0 1 0 1 1 0 1 1 0
40	3	1 0 1 1 0 1 1 1 0 0 1 0 0 1 1 0 1 0 1 1 1 0 1 1 1 0 0 0 0 0 1 1 1 0 1 0 0 1 0 1 0 1 0 0 0 0 0 1 0 0
40	1	1 0 1 1 0 0 1 1 0 0 1 0 0 1 1 0 1 0 1 1 1 0 1 1 1 0 0 0 1 0 1 1 1 0 1 0 0 1 0 1 1 1 0 0 0 0 0 1 0 0
40	2	1 0 1 1 0 1 1 1 0 0 1 0 0 1 1 0 1 0 1 1 1 0 1 1 1 0 0 0 1 0 1 1 1 0 1 0 0 1 0 1 1 1 0 0 0 0 0 1 0 0
40	2	0 0 1 1 0 1 1 1 0 0 1 0 0 1 1 0 1 0 1 1 1 0 1 1 1 0 0 0 0 0 1 1 1 0 1 0 0 1 0 1 1 1 0 0 0 0 0 1 0 0
40	1	1 0 1 1 0 1 1 1 0 0 0 0 0 1 1 0 1 0 1 1 1 0 1 1 1 0 0 0 0 0 1 1 1 0 1 0 0 1 0 1 1 1 0 0 0 0 0 1 0 0
40	1	1 0 1 1 0 1 1 1 0 0 1 0 0 1 1 0 1 0 1 1 1 0 1 1 1 0 0 0 0 0 1 1 1 0 1 0 0 1 0 1 1 1 0 0 0 0 0 0 0 0
40	58	1 0 1 1 0 1 1 1 0 0 1 0 0 1 1 0 1 0 1 1 1 0 1 1 1 0 0 0 0 0 1 1 1 0 1 0 0 1 0 1 1 1 0 0 0 0 0 1 0 0
40	6	1 0 1 1 0 1 1 1 0 0 1 0 0 1 1 0 1 0 1 1 1 0 1 1 0 0 0 0 0 0 1 1 1 0 1 0 0 1 0 1 1 1 0 0 1 0 0 1 0 0
40	1	1 0 1 0 0 1 1 1 0 0 1 0 0 1 1 0 1 0 1 1 1 0 1 1 1 0 0 0 0 0 1 1 1 0 1 0 0 1 0 1 1 1 0 0 1 0 0 1 0 0
40	1	1 0 1 1 0 1 1 1 0 0 1 0 0 1 1 0 1 0 1 1 1 0 1 1 1 0 0 0 0 0 1 1 1 0 1 0 0 1 0 1 1 1 0 1 1 0 0 1 0 0
40	2	0 1 0 1 0 0 1 1 1 0 1 1 0 1 0 1 0 0 1 0 0 0 1 1 0 1 0 0 1 0 1 0 1 1 0 0 0 0 1 0 0 1 1 1 0 1 1 1 1 1
50	1	1 1 0 1 0 0 1 0 1 1 1 0 0 0 0 1 0 1 1 1 1 0 1 0 0 1 0 1 1 0 1 1 0 1 1 1 1 0 0 1 0 0 1 0 1 1 1 1 0 0
50	3	1 1 0 1 1 0 1 0 1 1 1 0 0 0 0 1 0 1 1 1 1 0 1 0 0 1 0 1 1 0 1 1 0 1 1 1 1 0 0 1 0 0 1 0 1 1 1 1 0 0
50	2	1 1 0 1 1 0 1 0 1 0 1 0 0 0 0 1 0 1 1 1 1 0 1 0 0 1 0 1 1 0 1 1 0 1 1 1 1 0 0 1 0 0 1 0 1 1 1 1 0 0
50	1	1 1 1 1 1 0 1 0 1 0 1 0 0 0 0 1 0 1 1 1 1 0 1 0 0 1 0 1 1 0 1 1 0 1 1 1 1 0 0 1 0 0 1 0 1 1 1 1 0 0
50	1	1 0 1 1 0 1 1 1 0 0 1 0 0 1 1 0 1 0 0 1 1 0 1 1 1 0 0 0 0 0 1 1 1 0 1 0 0 1 0 1 0 1 0 0 0 0 0 1 0 0
50	8	1 0 1 1 0 1 1 1 0 0 1 0 0 1 1 0 1 0 1 1 1 0 1 1 1 0 0 0 0 0 1 1 1 0 1 0 0 1 0 1 0 1 0 0 0 0 0 1 0 0
50	4	1 0 1 1 0 1 1 1 0 0 1 0 0 1 1 0 1 0 1 1 1 0 1 1 1 0 0 0 1 0 1 1 1 0 1 0 0 1 0 1 1 1 0 0 0 0 0 1 0 0
50	5	1 0 1 1 0 1 1 1 0 0 1 0 0 1 1 0 1 0 1 1 1 0 1 1 1 0 0 0 0 0 1 1 1 0 1 0 0 1 0 1 1 0 0 0 0 0 0 1 0 0
50	75	1 0 1 1 0 1 1 1 0 0 1 0 0 1 1 0 1 0 1 1 1 0 1 1 1 0 0 0 0 0 1 1 1 0 1 0 0 1 0 1 1 1 0 0 0 0 0 1 0 0
60	2	1 1 0 1 1 0 1 0 1 1 1 0 0 0 0 1 0 1 1 1 1 0 1 0 0 1 0 1 1 0 1 1 0 1 1 1 1 0 0 1 0 0 1 0 1 1 1 1 0 0
60	1	1 1 1 1 1 0 1 0 1 0 1 0 0 0 0 1 0 1 1 1 1 0 1 0 0 1 0 1 1 0 1 1 0 1 1 1 1 0 0 1 0 0 1 0 1 1 1 1 0 0
60	5	1 0 1 1 0 1 1 1 0 0 1 0 0 1 1 0 1 0 1 1 1 0 1 1 1 0 0 0 0 0 1 1 1 0 1 0 0 1 0 1 0 1 0 0 0 0 0 1 0 0
60	1	1 0 1 1 0 1 1 1 0 0 1 0 0 1 1 0 1 0 1 1 1 0 1 1 1 0 0 0 1 1 1 1 1 0 1 0 0 1 0 1 1 1 0 0 0 0 0 1 0 0
60	9	1 0 1 1 0 1 1 1 0 0 1 0 0 1 1 0 1 0 1 1 1 0 1 1 1 0 0 0 1 0 1 1 1 0 1 0 0 1 0 1 1 1 0 0 0 0 0 1 0 0
60	18	1 0 1 1 0 1 1 1 0 0 1 0 0 1 1 0 1 0 1 1 1 0 1 1 1 0 0 0 0 0 1 1 1 0 1 0 0 1 0 1 1 0 0 0 0 0 0 1 0 0
60	2	1 0 1 1 0 1 1 1 0 0 1 0 0 0 1 0 1 0 1 1 1 0 1 1 1 0 0 0 0 0 1 1 1 0 1 0 0 1 0 1 1 1 0 0 0 0 0 1 0 0
60	1	1 0 1 1 0 1 1 1 0 0 1 0 0 1 1 0 1 0 1 0 1 0 1 1 1 0 0 0 0 0 1 1 1 0 1 0 0 1 0 1 1 1 0 0 0 0 0 1 0 0
60	59	1 0 1 1 0 1 1 1 0 0 1 0 0 1 1 0 1 0 1 1 1 0 1 1 1 0 0 0 0 0 1 1 1 0 1 0 0 1 0 1 1 1 0 0 0 0 0 1 0 0
60	1	1 0 1 1 0 1 1 1 0 0 1 0 0 1 1 0 1 0 1 1 1 0 1 1 0 0 0 0 0 0 1 1 1 0 1 0 0 1 0 1 1 1 0 0 1 0 0 1 0 0
60	1	1 0 1 1 0 1 1 1 0 0 1 0 0 1 1 0 1 0 1 1 1 0 1 1 1 0 0 0 0 0 1 1 1 0 1 0 0 1 0 1 1 1 0 0 1 0 0 1 0 0
70	2	1 0 1 1 0 1 1 1 0 0 1 0 0 1 1 0 1 0 0 1 1 0 1 1 1 0 0 0 0 0 1 1 1 0 1 0 0 1 0 1 0 1 0 0 0 0 0 1 0 0
70	1	1 0 1 1 1 1 1 1 0 0 1 0 0 1 1 0 1 0 1 1 1 0 1 1 1 0 0 0 0 0 1 1 1 0 1 0 0 1 0 1 0 1 0 0 0 0 0 1 0 0
70	11	1 0 1 1 0 1 1 1 0 0 1 0 0 1 1 0 1 0 1 1 1 0 1 1 1 0 0 0 0 0 1 1 1 0 1 0 0 1 0 1 0 1 0 0 0 0 0 1 0 0
70	9	1 0 1 1 0 1 1 1 0 0 1 0 0 1 1 0 1 0 1 1 1 0 1 1 1 0 0 0 1 0 1 1 1 0 1 0 0 1 0 1 1 1 0 0 0 0 0 1 0 0
70	1	1 0 0 1 0 1 1 1 0 0 1 0 0 1 1 0 1 0 1 1 1 0 1 1 1 0 0 0 0 0 1 1 1 0 1 0 0 1 0 1 1 0 0 0 0 0 0 1 0 0
70	19	1 0 1 1 0 1 1 1 0 0 1 0 0 1 1 0 1 0 1 1 1 0 1 1 1 0 0 0 0 0 1 1 1 0 1 0 0 1 0 1 1 0 0 0 0 0 0 1 0 0
70	1	1 0 1 1 0 1 1 1 0 0 1 0 0 1 1 0 1 0 1 1 1 0 1 1 1 0 0 0 0 0 0 1 1 0 1 0 0 1 0 1 1 1 0 0 0 0 0 1 0 0
70	56	1 0 1 1 0 1 1 1 0 0 1 0 0 1 1 0 1 0 1 1 1 0 1 1 1 0 0 0 0 0 1 1 1 0 1 0 0 1 0 1 1 1 0 0 0 0 0 1 0 0
80	2	1 1 1 1 1 0 1 0 1 0 1 0 0 0 0 1 0 1 1 1 1 0 1 0 0 1 0 1 1 0 1 1 0 1 1 1 1 0 0 1 0 0 1 0 1 1 0 1 0 0
80	12	1 0 1 1 0 1 1 1 0 0 1 0 0 1 1 0 1 0 1 1 1 0 1 1 1 0 0 0 0 0 1 1 1 0 1 0 0 1 0 1 0 1 0 0 0 0 0 1 0 0
80	48	1 0 1 1 0 1 1 1 0 0 1 0 0 1 1 0 1 0 1 1 1 0 1 1 1 0 0 0 0 0 1 1 1 0 1 0 0 1 0 1 1 1 0 0 0 0 0 1 0 0
80	3	1 0 1 1 0 1 1 1 0 0 1 0 0 1 1 0 1 0 1 1 1 0 1 1 1 0 0 0 1 0 1 1 1 0 1 0 0 1 0 1 1 1 0 0 0 0 0 1 0 0
80	5	1 0 1 1 0 1 1 1 0 1 1 0 0 1 1 0 1 0 1 1 1 0 1 1 1 0 0 0 0 0 1 1 1 0 1 0 0 1 0 1 1 0 0 0 0 0 0 1 0 0
80	1	1 0 1 1 0 1 1 1 0 0 1 0 0 1 1 0 1 0 1 1 1 0 1 1 1 0 0 1 0 0 1 1 1 0 1 0 0 1 0 1 1 0 0 0 0 0 0 1 0 0
80	27	1 0 1 1 0 1 1 1 0 0 1 0 0 1 1 0 1 0 1 1 1 0 1 1 1 0 0 0 0 0 1 1 1 0 1 0 0 1 0 1 1 0 0 0 0 0 0 1 0 0
80	1	1 0 1 1 0 1 1 1 0 0 1 1 0 1 1 0 1 0 1 1 1 0 1 1 1 0 0 0 0 0 1 1 1 0 1 0 0 1 0 1 1 1 0 0 0 0 0 1 0 0
80	1	1 0 0 1 0 1 1 1 0 0 1 0 0 1 1 0 1 0 1 1 1 0 1 1 1 0 0 0 0 0 1 1 1 0 1 0 0 1 0 1 1 1 0 0 0 0 0 1 0 0
90	1	1 0 1 1 1 1 1 1 0 0 1 0 0 0 1 0 1 0 1 1 1 0 1 1 1 0 0 0 0 0 1 1 1 0 1 0 0 1 0 1 0 1 0 0 0 0 0 1 0 0
90	8	1 0 1 1 1 1 1 1 0 0 1 0 0 1 1 0 1 0 1 1 1 0 1 1 1 0 0 0 0 0 1 1 1 0 1 0 0 1 0 1 0 1 0 0 0 0 0 1 0 0
90	4	1 0 1 1 0 1 1 1 0 0 1 0 0 1 1 0 1 0 1 1 1 0 1 1 1 0 0 0 0 0 1 1 1 0 1 0 0 1 1 1 0 1 0 0 0 0 0 1 0 0
90	2	1 0 1 1 0 1 1 1 0 0 1 0 0 1 1 0 1 0 1 1 1 0 1 1 1 0 0 0 1 0 1 1 1 0 1 0 0 1 0 1 0 1 0 0 0 0 0 1 0 0
90	2	1 0 1 1 0 1 1 1 0 0 1 0 0 1 1 0 1 0 1 1 1 0 1 1 1 0 0 0 0 1 1 1 1 0 1 0 0 1 0 1 0 1 0 0 0 0 0 1 0 0
90	19	1 0 1 1 0 1 1 1 0 0 1 0 0 1 1 0 1 0 1 1 1 0 1 1 1 0 0 0 0 0 1 1 1 0 1 0 0 1 0 1 1 1 0 0 0 0 0 1 0 0
90	23	1 0 1 1 0 1 1 1 0 0 1 0 0 1 1 0 1 0 1 1 1 0 1 1 1 0 0 0 0 0 1 1 1 0 1 0 0 1 0 1 0 1 0 0 0 0 0 1 0 0
90	1	0 0 1 1 0 1 1 1 0 1 1 0 0 1 1 0 1 0 1 1 1 0 1 1 1 0 0 0 0 0 1 1 1 0 1 0 0 1 0 1 1 1 0 0 0 0 0 1 0 0
90	1	1 0 1 1 0 1 1 1 0 1 1 0 0 1 1 0 1 0 1 1 1 0 1 1 1 0 0 0 0 0 1 1 1 0 1 0 0 1 0 1 1 1 0 0 0 0 0 1 0 0
90	1	1 0 1 1 0 1 1 0 0 1 1 0 0 1 1 0 1 0 1 1 1 0 1 1 1 0 0 0 0 0 1 0 1 0 1 0 0 1 0 1 1 0 0 0 0 0 0 1 0 0
90	2	1 0 0 1 0 1 1 1 0 1 1 0 0 1 1 0 1 0 1 1 1 0 1 1 1 0 0 0 0 0 1 1 1 0 1 0 0 1 0 1 1 0 0 0 0 0 0 1 0 1
90	15	1 0 1 1 0 1 1 1 0 1 1 0 0 1 1 0 1 0 1 1 1 0 1 1 1 0 0 0 0 0 1 1 1 0 1 0 0 1 0 1 1 0 0 0 0 0 0 1 0 0
90	1	1 0 1 1 0 1 1 1 0 0 1 0 0 1 1 0 1 0 1 1 1 0 1 1 1 0 0 0 0 0 1 1 1 0 0 0 0 1 0 1 1 0 0 0 0 0 0 1 0 0
90	1	1 0 1 1 0 1 1 1 0 0 1 0 0 1 1 0 1 0 1 1 1 0 1 1 1 0 0 1 0 0 1 1 1 0 1 0 0 1 0 1 1 0 0 0 0 0 0 1 0 0
90	18	1 0 1 1 0 1 1 1 0 0 1 0 0 1 1 0 1 0 1 1 1 0 1 1 1 0 0 0 0 0 1 1 1 0 1 0 0 1 0 1 1 0 0 0 0 0 0 1 0 0
90	1	1 0 1 1 0 1 1 1 0 0 1 0 0 1 1 0 1 0 1 1 1 0 1 1 1 0 1 0 0 0 1 1 1 0 1 0 0 1 0 1 1 1 0 0 0 0 0 1 0 0
100	2	1 0 1 1 1 1 1 1 0 0 1 0 0 0 1 0 1 0 1 1 1 0 1 1 1 0 0 0 0 0 1 1 1 0 1 0 0 1 0 1 0 1 0 0 0 0 0 1 0 0
100	9	1 0 1 1 1 1 1 1 0 0 1 0 0 1 1 0 1 0 1 1 1 0 1 1 1 0 0 0 0 0 1 1 1 0 1 0 0 1 0 1 0 1 0 0 0 0 0 1 0 0
100	2	1 0 1 1 0 1 1 1 0 0 1 0 0 1 1 0 1 0 1 1 1 0 1 1 1 0 0 0 0 0 1 1 1 0 1 0 0 1 1 1 0 1 0 0 0 0 0 1 0 0
100	14	1 0 1 1 0 1 1 1 0 0 1 0 0 1 1 0 1 0 1 1 1 0 1 1 1 0 0 0 0 0 1 1 1 0 1 0 0 1 0 1 1 1 0 0 0 0 0 1 0 0
100	1	1 0 1 1 0 1 1 1 0 0 1 0 0 1 1 0 1 0 1 1 1 0 1 1 1 0 0 0 0 0 0 1 1 0 1 0 0 1 0 1 0 1 0 0 0 0 0 1 0 0
100	7	1 0 1 1 0 1 1 1 0 0 1 0 0 1 1 0 1 0 1 1 1 0 1 1 1 0 0 0 0 0 1 1 1 0 1 0 0 1 0 1 0 1 0 0 0 0 0 1 0 0
100	3	1 0 1 1 0 1 1 1 0 1 1 0 0 1 1 0 1 0 1 1 1 0 1 1 1 0 0 0 0 0 1 1 1 0 1 0 0 1 0 1 1 0 0 0 0 0 0 1 0 1
100	1	1 0 1 1 0 1 1 1 0 1 0 0 0 1 1 0 1 0 1 1 1 0 1 1 1 0 0 0 0 0 1 1 1 0 1 0 0 1 0 1 1 0 0 0 0 0 0 1 0 0
100	3	1 0 1 1 0 1 1 1 1 1 1 0 0 1 1 0 1 0 1 1 1 0 1 1 1 0 0 0 0 0 1 1 1 0 1 0 0 1 0 1 1 0 0 0 0 0 0 1 0 0
100	20	1 0 1 1 0 1 1 1 0 1 1 0 0 1 1 0 1 0 1 1 1 0 1 1 1 0 0 0 0 0 1 1 1 0 1 0 0 1 0 1 1 0 0 0 0 0 0 1 0 0
100	3	1 0 1 1 0 1 1 1 0 0 1 0 0 1 1 0 1 0 1 1 1 0 1 1 1 0 0 0 0 0 0 1 1 0 1 0 0 1 0 1 1 0 0 0 0 0 0 1 0 0
100	1	1 0 1 1 0 1 1 1 0 0 1 0 0 1 1 0 1 0 1 1 1 0 1 1 1 0 0 0 0 0 1 1 1 0 0 0 0 1 0 1 1 0 0 0 0 0 0 1 0 0
100	1	1 0 1 1 0 1 1 1 0 0 1 0 0 1 1 0 1 0 0 1 1 0 1 1 1 0 0 0 0 0 1 1 1 0 1 0 0 1 0 1 1 0 0 0 0 0 0 1 0 0
100	1	1 0 1 1 0 1 1 1 0 0 1 0 0 1 0 0 1 0 1 1 1 0 1 1 1 0 0 0 0 0 1 1 1 0 1 0 0 1 0 1 1 0 0 0 0 0 0 1 0 0
100	32	1 0 1 1 0 1 1 1 0 0 1 0 0 1 1 0 1 0 1 1 1 0 1 1 1 0 0 0 0 0 1 1 1 0 1 0 0 1 0 1 1 0 0 0 0 0 0 1 0 0
110	1	1 0 1 1 1 1 1 1 0 0 1 0 0 0 0 0 1 0 1 1 1 0 1 1 1 0 0 0 0 0 1 1 1 0 1 0 0 1 0 1 0 1 0 0 0 0 0 1 0 0
110	4	1 0 1 1 1 1 1 1 0 0 1 0 0 0 1 0 1 0 1 1 1 0 1 1 1 0 0 0 0 0 1 1 1 0 1 0 0 1 0 1 0 1 0 0 0 0 0 1 0 0
110	18	1 0 1 1 1 1 1 1 0 0 1 0 0 1 1 0 1 0 1 1 1 0 1 1 1 0 0 0 0 0 1 1 1 0 1 0 0 1 0 1 0 1 0 0 0 0 0 1 0 0
110	3	1 0 1 1 0 1 1 1 0 0 1 0 0 1 1 0 1 0 1 1 1 0 1 1 1 0 0 0 0 0 1 1 1 0 1 0 0 1 0 1 1 1 0 0 0 0 0 1 0 0
110	1	1 0 1 1 0 1 1 1 0 0 1 0 0 1 1 0 1 0 1 1 1 0 1 1 1 0 0 0 0 0 1 1 1 0 1 1 0 1 0 1 0 1 0 0 0 0 0 1 0 0
110	14	1 0 1 1 0 1 1 1 0 0 1 0 0 1 1 0 1 0 1 1 1 0 1 1 1 0 0 0 0 0 1 1 1 0 1 0 0 1 0 1 0 1 0 0 0 0 0 1 0 0
110	2	1 0 1 1 0 1 1 1 0 1 1 0 0 1 1 0 1 0 1 1 1 0 1 1 1 0 0 0 0 0 1 1 1 0 1 0 0 1 0 1 1 1 0 0 0 0 0 1 0 0
110	1	1 0 1 1 0 1 1 1 0 1 1 0 0 1 1 0 1 0 1 1 1 0 1 1 1 0 0 0 0 0 1 1 1 0 1 0 0 1 0 1 1 0 0 0 0 0 0 1 0 1
110	3	1 0 1 1 0 1 1 1 1 1 1 0 0 1 1 0 1 0 1 1 1 0 1 1 1 0 0 0 0 0 1 1 1 0 1 0 0 1 0 1 1 0 0 0 0 0 0 1 0 0
110	4	1 1 1 1 0 1 1 1 0 1 1 0 0 1 1 0 1 0 1 1 1 0 1 1 1 0 0 0 0 0 1 1 1 0 1 0 0 1 0 1 1 0 0 0 0 0 0 1 0 0
110	1	1 0 1 1 1 1 1 1 0 1 1 0 0 1 1 0 1 0 1 1 1 0 1 1 1 0 0 0 0 0 1 1 1 0 1 0 0 1 0 1 1 0 0 0 0 0 0 1 0 0
110	1	1 0 1 1 0 1 1 1 0 1 1 0 0 1 1 0 1 1 1 1 1 0 1 1 1 0 0 0 0 0 1 1 1 0 1 0 0 1 0 1 1 0 0 0 0 0 0 1 0 0
110	27	1 0 1 1 0 1 1 1 0 1 1 0 0 1 1 0 1 0 1 1 1 0 1 1 1 0 0 0 0 0 1 1 1 0 1 0 0 1 0 1 1 0 0 0 0 0 0 1 0 0
110	1	1 0 1 1 0 1 1 1 0 0 1 0 0 1 1 0 1 0 1 1 1 0 1 1 1 0 0 0 0 0 0 1 1 0 1 0 0 1 0 1 1 0 0 0 0 0 0 1 0 0
110	1	1 0 1 1 0 1 1 1 0 0 1 0 0 1 1 0 1 0 0 1 1 0 1 1 1 0 0 0 0 0 1 1 1 0 1 0 0 1 0 1 1 0 0 0 0 0 0 1 0 0
110	1	1 0 1 1 0 1 1 1 0 0 1 0 0 1 1 0 1 0 1 1 1 0 0 1 1 0 0 0 0 0 1 1 1 0 1 0 0 1 0 1 1 0 0 0 0 0 0 1 0 0
110	1	1 0 1 1 0 1 1 1 0 0 1 0 0 1 1 0 1 0 1 1 1 0 1 1 1 0 0 0 0 0 1 0 1 0 1 0 0 1 0 1 1 0 0 0 0 0 0 1 0 0
110	16	1 0 1 1 0 1 1 1 0 0 1 0 0 1 1 0 1 0 1 1 1 0 1 1 1 0 0 0 0 0 1 1 1 0 1 0 0 1 0 1 1 0 0 0 0 0 0 1 0 0
120	6	1 0 1 1 1 1 1 1 0 0 1 0 0 0 0 0 1 0 1 1 1 0 1 1 1 0 0 0 0 0 1 1 1 0 1 0 0 1 0 1 0 1 0 0 0 0 0 1 0 0
120	5	1 0 1 1 1 1 1 1 0 0 1 0 0 0 1 0 1 0 1 1 1 0 1 1 1 0 0 0 0 0 1 1 1 0 1 0 0 1 0 1 0 1 0 0 0 0 0 1 0 0
120	9	1 0 1 1 1 1 1 1 0 0 1 0 0 1 1 0 1 0 1 1 1 0 1 1 1 0 0 0 0 0 1 1 1 0 1 0 0 1 0 1 0 1 0 0 0 0 0 1 0 0
120	3	1 0 1 1 0 1 1 1 0 0 1 0 0 1 1 0 1 0 1 1 1 0 1 1 1 0 0 0 0 0 1 1 1 0 1 0 0 1 1 1 0 1 0 0 0 0 0 1 0 0
120	6	1 0 1 1 0 1 1 1 0 0 1 0 0 1 1 0 1 0 1 1 1 0 1 1 1 0 0 0 0 0 1 1 1 0 1 0 0 1 0 1 0 1 0 0 0 0 0 1 0 0
120	2	1 0 1 1 0 1 1 1 0 1 0 0 0 1 1 0 1 0 1 1 1 0 1 1 1 0 0 0 0 0 1 1 1 0 1 0 0 1 0 1 1 0 0 0 0 0 0 1 0 0
120	17	1 0 1 1 0 1 1 1 1 1 1 0 0 1 1 0 1 0 1 1 1 0 1 1 1 0 0 0 0 0 1 1 1 0 1 0 0 1 0 1 1 0 0 0 0 0 0 1 0 0
120	1	1 1 1 1 0 1 1 1 0 1 1 0 0 1 1 0 1 0 1 1 1 0 1 1 1 0 0 0 0 0 1 1 1 0 1 0 0 1 0 1 1 0 0 0 0 0 0 1 0 0
120	1	1 0 1 1 1 1 1 1 0 1 1 0 0 1 1 0 1 0 1 1 1 0 1 1 1 0 0 0 0 0 1 1 1 0 1 0 0 1 0 1 1 0 0 0 0 0 0 1 0 0
120	1	1 0 1 1 0 1 1 1 0 1 1 0 0 1 1 0 1 0 1 1 1 0 1 1 1 0 0 0 0 0 1 1 0 0 1 0 0 1 0 1 1 0 0 0 0 0 0 1 0 0
120	1	1 0 1 0 0 1 1 1 0 1 1 0 0 1 1 0 1 0 1 1 1 0 1 1 1 0 0 0 0 0 1 1 1 0 1 0 0 1 0 1 1 0 0 0 0 0 0 1 0 0
120	36	1 0 1 1 0 1 1 1 0 1 1 0 0 1 1 0 1 0 1 1 1 0 1 1 1 0 0 0 0 0 1 1 1 0 1 0 0 1 0 1 1 0 0 0 0 0 0 1 0 0
120	4	1 0 1 1 0 1 1 1 0 0 1 0 0 1 1 0 1 0 1 1 1 0 1 1 1 0 0 0 0 0 0 1 1 0 1 0 0 1 0 1 1 0 0 0 0 0 0 1 0 0
120	1	1 0 1 1 0 1 1 1 0 0 1 0 0 1 1 0 1 0 1 1 1 0 1 1 1 0 0 0 0 0 1 1 1 0 1 0 0 1 0 1 1 0 0 0 0 0 0 1 0 1
120	7	1 0 1 1 0 1 1 1 0 0 1 0 0 1 1 0 1 0 1 1 1 0 1 1 1 0 0 0 0 0 1 1 1 0 1 0 0 1 0 1 1 0 0 0 0 0 0 1 0 0
130	4	1 0 1 1 1 1 1 1 0 0 1 0 0 0 0 0 1 0 1 1 1 0 1 1 1 0 0 0 0 0 1 1 1 0 1 0 0 1 0 1 0 1 0 0 0 0 0 1 0 0
130	1	1 0 1 1 1 1 1 1 0 0 1 0 0 0 1 0 1 0 1 1 1 0 1 1 1 0 0 0 0 0 0 1 1 0 1 0 0 1 0 1 0 1 0 0 0 0 0 1 0 0
130	5	1 0 1 1 1 1 1 1 0 0 1 0 0 0 1 0 1 0 1 1 1 0 1 1 1 0 0 0 0 0 1 1 1 0 1 0 0 1 0 1 0 1 0 0 0 0 0 1 0 0
130	16	1 0 1 1 1 1 1 1 0 0 1 0 0 1 1 0 1 0 1 1 1 0 1 1 1 0 0 0 0 0 1 1 1 0 1 0 0 1 0 1 0 1 0 0 0 0 0 1 0 0
130	1	1 0 1 1 0 1 1 1 0 0 1 0 0 1 1 0 1 0 1 1 1 0 1 1 1 0 0 0 0 0 1 1 1 0 1 0 0 1 1 1 0 1 0 0 0 0 0 1 0 0
130	5	1 0 1 1 0 1 1 1 0 0 1 0 0 1 1 0 1 0 1 1 1 0 1 1 1 0 0 0 0 0 1 1 1 0 1 0 0 1 0 1 0 1 0 0 0 0 0 1 0 0
130	2	1 0 0 1 0 1 1 1 1 1 1 0 0 1 1 0 1 0 1 1 1 0 1 1 1 0 0 0 0 0 1 1 1 0 1 0 0 1 0 1 1 0 0 0 0 0 0 1 0 0
130	1	1 0 1 1 0 1 1 1 1 1 1 0 0 1 1 0 1 0 1 1 1 0 1 1 1 0 0 0 0 0 1 1 1 0 1 0 1 1 0 1 1 0 0 0 0 0 0 1 0 0
130	1	1 0 1 1 0 1 1 1 1 1 1 0 0 1 1 0 1 0 1 1 1 0 1 1 1 0 0 0 0 0 1 1 1 0 1 0 0 1 0 1 1 0 0 0 0 0 0 1 1 0
130	1	1 0 1 1 0 1 1 1 1 1 1 0 0 1 1 0 1 0 1 1 1 0 1 1 0 0 0 0 0 0 1 1 1 0 1 0 0 1 0 1 1 0 0 0 0 0 0 1 0 0
130	23	1 0 1 1 0 1 1 1 1 1 1 0 0 1 1 0 1 0 1 1 1 0 1 1 1 0 0 0 0 0 1 1 1 0 1 0 0 1 0 1 1 0 0 0 0 0 0 1 0 0
130	9	1 1 1 1 0 1 1 1 0 1 1 0 0 1 1 0 1 0 1 1 1 0 1 1 1 0 0 0 0 0 1 1 1 0 1 0 0 1 0 1 1 0 0 0 0 0 0 1 0 0
130	26	1 0 1 1 0 1 1 1 0 1 1 0 0 1 1 0 1 0 1 1 1 0 1 1 1 0 0 0 0 0 1 1 1 0 1 0 0 1 0 1 1 0 0 0 0 0 0 1 0 0
130	1	1 0 1 1 0 1 1 1 0 0 1 0 0 1 1 0 1 0 1 1 1 0 1 1 1 0 0 0 0 0 0 1 1 0 1 0 0 1 0 1 1 0 0 0 0 0 0 1 0 0
130	4	1 0 1 1 0 1 1 1 0 0 1 0 0 1 1 0 1 0 1 1 1 0 1 1 1 0 0 0 0 0 1 1 1 0 1 0 0 1 0 1 1 0 0 0 0 0 0 1 0 0
140	4	1 0 1 1 1 1 1 1 0 0 1 0 0 0 0 0 1 0 1 1 1 0 1 1 1 0 0 0 0 0 1 1 1 0 1 0 0 1 0 1 0 1 0 0 0 0 0 1 0 0
140	1	1 0 1 1 1 1 1 1 0 0 1 0 0 0 1 0 1 0 1 1 1 0 1 1 1 0 0 0 0 0 1 1 1 0 1 0 0 1 0 1 0 1 0 0 0 0 0 1 0 0
140	21	1 0 1 1 1 1 1 1 0 0 1 0 0 1 1 0 1 0 1 1 1 0 1 1 1 0 0 0 0 0 1 1 1 0 1 0 0 1 0 1 0 1 0 0 0 0 0 1 0 0
140	1	1 0 1 1 0 1 1 1 0 0 1 0 0 1 1 0 1 0 1 1 1 0 1 1 1 0 0 0 0 0 1 1 1 0 1 0 0 1 1 1 0 1 0 0 0 0 0 1 0 0
140	1	1 0 0 1 0 1 1 1 1 1 1 0 0 1 1 0 1 0 1 1 1 0 1 1 1 0 0 0 0 0 1 1 1 0 1 0 0 1 0 1 1 0 0 0 0 0 0 1 0 0
140	1	1 0 1 1 0 1 1 0 1 1 1 0 0 1 1 0 1 0 1 1 1 0 1 1 1 0 0 0 0 0 1 1 1 0 1 0 0 1 0 1 1 0 0 0 0 0 0 1 0 0
140	34	1 0 1 1 0 1 1 1 1 1 1 0 0 1 1 0 1 0 1 1 1 0 1 1 1 0 0 0 0 0 1 1 1 0 1 0 0 1 0 1 1 0 0 0 0 0 0 1 0 0
140	2	1 1 1 1 0 1 1 1 0 1 1 0 0 1 1 0 1 0 1 1 0 0 1 1 1 0 0 0 0 0 1 1 1 0 1 0 0 1 0 1 1 0 0 0 0 0 0 1 0 0
140	1	1 1 1 1 1 1 1 1 0 1 1 0 0 1 1 0 1 0 1 1 1 0 1 1 1 0 0 0 0 0 1 1 1 0 1 0 0 1 0 1 1 0 0 0 0 0 0 1 0 0
140	1	1 1 1 1 0 1 1 1 0 1 1 0 0 1 1 0 1 0 1 0 1 0 1 1 1 0 0 0 0 0 1 1 1 0 1 0 0 1 0 1 1 0 0 0 0 0 0 1 0 0
140	1	1 1 1 1 0 1 1 1 0 1 1 0 0 1 1 0 1 0 1 1 1 0 1 1 1 0 0 0 0 0 1 1 1 0 1 0 0 1 0 1 1 0 0 1 0 0 0 1 0 0
140	11	1 1 1 1 0 1 1 1 0 1 1 0 0 1 1 0 1 0 1 1 1 0 1 1 1 0 0 0 0 0 1 1 1 0 1 0 0 1 0 1 1 0 0 0 0 0 0 1 0 0
140	21	1 0 1 1 0 1 1 1 0 1 1 0 0 1 1 0 1 0 1 1 1 0 1 1 1 0 0 0 0 0 1 1 1 0 1 0 0 1 0 1 1 0 0 0 0 0 0 1 0 0
150	1	1 0 1 1 1 1 1 1 0 0 1 0 0 0 0 0 1 0 1 1 1 0 1 1 1 0 0 0 0 0 1 1 1 0 1 0 0 1 0 1 0 1 0 0 0 0 0 1 0 0
150	13	1 0 1 1 1 1 1 1 0 0 1 0 0 1 1 0 1 0 1 1 1 0 1 1 1 0 0 0 0 0 1 1 1 0 1 0 0 1 0 1 0 1 0 0 0 0 0 1 0 0
150	3	1 0 1 1 0 1 1 1 0 1 0 0 0 1 1 0 1 0 1 1 1 0 1 1 1 0 0 0 0 0 1 1 1 0 1 0 0 1 0 1 1 0 0 0 0 0 0 1 0 0
150	1	1 0 0 1 0 1 1 1 1 1 1 0 0 1 1 0 1 0 1 1 1 0 1 1 1 0 0 0 0 0 1 1 1 0 1 0 0 1 0 1 1 0 0 0 0 0 0 1 0 0
150	1	1 0 1 1 0 1 1 1 1 1 1 0 0 1 1 0 1 0 1 1 1 0 1 1 1 0 0 0 0 0 1 1 1 0 1 0 0 1 0 1 1 0 0 0 0 0 0 0 0 0
150	53	1 0 1 1 0 1 1 1 1 1 1 0 0 1 1 0 1 0 1 1 1 0 1 1 1 0 0 0 0 0 1 1 1 0 1 0 0 1 0 1 1 0 0 0 0 0 0 1 0 0
150	3	1 1 1 1 0 1 1 1 0 1 1 0 0 1 1 0 1 0 1 1 0 0 1 1 1 0 0 0 0 0 1 1 1 0 1 0 0 1 0 1 1 0 0 0 0 0 0 1 0 0
150	3	1 1 1 1 1 1 1 1 0 1 1 0 0 1 1 0 1 0 1 1 1 0 1 1 1 0 0 0 0 0 1 1 1 0 1 0 0 1 0 1 1 0 0 0 0 0 0 1 0 0
150	14	1 1 1 1 0 1 1 1 0 1 1 0 0 1 1 0 1 0 1 1 1 0 1 1 1 0 0 0 0 0 1 1 1 0 1 0 0 1 0 1 1 0 0 0 0 0 0 1 0 0
150	8	1 0 1 1 0 1 1 1 0 1 1 0 0 1 1 0 1 0 1 1 1 0 1 1 1 0 0 0 0 0 1 1 1 0 1 0 0 1 0 1 1 0 0 0 0 0 0 1 0 0
160	2	1 0 1 1 1 1 1 1 0 0 1 0 0 1 1 0 1 0 1 1 1 0 1 1 1 0 0 0 0 0 1 1 1 0 1 0 0 1 0 1 0 1 0 0 0 0 0 1 0 0
160	1	1 0 1 1 0 1 1 1 0 1 0 0 0 1 1 0 1 0 1 1 1 0 1 1 1 0 0 0 0 0 1 1 1 0 1 0 0 1 0 1 1 0 0 0 0 0 0 1 0 0
160	2	1 0 0 1 0 1 1 1 1 1 1 0 0 1 1 0 1 0 1 1 1 0 1 1 1 0 0 0 0 0 1 1 1 0 1 0 0 1 0 1 1 0 0 0 0 0 0 1 0 0
160	1	1 0 1 1 0 1 1 1 1 1 1 0 0 1 1 0 1 0 1 1 1 0 1 1 1 0 0 1 0 0 1 1 1 0 1 0 0 1 0 1 1 0 0 0 0 0 0 1 0 0
160	1	1 0 1 1 0 1 1 1 1 1 1 0 0 1 1 0 1 0 1 1 1 0 1 1 1 0 0 0 0 0 1 1 1 0 1 0 0 1 0 1 1 0 0 0 0 0 0 0 0 0
160	1	1 0 1 1 0 1 1 1 1 1 0 0 0 1 1 0 1 0 1 1 1 0 1 1 1 0 0 0 0 0 1 1 1 0 1 0 0 1 0 1 1 0 0 0 0 0 0 1 0 0
160	1	1 0 1 1 0 1 1 1 1 1 1 0 0 1 1 0 1 0 1 1 1 0 1 1 1 1 0 0 0 0 1 1 1 0 1 0 0 1 0 1 1 0 0 0 0 0 0 1 0 0
160	10	1 0 1 1 0 1 1 1 0 1 1 0 0 1 1 0 1 0 1 1 1 0 1 1 1 0 0 0 0 0 1 1 1 0 1 0 0 1 0 1 1 0 0 0 0 0 0 1 0 0
160	1	1 0 1 1 0 1 1 1 1 1 1 0 0 1 1 0 1 0 1 1 1 0 1 1 1 0 0 0 0 0 1 1 1 0 1 0 0 1 1 1 1 0 0 0 0 0 0 1 0 0
160	43	1 0 1 1 0 1 1 1 1 1 1 0 0 1 1 0 1 0 1 1 1 0 1 1 1 0 0 0 0 0 1 1 1 0 1 0 0 1 0 1 1 0 0 0 0 0 0 1 0 0
160	3	1 1 1 1 0 1 1 1 0 1 1 0 0 1 1 0 1 0 1 1 0 0 1 1 1 0 0 0 0 0 1 1 1 0 1 0 0 1 0 1 1 0 0 0 0 0 0 1 0 0
160	1	1 1 1 1 1 1 1 1 0 1 1 0 0 1 1 0 1 0 1 1 1 0 1 1 1 0 0 0 0 0 1 1 1 0 1 0 0 1 0 1 1 0 0 0 0 0 0 1 0 0
160	1	1 1 1 1 0 1 1 1 0 1 1 0 0 1 1 0 1 0 1 1 1 0 1 0 1 0 0 0 0 0 1 1 1 0 1 0 0 1 0 1 1 0 0 0 0 0 0 1 0 0
160	1	1 1 1 1 0 1 1 1 0 1 1 0 0 1 1 0 1 0 1 1 1 0 0 1 1 0 0 0 0 0 1 1 1 0 1 0 0 1 0 1 1 0 0 0 0 0 0 1 0 0
160	1	1 1 1 1 0 1 1 1 0 1 1 0 0 1 1 0 1 0 1 1 1 0 1 1 1 0 0 0 0 0 1 0 1 0 1 0 0 1 0 1 1 0 0 0 0 0 0 1 0 0
160	1	1 1 1 1 0 1 1 1 0 1 1 0 0 1 1 1 1 0 1 1 1 0 1 1 1 0 0 0 0 0 1 1 1 0 1 0 0 1 0 1 1 0 0 0 0 0 0 1 0 0
160	29	1 1 1 1 0 1 1 1 0 1 1 0 0 1 1 0 1 0 1 1 1 0 1 1 1 0 0 0 0 0 1 1 1 0 1 0 0 1 0 1 1 0 0 0 0 0 0 1 0 0
170	3	1 0 1 1 1 1 1 1 0 0 1 0 0 0 0 0 1 0 1 1 1 0 1 1 1 0 0 0 0 0 1 1 1 0 1 1 0 1 0 1 0 1 0 0 0 0 0 1 0 0
170	2	1 0 1 1 1 1 1 1 0 0 1 0 0 1 1 0 1 0 1 1 1 0 1 1 1 0 0 0 0 0 1 1 1 0 1 0 0 1 0 1 0 1 0 0 0 0 0 1 0 0
170	4	1 0 0 1 0 1 1 1 1 1 1 0 0 1 1 0 1 0 1 1 1 0 1 1 1 0 0 0 0 0 1 1 1 0 1 0 0 1 0 1 1 0 0 0 0 0 0 1 0 0
170	3	1 0 1 1 0 1 1 1 1 1 1 0 0 1 1 0 1 0 1 1 1 0 1 1 1 0 0 1 0 0 1 1 1 0 1 0 0 1 0 1 1 0 0 0 0 0 0 1 0 0
170	1	1 0 1 1 0 1 1 1 1 1 1 0 0 1 1 0 1 0 1 1 1 0 1 1 1 0 0 0 0 0 1 1 1 0 1 0 0 1 0 1 1 0 0 0 0 0 0 0 0 0
170	1	1 0 1 1 0 1 1 1 1 1 1 0 0 1 1 0 1 0 1 1 1 0 1 1 1 0 1 0 0 0 1 1 1 0 1 0 0 1 0 1 1 0 0 0 0 0 0 1 0 0
170	58	1 0 1 1 0 1 1 1 1 1 1 0 0 1 1 0 1 0 1 1 1 0 1 1 1 0 0 0 0 0 1 1 1 0 1 0 0 1 0 1 1 0 0 0 0 0 0 1 0 0
170	3	1 0 1 1 0 1 1 1 0 1 1 0 0 1 1 0 1 0 1 1 1 0 1 1 1 0 0 0 0 0 1 1 1 0 1 0 0 1 0 1 1 0 0 0 0 0 0 1 0 0
170	2	1 1 1 1 0 1 1 1 0 1 1 0 0 1 1 0 1 0 1 1 1 0 1 0 1 0 0 0 0 0 1 1 1 0 1 0 0 1 0 1 1 0 0 0 0 0 0 1 0 0
170	1	1 1 1 1 0 1 1 1 0 1 1 0 0 1 1 0 1 0 1 1 1 0 0 1 1 0 0 0 0 0 1 1 1 0 1 0 0 1 0 1 1 0 0 0 0 0 0 1 0 0
170	1	1 1 1 1 0 1 1 1 0 1 1 0 0 1 1 0 1 0 1 1 1 0 1 1 1 0 0 0 0 0 1 0 1 0 1 0 0 1 0 1 1 0 0 0 0 0 0 1 0 0
170	1	1 1 1 1 0 1 1 1 0 1 1 0 0 1 1 0 1 0 1 1 1 0 1 1 0 0 0 0 0 0 1 1 1 0 1 0 0 1 0 1 1 0 0 0 0 0 0 1 0 0
170	20	1 1 1 1 0 1 1 1 0 1 1 0 0 1 1 0 1 0 1 1 1 0 1 1 1 0 0 0 0 0 1 1 1 0 1 0 0 1 0 1 1 0 0 0 0 0 0 1 0 0
180	1	1 0 1 1 0 1 1 1 1 1 1 0 0 1 1 0 1 0 1 1 1 0 1 1 1 0 0 1 0 0 1 1 1 0 1 0 0 1 0 1 1 0 0 0 0 0 0 1 0 0
180	1	1 0 1 1 0 0 1 1 1 1 1 0 0 1 1 0 1 0 1 1 1 0 1 1 1 0 0 0 0 0 1 1 1 0 1 0 0 1 0 1 1 0 0 0 0 0 0 0 0 0
180	1	1 0 1 1 0 1 1 1 1 1 1 0 0 1 1 0 1 0 1 1 1 0 1 1 1 0 0 0 0 0 1 1 1 0 1 0 0 1 0 1 1 0 0 0 0 0 0 0 0 0
180	1	1 0 1 1 0 1 1 1 1 1 1 0 0 1 1 0 1 0 1 1 1 0 1 1 1 0 1 0 0 0 1 1 1 0 1 0 0 1 0 1 1 0 0 0 0 0 0 1 0 0
180	1	1 0 1 1 0 1 1 1 1 1 1 1 0 1 1 0 1 0 1 1 1 0 1 1 1 0 0 0 0 0 1 1 1 0 1 0 0 1 0 1 1 0 0 0 0 0 0 1 0 0
180	1	1 0 1 1 0 1 1 1 1 1 1 0 0 0 1 0 1 0 1 1 1 0 1 1 1 0 0 0 0 0 1 1 1 0 1 0 0 1 0 1 1 0 0 0 0 0 0 1 0 0
180	1	1 0 1 1 0 1 1 1 1 1 1 0 0 1 1 0 1 0 1 1 1 0 1 1 1 0 0 0 0 0 1 1 1 0 1 0 0 1 0 1 1 0 1 0 0 0 0 1 0 0
180	1	1 0 1 1 0 1 1 1 1 1 1 0 0 1 1 0 1 0 0 1 1 0 1 1 1 0 0 0 0 0 1 1 1 0 1 0 0 1 0 1 1 0 0 0 0 0 0 1 0 0
180	1	1 0 1 1 1 1 1 1 1 1 1 0 0 1 1 0 1 0 1 1 1 0 1 1 1 0 0 0 0 0 1 1 1 0 1 0 0 1 0 1 1 0 0 0 0 0 0 1 0 0
180	66	1 0 1 1 0 1 1 1 1 1 1 0 0 1 1 0 1 0 1 1 1 0 1 1 1 0 0 0 0 0 1 1 1 0 1 0 0 1 0 1 1 0 0 0 0 0 0 1 0 0
180	4	1 1 1 1 0 1 1 1 0 1 1 0 0 1 1 0 1 0 1 1 0 0 1 1 1 0 0 0 0 0 1 1 1 0 1 0 0 1 0 1 1 0 0 0 0 0 0 1 0 0
180	1	1 1 1 1 1 1 1 1 0 1 1 0 0 1 1 0 1 0 1 1 1 0 1 1 1 0 0 0 0 0 1 1 1 0 1 0 0 1 0 1 1 0 0 0 0 0 0 1 0 0
180	3	1 1 1 1 0 1 1 1 0 1 1 0 0 1 1 0 1 0 1 1 1 0 1 0 1 0 0 0 0 0 1 1 1 0 1 0 0 1 0 1 1 0 0 0 0 0 0 1 0 0
180	1	1 1 1 1 0 1 1 1 0 1 1 0 0 1 1 0 1 0 1 1 1 0 1 1 1 0 0 0 0 0 1 0 1 0 1 0 0 1 0 1 1 0 0 0 0 0 0 1 0 0
180	16	1 1 1 1 0 1 1 1 0 1 1 0 0 1 1 0 1 0 1 1 1 0 1 1 1 0 0 0 0 0 1 1 1 0 1 0 0 1 0 1 1 0 0 0 0 0 0 1 0 0
190	2	1 0 1 1 0 1 1 1 1 1 1 0 0 1 1 0 1 0 1 1 1 0 1 1 1 0 0 1 0 0 1 1 1 0 1 0 0 1 0 1 1 0 0 0 0 0 0 1 0 0
190	1	1 0 1 1 0 1 1 1 1 1 1 0 0 1 1 0 1 0 1 1 1 0 1 1 1 0 0 0 0 0 1 1 1 0 1 0 0 1 0 1 1 0 0 0 0 0 0 0 0 0
190	1	1 0 1 1 0 1 1 1 1 1 1 0 0 1 1 0 1 0 1 1 1 0 1 1 1 0 1 0 0 0 0 1 1 0 1 0 0 1 0 1 1 0 0 0 0 0 0 1 0 1
190	6	1 0 1 1 0 1 1 1 1 1 1 0 0 1 1 0 1 0 1 1 1 0 1 1 1 0 1 0 0 0 1 1 1 0 1 0 0 1 0 1 1 0 0 0 0 0 0 1 0 0
190	2	1 0 1 1 0 1 1 1 1 1 1 0 0 1 1 0 1 0 0 1 1 0 1 1 1 0 0 0 0 0 1 1 1 0 1 0 0 1 0 1 1 0 0 0 0 0 0 1 0 0
190	1	1 0 1 1 1 1 1 1 1 1 1 0 0 1 1 0 1 0 1 1 1 0 1 1 1 0 0 0 0 0 1 1 1 0 1 0 0 1 0 1 1 0 0 0 0 0 0 1 0 0
190	58	1 0 1 1 0 1 1 1 1 1 1 0 0 1 1 0 1 0 1 1 1 0 1 1 1 0 0 0 0 0 1 1 1 0 1 0 0 1 0 1 1 0 0 0 0 0 0 1 0 0
190	4	1 1 1 1 0 1 1 1 0 1 1 0 0 1 1 0 1 0 1 1 0 0 1 1 1 0 0 0 0 0 1 1 1 0 1 0 0 1 0 1 1 0 0 0 0 0 0 1 0 0
190	1	1 1 1 1 1 1 1 1 0 1 1 0 0 1 1 0 1 0 1 1 1 0 1 1 1 0 0 0 0 0 1 1 1 0 1 0 0 1 0 1 1 0 0 0 0 0 0 1 0 0
190	1	1 1 1 1 0 1 1 1 0 1 1 0 0 1 1 0 1 0 1 1 1 0 1 0 1 0 0 0 0 0 1 1 1 0 1 0 0 1 0 1 1 0 0 0 0 0 0 1 0 0
190	23	1 1 1 1 0 1 1 1 0 1 1 0 0 1 1 0 1 0 1 1 1 0 1 1 1 0 0 0 0 0 1 1 1 0 1 0 0 1 0 1 1 0 0 0 0 0 0 1 0 0
200	3	1 0 1 1 0 1 1 1 1 1 1 0 0 1 1 0 1 0 1 1 1 0 1 1 1 0 0 1 0 0 1 1 1 0 1 0 0 1 0 1 1 0 0 0 0 0 0 1 0 0
200	3	1 0 1 1 0 1 1 1 1 1 1 0 0 1 1 0 1 0 1 1 1 0 1 1 1 0 1 0 0 0 1 1 1 0 1 0 0 1 0 1 1 0 0 0 0 0 0 1 0 0
200	2	1 0 1 1 0 1 1 1 1 1 1 0 0 0 1 0 1 0 1 1 1 0 1 1 1 0 0 0 0 0 1 1 1 0 1 0 0 1 0 1 1 0 0 0 0 0 0 1 0 0
200	2	1 0 1 1 0 1 1 1 1 1 1 0 0 1 1 0 1 0 0 1 1 0 1 1 1 0 0 0 0 0 1 1 1 0 1 0 0 1 0 1 1 0 0 0 0 0 0 1 0 0
200	1	1 0 1 1 0 1 1 1 1 1 1 1 0 1 1 0 1 0 1 1 1 0 1 1 1 0 0 0 0 0 1 1 1 0 1 0 0 1 0 1 1 0 0 0 0 0 0 1 0 0
200	1	1 0 1 1 0 1 1 0 1 1 1 0 0 1 1 0 1 0 1 1 1 0 1 1 1 0 0 0 0 0 1 1 1 0 1 0 0 1 0 1 1 0 0 0 0 0 0 1 0 0
200	50	1 0 1 1 0 1 1 1 1 1 1 0 0 1 1 0 1 0 1 1 1 0 1 1 1 0 0 0 0 0 1 1 1 0 1 0 0 1 0 1 1 0 0 0 0 0 0 1 0 0
200	1	1 0 1 1 1 1 1 1 1 1 1 0 0 1 1 0 1 0 1 1 1 0 1 1 1 0 0 0 0 0 1 1 1 0 1 0 0 1 0 1 1 0 0 0 0 0 0 1 0 0
200	1	1 0 1 1 0 1 1 1 1 1 1 0 0 1 1 0 1 0 1 1 1 0 1 1 1 0 0 0 0 0 1 1 1 0 1 0 0 1 1 1 1 0 0 0 0 0 0 1 0 0
200	1	1 1 1 1 0 1 1 1 0 1 1 0 0 1 1 0 1 0 1 1 0 0 1 1 1 0 0 0 0 0 1 1 1 0 1 0 0 1 0 1 1 0 0 0 0 0 0 1 0 0
200	5	1 1 1 1 1 1 1 1 0 1 1 0 0 1 1 0 1 0 1 1 1 0 1 1 1 0 0 0 0 0 1 1 1 0 1 0 0 1 0 1 1 0 0 0 0 0 0 1 0 0
200	4	1 1 1 1 0 1 1 1 0 1 1 0 0 1 1 0 1 0 1 1 1 0 1 0 1 0 0 0 0 0 1 1 1 0 1 0 0 1 0 1 1 0 0 0 0 0 0 1 0 0
200	1	1 1 1 1 0 1 1 1 0 1 1 0 0 1 1 0 1 0 1 0 1 0 1 1 1 0 0 0 0 0 1 1 1 0 1 0 0 1 0 1 1 0 0 0 0 0 0 1 0 0
200	25	1 1 1 1 0 1 1 1 0 1 1 0 0 1 1 0 1 0 1 1 1 0 1 1 1 0 0 0 0 0 1 1 1 0 1 0 0 1 0 1 1 0 0 0 0 0 0 1 0 0
210	1	1 0 1 1 0 1 1 1 1 1 1 0 0 1 1 0 1 0 1 1 1 0 1 1 1 0 0 1 0 0 1 0 1 0 1 0 0 1 0 1 1 0 0 0 0 0 0 1 0 0
210	8	1 0 1 1 0 1 1 1 1 1 1 0 0 1 1 0 1 0 1 1 1 0 1 1 1 0 0 1 0 0 1 1 1 0 1 0 0 1 0 1 1 0 0 0 0 0 0 1 0 0
210	1	1 0 1 1 0 1 1 1 1 1 1 0 0 1 1 0 1 0 0 1 1 0 1 1 1 0 0 0 0 0 1 1 1 0 1 0 0 1 0 1 1 0 0 0 0 0 0 1 0 0
210	2	1 0 1 1 0 1 1 1 0 1 1 0 0 1 1 0 1 0 1 1 1 0 1 1 1 0 0 0 0 0 1 1 1 0 1 0 0 1 0 1 1 0 0 0 0 0 0 1 0 0
210	1	1 0 1 1 0 1 1 0 1 1 1 0 0 1 1 0 1 0 1 1 1 0 1 1 1 0 0 0 0 0 1 1 1 0 1 0 0 1 0 1 1 0 0 0 0 0 0 1 0 0
210	1	1 0 1 1 0 1 1 1 1 1 1 0 0 1 1 0 1 1 1 1 1 0 1 1 1 0 0 0 0 0 1 1 1 0 1 0 0 1 0 1 1 0 0 0 0 0 0 1 0 0
210	1	1 0 1 1 0 1 1 1 1 1 1 0 0 1 1 0 1 0 1 1 1 0 1 1 1 0 0 0 0 0 1 1 1 1 1 0 0 1 0 1 1 0 0 0 0 0 0 1 0 0
210	53	1 0 1 1 0 1 1 1 1 1 1 0 0 1 1 0 1 0 1 1 1 0 1 1 1 0 0 0 0 0 1 1 1 0 1 0 0 1 0 1 1 0 0 0 0 0 0 1 0 0
210	2	1 0 1 1 1 1 1 1 1 1 1 0 0 1 1 0 1 0 1 1 1 0 1 1 1 0 0 0 0 0 1 1 1 0 1 0 0 1 0 1 1 0 0 0 0 0 0 1 0 0
210	1	1 1 1 1 0 1 1 1 0 1 1 0 0 1 1 0 1 0 1 1 0 0 1 1 1 0 0 0 0 0 1 1 1 0 1 0 0 0 0 1 1 0 0 0 0 0 0 1 0 0
210	4	1 1 1 1 1 1 1 1 0 1 1 0 0 1 1 0 1 0 1 1 1 0 1 1 1 0 0 0 0 0 1 1 1 0 1 0 0 1 0 1 1 0 0 0 0 0 0 1 0 0
210	4	1 1 1 1 0 1 1 1 0 1 1 0 0 1 1 0 1 0 1 1 1 0 1 0 1 0 0 0 0 0 1 1 1 0 1 0 0 1 0 1 1 0 0 0 0 0 0 1 0 0
210	1	1 1 1 1 0 1 1 1 0 1 1 0 0 1 1 0 1 0 1 1 1 0 1 1 1 0 0 0 0 0 1 1 1 0 1 0 0 1 0 1 0 0 0 0 0 0 0 0 0 0
210	1	1 1 1 1 0 1 1 1 0 1 1 0 0 1 1 0 1 0 1 1 1 0 1 1 1 0 0 0 0 0 1 1 1 0 1 0 0 1 0 1 0 0 0 0 0 0 0 1 0 0
210	19	1 1 1 1 0 1 1 1 0 1 1 0 0 1 1 0 1 0 1 1 1 0 1 1 1 0 0 0 0 0 1 1 1 0 1 0 0 1 0 1 1 0 0 0 0 0 0 1 0 0
220	6	1 0 1 1 0 1 1 1 1 1 1 0 0 1 1 0 1 0 1 1 1 0 1 1 1 0 0 1 0 0 1 1 1 0 1 0 0 1 0 1 1 0 0 0 0 0 0 1 0 0
220	3	1 0 1 1 0 1 1 1 1 1 1 0 0 0 1 0 1 0 1 1 1 0 1 1 1 0 0 0 0 0 1 1 1 0 1 0 0 1 0 1 1 0 0 0 0 0 0 1 0 0
220	1	1 0 1 1 0 1 1 1 1 1 1 0 0 1 1 1 1 0 0 1 1 0 1 1 1 0 0 0 0 0 1 1 1 0 1 0 0 1 0 1 1 0 0 0 0 0 0 1 0 0
220	1	1 0 1 1 0 1 1 1 1 1 1 0 0 1 1 0 1 0 0 1 1 0 1 1 1 0 0 0 0 0 1 1 1 0 1 0 0 1 0 1 1 0 0 0 0 0 0 1 0 0
220	1	1 0 1 1 0 1 1 1 1 1 1 0 0 1 1 0 1 0 1 1 1 0 1 1 0 0 0 0 0 0 1 1 1 0 1 0 0 1 0 1 1 0 0 0 0 0 0 1 0 0
220	2	1 0 1 1 0 1 1 1 1 1 1 0 0 1 1 0 1 0 1 1 1 0 1 1 1 0 0 0 0 0 1 1 1 0 1 0 0 1 1 1 1 0 0 0 0 0 0 1 0 0
220	1	1 0 1 1 0 1 1 1 1 1 1 0 0 1 1 0 1 0 1 1 1 0 1 1 1 0 0 0 0 0 1 1 0 0 1 0 0 1 0 1 1 0 0 0 0 0 0 1 0 0
220	34	1 0 1 1 0 1 1 1 1 1 1 0 0 1 1 0 1 0 1 1 1 0 1 1 1 0 0 0 0 0 1 1 1 0 1 0 0 1 0 1 1 0 0 0 0 0 0 1 0 0
220	1	1 1 1 1 0 1 1 1 0 1 1 0 0 1 1 0 1 1 1 1 0 0 1 1 1 0 0 0 0 0 1 1 1 0 1 0 0 1 0 1 1 0 0 0 0 0 0 1 0 0
220	7	1 1 1 1 0 1 1 1 0 1 1 0 0 1 1 0 1 0 1 1 0 0 1 1 1 0 0 0 0 0 1 1 1 0 1 0 0 1 0 1 1 0 0 0 0 0 0 1 0 0
220	5	1 1 1 1 1 1 1 1 0 1 1 0 0 1 1 0 1 0 1 1 1 0 1 1 1 0 0 0 0 0 1 1 1 0 1 0 0 1 0 1 1 0 0 0 0 0 0 1 0 0
220	6	1 1 1 1 0 1 1 1 0 1 1 0 0 1 1 0 1 0 1 1 1 0 1 0 1 0 0 0 0 0 1 1 1 0 1 0 0 1 0 1 1 0 0 0 0 0 0 1 0 0
220	1	1 1 1 1 0 1 1 1 0 1 1 0 0 1 1 0 1 0 1 0 1 0 1 1 1 0 0 0 0 0 1 1 1 0 1 0 0 1 0 1 1 0 0 0 0 0 0 1 0 0
220	4	1 1 1 1 0 1 1 1 0 1 1 0 0 1 1 0 1 0 1 1 1 0 1 1 1 0 0 0 0 0 1 1 1 0 1 0 0 1 0 1 0 0 0 0 0 0 0 0 0 0
220	7	1 1 1 1 0 1 1 1 0 1 1 0 0 1 1 0 1 0 1 1 1 0 1 1 1 0 0 0 0 0 1 1 1 0 1 0 0 1 0 1 0 0 0 0 0 0 0 1 0 0
220	20	1 1 1 1 0 1 1 1 0 1 1 0 0 1 1 0 1 0 1 1 1 0 1 1 1 0 0 0 0 0 1 1 1 0 1 0 0 1 0 1 1 0 0 0 0 0 0 1 0 0
230	1	1 0 1 1 0 1 1 1 1 1 1 0 0 1 1 0 1 0 1 1 1 0 1 1 1 0 0 1 0 0 1 1 1 0 1 1 0 1 0 1 1 0 0 0 0 0 0 1 0 0
230	4	1 0 1 1 0 1 1 1 1 1 1 0 0 1 1 0 1 0 1 1 1 0 1 1 1 0 0 1 0 0 1 1 1 0 1 0 0 1 0 1 1 0 0 0 0 0 0 1 0 0
230	2	1 0 1 1 0 1 1 1 1 1 1 0 0 1 1 0 1 0 1 1 1 0 1 1 1 0 1 0 0 0 1 1 1 0 1 0 0 1 0 1 1 0 0 0 0 0 0 1 0 1
230	6	1 0 1 1 0 1 1 1 1 1 1 0 0 0 1 0 1 0 1 1 1 0 1 1 1 0 0 0 0 0 1 1 1 0 1 0 0 1 0 1 1 0 0 0 0 0 0 1 0 0
230	1	1 0 1 1 0 1 1 1 1 1 1 0 0 1 1 0 1 0 1 1 1 0 1 1 0 0 0 0 0 0 1 1 1 0 1 0 0 1 0 1 1 0 0 0 0 0 0 1 0 0
230	25	1 0 1 1 0 1 1 1 1 1 1 0 0 1 1 0 1 0 1 1 1 0 1 1 1 0 0 0 0 0 1 1 1 0 1 0 0 1 0 1 1 0 0 0 0 0 0 1 0 0
230	3	1 1 1 1 0 1 1 1 0 1 1 0 0 1 1 0 1 1 1 1 0 0 1 1 1 0 0 0 0 0 1 1 1 0 1 0 0 1 0 1 1 0 0 0 0 0 0 1 0 0
230	2	1 1 1 1 0 1 1 1 0 1 1 0 0 1 1 0 1 0 1 1 0 0 1 1 1 0 0 0 0 0 1 1 1 0 1 0 0 1 0 1 1 0 0 0 0 0 0 1 0 0
230	1	1 1 1 1 1 1 1 1 0 1 1 0 0 1 1 0 1 0 1 1 1 0 1 1 1 0 0 0 0 0 1 1 1 0 1 0 0 1 0 1 1 0 0 0 0 1 0 1 0 0
230	12	1 1 1 1 1 1 1 1 0 1 1 0 0 1 1 0 1 0 1 1 1 0 1 1 1 0 0 0 0 0 1 1 1 0 1 0 0 1 0 1 1 0 0 0 0 0 0 1 0 0
230	1	1 1 1 1 0 1 1 1 0 1 1 0 0 1 1 0 0 0 1 1 1 0 1 0 1 0 0 0 0 0 1 1 1 0 1 0 0 1 0 1 1 0 0 0 0 0 0 1 0 0
230	2	1 1 1 1 0 1 1 1 0 1 1 0 0 1 1 0 1 0 1 1 1 0 1 0 1 0 0 0 0 0 1 1 1 0 1 0 0 1 0 1 1 0 0 0 0 0 0 1 0 0
230	2	1 1 1 1 0 1 1 1 0 1 1 0 0 1 1 0 1 0 1 0 1 0 1 1 1 0 0 0 0 0 1 1 1 0 1 0 0 1 0 1 1 0 0 0 0 0 0 1 0 0
230	2	1 1 1 1 0 1 1 1 0 1 1 0 0 1 1 0 1 0 1 1 1 0 1 1 1 0 0 0 0 0 1 1 1 0 1 0 0 1 0 1 0 0 0 0 0 0 0 1 0 0
230	1	1 1 1 1 1 1 1 1 0 1 1 0 0 1 1 0 1 0 1 1 1 0 1 1 1 0 0 0 0 0 1 1 1 0 1 0 0 1 0 1 0 0 0 0 0 0 0 0 0 0
230	23	1 1 1 1 0 1 1 1 0 1 1 0 0 1 1 0 1 0 1 1 1 0 1 1 1 0 0 0 0 0 1 1 1 0 1 0 0 1 0 1 0 0 0 0 0 0 0 0 0 0
230	12	1 1 1 1 0 1 1 1 0 1 1 0 0 1 1 0 1 0 1 1 1 0 1 1 1 0 0 0 0 0 1 1 1 0 1 0 0 1 0 1 1 0 0 0 0 0 0 1 0 0
240	1	1 0 1 1 0 1 1 1 1 1 1 0 0 1 1 0 1 0 1 1 0 0 1 1 1 0 0 1 0 0 1 1 1 0 1 0 0 1 0 1 1 0 0 0 0 0 0 1 0 0
240	4	1 0 1 1 0 1 1 1 1 1 1 0 0 0 1 0 1 0 1 1 1 0 1 1 1 0 0 0 0 0 1 1 1 0 1 0 0 1 0 1 1 0 0 0 0 0 0 1 0 0
240	2	1 0 1 1 0 1 1 1 1 1 1 0 0 1 0 0 1 0 1 1 1 0 1 1 1 0 0 0 0 0 1 1 1 0 1 0 0 1 0 1 1 0 0 0 0 0 0 1 0 0
240	22	1 0 1 1 0 1 1 1 1 1 1 0 0 1 1 0 1 0 1 1 1 0 1 1 1 0 0 0 0 0 1 1 1 0 1 0 0 1 0 1 1 0 0 0 0 0 0 1 0 0
240	1	1 1 1 1 0 1 1 1 0 1 1 0 0 1 1 0 1 1 1 1 0 0 1 1 1 0 0 0 0 0 1 1 1 0 1 0 0 1 0 1 1 0 0 0 0 0 0 1 0 0
240	4	1 1 1 1 0 1 1 1 0 1 1 0 0 1 1 0 1 0 1 1 0 0 1 1 1 0 0 0 0 0 1 1 1 0 1 0 0 1 0 1 1 0 0 0 0 0 0 1 0 0
240	1	1 1 1 1 1 1 1 1 0 1 1 0 0 1 1 0 1 0 1 1 1 0 1 1 1 0 0 0 0 0 1 1 1 0 1 0 0 1 0 1 1 0 0 0 0 0 0 0 0 0
240	3	1 1 1 1 0 1 1 1 0 1 1 0 0 1 1 0 1 0 1 1 1 0 1 1 1 0 0 0 0 0 1 1 1 0 1 0 0 1 0 1 1 0 0 0 0 0 0 1 0 0
240	11	1 1 1 1 1 1 1 1 0 1 1 0 0 1 1 0 1 0 1 1 1 0 1 1 1 0 0 0 0 0 1 1 1 0 1 0 0 1 0 1 1 0 0 0 0 0 0 1 0 0
240	1	1 1 1 1 0 1 1 1 0 1 1 0 0 1 1 0 0 0 1 1 1 0 1 0 1 0 0 0 0 0 1 1 1 0 1 0 0 1 0 1 1 0 0 0 0 0 0 1 0 0
240	2	1 1 1 1 0 1 1 1 0 1 1 0 0 1 1 0 1 0 1 1 1 0 1 1 1 0 0 0 0 0 1 1 1 0 1 0 0 0 0 1 0 0 0 0 0 0 0 0 0 0
240	1	1 1 1 1 0 1 1 1 0 1 1 0 0 1 1 0 1 0 1 1 1 0 0 1 1 0 0 0 0 0 1 1 1 0 1 0 0 1 0 1 0 0 0 0 0 0 0 0 0 0
240	1	1 1 1 1 0 1 1 1 1 1 1 0 0 1 1 0 1 0 1 1 1 0 1 1 1 0 0 0 0 0 1 1 1 0 1 0 0 1 0 1 0 0 0 0 0 0 0 1 0 0
240	6	1 1 1 1 0 1 1 1 0 1 1 0 0 1 1 0 1 0 1 1 1 0 1 1 1 0 0 0 0 0 1 1 1 0 1 0 0 1 0 1 0 0 0 0 0 0 0 1 0 0
240	40	1 1 1 1 0 1 1 1 0 1 1 0 0 1 1 0 1 0 1 1 1 0 1 1 1 0 0 0 0 0 1 1 1 0 1 0 0 1 0 1 0 0 0 0 0 0 0 0 0 0
250	2	1 0 1 1 0 1 1 1 1 1 1 0 0 1 1 0 1 0 1 1 1 0 1 1 1 0 0 1 0 0 1 1 1 0 1 0 0 1 0 1 1 0 0 0 0 0 0 1 0 0
250	1	1 0 1 1 0 1 1 1 1 1 1 0 0 1 1 0 1 0 1 1 1 0 1 1 0 0 0 0 0 0 1 1 1 0 1 0 0 1 0 1 1 0 0 0 0 0 0 1 0 0
250	1	1 0 1 1 0 1 1 1 1 1 1 0 0 1 0 0 1 0 1 1 1 0 1 1 1 0 0 0 0 0 1 1 1 0 1 0 0 1 0 1 1 0 0 0 0 0 0 1 0 0
250	3	1 0 1 1 0 1 1 1 1 1 1 0 0 1 1 0 1 0 1 1 1 0 1 1 1 0 0 0 0 0 1 1 1 0 1 0 0 1 0 1 1 0 0 0 0 0 0 1 0 0
250	5	1 1 1 1 0 1 1 1 0 1 1 0 0 1 1 0 1 1 1 1 0 0 1 1 1 0 0 0 0 0 1 1 1 0 1 0 0 1 0 1 1 0 0 0 0 0 0 1 0 0
250	1	1 1 1 1 0 1 1 1 0 1 1 0 0 1 1 0 1 0 1 1 0 0 1 1 1 0 0 0 0 0 1 1 1 0 1 0 0 1 0 1 1 0 0 0 0 0 0 1 0 0
250	1	1 1 1 1 0 1 1 0 0 1 1 0 0 1 1 0 1 0 1 1 1 0 1 1 1 0 0 0 0 0 1 1 1 0 1 0 0 1 0 1 1 0 0 0 0 0 0 1 0 0
250	2	1 1 1 1 0 1 1 1 0 1 1 0 0 1 1 0 1 0 1 1 1 0 1 1 1 0 0 0 0 0 1 1 1 0 1 0 0 1 0 1 1 0 0 0 0 0 0 1 0 0
250	12	1 1 1 1 1 1 1 1 0 1 1 0 0 1 1 0 1 0 1 1 1 0 1 1 1 0 0 0 0 0 1 1 1 0 1 0 0 1 0 1 1 0 0 0 0 0 0 1 0 0
250	2	1 1 1 1 0 1 1 1 0 1 1 0 0 1 1 0 1 0 1 1 1 0 1 1 1 0 0 0 0 0 1 1 1 0 1 0 0 0 0 1 0 0 0 0 0 0 0 0 0 0
250	1	1 1 1 1 0 1 1 1 0 1 1 0 0 1 1 0 1 0 1 1 1 0 0 1 1 0 0 0 0 0 1 1 1 0 1 0 0 1 0 1 0 0 0 0 0 0 0 0 0 0
250	9	1 1 1 1 0 1 1 1 0 1 1 0 0 1 1 0 1 0 1 1 1 0 1 1 1 0 0 0 0 0 1 1 1 0 1 0 0 1 0 1 0 0 0 0 0 0 0 1 0 0
250	1	1 1 1 1 0 1 1 1 0 0 1 0 0 1 1 0 1 0 1 1 1 0 1 1 1 0 0 0 0 0 1 1 1 0 1 0 0 1 0 1 0 0 0 0 0 0 0 0 0 0
250	1	1 1 1 1 0 1 1 1 0 1 1 0 0 1 1 0 0 0 1 1 1 0 1 1 1 0 0 0 0 0 1 1 1 0 1 0 0 1 0 1 0 0 0 0 0 0 0 0 0 0
250	1	1 1 0 1 0 1 1 1 0 1 1 0 0 1 1 0 1 0 1 1 1 0 1 1 1 0 0 0 0 0 1 1 1 0 1 0 0 1 0 1 0 0 0 0 0 0 0 0 0 0
250	57	1 1 1 1 0 1 1 1 0 1 1 0 0 1 1 0 1 0 1 1 1 0 1 1 1 0 0 0 0 0 1 1 1 0 1 0 0 1 0 1 0 0 0 0 0 0 0 0 0 0
260	1	1 0 1 1 0 1 1 1 1 1 1 0 0 1 1 0 1 0 1 1 1 0 1 1 1 0 0 1 0 0 1 1 1 0 1 0 0 1 0 1 1 0 0 0 0 0 0 1 0 0
260	4	1 0 1 1 0 1 1 1 1 1 1 0 0 1 1 0 1 0 1 1 1 0 1 1 1 0 0 0 0 0 1 1 1 0 1 0 0 1 0 1 1 0 0 0 0 0 0 1 0 0
260	2	1 1 1 1 1 1 1 1 0 1 1 0 0 1 1 0 1 0 1 1 1 0 1 0 1 0 0 0 0 0 1 1 1 0 1 0 0 1 0 1 1 0 0 0 0 0 0 1 0 0
260	4	1 1 1 1 1 1 1 1 0 1 1 0 0 1 1 0 1 0 1 1 1 0 1 1 1 0 0 0 0 0 1 1 1 0 1 0 0 1 0 1 1 0 0 0 0 0 0 1 0 0
260	1	1 1 1 1 0 1 1 1 0 1 1 0 0 1 1 0 1 0 1 1 1 0 1 1 1 0 0 0 0 0 1 1 1 0 1 0 0 0 0 1 0 0 0 0 0 0 0 0 0 0
260	6	1 1 1 1 0 1 1 1 0 1 1 0 0 1 1 0 1 0 1 1 1 0 0 1 1 0 0 0 0 0 1 1 1 0 1 0 0 1 0 1 0 0 0 0 0 0 0 0 0 0
260	2	1 1 1 1 0 1 1 1 0 1 1 0 0 1 1 1 1 0 1 1 1 0 1 1 1 0 0 0 0 0 1 1 1 0 1 0 0 1 0 1 0 0 0 0 0 0 0 1 0 0
260	2	1 1 1 1 0 1 1 1 0 1 1 0 0 1 1 0 1 0 1 1 1 0 1 1 1 0 0 0 0 0 1 1 1 0 1 0 0 1 0 1 0 0 0 0 0 0 0 1 0 0
260	1	1 1 1 1 0 1 1 1 0 0 1 0 0 1 1 0 1 0 1 1 1 0 1 1 1 0 0 0 0 0 1 1 1 0 1 0 0 1 0 1 0 0 0 0 0 0 0 0 0 0
260	4	1 1 1 1 0 1 1 1 0 1 1 0 0 1 1 0 1 0 1 1 1 0 1 1 1 0 0 0 0 0 1 1 1 0 1 1 0 1 0 1 0 0 0 0 0 0 0 0 0 0
260	73	1 1 1 1 0 1 1 1 0 1 1 0 0 1 1 0 1 0 1 1 1 0 1 1 1 0 0 0 0 0 1 1 1 0 1 0 0 1 0 1 0 0 0 0 0 0 0 0 0 0
270	1	1 0 1 1 0 1 1 1 1 1 1 0 0 1 0 0 1 0 1 1 1 0 1 1 1 0 0 0 0 0 1 1 1 0 1 0 0 1 0 1 1 0 0 0 0 0 0 1 0 0
270	1	1 0 1 1 0 1 1 0 1 1 1 0 0 1 1 0 1 0 1 1 1 0 1 1 1 0 0 0 0 0 1 1 1 0 1 0 0 1 0 1 1 0 0 0 0 0 0 1 0 0
270	3	1 0 1 1 0 1 1 1 1 1 1 0 0 1 1 0 1 0 1 1 1 0 1 1 1 0 0 0 0 0 1 1 1 0 1 0 0 1 0 1 1 0 0 0 0 0 0 1 0 0
270	3	1 1 1 1 1 1 1 1 0 1 1 0 0 1 1 0 1 0 1 1 1 0 1 0 1 0 0 0 0 0 1 1 1 0 1 0 0 1 0 1 1 0 0 0 0 0 0 1 0 0
270	1	1 1 1 1 1 1 1 1 0 1 1 0 0 1 1 0 1 0 1 1 1 0 1 1 1 0 0 0 0 0 1 1 1 0 1 0 1 1 0 1 1 0 0 0 0 0 0 1 0 0
270	3	1 1 1 1 1 1 1 1 0 1 1 0 0 1 1 0 1 0 1 1 1 0 1 1 1 0 0 0 0 0 1 1 1 0 1 0 0 1 0 1 1 0 0 0 0 0 0 1 0 0
270	4	1 1 1 1 0 1 1 1 0 1 1 0 0 1 1 0 1 0 1 1 1 0 1 1 1 0 0 0 0 0 1 1 1 0 1 0 0 0 0 1 0 0 0 0 0 0 0 0 0 0
270	1	1 1 1 1 0 1 1 1 0 1 1 0 0 1 1 0 1 0 1 1 1 0 0 1 1 0 0 0 0 0 1 1 1 0 1 0 0 1 0 1 1 0 0 0 0 0 0 0 0 0
270	5	1 1 1 1 0 1 1 1 0 1 1 0 0 1 1 0 1 0 1 1 1 0 0 1 1 0 0 0 0 0 1 1 1 0 1 0 0 1 0 1 0 0 0 0 0 0 0 0 0 0
270	2	1 1 1 1 0 1 1 1 0 1 1 0 0 1 1 0 1 0 1 1 1 0 1 1 1 0 0 0 0 0 1 1 1 0 1 0 0 1 0 1 0 0 0 0 0 0 0 1 0 0
270	2	1 1 1 1 0 1 1 1 0 1 1 0 0 1 1 0 1 0 1 1 1 0 1 1 1 0 0 0 0 0 1 1 1 0 1 1 0 1 0 1 0 0 0 0 0 0 0 0 0 0
270	4	1 1 1 1 0 1 1 1 0 1 1 0 0 1 1 0 1 0 1 1 1 0 1 1 1 0 0 0 0 0 1 1 1 0 1 0 0 1 0 1 0 1 0 0 0 0 0 0 0 0
270	2	1 1 1 1 0 1 1 1 0 1 1 0 0 1 1 0 1 0 1 1 1 0 1 1 1 0 0 1 0 0 1 1 1 0 1 0 0 1 0 1 0 0 0 0 0 0 0 0 0 0
270	1	1 1 1 1 0 1 1 1 0 1 0 0 0 1 1 0 1 0 1 1 1 0 1 1 1 0 0 0 0 0 1 1 1 0 1 0 0 1 0 1 0 0 0 0 0 0 0 0 0 0
270	1	1 1 1 1 0 1 1 1 0 1 1 0 0 1 1 1 1 0 1 1 1 0 1 1 1 0 0 0 0 0 1 1 1 0 1 0 0 1 0 1 0 0 0 0 0 0 0 0 0 0
270	66	1 1 1 1 0 1 1 1 0 1 1 0 0 1 1 0 1 0 1 1 1 0 1 1 1 0 0 0 0 0 1 1 1 0 1 0 0 1 0 1 0 0 0 0 0 0 0 0 0 0
280	2	1 1 1 1 0 1 1 1 0 1 1 0 0 1 1 0 1 0 1 1 1 0 1 1 1 0 0 0 0 0 1 1 1 0 1 0 1 0 0 1 0 0 0 0 0 0 0 0 0 0
280	9	1 1 1 1 0 1 1 1 0 1 1 0 0 1 1 0 1 0 1 1 1 0 1 1 1 0 0 0 0 0 1 1 1 0 1 0 0 0 0 1 0 0 0 0 0 0 0 0 0 0
280	1	1 1 1 1 0 1 1 1 0 1 1 0 0 1 1 0 1 0 1 1 1 0 0 1 1 0 0 0 0 0 1 1 1 0 1 0 0 1 0 1 1 0 0 0 0 0 0 0 0 0
280	5	1 1 1 1 0 1 1 1 0 1 1 0 0 1 1 0 1 0 1 1 1 0 0 1 1 0 0 0 0 0 1 1 1 0 1 0 0 1 0 1 0 0 0 0 0 0 0 0 0 0
280	1	1 1 1 1 0 1 1 1 0 1 1 0 0 1 1 0 1 0 1 1 1 0 1 1 1 0 0 0 0 0 1 1 1 0 1 0 0 1 0 1 0 0 0 0 0 0 0 1 0 0
280	3	1 1 1 1 0 1 1 1 0 1 1 0 0 1 1 0 1 0 1 1 1 0 1 1 1 0 0 0 0 0 1 1 1 0 1 1 0 1 0 1 0 0 0 0 0 0 0 0 0 0
280	4	1 1 1 1 0 1 1 1 1 1 1 0 0 1 1 0 1 0 1 1 1 0 1 1 1 0 0 0 0 0 1 1 1 0 1 0 0 1 0 1 0 0 0 0 0 0 0 0 0 0
280	2	1 1 1 1 0 1 1 1 0 1 1 0 0 1 1 0 1 0 1 1 1 0 1 1 1 0 0 0 0 0 1 1 1 0 1 0 0 1 0 1 0 1 0 0 0 0 0 0 0 0
280	2	1 1 1 1 0 1 1 1 0 1 1 0 0 1 1 0 1 0 1 1 1 0 1 1 1 0 0 0 0 0 1 1 1 0 1 0 0 1 0 1 0 0 1 0 0 0 0 0 0 0
280	1	1 1 1 1 0 1 1 1 0 1 1 0 0 1 1 0 1 0 1 1 1 0 1 1 1 0 0 0 0 0 0 1 1 0 1 0 0 1 0 1 0 0 0 0 0 0 0 0 0 0
280	1	1 1 1 1 0 1 1 1 0 1 1 0 0 1 1 0 1 0 1 1 1 0 1 1 1 0 0 0 0 0 1 1 1 1 1 0 0 1 0 1 0 0 0 0 0 0 0 0 0 0
280	69	1 1 1 1 0 1 1 1 0 1 1 0 0 1 1 0 1 0 1 1 1 0 1 1 1 0 0 0 0 0 1 1 1 0 1 0 0 1 0 1 0 0 0 0 0 0 0 0 0 0
290	12	1 1 1 1 0 1 1 1 0 1 1 0 0 1 1 0 1 0 1 1 1 0 1 1 1 0 0 0 0 0 1 1 1 0 1 0 0 0 0 1 0 0 0 0 0 0 0 0 0 0
290	2	1 1 1 1 0 1 1 1 0 1 1 0 0 1 1 0 1 0 1 1 1 0 0 1 1 0 0 0 0 0 1 1 1 0 1 0 0 1 0 1 0 0 0 0 0 0 0 0 0 0
290	1	1 1 1 1 0 0 1 1 0 1 1 0 0 1 1 0 1 0 1 1 1 0 1 1 1 0 0 0 0 0 1 1 1 0 1 1 0 1 0 1 0 0 0 0 0 0 0 0 0 0
290	1	1 0 1 1 0 1 1 1 0 1 1 0 0 1 1 0 1 0 1 1 1 0 1 1 1 0 0 0 0 0 1 1 1 0 1 1 0 1 0 1 0 0 0 0 0 0 0 0 0 0
290	6	1 1 1 1 0 1 1 1 0 1 1 0 0 1 1 0 1 0 1 1 1 0 1 1 1 0 0 0 0 0 1 1 1 0 1 1 0 1 0 1 0 0 0 0 0 0 0 0 0 0
290	4	1 1 1 1 0 1 1 1 1 1 1 0 0 1 1 0 1 0 1 1 1 0 1 1 1 0 0 0 0 0 1 1 1 0 1 0 0 1 0 1 0 0 0 0 0 0 0 0 0 0
290	3	1 1 1 1 0 1 1 1 0 1 1 0 0 1 1 0 1 0 1 1 1 0 1 1 1 0 0 0 0 0 1 1 1 0 1 0 0 1 0 1 0 1 0 0 0 0 0 0 0 0
290	2	1 1 1 1 0 1 1 1 0 1 1 0 0 1 1 0 1 0 1 1 1 0 1 1 1 0 0 0 0 0 1 1 1 0 1 0 0 1 0 1 0 0 1 0 0 0 0 0 0 0
290	1	1 1 1 1 0 1 1 1 0 1 1 0 0 1 1 0 1 0 1 1 1 0 1 1 1 0 0 0 0 0 1 1 1 1 1 0 0 1 0 1 0 0 0 0 0 0 0 0 0 0
290	4	1 1 1 1 0 1 1 1 0 1 1 0 0 1 1 0 1 1 1 1 1 0 1 1 1 0 0 0 0 0 1 1 1 0 1 0 0 1 0 1 0 0 0 0 0 0 0 0 0 0
290	2	1 1 1 1 0 1 1 1 0 1 1 0 0 1 1 0 1 0 1 1 1 0 1 1 1 0 0 0 0 0 1 0 1 0 1 0 0 1 0 1 0 0 0 0 0 0 0 0 0 0
290	1	1 1 1 1 0 1 1 1 0 1 1 0 0 1 1 0 1 0 1 1 1 0 1 1 1 0 0 0 0 0 1 1 1 0 1 0 1 1 0 1 0 0 0 0 0 0 0 0 0 0
290	1	1 1 1 1 0 1 1 1 0 1 1 0 0 1 1 0 1 0 0 1 1 0 1 1 1 0 0 0 0 0 1 1 1 1 1 0 0 1 0 1 0 0 0 0 0 0 0 0 0 0
290	1	1 1 1 1 0 1 1 1 0 1 1 0 0 1 1 0 1 0 0 1 1 0 1 1 1 0 0 0 0 0 1 1 1 0 1 0 0 1 0 1 0 0 0 0 0 0 0 0 0 0
290	59	1 1 1 1 0 1 1 1 0 1 1 0 0 1 1 0 1 0 1 1 1 0 1 1 1 0 0 0 0 0 1 1 1 0 1 0 0 1 0 1 0 0 0 0 0 0 0 0 0 0
300	1	1 1 1 1 1 1 1 1 0 1 1 0 0 1 1 0 1 0 1 1 1 0 1 0 1 0 0 0 0 0 1 1 1 0 1 0 0 1 0 1 1 0 0 0 0 0 0 1 0 0
300	10	1 1 1 1 0 1 1 1 0 1 1 0 0 1 1 0 1 0 1 1 1 0 1 1 1 0 0 0 0 0 1 1 1 0 1 0 0 0 0 1 0 0 0 0 0 0 0 0 0 0
300	1	1 1 1 1 0 1 1 1 0 1 1 0 0 1 1 0 1 0 1 1 1 0 0 1 1 0 0 0 0 0 1 1 1 0 1 0 0 1 0 1 0 0 0 0 0 0 0 0 0 0
300	1	1 1 1 1 0 0 1 1 0 1 1 0 0 1 1 0 1 0 1 1 1 0 1 1 1 0 0 0 0 0 1 1 1 0 1 1 0 1 0 1 0 0 0 0 0 0 0 0 0 0
300	8	1 1 1 1 0 1 1 1 0 1 1 0 0 1 1 0 1 0 1 1 1 0 1 1 1 0 0 0 0 0 1 1 1 0 1 1 0 1 0 1 0 0 0 0 0 0 0 0 0 0
300	2	1 1 1 1 0 1 1 1 1 1 1 1 0 1 1 0 1 0 1 1 1 0 1 1 1 0 0 0 0 0 1 1 1 0 1 0 0 1 0 1 0 0 0 0 0 0 0 0 0 0
300	1	1 1 1 1 0 1 1 1 1 1 1 0 1 1 1 0 1 0 1 1 1 0 1 1 1 0 0 0 0 0 1 1 1 0 1 0 0 1 0 1 0 0 0 0 0 0 0 0 0 0
300	5	1 1 1 1 0 1 1 1 1 1 1 0 0 1 1 0 1 0 1 1 1 0 1 1 1 0 0 0 0 0 1 1 1 0 1 0 0 1 0 1 0 0 0 0 0 0 0 0 0 0
300	1	1 1 1 1 0 1 1 1 0 1 1 0 0 1 1 0 1 0 1 1 1 0 1 1 1 0 0 0 0 0 1 1 1 0 1 0 0 1 0 1 0 1 0 0 0 0 0 0 0 0
300	1	1 1 1 1 0 1 1 1 0 1 1 0 0 1 1 0 1 0 1 1 1 0 1 1 1 0 0 0 0 0 1 1 1 1 1 0 0 1 0 1 0 0 0 0 0 0 0 0 0 0
300	2	1 0 1 1 0 1 1 1 0 1 1 0 0 1 1 0 1 0 1 1 1 0 1 1 1 0 0 0 0 0 1 1 1 0 1 0 0 1 0 1 0 0 0 0 0 0 0 0 0 0
300	2	1 1 1 1 0 1 1 1 0 1 1 0 0 1 1 0 1 1 1 1 1 0 1 1 1 0 0 0 0 0 1 1 1 0 1 0 0 1 0 1 0 0 0 0 0 0 0 0 0 0
300	1	1 1 1 1 0 1 1 1 0 1 1 0 0 1 1 0 1 0 1 1 1 0 1 1 1 0 0 0 0 0 1 1 1 0 1 0 0 1 0 1 1 0 0 0 0 0 0 0 0 0
300	4	1 1 1 1 0 1 1 1 0 1 1 0 0 1 1 0 0 0 1 1 1 0 1 1 1 0 0 0 0 0 1 1 1 0 1 0 0 1 0 1 0 0 0 0 0 0 0 0 0 0
300	1	1 1 1 1 0 1 1 1 0 1 1 0 0 1 1 0 1 0 1 1 1 0 1 1 1 0 0 0 0 0 1 1 1 0 1 0 0 1 0 1 0 0 0 0 0 1 0 0 0 0
300	59	1 1 1 1 0 1 1 1 0 1 1 0 0 1 1 0 1 0 1 1 1 0 1 1 1 0 0 0 0 0 1 1 1 0 1 0 0 1 0 1 0 0 0 0 0 0 0 0 0 0
310	6	1 1 1 1 1 1 1 1 0 1 1 0 0 1 1 0 1 0 1 1 1 0 1 0 1 0 0 0 0 0 1 1 1 0 1 0 0 1 0 1 1 0 0 0 0 0 0 1 0 0
310	1	1 1 1 1 0 1 1 1 0 1 1 0 0 1 1 0 1 0 1 1 1 0 1 1 1 0 0 0 0 0 0 1 1 0 1 0 0 0 0 1 0 0 0 0 0 0 0 0 0 0
310	9	1 1 1 1 0 1 1 1 0 1 1 0 0 1 1 0 1 0 1 1 1 0 1 1 1 0 0 0 0 0 1 1 1 0 1 0 0 0 0 1 0 0 0 0 0 0 0 0 0 0
310	8	1 1 1 1 0 1 1 1 0 1 1 0 0 1 1 0 1 0 1 1 1 0 1 1 1 0 0 0 0 0 1 1 1 0 1 1 0 1 0 1 0 0 0 0 0 0 0 0 0 0
310	5	1 1 1 1 0 1 1 1 1 1 1 1 0 1 1 0 1 0 1 1 1 0 1 1 1 0 0 0 0 0 1 1 1 0 1 0 0 1 0 1 0 0 0 0 0 0 0 0 0 0
310	1	1 1 1 1 0 1 1 1 1 1 1 0 1 1 1 0 1 0 1 1 1 0 1 1 1 0 0 0 0 0 1 1 1 0 1 0 0 1 0 1 0 0 0 0 0 0 0 0 0 0
310	8	1 1 1 1 0 1 1 1 1 1 1 0 0 1 1 0 1 0 1 1 1 0 1 1 1 0 0 0 0 0 1 1 1 0 1 0 0 1 0 1 0 0 0 0 0 0 0 0 0 0
310	1	1 1 1 1 0 1 1 1 0 1 1 0 0 1 1 0 1 0 1 1 1 0 1 1 1 0 0 0 0 0 1 1 1 0 1 0 0 1 0 1 0 1 0 0 0 0 0 0 0 0
310	2	1 1 1 1 0 1 1 1 0 1 1 0 0 1 1 0 1 0 1 1 1 0 1 1 1 0 0 0 0 0 1 1 1 1 1 0 0 1 0 1 0 0 0 0 0 0 0 0 0 0
310	1	1 0 1 1 0 1 1 1 0 1 1 0 0 1 1 0 1 0 1 1 1 0 1 1 1 0 0 0 0 0 1 1 1 0 1 0 0 1 0 1 0 0 0 0 0 0 0 0 0 0
310	6	1 1 1 1 0 1 1 1 0 1 1 0 0 1 1 0 0 0 1 1 1 0 1 1 1 0 0 0 0 0 1 1 1 0 1 0 0 1 0 1 0 0 0 0 0 0 0 0 0 0
310	1	1 1 1 1 0 1 1 1 0 1 1 0 0 1 1 0 1 0 1 1 1 0 1 1 1 0 0 0 0 1 1 1 1 0 1 0 0 1 0 1 0 0 0 0 0 0 0 0 0 0
310	51	1 1 1 1 0 1 1 1 0 1 1 0 0 1 1 0 1 0 1 1 1 0 1 1 1 0 0 0 0 0 1 1 1 0 1 0 0 1 0 1 0 0 0 0 0 0 0 0 0 0
