10	1	0 1 1 0 0 0 0 1 0 0 0 0 0 0 1 1 1 1 1 0 1 1 1 0 1 0 0 0 0 0 0 0 1 0 1 0 1 1 1 1 0 0 0 0 1 0 1 1 0 1
10	1	0 1 1 0 0 0 0 1 0 0 0 0 0 0 1 1 1 1 1 0 1 1 1 0 0 0 0 0 0 0 0 0 1 0 1 0 1 1 1 1 0 0 0 0 0 0 1 1 0 1
10	16	0 1 1 0 0 0 0 1 0 0 0 0 0 0 1 1 1 1 1 0 1 1 1 0 0 0 0 0 0 0 0 0 1 0 1 0 1 1 1 1 0 0 0 0 1 0 1 1 0 1
10	3	0 1 1 1 0 0 0 0 1 1 1 1 0 0 0 1 1 0 0 0 1 1 0 0 0 1 1 0 1 0 1 1 0 0 1 0 1 1 1 1 1 1 0 0 0 0 0 0 1 0
10	1	0 1 1 0 0 0 0 0 1 1 1 1 0 0 0 1 1 0 1 0 1 1 0 0 0 1 1 0 1 0 1 1 0 0 1 0 1 1 1 1 1 1 0 0 0 0 0 0 1 0
10	1	0 1 1 0 0 0 0 0 1 1 1 1 0 0 0 1 1 0 0 0 1 1 0 0 0 1 1 0 1 0 1 1 0 0 1 0 1 1 1 1 1 1 0 1 0 0 0 0 1 0
10	27	0 1 1 0 0 0 0 0 1 1 1 1 0 0 0 1 1 0 0 0 1 1 0 0 0 1 1 0 1 0 1 1 0 0 1 0 1 1 1 1 1 1 0 0 0 0 0 0 1 0
10	1	0 1 1 1 0 1 0 1 0 0 1 1 0 1 0 0 1 0 1 0 0 1 0 0 1 1 0 0 0 0 0 1 1 0 0 0 0 1 0 1 1 0 1 0 0 0 0 1 0 0
10	12	0 1 1 1 0 1 0 1 0 0 1 1 0 1 0 0 1 0 1 0 0 0 0 0 1 1 0 0 0 0 0 1 1 0 0 0 0 1 0 1 1 0 1 0 0 0 0 1 0 0
10	21	0 1 0 0 0 0 0 1 1 0 0 1 0 1 1 0 1 0 1 1 1 0 1 1 0 0 0 1 1 0 0 0 1 0 1 0 1 0 1 1 1 1 0 1 0 1 1 1 0 0
10	16	1 1 1 1 1 0 1 1 1 0 0 1 0 1 0 1 1 1 0 0 0 0 0 0 0 0 1 0 0 0 1 0 1 0 0 0 0 1 1 1 1 1 1 1 1 1 0 1 0 1
20	24	0 1 1 0 0 0 0 1 0 0 0 0 0 0 1 1 1 1 1 0 1 1 1 0 0 0 0 0 0 0 0 0 1 0 1 0 1 1 1 1 0 0 0 0 1 0 1 1 0 1
20	10	0 1 1 1 0 0 0 0 1 1 1 1 0 0 0 1 1 0 0 0 1 1 0 0 0 1 1 0 1 0 1 1 0 0 1 0 1 1 1 1 1 1 0 0 0 0 0 0 1 0
20	2	0 1 1 0 0 0 0 0 1 1 1 1 0 0 0 1 1 0 1 0 1 1 0 0 0 1 1 0 1 0 1 1 0 0 1 0 1 1 1 1 1 1 0 0 0 0 0 0 1 0
20	1	0 1 1 0 0 0 0 0 1 1 1 1 0 0 0 1 1 0 0 0 1 1 0 0 0 1 1 0 1 0 1 1 0 0 1 0 1 1 1 0 1 1 0 0 0 0 0 0 1 0
20	9	0 1 1 0 0 0 0 0 1 1 1 1 0 0 0 1 1 0 0 0 1 1 0 0 0 1 1 0 1 0 1 1 0 0 1 0 1 1 1 1 1 1 0 0 0 0 0 0 1 0
20	1	0 1 1 1 0 1 0 1 0 0 1 1 0 1 0 0 1 0 1 0 0 1 0 0 1 1 0 0 0 0 0 1 1 0 0 0 0 1 0 1 1 0 1 0 0 0 0 1 0 0
20	5	0 1 1 1 0 1 0 1 0 0 1 1 0 1 0 0 1 0 1 0 0 0 0 0 1 1 0 0 0 0 1 1 1 0 0 0 0 1 0 1 1 0 1 0 0 0 0 1 0 0
20	16	0 1 1 1 0 1 0 1 0 0 1 1 0 1 0 0 1 0 1 0 0 0 0 0 1 1 0 0 0 0 0 1 1 0 0 0 0 1 0 1 1 0 1 0 0 0 0 1 0 0
20	29	0 1 0 0 0 0 0 1 1 0 0 1 0 1 1 0 1 0 1 1 1 0 1 1 0 0 0 1 1 0 0 0 1 0 1 0 1 0 1 1 1 1 0 1 0 1 1 1 0 0
20	3	1 1 1 1 1 0 1 1 1 0 0 1 0 1 0 1 1 1 0 0 0 0 0 0 0 0 1 0 0 0 1 0 1 0 0 0 0 1 1 1 1 1 1 1 1 1 0 1 0 1
30	2	0 1 1 0 0 0 1 1 0 1 0 0 0 0 1 1 1 1 1 0 1 1 1 0 0 0 0 0 0 0 0 0 1 0 1 0 1 1 1 1 0 0 0 0 1 0 1 1 0 1
30	2	0 1 1 0 0 0 1 1 0 0 0 0 0 0 1 1 1 1 1 0 1 1 1 0 0 0 0 0 0 0 0 0 1 0 1 0 1 1 1 1 0 0 0 0 1 0 1 1 0 1
30	7	0 1 1 0 0 0 0 1 0 0 0 0 0 0 1 1 1 1 1 0 1 1 1 0 0 0 0 0 0 0 0 0 1 0 1 0 1 1 1 1 0 0 0 0 1 0 1 1 0 1
30	31	0 1 1 1 0 0 0 0 1 1 1 1 0 0 0 1 1 0 0 0 1 1 0 0 0 1 1 0 1 0 1 1 0 0 1 0 1 1 1 1 1 1 0 0 0 0 0 0 1 0
30	6	0 1 1 0 0 0 0 0 1 1 1 1 0 0 0 1 1 0 1 0 1 1 0 0 0 1 1 0 1 0 1 1 0 0 1 0 1 1 1 1 1 1 0 0 0 0 0 0 1 0
30	1	0 1 0 0 0 0 0 0 1 1 1 1 0 0 0 1 1 0 0 0 1 1 0 0 0 1 1 0 1 0 1 1 0 0 1 0 1 1 1 0 1 1 0 0 0 0 0 0 1 0
30	3	0 1 1 0 0 0 0 0 1 1 1 1 0 0 0 1 1 0 0 0 1 1 0 0 0 1 1 0 1 0 1 1 0 0 1 0 1 1 1 1 1 1 0 0 0 0 0 0 1 0
30	13	0 1 1 1 0 1 0 1 0 0 1 1 0 1 0 0 1 0 1 0 0 1 0 0 1 1 0 0 0 0 0 1 1 0 0 0 0 1 0 1 1 0 1 0 0 0 0 1 0 0
30	14	0 1 1 1 0 1 0 1 0 0 1 1 0 1 0 0 1 0 1 0 0 0 0 0 1 1 0 0 0 0 0 1 1 0 0 0 0 1 0 1 1 0 1 0 0 0 0 0 0 0
30	5	0 1 1 1 0 1 0 1 0 0 1 1 0 1 0 0 1 0 1 0 0 0 0 0 1 1 0 0 0 0 1 1 1 0 0 0 0 1 0 1 1 0 1 0 0 0 0 1 0 0
30	4	0 1 1 1 0 1 0 1 0 0 1 1 0 1 0 0 1 0 1 0 0 0 0 0 1 1 0 0 0 0 0 1 1 0 0 0 0 1 0 1 1 0 1 0 0 0 0 1 0 0
30	9	0 1 0 0 0 0 0 1 1 0 0 1 0 1 1 0 1 0 1 1 1 0 1 1 0 0 0 1 1 0 0 0 1 0 1 0 1 0 1 1 1 1 0 1 0 1 1 1 0 0
30	1	1 1 1 1 1 0 1 1 1 0 0 1 0 1 0 1 1 1 0 0 0 1 0 0 0 0 1 0 0 0 1 0 1 0 0 0 0 1 1 1 1 1 1 1 1 1 0 1 0 1
30	2	1 1 1 1 1 0 1 1 1 0 0 1 0 1 0 1 1 1 0 0 0 0 0 0 0 0 1 0 0 0 1 0 1 0 0 0 0 1 1 1 1 1 1 1 1 1 0 1 0 1
40	1	0 1 1 0 0 0 0 1 0 0 0 0 0 0 1 1 1 1 1 0 1 1 1 0 0 0 0 0 0 0 0 0 1 0 1 0 1 1 1 1 0 0 0 0 1 0 1 1 0 1
40	1	0 1 1 1 0 0 0 0 1 1 1 1 0 0 0 1 1 0 0 0 1 1 0 0 0 1 1 0 1 0 1 1 0 0 1 0 1 1 1 1 1 1 0 0 1 0 0 0 1 0
40	39	0 1 1 1 0 0 0 0 1 1 1 1 0 0 0 1 1 0 0 0 1 1 0 0 0 1 1 0 1 0 1 1 0 0 1 0 1 1 1 1 1 1 0 0 0 0 0 0 1 0
40	2	0 1 1 0 0 0 0 0 1 1 1 1 0 0 0 1 1 0 1 0 1 1 0 0 0 1 1 0 1 0 1 1 0 0 1 0 1 1 1 1 1 1 0 0 0 0 0 0 1 0
40	1	0 1 1 1 0 1 0 1 0 0 1 1 0 1 0 0 1 0 1 0 0 0 0 0 1 1 0 0 0 0 0 1 1 0 0 0 0 1 0 1 1 0 1 0 0 0 0 1 0 0
40	13	0 1 1 1 0 1 0 1 0 0 1 1 0 1 0 0 1 0 1 0 0 1 0 0 1 1 0 0 0 0 0 1 1 0 0 0 0 1 0 1 1 0 1 0 0 0 0 1 0 0
40	1	0 1 1 1 0 1 0 1 0 0 1 1 0 1 0 1 1 0 1 0 0 0 0 0 1 1 0 0 0 0 0 1 1 0 0 0 0 1 0 1 1 0 1 0 0 0 0 0 0 0
40	35	0 1 1 1 0 1 0 1 0 0 1 1 0 1 0 0 1 0 1 0 0 0 0 0 1 1 0 0 0 0 0 1 1 0 0 0 0 1 0 1 1 0 1 0 0 0 0 0 0 0
40	2	0 1 1 1 0 1 0 1 0 0 1 1 0 1 0 0 1 0 1 0 0 0 0 0 1 1 0 0 0 0 1 1 1 0 0 0 0 1 0 1 1 0 1 0 0 0 0 1 0 0
40	5	0 1 0 0 0 0 0 1 1 0 0 1 0 1 1 0 1 0 1 1 1 0 1 1 0 0 0 1 1 0 0 0 1 0 1 0 1 0 1 1 1 1 0 1 0 1 1 1 0 0
50	25	0 1 1 1 0 0 0 0 1 1 1 1 0 0 0 1 1 0 0 0 1 1 0 0 0 1 1 0 1 0 1 1 0 0 1 0 1 1 1 1 1 1 0 0 0 0 0 0 1 0
50	12	0 1 1 1 0 1 0 1 0 0 1 1 0 1 0 0 1 0 1 0 0 1 0 0 1 1 0 0 0 0 0 1 1 0 0 0 0 1 0 1 1 0 1 0 0 0 0 1 0 0
50	1	0 1 1 1 1 1 0 1 0 0 1 1 0 1 0 0 1 0 1 0 0 0 0 0 1 1 0 0 0 0 0 1 1 0 0 0 0 1 0 1 1 0 1 0 0 0 0 0 0 0
50	1	0 1 1 0 0 1 0 1 0 0 1 1 0 1 0 0 1 0 1 0 0 0 0 0 1 1 0 0 0 0 0 1 1 0 0 0 0 1 0 1 1 0 1 0 0 0 0 0 0 0
50	1	0 1 1 1 0 1 0 1 0 0 1 1 0 1 0 0 1 0 1 0 0 0 0 0 1 1 0 0 0 0 0 1 1 0 0 0 0 1 0 0 1 0 1 0 0 0 0 0 0 0
50	1	0 1 1 1 0 1 0 1 0 0 1 1 0 1 0 0 0 0 1 0 0 0 0 0 1 1 0 0 0 0 0 1 1 0 0 0 0 1 0 1 1 0 1 0 0 0 0 0 0 0
50	54	0 1 1 1 0 1 0 1 0 0 1 1 0 1 0 0 1 0 1 0 0 0 0 0 1 1 0 0 0 0 0 1 1 0 0 0 0 1 0 1 1 0 1 0 0 0 0 0 0 0
50	5	0 1 1 1 0 1 0 1 0 0 1 1 0 1 0 0 1 0 1 0 0 0 0 0 1 1 0 0 0 0 1 1 1 0 0 0 0 1 0 1 1 0 1 0 0 0 0 1 0 0
60	8	0 1 1 1 0 0 0 0 1 1 1 1 0 0 0 1 1 0 0 0 1 1 0 0 0 1 1 0 1 0 1 1 0 0 1 0 1 1 1 1 1 1 0 0 0 0 0 0 1 0
60	11	0 1 1 1 0 1 0 1 0 0 1 1 0 1 0 0 1 0 1 0 0 1 0 0 1 1 0 0 0 0 0 1 1 0 0 0 0 1 0 1 1 0 1 0 0 0 0 1 0 0
60	3	0 1 1 1 0 1 0 1 0 0 1 1 0 1 0 0 1 0 1 0 0 0 0 0 1 0 0 0 0 0 0 1 1 0 0 0 0 1 0 1 1 0 1 0 0 0 0 0 0 0
60	1	0 1 1 1 0 1 0 1 0 0 1 1 0 1 0 0 1 0 1 0 0 0 0 0 1 1 1 0 0 0 0 1 1 0 0 0 0 1 0 1 1 0 1 0 0 0 0 0 0 0
60	1	0 1 1 1 0 1 0 1 0 0 1 1 0 1 1 0 1 0 1 0 0 0 0 0 1 1 0 0 0 0 0 1 1 0 0 0 0 1 0 1 1 0 1 0 0 0 0 0 0 0
60	68	0 1 1 1 0 1 0 1 0 0 1 1 0 1 0 0 1 0 1 0 0 0 0 0 1 1 0 0 0 0 0 1 1 0 0 0 0 1 0 1 1 0 1 0 0 0 0 0 0 0
60	8	0 1 1 1 0 1 0 1 0 0 1 1 0 1 0 0 1 0 1 0 0 0 0 0 1 1 0 0 0 0 1 1 1 0 0 0 0 1 0 1 1 0 1 0 0 0 0 1 0 0
70	1	0 1 1 1 0 0 0 0 1 1 1 1 0 0 0 1 1 0 0 0 1 1 0 0 0 1 1 0 0 0 1 1 0 0 1 0 1 1 1 1 1 1 0 0 0 0 0 0 1 0
70	8	0 1 1 1 0 0 0 0 1 1 1 1 0 0 0 1 1 0 0 0 1 1 0 0 0 1 1 0 1 0 1 1 0 0 1 0 1 1 1 1 1 1 0 0 0 0 0 0 1 0
70	5	0 1 1 1 0 1 0 1 0 0 1 1 0 1 0 0 1 0 1 0 0 1 0 0 1 1 0 0 0 0 0 1 1 0 0 0 0 1 0 1 1 0 1 0 0 0 0 1 0 0
70	2	1 1 1 1 0 1 0 1 0 0 1 1 0 1 0 0 1 0 1 0 0 0 0 0 1 1 0 0 0 0 0 1 1 0 0 0 0 1 0 1 1 0 1 0 0 0 0 0 0 0
70	4	0 1 1 1 0 1 0 1 0 0 1 1 0 1 0 0 1 0 1 0 0 0 0 0 1 0 0 0 0 0 0 1 1 0 0 0 0 1 0 1 1 0 1 0 0 0 0 0 0 0
70	73	0 1 1 1 0 1 0 1 0 0 1 1 0 1 0 0 1 0 1 0 0 0 0 0 1 1 0 0 0 0 0 1 1 0 0 0 0 1 0 1 1 0 1 0 0 0 0 0 0 0
70	1	0 1 1 1 0 1 0 1 0 0 1 1 0 1 0 0 1 0 1 0 1 0 0 0 1 1 0 0 0 0 0 1 1 0 0 0 0 1 0 1 1 0 1 0 0 0 0 0 0 0
70	2	0 1 1 1 0 1 0 1 0 0 1 1 0 1 1 0 1 0 1 0 0 0 0 0 1 1 0 0 0 0 0 1 1 0 0 0 0 1 0 1 1 0 1 0 0 0 0 0 0 0
70	2	0 1 1 1 0 1 0 1 0 0 1 1 0 0 0 0 1 0 1 0 0 0 0 0 1 1 0 0 0 0 0 1 1 0 0 0 0 1 0 1 1 0 1 0 0 0 0 0 0 0
70	2	0 1 1 1 0 1 0 1 0 0 1 1 0 1 0 0 1 0 1 0 0 0 0 0 1 1 0 0 0 0 0 1 1 0 0 0 0 1 1 1 1 0 1 0 0 0 0 0 0 0
80	3	0 1 1 1 0 0 0 0 1 1 1 1 0 0 0 1 1 0 0 0 1 1 0 0 0 1 1 0 1 0 1 1 0 0 1 0 1 1 1 1 1 1 0 0 0 0 0 0 1 0
80	4	1 1 1 1 0 1 0 1 0 0 1 1 0 1 0 0 1 0 1 0 0 0 0 0 1 1 0 0 0 0 0 1 1 0 0 0 0 1 0 1 1 0 1 0 0 0 0 0 0 0
80	5	0 1 1 1 0 1 0 1 0 0 1 1 0 1 0 0 1 0 1 0 0 0 0 0 1 0 0 0 0 0 0 1 1 0 0 0 0 1 0 1 1 0 1 0 0 0 0 0 0 0
80	1	0 1 1 1 0 1 0 1 0 0 1 1 0 1 0 0 1 0 1 0 0 0 0 0 1 1 0 0 1 0 0 1 1 0 0 0 0 1 0 1 1 0 1 0 0 0 0 0 0 0
80	1	0 1 1 1 0 1 0 1 0 0 1 0 0 1 0 0 1 0 1 0 0 0 0 0 1 1 0 0 0 0 0 1 1 0 0 0 0 1 0 1 1 0 1 0 0 0 0 0 0 0
80	2	0 1 1 1 0 1 0 1 0 0 1 1 0 1 0 0 1 0 1 0 0 0 0 0 1 1 0 0 0 0 0 1 1 0 0 1 0 1 0 1 1 0 1 0 0 0 0 0 0 0
80	4	0 1 1 1 0 1 0 1 1 0 1 1 0 1 0 0 1 0 1 0 0 0 0 0 1 1 0 0 0 0 0 1 1 0 0 0 0 1 0 1 1 0 1 0 0 0 0 0 0 0
80	2	0 1 1 1 0 1 0 1 0 0 1 1 0 1 0 0 1 0 1 0 0 0 0 0 1 1 0 0 0 0 0 1 1 0 0 0 0 0 0 1 1 0 1 0 0 0 0 0 0 0
80	1	0 1 1 1 0 1 0 1 0 0 1 1 0 1 0 0 1 0 1 0 1 0 0 0 1 1 0 0 0 0 0 1 1 0 0 0 0 1 0 1 1 0 1 0 0 0 0 0 0 0
80	1	0 1 1 1 0 1 0 1 0 0 1 1 0 1 0 0 1 0 1 0 0 0 0 0 1 1 0 0 0 0 0 1 0 0 0 0 0 1 0 1 1 0 1 0 0 0 0 0 0 0
80	72	0 1 1 1 0 1 0 1 0 0 1 1 0 1 0 0 1 0 1 0 0 0 0 0 1 1 0 0 0 0 0 1 1 0 0 0 0 1 0 1 1 0 1 0 0 0 0 0 0 0
80	1	0 1 1 1 0 1 0 1 0 0 1 1 0 1 1 0 1 0 1 0 0 0 0 0 1 1 0 0 0 0 0 1 1 0 0 0 0 1 0 1 1 0 1 0 0 0 0 0 0 0
80	2	0 1 1 1 0 1 0 1 0 0 1 1 0 0 0 0 1 0 1 0 0 0 0 0 1 1 0 0 0 0 0 1 1 0 0 0 0 1 0 1 1 0 1 0 0 0 0 0 0 0
80	1	0 1 1 1 0 1 0 1 0 0 1 1 0 1 0 0 1 0 1 0 0 0 0 0 1 1 0 0 0 0 0 1 1 0 0 0 0 1 0 1 1 1 1 0 0 0 0 0 0 0
90	3	0 1 1 1 0 0 0 0 1 1 1 1 0 0 0 1 1 0 0 0 1 1 0 0 0 1 1 0 1 0 1 1 0 0 1 0 1 1 1 1 1 1 0 0 0 0 0 0 0 0
90	6	1 1 1 1 0 1 0 1 0 0 1 1 0 1 0 0 1 0 1 0 0 0 0 0 1 1 0 0 0 0 0 1 1 0 0 0 0 1 0 1 1 0 1 0 0 0 0 0 0 0
90	2	0 1 1 1 0 1 0 1 0 0 1 1 0 1 0 0 1 0 1 0 0 0 0 0 1 0 0 0 0 0 0 1 1 0 0 0 0 1 0 1 1 0 1 0 0 0 0 0 0 0
90	1	0 1 1 1 0 1 0 1 0 0 1 1 0 1 0 0 1 0 1 0 0 0 0 0 1 1 0 0 0 0 0 1 1 0 0 1 0 1 0 1 1 0 1 0 0 0 0 0 0 0
90	2	0 1 1 1 0 1 0 1 1 0 1 1 0 1 0 0 1 0 1 0 0 0 0 0 1 1 0 0 0 0 0 1 1 0 0 0 0 1 0 1 1 0 1 0 0 0 0 0 0 0
90	1	0 1 1 1 0 1 0 1 0 1 1 1 1 1 0 0 1 0 1 0 0 0 0 0 1 1 0 0 0 0 0 1 1 0 0 0 0 1 0 1 1 0 1 0 0 0 0 0 0 0
90	1	0 1 1 1 0 1 0 1 0 0 1 1 0 1 0 0 1 0 0 0 0 0 0 0 1 1 0 0 0 0 0 1 1 0 0 0 0 1 0 1 1 0 1 0 0 0 0 0 0 0
90	1	0 1 1 1 0 1 0 1 0 0 1 1 0 1 0 0 1 0 1 0 0 0 0 0 1 1 0 0 0 1 0 1 1 0 0 0 0 0 0 1 1 0 1 0 0 0 0 0 0 0
90	1	0 1 1 1 0 1 0 1 0 0 1 1 0 1 0 0 1 0 1 0 0 0 0 0 1 1 0 0 0 0 0 1 1 0 0 0 0 0 0 1 1 0 1 0 0 0 0 0 0 0
90	1	0 1 1 1 0 1 0 1 0 0 1 1 0 1 0 0 1 0 1 0 1 0 0 0 1 1 0 0 0 0 0 1 1 0 0 0 0 1 0 1 1 0 0 0 0 0 0 0 0 0
90	2	0 1 1 1 0 1 0 1 0 0 1 1 0 1 0 0 1 0 1 0 1 0 0 0 1 1 0 0 0 0 0 1 1 0 0 0 0 1 0 1 1 0 1 0 0 0 0 0 0 0
90	2	0 1 1 1 0 1 0 1 0 0 1 1 0 1 0 0 1 0 1 0 0 0 0 0 1 1 0 0 0 0 0 0 1 0 0 0 0 1 0 1 1 0 1 0 0 0 0 0 0 0
90	1	0 1 1 1 0 1 0 1 0 0 1 1 0 1 0 0 1 0 1 0 0 0 0 0 1 1 0 0 0 0 0 1 1 0 0 0 1 1 0 1 1 0 1 0 0 0 0 0 0 0
90	1	0 1 1 1 0 1 0 1 0 0 1 1 0 1 0 0 1 0 1 0 0 0 0 0 1 1 0 0 0 0 0 1 1 0 0 0 0 1 0 1 1 0 0 0 0 0 0 0 0 0
90	1	0 1 1 1 0 1 0 1 0 0 1 1 0 1 0 0 1 0 1 0 0 0 1 0 1 1 0 0 0 0 0 1 1 0 0 0 0 1 0 1 1 0 1 0 0 0 0 0 0 0
90	1	0 1 1 1 0 1 0 1 0 0 1 1 0 1 0 0 1 0 1 0 0 0 0 0 1 1 0 1 0 0 0 1 1 0 0 0 0 1 0 1 1 0 1 0 0 0 0 0 0 0
90	72	0 1 1 1 0 1 0 1 0 0 1 1 0 1 0 0 1 0 1 0 0 0 0 0 1 1 0 0 0 0 0 1 1 0 0 0 0 1 0 1 1 0 1 0 0 0 0 0 0 0
90	1	0 1 1 1 0 1 0 1 0 0 1 1 0 0 0 0 1 0 1 0 0 0 0 0 1 1 0 0 0 0 0 1 1 0 0 0 0 1 0 1 1 0 1 0 0 0 0 0 0 0
100	3	0 1 1 1 0 0 0 0 1 1 1 1 0 0 0 1 1 0 0 0 1 1 0 0 0 1 1 0 1 0 1 1 0 0 1 0 1 1 1 1 1 1 0 0 0 0 0 0 0 0
100	1	1 1 1 1 0 1 0 1 0 0 1 1 0 1 0 0 1 0 1 0 0 0 0 0 1 1 0 0 0 0 0 1 1 0 0 0 1 1 0 1 1 0 1 0 0 0 0 0 0 0
100	51	0 1 1 1 0 1 0 1 0 0 1 1 0 1 0 0 1 0 1 0 0 0 0 0 1 1 0 0 0 0 0 1 1 0 0 0 0 1 0 1 1 0 1 0 0 0 0 0 0 0
100	26	1 1 1 1 0 1 0 1 0 0 1 1 0 1 0 0 1 0 1 0 0 0 0 0 1 1 0 0 0 0 0 1 1 0 0 0 0 1 0 1 1 0 1 0 0 0 0 0 0 0
100	2	0 1 1 1 0 1 0 1 0 0 1 0 0 1 0 0 1 0 1 0 0 0 0 0 1 1 0 0 0 0 0 1 1 0 0 0 0 1 0 1 1 0 1 0 0 0 0 0 0 0
100	1	0 1 1 1 0 1 0 1 0 0 1 1 0 1 0 0 1 0 1 0 0 0 0 0 1 1 0 0 0 0 0 1 1 0 0 1 0 1 0 1 1 0 1 0 0 0 0 0 0 0
100	3	0 1 1 1 0 1 0 1 1 0 1 1 0 1 0 0 1 0 1 0 0 0 0 0 1 1 0 0 0 0 0 1 1 0 0 0 0 1 0 1 1 0 1 0 0 0 0 0 0 0
100	9	0 1 1 1 0 1 0 1 0 0 1 1 0 1 0 0 1 0 1 0 0 0 0 0 1 1 0 0 0 0 0 1 1 0 0 0 0 0 0 1 1 0 1 0 0 0 0 0 0 0
100	1	0 1 1 1 0 1 0 1 0 0 1 1 0 1 0 0 1 0 1 0 1 0 0 0 1 1 0 0 0 0 0 1 1 0 0 0 0 1 0 1 1 0 1 0 0 0 0 0 0 0
100	2	0 1 1 1 0 1 0 1 0 0 1 1 0 1 0 0 1 0 1 0 0 0 0 0 1 1 0 0 0 0 0 0 1 0 0 0 0 1 0 1 1 0 1 0 0 0 0 0 0 0
100	1	0 1 1 1 0 1 0 1 0 0 1 1 0 1 0 0 1 0 1 0 0 0 0 0 1 1 0 0 0 0 0 1 1 0 0 0 0 1 0 1 0 0 1 0 0 0 0 0 0 0
110	2	0 1 1 1 0 0 0 0 1 1 1 1 0 0 0 1 1 0 0 0 1 1 0 0 0 1 1 0 1 0 1 1 0 0 1 0 1 1 1 1 1 1 0 0 0 0 0 0 0 0
110	1	1 1 1 1 0 1 0 1 0 0 1 1 0 1 0 0 1 0 1 0 0 0 0 0 1 1 0 0 0 0 0 1 1 0 0 0 1 1 0 1 1 0 1 0 0 0 0 0 0 0
110	1	0 1 1 1 0 1 0 0 0 0 1 1 0 1 0 0 0 0 1 0 0 0 0 0 1 1 0 0 0 0 0 1 1 0 0 0 0 1 0 1 1 0 1 0 0 0 0 0 0 0
110	3	0 1 1 1 0 1 0 1 0 0 1 1 0 1 0 0 1 0 0 0 0 0 0 0 1 1 0 0 0 0 0 1 1 0 0 0 0 1 0 1 1 0 1 0 0 0 0 0 0 0
110	1	0 1 1 1 0 1 0 1 0 0 1 1 0 1 0 0 1 0 1 1 0 0 0 0 1 1 0 0 0 0 0 1 1 0 0 0 0 1 0 1 1 0 1 0 0 0 0 0 0 0
110	35	0 1 1 1 0 1 0 1 0 0 1 1 0 1 0 0 1 0 1 0 0 0 0 0 1 1 0 0 0 0 0 1 1 0 0 0 0 1 0 1 1 0 1 0 0 0 0 0 0 0
110	1	1 1 1 1 0 1 0 1 1 0 1 1 0 1 0 0 1 0 1 0 0 0 0 0 1 1 0 0 0 0 0 1 1 0 0 0 0 1 0 1 1 0 1 0 0 0 0 0 0 0
110	1	1 1 1 1 0 1 0 1 0 0 1 1 0 1 0 0 1 0 1 0 0 0 0 0 1 0 0 0 0 0 0 1 1 0 0 0 0 1 0 1 1 0 1 0 0 0 0 0 0 0
110	35	1 1 1 1 0 1 0 1 0 0 1 1 0 1 0 0 1 0 1 0 0 0 0 0 1 1 0 0 0 0 0 1 1 0 0 0 0 1 0 1 1 0 1 0 0 0 0 0 0 0
110	1	0 1 1 1 0 1 0 1 0 0 1 0 0 1 0 0 1 0 1 0 0 0 0 0 1 1 0 0 0 0 0 1 1 0 0 0 0 1 0 1 1 0 1 0 0 0 0 0 0 0
110	4	0 1 1 1 0 1 0 1 0 0 1 1 0 1 0 0 1 0 1 0 0 0 0 0 1 1 0 0 0 0 0 1 1 0 0 0 0 1 0 1 1 1 1 0 0 0 0 0 0 0
110	1	0 1 1 1 0 1 0 1 1 0 1 1 0 1 0 0 1 1 1 0 0 0 0 0 1 1 0 0 0 0 0 1 1 0 0 0 0 1 0 1 1 0 1 0 0 0 0 0 0 0
110	1	0 1 1 1 0 1 0 1 1 0 1 1 0 1 0 0 1 0 1 0 0 0 0 0 1 1 0 0 0 1 0 1 1 0 0 0 0 1 0 1 1 0 1 0 0 0 0 0 0 0
110	5	0 1 1 1 0 1 0 1 1 0 1 1 0 1 0 0 1 0 1 0 0 0 0 0 1 1 0 0 0 0 0 1 1 0 0 0 0 1 0 1 1 0 1 0 0 0 0 0 0 0
110	1	0 1 1 1 0 1 0 1 0 1 1 1 0 1 0 0 1 0 1 0 0 0 0 0 1 1 0 0 0 0 0 1 1 0 0 0 0 1 0 1 1 0 1 0 0 0 0 0 0 0
110	5	0 1 1 1 0 1 0 1 0 0 1 1 0 1 0 0 1 0 1 0 0 0 0 0 1 1 0 0 0 0 0 1 1 0 0 0 0 0 0 1 1 0 1 0 0 0 0 0 0 0
110	1	0 1 1 1 0 1 0 1 0 0 1 1 0 1 0 0 1 0 1 0 1 0 0 0 1 1 0 0 0 0 0 1 1 0 0 0 0 1 0 1 1 0 1 0 0 0 0 0 0 0
110	1	0 1 1 1 0 1 0 1 0 0 1 1 0 1 0 0 1 0 1 0 0 0 0 0 1 1 0 0 0 0 0 0 1 0 0 0 0 1 0 1 1 0 1 0 0 0 0 0 0 0
120	1	0 1 1 1 0 0 0 0 1 1 1 1 0 0 0 1 1 0 0 0 1 1 0 0 0 1 1 0 1 0 1 1 0 0 1 0 1 1 1 1 1 1 0 0 0 0 0 0 0 0
120	1	1 1 1 1 0 1 0 1 0 0 1 1 0 1 0 0 1 0 1 0 0 0 0 0 1 1 0 0 0 0 0 1 1 0 0 0 1 0 0 1 1 0 1 0 0 0 0 0 0 0
120	1	0 1 1 1 0 1 0 1 1 0 1 1 0 1 0 0 1 0 1 0 0 0 0 0 1 1 0 0 0 0 0 1 1 0 0 0 0 1 0 1 1 0 1 1 0 0 0 0 0 0
120	2	0 1 1 1 0 1 0 1 0 0 1 1 0 1 0 0 1 0 1 0 0 0 0 0 1 1 0 0 0 0 0 1 1 0 0 0 0 0 0 1 1 0 1 0 0 0 0 0 0 0
120	2	0 1 1 1 0 1 0 1 0 0 1 1 0 1 0 0 1 0 1 0 1 0 0 0 1 1 0 0 0 0 0 1 1 0 0 0 0 1 0 1 1 0 1 0 0 0 0 0 0 0
120	18	0 1 1 1 0 1 0 1 0 0 1 1 0 1 0 0 1 0 1 0 0 0 0 0 1 1 0 0 0 0 0 1 1 0 0 0 0 1 0 1 1 0 1 0 0 0 0 0 0 0
120	2	1 1 1 1 0 1 0 1 0 0 1 1 0 1 0 0 1 0 1 0 0 0 0 0 1 1 0 0 0 0 0 1 0 0 0 0 0 1 0 1 1 0 1 0 0 0 0 0 0 0
120	1	1 1 1 1 0 1 0 1 0 0 1 1 0 1 0 0 1 0 1 0 0 0 0 0 1 1 0 0 0 0 0 1 1 0 0 0 0 1 0 1 1 0 1 0 0 0 1 0 0 0
120	2	1 1 1 1 0 1 0 1 0 0 1 1 0 1 0 0 1 0 1 0 0 0 1 0 1 1 0 0 0 0 0 1 1 0 0 0 0 1 0 1 1 0 1 0 0 0 0 0 0 0
120	1	1 1 1 1 0 1 0 1 0 0 1 1 0 1 0 0 1 0 1 0 0 0 0 0 1 1 0 0 0 0 0 1 1 0 1 0 0 1 0 1 1 0 1 0 0 0 0 0 0 0
120	62	1 1 1 1 0 1 0 1 0 0 1 1 0 1 0 0 1 0 1 0 0 0 0 0 1 1 0 0 0 0 0 1 1 0 0 0 0 1 0 1 1 0 1 0 0 0 0 0 0 0
120	1	0 1 1 1 0 1 0 1 0 0 1 0 0 1 0 0 1 0 1 0 0 0 0 0 1 1 0 0 0 0 0 1 1 0 0 0 0 1 0 1 1 0 1 0 0 0 0 0 0 0
120	1	0 1 1 1 0 1 0 1 0 0 1 1 0 1 0 0 1 0 1 0 0 0 0 0 1 1 0 0 0 0 0 1 1 0 0 0 0 1 0 1 1 1 1 0 0 0 0 0 0 0
120	4	0 1 1 1 0 1 0 1 1 0 1 1 0 1 0 0 1 0 1 0 0 0 0 0 1 1 0 0 0 0 0 1 1 0 0 0 0 1 0 1 1 0 1 0 0 0 0 0 0 0
120	1	0 1 1 1 0 1 0 1 0 1 1 1 0 1 0 0 1 0 1 0 0 0 0 0 1 1 0 0 0 0 0 1 1 0 0 0 0 1 0 1 1 0 1 0 0 0 0 0 1 0
130	5	0 1 1 1 0 0 0 0 1 1 1 1 0 0 0 1 1 0 0 0 1 1 0 0 0 1 1 0 1 0 1 1 0 0 1 0 1 1 1 1 1 1 0 0 0 0 0 0 0 0
130	2	1 1 1 1 0 1 0 1 0 0 1 1 0 1 0 0 1 0 1 0 0 0 0 0 1 1 0 0 0 0 0 1 1 0 0 0 1 1 0 1 1 0 1 0 0 0 0 0 0 0
130	1	0 1 1 1 0 1 0 1 0 0 1 1 0 1 0 0 1 0 1 0 0 0 0 0 1 1 0 0 1 0 0 1 1 0 0 0 0 1 0 1 0 0 1 0 0 0 0 0 0 0
130	1	0 1 1 1 0 1 0 1 0 0 1 1 0 1 0 0 1 0 1 0 0 0 0 0 1 1 0 0 0 0 0 1 1 0 0 0 0 0 0 1 1 0 1 0 0 0 0 0 0 0
130	1	0 1 1 1 0 1 0 1 0 0 1 1 0 1 0 0 1 0 1 0 1 0 0 0 1 1 0 0 0 0 0 1 1 0 0 0 0 1 0 1 1 0 1 0 0 0 0 0 0 0
130	1	0 1 1 1 0 1 0 1 0 0 1 1 0 1 0 0 1 0 1 0 0 0 0 0 1 1 0 0 1 0 0 1 1 0 0 0 0 1 0 1 1 0 1 0 0 0 0 0 0 0
130	12	0 1 1 1 0 1 0 1 0 0 1 1 0 1 0 0 1 0 1 0 0 0 0 0 1 1 0 0 0 0 0 1 1 0 0 0 0 1 0 1 1 0 1 0 0 0 0 0 0 0
130	4	1 1 1 1 0 1 0 1 0 0 1 1 0 1 0 0 1 0 1 0 0 0 1 0 1 1 0 0 0 0 0 1 1 0 0 0 0 1 0 1 1 0 1 0 0 0 0 0 0 0
130	5	1 1 1 1 0 1 0 1 1 0 1 1 0 1 0 0 1 0 1 0 0 0 0 0 1 1 0 0 0 0 0 1 1 0 0 0 0 1 0 1 1 0 1 0 0 0 0 0 0 0
130	2	1 1 0 1 0 1 0 1 0 0 1 1 0 1 0 0 1 0 1 0 0 0 0 0 1 1 0 0 0 0 0 1 1 0 0 0 0 1 0 1 1 0 1 0 0 0 0 0 0 0
130	1	1 1 1 1 0 1 0 1 0 0 1 1 0 1 0 0 1 0 1 0 0 0 0 0 1 1 0 0 0 0 0 1 1 0 0 0 0 0 0 1 1 0 1 0 0 0 0 0 0 0
130	57	1 1 1 1 0 1 0 1 0 0 1 1 0 1 0 0 1 0 1 0 0 0 0 0 1 1 0 0 0 0 0 1 1 0 0 0 0 1 0 1 1 0 1 0 0 0 0 0 0 0
130	5	0 1 1 1 0 1 0 1 0 0 1 0 0 1 0 0 1 0 1 0 0 0 0 0 1 1 0 0 0 0 0 1 1 0 0 0 0 1 0 1 1 0 1 0 0 0 0 0 0 0
130	1	0 1 1 1 0 1 0 1 1 0 1 1 0 1 0 0 1 0 1 0 0 0 0 0 1 1 0 0 0 0 0 1 1 0 0 0 0 1 0 1 1 0 1 0 0 0 1 0 0 0
130	2	0 1 1 1 0 1 0 1 1 0 1 1 0 1 0 0 1 0 1 0 0 0 0 0 1 1 0 0 0 0 0 1 1 0 0 0 0 1 0 1 1 0 1 0 0 0 0 0 0 0
140	2	0 1 1 1 0 0 0 0 1 1 1 1 0 0 0 1 1 0 0 0 1 1 0 0 0 1 1 0 1 0 1 1 0 0 1 0 1 1 1 1 1 1 0 0 0 0 0 0 0 0
140	2	1 1 1 1 0 1 0 1 0 0 1 1 0 1 0 0 1 0 1 0 0 0 0 0 1 1 0 0 0 0 0 1 1 0 0 0 1 1 0 1 1 0 1 0 0 0 0 0 0 0
140	1	0 1 1 1 0 1 0 1 0 0 1 1 0 1 0 0 1 0 1 0 0 0 0 0 1 1 0 1 0 0 0 1 1 0 0 0 0 1 0 1 1 0 1 0 0 0 0 0 0 0
140	2	1 1 1 1 0 1 0 1 0 0 1 1 0 1 0 0 1 0 1 0 0 0 0 0 1 1 0 0 0 0 0 1 0 0 0 0 0 1 0 1 1 0 1 0 0 0 0 0 0 0
140	3	1 1 1 1 0 1 0 1 0 0 1 1 0 1 0 0 1 0 1 0 0 0 0 0 1 1 0 0 0 0 0 1 1 0 0 0 0 1 0 1 1 0 1 0 0 0 1 0 0 0
140	1	1 1 1 1 0 1 0 1 0 0 1 1 0 1 0 0 1 0 1 0 0 0 1 0 1 1 0 0 0 0 0 1 1 0 0 0 0 1 0 1 1 0 1 0 0 0 0 0 0 0
140	8	1 1 1 1 0 1 0 1 1 0 1 1 0 1 0 0 1 0 1 0 0 0 0 0 1 1 0 0 0 0 0 1 1 0 0 0 0 1 0 1 1 0 1 0 0 0 0 0 0 0
140	5	1 1 1 1 0 1 0 1 0 0 1 0 0 1 0 0 1 0 1 0 0 0 0 0 1 1 0 0 0 0 0 1 1 0 0 0 0 1 0 1 1 0 1 0 0 0 0 0 0 0
140	1	1 1 1 1 0 1 0 1 0 0 1 0 0 1 0 0 1 0 1 0 0 0 0 0 1 1 1 0 0 0 0 1 1 0 0 0 0 1 0 1 1 0 1 0 0 0 0 0 0 0
140	2	1 1 1 1 0 1 0 1 0 0 1 1 0 1 0 0 1 0 1 0 0 0 0 0 1 1 0 0 0 0 0 1 1 1 0 0 0 1 0 1 1 0 1 0 0 0 0 0 0 0
140	1	1 1 1 1 0 1 1 1 0 0 1 1 0 1 0 0 1 0 1 0 0 0 0 0 1 1 0 0 0 0 0 1 1 0 0 0 0 1 0 1 1 0 1 0 0 0 0 0 0 0
140	68	1 1 1 1 0 1 0 1 0 0 1 1 0 1 0 0 1 0 1 0 0 0 0 0 1 1 0 0 0 0 0 1 1 0 0 0 0 1 0 1 1 0 1 0 0 0 0 0 0 0
140	2	0 1 1 1 0 1 0 1 1 0 1 1 0 1 0 0 1 0 1 0 0 0 0 0 1 1 0 0 0 0 0 1 1 0 0 0 0 1 0 1 0 0 1 0 0 0 0 0 0 0
140	2	0 1 1 1 0 1 0 1 1 0 1 1 0 1 0 0 1 0 1 0 0 0 0 0 1 1 0 0 0 0 0 1 1 0 0 0 0 1 0 1 1 0 1 0 0 0 0 0 0 0
150	3	1 1 1 1 0 1 0 1 0 0 1 1 0 1 0 0 1 0 1 0 0 0 0 0 1 1 0 0 0 0 0 1 1 0 0 0 1 1 0 1 1 0 1 0 0 0 0 0 0 0
150	1	0 1 1 1 0 1 0 1 0 0 1 1 0 1 0 0 1 0 1 0 0 0 0 0 1 1 0 0 1 0 0 1 1 0 0 0 0 1 0 1 0 0 1 0 0 0 0 0 0 0
150	5	1 1 1 1 0 1 0 1 0 0 1 0 0 1 0 0 1 0 1 0 0 0 0 0 1 1 0 0 0 0 0 1 1 0 0 0 0 1 0 1 1 0 1 0 0 0 0 0 0 0
150	72	1 1 1 1 0 1 0 1 0 0 1 1 0 1 0 0 1 0 1 0 0 0 0 0 1 1 0 0 0 0 0 1 1 0 0 0 0 1 0 1 1 0 1 0 0 0 0 0 0 0
150	1	1 1 1 1 0 1 0 1 1 0 1 1 0 1 0 0 0 0 1 0 0 0 0 0 1 1 0 0 0 0 0 1 1 0 0 0 0 1 0 1 1 0 1 0 0 0 0 0 0 0
150	1	1 1 1 1 0 1 0 1 1 0 1 1 0 1 0 0 1 0 1 0 0 0 0 0 1 1 0 0 0 0 0 1 1 0 0 0 0 1 0 1 1 1 1 0 0 0 0 0 0 0
150	10	1 1 1 1 0 1 0 1 1 0 1 1 0 1 0 0 1 0 1 0 0 0 0 0 1 1 0 0 0 0 0 1 1 0 0 0 0 1 0 1 1 0 1 0 0 0 0 0 0 0
150	2	1 1 1 1 0 1 0 1 0 0 1 1 0 1 0 0 1 0 1 0 0 0 0 0 1 1 0 0 0 0 0 1 1 1 0 0 0 1 0 1 1 0 1 0 0 0 0 0 0 0
150	3	1 1 1 1 0 1 0 1 0 0 1 1 0 1 0 0 1 0 1 0 0 0 0 1 1 1 0 0 0 0 0 1 1 0 0 0 0 1 0 1 1 0 1 0 0 0 0 0 0 0
150	1	0 1 1 1 0 1 0 1 1 0 1 1 0 1 0 0 1 0 1 0 0 0 0 0 1 1 0 0 0 0 0 1 1 0 0 0 0 1 0 1 0 0 1 0 0 0 0 0 0 0
150	1	0 1 1 1 0 1 0 1 1 0 1 1 0 1 0 0 1 0 1 0 0 0 0 0 1 1 0 0 0 0 0 1 1 0 0 0 0 1 0 1 1 0 1 0 0 0 0 0 0 0
160	2	1 1 1 1 0 1 0 1 0 0 1 1 0 1 0 0 1 0 1 0 0 0 0 0 1 1 0 0 0 0 0 1 1 0 0 0 1 1 0 1 1 0 1 0 0 0 0 0 0 0
160	4	0 1 1 1 0 1 0 1 0 0 1 1 0 1 0 0 1 0 1 0 0 0 0 0 1 1 0 0 1 0 0 1 1 0 0 0 0 1 0 1 0 0 1 0 0 0 0 0 0 0
160	3	1 1 1 1 0 1 0 1 0 0 1 0 0 1 0 0 1 0 1 0 0 0 0 0 1 1 0 0 0 0 0 1 1 0 0 0 0 1 0 1 1 0 1 0 0 0 0 0 0 0
160	3	1 1 1 1 0 1 1 1 0 0 1 1 0 1 0 0 1 0 1 0 0 0 0 0 1 1 0 0 0 0 0 1 1 0 0 0 0 1 0 1 1 0 1 0 0 0 0 0 0 0
160	1	1 1 1 1 0 1 0 1 0 0 1 1 0 1 0 0 1 0 1 0 0 0 0 0 1 1 0 0 0 0 0 1 1 1 0 0 0 1 0 1 1 0 1 0 0 0 0 0 0 0
160	1	1 1 1 1 0 1 0 1 0 0 1 1 0 1 0 0 1 0 1 0 0 1 0 0 1 1 0 0 0 0 0 1 1 0 0 0 0 1 0 1 1 0 1 0 0 0 0 0 0 0
160	55	1 1 1 1 0 1 0 1 0 0 1 1 0 1 0 0 1 0 1 0 0 0 0 0 1 1 0 0 0 0 0 1 1 0 0 0 0 1 0 1 1 0 1 0 0 0 0 0 0 0
160	1	1 1 1 1 1 1 0 1 1 0 1 1 0 1 0 0 1 0 1 0 0 0 0 0 1 1 0 0 0 0 0 1 1 0 0 0 0 1 0 1 1 0 1 0 0 0 0 0 0 0
160	1	1 1 1 1 0 1 0 1 1 0 1 1 0 1 0 0 1 0 1 0 0 0 0 0 1 1 1 0 0 0 0 1 1 0 0 0 0 1 0 1 1 0 1 0 0 0 0 0 0 0
160	27	1 1 1 1 0 1 0 1 1 0 1 1 0 1 0 0 1 0 1 0 0 0 0 0 1 1 0 0 0 0 0 1 1 0 0 0 0 1 0 1 1 0 1 0 0 0 0 0 0 0
160	1	1 1 1 1 0 1 0 1 1 0 1 1 0 1 0 0 1 0 1 0 0 0 0 0 1 1 0 0 0 0 0 1 1 0 0 0 0 1 0 1 0 0 1 0 0 0 0 0 0 0
160	1	0 1 1 0 0 1 0 1 1 0 1 1 0 1 0 0 1 0 1 0 0 0 0 0 1 1 0 0 0 0 0 1 1 0 0 0 0 1 0 1 0 0 1 0 0 0 0 0 0 0
170	3	0 1 1 1 0 1 0 1 0 0 1 1 0 1 0 0 1 0 1 0 0 0 0 0 1 1 0 0 1 0 0 1 1 0 0 0 0 1 0 1 0 0 1 0 0 0 0 0 0 0
170	2	1 1 1 1 0 1 0 1 0 0 0 1 0 1 0 0 1 0 1 0 0 0 0 0 1 1 0 0 0 0 0 1 1 0 0 0 0 1 0 1 1 0 1 0 0 0 0 0 0 0
170	3	1 1 1 1 0 1 0 1 0 0 1 0 0 1 0 0 1 0 1 0 0 0 0 0 1 1 0 0 0 0 0 1 1 0 0 0 0 1 0 1 1 0 1 0 0 0 0 0 0 0
170	1	1 1 1 1 1 1 1 1 0 0 1 1 0 1 0 0 1 0 1 0 0 0 0 0 1 1 0 0 0 0 0 1 1 0 0 0 0 1 0 1 1 0 1 0 0 0 0 0 0 0
170	3	1 1 1 1 0 1 1 1 0 0 1 1 0 1 0 0 1 0 1 0 0 0 0 0 1 1 0 0 0 0 0 1 1 0 0 0 0 1 0 1 1 0 1 0 0 0 0 0 0 0
170	1	1 1 1 1 0 1 0 1 0 0 1 1 0 1 0 0 1 0 1 0 0 0 0 0 1 1 0 0 0 0 0 1 1 1 0 0 0 1 0 1 1 0 1 0 0 0 0 0 0 0
170	2	1 1 1 1 0 1 0 1 0 1 1 1 1 1 0 0 1 0 1 0 0 0 0 0 1 1 0 0 0 0 0 1 1 0 0 0 0 1 0 1 1 0 1 0 0 0 0 0 0 0
170	1	1 1 1 1 0 1 0 1 0 0 1 1 0 1 0 0 1 0 1 0 1 0 0 0 1 1 0 0 0 0 0 1 1 0 0 0 0 1 0 1 1 0 1 0 0 0 0 0 0 0
170	1	1 1 1 1 0 1 0 1 1 0 1 1 1 1 0 0 1 0 1 0 0 0 0 0 1 1 0 0 0 0 0 1 1 0 0 0 0 1 0 1 1 0 1 0 0 0 0 0 0 0
170	1	1 1 1 1 0 1 0 1 1 0 1 1 0 1 0 0 1 0 1 0 0 0 0 0 1 1 0 0 0 0 0 1 1 0 0 0 0 1 0 1 1 0 1 0 1 0 0 0 0 0
170	25	1 1 1 1 0 1 0 1 1 0 1 1 0 1 0 0 1 0 1 0 0 0 0 0 1 1 0 0 0 0 0 1 1 0 0 0 0 1 0 1 1 0 1 0 0 0 0 0 0 0
170	42	1 1 1 1 0 1 0 1 0 0 1 1 0 1 0 0 1 0 1 0 0 0 0 0 1 1 0 0 0 0 0 1 1 0 0 0 0 1 0 1 1 0 1 0 0 0 0 0 0 0
170	1	1 1 1 1 1 1 0 1 1 0 1 1 0 1 0 0 1 0 1 0 0 0 0 0 1 1 0 0 0 0 0 1 1 0 0 0 0 1 0 1 1 0 1 0 0 0 0 0 0 0
170	1	1 1 1 1 0 1 0 1 1 0 1 1 0 1 0 0 1 0 1 0 0 0 0 0 1 1 0 0 0 0 0 1 1 0 0 0 1 1 0 1 1 0 1 0 0 0 0 0 0 0
170	9	1 1 1 1 0 1 0 1 1 0 1 1 0 1 0 0 1 0 1 0 0 0 0 0 1 1 0 0 0 0 0 1 1 0 0 0 0 1 0 1 0 0 1 0 0 0 0 0 0 0
170	1	0 1 1 1 0 1 0 0 1 0 1 1 0 1 0 0 1 0 1 0 0 0 0 0 1 1 0 0 0 0 0 1 1 0 0 0 0 1 0 1 1 0 1 0 0 0 0 0 0 0
170	3	0 1 1 1 0 1 0 1 1 0 1 1 0 1 0 0 1 0 1 0 0 0 0 0 1 1 0 0 0 0 0 1 1 0 0 0 0 1 0 1 1 0 1 0 0 0 0 0 0 0
180	1	0 1 1 1 0 1 0 1 0 0 1 1 0 1 0 0 1 0 1 0 0 0 0 0 1 1 0 0 1 0 0 1 1 0 0 0 0 1 0 1 0 0 1 0 0 0 0 0 0 0
180	1	1 1 1 1 0 1 0 1 0 0 1 1 0 1 0 0 1 0 1 0 0 0 0 1 1 1 0 0 0 0 0 1 1 0 0 0 0 1 0 1 1 0 1 0 0 0 0 0 0 0
180	6	1 1 1 1 1 1 1 1 0 0 1 1 0 1 0 0 1 0 1 0 0 0 0 0 1 1 0 0 0 0 0 1 1 0 0 0 0 1 0 1 1 0 1 0 0 0 0 0 0 0
180	1	1 1 1 1 0 1 1 1 0 0 1 1 0 1 0 0 1 0 1 0 0 0 0 0 1 1 0 0 0 0 0 1 1 0 0 0 0 1 0 1 1 0 1 0 0 0 0 0 0 0
180	1	1 1 1 1 0 1 0 1 0 0 1 1 0 1 0 0 1 0 1 0 0 0 0 0 1 1 0 0 0 0 0 1 1 1 0 0 0 1 0 1 1 0 1 0 0 0 0 0 0 0
180	1	1 1 1 1 0 1 0 1 0 1 1 1 1 1 0 0 1 0 1 0 0 0 0 0 1 1 0 0 0 0 0 1 1 0 0 0 0 1 0 1 1 0 1 0 0 0 0 0 0 0
180	1	1 1 1 1 0 1 0 1 1 0 1 1 0 1 0 0 1 0 1 0 0 0 0 0 1 1 1 0 0 0 0 1 1 0 0 0 0 1 0 1 1 0 1 0 0 0 0 0 0 0
180	33	1 1 1 1 0 1 0 1 1 0 1 1 0 1 0 0 1 0 1 0 0 0 0 0 1 1 0 0 0 0 0 1 1 0 0 0 0 1 0 1 1 0 1 0 0 0 0 0 0 0
180	1	1 1 1 1 0 1 0 1 0 0 1 1 0 1 0 0 1 0 1 0 0 0 0 0 1 1 0 0 0 0 0 1 1 0 0 0 0 1 0 1 1 0 1 0 0 0 0 0 1 0
180	1	1 1 1 1 0 1 0 1 0 0 1 1 0 1 0 0 1 0 0 0 0 0 0 0 1 1 0 0 0 0 0 1 1 0 0 0 0 1 0 1 1 0 1 0 0 0 0 0 0 0
180	29	1 1 1 1 0 1 0 1 0 0 1 1 0 1 0 0 1 0 1 0 0 0 0 0 1 1 0 0 0 0 0 1 1 0 0 0 0 1 0 1 1 0 1 0 0 0 0 0 0 0
180	4	1 1 1 1 1 1 0 1 1 0 1 1 0 1 0 0 1 0 1 0 0 0 0 0 1 1 0 0 0 0 0 1 1 0 0 0 0 1 0 1 1 0 1 0 0 0 0 0 0 0
180	3	1 1 1 1 0 1 0 1 1 0 1 1 0 1 0 0 1 0 1 0 0 0 0 0 1 1 0 0 0 0 0 1 1 0 0 0 1 1 0 1 1 0 1 0 0 0 0 0 0 0
180	4	0 1 1 1 0 1 0 1 1 0 1 1 0 1 0 0 1 0 1 0 0 0 0 0 1 1 0 0 0 0 0 1 1 0 0 0 0 1 0 1 0 0 1 0 0 0 0 0 0 0
180	9	1 1 1 1 0 1 0 1 1 0 1 1 0 1 0 0 1 0 1 0 0 0 0 0 1 1 0 0 0 0 0 1 1 0 0 0 0 1 0 1 0 0 1 0 0 0 0 0 0 0
180	4	0 1 1 1 0 1 0 1 1 0 1 1 0 1 0 0 1 0 1 0 0 0 0 0 1 1 0 0 0 0 0 1 1 0 0 0 0 1 0 1 1 0 1 0 0 0 0 0 0 0
190	10	1 1 1 1 1 1 1 1 0 0 1 1 0 1 0 0 1 0 1 0 0 0 0 0 1 1 0 0 0 0 0 1 1 0 0 0 0 1 0 1 1 0 1 0 0 0 0 0 0 0
190	2	1 1 1 1 0 1 1 1 0 0 1 1 0 1 0 0 1 0 1 0 0 0 0 0 1 1 0 0 0 0 0 1 1 0 0 0 0 1 0 1 1 0 1 0 0 0 0 0 0 0
190	1	1 1 1 1 0 1 0 1 0 0 1 1 0 1 0 0 1 0 1 0 0 0 0 0 1 1 0 0 0 0 0 1 1 1 0 0 0 1 0 1 1 0 1 0 0 0 0 0 0 0
190	2	1 1 1 1 0 1 0 1 0 1 1 1 1 1 0 0 1 0 1 0 0 0 0 0 1 1 0 0 0 0 0 1 1 0 0 0 0 1 0 1 1 0 1 0 0 0 0 0 0 0
190	1	1 1 1 1 0 1 0 1 1 0 1 1 0 1 0 0 1 0 1 0 0 0 0 0 1 1 1 0 0 0 0 1 1 0 0 0 0 1 0 1 1 0 1 0 0 0 0 0 0 0
190	3	1 1 1 1 0 1 0 1 1 0 1 1 0 1 0 0 1 0 1 0 1 0 0 0 1 1 0 0 0 0 0 1 1 0 0 0 0 1 0 1 1 0 1 0 0 0 0 0 0 0
190	1	1 1 1 1 0 1 0 1 1 0 1 1 0 1 0 0 1 0 1 0 0 0 0 0 1 1 0 0 0 0 0 1 1 0 0 0 0 1 0 1 1 0 1 0 0 0 1 0 0 0
190	14	1 1 1 1 0 1 0 1 0 0 1 1 0 1 0 0 1 0 1 0 0 0 0 0 1 1 0 0 0 0 0 1 1 0 0 0 0 1 0 1 1 0 1 0 0 0 0 0 0 0
190	1	1 1 1 1 0 1 0 1 1 0 0 1 0 1 0 0 1 0 1 0 0 0 0 0 1 1 0 0 0 0 0 1 1 0 0 0 0 1 0 1 1 0 1 0 0 0 0 0 0 0
190	19	1 1 1 1 0 1 0 1 1 0 1 1 0 1 0 0 1 0 1 0 0 0 0 0 1 1 0 0 0 0 0 1 1 0 0 0 0 1 0 1 1 0 1 0 0 0 0 0 0 0
190	1	1 1 0 1 0 1 0 1 0 0 1 1 0 1 0 0 1 0 1 0 0 0 0 0 1 1 0 0 0 1 0 1 1 0 0 0 0 1 0 1 1 0 1 0 0 0 0 0 0 0
190	10	1 1 1 1 1 1 0 1 1 0 1 1 0 1 0 0 1 0 1 0 0 0 0 0 1 1 0 0 0 0 0 1 1 0 0 0 0 1 0 1 1 0 1 0 0 0 0 0 0 0
190	1	1 1 1 1 0 1 0 1 1 0 1 1 0 1 0 0 1 0 1 0 0 0 0 0 1 1 0 0 0 0 0 1 1 0 0 0 1 1 0 1 1 0 1 0 0 0 0 0 0 0
190	2	0 1 1 1 0 1 0 1 1 0 1 1 0 1 0 0 1 0 1 0 0 0 0 0 1 1 0 0 0 0 0 1 1 0 0 0 0 1 0 1 0 0 1 0 0 0 0 0 0 0
190	1	1 1 1 1 0 1 0 1 1 0 1 1 0 1 0 0 1 0 1 0 0 0 0 0 1 1 0 0 0 0 0 1 1 0 1 0 0 1 0 1 0 0 1 0 0 0 0 0 0 0
190	26	1 1 1 1 0 1 0 1 1 0 1 1 0 1 0 0 1 0 1 0 0 0 0 0 1 1 0 0 0 0 0 1 1 0 0 0 0 1 0 1 0 0 1 0 0 0 0 0 0 0
190	5	0 1 1 1 0 1 0 1 1 0 1 1 0 1 0 0 1 0 1 0 0 0 0 0 1 1 0 0 0 0 0 1 1 0 0 0 0 1 0 1 1 0 1 0 0 0 0 0 0 0
200	1	1 1 1 1 1 1 1 1 0 0 1 1 0 1 0 0 1 0 1 0 0 0 0 0 1 1 0 0 0 0 0 1 1 0 0 0 0 1 0 1 1 0 0 0 0 0 0 0 0 0
200	17	1 1 1 1 1 1 1 1 0 0 1 1 0 1 0 0 1 0 1 0 0 0 0 0 1 1 0 0 0 0 0 1 1 0 0 0 0 1 0 1 1 0 1 0 0 0 0 0 0 0
200	3	1 1 1 1 0 1 0 1 0 1 1 1 1 1 0 0 1 0 1 0 0 0 0 0 1 1 0 0 0 0 0 1 1 0 0 0 0 1 0 1 1 0 1 0 0 0 0 0 0 0
200	2	1 1 1 1 0 1 0 1 0 0 1 1 0 1 0 0 1 0 1 0 0 0 0 0 1 1 0 0 0 0 0 1 1 0 0 0 0 1 0 1 1 0 1 0 0 0 0 0 0 0
200	1	1 1 1 1 0 1 0 1 1 0 1 1 1 1 0 0 1 0 1 0 0 0 0 0 1 1 0 0 0 0 0 1 1 0 0 0 0 1 0 1 1 0 1 0 0 0 0 0 0 0
200	10	1 1 1 1 1 1 0 1 1 0 1 1 0 1 0 0 1 0 1 0 0 0 0 0 1 1 0 0 0 0 0 1 1 0 0 0 0 1 0 1 1 0 1 0 0 0 0 0 0 0
200	1	1 1 1 1 0 1 0 1 1 0 1 1 0 1 0 0 1 0 1 1 0 0 0 0 1 1 0 0 0 0 0 1 1 0 0 0 0 1 0 1 1 0 1 0 0 0 0 0 0 0
200	15	1 1 1 1 0 1 0 1 1 0 1 1 0 1 0 0 1 0 1 0 0 0 0 0 1 1 0 0 0 0 0 1 1 0 0 0 0 1 0 1 1 0 1 0 0 0 0 0 0 0
200	1	1 1 1 1 1 1 0 1 1 0 1 1 0 1 0 0 1 0 0 0 0 0 0 0 1 1 0 0 0 0 0 1 1 0 0 0 0 1 0 1 1 0 1 0 0 0 0 0 0 0
200	3	1 1 1 1 0 1 0 1 1 0 1 1 0 1 0 0 1 0 1 0 0 0 0 0 1 1 0 0 0 0 0 1 1 0 1 0 0 1 0 1 0 0 1 0 0 0 0 0 0 0
200	1	1 1 1 1 0 1 0 1 1 0 1 1 0 1 0 0 1 0 1 0 0 0 0 0 1 1 0 0 0 0 0 1 1 0 0 0 1 1 0 1 0 0 1 0 0 0 0 0 0 0
200	1	1 1 1 1 0 1 0 1 1 0 1 1 0 1 0 0 1 1 1 0 0 0 0 0 1 1 0 0 0 0 0 1 1 0 0 0 0 1 0 1 0 0 1 0 0 0 0 0 0 0
200	44	1 1 1 1 0 1 0 1 1 0 1 1 0 1 0 0 1 0 1 0 0 0 0 0 1 1 0 0 0 0 0 1 1 0 0 0 0 1 0 1 0 0 1 0 0 0 0 0 0 0
210	1	1 1 1 1 1 1 1 1 0 0 1 1 0 1 0 0 1 0 1 0 0 0 0 0 1 1 0 0 0 0 0 1 1 0 0 0 0 1 0 1 1 0 0 0 0 0 0 0 0 0
210	1	1 1 1 1 1 1 0 1 0 0 1 1 0 1 0 0 1 0 1 0 0 0 0 0 1 1 0 0 0 0 0 1 1 0 0 0 0 1 0 1 1 0 1 0 0 0 0 0 0 0
210	14	1 1 1 1 1 1 1 1 0 0 1 1 0 1 0 0 1 0 1 0 0 0 0 0 1 1 0 0 0 0 0 1 1 0 0 0 0 1 0 1 1 0 1 0 0 0 0 0 0 0
210	4	1 1 1 1 0 1 0 1 0 1 1 1 1 1 0 0 1 0 1 0 0 0 0 0 1 1 0 0 0 0 0 1 1 0 0 0 0 1 0 1 1 0 1 0 0 0 0 0 0 0
210	1	1 1 1 1 0 1 0 1 1 0 0 1 0 1 0 0 1 0 1 0 0 0 0 0 1 1 0 0 0 0 0 1 1 0 0 0 0 1 0 1 1 0 1 0 0 0 0 0 0 0
210	2	1 1 1 1 0 1 0 1 1 0 1 1 1 1 0 0 1 0 1 0 0 0 0 0 1 1 0 0 0 0 0 1 1 0 0 0 0 1 0 1 1 0 1 0 0 0 0 0 0 0
210	8	1 1 1 1 1 1 0 1 1 0 1 1 0 1 0 0 1 0 1 0 0 0 0 0 1 1 0 0 0 0 0 1 1 0 0 0 0 1 0 1 1 0 1 0 0 0 0 0 0 0
210	1	1 1 1 1 0 1 0 1 1 0 1 1 0 1 0 0 1 0 1 0 0 1 0 0 1 1 0 0 0 0 0 1 1 0 0 0 0 1 0 1 1 0 1 0 0 0 0 0 0 0
210	9	1 1 1 1 0 1 0 1 1 0 1 1 0 1 0 0 1 0 1 0 0 0 0 0 1 1 0 0 0 0 0 1 1 0 0 0 0 1 0 1 1 0 1 0 0 0 0 0 0 0
210	2	1 1 1 1 0 1 0 1 1 0 1 1 0 1 0 0 1 0 1 0 0 0 0 0 1 1 0 0 0 0 0 1 1 0 1 0 0 1 0 1 0 0 1 0 0 0 0 0 0 0
210	5	1 1 1 1 0 1 0 1 1 0 1 0 0 1 0 0 1 0 1 0 0 0 0 0 1 1 0 0 0 0 0 1 1 0 0 0 0 1 0 1 0 0 1 0 0 0 0 0 0 0
210	1	1 1 1 1 0 1 0 1 1 0 1 1 0 1 0 1 1 0 1 0 0 0 0 0 1 1 0 0 0 0 0 1 1 0 0 0 0 1 0 1 0 0 1 0 0 0 0 0 0 0
210	1	1 1 1 1 0 1 0 1 1 0 1 1 0 1 0 0 1 0 1 0 0 0 0 0 1 1 0 0 0 0 0 1 1 0 0 0 0 1 0 1 0 0 0 0 0 0 0 0 0 0
210	50	1 1 1 1 0 1 0 1 1 0 1 1 0 1 0 0 1 0 1 0 0 0 0 0 1 1 0 0 0 0 0 1 1 0 0 0 0 1 0 1 0 0 1 0 0 0 0 0 0 0
220	4	1 1 1 1 1 1 1 1 0 0 1 1 0 1 0 0 1 0 1 0 0 0 0 0 1 1 0 0 0 0 0 1 1 0 0 0 0 1 0 1 1 0 0 0 0 0 0 0 0 0
220	21	1 1 1 1 1 1 1 1 0 0 1 1 0 1 0 0 1 0 1 0 0 0 0 0 1 1 0 0 0 0 0 1 1 0 0 0 0 1 0 1 1 0 1 0 0 0 0 0 0 0
220	1	1 1 1 1 0 1 0 1 0 1 1 1 1 1 0 0 1 0 1 0 0 0 0 0 1 1 0 0 0 0 0 1 1 0 0 0 0 1 0 1 1 0 1 0 0 0 0 0 0 0
220	3	1 1 1 1 1 1 0 1 1 0 1 1 0 1 0 0 0 0 1 0 0 0 0 0 1 1 0 0 0 0 0 1 1 0 0 0 0 1 0 1 1 0 1 0 0 0 0 0 0 0
220	21	1 1 1 1 1 1 0 1 1 0 1 1 0 1 0 0 1 0 1 0 0 0 0 0 1 1 0 0 0 0 0 1 1 0 0 0 0 1 0 1 1 0 1 0 0 0 0 0 0 0
220	3	1 1 1 1 0 1 0 1 1 0 1 1 0 1 0 0 1 0 1 0 0 0 0 0 1 1 0 0 0 0 0 1 1 0 0 0 0 1 0 1 1 0 1 0 0 0 0 0 0 0
220	2	1 1 1 1 0 1 0 1 1 0 1 1 0 1 0 0 1 0 1 0 0 0 0 0 1 1 0 0 0 0 0 1 1 0 1 0 0 1 0 1 0 0 1 0 0 0 0 0 0 0
220	1	1 1 1 1 0 1 0 1 1 0 1 1 0 1 0 1 1 0 1 0 0 0 0 0 1 1 0 0 0 0 0 1 1 0 0 0 0 1 0 1 0 0 1 0 0 0 0 0 0 0
220	3	1 1 1 1 0 1 0 1 1 0 1 1 0 0 0 0 1 0 1 0 0 0 0 0 1 1 0 0 0 0 0 1 1 0 0 0 0 1 0 1 0 0 1 0 0 0 0 0 0 0
220	1	1 1 1 1 0 1 0 1 1 0 1 1 0 1 0 0 1 0 1 0 0 0 0 0 1 1 0 0 0 0 0 1 1 0 0 0 1 1 0 1 0 0 1 0 0 0 0 0 0 0
220	40	1 1 1 1 0 1 0 1 1 0 1 1 0 1 0 0 1 0 1 0 0 0 0 0 1 1 0 0 0 0 0 1 1 0 0 0 0 1 0 1 0 0 1 0 0 0 0 0 0 0
230	3	1 1 1 1 1 1 1 1 0 0 1 1 0 1 0 0 1 0 1 0 0 0 0 0 1 1 0 0 0 0 0 1 1 0 0 0 0 1 0 1 1 0 0 0 0 0 0 0 0 0
230	17	1 1 1 1 1 1 1 1 0 0 1 1 0 1 0 0 1 0 1 0 0 0 0 0 1 1 0 0 0 0 0 1 1 0 0 0 0 1 0 1 1 0 1 0 0 0 0 0 0 0
230	2	1 1 1 1 0 1 0 1 1 0 1 1 1 1 0 0 1 0 1 0 0 0 0 0 1 1 0 0 0 0 0 1 1 0 0 0 0 1 0 1 1 0 1 0 0 0 0 0 0 0
230	1	1 1 1 1 1 1 0 1 1 0 1 1 0 1 0 0 0 0 1 0 0 0 0 0 1 1 0 0 0 0 0 1 1 0 0 0 0 1 0 1 1 0 1 0 0 0 0 0 0 0
230	3	1 1 1 1 0 1 0 1 1 0 1 1 0 1 0 0 1 0 1 0 0 0 0 0 1 1 0 0 0 0 0 1 1 0 0 0 0 1 0 1 1 0 1 0 0 0 0 0 0 0
230	13	1 1 1 1 1 1 0 1 1 0 1 1 0 1 0 0 1 0 1 0 0 0 0 0 1 1 0 0 0 0 0 1 1 0 0 0 0 1 0 1 1 0 1 0 0 0 0 0 0 0
230	2	1 1 1 1 0 1 0 1 1 0 1 1 0 1 0 0 1 0 1 0 1 0 0 0 1 1 0 0 0 0 0 1 1 0 0 0 0 1 0 1 1 0 1 0 0 0 0 0 0 0
230	7	1 1 1 1 0 1 0 1 1 0 1 1 0 1 0 0 1 0 1 0 0 0 0 0 1 1 0 0 0 0 0 1 1 0 1 0 0 1 0 1 0 0 1 0 0 0 0 0 0 0
230	1	1 1 1 1 0 1 0 1 1 0 1 0 0 1 0 0 1 0 1 0 0 0 0 0 1 1 0 0 0 0 0 1 1 0 0 0 0 1 0 1 0 0 1 0 0 0 0 0 0 0
230	2	1 1 1 1 0 1 0 1 1 0 1 1 0 0 0 0 1 0 1 0 0 0 0 0 1 1 0 0 0 0 0 1 1 0 0 0 0 1 0 1 0 0 1 0 0 0 0 0 0 0
230	1	1 1 1 1 0 1 0 1 1 0 1 1 0 1 0 0 1 1 1 0 0 0 0 0 1 1 0 0 0 0 0 1 1 0 0 0 0 1 0 1 0 0 1 0 0 0 0 0 0 0
230	1	1 1 1 1 0 1 0 1 1 0 1 1 0 1 0 0 1 0 1 0 0 0 0 0 1 1 0 0 0 0 0 1 1 0 0 0 0 1 0 1 0 0 1 0 0 0 0 0 0 1
230	1	1 1 1 1 0 1 0 1 1 0 1 1 0 1 0 0 1 0 1 0 0 0 0 0 1 1 0 0 0 0 0 1 1 0 0 1 0 1 0 1 0 0 1 0 0 0 0 0 0 0
230	1	1 1 1 1 0 1 0 1 1 0 1 1 0 1 0 0 1 0 1 1 0 0 0 0 1 1 0 0 0 0 0 1 1 0 0 0 0 1 0 1 0 0 1 0 0 0 0 0 0 0
230	45	1 1 1 1 0 1 0 1 1 0 1 1 0 1 0 0 1 0 1 0 0 0 0 0 1 1 0 0 0 0 0 1 1 0 0 0 0 1 0 1 0 0 1 0 0 0 0 0 0 0
240	6	1 1 1 1 1 1 1 1 0 0 1 1 0 1 0 0 1 0 1 0 0 0 0 0 1 1 0 0 0 0 0 1 1 0 0 0 0 1 0 1 1 0 0 0 0 0 0 0 0 0
240	1	1 1 1 1 1 1 1 1 0 0 1 1 0 1 0 0 1 0 1 0 0 0 0 0 1 1 0 0 0 1 0 1 1 0 0 0 0 1 0 1 1 0 1 0 0 0 0 0 0 0
240	13	1 1 1 1 1 1 1 1 0 0 1 1 0 1 0 0 1 0 1 0 0 0 0 0 1 1 0 0 0 0 0 1 1 0 0 0 0 1 0 1 1 0 1 0 0 0 0 0 0 0
240	2	1 1 1 1 0 1 0 1 1 0 1 1 1 1 0 0 1 0 1 0 0 0 0 0 1 1 0 0 0 0 0 1 1 0 0 0 0 1 0 1 1 0 1 0 0 0 0 0 0 0
240	2	1 1 1 1 1 1 0 1 1 0 1 1 0 1 0 0 0 0 1 0 0 0 0 0 1 1 0 0 0 0 0 1 1 0 0 0 0 1 0 1 1 0 1 0 0 0 0 0 0 0
240	1	1 1 1 1 0 1 0 1 1 0 1 1 0 1 0 0 1 0 1 0 0 0 0 0 1 1 0 0 0 0 0 1 1 0 0 0 0 1 0 1 1 0 1 0 0 0 0 0 0 0
240	1	1 1 1 1 1 1 0 1 1 0 1 1 0 1 0 0 1 0 1 0 0 0 0 0 1 1 0 0 0 0 0 1 1 0 0 0 0 1 0 1 1 0 0 0 0 0 0 0 0 0
240	16	1 1 1 1 1 1 0 1 1 0 1 1 0 1 0 0 1 0 1 0 0 0 0 0 1 1 0 0 0 0 0 1 1 0 0 0 0 1 0 1 1 0 1 0 0 0 0 0 0 0
240	1	1 1 1 1 0 1 0 1 1 0 1 1 0 1 0 0 1 0 1 0 1 0 0 0 1 1 0 0 0 0 0 1 1 0 0 0 0 1 0 1 1 0 1 0 0 0 0 0 0 0
240	9	1 1 1 1 0 1 0 1 1 0 1 1 0 1 0 0 1 0 1 0 0 0 0 0 1 1 0 0 0 0 0 1 1 0 1 0 0 1 0 1 0 0 1 0 0 0 0 0 0 0
240	2	1 1 1 1 0 1 0 1 1 0 1 1 0 1 0 1 1 0 1 0 0 0 0 0 1 1 0 0 0 0 0 1 1 0 0 0 0 1 0 1 0 0 1 0 0 0 0 0 0 0
240	2	1 1 1 1 0 1 0 1 1 0 1 1 0 1 0 0 1 0 1 0 0 0 0 0 1 1 0 0 0 0 0 1 1 0 0 0 0 1 0 1 0 0 1 0 0 1 0 0 0 0
240	4	1 1 1 1 0 1 0 1 1 0 1 1 0 1 0 0 1 1 1 0 0 0 0 0 1 1 0 0 0 0 0 1 1 0 0 0 0 1 0 1 0 0 1 0 0 0 0 0 0 0
240	3	1 1 1 1 0 1 0 1 1 0 1 1 0 1 0 0 1 0 1 0 0 0 0 0 1 1 0 0 0 0 0 1 1 0 0 0 0 1 0 1 0 0 1 0 0 0 0 0 0 1
240	1	1 1 1 1 0 1 0 1 1 0 1 1 0 1 0 0 1 0 1 0 0 0 0 0 1 1 0 0 0 0 0 1 1 0 0 1 0 1 0 1 0 0 1 0 0 0 0 0 0 0
240	1	1 1 1 1 1 1 0 1 1 0 1 1 0 1 0 0 1 0 1 0 0 0 0 0 1 1 0 0 0 0 0 1 1 0 0 0 0 1 0 1 0 0 1 0 0 0 0 0 0 0
240	35	1 1 1 1 0 1 0 1 1 0 1 1 0 1 0 0 1 0 1 0 0 0 0 0 1 1 0 0 0 0 0 1 1 0 0 0 0 1 0 1 0 0 1 0 0 0 0 0 0 0
250	11	1 1 1 1 1 1 1 1 0 0 1 1 0 1 0 0 1 0 1 0 0 0 0 0 1 1 0 0 0 0 0 1 1 0 0 0 0 1 0 1 1 0 0 0 0 0 0 0 0 0
250	12	1 1 1 1 1 1 1 1 0 0 1 1 0 1 0 0 1 0 1 0 0 0 0 0 1 1 0 0 0 0 0 1 1 0 0 0 0 1 0 1 1 0 1 0 0 0 0 0 0 0
250	3	1 1 1 1 0 1 0 1 1 0 1 1 1 1 0 0 1 0 1 0 0 0 0 0 1 1 0 0 0 0 0 1 1 0 0 0 0 1 0 1 1 0 1 0 0 0 0 0 0 0
250	1	1 1 1 1 1 1 0 1 1 0 1 0 0 1 0 0 0 0 1 0 0 0 0 0 1 1 0 0 0 0 0 1 1 0 0 0 0 1 0 1 1 0 1 0 0 0 0 0 0 0
250	1	1 1 1 1 1 1 0 1 1 0 1 1 0 1 0 0 1 0 1 0 0 0 0 0 1 1 0 0 0 0 0 1 1 0 0 0 0 1 0 1 1 0 0 0 0 0 0 0 0 0
250	15	1 1 1 1 1 1 0 1 1 0 1 1 0 1 0 0 1 0 1 0 0 0 0 0 1 1 0 0 0 0 0 1 1 0 0 0 0 1 0 1 1 0 1 0 0 0 0 0 0 0
250	3	1 1 1 1 0 1 0 1 1 0 1 1 0 1 0 0 1 0 1 0 0 0 0 0 1 1 0 0 0 0 0 1 1 0 1 0 0 1 0 1 0 0 1 0 0 0 0 0 0 0
250	1	1 1 1 1 0 1 0 1 1 0 1 0 0 1 0 0 1 0 1 0 0 0 0 0 1 1 0 0 0 0 0 1 1 0 0 0 0 1 0 1 0 0 1 0 0 0 0 0 0 0
250	5	1 1 1 1 0 1 0 1 1 0 1 1 0 1 0 0 1 0 1 0 0 0 0 0 1 1 0 0 0 0 0 1 1 0 0 0 0 1 0 1 0 0 1 0 0 1 0 0 0 0
250	1	1 1 1 1 0 1 0 1 1 0 1 1 0 1 0 0 1 0 1 0 0 0 0 0 1 1 0 0 0 0 0 1 1 0 0 0 0 1 0 1 0 0 1 0 0 0 0 0 0 1
250	2	1 1 1 1 0 1 0 1 1 0 1 1 0 1 0 0 1 0 1 0 0 0 0 0 1 1 0 0 0 0 0 1 1 0 0 1 0 1 0 1 0 0 1 0 0 0 0 0 0 0
250	3	1 1 1 1 0 1 1 1 1 0 1 1 0 1 0 0 1 0 1 0 0 0 0 0 1 1 0 0 0 0 0 1 1 0 0 0 0 1 0 1 0 0 1 0 0 0 0 0 0 0
250	1	1 1 1 1 0 1 0 1 1 0 0 1 0 1 0 0 1 0 1 0 0 0 0 0 1 1 0 0 0 0 0 1 1 0 0 0 0 1 0 1 0 0 1 0 0 0 0 0 0 0
250	1	1 1 1 1 0 1 0 1 1 0 1 1 0 0 0 0 1 0 1 0 0 0 0 0 1 1 0 0 0 0 0 1 1 0 0 0 0 1 0 1 0 0 1 0 0 0 0 0 0 0
250	40	1 1 1 1 0 1 0 1 1 0 1 1 0 1 0 0 1 0 1 0 0 0 0 0 1 1 0 0 0 0 0 1 1 0 0 0 0 1 0 1 0 0 1 0 0 0 0 0 0 0
260	1	1 1 1 1 1 1 1 1 0 0 1 1 0 1 0 0 1 0 1 0 0 0 0 0 1 1 0 0 0 1 0 1 1 0 0 0 0 1 0 1 1 0 0 0 0 0 0 0 0 0
260	18	1 1 1 1 1 1 1 1 0 0 1 1 0 1 0 0 1 0 1 0 0 0 0 0 1 1 0 0 0 0 0 1 1 0 0 0 0 1 0 1 1 0 0 0 0 0 0 0 0 0
260	13	1 1 1 1 1 1 1 1 0 0 1 1 0 1 0 0 1 0 1 0 0 0 0 0 1 1 0 0 0 0 0 1 1 0 0 0 0 1 0 1 1 0 1 0 0 0 0 0 0 0
260	4	1 1 1 1 0 1 0 1 1 0 1 1 1 1 0 0 1 0 1 0 0 0 0 0 1 1 0 0 0 0 0 1 1 0 0 0 0 1 0 1 1 0 1 0 0 0 0 0 0 0
260	4	1 1 1 1 1 1 0 1 1 0 1 1 0 1 0 0 1 0 1 0 0 0 0 0 1 1 0 0 0 0 0 1 1 0 0 0 0 1 0 1 1 0 0 0 0 0 0 0 0 0
260	18	1 1 1 1 1 1 0 1 1 0 1 1 0 1 0 0 1 0 1 0 0 0 0 0 1 1 0 0 0 0 0 1 1 0 0 0 0 1 0 1 1 0 1 0 0 0 0 0 0 0
260	1	1 1 1 1 0 1 0 1 1 0 1 1 0 1 0 0 1 0 1 0 1 0 0 0 1 1 0 0 0 0 0 1 1 0 0 0 0 1 0 1 1 0 1 0 0 0 0 0 0 0
260	1	1 1 1 1 0 1 0 0 1 0 1 1 0 1 0 0 1 0 1 0 0 0 0 0 1 1 1 0 0 0 0 1 1 0 0 0 0 1 0 1 0 0 1 0 0 0 0 0 0 0
260	27	1 1 1 1 0 1 0 1 1 0 1 1 0 1 0 0 1 0 1 0 0 0 0 0 1 1 0 0 0 0 0 1 1 0 0 0 0 1 0 1 0 0 1 0 0 0 0 0 0 0
260	3	1 1 1 1 0 1 0 1 1 0 1 1 0 1 0 0 1 0 1 0 0 0 0 0 1 1 0 0 0 0 0 1 1 0 1 0 0 1 0 1 0 0 1 0 0 0 0 0 0 0
260	2	1 1 1 1 0 1 0 1 1 0 1 0 0 1 0 0 1 0 1 0 0 0 0 0 1 1 0 0 0 0 0 1 1 0 0 0 0 1 0 1 0 0 1 0 0 0 0 0 0 0
260	3	1 1 1 1 0 1 0 1 1 0 1 1 0 1 0 0 1 0 1 0 0 0 0 0 1 1 0 0 0 0 0 1 1 0 0 0 0 1 0 1 0 0 1 0 0 1 0 0 0 0
260	2	1 1 1 1 0 1 0 1 1 0 1 1 0 1 0 0 1 0 1 0 0 0 0 0 1 1 0 0 0 0 0 1 1 0 0 0 0 1 0 1 0 0 1 1 0 0 0 0 0 0
260	1	1 1 1 1 0 1 0 1 1 0 1 1 0 1 0 0 1 0 1 0 0 0 1 0 1 1 0 0 0 0 0 1 1 0 0 0 0 1 0 1 0 0 1 0 0 0 0 0 0 0
260	1	1 1 1 1 0 1 0 1 1 0 1 1 0 1 0 0 1 0 1 0 0 1 0 0 1 1 0 0 0 0 0 1 1 0 0 0 0 1 0 1 0 0 1 0 0 0 0 0 0 0
260	1	1 1 1 1 0 1 0 1 1 0 1 1 0 1 0 0 1 0 1 0 0 0 0 0 1 1 0 0 1 0 0 1 1 0 0 0 0 1 0 1 0 0 1 0 0 0 0 0 0 0
270	1	1 1 1 1 1 1 1 1 0 0 1 1 0 1 0 0 1 0 1 0 0 0 0 0 1 0 0 0 0 0 0 1 1 0 0 0 0 1 0 1 1 0 0 0 0 0 0 0 0 0
270	2	1 1 1 1 1 1 1 1 0 0 1 1 0 1 0 0 1 0 1 0 0 0 0 0 1 1 0 0 0 0 0 1 1 1 0 0 0 1 0 1 1 0 0 0 0 0 0 0 0 0
270	19	1 1 1 1 1 1 1 1 0 0 1 1 0 1 0 0 1 0 1 0 0 0 0 0 1 1 0 0 0 0 0 1 1 0 0 0 0 1 0 1 1 0 0 0 0 0 0 0 0 0
270	21	1 1 1 1 1 1 1 1 0 0 1 1 0 1 0 0 1 0 1 0 0 0 0 0 1 1 0 0 0 0 0 1 1 0 0 0 0 1 0 1 1 0 1 0 0 0 0 0 0 0
270	10	1 1 1 1 1 1 0 1 1 0 1 1 0 1 0 0 1 0 1 0 0 0 0 0 1 1 0 0 0 0 0 1 1 0 0 0 0 1 0 1 1 0 0 0 0 0 0 0 0 0
270	1	1 1 1 1 1 1 0 1 1 0 1 1 0 1 0 0 1 0 1 0 0 0 0 0 0 1 0 0 0 0 0 1 1 0 0 0 0 1 0 1 1 0 1 0 0 0 0 0 0 0
270	1	1 1 1 1 1 1 0 1 1 0 1 1 0 1 1 0 1 0 1 0 0 0 0 0 1 1 0 0 0 0 0 1 1 0 0 0 0 1 0 1 1 0 1 0 0 0 0 0 0 0
270	10	1 1 1 1 1 1 0 1 1 0 1 1 0 1 0 0 1 0 1 0 0 0 0 0 1 1 0 0 0 0 0 1 1 0 0 0 0 1 0 1 1 0 1 0 0 0 0 0 0 0
270	1	1 1 1 1 0 1 0 1 1 0 1 1 0 0 0 0 1 0 1 0 0 0 0 0 1 1 0 0 0 0 0 1 1 0 0 0 0 1 0 1 0 0 1 0 0 0 0 0 0 0
270	1	1 1 1 1 0 1 0 1 1 0 1 1 0 1 0 0 1 0 1 0 0 0 0 0 1 1 0 0 0 0 0 1 1 0 0 0 0 1 0 0 0 0 1 0 0 0 0 0 0 0
270	24	1 1 1 1 0 1 0 1 1 0 1 1 0 1 0 0 1 0 1 0 0 0 0 0 1 1 0 0 0 0 0 1 1 0 0 0 0 1 0 1 0 0 1 0 0 0 0 0 0 0
270	4	1 1 1 1 0 1 0 1 1 0 1 1 0 1 0 0 1 0 1 0 0 0 0 0 1 1 0 0 0 0 0 1 1 0 0 0 0 1 0 1 0 0 1 0 0 1 0 0 0 0
270	2	1 1 1 1 0 1 0 1 1 0 1 1 0 1 0 0 1 1 1 0 0 0 0 0 1 1 0 0 0 0 0 1 1 0 0 0 0 1 0 1 0 0 1 0 0 0 0 0 0 0
270	2	1 1 1 1 0 1 1 1 1 0 1 1 0 1 0 0 1 0 1 0 0 0 0 0 1 1 0 0 0 0 0 1 1 0 0 0 0 1 0 1 0 0 1 0 0 0 0 0 0 0
270	1	1 1 1 1 0 1 0 0 1 0 1 1 0 1 0 0 1 0 1 0 0 0 0 0 1 1 0 0 1 0 0 1 1 0 0 0 0 1 0 1 0 0 1 0 0 0 0 0 0 0
280	1	1 1 1 1 1 1 1 1 0 0 1 1 0 1 0 1 1 0 1 0 0 0 0 0 1 1 1 0 0 0 0 1 1 0 0 0 0 1 0 1 1 0 0 0 0 0 0 0 0 0
280	7	1 1 1 1 1 1 1 1 0 0 1 1 0 1 0 1 1 0 1 0 0 0 0 0 1 1 0 0 0 0 0 1 1 0 0 0 0 1 0 1 1 0 0 0 0 0 0 0 0 0
280	2	1 1 1 1 1 1 1 1 0 0 1 1 0 1 0 0 1 0 1 0 0 0 0 0 1 0 0 0 0 0 0 1 1 0 0 0 0 1 0 1 1 0 0 0 0 0 0 0 0 0
280	36	1 1 1 1 1 1 1 1 0 0 1 1 0 1 0 0 1 0 1 0 0 0 0 0 1 1 0 0 0 0 0 1 1 0 0 0 0 1 0 1 1 0 0 0 0 0 0 0 0 0
280	3	1 1 1 1 1 1 1 1 0 0 1 1 0 1 0 0 1 0 1 0 0 0 0 0 1 1 0 0 0 0 0 1 1 0 0 0 0 1 0 1 1 0 1 0 0 0 0 0 0 0
280	10	1 1 1 1 1 1 0 1 1 0 1 1 0 1 0 0 1 0 1 0 0 0 0 0 1 1 0 0 0 0 0 1 1 0 0 0 0 1 0 1 1 0 0 0 0 0 0 0 0 0
280	2	1 1 1 1 1 1 0 1 1 0 1 1 0 1 0 0 1 0 0 0 0 0 0 0 1 1 0 0 0 0 0 1 1 0 1 0 0 1 0 1 1 0 1 0 0 0 0 0 0 0
280	13	1 1 1 1 1 1 0 1 1 0 1 1 0 1 0 0 1 0 1 0 0 0 0 0 1 1 0 0 0 0 0 1 1 0 0 0 0 1 0 1 1 0 1 0 0 0 0 0 0 0
280	1	1 1 1 1 0 1 0 1 1 0 1 1 0 1 0 0 1 0 1 0 1 0 0 0 1 1 0 0 0 0 0 1 1 0 0 0 0 1 0 1 0 0 1 0 0 0 0 0 0 0
280	1	1 1 1 1 0 1 0 1 1 0 1 1 0 1 0 0 1 0 1 0 0 0 0 0 1 1 0 0 0 0 0 1 1 0 0 0 0 1 0 0 0 0 1 0 0 0 0 0 0 0
280	21	1 1 1 1 0 1 0 1 1 0 1 1 0 1 0 0 1 0 1 0 0 0 0 0 1 1 0 0 0 0 0 1 1 0 0 0 0 1 0 1 0 0 1 0 0 0 0 0 0 0
280	3	1 1 1 1 0 1 1 1 1 0 1 1 0 1 0 0 1 0 1 0 0 0 0 0 1 1 0 0 0 0 0 1 1 0 0 0 0 1 0 1 0 0 1 0 0 0 0 0 0 0
290	3	1 1 1 1 1 1 1 1 0 0 1 1 0 1 0 1 1 0 1 0 0 0 0 0 1 1 0 0 0 0 0 1 1 0 0 0 0 1 0 1 1 0 0 0 0 0 0 0 0 0
290	2	1 1 1 1 1 1 1 1 0 0 1 1 0 1 0 0 1 0 1 0 0 0 0 0 1 0 0 0 0 0 0 1 1 0 0 0 0 1 0 1 1 0 0 0 0 0 0 0 0 0
290	1	1 1 1 1 1 1 1 1 0 0 1 1 0 1 0 0 1 0 1 0 0 0 0 0 1 1 0 0 0 0 0 1 1 0 0 0 0 1 0 1 0 0 0 0 0 0 0 0 0 0
290	1	1 1 1 1 1 1 1 1 0 0 1 1 0 1 0 0 1 0 1 0 0 0 0 0 1 1 1 0 0 0 0 1 1 0 0 0 0 1 0 1 1 0 0 0 0 0 0 0 0 0
290	2	1 1 1 1 1 1 1 1 0 0 1 1 0 1 0 0 1 0 1 0 0 0 0 0 0 1 0 0 0 0 0 1 1 0 0 0 0 1 0 1 1 0 0 0 0 0 0 0 0 0
290	1	1 1 1 1 1 1 1 1 0 0 1 1 0 1 0 0 1 0 1 0 0 0 0 0 1 1 0 0 0 0 0 1 1 0 0 0 0 0 0 1 1 0 0 0 0 0 0 0 0 0
290	45	1 1 1 1 1 1 1 1 0 0 1 1 0 1 0 0 1 0 1 0 0 0 0 0 1 1 0 0 0 0 0 1 1 0 0 0 0 1 0 1 1 0 0 0 0 0 0 0 0 0
290	3	1 1 1 1 1 1 1 1 0 0 1 1 0 1 0 0 1 0 1 0 0 0 0 0 1 1 0 0 0 0 0 1 1 0 0 0 0 1 0 1 1 0 1 0 0 0 0 0 0 0
290	1	1 1 1 1 1 1 0 1 1 0 1 1 0 1 0 0 1 0 1 0 0 0 0 0 1 1 0 0 0 0 0 1 1 0 0 0 0 1 0 1 1 0 0 0 0 0 0 0 0 1
290	1	1 1 1 1 1 1 0 1 1 0 1 1 0 1 0 0 0 0 1 0 0 0 0 0 1 1 0 0 0 0 0 1 1 0 0 0 0 1 0 1 1 0 0 0 0 0 0 0 0 0
290	5	1 1 1 1 1 1 0 1 1 0 1 1 0 1 0 0 1 0 1 0 0 0 0 0 1 1 0 0 0 0 0 1 1 0 0 0 0 1 0 1 1 0 1 0 0 0 0 0 0 0
290	6	1 1 1 1 1 1 0 1 1 0 1 1 0 1 0 0 1 0 1 0 0 0 0 0 1 1 0 0 0 0 0 1 1 0 0 0 0 1 0 1 1 0 0 0 0 0 0 0 0 0
290	1	1 1 1 1 1 1 0 1 1 0 1 1 0 1 0 0 1 0 0 0 0 0 0 0 1 1 0 0 0 0 0 1 1 0 1 0 0 1 0 1 1 0 1 0 0 0 0 0 0 0
290	1	0 1 1 1 0 1 0 1 1 0 1 1 0 1 0 0 1 0 1 0 0 0 0 0 1 1 0 0 0 0 0 1 1 0 0 0 0 1 0 1 0 0 1 0 0 0 0 0 0 0
290	2	1 1 1 1 0 1 0 1 1 0 1 1 0 1 1 0 1 0 1 0 0 0 0 0 1 1 0 0 0 0 0 1 1 0 0 0 0 1 0 1 0 0 1 0 0 0 0 0 0 0
290	23	1 1 1 1 0 1 0 1 1 0 1 1 0 1 0 0 1 0 1 0 0 0 0 0 1 1 0 0 0 0 0 1 1 0 0 0 0 1 0 1 0 0 1 0 0 0 0 0 0 0
290	1	1 1 1 1 0 1 0 1 1 0 1 1 0 1 0 0 1 0 1 0 0 0 0 0 1 1 0 0 0 0 0 1 1 0 0 0 0 1 0 1 0 0 1 0 0 1 0 0 0 0
290	1	1 1 1 1 0 1 0 0 1 0 1 1 0 1 0 0 1 0 1 0 0 0 0 0 1 1 0 0 1 0 0 1 1 0 0 0 0 1 0 1 0 0 1 0 0 0 0 0 0 0
300	1	1 1 1 1 1 1 1 1 0 0 1 1 0 1 0 1 1 0 1 0 0 0 0 0 1 1 0 0 0 0 0 1 1 0 0 0 0 1 0 1 1 0 0 0 0 0 0 0 0 0
300	3	1 1 1 1 1 1 1 1 0 0 1 1 0 1 0 0 1 0 1 0 0 0 0 0 1 0 0 0 0 0 0 1 1 0 0 0 0 1 0 1 1 0 0 0 0 0 0 0 0 0
300	1	1 1 1 1 1 1 1 1 0 0 1 1 0 1 0 0 1 0 1 0 0 0 0 0 1 1 0 0 0 0 0 1 1 0 0 0 0 1 0 1 0 0 0 0 0 0 0 0 0 0
300	1	1 1 1 1 1 1 1 1 0 0 1 1 0 1 0 0 1 0 1 0 0 0 0 0 0 1 0 0 0 0 0 1 1 0 0 0 0 1 0 1 1 0 0 0 0 0 0 0 0 0
300	3	1 1 1 1 1 1 1 1 0 0 1 1 0 1 0 0 1 0 1 0 0 0 0 0 1 1 0 0 0 0 0 1 1 0 0 0 0 0 0 1 1 0 0 0 0 0 0 0 0 0
300	1	1 1 1 1 1 1 1 1 0 0 1 1 0 1 0 0 1 0 1 0 0 0 0 0 1 1 0 0 0 0 0 1 1 0 0 0 0 1 0 1 1 0 1 0 0 0 0 0 0 0
300	52	1 1 1 1 1 1 1 1 0 0 1 1 0 1 0 0 1 0 1 0 0 0 0 0 1 1 0 0 0 0 0 1 1 0 0 0 0 1 0 1 1 0 0 0 0 0 0 0 0 0
300	1	1 1 1 1 1 1 1 1 0 0 1 1 0 1 0 0 1 0 1 0 0 0 0 0 1 1 0 0 0 0 0 1 1 0 0 0 0 1 0 1 1 0 1 0 1 0 0 0 0 0
300	2	1 1 1 1 1 1 0 1 1 0 1 1 0 1 0 0 1 0 1 0 0 0 0 0 1 1 0 0 0 0 0 1 1 0 0 0 0 1 0 1 1 0 1 0 0 0 0 0 0 0
300	26	1 1 1 1 1 1 0 1 1 0 1 1 0 1 0 0 1 0 1 0 0 0 0 0 1 1 0 0 0 0 0 1 1 0 0 0 0 1 0 1 1 0 0 0 0 0 0 0 0 0
300	1	1 1 1 1 1 1 0 1 1 0 1 1 0 1 0 0 1 0 0 0 0 0 0 0 1 1 0 0 0 0 0 1 1 0 1 0 0 1 0 1 1 0 1 0 0 0 0 0 0 0
300	2	1 1 1 1 1 1 0 1 1 1 1 1 0 1 0 0 1 0 1 0 0 0 0 0 1 1 0 0 0 0 0 1 1 0 0 0 0 1 0 1 1 0 1 0 0 0 0 0 0 0
300	5	1 1 1 1 0 1 0 1 1 0 1 1 0 1 0 0 1 0 1 0 0 0 0 0 1 1 0 0 0 0 0 1 1 0 0 0 0 1 0 1 0 0 1 0 0 0 0 0 0 0
300	1	1 1 1 1 0 1 1 1 1 0 1 1 0 1 0 0 1 0 1 0 0 0 0 0 1 1 0 0 0 0 0 1 1 0 0 0 0 1 0 1 0 0 1 0 0 0 0 0 0 0
310	1	1 1 1 1 1 1 1 1 0 0 1 1 0 1 0 1 1 0 1 0 0 0 0 0 1 1 0 0 0 0 0 1 1 0 0 0 0 1 0 1 1 0 0 0 0 0 0 0 0 0
310	2	1 1 1 1 1 1 1 1 0 0 1 1 0 1 0 0 1 0 1 0 0 0 0 0 1 0 0 0 0 0 1 1 1 0 0 0 0 1 0 1 1 0 0 0 0 0 0 0 0 0
310	1	1 1 1 1 1 1 1 1 0 0 1 1 0 1 0 0 0 0 1 0 0 0 0 0 1 0 0 0 0 0 0 1 1 0 0 0 0 1 0 1 1 0 0 0 0 0 0 0 0 0
310	5	1 1 1 1 1 1 1 1 0 0 1 1 0 1 0 0 1 0 1 0 0 0 0 0 1 0 0 0 0 0 0 1 1 0 0 0 0 1 0 1 1 0 0 0 0 0 0 0 0 0
310	8	1 1 1 1 1 1 1 1 0 0 1 1 0 1 0 0 1 0 1 0 0 0 0 0 1 1 0 0 0 0 0 1 1 0 0 0 0 1 0 1 0 0 0 0 0 0 0 0 0 0
310	1	1 1 1 1 1 1 1 1 0 0 1 1 0 1 0 0 1 0 1 0 0 0 0 0 1 1 0 0 0 0 0 1 1 0 0 0 0 0 0 1 1 0 0 0 0 0 0 0 0 0
310	1	1 1 1 1 1 1 1 1 0 0 1 1 0 1 0 0 1 0 1 0 0 0 0 0 1 1 0 0 0 0 1 1 1 0 0 0 0 1 0 1 1 0 0 0 0 0 0 0 0 0
310	1	1 1 1 1 1 1 1 1 0 0 1 1 0 1 0 0 1 0 1 0 0 0 0 0 1 1 0 0 0 1 0 1 1 0 0 0 0 1 0 1 1 0 0 0 0 0 0 0 0 0
310	2	1 1 1 1 1 1 1 1 1 0 1 1 0 1 0 0 1 0 1 0 0 0 0 0 1 1 0 0 0 0 0 1 1 0 0 0 0 1 0 1 1 0 0 0 0 0 0 0 0 0
310	1	1 1 1 1 1 1 1 1 0 0 1 1 1 1 0 0 1 0 1 0 0 0 0 0 1 1 0 0 0 0 0 1 1 0 0 0 0 1 0 1 0 0 0 0 0 0 0 0 0 0
310	3	1 1 1 1 1 1 1 1 0 0 1 1 0 1 0 0 1 0 1 0 0 0 0 0 1 1 0 0 0 0 0 1 1 0 0 0 0 1 0 1 1 1 0 0 0 0 0 0 0 0
310	2	1 0 1 1 1 1 1 1 0 0 1 1 0 1 0 0 1 0 1 0 0 0 0 0 1 1 0 0 0 0 0 1 1 0 0 0 0 1 0 1 1 0 0 0 0 0 0 0 0 0
310	50	1 1 1 1 1 1 1 1 0 0 1 1 0 1 0 0 1 0 1 0 0 0 0 0 1 1 0 0 0 0 0 1 1 0 0 0 0 1 0 1 1 0 0 0 0 0 0 0 0 0
310	16	1 1 1 1 1 1 0 1 1 0 1 1 0 1 0 0 1 0 1 0 0 0 0 0 1 1 0 0 0 0 0 1 1 0 0 0 0 1 0 1 1 0 0 0 0 0 0 0 0 0
310	5	1 1 1 1 1 1 0 1 1 1 1 1 0 1 0 0 1 0 1 0 0 0 0 0 1 1 0 0 0 0 0 1 1 0 0 0 0 1 0 1 1 0 1 0 0 0 0 0 0 0
310	1	1 1 1 1 0 1 0 1 1 0 1 1 0 1 0 0 1 0 1 0 0 0 0 0 1 1 0 0 0 0 0 1 1 0 0 0 0 1 0 1 0 0 1 0 0 0 0 0 0 0
