0	100	0 0 0 0 0 0 0 0 0 0
10	3	1 0 0 0 0 0 0 0 0 0
10	1	0 1 0 0 0 0 0 0 0 0
10	1	0 0 0 0 0 0 0 0 0 1
10	95	0 0 0 0 0 0 0 0 0 0
20	2	0 0 0 1 0 0 0 0 0 0
20	3	1 0 0 0 0 0 0 0 0 0
20	94	0 0 0 0 0 0 0 0 0 0
20	1	0 0 0 0 0 0 0 1 0 0
30	4	0 0 0 1 0 0 0 0 0 0
30	1	0 0 0 0 0 0 0 1 0 0
30	1	0 0 0 0 0 0 0 0 0 1
30	4	0 1 0 0 0 0 0 0 0 0
30	84	0 0 0 0 0 0 0 0 0 0
30	3	1 0 0 0 0 0 0 0 0 0
30	2	0 0 0 0 0 0 0 0 1 0
30	1	0 0 1 0 0 0 0 0 0 0
40	2	0 0 0 1 0 0 0 0 0 0
40	10	0 0 0 0 0 0 0 1 0 0
40	5	1 0 0 0 0 0 0 0 0 0
40	4	0 1 0 0 0 0 0 0 0 0
40	77	0 0 0 0 0 0 0 0 0 0
40	2	0 0 0 0 1 0 0 1 0 0
50	1	0 0 0 0 0 0 1 0 0 0
50	6	0 0 0 1 0 0 0 0 0 0
50	8	0 0 0 0 0 0 0 1 0 0
50	6	1 0 0 0 0 0 0 0 0 0
50	9	0 1 0 0 0 0 0 0 0 0
50	1	0 0 0 0 0 0 0 0 1 0
50	1	0 0 1 0 0 0 0 0 0 0
50	68	0 0 0 0 0 0 0 0 0 0
60	1	0 0 0 0 0 0 1 0 0 0
60	2	0 0 1 1 0 0 0 0 0 0
60	1	0 0 0 1 0 1 0 0 0 0
60	13	0 0 0 1 0 0 0 0 0 0
60	2	0 0 0 0 0 0 0 1 0 0
60	3	0 0 1 0 0 0 0 0 0 0
60	4	1 0 0 0 0 0 0 0 0 0
60	60	0 0 0 0 0 0 0 0 0 0
60	8	0 1 0 0 0 0 0 0 0 0
60	4	0 0 0 0 0 1 0 0 0 0
60	2	1 0 0 0 0 0 0 1 0 0
70	2	0 0 0 0 0 0 1 0 0 0
70	2	0 0 1 1 0 1 0 0 0 0
70	14	0 0 0 1 0 0 0 0 0 0
70	3	0 0 1 1 0 0 0 0 0 0
70	1	0 0 0 0 0 0 0 1 0 0
70	1	0 0 1 0 0 0 0 0 0 0
70	3	1 0 0 0 0 0 0 0 0 0
70	10	0 1 0 0 0 0 0 0 0 0
70	3	0 0 0 0 0 1 0 0 0 0
70	61	0 0 0 0 0 0 0 0 0 0
80	1	1 0 0 0 0 0 1 0 0 0
80	4	1 0 0 0 0 0 0 0 0 0
80	4	0 1 0 0 0 0 0 0 0 0
80	50	0 0 0 0 0 0 0 0 0 0
80	3	0 0 1 1 0 1 0 0 0 0
80	5	0 0 1 0 0 0 0 0 0 0
80	20	0 0 0 1 0 0 0 0 0 0
80	7	0 0 1 1 0 0 0 0 0 0
80	1	0 0 0 0 0 0 0 1 0 0
80	1	1 0 1 0 0 0 0 0 0 0
80	1	0 1 0 0 0 0 0 0 1 0
80	1	0 0 0 0 0 0 0 0 1 0
80	1	0 1 0 1 0 0 0 0 0 0
80	1	0 1 0 0 0 0 0 1 0 0
90	3	1 0 0 0 0 0 1 0 0 0
90	10	1 0 0 0 0 0 0 0 0 0
90	7	0 1 0 0 0 0 0 0 0 0
90	3	1 0 1 0 0 0 0 0 0 0
90	8	0 0 1 0 0 0 0 0 0 0
90	1	0 1 1 1 0 0 0 0 0 0
90	7	0 0 1 1 0 0 0 0 0 0
90	17	0 0 0 1 0 0 0 0 0 0
90	1	0 0 0 0 0 1 0 0 0 0
90	39	0 0 0 0 0 0 0 0 0 0
90	4	0 0 1 1 0 1 0 0 0 0
100	1	1 0 0 0 0 0 1 0 0 0
100	1	1 0 0 0 0 0 0 0 0 1
100	1	0 0 0 0 0 0 1 0 0 0
100	11	0 0 0 1 0 0 0 0 0 0
100	30	0 0 0 0 0 0 0 0 0 0
100	14	1 0 0 0 0 0 0 0 0 0
100	5	0 1 0 0 0 0 0 0 0 0
100	1	0 0 0 0 0 0 0 1 0 0
100	5	1 0 1 0 0 0 0 0 0 0
100	9	0 0 1 0 0 0 0 0 0 0
100	2	0 0 1 1 0 0 1 0 0 0
100	9	0 0 1 1 0 0 0 0 0 0
100	1	1 0 0 1 0 0 0 0 0 0
100	4	0 0 0 0 0 1 0 0 0 0
100	6	0 0 1 1 0 1 0 0 0 0
110	3	1 0 0 0 0 0 1 0 0 0
110	22	0 0 0 0 0 0 0 0 0 0
110	3	0 1 0 0 0 0 0 0 0 0
110	5	0 0 1 0 0 0 0 0 0 0
110	17	0 0 0 1 0 0 0 0 0 0
110	13	0 0 0 0 0 1 0 0 0 0
110	5	1 0 1 0 0 0 0 0 0 0
110	10	1 0 0 0 0 0 0 0 0 0
110	2	0 0 1 1 0 0 1 0 0 0
110	8	0 0 1 1 0 0 0 0 0 0
110	12	0 0 1 1 0 1 0 0 0 0
120	1	1 0 0 0 0 0 1 0 0 0
120	1	1 0 0 0 0 0 0 0 0 1
120	1	0 0 0 1 0 0 0 1 0 0
120	1	0 0 0 0 0 0 1 0 0 0
120	7	1 0 1 0 0 0 0 0 0 0
120	10	1 0 0 0 0 0 0 0 0 0
120	9	0 1 0 0 0 0 0 0 0 0
120	18	0 0 0 0 0 0 0 0 0 0
120	1	0 0 1 0 0 0 0 0 0 0
120	1	0 0 0 1 1 0 0 0 0 0
120	1	0 0 0 1 0 0 0 0 0 1
120	20	0 0 0 1 0 0 0 0 0 0
120	1	0 0 0 0 1 1 0 0 0 0
120	4	0 0 0 0 0 1 0 0 0 0
120	10	0 0 1 1 0 1 0 0 0 0
120	2	0 0 1 1 0 0 1 0 0 0
120	12	0 0 1 1 0 0 0 0 0 0
130	2	1 1 1 0 0 0 0 0 0 0
130	11	1 0 1 0 0 0 0 0 0 0
130	4	1 0 0 0 0 0 0 0 0 0
130	2	0 0 0 0 1 0 0 0 0 0
130	4	0 1 0 0 0 0 0 0 0 0
130	19	0 0 0 0 0 0 0 0 0 0
130	16	0 0 1 1 0 1 0 0 0 0
130	4	0 0 1 1 0 0 0 0 0 0
130	1	0 0 0 1 0 1 0 0 0 0
130	30	0 0 0 1 0 0 0 0 0 0
130	3	0 0 0 0 0 1 0 0 0 0
130	1	0 1 1 1 0 1 0 0 0 0
130	1	0 0 1 1 0 1 0 0 0 1
130	2	0 0 1 1 0 0 1 0 0 0
140	1	0 0 1 0 0 0 0 0 0 0
140	15	1 0 1 0 0 0 0 0 0 0
140	3	1 0 0 0 0 1 0 0 0 0
140	22	0 0 0 0 0 0 0 0 0 0
140	5	0 1 0 0 0 0 0 0 0 0
140	1	1 0 0 0 0 0 1 0 0 0
140	4	1 0 0 0 0 0 0 0 0 0
140	3	0 0 1 1 0 1 0 0 0 1
140	4	0 0 1 1 0 0 0 0 0 0
140	20	0 0 1 1 0 1 0 0 0 0
140	2	0 1 1 1 0 1 0 0 0 0
140	1	1 0 0 1 0 0 0 0 0 0
140	3	0 0 0 1 0 0 0 1 0 0
140	15	0 0 0 1 0 0 0 0 0 0
140	1	0 0 0 0 0 1 0 0 0 0
150	2	1 1 1 0 0 0 0 0 0 0
150	2	0 0 1 0 0 0 0 0 0 0
150	5	1 0 1 0 0 0 0 0 0 0
150	1	1 0 1 0 0 1 0 0 0 0
150	4	1 0 0 0 0 1 0 0 0 0
150	6	0 1 0 0 0 0 0 0 0 0
150	1	0 0 0 0 0 0 0 0 0 1
150	10	0 0 0 0 0 0 0 0 0 0
150	2	1 0 0 1 0 0 0 0 0 0
150	1	1 0 0 0 1 0 0 0 0 0
150	2	1 0 0 0 0 0 0 0 0 0
150	2	0 0 1 0 0 1 0 0 0 1
150	1	0 0 1 1 0 1 0 0 0 1
150	1	0 0 0 1 0 1 0 0 0 0
150	22	0 0 1 1 0 1 0 0 0 0
150	1	0 1 1 1 0 1 0 0 0 0
150	36	0 0 0 1 0 0 0 0 0 0
150	1	0 0 0 0 0 1 0 0 0 0
