10	1	0 1 0 1 0 0 1 1 0 0
10	1	0 1 0 1 1 0 0 1 0 0
10	40	0 1 0 1 1 0 1 1 0 0
10	1	0 1 1 1 0 1 0 1 0 0
10	27	0 1 1 0 0 1 0 1 0 0
10	30	0 1 0 0 1 0 0 0 1 1
20	2	0 1 0 1 0 0 1 0 0 0
20	2	0 1 0 1 0 0 1 1 0 0
20	4	0 1 0 1 1 0 0 1 0 0
20	1	1 1 0 1 1 0 1 1 0 0
20	1	0 1 0 1 1 0 1 0 0 0
20	1	0 1 1 1 1 0 1 1 0 0
20	43	0 1 0 1 1 0 1 1 0 0
20	3	0 1 1 1 0 1 0 1 0 0
20	4	0 1 1 0 1 1 0 1 0 0
20	1	0 0 1 0 0 1 0 1 0 0
20	22	0 1 1 0 0 1 0 1 0 0
20	1	0 1 0 0 1 1 0 0 1 1
20	15	0 1 0 0 1 0 0 0 1 1
30	2	0 1 0 1 1 0 1 0 0 0
30	2	0 1 0 1 0 0 1 1 0 0
30	8	0 1 0 1 1 0 0 1 0 0
30	32	0 1 0 1 1 0 1 1 0 0
30	1	0 1 1 1 0 1 0 0 0 0
30	22	0 1 1 1 0 1 0 1 0 0
30	7	0 1 1 0 1 1 0 1 0 0
30	1	0 1 1 0 0 0 0 1 0 0
30	1	0 1 1 0 0 1 1 1 0 0
30	16	0 1 1 0 0 1 0 1 0 0
30	8	0 1 0 0 1 0 0 0 1 1
40	2	0 1 0 1 1 0 1 0 0 0
40	3	0 1 1 1 1 0 0 1 0 0
40	3	0 0 0 1 1 0 0 1 0 0
40	4	0 1 0 1 1 0 0 1 0 0
40	1	0 0 0 1 1 0 1 1 0 0
40	1	0 1 0 0 1 0 1 1 0 0
40	17	0 1 0 1 1 0 1 1 0 0
40	3	0 1 0 1 0 1 0 1 0 0
40	4	0 1 1 1 0 0 0 1 0 0
40	6	0 1 1 0 1 1 0 1 0 0
40	1	0 1 1 1 0 1 0 1 0 1
40	37	0 1 1 1 0 1 0 1 0 0
40	1	1 1 1 0 0 1 0 1 0 0
40	13	0 1 1 0 0 1 0 1 0 0
40	3	0 1 1 0 0 0 0 1 0 0
40	1	0 1 0 0 1 0 0 0 1 1
50	3	0 1 0 1 1 0 1 0 0 0
50	2	0 1 1 1 1 0 0 1 0 0
50	4	0 1 0 1 1 0 0 1 0 0
50	3	0 1 0 1 1 0 1 1 0 0
50	1	0 1 0 1 0 1 0 1 0 0
50	1	0 1 1 1 0 0 0 1 0 0
50	55	0 1 1 1 0 1 0 1 0 0
50	1	0 1 1 1 0 1 0 1 1 0
50	4	0 1 1 0 1 1 0 1 0 0
50	1	1 1 1 0 0 1 0 1 0 0
50	5	1 1 1 1 0 1 0 1 0 0
50	2	0 0 1 1 0 1 0 1 0 0
50	10	0 1 1 0 0 1 0 1 0 0
50	1	0 1 1 0 1 0 0 1 0 0
50	7	0 1 1 0 0 0 0 1 0 0
60	1	0 1 0 1 0 0 0 0 0 0
60	1	0 1 0 1 1 0 1 1 0 0
60	2	0 1 0 1 1 0 0 1 0 0
60	3	0 1 1 1 1 0 0 1 0 0
60	1	0 1 0 1 1 0 1 1 1 0
60	2	0 1 1 1 0 0 0 1 0 0
60	3	0 1 1 1 0 1 0 0 0 0
60	8	0 1 1 0 0 1 0 1 0 0
60	14	1 1 1 1 0 1 0 1 0 0
60	2	0 1 1 1 0 1 0 1 1 0
60	57	0 1 1 1 0 1 0 1 0 0
60	4	0 1 1 0 1 0 0 1 0 0
60	2	0 1 1 0 0 0 0 1 0 0
70	2	1 1 0 1 0 0 0 0 0 0
70	5	0 1 0 1 0 0 0 0 0 0
70	3	0 1 0 1 1 0 0 1 0 0
70	3	0 1 1 1 1 0 0 1 0 0
70	3	0 1 1 1 0 0 0 1 0 0
70	2	0 1 1 1 0 1 0 1 1 0
70	1	0 1 1 1 1 1 0 1 0 0
70	1	0 1 1 1 0 1 0 1 0 1
70	58	0 1 1 1 0 1 0 1 0 0
70	5	0 1 1 0 0 1 0 1 0 0
70	1	1 1 1 1 0 0 0 1 0 0
70	14	1 1 1 1 0 1 0 1 0 0
70	2	0 1 1 0 1 0 0 1 0 0
