10	15	1 1 1 0 0 0 0 1 1 0 1 1 0 1 0 0 1 0 1 0 0 0 1 0 1 0 1 0 0 0 0 0 0 1 1 1 1 1 1 1 0 1 1 0 0 1 1 0 1 0
10	26	1 1 0 1 1 0 0 1 0 0 0 1 1 1 1 1 1 1 0 1 0 1 0 0 0 0 0 0 1 1 1 0 1 0 1 0 0 0 0 0 0 1 1 0 1 1 0 0 0 1
10	1	0 0 1 0 0 0 1 1 1 1 0 1 0 0 1 0 1 1 1 0 1 0 1 0 1 0 0 0 0 0 1 0 0 1 1 1 1 1 0 0 0 1 0 1 0 1 1 0 1 1
10	11	0 0 1 0 0 0 1 1 1 1 0 1 0 0 1 0 1 1 1 0 1 0 1 0 1 0 0 0 0 0 1 0 0 1 0 1 1 1 0 0 0 1 0 1 0 1 1 0 1 1
10	1	1 1 1 1 1 0 1 0 0 0 1 0 1 0 0 0 0 0 0 0 0 0 1 0 0 1 0 1 1 0 0 0 0 0 1 1 1 1 0 0 1 0 0 1 0 0 1 0 0 1
10	20	1 1 1 1 1 0 1 0 0 0 1 0 1 0 0 0 0 0 0 0 0 0 1 0 0 1 1 1 1 0 0 0 0 0 1 1 1 1 0 0 1 0 0 1 0 0 1 0 0 1
10	1	1 0 1 0 0 0 1 0 1 0 0 0 0 0 0 1 1 1 0 1 0 0 0 0 1 1 1 1 1 1 1 0 1 1 1 0 0 1 0 1 0 1 0 1 1 0 1 1 1 1
10	1	1 0 1 0 0 0 1 0 1 0 0 0 0 0 0 1 1 1 0 1 0 0 0 0 1 1 1 1 1 1 1 0 1 0 1 0 0 0 0 1 0 1 0 1 1 0 1 1 1 1
10	24	1 0 1 0 0 0 1 0 1 0 0 0 0 0 0 1 1 1 0 1 0 0 0 0 1 1 1 1 1 1 1 0 1 0 1 0 0 1 0 1 0 1 0 1 1 0 1 1 1 1
20	14	1 1 1 0 0 0 0 1 1 0 1 1 0 1 0 0 1 0 1 0 0 0 1 0 1 0 1 0 0 0 0 0 0 1 1 1 1 1 1 1 0 1 1 0 0 1 1 0 1 0
20	1	1 1 0 1 1 0 1 1 0 0 0 1 1 1 1 1 1 1 0 1 0 1 0 0 0 0 0 0 1 1 1 0 1 0 1 0 0 0 0 0 0 1 1 0 1 1 0 0 0 1
20	2	1 1 0 1 1 0 0 1 0 0 0 1 1 1 1 1 1 1 0 1 0 1 0 0 0 0 0 0 1 1 1 0 1 0 1 1 0 0 0 0 0 1 1 0 1 1 0 0 0 1
20	16	1 1 0 1 1 0 0 1 0 0 0 1 1 1 1 1 1 1 0 1 0 1 0 0 0 0 0 0 1 1 1 0 1 0 1 0 0 0 0 0 0 1 1 0 1 1 0 0 0 1
20	28	0 0 1 0 0 0 1 1 1 1 0 1 0 0 1 0 1 1 1 0 1 0 1 0 1 0 0 0 0 0 1 0 0 1 0 1 1 1 0 0 0 1 0 1 0 1 1 0 1 1
20	11	1 1 1 1 1 0 1 0 0 0 1 0 1 0 0 0 0 0 0 0 0 0 1 0 0 1 0 1 1 0 0 0 0 0 1 1 1 1 0 0 1 0 0 1 0 0 1 0 0 1
20	15	1 1 1 1 1 0 1 0 0 0 1 0 1 0 0 0 0 0 0 0 0 0 1 0 0 1 1 1 1 0 0 0 0 0 1 1 1 1 0 0 1 0 0 1 0 0 1 0 0 1
20	13	1 0 1 0 0 0 1 0 1 0 0 0 0 0 0 1 1 1 0 1 0 0 0 0 1 1 1 1 1 1 1 0 1 0 1 0 0 1 0 1 0 1 0 1 1 0 1 1 1 1
30	2	1 1 1 0 0 0 0 1 1 0 1 1 0 1 0 0 1 0 1 0 0 0 1 0 1 0 1 0 1 0 0 0 0 1 1 1 1 1 1 1 0 1 1 0 0 1 1 0 1 0
30	1	1 1 1 0 0 0 0 1 1 0 1 1 0 1 0 0 1 0 1 0 0 0 1 0 1 0 1 0 0 0 0 0 0 1 1 1 1 0 1 1 0 1 1 0 0 1 1 0 1 0
30	5	1 1 1 0 0 0 0 1 1 0 1 1 0 1 0 0 1 0 1 0 0 0 1 0 1 0 1 0 0 0 0 0 0 1 1 1 1 1 1 1 0 1 1 0 0 1 1 0 1 0
30	1	1 1 0 1 1 0 1 1 0 0 0 1 1 1 1 1 1 1 0 1 0 1 0 0 0 0 0 0 1 1 1 0 1 0 1 0 0 0 0 0 0 1 1 0 1 1 0 0 0 1
30	2	1 1 0 1 1 0 0 1 0 0 0 1 1 1 1 1 1 1 0 1 0 1 0 0 0 0 0 0 1 0 1 0 1 0 1 0 0 0 0 0 0 1 1 0 1 1 0 0 0 1
30	8	1 1 0 1 1 0 0 1 0 0 0 1 1 1 1 1 1 1 0 1 0 1 0 0 0 0 0 0 1 1 1 0 1 0 1 0 0 0 0 0 0 1 1 0 1 1 0 0 0 1
30	17	0 0 1 0 0 0 1 1 1 1 0 1 0 0 1 0 1 1 1 0 1 0 1 0 1 0 0 0 0 0 1 0 0 1 0 1 1 1 0 0 0 1 0 1 0 1 1 0 1 1
30	1	1 1 1 1 1 0 1 0 0 0 1 1 1 0 0 0 0 0 0 0 0 0 1 0 0 1 0 1 1 0 0 0 0 0 1 1 1 1 0 0 1 0 0 1 0 0 1 0 0 1
30	32	1 1 1 1 1 0 1 0 0 0 1 0 1 0 0 0 0 0 0 0 0 0 1 0 0 1 0 1 1 0 0 0 0 0 1 1 1 1 0 0 1 0 0 1 0 0 1 0 0 1
30	5	1 1 1 1 1 0 1 0 0 0 1 0 1 0 0 0 0 0 0 0 0 0 1 0 0 1 1 1 1 0 0 0 0 0 1 1 1 0 0 0 1 0 0 1 0 0 1 0 0 1
30	13	1 1 1 1 1 0 1 0 0 0 1 0 1 0 0 0 0 0 0 0 0 0 1 0 0 1 1 1 1 0 0 0 0 0 1 1 1 1 0 0 1 0 0 1 0 0 1 0 0 1
30	13	1 0 1 0 0 0 1 0 1 0 0 0 0 0 0 1 1 1 0 1 0 0 0 0 1 1 1 1 1 1 1 0 1 0 1 0 0 1 0 1 0 1 0 1 1 0 1 1 1 1
40	2	1 1 1 0 0 0 0 1 1 0 1 1 0 1 0 0 1 0 1 0 0 0 1 0 1 0 1 0 1 0 0 0 0 1 1 1 1 1 1 1 0 1 1 0 0 1 1 0 1 0
40	4	1 1 1 0 0 0 0 1 1 0 1 1 0 1 0 0 1 0 1 0 0 0 1 0 1 0 1 0 0 0 0 0 0 1 1 1 1 1 1 1 0 1 1 0 0 1 1 0 1 0
40	2	1 1 0 1 1 0 1 1 0 0 0 1 1 1 1 1 1 1 0 1 0 1 0 0 0 0 0 0 1 1 1 0 1 0 1 0 0 0 0 0 0 1 1 0 1 1 0 0 0 1
40	3	1 1 0 1 1 0 0 1 0 0 0 1 1 1 1 1 1 1 0 1 0 1 0 0 0 0 0 0 1 1 1 0 1 0 1 0 0 0 0 0 0 1 1 0 1 1 0 0 0 1
40	1	0 0 1 0 0 0 1 1 1 1 0 1 0 0 1 0 1 1 1 0 1 0 1 0 1 0 0 0 0 0 1 0 0 1 0 1 1 0 0 0 0 1 0 1 0 1 1 0 1 1
40	1	0 0 1 0 0 0 1 1 1 1 0 1 0 0 1 0 1 1 1 0 1 0 1 0 1 0 0 0 0 0 1 0 0 1 0 1 1 1 0 0 0 1 0 1 0 1 1 0 1 1
40	2	1 1 1 1 1 0 1 0 0 0 1 0 1 0 0 0 0 0 0 0 0 0 1 0 0 1 0 1 1 0 0 0 0 0 1 1 1 1 0 0 0 0 0 1 0 0 1 0 0 1
40	1	1 1 1 1 1 0 1 0 0 0 1 1 1 0 0 0 0 0 0 0 0 0 1 0 0 1 0 1 1 0 0 0 0 0 1 1 1 1 0 0 1 0 0 1 0 0 1 0 0 1
40	2	1 1 1 1 1 0 1 0 0 0 1 0 1 0 0 0 0 0 0 0 0 0 1 0 0 1 0 1 1 0 0 0 0 0 1 1 1 1 1 0 1 0 0 1 0 0 1 0 0 1
40	6	1 1 1 1 1 0 1 0 0 0 1 0 1 0 0 0 0 0 0 0 0 0 1 0 0 1 1 1 1 0 0 0 0 0 1 1 1 1 0 0 1 0 0 1 0 0 1 0 0 1
40	64	1 1 1 1 1 0 1 0 0 0 1 0 1 0 0 0 0 0 0 0 0 0 1 0 0 1 0 1 1 0 0 0 0 0 1 1 1 1 0 0 1 0 0 1 0 0 1 0 0 1
40	2	1 1 1 1 1 0 1 0 0 0 1 0 1 0 0 0 0 0 0 0 0 0 1 0 0 1 1 1 1 0 0 0 0 0 1 1 1 0 0 0 1 0 0 1 0 0 0 0 0 1
40	7	1 1 1 1 1 0 1 0 0 0 1 0 1 0 0 0 0 0 0 0 0 0 1 0 0 1 1 1 1 0 0 0 0 0 1 1 1 0 0 0 1 0 0 1 0 0 1 0 0 1
40	3	1 0 1 0 0 0 1 0 1 0 0 0 0 0 0 1 1 1 0 1 0 0 0 0 1 1 1 1 1 1 1 0 1 0 1 0 0 1 0 1 0 1 0 1 1 0 1 1 1 1
50	1	1 1 1 0 0 0 0 1 1 0 1 1 0 1 0 0 1 0 1 0 0 0 1 0 1 0 1 0 0 0 0 0 0 1 1 1 1 1 1 1 0 1 1 0 0 1 1 0 1 0
50	1	1 1 0 1 1 0 1 1 0 0 0 1 1 1 1 1 1 1 0 1 0 1 0 0 0 0 0 0 1 1 1 0 1 0 1 0 0 0 0 0 0 1 1 0 1 1 0 0 0 1
50	1	0 0 1 0 0 0 1 1 1 1 0 1 0 0 1 0 1 1 1 0 1 0 1 0 1 0 0 0 0 0 1 0 0 1 0 1 1 1 0 0 0 1 0 1 0 1 1 0 1 1
50	1	1 1 1 1 1 0 1 0 1 0 1 0 1 0 0 0 0 0 0 0 0 0 1 0 0 1 0 1 1 0 0 0 0 0 1 1 1 1 0 0 1 0 0 1 0 0 1 0 0 1
50	58	1 1 1 1 1 0 1 0 0 0 1 0 1 0 0 0 0 0 0 0 0 0 1 0 0 1 0 1 1 0 0 0 0 0 1 1 1 1 0 0 1 0 0 1 0 0 1 0 0 1
50	1	1 1 1 1 1 0 1 0 0 0 1 0 1 0 0 0 0 0 0 0 0 0 1 0 0 1 0 1 1 0 0 0 0 0 1 1 1 1 0 0 0 0 0 1 1 0 1 0 0 1
50	15	1 1 1 1 1 0 1 0 0 0 1 0 1 0 0 0 0 0 0 0 0 0 1 0 0 1 0 1 1 0 0 0 0 0 1 1 1 1 0 0 0 0 0 1 0 0 1 0 0 1
50	3	1 1 1 1 1 0 1 0 0 0 1 1 1 0 0 0 0 0 0 0 0 0 1 0 0 1 0 1 1 0 0 0 0 0 1 1 1 1 0 0 1 0 0 1 0 0 1 0 0 1
50	1	0 1 1 1 1 0 1 0 0 0 1 0 1 0 0 0 0 0 0 0 0 0 1 0 0 1 0 1 1 0 0 0 0 0 1 1 1 1 0 0 1 0 0 1 0 0 1 0 0 1
50	1	1 1 1 1 1 0 1 0 0 0 1 0 1 0 0 0 0 0 0 0 0 1 1 0 0 1 1 1 1 0 0 0 0 0 1 1 1 1 0 0 1 0 0 1 0 0 1 0 0 1
50	2	1 1 1 1 1 0 1 0 0 0 1 0 1 0 0 0 0 0 0 0 0 0 1 0 0 1 1 1 1 0 0 0 0 0 1 1 1 1 0 0 1 0 0 1 0 0 1 0 0 1
50	1	1 1 1 1 1 0 1 0 0 0 1 0 1 0 0 0 0 0 0 0 0 0 1 0 0 1 0 1 1 0 0 0 0 0 1 1 1 1 0 0 1 0 0 1 0 0 0 0 0 1
50	2	1 1 1 1 1 0 1 1 0 0 1 0 1 0 0 0 0 0 0 0 0 0 1 0 0 1 0 1 1 0 0 0 0 0 1 1 1 1 0 0 1 0 0 1 0 0 1 0 0 1
50	1	1 1 1 1 1 0 1 0 0 0 1 0 1 0 0 0 0 0 0 0 0 0 1 0 0 1 0 1 1 0 0 0 0 0 0 1 1 1 0 0 1 0 0 1 0 0 1 0 0 1
50	8	1 1 1 1 1 0 1 0 0 0 1 0 1 0 0 0 0 0 0 0 0 0 1 0 0 1 1 1 1 0 0 0 0 0 1 1 1 0 0 0 1 0 0 1 0 0 0 0 0 1
50	3	1 1 1 1 1 0 1 0 0 0 1 0 1 0 0 0 0 0 0 0 0 0 1 0 0 1 1 1 1 0 0 0 0 0 1 1 1 0 0 0 1 0 0 1 0 0 1 0 0 1
60	1	1 1 1 1 1 0 1 0 0 0 1 0 1 0 0 0 0 0 0 0 0 0 1 0 0 0 0 0 1 0 0 0 0 0 1 1 1 1 0 0 1 0 0 1 0 0 1 0 0 1
60	1	1 0 1 1 1 0 1 0 0 0 1 0 1 0 0 0 0 0 0 0 0 0 1 0 0 1 0 1 1 0 0 0 0 0 1 1 1 1 0 0 1 0 0 1 0 0 1 0 0 1
60	44	1 1 1 1 1 0 1 0 0 0 1 0 1 0 0 0 0 0 0 0 0 0 1 0 0 1 0 1 1 0 0 0 0 0 1 1 1 1 0 0 1 0 0 1 0 0 1 0 0 1
60	1	1 1 1 1 1 0 1 0 0 0 1 0 0 0 0 0 0 0 0 0 0 0 1 0 0 1 0 1 1 0 0 0 0 0 1 1 1 1 0 0 0 0 0 1 0 0 1 0 0 1
60	2	1 1 1 1 1 0 1 0 0 0 1 0 1 0 0 0 0 0 0 0 0 0 1 0 0 1 0 1 1 0 0 0 0 0 1 1 0 1 0 0 0 0 0 1 0 0 1 0 0 1
60	1	1 1 1 1 1 1 1 0 0 0 1 0 1 0 0 0 0 0 0 0 0 0 1 0 0 1 0 1 1 0 0 0 0 0 1 1 1 1 0 0 0 0 0 1 0 0 1 0 0 1
60	24	1 1 1 1 1 0 1 0 0 0 1 0 1 0 0 0 0 0 0 0 0 0 1 0 0 1 0 1 1 0 0 0 0 0 1 1 1 1 0 0 0 0 0 1 0 0 1 0 0 1
60	3	1 1 1 1 1 0 1 0 0 0 1 0 1 0 0 0 0 0 0 0 0 0 1 0 0 1 1 1 1 0 0 0 0 0 1 1 1 1 0 0 1 0 0 1 0 0 1 0 0 1
60	1	1 1 1 1 1 0 1 1 0 0 1 0 1 0 0 0 0 0 0 0 0 0 1 0 0 1 0 1 1 0 0 0 0 0 0 1 1 1 0 0 1 0 0 1 0 0 1 0 0 1
60	1	1 1 1 1 1 0 1 1 0 0 1 0 1 0 0 0 0 0 0 0 0 0 1 0 0 1 0 1 1 0 0 0 0 0 1 1 1 1 0 0 1 0 0 1 0 0 1 0 0 1
60	4	1 1 1 1 1 0 1 0 0 0 1 0 1 0 0 0 0 0 0 0 0 0 1 0 0 1 0 1 1 0 0 0 0 0 1 1 1 0 0 0 1 0 0 1 0 0 1 0 0 1
60	1	1 1 1 1 1 0 1 0 0 0 1 0 1 0 0 0 0 0 0 0 0 0 1 1 0 1 0 1 1 0 0 0 0 0 1 1 1 1 0 0 1 0 0 1 0 0 1 0 0 1
60	8	1 1 1 1 1 0 1 0 0 0 1 0 1 0 0 0 0 0 0 0 0 0 1 0 0 1 1 1 1 0 0 0 0 0 1 1 1 0 0 0 1 0 0 1 0 0 0 0 0 1
60	8	1 1 1 1 1 0 1 0 0 0 1 0 1 0 0 0 0 0 0 0 0 0 1 0 0 1 1 1 1 0 0 0 0 0 1 1 1 0 0 0 1 0 0 1 0 0 1 0 0 1
70	4	1 1 1 1 1 0 1 0 0 0 1 1 1 0 0 0 0 0 0 0 0 0 1 0 0 1 0 1 1 0 0 0 0 0 1 1 1 1 0 0 1 0 0 1 0 0 1 0 0 1
70	1	1 1 1 1 1 0 1 0 0 0 1 0 1 0 0 0 1 0 0 0 0 0 1 0 0 1 0 1 1 0 0 0 0 0 1 1 1 1 0 0 1 0 0 1 0 0 1 0 0 1
70	1	1 1 1 1 1 0 1 0 0 0 1 0 1 0 0 0 0 0 0 0 0 0 0 0 0 1 0 1 1 0 0 0 0 0 1 1 1 1 0 0 1 0 0 1 0 0 1 0 0 1
70	43	1 1 1 1 1 0 1 0 0 0 1 0 1 0 0 0 0 0 0 0 0 0 1 0 0 1 0 1 1 0 0 0 0 0 1 1 1 1 0 0 0 0 0 1 0 0 1 0 0 1
70	1	1 1 1 1 1 0 1 0 0 0 1 0 1 0 0 0 0 0 0 0 0 0 1 0 0 1 0 1 1 0 0 0 0 0 0 1 1 1 0 0 1 0 0 1 0 0 1 0 0 1
70	22	1 1 1 1 1 0 1 0 0 0 1 0 1 0 0 0 0 0 0 0 0 0 1 0 0 1 0 1 1 0 0 0 0 0 1 1 1 1 0 0 1 0 0 1 0 0 1 0 0 1
70	1	1 1 1 1 1 0 1 0 0 0 1 0 0 0 0 0 0 0 0 0 0 0 1 0 0 1 0 1 1 0 0 0 0 0 1 1 1 1 0 0 0 0 0 1 0 0 1 0 0 1
70	1	1 1 1 1 0 0 1 0 0 0 1 0 1 0 0 0 0 0 0 0 0 0 1 0 0 1 0 1 1 0 0 0 0 0 1 1 1 1 0 0 0 0 0 1 0 0 1 0 0 1
70	1	1 1 1 1 1 0 1 0 0 0 1 0 1 0 0 0 0 0 1 0 0 0 1 0 0 1 0 1 1 0 0 0 0 0 1 1 1 1 0 0 0 0 0 1 0 0 1 0 0 1
70	2	1 1 0 1 1 0 1 1 0 0 1 0 1 0 0 0 0 0 0 0 0 0 1 0 0 1 0 1 1 0 0 0 0 0 1 1 1 1 0 0 1 0 0 1 0 0 1 0 0 1
70	1	1 1 1 1 1 0 1 1 0 0 1 0 1 0 0 0 0 0 0 0 0 0 1 0 0 1 0 1 1 0 0 0 0 0 0 1 1 1 0 0 1 0 0 1 0 0 1 0 0 1
70	2	1 1 1 1 1 0 1 1 0 0 1 0 1 0 0 0 0 0 0 0 0 0 1 0 0 1 0 1 1 0 0 0 0 0 1 1 1 1 0 0 1 0 0 1 0 0 1 0 0 1
70	1	1 1 1 1 1 0 1 0 0 0 1 0 1 0 0 1 0 0 0 0 0 0 1 0 0 1 0 1 1 0 0 0 0 0 1 1 1 0 0 0 1 0 0 1 0 0 1 0 0 1
70	3	1 1 1 1 1 0 1 0 0 0 1 0 1 0 0 0 0 0 0 0 0 0 1 0 0 1 0 1 1 0 0 0 0 0 1 1 1 0 0 0 1 0 0 1 0 0 1 0 0 1
70	12	1 1 1 1 1 0 1 0 0 0 1 0 1 0 0 0 0 0 0 0 0 0 1 0 0 1 1 1 1 0 0 0 0 0 1 1 1 0 0 0 1 0 0 1 0 0 0 0 0 1
70	4	1 1 1 1 1 0 1 0 0 0 1 0 1 0 0 0 0 0 0 0 0 0 1 0 0 1 1 1 1 0 0 0 0 0 1 1 1 0 0 0 1 0 0 1 0 0 1 0 0 1
80	3	1 1 1 1 1 0 1 0 0 0 1 1 1 0 0 0 0 0 0 0 0 0 1 0 0 1 0 1 1 0 0 0 0 0 1 1 1 1 0 0 1 0 0 1 0 0 1 0 0 1
80	1	1 1 1 1 1 0 1 0 0 0 1 0 1 0 0 0 0 0 0 0 0 0 1 0 0 1 0 1 0 0 0 0 0 0 1 1 1 1 0 0 1 0 0 1 0 0 1 0 0 1
80	1	1 1 1 1 1 1 1 0 0 0 1 0 1 0 0 0 0 0 0 0 0 0 1 0 0 1 0 1 1 0 0 0 0 0 1 1 1 1 0 0 0 0 0 1 0 0 1 0 0 1
80	2	1 1 1 1 1 0 1 0 0 0 1 0 1 0 0 0 0 0 0 0 0 0 1 0 0 1 0 1 1 0 0 0 0 1 1 1 1 1 0 0 0 0 0 1 0 0 1 0 0 1
80	1	1 1 1 1 1 0 1 0 0 0 1 0 1 0 1 0 0 0 0 0 0 0 1 0 0 1 0 1 1 0 0 0 0 0 1 1 1 1 0 0 0 0 0 1 0 0 1 0 0 1
80	47	1 1 1 1 1 0 1 0 0 0 1 0 1 0 0 0 0 0 0 0 0 0 1 0 0 1 0 1 1 0 0 0 0 0 1 1 1 1 0 0 0 0 0 1 0 0 1 0 0 1
80	4	1 1 1 1 1 0 1 0 0 0 1 0 1 0 0 0 0 0 0 0 0 0 1 0 0 1 0 1 1 0 0 0 0 0 1 1 1 0 0 0 1 0 0 1 0 0 1 0 0 1
80	14	1 1 1 1 1 0 1 0 0 0 1 0 1 0 0 0 0 0 0 0 0 0 1 0 0 1 0 1 1 0 0 0 0 0 1 1 1 1 0 0 1 0 0 1 0 0 1 0 0 1
80	4	1 1 1 1 1 0 1 0 0 0 1 0 0 0 0 0 0 0 0 0 0 0 1 0 0 1 0 1 1 0 0 0 0 0 1 1 1 1 0 0 0 0 0 1 0 0 1 0 0 1
80	1	1 1 1 1 1 0 1 0 0 0 1 0 1 0 0 0 0 0 0 0 0 0 1 0 0 1 0 1 1 0 0 0 0 0 1 1 0 1 0 0 0 0 0 1 0 0 1 0 0 1
80	3	1 1 0 1 1 0 1 1 0 0 1 0 1 0 0 0 0 0 0 0 0 0 1 0 0 1 0 1 1 0 0 0 0 0 1 1 1 1 0 0 1 0 0 1 0 0 1 0 0 1
80	1	1 1 1 1 1 0 1 1 0 0 1 0 1 0 0 0 0 0 0 0 0 0 1 0 0 1 0 1 1 0 0 0 0 0 1 1 1 1 0 0 1 0 0 1 0 0 1 0 0 1
80	2	1 1 1 1 1 0 1 0 0 0 1 0 1 0 0 0 0 0 0 0 0 0 1 0 0 1 0 1 1 0 0 0 0 0 1 1 1 0 0 0 1 0 0 1 0 0 0 0 0 1
80	1	1 1 1 1 1 0 1 0 0 0 1 0 1 0 0 0 0 0 0 0 1 0 1 0 0 1 1 1 1 0 0 0 0 0 1 1 1 0 0 0 1 0 0 1 0 0 0 0 0 1
80	2	1 1 1 1 1 0 1 0 0 0 1 0 1 0 0 0 0 0 0 0 0 0 1 0 0 1 1 1 1 0 0 0 0 0 1 1 1 0 0 0 1 0 0 1 0 0 1 0 0 1
80	13	1 1 1 1 1 0 1 0 0 0 1 0 1 0 0 0 0 0 0 0 0 0 1 0 0 1 1 1 1 0 0 0 0 0 1 1 1 0 0 0 1 0 0 1 0 0 0 0 0 1
90	4	1 1 1 1 1 0 1 0 0 0 1 1 1 0 0 0 0 0 0 0 0 0 1 0 0 1 0 1 1 0 0 0 0 0 1 1 1 1 0 0 1 0 0 1 0 0 1 0 0 1
90	1	1 1 1 1 1 0 1 0 0 0 1 0 1 0 0 0 0 0 0 0 0 0 1 0 0 1 0 1 0 0 0 0 0 0 1 1 1 1 0 0 1 0 0 1 0 0 1 0 0 1
90	1	1 1 1 1 1 1 1 0 0 0 1 0 1 0 0 0 0 0 0 0 0 0 1 0 0 1 0 1 1 0 0 0 0 0 1 1 1 1 0 1 0 0 0 1 0 0 1 0 0 1
90	3	1 1 1 1 1 1 1 0 0 0 1 0 1 0 0 0 0 0 0 0 0 0 1 0 0 1 0 1 1 0 0 0 0 0 1 1 1 1 0 0 0 0 0 1 0 0 1 0 0 1
90	12	1 1 1 1 1 0 1 0 0 0 1 0 1 0 0 0 0 0 0 0 0 0 1 0 0 1 0 1 1 0 0 0 0 0 1 1 1 1 0 0 1 0 0 1 0 0 1 0 0 1
90	3	1 1 1 1 1 0 1 0 0 0 1 0 0 0 0 0 0 0 0 0 0 0 1 0 0 1 0 1 1 0 0 0 0 0 1 1 1 1 0 0 0 0 0 1 0 0 1 0 0 1
90	1	1 1 1 1 1 0 1 0 0 0 1 0 1 0 0 0 0 0 0 0 0 0 1 0 0 1 0 1 0 0 0 0 0 0 1 1 1 1 0 0 0 0 0 1 0 0 1 0 0 1
90	47	1 1 1 1 1 0 1 0 0 0 1 0 1 0 0 0 0 0 0 0 0 0 1 0 0 1 0 1 1 0 0 0 0 0 1 1 1 1 0 0 0 0 0 1 0 0 1 0 0 1
90	6	1 1 1 1 1 0 1 1 0 0 1 0 1 0 0 0 0 0 0 0 0 0 1 0 0 1 0 1 1 0 0 0 0 0 1 1 1 1 0 0 1 0 0 1 0 0 1 0 0 1
90	1	1 1 1 1 1 0 1 0 0 0 1 0 1 0 0 0 0 0 0 0 0 0 1 0 0 1 0 1 1 0 0 0 0 0 1 1 0 1 0 0 0 0 0 1 0 0 1 0 0 1
90	1	1 1 1 1 1 0 1 0 0 0 1 0 1 0 0 0 0 0 0 0 0 0 1 0 0 1 0 1 1 0 0 0 0 0 1 1 1 0 0 0 1 0 0 1 0 0 0 0 0 1
90	2	1 1 1 1 1 0 1 0 0 0 1 0 1 0 0 0 0 0 0 0 0 0 1 0 0 1 1 1 1 0 0 0 0 0 1 1 1 0 0 0 1 0 0 1 0 1 0 0 0 1
90	18	1 1 1 1 1 0 1 0 0 0 1 0 1 0 0 0 0 0 0 0 0 0 1 0 0 1 1 1 1 0 0 0 0 0 1 1 1 0 0 0 1 0 0 1 0 0 0 0 0 1
100	1	1 1 1 1 1 0 1 0 0 0 1 1 1 0 0 0 0 0 0 0 0 0 1 0 0 1 0 1 1 0 0 0 0 0 1 1 1 1 0 0 1 0 0 1 0 0 1 0 0 1
100	2	1 1 1 1 1 1 1 0 0 0 1 0 1 0 0 0 0 0 0 0 0 0 1 0 0 1 0 1 1 0 0 0 0 0 0 1 1 1 0 1 0 0 0 1 0 0 1 0 0 1
100	1	1 1 1 1 1 1 1 0 0 0 1 0 1 0 0 0 0 0 0 0 0 0 1 0 0 1 0 1 1 0 0 0 0 0 1 1 1 1 0 1 0 0 0 1 0 0 1 0 0 1
100	1	1 1 0 1 1 1 1 0 0 0 1 0 1 0 0 0 0 0 0 0 0 0 1 0 0 1 0 1 1 0 0 0 0 0 1 1 1 1 0 0 0 0 0 1 0 0 1 0 0 1
100	17	1 1 1 1 1 1 1 0 0 0 1 0 1 0 0 0 0 0 0 0 0 0 1 0 0 1 0 1 1 0 0 0 0 0 1 1 1 1 0 0 0 0 0 1 0 0 1 0 0 1
100	3	1 1 1 1 1 0 1 0 0 0 1 0 1 0 0 0 0 0 0 0 0 0 1 0 0 1 0 1 1 0 0 0 0 1 1 1 1 1 0 0 0 0 0 1 0 0 1 0 0 1
100	1	1 1 1 1 1 0 1 0 0 0 1 0 1 0 0 0 0 0 0 0 1 0 1 0 0 1 0 1 1 0 0 0 0 0 1 1 1 1 0 0 0 0 0 1 0 0 1 0 0 1
100	1	1 1 1 1 1 0 1 0 0 0 1 0 1 0 0 0 0 0 0 0 0 0 1 0 0 1 0 1 1 0 0 0 0 0 1 1 1 1 0 0 0 0 1 1 0 0 1 0 0 1
100	6	1 1 1 1 1 0 1 0 0 0 1 0 1 0 0 0 0 0 0 0 0 0 1 0 0 1 0 1 1 0 0 0 0 0 1 1 1 1 0 0 1 0 0 1 0 0 1 0 0 1
100	3	1 1 1 1 1 0 1 0 0 0 1 0 0 0 0 0 0 0 0 0 0 0 1 0 0 1 0 1 1 0 0 0 0 0 1 1 1 1 0 0 0 0 0 1 0 0 1 0 0 1
100	1	1 1 1 1 1 0 1 0 0 0 1 0 1 0 0 0 0 0 0 0 0 0 1 0 0 1 0 1 1 0 0 0 0 0 1 1 0 1 0 0 0 0 0 1 0 0 1 0 0 1
100	38	1 1 1 1 1 0 1 0 0 0 1 0 1 0 0 0 0 0 0 0 0 0 1 0 0 1 0 1 1 0 0 0 0 0 1 1 1 1 0 0 0 0 0 1 0 0 1 0 0 1
100	8	1 1 1 1 1 0 1 1 0 0 1 0 1 0 0 0 0 0 0 0 0 0 1 0 0 1 0 1 1 0 0 0 0 0 1 1 1 1 0 0 1 0 0 1 0 0 1 0 0 1
100	2	1 1 1 1 1 0 1 0 0 0 1 0 1 0 0 0 0 0 0 0 0 0 1 0 0 0 1 1 1 0 0 0 0 0 1 1 1 0 0 0 1 0 0 1 0 0 0 0 0 1
100	15	1 1 1 1 1 0 1 0 0 0 1 0 1 0 0 0 0 0 0 0 0 0 1 0 0 1 1 1 1 0 0 0 0 0 1 1 1 0 0 0 1 0 0 1 0 0 0 0 0 1
110	1	1 1 1 1 1 0 1 0 0 0 1 1 1 0 0 0 0 0 0 0 0 0 1 0 0 1 0 1 1 0 0 0 0 1 1 1 1 1 0 0 1 0 0 1 0 0 1 0 0 1
110	4	1 1 1 1 1 1 1 0 0 0 1 0 1 0 0 0 0 0 0 0 0 0 1 0 0 1 0 1 1 0 0 0 0 0 0 1 1 1 0 1 0 0 0 1 0 0 1 0 0 1
110	1	1 1 1 1 1 1 1 0 0 0 1 0 1 0 0 0 0 0 0 0 0 0 1 0 0 1 0 1 1 0 0 0 0 0 1 1 1 1 1 1 0 0 0 1 0 0 1 0 0 1
110	10	1 1 1 1 1 1 1 0 0 0 1 0 1 0 0 0 0 0 0 0 0 0 1 0 0 1 0 1 1 0 0 0 0 0 1 1 1 1 0 1 0 0 0 1 0 0 1 0 0 1
110	16	1 1 1 1 1 1 1 0 0 0 1 0 1 0 0 0 0 0 0 0 0 0 1 0 0 1 0 1 1 0 0 0 0 0 1 1 1 1 0 0 0 0 0 1 0 0 1 0 0 1
110	1	1 1 1 1 1 0 1 0 0 0 1 0 1 0 0 0 0 0 0 0 0 0 1 0 0 1 0 1 1 0 0 0 0 1 1 1 1 1 0 0 0 0 0 1 0 0 1 0 0 1
110	2	1 1 1 1 1 0 1 0 0 0 1 0 1 0 0 0 0 0 0 0 1 0 1 0 0 1 0 1 1 0 0 0 0 0 1 1 1 1 0 0 0 0 0 1 0 0 1 0 0 1
110	1	1 1 1 1 1 0 1 0 0 1 1 0 1 0 0 0 0 0 0 0 0 0 1 0 0 1 0 1 1 0 0 0 0 0 1 1 1 1 0 0 1 0 0 1 0 0 1 0 0 1
110	3	1 1 1 1 1 0 1 0 0 0 1 0 1 0 0 0 0 0 0 0 0 0 1 0 0 1 0 1 1 0 0 0 0 0 1 1 1 1 0 0 1 0 0 1 0 0 1 0 0 1
110	2	1 1 1 1 1 0 1 0 0 0 1 0 1 0 0 0 0 0 0 0 0 0 1 0 0 1 0 1 1 0 0 0 0 0 1 1 0 1 0 0 0 0 0 1 0 0 1 0 0 1
110	34	1 1 1 1 1 0 1 0 0 0 1 0 1 0 0 0 0 0 0 0 0 0 1 0 0 1 0 1 1 0 0 0 0 0 1 1 1 1 0 0 0 0 0 1 0 0 1 0 0 1
110	11	1 1 1 1 1 0 1 1 0 0 1 0 1 0 0 0 0 0 0 0 0 0 1 0 0 1 0 1 1 0 0 0 0 0 1 1 1 1 0 0 1 0 0 1 0 0 1 0 0 1
110	1	1 1 1 1 1 0 1 0 0 0 1 0 1 0 0 0 0 0 0 0 0 0 1 0 0 0 1 1 1 0 0 0 0 0 1 1 1 0 0 0 1 0 0 1 0 0 0 0 0 1
110	13	1 1 1 1 1 0 1 0 0 0 1 0 1 0 0 0 0 0 0 0 0 0 1 0 0 1 1 1 1 0 0 0 0 0 1 1 1 0 0 0 1 0 0 1 0 0 0 0 0 1
120	5	1 1 1 1 1 1 1 0 0 0 1 0 1 0 0 0 0 0 0 0 0 0 1 0 0 1 0 1 1 0 0 0 0 0 0 1 1 1 0 1 0 0 0 1 0 0 1 0 0 1
120	1	0 1 1 1 1 1 1 0 0 0 1 0 1 0 0 0 0 0 0 0 0 0 1 0 0 1 0 1 1 0 0 0 0 0 1 1 1 1 0 0 0 0 0 1 0 0 1 0 0 1
120	16	1 1 1 1 1 1 1 0 0 0 1 0 1 0 0 0 0 0 0 0 0 0 1 0 0 1 0 1 1 0 0 0 0 0 1 1 1 1 0 1 0 0 0 1 0 0 1 0 0 1
120	33	1 1 1 1 1 1 1 0 0 0 1 0 1 0 0 0 0 0 0 0 0 0 1 0 0 1 0 1 1 0 0 0 0 0 1 1 1 1 0 0 0 0 0 1 0 0 1 0 0 1
120	2	1 1 1 1 1 1 1 0 0 0 1 0 1 0 0 0 0 0 0 0 0 0 1 0 0 1 0 1 1 0 0 0 0 0 1 1 1 1 0 0 0 0 0 1 0 0 1 1 0 1
120	1	1 1 1 1 1 0 1 0 0 0 1 0 1 0 0 0 0 0 0 0 0 0 1 0 0 1 0 1 1 0 0 0 0 1 1 1 1 1 0 0 0 0 1 1 0 0 1 0 0 1
120	1	1 1 1 1 1 0 1 0 0 0 1 0 1 0 0 0 0 0 0 0 0 0 1 0 0 1 0 1 1 0 0 0 0 0 1 1 1 1 0 0 0 0 0 0 0 0 1 0 0 1
120	20	1 1 1 1 1 0 1 0 0 0 1 0 1 0 0 0 0 0 0 0 0 0 1 0 0 1 0 1 1 0 0 0 0 0 1 1 1 1 0 0 0 0 0 1 0 0 1 0 0 1
120	11	1 1 1 1 1 0 1 1 0 0 1 0 1 0 0 0 0 0 0 0 0 0 1 0 0 1 0 1 1 0 0 0 0 0 1 1 1 1 0 0 1 0 0 1 0 0 1 0 0 1
120	2	1 1 1 1 1 0 1 0 0 0 1 0 1 0 0 0 0 0 0 0 0 0 1 0 0 1 1 1 1 0 0 0 0 0 0 1 1 0 0 0 1 0 0 1 0 0 0 0 0 1
120	2	1 1 1 1 1 0 1 0 0 0 1 0 1 0 0 0 0 0 0 0 0 0 1 0 0 1 1 1 1 0 0 0 0 0 1 1 1 0 0 0 1 0 0 1 0 0 0 0 0 0
120	6	1 1 1 1 1 0 1 0 0 0 1 0 1 0 0 0 0 0 0 0 0 0 1 0 0 1 1 1 1 0 0 0 0 0 1 1 1 0 0 0 1 0 0 1 0 0 0 0 0 1
130	12	1 1 1 1 1 1 1 0 0 0 1 0 1 0 0 0 0 0 0 0 0 0 1 0 0 1 0 1 1 0 0 0 0 0 0 1 1 1 0 1 0 0 0 1 0 0 1 0 0 1
130	1	1 1 1 1 1 1 1 0 0 1 1 0 1 0 0 0 0 0 0 0 0 0 1 0 0 1 0 1 1 0 0 0 0 0 1 1 1 1 0 1 0 0 0 1 0 0 1 0 0 1
130	1	1 1 1 1 1 1 1 0 0 0 1 0 0 0 0 0 0 0 0 0 0 0 1 0 0 1 0 1 1 0 0 0 0 0 1 1 1 1 0 0 0 0 0 1 0 0 1 0 0 1
130	16	1 1 1 1 1 1 1 0 0 0 1 0 1 0 0 0 0 0 0 0 0 0 1 0 0 1 0 1 1 0 0 0 0 0 1 1 1 1 0 1 0 0 0 1 0 0 1 0 0 1
130	45	1 1 1 1 1 1 1 0 0 0 1 0 1 0 0 0 0 0 0 0 0 0 1 0 0 1 0 1 1 0 0 0 0 0 1 1 1 1 0 0 0 0 0 1 0 0 1 0 0 1
130	2	1 1 1 1 1 1 1 0 0 0 1 0 1 0 0 0 0 0 0 0 0 0 1 0 0 1 1 1 1 0 0 0 0 0 1 1 1 1 0 1 0 0 0 1 0 0 1 0 0 1
130	4	1 1 1 1 1 1 1 0 0 0 1 0 1 0 0 0 0 0 0 0 0 0 1 0 0 1 0 1 1 0 0 0 0 0 1 1 1 1 0 0 0 0 0 1 0 0 1 0 0 0
130	1	1 1 1 1 1 0 1 0 0 0 1 0 1 0 0 0 0 0 0 0 0 1 1 0 0 1 0 0 1 0 0 0 0 0 1 1 1 1 0 0 0 0 0 1 0 0 1 0 0 1
130	9	1 1 1 1 1 0 1 0 0 0 1 0 1 0 0 0 0 0 0 0 0 0 1 0 0 1 0 1 1 0 0 0 0 0 1 1 1 1 0 0 0 0 0 1 0 0 1 0 0 1
130	3	1 1 1 1 1 0 1 1 0 0 1 0 1 0 0 0 0 0 0 0 0 0 1 0 0 1 0 1 1 0 0 0 0 0 1 1 1 1 0 0 1 0 0 1 0 0 1 0 0 1
130	2	1 1 1 1 1 0 1 0 0 0 1 0 1 0 0 0 0 0 0 1 0 0 1 0 0 0 1 1 1 0 0 0 0 0 1 1 1 0 0 0 1 0 0 1 0 0 0 0 0 1
130	4	1 1 1 1 1 0 1 0 0 0 1 0 1 0 0 0 0 0 0 0 0 0 1 0 0 1 1 1 1 0 0 0 0 0 1 1 1 0 0 0 1 0 0 1 0 0 0 0 0 1
140	2	1 1 1 1 1 0 1 0 0 0 1 1 1 0 0 0 0 0 0 0 0 0 1 0 0 1 0 1 1 0 0 0 0 0 1 1 1 1 0 0 1 0 0 1 0 0 1 0 0 1
140	17	1 1 1 1 1 1 1 0 0 0 1 0 1 0 0 0 0 0 0 0 0 0 1 0 0 1 0 1 1 0 0 0 0 0 0 1 1 1 0 1 0 0 0 1 0 0 1 0 0 1
140	1	1 1 1 1 1 1 1 0 0 1 1 0 1 0 0 0 0 0 0 0 0 0 1 0 0 1 0 1 1 0 0 0 0 0 1 1 1 1 0 1 0 0 0 1 0 0 1 0 0 1
140	1	1 1 1 1 1 1 1 0 0 0 1 0 1 0 0 0 0 0 0 0 0 0 1 0 0 1 0 0 1 0 0 0 0 0 1 1 1 1 0 1 0 0 0 1 0 0 1 0 0 1
140	9	1 1 1 1 1 1 1 0 0 0 1 0 1 0 0 0 0 0 0 0 0 0 1 0 0 1 0 1 1 0 0 0 0 0 1 1 1 1 0 1 0 0 0 1 0 0 1 0 0 1
140	1	1 1 1 1 1 1 1 0 0 0 1 0 1 0 0 0 1 0 0 0 0 0 1 0 0 1 0 1 1 0 0 0 0 0 1 1 1 1 0 0 0 0 0 1 0 0 1 0 0 1
140	1	1 1 1 1 1 1 1 0 0 0 1 0 1 0 0 0 0 0 0 0 0 0 1 0 0 1 0 1 1 0 0 0 0 0 1 0 1 1 0 0 0 0 0 1 0 0 1 0 0 1
140	1	1 1 1 1 1 1 1 0 0 0 1 0 1 0 0 0 0 0 0 0 0 0 1 0 0 1 1 1 1 0 0 0 0 0 1 1 1 1 0 0 0 0 0 1 0 0 1 0 0 1
140	2	1 1 1 1 1 1 1 0 0 0 1 0 1 0 0 0 0 0 0 0 0 0 1 0 0 1 0 1 1 0 0 1 0 0 1 1 1 1 0 0 0 0 0 1 0 0 1 0 0 1
140	1	1 1 1 0 1 1 1 0 0 0 1 0 1 0 0 0 0 0 0 0 0 0 1 0 0 1 0 1 1 0 0 0 0 0 1 1 1 1 0 0 0 0 0 1 0 0 1 0 0 1
140	47	1 1 1 1 1 1 1 0 0 0 1 0 1 0 0 0 0 0 0 0 0 0 1 0 0 1 0 1 1 0 0 0 0 0 1 1 1 1 0 0 0 0 0 1 0 0 1 0 0 1
140	12	1 1 1 1 1 1 1 0 0 0 1 0 1 0 0 0 0 0 0 0 0 0 1 0 0 1 0 1 1 0 0 0 0 0 1 1 1 1 0 0 0 0 0 1 0 0 1 0 0 0
140	2	1 1 1 1 1 0 1 0 0 0 1 0 1 0 0 0 0 0 0 0 0 0 1 0 0 1 0 1 1 0 0 0 0 0 1 1 1 1 0 0 0 0 0 1 0 0 1 0 0 1
140	2	1 1 1 1 1 0 1 1 0 0 1 0 1 0 0 0 0 0 0 0 0 0 1 0 0 1 0 1 1 0 0 0 0 0 1 1 1 1 0 0 1 0 0 1 0 0 1 0 0 1
140	1	1 1 1 1 1 0 1 0 0 0 1 0 1 0 0 0 0 0 0 0 0 0 1 0 0 1 1 1 1 0 0 0 0 0 0 1 1 0 0 0 1 0 0 1 0 0 0 0 0 1
150	17	1 1 1 1 1 1 1 0 0 0 1 0 1 0 0 0 0 0 0 0 0 0 1 0 0 1 0 1 1 0 0 0 0 0 1 1 1 1 0 1 0 0 0 1 0 0 1 0 0 1
150	12	1 1 1 1 1 1 1 0 0 0 1 0 1 0 0 0 0 0 0 0 0 0 1 0 0 1 0 1 1 0 0 0 0 0 0 1 1 1 0 1 0 0 0 1 0 0 1 0 0 1
150	1	1 1 1 1 1 1 1 0 0 0 1 0 1 0 0 0 0 0 0 0 0 0 1 0 0 1 0 1 1 0 0 0 0 0 1 0 1 1 0 0 0 0 0 1 0 0 1 0 0 1
150	1	1 1 1 1 1 1 1 0 0 0 1 0 1 0 0 0 0 0 0 0 0 0 1 0 0 1 1 1 1 0 0 0 0 0 1 1 1 1 0 0 0 0 0 1 0 0 1 0 0 1
150	1	1 1 1 0 1 1 1 0 0 0 1 0 1 0 0 0 0 0 0 0 0 0 1 0 0 1 0 1 1 0 0 0 0 0 1 1 1 1 0 0 0 0 0 1 0 0 1 0 0 1
150	1	1 1 1 1 1 1 1 0 0 0 1 1 1 0 0 0 0 0 0 0 0 0 1 0 0 1 0 1 1 0 0 0 0 0 1 1 1 1 0 0 0 0 0 1 0 0 1 0 0 1
150	39	1 1 1 1 1 1 1 0 0 0 1 0 1 0 0 0 0 0 0 0 0 0 1 0 0 1 0 1 1 0 0 0 0 0 1 1 1 1 0 0 0 0 0 1 0 0 1 0 0 1
150	2	1 1 1 1 1 1 1 0 0 0 1 0 1 0 0 0 0 0 0 0 0 0 1 0 0 1 1 1 1 0 0 0 0 0 1 1 1 1 0 1 0 0 0 1 0 0 1 0 0 1
150	1	1 1 1 1 1 1 1 0 0 0 1 0 1 0 0 0 0 0 0 0 0 0 1 0 0 1 0 0 1 0 0 0 0 0 1 1 1 1 0 0 0 0 0 1 0 0 1 0 0 0
150	21	1 1 1 1 1 1 1 0 0 0 1 0 1 0 0 0 0 0 0 0 0 0 1 0 0 1 0 1 1 0 0 0 0 0 1 1 1 1 0 0 0 0 0 1 0 0 1 0 0 0
150	3	1 1 1 1 1 0 1 0 0 0 1 0 1 0 0 0 0 0 0 0 0 0 1 0 0 1 0 1 1 0 0 0 0 0 1 1 1 1 0 0 0 0 0 1 0 0 1 0 0 1
150	1	1 1 1 1 1 0 1 1 0 0 1 0 1 0 0 0 0 0 0 0 0 0 1 0 0 1 0 1 1 0 0 0 0 0 1 1 1 1 0 0 1 0 0 1 0 0 1 0 0 1
160	1	1 1 1 1 1 1 1 0 0 0 1 0 1 0 0 0 0 0 0 0 0 0 1 0 0 1 0 1 1 0 0 0 0 0 0 1 1 1 0 1 0 0 0 1 0 0 0 0 0 1
160	1	1 1 1 1 1 1 1 0 0 0 1 0 1 0 0 0 0 0 0 0 0 0 1 0 0 1 0 1 1 0 0 0 0 0 1 1 1 1 0 1 0 0 0 1 0 0 1 0 1 1
160	23	1 1 1 1 1 1 1 0 0 0 1 0 1 0 0 0 0 0 0 0 0 0 1 0 0 1 0 1 1 0 0 0 0 0 1 1 1 1 0 1 0 0 0 1 0 0 1 0 0 1
160	6	1 1 1 1 1 1 1 0 0 0 1 0 1 0 0 0 0 0 0 0 0 0 1 0 0 1 0 1 1 0 0 0 0 0 0 1 1 1 0 1 0 0 0 1 0 0 1 0 0 1
160	2	1 1 1 1 1 1 1 0 0 0 1 0 0 0 0 0 0 0 0 0 0 0 1 0 0 1 0 1 1 0 0 0 0 0 1 0 1 1 0 0 0 0 0 1 0 0 1 0 0 1
160	1	1 1 1 1 1 1 1 0 0 0 1 0 1 0 0 0 0 0 0 1 0 0 1 0 0 1 0 1 1 0 0 0 0 0 1 1 1 1 0 0 0 0 0 1 0 0 1 0 0 1
160	1	1 1 1 1 1 1 1 0 0 0 1 1 1 0 0 0 0 0 0 0 0 0 1 0 0 1 0 1 1 0 0 0 0 0 1 1 1 1 0 0 0 0 0 1 0 0 1 0 0 1
160	1	1 1 1 1 1 1 1 0 0 0 1 0 1 0 0 0 0 0 0 0 0 0 1 0 0 1 0 1 1 0 0 0 1 0 1 1 1 1 0 0 0 0 0 1 0 0 1 0 0 1
160	1	1 1 1 1 1 1 1 0 0 0 1 0 1 0 0 0 0 0 0 0 0 0 1 0 0 1 0 1 1 0 0 0 0 0 1 1 1 1 0 0 0 0 0 1 0 0 1 1 0 1
160	1	1 1 1 1 0 1 1 0 0 0 1 0 1 0 0 0 0 0 0 0 0 0 1 0 0 1 0 1 1 0 0 0 0 0 1 1 1 1 0 0 0 0 0 1 0 0 1 0 0 1
160	21	1 1 1 1 1 1 1 0 0 0 1 0 1 0 0 0 0 0 0 0 0 0 1 0 0 1 0 1 1 0 0 0 0 0 1 1 1 1 0 0 0 0 0 1 0 0 1 0 0 1
160	1	1 1 1 1 1 1 1 0 0 1 1 0 1 0 0 0 0 0 0 0 0 0 1 0 0 1 1 1 1 0 0 0 0 0 1 1 1 1 0 1 0 0 0 1 0 0 1 0 0 1
160	3	1 1 1 1 1 1 1 0 0 0 1 0 1 0 0 0 0 0 0 0 0 0 1 0 0 1 1 1 1 0 0 0 0 0 1 1 1 1 0 1 0 0 0 1 0 0 1 0 0 1
160	1	1 1 1 1 1 1 1 0 0 0 1 0 1 0 0 0 0 0 0 0 0 0 1 0 0 1 0 1 1 0 0 1 0 0 1 1 1 1 0 0 0 0 0 1 0 0 1 0 0 0
160	1	1 1 1 1 1 1 1 0 0 0 1 0 0 0 0 0 0 0 0 0 0 0 1 0 0 1 0 1 1 0 0 0 0 0 1 1 1 1 0 0 0 0 0 1 0 0 1 0 0 0
160	34	1 1 1 1 1 1 1 0 0 0 1 0 1 0 0 0 0 0 0 0 0 0 1 0 0 1 0 1 1 0 0 0 0 0 1 1 1 1 0 0 0 0 0 1 0 0 1 0 0 0
160	1	1 1 1 1 1 0 1 1 0 0 1 0 1 0 0 0 0 0 0 0 0 0 1 0 0 1 0 1 1 0 0 0 0 0 1 1 1 1 0 0 1 0 0 1 0 0 1 0 0 1
170	1	1 1 1 1 1 1 1 0 0 0 1 0 1 0 0 0 0 0 0 0 0 0 1 0 0 1 0 1 1 0 0 0 0 0 0 1 1 1 0 1 0 0 0 1 0 0 0 0 0 1
170	1	1 1 1 1 1 1 1 0 0 0 1 0 1 0 0 1 0 0 0 0 0 0 1 0 0 1 0 1 1 1 0 0 0 0 1 1 1 1 0 1 0 0 0 1 0 0 1 0 0 1
170	1	1 1 1 1 1 1 1 0 0 1 1 0 1 0 0 0 0 0 0 0 0 0 1 0 0 1 0 1 1 0 0 0 0 0 1 1 1 1 0 1 0 0 0 1 0 0 1 0 0 1
170	1	1 1 1 1 1 1 1 0 0 0 1 0 1 0 0 0 0 0 0 0 0 0 1 0 0 1 0 1 1 0 0 0 0 0 1 1 1 1 0 1 0 0 0 1 0 0 1 0 1 1
170	2	1 1 1 1 1 1 1 0 0 0 1 0 1 0 0 0 0 0 0 0 0 0 1 0 0 1 0 1 1 0 0 0 0 0 0 1 1 1 0 1 0 0 0 1 0 0 1 0 0 1
170	1	1 1 1 0 1 1 1 0 0 0 1 0 1 0 0 0 0 0 0 0 0 0 1 0 0 1 0 1 1 0 0 0 0 0 1 1 1 1 0 1 0 0 0 1 0 0 1 0 0 1
170	11	1 1 1 1 1 1 1 0 0 0 1 0 1 0 0 0 0 0 0 0 0 0 1 0 0 1 0 1 1 0 0 0 0 0 1 1 1 1 0 1 0 0 0 1 0 0 1 0 0 1
170	4	1 1 1 1 1 1 1 0 0 0 1 0 1 0 0 0 0 0 0 0 0 0 1 0 0 1 0 1 0 0 0 0 0 0 1 1 1 1 0 1 0 0 0 1 0 0 1 0 0 1
170	3	1 1 1 1 1 1 1 0 0 0 1 0 1 0 0 0 0 0 0 0 0 0 1 0 0 1 1 1 1 0 0 0 0 0 1 1 1 1 0 0 0 0 0 1 0 0 1 0 0 1
170	1	1 1 1 1 1 1 1 0 0 0 1 0 1 0 0 0 0 0 0 1 0 0 1 0 0 1 0 1 1 0 0 0 0 0 1 1 1 1 0 0 0 0 0 1 0 0 1 0 0 1
170	20	1 1 1 1 1 1 1 0 0 0 1 0 1 0 0 0 0 0 0 0 0 0 1 0 0 1 0 1 1 0 0 0 0 0 1 1 1 1 0 0 0 0 0 1 0 0 1 0 0 1
170	2	1 1 1 1 1 1 1 0 0 0 1 0 1 0 0 0 0 0 0 0 0 1 1 0 0 1 0 1 1 0 0 0 0 0 1 1 1 1 0 0 0 0 0 1 0 0 1 0 0 0
170	2	1 1 1 1 1 1 1 0 0 0 1 0 1 0 0 0 0 0 0 0 0 0 1 0 1 1 0 1 1 0 0 0 0 0 1 1 1 1 0 0 0 0 0 1 0 0 1 0 0 0
170	1	1 1 1 1 1 1 1 0 0 0 1 0 1 0 0 0 0 0 0 0 1 0 1 0 0 1 0 1 1 0 0 0 0 0 1 1 1 1 0 0 0 0 0 1 0 0 1 0 0 0
170	49	1 1 1 1 1 1 1 0 0 0 1 0 1 0 0 0 0 0 0 0 0 0 1 0 0 1 0 1 1 0 0 0 0 0 1 1 1 1 0 0 0 0 0 1 0 0 1 0 0 0
180	1	1 1 1 1 1 1 1 0 0 0 1 0 1 0 0 0 0 0 0 0 0 0 1 0 0 1 0 1 1 0 0 0 0 0 0 1 1 1 0 1 0 0 0 1 0 0 0 0 0 1
180	3	1 1 1 1 1 1 1 0 0 0 1 0 1 0 0 1 0 0 0 0 0 0 1 0 0 1 0 1 1 1 0 0 0 0 1 1 1 1 0 1 0 0 0 1 0 0 1 0 0 1
180	1	1 1 1 1 1 1 1 0 0 1 1 0 1 0 0 0 0 0 0 0 0 0 1 0 0 1 0 1 1 0 0 0 0 0 1 1 1 1 0 1 0 0 0 1 0 0 1 0 0 1
180	11	1 1 1 1 1 1 1 0 0 0 1 0 1 0 0 0 0 0 0 0 0 0 1 0 0 1 0 1 1 0 0 0 0 0 1 1 1 1 0 1 0 0 0 1 0 0 1 0 0 1
180	2	1 1 1 1 1 1 1 0 0 0 1 0 1 0 0 0 0 0 0 0 0 0 1 0 0 1 1 1 1 0 0 0 0 0 1 1 1 1 0 0 0 0 0 1 0 0 1 0 0 1
180	1	1 1 1 1 1 1 1 0 0 0 1 0 1 0 0 0 0 0 0 0 0 0 1 0 0 0 0 1 1 0 0 0 0 0 1 1 1 1 0 0 0 0 0 1 0 0 1 0 0 0
180	3	1 1 1 1 1 1 1 0 0 0 1 0 1 0 0 0 0 0 0 0 0 1 1 0 0 1 0 1 1 0 0 0 0 0 1 1 1 1 0 0 0 0 0 1 0 0 1 0 0 0
180	1	1 1 1 1 1 1 1 0 0 0 1 0 1 0 0 0 0 0 0 0 0 0 1 0 0 1 0 1 1 0 0 0 0 0 0 1 1 1 0 0 0 0 0 1 0 0 1 0 0 0
180	1	1 1 0 1 1 1 1 0 0 0 1 0 1 0 0 0 0 0 0 0 0 0 1 0 0 1 0 1 1 0 0 0 0 0 1 1 1 1 0 0 0 0 0 1 0 0 1 0 0 0
180	1	1 1 1 1 1 1 1 0 0 0 1 0 1 0 0 0 0 0 0 0 0 0 1 0 0 1 0 1 1 0 0 0 0 0 1 1 1 0 0 0 0 0 0 1 0 0 1 0 0 0
180	50	1 1 1 1 1 1 1 0 0 0 1 0 1 0 0 0 0 0 0 0 0 0 1 0 0 1 0 1 1 0 0 0 0 0 1 1 1 1 0 0 0 0 0 1 0 0 1 0 0 0
180	14	1 1 1 1 1 1 1 0 0 0 1 0 1 0 0 0 0 0 0 0 0 0 1 0 0 1 0 1 1 0 0 0 0 0 1 1 1 1 0 0 0 0 0 1 0 0 1 0 0 1
180	1	1 1 1 1 1 1 1 0 0 1 1 0 1 0 0 0 0 1 0 0 0 0 1 0 0 1 1 1 1 0 0 0 0 0 1 1 1 1 0 1 0 0 0 1 0 0 1 0 0 1
180	6	1 1 1 1 1 1 1 0 0 0 1 0 1 0 0 0 0 0 0 0 0 0 1 0 0 1 1 1 1 0 0 0 0 0 1 1 1 1 0 1 0 0 0 1 0 0 1 0 0 1
180	1	1 1 1 1 1 1 1 0 0 0 1 0 1 0 0 0 0 0 0 0 0 0 1 0 1 1 0 0 1 0 0 0 0 0 1 1 1 1 0 0 0 0 0 1 0 0 1 0 0 0
180	1	1 1 1 1 1 1 1 0 0 0 1 0 1 0 0 0 0 0 0 0 1 0 1 0 0 1 0 1 1 0 0 0 0 0 1 1 1 1 0 0 0 0 0 1 0 0 1 0 0 0
180	2	1 1 1 1 1 1 1 0 0 0 1 1 1 0 0 0 0 0 0 0 0 0 1 0 0 1 0 1 1 0 0 0 0 0 1 1 1 1 0 0 0 0 0 1 0 0 1 0 0 1
190	4	1 1 1 1 1 1 1 0 0 0 1 0 1 0 0 0 0 0 0 0 0 0 1 0 0 1 0 1 1 0 0 0 0 0 0 1 1 1 0 1 0 0 0 1 0 0 0 0 0 1
190	1	1 1 1 1 1 1 1 0 0 0 1 0 1 0 0 1 0 0 0 0 0 0 1 0 0 1 0 1 1 1 0 0 0 0 1 1 1 1 0 1 0 0 0 1 0 0 1 0 0 1
190	5	1 1 1 1 1 1 1 0 0 0 1 0 1 0 0 0 0 0 0 0 0 0 1 0 0 1 0 1 1 0 0 0 0 0 1 1 1 1 0 1 0 0 0 1 0 0 1 0 0 1
190	1	1 1 1 1 1 1 1 0 0 0 1 0 1 0 0 0 0 0 0 0 0 0 1 0 0 1 0 1 0 0 0 0 0 0 1 1 1 1 0 1 0 0 0 1 0 0 1 0 0 1
190	7	1 1 1 1 1 1 1 0 0 0 1 0 1 0 0 0 0 0 0 0 0 1 1 0 0 1 0 1 1 0 0 0 0 0 1 1 1 1 0 0 0 0 0 1 0 0 1 0 0 0
190	4	1 1 1 1 1 1 1 0 0 1 1 0 1 0 0 0 0 0 0 0 0 0 1 0 0 1 0 1 1 0 0 0 0 0 1 1 1 1 0 0 0 0 0 1 0 0 1 0 0 0
190	1	1 1 1 1 1 1 1 0 0 0 1 0 1 0 0 0 0 0 0 0 0 0 1 0 0 1 0 1 1 0 0 0 0 0 1 1 1 1 0 0 0 1 0 1 0 0 1 0 0 0
190	14	1 1 1 1 1 1 1 0 0 0 1 0 1 0 0 0 0 0 0 0 0 0 1 0 0 1 0 1 1 0 0 0 0 0 1 1 1 1 0 0 0 0 0 1 0 0 1 0 0 1
190	1	1 1 1 1 1 1 1 0 0 0 1 0 1 0 0 0 0 0 0 0 0 0 1 0 0 1 1 1 1 0 0 0 0 0 1 1 1 1 0 0 0 0 0 1 0 0 1 0 0 0
190	58	1 1 1 1 1 1 1 0 0 0 1 0 1 0 0 0 0 0 0 0 0 0 1 0 0 1 0 1 1 0 0 0 0 0 1 1 1 1 0 0 0 0 0 1 0 0 1 0 0 0
190	1	1 1 1 1 1 1 1 0 0 0 1 0 1 0 1 0 0 0 0 0 0 0 1 0 0 1 0 1 1 0 0 0 0 0 1 1 1 1 0 0 0 0 0 1 0 0 1 0 0 1
190	1	1 1 1 1 1 1 1 0 0 0 1 0 1 0 0 0 0 0 0 0 0 0 1 0 0 1 1 1 1 0 0 0 0 0 1 1 1 1 0 1 0 0 0 1 0 0 1 0 0 1
190	1	1 1 1 1 1 1 1 0 0 0 1 0 1 0 0 0 0 0 0 0 0 0 1 0 1 1 0 1 1 0 0 0 0 0 1 1 1 1 0 0 0 0 0 1 0 0 1 0 0 0
190	1	1 1 1 1 1 1 1 0 0 0 1 1 1 0 0 0 0 0 0 0 0 0 1 0 0 1 0 1 1 0 0 0 0 0 1 1 1 1 0 0 0 0 0 1 0 0 1 0 0 1
200	2	1 1 1 1 1 1 1 0 0 0 1 0 1 0 0 0 0 0 0 0 0 0 1 0 0 1 0 1 1 0 0 0 0 0 0 1 1 1 0 1 0 0 0 1 0 0 0 0 0 1
200	2	1 1 1 1 1 1 1 0 0 0 1 0 1 0 0 0 0 0 0 0 0 0 1 0 0 0 0 1 1 0 0 0 0 0 1 1 1 1 0 1 0 0 0 1 0 0 1 0 0 1
200	6	1 1 1 1 1 1 1 0 0 0 1 0 1 0 0 0 0 0 0 0 0 0 1 0 0 1 0 1 1 0 0 0 0 0 1 1 1 1 0 1 0 0 0 1 0 0 1 0 0 1
200	1	1 1 1 1 1 1 1 0 0 0 1 0 1 0 0 0 0 0 0 0 0 0 1 0 0 1 0 1 0 0 0 0 0 0 1 1 1 1 0 1 0 0 0 1 0 0 1 0 0 1
200	2	1 1 1 1 1 1 1 0 0 0 1 0 1 0 0 0 0 0 0 0 0 0 1 0 0 1 1 1 1 0 0 0 0 0 1 1 1 1 0 0 0 0 0 1 0 0 1 0 0 1
200	6	1 1 1 1 1 1 1 0 0 0 1 0 1 0 0 0 0 0 0 0 0 1 1 0 0 1 0 1 1 0 0 0 0 0 1 1 1 1 0 0 0 0 0 1 0 0 1 0 0 0
200	2	1 1 1 1 1 1 1 0 0 1 1 0 1 0 0 0 0 0 0 0 0 0 1 0 0 1 0 1 1 0 0 0 0 1 1 1 1 1 0 0 0 0 0 1 0 0 1 0 0 0
200	13	1 1 1 1 1 1 1 0 0 1 1 0 1 0 0 0 0 0 0 0 0 0 1 0 0 1 0 1 1 0 0 0 0 0 1 1 1 1 0 0 0 0 0 1 0 0 1 0 0 0
200	2	1 1 1 1 1 1 1 0 0 0 1 0 1 0 0 0 0 0 0 0 0 0 1 0 0 1 0 1 1 0 0 0 0 0 1 1 1 1 0 0 0 0 0 1 0 0 1 0 0 1
200	1	1 1 1 1 1 1 1 0 0 0 1 0 1 0 0 0 0 0 1 0 0 0 1 0 0 1 0 1 1 0 0 0 0 0 1 1 1 1 0 0 0 0 0 1 0 0 1 0 0 0
200	2	1 1 1 1 1 1 1 0 0 0 1 0 1 0 0 0 0 0 0 0 1 0 1 0 0 1 0 1 1 0 0 0 0 0 1 1 1 1 0 0 0 0 0 1 0 0 1 0 0 0
200	1	1 1 1 1 1 1 1 0 0 0 1 0 1 0 0 0 0 0 0 0 0 0 1 0 0 1 0 1 1 0 0 0 0 0 0 1 1 1 0 0 0 0 0 1 0 0 1 0 0 0
200	1	1 1 1 1 1 0 1 0 0 0 1 0 1 0 0 0 0 0 0 0 0 0 1 0 0 1 0 1 1 0 0 0 0 0 1 1 1 1 0 0 0 0 0 1 0 0 1 0 0 0
200	54	1 1 1 1 1 1 1 0 0 0 1 0 1 0 0 0 0 0 0 0 0 0 1 0 0 1 0 1 1 0 0 0 0 0 1 1 1 1 0 0 0 0 0 1 0 0 1 0 0 0
200	2	1 1 1 1 1 1 1 0 0 0 1 0 1 0 0 0 0 0 0 0 0 0 1 0 0 1 0 1 1 0 0 0 0 0 1 1 1 1 1 0 0 0 0 1 0 0 1 0 0 0
200	3	1 1 1 1 1 1 1 0 0 1 1 0 1 0 0 0 0 1 0 0 0 0 1 0 0 1 1 1 1 0 0 0 0 0 1 1 1 1 0 1 0 0 0 1 0 0 1 0 0 1
210	1	1 1 1 1 1 1 1 0 0 0 1 0 1 0 0 0 0 0 0 0 0 0 1 0 0 1 0 1 1 0 0 0 0 0 0 1 1 1 0 1 0 0 0 1 0 0 0 0 0 1
210	1	1 1 1 1 1 1 1 0 0 0 1 0 1 0 0 0 0 0 0 0 0 0 1 0 0 1 0 1 1 0 0 0 0 0 1 1 1 1 0 0 0 0 0 1 0 0 1 0 0 1
210	4	1 1 1 1 1 1 1 0 0 0 1 0 1 0 0 0 0 0 0 0 0 0 1 0 0 1 0 1 1 0 0 0 0 0 1 1 1 1 0 1 0 0 0 1 0 0 1 0 0 1
210	2	1 1 1 1 1 1 1 0 0 0 1 0 1 0 0 0 0 0 0 0 0 1 1 0 0 1 0 1 1 0 0 0 0 0 1 1 1 1 0 0 0 0 0 1 0 0 1 0 0 0
210	27	1 1 1 1 1 1 1 0 0 1 1 0 1 0 0 0 0 0 0 0 0 0 1 0 0 1 0 1 1 0 0 0 0 0 1 1 1 1 0 0 0 0 0 1 0 0 1 0 0 0
210	5	1 1 1 1 1 1 1 0 0 0 1 0 1 0 0 0 0 0 0 0 1 0 1 0 0 1 0 1 1 0 0 0 0 0 1 1 1 1 0 0 0 0 0 1 0 0 1 0 0 0
210	1	1 1 1 1 1 1 1 0 0 0 1 0 1 0 0 1 0 0 0 0 0 0 1 0 0 1 0 1 1 0 0 0 0 0 1 1 1 1 0 0 0 0 0 1 0 0 1 0 0 0
210	1	1 1 1 1 1 1 1 0 0 0 1 0 1 0 0 0 0 0 0 0 0 0 1 0 0 1 0 1 1 0 0 0 0 0 1 1 1 1 0 0 0 0 0 0 0 0 1 0 0 0
210	56	1 1 1 1 1 1 1 0 0 0 1 0 1 0 0 0 0 0 0 0 0 0 1 0 0 1 0 1 1 0 0 0 0 0 1 1 1 1 0 0 0 0 0 1 0 0 1 0 0 0
210	1	1 1 1 1 1 1 1 0 0 0 1 0 1 0 0 0 0 0 0 0 0 0 1 0 0 1 0 1 1 0 0 0 0 0 1 1 1 1 1 0 0 0 0 0 0 0 1 0 0 0
210	1	1 1 1 1 1 1 1 0 0 1 1 0 1 0 0 0 0 1 0 0 0 0 1 0 0 1 1 1 1 0 0 0 0 0 1 0 1 1 0 1 0 0 0 1 0 0 1 0 0 1
220	1	1 1 1 1 1 1 1 0 0 0 1 0 1 0 0 0 0 0 0 0 0 0 1 0 0 1 0 1 1 0 0 0 0 0 0 1 1 1 0 1 0 0 0 1 0 0 0 0 0 1
220	3	1 1 1 1 1 1 1 0 0 0 1 0 1 0 0 0 0 0 0 0 0 1 1 0 0 1 0 1 1 0 0 0 0 0 1 1 1 1 0 0 0 0 0 1 0 0 1 0 0 0
220	1	1 1 1 1 0 1 1 0 0 1 1 0 1 0 0 0 0 0 0 0 0 0 1 0 0 1 0 1 1 0 0 0 0 0 1 1 1 1 0 0 0 0 0 1 0 0 1 0 0 0
220	1	1 1 1 1 1 1 1 0 0 1 1 0 1 0 0 0 0 0 0 0 0 0 1 0 0 1 0 1 1 0 0 0 0 0 1 1 1 1 0 0 0 1 0 1 0 0 1 0 0 0
220	48	1 1 1 1 1 1 1 0 0 1 1 0 1 0 0 0 0 0 0 0 0 0 1 0 0 1 0 1 1 0 0 0 0 0 1 1 1 1 0 0 0 0 0 1 0 0 1 0 0 0
220	1	1 1 1 1 1 1 1 0 0 0 1 0 1 0 0 0 0 0 0 0 0 0 1 0 0 1 0 1 1 0 0 0 0 0 1 1 1 0 0 0 0 0 0 1 0 0 1 0 0 0
220	41	1 1 1 1 1 1 1 0 0 0 1 0 1 0 0 0 0 0 0 0 0 0 1 0 0 1 0 1 1 0 0 0 0 0 1 1 1 1 0 0 0 0 0 1 0 0 1 0 0 0
220	1	1 1 1 1 1 1 1 0 0 1 1 0 1 0 1 0 0 1 0 0 0 0 1 0 0 1 1 1 1 0 0 0 0 0 1 1 1 1 0 1 0 0 0 1 0 0 1 0 0 1
220	3	1 1 1 1 1 1 1 0 0 1 1 0 1 0 0 0 0 1 0 0 0 0 1 0 0 1 1 1 1 0 0 0 0 0 1 1 1 1 0 1 0 0 0 1 0 0 1 0 0 1
230	2	1 1 1 1 1 1 1 0 0 0 1 0 1 0 0 0 0 0 0 0 0 0 1 0 0 1 0 1 1 0 0 0 0 0 0 1 1 1 0 1 0 0 0 1 0 0 0 0 0 1
230	1	1 1 1 1 1 1 1 0 0 0 1 0 1 0 0 0 0 0 0 0 0 1 1 0 0 1 0 1 1 0 0 0 0 0 1 1 1 1 0 0 0 0 0 1 0 0 1 0 0 0
230	2	1 1 1 1 1 1 1 0 0 1 1 0 1 0 0 0 0 0 0 0 0 0 1 1 0 1 0 1 1 0 0 0 0 1 1 1 1 1 0 0 0 0 0 1 0 0 1 0 0 0
230	1	1 1 1 1 1 1 1 0 0 1 0 0 1 0 0 0 0 0 0 0 0 0 1 0 0 1 0 1 1 0 0 0 0 0 1 1 1 1 0 0 0 0 1 1 0 0 1 0 0 0
230	1	1 1 1 1 1 1 1 0 0 1 0 0 1 0 0 0 0 0 0 0 0 0 1 0 0 1 0 1 1 0 0 0 0 0 1 1 1 1 0 0 0 0 0 1 0 0 1 0 0 0
230	1	1 1 1 1 1 1 1 0 0 1 1 0 1 0 0 0 0 0 0 0 0 0 1 0 0 1 0 1 1 0 0 0 0 0 1 1 1 1 0 0 0 1 0 1 0 0 1 0 0 0
230	2	1 1 1 1 1 1 1 0 0 1 1 0 1 0 0 0 0 0 0 0 0 0 1 1 0 1 0 1 1 0 0 0 0 0 1 1 1 1 0 0 0 0 0 1 0 0 1 0 0 0
230	1	1 1 0 1 1 1 1 0 0 1 1 0 1 0 0 0 0 0 0 0 0 0 1 0 0 1 0 1 1 0 0 0 0 0 1 1 1 1 0 0 0 0 0 1 0 0 1 0 0 0
230	1	1 1 1 1 1 1 1 0 0 1 1 0 1 0 0 0 0 0 0 0 0 0 1 0 0 1 0 1 1 0 0 0 1 0 1 1 1 1 0 0 0 0 0 1 0 0 1 0 0 0
230	1	1 1 1 1 1 1 1 0 0 0 1 0 1 0 0 0 0 0 0 0 0 0 1 0 0 1 0 1 1 0 0 0 0 0 1 1 1 1 0 0 0 0 0 1 0 1 1 0 0 0
230	33	1 1 1 1 1 1 1 0 0 0 1 0 1 0 0 0 0 0 0 0 0 0 1 0 0 1 0 1 1 0 0 0 0 0 1 1 1 1 0 0 0 0 0 1 0 0 1 0 0 0
230	51	1 1 1 1 1 1 1 0 0 1 1 0 1 0 0 0 0 0 0 0 0 0 1 0 0 1 0 1 1 0 0 0 0 0 1 1 1 1 0 0 0 0 0 1 0 0 1 0 0 0
230	1	1 1 1 1 1 1 0 0 0 0 1 0 1 0 0 0 0 0 0 0 0 0 1 0 0 1 0 1 1 0 0 0 0 0 1 1 1 1 0 0 0 0 0 1 0 0 1 0 0 0
230	1	1 1 1 1 1 1 1 0 0 0 1 0 1 0 0 0 0 0 0 0 0 0 1 0 0 1 0 1 1 0 0 0 0 0 1 0 1 1 0 0 0 0 0 1 0 0 1 0 0 0
230	1	1 1 1 1 1 1 1 0 0 1 1 0 1 0 0 0 0 1 0 0 0 0 1 0 0 1 1 1 1 0 0 0 0 0 1 1 1 1 0 1 0 0 0 1 0 0 1 0 0 1
240	1	1 1 1 1 1 1 1 0 0 0 1 0 1 0 0 0 0 0 0 0 0 0 1 0 0 1 0 1 1 0 0 0 0 0 0 1 1 1 0 1 0 0 0 1 0 0 0 0 0 1
240	4	1 1 1 1 1 1 1 0 0 0 1 0 1 0 0 0 0 0 0 0 0 1 1 0 0 1 0 1 1 0 0 0 0 0 1 1 1 1 0 0 0 0 0 1 0 0 1 0 0 0
240	6	1 1 1 1 1 1 1 0 0 1 1 0 1 0 0 0 0 0 0 0 0 0 1 1 0 1 0 1 1 0 0 0 0 1 1 1 1 1 0 0 0 0 0 1 0 0 1 0 0 0
240	3	1 1 1 1 1 1 1 0 0 1 1 0 1 0 0 0 0 0 0 0 0 0 1 0 0 0 0 1 1 0 0 0 0 0 1 1 1 1 0 0 0 0 0 1 0 0 1 0 0 0
240	1	1 1 1 1 1 1 1 0 0 1 1 0 1 0 0 0 0 0 0 0 0 0 1 0 0 1 0 1 1 0 0 0 0 1 1 1 1 1 0 0 0 0 0 1 0 0 1 0 0 0
240	58	1 1 1 1 1 1 1 0 0 1 1 0 1 0 0 0 0 0 0 0 0 0 1 0 0 1 0 1 1 0 0 0 0 0 1 1 1 1 0 0 0 0 0 1 0 0 1 0 0 0
240	3	1 1 1 1 1 1 1 0 0 1 1 0 1 0 0 0 0 0 0 0 0 0 1 0 0 1 0 1 1 0 0 0 1 0 1 1 1 1 0 0 0 0 0 1 0 0 1 0 0 0
240	1	1 1 1 1 1 1 1 0 0 1 1 0 1 0 0 0 0 0 0 0 0 0 1 0 0 1 0 0 1 0 0 0 0 0 1 1 1 1 0 0 0 0 0 1 0 0 1 0 0 0
240	1	1 1 1 1 1 1 1 1 0 0 1 0 1 0 0 0 0 0 0 0 0 0 1 0 0 1 0 1 1 0 0 0 0 0 1 1 1 1 0 0 0 0 0 1 0 0 1 0 0 0
240	2	1 1 1 1 1 1 1 0 0 0 1 0 1 0 0 0 0 0 0 0 0 0 1 0 0 1 0 1 1 0 0 0 0 0 1 1 1 1 0 0 0 0 0 1 0 0 1 0 0 1
240	18	1 1 1 1 1 1 1 0 0 0 1 0 1 0 0 0 0 0 0 0 0 0 1 0 0 1 0 1 1 0 0 0 0 0 1 1 1 1 0 0 0 0 0 1 0 0 1 0 0 0
240	1	1 1 1 1 1 1 1 0 0 0 1 0 1 0 0 0 0 0 0 0 0 0 1 0 0 1 0 1 1 0 0 0 0 0 1 0 1 1 0 0 0 0 0 1 0 0 1 0 0 0
240	1	1 1 1 1 1 1 1 0 0 1 1 0 1 0 0 0 0 1 0 0 0 0 1 0 0 1 1 1 1 0 0 0 0 0 1 1 1 1 0 1 0 0 0 1 0 0 1 0 0 1
250	1	1 1 1 1 1 1 1 0 0 0 1 0 1 0 0 0 0 0 0 0 0 0 1 0 0 1 0 1 1 0 0 0 0 0 0 1 1 1 0 1 0 0 0 1 0 0 0 0 0 1
250	2	1 1 1 1 1 1 1 0 0 0 1 0 1 0 0 0 0 0 0 0 0 1 1 0 0 1 0 1 1 0 0 0 0 0 1 1 1 1 0 0 0 0 0 1 0 0 1 0 0 0
250	9	1 1 1 1 1 1 1 0 0 1 1 0 1 0 0 0 0 0 0 0 0 0 1 1 0 1 0 1 1 0 0 0 0 1 1 1 1 1 0 0 0 0 0 1 0 0 1 0 0 0
250	1	1 1 1 1 1 1 1 0 0 1 1 0 1 0 0 0 0 0 0 0 0 0 1 0 0 1 0 1 1 0 0 0 0 0 1 1 0 1 0 0 0 0 0 1 0 0 1 0 0 0
250	2	1 1 1 1 1 0 1 0 0 1 1 0 1 0 0 0 0 0 0 0 0 0 1 1 0 1 0 1 1 0 0 0 0 0 1 1 1 1 0 0 0 0 0 1 0 0 1 0 0 0
250	2	1 1 1 1 1 1 1 0 0 1 1 0 1 0 0 0 0 0 0 0 1 0 1 1 0 1 0 1 1 0 0 0 0 0 1 1 1 1 0 0 0 0 0 1 0 0 1 0 0 0
250	10	1 1 1 1 1 1 1 0 0 1 1 0 1 0 0 0 0 0 0 0 0 0 1 1 0 1 0 1 1 0 0 0 0 0 1 1 1 1 0 0 0 0 0 1 0 0 1 0 0 0
250	1	1 1 1 1 1 1 1 0 0 1 1 0 1 0 0 1 0 0 0 0 1 0 1 0 0 1 0 1 1 0 0 0 0 0 1 1 1 1 0 0 0 0 0 1 0 0 1 0 0 0
250	1	1 1 1 1 1 1 1 0 0 1 1 0 1 0 0 0 0 0 0 0 0 0 1 0 0 1 0 1 1 0 0 0 1 0 1 1 1 1 0 0 0 0 0 1 0 0 1 0 0 0
250	54	1 1 1 1 1 1 1 0 0 1 1 0 1 0 0 0 0 0 0 0 0 0 1 0 0 1 0 1 1 0 0 0 0 0 1 1 1 1 0 0 0 0 0 1 0 0 1 0 0 0
250	1	1 1 1 1 1 1 1 0 0 0 1 0 1 0 0 0 0 0 0 0 0 0 1 0 0 0 0 1 1 0 0 0 0 0 1 1 1 1 0 0 0 0 0 1 0 0 1 0 0 0
250	12	1 1 1 1 1 1 1 0 0 0 1 0 1 0 0 0 0 0 0 0 0 0 1 0 0 1 0 1 1 0 0 0 0 0 1 1 1 1 0 0 0 0 0 1 0 0 1 0 0 0
250	4	1 1 1 1 1 1 1 0 0 0 1 0 1 0 0 0 0 0 0 0 0 0 1 0 0 1 0 1 1 0 0 0 0 0 1 0 1 1 0 0 0 0 0 1 0 0 1 0 0 0
260	1	1 1 1 1 1 1 1 0 0 0 1 0 1 0 0 0 0 0 0 0 0 0 1 0 0 1 0 1 1 0 0 0 0 0 0 1 1 1 0 1 0 0 0 1 0 0 0 0 0 1
260	1	1 1 1 1 1 1 1 0 0 0 1 0 1 0 0 0 0 0 0 0 0 1 1 0 0 1 0 1 1 0 0 0 0 0 1 1 1 1 0 0 0 0 0 1 0 0 1 0 0 0
260	6	1 1 1 1 1 1 1 0 0 1 1 0 1 0 0 0 0 0 0 0 0 0 1 1 0 1 0 1 1 0 0 0 0 1 1 1 1 1 0 0 0 0 0 1 0 0 1 0 0 0
260	1	1 1 1 1 1 1 1 0 0 1 0 0 1 0 0 0 0 0 0 0 0 0 1 0 0 1 0 1 1 0 0 0 0 0 1 1 1 1 0 0 0 0 0 1 0 0 1 0 0 0
260	1	1 1 1 1 1 1 1 0 0 1 1 0 1 0 0 0 0 0 0 0 0 0 1 0 0 1 0 1 1 0 0 0 0 0 1 1 0 1 0 0 0 0 0 1 0 0 1 0 0 0
260	1	1 1 1 1 1 1 1 0 0 1 1 0 1 0 0 0 0 0 0 0 0 0 1 1 0 1 0 1 0 0 0 0 0 0 1 1 1 1 0 0 0 0 0 1 0 0 1 0 0 0
260	5	1 1 1 1 1 1 1 0 0 1 1 0 1 0 0 0 0 0 0 0 0 0 1 1 0 1 0 1 1 0 0 0 0 0 1 1 1 1 0 0 0 0 0 1 0 0 1 0 0 0
260	1	1 1 1 1 1 1 1 0 0 1 1 0 0 0 0 0 0 0 0 1 0 0 1 0 0 1 0 1 1 0 0 0 0 0 1 1 1 1 0 0 0 0 0 1 0 0 1 0 0 0
260	1	1 1 1 1 1 1 1 0 0 1 1 0 1 0 0 0 0 0 0 0 0 0 1 0 0 1 0 1 1 0 0 0 1 0 1 1 1 1 0 0 0 0 0 1 0 0 1 0 0 0
260	1	1 1 1 1 1 1 1 0 0 1 1 0 1 0 0 0 0 0 0 0 0 0 1 0 0 1 0 1 1 0 0 0 0 0 1 1 1 1 0 0 0 0 0 1 0 0 0 0 0 0
260	74	1 1 1 1 1 1 1 0 0 1 1 0 1 0 0 0 0 0 0 0 0 0 1 0 0 1 0 1 1 0 0 0 0 0 1 1 1 1 0 0 0 0 0 1 0 0 1 0 0 0
260	1	1 1 1 1 1 1 1 1 0 0 1 0 1 0 0 0 0 0 0 0 0 0 1 0 0 1 0 1 1 0 0 0 0 0 1 1 1 1 0 0 0 0 0 1 0 0 1 0 0 0
260	6	1 1 1 1 1 1 1 0 0 0 1 0 1 0 0 0 0 0 0 0 0 0 1 0 0 1 0 1 1 0 0 0 0 0 1 1 1 1 0 0 0 0 0 1 0 0 1 0 0 0
270	1	1 1 1 1 1 1 1 0 0 0 1 0 1 0 0 0 0 0 0 0 0 0 1 0 0 1 0 1 1 0 0 0 0 0 0 1 1 1 0 1 0 0 0 1 0 0 0 0 0 1
270	5	1 1 1 1 1 1 1 0 0 0 1 0 1 0 0 0 0 0 0 0 0 1 1 0 0 1 0 1 1 0 0 0 0 0 1 1 1 1 0 0 0 0 0 1 0 0 1 0 0 0
270	8	1 1 1 1 1 1 1 0 0 1 1 0 1 0 0 0 0 0 0 0 0 0 1 1 0 1 0 1 1 0 0 0 0 1 1 1 1 1 0 0 0 0 0 1 0 0 1 0 0 0
270	5	1 1 1 1 1 1 1 0 0 1 1 0 1 0 0 0 0 0 0 0 0 0 1 1 0 1 0 1 1 0 0 0 0 0 1 1 1 1 0 0 0 0 0 1 0 0 1 0 0 0
270	1	1 1 1 1 1 1 1 0 0 1 1 0 1 0 0 0 0 0 0 0 0 0 1 0 0 1 0 1 1 0 0 0 1 0 1 1 1 1 0 0 0 0 0 1 0 0 1 0 0 0
270	1	1 1 1 1 1 1 1 0 0 1 1 0 1 0 0 0 0 0 0 0 0 0 1 0 0 1 0 1 1 0 0 0 0 0 1 1 1 1 0 0 0 0 0 1 0 0 1 0 0 1
270	1	1 1 1 1 1 1 1 0 0 1 1 0 1 0 0 0 0 0 0 0 0 0 1 0 1 1 0 1 1 0 0 0 0 0 1 1 1 1 0 0 0 0 0 1 0 0 1 0 0 0
270	1	1 0 1 1 1 1 1 0 0 1 1 0 1 0 0 0 0 0 0 0 0 0 1 0 0 1 0 1 1 0 0 0 0 0 1 1 1 1 0 0 0 0 0 1 0 0 1 0 0 0
270	2	1 1 1 1 1 1 1 0 0 0 1 0 1 0 0 0 0 0 0 0 0 0 1 0 0 1 0 1 1 0 0 0 0 0 1 1 1 1 0 0 0 0 0 1 0 0 1 0 0 0
270	75	1 1 1 1 1 1 1 0 0 1 1 0 1 0 0 0 0 0 0 0 0 0 1 0 0 1 0 1 1 0 0 0 0 0 1 1 1 1 0 0 0 0 0 1 0 0 1 0 0 0
280	3	1 1 1 1 1 1 1 0 0 0 1 0 1 0 0 0 0 0 0 0 0 1 1 0 0 1 0 1 1 0 0 0 0 0 1 1 1 1 0 0 0 0 0 1 0 0 1 0 0 0
280	2	1 1 1 1 1 1 1 0 0 1 1 0 1 0 0 0 0 0 0 0 0 0 1 1 0 1 0 1 1 0 0 0 0 1 1 1 1 1 1 0 0 0 0 1 0 0 1 0 0 0
280	16	1 1 1 1 1 1 1 0 0 1 1 0 1 0 0 0 0 0 0 0 0 0 1 1 0 1 0 1 1 0 0 0 0 1 1 1 1 1 0 0 0 0 0 1 0 0 1 0 0 0
280	1	1 1 1 1 1 1 1 0 0 1 1 0 1 0 0 0 0 0 0 0 0 0 1 1 0 1 0 1 1 0 0 0 0 0 1 1 1 1 0 0 0 0 0 1 0 0 1 0 0 0
280	2	1 1 1 1 1 1 1 0 0 1 1 0 1 0 0 0 0 0 0 0 0 0 1 0 0 1 0 1 1 0 0 0 0 0 1 1 1 1 0 1 0 0 0 1 0 0 1 0 0 0
280	1	1 1 1 1 1 1 1 0 0 0 1 0 1 0 0 0 0 0 0 0 0 0 1 0 0 1 0 1 1 0 0 0 0 0 1 1 1 1 0 0 0 0 0 1 0 0 1 0 0 0
280	1	1 1 1 1 1 1 1 0 0 1 1 0 1 0 0 0 0 0 0 0 0 0 1 0 0 1 0 1 1 0 0 0 0 0 1 0 1 1 0 0 0 0 0 1 0 0 1 0 0 0
280	1	1 1 1 1 1 1 1 0 0 1 1 0 1 0 0 0 0 1 0 0 0 0 1 0 0 1 0 1 1 0 0 0 0 0 1 1 1 1 0 0 0 0 0 1 0 0 1 0 0 0
280	73	1 1 1 1 1 1 1 0 0 1 1 0 1 0 0 0 0 0 0 0 0 0 1 0 0 1 0 1 1 0 0 0 0 0 1 1 1 1 0 0 0 0 0 1 0 0 1 0 0 0
290	1	1 1 1 1 1 1 1 0 0 0 1 0 1 0 0 0 0 0 0 0 0 1 1 0 0 1 0 1 1 0 0 0 0 0 1 1 1 1 0 0 0 0 0 1 0 0 1 0 0 0
290	1	1 1 1 1 1 1 1 0 0 1 1 0 1 0 0 0 0 0 0 0 0 0 1 1 0 1 0 1 1 0 0 0 0 1 1 1 1 1 0 0 0 0 0 1 1 0 1 0 0 0
290	1	1 1 0 1 1 1 1 0 0 1 1 0 1 0 0 0 0 0 0 0 0 0 1 1 0 1 0 1 1 0 0 0 0 1 1 1 1 1 0 0 0 0 0 1 0 0 1 0 0 0
290	13	1 1 1 1 1 1 1 0 0 1 1 0 1 0 0 0 0 0 0 0 0 0 1 1 0 1 0 1 1 0 0 0 0 1 1 1 1 1 0 0 0 0 0 1 0 0 1 0 0 0
290	2	1 1 1 1 1 1 1 0 0 1 0 0 1 0 0 0 0 0 0 0 0 0 1 0 0 1 0 1 1 0 0 0 0 0 1 1 1 1 0 0 0 0 0 1 0 0 1 0 0 0
290	4	1 1 1 1 1 1 1 0 0 1 1 0 1 0 0 0 0 0 0 0 0 0 1 0 0 1 0 1 1 0 0 0 1 0 1 1 1 1 0 0 0 0 0 1 0 0 1 0 0 0
290	1	0 1 1 1 1 1 1 0 0 1 1 0 1 0 0 0 0 0 0 0 0 0 1 0 0 1 0 1 1 0 0 0 0 0 1 1 1 1 0 0 0 0 0 1 0 0 1 0 1 0
290	1	0 1 1 1 1 1 1 0 0 1 1 0 1 0 0 0 0 0 0 0 0 0 1 0 0 1 0 1 1 0 0 0 0 0 1 1 1 1 0 0 0 0 0 1 0 0 1 0 0 0
290	1	1 1 1 1 1 1 1 0 0 1 1 0 1 0 0 0 0 0 0 0 0 0 1 0 0 1 0 1 1 0 0 0 0 0 1 0 1 1 0 0 0 0 0 1 0 0 1 0 0 0
290	1	1 1 1 1 1 1 1 0 0 1 1 0 1 0 0 0 0 0 0 0 0 0 1 0 0 1 0 1 1 0 0 1 0 0 1 1 1 1 0 0 0 0 0 1 0 0 1 0 0 0
290	1	1 1 1 1 1 1 1 0 0 1 1 0 1 0 0 0 0 1 0 0 0 0 1 0 0 1 0 1 1 0 0 0 0 0 1 1 1 1 0 0 0 0 0 1 0 0 1 0 0 0
290	1	1 1 1 1 1 1 1 0 0 1 1 0 1 0 0 0 0 0 0 0 0 0 1 0 0 1 0 1 1 0 0 0 0 0 1 1 1 1 0 0 1 0 0 1 0 0 1 0 0 0
290	71	1 1 1 1 1 1 1 0 0 1 1 0 1 0 0 0 0 0 0 0 0 0 1 0 0 1 0 1 1 0 0 0 0 0 1 1 1 1 0 0 0 0 0 1 0 0 1 0 0 0
290	1	1 1 1 1 1 1 1 1 0 0 1 0 1 0 0 0 0 0 0 0 0 0 0 0 0 1 0 1 1 0 0 0 0 0 1 1 1 1 0 0 0 0 0 1 0 0 1 0 0 0
300	2	1 1 1 1 1 1 1 0 0 0 1 0 1 0 0 0 0 0 0 0 0 1 1 0 0 1 0 1 1 0 0 0 0 0 1 1 1 1 0 0 0 0 0 1 0 0 1 0 0 0
300	7	1 1 1 1 1 1 1 0 0 1 1 0 1 0 0 0 0 0 0 0 0 0 1 1 0 1 0 1 1 0 0 0 0 1 1 1 1 1 0 0 0 0 0 1 0 0 1 0 0 0
300	1	1 1 1 1 1 1 1 0 0 1 0 0 1 0 0 0 0 0 0 0 0 0 1 0 0 1 0 1 1 0 0 0 0 0 1 1 1 1 0 0 0 0 0 1 0 0 1 0 0 0
300	2	1 1 1 1 1 1 1 0 0 1 1 0 1 0 0 0 0 0 0 0 0 0 1 0 0 1 0 1 1 0 0 0 1 0 1 1 1 1 0 0 0 0 0 1 0 0 1 0 0 0
300	1	1 1 1 1 1 1 1 0 0 1 1 0 1 0 0 0 0 0 0 0 0 0 1 0 0 1 0 1 1 0 0 0 0 0 1 1 1 1 0 1 0 0 0 1 0 0 1 0 0 0
300	1	1 1 1 1 1 1 1 0 0 1 1 0 1 0 0 0 0 0 0 0 0 0 1 0 0 1 0 1 1 0 0 0 0 0 1 0 1 1 0 0 0 0 0 1 0 0 1 0 0 0
300	1	1 1 1 1 1 1 1 0 0 1 1 0 1 0 0 0 0 0 0 0 0 0 1 0 0 1 0 1 1 0 0 1 0 0 1 1 1 1 0 0 0 0 0 1 0 0 1 0 0 0
300	4	1 1 1 1 1 1 1 0 0 1 1 0 1 0 0 0 0 0 0 0 0 0 1 0 0 1 0 1 1 0 0 0 0 0 1 1 1 1 0 0 0 0 0 1 0 0 0 0 0 0
300	1	1 1 1 1 1 1 1 0 0 1 1 0 1 0 0 0 0 0 0 0 0 0 1 0 0 1 0 1 1 0 0 0 0 0 1 1 0 1 0 0 0 0 0 1 0 0 1 0 0 0
300	1	1 1 1 1 1 1 1 0 0 1 1 0 1 0 0 0 0 0 1 0 0 0 1 0 0 1 0 1 1 0 0 0 0 0 1 1 1 1 0 0 0 0 0 1 0 0 1 0 0 0
300	1	1 1 1 1 1 1 1 0 0 1 1 0 0 0 0 0 0 0 0 0 0 0 1 0 0 1 0 1 1 0 0 0 0 0 1 1 1 1 0 0 0 0 0 1 0 0 1 0 0 0
300	72	1 1 1 1 1 1 1 0 0 1 1 0 1 0 0 0 0 0 0 0 0 0 1 0 0 1 0 1 1 0 0 0 0 0 1 1 1 1 0 0 0 0 0 1 0 0 1 0 0 0
300	5	1 1 1 1 1 1 1 1 0 0 1 0 1 0 0 0 0 0 0 0 0 0 0 0 0 1 0 1 1 0 0 0 0 0 1 1 1 1 0 0 0 0 0 1 0 0 1 0 0 0
300	1	1 1 1 1 1 1 1 1 0 0 1 0 1 0 0 0 0 0 0 0 0 0 1 0 0 1 0 1 1 0 0 0 0 0 1 1 1 1 0 0 0 0 0 1 0 0 1 0 0 0
310	1	1 1 1 1 1 1 1 0 0 1 1 0 1 0 0 0 0 0 0 0 0 0 1 1 0 1 0 1 1 1 0 0 0 1 1 1 1 1 0 0 0 0 0 1 0 0 1 0 0 0
310	1	1 1 1 1 1 1 1 0 0 1 1 0 1 0 0 0 0 0 0 0 0 0 1 1 0 1 0 1 1 0 0 0 0 1 1 1 1 1 0 0 0 0 0 0 0 0 1 0 0 0
310	6	1 1 1 1 1 1 1 0 0 1 1 0 1 0 0 0 0 0 0 0 0 0 1 1 0 1 0 1 1 0 0 0 0 1 1 1 1 1 0 0 0 0 0 1 0 0 1 0 0 0
310	4	1 1 1 1 1 1 1 0 0 1 1 0 1 0 0 0 0 0 0 0 0 0 1 0 0 1 0 1 1 0 0 0 0 0 1 0 1 1 0 0 0 0 0 1 0 0 1 0 0 0
310	1	1 1 1 1 1 1 1 0 0 1 1 0 1 0 0 0 0 0 0 0 0 0 1 0 0 1 0 1 1 0 0 0 0 0 1 0 1 1 0 0 0 0 0 1 0 0 0 0 0 0
310	1	1 1 1 1 1 1 1 0 0 1 1 0 1 0 0 0 0 0 0 0 0 0 1 0 0 1 0 1 1 0 0 0 0 0 1 1 1 1 0 0 0 0 1 1 0 0 0 0 0 0
310	2	1 1 1 1 1 1 1 0 0 1 1 0 1 0 0 0 0 0 0 0 0 0 1 0 0 1 0 1 1 0 0 0 0 0 1 1 1 1 0 0 0 0 0 1 0 0 0 0 0 0
310	1	1 1 1 0 1 1 1 0 0 1 1 0 1 0 0 0 0 0 0 0 0 0 1 0 0 1 0 1 1 0 0 0 0 0 1 1 1 1 0 0 0 0 0 1 0 0 1 0 0 0
310	2	1 1 1 1 1 1 1 0 0 1 1 0 1 0 0 0 0 0 0 0 0 1 1 0 0 1 0 1 1 0 0 0 0 0 1 1 1 1 0 0 0 0 0 1 0 0 1 0 0 0
310	71	1 1 1 1 1 1 1 0 0 1 1 0 1 0 0 0 0 0 0 0 0 0 1 0 0 1 0 1 1 0 0 0 0 0 1 1 1 1 0 0 0 0 0 1 0 0 1 0 0 0
310	6	1 1 1 1 1 1 1 1 0 0 1 0 1 0 0 0 0 0 0 0 0 0 0 0 0 1 0 1 1 0 0 0 0 0 1 1 1 1 0 0 0 0 0 1 0 0 1 0 0 0
310	4	1 1 1 1 1 1 1 1 0 0 1 0 1 0 0 0 0 0 0 0 0 0 1 0 0 1 0 1 1 0 0 0 0 0 1 1 1 1 0 0 0 0 0 1 0 0 1 0 0 0
