10	2	0 0 1 0 0 1 0 0 0 1
10	20	0 1 1 0 0 1 0 0 0 1
10	20	1 0 0 0 0 0 0 1 1 1
10	23	0 0 0 1 0 0 1 0 1 1
10	35	0 1 0 0 0 0 0 1 1 0
20	4	0 0 1 0 0 1 0 0 0 1
20	6	0 1 0 0 0 1 0 0 0 1
20	18	0 1 1 0 0 1 0 0 0 1
20	1	1 0 0 0 0 0 0 1 0 1
20	21	1 0 0 0 0 0 0 1 1 1
20	1	0 0 0 1 0 0 1 1 1 1
20	21	0 0 0 1 0 0 1 0 1 1
20	2	1 1 0 0 0 0 0 1 1 0
20	26	0 1 0 0 0 0 0 1 1 0
30	4	0 0 1 0 0 1 0 0 0 1
30	1	0 1 1 0 0 1 0 0 1 1
30	7	0 1 0 0 0 1 0 0 0 1
30	22	0 1 1 0 0 1 0 0 0 1
30	3	1 0 0 1 0 0 0 1 1 1
30	17	1 0 0 0 0 0 0 1 1 1
30	25	0 0 0 1 0 0 1 0 1 1
30	1	1 1 0 0 0 0 0 1 1 0
30	1	0 1 0 0 0 0 0 1 0 0
30	19	0 1 0 0 0 0 0 1 1 0
40	1	1 0 1 0 0 1 0 0 0 1
40	1	0 1 0 1 0 1 0 0 0 1
40	2	0 1 0 0 0 1 0 0 0 1
40	31	0 1 1 0 0 1 0 0 0 1
40	4	1 0 0 1 0 0 0 1 1 1
40	1	1 0 0 0 0 0 1 1 1 1
40	18	1 0 0 0 0 0 0 1 1 1
40	1	1 0 0 1 0 0 1 0 1 1
40	23	0 0 0 1 0 0 1 0 1 1
40	1	0 1 0 0 0 1 0 1 1 0
40	17	0 1 0 0 0 0 0 1 1 0
50	4	1 0 1 0 0 1 0 0 0 1
50	1	0 0 0 1 0 1 0 0 0 0
50	6	0 1 0 0 0 1 0 0 0 1
50	3	0 1 1 0 0 1 0 0 1 1
50	6	0 1 1 0 0 1 0 0 0 0
50	1	0 1 1 1 0 1 0 0 0 1
50	23	0 1 1 0 0 1 0 0 0 1
50	21	1 0 0 0 0 0 0 1 1 1
50	21	0 0 0 1 0 0 1 0 1 1
50	1	1 1 0 0 0 1 0 1 1 0
50	13	0 1 0 0 0 0 0 1 1 0
60	1	0 0 1 0 0 1 0 0 0 1
60	2	1 0 1 0 0 1 0 0 0 1
60	1	0 1 0 1 0 1 0 0 0 1
60	5	0 1 0 0 0 1 0 0 0 1
60	2	0 1 1 0 0 1 0 0 1 1
60	1	0 1 1 0 1 1 0 0 0 0
60	12	0 1 1 0 0 1 0 0 0 0
60	2	0 1 1 1 0 1 0 0 0 1
60	1	0 1 1 0 0 0 0 0 0 1
60	1	0 1 1 0 0 1 0 1 0 1
60	25	0 1 1 0 0 1 0 0 0 1
60	3	1 0 0 0 0 0 0 0 1 1
60	1	1 0 0 0 0 0 1 1 1 1
60	9	1 0 0 0 0 0 0 1 1 1
60	18	0 0 0 1 0 0 1 0 1 1
60	1	1 1 0 0 0 0 0 1 1 0
60	2	1 1 0 0 0 1 0 1 1 0
60	1	0 1 0 0 0 1 0 1 1 0
60	12	0 1 0 0 0 0 0 1 1 0
70	25	0 1 1 0 0 1 0 0 0 1
70	3	0 0 1 0 0 1 0 0 0 1
70	1	1 0 1 1 0 1 0 0 0 1
70	5	1 0 1 0 0 1 0 0 0 1
70	3	0 1 0 1 0 1 0 0 0 1
70	4	0 1 0 0 0 1 0 0 0 1
70	1	0 1 1 0 1 1 0 0 0 1
70	4	0 1 1 0 1 1 0 0 0 0
70	1	0 1 1 0 0 1 0 1 0 1
70	32	0 1 1 0 0 1 0 0 0 0
70	1	0 1 1 1 0 1 0 0 0 1
70	5	1 0 0 0 0 0 0 1 1 1
70	7	0 0 0 1 0 0 1 0 1 1
70	1	0 1 1 0 0 0 0 1 1 0
70	7	0 1 0 0 0 0 0 1 1 0
