0	100	0 0 0 0 0 0 0 0 0 0
10	1	0 1 0 0 0 0 0 0 0 0
10	1	0 0 0 0 0 0 0 0 1 0
10	98	0 0 0 0 0 0 0 0 0 0
20	1	0 1 0 0 0 0 0 0 0 0
20	1	0 0 0 0 0 0 0 1 0 0
20	2	0 0 0 0 0 0 0 0 1 0
20	1	0 0 0 0 0 0 0 0 0 1
20	2	1 0 0 0 0 0 0 0 0 0
20	1	0 0 0 1 0 0 0 0 0 0
20	92	0 0 0 0 0 0 0 0 0 0
30	1	0 1 0 0 0 0 0 0 0 0
30	3	0 0 0 0 0 0 0 1 0 0
30	1	0 0 0 0 0 0 0 0 1 0
30	1	0 0 0 0 0 0 0 0 0 1
30	2	0 0 0 1 0 0 0 0 0 0
30	1	0 0 1 0 0 0 0 0 0 0
30	1	0 0 0 0 0 0 1 0 0 0
30	90	0 0 0 0 0 0 0 0 0 0
40	5	0 1 0 0 0 0 0 0 0 0
40	2	0 0 0 0 0 0 0 0 1 0
40	2	0 0 0 1 0 0 0 0 0 0
40	2	1 0 0 0 0 0 0 0 0 0
40	1	0 0 0 0 0 0 0 0 0 1
40	1	0 0 0 0 1 0 0 1 0 0
40	1	0 0 0 0 1 0 0 0 0 0
40	86	0 0 0 0 0 0 0 0 0 0
50	4	0 1 0 0 0 0 0 0 0 0
50	2	0 0 0 0 0 0 0 1 0 0
50	7	0 0 0 1 0 0 0 0 0 0
50	1	1 0 0 0 0 0 0 0 0 0
50	2	0 0 0 0 0 0 0 0 0 1
50	5	0 0 0 0 0 0 1 0 0 0
50	1	0 0 0 0 1 0 0 0 0 0
50	78	0 0 0 0 0 0 0 0 0 0
60	74	0 0 0 0 0 0 0 0 0 0
60	8	0 1 0 0 0 0 0 0 0 0
60	2	0 0 0 0 0 0 1 0 0 0
60	6	1 0 0 0 0 0 0 0 0 0
60	1	0 0 0 0 0 1 0 0 0 0
60	5	0 0 0 1 0 0 0 0 0 0
60	4	0 0 0 0 0 0 0 0 0 1
70	1	0 0 0 0 0 0 0 1 0 0
70	2	0 0 1 0 0 0 0 0 0 0
70	60	0 0 0 0 0 0 0 0 0 0
70	20	0 1 0 0 0 0 0 0 0 0
70	2	1 0 0 0 0 0 0 1 0 0
70	3	1 0 0 0 0 0 0 0 0 0
70	1	0 0 0 0 1 0 0 0 0 0
70	1	0 0 0 0 0 0 0 0 1 0
70	3	0 0 0 0 0 0 0 0 0 1
70	4	0 0 0 1 0 0 0 0 0 0
70	3	0 0 0 1 0 0 0 0 1 0
80	2	0 0 1 0 0 0 0 0 0 0
80	21	0 1 0 0 0 0 0 0 0 0
80	1	0 0 0 0 0 0 0 0 1 0
80	1	0 0 0 0 0 0 0 0 0 1
80	2	1 0 0 0 0 0 0 0 0 0
80	8	0 0 0 1 0 0 0 0 0 0
80	63	0 0 0 0 0 0 0 0 0 0
80	2	1 0 0 0 0 0 0 1 0 0
90	1	0 0 1 0 0 0 0 1 0 0
90	12	0 0 1 0 0 0 0 0 0 0
90	13	0 1 0 0 0 0 0 0 0 0
90	1	0 0 0 0 0 0 0 0 1 0
90	1	0 0 0 0 0 0 1 0 0 0
90	1	0 0 0 0 1 0 0 0 0 0
90	2	1 0 0 0 0 0 0 0 0 0
90	3	0 0 0 1 0 0 0 0 0 0
90	64	0 0 0 0 0 0 0 0 0 0
90	2	0 0 0 1 0 0 0 0 1 0
100	7	0 0 1 0 0 0 0 0 0 0
100	1	0 1 0 0 0 0 1 0 0 0
100	1	1 1 0 0 0 0 0 0 0 0
100	1	0 1 0 0 0 1 0 0 0 0
100	44	0 0 0 0 0 0 0 0 0 0
100	30	0 1 0 0 0 0 0 0 0 0
100	5	0 0 0 0 0 0 0 0 1 0
100	1	0 0 0 0 0 0 1 0 0 0
100	1	0 0 0 0 1 0 0 0 0 0
100	4	1 0 0 0 0 0 0 0 0 0
100	3	0 0 0 1 0 0 0 0 0 0
100	2	0 0 0 1 0 0 0 0 1 0
110	3	0 0 1 0 0 0 0 0 0 0
110	1	0 1 0 0 0 0 1 1 0 0
110	2	0 0 0 0 0 0 1 0 0 0
110	3	1 1 0 0 0 0 0 0 0 0
110	1	0 1 1 0 0 0 0 0 0 0
110	3	0 0 0 1 0 0 0 0 0 0
110	4	0 0 0 0 0 0 0 1 0 0
110	2	0 0 0 0 1 0 0 0 0 0
110	3	1 0 0 0 0 0 0 0 0 0
110	3	0 0 0 0 0 0 0 0 1 0
110	26	0 1 0 0 0 0 0 0 0 0
110	1	0 0 0 0 0 0 0 0 0 1
110	47	0 0 0 0 0 0 0 0 0 0
110	1	0 0 0 1 0 0 0 0 1 0
120	2	0 0 1 0 0 0 0 0 0 0
120	4	1 1 0 0 0 0 0 0 0 0
120	1	0 1 0 0 0 1 0 0 0 0
120	1	0 1 1 0 0 0 0 0 0 0
120	2	0 0 0 0 0 0 0 1 0 0
120	1	1 0 0 0 0 0 0 0 0 0
120	1	0 0 0 0 0 0 0 0 1 0
120	44	0 0 0 0 0 0 0 0 0 0
120	1	0 1 0 0 1 0 0 0 0 0
120	43	0 1 0 0 0 0 0 0 0 0
130	4	0 0 1 0 0 0 0 0 0 0
130	50	0 1 0 0 0 0 0 0 0 0
130	42	0 0 0 0 0 0 0 0 0 0
130	1	0 1 0 0 0 1 0 0 0 0
130	2	0 0 0 0 0 0 0 1 0 0
130	1	0 1 0 1 0 0 0 0 0 0
140	1	0 0 0 0 0 0 1 0 0 0
140	31	0 0 0 0 0 0 0 0 0 0
140	3	0 0 1 0 0 0 0 0 0 0
140	2	0 1 1 0 0 0 0 0 0 0
140	1	0 1 0 0 0 0 0 1 0 0
140	4	0 1 0 0 0 1 0 0 0 0
140	1	0 1 0 0 0 0 0 0 0 1
140	2	1 1 0 0 0 0 0 0 0 0
140	1	0 1 0 0 1 0 0 0 0 0
140	52	0 1 0 0 0 0 0 0 0 0
140	2	0 0 0 0 0 0 0 1 0 0
150	1	1 0 0 0 0 0 0 0 0 0
150	3	0 0 0 0 1 0 0 0 0 0
150	1	0 0 0 0 0 0 1 0 0 0
150	1	0 0 0 1 0 0 0 0 0 0
150	1	0 0 0 0 0 1 0 0 0 0
150	37	0 1 0 0 0 0 0 0 0 0
150	27	0 0 0 0 0 0 0 0 0 0
150	1	0 0 1 0 0 0 0 1 0 0
150	7	0 0 1 0 0 0 0 0 0 0
150	1	0 1 1 0 0 0 0 0 0 0
150	1	0 1 0 0 0 0 0 1 0 0
150	6	0 1 0 0 0 1 0 0 0 0
150	4	0 1 0 0 0 0 0 0 0 1
150	3	1 1 0 0 0 0 0 0 0 0
150	4	0 1 0 0 1 0 0 0 0 0
150	1	0 1 0 1 0 0 0 0 0 0
150	1	0 0 0 0 0 0 0 1 0 0
