0	100	0 0 0 0 0 0 0 0 0 0
10	1	0 1 0 0 0 0 0 0 0 0
10	1	1 0 0 0 0 0 0 0 0 0
10	98	0 0 0 0 0 0 0 0 0 0
20	3	1 0 0 0 0 0 0 0 0 0
20	2	0 0 0 1 0 0 0 0 0 0
20	1	0 0 0 0 0 0 1 0 0 0
20	1	0 0 1 0 0 0 0 0 0 0
20	1	0 0 0 0 0 0 0 1 0 0
20	92	0 0 0 0 0 0 0 0 0 0
30	1	0 1 1 0 0 0 0 0 0 0
30	3	0 1 0 0 0 0 0 0 0 0
30	4	1 0 0 0 0 0 0 0 0 0
30	1	0 0 0 1 0 0 0 0 0 0
30	1	0 0 0 0 1 0 0 0 0 0
30	2	0 0 0 0 0 0 1 0 0 0
30	2	0 0 1 0 0 0 0 0 0 0
30	4	0 0 0 0 0 0 0 0 1 0
30	82	0 0 0 0 0 0 0 0 0 0
40	3	0 1 0 0 0 0 0 0 0 0
40	6	1 0 0 0 0 0 0 0 0 0
40	2	0 0 0 1 0 0 0 0 0 0
40	1	0 0 1 0 0 0 0 0 0 0
40	5	0 0 0 0 0 0 0 0 0 1
40	1	0 0 0 0 0 1 0 0 0 0
40	82	0 0 0 0 0 0 0 0 0 0
50	1	0 1 0 0 0 0 0 0 0 0
50	10	1 0 0 0 0 0 0 0 0 0
50	4	0 0 0 1 0 0 0 0 0 0
50	1	0 0 1 0 0 0 0 0 0 0
50	1	1 1 0 0 0 0 0 0 0 1
50	3	0 0 0 0 0 1 0 0 0 0
50	1	0 0 0 0 0 0 1 0 0 0
50	2	0 0 0 0 0 0 0 1 0 0
50	76	0 0 0 0 0 0 0 0 0 0
50	1	0 0 0 0 0 0 0 0 0 1
60	67	0 0 0 0 0 0 0 0 0 0
60	4	0 1 0 0 0 0 0 0 0 0
60	1	1 0 0 0 0 0 0 0 0 1
60	14	1 0 0 0 0 0 0 0 0 0
60	3	0 0 1 0 0 0 0 0 0 0
60	7	0 0 0 0 0 1 0 0 0 0
60	1	0 0 0 0 0 0 0 0 1 0
60	1	0 0 0 0 0 0 0 0 0 1
60	1	0 0 0 0 1 0 0 0 0 0
60	1	0 0 0 0 0 0 0 1 1 0
70	16	0 1 0 0 0 0 0 0 0 0
70	2	0 0 0 0 1 0 0 0 0 0
70	1	0 0 0 0 0 0 0 0 0 1
70	12	1 0 0 0 0 0 0 0 0 0
70	1	0 0 0 0 0 0 0 1 0 0
70	6	0 0 0 0 0 1 0 0 0 0
70	57	0 0 0 0 0 0 0 0 0 0
70	2	0 0 0 0 0 0 0 0 1 0
70	2	0 0 1 0 0 0 0 0 0 0
70	1	1 1 0 0 0 0 0 0 0 0
80	1	0 0 1 0 0 0 0 0 0 0
80	1	0 0 0 0 0 0 0 0 0 1
80	6	0 1 0 0 0 0 0 0 0 0
80	6	0 0 0 0 0 1 0 0 0 0
80	57	0 0 0 0 0 0 0 0 0 0
80	1	0 1 0 0 0 0 1 0 0 0
80	2	1 0 0 0 0 0 1 0 0 0
80	1	1 0 0 0 0 0 0 0 0 1
80	22	1 0 0 0 0 0 0 0 0 0
80	1	0 0 0 0 0 0 0 1 0 0
80	1	1 1 0 0 0 0 0 0 0 0
80	1	0 0 0 0 0 1 0 0 1 0
90	1	1 1 0 0 0 0 0 0 0 0
90	9	0 1 0 0 0 0 0 0 0 0
90	45	0 0 0 0 0 0 0 0 0 0
90	16	0 0 0 0 0 1 0 0 0 0
90	1	0 0 0 0 0 0 0 0 1 0
90	2	1 0 0 0 0 0 0 0 0 1
90	22	1 0 0 0 0 0 0 0 0 0
90	1	0 0 0 0 0 0 0 1 0 0
90	3	1 0 0 0 0 0 1 0 0 0
100	3	0 0 0 0 0 0 0 0 0 1
100	1	1 1 0 0 0 0 1 0 0 0
100	5	1 1 0 0 0 0 0 0 0 0
100	8	0 1 0 0 0 0 0 0 0 0
100	6	0 0 0 0 0 0 0 1 0 0
100	9	0 0 0 0 0 1 0 0 0 0
100	32	0 0 0 0 0 0 0 0 0 0
100	1	1 0 0 0 1 0 0 0 0 1
100	3	1 0 1 0 0 0 0 0 0 0
100	29	1 0 0 0 0 0 0 0 0 0
100	3	1 0 0 0 0 0 1 0 0 0
110	6	1 1 0 0 0 0 0 0 0 0
110	1	1 0 0 0 0 0 0 0 0 1
110	1	1 0 0 0 0 0 0 1 0 0
110	42	0 0 0 0 0 0 0 0 0 0
110	27	1 0 0 0 0 0 0 0 0 0
110	1	0 1 0 0 0 0 1 0 0 0
110	12	0 1 0 0 0 0 0 0 0 0
110	5	0 0 0 0 0 1 0 0 0 0
110	5	1 0 1 0 0 0 0 0 0 0
120	6	1 1 0 0 0 0 0 0 0 0
120	2	0 0 0 0 1 0 0 0 0 0
120	2	0 0 0 0 0 0 0 0 1 0
120	7	0 1 0 0 0 0 0 0 0 0
120	39	0 0 0 0 0 0 0 0 0 0
120	2	1 0 0 0 1 0 0 0 0 0
120	30	1 0 0 0 0 0 0 0 0 0
120	2	1 0 0 0 0 1 0 0 0 0
120	3	1 0 1 0 0 0 0 0 0 0
120	6	0 0 0 0 0 1 0 0 0 0
120	1	1 0 0 0 0 0 1 0 0 0
130	8	1 1 0 0 0 0 0 0 0 0
130	10	0 1 0 0 0 0 0 0 0 0
130	5	0 0 0 0 0 1 0 0 0 0
130	1	0 0 0 1 0 0 0 0 0 0
130	30	0 0 0 0 0 0 0 0 0 0
130	2	1 0 0 1 1 0 0 0 0 0
130	1	1 0 0 0 1 0 0 0 0 0
130	29	1 0 0 0 0 0 0 0 0 0
130	1	1 1 1 0 0 0 1 0 0 0
130	13	1 0 1 0 0 0 0 0 0 0
140	1	1 1 1 0 0 0 0 0 0 0
140	9	0 1 0 0 0 0 0 0 0 0
140	13	1 1 0 0 0 0 0 0 0 0
140	36	1 0 0 0 0 0 0 0 0 0
140	2	0 0 0 0 0 1 0 0 0 0
140	1	0 0 0 1 0 0 0 0 0 0
140	18	0 0 0 0 0 0 0 0 0 0
140	2	0 0 0 0 0 0 0 0 1 0
140	3	1 0 0 1 1 0 0 0 0 0
140	8	1 0 1 0 0 0 0 0 0 0
140	1	1 0 0 0 0 0 1 0 0 0
140	2	1 1 1 0 0 0 1 0 0 0
140	4	0 0 0 0 0 1 0 1 0 0
150	6	0 1 0 0 0 0 0 0 0 0
150	19	1 1 0 0 0 0 0 0 0 0
150	5	1 0 1 0 0 0 0 0 0 0
150	15	0 0 0 0 0 0 0 0 0 0
150	40	1 0 0 0 0 0 0 0 0 0
150	3	0 0 0 0 0 1 0 0 0 0
150	1	0 0 0 1 0 0 0 0 0 1
150	2	0 0 0 1 0 0 0 0 0 0
150	1	0 1 1 0 0 0 0 0 0 0
150	1	1 0 0 1 1 0 0 0 0 0
150	3	1 1 1 0 0 0 1 0 0 0
150	4	0 0 0 0 0 1 0 1 0 0
