0	100	0 0 0 0 0 0 0 0 0 0
10	1	1 0 0 0 0 0 0 0 0 0
10	99	0 0 0 0 0 0 0 0 0 0
20	2	0 0 0 0 0 1 0 1 0 0
20	1	0 0 0 0 0 0 0 1 0 0
20	1	0 0 0 0 0 0 0 0 1 0
20	1	0 0 0 0 0 1 0 0 0 0
20	95	0 0 0 0 0 0 0 0 0 0
30	2	0 0 1 0 0 0 0 0 0 0
30	2	0 0 0 0 0 1 0 1 0 0
30	1	0 0 0 0 0 0 0 1 0 0
30	7	0 1 0 0 0 0 0 0 0 0
30	1	0 0 0 0 0 0 0 0 0 1
30	2	0 0 0 0 1 0 0 0 0 0
30	1	0 0 0 0 0 0 0 0 1 0
30	1	0 1 0 0 0 1 0 0 0 0
30	1	0 0 0 0 0 1 0 0 0 0
30	82	0 0 0 0 0 0 0 0 0 0
40	1	0 0 0 0 0 1 0 1 0 0
40	2	0 0 0 0 0 0 0 1 0 0
40	8	0 1 0 0 0 0 0 0 0 0
40	83	0 0 0 0 0 0 0 0 0 0
40	2	0 0 0 1 0 0 0 0 0 0
40	1	0 0 0 0 0 1 0 0 0 0
40	1	0 0 0 0 1 0 0 0 0 0
40	2	0 0 0 0 1 0 1 0 0 0
50	1	0 0 0 0 0 1 1 1 0 0
50	3	0 0 0 0 0 0 1 0 0 0
50	1	0 0 0 0 0 0 0 0 1 0
50	2	0 0 0 1 0 0 0 0 0 0
50	8	0 1 0 0 0 0 0 0 0 0
50	83	0 0 0 0 0 0 0 0 0 0
50	2	0 0 0 0 1 0 0 0 0 0
60	2	0 0 0 0 0 0 1 0 0 0
60	5	1 0 0 0 0 0 0 0 0 0
60	1	0 0 0 1 0 1 0 0 0 0
60	7	0 0 0 1 0 0 0 0 0 0
60	3	0 1 0 0 0 1 0 0 0 1
60	9	0 1 0 0 0 0 0 0 0 0
60	1	0 0 0 0 1 0 0 0 0 0
60	1	0 0 0 0 0 0 0 1 0 0
60	71	0 0 0 0 0 0 0 0 0 0
70	1	0 0 0 0 0 0 1 0 0 0
70	6	1 0 0 0 0 0 0 0 0 0
70	1	0 0 0 0 0 0 0 0 1 0
70	5	0 0 0 1 0 0 0 0 0 0
70	2	0 1 0 0 0 1 0 0 0 1
70	1	0 0 0 0 0 0 0 0 0 1
70	72	0 0 0 0 0 0 0 0 0 0
70	9	0 1 0 0 0 0 0 0 0 0
70	3	0 0 0 0 1 0 0 0 0 0
80	1	0 0 0 0 0 0 1 0 0 0
80	1	0 0 0 0 0 0 0 0 1 0
80	64	0 0 0 0 0 0 0 0 0 0
80	14	0 1 0 0 0 0 0 0 0 0
80	6	1 0 0 0 0 0 0 0 0 0
80	2	0 0 0 1 0 0 0 0 0 0
80	7	0 0 0 0 1 0 0 0 0 0
80	1	0 0 0 0 0 0 0 1 0 0
80	1	0 1 0 1 0 0 0 0 0 0
80	3	0 1 0 0 0 1 0 0 0 1
90	51	0 0 0 0 0 0 0 0 0 0
90	1	0 0 0 0 0 1 0 0 0 0
90	2	0 0 0 0 1 0 0 0 0 0
90	2	0 0 0 0 0 0 0 1 0 0
90	12	1 0 0 0 0 0 0 0 0 0
90	22	0 1 0 0 0 0 0 0 0 0
90	1	0 1 0 0 1 0 0 0 0 0
90	1	0 1 0 0 0 0 0 0 1 0
90	4	0 0 0 1 0 0 0 0 0 0
90	1	0 0 0 1 1 1 0 0 1 0
90	1	0 0 0 1 1 1 0 0 0 0
90	2	0 1 0 1 0 0 0 0 0 0
100	3	0 0 0 0 0 0 1 0 0 0
100	3	0 0 0 0 1 0 0 0 0 0
100	51	0 0 0 0 0 0 0 0 0 0
100	13	0 1 0 0 0 0 0 0 0 0
100	6	0 1 0 1 0 0 0 0 0 0
100	8	1 0 0 0 0 0 0 0 0 0
100	6	0 0 0 1 0 0 0 0 0 0
100	1	0 0 0 0 0 1 0 0 0 0
100	1	1 0 1 0 0 0 0 0 0 0
100	3	0 1 0 0 1 0 0 0 0 0
100	1	0 1 0 0 0 0 0 0 1 0
100	1	0 0 0 1 1 1 0 0 1 0
100	3	0 0 0 1 1 1 0 0 0 0
110	1	0 0 0 0 0 0 1 0 0 0
110	1	0 0 0 0 1 0 0 0 0 0
110	2	0 1 0 0 1 0 0 0 0 0
110	2	1 1 0 0 0 0 0 0 0 0
110	16	0 1 0 0 0 0 0 0 0 0
110	1	0 0 1 0 0 0 0 0 0 0
110	17	0 0 0 1 0 0 0 0 0 0
110	1	0 0 0 0 0 0 0 0 0 1
110	23	0 0 0 0 0 0 0 0 0 0
110	8	0 1 0 1 0 0 0 0 0 0
110	2	1 0 1 0 0 0 0 0 0 0
110	19	1 0 0 0 0 0 0 0 0 0
110	1	0 1 0 0 1 0 0 0 1 0
110	1	0 1 0 0 0 0 0 1 1 0
110	2	0 1 0 0 0 0 0 0 1 0
110	3	0 0 0 1 1 1 0 0 0 0
120	1	0 0 0 0 1 0 0 0 0 0
120	2	0 1 0 0 1 0 0 0 0 0
120	2	0 1 0 1 0 0 0 0 1 0
120	7	0 1 0 1 0 0 0 0 0 0
120	16	0 1 0 0 0 0 0 0 0 0
120	2	0 0 1 0 0 0 0 0 0 0
120	1	0 0 0 0 0 0 0 0 1 0
120	22	0 0 0 1 0 0 0 0 0 0
120	19	0 0 0 0 0 0 0 0 0 0
120	1	0 0 0 1 0 1 0 0 0 1
120	1	0 1 0 1 0 0 0 0 0 1
120	4	1 0 1 0 0 0 0 0 0 0
120	1	1 0 0 0 0 0 0 0 1 0
120	2	1 0 0 0 0 1 0 0 0 0
120	14	1 0 0 0 0 0 0 0 0 0
120	5	0 0 0 1 1 1 0 0 0 0
130	1	0 1 0 0 0 0 0 0 0 1
130	17	0 1 0 0 0 0 0 0 0 0
130	2	0 1 0 0 1 0 0 1 0 1
130	1	1 1 0 0 0 0 0 0 0 0
130	2	0 1 0 1 0 0 0 0 1 0
130	1	0 1 0 1 0 0 0 0 0 1
130	11	0 1 0 1 0 0 0 0 0 0
130	1	0 0 0 0 0 1 0 0 0 0
130	14	0 0 0 0 0 0 0 0 0 0
130	1	0 0 1 0 0 0 0 0 0 0
130	1	0 0 0 1 0 0 0 1 0 0
130	24	0 0 0 1 0 0 0 0 0 0
130	1	0 0 0 1 0 1 0 0 0 1
130	1	1 0 1 0 0 0 0 1 0 0
130	2	1 0 1 0 0 0 0 0 0 0
130	17	1 0 0 0 0 0 0 0 0 0
130	3	0 0 0 1 1 1 0 0 0 0
140	1	0 1 0 0 0 0 0 0 1 0
140	23	0 1 0 0 0 0 0 0 0 0
140	2	0 1 1 1 0 0 0 0 0 0
140	8	0 1 0 1 0 0 0 0 0 0
140	5	1 0 1 0 0 0 0 0 0 0
140	9	1 0 0 0 0 0 0 0 0 0
140	20	0 0 0 0 0 0 0 0 0 0
140	1	0 0 0 0 0 0 0 0 1 0
140	1	0 0 0 1 0 0 0 0 1 0
140	3	1 0 0 1 0 0 0 0 0 0
140	25	0 0 0 1 0 0 0 0 0 0
140	2	0 0 0 1 1 1 0 0 0 0
150	11	0 0 0 0 0 0 0 0 0 0
150	18	0 1 0 0 0 0 0 0 0 0
150	13	0 1 0 1 0 0 0 0 0 0
150	1	1 0 0 0 0 0 0 0 0 1
150	1	1 0 1 1 0 0 0 0 0 0
150	11	1 0 1 0 0 0 0 0 0 0
150	2	1 0 0 1 0 0 0 0 0 0
150	12	1 0 0 0 0 0 0 0 0 0
150	1	0 0 1 1 0 0 0 0 0 0
150	1	0 0 0 1 0 1 0 0 0 0
150	27	0 0 0 1 0 0 0 0 0 0
150	2	1 0 1 0 0 0 0 0 0 1
