10	21	1 0 0 0 1 1 1 0 0 0 0 1 0 0 1 1 1 1 0 1 1 1 1 0 0 1 1 0 0 1 0 1 1 1 1 0 0 1 1 1 1 0 1 0 1 0 0 1 1 0
10	1	1 0 1 1 0 1 0 0 1 0 1 0 1 0 0 1 1 1 0 0 1 0 1 0 0 0 0 0 1 1 1 1 0 0 0 0 1 1 0 0 1 1 0 0 1 0 1 1 1 0
10	13	1 0 1 1 0 1 0 0 1 1 1 0 1 0 0 1 1 1 0 0 1 0 1 0 0 0 0 0 1 1 1 1 0 0 0 0 1 1 0 0 1 1 0 0 1 0 1 1 1 0
10	1	0 1 0 0 1 1 1 1 1 0 1 0 1 1 0 1 1 1 0 0 1 0 0 0 1 1 1 0 1 0 0 1 1 0 0 1 1 1 0 1 1 0 0 1 0 1 1 1 1 0
10	1	0 1 0 0 1 1 1 1 1 0 1 0 1 1 0 1 1 1 0 0 1 0 1 0 1 1 1 0 1 1 0 1 1 0 0 1 1 1 0 1 1 0 0 1 0 1 1 1 1 0
10	24	0 1 0 0 1 1 1 1 1 0 1 0 1 1 0 1 1 1 0 0 1 0 0 0 1 1 1 0 1 1 0 1 1 0 0 1 1 1 0 1 1 0 0 1 0 1 1 1 1 0
10	12	0 0 0 1 1 0 0 1 0 1 1 0 0 0 1 1 1 0 1 1 0 0 0 1 1 1 1 1 0 0 1 1 1 0 1 0 1 1 0 0 0 1 0 1 1 1 1 1 1 1
10	27	1 1 0 1 1 0 0 1 0 1 1 0 0 1 0 0 0 1 0 1 0 1 0 0 1 0 0 0 0 1 1 0 1 0 0 1 0 1 0 1 1 0 1 0 0 0 1 1 1 1
20	1	1 0 0 0 1 1 1 0 0 0 0 1 0 0 1 1 1 1 0 1 1 1 1 0 0 1 1 0 0 1 0 1 1 1 1 0 0 1 1 1 1 0 1 0 0 0 0 1 1 0
20	19	1 0 0 0 1 1 1 0 0 0 0 1 0 0 1 1 1 1 0 1 1 1 1 0 0 1 1 0 0 1 0 1 1 1 1 0 0 1 1 1 1 0 1 0 1 0 0 1 1 0
20	1	1 0 1 1 0 1 0 0 1 1 1 0 1 0 0 0 1 1 0 0 1 0 1 0 0 0 0 0 1 1 1 1 0 0 0 0 1 1 0 0 1 1 0 0 1 0 1 1 1 0
20	18	1 0 1 1 0 1 0 0 1 1 1 0 1 0 0 1 1 1 0 0 1 0 1 0 0 0 0 0 1 1 1 1 0 0 0 0 1 1 0 0 1 1 0 0 1 0 1 1 1 0
20	5	0 1 0 0 1 1 1 1 1 0 1 0 1 1 0 1 1 1 0 0 1 0 0 0 1 1 1 0 1 0 0 1 1 0 0 1 1 1 0 1 1 0 0 1 0 1 1 1 1 0
20	1	0 1 0 0 1 1 1 1 1 0 1 0 1 1 0 1 1 1 0 0 1 0 1 0 1 1 1 0 1 1 0 1 1 0 0 1 1 1 0 1 1 0 0 1 0 1 1 1 1 0
20	1	0 1 0 0 1 1 1 1 1 0 1 0 1 1 0 1 1 1 0 0 1 0 0 0 1 1 1 0 1 1 0 1 1 0 1 1 1 1 0 1 1 0 0 1 0 1 1 1 1 0
20	16	0 1 0 0 1 1 1 1 1 0 1 0 1 1 0 1 1 1 0 0 1 0 0 0 1 1 1 0 1 1 0 1 1 0 0 1 1 1 0 1 1 0 0 1 0 1 1 1 1 0
20	7	0 0 0 1 1 0 0 1 0 1 1 0 0 0 1 1 1 0 1 1 0 0 0 1 1 1 1 1 0 0 1 1 1 0 1 0 1 1 0 0 0 1 0 1 1 1 1 1 1 1
20	2	1 1 0 1 1 0 0 1 0 1 1 0 0 1 0 0 0 1 0 1 0 1 0 0 1 0 0 0 0 1 1 0 1 0 0 1 0 1 0 1 1 0 1 0 0 0 0 1 1 1
20	29	1 1 0 1 1 0 0 1 0 1 1 0 0 1 0 0 0 1 0 1 0 1 0 0 1 0 0 0 0 1 1 0 1 0 0 1 0 1 0 1 1 0 1 0 0 0 1 1 1 1
30	2	1 0 0 0 1 1 1 0 0 0 0 1 0 0 1 1 1 1 0 1 1 1 1 0 0 1 1 0 0 1 0 1 1 1 1 0 0 1 0 1 1 0 1 0 1 0 0 1 1 0
30	1	1 0 0 1 1 1 1 0 0 0 0 1 0 0 1 1 1 1 0 1 1 1 1 0 0 1 1 0 0 1 0 1 1 1 1 0 0 1 1 1 1 0 1 0 1 0 0 1 1 0
30	10	1 0 0 0 1 1 1 0 0 0 0 1 0 0 1 1 1 1 0 1 1 1 1 0 0 1 1 0 0 1 0 1 1 1 1 0 0 1 1 1 1 0 1 0 1 0 0 1 1 0
30	22	1 0 1 1 0 1 0 0 1 1 1 0 1 0 0 1 1 1 0 0 1 0 1 0 0 0 0 0 1 1 1 1 0 0 0 0 1 1 0 0 1 1 0 0 1 0 1 1 1 0
30	1	0 1 0 0 1 1 1 1 1 0 1 0 1 1 0 1 1 1 0 0 1 0 0 0 1 1 1 0 1 0 0 1 1 0 0 1 1 1 0 0 1 0 0 1 0 1 1 1 1 0
30	2	0 1 0 0 1 1 1 1 1 0 1 0 1 1 0 1 1 1 0 0 1 0 0 0 1 1 1 0 1 0 0 1 1 0 0 1 1 1 0 1 1 0 0 1 0 1 0 1 1 0
30	6	0 1 0 0 1 1 1 1 1 0 1 0 1 1 0 1 1 1 0 0 1 0 0 0 1 1 1 0 1 0 0 1 1 0 0 1 1 1 0 1 1 0 0 1 0 1 1 1 1 0
30	2	0 1 0 0 1 1 1 1 1 0 1 0 1 1 0 1 1 1 0 0 1 0 0 0 1 1 1 0 1 1 0 1 1 0 0 1 1 0 0 1 1 0 0 1 0 1 1 1 1 0
30	1	0 1 0 0 1 1 1 1 1 0 1 0 1 1 0 1 1 1 0 0 1 1 0 0 1 1 1 0 1 1 0 1 1 0 0 1 1 1 0 1 1 0 0 1 0 1 1 1 1 0
30	19	0 1 0 0 1 1 1 1 1 0 1 0 1 1 0 1 1 1 0 0 1 0 0 0 1 1 1 0 1 1 0 1 1 0 0 1 1 1 0 1 1 0 0 1 0 1 1 1 1 0
30	4	0 0 0 1 1 0 0 1 0 1 1 0 0 0 1 1 1 0 1 1 0 0 0 1 1 1 1 1 0 0 1 1 1 0 1 0 1 1 0 0 0 1 0 1 1 1 1 1 1 1
30	1	1 1 0 1 1 0 0 1 0 1 1 0 0 1 0 0 0 1 0 1 0 1 0 0 1 0 0 0 0 1 1 0 1 0 0 1 0 1 0 0 1 0 1 0 0 0 1 1 1 1
30	2	1 1 0 1 1 0 0 1 0 1 1 0 0 1 0 0 0 1 0 1 0 1 0 0 1 0 0 0 0 1 1 0 1 0 0 1 0 1 0 1 1 0 0 0 0 0 1 1 1 1
30	27	1 1 0 1 1 0 0 1 0 1 1 0 0 1 0 0 0 1 0 1 0 1 0 0 1 0 0 0 0 1 1 0 1 0 0 1 0 1 0 1 1 0 1 0 0 0 1 1 1 1
40	1	1 0 0 1 1 1 1 0 0 0 0 1 0 0 1 1 1 1 0 1 1 1 1 0 0 1 1 0 0 1 0 1 1 1 1 0 0 1 1 1 1 0 1 0 1 0 0 1 1 0
40	9	1 0 0 0 1 1 1 0 0 0 0 1 0 0 1 1 1 1 0 1 1 1 1 0 0 1 1 0 0 1 0 1 1 1 1 0 0 1 1 1 1 0 1 0 1 0 0 1 1 0
40	1	1 0 1 1 0 1 0 0 1 1 1 0 1 0 0 1 1 1 0 0 1 0 1 0 0 0 0 0 1 1 1 1 0 0 0 0 1 1 0 0 1 1 0 0 0 0 1 1 1 0
40	25	1 0 1 1 0 1 0 0 1 1 1 0 1 0 0 1 1 1 0 0 1 0 1 0 0 0 0 0 1 1 1 1 0 0 0 0 1 1 0 0 1 1 0 0 1 0 1 1 1 0
40	1	0 1 0 0 1 1 1 1 1 0 1 0 1 1 0 1 1 1 0 0 1 0 0 0 1 1 1 0 1 0 0 1 1 0 0 1 1 1 0 1 1 0 0 1 0 1 0 1 1 0
40	1	0 1 0 0 1 1 1 1 1 0 1 0 1 1 0 1 1 1 0 0 0 0 0 0 1 1 1 0 1 0 0 1 1 0 0 1 1 1 0 1 1 0 0 1 0 1 1 1 1 0
40	1	0 1 0 0 1 1 1 1 1 0 1 0 1 1 0 0 1 1 0 0 1 0 0 0 1 1 1 0 1 0 0 1 1 0 0 1 1 1 0 1 1 0 0 1 0 1 1 1 1 0
40	4	0 1 0 0 1 1 1 1 1 0 1 0 1 1 0 1 1 1 0 0 1 0 0 0 1 1 1 0 1 0 0 1 1 0 0 1 1 1 0 1 1 0 0 1 0 1 1 1 1 0
40	4	0 1 0 0 1 1 1 1 1 0 1 0 1 1 0 1 1 1 0 0 1 0 0 0 1 1 1 0 1 1 0 1 1 0 0 1 1 0 0 1 1 0 0 1 0 1 1 1 1 0
40	6	0 1 0 0 1 1 1 1 1 0 1 0 1 1 0 1 1 1 0 0 1 0 0 0 1 1 1 0 1 1 0 1 1 0 0 1 1 1 0 1 1 0 0 1 0 1 1 1 1 0
40	1	0 0 0 1 1 0 0 1 0 1 1 0 0 0 1 1 1 0 1 1 0 0 0 1 1 1 1 1 0 0 1 1 1 0 1 0 1 1 0 0 0 1 0 1 1 1 1 1 1 1
40	1	1 1 0 1 1 0 0 1 0 1 1 1 0 1 0 0 0 1 0 1 0 1 0 0 1 0 0 0 0 1 1 0 1 0 0 1 0 1 0 0 1 0 1 0 0 0 1 1 1 1
40	2	1 1 0 1 1 0 0 1 0 1 1 0 0 1 0 0 0 1 0 1 0 1 0 0 1 0 0 0 0 1 1 0 1 0 0 1 0 1 0 0 1 0 1 0 0 0 1 1 1 1
40	1	1 1 0 1 1 0 0 1 0 1 1 0 0 1 0 0 0 1 0 1 0 1 0 0 1 0 0 0 0 1 0 0 1 0 0 1 0 1 0 1 1 0 0 0 0 0 1 1 1 1
40	1	1 1 0 1 1 0 0 1 0 1 1 0 0 1 0 0 0 1 0 1 0 1 0 0 1 0 0 0 0 1 1 0 1 0 0 1 0 1 0 1 1 0 0 0 0 0 1 1 1 1
40	2	1 1 0 1 1 0 0 1 0 1 1 0 0 1 0 0 0 1 0 1 0 1 0 0 1 0 0 1 0 1 1 0 1 0 0 1 0 1 0 1 1 0 1 0 0 0 0 1 1 1
40	1	1 1 0 1 1 0 0 1 0 1 1 0 0 1 0 0 0 1 0 1 0 1 0 0 1 0 0 0 0 1 1 0 0 0 0 1 0 1 0 1 1 0 1 0 0 0 1 1 1 1
40	1	1 1 0 1 1 0 0 1 0 1 1 0 0 1 0 0 0 1 0 1 0 1 0 0 1 0 1 0 0 1 1 0 1 0 0 1 0 1 0 1 1 0 1 0 0 0 1 1 1 1
40	1	1 1 0 1 1 0 0 1 0 1 1 0 0 1 0 0 0 1 0 1 0 1 0 0 1 0 0 0 0 1 1 0 1 0 0 1 0 1 1 1 1 0 1 0 0 0 1 1 1 1
40	36	1 1 0 1 1 0 0 1 0 1 1 0 0 1 0 0 0 1 0 1 0 1 0 0 1 0 0 0 0 1 1 0 1 0 0 1 0 1 0 1 1 0 1 0 0 0 1 1 1 1
50	10	1 0 0 0 1 1 1 0 0 0 0 1 0 0 1 1 1 1 0 1 1 1 1 0 0 1 1 0 0 1 0 1 1 1 1 0 0 1 1 1 1 0 1 0 1 0 0 1 1 0
50	1	1 0 1 1 0 1 0 0 1 1 1 0 1 0 0 1 1 1 0 0 1 0 1 0 0 0 0 0 1 1 1 1 0 0 0 0 1 1 0 0 1 1 0 0 0 0 1 1 1 0
50	22	1 0 1 1 0 1 0 0 1 1 1 0 1 0 0 1 1 1 0 0 1 0 1 0 0 0 0 0 1 1 1 1 0 0 0 0 1 1 0 0 1 1 0 0 1 0 1 1 1 0
50	1	0 1 0 0 1 1 1 1 1 0 1 0 1 1 0 1 1 1 0 0 1 0 0 0 1 1 1 0 1 0 0 1 1 0 0 1 1 1 0 0 1 0 0 1 0 1 1 1 1 0
50	10	0 1 0 0 1 1 1 1 1 0 1 0 1 1 0 1 1 1 0 0 1 0 0 0 1 1 1 0 1 0 0 1 1 0 0 1 1 1 0 1 1 0 0 1 0 1 0 1 1 0
50	4	0 1 0 0 1 1 1 1 1 0 1 0 1 1 0 0 1 1 0 0 1 0 0 0 1 1 1 0 1 0 0 1 1 0 0 1 1 1 0 1 1 0 0 1 0 1 1 1 1 0
50	2	0 1 0 0 1 1 1 1 1 0 1 0 1 1 0 1 1 1 0 0 1 0 0 0 1 1 1 0 0 0 0 1 1 0 0 1 1 1 0 1 1 0 0 1 0 1 1 1 1 0
50	1	0 1 0 0 1 1 1 1 1 0 1 0 1 1 0 1 1 1 0 0 1 0 0 0 1 1 1 0 1 0 0 1 1 0 0 1 1 1 1 1 1 0 0 1 0 1 1 1 1 0
50	3	0 1 0 0 1 1 1 1 1 0 1 0 1 1 0 1 1 1 0 0 1 0 0 0 1 1 1 0 1 0 0 1 1 0 0 1 1 1 0 1 1 0 0 1 0 1 1 1 1 0
50	4	0 1 0 0 1 1 1 1 1 0 1 0 1 1 0 1 1 1 0 0 1 0 0 0 1 1 1 0 1 1 0 1 1 0 0 1 1 0 0 1 1 0 0 1 0 1 1 1 1 0
50	1	0 1 0 0 1 1 1 1 1 0 1 0 1 1 0 1 1 1 0 1 1 0 0 0 1 1 1 0 1 1 0 1 1 0 0 1 1 1 0 1 1 0 0 1 0 1 1 1 1 0
50	8	0 1 0 0 1 1 1 1 1 0 1 0 1 1 0 1 1 1 0 0 1 0 0 0 1 1 1 0 1 1 0 1 1 0 0 1 1 1 0 1 1 0 0 1 0 1 1 1 1 0
50	5	0 0 0 1 1 0 0 1 0 1 1 0 0 0 1 1 1 0 1 1 0 0 0 1 1 1 1 1 0 0 1 1 1 0 1 0 1 1 0 0 0 1 0 1 1 1 1 1 1 1
50	5	1 1 0 1 1 0 0 1 0 1 1 0 0 1 0 0 0 1 0 1 0 1 0 0 1 0 0 0 0 1 1 0 1 0 0 1 0 1 0 1 1 0 0 0 0 0 1 1 1 1
50	23	1 1 0 1 1 0 0 1 0 1 1 0 0 1 0 0 0 1 0 1 0 1 0 0 1 0 0 0 0 1 1 0 1 0 0 1 0 1 0 1 1 0 1 0 0 0 1 1 1 1
60	13	1 0 0 0 1 1 1 0 0 0 0 1 0 0 1 1 1 1 0 1 1 1 1 0 0 1 1 0 0 1 0 1 1 1 1 0 0 1 1 1 1 0 1 0 1 0 0 1 1 0
60	4	1 0 1 1 0 1 0 0 1 1 1 0 1 0 0 1 1 1 0 0 1 0 1 0 0 0 0 0 1 1 1 1 0 0 0 0 1 1 0 0 1 1 0 0 0 0 1 1 1 0
60	1	1 0 1 1 0 1 0 0 1 1 1 0 1 0 0 1 1 1 0 0 1 0 1 0 0 0 0 0 1 0 1 1 0 0 0 0 1 1 0 0 1 1 0 0 1 0 1 1 1 0
60	6	1 0 1 1 0 1 0 0 1 1 1 0 1 0 0 1 1 1 0 0 1 0 1 0 0 0 0 0 1 1 1 1 0 0 0 0 1 1 0 0 1 1 0 0 1 0 1 1 1 0
60	1	0 1 0 0 1 1 1 1 1 0 1 0 1 1 0 1 1 1 0 0 1 0 0 0 1 1 1 0 1 0 0 1 1 0 0 1 1 1 0 0 1 0 0 0 0 1 1 1 1 0
60	2	0 1 0 0 1 1 1 1 1 0 1 0 1 1 0 1 1 1 0 0 1 0 0 0 1 1 1 0 1 0 0 1 1 0 0 1 1 1 0 0 1 0 0 1 0 1 1 1 1 0
60	1	0 1 0 0 1 1 1 1 1 0 1 0 1 1 0 1 1 1 0 0 1 0 1 0 1 1 1 0 1 0 0 1 1 0 0 1 1 1 0 1 1 0 0 1 0 1 0 1 1 0
60	24	0 1 0 0 1 1 1 1 1 0 1 0 1 1 0 1 1 1 0 0 1 0 0 0 1 1 1 0 1 0 0 1 1 0 0 1 1 1 0 1 1 0 0 1 0 1 0 1 1 0
60	1	0 1 0 0 1 1 1 1 1 0 1 0 1 1 0 0 1 1 0 0 1 0 0 0 1 1 1 0 1 0 0 1 1 0 0 1 1 1 0 1 1 0 0 1 0 1 1 1 1 0
60	3	0 1 0 0 1 1 1 1 1 0 1 0 1 1 0 1 1 1 0 0 1 0 0 0 1 1 1 0 1 0 0 1 1 0 0 1 1 1 0 1 1 0 0 1 0 1 1 1 1 0
60	3	0 1 0 0 1 1 1 1 1 0 1 0 1 1 0 1 1 1 0 0 1 0 0 0 1 1 1 0 1 1 0 1 1 0 0 1 1 0 0 1 1 0 0 1 0 1 1 1 1 0
60	2	0 1 0 0 1 1 1 1 1 0 1 1 1 1 0 1 1 1 0 0 1 0 0 0 1 1 1 0 1 1 0 1 1 0 0 1 1 1 0 1 1 0 0 1 0 1 1 1 1 0
60	5	0 1 0 0 1 1 1 1 1 0 1 0 1 1 0 1 1 1 0 0 1 0 0 0 1 1 1 0 1 1 0 1 1 0 0 1 1 1 0 1 1 0 0 1 0 1 1 1 1 0
60	2	1 1 0 1 1 0 0 1 0 1 1 0 0 1 0 0 0 1 0 1 0 1 0 0 1 0 0 0 0 1 1 0 1 0 0 1 0 1 0 0 1 0 1 0 0 0 1 1 1 1
60	1	1 1 1 1 1 0 0 1 0 1 1 0 0 1 0 0 0 1 0 1 0 1 0 0 1 0 0 0 0 1 1 0 1 0 0 1 0 1 0 1 1 0 0 0 0 0 1 1 1 1
60	7	1 1 0 1 1 0 0 1 0 1 1 0 0 1 0 0 0 1 0 1 0 1 0 0 1 0 0 0 0 1 1 0 1 0 0 1 0 1 0 1 1 0 0 0 0 0 1 1 1 1
60	1	1 1 0 1 1 0 0 1 0 1 1 0 0 1 0 0 0 1 0 1 0 1 0 0 1 0 0 1 0 1 1 0 1 0 0 1 0 1 0 1 1 0 1 0 0 0 0 1 1 1
60	1	1 1 0 1 1 0 0 1 0 1 1 0 0 1 0 0 0 1 0 1 0 1 0 0 1 0 0 0 0 1 0 0 1 0 0 1 0 1 0 1 1 0 1 0 0 0 1 1 1 1
60	22	1 1 0 1 1 0 0 1 0 1 1 0 0 1 0 0 0 1 0 1 0 1 0 0 1 0 0 0 0 1 1 0 1 0 0 1 0 1 0 1 1 0 1 0 0 0 1 1 1 1
70	6	1 0 0 0 1 1 1 0 0 0 0 1 0 0 1 1 1 1 0 1 1 1 1 0 0 1 1 0 0 1 0 1 1 1 1 0 0 1 1 1 1 0 1 0 1 0 0 1 1 0
70	2	1 0 1 1 0 1 0 0 1 1 1 0 1 0 0 1 1 1 0 0 1 0 1 0 0 0 0 0 1 1 1 1 0 0 0 0 1 1 0 0 1 1 0 0 0 0 1 1 1 0
70	1	1 0 1 1 0 1 0 0 1 1 1 0 1 0 0 1 1 1 0 0 1 0 1 1 0 0 0 0 1 1 1 1 0 0 0 0 1 1 0 0 1 1 0 0 1 0 1 1 1 0
70	17	1 0 1 1 0 1 0 0 1 1 1 0 1 0 0 1 1 1 0 0 1 0 1 0 0 0 0 0 1 1 1 1 0 0 0 0 1 1 0 0 1 1 0 0 1 0 1 1 1 0
70	2	0 1 0 0 1 1 1 1 1 0 1 0 0 1 0 1 1 1 0 0 1 0 0 0 1 1 1 0 1 0 0 1 1 0 0 1 1 1 0 1 1 0 0 1 0 1 0 1 1 0
70	22	0 1 0 0 1 1 1 1 1 0 1 0 1 1 0 1 1 1 0 0 1 0 0 0 1 1 1 0 1 0 0 1 1 0 0 1 1 1 0 1 1 0 0 1 0 1 0 1 1 0
70	2	0 1 0 0 1 1 1 1 1 0 1 0 1 1 0 1 1 1 0 0 1 0 0 0 1 1 1 0 1 1 0 1 1 0 0 1 1 0 0 1 1 0 0 1 0 1 1 1 1 0
70	2	0 1 0 0 1 1 1 1 1 0 1 1 1 1 0 1 1 1 0 0 1 0 0 0 1 1 1 0 1 1 0 1 1 0 0 1 1 1 0 1 1 0 0 1 0 1 1 1 1 0
70	2	0 1 0 0 1 1 1 1 1 1 1 0 1 1 0 1 1 1 0 0 1 0 0 0 1 1 1 0 1 1 0 1 1 0 0 1 1 1 0 1 1 0 0 1 0 1 1 1 1 0
70	2	0 1 0 0 1 1 1 1 1 0 1 0 1 1 0 1 1 1 0 0 1 0 0 0 1 1 1 0 1 1 0 1 1 1 0 1 1 1 0 1 1 0 0 1 0 1 1 1 1 0
70	5	0 1 0 0 1 1 1 1 1 0 1 0 1 1 0 1 1 1 0 0 1 0 0 0 1 1 1 0 1 1 0 1 1 0 0 1 1 1 0 1 1 0 0 1 0 1 1 1 1 0
70	9	1 1 1 1 1 0 0 1 0 1 1 0 0 1 0 0 0 1 0 1 0 1 0 0 1 0 0 0 0 1 1 0 1 0 0 1 0 1 0 1 1 0 0 0 0 0 1 1 1 1
70	8	1 1 0 1 1 0 0 1 0 1 1 0 0 1 0 0 0 1 0 1 0 1 0 0 1 0 0 0 0 1 1 0 1 0 0 1 0 1 0 1 1 0 1 0 0 0 1 1 1 1
70	1	1 1 0 1 1 0 0 1 0 1 1 0 0 1 0 0 0 1 0 1 0 1 0 1 1 0 0 0 0 1 1 0 1 0 0 1 0 1 0 1 1 0 0 0 0 0 1 1 1 1
70	1	1 1 0 1 1 0 0 1 0 1 1 0 0 1 0 0 0 1 0 1 0 1 0 0 1 0 0 0 0 1 1 0 1 0 0 1 0 1 0 1 1 0 0 0 0 0 0 1 1 1
70	16	1 1 0 1 1 0 0 1 0 1 1 0 0 1 0 0 0 1 0 1 0 1 0 0 1 0 0 0 0 1 1 0 1 0 0 1 0 1 0 1 1 0 0 0 0 0 1 1 1 1
70	2	1 1 0 1 1 0 0 1 0 1 1 0 0 1 0 0 0 1 0 1 0 1 0 0 1 0 0 1 0 1 1 0 1 0 0 1 0 1 0 1 1 0 1 0 0 0 0 1 1 1
80	2	1 0 0 0 1 1 1 0 0 0 0 1 0 0 1 1 1 1 0 1 1 1 1 0 0 1 1 0 0 1 0 1 1 1 1 0 0 1 1 1 1 0 1 0 1 0 0 1 1 0
80	2	1 0 1 1 0 1 0 0 1 1 1 0 1 0 0 1 1 1 0 0 1 0 1 0 0 0 0 0 1 1 1 1 0 0 0 0 1 1 0 0 1 1 0 0 0 0 1 1 1 0
80	4	1 0 1 1 0 1 0 0 1 1 1 0 1 0 0 1 1 1 0 0 1 0 1 0 0 0 0 0 1 1 1 1 0 0 0 0 1 1 0 0 1 1 0 0 1 0 1 1 1 0
80	4	0 1 0 0 1 1 1 1 1 0 1 0 1 1 1 1 1 1 0 0 1 0 0 0 1 1 1 0 1 0 0 1 1 0 0 1 1 1 0 1 1 0 0 1 0 1 0 1 1 0
80	18	0 1 0 0 1 1 1 1 1 0 1 0 1 1 0 1 1 1 0 0 1 0 0 0 1 1 1 0 1 0 0 1 1 0 0 1 1 1 0 1 1 0 0 1 0 1 0 1 1 0
80	3	0 1 0 0 1 1 1 1 1 0 1 0 1 1 0 1 1 1 0 0 1 0 0 0 1 1 1 0 1 1 0 1 1 0 0 1 1 1 0 1 1 0 0 1 0 1 1 1 1 0
80	9	1 1 1 1 1 0 1 1 0 1 1 0 0 1 0 0 0 1 0 1 0 1 0 0 1 0 0 0 0 1 1 0 1 0 0 1 0 1 0 1 1 0 0 0 0 0 1 1 1 1
80	1	1 1 1 1 1 0 0 1 0 1 1 0 0 1 0 0 0 1 0 1 0 1 0 0 1 0 0 0 0 1 1 0 1 0 0 0 0 1 0 1 1 0 0 0 0 0 1 1 1 1
80	10	1 1 0 1 1 0 0 1 0 1 1 0 0 1 0 0 0 1 0 1 0 1 0 0 1 0 0 0 0 1 1 0 1 0 0 1 0 1 0 1 1 0 0 0 0 0 1 1 1 1
80	36	1 1 1 1 1 0 0 1 0 1 1 0 0 1 0 0 0 1 0 1 0 1 0 0 1 0 0 0 0 1 1 0 1 0 0 1 0 1 0 1 1 0 0 0 0 0 1 1 1 1
80	1	1 1 0 1 1 0 0 1 0 1 1 0 0 1 0 0 0 1 0 1 0 1 0 0 1 0 0 0 0 1 1 0 1 0 1 1 0 1 0 1 1 0 1 0 0 0 1 1 1 1
80	3	1 1 0 1 1 0 0 1 0 1 1 0 0 1 0 0 0 1 0 1 0 1 0 0 1 0 0 0 0 1 1 0 1 0 0 1 0 1 0 1 1 0 1 0 0 0 1 1 1 1
80	6	1 1 0 1 1 0 0 1 0 1 1 0 0 1 0 0 0 1 0 1 0 1 0 0 1 0 0 0 0 1 1 0 1 0 0 1 0 1 0 1 1 0 0 0 0 0 0 0 1 1
80	1	1 1 0 1 1 0 0 1 0 1 1 0 0 1 1 0 0 1 0 1 0 1 0 0 1 0 0 0 0 1 1 0 1 0 0 1 0 1 0 1 1 0 0 0 0 0 1 1 1 1
90	1	0 1 0 0 1 1 1 1 1 0 1 0 1 1 0 1 1 1 0 0 1 0 0 0 1 1 1 0 1 0 0 1 1 0 0 1 1 1 0 1 1 0 0 1 0 1 0 1 1 1
90	5	0 1 0 0 1 1 1 1 1 0 1 0 1 1 0 1 1 1 0 0 1 0 0 0 1 1 1 0 1 0 0 1 1 0 0 1 1 1 0 1 1 0 0 1 0 1 0 1 1 0
90	1	1 1 1 1 1 0 1 1 0 1 1 0 0 1 0 0 0 1 0 1 0 1 0 0 1 1 0 0 0 1 1 0 1 0 0 1 0 1 0 1 1 0 0 0 0 0 1 1 1 1
90	1	1 1 1 1 1 0 1 1 0 1 1 0 0 1 0 0 1 1 0 1 0 1 0 0 1 0 0 0 0 1 1 0 1 0 0 1 0 1 0 1 1 0 0 0 0 0 1 1 1 1
90	38	1 1 1 1 1 0 1 1 0 1 1 0 0 1 0 0 0 1 0 1 0 1 0 0 1 0 0 0 0 1 1 0 1 0 0 1 0 1 0 1 1 0 0 0 0 0 1 1 1 1
90	2	1 1 1 1 1 0 0 1 0 1 1 0 0 1 0 0 0 1 0 1 0 1 0 0 1 0 0 0 0 1 1 0 1 0 0 0 0 1 0 1 1 0 0 0 0 0 1 1 1 1
90	1	1 1 0 1 1 0 0 1 0 1 1 0 0 1 0 0 0 1 0 1 0 1 0 0 1 0 0 0 0 1 1 0 1 0 0 1 0 1 0 1 1 0 0 0 0 1 1 1 1 1
90	3	1 1 0 1 1 0 0 1 0 1 1 0 0 1 0 0 0 1 0 1 0 1 0 0 1 0 0 0 0 1 1 0 1 0 0 1 0 1 0 1 1 0 0 0 0 0 1 1 1 1
90	2	1 1 1 1 1 1 0 1 0 1 1 0 0 1 0 0 0 1 0 1 0 1 0 0 1 0 0 0 0 1 1 0 1 0 0 1 0 1 0 1 1 0 0 0 0 0 1 1 1 1
90	34	1 1 1 1 1 0 0 1 0 1 1 0 0 1 0 0 0 1 0 1 0 1 0 0 1 0 0 0 0 1 1 0 1 0 0 1 0 1 0 1 1 0 0 0 0 0 1 1 1 1
90	4	1 1 0 1 1 0 0 1 0 1 0 0 0 1 0 0 0 1 0 1 0 1 0 0 1 0 0 0 0 1 1 0 1 0 0 1 0 1 0 1 1 0 0 0 0 0 0 0 1 1
90	7	1 1 0 1 1 0 0 1 0 1 1 0 0 1 0 0 0 1 0 1 0 1 0 0 1 0 0 0 0 1 1 0 1 0 0 1 0 1 0 1 1 0 0 0 0 0 0 0 1 1
90	1	1 1 0 1 1 0 0 1 0 1 1 0 0 1 0 1 0 1 0 1 0 1 0 0 1 0 0 0 0 1 1 0 1 0 0 1 0 1 0 1 1 0 0 0 0 0 1 1 1 1
100	1	1 0 1 1 0 1 0 0 1 1 1 0 1 0 0 1 1 1 0 0 1 0 1 0 0 0 0 0 1 1 1 1 0 0 0 0 1 1 0 0 1 1 0 0 1 0 1 1 1 0
100	1	1 1 1 1 1 0 1 1 0 1 1 0 0 1 0 0 0 1 0 0 0 1 0 0 1 0 0 0 0 1 1 0 1 0 0 1 0 1 0 1 1 0 0 1 0 0 1 1 1 1
100	2	1 1 1 1 1 0 1 1 0 1 1 0 0 1 0 1 0 1 0 1 0 1 0 0 1 0 0 0 0 1 1 0 1 0 0 1 0 1 0 1 1 0 0 0 0 0 1 1 1 1
100	4	1 1 1 1 1 0 1 1 1 1 1 0 0 1 0 0 0 1 0 1 0 1 0 0 1 0 0 0 0 1 1 0 1 0 0 1 0 1 0 1 1 0 0 0 0 0 1 1 1 1
100	42	1 1 1 1 1 0 1 1 0 1 1 0 0 1 0 0 0 1 0 1 0 1 0 0 1 0 0 0 0 1 1 0 1 0 0 1 0 1 0 1 1 0 0 0 0 0 1 1 1 1
100	2	1 1 1 1 1 0 0 1 0 1 1 0 0 1 0 0 0 1 0 1 0 1 0 0 1 0 0 0 0 1 1 0 0 0 0 1 0 1 0 1 1 0 0 0 0 0 1 1 1 1
100	2	1 1 0 1 1 0 0 1 0 1 1 0 0 1 0 0 0 1 0 1 0 1 0 0 1 0 0 0 0 1 1 0 1 0 0 1 0 1 0 1 1 0 0 0 0 0 1 1 1 1
100	4	1 1 1 1 1 1 0 1 0 1 1 0 0 1 0 0 0 1 0 1 0 1 0 0 1 0 0 0 0 1 1 0 1 0 0 1 0 1 0 1 1 0 0 0 0 0 1 1 1 1
100	1	1 1 1 1 1 0 0 1 0 1 1 0 0 1 0 0 0 1 0 1 0 1 0 0 1 0 0 0 0 1 1 0 1 1 0 1 0 1 0 1 1 0 0 0 0 0 1 1 1 1
100	2	1 1 1 1 1 0 0 1 0 1 1 0 0 1 0 0 0 1 0 1 0 1 0 0 1 0 0 0 0 1 1 0 1 0 0 1 0 1 0 1 1 0 0 0 0 0 0 1 1 1
100	2	1 1 1 1 1 0 0 1 0 1 1 0 0 1 0 0 0 1 0 1 0 1 0 0 1 0 0 0 0 1 1 0 1 0 1 1 0 1 0 1 1 0 0 0 0 0 1 1 1 1
100	1	1 1 1 1 1 0 0 1 0 1 1 0 0 1 0 0 0 1 0 1 0 1 0 0 1 0 0 0 0 1 1 0 1 0 0 1 0 1 0 1 1 0 1 0 0 0 1 1 1 1
100	12	1 1 1 1 1 0 0 1 0 1 1 0 0 1 0 0 0 1 0 1 0 1 0 0 1 0 0 0 0 1 1 0 1 0 0 1 0 1 0 1 1 0 0 0 0 0 1 1 1 1
100	3	1 1 0 1 1 0 0 1 0 1 0 0 0 1 0 0 0 1 0 1 0 1 0 0 1 0 0 0 0 1 1 0 1 0 0 1 0 1 0 1 1 0 0 0 0 0 0 0 1 1
100	2	1 1 0 1 1 0 0 1 0 1 1 0 0 1 0 0 0 1 0 1 0 1 0 0 1 0 0 0 0 1 0 0 1 0 0 1 0 1 0 1 1 0 0 0 0 0 0 0 1 1
100	19	1 1 0 1 1 0 0 1 0 1 1 0 0 1 0 0 0 1 0 1 0 1 0 0 1 0 0 0 0 1 1 0 1 0 0 1 0 1 0 1 1 0 0 0 0 0 0 0 1 1
110	3	1 1 1 1 1 0 1 1 0 1 1 0 0 1 0 0 0 1 0 0 0 1 0 0 1 0 0 0 0 1 1 0 1 0 0 1 0 1 0 1 1 0 0 1 0 0 1 1 1 1
110	2	1 1 1 1 1 0 1 1 0 1 1 0 0 1 0 1 0 1 0 1 0 1 0 0 1 0 0 0 0 1 1 0 1 0 0 1 0 1 0 1 1 0 0 0 0 0 1 1 1 1
110	5	1 1 1 1 1 0 1 1 1 1 1 0 0 1 0 0 0 1 0 1 0 1 0 0 1 0 0 0 0 1 1 0 1 0 0 1 0 1 0 1 1 0 0 0 0 0 1 1 1 1
110	1	1 1 1 1 1 0 1 1 0 1 1 0 0 1 0 0 0 1 0 1 0 1 0 0 1 0 0 0 0 1 1 0 1 0 0 1 0 1 0 1 1 1 0 0 0 0 1 1 1 1
110	46	1 1 1 1 1 0 1 1 0 1 1 0 0 1 0 0 0 1 0 1 0 1 0 0 1 0 0 0 0 1 1 0 1 0 0 1 0 1 0 1 1 0 0 0 0 0 1 1 1 1
110	1	1 1 1 1 1 1 0 1 0 1 1 0 0 1 0 1 0 1 0 1 0 1 0 0 1 0 0 0 0 1 1 0 1 0 0 1 0 1 0 1 1 0 0 0 0 0 1 1 1 1
110	2	1 1 1 1 1 1 0 1 0 1 1 0 0 1 0 0 0 1 0 1 0 1 0 0 1 0 0 0 0 1 1 0 1 0 0 1 0 1 0 1 1 0 0 0 0 0 1 1 1 1
110	2	1 1 1 1 1 0 0 1 0 1 1 0 0 1 0 0 0 1 0 1 0 1 0 0 1 0 0 0 0 1 1 0 1 1 0 1 0 1 0 1 1 0 0 0 0 0 1 1 1 1
110	2	1 1 1 1 1 0 0 1 0 1 1 0 0 1 0 0 0 1 0 1 0 1 0 0 1 0 0 0 0 1 1 0 1 0 0 1 0 1 0 1 1 0 0 0 0 0 0 1 1 1
110	5	1 1 1 1 1 0 0 1 0 1 1 0 0 1 0 0 0 1 0 1 0 1 0 0 1 0 0 0 0 1 1 0 1 0 0 1 0 1 0 1 1 0 0 0 0 0 1 1 1 1
110	1	1 1 0 0 1 0 0 1 0 1 0 0 0 1 0 0 0 1 0 1 0 1 0 0 1 0 0 0 0 1 1 0 1 0 0 1 1 1 0 1 1 0 0 0 0 0 0 0 1 1
110	2	1 1 0 1 1 0 0 1 0 1 0 0 0 1 0 0 0 1 0 1 0 1 0 0 1 0 0 0 0 1 1 0 1 0 0 1 0 1 0 1 1 0 0 0 0 0 0 0 1 1
110	4	1 1 0 1 1 0 0 1 0 1 1 0 0 1 0 0 0 1 0 1 0 1 0 0 1 0 0 0 0 1 1 0 1 1 0 1 0 1 0 1 1 0 0 0 0 0 0 0 1 1
110	2	1 1 0 1 1 0 0 1 0 1 1 0 0 1 0 0 0 1 0 1 0 1 0 0 1 0 0 0 0 1 0 0 1 0 0 1 0 1 0 1 1 0 0 0 0 0 0 0 1 1
110	2	1 1 0 1 1 0 0 1 0 1 1 0 0 1 0 0 0 1 0 1 0 1 0 0 1 0 0 0 0 1 1 0 1 0 0 1 0 1 0 1 0 0 0 0 0 0 0 0 1 1
110	20	1 1 0 1 1 0 0 1 0 1 1 0 0 1 0 0 0 1 0 1 0 1 0 0 1 0 0 0 0 1 1 0 1 0 0 1 0 1 0 1 1 0 0 0 0 0 0 0 1 1
120	2	1 1 1 1 1 0 1 1 0 1 1 0 0 1 0 0 0 1 0 0 0 1 0 0 1 0 0 0 0 1 1 0 1 0 0 1 0 1 0 1 1 0 0 1 0 0 1 1 1 1
120	12	1 1 1 1 1 0 1 1 1 1 1 0 0 1 0 0 0 1 0 1 0 1 0 0 1 0 0 0 0 1 1 0 1 0 0 1 0 1 0 1 1 0 0 0 0 0 1 1 1 1
120	4	1 1 1 1 1 0 1 1 0 1 1 0 0 1 0 0 0 1 0 1 0 1 0 0 1 0 0 0 0 1 1 0 1 0 0 1 0 1 0 1 0 0 0 0 0 0 1 1 1 1
120	3	1 1 1 1 1 0 0 1 0 1 1 0 0 1 0 0 0 1 0 1 0 1 0 0 1 0 0 0 0 1 1 0 1 0 0 1 0 1 0 1 1 0 0 0 0 0 1 1 1 1
120	1	1 1 1 1 1 0 1 1 0 1 1 0 0 1 0 0 0 1 0 1 1 1 0 0 1 0 0 0 0 1 1 0 1 0 0 1 0 1 0 1 1 0 0 0 0 0 1 1 1 1
120	1	1 1 1 1 1 0 1 1 0 1 1 0 0 1 0 0 0 1 0 1 0 1 0 0 1 0 0 0 0 1 1 0 1 0 1 1 0 1 0 1 1 0 0 0 0 0 1 1 1 1
120	37	1 1 1 1 1 0 1 1 0 1 1 0 0 1 0 0 0 1 0 1 0 1 0 0 1 0 0 0 0 1 1 0 1 0 0 1 0 1 0 1 1 0 0 0 0 0 1 1 1 1
120	3	1 1 1 1 1 1 0 1 0 1 1 0 0 1 0 0 0 1 0 1 0 1 0 0 1 0 0 0 0 1 1 0 1 0 0 1 0 1 0 1 1 0 0 0 0 0 1 1 1 1
120	5	1 1 1 1 1 0 0 1 0 1 1 0 0 1 0 0 0 1 0 1 0 1 0 0 1 0 0 0 0 1 1 0 1 0 0 1 0 1 0 1 1 0 0 0 0 0 0 1 1 1
120	3	1 1 0 1 1 0 0 1 0 1 0 0 0 1 0 0 0 1 0 1 0 1 0 0 1 0 0 0 0 1 1 0 1 0 0 1 0 1 0 1 1 0 0 0 0 0 0 0 1 1
120	1	1 1 0 1 1 0 0 1 0 1 1 0 0 1 0 0 0 1 0 1 0 1 0 0 1 0 0 0 0 1 1 0 1 1 0 1 0 1 0 1 1 0 0 0 0 0 0 0 1 1
120	7	1 1 0 1 1 0 0 1 0 1 1 0 0 1 0 0 0 1 0 1 0 1 0 0 1 0 0 0 0 1 0 0 1 0 0 1 0 1 0 1 1 0 0 0 0 0 0 0 1 1
120	1	1 0 0 1 1 0 0 1 0 1 1 0 0 1 0 0 0 1 0 1 0 1 0 0 1 0 0 0 0 1 1 0 1 0 0 1 0 1 0 1 1 0 0 0 0 0 0 0 1 1
120	2	1 1 0 1 1 0 0 1 0 1 1 0 0 1 0 0 0 1 0 1 1 1 0 0 1 0 0 0 0 1 1 0 1 0 0 1 0 1 0 1 1 0 0 0 0 0 0 0 1 1
120	1	1 1 0 1 1 0 1 1 0 1 1 0 0 1 0 0 0 1 0 1 0 1 0 0 1 0 0 0 0 1 1 0 1 0 0 1 0 1 0 1 1 0 0 0 0 0 0 0 1 1
120	17	1 1 0 1 1 0 0 1 0 1 1 0 0 1 0 0 0 1 0 1 0 1 0 0 1 0 0 0 0 1 1 0 1 0 0 1 0 1 0 1 1 0 0 0 0 0 0 0 1 1
130	17	1 1 1 1 1 0 1 1 1 1 1 0 0 1 0 0 0 1 0 1 0 1 0 0 1 0 0 0 0 1 1 0 1 0 0 1 0 1 0 1 1 0 0 0 0 0 1 1 1 1
130	2	1 1 1 1 1 0 1 1 0 1 1 0 0 1 0 0 0 1 0 1 0 1 0 0 1 0 0 0 0 1 1 0 1 0 0 1 0 1 0 1 0 0 0 0 0 0 1 1 1 1
130	1	1 1 1 1 1 0 1 1 0 1 1 0 0 1 0 0 0 1 0 1 0 1 0 0 1 0 0 0 0 1 1 0 1 0 1 1 0 1 0 1 1 0 0 0 0 0 1 1 1 1
130	3	1 1 1 1 1 0 1 1 0 1 1 0 0 1 0 0 0 1 0 1 0 1 0 0 1 0 0 0 0 0 1 0 1 0 0 1 0 1 0 1 1 0 0 0 0 0 1 1 1 1
130	1	1 1 1 1 1 0 1 1 0 1 1 0 0 1 0 0 0 1 0 1 0 1 0 0 1 0 0 0 0 1 1 0 1 0 0 1 0 1 0 1 1 0 0 0 0 0 0 1 1 1
130	41	1 1 1 1 1 0 1 1 0 1 1 0 0 1 0 0 0 1 0 1 0 1 0 0 1 0 0 0 0 1 1 0 1 0 0 1 0 1 0 1 1 0 0 0 0 0 1 1 1 1
130	4	1 1 1 1 1 1 0 1 0 1 1 0 0 1 0 0 0 1 0 1 0 1 0 0 1 0 0 0 0 1 1 0 1 0 0 1 0 1 0 1 1 0 0 0 0 0 1 1 1 1
130	3	1 1 1 1 1 0 0 1 0 1 1 0 0 1 0 0 0 1 0 1 0 1 0 0 1 0 0 0 0 1 1 0 1 0 0 1 0 1 0 1 1 0 0 0 0 0 0 1 1 1
130	2	1 1 0 1 1 0 0 1 0 1 0 0 0 1 0 0 0 1 0 1 0 1 0 0 1 0 0 0 0 1 1 0 1 0 0 1 0 1 0 1 1 0 0 0 0 0 0 0 1 1
130	1	1 1 0 1 1 0 0 1 0 1 1 0 0 1 0 0 0 1 0 1 0 1 0 0 1 0 0 0 0 1 1 0 1 1 0 1 0 1 0 1 1 0 0 0 0 0 0 0 1 1
130	5	1 1 0 1 1 0 0 1 0 1 1 0 0 1 0 0 0 1 0 1 0 1 0 0 1 0 0 0 0 1 0 0 1 0 0 1 0 1 0 1 1 0 0 0 0 0 0 0 1 1
130	1	1 1 0 1 1 0 0 1 0 1 1 0 0 1 0 0 0 1 0 1 0 1 0 0 1 0 0 0 0 1 1 0 1 0 0 1 0 1 0 1 1 0 0 1 0 0 0 0 1 1
130	1	1 1 1 1 1 0 0 1 0 1 1 0 0 1 0 0 0 1 0 1 0 1 0 0 1 0 0 0 0 1 1 0 1 0 0 1 0 1 0 1 1 0 0 0 0 0 0 0 1 1
130	1	1 1 0 1 1 0 0 1 0 1 1 0 0 1 0 0 0 1 0 1 0 1 0 0 1 0 0 0 0 1 1 0 1 0 0 1 0 1 0 1 1 0 0 0 1 0 0 0 1 1
130	12	1 1 0 1 1 0 0 1 0 1 1 0 0 1 0 0 0 1 0 1 0 1 0 0 1 0 0 0 0 1 1 0 1 0 0 1 0 1 0 1 1 0 0 0 0 0 0 0 1 1
130	3	1 1 0 1 1 0 0 1 0 1 1 0 0 1 0 0 0 1 0 1 0 1 0 0 1 0 0 0 0 1 1 0 1 0 0 1 0 1 0 1 0 0 0 0 0 0 0 0 1 1
130	2	1 1 0 1 1 0 1 1 0 1 1 0 0 1 0 0 0 1 0 1 0 1 0 0 1 0 0 0 0 1 1 0 1 0 0 1 0 1 0 1 1 0 0 0 0 0 0 0 1 1
140	25	1 1 1 1 1 0 1 1 0 1 1 0 0 1 0 0 0 1 0 1 0 1 0 0 1 0 0 0 0 1 1 0 1 0 0 1 0 1 0 1 1 0 0 0 0 0 1 1 1 1
140	39	1 1 1 1 1 0 1 1 1 1 1 0 0 1 0 0 0 1 0 1 0 1 0 0 1 0 0 0 0 1 1 0 1 0 0 1 0 1 0 1 1 0 0 0 0 0 1 1 1 1
140	1	1 1 1 1 1 0 1 1 0 1 1 0 0 1 0 0 0 1 0 1 0 1 0 0 1 0 0 0 0 1 1 0 1 0 0 1 0 1 0 1 0 0 0 0 0 0 1 1 1 1
140	1	1 1 1 1 1 0 1 1 0 1 1 0 0 1 0 0 0 1 0 1 0 1 0 0 1 0 0 1 0 1 1 0 1 0 0 1 0 1 0 1 1 0 0 0 0 0 1 1 1 1
140	4	1 1 1 1 1 1 0 1 0 1 1 0 0 1 0 0 0 1 0 1 0 1 0 0 1 0 0 0 0 1 1 0 1 0 0 1 0 1 0 1 1 0 0 0 0 0 1 1 1 1
140	4	1 1 1 1 1 0 0 1 0 1 1 0 0 1 0 0 0 1 0 1 0 1 0 0 1 0 0 0 0 1 1 0 1 0 0 1 0 1 0 1 1 0 0 0 0 0 0 1 1 1
140	2	1 1 0 1 1 0 0 1 0 1 0 0 0 1 0 0 0 1 0 1 0 1 0 0 1 0 0 0 0 1 1 0 1 0 0 1 0 1 0 1 1 0 0 0 0 0 0 0 1 1
140	14	1 1 0 1 1 0 0 1 0 1 1 0 0 1 0 0 0 1 0 1 0 1 0 0 1 0 0 0 0 1 1 0 1 0 0 1 0 1 0 1 1 0 0 0 0 0 0 0 1 1
140	2	1 1 0 1 1 0 0 1 0 1 1 0 0 1 0 0 0 1 0 1 0 1 0 0 1 0 0 0 0 1 0 0 1 0 0 1 0 1 0 1 1 0 0 0 0 0 0 0 1 1
140	2	1 1 0 1 1 0 0 1 0 1 1 0 0 1 0 0 0 1 0 1 0 1 0 0 1 0 0 0 0 1 1 0 1 0 0 1 0 1 0 1 0 0 0 0 0 0 0 0 1 1
140	1	1 1 0 1 1 0 1 1 0 1 1 0 0 1 0 0 0 1 0 1 0 1 0 0 1 0 1 0 0 1 1 0 1 0 0 1 0 1 0 1 1 0 0 0 0 0 0 0 1 1
140	5	1 1 0 1 1 0 1 1 0 1 1 0 0 1 0 0 0 1 0 1 0 1 0 0 1 0 0 0 0 1 1 0 1 0 0 1 0 1 0 1 1 0 0 0 0 0 0 0 1 1
150	3	1 1 1 1 1 0 1 1 1 1 1 0 0 1 0 0 0 1 0 1 0 1 0 0 1 0 0 0 0 1 0 0 1 0 0 1 0 1 0 1 1 0 0 0 0 0 1 1 1 1
150	3	1 1 1 1 1 0 1 1 0 1 1 0 0 1 0 0 0 1 0 1 0 1 0 0 1 0 0 0 0 1 1 0 1 0 0 1 0 1 0 1 0 0 0 0 0 0 1 1 1 1
150	1	1 1 1 1 1 0 1 1 0 1 1 0 0 1 0 0 0 1 0 1 0 1 0 1 1 0 0 0 0 1 1 0 1 0 0 1 0 1 0 1 1 0 0 0 0 0 1 1 1 1
150	1	1 1 1 0 1 0 1 1 0 1 1 0 0 1 0 0 0 1 0 1 0 1 0 0 1 0 0 0 0 1 1 0 1 0 0 1 0 1 0 1 1 0 0 0 0 0 1 1 1 1
150	1	1 1 1 1 1 0 1 1 0 1 1 0 0 1 0 0 0 1 0 1 0 0 0 0 1 0 0 0 0 1 1 0 1 0 0 1 0 1 0 1 1 0 0 0 0 0 1 1 1 1
150	16	1 1 1 1 1 0 1 1 0 1 1 0 0 1 0 0 0 1 0 1 0 1 0 0 1 0 0 0 0 1 1 0 1 0 0 1 0 1 0 1 1 0 0 0 0 0 1 1 1 1
150	47	1 1 1 1 1 0 1 1 1 1 1 0 0 1 0 0 0 1 0 1 0 1 0 0 1 0 0 0 0 1 1 0 1 0 0 1 0 1 0 1 1 0 0 0 0 0 1 1 1 1
150	1	1 1 1 1 1 0 1 1 0 1 1 0 0 1 0 0 0 1 0 1 0 1 0 0 1 0 0 0 0 1 1 0 1 0 1 1 0 1 0 1 1 0 0 0 0 0 1 1 1 1
150	2	1 1 1 1 1 0 1 1 0 1 1 0 0 1 0 0 0 1 0 1 0 1 0 0 1 0 0 1 0 1 1 0 1 0 0 1 0 1 0 1 1 0 0 0 0 0 1 1 1 1
150	3	1 1 1 1 1 0 1 1 0 1 1 0 0 1 0 0 0 1 0 1 0 1 0 0 1 0 0 0 0 1 1 0 1 0 0 0 0 1 0 1 1 0 0 0 0 0 1 1 1 1
150	1	1 1 1 1 1 1 0 1 0 1 1 0 0 1 0 0 0 1 0 1 0 1 0 0 1 0 0 0 0 1 1 0 1 0 0 1 0 1 0 1 1 0 0 0 0 0 1 1 1 1
150	2	1 1 1 1 1 0 0 1 0 1 1 0 0 1 0 0 0 1 0 1 0 1 0 0 1 0 0 0 0 1 1 0 1 0 0 1 0 1 0 1 1 0 0 0 0 0 0 1 1 1
150	1	1 1 0 1 1 0 0 1 0 1 1 0 0 1 0 0 0 1 0 1 0 1 0 0 1 0 0 0 0 1 1 0 1 0 0 1 0 1 0 1 1 0 0 0 0 0 0 1 1 1
150	8	1 1 0 1 1 0 0 1 0 1 1 0 0 1 0 0 0 1 0 1 0 1 0 0 1 0 0 0 0 1 1 0 1 0 0 1 0 1 0 1 1 0 0 0 0 0 0 0 1 1
150	2	1 1 0 1 1 0 0 1 0 1 0 0 0 1 0 0 0 1 0 1 0 1 0 0 1 0 0 0 0 1 1 0 1 0 0 1 0 1 0 1 1 0 0 0 0 0 0 0 1 1
150	4	1 1 0 1 1 0 0 1 0 1 1 0 0 1 0 0 0 1 0 1 0 1 0 0 1 0 0 0 0 1 1 0 1 0 0 1 0 1 0 1 0 0 0 0 0 0 0 0 1 1
150	4	1 1 0 1 1 0 1 1 0 1 1 0 0 1 0 0 0 1 0 1 0 1 0 0 1 0 0 0 0 1 1 0 1 0 0 1 0 1 0 1 1 0 0 0 0 0 0 0 1 1
160	2	1 1 1 1 1 0 1 1 1 1 1 0 0 1 0 0 0 1 0 1 0 1 0 0 1 0 0 0 0 1 0 0 1 0 0 1 0 1 0 1 1 0 0 0 0 0 1 1 1 1
160	7	1 1 1 1 1 0 1 1 0 1 1 0 0 1 0 0 0 1 0 1 0 1 0 0 1 0 0 0 0 1 1 0 1 0 0 1 0 1 0 1 0 0 0 0 0 0 1 1 1 1
160	1	1 1 1 1 1 0 1 1 0 1 1 0 0 1 0 0 1 1 0 1 0 1 0 0 1 0 0 0 0 1 1 0 1 0 0 1 0 1 0 1 1 0 0 0 0 0 1 1 1 1
160	1	1 1 1 1 1 0 1 1 0 1 1 0 0 1 0 0 0 1 0 1 0 1 0 0 1 0 0 0 0 0 1 0 1 0 0 1 0 1 0 1 1 0 0 0 0 0 1 1 1 1
160	1	1 1 1 1 1 0 1 1 0 1 1 0 0 1 0 0 0 1 0 1 0 1 0 0 1 0 0 1 0 1 1 0 1 0 0 1 0 1 0 1 1 0 0 0 0 0 1 1 1 1
160	12	1 1 1 1 1 0 1 1 0 1 1 0 0 1 0 0 0 1 0 1 0 1 0 0 1 0 0 0 0 1 1 0 1 0 0 1 0 1 0 1 1 0 0 0 0 0 1 1 1 1
160	2	1 0 1 1 1 0 1 1 1 1 1 0 0 1 0 0 0 1 0 1 0 1 0 0 1 0 0 0 0 1 1 0 1 0 0 1 0 1 0 1 1 0 0 0 0 0 1 1 1 1
160	1	1 1 1 1 1 0 1 1 1 1 1 0 0 0 0 0 0 1 0 1 0 1 0 0 1 0 0 0 0 1 1 0 1 0 0 1 0 1 0 1 1 0 0 0 0 0 1 1 1 1
160	3	1 1 1 1 1 0 1 1 1 1 1 0 0 1 0 0 0 1 0 1 0 1 0 0 1 0 0 0 0 1 1 0 1 0 0 1 0 1 0 1 1 0 0 0 0 0 1 0 1 1
160	1	1 1 1 1 1 0 1 1 1 1 1 0 0 1 0 0 0 1 0 1 0 1 0 0 1 0 0 0 0 1 1 0 0 0 0 1 0 1 0 1 1 0 0 0 0 0 1 1 1 1
160	56	1 1 1 1 1 0 1 1 1 1 1 0 0 1 0 0 0 1 0 1 0 1 0 0 1 0 0 0 0 1 1 0 1 0 0 1 0 1 0 1 1 0 0 0 0 0 1 1 1 1
160	2	1 1 1 1 1 1 0 1 0 1 1 0 0 1 0 0 0 1 0 1 0 1 0 0 1 0 0 0 0 1 1 0 1 0 0 1 0 1 0 1 1 0 0 0 0 0 0 1 1 1
160	1	1 1 0 1 1 0 0 1 0 1 1 0 0 1 0 0 0 1 0 1 0 1 0 1 1 0 0 0 0 1 1 0 1 0 0 1 0 1 0 1 1 0 0 0 0 0 0 0 1 1
160	2	1 1 0 1 1 0 0 1 0 1 1 0 0 1 0 0 0 1 0 1 0 1 0 0 1 0 0 0 0 1 1 0 1 0 0 1 0 1 0 1 1 0 0 0 0 0 0 0 1 1
160	6	1 1 0 1 1 0 0 1 0 1 1 0 0 1 0 0 0 1 0 1 0 1 0 0 1 0 0 0 0 1 1 0 1 0 0 1 0 1 0 1 0 0 0 0 0 0 0 0 1 1
160	1	1 1 0 1 1 0 1 1 0 1 1 0 0 1 0 0 0 1 0 1 0 1 0 0 1 0 0 0 0 1 1 0 0 0 0 1 0 1 0 1 1 0 0 0 0 0 0 0 1 1
160	1	1 1 0 1 1 0 1 1 0 1 1 0 0 1 0 0 0 1 0 1 0 1 0 0 1 0 0 0 0 1 1 0 1 0 0 1 0 1 0 1 1 0 0 0 0 0 0 0 1 1
170	4	1 1 1 1 1 0 1 1 1 1 1 0 0 1 0 0 0 1 0 1 0 1 0 0 1 0 0 0 0 1 0 0 1 0 0 1 0 1 0 1 1 0 0 0 0 0 1 1 1 1
170	4	1 1 1 1 1 0 1 1 0 1 1 0 0 1 0 0 0 1 0 1 0 1 0 0 1 0 0 0 0 1 1 0 1 0 0 1 0 1 0 1 0 0 0 0 0 0 1 1 1 1
170	1	1 1 1 0 1 0 1 1 0 1 1 0 0 1 0 0 0 1 0 1 0 1 0 0 1 0 0 0 0 1 1 0 1 0 0 1 0 1 0 1 1 0 0 0 0 0 1 1 1 1
170	5	1 1 1 1 1 0 1 1 0 1 1 0 0 1 0 0 0 1 0 1 0 1 0 0 1 0 0 0 0 1 1 0 1 0 0 1 0 1 0 1 1 0 0 0 0 0 1 1 1 1
170	3	1 1 1 1 1 0 1 1 1 1 1 0 0 1 0 0 0 1 0 1 0 1 0 0 1 0 0 0 0 1 1 0 1 0 0 1 0 1 0 1 1 0 0 0 0 0 1 0 1 1
170	1	1 1 1 1 1 0 1 1 1 1 1 0 0 1 0 0 0 1 0 1 0 1 0 0 1 0 0 0 0 1 1 0 1 0 0 1 0 1 0 1 1 0 0 0 1 0 1 1 1 1
170	1	1 1 1 1 1 0 1 1 1 1 1 0 0 1 0 0 0 1 0 1 0 1 0 0 1 0 0 0 0 1 1 0 1 0 0 1 0 1 0 1 1 0 0 0 0 0 1 1 0 1
170	1	1 1 1 1 1 0 1 1 1 0 1 0 0 1 0 0 0 1 0 1 0 1 0 0 1 0 0 0 0 1 1 0 1 0 0 1 0 1 0 1 1 0 0 0 0 0 1 1 1 1
170	1	1 1 1 1 1 0 1 1 1 1 1 0 0 1 0 0 0 1 0 1 0 1 0 0 0 0 0 0 0 1 1 0 1 0 0 1 0 1 0 1 1 0 0 0 0 0 1 1 1 1
170	1	1 1 1 1 1 0 1 1 1 1 1 0 0 1 0 0 0 1 0 1 0 1 0 0 1 0 0 0 0 1 1 0 1 0 0 1 1 1 0 1 1 0 0 0 0 0 1 1 1 1
170	65	1 1 1 1 1 0 1 1 1 1 1 0 0 1 0 0 0 1 0 1 0 1 0 0 1 0 0 0 0 1 1 0 1 0 0 1 0 1 0 1 1 0 0 0 0 0 1 1 1 1
170	2	1 1 1 1 1 1 0 1 0 1 1 0 0 1 0 0 0 1 0 1 0 1 0 0 1 0 0 0 0 1 1 0 1 0 0 1 0 1 0 1 1 0 0 0 0 0 0 1 1 1
170	1	1 1 1 1 1 0 0 1 0 1 1 0 0 1 0 0 0 1 0 1 0 1 0 0 1 0 0 0 0 1 1 0 1 0 0 1 0 1 0 1 1 0 0 0 0 0 0 1 1 1
170	1	1 1 0 1 1 0 0 1 0 1 1 0 0 1 0 0 0 1 0 1 0 1 0 0 1 0 0 0 0 1 1 0 1 0 0 1 0 1 0 1 1 0 0 0 0 0 0 0 1 1
170	7	1 1 0 1 1 0 0 1 0 1 1 0 0 1 0 0 0 1 0 1 0 1 0 0 1 0 0 0 0 1 1 0 1 0 0 1 0 1 0 1 0 0 0 0 0 0 0 0 1 1
170	2	1 1 0 1 1 0 1 1 0 1 1 0 0 1 0 0 0 1 0 1 0 1 0 0 1 0 0 0 0 1 1 0 1 0 0 1 0 1 0 1 1 0 0 0 0 0 0 0 1 1
180	1	1 1 1 1 1 0 1 1 1 1 1 0 0 1 0 0 0 1 0 1 0 1 0 0 1 0 0 0 1 1 0 0 1 0 0 1 0 1 0 1 1 0 0 0 0 0 1 1 1 1
180	8	1 1 1 1 1 0 1 1 1 1 1 0 0 1 0 0 0 1 0 1 0 1 0 0 1 0 0 0 0 1 0 0 1 0 0 1 0 1 0 1 1 0 0 0 0 0 1 1 1 1
180	2	1 1 1 1 1 0 1 1 0 1 1 0 0 1 0 0 0 1 0 1 0 1 0 0 1 0 0 0 0 1 1 0 1 0 0 1 0 1 0 1 0 0 0 0 0 0 1 1 1 1
180	2	1 1 1 1 1 0 1 1 0 1 1 0 0 1 0 0 0 1 0 1 0 1 0 0 1 0 0 0 0 1 1 0 1 0 0 1 0 1 0 1 1 0 0 0 0 0 1 1 1 1
180	1	1 0 1 1 1 0 1 1 1 1 1 0 0 1 0 0 0 1 0 1 0 1 0 0 1 0 0 0 0 1 1 0 1 0 0 1 0 1 0 1 1 0 0 0 0 0 1 1 1 1
180	2	1 1 1 1 1 0 1 1 1 1 1 0 0 1 0 0 0 1 0 1 0 1 0 0 1 0 0 0 0 1 1 0 1 0 0 1 0 1 0 1 1 0 0 0 0 0 1 0 1 1
180	2	1 1 1 1 0 0 1 1 1 1 1 0 0 1 0 0 0 1 0 1 0 1 0 0 1 0 0 0 0 1 1 0 1 0 0 1 0 1 0 1 1 0 0 0 0 0 1 1 1 1
180	2	1 1 1 1 1 0 1 1 1 1 1 0 0 1 0 0 0 1 0 1 1 1 0 0 1 0 0 0 0 1 1 0 1 0 0 1 0 1 0 1 1 0 0 0 0 0 1 1 1 1
180	2	1 1 1 1 1 0 1 1 1 1 1 0 0 1 0 0 0 1 0 1 0 1 0 0 1 0 0 0 0 0 1 0 1 0 0 1 0 1 0 1 1 0 0 0 0 0 1 1 1 1
180	1	1 1 1 1 1 0 1 1 1 1 1 0 0 1 0 0 0 1 0 1 0 1 0 0 1 0 0 0 0 1 1 0 1 0 0 1 0 1 0 1 1 0 0 0 0 0 1 1 0 1
180	66	1 1 1 1 1 0 1 1 1 1 1 0 0 1 0 0 0 1 0 1 0 1 0 0 1 0 0 0 0 1 1 0 1 0 0 1 0 1 0 1 1 0 0 0 0 0 1 1 1 1
180	1	1 1 1 1 1 1 0 1 0 1 1 0 0 1 0 0 0 1 0 1 0 1 0 0 1 0 0 0 0 1 1 0 1 0 0 1 0 1 0 1 1 0 0 0 0 0 0 1 1 1
180	10	1 1 0 1 1 0 0 1 0 1 1 0 0 1 0 0 0 1 0 1 0 1 0 0 1 0 0 0 0 1 1 0 1 0 0 1 0 1 0 1 0 0 0 0 0 0 0 0 1 1
190	5	1 1 1 1 1 0 1 1 1 1 1 0 0 1 0 0 0 1 0 1 0 1 0 0 1 0 0 0 0 1 0 0 1 0 0 1 0 1 0 1 1 0 0 0 0 0 1 1 1 1
190	3	1 1 1 1 1 0 1 1 0 1 1 0 0 1 0 0 0 1 0 1 0 1 0 0 1 0 0 0 0 1 1 0 1 0 0 1 0 1 0 1 0 0 0 0 0 0 1 1 1 1
190	8	1 1 1 1 1 0 1 1 1 1 1 0 0 1 0 0 0 1 0 1 0 1 0 0 1 0 0 0 0 1 1 0 1 0 0 1 0 1 0 1 1 0 0 0 0 0 1 0 1 1
190	1	1 1 1 1 1 0 1 1 1 1 1 0 0 1 0 0 0 1 0 1 0 1 0 0 1 0 0 0 0 0 1 0 1 0 0 1 0 1 0 1 1 0 0 0 0 0 1 1 1 1
190	2	1 1 1 1 1 0 1 1 1 1 1 0 0 1 0 0 0 1 0 1 0 1 0 0 1 0 0 0 0 1 1 0 1 0 0 1 0 1 0 1 1 0 0 0 0 0 1 1 0 1
190	5	1 1 1 1 1 0 1 1 1 1 1 0 0 1 0 0 0 1 0 1 0 1 0 0 1 0 0 0 0 1 1 0 1 0 0 1 0 1 0 1 0 0 0 0 0 0 1 1 1 1
190	1	1 1 1 1 1 0 1 1 1 1 1 0 0 1 0 0 0 1 0 1 0 1 0 0 1 0 0 0 0 1 1 0 1 0 0 1 0 1 0 0 1 0 0 0 0 0 1 1 1 1
190	1	1 1 1 1 1 0 1 1 1 1 1 0 0 1 0 0 0 1 0 1 0 1 0 0 1 0 0 0 0 1 1 0 1 0 0 1 0 1 1 1 1 0 0 0 0 0 1 1 1 1
190	65	1 1 1 1 1 0 1 1 1 1 1 0 0 1 0 0 0 1 0 1 0 1 0 0 1 0 0 0 0 1 1 0 1 0 0 1 0 1 0 1 1 0 0 0 0 0 1 1 1 1
190	2	1 1 1 1 1 1 0 1 0 1 1 0 0 1 0 0 0 1 0 1 0 1 0 0 1 0 0 0 0 1 1 0 1 0 0 1 0 1 0 1 1 0 0 0 0 0 0 1 1 1
190	1	1 1 0 1 1 0 0 1 0 1 1 0 0 1 0 0 0 1 0 1 0 1 0 0 1 0 0 0 0 1 1 0 1 0 0 1 0 1 0 1 1 0 0 0 0 0 0 0 1 1
190	1	1 1 0 1 1 0 0 1 0 1 1 0 0 1 0 0 0 1 0 1 0 1 0 0 1 0 0 0 0 1 1 0 1 0 0 1 0 1 0 1 0 0 0 0 0 0 0 1 1 1
190	2	1 1 0 1 0 0 0 1 0 1 1 0 0 1 0 0 0 1 0 1 0 1 0 0 1 0 0 0 0 1 1 0 1 0 0 1 0 1 0 1 0 0 0 0 0 0 0 0 1 1
190	3	1 1 0 1 1 0 0 1 0 1 1 0 0 1 0 0 0 1 0 1 0 1 0 0 1 0 0 0 0 1 1 0 1 0 0 1 0 1 0 1 0 0 0 0 0 0 0 0 1 1
200	2	1 1 1 1 1 0 1 1 1 1 1 0 0 1 0 0 0 1 0 1 0 1 0 0 1 0 0 0 0 1 0 0 1 0 0 1 0 1 0 1 1 0 0 0 0 0 1 1 1 1
200	5	1 1 1 1 1 0 1 1 1 1 1 0 0 1 0 0 0 1 0 1 0 1 0 0 1 0 0 0 0 1 1 0 1 0 0 1 0 1 0 1 1 0 0 0 0 0 1 0 1 1
200	2	1 1 1 1 1 0 1 1 1 1 1 0 0 1 0 0 0 1 0 1 1 1 0 0 1 0 0 0 0 1 1 0 1 0 0 1 0 1 0 1 1 0 0 0 0 0 1 0 1 1
200	3	1 1 1 1 1 0 1 1 1 1 1 0 0 1 0 0 0 1 0 1 0 1 0 0 1 0 0 0 0 1 1 0 1 0 0 1 0 1 0 1 1 0 0 0 0 0 1 1 0 1
200	1	1 1 0 1 1 0 1 1 1 1 1 0 0 1 0 0 0 1 0 1 0 1 0 0 1 0 0 0 0 1 1 0 1 0 0 1 0 1 0 1 1 0 0 0 0 0 1 1 1 1
200	2	1 1 1 1 1 0 1 1 1 1 1 0 0 1 0 0 0 1 0 1 0 1 0 0 1 0 0 0 1 1 1 0 1 0 0 1 0 1 0 1 1 0 0 0 0 0 1 1 1 1
200	64	1 1 1 1 1 0 1 1 1 1 1 0 0 1 0 0 0 1 0 1 0 1 0 0 1 0 0 0 0 1 1 0 1 0 0 1 0 1 0 1 1 0 0 0 0 0 1 1 1 1
200	1	1 1 1 1 1 0 0 1 1 1 1 0 0 1 0 0 0 1 0 1 0 1 0 0 1 0 0 0 0 1 1 0 1 0 0 1 0 1 0 1 0 0 0 0 0 0 1 1 1 1
200	10	1 1 1 1 1 0 1 1 1 1 1 0 0 1 0 0 0 1 0 1 0 1 0 0 1 0 0 0 0 1 1 0 1 0 0 1 0 1 0 1 0 0 0 0 0 0 1 1 1 1
200	2	1 1 1 1 1 0 1 1 1 1 1 0 0 1 0 0 0 1 0 1 0 1 0 0 1 0 0 0 0 1 1 0 1 0 0 1 0 1 0 1 1 0 0 0 0 0 0 1 1 1
200	2	1 1 1 1 1 0 1 1 1 1 1 0 0 1 0 0 0 1 1 1 0 1 0 0 1 0 0 0 0 1 1 0 1 0 0 1 0 1 0 1 1 0 0 0 0 0 1 1 1 1
200	1	1 1 1 1 1 0 1 1 1 1 1 0 0 1 0 0 0 1 0 1 0 1 0 0 1 0 0 0 0 1 1 0 1 0 1 1 0 1 0 1 1 0 0 0 0 0 1 1 1 1
200	1	1 1 0 1 1 0 0 1 0 1 1 0 0 1 0 0 0 1 0 1 0 1 0 0 1 1 0 0 0 1 1 0 1 0 0 1 0 1 0 1 0 0 0 0 0 0 0 0 1 1
200	4	1 1 0 1 1 0 0 1 0 1 1 0 0 1 0 0 0 1 0 1 0 1 0 0 1 0 0 0 0 1 1 0 1 0 0 1 0 1 0 1 0 0 0 0 0 0 0 0 1 1
210	4	1 1 1 1 1 0 1 1 1 1 1 0 0 1 0 0 0 1 0 1 0 1 0 0 1 0 0 0 0 1 0 0 1 0 0 1 0 1 0 1 1 0 0 0 0 0 1 1 1 1
210	2	1 1 1 1 1 0 1 1 0 1 1 0 0 1 0 0 0 1 0 1 0 1 0 0 1 0 0 0 0 1 1 0 1 0 0 1 0 1 0 1 0 0 0 0 0 0 1 1 1 1
210	6	1 1 1 1 1 0 1 1 1 1 1 0 0 1 0 0 0 1 0 1 0 1 0 0 1 0 0 0 0 1 1 0 1 0 0 1 0 1 0 1 1 0 0 0 0 0 1 1 0 1
210	49	1 1 1 1 1 0 1 1 1 1 1 0 0 1 0 0 0 1 0 1 0 1 0 0 1 0 0 0 0 1 1 0 1 0 0 1 0 1 0 1 1 0 0 0 0 0 1 1 1 1
210	7	1 1 1 1 1 0 1 1 1 1 1 0 0 1 0 0 0 1 0 1 0 1 0 0 1 0 0 0 0 1 1 0 1 0 0 1 0 1 0 1 1 0 0 0 0 0 1 0 1 1
210	1	1 1 1 1 1 0 1 1 1 1 1 0 0 1 0 0 0 1 0 1 1 1 0 0 1 0 0 0 0 1 1 0 1 0 0 1 0 1 0 1 1 0 0 0 0 0 1 1 1 1
210	1	1 1 1 1 1 0 1 1 1 1 1 0 0 1 0 0 0 1 0 1 0 1 0 0 1 0 0 0 0 0 1 0 1 0 0 1 0 1 0 1 1 0 0 0 0 0 1 1 1 1
210	6	1 1 1 1 1 0 1 1 1 1 1 0 0 1 0 0 0 1 0 1 0 1 0 0 1 0 0 0 1 1 1 0 1 0 0 1 0 1 0 1 1 0 0 0 0 0 1 1 1 1
210	16	1 1 1 1 1 0 1 1 1 1 1 0 0 1 0 0 0 1 0 1 0 1 0 0 1 0 0 0 0 1 1 0 1 0 0 1 0 1 0 1 0 0 0 0 0 0 1 1 1 1
210	1	1 1 1 1 1 0 1 1 1 1 1 0 0 1 0 0 0 1 0 1 0 1 0 0 1 0 0 0 0 1 1 0 1 0 0 1 0 1 0 1 1 0 0 0 0 0 0 1 1 1
210	1	1 1 1 1 1 1 1 1 1 1 1 0 0 1 0 0 0 1 0 1 0 1 0 0 1 0 0 0 0 1 1 0 1 0 0 1 0 1 0 1 1 0 0 0 0 0 1 1 1 1
210	2	1 1 1 1 1 1 0 1 0 1 1 0 0 1 0 0 0 1 0 1 0 1 0 0 1 0 0 0 0 1 1 0 1 0 0 1 0 1 0 1 1 0 0 0 0 0 0 1 1 1
210	1	1 1 0 1 1 0 0 1 0 1 1 0 0 1 0 0 0 1 0 1 0 1 0 0 1 0 0 1 0 1 1 0 1 0 0 1 0 1 0 1 0 0 0 0 0 0 0 0 1 1
210	3	1 1 0 1 1 0 0 1 0 1 1 0 0 1 0 0 0 1 0 1 0 1 0 0 1 0 0 0 0 1 1 0 1 0 0 1 0 1 0 1 0 0 0 0 0 0 0 0 1 1
220	1	1 1 1 1 1 0 1 1 1 1 1 0 0 1 0 0 0 1 0 0 0 1 0 0 1 0 0 0 0 1 1 0 1 0 0 1 0 1 0 1 1 0 0 0 0 0 1 1 0 1
220	4	1 1 1 1 1 0 1 1 1 1 1 0 0 1 0 0 0 1 0 1 0 1 0 0 1 0 0 0 0 1 1 0 1 0 0 1 0 1 0 1 1 0 0 0 0 0 1 1 0 1
220	1	0 1 1 1 1 0 1 1 1 1 1 0 0 1 0 0 0 1 0 1 0 1 0 0 1 0 0 0 0 1 1 0 1 0 0 1 0 1 0 1 1 0 0 0 0 0 1 1 1 1
220	8	1 1 1 1 1 0 1 1 1 1 1 0 0 1 0 0 0 1 0 1 0 1 0 0 1 0 0 0 0 1 1 0 1 0 0 1 0 1 0 1 1 0 0 0 0 0 1 0 1 1
220	3	1 1 1 1 1 0 1 1 1 1 1 0 0 1 0 0 0 0 0 1 0 1 0 0 1 0 0 0 0 1 1 0 1 0 0 1 0 1 0 1 1 0 0 0 0 0 1 1 1 1
220	1	1 1 1 1 1 0 1 1 1 1 1 0 0 1 0 0 0 1 0 1 0 1 0 0 1 0 0 0 0 1 1 0 1 0 0 1 0 1 0 1 0 0 0 0 0 0 1 0 1 1
220	19	1 1 1 1 1 0 1 1 1 1 1 0 0 1 0 0 0 1 0 1 0 1 0 0 1 0 0 0 0 1 1 0 1 0 0 1 0 1 0 1 0 0 0 0 0 0 1 1 1 1
220	40	1 1 1 1 1 0 1 1 1 1 1 0 0 1 0 0 0 1 0 1 0 1 0 0 1 0 0 0 0 1 1 0 1 0 0 1 0 1 0 1 1 0 0 0 0 0 1 1 1 1
220	1	1 1 1 1 0 0 1 1 1 1 1 0 0 1 0 0 0 1 0 1 0 1 0 0 1 0 0 0 0 1 1 0 1 0 0 1 0 1 0 1 1 0 0 0 0 0 1 0 1 1
220	10	1 1 1 1 1 0 1 1 1 1 1 0 0 1 0 0 0 1 0 1 1 1 0 0 1 0 0 0 0 1 1 0 1 0 0 1 0 1 0 1 1 0 0 0 0 0 1 0 1 1
220	3	1 1 1 1 1 0 1 1 1 1 1 0 0 1 0 0 0 1 0 1 0 1 0 0 1 0 0 0 1 1 1 0 1 0 0 1 0 1 0 1 1 0 0 0 0 0 1 1 1 1
220	1	1 1 1 1 1 0 1 1 1 1 1 0 0 1 0 0 0 1 0 1 0 1 0 0 1 0 0 0 0 1 1 1 1 0 0 1 0 1 0 1 0 0 0 0 0 0 1 1 1 1
220	1	1 1 1 1 1 0 0 1 1 1 1 0 0 1 0 0 0 1 0 1 0 1 0 0 1 0 0 0 0 1 1 0 1 0 0 1 0 1 0 1 0 0 0 0 0 0 1 1 1 1
220	1	1 1 1 1 1 0 1 1 1 1 1 0 0 1 0 0 0 1 0 1 0 1 0 0 1 0 0 0 0 1 0 0 1 0 0 1 0 1 0 1 0 0 0 0 0 0 1 1 1 1
220	1	1 1 1 1 1 0 1 1 1 1 1 0 0 1 0 0 0 1 0 1 0 1 0 0 1 0 0 0 0 1 1 0 1 0 0 1 0 1 0 1 1 0 0 0 0 0 0 1 1 1
220	2	1 1 1 1 1 1 0 1 0 1 1 0 0 1 0 0 0 1 0 1 0 1 0 0 1 0 0 0 0 1 1 0 1 0 0 1 0 1 0 1 1 0 0 0 0 0 0 1 1 1
220	3	1 1 0 1 1 0 0 1 0 1 1 0 0 1 0 0 0 1 0 1 0 1 0 0 1 0 0 0 0 1 1 0 1 0 0 1 0 1 0 1 0 0 0 0 0 0 0 0 1 1
230	1	1 1 1 1 1 0 1 1 1 1 1 0 0 1 0 0 0 1 0 1 0 1 0 0 1 0 0 0 0 1 1 0 1 0 0 1 0 1 0 1 1 0 0 1 0 0 1 1 0 1
230	17	1 1 1 1 1 0 1 1 1 1 1 0 0 1 0 0 0 1 0 1 0 1 0 0 1 0 0 0 0 1 1 0 1 0 0 1 0 1 0 1 1 0 0 0 0 0 1 1 0 1
230	1	1 1 1 1 1 0 1 1 1 1 1 1 0 1 0 0 0 1 0 1 0 1 0 0 1 0 0 1 0 1 1 0 1 0 0 1 0 1 0 1 1 0 0 0 0 0 1 0 1 1
230	1	1 1 1 1 1 0 1 1 1 1 1 1 0 1 0 0 0 1 0 1 0 1 0 0 1 0 0 0 0 1 1 0 1 0 0 1 0 1 0 1 1 0 0 0 0 0 1 0 1 1
230	2	1 1 1 1 1 0 1 1 1 1 1 0 0 1 0 0 0 1 0 1 0 1 0 0 1 0 0 0 0 1 1 0 1 0 0 1 0 1 0 1 1 0 0 0 0 0 1 0 1 0
230	20	1 1 1 1 1 0 1 1 1 1 1 0 0 1 0 0 0 1 0 1 0 1 0 0 1 0 0 0 0 1 1 0 1 0 0 1 0 1 0 1 1 0 0 0 0 0 1 0 1 1
230	27	1 1 1 1 1 0 1 1 1 1 1 0 0 1 0 0 0 1 0 1 0 1 0 0 1 0 0 0 0 1 1 0 1 0 0 1 0 1 0 1 0 0 0 0 0 0 1 1 1 1
230	1	1 1 1 1 1 0 1 1 1 1 1 0 0 1 0 0 0 1 0 1 0 1 0 0 1 0 0 0 0 1 1 0 1 1 0 1 0 1 0 1 1 0 0 0 0 0 1 1 1 1
230	1	1 1 1 1 0 0 1 1 1 1 1 0 0 1 0 0 0 1 0 1 0 1 0 0 1 0 0 0 0 1 1 0 1 0 0 1 0 1 0 1 1 0 0 0 0 0 1 1 1 1
230	19	1 1 1 1 1 0 1 1 1 1 1 0 0 1 0 0 0 1 0 1 0 1 0 0 1 0 0 0 0 1 1 0 1 0 0 1 0 1 0 1 1 0 0 0 0 0 1 1 1 1
230	2	1 1 1 1 1 0 1 1 1 1 1 0 0 1 0 0 0 1 0 1 1 1 0 0 1 0 0 0 0 1 1 0 1 0 0 1 0 1 0 1 1 0 0 0 0 0 1 0 1 1
230	3	1 1 1 1 1 0 1 1 1 1 1 0 0 1 0 0 0 1 0 1 0 1 0 0 1 0 0 0 1 1 1 0 1 0 0 1 0 1 0 1 1 0 0 0 0 0 1 1 1 1
230	1	1 1 1 1 1 0 1 1 1 1 1 0 0 1 0 0 0 1 0 1 0 1 0 0 1 0 0 0 0 1 1 1 1 0 0 1 0 1 0 1 0 0 0 0 0 0 1 1 1 1
230	1	1 1 1 1 1 0 1 1 1 1 1 0 0 1 0 0 0 1 0 1 0 1 0 0 1 0 0 0 0 1 1 0 1 0 0 1 0 1 0 1 0 0 1 0 0 0 0 1 1 1
230	1	1 1 1 1 1 0 1 1 1 1 1 0 0 1 0 0 0 1 0 1 0 1 0 0 1 0 0 0 0 1 1 0 1 0 0 1 0 1 0 1 0 0 0 0 0 0 0 1 1 1
230	1	1 1 0 1 1 0 0 1 0 1 1 0 0 1 0 0 0 1 0 1 0 1 0 0 1 0 0 0 0 1 1 1 1 0 0 1 0 1 0 1 0 0 0 0 0 0 0 0 1 1
230	1	1 1 0 1 1 0 0 1 0 1 1 0 0 1 0 0 0 1 0 1 0 1 0 0 1 0 0 0 0 1 1 0 1 0 0 1 0 1 0 1 0 0 0 0 0 0 0 0 1 1
240	2	1 1 1 1 1 0 1 1 1 1 1 0 0 1 0 0 0 1 0 1 0 1 0 0 1 0 0 0 0 1 1 0 1 0 0 1 1 1 0 1 1 0 0 0 0 0 1 1 0 1
240	1	1 1 1 1 1 0 1 1 1 1 1 0 0 1 1 0 0 1 0 1 0 1 0 0 1 0 0 0 0 1 1 0 1 0 0 1 0 1 0 1 1 0 0 0 0 0 1 1 0 1
240	12	1 1 1 1 1 0 1 1 1 1 1 0 0 1 0 0 0 1 0 1 0 1 0 0 1 0 0 0 0 1 1 0 1 0 0 1 0 1 0 1 1 0 0 0 0 0 1 1 0 1
240	1	1 1 1 1 1 0 1 1 1 1 1 1 0 1 0 0 0 1 0 1 0 1 0 0 1 0 0 0 0 1 1 0 1 0 0 1 0 1 0 1 1 0 0 0 0 0 1 0 1 1
240	3	1 1 1 1 1 0 1 1 1 1 1 0 0 1 0 0 0 1 0 1 0 1 0 0 1 0 0 0 0 1 1 0 1 0 0 1 0 1 0 1 1 0 0 0 0 0 1 0 1 0
240	2	1 1 1 1 1 0 1 1 1 1 1 0 0 1 0 0 0 1 0 1 0 1 1 0 1 0 0 0 0 1 1 0 1 0 0 1 0 1 0 1 1 0 0 0 0 0 1 0 1 1
240	1	1 0 1 1 1 0 1 1 1 1 1 0 0 1 0 0 0 1 0 1 0 1 0 0 1 0 0 0 0 1 1 0 1 0 0 1 0 1 0 1 1 0 0 0 0 0 1 0 1 1
240	7	1 1 1 1 1 0 1 1 1 1 1 0 0 1 0 0 0 1 0 1 1 1 0 0 1 0 0 0 0 1 1 0 1 0 0 1 0 1 0 1 1 0 0 0 0 0 1 0 1 1
240	1	1 1 1 1 1 0 1 1 1 1 1 0 0 1 0 0 0 1 0 1 0 1 0 0 1 0 0 0 0 1 1 1 1 0 0 1 0 1 0 1 1 0 0 0 0 0 1 0 1 1
240	1	1 1 1 1 1 0 1 1 1 1 1 0 0 1 0 0 0 1 0 1 0 1 0 0 1 0 0 0 0 1 1 0 1 0 0 1 0 1 0 1 0 0 0 0 0 0 1 0 1 1
240	1	1 1 1 1 1 0 1 1 1 1 1 0 0 1 0 0 0 1 0 1 0 1 0 0 1 0 0 0 1 1 1 0 1 0 0 1 0 1 0 1 1 0 0 0 0 0 1 0 1 1
240	14	1 1 1 1 1 0 1 1 1 1 1 0 0 1 0 0 0 1 0 1 0 1 0 0 1 0 0 0 0 1 1 0 1 0 0 1 0 1 0 1 1 0 0 0 0 0 1 0 1 1
240	1	1 1 1 1 1 0 1 1 1 1 1 0 0 1 0 0 0 1 0 1 0 1 0 1 1 0 0 0 0 1 1 0 1 0 0 1 0 1 0 1 0 0 0 0 0 0 1 1 1 1
240	37	1 1 1 1 1 0 1 1 1 1 1 0 0 1 0 0 0 1 0 1 0 1 0 0 1 0 0 0 0 1 1 0 1 0 0 1 0 1 0 1 0 0 0 0 0 0 1 1 1 1
240	1	1 1 1 1 1 0 1 1 1 1 1 0 0 1 0 0 0 1 0 1 0 1 0 0 1 0 1 0 0 1 1 0 1 0 0 1 0 1 0 1 1 0 0 0 0 0 1 1 1 1
240	1	1 1 1 1 1 0 1 1 1 1 1 0 0 1 0 0 0 1 0 1 0 1 0 1 1 0 0 0 0 1 1 0 1 0 0 1 0 1 0 1 1 0 0 0 0 0 1 1 1 1
240	12	1 1 1 1 1 0 1 1 1 1 1 0 0 1 0 0 0 1 0 1 0 1 0 0 1 0 0 0 0 1 1 0 1 0 0 1 0 1 0 1 1 0 0 0 0 0 1 1 1 1
240	1	1 1 1 1 1 0 1 1 1 1 1 0 0 1 0 0 0 1 0 1 0 1 0 0 1 0 0 0 1 1 1 0 1 0 0 0 0 1 0 1 1 0 0 0 0 0 1 1 1 1
240	1	1 1 0 1 1 0 0 1 0 1 1 0 0 1 0 0 0 1 0 1 0 1 0 0 1 0 0 0 0 1 1 1 1 0 0 1 0 1 0 1 0 0 0 0 0 0 0 0 1 1
250	1	1 1 1 1 1 0 1 1 1 1 1 0 0 1 1 0 0 1 0 1 0 1 0 0 1 0 0 0 0 1 1 0 1 0 0 1 0 1 0 1 1 0 0 0 0 0 1 1 0 1
250	13	1 1 1 1 1 0 1 1 1 1 1 0 0 1 0 0 0 1 0 1 0 1 0 0 1 0 0 0 0 1 1 0 1 0 0 1 0 1 0 1 1 0 0 0 0 0 1 1 0 1
250	3	1 1 1 1 1 0 1 1 1 1 1 0 0 1 0 0 0 1 0 1 0 1 0 0 1 0 0 0 0 1 1 0 1 0 0 1 0 1 0 1 1 0 0 0 0 0 1 1 1 1
250	1	1 1 1 1 1 0 1 1 1 1 1 0 0 1 0 0 0 1 0 1 0 1 0 0 1 0 0 0 0 1 1 0 1 0 0 0 0 1 0 1 1 0 0 0 0 0 1 1 0 1
250	1	1 1 1 1 1 0 1 1 1 1 1 0 0 1 0 0 0 1 0 1 0 1 0 0 1 0 0 0 0 1 1 0 1 0 0 1 0 1 0 1 1 0 0 0 0 0 1 0 1 0
250	3	1 1 1 1 1 1 1 1 1 1 1 0 0 1 0 0 0 1 0 1 0 1 0 0 1 0 0 0 0 1 1 0 1 0 0 1 0 1 0 1 1 0 0 0 0 0 1 0 1 1
250	2	1 1 1 1 1 0 1 1 1 1 1 0 0 1 0 0 0 0 0 1 0 1 1 0 1 0 0 0 0 1 1 0 1 0 0 1 0 1 0 1 1 0 0 0 0 0 1 0 1 1
250	6	1 1 1 1 1 0 1 1 1 1 1 0 0 1 0 0 0 1 0 1 1 1 0 0 1 0 0 0 0 1 1 0 1 0 0 1 0 1 0 1 1 0 0 0 0 0 1 0 1 1
250	1	1 1 1 1 1 0 1 1 1 1 1 0 0 1 0 0 0 1 0 1 0 1 0 0 1 0 0 1 0 1 1 0 1 0 0 1 0 1 0 1 0 0 0 0 0 0 1 0 1 1
250	21	1 1 1 1 1 0 1 1 1 1 1 0 0 1 0 0 0 1 0 1 0 1 0 0 1 0 0 0 0 1 1 0 1 0 0 1 0 1 0 1 1 0 0 0 0 0 1 0 1 1
250	2	1 1 1 1 1 0 1 1 1 1 1 0 0 1 0 0 0 1 0 1 0 1 0 1 1 0 0 0 0 1 1 0 1 0 0 1 0 1 0 1 0 0 0 0 0 0 1 1 1 1
250	3	1 1 1 1 1 0 1 1 1 1 1 0 0 1 0 0 0 1 0 1 0 1 0 0 1 0 0 0 0 1 1 0 1 0 0 0 0 1 0 1 0 0 0 0 0 0 1 1 1 1
250	2	1 1 1 1 1 0 1 1 1 1 1 0 0 1 0 0 0 1 0 1 0 1 0 0 1 0 0 0 0 1 1 1 1 0 0 1 0 1 0 1 0 0 0 0 0 0 1 1 1 1
250	1	1 1 1 1 1 0 1 1 1 1 1 0 0 1 0 0 0 1 0 1 0 1 0 0 1 0 0 0 0 1 1 0 1 0 0 1 1 1 0 1 0 0 0 0 0 0 1 1 1 1
250	35	1 1 1 1 1 0 1 1 1 1 1 0 0 1 0 0 0 1 0 1 0 1 0 0 1 0 0 0 0 1 1 0 1 0 0 1 0 1 0 1 0 0 0 0 0 0 1 1 1 1
250	1	1 1 1 1 1 0 1 1 1 1 1 0 0 1 0 0 0 1 0 1 0 1 0 0 1 0 0 0 1 1 1 0 1 0 0 1 0 1 0 1 1 0 0 0 0 0 1 1 1 1
250	3	1 1 1 1 1 0 1 1 1 1 1 0 0 1 0 0 0 1 0 1 1 1 0 0 1 0 0 0 0 1 1 0 1 0 0 1 0 1 0 1 1 0 0 0 0 0 0 0 1 1
250	1	1 1 1 1 1 0 1 1 1 1 1 0 0 1 0 0 0 1 0 1 0 1 0 0 1 0 0 0 1 1 1 0 1 0 0 0 0 1 0 1 1 0 0 0 0 0 1 1 1 1
260	1	1 1 1 1 1 0 1 1 1 1 1 0 0 1 0 0 0 1 0 1 0 1 1 0 1 0 0 0 0 1 1 0 1 0 0 1 0 1 0 1 1 0 0 0 0 0 1 1 0 1
260	12	1 1 1 1 1 0 1 1 1 1 1 0 0 1 0 0 0 1 0 1 0 1 0 0 1 0 0 0 0 1 1 0 1 0 0 1 0 1 0 1 1 0 0 0 0 0 1 1 0 1
260	3	1 1 1 1 1 0 1 1 1 1 1 0 0 1 0 0 0 1 0 1 0 1 0 0 1 0 0 0 0 1 1 0 1 0 0 1 0 1 0 1 1 0 0 0 0 0 1 1 1 1
260	3	1 1 1 1 1 0 1 1 1 1 1 0 0 1 0 0 0 1 0 1 0 1 0 0 1 0 0 0 0 1 1 0 1 0 0 0 0 1 0 1 1 0 0 0 0 0 1 1 0 1
260	1	1 1 1 1 0 0 1 1 1 1 1 0 0 1 0 0 0 1 0 1 0 1 0 0 1 0 0 0 0 1 1 0 1 0 0 1 0 1 0 1 1 0 0 0 0 0 1 0 1 0
260	2	1 1 1 1 1 0 1 1 1 1 1 0 0 1 0 0 0 1 0 1 0 1 0 0 1 0 0 0 0 1 1 0 1 0 0 1 0 1 0 1 1 0 0 0 0 0 1 0 1 0
260	1	1 1 1 1 1 1 1 1 1 1 1 0 0 1 0 0 0 0 0 1 0 1 0 0 1 0 0 0 0 1 1 0 1 0 0 1 0 1 0 1 1 0 0 0 0 0 1 0 1 1
260	6	1 1 1 1 1 1 1 1 1 1 1 0 0 1 0 0 0 1 0 1 0 1 0 0 1 0 0 0 0 1 1 0 1 0 0 1 0 1 0 1 1 0 0 0 0 0 1 0 1 1
260	2	1 1 1 1 1 0 1 1 1 1 1 0 0 1 0 0 0 0 0 1 0 1 1 0 1 0 0 0 0 1 1 0 1 0 0 1 0 1 0 1 1 0 0 0 0 0 1 0 1 1
260	1	1 1 1 1 1 0 1 1 1 1 1 0 0 1 0 0 0 1 0 1 0 1 1 0 1 0 0 0 0 1 1 0 1 0 0 1 0 1 0 1 1 0 0 0 0 0 1 0 1 1
260	1	1 1 1 1 0 0 1 1 1 1 1 0 0 1 0 0 0 1 0 1 0 1 0 0 1 0 0 0 0 1 1 0 1 0 0 1 0 1 0 1 1 0 0 0 0 0 1 0 1 1
260	9	1 1 1 1 1 0 1 1 1 1 1 0 0 1 0 0 0 1 0 1 1 1 0 0 1 0 0 0 0 1 1 0 1 0 0 1 0 1 0 1 1 0 0 0 0 0 1 0 1 1
260	3	1 1 1 1 1 0 1 1 1 1 1 0 0 1 0 0 0 1 0 1 0 1 0 0 1 0 0 1 0 1 1 0 1 0 0 1 0 1 0 1 0 0 0 0 0 0 1 0 1 1
260	1	1 1 1 0 1 0 1 1 1 1 1 0 0 1 0 0 0 1 0 1 0 1 0 0 1 0 0 0 0 1 1 0 1 0 0 1 0 1 0 1 0 0 0 0 0 0 1 0 1 1
260	8	1 1 1 1 1 0 1 1 1 1 1 0 0 1 0 0 0 1 0 1 0 1 0 0 1 0 0 0 0 1 1 0 1 0 0 1 0 1 0 1 0 0 0 0 0 0 1 0 1 1
260	1	1 1 1 1 1 0 1 1 1 1 1 0 0 1 0 0 0 1 1 1 0 1 0 0 1 0 0 0 0 1 1 0 1 0 0 1 0 1 0 1 1 0 0 0 0 0 1 0 1 1
260	18	1 1 1 1 1 0 1 1 1 1 1 0 0 1 0 0 0 1 0 1 0 1 0 0 1 0 0 0 0 1 1 0 1 0 0 1 0 1 0 1 1 0 0 0 0 0 1 0 1 1
260	2	1 1 1 1 1 0 1 1 1 1 1 0 0 1 0 0 0 1 0 1 0 1 0 0 1 0 0 0 0 1 1 0 1 0 0 0 0 1 0 1 0 0 0 0 0 0 1 1 1 1
260	2	1 1 1 1 1 0 1 1 1 1 1 0 0 1 0 0 0 1 0 1 0 1 0 0 1 0 0 0 0 1 1 1 1 0 0 1 0 1 0 1 0 0 0 0 0 0 1 1 1 1
260	1	1 1 1 1 1 0 1 1 1 1 1 0 0 1 0 0 0 1 0 1 0 1 0 0 1 0 1 0 0 1 1 0 1 0 0 1 1 1 0 1 0 0 0 0 0 0 1 1 1 1
260	1	1 1 1 1 1 0 1 1 1 1 1 0 0 1 0 0 0 1 0 1 0 1 0 0 1 0 0 0 1 1 1 0 1 0 0 1 0 1 0 1 0 0 0 0 0 0 1 1 1 1
260	20	1 1 1 1 1 0 1 1 1 1 1 0 0 1 0 0 0 1 0 1 0 1 0 0 1 0 0 0 0 1 1 0 1 0 0 1 0 1 0 1 0 0 0 0 0 0 1 1 1 1
260	1	1 1 1 1 1 0 1 1 1 1 1 0 0 1 0 0 0 1 0 1 1 1 0 0 1 0 0 0 0 1 1 0 1 0 0 1 0 1 0 1 1 0 0 0 0 0 0 0 1 1
270	1	1 1 1 1 1 0 1 1 1 1 1 0 0 1 0 0 0 1 0 1 0 1 0 0 1 0 0 0 0 1 1 0 1 0 0 1 0 1 0 1 1 0 0 0 0 0 0 1 0 1
270	1	1 1 1 1 1 0 1 1 0 1 1 0 0 1 0 0 0 1 0 1 0 1 0 0 1 0 0 0 0 1 1 0 1 0 0 1 0 1 0 1 1 0 0 0 0 0 1 1 0 1
270	12	1 1 1 1 1 0 1 1 1 1 1 0 0 1 0 0 0 1 0 1 0 1 0 0 1 0 0 0 0 1 1 0 1 0 0 1 0 1 0 1 1 0 0 0 0 0 1 1 0 1
270	2	1 1 1 1 1 0 1 1 1 1 1 0 0 1 0 0 0 1 0 1 0 1 0 0 1 0 0 0 0 1 1 0 1 0 0 0 0 1 0 1 1 0 0 0 0 0 1 1 0 1
270	7	1 1 1 1 1 1 1 1 1 1 1 0 0 1 0 0 0 1 0 1 0 1 0 0 1 0 0 0 0 1 1 0 1 0 0 1 0 1 0 1 1 0 0 0 0 0 1 0 1 1
270	4	1 1 1 1 1 0 1 1 1 1 1 0 0 1 0 0 0 0 0 1 0 1 1 0 1 0 0 0 0 1 1 0 1 0 0 1 0 1 0 1 1 0 0 0 0 0 1 0 1 1
270	10	1 1 1 1 1 0 1 1 1 1 1 0 0 1 0 0 0 1 0 1 1 1 0 0 1 0 0 0 0 1 1 0 1 0 0 1 0 1 0 1 1 0 0 0 0 0 1 0 1 1
270	3	1 1 1 1 1 0 1 1 1 1 1 0 0 1 0 0 0 1 0 1 0 1 0 0 1 0 0 1 0 1 1 0 1 0 0 1 0 1 0 1 0 0 0 0 0 0 1 0 1 1
270	5	1 1 1 0 1 0 1 1 1 1 1 0 0 1 0 0 0 1 0 1 0 1 0 0 1 0 0 0 0 1 1 0 1 0 0 1 0 1 0 1 0 0 0 0 0 0 1 0 1 1
270	13	1 1 1 1 1 0 1 1 1 1 1 0 0 1 0 0 0 1 0 1 0 1 0 0 1 0 0 0 0 1 1 0 1 0 0 1 0 1 0 1 0 0 0 0 0 0 1 1 1 1
270	11	1 1 1 1 1 0 1 1 1 1 1 0 0 1 0 0 0 1 0 1 0 1 0 0 1 0 0 0 0 1 1 0 1 0 0 1 0 1 0 1 0 0 0 0 0 0 1 0 1 1
270	1	1 1 1 1 1 0 1 1 1 1 1 0 0 1 0 0 0 1 0 1 0 1 0 0 1 0 0 0 0 1 1 0 1 0 0 1 0 1 1 1 1 0 0 0 0 0 1 0 1 1
270	19	1 1 1 1 1 0 1 1 1 1 1 0 0 1 0 0 0 1 0 1 0 1 0 0 1 0 0 0 0 1 1 0 1 0 0 1 0 1 0 1 1 0 0 0 0 0 1 0 1 1
270	1	1 1 1 1 1 0 1 1 1 1 1 0 0 1 0 0 0 1 0 1 0 1 0 0 1 0 0 0 0 1 1 0 0 0 0 1 0 1 0 1 0 0 0 0 0 0 1 1 1 1
270	1	1 1 1 1 1 0 1 1 1 1 1 0 0 1 0 0 0 1 0 1 0 1 0 0 1 0 0 0 0 1 1 0 1 0 0 1 0 1 0 1 0 0 0 0 0 1 1 1 1 1
270	2	1 1 1 1 1 0 1 1 1 1 1 0 0 1 0 0 0 1 0 1 0 1 0 0 1 0 0 0 0 1 1 0 1 0 0 0 0 1 0 1 0 0 0 0 0 0 1 1 1 1
270	7	1 1 1 1 1 0 1 1 1 1 1 0 0 1 0 0 0 1 0 1 1 1 0 0 1 0 0 0 0 1 1 0 1 0 0 1 0 1 0 1 1 0 0 0 0 0 0 0 1 1
280	1	1 1 1 1 1 0 1 1 1 1 1 0 0 1 0 0 0 1 0 1 0 1 1 0 1 0 0 0 0 1 1 0 1 0 0 1 0 1 0 1 1 0 0 0 0 0 1 1 0 1
280	1	1 1 1 1 1 0 1 1 1 1 1 0 0 1 0 0 0 1 0 1 0 1 0 0 1 0 0 0 0 1 1 0 1 0 0 1 0 1 0 1 1 0 0 1 0 0 1 1 0 1
280	4	1 1 1 1 1 0 1 1 1 1 1 0 0 1 0 0 0 1 0 1 0 1 0 0 1 0 0 0 0 1 1 0 1 0 0 1 0 1 0 1 1 0 0 0 0 0 1 1 0 1
280	3	1 1 1 1 1 0 1 1 1 1 1 0 0 1 0 0 0 1 0 1 0 1 0 0 1 0 0 0 0 1 1 0 1 0 0 1 0 0 0 1 1 0 0 0 0 0 1 1 1 1
280	9	1 1 1 1 1 1 1 1 1 1 1 0 0 1 0 0 0 1 0 1 0 1 0 0 1 0 0 0 0 1 1 0 1 0 0 1 0 1 0 1 1 0 0 0 0 0 1 0 1 1
280	2	1 1 1 1 1 0 1 1 1 1 1 0 0 1 0 0 0 1 1 1 1 1 0 0 1 0 0 0 0 1 1 0 1 0 0 1 0 1 0 1 1 0 0 0 0 0 1 0 1 1
280	1	1 1 1 1 1 0 1 1 1 1 1 0 0 1 0 0 0 1 0 1 1 1 0 0 1 0 0 0 0 1 1 0 1 0 0 1 0 1 0 1 0 0 0 0 0 0 1 0 1 1
280	1	1 1 1 1 1 0 1 1 1 1 1 0 0 1 0 0 1 1 0 1 1 1 0 0 1 0 0 0 0 1 1 0 1 0 0 1 0 1 0 1 1 0 0 0 0 0 0 0 1 1
280	10	1 1 1 1 1 0 1 1 1 1 1 0 0 1 0 0 0 1 0 1 1 1 0 0 1 0 0 0 0 1 1 0 1 0 0 1 0 1 0 1 1 0 0 0 0 0 0 0 1 1
280	1	1 1 1 1 1 0 1 1 1 1 1 0 0 1 0 0 0 1 0 1 1 1 0 0 1 0 0 0 0 1 1 0 1 0 0 1 0 1 0 1 1 0 0 0 0 0 1 0 1 1
280	1	1 1 1 1 1 0 1 1 1 1 1 0 0 1 0 0 0 1 0 1 0 1 0 0 1 0 0 1 0 1 1 0 1 0 0 1 0 1 0 1 0 0 0 0 0 0 1 0 1 0
280	10	1 1 1 1 1 0 1 1 1 1 1 0 0 1 0 0 0 1 0 1 0 1 0 0 1 0 0 1 0 1 1 0 1 0 0 1 0 1 0 1 0 0 0 0 0 0 1 0 1 1
280	2	1 1 1 0 1 0 1 1 1 1 1 0 0 1 0 0 0 1 0 1 0 1 0 0 1 0 0 0 0 1 1 0 1 0 0 1 0 1 0 1 0 0 0 0 0 0 1 0 1 1
280	1	0 1 1 1 1 0 1 1 1 1 1 0 0 1 0 0 0 1 0 1 0 1 0 0 1 0 0 0 0 1 1 0 1 0 0 1 0 1 0 1 0 0 0 0 0 0 1 0 1 1
280	1	1 1 1 1 1 0 1 1 1 1 1 0 0 1 0 0 1 1 0 1 0 1 0 0 1 0 0 0 0 1 1 0 1 0 0 1 0 1 0 1 0 0 0 0 0 0 1 0 1 1
280	10	1 1 1 1 1 0 1 1 1 1 1 0 0 1 0 0 0 1 0 1 0 1 0 0 1 0 0 0 0 1 1 0 1 0 0 1 0 1 0 1 0 0 0 0 0 0 1 1 1 1
280	12	1 1 1 1 1 0 1 1 1 1 1 0 0 1 0 0 0 1 0 1 0 1 0 0 1 0 0 0 0 1 1 0 1 0 0 1 0 1 0 1 1 0 0 0 0 0 1 0 1 1
280	25	1 1 1 1 1 0 1 1 1 1 1 0 0 1 0 0 0 1 0 1 0 1 0 0 1 0 0 0 0 1 1 0 1 0 0 1 0 1 0 1 0 0 0 0 0 0 1 0 1 1
280	2	1 1 1 1 1 0 1 1 1 1 1 0 0 1 0 0 0 1 0 1 0 1 0 1 1 0 0 0 0 1 1 0 1 0 0 1 0 1 0 1 0 0 0 0 0 0 1 1 1 1
280	1	1 1 1 1 1 0 1 1 1 1 1 0 0 1 0 0 0 1 0 1 0 1 0 0 1 0 0 0 0 1 1 0 0 0 0 1 0 1 0 1 0 0 0 0 0 0 1 1 1 1
280	1	1 1 1 1 1 0 1 1 1 1 1 0 0 1 0 0 0 1 0 1 0 1 0 0 1 0 0 0 0 1 1 0 1 0 0 0 0 1 0 1 0 0 0 0 0 0 1 1 1 1
280	1	1 1 1 1 1 0 1 1 1 1 1 0 0 1 0 0 0 1 0 1 1 1 0 0 1 0 0 0 0 1 1 1 1 0 0 1 0 1 0 1 1 0 0 0 0 0 0 0 1 1
290	3	1 1 1 1 1 0 1 1 1 1 0 0 0 1 0 0 0 1 0 1 0 1 1 0 1 0 0 0 0 1 1 0 1 0 0 1 0 1 0 1 1 0 0 0 0 0 1 1 0 1
290	1	1 1 1 1 1 0 1 1 1 1 1 0 0 1 0 0 0 1 0 1 0 1 1 0 1 0 0 0 0 1 1 0 1 0 0 1 0 1 0 1 1 0 0 0 0 0 1 1 0 1
290	1	1 1 1 1 1 0 1 1 1 1 1 0 0 1 0 0 0 1 0 1 0 1 0 0 1 0 0 0 0 1 1 0 1 0 0 1 0 1 0 1 1 0 0 1 0 0 1 1 0 1
290	6	1 1 1 1 1 0 1 1 1 1 1 0 0 1 0 0 0 1 0 1 0 1 0 0 1 0 0 0 0 1 1 0 1 0 0 1 0 1 0 1 1 0 0 0 0 0 1 1 0 1
290	3	1 1 1 1 1 1 1 1 1 1 1 0 0 1 0 0 0 1 0 1 0 1 0 0 1 0 0 0 0 1 1 0 1 0 0 1 0 1 0 1 1 0 0 0 0 0 1 0 1 1
290	7	1 1 1 1 1 0 1 1 1 1 1 0 0 1 0 0 0 1 0 1 1 1 0 0 1 0 0 0 0 1 1 0 1 0 0 1 0 1 0 1 0 0 0 0 0 0 1 0 1 1
290	4	1 1 1 1 1 0 1 1 1 1 1 0 0 1 0 0 0 1 0 1 0 1 0 0 1 0 0 0 0 1 1 0 1 0 0 1 0 1 0 1 1 0 0 0 0 0 0 0 1 1
290	2	1 1 1 1 1 0 1 1 1 1 1 0 0 1 0 0 0 1 0 1 1 1 0 0 1 0 0 0 1 1 1 0 1 0 0 1 0 1 0 1 1 0 0 0 0 0 0 0 1 1
290	14	1 1 1 1 1 0 1 1 1 1 1 0 0 1 0 0 0 1 0 1 1 1 0 0 1 0 0 0 0 1 1 0 1 0 0 1 0 1 0 1 1 0 0 0 0 0 0 0 1 1
290	2	1 1 1 1 1 0 1 1 1 1 1 0 0 1 0 0 0 1 0 1 1 1 0 0 1 0 0 0 0 1 1 0 1 0 0 1 0 1 0 1 1 0 0 0 0 0 1 0 1 1
290	2	1 1 1 1 1 0 1 1 1 1 1 0 0 1 0 0 0 1 0 1 0 1 0 0 1 0 0 1 0 1 1 0 1 0 0 1 0 1 0 1 0 0 0 0 0 0 1 0 1 0
290	2	1 1 1 1 1 0 1 1 1 1 1 0 0 1 0 0 0 1 0 1 0 1 0 0 1 0 0 1 0 1 1 0 1 0 0 1 0 1 0 1 0 0 1 0 0 0 1 0 1 1
290	21	1 1 1 1 1 0 1 1 1 1 1 0 0 1 0 0 0 1 0 1 0 1 0 0 1 0 0 0 0 1 1 0 1 0 0 1 0 1 0 1 0 0 0 0 0 0 1 0 1 1
290	9	1 1 1 1 1 0 1 1 1 1 1 0 0 1 0 0 0 1 0 1 0 1 0 0 1 0 0 1 0 1 1 0 1 0 0 1 0 1 0 1 0 0 0 0 0 0 1 0 1 1
290	1	1 1 1 0 1 0 1 1 1 1 1 0 0 1 0 0 0 1 0 1 0 1 1 0 1 0 0 0 0 1 1 0 1 0 0 1 0 1 0 1 0 0 0 0 0 0 1 0 1 1
290	2	1 1 1 1 1 0 1 1 1 1 1 0 0 1 0 0 0 1 0 1 0 1 0 0 1 0 0 0 0 1 1 0 1 0 0 1 0 1 0 1 0 1 0 0 0 0 1 1 1 1
290	14	1 1 1 1 1 0 1 1 1 1 1 0 0 1 0 0 0 1 0 1 0 1 0 0 1 0 0 0 0 1 1 0 1 0 0 1 0 1 0 1 0 0 0 0 0 0 1 1 1 1
290	5	1 1 1 1 1 0 1 1 1 1 1 0 0 1 0 0 0 1 0 1 0 1 0 0 1 0 0 0 0 1 1 0 1 0 0 1 0 1 0 1 1 0 0 0 0 0 1 0 1 1
290	1	1 1 1 1 1 0 1 1 1 1 1 0 0 1 0 0 0 1 0 1 0 1 0 1 1 0 0 0 0 1 1 0 1 0 0 1 0 1 0 1 0 0 0 0 0 0 1 1 1 1
300	1	1 1 1 1 1 0 1 1 1 1 1 0 0 1 0 0 0 1 0 1 0 1 1 0 1 0 0 0 0 1 1 0 1 0 0 1 0 1 0 1 1 0 0 0 0 0 1 1 0 1
300	1	1 1 1 1 1 0 1 1 1 1 1 0 0 1 0 0 0 1 0 1 0 1 0 0 1 0 0 0 0 1 1 0 1 0 0 1 0 1 0 1 1 0 0 1 0 0 1 1 0 1
300	1	1 1 1 1 1 0 1 1 1 1 1 0 0 1 0 0 0 1 0 1 0 1 0 0 1 0 0 0 0 1 1 0 0 0 0 1 0 1 0 1 1 0 0 0 0 0 1 1 0 1
300	2	1 1 1 1 1 0 1 1 1 1 1 0 0 1 0 0 0 1 0 1 0 1 0 0 1 0 0 0 0 1 1 0 1 0 0 1 0 1 0 1 1 0 0 0 0 0 1 1 0 1
300	2	1 1 1 1 1 1 1 1 1 1 1 0 0 1 0 0 0 1 0 1 0 1 0 0 1 0 0 0 0 1 1 0 1 0 0 1 0 1 0 1 1 0 0 0 0 0 1 0 1 1
300	1	1 1 1 1 1 0 1 1 1 1 1 0 0 1 0 0 0 1 0 1 1 1 0 0 1 0 0 0 0 1 1 0 1 0 0 1 0 1 0 1 0 0 0 0 0 0 1 0 1 1
300	1	1 1 1 1 1 0 1 1 1 1 1 0 0 1 0 1 0 1 0 1 0 1 0 0 1 0 0 0 0 1 1 0 1 0 0 1 0 1 0 1 1 0 0 0 0 0 0 0 1 1
300	1	1 1 1 1 1 0 1 1 1 1 1 0 0 1 0 0 0 1 0 1 0 1 0 0 1 0 0 0 0 1 1 0 1 0 0 1 0 1 0 1 1 0 0 0 0 0 0 0 1 1
300	1	1 1 1 1 0 0 1 1 1 1 1 0 0 1 0 0 0 1 0 1 1 1 0 0 1 0 0 0 0 1 1 0 1 0 0 1 0 1 0 1 1 0 0 0 0 0 0 0 1 1
300	23	1 1 1 1 1 0 1 1 1 1 1 0 0 1 0 0 0 1 0 1 1 1 0 0 1 0 0 0 0 1 1 0 1 0 0 1 0 1 0 1 1 0 0 0 0 0 0 0 1 1
300	1	1 1 1 1 1 0 1 1 1 1 1 0 0 1 0 0 1 1 0 1 0 1 0 0 1 0 0 1 0 1 1 0 1 0 0 1 0 1 0 1 0 0 0 0 0 0 1 0 1 0
300	11	1 1 1 1 1 0 1 1 1 1 1 0 0 1 0 0 0 1 0 1 0 1 0 0 1 0 0 1 0 1 1 0 1 0 0 1 0 1 0 1 0 0 0 0 0 0 1 0 1 0
300	1	1 1 1 1 1 0 1 1 1 1 1 0 0 1 0 0 0 0 0 1 0 1 0 0 1 0 0 1 0 1 1 0 1 0 0 1 0 1 0 1 0 0 0 1 0 0 1 0 1 1
300	1	1 1 1 1 1 0 1 1 1 1 1 0 0 1 0 0 0 1 0 1 0 1 0 0 1 0 0 0 0 1 1 0 1 0 0 1 1 1 0 1 0 0 0 0 0 0 1 0 1 1
300	24	1 1 1 1 1 0 1 1 1 1 1 0 0 1 0 0 0 1 0 1 0 1 0 0 1 0 0 0 0 1 1 0 1 0 0 1 0 1 0 1 0 0 0 0 0 0 1 0 1 1
300	20	1 1 1 1 1 0 1 1 1 1 1 0 0 1 0 0 0 1 0 1 0 1 0 0 1 0 0 1 0 1 1 0 1 0 0 1 0 1 0 1 0 0 0 0 0 0 1 0 1 1
300	2	1 1 1 0 1 0 1 1 1 1 1 0 0 1 0 0 0 1 0 1 0 1 1 0 1 0 0 0 0 1 1 0 1 0 0 1 0 1 0 1 0 0 0 0 0 0 1 0 1 1
300	1	1 1 1 0 1 0 1 1 1 1 1 0 0 1 0 0 0 1 0 1 0 1 0 0 1 0 0 0 0 1 1 0 1 0 0 1 0 1 0 1 0 0 0 0 0 0 1 0 1 1
300	4	1 1 1 1 1 0 1 1 1 1 1 0 0 1 0 0 0 1 0 1 0 1 0 0 1 0 0 0 0 1 1 0 1 0 0 1 0 1 0 1 0 0 0 0 0 0 1 1 1 1
300	1	1 1 1 1 1 0 1 1 1 1 1 0 0 1 0 0 0 1 0 1 0 1 0 0 1 0 0 0 1 1 1 0 1 0 0 1 0 1 0 1 1 0 0 0 0 0 1 0 1 1
310	3	1 1 1 1 1 0 1 1 1 1 1 0 0 1 0 0 0 1 0 1 0 1 0 0 1 0 0 0 0 1 1 0 1 0 0 1 0 1 0 1 1 0 0 1 0 0 1 1 0 1
310	2	1 1 1 1 1 0 1 1 1 1 1 0 0 1 0 0 0 1 0 1 0 1 0 0 1 0 0 0 0 1 1 0 1 0 0 1 0 1 0 1 1 0 0 0 0 0 1 1 0 1
310	1	1 1 1 1 1 1 1 1 1 1 1 0 0 1 0 0 0 1 0 1 0 1 0 0 1 0 1 0 0 1 1 0 1 0 0 1 0 1 0 1 1 0 0 0 0 0 1 0 1 1
310	2	1 1 1 1 1 1 1 1 1 1 1 0 0 1 0 0 0 1 0 1 0 1 0 0 1 0 0 0 0 1 1 0 1 0 0 1 0 1 0 1 1 0 0 0 0 0 1 0 1 1
310	4	1 1 1 1 1 0 1 1 1 1 1 0 0 1 0 0 0 1 0 1 1 1 0 0 1 0 0 0 0 1 1 0 1 0 0 1 0 1 0 1 0 0 0 0 0 0 1 0 1 1
310	24	1 1 1 1 1 0 1 1 1 1 1 0 0 1 0 0 0 1 0 1 1 1 0 0 1 0 0 0 0 1 1 0 1 0 0 1 0 1 0 1 1 0 0 0 0 0 0 0 1 1
310	1	1 1 1 1 1 0 1 1 1 1 1 0 0 1 0 0 1 1 0 1 0 1 0 0 1 0 0 1 0 1 1 0 1 0 0 1 0 1 0 1 0 0 0 0 0 0 1 0 1 0
310	16	1 1 1 1 1 0 1 1 1 1 1 0 0 1 0 0 0 1 0 1 0 1 0 0 1 0 0 1 0 1 1 0 1 0 0 1 0 1 0 1 0 0 0 0 0 0 1 0 1 0
310	1	0 1 1 1 1 0 1 1 1 1 1 0 0 1 0 0 0 1 0 1 0 1 0 0 1 0 0 0 0 1 1 0 1 0 0 1 0 1 0 1 0 0 0 0 0 0 1 0 1 1
310	23	1 1 1 1 1 0 1 1 1 1 1 0 0 1 0 0 0 1 0 1 0 1 0 0 1 0 0 0 0 1 1 0 1 0 0 1 0 1 0 1 0 0 0 0 0 0 1 0 1 1
310	4	1 1 1 1 1 0 1 1 1 1 1 0 0 1 0 0 0 1 0 1 0 1 0 0 1 0 0 1 0 1 1 0 1 0 0 1 0 1 1 1 0 0 0 0 0 0 1 0 1 1
310	1	1 1 1 1 1 0 1 1 1 1 1 0 0 1 0 0 0 1 0 1 0 1 0 0 1 0 1 1 0 1 1 0 1 0 0 1 0 1 0 1 0 0 0 0 0 0 1 0 1 1
310	17	1 1 1 1 1 0 1 1 1 1 1 0 0 1 0 0 0 1 0 1 0 1 0 0 1 0 0 1 0 1 1 0 1 0 0 1 0 1 0 1 0 0 0 0 0 0 1 0 1 1
310	1	1 1 1 1 1 0 1 1 1 1 1 0 0 1 0 0 0 1 0 1 0 1 0 0 1 0 0 0 0 1 1 0 1 0 0 1 0 1 0 1 0 0 0 0 0 0 1 1 1 1
