10	17	0 1 0 0 0 1 1 1 1 0 0 0 1 1 1 0 0 0 0 0 1 0 1 1 1 1 0 1 1 1 0 0 1 1 0 0 1 1 0 0 0 1 0 0 1 0 0 0 1 1
10	1	0 1 1 1 0 0 1 0 1 1 0 1 0 1 1 1 0 0 0 1 0 1 0 0 1 0 0 1 1 1 0 1 0 1 0 1 1 0 1 0 0 1 0 1 1 1 0 0 1 1
10	2	0 1 1 1 0 0 1 0 1 1 0 1 0 1 1 1 0 0 0 1 0 1 0 0 1 0 0 1 1 1 0 1 0 1 0 1 1 0 1 0 0 0 0 1 1 0 0 0 1 1
10	28	0 1 1 1 0 0 1 0 1 1 0 1 0 1 1 1 0 0 0 1 0 1 0 0 1 0 0 1 1 1 0 1 0 1 0 1 1 0 1 0 0 1 0 1 1 0 0 0 1 1
10	16	1 0 0 0 0 1 1 0 0 0 0 0 0 1 0 0 1 1 1 1 0 1 0 0 1 0 1 1 0 1 0 1 1 0 1 1 1 1 1 0 1 1 0 0 1 0 0 1 0 1
10	18	0 0 1 0 0 1 0 0 1 1 0 1 1 0 1 1 1 1 0 1 0 1 1 1 0 0 1 0 1 1 1 0 0 1 0 0 1 1 0 1 0 0 1 1 0 1 1 1 1 0
10	18	1 1 0 0 0 1 0 1 0 0 0 1 1 0 1 0 0 1 1 1 0 1 1 0 0 0 0 1 0 0 1 0 0 1 1 1 1 0 1 1 0 0 1 0 0 1 0 1 1 0
20	4	1 1 0 0 0 1 1 1 1 0 0 0 1 1 1 0 0 0 0 0 1 0 1 1 1 1 0 1 1 1 0 0 1 1 0 0 1 1 0 0 0 1 0 0 1 0 0 0 1 1
20	2	0 1 1 0 0 1 1 1 1 0 0 0 1 1 1 0 0 0 0 0 1 0 1 1 1 1 0 1 1 1 0 0 1 1 0 0 1 1 0 0 0 1 0 0 1 0 0 0 1 1
20	1	0 1 0 0 0 1 1 1 1 0 0 0 1 0 1 0 0 0 0 0 1 0 1 1 1 1 0 1 1 1 0 0 1 1 0 0 1 1 0 0 0 1 0 0 1 0 0 0 1 1
20	1	0 1 0 0 0 1 1 1 1 0 0 0 1 1 1 0 0 0 0 0 1 0 1 1 1 1 0 1 1 1 0 0 1 1 0 1 1 1 0 0 0 1 0 0 1 0 0 0 1 1
20	1	0 1 0 0 0 1 0 1 1 0 0 0 1 1 1 0 0 0 0 0 1 0 1 1 1 1 0 1 1 1 0 0 1 1 0 0 1 1 0 0 0 1 0 0 1 0 0 0 1 1
20	17	0 1 0 0 0 1 1 1 1 0 0 0 1 1 1 0 0 0 0 0 1 0 1 1 1 1 0 1 1 1 0 0 1 1 0 0 1 1 0 0 0 1 0 0 1 0 0 0 1 1
20	2	0 1 1 1 0 0 1 0 1 1 0 1 0 1 1 1 0 0 0 1 0 1 0 0 1 1 0 1 1 1 0 1 0 1 0 1 1 0 1 0 0 1 0 0 1 0 0 0 1 1
20	1	0 1 1 1 0 0 1 0 1 1 0 1 0 1 1 1 0 0 0 1 0 1 0 0 1 0 0 1 1 1 0 1 0 1 0 1 1 0 1 0 0 1 0 0 0 0 0 0 1 1
20	5	0 1 1 1 0 0 1 0 1 1 0 1 0 1 1 1 0 0 0 1 0 1 0 0 1 0 0 1 1 1 0 1 0 1 0 1 1 0 1 0 0 1 0 0 1 0 0 0 1 1
20	1	0 1 1 1 0 0 1 0 1 1 0 1 0 1 1 1 0 0 0 1 0 1 0 0 1 0 0 1 1 1 0 1 0 1 0 1 1 1 1 0 0 1 0 1 1 0 0 0 1 1
20	16	0 1 1 1 0 0 1 0 1 1 0 1 0 1 1 1 0 0 0 1 0 1 0 0 1 0 0 1 1 1 0 1 0 1 0 1 1 0 1 0 0 1 0 1 1 0 0 0 1 1
20	1	1 0 0 1 0 1 1 0 0 0 0 0 0 1 0 0 1 1 1 1 0 1 0 0 1 0 1 1 0 1 0 1 1 0 1 1 1 1 1 0 1 1 0 0 1 0 0 1 0 1
20	1	1 0 0 0 0 1 1 0 0 0 0 0 0 1 0 0 1 1 1 1 0 1 0 0 1 0 1 1 0 1 0 1 1 0 0 1 1 1 1 0 1 1 0 0 1 0 0 1 0 1
20	12	1 0 0 0 0 1 1 0 0 0 0 0 0 1 0 0 1 1 1 1 0 1 0 0 1 0 1 1 0 1 0 1 1 0 1 1 1 1 1 0 1 1 0 0 1 0 0 1 0 1
20	17	0 0 1 0 0 1 0 0 1 1 0 1 1 0 1 1 1 1 0 1 0 1 1 1 0 0 1 0 1 1 1 0 0 1 0 0 1 1 0 1 0 0 1 1 0 1 1 1 1 0
20	3	1 1 0 0 0 1 0 1 0 0 0 1 1 0 1 1 0 1 1 1 0 1 1 0 0 0 0 1 0 0 1 0 0 1 1 1 1 0 1 1 0 0 1 0 0 1 0 1 1 0
20	15	1 1 0 0 0 1 0 1 0 0 0 1 1 0 1 0 0 1 1 1 0 1 1 0 0 0 0 1 0 0 1 0 0 1 1 1 1 0 1 1 0 0 1 0 0 1 0 1 1 0
30	8	1 1 0 1 0 1 1 1 1 0 0 0 1 1 1 0 0 0 0 0 1 0 1 1 1 1 0 1 1 1 0 0 1 1 0 0 1 1 0 0 0 1 0 0 1 0 0 0 1 1
30	1	1 1 0 0 0 1 1 1 1 1 0 0 1 1 1 0 0 0 0 0 1 0 1 1 1 1 0 1 1 1 0 0 1 1 0 0 1 1 0 0 0 1 0 0 1 0 0 0 1 1
30	15	1 1 0 0 0 1 1 1 1 0 0 0 1 1 1 0 0 0 0 0 1 0 1 1 1 1 0 1 1 1 0 0 1 1 0 0 1 1 0 0 0 1 0 0 1 0 0 0 1 1
30	1	0 1 1 0 0 1 1 1 1 0 0 0 1 1 1 0 0 0 0 0 1 0 1 1 1 1 0 1 1 1 0 0 1 1 0 0 1 1 0 0 0 1 0 0 1 0 0 0 1 1
30	1	0 1 0 0 0 1 1 1 1 0 0 0 1 0 1 0 0 0 0 0 1 0 1 1 1 0 0 1 1 1 0 0 1 1 0 0 1 1 0 0 0 1 0 0 1 0 0 0 1 1
30	1	0 1 0 0 0 1 1 1 1 0 0 0 1 1 1 0 0 0 0 0 1 0 1 1 1 1 0 1 1 1 0 0 1 1 0 1 1 1 0 0 0 1 0 0 1 0 0 0 1 1
30	1	0 1 0 0 0 1 0 1 1 0 0 0 1 1 1 0 0 0 0 0 1 0 1 1 1 1 0 1 1 1 0 0 1 1 0 0 1 1 0 0 0 1 0 0 1 0 0 0 1 1
30	8	0 1 0 0 0 1 1 1 1 0 0 0 1 1 1 0 0 0 0 0 1 0 1 1 1 1 0 1 1 1 0 0 1 1 0 0 1 1 0 0 0 1 0 0 1 0 0 0 1 1
30	1	0 1 1 1 0 0 1 0 1 1 0 1 0 1 0 1 0 0 0 1 0 1 0 0 1 0 0 1 1 1 0 1 0 1 0 1 1 0 1 0 0 1 0 0 1 0 0 0 1 1
30	1	0 1 1 1 0 0 1 0 1 1 0 1 0 1 0 1 0 0 0 1 0 1 0 0 1 1 0 1 1 1 0 1 0 1 0 1 1 0 1 0 0 1 0 0 1 0 0 0 1 1
30	3	0 1 1 1 0 0 1 0 1 1 0 1 0 1 1 1 0 0 0 1 0 1 0 0 1 1 0 1 1 1 0 1 0 1 0 1 1 0 1 0 0 1 0 0 1 0 0 0 1 1
30	13	0 1 1 1 0 0 1 0 1 1 0 1 0 1 1 1 0 0 0 1 0 1 0 0 1 0 0 1 1 1 0 1 0 1 0 1 1 0 1 0 0 1 0 0 1 0 0 0 1 1
30	2	0 1 1 1 0 0 1 0 1 1 0 1 0 1 1 1 0 0 0 1 0 1 0 0 1 0 0 1 1 1 0 1 0 1 0 1 1 1 1 0 0 1 0 1 1 0 0 0 1 1
30	2	0 1 1 1 0 0 1 0 1 1 0 1 0 1 1 1 0 0 0 1 0 1 0 0 1 0 0 1 1 1 1 1 0 1 0 1 1 0 1 0 0 1 0 1 1 0 0 0 1 1
30	10	0 1 1 1 0 0 1 0 1 1 0 1 0 1 1 1 0 0 0 1 0 1 0 0 1 0 0 1 1 1 0 1 0 1 0 1 1 0 1 0 0 1 0 1 1 0 0 0 1 1
30	1	1 0 0 0 0 1 1 0 0 0 0 0 0 1 0 0 1 1 1 1 0 1 0 0 1 0 1 1 0 1 0 1 1 0 1 1 1 1 1 0 1 1 0 0 0 0 0 1 0 1
30	2	1 0 0 0 0 1 1 0 0 1 0 0 0 1 0 0 1 1 1 1 0 1 0 0 1 0 1 1 0 1 0 1 1 0 1 1 1 1 1 0 1 1 0 0 1 0 0 1 0 1
30	17	1 0 0 0 0 1 1 0 0 0 0 0 0 1 0 0 1 1 1 1 0 1 0 0 1 0 1 1 0 1 0 1 1 0 1 1 1 1 1 0 1 1 0 0 1 0 0 1 0 1
30	8	0 0 1 0 0 1 0 0 1 1 0 1 1 0 1 1 1 1 0 1 0 1 1 1 0 0 1 0 1 1 1 0 0 1 0 0 1 1 0 1 0 0 1 1 0 1 1 1 1 0
30	1	1 1 0 0 0 1 0 1 0 0 0 1 1 0 1 0 0 1 1 1 0 1 1 0 0 0 0 1 0 0 1 0 0 1 1 0 1 0 1 1 0 0 1 0 0 1 0 1 1 0
30	3	1 1 0 0 0 1 0 1 0 0 0 1 1 0 1 0 0 1 1 1 0 1 1 0 0 0 0 1 0 0 1 0 0 1 1 1 1 0 1 1 0 0 1 0 0 1 0 1 1 0
40	2	1 1 0 1 0 1 1 1 1 0 0 0 1 1 1 0 0 0 0 0 1 0 1 1 1 0 0 1 1 1 0 0 1 1 0 0 1 1 0 0 0 1 0 0 1 0 0 0 1 1
40	18	1 1 0 1 0 1 1 1 1 0 0 0 1 1 1 0 0 0 0 0 1 0 1 1 1 1 0 1 1 1 0 0 1 1 0 0 1 1 0 0 0 1 0 0 1 0 0 0 1 1
40	16	1 1 0 0 0 1 1 1 1 0 0 0 1 1 1 0 0 0 0 0 1 0 1 1 1 1 0 1 1 1 0 0 1 1 0 0 1 1 0 0 0 1 0 0 1 0 0 0 1 1
40	1	0 1 0 0 0 1 1 1 1 0 0 0 1 0 1 0 0 0 0 0 1 0 1 1 1 0 0 1 1 1 0 0 1 1 0 0 1 1 0 0 0 1 0 0 1 0 0 0 1 1
40	1	0 1 0 0 0 1 1 1 1 0 0 0 1 0 1 0 0 0 0 0 1 0 1 1 1 1 0 1 1 1 0 0 1 1 0 0 1 1 0 0 0 1 0 0 1 0 0 0 1 1
40	1	0 1 0 0 0 1 1 1 1 0 0 0 1 1 1 0 0 0 0 0 1 0 1 1 1 1 0 1 1 1 0 0 1 1 0 1 1 1 0 0 0 1 0 0 1 0 0 0 1 1
40	1	0 1 0 0 0 1 1 1 1 0 0 0 1 1 1 0 0 0 0 0 1 0 1 1 1 1 0 1 1 1 0 0 1 1 0 0 1 0 0 0 0 1 0 0 1 0 0 0 1 1
40	2	0 1 0 0 0 1 1 1 1 0 0 0 1 1 1 0 0 0 0 0 1 0 1 1 1 1 0 1 1 1 0 0 1 1 0 0 1 1 0 0 0 1 0 0 1 0 0 0 1 1
40	1	0 1 1 1 0 0 1 0 1 1 0 1 0 1 0 1 0 0 0 1 0 1 0 0 1 0 0 1 0 1 0 1 0 1 0 1 1 0 1 0 0 1 0 0 1 0 0 0 1 1
40	3	0 1 1 1 0 0 1 0 1 1 0 1 0 1 0 1 0 0 0 1 0 1 0 0 1 0 0 1 1 1 0 1 0 1 0 1 1 0 1 0 0 1 0 0 1 0 0 0 1 1
40	3	0 1 1 1 0 0 1 0 1 1 0 1 0 1 1 1 0 0 0 1 0 1 0 0 1 1 0 1 1 1 0 1 0 1 0 1 1 0 1 0 0 1 0 0 1 0 0 0 1 1
40	2	0 1 1 1 0 0 1 0 1 1 0 1 0 1 0 1 0 0 0 1 0 1 0 0 1 1 0 1 1 1 0 1 0 1 0 1 1 0 1 0 0 1 0 0 1 0 0 0 1 1
40	2	0 1 1 1 0 0 1 0 1 1 0 1 0 0 1 1 0 0 0 1 0 1 0 0 1 0 0 1 1 1 0 1 0 1 0 1 1 0 1 0 0 1 0 0 1 0 0 0 1 1
40	21	0 1 1 1 0 0 1 0 1 1 0 1 0 1 1 1 0 0 0 1 0 1 0 0 1 0 0 1 1 1 0 1 0 1 0 1 1 0 1 0 0 1 0 0 1 0 0 0 1 1
40	12	0 1 1 1 0 0 1 0 1 1 0 1 0 1 1 1 0 0 0 1 0 1 0 0 1 0 0 1 1 1 0 1 0 1 0 1 1 0 1 0 0 1 0 1 1 0 0 0 1 1
40	5	0 1 1 1 0 0 1 0 1 1 0 1 0 1 1 1 0 0 0 1 0 1 0 0 1 0 0 1 1 1 0 1 0 1 0 1 1 1 1 0 0 1 0 1 1 0 0 0 1 1
40	1	1 0 0 0 0 1 1 0 0 0 0 0 0 1 0 0 1 1 1 1 0 1 0 0 1 0 1 1 0 1 0 1 1 0 1 1 1 1 1 0 1 1 0 0 1 0 0 1 0 1
40	1	0 0 1 0 0 1 0 0 1 1 0 1 1 0 1 1 1 1 0 1 0 1 1 1 0 0 1 0 1 1 1 0 0 1 0 1 1 1 0 1 0 0 1 1 0 1 1 1 1 0
40	4	0 0 1 0 0 1 0 0 1 1 0 1 1 0 1 1 1 1 0 1 0 1 1 1 0 0 1 0 1 1 1 0 0 1 0 0 1 1 0 1 0 0 1 1 0 1 1 1 1 0
40	3	1 1 0 0 0 1 0 1 0 0 0 1 1 0 1 0 0 1 1 1 0 1 1 0 0 0 0 1 0 0 1 0 0 1 1 1 1 0 1 1 0 0 1 0 0 1 0 1 1 0
50	9	1 1 0 1 0 1 1 1 1 0 0 0 1 1 1 0 0 0 0 0 1 0 1 1 1 1 0 1 1 1 0 0 1 1 0 0 1 1 0 0 0 1 0 0 1 0 0 0 1 0
50	1	1 1 0 1 0 1 1 1 1 0 0 0 1 1 1 0 0 0 0 0 1 0 1 1 1 1 0 1 1 1 0 0 1 1 0 0 1 1 0 0 0 0 0 0 1 0 0 0 1 1
50	43	1 1 0 1 0 1 1 1 1 0 0 0 1 1 1 0 0 0 0 0 1 0 1 1 1 1 0 1 1 1 0 0 1 1 0 0 1 1 0 0 0 1 0 0 1 0 0 0 1 1
50	2	1 1 0 0 0 1 1 1 1 0 0 0 0 1 1 0 0 0 0 0 1 0 1 1 1 1 0 1 1 1 0 0 1 1 0 0 1 1 0 0 0 1 0 0 1 0 0 0 1 1
50	6	1 1 0 0 0 1 1 1 1 0 0 0 1 1 1 0 0 0 0 0 1 0 1 1 1 1 0 1 1 1 0 0 1 1 0 0 1 1 0 0 0 1 0 0 1 0 0 0 1 1
50	1	0 1 1 1 0 0 1 0 1 1 0 1 0 1 0 1 0 0 0 1 0 1 0 0 1 0 0 1 0 1 0 1 0 1 0 1 1 0 1 0 0 1 0 0 1 0 0 0 1 1
50	2	0 1 1 1 0 0 1 0 1 1 0 1 0 1 0 1 0 0 0 1 0 1 0 0 1 0 0 1 1 1 0 1 0 1 0 1 1 0 1 0 0 1 0 0 1 0 0 0 1 1
50	9	0 1 1 1 0 0 1 0 1 1 0 1 0 1 1 1 0 0 0 1 0 1 0 0 1 1 0 1 1 1 0 1 0 1 0 1 1 0 1 0 0 1 0 0 1 0 0 0 1 1
50	2	0 1 1 1 0 0 1 0 1 1 0 1 0 1 0 1 0 0 0 1 0 1 0 0 1 1 0 1 1 1 0 1 0 1 0 1 1 0 1 0 0 1 0 0 1 0 0 0 1 1
50	1	0 1 1 1 0 0 1 0 1 1 0 1 0 0 1 1 0 0 0 1 0 1 0 0 1 0 0 1 1 1 0 1 0 1 0 1 1 0 1 0 0 1 0 0 1 0 0 0 1 1
50	1	0 1 1 1 0 0 1 0 1 1 0 1 0 1 1 1 0 0 0 1 0 1 0 0 1 0 0 1 1 1 0 1 0 1 0 1 1 0 0 0 0 1 0 0 1 0 0 0 1 1
50	21	0 1 1 1 0 0 1 0 1 1 0 1 0 1 1 1 0 0 0 1 0 1 0 0 1 0 0 1 1 1 0 1 0 1 0 1 1 0 1 0 0 1 0 0 1 0 0 0 1 1
50	1	0 1 1 1 0 0 1 0 1 1 0 1 0 1 1 1 0 0 0 1 0 1 0 0 1 0 0 1 1 1 0 1 0 1 0 1 1 1 1 0 0 1 0 1 1 0 0 0 1 1
50	1	1 1 0 0 0 1 0 1 0 0 0 1 1 0 1 0 0 1 1 1 0 1 1 0 0 0 0 1 0 0 1 0 0 1 1 1 1 0 1 1 0 0 1 0 0 1 0 1 1 0
60	1	1 1 0 1 0 1 1 1 1 0 0 0 1 1 1 0 0 0 0 0 1 0 1 1 1 1 0 1 0 1 0 0 1 1 0 0 1 1 0 0 0 1 0 0 1 0 0 0 1 0
60	5	1 1 0 1 0 1 1 1 1 0 0 0 1 1 1 0 0 0 0 0 1 0 1 1 1 1 0 1 1 1 0 0 1 1 0 0 1 1 0 0 0 1 0 0 1 0 0 0 1 0
60	1	1 1 0 1 0 1 1 1 1 0 0 0 1 1 1 0 0 0 0 0 1 0 1 1 1 0 0 1 1 1 0 0 1 1 0 0 1 1 0 0 0 1 0 0 1 0 0 0 1 1
60	1	1 1 0 1 0 1 1 1 1 0 0 0 0 1 1 0 0 0 0 0 1 0 1 1 1 0 0 1 1 1 0 0 1 1 0 0 1 1 0 0 0 1 0 0 1 0 0 0 1 1
60	9	1 1 0 1 0 1 1 1 1 0 0 0 0 1 1 0 0 0 0 0 1 0 1 1 1 1 0 1 1 1 0 0 1 1 0 0 1 1 0 0 0 1 0 0 1 0 0 0 1 1
60	1	1 1 0 1 0 1 1 1 1 0 0 0 1 1 1 0 0 0 0 0 1 0 1 1 1 1 0 1 1 1 0 0 1 1 0 0 1 1 0 1 0 1 0 0 1 0 0 0 1 1
60	1	1 1 0 1 0 1 1 1 1 0 0 0 1 0 1 0 0 0 0 0 1 0 1 1 1 1 0 1 1 1 0 0 1 1 0 0 1 1 0 0 0 1 0 0 1 0 0 0 1 1
60	49	1 1 0 1 0 1 1 1 1 0 0 0 1 1 1 0 0 0 0 0 1 0 1 1 1 1 0 1 1 1 0 0 1 1 0 0 1 1 0 0 0 1 0 0 1 0 0 0 1 1
60	8	1 1 0 0 0 1 1 1 1 0 0 0 1 1 1 0 0 0 0 0 1 0 1 1 1 1 0 1 1 1 0 0 1 1 0 0 1 1 0 0 0 1 0 0 1 0 0 0 1 1
60	1	0 1 1 1 0 0 1 0 1 1 0 1 0 1 0 1 0 0 0 1 0 1 0 0 1 0 0 1 0 1 0 1 0 1 0 1 1 0 1 0 0 1 0 0 1 0 0 0 1 1
60	1	0 1 1 1 0 0 1 0 1 1 0 1 0 1 0 1 0 0 0 1 0 1 0 0 1 0 0 1 1 1 0 1 0 1 0 1 1 0 1 0 0 1 0 0 1 0 0 0 1 1
60	3	0 1 1 1 0 0 1 0 1 1 0 1 0 1 1 1 0 0 0 1 0 1 0 0 1 1 0 1 1 1 0 1 0 1 0 1 1 0 1 0 0 1 0 0 1 0 0 0 1 1
60	2	0 1 1 1 0 0 1 0 1 1 0 1 0 0 1 1 0 0 0 1 0 1 0 0 1 0 0 1 1 1 0 1 0 1 0 1 1 0 1 0 0 1 0 0 1 0 0 0 1 1
60	1	0 1 1 1 0 0 1 0 1 1 0 1 0 1 1 1 0 0 0 1 0 1 0 0 1 0 0 1 1 1 0 1 0 1 0 0 1 0 1 0 0 1 0 0 1 0 0 0 1 1
60	2	0 1 1 1 0 0 1 0 1 1 0 1 0 1 1 1 0 0 0 1 0 1 0 0 1 0 0 1 1 1 0 1 0 1 0 1 1 0 1 0 0 1 0 0 1 0 0 0 0 1
60	1	0 1 1 1 0 0 1 0 1 1 0 1 0 1 1 1 0 0 0 1 1 1 0 0 1 0 0 1 1 1 0 1 0 1 0 1 1 0 1 0 0 1 0 0 1 0 0 0 1 1
60	13	0 1 1 1 0 0 1 0 1 1 0 1 0 1 1 1 0 0 0 1 0 1 0 0 1 0 0 1 1 1 0 1 0 1 0 1 1 0 1 0 0 1 0 0 1 0 0 0 1 1
70	1	1 1 0 1 0 1 1 1 1 0 0 0 1 1 1 0 0 0 0 0 1 0 1 1 1 1 0 1 0 1 0 0 1 1 0 0 1 1 0 0 0 1 0 0 0 0 0 0 1 0
70	6	1 1 0 1 0 1 1 1 1 0 0 0 1 1 1 0 0 0 0 0 1 0 1 1 1 1 0 1 0 1 0 0 1 1 0 0 1 1 0 0 0 1 0 0 1 0 0 0 1 0
70	1	1 1 0 1 0 1 1 1 1 0 0 0 1 1 1 1 0 0 0 0 1 0 1 1 1 1 0 1 1 1 0 0 1 1 0 0 1 1 0 0 0 1 0 0 1 0 0 0 1 0
70	1	1 1 0 1 0 1 1 1 1 0 0 0 1 1 1 0 0 0 0 0 1 0 1 1 1 1 0 1 1 1 0 0 1 1 0 0 0 1 0 0 0 1 0 0 1 0 0 0 1 0
70	17	1 1 0 1 0 1 1 1 1 0 0 0 1 1 1 0 0 0 0 0 1 0 1 1 1 1 0 1 1 1 0 0 1 1 0 0 1 1 0 0 0 1 0 0 1 0 0 0 1 0
70	4	1 1 0 1 0 1 1 1 1 0 0 0 0 1 1 0 0 0 0 0 1 0 1 1 1 1 0 1 1 1 0 0 1 1 0 0 1 1 0 0 0 1 0 0 1 0 0 0 1 1
70	1	1 1 0 1 1 1 1 1 1 0 0 0 1 1 1 0 0 0 0 0 1 0 1 1 1 1 0 1 1 1 0 0 1 1 0 0 1 1 0 0 0 1 0 0 1 0 0 0 1 1
70	1	1 1 0 1 0 1 1 1 1 0 0 0 1 1 1 0 0 1 0 0 1 0 1 1 1 1 0 1 1 1 0 0 1 1 0 0 1 1 0 0 0 1 0 0 1 0 0 0 1 1
70	1	1 1 0 1 0 1 1 1 1 0 0 0 1 1 1 0 0 0 0 0 1 0 1 1 1 1 0 1 1 1 0 0 1 1 0 0 1 0 0 0 0 1 0 0 1 0 0 0 1 1
70	2	1 1 0 0 0 1 1 1 1 0 0 0 1 1 1 0 0 0 0 0 1 0 1 1 1 1 0 1 1 1 0 0 1 1 0 0 1 1 0 0 0 1 0 0 1 0 0 0 1 1
70	52	1 1 0 1 0 1 1 1 1 0 0 0 1 1 1 0 0 0 0 0 1 0 1 1 1 1 0 1 1 1 0 0 1 1 0 0 1 1 0 0 0 1 0 0 1 0 0 0 1 1
70	2	1 1 0 0 0 1 1 1 1 0 0 1 1 1 1 0 0 0 0 0 1 0 1 1 1 1 0 1 1 1 0 0 1 1 0 0 1 1 0 0 0 1 0 0 1 0 0 0 1 1
70	1	1 1 1 0 0 1 1 1 1 0 0 0 1 1 1 0 0 0 0 0 1 0 1 1 1 1 0 1 1 1 0 0 1 1 0 0 1 1 0 0 0 1 0 0 1 0 0 0 1 1
70	1	0 1 1 1 0 0 1 0 1 1 0 1 0 1 1 1 0 0 0 1 0 1 0 0 1 1 0 1 1 1 0 1 0 1 0 1 1 0 1 0 0 1 0 0 1 0 0 0 1 1
70	2	0 1 1 1 0 0 1 0 1 1 0 1 0 0 1 1 0 0 0 1 0 1 0 0 1 0 0 1 1 1 0 1 0 1 0 1 1 0 1 0 0 1 0 0 1 0 0 0 1 1
70	2	0 1 1 1 0 0 1 0 1 1 0 1 0 1 1 1 0 0 0 1 0 1 0 0 1 0 0 1 1 1 0 1 0 1 0 1 1 0 1 0 0 1 0 0 1 0 0 0 0 1
70	5	0 1 1 1 0 0 1 0 1 1 0 1 0 1 1 1 0 0 0 1 0 1 0 0 1 0 0 1 1 1 0 1 0 1 0 1 1 0 1 0 0 1 0 0 1 0 0 0 1 1
80	2	1 1 0 1 0 1 1 1 1 0 0 0 1 1 1 0 0 0 0 0 1 0 1 1 1 1 0 1 0 1 0 0 1 1 0 0 1 1 0 0 0 1 0 0 0 0 0 0 1 0
80	14	1 1 0 1 0 1 1 1 1 0 0 0 1 1 1 0 0 0 0 0 1 0 1 1 1 1 0 1 0 1 0 0 1 1 0 0 1 1 0 0 0 1 0 0 1 0 0 0 1 0
80	7	1 1 0 1 0 1 1 1 1 0 0 0 1 1 1 1 0 0 0 0 1 0 1 1 1 1 0 1 1 1 0 0 1 1 0 0 1 1 0 0 0 1 0 0 1 0 0 0 1 0
80	1	1 1 0 1 0 1 1 1 1 0 0 0 1 1 1 0 0 0 0 0 1 0 1 1 1 0 0 1 1 1 0 0 1 1 0 0 1 1 0 0 0 1 0 0 1 0 0 0 1 0
80	1	1 1 0 1 0 1 1 1 1 0 0 0 1 1 1 0 0 0 0 0 1 0 1 1 1 1 0 1 1 1 0 0 1 1 0 0 1 1 0 0 0 1 0 0 0 0 0 0 1 0
80	23	1 1 0 1 0 1 1 1 1 0 0 0 1 1 1 0 0 0 0 0 1 0 1 1 1 1 0 1 1 1 0 0 1 1 0 0 1 1 0 0 0 1 0 0 1 0 0 0 1 0
80	4	1 1 0 1 0 1 1 1 1 0 0 0 0 1 1 0 0 0 0 0 1 0 1 1 1 1 0 1 1 1 0 0 1 1 0 0 1 1 0 0 0 1 0 0 1 0 0 0 1 1
80	1	1 1 0 1 0 1 1 1 1 1 0 0 1 1 1 0 0 0 0 0 1 0 1 1 1 1 0 1 1 1 0 0 1 1 0 0 1 1 0 0 0 1 0 0 1 0 0 0 1 1
80	1	1 1 0 1 0 1 1 1 1 0 0 0 1 1 1 0 0 0 0 0 1 0 1 1 1 1 0 1 1 1 0 0 1 1 0 0 1 0 0 0 0 1 0 0 1 0 0 0 1 1
80	1	1 1 0 1 0 1 1 1 1 0 0 0 1 1 1 0 0 0 0 0 1 0 1 1 1 1 0 1 1 1 0 0 1 1 0 0 1 1 0 1 0 1 0 0 1 0 0 0 1 1
80	1	1 1 0 1 0 1 1 1 1 0 0 0 1 1 1 0 0 0 0 0 1 0 0 1 1 1 0 1 1 1 0 0 1 1 0 0 1 1 0 0 0 1 0 0 1 0 0 0 1 1
80	36	1 1 0 1 0 1 1 1 1 0 0 0 1 1 1 0 0 0 0 0 1 0 1 1 1 1 0 1 1 1 0 0 1 1 0 0 1 1 0 0 0 1 0 0 1 0 0 0 1 1
80	1	0 1 1 1 0 0 1 0 1 1 0 1 0 1 1 1 0 0 0 1 0 1 0 0 1 1 0 1 1 1 0 1 0 1 0 1 1 0 1 0 0 1 0 0 1 0 0 0 1 1
80	7	0 1 1 1 0 0 1 0 1 1 0 1 0 1 1 1 0 0 0 1 0 1 0 0 1 0 0 1 1 1 0 1 0 1 0 1 1 0 1 0 0 1 0 0 1 0 0 0 0 1
90	5	1 1 0 1 0 1 1 1 1 0 0 0 1 1 1 0 0 0 0 0 1 0 1 1 1 1 0 1 0 1 0 0 1 1 0 0 1 1 0 0 0 1 0 0 0 0 0 0 1 0
90	1	1 1 0 1 0 1 1 1 1 0 0 0 1 1 1 0 0 0 0 0 1 0 1 1 1 1 0 1 0 1 0 0 1 1 0 0 1 0 0 0 0 1 0 0 1 0 0 0 1 0
90	1	1 1 0 1 0 1 1 1 1 0 0 0 1 1 1 0 0 0 0 0 1 0 1 1 1 1 0 1 0 1 0 0 1 1 0 0 1 1 0 0 0 0 0 0 1 0 0 0 1 0
90	19	1 1 0 1 0 1 1 1 1 0 0 0 1 1 1 0 0 0 0 0 1 0 1 1 1 1 0 1 0 1 0 0 1 1 0 0 1 1 0 0 0 1 0 0 1 0 0 0 1 0
90	2	1 1 0 1 0 1 1 1 1 0 0 0 1 1 1 1 0 0 0 0 1 0 1 1 1 1 0 1 1 1 0 0 1 1 0 0 1 1 0 0 0 1 0 0 1 0 1 0 1 0
90	5	1 1 0 1 0 1 1 1 1 0 0 0 1 1 1 1 0 0 0 0 1 0 1 1 1 1 0 1 1 1 0 0 1 1 0 0 1 1 0 0 0 1 0 0 1 0 0 0 1 0
90	1	1 1 0 1 0 1 1 1 1 0 0 0 1 1 1 0 0 0 0 0 1 0 1 1 1 1 0 1 1 1 0 0 1 1 0 0 0 1 0 0 0 1 0 0 1 0 0 0 1 0
90	1	1 1 0 1 0 1 1 1 1 0 0 0 1 1 1 0 0 0 0 0 1 0 1 1 1 1 0 0 1 1 0 0 1 1 0 0 1 1 0 0 0 1 0 0 1 0 0 0 1 0
90	37	1 1 0 1 0 1 1 1 1 0 0 0 1 1 1 0 0 0 0 0 1 0 1 1 1 1 0 1 1 1 0 0 1 1 0 0 1 1 0 0 0 1 0 0 1 0 0 0 1 0
90	1	1 1 0 1 0 1 1 1 1 0 0 0 0 1 1 0 0 0 0 0 1 0 1 1 1 1 0 1 1 1 0 0 1 1 0 0 1 1 0 0 0 1 0 0 1 0 0 0 1 1
90	1	1 1 0 1 0 1 1 1 1 1 0 0 1 1 1 0 0 0 0 0 1 0 1 1 1 1 0 1 1 1 0 0 1 1 0 0 1 1 0 0 0 1 0 0 1 0 0 0 1 1
90	1	1 1 0 1 0 1 1 1 1 0 0 0 1 1 1 0 0 0 0 0 1 0 1 1 1 1 0 1 1 1 0 0 1 1 0 0 1 1 0 0 0 1 0 0 1 1 0 0 1 1
90	22	1 1 0 1 0 1 1 1 1 0 0 0 1 1 1 0 0 0 0 0 1 0 1 1 1 1 0 1 1 1 0 0 1 1 0 0 1 1 0 0 0 1 0 0 1 0 0 0 1 1
90	2	0 1 1 1 0 0 1 0 1 1 0 1 0 1 1 1 0 0 0 1 0 1 0 0 1 0 0 1 1 1 0 1 0 1 0 1 1 0 1 0 0 1 0 0 1 0 0 0 0 1
90	1	0 1 1 1 0 0 1 0 1 1 0 1 0 1 1 1 0 0 0 1 0 1 0 0 1 0 0 1 1 1 0 1 0 1 0 1 1 0 1 0 0 1 0 0 1 0 0 0 1 1
100	4	1 1 0 1 0 1 1 1 1 0 0 0 1 1 1 0 0 0 0 0 1 0 1 1 1 1 0 1 0 1 0 0 1 1 0 0 1 1 0 0 0 1 0 0 0 0 0 0 1 0
100	1	1 1 0 1 0 1 1 1 1 0 0 0 1 1 1 0 0 0 0 0 1 0 1 1 1 1 0 1 0 1 0 0 1 1 0 0 1 0 0 0 0 1 0 0 1 0 0 0 1 0
100	1	1 1 0 1 0 1 1 0 1 0 0 0 1 1 1 0 0 0 0 0 1 0 1 1 1 1 0 1 0 1 0 0 1 1 0 0 1 1 0 0 0 1 0 0 1 0 0 0 1 0
100	20	1 1 0 1 0 1 1 1 1 0 0 0 1 1 1 0 0 0 0 0 1 0 1 1 1 1 0 1 0 1 0 0 1 1 0 0 1 1 0 0 0 1 0 0 1 0 0 0 1 0
100	1	1 1 0 1 0 1 0 1 1 0 0 0 1 1 1 1 0 0 0 0 1 0 1 1 1 1 0 1 1 1 0 0 1 1 0 0 1 1 0 0 0 1 0 0 1 0 0 0 1 0
100	12	1 1 0 1 0 1 1 1 1 0 0 0 1 1 1 1 0 0 0 0 1 0 1 1 1 1 0 1 1 1 0 0 1 1 0 0 1 1 0 0 0 1 0 0 1 0 0 0 1 0
100	2	1 1 0 1 0 1 1 1 1 0 0 0 1 1 1 0 0 0 0 0 1 0 1 1 1 1 0 1 1 1 0 0 1 1 0 0 0 1 0 0 0 1 0 0 1 0 0 0 1 0
100	41	1 1 0 1 0 1 1 1 1 0 0 0 1 1 1 0 0 0 0 0 1 0 1 1 1 1 0 1 1 1 0 0 1 1 0 0 1 1 0 0 0 1 0 0 1 0 0 0 1 0
100	1	1 1 0 1 0 1 1 1 1 1 0 0 1 1 1 0 0 0 0 0 1 0 1 1 1 1 0 1 1 0 0 0 1 1 0 0 1 1 0 0 0 1 0 0 1 0 0 0 1 1
100	4	1 1 0 1 0 1 1 1 1 1 0 0 1 1 1 0 0 0 0 0 1 0 1 1 1 1 0 1 1 1 0 0 1 1 0 0 1 1 0 0 0 1 0 0 1 0 0 0 1 1
100	1	1 1 0 1 0 1 1 1 1 0 0 0 1 1 1 0 0 0 0 1 1 0 1 1 1 1 0 1 1 1 0 0 1 1 0 0 1 1 0 0 0 1 0 0 1 0 0 0 1 1
100	8	1 1 0 1 0 1 1 1 1 0 0 0 1 1 1 0 0 0 0 0 1 0 1 1 1 1 0 1 1 1 0 0 1 1 0 0 1 1 0 0 0 1 0 0 1 0 0 0 1 1
100	1	0 1 1 1 0 0 1 0 1 1 0 1 0 1 1 1 0 0 0 1 0 1 0 0 1 0 0 1 1 1 0 1 0 1 0 1 1 0 1 0 0 1 0 0 1 0 0 0 0 1
100	3	0 1 1 1 0 0 1 0 1 1 0 1 0 1 1 1 0 0 0 1 0 1 0 0 1 0 0 1 1 1 0 1 0 1 0 1 1 0 1 0 0 1 0 0 1 0 0 0 1 1
110	2	1 1 0 1 0 1 1 1 1 0 0 0 1 1 0 0 0 0 0 0 1 0 1 1 1 1 0 1 0 1 0 0 1 1 0 0 1 1 0 0 0 1 0 0 0 0 0 0 1 0
110	1	1 1 0 1 0 1 1 1 1 0 0 0 1 1 1 0 0 0 0 0 1 0 1 1 1 1 0 1 0 1 0 0 1 1 0 0 1 1 0 0 0 1 0 0 0 0 0 0 1 1
110	1	1 1 0 1 0 1 1 1 1 0 0 0 1 1 1 0 0 0 0 0 1 0 1 1 1 1 0 1 0 1 0 0 1 0 0 0 1 1 0 0 0 1 0 0 0 0 0 0 1 0
110	24	1 1 0 1 0 1 1 1 1 0 0 0 1 1 1 0 0 0 0 0 1 0 1 1 1 1 0 1 0 1 0 0 1 1 0 0 1 1 0 0 0 1 0 0 0 0 0 0 1 0
110	2	1 1 0 1 0 1 1 1 1 0 0 0 1 1 1 0 0 0 0 0 1 0 1 1 1 1 0 1 0 1 0 0 1 1 0 0 0 1 0 0 0 1 0 0 1 0 0 0 1 0
110	15	1 1 0 1 0 1 1 1 1 0 0 0 1 1 1 0 0 0 0 0 1 0 1 1 1 1 0 1 0 1 0 0 1 1 0 0 1 1 0 0 0 1 0 0 1 0 0 0 1 0
110	6	1 1 0 1 0 1 1 1 1 0 0 0 1 1 1 1 0 0 0 0 1 0 1 1 1 1 0 1 1 1 0 0 1 1 0 0 1 1 0 0 0 1 0 0 1 0 0 0 1 0
110	1	1 1 0 1 0 1 1 1 1 0 0 0 1 1 1 0 0 0 0 0 1 0 1 1 1 1 0 1 1 1 0 0 1 1 0 0 0 1 0 0 0 1 0 0 1 0 0 0 1 0
110	1	1 1 0 1 0 1 1 1 1 0 0 0 1 1 1 0 0 0 0 0 1 0 1 1 1 1 0 1 1 1 0 0 1 1 0 0 1 1 0 1 0 1 0 0 1 0 0 0 1 0
110	1	1 1 0 1 0 1 1 1 1 0 0 0 1 1 1 0 0 1 0 0 1 0 1 1 1 1 0 1 1 1 0 0 1 1 0 0 1 1 0 0 0 1 0 0 1 0 0 0 1 0
110	1	1 1 0 1 0 1 1 1 1 0 0 0 1 1 1 0 0 0 0 0 1 0 1 1 1 1 0 1 1 1 0 1 1 1 0 0 1 1 0 0 0 1 0 0 1 0 0 0 1 0
110	1	1 1 0 1 0 1 1 1 1 0 0 0 1 1 1 0 0 0 0 0 1 0 1 1 0 1 0 1 1 1 0 0 1 1 0 0 1 1 0 0 0 1 0 0 1 0 0 0 1 0
110	36	1 1 0 1 0 1 1 1 1 0 0 0 1 1 1 0 0 0 0 0 1 0 1 1 1 1 0 1 1 1 0 0 1 1 0 0 1 1 0 0 0 1 0 0 1 0 0 0 1 0
110	1	1 1 0 1 0 1 1 1 1 1 0 0 1 1 1 0 0 0 0 0 1 0 1 1 1 1 0 1 1 1 0 0 1 1 0 0 1 1 0 1 0 1 0 0 1 0 0 0 1 1
110	4	1 1 0 1 0 1 1 1 1 1 0 0 1 1 1 0 0 0 0 0 1 0 1 1 1 1 0 1 1 1 0 0 1 1 0 0 1 1 0 0 0 1 0 0 1 0 0 0 1 1
110	3	1 1 0 1 0 1 1 1 1 0 0 0 1 1 1 0 0 0 0 0 1 0 1 1 1 1 0 1 1 1 0 0 1 1 0 0 1 1 0 0 0 1 0 0 1 0 0 0 1 1
120	2	1 1 0 1 0 1 1 1 1 0 0 0 1 1 1 0 0 0 0 0 1 0 1 1 1 1 0 1 0 1 0 0 1 0 0 0 1 1 0 0 0 1 0 0 0 0 0 0 1 0
120	35	1 1 0 1 0 1 1 1 1 0 0 0 1 1 1 0 0 0 0 0 1 0 1 1 1 1 0 1 0 1 0 0 1 1 0 0 1 1 0 0 0 1 0 0 0 0 0 0 1 0
120	3	1 1 0 1 0 1 1 1 1 0 0 0 1 1 1 0 0 0 0 0 1 0 1 1 1 1 0 1 0 1 0 0 1 1 0 0 0 1 0 0 0 1 0 0 1 0 0 0 1 0
120	1	1 1 0 1 0 1 1 1 1 1 0 0 1 1 1 0 0 0 0 0 1 0 1 1 1 1 0 1 0 1 0 0 1 1 0 0 1 1 0 0 0 1 0 0 1 0 0 0 1 0
120	16	1 1 0 1 0 1 1 1 1 0 0 0 1 1 1 0 0 0 0 0 1 0 1 1 1 1 0 1 0 1 0 0 1 1 0 0 1 1 0 0 0 1 0 0 1 0 0 0 1 0
120	1	1 1 0 1 0 1 1 1 1 0 0 0 1 1 1 1 0 0 0 0 1 0 1 1 1 1 0 1 1 1 0 0 1 1 0 0 1 0 0 0 0 1 0 0 1 0 0 0 1 0
120	6	1 1 0 1 0 1 1 1 1 0 0 0 1 1 1 1 0 0 0 0 1 0 1 1 1 1 0 1 1 1 0 0 1 1 0 0 1 1 0 0 0 1 0 0 1 0 0 0 1 0
120	2	1 1 0 1 0 1 1 1 1 0 0 0 1 0 1 0 0 0 0 0 1 0 1 1 1 1 0 1 1 1 0 0 1 1 0 0 1 1 0 0 0 1 0 0 1 0 0 0 1 0
120	32	1 1 0 1 0 1 1 1 1 0 0 0 1 1 1 0 0 0 0 0 1 0 1 1 1 1 0 1 1 1 0 0 1 1 0 0 1 1 0 0 0 1 0 0 1 0 0 0 1 0
120	1	1 1 0 1 0 1 1 1 1 0 0 0 1 1 1 0 0 0 0 0 1 0 1 1 1 1 0 1 1 1 0 0 1 1 0 0 1 1 0 0 0 1 0 0 1 0 0 0 1 1
120	1	1 1 0 1 0 1 1 1 1 1 0 0 1 1 1 0 0 0 0 0 1 0 1 1 1 1 0 1 1 1 0 0 1 1 0 0 1 1 0 0 0 1 0 0 1 0 0 0 1 1
130	1	1 1 0 1 0 1 1 1 1 0 0 0 1 1 1 0 0 0 0 0 1 0 1 1 1 1 0 1 0 1 0 0 1 0 0 0 1 1 0 0 0 1 0 0 0 0 0 0 1 0
130	58	1 1 0 1 0 1 1 1 1 0 0 0 1 1 1 0 0 0 0 0 1 0 1 1 1 1 0 1 0 1 0 0 1 1 0 0 1 1 0 0 0 1 0 0 0 0 0 0 1 0
130	2	1 1 0 1 0 1 1 1 1 0 0 0 1 1 1 0 0 0 0 0 1 0 1 1 1 1 0 1 0 1 0 0 1 1 0 0 0 1 0 0 0 1 0 0 1 0 0 0 1 0
130	8	1 1 0 1 0 1 1 1 1 0 0 0 1 1 1 0 0 0 0 0 1 0 1 1 1 1 0 1 0 1 0 0 1 1 0 0 1 1 0 0 0 1 0 0 1 0 0 0 1 0
130	1	1 1 0 1 0 1 1 1 1 0 0 0 1 1 1 1 0 0 0 0 1 0 1 1 1 1 0 1 1 1 0 0 1 1 0 0 1 1 0 0 0 1 0 0 1 0 1 0 1 0
130	5	1 1 0 1 0 1 1 1 1 0 0 0 1 1 1 1 0 0 0 0 1 0 1 1 1 1 0 1 1 1 0 0 1 1 0 0 1 1 0 0 0 1 0 0 1 0 0 0 1 0
130	1	1 1 0 1 0 1 1 1 1 0 0 0 1 1 1 0 0 0 0 0 1 0 1 1 1 1 0 1 1 1 0 0 1 1 0 0 1 1 0 1 0 1 0 0 1 0 0 0 1 0
130	23	1 1 0 1 0 1 1 1 1 0 0 0 1 1 1 0 0 0 0 0 1 0 1 1 1 1 0 1 1 1 0 0 1 1 0 0 1 1 0 0 0 1 0 0 1 0 0 0 1 0
130	1	1 1 0 1 0 1 1 1 1 1 0 0 1 1 1 0 0 0 0 0 1 0 1 1 1 1 0 1 1 1 0 0 1 1 0 0 1 1 0 1 0 1 0 0 1 0 0 0 1 1
140	2	1 1 0 1 0 1 1 1 1 0 0 0 1 1 1 0 0 0 0 0 1 0 1 1 1 1 0 1 0 1 0 0 1 0 0 0 1 1 0 0 0 1 0 0 0 0 0 0 1 0
140	1	1 1 0 1 0 1 1 1 1 0 0 0 1 1 1 0 0 0 0 0 1 0 1 1 1 1 0 1 0 1 0 0 1 1 0 0 1 1 0 0 0 0 0 0 0 0 0 0 1 0
140	1	1 1 0 1 0 1 1 1 1 1 0 0 1 1 1 0 0 0 0 0 1 0 1 1 1 1 0 1 0 1 0 0 1 1 0 0 1 1 0 0 0 1 0 0 0 0 0 0 1 0
140	1	1 1 0 1 0 1 1 1 1 0 0 0 1 1 1 0 0 0 0 0 1 0 1 1 1 1 0 1 0 1 0 0 1 1 0 0 1 1 0 0 0 1 0 0 0 0 0 0 1 1
140	4	1 1 0 1 0 1 1 1 1 0 0 0 1 1 1 0 0 0 0 0 1 0 0 1 1 1 0 1 0 1 0 0 1 1 0 0 1 1 0 0 0 1 0 0 0 0 0 0 1 0
140	1	1 1 0 1 0 1 1 1 1 0 0 0 1 1 1 0 0 0 0 0 0 0 1 1 1 1 0 1 0 1 0 0 1 1 0 0 1 1 0 0 0 1 0 0 0 0 0 0 1 0
140	68	1 1 0 1 0 1 1 1 1 0 0 0 1 1 1 0 0 0 0 0 1 0 1 1 1 1 0 1 0 1 0 0 1 1 0 0 1 1 0 0 0 1 0 0 0 0 0 0 1 0
140	2	1 1 0 1 0 1 1 1 1 0 0 0 1 1 1 0 0 0 0 0 1 0 1 1 1 1 0 1 0 1 0 0 1 1 0 0 0 1 0 0 0 1 0 0 1 0 0 0 1 0
140	1	1 1 0 1 0 1 1 1 1 1 0 0 1 1 1 0 0 0 0 0 1 0 1 1 1 1 0 1 0 1 0 0 1 1 0 0 1 1 0 0 0 1 0 0 1 0 0 0 1 0
140	5	1 1 0 1 0 1 1 1 1 0 0 0 1 1 1 0 0 0 0 0 1 0 1 1 1 1 0 1 0 1 0 0 1 1 0 0 1 1 0 0 0 1 0 0 1 0 0 0 1 0
140	1	1 1 0 1 0 1 1 1 1 0 0 0 1 1 1 1 0 0 0 0 1 0 1 1 1 1 0 1 1 1 0 0 1 1 0 0 1 1 0 0 0 1 0 0 1 0 0 0 1 0
140	10	1 1 0 1 0 1 1 1 1 0 0 0 1 1 1 0 0 0 0 0 1 0 1 1 1 1 0 1 1 1 0 0 1 1 0 0 1 1 0 0 0 1 0 0 1 0 0 0 1 0
140	1	1 1 0 0 0 1 1 1 1 1 0 0 1 1 1 0 0 0 0 0 1 0 1 1 1 1 0 1 1 1 0 0 1 1 0 0 1 1 0 0 0 1 0 0 1 0 0 0 1 1
140	2	1 1 0 1 0 1 1 1 1 1 0 0 1 1 1 0 0 0 0 0 1 0 1 1 1 1 0 1 1 1 0 0 1 1 0 0 1 1 0 0 0 1 0 0 1 0 0 0 1 1
150	2	1 1 0 1 0 1 1 1 1 0 0 0 1 1 1 0 0 0 0 0 1 0 1 1 1 1 0 1 0 1 0 0 1 0 0 0 1 1 0 0 0 1 0 0 0 0 0 0 1 0
150	1	1 1 0 1 0 1 1 1 1 1 0 0 1 1 1 0 0 0 0 0 1 0 1 1 1 1 0 1 0 1 0 0 1 1 0 0 1 1 0 0 0 0 0 0 0 0 0 0 1 0
150	4	1 1 0 1 0 1 1 1 1 0 0 0 1 1 1 0 0 0 0 0 1 0 1 1 1 1 0 1 0 1 0 0 1 1 0 0 1 1 0 0 0 0 0 0 0 0 0 0 1 0
150	5	1 1 0 1 0 1 1 1 1 1 0 0 1 1 1 0 0 0 0 0 1 0 1 1 1 1 0 1 0 1 0 0 1 1 0 0 1 1 0 0 0 1 0 0 0 0 0 0 1 0
150	1	1 1 0 1 0 1 1 1 1 0 0 0 1 1 1 0 0 0 0 0 1 0 1 1 1 1 0 1 0 1 0 0 1 1 0 0 1 1 0 0 0 1 0 0 0 0 0 0 1 1
150	1	1 1 0 1 0 1 1 1 1 0 0 0 1 1 1 0 0 0 0 0 1 0 0 1 1 1 0 1 0 1 0 0 1 1 0 0 1 1 0 0 0 1 0 0 0 0 0 0 1 0
150	1	1 1 0 1 0 1 1 1 1 0 0 0 1 1 1 0 0 0 0 0 1 0 1 1 1 1 0 1 0 1 0 0 0 1 0 0 1 1 0 0 0 1 0 0 0 0 0 0 1 0
150	1	1 1 1 1 0 1 1 1 1 0 0 0 1 1 1 0 0 0 0 0 1 0 1 1 1 1 0 1 0 1 0 0 1 1 0 0 1 1 0 0 0 1 0 0 0 0 0 0 1 0
150	1	1 1 0 1 0 1 1 1 1 0 0 0 1 1 1 0 0 0 0 0 1 0 1 1 1 1 0 1 0 1 1 0 1 1 0 0 1 1 0 0 0 1 0 0 0 0 0 0 1 0
150	3	1 1 0 1 0 1 1 1 1 0 0 0 1 1 1 0 0 0 0 0 1 0 1 1 1 1 0 1 0 1 0 0 1 1 0 0 1 1 0 0 0 1 0 0 1 0 0 0 1 0
150	1	1 1 0 1 0 1 1 1 1 0 0 0 1 1 1 0 0 0 1 0 1 0 1 1 1 1 0 1 0 1 0 0 1 1 0 0 1 1 0 0 0 1 0 0 0 0 0 0 1 0
150	73	1 1 0 1 0 1 1 1 1 0 0 0 1 1 1 0 0 0 0 0 1 0 1 1 1 1 0 1 0 1 0 0 1 1 0 0 1 1 0 0 0 1 0 0 0 0 0 0 1 0
150	1	1 1 0 1 0 1 1 1 1 0 0 0 1 1 1 1 0 0 0 0 1 0 1 1 1 1 0 1 1 1 0 0 1 1 0 0 1 1 0 0 0 1 0 0 1 0 0 0 1 0
150	1	1 1 0 1 0 1 1 1 1 0 0 0 1 1 1 0 0 0 0 0 1 0 1 1 1 1 0 1 1 1 0 0 1 1 1 0 1 1 0 0 0 1 0 0 1 0 0 0 1 0
150	1	1 1 0 1 0 1 1 1 1 0 0 0 1 1 1 0 0 0 1 0 1 0 1 1 1 1 0 1 1 1 0 0 1 1 0 0 1 1 0 0 0 1 0 0 1 0 0 0 1 0
150	2	1 1 0 1 0 1 1 1 1 0 0 0 1 1 1 0 0 0 0 0 1 0 1 1 1 1 0 1 1 1 0 0 1 1 0 0 1 1 0 0 0 1 0 0 1 0 0 0 1 0
150	1	1 1 0 1 0 1 1 1 1 1 0 0 1 1 1 0 0 0 0 0 1 0 1 1 1 1 0 1 1 1 0 0 1 1 0 0 1 1 0 0 0 1 0 0 1 0 0 0 1 1
160	4	1 1 0 1 0 1 1 1 1 1 0 0 1 1 1 0 0 0 0 0 1 0 1 1 1 1 0 1 0 1 0 0 1 1 0 0 1 1 0 0 0 0 0 0 0 0 0 0 1 0
160	9	1 1 0 1 0 1 1 1 1 0 0 0 1 1 1 0 0 0 0 0 1 0 1 1 1 1 0 1 0 1 0 0 1 1 0 0 1 1 0 0 0 0 0 0 0 0 0 0 1 0
160	1	1 1 1 1 0 1 1 1 1 0 0 0 1 1 1 0 0 0 0 0 1 0 1 1 1 1 0 1 0 1 0 0 1 1 0 0 1 1 0 0 0 1 0 0 0 0 0 0 1 0
160	1	1 1 0 1 0 1 1 1 1 0 0 0 1 1 1 0 0 0 0 0 1 0 1 1 1 0 0 1 0 1 0 0 1 1 0 0 1 1 0 0 0 1 0 0 0 0 0 0 1 0
160	2	1 1 0 1 0 1 1 1 1 0 0 0 1 1 1 0 0 0 0 0 1 0 1 1 1 1 0 1 0 1 0 0 1 1 0 0 1 1 0 0 0 1 0 0 1 0 0 0 1 0
160	2	1 1 0 1 0 1 1 1 1 0 1 0 1 1 1 0 0 0 0 0 1 0 1 1 1 1 0 1 0 1 0 0 1 1 0 0 1 1 0 0 0 1 0 0 0 0 0 0 1 0
160	1	1 1 0 1 1 1 1 1 1 0 0 0 1 1 1 0 0 0 0 0 1 0 1 1 1 1 0 1 0 1 0 0 1 1 0 0 1 1 0 0 0 1 0 0 0 0 0 0 1 0
160	75	1 1 0 1 0 1 1 1 1 0 0 0 1 1 1 0 0 0 0 0 1 0 1 1 1 1 0 1 0 1 0 0 1 1 0 0 1 1 0 0 0 1 0 0 0 0 0 0 1 0
160	1	1 1 0 1 0 1 1 1 1 0 0 0 1 1 1 1 0 0 0 0 1 0 1 1 1 1 0 1 1 1 0 0 1 1 0 0 1 1 0 0 0 1 0 0 1 0 0 0 1 0
160	1	1 1 0 1 0 1 1 1 1 0 0 0 1 1 1 0 0 0 0 0 1 0 1 1 1 1 0 1 1 1 0 0 1 1 0 0 1 1 0 0 0 1 0 0 1 0 0 0 1 0
160	3	1 1 0 1 0 1 1 1 1 1 0 0 1 1 1 0 0 0 0 0 1 0 1 1 1 1 0 1 1 1 0 0 1 1 0 0 1 1 0 0 0 1 0 0 1 0 0 0 1 1
170	1	1 1 0 1 0 1 1 1 1 1 0 0 1 1 0 0 0 0 0 0 1 0 1 1 1 1 0 1 0 1 0 0 1 1 0 0 1 1 0 0 0 0 0 0 0 0 0 0 1 0
170	1	1 1 0 1 0 1 1 1 1 1 0 0 1 1 1 0 0 0 0 0 1 0 1 1 1 1 0 1 0 1 0 0 1 0 0 0 1 1 0 0 0 0 0 0 0 0 0 0 1 0
170	1	1 1 0 1 0 1 1 1 1 1 0 0 1 1 1 0 0 0 0 0 1 0 1 1 1 1 0 1 0 1 0 0 1 1 0 0 1 1 0 0 0 0 1 0 0 0 0 0 1 0
170	26	1 1 0 1 0 1 1 1 1 1 0 0 1 1 1 0 0 0 0 0 1 0 1 1 1 1 0 1 0 1 0 0 1 1 0 0 1 1 0 0 0 0 0 0 0 0 0 0 1 0
170	13	1 1 0 1 0 1 1 1 1 0 0 0 1 1 1 0 0 0 0 0 1 0 1 1 1 1 0 1 0 1 0 0 1 1 0 0 1 1 0 0 0 0 0 0 0 0 0 0 1 0
170	2	1 1 0 1 0 1 1 1 1 1 0 0 1 1 1 0 0 0 0 0 1 0 1 1 1 1 0 1 0 1 0 0 1 1 0 0 1 1 0 1 0 1 0 0 0 0 0 0 1 0
170	2	1 1 0 1 0 1 1 1 1 1 0 0 1 1 1 0 0 0 0 0 1 0 1 1 1 1 0 1 0 1 0 0 1 1 0 0 1 1 0 0 0 1 0 0 0 0 0 0 1 0
170	3	1 1 0 1 0 1 1 1 1 0 0 0 1 1 1 0 0 0 0 0 1 0 1 1 1 1 0 0 0 1 0 0 1 1 0 0 1 1 0 0 0 1 0 0 0 0 0 0 1 0
170	2	1 1 0 1 1 1 1 1 1 0 0 0 1 1 1 0 0 0 0 0 1 0 1 1 1 1 0 1 0 1 0 0 1 1 0 0 1 1 0 0 0 1 0 0 0 0 0 0 1 0
170	44	1 1 0 1 0 1 1 1 1 0 0 0 1 1 1 0 0 0 0 0 1 0 1 1 1 1 0 1 0 1 0 0 1 1 0 0 1 1 0 0 0 1 0 0 0 0 0 0 1 0
170	2	1 1 0 1 0 1 1 1 1 0 0 0 1 1 1 0 0 0 0 0 1 0 1 1 1 1 0 1 0 1 0 0 1 1 0 0 1 1 0 0 0 1 0 0 0 0 0 0 0 0
170	3	1 1 0 1 0 1 1 1 1 0 0 0 1 1 1 0 0 0 0 0 1 0 1 1 1 1 0 1 1 1 0 0 1 1 0 0 1 1 0 0 0 1 0 0 1 0 0 0 1 0
180	2	1 1 0 1 0 1 1 1 1 1 0 0 1 1 1 0 0 0 0 1 1 0 1 1 1 1 0 1 0 1 0 0 1 1 0 0 1 1 0 0 0 0 0 0 0 0 0 0 1 0
180	4	1 1 0 1 0 1 1 1 1 1 0 0 1 1 1 0 0 0 0 0 1 0 1 1 1 1 1 1 0 1 0 0 1 1 0 0 1 1 0 0 0 0 0 0 0 0 0 0 1 0
180	3	1 1 0 1 0 1 1 1 1 1 0 0 1 1 1 0 0 0 0 0 1 0 1 1 1 1 0 1 0 1 0 0 1 0 0 0 1 1 0 0 0 0 0 0 0 0 0 0 1 0
180	2	1 1 0 1 0 1 1 1 1 1 0 0 1 1 1 0 0 0 0 0 1 0 1 1 1 1 0 1 0 1 0 0 1 1 0 0 1 1 0 0 0 0 1 0 0 0 0 0 1 0
180	1	1 1 0 1 0 1 1 1 1 1 0 1 1 1 1 0 0 0 0 0 1 0 1 1 1 1 0 1 0 1 0 0 1 1 0 0 1 1 0 0 0 0 0 0 0 0 0 0 1 0
180	36	1 1 0 1 0 1 1 1 1 1 0 0 1 1 1 0 0 0 0 0 1 0 1 1 1 1 0 1 0 1 0 0 1 1 0 0 1 1 0 0 0 0 0 0 0 0 0 0 1 0
180	10	1 1 0 1 0 1 1 1 1 0 0 0 1 1 1 0 0 0 0 0 1 0 1 1 1 1 0 1 0 1 0 0 1 1 0 0 1 1 0 0 0 0 0 0 0 0 0 0 1 0
180	1	1 1 0 1 0 1 1 1 1 1 0 0 1 1 1 0 0 0 0 0 1 0 1 1 1 1 0 1 0 1 0 0 1 1 0 0 1 1 0 1 0 1 0 0 0 0 0 0 1 0
180	3	1 1 0 1 0 1 1 1 1 1 0 0 1 1 1 0 0 0 0 0 1 0 1 1 1 1 0 1 0 1 0 0 1 1 0 0 1 1 0 0 0 1 0 0 0 0 0 0 1 0
180	4	1 1 0 1 1 1 1 1 1 0 0 0 1 1 1 0 0 0 0 0 1 0 1 1 1 1 0 1 0 1 0 0 1 1 0 0 1 1 0 0 0 1 0 0 0 0 0 0 1 0
180	1	1 1 0 1 0 1 1 1 1 0 0 1 1 1 1 0 0 0 0 0 1 0 1 1 1 1 0 1 0 1 0 0 1 1 0 0 1 1 0 0 0 1 0 0 0 0 0 0 1 0
180	1	1 1 0 1 0 1 1 1 1 0 0 0 0 1 1 0 0 0 0 0 0 0 1 1 1 1 0 1 0 1 0 0 1 1 0 0 1 1 0 0 0 1 0 0 0 0 0 0 1 0
180	1	1 1 0 1 0 1 1 1 1 0 0 0 1 1 1 0 0 0 0 0 1 0 1 1 1 1 0 1 0 1 0 0 1 1 0 0 1 1 0 0 0 1 0 0 0 0 0 0 0 0
180	31	1 1 0 1 0 1 1 1 1 0 0 0 1 1 1 0 0 0 0 0 1 0 1 1 1 1 0 1 0 1 0 0 1 1 0 0 1 1 0 0 0 1 0 0 0 0 0 0 1 0
190	5	1 1 0 1 0 1 1 1 1 1 0 0 1 1 1 0 0 0 0 1 1 0 1 1 1 1 0 1 0 1 0 0 1 1 0 0 1 1 0 0 0 0 0 0 0 0 0 0 1 0
190	1	1 1 0 1 0 1 1 1 1 1 0 0 1 1 1 0 0 0 0 0 1 0 1 1 0 1 0 1 0 1 0 0 1 0 0 0 1 1 0 0 0 0 0 0 0 0 0 0 1 0
190	7	1 1 0 1 0 1 1 1 1 1 0 0 1 1 1 0 0 0 0 0 1 0 1 1 1 1 0 1 0 1 0 0 1 0 0 0 1 1 0 0 0 0 0 0 0 0 0 0 1 0
190	1	1 1 0 1 0 1 1 1 1 1 0 0 1 1 1 0 0 0 0 0 1 0 1 1 1 1 0 1 0 1 0 0 1 1 0 0 1 1 0 0 0 0 1 0 0 0 0 0 1 0
190	3	1 1 0 1 0 1 1 1 1 1 0 0 1 1 1 0 0 0 0 0 1 1 1 1 1 1 0 1 0 1 0 0 1 1 0 0 1 1 0 0 0 0 0 0 0 0 0 0 1 0
190	1	1 1 0 1 0 1 1 1 1 1 0 0 1 1 1 0 0 0 0 0 1 0 1 1 0 1 0 1 0 1 0 0 1 1 0 0 1 1 0 0 0 0 0 0 0 0 0 0 1 0
190	1	1 1 0 1 0 1 1 1 1 1 0 0 1 1 1 0 0 0 0 0 1 0 1 1 1 1 0 1 0 1 0 0 1 1 0 0 1 1 0 1 0 0 0 0 0 0 0 0 1 0
190	1	1 1 0 1 0 1 1 1 1 1 0 0 1 1 1 0 0 0 0 0 1 0 1 1 1 1 0 1 0 1 0 0 1 1 0 0 1 1 0 0 1 0 0 0 0 0 0 0 1 0
190	1	1 1 0 1 0 1 1 1 1 1 0 0 1 1 1 0 0 0 0 0 1 0 1 1 1 1 0 1 0 1 0 0 1 1 0 0 1 1 0 0 0 1 0 0 0 0 0 0 1 0
190	60	1 1 0 1 0 1 1 1 1 1 0 0 1 1 1 0 0 0 0 0 1 0 1 1 1 1 0 1 0 1 0 0 1 1 0 0 1 1 0 0 0 0 0 0 0 0 0 0 1 0
190	2	1 1 0 1 0 1 1 1 1 0 0 0 1 1 1 0 0 0 0 0 1 0 1 1 1 1 0 1 0 1 0 0 1 1 0 0 1 1 0 0 0 0 0 0 0 0 0 0 1 0
190	1	1 1 0 1 1 1 1 1 1 0 0 0 1 1 1 0 1 0 0 0 1 0 1 1 1 1 0 1 0 1 0 0 1 1 0 0 1 1 0 0 0 1 0 0 0 0 0 0 1 0
190	2	1 1 0 1 1 1 1 1 1 0 0 0 1 1 1 0 0 0 0 0 1 0 1 1 1 1 0 1 0 1 0 0 1 1 0 0 1 1 0 0 0 1 0 0 0 0 0 0 1 0
190	12	1 1 0 1 0 1 1 1 1 0 0 0 1 1 1 0 0 0 0 0 1 0 1 1 1 1 0 1 0 1 0 0 1 1 0 0 1 1 0 0 0 1 0 0 0 0 0 0 1 0
190	2	1 1 0 1 0 1 1 1 1 0 0 0 1 1 1 0 0 0 0 0 0 0 1 1 1 1 0 1 0 1 0 0 1 1 0 0 1 1 0 0 0 1 0 0 0 0 0 0 0 0
200	1	1 1 0 1 0 1 1 1 1 1 0 0 1 1 1 0 0 0 0 1 1 0 1 1 1 1 0 0 0 1 0 0 1 1 0 0 1 1 0 0 0 0 0 0 0 0 0 0 1 0
200	5	1 1 0 1 0 1 1 1 1 1 0 0 1 1 1 0 0 0 0 0 1 0 1 1 1 1 0 1 0 1 0 0 1 0 0 0 1 1 0 0 0 0 0 0 0 0 0 0 1 0
200	1	1 1 0 1 0 1 1 1 1 1 0 0 1 1 1 0 0 0 0 0 1 0 1 1 1 1 0 1 0 1 0 0 1 1 0 0 1 1 0 0 0 0 1 0 0 0 0 0 1 0
200	2	1 1 0 1 0 1 1 1 1 1 0 0 1 1 1 0 0 0 0 0 1 1 1 1 1 1 0 1 0 1 0 0 1 1 0 0 1 1 0 0 0 0 0 0 0 0 0 0 1 0
200	1	1 1 0 1 0 1 1 1 1 1 0 0 1 1 1 0 0 0 0 0 1 0 1 1 1 1 0 1 0 1 0 0 1 1 1 0 1 1 0 0 0 0 0 0 0 0 0 0 1 0
200	1	1 1 0 1 0 1 1 1 1 1 0 0 1 1 1 0 0 0 0 0 0 0 1 0 1 1 0 1 0 1 0 0 1 1 0 0 1 1 0 0 0 0 0 0 0 0 0 0 1 0
200	2	1 1 0 1 0 1 1 1 1 1 0 0 1 1 1 0 0 0 0 0 1 0 1 1 1 1 0 1 0 1 0 0 1 1 0 0 1 1 0 0 0 1 0 0 0 0 0 0 1 0
200	1	1 1 0 1 0 1 1 1 1 1 0 1 1 1 1 0 0 0 0 0 1 0 1 1 1 1 0 1 0 1 0 0 1 1 0 0 1 1 0 0 0 0 0 0 0 0 0 0 1 0
200	1	1 1 0 1 0 1 1 1 1 1 0 0 1 1 1 0 0 0 0 0 1 0 1 1 1 1 0 1 0 1 0 0 0 1 0 0 1 1 0 0 0 0 0 0 0 0 0 0 1 0
200	78	1 1 0 1 0 1 1 1 1 1 0 0 1 1 1 0 0 0 0 0 1 0 1 1 1 1 0 1 0 1 0 0 1 1 0 0 1 1 0 0 0 0 0 0 0 0 0 0 1 0
200	3	1 1 0 1 0 1 1 1 1 0 0 0 1 1 1 0 0 0 0 0 1 0 1 1 1 1 0 1 0 1 0 0 1 1 0 0 1 1 0 0 0 0 0 0 0 0 0 0 1 0
200	2	1 1 0 1 1 1 1 1 1 0 0 0 1 1 1 0 0 0 0 0 1 0 1 1 0 1 0 1 0 1 0 0 1 1 0 0 1 1 0 0 0 0 0 0 0 0 0 0 1 0
200	1	1 1 0 1 0 1 1 1 1 0 0 0 1 1 1 0 1 0 0 0 1 0 1 1 1 1 0 1 0 1 0 0 1 1 0 0 1 1 0 0 0 1 0 0 0 0 0 0 1 0
200	1	1 1 0 1 0 1 1 1 1 0 0 0 1 1 1 0 0 0 0 0 1 0 1 1 1 1 0 1 0 1 0 0 1 1 0 0 1 1 0 0 0 1 0 0 0 0 0 0 1 0
210	1	1 1 0 1 0 1 1 1 1 1 0 0 1 1 1 0 0 0 0 1 1 0 1 1 1 1 0 0 0 1 0 0 1 1 0 0 1 1 0 0 0 0 0 0 0 0 0 0 1 0
210	3	1 1 0 1 0 1 1 1 1 1 0 0 1 1 1 0 0 0 0 1 1 0 1 1 1 1 0 1 0 1 0 0 1 1 0 0 1 1 0 0 0 0 0 0 0 0 0 0 1 0
210	1	1 0 0 1 0 1 1 1 1 1 0 0 1 1 1 0 0 0 0 0 1 0 1 1 1 1 0 1 0 1 0 0 1 0 0 0 1 1 0 0 0 0 0 0 0 0 0 0 1 0
210	7	1 1 0 1 0 1 1 1 1 1 0 0 1 1 1 0 0 0 0 0 1 0 1 1 1 1 0 1 0 1 0 0 1 0 0 0 1 1 0 0 0 0 0 0 0 0 0 0 1 0
210	2	1 1 0 1 0 1 1 1 1 1 0 0 1 1 1 0 0 0 0 0 1 0 1 1 1 1 0 1 0 1 0 0 1 1 0 0 1 1 0 0 0 0 1 0 0 0 1 0 1 0
210	1	1 1 0 1 0 1 1 1 1 1 0 0 1 1 1 0 0 0 0 0 1 0 1 1 1 1 0 1 0 1 0 0 1 1 0 0 1 1 0 0 0 0 1 0 0 0 0 0 1 0
210	1	1 1 0 1 0 1 1 1 1 1 0 0 1 1 1 0 0 0 0 0 1 0 1 0 1 1 0 1 0 1 0 0 1 1 0 0 0 1 0 0 0 0 0 0 0 0 0 0 1 0
210	2	1 1 0 1 0 1 1 1 1 1 0 0 1 1 1 0 0 0 0 0 1 1 1 1 1 1 0 1 0 1 0 0 1 1 0 0 1 1 0 0 0 0 0 0 0 0 0 0 1 0
210	3	1 1 0 1 0 1 1 1 1 1 0 0 1 1 1 0 0 0 0 0 1 0 1 1 0 1 0 1 0 1 0 0 1 1 0 0 1 1 0 0 0 0 0 0 0 0 0 0 1 0
210	2	1 1 0 1 0 1 1 1 1 1 0 0 1 1 1 0 0 0 0 0 1 0 1 1 1 1 0 1 0 1 0 0 0 1 0 0 1 1 0 0 0 0 0 0 0 0 0 0 1 0
210	1	1 1 0 1 0 1 1 1 1 1 0 0 1 1 1 0 0 0 0 0 1 0 1 1 1 1 0 1 0 1 0 0 1 1 0 1 1 1 0 0 0 0 0 0 0 0 0 0 1 0
210	1	1 1 0 1 0 1 1 1 1 1 0 0 1 1 1 0 0 0 0 0 1 0 1 1 1 1 0 1 0 1 0 0 1 1 0 0 1 1 0 0 0 0 0 0 0 0 0 0 0 0
210	1	1 1 0 0 0 1 1 1 1 1 0 0 1 1 1 0 0 0 0 0 1 0 1 1 1 1 0 1 0 1 0 0 1 1 0 0 1 1 0 0 0 0 0 0 0 0 0 0 1 0
210	65	1 1 0 1 0 1 1 1 1 1 0 0 1 1 1 0 0 0 0 0 1 0 1 1 1 1 0 1 0 1 0 0 1 1 0 0 1 1 0 0 0 0 0 0 0 0 0 0 1 0
210	1	1 1 0 1 0 1 1 1 1 0 0 0 1 1 1 0 0 0 0 0 1 0 1 1 1 1 0 1 0 1 0 0 1 1 0 0 1 1 0 0 0 0 0 0 0 0 0 0 1 0
210	1	1 1 0 1 1 1 1 1 1 0 0 0 1 1 1 1 1 0 0 0 1 0 1 1 1 1 0 1 0 1 0 0 1 1 0 0 1 1 0 0 0 1 0 0 0 0 0 0 1 0
210	3	1 1 0 1 1 1 1 1 1 0 0 0 1 1 1 0 1 0 0 0 1 0 1 1 1 1 0 1 0 1 0 0 1 1 0 0 1 1 0 0 0 1 0 0 0 0 0 0 1 0
210	2	1 1 0 1 1 1 1 1 1 0 0 0 1 1 1 0 0 0 0 0 1 0 1 1 1 1 0 1 0 1 0 0 1 1 0 0 1 1 0 0 0 1 0 0 0 0 0 0 1 0
210	1	1 1 0 1 0 1 1 1 1 0 0 0 1 1 1 0 0 0 0 0 1 0 1 1 1 1 0 1 0 1 0 0 1 1 0 0 1 1 0 0 0 1 0 0 0 0 0 0 1 0
210	1	1 1 0 1 0 1 1 1 0 0 0 0 1 1 1 0 0 0 0 0 1 0 1 1 1 1 0 1 0 1 0 0 1 1 0 0 1 1 0 0 0 1 0 0 0 0 0 0 1 0
220	2	1 1 0 1 0 1 1 1 1 1 0 0 1 1 1 0 0 0 0 1 1 0 1 1 1 1 0 0 0 1 0 0 1 1 0 0 1 1 0 0 0 0 0 0 0 0 0 0 1 0
220	1	1 1 0 1 0 1 1 1 1 1 0 0 1 1 1 0 0 0 0 0 0 0 1 1 0 1 0 1 0 1 0 0 1 0 0 0 1 1 0 0 0 0 0 0 0 0 0 0 1 0
220	4	1 1 0 1 0 1 1 1 1 1 0 0 1 1 1 0 0 0 0 0 1 0 1 1 1 1 0 1 0 1 0 0 1 0 0 0 1 1 0 0 0 0 0 0 0 0 0 0 1 0
220	1	1 1 0 1 0 1 1 1 1 1 0 0 1 1 1 0 0 0 0 0 1 0 1 1 0 1 0 1 0 1 0 0 1 1 0 0 1 1 0 0 0 0 0 0 0 0 0 0 1 0
220	1	1 1 0 1 0 1 1 1 1 1 0 0 0 1 1 0 0 0 0 0 1 0 1 1 1 1 0 1 0 1 0 0 1 1 0 0 1 1 0 0 0 0 0 0 0 0 0 0 1 0
220	1	1 1 0 1 0 1 1 1 1 1 0 0 1 1 1 0 0 0 0 0 1 0 1 1 1 1 0 1 0 1 0 1 1 1 0 0 1 1 0 0 0 0 0 0 0 0 0 0 1 0
220	6	1 1 0 1 0 1 1 1 1 1 0 0 1 1 1 0 0 0 0 0 1 0 1 1 1 1 0 1 0 1 0 0 0 1 0 0 1 1 0 0 0 0 0 0 0 0 0 0 1 0
220	1	1 1 0 1 0 1 1 1 1 1 0 0 1 1 1 0 0 0 0 0 1 0 0 1 1 1 0 1 0 1 0 0 1 1 0 0 1 1 0 0 0 0 0 0 0 0 0 0 1 0
220	1	1 1 0 1 0 1 1 1 1 1 0 0 1 1 1 0 0 0 0 0 1 0 1 1 1 1 1 1 0 1 0 0 1 1 0 0 1 1 0 0 0 0 0 0 0 0 0 0 1 0
220	1	1 1 0 1 0 1 1 1 1 1 0 0 1 1 1 0 0 0 1 0 1 0 1 1 1 1 0 1 0 1 0 0 1 1 0 0 1 1 0 0 0 0 0 0 0 0 0 0 1 0
220	1	1 1 1 1 0 1 1 1 1 1 0 0 1 1 1 0 0 0 0 0 1 0 1 1 1 1 0 1 0 1 0 0 1 1 0 0 1 1 0 0 0 0 0 0 0 0 0 0 1 0
220	72	1 1 0 1 0 1 1 1 1 1 0 0 1 1 1 0 0 0 0 0 1 0 1 1 1 1 0 1 0 1 0 0 1 1 0 0 1 1 0 0 0 0 0 0 0 0 0 0 1 0
220	1	1 1 0 1 1 1 1 1 1 0 0 0 1 1 1 1 1 0 0 0 1 0 1 1 1 1 0 1 0 1 0 0 1 1 0 0 1 1 0 0 0 1 0 0 0 0 0 0 1 0
220	4	1 1 0 1 1 1 1 1 1 0 0 0 1 1 1 0 1 0 0 0 1 0 1 1 1 1 0 1 0 1 0 0 1 1 0 0 1 1 0 0 0 1 0 0 0 0 0 0 1 0
220	2	1 1 0 1 1 1 1 1 1 0 0 0 1 1 1 0 0 0 0 0 1 0 1 1 0 1 0 1 0 1 0 0 1 1 0 0 1 1 0 0 0 0 0 0 0 0 0 0 1 0
220	1	1 1 0 1 0 1 1 1 1 0 0 0 1 1 1 0 0 0 0 0 1 0 1 1 1 1 0 1 0 1 0 0 1 1 0 0 1 1 0 0 0 1 0 0 0 0 0 0 1 0
230	3	1 1 0 1 0 1 1 1 1 1 0 0 1 1 1 0 0 0 0 1 1 0 1 1 1 1 0 0 0 1 0 0 1 1 0 0 1 1 0 0 0 0 0 0 0 0 0 0 1 0
230	4	1 1 0 1 0 1 1 1 1 1 0 0 1 1 1 0 0 0 0 0 1 0 1 1 1 1 0 1 0 1 0 0 1 0 0 0 1 1 0 0 0 0 0 0 0 0 0 0 1 0
230	2	1 1 0 1 0 1 1 1 1 1 0 0 1 1 1 0 0 0 0 0 1 1 1 1 1 1 0 1 0 1 0 0 1 1 0 0 1 1 0 0 0 0 0 0 0 0 0 0 1 0
230	4	1 1 0 1 0 1 1 1 1 1 0 0 1 1 1 0 0 0 0 0 1 0 1 1 0 1 0 1 0 1 0 0 1 1 0 0 1 1 0 0 0 0 0 0 0 0 0 0 1 0
230	1	1 1 0 1 0 1 1 1 1 1 0 0 0 1 1 0 0 0 0 0 1 0 1 1 1 1 0 1 0 1 0 0 1 1 0 0 1 1 0 0 0 0 0 0 0 0 0 0 1 0
230	4	1 1 0 1 0 1 1 1 1 1 0 0 1 1 1 0 0 0 0 0 1 0 1 1 1 1 0 1 0 1 0 0 0 1 0 0 1 1 0 0 0 0 0 0 0 0 0 0 1 0
230	1	1 1 0 1 0 1 1 1 1 1 0 0 1 1 1 0 0 0 0 0 1 0 1 1 1 1 0 1 1 1 0 0 1 1 0 0 1 1 0 0 0 0 0 0 0 0 0 0 1 0
230	1	1 1 0 1 1 1 1 1 1 1 0 0 1 1 1 0 0 0 0 0 1 0 1 1 1 1 0 1 0 1 0 0 1 1 0 0 1 1 0 0 0 0 0 0 0 0 0 0 1 0
230	2	1 1 0 1 0 1 1 1 1 1 0 0 1 1 1 0 0 0 0 0 1 0 1 1 1 0 0 1 0 1 0 0 1 1 0 0 1 1 0 0 0 0 0 0 0 0 0 0 1 0
230	73	1 1 0 1 0 1 1 1 1 1 0 0 1 1 1 0 0 0 0 0 1 0 1 1 1 1 0 1 0 1 0 0 1 1 0 0 1 1 0 0 0 0 0 0 0 0 0 0 1 0
230	5	1 1 0 1 1 1 1 1 1 0 0 0 1 1 1 0 0 0 0 0 1 0 1 1 0 1 0 1 0 1 0 0 1 1 0 0 1 1 0 0 0 0 0 0 0 0 0 0 1 0
240	4	1 1 0 1 0 1 1 1 1 1 0 0 1 1 1 0 0 0 0 1 1 0 1 1 1 1 0 0 0 1 0 0 1 1 0 0 1 1 0 0 0 0 0 0 0 0 0 0 1 0
240	2	1 1 0 1 0 1 1 1 1 1 0 0 1 1 1 0 0 0 0 0 1 0 1 1 1 1 0 1 0 1 0 0 1 0 0 0 1 1 0 0 0 0 0 0 0 0 0 0 1 0
240	1	1 1 0 1 0 1 1 1 1 1 0 1 1 1 1 0 0 0 0 0 1 1 1 1 1 1 0 1 0 1 0 0 1 1 0 0 1 1 0 0 0 0 0 0 0 0 0 0 1 0
240	8	1 1 0 1 0 1 1 1 1 1 0 0 1 1 1 0 0 0 0 0 1 1 1 1 1 1 0 1 0 1 0 0 1 1 0 0 1 1 0 0 0 0 0 0 0 0 0 0 1 0
240	4	1 1 0 1 0 1 1 1 1 1 0 0 1 1 1 0 0 0 0 0 1 0 1 1 0 1 0 1 0 1 0 0 1 1 0 0 1 1 0 0 0 0 0 0 0 0 0 0 1 0
240	5	1 1 0 1 0 1 1 1 1 1 0 0 1 1 1 0 0 0 0 0 1 0 1 1 1 1 0 1 0 1 0 0 0 1 0 0 1 1 0 0 0 0 0 0 0 0 0 0 1 0
240	4	1 1 0 1 0 1 1 1 1 1 0 0 1 1 1 0 0 0 0 0 1 0 1 1 1 1 0 1 0 1 0 0 1 1 0 1 1 1 0 0 0 0 0 0 0 0 0 0 1 0
240	1	1 0 0 1 0 1 1 1 1 1 0 0 1 1 1 0 0 0 0 0 1 0 1 1 1 1 0 1 0 1 0 0 1 1 0 0 1 1 0 0 0 0 0 0 0 0 0 0 1 0
240	1	1 1 0 1 0 1 1 1 1 1 0 0 1 1 1 0 0 0 0 0 1 0 1 1 1 1 0 1 0 1 0 0 1 1 0 0 1 1 0 0 0 0 0 1 0 0 0 0 1 0
240	68	1 1 0 1 0 1 1 1 1 1 0 0 1 1 1 0 0 0 0 0 1 0 1 1 1 1 0 1 0 1 0 0 1 1 0 0 1 1 0 0 0 0 0 0 0 0 0 0 1 0
240	2	1 1 0 1 1 1 1 1 1 0 0 0 1 1 1 0 0 0 0 0 1 0 1 1 0 1 0 1 0 1 0 0 1 1 0 0 1 1 0 0 0 0 0 0 0 0 0 0 1 0
250	9	1 1 0 1 0 1 1 1 1 1 0 0 1 1 1 0 0 0 0 1 1 0 1 1 1 1 0 0 0 1 0 0 1 1 0 0 1 1 0 0 0 0 0 0 0 0 0 0 1 0
250	5	1 1 0 1 0 1 1 1 1 1 0 0 1 1 1 0 0 0 0 0 1 0 1 1 1 1 0 1 0 1 0 0 1 0 0 0 1 1 0 0 0 0 0 0 0 0 0 0 1 0
250	1	1 1 0 1 0 1 1 1 1 1 0 1 1 1 1 0 0 0 0 0 1 1 1 1 1 1 0 1 0 1 0 0 1 1 0 0 1 1 0 0 0 0 0 0 0 0 0 0 1 0
250	6	1 1 0 1 0 1 1 1 1 1 0 0 1 1 1 0 0 0 0 0 1 1 1 1 1 1 0 1 0 1 0 0 1 1 0 0 1 1 0 0 0 0 0 0 0 0 0 0 1 0
250	1	1 1 0 1 0 1 1 1 1 1 0 0 1 1 1 0 0 0 0 0 1 0 1 1 0 1 0 1 0 1 0 0 1 1 0 0 1 1 0 0 0 0 0 0 0 0 0 0 1 0
250	2	1 1 0 1 0 1 1 1 1 1 0 0 1 1 1 0 0 0 0 0 1 0 1 1 1 1 0 1 0 1 0 0 0 1 0 0 1 1 0 0 0 0 0 0 0 0 0 0 1 0
250	3	1 1 0 1 0 1 1 1 1 1 0 0 1 1 1 0 0 0 0 0 1 0 1 1 1 1 0 1 0 1 0 0 1 1 0 1 1 1 0 0 0 0 0 0 0 0 0 0 1 0
250	3	1 1 0 1 0 1 1 1 1 1 0 0 1 1 1 0 0 0 0 0 1 0 1 1 1 1 1 1 0 1 0 0 1 1 0 0 1 1 0 0 0 0 0 0 0 0 0 0 1 0
250	1	1 1 0 1 0 1 1 1 1 1 0 1 1 1 1 0 0 0 0 0 1 0 1 1 1 1 0 1 0 1 0 0 1 1 0 0 1 1 0 0 0 0 0 0 0 0 0 0 1 0
250	1	1 1 0 1 0 1 1 1 1 1 0 0 1 1 1 0 0 0 0 0 1 0 1 1 1 1 0 0 0 1 0 0 1 1 0 0 1 1 0 0 0 0 0 0 0 0 0 0 1 0
250	64	1 1 0 1 0 1 1 1 1 1 0 0 1 1 1 0 0 0 0 0 1 0 1 1 1 1 0 1 0 1 0 0 1 1 0 0 1 1 0 0 0 0 0 0 0 0 0 0 1 0
250	1	1 1 0 1 1 1 1 1 1 0 0 0 1 1 1 0 1 0 0 0 1 0 1 1 0 1 0 1 0 1 0 0 1 1 0 0 1 1 0 0 0 0 0 0 0 0 0 0 1 0
250	3	1 1 0 1 1 1 1 1 1 0 0 0 1 1 1 0 0 0 0 0 1 0 1 1 0 1 0 1 0 1 0 0 1 1 0 0 1 1 0 0 0 0 0 0 0 0 0 0 1 0
260	1	1 1 0 1 0 0 1 1 1 1 0 0 1 1 1 0 0 0 0 1 1 0 1 1 1 1 0 0 0 1 0 0 1 1 0 0 1 1 0 0 0 0 0 0 0 0 0 0 1 0
260	9	1 1 0 1 0 1 1 1 1 1 0 0 1 1 1 0 0 0 0 1 1 0 1 1 1 1 0 0 0 1 0 0 1 1 0 0 1 1 0 0 0 0 0 0 0 0 0 0 1 0
260	3	1 1 0 1 0 1 1 1 1 1 0 0 1 1 1 0 0 0 0 0 1 0 1 1 1 1 0 1 0 1 0 0 1 0 0 0 1 1 0 0 0 0 0 0 0 0 0 0 1 0
260	1	1 1 0 1 0 1 1 1 1 1 0 1 1 1 1 0 0 0 0 0 1 1 1 1 1 1 0 1 0 1 0 0 1 1 0 0 1 1 0 0 0 0 0 0 0 1 0 0 1 0
260	1	1 1 0 1 0 1 1 1 1 1 0 1 1 1 1 0 0 0 0 0 1 1 1 1 1 1 0 1 0 1 0 0 1 1 0 0 1 1 0 0 0 0 0 0 0 0 0 0 1 0
260	2	1 1 0 1 0 1 1 1 1 1 0 0 1 1 1 0 0 0 0 0 1 1 1 1 1 1 0 1 0 1 0 0 1 1 0 0 1 1 0 0 0 0 0 0 0 0 0 0 0 0
260	2	1 1 0 1 0 1 1 1 1 1 0 0 1 1 1 0 0 0 0 0 1 1 1 1 1 1 0 1 0 1 0 0 1 1 0 0 1 1 0 0 0 0 0 0 0 0 0 0 1 0
260	1	1 1 0 1 0 1 1 1 1 1 0 0 1 1 1 0 0 0 0 0 1 0 1 1 0 1 0 1 0 1 0 0 1 1 0 0 1 1 0 0 0 0 0 0 0 0 0 0 1 0
260	2	1 1 0 1 0 1 1 1 1 1 0 0 1 1 1 0 0 0 0 0 1 0 1 1 1 1 0 1 0 1 0 0 0 1 0 0 1 1 0 0 0 0 0 0 0 0 0 0 1 0
260	3	1 1 0 1 0 1 1 1 1 1 0 0 1 1 1 0 0 0 0 0 1 0 1 1 1 1 0 1 0 1 0 0 1 1 0 1 1 1 0 0 0 0 0 0 0 0 0 0 1 0
260	1	1 0 0 1 0 1 1 1 1 1 0 0 1 1 1 0 0 0 0 0 1 0 1 1 1 1 0 1 0 1 0 0 1 1 0 0 1 1 0 0 0 0 0 0 0 0 0 0 1 0
260	4	1 1 0 1 0 1 1 1 1 1 0 1 1 1 1 0 0 0 0 0 1 0 1 1 1 1 0 1 0 1 0 0 1 1 0 0 1 1 0 0 0 0 0 0 0 0 0 0 1 0
260	1	1 1 0 1 0 1 1 1 1 1 0 0 1 1 1 0 0 0 0 0 0 0 1 1 1 1 0 1 0 1 0 0 1 1 0 0 1 1 0 0 0 0 0 0 0 0 0 0 1 0
260	64	1 1 0 1 0 1 1 1 1 1 0 0 1 1 1 0 0 0 0 0 1 0 1 1 1 1 0 1 0 1 0 0 1 1 0 0 1 1 0 0 0 0 0 0 0 0 0 0 1 0
260	5	1 1 0 1 1 1 1 1 1 0 0 0 1 1 1 0 0 0 0 0 1 0 1 1 0 1 0 1 0 1 0 0 1 1 0 0 1 1 0 0 0 0 0 0 0 0 0 0 1 0
270	3	1 1 0 1 0 1 1 1 1 1 0 0 1 1 1 0 0 0 0 1 1 0 1 1 1 1 0 0 0 1 0 0 1 1 0 0 1 1 0 0 0 0 0 0 0 0 0 0 1 0
270	1	1 1 0 1 0 1 1 1 1 1 0 0 1 1 1 0 0 0 0 0 1 0 1 1 1 1 0 1 0 1 0 0 1 0 0 0 1 1 0 0 0 0 0 0 0 0 0 0 1 0
270	2	1 1 0 1 0 1 1 1 1 1 0 1 1 1 1 0 0 0 0 0 1 1 1 1 1 1 0 1 0 1 0 0 1 1 0 0 1 1 0 0 0 0 0 0 0 0 0 0 1 0
270	6	1 1 0 1 0 1 1 1 1 1 0 0 1 1 1 0 0 0 0 0 1 1 1 1 1 1 0 1 0 1 0 0 1 1 0 0 1 1 0 0 0 0 0 0 0 0 0 0 1 0
270	3	1 1 0 1 0 1 1 1 1 1 0 0 1 1 1 0 0 0 0 0 1 0 1 1 0 1 0 1 0 1 0 0 1 1 0 0 1 1 0 0 0 0 0 0 0 0 0 0 1 0
270	2	1 1 0 1 0 1 1 1 1 1 0 0 1 1 1 0 0 0 0 0 1 0 1 1 1 1 0 1 0 1 0 0 0 1 0 0 1 1 0 0 0 0 0 0 0 0 0 0 1 0
270	1	1 1 0 1 0 1 1 1 1 1 0 0 1 1 1 0 0 0 0 0 1 0 1 1 1 1 1 1 0 1 0 0 1 1 0 0 1 1 0 0 0 0 0 0 0 0 0 0 1 0
270	1	1 1 0 1 0 1 1 1 1 1 0 0 1 1 1 0 0 0 0 0 1 0 1 1 1 1 0 1 0 1 0 0 1 1 1 0 1 1 0 0 0 0 0 0 0 1 0 0 1 0
270	1	1 1 0 1 0 1 1 1 1 1 0 0 1 1 1 0 0 0 0 0 1 0 1 1 1 1 0 1 0 1 0 1 1 1 0 0 1 1 0 0 0 0 0 0 0 0 0 0 1 0
270	1	0 1 0 1 0 1 1 1 1 1 0 0 1 1 1 0 0 0 0 0 1 0 1 1 1 1 0 1 0 1 0 0 1 1 0 0 1 1 0 0 0 0 0 0 0 0 0 0 1 0
270	71	1 1 0 1 0 1 1 1 1 1 0 0 1 1 1 0 0 0 0 0 1 0 1 1 1 1 0 1 0 1 0 0 1 1 0 0 1 1 0 0 0 0 0 0 0 0 0 0 1 0
270	8	1 1 0 1 1 1 1 1 1 0 0 0 1 1 1 0 0 0 0 0 1 0 1 1 0 1 0 1 0 1 0 0 1 1 0 0 1 1 0 0 0 0 0 0 0 0 0 0 1 0
280	5	1 1 0 1 0 1 1 1 1 1 0 0 1 1 1 0 0 0 0 1 1 0 1 1 1 1 0 0 0 1 0 0 1 1 0 0 1 1 0 0 0 0 0 0 0 0 0 0 1 0
280	2	1 1 0 1 0 1 1 1 1 1 0 0 1 1 1 0 0 0 0 0 1 1 1 1 1 1 0 1 0 1 0 0 1 1 0 0 1 1 0 0 0 0 0 0 0 0 0 0 0 0
280	4	1 1 0 1 0 1 1 1 1 1 0 0 1 1 1 0 0 0 0 0 1 1 1 1 1 1 0 1 0 1 0 0 1 1 0 0 1 1 0 0 0 0 0 0 0 0 0 0 1 0
280	2	1 1 0 1 0 1 1 1 1 1 0 0 1 1 1 0 0 0 0 0 1 0 1 1 0 1 0 1 0 1 0 0 1 1 0 0 1 1 0 0 0 0 0 0 0 0 0 0 1 0
280	1	1 1 0 1 0 1 1 1 1 1 0 0 1 1 1 0 0 0 0 0 1 0 1 1 1 1 0 1 0 1 0 0 1 1 1 0 1 1 0 0 0 0 0 0 0 1 1 0 1 0
280	5	1 1 0 1 0 1 1 1 1 1 0 0 1 1 1 0 0 0 0 0 1 0 1 1 1 1 0 1 0 1 0 0 1 1 1 0 1 1 0 0 0 0 0 0 0 1 0 0 1 0
280	1	0 1 0 1 0 1 1 1 1 1 0 0 1 1 1 0 0 0 0 0 1 0 1 1 1 1 0 1 0 1 0 0 1 1 0 0 1 1 0 0 0 0 0 0 0 0 0 0 1 0
280	1	1 1 0 1 0 1 1 1 1 1 0 0 1 1 1 0 0 0 1 0 1 0 1 1 1 1 0 1 0 1 0 0 1 1 0 0 1 1 0 0 0 0 0 0 0 0 0 0 1 0
280	1	1 1 0 0 0 1 1 1 1 1 0 0 1 1 1 0 0 0 0 0 1 0 1 1 1 1 0 1 0 1 0 0 1 1 0 0 1 1 0 0 0 0 0 0 0 0 0 0 1 0
280	66	1 1 0 1 0 1 1 1 1 1 0 0 1 1 1 0 0 0 0 0 1 0 1 1 1 1 0 1 0 1 0 0 1 1 0 0 1 1 0 0 0 0 0 0 0 0 0 0 1 0
280	1	1 1 0 1 1 1 1 1 1 0 0 0 1 1 1 0 1 0 0 0 1 0 1 1 0 1 0 1 0 1 0 0 1 1 0 0 1 1 0 0 0 0 0 0 0 0 0 0 1 0
280	2	1 1 0 1 1 1 1 1 1 0 0 0 1 1 1 0 0 0 0 0 1 0 1 1 0 1 0 1 0 1 0 0 1 1 0 0 1 1 0 0 0 0 0 0 0 0 0 1 1 0
280	9	1 1 0 1 1 1 1 1 1 0 0 0 1 1 1 0 0 0 0 0 1 0 1 1 0 1 0 1 0 1 0 0 1 1 0 0 1 1 0 0 0 0 0 0 0 0 0 0 1 0
290	5	1 1 0 1 0 1 1 1 1 1 0 0 1 1 1 0 0 0 0 1 1 0 1 1 1 1 0 0 0 1 0 0 1 1 0 0 1 1 0 0 0 0 0 0 0 0 0 0 1 0
290	1	1 1 0 1 0 1 1 1 1 1 0 0 1 1 1 0 0 0 0 0 1 1 1 1 1 1 0 1 0 1 0 0 1 1 0 0 1 1 0 0 0 0 0 0 0 0 1 0 1 0
290	3	1 1 0 1 0 1 1 1 1 1 0 0 1 1 1 0 0 0 0 0 1 1 1 1 1 1 0 1 0 1 0 0 1 1 0 0 1 1 0 0 0 0 0 0 0 0 0 0 1 0
290	3	1 1 0 1 0 1 1 1 1 1 0 0 1 1 1 0 0 0 0 0 1 0 1 1 1 1 0 1 0 1 0 0 1 1 1 0 1 1 0 0 0 0 0 0 0 1 0 0 1 0
290	1	1 1 0 1 0 1 1 1 1 1 0 1 1 1 0 0 0 0 0 0 1 0 1 1 1 1 0 1 0 1 0 0 1 1 0 0 1 1 0 0 0 0 0 0 0 0 0 0 1 0
290	4	1 1 0 1 0 1 1 1 1 1 0 1 1 1 1 0 0 0 0 0 1 0 1 1 1 1 0 1 0 1 0 0 1 1 0 0 1 1 0 0 0 0 0 0 0 0 0 0 1 0
290	4	1 1 0 1 0 1 1 1 1 1 0 0 1 1 1 0 0 0 0 0 1 0 1 1 1 1 0 1 0 1 0 1 1 1 0 0 1 1 0 0 0 0 0 0 0 0 0 0 1 0
290	4	1 1 0 1 0 1 1 1 1 1 0 0 1 1 1 0 0 0 0 0 1 0 1 1 1 1 1 1 0 1 0 0 1 1 0 0 1 1 0 0 0 0 0 0 0 0 0 0 1 0
290	1	1 1 0 1 0 1 1 1 1 1 0 0 1 1 1 0 0 0 1 0 1 0 1 1 1 1 0 1 0 1 0 0 1 1 0 0 1 1 0 0 0 0 0 0 0 0 0 0 1 0
290	1	1 1 0 1 0 1 1 1 1 1 0 0 1 1 1 0 0 0 0 0 1 0 1 1 1 1 0 1 0 1 1 0 1 1 0 0 1 1 0 0 0 0 0 0 0 0 0 0 1 0
290	63	1 1 0 1 0 1 1 1 1 1 0 0 1 1 1 0 0 0 0 0 1 0 1 1 1 1 0 1 0 1 0 0 1 1 0 0 1 1 0 0 0 0 0 0 0 0 0 0 1 0
290	2	1 1 0 1 1 1 1 1 1 0 0 0 1 1 1 0 0 0 0 0 1 0 1 1 0 1 0 1 0 1 0 0 1 1 0 0 1 1 0 0 0 0 0 0 0 0 0 1 1 0
290	1	1 1 0 1 1 1 1 1 1 0 0 0 1 1 1 0 0 0 0 0 1 0 1 1 0 1 0 1 0 1 0 0 1 1 0 0 1 1 0 0 0 0 0 0 0 0 0 0 1 1
290	7	1 1 0 1 1 1 1 1 1 0 0 0 1 1 1 0 0 0 0 0 1 0 1 1 0 1 0 1 0 1 0 0 1 1 0 0 1 1 0 0 0 0 0 0 0 0 0 0 1 0
300	2	0 1 0 1 0 1 1 1 1 1 0 0 1 1 1 0 0 0 0 1 1 0 1 1 1 1 0 0 0 1 0 0 1 1 0 0 1 1 0 0 0 0 0 0 0 0 0 0 1 0
300	6	1 1 0 1 0 1 1 1 1 1 0 0 1 1 1 0 0 0 0 1 1 0 1 1 1 1 0 0 0 1 0 0 1 1 0 0 1 1 0 0 0 0 0 0 0 0 0 0 1 0
300	9	1 1 0 1 0 1 1 1 1 1 0 0 1 1 1 0 0 0 0 0 1 1 1 1 1 1 0 1 0 1 0 0 1 1 0 0 1 1 0 0 0 0 0 0 0 0 0 0 1 0
300	2	1 1 0 1 0 1 1 1 1 1 0 1 1 1 1 0 0 0 0 0 1 0 1 1 1 1 0 1 0 1 0 0 1 1 0 0 1 1 0 0 0 0 0 0 0 0 0 0 1 0
300	1	1 1 0 1 0 1 1 1 1 1 0 0 1 1 1 0 0 0 0 0 1 0 1 1 1 1 0 1 0 1 0 1 1 1 0 0 1 1 0 0 0 0 0 0 0 0 0 0 1 0
300	1	1 1 0 1 0 1 1 1 1 1 0 0 1 1 0 0 0 0 0 0 1 0 1 1 1 1 1 1 0 1 0 0 1 1 0 0 1 1 0 0 0 0 0 0 0 0 0 0 1 0
300	2	1 1 0 1 0 1 1 1 1 1 0 0 1 1 1 0 0 0 0 0 1 0 1 1 1 1 1 1 0 1 0 0 1 1 0 0 1 1 0 0 0 0 0 0 0 0 0 0 1 0
300	1	1 1 0 1 0 1 1 1 1 1 0 0 1 1 1 0 0 0 0 0 1 0 1 1 1 1 0 1 0 1 0 0 1 1 0 0 1 1 0 0 1 0 0 0 0 0 0 0 1 0
300	1	1 1 0 1 0 1 1 1 1 1 0 0 1 1 1 0 0 0 0 0 1 0 1 1 1 1 0 1 0 1 0 0 0 1 0 0 1 1 0 0 0 0 0 0 0 0 0 0 1 0
300	1	1 1 0 1 0 1 1 1 1 1 0 0 1 1 1 0 0 0 0 0 1 0 1 1 1 1 0 1 0 1 1 0 1 1 0 0 1 1 0 0 0 0 0 0 0 0 0 0 1 0
300	61	1 1 0 1 0 1 1 1 1 1 0 0 1 1 1 0 0 0 0 0 1 0 1 1 1 1 0 1 0 1 0 0 1 1 0 0 1 1 0 0 0 0 0 0 0 0 0 0 1 0
300	2	1 1 0 1 1 1 1 1 1 0 0 0 1 1 1 0 0 0 0 0 1 0 1 1 0 1 0 1 0 1 0 0 1 1 0 0 1 1 0 0 0 0 0 0 0 0 0 1 1 0
300	11	1 1 0 1 1 1 1 1 1 0 0 0 1 1 1 0 0 0 0 0 1 0 1 1 0 1 0 1 0 1 0 0 1 1 0 0 1 1 0 0 0 0 0 0 0 0 0 0 1 0
310	10	1 1 0 1 0 1 1 1 1 1 0 0 1 1 1 0 0 0 0 1 1 0 1 1 1 1 0 0 0 1 0 0 1 1 0 0 1 1 0 0 0 0 0 0 0 0 0 0 1 0
310	1	1 1 0 1 0 1 1 1 1 1 0 0 1 1 1 0 0 0 0 0 1 1 1 1 0 1 0 1 0 1 0 0 1 1 0 0 1 1 0 0 0 0 0 0 0 0 0 0 1 0
310	1	1 1 0 1 0 1 1 1 1 1 0 1 1 1 1 0 0 0 0 0 1 0 1 1 1 1 0 1 0 1 0 0 1 1 0 0 1 1 0 0 0 0 0 0 0 0 0 0 1 0
310	58	1 1 0 1 0 1 1 1 1 1 0 0 1 1 1 0 0 0 0 0 1 0 1 1 1 1 0 1 0 1 0 0 1 1 0 0 1 1 0 0 0 0 0 0 0 0 0 0 1 0
310	10	1 1 0 1 0 1 1 1 1 1 0 0 1 1 1 0 0 0 0 0 1 1 1 1 1 1 0 1 0 1 0 0 1 1 0 0 1 1 0 0 0 0 0 0 0 0 0 0 1 0
310	1	1 1 0 1 0 1 1 1 1 1 0 0 1 1 1 0 0 0 0 0 1 0 1 1 1 1 0 1 0 1 0 0 1 1 1 0 1 1 0 0 0 0 0 0 0 1 0 0 1 0
310	1	1 1 0 1 0 1 1 1 1 1 0 0 1 1 1 0 0 0 0 0 1 0 1 1 1 1 0 1 0 1 0 1 1 1 0 1 1 1 0 0 0 0 0 0 0 0 0 0 1 0
310	4	1 1 0 1 0 1 1 1 1 1 0 0 1 1 1 0 0 0 0 0 1 0 1 1 1 1 0 1 0 1 0 1 1 1 0 0 1 1 0 0 0 0 0 0 0 0 0 0 1 0
310	1	1 1 0 1 0 1 1 1 1 1 0 0 1 1 1 0 0 0 0 0 1 0 1 1 1 1 0 0 0 1 0 0 1 1 0 0 1 1 0 0 0 0 0 0 0 0 0 0 1 0
310	1	1 1 0 1 0 1 1 1 1 1 0 0 1 1 1 1 0 0 0 0 1 0 1 1 1 1 0 1 0 1 0 0 1 1 0 0 1 1 0 0 0 0 0 0 0 0 0 0 1 0
310	3	1 1 0 1 1 1 1 1 1 0 0 0 1 1 1 0 0 0 0 0 1 0 1 1 0 1 0 1 0 1 0 0 1 1 0 0 1 1 0 0 0 0 0 0 0 0 0 1 1 0
310	9	1 1 0 1 1 1 1 1 1 0 0 0 1 1 1 0 0 0 0 0 1 0 1 1 0 1 0 1 0 1 0 0 1 1 0 0 1 1 0 0 0 0 0 0 0 0 0 0 1 0
