0	100	0 0 0 0 0 0 0 0 0 0
10	2	0 0 0 0 0 0 0 0 1 0
10	3	0 1 0 0 0 0 0 0 0 0
10	1	0 0 1 0 0 0 0 0 0 0
10	1	1 0 0 0 0 0 0 0 0 0
10	93	0 0 0 0 0 0 0 0 0 0
20	4	0 1 0 0 0 0 0 0 0 0
20	1	0 0 0 0 0 1 0 0 0 0
20	2	0 0 0 0 0 0 0 1 0 0
20	1	0 0 0 0 0 0 0 0 0 1
20	1	0 0 0 0 0 0 1 0 0 0
20	1	0 0 1 0 0 0 0 0 0 0
20	1	1 0 0 0 0 0 0 0 0 0
20	89	0 0 0 0 0 0 0 0 0 0
30	1	0 0 0 0 0 1 0 0 0 0
30	1	0 0 0 0 0 0 0 0 0 1
30	3	0 0 0 1 0 0 0 0 0 0
30	2	0 0 0 0 0 0 1 0 0 0
30	1	0 0 1 0 0 0 0 0 0 0
30	3	1 0 0 0 0 0 0 0 0 0
30	86	0 0 0 0 0 0 0 0 0 0
30	3	0 0 1 1 0 0 0 0 0 0
40	1	0 0 0 0 0 0 0 0 1 0
40	1	0 0 0 0 0 1 0 0 0 0
40	1	0 0 0 0 0 0 0 0 0 1
40	3	0 0 0 0 0 0 1 0 0 0
40	4	0 0 1 0 0 0 0 0 0 0
40	90	0 0 0 0 0 0 0 0 0 0
50	3	0 0 0 0 0 0 0 0 1 0
50	1	0 0 0 1 0 1 0 0 0 0
50	7	0 0 0 0 0 1 0 0 0 0
50	2	0 0 0 1 0 0 0 0 0 0
50	3	0 0 0 0 0 0 1 0 0 0
50	1	0 0 1 0 0 1 0 0 0 0
50	3	0 0 1 0 0 0 0 0 0 0
50	1	1 1 0 0 0 0 0 0 0 0
50	68	0 0 0 0 0 0 0 0 0 0
50	4	1 0 0 0 0 0 0 0 0 0
50	2	0 0 0 0 0 0 0 1 0 0
50	3	0 0 0 0 1 0 0 0 0 0
50	1	0 1 0 0 0 0 0 0 0 0
50	1	0 0 1 1 0 0 0 0 0 0
60	1	1 0 0 0 1 0 0 0 0 0
60	3	0 0 0 0 1 0 0 0 0 0
60	13	1 0 0 0 0 0 0 0 0 0
60	1	0 0 1 0 0 1 0 0 0 0
60	1	0 0 0 1 0 0 0 0 0 0
60	2	0 0 0 0 0 0 0 0 0 1
60	2	0 0 1 0 0 0 0 0 0 0
60	1	0 1 0 0 0 0 0 0 0 0
60	64	0 0 0 0 0 0 0 0 0 0
60	2	0 0 0 0 0 1 0 0 0 0
60	1	0 0 0 0 0 0 0 0 1 0
60	2	0 0 0 0 0 0 1 1 0 0
60	2	0 0 0 0 0 0 1 0 0 0
60	1	0 0 0 0 0 0 0 1 0 0
60	2	0 0 0 1 0 1 0 0 0 0
60	1	1 0 0 0 0 0 1 0 0 0
60	1	0 0 1 1 0 0 0 0 0 0
70	2	0 0 0 1 1 0 0 0 0 0
70	1	0 0 0 0 1 0 0 0 0 0
70	1	1 0 0 0 0 0 0 1 0 0
70	1	1 0 0 0 0 1 0 0 0 0
70	15	1 0 0 0 0 0 0 0 0 0
70	3	0 0 1 0 0 0 0 0 0 0
70	1	0 0 1 0 0 1 0 0 0 0
70	5	0 0 0 1 0 0 0 0 0 0
70	1	0 0 0 0 0 0 0 0 0 1
70	7	0 1 0 0 0 0 0 0 0 0
70	1	0 0 0 1 0 0 0 0 1 0
70	2	0 0 0 0 0 0 0 0 1 0
70	5	0 0 0 0 0 1 0 0 0 0
70	2	0 0 0 0 0 0 0 1 0 0
70	50	0 0 0 0 0 0 0 0 0 0
70	3	1 0 0 0 0 0 1 0 0 0
80	1	0 0 0 0 1 0 0 0 0 0
80	61	0 0 0 0 0 0 0 0 0 0
80	15	1 0 0 0 0 0 0 0 0 0
80	11	0 1 0 0 0 0 0 0 0 0
80	1	0 0 0 0 0 0 1 0 0 0
80	1	0 0 0 1 0 0 0 0 0 0
80	1	0 0 1 0 0 0 0 0 0 0
80	1	1 0 0 0 0 0 0 0 0 1
80	4	0 1 0 0 0 0 0 1 0 0
80	1	0 0 0 1 0 0 0 0 1 0
80	1	0 0 0 0 0 0 0 0 1 0
80	1	1 0 0 0 0 0 1 0 0 0
80	1	0 0 1 1 0 0 0 0 0 0
90	2	0 0 0 1 1 0 0 0 0 0
90	1	0 0 0 1 0 0 0 0 0 0
90	60	0 0 0 0 0 0 0 0 0 0
90	9	0 1 0 0 0 0 0 0 0 0
90	2	0 0 0 0 0 0 0 0 1 0
90	1	0 0 0 0 0 0 0 1 0 0
90	5	0 0 0 0 0 1 0 0 0 0
90	16	1 0 0 0 0 0 0 0 0 0
90	1	0 1 0 0 0 0 0 1 0 0
90	3	1 0 0 0 0 0 1 0 0 0
100	4	0 0 0 1 1 0 0 0 0 0
100	3	0 1 0 1 0 0 0 0 0 0
100	2	0 1 0 0 0 0 0 0 1 0
100	43	0 0 0 0 0 0 0 0 0 0
100	3	0 0 0 0 0 1 0 0 0 0
100	9	0 0 1 0 0 0 0 0 0 0
100	2	0 0 0 0 0 0 0 1 0 0
100	1	0 0 0 0 0 0 0 0 0 1
100	12	0 1 0 0 0 0 0 0 0 0
100	1	1 1 0 0 0 0 0 0 1 0
100	1	1 0 0 0 0 0 1 0 0 0
100	1	1 0 0 0 0 0 0 0 1 0
100	17	1 0 0 0 0 0 0 0 0 0
100	1	0 1 0 0 0 0 0 1 0 0
110	1	0 0 0 0 1 0 0 0 0 0
110	1	1 0 0 1 1 0 0 0 0 0
110	11	0 0 0 1 1 0 0 0 0 0
110	2	0 1 0 1 0 0 0 0 0 0
110	1	0 0 0 0 0 0 0 1 0 0
110	42	0 0 0 0 0 0 0 0 0 0
110	2	1 0 0 0 1 0 0 0 0 0
110	1	1 0 0 0 0 1 0 0 0 0
110	14	1 0 0 0 0 0 0 0 0 0
110	2	0 0 0 0 0 1 0 0 0 0
110	5	0 0 1 0 0 0 0 0 0 0
110	2	0 1 0 0 0 0 0 1 0 0
110	10	0 1 0 0 0 0 0 0 0 0
110	1	1 1 0 0 0 0 0 0 0 0
110	2	1 0 0 0 0 0 1 0 0 0
110	1	1 0 0 0 0 0 0 0 1 0
110	1	1 0 1 0 0 0 0 0 0 0
110	1	0 1 0 0 1 0 0 1 0 0
120	9	0 0 0 1 1 0 0 0 0 0
120	1	0 1 0 0 0 0 0 0 1 0
120	1	0 0 0 0 0 0 0 1 0 0
120	1	0 0 0 0 0 1 0 0 0 0
120	1	0 1 0 1 0 0 0 0 0 0
120	10	0 1 0 0 0 0 0 0 0 0
120	35	0 0 0 0 0 0 0 0 0 0
120	28	1 0 0 0 0 0 0 0 0 0
120	2	0 0 1 0 0 0 0 0 1 0
120	2	1 0 1 0 0 0 0 0 0 0
120	8	0 0 1 0 0 0 0 0 0 0
120	2	0 1 0 0 0 0 0 1 0 0
130	10	0 0 0 1 1 0 0 0 0 0
130	1	0 0 0 0 0 0 0 1 0 0
130	3	0 1 0 0 0 0 0 1 0 0
130	7	0 1 0 0 0 0 0 0 0 0
130	12	0 0 1 0 0 0 0 0 0 0
130	5	1 0 1 0 0 0 0 0 0 0
130	29	1 0 0 0 0 0 0 0 0 0
130	32	0 0 0 0 0 0 0 0 0 0
130	1	1 0 0 0 0 0 1 0 0 0
140	1	0 0 1 1 1 0 0 0 0 0
140	11	0 0 0 1 1 0 0 0 0 0
140	1	0 0 0 0 0 0 0 1 0 0
140	2	0 1 0 0 0 0 0 1 0 0
140	1	1 1 0 0 0 0 0 0 0 0
140	10	0 1 0 0 0 0 0 0 0 0
140	1	1 0 0 0 0 0 0 0 1 0
140	2	1 0 0 0 0 0 0 0 0 1
140	24	1 0 0 0 0 0 0 0 0 0
140	21	0 0 0 0 0 0 0 0 0 0
140	9	1 0 1 0 0 0 0 0 0 0
140	2	0 0 1 0 0 0 0 0 1 0
140	15	0 0 1 0 0 0 0 0 0 0
150	7	0 0 1 1 1 0 0 0 0 0
150	2	0 0 0 0 1 0 0 0 0 0
150	2	0 0 0 1 1 0 0 0 1 0
150	3	0 0 0 1 1 0 0 0 0 0
150	4	0 1 0 0 0 0 0 1 0 0
150	1	0 1 0 0 1 0 0 0 0 0
150	1	0 1 1 0 0 0 0 0 1 0
150	7	0 1 1 0 0 0 0 0 0 0
150	12	0 0 0 0 0 0 0 0 0 0
150	10	0 1 0 0 0 0 0 0 0 0
150	2	1 0 0 0 0 1 0 0 0 0
150	1	1 0 0 0 0 0 0 0 0 1
150	1	1 0 0 0 0 0 0 1 0 0
150	9	1 0 1 0 0 0 0 0 0 0
150	1	1 0 0 0 0 0 1 0 0 0
150	19	1 0 0 0 0 0 0 0 0 0
150	1	0 0 0 0 0 0 0 0 0 1
150	4	0 0 1 0 0 0 0 0 1 0
150	12	0 0 1 0 0 0 0 0 0 0
150	1	0 1 1 1 0 0 0 0 0 0
