10	1	0 0 0 1 0 1 1 0 0 0 1 1 0 0 1 0 1 1 1 1 1 0 1 0 1 0 1 1 0 1 0 0 1 0 0 1 1 0 1 1 1 1 0 0 0 1 1 1 1 0
10	1	0 1 0 1 0 1 1 0 0 0 1 1 0 0 1 0 1 1 1 1 1 0 1 0 1 0 1 1 0 1 0 0 1 0 0 1 1 0 1 1 1 1 0 0 0 0 1 1 1 0
10	16	0 1 0 1 0 1 1 0 0 0 1 1 0 0 1 0 1 1 1 1 1 0 1 0 1 0 1 1 0 1 0 0 1 0 0 1 1 0 1 1 1 1 0 0 0 1 1 1 1 0
10	24	0 1 1 1 0 0 0 0 1 1 1 1 0 1 0 0 0 1 1 1 1 0 1 1 1 0 0 1 1 1 0 0 0 1 1 0 0 1 0 0 1 1 1 0 0 0 1 1 1 0
10	1	1 1 0 0 1 1 1 0 1 0 1 1 1 1 1 1 1 1 1 1 0 0 0 1 1 1 1 0 0 1 0 0 0 1 0 1 1 1 0 1 0 0 1 0 1 0 0 1 0 1
10	23	1 1 0 0 1 1 1 0 1 0 1 1 1 1 1 1 1 1 1 1 0 0 0 1 1 1 0 0 0 1 0 0 0 1 0 1 1 1 0 1 0 0 1 0 1 0 0 1 0 1
10	12	0 0 0 1 1 0 0 1 1 0 1 0 0 1 1 1 1 1 0 0 0 1 1 1 1 1 0 1 1 1 1 0 0 1 0 0 1 1 0 0 1 0 0 0 0 0 0 1 0 0
10	1	1 0 0 0 1 0 0 1 0 1 1 1 0 1 0 0 0 1 0 1 0 0 0 1 1 1 0 0 0 1 0 1 0 1 0 0 0 1 1 0 0 0 0 0 0 0 1 0 0 1
10	1	1 0 1 0 1 0 0 1 0 1 1 1 0 1 0 0 0 1 0 1 0 0 0 1 1 1 0 0 0 1 0 1 0 1 0 0 0 1 1 0 0 0 1 0 0 0 1 0 0 1
10	1	1 0 1 0 1 0 0 1 0 1 1 1 0 1 1 0 0 1 0 1 0 0 0 1 1 1 0 0 0 1 0 1 0 1 0 0 0 1 1 0 0 0 0 0 0 0 1 0 0 1
10	19	1 0 1 0 1 0 0 1 0 1 1 1 0 1 0 0 0 1 0 1 0 0 0 1 1 1 0 0 0 1 0 1 0 1 0 0 0 1 1 0 0 0 0 0 0 0 1 0 0 1
20	6	0 1 0 1 0 1 1 0 0 0 1 1 0 0 1 0 1 1 1 1 1 0 1 0 1 0 1 1 0 1 0 0 1 0 0 1 1 0 1 1 1 1 0 0 0 1 1 1 1 0
20	1	0 1 1 1 0 0 0 0 1 1 1 1 0 1 0 0 0 1 1 1 1 0 1 1 1 0 0 1 1 1 0 0 0 1 1 0 0 1 0 0 1 1 1 0 0 0 1 0 1 0
20	11	0 1 1 1 0 0 0 0 1 1 1 1 0 1 0 0 0 1 1 1 1 0 1 1 1 0 0 1 1 1 0 0 0 1 1 0 0 1 0 0 1 1 1 0 0 0 1 1 1 0
20	1	1 1 0 0 1 1 1 0 1 0 1 1 1 1 1 1 1 1 1 1 1 0 0 1 1 1 0 0 0 1 0 0 0 1 0 1 1 1 0 1 0 0 1 0 1 0 0 1 0 1
20	21	1 1 0 0 1 1 1 0 1 0 1 1 1 1 1 1 1 1 1 1 0 0 0 1 1 1 0 0 0 1 0 0 0 1 0 1 1 1 0 1 0 0 1 0 1 0 0 1 0 1
20	11	1 1 0 0 1 1 1 0 1 0 1 1 1 1 1 1 1 1 1 1 0 0 0 1 1 1 1 0 0 1 0 0 0 1 0 1 1 1 0 1 0 0 1 0 1 0 0 1 0 1
20	1	1 1 0 0 1 1 1 1 1 0 1 1 1 1 1 1 1 1 1 1 0 0 0 1 1 1 0 0 0 1 0 0 0 1 0 1 1 1 0 1 0 0 1 0 1 0 0 1 0 1
20	8	0 0 0 1 1 0 0 1 1 0 1 0 1 1 1 1 1 1 0 0 0 1 1 1 1 1 0 1 1 1 1 0 0 1 0 0 1 1 0 0 1 0 0 0 0 0 0 1 0 0
20	1	0 0 0 1 1 0 0 1 1 0 1 0 0 1 1 1 1 1 0 0 0 1 1 1 1 1 0 1 1 1 1 0 0 1 0 0 0 1 0 0 1 0 0 0 0 0 0 1 0 0
20	3	0 0 0 1 1 0 0 1 1 0 1 0 0 1 1 1 1 1 0 0 0 1 1 1 1 1 0 1 1 1 1 1 0 1 0 0 1 1 0 0 1 0 0 0 0 0 0 1 0 0
20	1	0 0 0 1 1 0 0 1 1 0 1 0 0 1 1 1 1 1 0 0 0 1 1 1 0 1 0 1 1 1 1 0 0 1 0 0 1 1 0 0 1 0 0 0 0 0 0 1 0 0
20	12	0 0 0 1 1 0 0 1 1 0 1 0 0 1 1 1 1 1 0 0 0 1 1 1 1 1 0 1 1 1 1 0 0 1 0 0 1 1 0 0 1 0 0 0 0 0 0 1 0 0
20	1	1 0 1 0 1 0 0 1 0 1 1 1 0 1 0 0 0 1 0 1 0 0 0 1 1 1 0 0 0 1 0 1 0 1 0 0 0 1 1 0 0 0 0 0 0 0 0 0 0 1
20	8	1 0 1 0 1 0 1 1 0 1 1 1 0 1 0 0 0 1 0 1 0 0 0 1 1 1 0 0 0 1 0 1 0 1 0 0 0 1 1 0 0 0 0 0 0 0 1 0 0 1
20	1	1 0 1 0 1 0 0 1 0 1 1 1 0 1 0 0 0 1 0 1 0 0 0 1 1 1 0 0 0 1 0 1 0 1 0 0 0 0 1 0 0 0 0 0 0 0 1 0 0 1
20	1	1 0 1 0 1 0 0 1 0 1 1 1 0 1 0 0 0 1 0 1 0 0 0 1 1 1 0 0 0 1 0 1 0 1 0 0 0 1 1 0 0 0 0 0 0 0 1 0 1 1
20	1	1 0 1 0 1 0 0 1 0 1 1 1 0 1 0 0 0 1 0 1 0 0 0 0 1 1 0 0 0 1 0 1 0 1 0 0 0 1 1 0 0 0 0 0 0 0 1 0 0 1
20	11	1 0 1 0 1 0 0 1 0 1 1 1 0 1 0 0 0 1 0 1 0 0 0 1 1 1 0 0 0 1 0 1 0 1 0 0 0 1 1 0 0 0 0 0 0 0 1 0 0 1
30	2	0 1 0 1 0 1 1 0 0 0 1 1 0 0 1 0 1 1 1 1 1 0 1 0 1 0 1 1 0 1 0 0 1 0 0 1 1 0 1 1 1 1 0 0 0 1 1 1 1 0
30	3	0 1 1 1 0 0 0 0 1 1 1 1 0 1 0 0 0 1 1 1 1 0 1 1 1 0 0 1 1 1 0 0 0 1 1 0 0 1 0 0 1 1 1 0 0 0 1 1 1 0
30	1	1 1 0 0 1 1 1 0 1 0 1 1 1 1 1 1 1 1 1 1 0 0 0 1 1 1 0 0 0 1 0 0 0 1 0 1 1 1 0 1 0 0 1 0 1 0 0 1 1 1
30	1	1 1 0 0 1 1 1 1 1 0 1 1 1 1 1 1 1 1 1 1 0 0 0 1 1 1 0 0 0 1 0 0 0 1 0 1 1 1 0 1 0 0 1 0 1 0 0 1 0 1
30	10	1 1 0 0 1 1 1 0 1 0 1 1 1 1 1 1 1 1 1 1 0 0 0 1 1 1 0 0 0 1 0 0 0 1 0 1 1 1 0 1 0 0 1 0 1 0 0 1 0 1
30	10	1 1 0 0 1 1 1 0 1 0 1 1 1 1 1 1 1 1 1 1 0 0 0 1 1 1 1 0 0 1 0 0 0 1 0 1 1 1 0 1 0 0 1 0 1 0 0 1 0 1
30	1	0 0 0 1 1 0 0 1 1 0 1 0 1 1 1 1 1 1 0 0 0 1 1 1 1 1 0 1 1 1 1 0 0 1 1 0 1 1 0 0 1 0 0 0 0 0 0 1 0 0
30	20	0 0 0 1 1 0 0 1 1 0 1 0 1 1 1 1 1 1 0 0 0 1 1 1 1 1 0 1 1 1 1 0 0 1 0 0 1 1 0 0 1 0 0 0 0 0 0 1 0 0
30	1	0 0 0 1 1 0 0 1 1 0 1 0 0 1 1 1 1 1 0 0 0 1 1 1 1 1 0 1 1 1 1 0 0 1 0 0 1 0 0 0 1 0 0 0 0 0 0 1 0 0
30	1	0 0 0 1 1 0 0 1 1 0 1 0 0 1 1 1 1 1 0 0 0 1 1 1 1 1 0 1 1 1 1 0 0 1 0 0 0 1 0 1 1 0 0 0 0 0 0 1 0 0
30	6	0 0 0 1 1 0 0 1 1 0 1 0 0 1 1 1 1 1 0 0 0 1 1 1 1 1 0 1 1 1 1 0 0 1 0 0 0 1 0 0 1 0 0 0 0 0 0 1 0 0
30	4	0 0 0 1 1 0 0 1 1 0 1 0 0 1 1 1 1 1 0 0 0 1 1 1 1 1 0 1 1 1 1 1 0 1 0 0 1 1 0 0 1 0 0 0 0 0 0 1 0 0
30	1	0 0 0 1 1 0 0 1 1 0 1 0 0 1 1 1 1 1 0 0 0 1 1 1 1 1 0 1 1 1 1 0 0 1 0 0 1 1 0 0 1 0 0 0 0 0 0 1 0 0
30	2	1 0 1 0 1 0 0 1 0 1 1 1 0 1 0 0 0 1 0 1 0 0 0 1 1 1 0 0 0 1 0 1 0 1 0 0 0 1 1 0 0 0 0 0 0 0 0 0 0 1
30	6	1 0 1 0 1 0 1 1 0 1 1 1 0 1 0 0 0 1 0 0 0 0 0 1 1 1 0 0 0 1 0 1 0 1 0 0 0 1 1 0 0 0 0 0 0 0 1 0 0 1
30	7	1 0 1 0 1 0 1 1 0 1 1 1 0 1 0 0 0 1 0 1 0 0 0 1 1 1 0 0 0 1 0 1 0 1 0 0 0 1 1 0 0 0 0 0 0 0 1 0 0 1
30	2	1 0 1 0 1 0 0 1 0 1 1 1 0 1 1 0 0 1 0 1 0 0 0 1 1 1 0 0 0 1 0 1 0 1 0 0 0 1 1 0 0 0 0 0 0 0 1 0 0 1
30	10	1 0 1 0 1 0 0 1 0 1 1 1 0 1 0 0 0 1 0 1 0 0 0 1 1 1 0 0 0 1 0 1 0 1 0 0 0 0 1 0 0 0 0 0 0 0 1 0 0 1
30	3	1 0 1 0 1 0 0 1 0 1 1 1 0 1 0 0 0 1 0 1 0 0 0 1 1 1 0 0 0 1 0 1 0 1 0 0 0 1 1 0 0 0 0 0 0 0 1 0 1 1
30	4	1 0 1 0 1 0 0 1 0 1 1 1 0 1 0 0 0 1 0 1 0 0 0 0 1 1 0 0 0 1 0 1 0 1 0 0 0 1 1 0 0 0 0 0 0 0 1 0 0 1
30	2	1 0 1 0 1 0 0 1 0 1 0 1 0 1 0 0 0 1 0 0 0 0 0 1 1 1 0 0 0 1 0 1 0 1 0 0 0 1 1 0 0 0 0 0 0 0 1 0 0 1
30	2	1 0 1 0 1 0 0 1 0 1 1 1 0 1 0 0 0 1 0 0 0 0 0 1 1 1 0 0 0 1 0 1 0 1 0 0 0 1 1 0 0 0 0 0 0 0 1 0 0 1
30	1	1 0 1 0 1 0 0 1 0 1 1 1 0 1 0 0 0 1 0 1 0 0 0 1 1 1 0 0 0 1 0 1 0 1 0 0 0 1 1 0 0 0 0 0 0 0 1 0 0 1
40	3	1 1 0 0 1 1 1 1 1 0 1 1 1 1 1 1 1 1 1 1 0 0 0 1 1 1 0 0 0 1 0 0 0 1 0 1 1 1 0 1 0 0 1 0 1 0 0 1 0 1
40	6	1 1 0 0 1 1 1 0 1 0 1 1 1 1 1 1 1 1 1 1 0 0 0 1 1 1 0 0 0 1 0 0 0 1 0 1 1 1 0 1 0 0 1 0 1 0 0 1 0 1
40	1	1 1 0 0 1 1 1 0 1 1 1 1 1 1 1 1 1 1 1 1 0 0 0 1 1 1 1 0 0 1 0 0 0 1 0 1 1 1 0 1 0 0 1 0 1 0 0 1 0 1
40	4	1 1 0 0 1 1 1 0 1 0 1 1 1 1 1 1 1 1 1 1 0 0 0 1 1 1 1 0 0 1 0 0 0 1 0 1 1 1 0 1 0 0 1 0 1 0 0 1 0 1
40	14	0 0 0 1 1 0 0 1 1 0 1 0 1 1 1 1 1 1 0 0 0 1 1 1 1 1 0 1 1 1 1 0 0 1 0 0 1 1 0 0 1 0 0 0 0 0 0 1 0 0
40	1	0 0 0 1 1 0 0 1 1 0 1 0 0 1 1 1 1 1 0 0 0 1 1 1 1 1 0 1 1 1 1 0 0 1 0 0 0 1 0 0 1 0 0 0 0 0 0 1 0 0
40	4	0 0 0 1 1 0 0 1 1 0 1 0 0 1 1 1 1 1 0 0 0 1 1 1 1 1 0 1 1 1 1 1 0 1 0 0 1 1 0 0 1 0 0 0 0 0 0 1 0 0
40	5	1 0 1 0 1 0 0 1 0 1 1 1 0 1 0 0 0 1 0 1 0 0 0 1 1 1 0 0 0 1 0 1 0 1 0 0 0 1 1 0 0 0 0 0 0 0 0 0 0 1
40	1	1 0 1 0 1 0 1 1 0 1 1 1 0 1 0 0 0 1 0 0 0 0 0 1 1 1 0 0 0 1 0 1 1 1 0 0 0 1 1 0 0 0 0 0 0 0 1 0 0 1
40	14	1 0 1 0 1 0 1 1 0 1 1 1 0 1 0 0 0 1 0 0 0 0 0 1 1 1 0 0 0 1 0 1 0 1 0 0 0 1 1 0 0 0 0 0 0 0 1 0 0 1
40	1	1 0 1 0 1 0 1 1 0 1 1 1 1 1 0 0 0 1 0 1 0 0 0 1 1 1 0 0 0 1 0 1 0 1 0 0 0 1 1 0 0 0 0 0 0 0 1 0 0 1
40	19	1 0 1 0 1 0 1 1 0 1 1 1 0 1 0 0 0 1 0 1 0 0 0 1 1 1 0 0 0 1 0 1 0 1 0 0 0 1 1 0 0 0 0 0 0 0 1 0 0 1
40	7	1 0 1 0 1 0 0 1 0 1 1 1 0 1 1 0 0 1 0 1 0 0 0 1 1 1 0 0 0 1 0 1 0 1 0 0 0 1 1 0 0 0 0 0 0 0 1 0 0 1
40	10	1 0 1 0 1 0 0 1 0 1 1 1 0 1 0 0 0 1 0 1 0 0 0 1 1 1 0 0 0 1 0 1 0 1 0 0 0 0 1 0 0 0 0 0 0 0 1 0 0 1
40	2	1 0 1 0 1 0 0 1 0 1 1 1 0 1 0 0 0 1 0 1 0 0 0 1 1 1 0 0 0 1 0 1 0 1 0 0 0 1 1 0 0 0 0 0 0 0 1 0 1 1
40	8	1 0 1 0 1 0 0 1 0 1 1 1 0 1 0 0 0 1 0 1 0 0 0 0 1 1 0 0 0 1 0 1 0 1 0 0 0 1 1 0 0 0 0 0 0 0 1 0 0 1
50	1	1 1 0 0 1 1 1 1 1 0 0 1 1 1 1 1 1 1 1 1 0 0 0 1 1 1 0 1 0 1 0 0 0 1 0 1 1 1 0 1 0 0 1 0 1 0 0 1 0 1
50	7	1 1 0 0 1 1 1 1 1 0 1 1 1 1 1 1 1 1 1 1 0 0 0 1 1 1 0 0 0 1 0 0 0 1 0 1 1 1 0 1 0 0 1 0 1 0 0 1 0 1
50	4	1 1 0 0 1 1 1 0 1 0 1 1 1 1 1 1 1 1 1 1 0 0 0 1 1 1 1 0 0 1 0 0 0 1 0 1 1 1 0 1 0 0 1 0 1 0 0 1 0 1
50	2	0 0 0 1 1 0 0 1 1 0 1 0 1 1 1 1 1 1 0 0 0 1 1 1 1 1 0 1 1 1 1 0 0 1 0 0 1 1 0 0 1 0 0 0 0 0 0 1 0 0
50	8	1 0 1 0 1 0 0 1 0 1 1 1 0 1 0 0 0 1 0 1 0 0 0 1 1 1 0 0 0 1 0 1 0 1 0 0 0 1 1 0 0 0 0 0 0 0 0 0 0 1
50	2	1 0 1 0 1 0 1 1 0 1 1 1 0 1 0 0 0 1 0 0 0 0 0 1 1 1 0 0 0 1 0 1 1 1 0 0 0 1 1 0 0 0 0 0 0 0 1 0 0 1
50	34	1 0 1 0 1 0 1 1 0 1 1 1 0 1 0 0 0 1 0 0 0 0 0 1 1 1 0 0 0 1 0 1 0 1 0 0 0 1 1 0 0 0 0 0 0 0 1 0 0 1
50	1	1 0 1 0 1 0 1 1 0 1 1 1 0 1 0 0 0 1 0 1 0 0 0 1 1 1 0 0 0 0 0 1 0 1 0 0 0 1 1 0 0 0 0 0 0 0 1 0 0 1
50	1	1 0 1 0 1 0 1 1 0 1 1 1 0 1 0 1 0 1 0 1 0 0 0 1 1 1 0 0 0 1 0 1 0 1 0 0 0 1 1 0 0 0 0 0 0 0 1 0 0 1
50	26	1 0 1 0 1 0 1 1 0 1 1 1 0 1 0 0 0 1 0 1 0 0 0 1 1 1 0 0 0 1 0 1 0 1 0 0 0 1 1 0 0 0 0 0 0 0 1 0 0 1
50	4	1 0 1 0 1 0 0 1 0 1 1 1 0 1 1 0 0 1 0 1 0 0 0 1 1 1 0 0 0 1 0 1 0 1 0 0 0 1 1 0 0 0 0 0 0 0 1 0 0 1
50	6	1 0 1 0 1 0 0 1 0 1 1 1 0 1 0 0 0 1 0 1 0 0 0 1 1 1 0 0 0 1 0 1 0 1 0 0 0 0 1 0 0 0 0 0 0 0 1 0 0 1
50	4	1 0 1 0 1 0 0 1 0 1 1 1 0 1 0 0 0 1 0 1 0 0 0 0 1 1 0 0 0 1 0 1 0 1 0 0 0 1 1 0 0 0 0 0 0 0 1 0 0 1
60	5	1 1 0 0 1 1 1 1 1 0 1 1 1 1 1 1 1 1 1 1 0 0 0 1 1 1 0 0 0 1 0 0 0 1 0 1 1 1 0 1 0 0 1 0 1 0 0 1 0 1
60	1	1 1 0 0 1 1 1 0 1 0 1 1 1 1 1 1 1 1 1 1 0 0 0 1 1 1 1 0 0 1 0 0 0 1 0 1 1 1 0 1 0 0 1 0 1 0 0 1 0 1
60	1	1 0 1 0 1 0 0 1 0 1 1 1 0 1 0 0 0 1 0 1 0 0 0 1 1 1 0 0 1 1 0 1 0 1 0 0 0 1 1 0 0 0 0 0 0 0 0 0 0 1
60	5	1 0 1 0 1 0 1 1 0 1 1 1 0 1 0 0 0 1 0 0 0 0 0 1 1 1 0 0 0 1 0 1 1 1 0 0 0 1 1 0 0 0 0 0 0 0 1 0 0 1
60	5	1 0 1 0 1 0 1 1 0 1 1 1 0 1 0 0 0 1 0 0 0 0 0 1 1 1 0 0 0 1 0 1 0 1 0 0 0 1 1 0 0 0 0 0 0 0 0 0 0 1
60	28	1 0 1 0 1 0 1 1 0 1 1 1 0 1 0 0 0 1 0 0 0 0 0 1 1 1 0 0 0 1 0 1 0 1 0 0 0 1 1 0 0 0 0 0 0 0 1 0 0 1
60	1	1 0 1 0 1 0 1 1 0 1 1 1 0 1 0 0 0 1 0 1 0 0 0 1 1 1 0 0 0 1 0 1 0 1 0 0 0 1 1 0 0 0 0 0 0 0 1 0 0 0
60	1	1 0 1 0 0 0 1 1 0 1 1 1 0 1 0 0 0 1 0 1 0 0 0 1 1 1 0 0 0 1 0 1 0 1 0 0 0 1 1 0 0 0 0 0 0 0 1 0 0 1
60	1	1 0 1 0 1 0 0 1 0 1 1 1 0 1 0 0 0 1 0 1 0 0 0 1 1 1 0 0 0 1 0 1 0 1 0 0 0 1 1 0 0 0 0 0 0 0 1 0 0 1
60	33	1 0 1 0 1 0 1 1 0 1 1 1 0 1 0 0 0 1 0 1 0 0 0 1 1 1 0 0 0 1 0 1 0 1 0 0 0 1 1 0 0 0 0 0 0 0 1 0 0 1
60	6	1 0 1 0 1 0 0 1 0 1 1 1 0 1 1 0 0 1 0 1 0 0 0 1 1 1 0 0 0 1 0 1 0 1 0 0 0 1 1 0 0 0 0 0 0 0 1 0 0 1
60	1	1 0 1 0 1 0 0 1 0 1 1 1 0 1 0 0 0 1 0 1 0 0 0 1 1 1 0 0 0 1 0 1 0 1 0 0 0 0 1 0 0 0 0 0 0 0 1 0 0 1
60	6	1 0 1 0 1 0 0 1 1 1 1 1 0 1 0 0 0 1 0 1 0 0 0 0 1 1 0 0 0 1 0 1 0 1 0 0 0 1 1 0 0 0 0 0 0 0 1 0 0 1
60	6	1 0 1 0 1 0 0 1 0 1 1 1 0 1 0 0 0 1 0 1 0 0 0 0 1 1 0 0 0 1 0 1 0 1 0 0 0 1 1 0 0 0 0 0 0 0 1 0 0 1
70	1	1 1 0 0 1 1 1 1 1 0 1 1 1 1 1 1 1 1 1 1 0 0 0 1 1 1 0 0 0 1 0 0 0 1 0 1 1 1 0 1 0 1 1 0 1 0 0 1 0 1
70	6	1 1 0 0 1 1 1 1 1 0 1 1 1 1 1 1 1 1 1 1 0 0 0 1 1 1 0 0 0 1 0 0 0 1 0 1 1 1 0 1 0 0 1 0 1 0 0 1 0 1
70	1	1 0 1 0 1 0 0 1 0 1 1 1 0 1 0 0 0 1 0 1 0 0 0 1 1 1 0 0 0 1 0 1 0 1 0 0 0 1 1 0 0 0 0 0 0 0 0 0 0 1
70	6	1 0 1 0 1 0 1 1 0 1 1 1 0 1 0 0 0 1 0 0 0 0 0 1 1 1 0 0 0 1 0 1 1 1 0 0 0 1 1 0 0 0 0 0 0 0 1 0 0 1
70	2	1 0 1 0 1 0 1 1 0 1 1 1 0 1 0 0 0 1 0 0 0 0 0 1 1 1 0 0 0 1 0 1 0 1 0 0 0 1 1 0 0 0 0 0 0 0 0 0 0 1
70	2	1 0 1 0 1 0 1 1 0 1 1 1 0 1 0 0 0 1 0 0 0 0 0 1 1 1 1 0 0 1 0 1 0 1 0 0 0 1 1 0 0 0 0 0 0 0 1 0 0 1
70	1	1 0 1 0 1 0 1 1 0 1 1 1 0 1 1 0 0 1 0 0 0 0 0 1 1 1 0 0 0 1 0 1 0 1 0 0 0 1 1 0 0 0 0 0 0 0 1 0 0 1
70	1	1 0 1 0 1 0 1 1 0 1 1 1 0 1 0 0 0 1 0 0 0 0 0 1 1 1 0 0 0 1 0 1 0 1 0 0 0 1 1 0 0 0 0 0 0 0 1 1 0 1
70	34	1 0 1 0 1 0 1 1 0 1 1 1 0 1 0 0 0 1 0 0 0 0 0 1 1 1 0 0 0 1 0 1 0 1 0 0 0 1 1 0 0 0 0 0 0 0 1 0 0 1
70	1	1 1 1 0 1 0 1 1 0 1 1 1 0 1 0 0 0 1 0 1 0 0 0 1 1 1 0 0 0 1 0 1 0 1 0 0 0 1 1 0 0 0 0 0 0 0 1 0 0 1
70	1	1 0 1 0 1 0 1 1 0 1 1 1 0 1 0 1 0 1 0 1 0 0 0 1 1 1 0 0 0 1 0 1 0 1 0 0 0 1 1 0 0 0 0 0 0 0 1 0 0 1
70	2	1 0 1 0 1 0 1 1 0 1 1 1 0 1 0 0 0 1 0 1 0 0 0 1 1 1 0 0 0 1 0 1 0 1 0 0 0 1 0 0 0 0 0 0 0 0 1 0 0 1
70	36	1 0 1 0 1 0 1 1 0 1 1 1 0 1 0 0 0 1 0 1 0 0 0 1 1 1 0 0 0 1 0 1 0 1 0 0 0 1 1 0 0 0 0 0 0 0 1 0 0 1
70	1	1 0 1 0 1 0 0 1 0 1 1 1 0 1 1 0 0 1 0 1 0 0 0 1 1 1 0 0 0 1 0 1 0 1 0 0 0 1 1 0 0 0 0 0 0 0 1 0 0 1
70	3	1 0 1 0 1 0 0 1 0 1 1 1 0 1 0 0 0 1 0 1 0 0 0 1 1 1 0 0 0 1 0 1 0 1 0 0 0 0 1 0 0 0 0 0 0 0 1 0 0 1
70	1	1 1 1 0 1 0 0 1 0 1 1 1 0 1 0 0 0 1 0 1 0 0 0 0 1 1 0 0 0 1 0 1 0 1 0 0 0 1 1 0 0 0 0 0 0 0 1 0 0 1
70	1	1 0 1 0 1 0 0 1 0 1 1 1 0 1 0 0 0 1 0 1 0 0 0 0 1 1 0 0 0 1 0 1 0 1 0 0 0 1 1 0 0 0 0 0 0 0 1 0 0 1
80	1	1 1 0 0 1 1 1 1 1 0 1 1 1 1 1 1 1 1 1 1 0 0 0 1 1 1 0 0 0 1 0 0 0 1 0 1 1 1 0 1 0 0 1 0 1 0 0 1 0 1
80	2	1 0 1 0 1 0 0 1 0 1 1 1 0 1 0 0 0 1 0 1 0 0 0 1 1 1 0 0 0 1 0 1 0 1 0 0 0 1 1 1 0 0 0 0 0 0 0 0 0 1
80	1	1 0 1 0 1 0 0 1 0 1 1 1 0 1 0 0 0 1 0 1 0 0 0 1 1 1 0 0 1 1 0 1 0 1 0 0 0 1 1 0 0 0 0 0 0 0 0 0 0 1
80	1	0 0 1 0 1 0 1 1 0 1 1 1 0 1 0 0 0 1 0 0 0 0 0 1 1 1 0 0 0 1 0 1 1 1 0 0 0 1 1 0 0 0 0 0 0 0 1 0 0 1
80	2	1 0 1 0 1 0 1 1 0 1 1 1 0 1 0 0 0 1 0 0 0 0 0 1 1 1 0 0 0 1 0 1 1 1 0 0 0 1 1 0 0 0 0 0 0 0 1 0 0 1
80	5	1 0 1 0 1 0 1 1 0 1 1 1 0 1 0 0 0 1 1 0 0 0 0 1 1 1 0 0 0 1 0 1 0 1 0 0 0 1 1 0 0 0 0 0 0 0 0 0 0 1
80	6	1 0 1 0 1 0 1 1 0 1 1 1 0 1 0 0 0 1 0 0 0 0 0 1 1 1 0 0 0 1 0 1 0 1 0 0 0 1 1 0 0 0 0 0 0 0 0 0 0 1
80	1	0 0 1 0 1 0 1 1 0 1 1 1 0 1 0 0 0 1 0 0 0 0 0 1 1 1 0 0 0 1 0 1 0 1 0 0 0 1 1 0 0 0 0 0 0 0 1 0 0 1
80	26	1 0 1 0 1 0 1 1 0 1 1 1 0 1 0 0 0 1 0 0 0 0 0 1 1 1 0 0 0 1 0 1 0 1 0 0 0 1 1 0 0 0 0 0 0 0 1 0 0 1
80	1	1 1 1 0 1 0 0 1 0 1 1 1 0 1 0 0 0 1 0 1 0 0 0 1 1 1 0 0 0 1 0 1 0 1 0 0 0 1 1 0 0 0 0 0 0 0 1 0 0 1
80	2	1 1 1 0 1 0 1 1 0 1 1 1 0 1 0 0 0 1 0 1 0 0 0 1 1 1 0 0 0 1 0 1 0 1 0 0 0 1 1 0 0 0 0 0 0 0 1 0 0 1
80	1	1 0 1 0 1 0 1 1 0 1 1 1 0 1 0 0 0 1 0 1 0 0 0 0 1 1 0 0 0 1 0 1 0 1 0 0 0 1 1 0 0 0 0 0 0 0 1 0 0 1
80	1	0 0 1 0 1 0 1 1 0 1 1 1 0 1 0 0 0 1 0 1 0 0 0 1 1 1 0 0 0 1 0 1 0 1 0 0 0 1 1 0 0 0 0 0 0 0 1 0 0 1
80	1	1 0 1 0 1 0 1 1 0 1 1 1 0 1 0 0 0 1 0 1 0 0 0 1 1 1 0 0 0 1 0 1 0 1 0 0 1 1 1 0 0 0 0 0 0 0 1 0 0 1
80	45	1 0 1 0 1 0 1 1 0 1 1 1 0 1 0 0 0 1 0 1 0 0 0 1 1 1 0 0 0 1 0 1 0 1 0 0 0 1 1 0 0 0 0 0 0 0 1 0 0 1
80	1	1 1 1 0 1 0 0 1 0 1 1 1 0 1 0 0 0 1 0 1 0 0 0 0 1 1 0 0 0 1 0 1 0 1 0 0 0 1 1 0 0 0 0 0 0 0 1 0 0 1
80	1	1 0 1 0 1 0 0 1 1 1 1 1 0 1 0 0 0 1 0 1 0 0 0 0 1 1 0 0 0 1 0 1 0 1 0 0 0 1 1 0 0 0 0 0 0 0 1 0 0 1
80	2	1 0 1 0 1 0 0 1 0 1 1 1 0 1 0 0 0 1 0 1 0 0 0 0 1 1 0 0 0 1 0 1 0 1 0 0 0 1 1 0 0 0 0 0 0 0 1 0 0 1
90	1	1 1 0 0 1 1 1 1 1 0 1 1 1 1 1 1 1 1 1 1 0 0 0 1 1 1 0 0 0 1 0 0 0 1 0 1 1 1 0 1 0 0 1 0 1 0 0 1 0 1
90	3	1 0 1 0 1 0 1 1 0 1 1 1 0 1 0 0 0 1 0 0 0 0 0 1 1 1 0 0 0 1 0 1 1 1 0 0 0 1 1 0 0 0 0 0 0 0 1 0 0 1
90	28	1 0 1 0 1 0 1 1 0 1 1 1 0 1 0 0 0 1 0 0 0 0 0 1 1 1 0 0 0 1 0 1 0 1 0 0 0 1 1 0 0 0 0 0 0 0 0 0 0 1
90	1	1 0 1 0 1 0 1 1 0 1 1 1 0 1 0 0 0 1 0 0 0 0 0 1 1 1 0 0 0 1 0 1 0 1 0 0 0 1 0 0 0 0 0 0 0 0 1 0 0 1
90	25	1 0 1 0 1 0 1 1 0 1 1 1 0 1 0 0 0 1 0 0 0 0 0 1 1 1 0 0 0 1 0 1 0 1 0 0 0 1 1 0 0 0 0 0 0 0 1 0 0 1
90	34	1 0 1 0 1 0 1 1 0 1 1 1 0 1 0 0 0 1 0 1 0 0 0 1 1 1 0 0 0 1 0 1 0 1 0 0 0 1 1 0 0 0 0 0 0 0 1 0 0 1
90	1	1 0 1 0 1 0 1 1 0 1 1 1 0 1 0 0 0 1 0 0 0 0 0 1 1 1 0 0 0 1 0 1 0 1 0 0 0 1 1 0 0 1 0 0 0 0 1 0 0 1
90	2	1 0 1 0 1 0 1 1 0 1 1 1 0 1 0 0 0 1 0 1 0 0 0 1 1 1 0 0 0 1 0 1 0 1 0 0 0 1 1 0 0 0 0 0 0 0 1 0 0 0
90	1	1 0 1 0 1 0 1 1 0 1 1 1 0 1 0 0 0 1 0 1 0 0 0 1 1 1 0 0 0 1 0 1 0 1 0 0 1 1 1 0 0 0 0 0 0 0 1 0 0 1
90	1	1 0 1 0 1 0 1 1 0 1 1 1 0 1 0 0 0 1 0 1 0 0 0 1 1 1 0 0 0 1 0 1 0 1 0 0 0 1 1 0 1 0 0 0 0 0 1 0 0 1
90	1	1 0 1 0 1 0 1 1 0 1 1 1 1 1 0 0 0 1 0 1 0 0 0 1 1 1 0 0 0 1 0 1 0 1 0 0 0 1 1 0 0 0 0 0 0 0 1 0 0 1
90	1	1 0 1 0 1 1 1 1 0 1 1 1 0 1 0 0 0 1 0 1 0 0 0 1 1 1 0 0 0 1 0 1 0 1 0 0 0 1 1 0 0 0 0 0 0 0 1 0 0 1
90	1	1 1 1 0 1 0 0 1 0 1 1 1 0 1 0 0 0 1 0 1 0 0 0 0 1 1 0 0 0 1 0 1 0 1 0 0 0 1 1 0 0 0 0 0 0 0 1 0 0 1
100	1	1 1 0 0 1 1 1 1 1 0 1 1 1 1 1 1 1 1 1 1 0 0 0 1 1 1 0 0 0 1 0 0 0 1 0 1 1 1 0 1 0 0 1 0 1 0 0 1 0 1
100	3	1 0 1 0 1 0 1 1 0 1 1 1 0 1 0 0 0 1 0 0 0 0 0 1 1 1 0 0 0 1 0 1 1 1 0 0 0 1 1 0 0 0 0 0 0 0 1 0 0 1
100	4	1 0 1 0 1 0 1 1 0 1 1 1 0 1 0 0 0 1 1 0 0 0 0 1 1 1 0 0 0 1 0 1 0 1 0 0 0 1 1 0 0 0 0 0 0 0 0 0 0 1
100	2	1 0 1 0 1 0 1 1 0 1 1 1 0 1 0 0 0 1 0 0 0 0 0 1 1 1 0 0 0 1 0 1 1 1 0 0 0 1 1 0 0 0 0 0 0 0 0 0 0 1
100	1	1 0 1 1 1 0 1 1 0 1 1 1 0 1 0 0 0 1 0 0 0 0 0 1 1 1 0 0 0 1 0 1 0 1 0 0 0 1 1 0 0 0 0 0 0 0 0 0 0 1
100	26	1 0 1 0 1 0 1 1 0 1 1 1 0 1 0 0 0 1 0 0 0 0 0 1 1 1 0 0 0 1 0 1 0 1 0 0 0 1 1 0 0 0 0 0 0 0 0 0 0 1
100	1	1 0 1 0 1 0 1 1 0 1 1 1 0 1 0 0 0 1 0 1 0 0 0 1 1 1 0 0 0 1 0 1 0 1 0 0 0 1 1 0 0 0 0 0 0 0 1 0 1 1
100	17	1 0 1 0 1 0 1 1 0 1 1 1 0 1 0 0 0 1 0 1 0 0 0 1 1 1 0 0 0 1 0 1 0 1 0 0 0 1 1 0 0 0 0 0 0 0 1 0 0 1
100	42	1 0 1 0 1 0 1 1 0 1 1 1 0 1 0 0 0 1 0 0 0 0 0 1 1 1 0 0 0 1 0 1 0 1 0 0 0 1 1 0 0 0 0 0 0 0 1 0 0 1
100	2	1 0 1 0 1 0 1 1 0 1 1 1 0 1 0 1 0 1 0 1 0 0 0 1 0 1 0 0 0 1 0 1 0 1 0 0 0 1 1 0 0 0 0 0 0 0 1 0 0 1
100	1	1 0 1 1 1 0 1 1 0 1 1 1 0 1 0 0 0 1 0 1 0 0 0 0 1 1 0 0 0 1 0 1 0 1 0 0 0 1 1 0 0 0 0 0 0 0 1 0 0 1
110	31	1 0 1 0 1 0 1 1 0 1 1 1 0 1 0 0 0 1 0 0 0 0 0 1 1 1 0 0 0 1 0 1 0 1 0 0 0 1 1 0 0 0 0 0 0 0 1 0 0 1
110	12	1 0 1 0 1 0 1 1 0 1 1 1 0 1 0 0 0 1 1 0 0 0 0 1 1 1 0 0 0 1 0 1 0 1 0 0 0 1 1 0 0 0 0 0 0 0 0 0 0 1
110	1	1 0 1 0 1 0 1 1 0 1 1 1 0 1 0 0 0 1 0 0 0 0 0 1 1 1 0 0 0 1 0 1 0 1 0 0 0 1 1 0 0 1 0 0 0 0 1 0 0 1
110	1	1 0 1 0 1 0 1 0 0 1 1 1 0 1 0 0 0 1 0 0 0 0 0 1 1 1 0 0 0 1 0 1 0 1 0 0 0 1 1 0 0 0 0 0 0 0 1 0 0 1
110	1	1 0 1 0 1 0 1 1 0 1 1 1 0 1 0 0 0 1 0 0 0 0 0 1 1 1 0 0 0 1 0 1 0 1 0 0 0 1 1 1 0 0 0 0 0 0 0 0 0 1
110	33	1 0 1 0 1 0 1 1 0 1 1 1 0 1 0 0 0 1 0 0 0 0 0 1 1 1 0 0 0 1 0 1 0 1 0 0 0 1 1 0 0 0 0 0 0 0 0 0 0 1
110	1	1 0 1 0 1 0 1 1 0 1 1 1 0 1 0 0 0 1 0 0 0 0 0 1 1 1 0 0 0 1 1 1 0 1 0 0 0 1 0 0 0 0 0 0 0 0 1 0 0 1
110	18	1 0 1 0 1 0 1 1 0 1 1 1 0 1 0 0 0 1 0 1 0 0 0 1 1 1 0 0 0 1 0 1 0 1 0 0 0 1 1 0 0 0 0 0 0 0 1 0 0 1
110	2	1 0 1 0 1 0 1 1 0 1 1 1 0 1 0 0 0 1 0 1 0 0 0 1 1 1 0 0 0 1 0 1 0 1 0 0 0 1 1 0 0 0 0 1 0 0 1 0 0 1
120	1	1 0 1 0 1 0 1 1 0 1 1 1 0 1 1 0 0 1 0 0 0 0 0 1 1 1 0 0 0 1 0 1 0 1 0 0 0 1 1 0 0 0 0 0 0 0 1 0 0 1
120	21	1 0 1 0 1 0 1 1 0 1 1 1 0 1 0 0 0 1 0 0 0 0 0 1 1 1 0 0 0 1 0 1 0 1 0 0 0 1 1 0 0 0 0 0 0 0 1 0 0 1
120	1	1 0 1 0 1 0 1 1 0 1 1 1 0 1 0 0 0 1 0 0 0 0 0 1 1 1 0 0 0 1 0 1 1 1 0 0 0 1 1 0 0 0 0 0 0 0 1 0 0 1
120	1	1 0 1 0 1 1 1 1 0 0 1 1 0 1 0 0 0 1 1 0 0 0 0 1 1 1 0 0 0 1 0 1 0 1 0 0 0 1 1 0 0 0 0 0 0 0 0 0 0 1
120	1	1 0 1 0 1 0 1 1 1 1 1 1 0 1 0 0 0 1 0 0 0 0 0 1 1 1 0 0 0 1 0 1 0 1 0 0 0 1 1 0 0 0 0 0 0 0 0 0 0 1
120	1	1 0 1 0 1 0 1 1 0 1 1 0 0 1 0 0 0 1 0 0 0 0 0 1 1 1 0 0 0 1 0 1 0 1 0 0 0 1 1 0 0 0 0 0 0 0 0 0 0 1
120	51	1 0 1 0 1 0 1 1 0 1 1 1 0 1 0 0 0 1 0 0 0 0 0 1 1 1 0 0 0 1 0 1 0 1 0 0 0 1 1 0 0 0 0 0 0 0 0 0 0 1
120	10	1 0 1 0 1 0 1 1 0 1 1 1 0 1 0 0 0 1 1 0 0 0 0 1 1 1 0 0 0 1 0 1 0 1 0 0 0 1 1 0 0 0 0 0 0 0 0 0 0 1
120	1	1 0 1 0 1 0 1 1 0 1 1 1 0 1 0 0 0 1 0 0 0 0 0 1 1 0 0 0 0 1 0 1 0 1 0 0 0 1 1 0 0 0 0 0 0 0 0 0 0 1
120	2	1 0 1 0 1 0 1 1 0 1 1 1 0 1 0 0 0 1 0 0 0 0 0 1 1 1 0 0 0 1 0 1 0 1 0 0 0 1 1 1 0 0 0 0 0 0 0 0 0 1
120	2	1 0 1 0 1 0 1 1 0 1 1 1 0 1 0 0 0 0 0 0 0 0 0 1 1 1 0 0 0 1 0 1 0 1 0 0 0 1 1 0 0 0 0 0 0 0 0 0 0 1
120	1	1 0 1 0 1 0 1 1 0 1 1 1 0 1 0 0 0 1 0 0 0 0 0 1 1 1 0 0 0 1 1 1 0 1 0 0 0 1 0 0 0 0 0 0 0 0 1 0 0 1
120	7	1 0 1 0 1 0 1 1 0 1 1 1 0 1 0 0 0 1 0 1 0 0 0 1 1 1 0 0 0 1 0 1 0 1 0 0 0 1 1 0 0 0 0 0 0 0 1 0 0 1
130	4	1 0 1 0 1 0 1 1 0 1 1 1 0 1 0 0 0 1 0 0 0 0 0 1 1 1 0 0 0 1 0 1 0 1 0 0 0 1 1 0 0 0 0 0 0 0 1 0 0 1
130	2	1 0 1 0 1 1 1 1 0 1 1 1 0 1 0 0 0 1 1 0 0 0 0 1 1 1 0 0 0 1 0 1 0 1 0 0 0 1 1 0 0 0 0 0 0 0 0 0 0 1
130	3	1 0 1 0 1 0 1 1 1 1 1 1 0 1 0 0 0 1 0 0 0 0 0 1 1 1 0 0 0 1 0 1 0 1 0 0 0 1 1 0 0 0 0 0 0 0 0 0 0 1
130	2	1 0 1 0 1 0 1 1 0 1 1 1 0 0 0 0 0 1 0 0 0 0 0 1 1 1 0 0 0 1 0 1 0 1 0 0 0 1 1 0 0 0 0 0 0 0 0 0 0 1
130	15	1 0 1 0 1 0 1 1 0 1 1 1 0 1 0 0 0 1 1 0 0 0 0 1 1 1 0 0 0 1 0 1 0 1 0 0 0 1 1 0 0 0 0 0 0 0 0 0 0 1
130	6	1 0 1 0 1 0 1 1 0 1 1 1 0 1 0 0 0 0 0 0 0 0 0 1 1 1 0 0 0 1 0 1 0 1 0 0 0 1 1 0 0 0 0 0 0 0 0 0 0 1
130	60	1 0 1 0 1 0 1 1 0 1 1 1 0 1 0 0 0 1 0 0 0 0 0 1 1 1 0 0 0 1 0 1 0 1 0 0 0 1 1 0 0 0 0 0 0 0 0 0 0 1
130	3	1 0 1 0 1 0 1 1 0 1 1 1 0 1 0 0 0 1 1 0 0 0 0 0 1 1 0 0 0 1 0 1 0 1 0 0 0 1 1 0 0 0 0 0 0 0 0 0 0 1
130	5	1 0 1 0 1 0 1 1 0 1 1 1 0 1 0 0 0 1 0 0 0 0 0 1 1 0 0 0 0 1 0 1 0 1 0 0 0 1 1 0 0 0 0 0 1 0 0 0 0 1
140	3	1 0 1 0 1 0 1 1 0 1 1 1 0 1 0 0 0 1 0 0 0 0 0 1 1 1 0 0 0 1 0 1 0 1 0 0 0 1 1 0 0 0 0 0 0 0 1 0 0 1
140	2	1 0 1 0 1 1 1 1 0 1 1 1 0 1 0 0 0 1 1 0 0 0 0 1 1 1 0 0 0 1 0 1 0 1 0 0 0 1 1 0 0 0 0 0 0 0 0 0 0 1
140	4	1 0 1 0 1 0 1 1 1 1 1 1 0 1 0 0 0 1 0 0 0 0 0 1 1 1 0 0 1 1 0 1 0 1 0 0 0 1 1 0 0 0 0 0 0 0 0 0 0 1
140	1	1 0 1 0 1 0 1 1 1 1 1 1 0 1 0 0 0 1 0 0 0 0 0 1 1 1 0 0 0 1 0 1 0 1 0 0 0 1 1 0 0 0 0 0 0 0 0 1 0 1
140	10	1 0 1 0 1 0 1 1 1 1 1 1 0 1 0 0 0 1 0 0 0 0 0 1 1 1 0 0 0 1 0 1 0 1 0 0 0 1 1 0 0 0 0 0 0 0 0 0 0 1
140	1	0 0 1 0 1 0 1 1 0 1 1 1 0 0 0 0 0 1 0 0 0 0 0 1 1 1 0 0 0 1 0 1 0 1 0 0 0 1 1 0 0 0 0 0 0 0 0 0 0 1
140	1	1 0 1 0 1 0 1 1 0 1 1 1 0 0 0 0 0 1 0 0 0 0 0 1 1 1 0 0 0 1 0 1 0 1 0 0 0 1 1 0 0 0 0 0 0 0 0 0 0 1
140	1	1 0 1 0 1 0 1 1 0 1 1 1 0 1 0 0 0 1 0 0 0 0 0 1 1 1 0 0 0 1 0 1 0 1 0 0 0 1 1 0 0 0 0 1 0 0 0 0 0 1
140	16	1 0 1 0 1 0 1 1 0 1 1 1 0 1 0 0 0 1 1 0 0 0 0 1 1 1 0 0 0 1 0 1 0 1 0 0 0 1 1 0 0 0 0 0 0 0 0 0 0 1
140	2	1 1 1 0 1 0 1 1 0 1 1 1 0 1 0 0 0 1 0 0 0 0 0 1 1 1 0 0 0 1 0 1 0 1 0 0 0 1 1 0 0 0 0 0 0 0 0 0 0 1
140	5	1 0 1 0 1 0 1 1 0 1 1 1 0 1 0 0 0 0 0 0 0 0 0 1 1 1 0 0 0 1 0 1 0 1 0 0 0 1 1 0 0 0 0 0 0 0 0 0 0 1
140	49	1 0 1 0 1 0 1 1 0 1 1 1 0 1 0 0 0 1 0 0 0 0 0 1 1 1 0 0 0 1 0 1 0 1 0 0 0 1 1 0 0 0 0 0 0 0 0 0 0 1
140	1	1 0 1 0 1 0 1 1 0 1 1 1 0 1 0 0 0 1 0 0 0 0 0 1 1 0 0 0 0 1 0 1 0 1 0 0 0 1 1 0 0 0 0 0 1 0 0 0 0 1
140	1	1 0 1 0 1 0 1 1 0 1 1 1 0 1 0 0 0 1 0 0 0 0 0 1 1 1 0 0 0 1 0 1 0 1 0 0 0 1 1 1 1 0 0 0 0 0 0 0 0 1
140	2	1 0 1 0 1 0 1 1 0 1 1 1 0 1 0 0 0 1 0 0 0 0 0 1 1 1 0 0 0 1 0 1 0 1 0 0 0 1 1 1 0 0 0 0 0 0 0 0 0 1
140	1	1 0 1 0 1 0 1 1 0 1 1 1 0 1 0 0 0 0 0 0 0 0 0 1 1 1 0 0 0 1 0 1 0 1 0 0 0 1 1 0 0 0 0 0 0 0 0 1 0 1
150	1	1 0 1 0 1 0 1 1 0 1 1 1 0 1 0 0 0 1 0 0 0 0 0 1 1 1 0 0 0 1 0 1 0 1 0 0 0 1 1 0 0 0 0 0 0 0 1 0 0 1
150	7	1 0 1 0 1 1 1 1 0 1 1 1 0 1 0 0 0 1 1 0 0 0 0 1 1 1 0 0 0 1 0 1 0 1 0 0 0 1 1 0 0 0 0 0 0 0 0 0 0 1
150	1	1 0 1 0 1 0 1 1 1 1 1 1 0 1 0 0 0 1 0 0 0 0 0 1 1 1 0 0 1 1 0 1 0 1 0 0 0 1 1 0 0 0 0 0 0 0 0 0 0 1
150	15	1 0 1 0 1 0 1 1 1 1 1 1 0 1 0 0 0 1 0 0 0 0 0 1 1 1 0 0 0 1 0 1 0 1 0 0 0 1 1 0 0 0 0 0 0 0 0 0 0 1
150	2	1 0 1 0 1 0 1 1 0 1 1 1 0 1 0 0 0 1 0 0 0 0 0 1 1 1 0 0 0 1 0 1 0 1 0 0 0 1 1 0 0 0 0 1 0 0 0 0 0 1
150	1	1 0 1 0 1 0 1 1 0 1 1 1 0 1 0 0 0 1 1 0 0 0 0 1 1 1 0 0 0 1 0 1 0 1 0 0 0 1 1 0 0 0 0 0 0 0 0 0 0 0
150	4	1 0 1 0 1 0 1 1 0 1 1 1 0 1 0 1 0 1 0 0 0 0 0 1 1 1 0 0 0 1 0 1 0 1 0 0 0 1 1 0 0 0 0 0 0 0 0 0 0 1
150	2	1 0 1 0 1 0 1 1 0 1 1 1 0 1 0 0 0 1 0 0 0 0 0 1 1 1 0 0 0 1 0 1 0 1 0 0 0 1 1 0 0 0 0 0 0 0 0 0 0 0
150	4	1 0 1 0 1 0 1 1 0 1 1 1 0 1 0 0 0 1 0 0 0 0 0 1 1 1 0 0 0 1 0 1 0 1 0 0 0 1 1 1 0 0 0 0 0 0 0 0 0 1
150	41	1 0 1 0 1 0 1 1 0 1 1 1 0 1 0 0 0 1 0 0 0 0 0 1 1 1 0 0 0 1 0 1 0 1 0 0 0 1 1 0 0 0 0 0 0 0 0 0 0 1
150	15	1 0 1 0 1 0 1 1 0 1 1 1 0 1 0 0 0 1 1 0 0 0 0 1 1 1 0 0 0 1 0 1 0 1 0 0 0 1 1 0 0 0 0 0 0 0 0 0 0 1
150	4	1 0 1 0 1 0 1 1 0 1 1 1 0 1 0 0 0 0 0 0 0 0 0 1 1 1 0 0 0 1 0 1 0 1 0 0 0 1 1 0 0 0 0 0 0 0 0 0 0 1
150	2	1 0 1 0 1 0 1 1 0 1 1 1 0 1 0 0 0 1 0 0 0 0 0 1 1 1 0 1 0 1 0 1 0 1 0 0 0 1 1 0 0 0 0 0 0 0 0 0 0 1
150	1	1 0 1 0 1 0 1 1 0 1 1 1 0 1 0 0 0 1 0 0 0 0 0 1 0 1 0 0 0 1 0 1 0 1 0 0 0 1 1 0 0 0 0 0 0 0 0 0 0 1
160	12	1 0 1 0 1 1 1 1 0 1 1 1 0 1 0 0 0 1 1 0 0 0 0 1 1 1 0 0 0 1 0 1 0 1 0 0 0 1 1 0 0 0 0 0 0 0 0 0 0 1
160	2	1 0 1 0 1 0 1 1 1 1 1 1 0 1 0 0 0 1 0 0 0 0 0 1 1 1 0 0 1 1 0 1 0 1 0 0 0 1 1 0 0 0 0 0 0 0 0 0 0 1
160	1	1 0 1 0 1 0 1 1 1 1 1 1 0 1 0 0 0 1 0 0 0 0 0 1 1 1 0 1 0 1 0 1 0 1 0 0 0 1 1 0 0 0 0 0 0 0 0 0 0 1
160	27	1 0 1 0 1 0 1 1 1 1 1 1 0 1 0 0 0 1 0 0 0 0 0 1 1 1 0 0 0 1 0 1 0 1 0 0 0 1 1 0 0 0 0 0 0 0 0 0 0 1
160	4	1 0 1 1 1 0 1 1 0 1 1 1 0 1 0 0 0 1 1 0 0 0 0 1 1 1 0 0 0 1 0 1 0 1 0 0 0 1 1 0 0 0 0 0 0 0 0 0 0 1
160	3	1 0 1 0 1 0 1 1 0 1 1 1 0 1 0 0 0 1 1 0 0 0 0 1 1 1 0 0 0 1 0 1 0 1 0 0 0 1 1 0 0 0 0 0 0 0 0 0 0 0
160	7	1 0 1 0 1 0 1 1 0 1 1 1 0 1 0 0 0 1 0 0 0 0 0 1 1 1 0 0 0 1 0 1 0 1 0 0 0 1 1 1 0 0 0 0 0 0 0 0 0 1
160	7	1 0 1 0 1 0 1 1 0 1 1 1 0 1 0 0 0 1 1 0 0 0 0 1 1 1 0 0 0 1 0 1 0 1 0 0 0 1 1 0 0 0 0 0 0 0 0 0 0 1
160	1	1 0 1 0 1 0 0 1 0 1 1 1 0 1 0 0 0 1 0 0 0 0 0 1 1 1 0 0 0 1 0 1 0 1 0 0 0 1 1 0 0 0 0 0 0 0 0 0 0 1
160	1	1 0 1 0 1 0 1 1 0 0 1 1 0 1 0 0 0 1 0 0 0 0 0 1 1 1 0 0 0 1 0 1 0 1 0 0 0 1 1 0 0 0 0 0 0 0 0 0 0 1
160	4	1 0 1 0 1 0 1 1 0 1 1 1 0 1 0 0 0 1 0 0 0 0 0 1 0 1 0 0 0 1 0 1 0 1 0 0 0 1 1 0 0 0 0 0 0 0 0 0 0 1
160	30	1 0 1 0 1 0 1 1 0 1 1 1 0 1 0 0 0 1 0 0 0 0 0 1 1 1 0 0 0 1 0 1 0 1 0 0 0 1 1 0 0 0 0 0 0 0 0 0 0 1
160	1	1 0 1 0 1 0 1 1 0 1 1 1 0 1 0 0 0 0 1 0 0 0 0 1 1 1 0 0 0 1 0 1 0 1 0 0 0 1 1 0 0 0 0 0 0 0 0 0 0 1
170	1	1 0 1 0 1 1 1 1 0 1 1 1 0 1 0 0 0 1 1 0 0 0 0 1 1 1 1 0 0 1 0 1 0 1 0 0 0 1 1 0 0 0 0 0 0 0 0 0 0 1
170	7	1 0 1 0 1 1 1 1 0 1 1 1 0 1 0 0 0 1 1 0 0 0 0 1 1 1 0 0 0 1 0 1 0 1 0 0 0 1 1 0 0 0 0 0 0 0 0 0 0 1
170	1	1 0 1 0 1 0 1 1 1 1 1 1 0 1 0 0 0 1 0 0 0 0 0 1 1 1 0 0 1 1 0 1 0 1 0 0 0 1 1 0 0 0 0 0 0 0 0 0 0 1
170	3	1 0 1 0 1 0 1 1 0 1 1 1 0 1 0 0 0 0 0 0 0 0 0 1 1 1 0 0 0 1 0 1 0 1 0 0 0 1 1 0 0 0 0 0 0 0 0 0 0 1
170	5	1 0 1 0 1 0 1 1 0 1 1 1 0 1 0 0 0 1 1 0 0 0 0 1 1 1 0 0 0 1 0 1 0 1 0 0 0 1 1 0 0 0 0 0 0 0 0 0 0 1
170	1	1 0 1 0 1 0 1 1 0 1 1 1 0 1 0 0 0 1 0 0 0 0 0 1 1 1 0 0 0 1 0 1 0 1 0 0 0 1 1 0 0 0 0 0 1 0 0 0 0 1
170	26	1 0 1 0 1 0 1 1 0 1 1 1 0 1 0 0 0 1 0 0 0 0 0 1 1 1 0 0 0 1 0 1 0 1 0 0 0 1 1 0 0 0 0 0 0 0 0 0 0 1
170	1	1 0 1 0 1 0 1 1 1 1 1 1 0 1 0 0 0 1 0 0 0 0 0 1 1 1 0 0 0 1 0 0 0 1 0 0 0 1 1 0 0 0 0 0 0 0 0 0 0 1
170	39	1 0 1 0 1 0 1 1 1 1 1 1 0 1 0 0 0 1 0 0 0 0 0 1 1 1 0 0 0 1 0 1 0 1 0 0 0 1 1 0 0 0 0 0 0 0 0 0 0 1
170	2	1 0 1 1 1 0 1 1 0 1 1 1 0 1 0 0 0 1 1 0 0 0 0 1 1 1 0 0 0 1 0 1 0 1 0 0 0 1 1 0 0 0 0 0 0 0 0 0 0 1
170	5	1 0 1 0 1 0 1 1 0 1 1 1 0 1 0 0 0 1 1 0 0 0 0 1 1 1 0 0 0 1 0 1 0 1 0 0 0 1 1 0 0 0 0 0 0 0 0 0 0 0
170	1	1 0 1 0 1 0 1 1 0 1 1 1 0 1 0 1 0 1 0 0 0 0 0 1 1 1 0 0 0 1 0 1 0 1 0 0 0 1 1 0 0 0 0 0 0 0 0 0 0 1
170	3	1 0 1 0 1 0 1 1 0 1 1 1 0 1 0 0 0 1 0 0 0 0 0 1 1 1 0 0 0 1 0 1 0 1 0 0 0 1 1 1 0 0 0 0 0 0 0 0 0 1
170	1	1 0 0 0 1 0 1 1 0 1 1 1 0 1 0 0 0 1 1 0 0 0 0 1 1 1 0 0 0 1 0 1 0 1 0 0 0 1 1 0 0 0 0 0 0 0 0 0 0 1
170	1	1 0 1 0 1 0 1 1 0 0 1 1 0 1 0 0 0 1 0 0 0 0 0 1 1 1 0 0 0 1 0 1 0 1 0 0 0 1 1 0 0 0 0 0 0 0 0 0 0 1
170	3	1 0 1 0 1 0 1 1 0 1 1 1 0 1 0 0 0 1 0 0 0 0 0 1 0 1 0 0 0 1 0 1 0 1 0 0 0 1 1 0 0 0 0 0 0 0 0 0 0 1
180	1	1 0 1 0 1 1 1 1 0 1 1 1 0 1 0 0 0 1 1 0 0 0 0 1 1 1 0 0 0 1 0 1 0 1 0 0 0 1 1 0 0 0 0 0 0 0 0 0 0 1
180	2	1 0 1 0 1 0 1 1 1 1 1 1 0 1 0 0 0 1 0 0 0 0 0 1 1 1 0 0 1 1 0 1 0 1 0 0 0 1 1 0 0 0 0 0 0 0 0 0 0 1
180	1	1 0 1 0 1 0 1 1 1 1 1 1 0 1 0 0 1 1 0 0 0 0 0 1 1 1 0 0 0 1 0 1 0 1 0 0 1 1 1 0 0 0 0 0 0 0 0 0 0 1
180	1	1 0 1 0 1 1 1 1 1 1 1 1 0 1 0 0 0 1 0 0 0 0 0 1 1 1 0 0 0 1 0 1 0 1 0 0 0 1 1 0 0 0 0 0 0 0 0 0 0 1
180	1	1 0 1 0 1 0 1 1 1 1 1 1 0 1 0 0 0 1 0 0 1 0 0 1 1 1 0 0 0 1 0 1 0 1 0 0 0 1 1 0 0 0 0 0 0 0 0 0 0 1
180	1	1 0 1 0 1 0 1 1 0 1 1 1 0 1 0 0 0 0 0 0 0 0 0 1 1 1 0 0 0 1 0 1 0 1 0 0 0 1 1 0 0 0 0 0 0 0 0 0 0 1
180	7	1 0 1 0 1 0 1 1 0 1 1 1 0 1 0 0 0 1 1 0 0 0 0 1 1 1 0 0 0 1 0 1 0 1 0 0 0 1 1 0 0 0 0 0 0 0 0 0 0 1
180	5	1 0 1 0 1 0 1 1 0 1 1 1 0 1 0 0 0 1 0 0 0 0 0 1 1 1 0 0 0 1 0 1 0 1 0 0 0 1 1 1 0 0 0 0 0 0 0 0 0 1
180	1	0 0 1 0 1 0 1 1 0 1 1 1 0 1 0 0 0 1 0 0 0 0 0 1 1 1 0 0 0 1 0 1 0 1 0 0 0 1 1 0 0 0 0 0 0 0 0 0 0 1
180	15	1 0 1 0 1 0 1 1 0 1 1 1 0 1 0 0 0 1 0 0 0 0 0 1 1 1 0 0 0 1 0 1 0 1 0 0 0 1 1 0 0 0 0 0 0 0 0 0 0 1
180	3	1 0 1 0 1 0 1 1 1 1 1 1 0 1 0 0 0 1 0 1 0 0 0 1 1 1 0 0 0 1 0 1 0 1 0 0 0 1 1 0 0 0 0 0 0 0 0 0 0 1
180	46	1 0 1 0 1 0 1 1 1 1 1 1 0 1 0 0 0 1 0 0 0 0 0 1 1 1 0 0 0 1 0 1 0 1 0 0 0 1 1 0 0 0 0 0 0 0 0 0 0 1
180	1	1 0 1 1 1 0 1 1 0 1 1 1 0 1 0 0 0 1 1 0 0 0 0 1 1 1 0 0 0 1 0 1 0 1 0 0 0 1 1 0 0 0 0 0 0 0 1 0 0 1
180	3	1 0 1 1 1 0 1 1 0 1 1 1 0 1 0 0 0 1 1 0 0 0 0 1 1 1 0 0 0 1 0 0 0 1 0 0 0 1 1 0 0 0 0 0 0 0 0 0 0 1
180	2	1 0 1 1 1 0 1 1 0 1 1 1 0 1 0 0 0 1 1 0 0 0 0 1 1 1 0 0 0 1 0 1 0 1 0 0 0 1 1 0 0 0 0 0 0 0 0 0 0 1
180	2	1 0 1 0 1 0 1 1 0 1 1 1 0 1 0 0 0 1 1 0 0 0 0 1 1 1 0 0 0 1 0 1 0 1 0 0 0 1 1 0 0 0 0 0 0 0 0 0 0 0
180	1	1 0 1 0 1 0 1 1 0 1 1 1 0 1 0 1 0 1 0 0 0 0 0 1 1 1 0 0 0 1 0 1 0 1 0 0 0 1 1 0 0 0 0 0 0 0 0 0 0 1
180	1	1 0 0 0 1 0 1 1 0 1 1 1 0 1 0 0 0 1 1 0 0 0 0 1 1 1 0 0 0 1 0 1 0 1 0 0 0 1 1 0 0 0 0 0 0 0 0 0 0 1
180	4	1 0 1 0 1 0 1 1 0 1 1 1 0 1 0 0 0 1 0 0 0 0 0 1 0 1 0 0 0 1 0 1 0 1 0 0 0 1 1 0 0 0 0 0 0 0 0 0 0 1
180	2	1 0 1 0 1 0 1 1 0 1 1 1 0 1 1 0 0 1 0 0 0 0 0 1 1 1 0 0 0 1 0 1 0 1 0 0 0 1 1 0 0 0 0 0 0 0 0 0 0 1
190	4	1 0 1 0 1 1 1 1 0 1 1 1 0 1 0 0 0 1 1 0 0 0 0 1 1 1 0 0 0 1 0 1 0 1 0 0 0 1 1 0 0 0 0 0 0 0 0 0 0 1
190	1	1 0 1 0 1 0 1 1 1 1 1 1 0 1 0 0 0 1 0 0 1 0 0 1 1 1 0 0 0 1 0 1 0 1 0 0 0 1 1 0 0 0 0 0 0 0 0 0 0 1
190	2	1 0 1 0 1 0 1 1 0 1 1 1 0 1 0 0 0 0 0 0 0 0 0 1 1 1 0 0 0 1 0 1 0 1 0 0 0 1 1 0 0 0 0 0 0 0 0 0 0 1
190	4	1 0 1 0 1 0 1 1 0 1 1 1 0 1 0 0 0 1 1 0 0 0 0 1 1 1 0 0 0 1 0 1 0 1 0 0 0 1 1 0 0 0 0 0 0 0 0 0 0 1
190	1	1 0 1 0 1 0 1 1 0 1 1 1 1 1 0 0 0 1 0 0 0 0 0 1 1 1 0 0 0 1 0 1 0 1 0 0 0 1 1 0 0 0 0 0 0 0 0 0 0 1
190	1	1 0 1 0 1 0 1 1 0 1 1 1 0 1 0 0 0 1 0 0 0 0 0 1 1 1 0 0 0 1 0 1 0 1 0 0 1 1 1 0 0 0 0 0 0 0 0 0 0 1
190	8	1 0 1 0 1 0 1 1 0 1 1 1 0 1 0 0 0 1 0 0 0 0 0 1 1 1 0 0 0 1 0 1 0 1 0 0 0 1 1 0 0 0 0 0 0 0 0 0 0 1
190	1	1 0 1 0 1 0 1 1 1 1 1 1 0 1 0 0 0 1 0 0 0 0 0 1 1 1 0 0 0 1 0 1 0 1 0 0 0 1 1 0 0 0 0 0 0 1 0 0 0 1
190	1	1 0 1 0 1 0 1 1 1 1 1 1 0 1 0 0 0 1 0 0 0 0 0 1 1 1 0 0 0 1 0 1 0 1 0 0 0 1 0 0 0 0 0 0 0 0 0 0 0 1
190	1	1 0 1 0 1 0 1 1 1 1 1 1 0 1 0 0 0 1 0 0 0 0 0 1 1 1 0 0 0 1 0 1 0 1 0 0 1 1 1 0 0 0 0 0 0 0 0 0 0 1
190	48	1 0 1 0 1 0 1 1 1 1 1 1 0 1 0 0 0 1 0 0 0 0 0 1 1 1 0 0 0 1 0 1 0 1 0 0 0 1 1 0 0 0 0 0 0 0 0 0 0 1
190	7	1 0 1 0 1 0 1 1 0 1 1 1 0 1 0 0 0 1 1 0 0 0 0 1 1 1 0 0 0 1 0 1 0 1 0 0 0 1 1 0 0 0 0 0 0 0 0 0 0 0
190	1	1 0 1 0 1 0 1 1 0 1 1 1 0 1 0 1 0 1 0 0 0 0 0 0 1 1 0 0 0 1 0 1 0 1 0 0 0 1 1 0 0 0 0 0 0 0 0 0 0 1
190	1	1 0 1 0 1 0 1 1 0 1 1 1 0 1 0 1 0 1 0 0 0 0 0 1 1 0 0 0 0 1 0 1 0 1 0 0 0 1 1 0 0 0 0 0 0 0 0 0 0 1
190	7	1 0 1 0 1 0 1 1 0 1 1 1 0 1 0 1 0 1 0 0 0 0 0 1 1 1 0 0 0 1 0 1 0 1 0 0 0 1 1 0 0 0 0 0 0 0 0 0 0 1
190	1	1 0 0 0 1 0 1 1 0 1 1 1 0 1 0 0 0 1 1 0 0 0 0 1 1 1 0 0 0 1 0 1 0 1 0 0 0 1 1 0 0 0 0 0 0 0 0 0 0 1
190	9	1 0 1 0 1 0 1 1 0 1 1 1 0 1 0 0 0 1 0 0 0 0 0 1 0 1 0 0 0 1 0 1 0 1 0 0 0 1 1 0 0 0 0 0 0 0 0 0 0 1
190	2	1 0 1 0 1 0 1 1 0 1 1 1 0 1 1 0 0 1 0 0 0 0 0 1 1 1 0 0 0 1 0 1 0 1 0 0 0 1 1 0 0 0 0 0 0 0 0 0 0 1
200	4	1 0 1 0 1 1 1 1 0 1 1 1 0 1 0 0 0 1 1 0 0 0 0 1 1 1 0 0 0 1 0 1 0 1 0 0 0 1 1 0 0 0 0 0 0 0 0 0 0 1
200	1	1 0 1 0 1 1 1 1 1 1 1 1 0 1 0 0 0 1 0 0 0 0 0 1 1 1 0 0 0 1 0 1 0 1 0 0 0 1 1 0 0 0 0 0 0 0 0 0 0 1
200	1	1 0 1 0 1 0 1 1 1 1 1 1 0 1 0 0 0 1 0 0 1 0 0 1 1 1 0 0 0 1 0 1 0 1 0 0 0 1 1 0 0 0 0 0 0 0 0 0 0 1
200	2	1 0 1 0 1 0 1 1 0 1 1 1 0 1 0 0 0 1 1 0 0 0 0 1 1 1 0 0 0 1 0 1 0 1 0 0 0 1 1 0 0 0 0 0 0 0 0 0 0 1
200	1	1 0 1 0 1 0 1 1 0 1 1 1 0 1 0 0 0 1 0 0 0 0 0 1 1 1 0 0 0 1 0 1 0 1 0 0 1 1 1 0 0 0 0 0 0 0 0 0 0 1
200	3	1 0 1 0 1 0 1 1 0 1 1 1 0 1 0 1 0 1 0 0 0 0 0 1 1 1 0 0 0 1 0 1 0 1 0 0 0 1 1 0 0 0 0 0 0 0 0 0 0 1
200	9	1 0 1 0 1 0 1 1 0 1 1 1 0 1 0 0 0 1 0 0 0 0 0 1 1 1 0 0 0 1 0 1 0 1 0 0 0 1 1 0 0 0 0 0 0 0 0 0 0 1
200	1	1 0 1 0 1 0 1 1 1 1 1 1 0 1 0 0 0 1 0 1 0 0 0 1 1 1 0 0 0 1 0 1 0 1 0 1 0 1 1 0 0 0 0 0 0 0 0 0 0 1
200	4	1 0 1 0 1 0 1 1 1 1 1 1 0 1 0 0 0 1 0 1 0 0 0 1 1 1 0 0 0 1 0 1 0 1 0 0 0 1 1 0 0 0 0 0 0 0 0 0 0 1
200	1	1 0 1 0 1 0 1 0 1 1 1 1 0 1 0 0 0 1 0 0 0 0 0 1 1 1 0 0 0 1 0 1 0 1 0 0 0 1 1 0 0 0 0 0 0 0 0 0 0 1
200	2	1 0 1 0 1 0 1 1 1 1 1 1 0 1 0 0 0 1 0 0 0 1 0 1 1 1 0 0 0 1 0 1 0 1 0 0 0 1 1 0 0 0 0 0 0 0 0 0 0 1
200	1	1 0 1 1 1 0 1 1 1 1 1 1 0 1 0 0 0 1 0 0 0 0 0 1 1 1 0 0 0 1 0 1 0 1 0 0 0 1 1 0 0 0 0 0 0 0 0 0 0 1
200	1	1 0 1 0 1 0 1 1 1 1 1 1 0 1 0 0 0 1 0 0 0 0 0 1 1 1 0 0 0 1 0 1 0 1 0 0 0 0 1 0 0 0 0 0 0 0 0 0 0 1
200	50	1 0 1 0 1 0 1 1 1 1 1 1 0 1 0 0 0 1 0 0 0 0 0 1 1 1 0 0 0 1 0 1 0 1 0 0 0 1 1 0 0 0 0 0 0 0 0 0 0 1
200	8	1 0 1 1 1 0 1 1 0 1 1 1 0 1 0 0 0 1 1 0 0 0 0 1 1 1 0 0 0 1 0 1 0 1 0 0 0 1 1 0 0 0 0 0 0 0 0 0 0 1
200	1	1 0 1 1 1 0 1 1 0 1 1 1 0 1 0 0 0 1 1 0 0 0 0 1 1 1 0 0 0 1 0 1 0 1 0 0 0 1 1 0 0 0 0 0 0 0 0 0 0 0
200	1	1 0 1 0 1 0 1 1 0 1 1 0 0 1 0 0 0 1 1 0 0 0 0 1 1 1 0 0 0 1 0 1 0 1 0 0 0 1 1 0 0 0 0 0 0 0 0 0 0 0
200	6	1 0 1 0 1 0 1 1 0 1 1 1 0 1 0 0 0 1 1 0 0 0 0 1 1 1 0 0 0 1 0 1 0 1 0 0 0 1 1 0 0 0 0 0 0 0 0 0 0 0
200	3	1 0 1 0 1 0 1 1 0 1 1 1 0 1 0 0 0 1 0 0 0 0 0 1 0 1 0 0 0 1 0 1 0 1 0 0 0 1 1 0 0 0 0 0 0 0 0 0 0 1
210	5	1 0 1 0 1 1 1 1 0 1 1 1 0 1 0 0 0 1 1 0 0 0 0 1 1 1 0 0 0 1 0 1 0 1 0 0 0 1 1 0 0 0 0 0 0 0 0 0 0 1
210	8	1 0 1 0 1 0 1 1 0 1 1 1 0 1 0 0 0 1 1 0 0 0 0 1 1 1 0 0 0 1 0 1 0 1 0 0 0 1 1 0 0 0 0 0 0 0 0 0 0 0
210	4	1 0 1 0 1 0 1 1 0 1 1 1 0 1 0 0 0 1 1 0 0 0 0 1 1 1 0 0 0 1 0 1 0 1 0 0 0 1 1 0 0 0 0 0 0 0 0 0 0 1
210	4	1 0 1 0 1 0 1 1 0 1 1 1 0 1 0 1 0 1 0 0 0 0 0 1 1 1 0 0 0 1 0 1 0 1 0 0 0 1 1 0 0 0 0 0 0 0 0 0 0 1
210	1	1 0 1 0 1 0 1 1 0 1 1 1 0 1 0 0 0 1 0 0 0 0 0 1 0 1 0 0 0 1 0 1 0 1 0 0 0 1 1 0 0 0 0 0 0 0 0 0 0 1
210	7	1 0 1 0 1 0 1 1 0 1 1 1 0 1 0 0 0 1 0 0 0 0 0 1 1 1 0 0 0 1 0 1 0 1 0 0 0 1 1 0 0 0 0 0 0 0 0 0 0 1
210	2	1 0 1 0 1 0 1 1 1 1 1 1 0 1 0 0 0 1 0 1 0 0 0 1 1 1 0 0 0 1 0 1 0 1 0 1 0 1 1 0 0 0 0 0 0 0 0 0 0 0
210	3	1 0 1 0 1 0 1 1 1 1 1 1 0 1 0 0 0 1 0 1 0 0 0 1 1 1 0 0 0 1 0 1 0 1 0 0 0 1 1 0 0 0 0 0 0 0 0 0 0 1
210	1	1 0 1 0 1 0 1 0 1 1 1 1 0 1 0 0 0 1 0 0 0 0 0 1 0 1 0 0 0 1 0 1 0 1 0 0 0 1 1 0 0 0 0 0 0 0 0 0 0 1
210	1	1 0 1 0 1 0 1 0 1 1 1 1 0 1 0 0 0 1 0 0 0 0 0 1 1 1 0 0 0 1 0 1 0 1 0 0 0 1 1 0 0 0 0 0 0 0 0 0 0 1
210	2	1 0 1 1 1 0 1 1 1 1 1 1 0 1 0 0 0 1 0 0 0 0 0 1 1 1 0 0 0 1 0 1 0 1 0 0 0 1 1 0 0 0 0 0 0 0 0 0 0 1
210	1	1 0 1 0 1 0 1 1 1 1 1 1 0 1 0 0 0 1 0 0 0 0 0 1 1 1 0 0 0 1 0 1 0 1 0 0 0 0 1 0 0 0 0 0 0 0 0 0 0 1
210	51	1 0 1 0 1 0 1 1 1 1 1 1 0 1 0 0 0 1 0 0 0 0 0 1 1 1 0 0 0 1 0 1 0 1 0 0 0 1 1 0 0 0 0 0 0 0 0 0 0 1
210	2	1 0 1 1 1 0 1 1 0 1 1 1 0 1 0 0 0 1 1 0 0 0 0 1 1 1 0 0 0 1 0 1 0 1 0 0 0 1 1 0 0 0 0 0 0 0 0 0 0 1
210	2	1 0 1 1 1 0 1 1 0 1 1 1 0 1 0 0 0 1 1 0 0 0 0 1 1 1 0 0 0 1 0 1 0 1 0 0 0 1 1 0 0 0 0 0 0 0 0 0 0 0
210	3	1 0 1 0 1 0 1 1 0 1 1 0 0 1 0 0 0 1 1 0 0 0 0 1 1 1 0 0 0 1 0 1 0 1 0 0 0 1 1 0 0 0 0 0 0 0 0 0 0 0
210	3	1 0 1 0 1 0 1 1 0 1 1 1 0 1 0 0 1 1 1 0 0 0 0 1 1 1 0 0 0 1 0 1 0 1 0 0 0 1 1 0 0 0 0 0 0 0 0 0 0 0
220	3	1 0 1 0 1 1 1 1 0 1 1 1 0 1 0 0 0 1 1 0 0 0 0 1 1 1 0 0 0 1 0 1 0 1 0 0 0 1 1 0 0 0 0 0 0 0 0 0 0 1
220	13	1 0 1 0 1 0 1 1 0 1 1 1 0 1 0 0 0 1 1 0 0 0 0 1 1 1 0 0 0 1 0 1 0 1 0 0 0 1 1 0 0 0 0 0 0 0 0 0 0 0
220	1	1 0 1 0 1 1 1 0 0 1 1 1 0 1 0 1 0 1 0 0 0 0 0 1 1 1 0 0 0 1 0 1 0 1 0 0 0 1 1 0 0 0 0 0 0 0 0 0 0 1
220	2	1 0 1 0 1 1 1 1 0 1 1 1 0 1 0 1 0 1 0 0 0 0 0 1 1 1 0 0 0 1 0 1 0 1 0 0 0 1 1 0 0 0 0 0 0 0 0 0 0 1
220	1	1 0 1 0 1 0 1 1 0 1 1 1 0 1 0 1 0 1 0 0 0 0 0 1 1 1 0 0 0 1 0 1 0 1 0 0 0 1 1 0 0 0 0 0 0 0 0 0 0 1
220	1	1 0 1 0 1 0 1 1 0 1 1 1 0 1 0 0 0 1 0 0 0 0 0 1 1 1 0 0 0 1 0 1 0 1 0 0 0 1 1 0 0 0 0 0 0 0 0 0 0 1
220	2	1 0 1 0 1 0 1 1 1 1 1 1 0 1 0 0 0 1 0 1 0 0 0 1 1 1 0 0 0 1 0 1 0 1 0 1 0 1 1 0 0 0 0 0 0 0 0 0 0 0
220	2	1 0 1 0 1 0 1 1 1 1 1 1 0 1 0 0 0 1 0 1 0 0 0 1 1 1 0 0 0 1 0 1 0 1 0 0 0 1 1 0 0 0 0 0 0 0 0 0 0 1
220	2	1 0 1 1 1 0 1 1 1 1 1 1 0 1 0 0 0 1 0 0 0 0 0 1 1 1 0 0 0 1 0 1 0 1 0 0 0 1 1 0 0 0 0 0 0 0 0 0 0 1
220	1	1 0 1 0 1 0 1 1 1 1 1 1 0 1 0 0 0 1 0 0 0 0 0 1 1 1 0 0 0 1 1 1 0 1 0 0 0 1 1 0 0 0 0 0 0 0 0 0 0 1
220	53	1 0 1 0 1 0 1 1 1 1 1 1 0 1 0 0 0 1 0 0 0 0 0 1 1 1 0 0 0 1 0 1 0 1 0 0 0 1 1 0 0 0 0 0 0 0 0 0 0 1
220	12	1 0 1 1 1 0 1 1 0 1 1 1 0 1 0 0 0 1 1 0 0 0 0 1 1 1 0 0 0 1 0 1 0 1 0 0 0 1 1 0 0 0 0 0 0 0 0 0 0 1
220	5	1 0 1 1 1 0 1 1 0 1 1 1 0 1 0 0 0 1 1 0 0 0 0 1 1 1 0 0 0 1 0 1 0 1 0 0 0 1 1 0 0 0 0 0 0 0 0 0 0 0
220	2	1 0 1 0 1 0 1 1 0 1 1 0 0 1 0 0 0 1 1 0 0 0 0 1 1 1 0 0 0 1 0 1 0 1 0 0 0 1 1 0 0 0 0 0 0 0 0 0 0 0
230	6	1 0 1 0 1 1 1 1 0 1 1 1 0 1 0 0 0 1 1 0 0 0 0 1 1 1 0 0 0 1 0 1 0 1 0 0 0 1 1 0 0 0 0 0 0 0 0 0 0 1
230	1	1 0 1 0 1 0 1 1 0 1 1 1 0 1 0 0 0 1 1 0 0 0 0 0 1 1 0 0 0 1 0 1 0 1 0 0 0 1 1 0 0 0 0 0 0 0 0 0 0 0
230	1	1 0 1 0 1 0 1 1 0 1 1 1 0 1 0 0 0 1 1 0 0 0 0 1 1 0 0 0 0 1 0 1 0 1 0 0 0 1 1 0 0 0 0 0 0 0 0 0 0 0
230	9	1 0 1 0 1 0 1 1 0 1 1 1 0 1 0 0 0 1 1 0 0 0 0 1 1 1 0 0 0 1 0 1 0 1 0 0 0 1 1 0 0 0 0 0 0 0 0 0 0 0
230	2	1 0 1 0 1 1 1 1 0 1 1 1 0 1 0 1 0 1 0 0 0 0 0 1 1 1 0 0 0 1 0 1 0 1 0 0 0 1 1 0 0 0 0 0 0 0 0 0 0 1
230	2	1 0 1 0 1 0 1 1 1 1 1 1 0 1 0 0 0 1 0 1 0 0 0 1 1 1 0 0 0 1 0 1 0 1 0 1 0 1 1 0 0 0 0 0 0 0 0 0 0 0
230	1	1 0 1 0 1 0 1 1 1 1 1 1 0 0 0 0 0 1 0 0 0 0 0 1 1 1 0 0 0 1 0 1 0 1 0 0 0 1 1 0 0 0 0 0 0 0 0 0 0 1
230	1	1 0 1 0 1 0 1 1 1 1 1 1 0 1 0 0 0 1 0 0 0 0 0 1 1 1 0 0 0 1 0 1 0 1 0 0 0 1 0 0 0 0 0 0 0 0 0 0 0 1
230	1	1 0 1 0 1 0 1 1 1 1 0 1 0 1 0 0 0 1 0 0 0 0 0 1 1 1 0 0 0 1 0 1 0 1 0 0 0 1 1 0 0 0 0 0 0 0 0 0 0 1
230	58	1 0 1 0 1 0 1 1 1 1 1 1 0 1 0 0 0 1 0 0 0 0 0 1 1 1 0 0 0 1 0 1 0 1 0 0 0 1 1 0 0 0 0 0 0 0 0 0 0 1
230	4	1 0 1 1 1 0 1 1 1 1 1 1 0 1 0 0 0 1 0 0 0 0 0 1 1 1 0 0 0 1 0 1 0 1 0 0 0 1 1 0 0 0 0 0 0 0 0 0 0 1
230	1	1 0 1 0 1 0 1 1 1 1 1 1 0 1 0 0 0 1 0 0 0 1 0 1 1 1 0 0 0 1 0 1 0 1 0 0 0 1 1 0 0 0 0 0 0 0 0 0 0 1
230	1	1 0 1 1 1 0 1 1 0 1 1 1 0 1 0 0 0 1 1 0 0 0 0 1 1 1 0 0 0 1 0 1 0 1 0 0 0 1 0 0 0 0 0 0 0 0 0 0 0 1
230	5	1 0 1 1 1 0 1 1 0 1 1 1 0 1 0 0 0 1 1 0 0 0 0 1 1 1 0 0 0 1 0 1 0 1 0 0 0 1 1 0 0 0 0 0 0 0 0 0 0 1
230	6	1 0 1 1 1 0 1 1 0 1 1 1 0 1 0 0 0 1 1 0 0 0 0 1 1 1 0 0 0 1 0 1 0 1 0 0 0 1 1 0 0 0 0 0 0 0 0 0 0 0
230	1	1 1 1 0 1 0 1 1 0 1 1 0 0 1 0 0 0 1 1 0 0 0 0 1 1 1 0 0 0 1 0 1 0 1 0 0 0 1 1 0 0 0 0 0 0 0 0 0 0 0
240	6	1 0 1 0 1 1 1 1 0 1 1 1 0 1 0 0 0 1 1 0 0 0 0 1 1 1 0 0 0 1 0 1 0 1 0 0 0 1 1 0 0 0 0 0 0 0 0 0 0 1
240	2	1 0 1 0 1 0 1 1 0 1 1 1 0 1 0 0 0 1 1 0 0 0 0 0 1 1 0 0 0 1 0 1 0 1 0 0 0 1 1 0 0 0 0 0 0 0 0 0 0 0
240	8	1 0 1 0 1 0 1 1 0 1 1 1 0 1 0 0 0 1 1 0 0 0 0 1 1 1 0 0 0 1 0 1 0 1 0 0 0 1 1 0 0 0 0 0 0 0 0 0 0 0
240	1	1 0 1 0 1 1 1 1 0 1 1 1 0 1 0 1 0 1 0 0 0 0 0 1 1 1 0 0 0 1 0 1 0 1 0 0 0 1 1 0 0 0 0 0 0 0 0 0 0 1
240	1	1 0 0 0 1 0 1 1 1 1 1 1 0 1 0 0 0 1 0 1 0 0 0 1 1 1 0 0 0 1 0 1 0 1 0 1 0 1 1 0 0 0 0 0 0 0 0 0 0 0
240	8	1 0 1 0 1 0 1 1 1 1 1 1 0 1 0 0 0 1 0 1 0 0 0 1 1 1 0 0 0 1 0 1 0 1 0 1 0 1 1 0 0 0 0 0 0 0 0 0 0 0
240	2	1 0 1 0 1 0 1 1 1 1 1 1 0 0 0 0 0 1 0 0 0 0 0 1 1 1 0 0 0 1 0 1 0 1 0 0 0 1 1 0 0 0 0 0 0 0 0 0 0 1
240	1	1 0 1 0 1 0 1 1 1 1 1 1 0 1 1 0 0 1 0 0 0 0 0 1 1 1 0 0 0 1 0 1 0 1 0 0 0 1 1 0 0 0 0 0 0 0 0 0 0 1
240	1	1 0 1 0 1 0 1 1 1 1 1 1 0 1 0 0 0 1 1 0 0 0 0 1 1 1 0 0 0 1 0 1 0 1 0 0 0 1 1 0 0 0 0 0 0 0 0 0 0 1
240	4	1 0 1 1 1 0 1 1 1 1 1 1 0 1 0 0 0 1 0 0 0 0 0 1 1 1 0 0 0 1 0 1 0 1 0 0 0 1 1 0 0 0 0 0 0 0 0 0 0 1
240	1	1 0 1 0 1 0 1 1 1 1 1 1 0 1 0 0 0 1 0 0 0 0 0 1 1 1 0 0 0 1 0 1 0 1 1 0 0 1 1 0 0 0 0 0 0 0 0 0 0 1
240	1	1 0 1 0 1 0 1 1 1 1 1 1 0 1 0 0 0 1 0 0 0 0 0 1 1 1 0 0 0 1 0 1 0 1 0 0 0 1 0 0 0 0 0 0 0 0 0 0 0 1
240	53	1 0 1 0 1 0 1 1 1 1 1 1 0 1 0 0 0 1 0 0 0 0 0 1 1 1 0 0 0 1 0 1 0 1 0 0 0 1 1 0 0 0 0 0 0 0 0 0 0 1
240	2	1 0 1 1 1 0 1 1 0 1 1 1 0 1 0 0 0 1 1 0 0 0 0 1 1 1 0 0 0 1 0 1 0 1 0 0 0 1 0 0 0 0 0 0 0 0 0 0 0 1
240	5	1 0 1 1 1 0 1 1 0 1 1 1 0 1 0 0 0 1 1 0 0 0 0 1 1 1 0 0 0 1 0 1 0 1 0 0 0 1 1 0 0 0 0 0 0 0 0 0 0 1
240	4	1 0 1 1 1 0 1 1 0 1 1 1 0 1 0 0 0 1 1 0 0 0 0 1 1 1 0 0 0 1 0 1 0 1 0 0 0 1 1 0 0 0 0 0 0 0 0 0 0 0
250	4	1 0 1 0 1 1 1 1 0 1 1 1 0 1 0 0 0 1 1 0 0 0 0 1 1 1 0 0 0 1 0 1 0 1 0 0 0 1 1 0 0 0 0 0 0 0 0 0 0 1
250	1	1 0 1 0 1 0 1 1 0 1 1 1 0 1 0 0 0 1 1 0 0 0 0 0 1 1 0 0 0 1 0 1 0 1 0 0 0 1 1 0 0 0 0 0 0 0 0 0 0 0
250	1	1 0 1 0 1 0 1 1 0 1 1 1 0 1 0 0 0 1 1 0 0 0 0 1 1 0 0 0 0 1 0 1 0 1 0 0 0 1 1 0 0 0 0 0 0 0 0 0 0 0
250	1	1 0 1 0 1 0 1 1 0 1 1 1 0 1 0 0 0 1 1 0 0 0 0 1 1 1 0 0 0 1 0 1 0 1 0 0 0 1 1 0 0 0 0 0 1 0 0 0 0 0
250	12	1 0 1 0 1 0 1 1 0 1 1 1 0 1 0 0 0 1 1 0 0 0 0 1 1 1 0 0 0 1 0 1 0 1 0 0 0 1 1 0 0 0 0 0 0 0 0 0 0 0
250	1	1 0 1 0 1 1 1 1 0 1 1 1 0 1 0 1 0 1 0 0 0 0 0 1 1 1 0 0 0 1 0 1 0 1 0 0 0 1 1 0 0 0 0 0 0 0 0 0 0 1
250	1	1 0 0 0 1 0 1 1 1 1 1 1 0 1 0 0 0 1 0 1 0 0 0 1 1 1 0 0 0 1 0 1 0 1 0 1 0 1 1 0 0 0 0 0 0 0 0 0 0 0
250	13	1 0 1 0 1 0 1 1 1 1 1 1 0 1 0 0 0 1 0 1 0 0 0 1 1 1 0 0 0 1 0 1 0 1 0 1 0 1 1 0 0 0 0 0 0 0 0 0 0 0
250	4	1 0 1 0 1 0 1 1 1 1 1 1 0 1 0 0 0 1 0 1 0 0 0 1 1 1 0 0 0 1 0 1 0 1 0 0 0 1 1 0 0 0 0 0 0 0 0 0 0 1
250	3	1 0 1 0 1 0 1 1 1 1 1 1 0 0 0 0 0 1 0 0 0 0 0 1 1 1 0 0 0 1 0 1 0 1 0 0 0 1 1 0 0 0 0 0 0 0 0 0 0 1
250	2	1 0 1 1 1 0 1 1 1 1 1 0 0 1 0 0 0 1 0 0 0 0 0 1 1 1 0 0 0 1 0 1 0 1 0 0 0 1 1 0 0 0 0 0 0 0 0 0 0 1
250	7	1 0 1 1 1 0 1 1 1 1 1 1 0 1 0 0 0 1 0 0 0 0 0 1 1 1 0 0 0 1 0 1 0 1 0 0 0 1 1 0 0 0 0 0 0 0 0 0 0 1
250	33	1 0 1 0 1 0 1 1 1 1 1 1 0 1 0 0 0 1 0 0 0 0 0 1 1 1 0 0 0 1 0 1 0 1 0 0 0 1 1 0 0 0 0 0 0 0 0 0 0 1
250	3	1 0 1 1 1 0 1 1 0 1 1 1 0 1 0 0 0 1 1 0 0 0 0 1 1 1 0 0 0 1 0 1 0 1 0 0 0 1 0 0 0 0 0 0 0 0 0 0 0 1
250	2	1 0 1 1 1 0 1 1 0 1 1 1 0 1 0 0 0 1 1 0 0 0 0 1 1 1 0 0 0 1 0 1 0 1 0 0 0 1 1 0 0 0 0 0 0 0 0 0 0 1
250	2	1 0 1 1 1 0 1 1 0 1 1 1 0 1 0 1 0 1 1 0 0 0 0 1 1 1 0 0 0 1 0 1 0 1 0 0 0 1 1 0 0 0 0 0 0 0 0 0 0 0
250	10	1 0 1 1 1 0 1 1 0 1 1 1 0 1 0 0 0 1 1 0 0 0 0 1 1 1 0 0 0 1 0 1 0 1 0 0 0 1 1 0 0 0 0 0 0 0 0 0 0 0
260	2	1 0 1 0 1 1 1 1 0 1 1 1 0 1 0 0 0 1 1 0 0 0 0 1 1 1 0 0 0 1 0 1 0 1 0 0 0 1 1 0 0 0 0 0 0 0 0 0 0 1
260	4	1 0 1 0 1 0 1 1 0 1 1 1 0 1 0 0 0 1 1 0 0 0 0 1 1 0 0 0 0 1 0 1 0 1 0 0 0 1 1 0 0 0 0 0 0 0 0 0 0 0
260	1	1 0 1 0 1 0 1 1 0 1 1 1 0 1 0 1 0 1 1 0 0 0 0 1 1 1 0 0 0 1 0 1 0 1 0 0 0 1 1 0 0 0 0 0 0 0 0 0 0 0
260	11	1 0 1 0 1 0 1 1 0 1 1 1 0 1 0 0 0 1 1 0 0 0 0 1 1 1 0 0 0 1 0 1 0 1 0 0 0 1 1 0 0 0 0 0 0 0 0 0 0 0
260	2	1 0 1 0 1 1 1 1 0 1 1 1 0 1 0 1 0 1 0 0 0 0 0 1 1 1 0 0 0 1 0 1 0 1 0 0 0 1 1 0 0 0 0 0 0 0 0 0 0 1
260	3	1 0 0 0 1 0 1 1 1 1 1 1 0 1 0 0 0 1 0 1 0 0 0 1 1 1 0 0 0 1 0 1 0 1 0 1 0 1 1 0 0 0 0 0 0 0 0 0 0 0
260	2	1 0 1 0 1 0 1 1 1 1 1 1 0 0 0 0 0 1 0 1 0 0 0 1 1 1 0 0 0 1 0 1 0 1 0 1 0 1 1 0 0 0 0 0 0 0 0 0 0 0
260	24	1 0 1 0 1 0 1 1 1 1 1 1 0 1 0 0 0 1 0 1 0 0 0 1 1 1 0 0 0 1 0 1 0 1 0 1 0 1 1 0 0 0 0 0 0 0 0 0 0 0
260	2	1 0 1 0 1 0 1 1 1 1 1 1 0 1 0 0 0 1 0 1 0 0 0 1 1 1 0 0 0 1 0 1 0 1 0 0 0 1 1 0 0 0 0 0 0 0 0 0 0 1
260	10	1 0 1 1 1 0 1 1 1 1 1 1 0 1 0 0 0 1 0 0 0 0 0 1 1 1 0 0 0 1 0 1 0 1 0 0 0 1 1 0 0 0 0 0 0 0 0 0 0 1
260	23	1 0 1 0 1 0 1 1 1 1 1 1 0 1 0 0 0 1 0 0 0 0 0 1 1 1 0 0 0 1 0 1 0 1 0 0 0 1 1 0 0 0 0 0 0 0 0 0 0 1
260	2	1 0 1 1 1 0 1 1 0 1 1 1 0 1 0 0 0 1 1 0 0 0 0 1 1 1 0 0 0 1 0 1 0 1 0 0 0 1 0 0 0 0 0 0 0 0 0 0 0 1
260	3	1 0 1 1 1 0 1 1 0 1 1 1 0 1 0 0 0 1 1 0 0 0 0 1 1 1 0 0 0 1 0 1 0 1 0 0 0 1 1 0 0 0 0 0 0 0 0 0 0 1
260	1	1 0 1 1 1 0 1 1 0 1 1 1 0 1 0 1 0 1 1 0 0 0 0 1 1 1 0 0 0 1 0 1 0 1 0 0 0 1 1 0 0 0 0 0 0 0 0 0 0 0
260	2	1 0 1 1 1 0 1 1 0 1 1 1 0 1 0 0 0 1 1 0 0 0 0 1 1 1 0 0 0 1 0 1 0 1 1 0 0 1 1 0 0 0 0 0 0 0 0 0 0 0
260	8	1 0 1 1 1 0 1 1 0 1 1 1 0 1 0 0 0 1 1 0 0 0 0 1 1 1 0 0 0 1 0 1 0 1 0 0 0 1 1 0 0 0 0 0 0 0 0 0 0 0
270	1	1 0 0 0 1 1 1 1 0 1 1 1 0 1 0 0 0 1 1 0 0 0 0 1 1 1 0 0 0 1 0 1 0 1 0 0 0 1 1 0 0 0 0 0 0 0 0 0 0 1
270	1	1 0 1 0 1 1 1 1 0 1 1 1 0 1 0 0 0 1 1 0 0 0 0 1 1 1 0 0 0 1 0 1 1 1 0 0 0 1 1 0 0 0 0 0 0 0 0 0 0 1
270	3	1 0 1 0 1 1 1 1 0 1 1 1 0 1 0 0 0 1 1 0 0 0 0 1 1 1 0 0 0 1 0 1 0 1 0 0 0 1 1 0 0 0 0 0 0 0 0 0 0 1
270	1	1 0 1 0 1 0 1 1 0 1 1 1 0 1 0 0 0 1 1 0 0 0 0 1 1 0 0 0 0 1 0 1 0 1 0 0 0 1 1 0 0 0 0 0 0 0 0 0 0 0
270	1	1 0 1 0 1 1 1 1 0 1 1 1 0 1 0 0 0 1 1 0 0 0 0 1 1 1 0 0 0 1 0 1 0 1 0 0 0 1 1 0 0 0 0 0 0 0 0 0 0 0
270	1	1 0 1 0 1 0 1 1 0 1 1 1 0 1 0 0 0 1 1 0 0 0 0 1 1 1 0 0 0 1 0 1 0 1 1 0 0 1 1 0 0 0 0 0 0 0 0 0 0 0
270	4	1 0 1 0 1 0 1 1 0 1 1 1 0 1 0 0 0 1 1 0 0 0 0 1 1 1 0 0 0 1 0 1 0 1 0 0 0 1 1 0 0 0 0 0 0 0 0 0 0 0
270	2	1 0 1 0 1 1 1 1 0 1 1 1 0 1 0 1 0 1 0 0 0 0 0 1 1 1 0 0 0 1 0 1 0 1 0 0 0 1 1 0 0 0 0 0 0 0 0 0 0 1
270	2	1 0 0 0 1 0 1 1 1 1 1 1 0 1 0 0 0 1 0 1 0 0 0 1 1 1 0 0 0 1 0 1 0 1 0 1 0 1 1 0 0 0 0 0 0 0 0 0 0 0
270	3	1 0 1 0 1 0 1 1 1 1 1 1 0 0 0 0 0 1 0 1 0 0 0 1 1 1 0 0 0 1 0 1 0 1 0 1 0 1 1 0 0 0 0 0 0 0 0 0 0 0
270	3	1 0 1 0 1 0 1 1 1 1 1 1 0 1 0 0 0 1 0 1 0 0 0 1 1 1 0 0 0 1 0 1 0 1 0 1 0 0 1 0 0 0 0 0 0 0 0 0 0 0
270	1	1 0 1 0 1 0 1 1 1 1 1 1 0 1 0 0 0 1 0 1 0 1 0 1 1 1 0 0 0 1 0 1 0 1 0 1 0 1 1 0 0 0 0 0 0 0 0 0 0 0
270	28	1 0 1 0 1 0 1 1 1 1 1 1 0 1 0 0 0 1 0 1 0 0 0 1 1 1 0 0 0 1 0 1 0 1 0 1 0 1 1 0 0 0 0 0 0 0 0 0 0 0
270	2	1 0 1 0 1 0 1 1 1 1 1 1 0 1 0 0 0 1 0 1 0 0 0 1 1 1 0 0 0 1 0 1 0 1 0 0 0 1 1 0 0 0 0 0 0 0 0 0 0 1
270	1	1 0 1 0 1 0 1 1 1 1 1 1 0 0 0 0 0 1 0 0 0 0 0 1 1 1 0 0 0 1 0 1 0 1 0 0 0 1 1 0 0 0 0 0 0 0 0 0 0 1
270	13	1 0 1 1 1 0 1 1 1 1 1 1 0 1 0 0 0 1 0 0 0 0 0 1 1 1 0 0 0 1 0 1 0 1 0 0 0 1 1 0 0 0 0 0 0 0 0 0 0 1
270	1	1 0 1 0 1 0 1 1 1 1 0 1 0 1 0 0 0 1 0 0 0 0 0 1 1 1 0 0 0 1 0 1 0 1 0 0 0 1 1 0 0 0 0 0 0 0 0 0 0 1
270	13	1 0 1 0 1 0 1 1 1 1 1 1 0 1 0 0 0 1 0 0 0 0 0 1 1 1 0 0 0 1 0 1 0 1 0 0 0 1 1 0 0 0 0 0 0 0 0 0 0 1
270	4	1 0 1 1 1 0 1 1 0 1 1 1 0 1 0 0 0 1 1 0 0 0 0 1 1 1 0 0 0 1 0 1 0 1 0 0 0 1 0 0 0 0 0 0 0 0 0 0 0 1
270	1	1 0 1 1 1 0 1 1 0 1 1 1 0 1 0 0 0 1 1 0 0 0 0 1 1 1 0 0 0 1 0 1 0 1 0 0 0 1 1 0 0 0 0 0 0 0 0 0 0 1
270	3	1 0 1 1 1 0 1 1 0 1 1 1 0 1 0 1 0 1 1 0 0 0 0 1 1 1 0 0 0 1 0 1 0 1 0 0 0 1 1 0 0 0 0 0 0 0 0 0 0 0
270	1	1 0 1 1 1 0 1 1 0 1 1 1 0 1 0 0 0 1 1 0 0 0 0 1 1 1 0 0 0 1 0 0 0 1 0 0 0 1 1 0 0 0 0 0 0 0 0 0 0 0
270	1	1 0 1 1 1 0 1 1 0 1 1 1 0 1 0 0 0 1 1 0 0 0 0 1 1 1 0 0 0 1 0 1 0 1 1 0 0 1 1 0 1 0 0 0 0 0 0 0 0 0
270	9	1 0 1 1 1 0 1 1 0 1 1 1 0 1 0 0 0 1 1 0 0 0 0 1 1 1 0 0 0 1 0 1 0 1 0 0 0 1 1 0 0 0 0 0 0 0 0 0 0 0
280	1	1 0 0 0 1 1 1 1 0 1 1 1 0 1 0 0 0 1 1 0 0 0 0 1 1 1 0 0 0 1 0 1 0 1 0 0 0 1 1 0 0 0 0 0 0 0 0 0 0 1
280	1	1 0 1 0 1 1 1 1 0 1 1 1 0 1 0 0 0 1 1 0 0 0 0 1 1 1 0 0 0 1 0 1 0 1 0 0 0 1 1 0 0 0 0 0 0 0 0 0 0 1
280	10	1 0 1 0 1 0 1 1 0 1 1 1 0 1 0 0 0 1 1 0 0 0 0 1 1 1 0 0 0 1 0 1 0 1 0 0 0 1 1 0 0 0 0 0 0 0 0 0 0 0
280	3	1 0 1 0 1 0 1 1 1 1 1 1 0 1 0 0 0 1 0 1 0 0 0 1 1 1 0 0 0 1 0 1 0 1 0 1 0 0 1 0 0 0 0 0 0 0 0 0 0 0
280	36	1 0 1 0 1 0 1 1 1 1 1 1 0 1 0 0 0 1 0 1 0 0 0 1 1 1 0 0 0 1 0 1 0 1 0 1 0 1 1 0 0 0 0 0 0 0 0 0 0 0
280	1	1 0 1 0 1 1 1 1 1 1 1 1 0 0 0 0 0 1 0 0 0 0 0 1 1 0 0 0 0 1 0 1 0 1 0 0 0 1 1 0 0 0 0 0 0 0 0 0 0 1
280	1	1 0 1 1 1 0 1 1 1 1 1 1 0 1 0 0 0 1 0 1 0 0 0 1 1 1 0 0 0 1 0 1 0 1 0 0 0 1 1 0 0 0 0 0 0 0 0 0 0 1
280	1	1 0 1 1 1 0 1 1 1 1 1 1 0 1 0 0 0 1 0 0 0 0 0 1 1 1 0 0 0 1 0 1 0 1 0 0 0 1 1 0 0 0 0 0 0 1 0 0 0 1
280	1	1 0 1 1 1 0 1 1 1 1 1 1 0 1 0 0 0 1 0 0 0 0 0 1 1 1 0 1 0 1 0 1 0 1 0 0 0 1 1 0 0 0 0 0 0 0 0 0 0 1
280	15	1 0 1 1 1 0 1 1 1 1 1 1 0 1 0 0 0 1 0 0 0 0 0 1 1 1 0 0 0 1 0 1 0 1 0 0 0 1 1 0 0 0 0 0 0 0 0 0 0 1
280	2	1 0 1 0 1 0 1 1 1 1 1 1 0 1 0 1 0 1 0 0 0 0 0 1 1 1 0 0 0 1 0 1 0 1 0 0 0 1 1 0 0 0 0 0 0 0 0 0 0 1
280	9	1 0 1 0 1 0 1 1 1 1 1 1 0 1 0 0 0 1 0 0 0 0 0 1 1 1 0 0 0 1 0 1 0 1 0 0 0 1 1 0 0 0 0 0 0 0 0 0 0 1
280	4	1 0 1 1 1 0 1 1 0 1 1 1 0 1 0 0 0 1 1 0 0 0 0 1 1 1 0 0 0 1 0 1 0 1 0 0 0 1 0 0 0 0 0 0 0 0 0 0 0 1
280	1	1 0 1 1 1 0 1 1 0 1 1 1 0 1 0 0 0 1 1 0 0 0 0 1 1 1 0 0 0 1 0 1 0 1 0 0 0 1 1 0 0 0 0 0 0 0 0 0 0 1
280	4	1 0 1 1 1 0 1 1 0 1 1 1 0 1 0 1 0 1 1 0 0 0 0 1 1 1 0 0 0 1 0 1 0 1 0 0 0 1 1 0 0 0 0 0 0 0 0 0 0 0
280	2	1 0 1 1 1 0 1 1 0 1 1 1 0 1 0 0 0 1 1 0 0 0 0 1 1 1 0 0 0 1 1 1 0 1 0 0 0 1 1 0 0 0 0 0 0 0 0 0 0 0
280	8	1 0 1 1 1 0 1 1 0 1 1 1 0 1 0 0 0 1 1 0 0 0 0 1 1 1 0 0 0 1 0 1 0 1 0 0 0 1 1 0 0 0 0 0 0 0 0 0 0 0
290	1	1 0 1 0 1 1 1 1 0 1 1 1 0 1 0 0 0 1 1 0 0 0 0 1 1 1 0 0 0 1 0 1 0 1 0 0 0 1 1 0 0 0 0 0 0 0 0 0 0 0
290	1	1 0 1 0 1 0 1 1 1 1 1 1 0 1 0 0 0 1 1 1 0 0 0 1 1 1 0 0 0 1 0 1 0 1 0 1 0 0 1 0 0 0 0 0 0 0 0 0 0 0
290	1	1 0 1 0 1 0 1 1 1 1 1 1 0 1 0 0 0 1 0 1 0 0 0 1 1 1 0 0 0 1 0 1 0 1 0 1 0 0 1 0 0 0 0 0 0 0 0 0 0 0
290	2	1 0 1 0 1 0 1 1 1 1 1 1 0 1 0 0 0 1 0 1 0 1 0 1 1 1 0 0 0 1 0 1 0 1 0 1 0 1 1 0 0 0 0 0 0 0 0 0 0 0
290	1	1 0 1 0 1 0 1 1 1 1 1 1 0 1 0 0 0 1 0 1 0 0 0 0 1 1 0 0 0 1 0 1 0 1 0 1 0 1 1 0 0 0 0 0 0 0 0 0 0 0
290	33	1 0 1 0 1 0 1 1 1 1 1 1 0 1 0 0 0 1 0 1 0 0 0 1 1 1 0 0 0 1 0 1 0 1 0 1 0 1 1 0 0 0 0 0 0 0 0 0 0 0
290	1	1 0 1 1 0 0 1 1 1 1 1 1 0 1 0 0 0 1 0 0 0 0 0 1 1 1 0 0 0 1 0 1 0 1 0 0 0 1 1 0 0 0 0 0 0 0 1 0 0 1
290	1	1 0 1 1 1 0 1 1 1 1 1 1 0 1 0 0 0 1 0 0 0 0 0 1 1 1 0 0 1 1 0 1 0 1 0 0 0 1 1 0 0 0 0 0 0 0 0 0 0 1
290	1	1 0 1 1 1 0 1 1 1 1 1 1 0 1 0 0 0 1 0 0 0 0 0 1 1 1 0 1 0 1 0 1 0 1 0 0 0 1 1 0 0 0 0 0 0 0 0 0 0 1
290	35	1 0 1 1 1 0 1 1 1 1 1 1 0 1 0 0 0 1 0 0 0 0 0 1 1 1 0 0 0 1 0 1 0 1 0 0 0 1 1 0 0 0 0 0 0 0 0 0 0 1
290	1	1 0 1 0 1 0 1 1 1 1 1 1 0 1 0 1 0 1 0 0 0 0 0 1 1 1 0 0 0 1 0 1 0 1 0 0 0 1 1 0 0 0 0 0 0 0 0 0 0 1
290	2	1 0 1 0 1 0 1 1 1 1 1 1 0 1 0 0 0 1 0 0 0 0 0 1 1 1 0 0 0 1 0 0 0 1 0 0 0 1 1 0 0 0 0 0 0 0 0 0 0 1
290	2	1 0 1 0 1 0 1 1 1 1 1 1 0 1 0 0 0 1 0 0 0 0 0 1 1 1 0 0 0 1 0 1 0 1 0 0 0 1 1 0 0 0 0 0 0 0 0 0 0 1
290	2	1 0 1 1 1 0 1 1 0 1 1 1 0 1 0 0 0 1 1 0 0 0 0 1 1 1 0 0 0 1 0 1 0 1 0 0 0 1 0 0 0 0 0 0 0 0 0 0 0 1
290	1	1 0 1 1 1 0 1 1 0 1 1 1 0 1 0 0 0 1 1 0 0 0 0 1 1 1 0 0 0 1 0 1 0 1 0 0 0 1 1 0 0 0 0 0 0 0 0 0 0 1
290	3	1 0 1 1 1 0 1 1 0 1 1 1 0 1 0 1 0 1 1 0 0 0 0 1 1 1 0 0 0 1 0 1 0 1 0 0 0 1 1 0 0 0 0 0 0 0 0 0 0 0
290	1	1 0 1 1 1 0 1 1 0 1 1 1 0 1 0 0 0 1 1 0 0 0 0 1 1 1 0 0 0 1 0 1 0 1 1 0 0 1 1 0 1 0 0 0 0 0 0 0 0 0
290	11	1 0 1 1 1 0 1 1 0 1 1 1 0 1 0 0 0 1 1 0 0 0 0 1 1 1 0 0 0 1 0 1 0 1 0 0 0 1 1 0 0 0 0 0 0 0 0 0 0 0
300	1	1 0 1 0 1 1 1 1 0 1 1 1 0 1 0 0 0 1 1 0 0 0 0 1 1 1 0 0 0 1 0 1 0 1 0 0 0 1 1 0 0 0 0 0 0 0 0 0 0 0
300	1	1 0 1 0 1 0 1 1 1 1 1 1 0 1 0 0 0 1 0 1 0 0 0 1 1 1 0 0 0 1 0 1 0 1 0 1 0 0 1 0 0 0 0 0 0 0 0 0 0 0
300	2	1 0 1 0 1 0 1 1 1 1 1 1 0 1 0 0 0 1 0 1 0 1 0 1 1 1 0 0 0 1 0 1 0 1 0 1 0 1 1 0 0 0 0 0 0 0 0 0 0 0
300	3	1 0 1 1 1 0 1 1 1 1 1 1 0 1 0 0 0 1 0 1 0 0 0 1 1 1 0 0 0 1 0 1 0 1 0 1 0 1 1 0 0 0 0 0 0 0 0 0 0 0
300	1	1 0 1 0 1 0 1 1 1 1 1 1 0 1 0 0 1 1 0 1 0 0 0 1 1 1 0 0 0 1 0 1 0 1 0 1 0 1 1 0 0 0 0 0 0 0 0 0 0 0
300	34	1 0 1 0 1 0 1 1 1 1 1 1 0 1 0 0 0 1 0 1 0 0 0 1 1 1 0 0 0 1 0 1 0 1 0 1 0 1 1 0 0 0 0 0 0 0 0 0 0 0
300	4	1 0 1 1 1 0 1 1 1 1 1 1 0 1 0 0 0 1 0 0 0 0 0 1 1 1 0 0 0 1 0 1 1 1 0 0 0 1 1 0 0 0 0 0 0 0 0 0 0 1
300	1	1 0 1 1 1 0 1 1 1 1 1 0 0 1 0 0 0 1 0 0 0 0 0 1 1 1 0 0 0 1 0 1 0 1 0 0 0 1 1 0 0 0 0 0 0 0 0 0 0 1
300	2	1 0 1 1 1 0 1 1 1 1 1 1 0 1 0 0 0 1 0 0 0 0 0 1 1 0 0 0 0 1 0 1 0 1 0 0 0 1 1 0 0 0 0 0 0 0 0 0 0 1
300	2	1 0 1 0 1 0 1 1 1 1 1 1 0 1 0 0 0 1 0 0 0 0 0 1 1 1 0 0 0 1 0 1 0 1 0 0 0 1 1 0 0 0 0 0 0 0 0 0 0 1
300	31	1 0 1 1 1 0 1 1 1 1 1 1 0 1 0 0 0 1 0 0 0 0 0 1 1 1 0 0 0 1 0 1 0 1 0 0 0 1 1 0 0 0 0 0 0 0 0 0 0 1
300	3	1 0 1 1 1 0 1 1 0 1 1 1 0 1 0 0 0 1 1 0 0 0 0 1 1 1 0 0 0 1 0 1 0 1 0 0 0 1 0 0 0 0 0 0 0 0 0 0 0 1
300	7	1 0 1 1 1 0 1 1 0 1 1 1 0 1 0 1 0 1 1 0 0 0 0 1 1 1 0 0 0 1 0 1 0 1 0 0 0 1 1 0 0 0 0 0 0 0 0 0 0 0
300	1	1 0 1 1 1 0 1 1 0 1 1 1 0 1 0 0 0 1 1 0 0 0 0 1 0 1 0 0 0 1 0 1 0 1 0 0 0 1 1 0 0 0 0 0 0 0 0 0 0 0
300	7	1 0 1 1 1 0 1 1 0 1 1 1 0 1 0 0 0 1 1 0 0 0 0 1 1 1 0 0 0 1 0 1 0 1 0 0 0 1 1 0 0 0 0 0 0 0 0 0 0 0
310	6	1 0 1 1 1 0 1 1 1 1 1 1 0 1 0 0 0 1 0 1 0 0 0 1 1 1 0 0 0 1 0 1 0 1 0 1 0 1 1 0 0 0 0 0 0 0 0 0 0 0
310	4	1 0 1 0 1 0 1 1 1 1 1 1 0 1 0 0 1 1 0 1 0 0 0 1 1 1 0 0 0 1 0 1 0 1 0 1 0 1 1 0 0 0 0 0 0 0 0 0 0 0
310	1	1 0 1 0 1 0 1 1 1 1 1 1 0 1 0 0 0 1 0 1 0 0 0 1 1 1 0 0 0 1 0 0 0 1 0 1 0 1 1 0 0 0 0 0 0 0 0 0 0 0
310	1	1 0 1 0 1 0 1 1 1 1 1 1 0 1 0 0 0 1 0 1 0 0 0 1 1 1 0 0 0 1 0 1 0 1 0 1 0 1 1 0 0 0 0 0 0 0 0 1 0 0
310	29	1 0 1 0 1 0 1 1 1 1 1 1 0 1 0 0 0 1 0 1 0 0 0 1 1 1 0 0 0 1 0 1 0 1 0 1 0 1 1 0 0 0 0 0 0 0 0 0 0 0
310	1	1 0 1 1 1 0 1 1 1 1 1 1 0 1 0 0 0 1 0 0 1 0 0 1 1 1 0 0 0 1 0 1 1 1 0 0 0 1 1 0 0 0 0 0 0 0 0 0 0 1
310	4	1 0 1 1 1 0 1 1 1 1 1 1 0 1 0 0 0 1 0 0 0 0 0 1 1 1 0 0 0 1 0 1 1 1 0 0 0 1 1 0 0 0 0 0 0 0 0 0 0 1
310	1	1 0 1 1 1 0 1 1 1 1 1 1 0 1 0 0 0 1 0 0 0 0 0 1 1 0 0 0 0 1 0 1 0 1 0 0 0 1 1 0 0 0 0 0 0 0 0 0 0 1
310	1	0 0 1 1 1 0 1 1 1 1 1 1 0 1 0 0 0 1 0 0 0 0 0 1 1 1 0 0 0 1 0 1 0 1 0 0 0 1 1 0 0 0 0 0 0 0 0 0 0 1
310	30	1 0 1 1 1 0 1 1 1 1 1 1 0 1 0 0 0 1 0 0 0 0 0 1 1 1 0 0 0 1 0 1 0 1 0 0 0 1 1 0 0 0 0 0 0 0 0 0 0 1
310	3	1 0 1 1 1 0 1 1 0 1 1 1 0 1 0 0 0 1 1 0 0 0 0 1 1 1 0 0 0 1 0 1 0 1 0 0 0 1 0 0 0 0 0 0 0 0 0 0 0 1
310	4	1 0 1 1 1 0 1 1 0 1 1 1 0 1 0 1 0 1 1 0 0 0 0 1 1 1 0 0 0 1 0 1 0 1 0 0 0 1 1 0 0 0 0 0 0 0 0 0 0 0
310	3	1 0 1 1 1 0 1 1 0 1 1 1 0 1 0 0 0 1 1 0 0 0 0 1 1 1 0 0 0 1 0 1 0 1 0 0 0 1 1 0 0 1 0 0 0 0 0 0 0 0
310	12	1 0 1 1 1 0 1 1 0 1 1 1 0 1 0 0 0 1 1 0 0 0 0 1 1 1 0 0 0 1 0 1 0 1 0 0 0 1 1 0 0 0 0 0 0 0 0 0 0 0
