0	100	0 0 0 0 0 0 0 0 0 0
10	1	0 0 0 0 0 0 0 0 1 0
10	1	0 0 0 1 0 0 0 0 0 0
10	98	0 0 0 0 0 0 0 0 0 0
20	1	0 0 0 0 0 0 1 0 0 0
20	1	0 0 0 0 0 0 0 0 1 0
20	1	0 0 1 0 0 0 1 0 0 0
20	3	0 0 1 0 0 0 0 0 0 0
20	94	0 0 0 0 0 0 0 0 0 0
30	15	0 0 1 0 0 0 0 0 0 0
30	1	0 0 0 0 0 1 0 0 0 0
30	79	0 0 0 0 0 0 0 0 0 0
30	1	0 1 0 0 0 0 1 0 0 0
30	2	0 0 1 0 0 0 1 0 0 0
30	1	0 0 0 0 1 0 0 0 0 0
30	1	0 0 0 0 0 0 0 1 0 0
40	15	0 0 1 0 0 0 0 0 0 0
40	1	0 0 0 0 1 0 0 0 0 0
40	1	0 0 0 0 0 1 0 0 0 0
40	2	0 1 0 0 0 0 0 0 0 0
40	81	0 0 0 0 0 0 0 0 0 0
50	1	0 0 1 0 0 0 1 0 0 0
50	19	0 0 1 0 0 0 0 0 0 0
50	3	0 1 0 0 0 0 0 0 0 0
50	1	0 0 0 1 0 0 0 0 0 0
50	1	0 0 0 0 0 0 0 0 0 1
50	1	0 0 0 0 0 0 1 0 0 0
50	1	1 0 0 0 0 0 0 0 0 0
50	73	0 0 0 0 0 0 0 0 0 0
60	1	0 0 1 1 0 1 0 0 0 0
60	3	0 0 1 0 0 1 0 0 0 0
60	15	0 0 1 0 0 0 0 0 0 0
60	5	0 1 0 0 0 0 0 0 0 0
60	2	0 0 0 1 0 0 0 0 0 0
60	1	0 0 0 0 1 0 0 0 0 0
60	1	0 0 0 0 0 1 0 0 0 0
60	72	0 0 0 0 0 0 0 0 0 0
70	7	0 0 1 0 0 1 0 0 0 0
70	3	0 0 0 0 0 1 0 0 0 0
70	1	0 0 0 0 0 0 1 0 0 0
70	45	0 0 0 0 0 0 0 0 0 0
70	35	0 0 1 0 0 0 0 0 0 0
70	9	0 1 0 0 0 0 0 0 0 0
80	2	0 0 1 0 1 0 0 0 0 0
80	22	0 0 1 0 0 0 0 0 0 0
80	9	0 0 1 0 0 1 0 0 0 0
80	1	0 0 0 1 0 0 0 0 0 0
80	1	0 0 0 0 0 0 0 1 0 0
80	1	0 0 1 0 1 0 0 0 0 1
80	9	0 1 0 0 0 0 0 0 0 0
80	55	0 0 0 0 0 0 0 0 0 0
90	3	0 0 1 0 1 0 1 0 0 0
90	2	0 0 0 0 0 1 0 0 0 0
90	2	0 0 1 0 0 1 0 0 0 0
90	1	0 0 1 0 0 0 0 1 0 0
90	1	0 0 0 1 0 0 0 0 0 0
90	1	0 0 1 0 0 0 0 0 0 1
90	32	0 0 1 0 0 0 0 0 0 0
90	2	0 0 0 0 1 0 0 0 0 0
90	47	0 0 0 0 0 0 0 0 0 0
90	2	0 0 1 0 0 0 0 0 1 0
90	1	0 1 1 0 0 0 0 0 0 0
90	6	0 1 0 0 0 0 0 0 0 0
100	1	0 0 1 0 0 0 1 0 0 0
100	1	0 0 1 0 0 1 1 0 0 1
100	6	0 0 1 0 0 1 0 0 0 0
100	2	0 0 0 1 0 0 0 0 0 0
100	2	0 1 0 0 0 0 0 0 0 0
100	1	0 0 1 0 0 0 0 0 0 1
100	34	0 0 1 0 0 0 0 0 0 0
100	2	0 0 0 0 1 0 0 0 0 0
100	48	0 0 0 0 0 0 0 0 0 0
100	3	0 0 0 0 0 0 1 1 0 0
110	1	0 0 1 0 0 0 1 0 0 0
110	2	0 0 1 0 0 1 0 0 0 1
110	1	0 0 1 0 0 1 0 1 0 0
110	8	0 0 1 0 0 1 0 0 0 0
110	1	0 1 0 0 1 0 0 0 0 0
110	4	0 1 0 0 0 0 0 0 0 0
110	2	0 0 0 0 0 0 1 0 0 0
110	1	0 0 1 1 0 0 0 0 0 0
110	35	0 0 1 0 0 0 0 0 0 0
110	42	0 0 0 0 0 0 0 0 0 0
110	2	0 0 0 0 1 0 0 0 0 0
110	1	1 0 0 0 0 0 0 0 0 0
120	1	0 0 1 0 0 1 0 1 0 0
120	10	0 0 1 0 0 1 0 0 0 0
120	4	0 1 0 0 1 0 0 0 0 0
120	1	0 1 0 0 0 0 0 0 0 0
120	1	0 0 0 0 0 0 0 0 1 0
120	2	0 0 0 0 0 0 1 0 0 0
120	35	0 0 0 0 0 0 0 0 0 0
120	2	0 0 1 0 1 0 0 0 0 0
120	44	0 0 1 0 0 0 0 0 0 0
130	1	0 0 1 0 0 0 1 0 0 0
130	10	0 0 1 0 0 1 0 0 0 0
130	7	0 0 1 0 0 0 0 0 1 0
130	25	0 0 0 0 0 0 0 0 0 0
130	48	0 0 1 0 0 0 0 0 0 0
130	2	0 1 0 0 1 0 0 0 0 0
130	6	0 0 0 0 0 0 1 0 0 0
130	1	0 0 1 0 0 0 0 1 0 1
140	1	0 0 1 0 0 0 1 0 0 0
140	2	0 1 1 0 0 1 0 0 0 0
140	1	1 0 1 0 0 1 0 0 0 0
140	11	0 0 1 0 0 1 0 0 0 0
140	4	0 0 1 0 0 0 0 0 1 0
140	1	1 0 1 0 0 0 0 0 0 0
140	19	0 0 0 0 0 0 0 0 0 0
140	1	0 1 1 0 0 0 0 0 0 0
140	2	0 0 1 1 0 0 0 0 0 0
140	56	0 0 1 0 0 0 0 0 0 0
140	2	0 0 0 0 0 0 1 0 0 0
150	1	0 0 1 0 0 0 1 0 0 0
150	1	0 1 1 0 0 1 0 0 0 0
150	1	1 0 1 0 0 1 0 0 0 0
150	1	0 0 1 1 0 1 0 0 0 0
150	1	0 0 1 0 1 1 0 0 0 0
150	4	0 0 1 0 0 1 0 0 0 0
150	2	0 0 1 0 0 0 0 1 0 0
150	2	1 0 1 0 0 0 0 0 0 0
150	20	0 0 0 0 0 0 0 0 0 0
150	1	0 1 1 0 0 0 0 0 0 0
150	63	0 0 1 0 0 0 0 0 0 0
150	3	0 0 0 0 0 0 1 0 0 0
