10	1	0 1 1 1 1 0 1 0 0 1 0 1 0 1 0 1 1 1 0 0 0 1 1 1 0 1 1 0 1 0 1 1 0 1 1 1 1 0 0 0 1 1 1 0 0 1 0 0 1 0
10	25	0 1 1 1 1 0 1 0 0 1 0 1 0 1 0 0 1 1 0 0 0 1 1 1 0 1 1 0 1 0 1 1 0 1 1 1 1 0 0 0 1 1 1 0 0 1 0 0 1 0
10	1	1 1 0 1 1 0 1 1 1 1 1 0 1 1 1 1 1 1 0 0 1 0 0 0 0 1 0 0 0 0 0 0 1 0 1 1 1 0 1 0 1 1 0 1 0 0 0 0 1 1
10	1	1 1 0 1 1 0 1 1 1 1 1 0 1 1 1 1 1 1 0 0 1 0 0 0 0 1 0 0 1 0 0 0 1 0 1 0 1 0 1 0 1 1 0 1 0 0 0 0 1 1
10	11	1 1 0 1 1 0 1 1 1 1 1 0 1 1 1 1 1 1 0 0 1 0 0 0 0 1 0 0 0 0 0 0 1 0 1 0 1 0 1 0 1 1 0 1 0 0 0 0 1 1
10	1	1 0 0 1 1 0 1 0 1 0 1 1 0 0 1 1 1 1 0 1 1 0 1 0 1 1 0 1 0 1 0 0 1 0 1 0 1 0 0 1 0 1 0 1 1 1 1 0 0 0
10	20	1 0 0 1 1 0 1 0 1 0 1 1 0 0 1 1 1 1 0 1 1 0 1 0 1 1 0 1 0 1 0 0 1 1 1 0 1 0 0 1 0 1 0 1 1 1 1 0 0 0
10	1	1 0 1 0 0 0 0 0 1 1 0 0 1 0 0 1 1 0 1 1 0 1 1 0 1 1 0 1 0 1 0 0 1 1 0 1 0 0 1 0 0 0 1 0 0 1 1 1 0 1
10	1	1 0 1 0 0 0 0 1 1 1 0 0 1 0 0 1 1 0 1 1 0 1 1 0 1 1 0 1 0 1 0 0 1 1 0 1 0 0 1 0 0 0 1 0 0 1 1 1 0 0
10	18	1 0 1 0 0 0 0 1 1 1 0 0 1 0 0 1 1 0 1 1 0 1 1 0 1 1 0 1 0 1 0 0 1 1 0 1 0 0 1 0 0 0 1 0 0 1 1 1 0 1
10	1	1 1 0 1 0 1 0 0 0 0 0 0 0 1 0 1 1 0 0 1 1 0 0 0 0 1 0 0 1 1 0 1 1 1 0 0 0 1 1 0 0 1 1 1 0 0 1 1 1 0
10	19	1 1 0 1 0 1 0 0 0 0 0 0 0 1 0 1 1 0 0 1 1 0 0 0 0 1 0 0 1 1 0 1 1 1 0 0 0 1 0 0 0 1 1 1 0 0 1 1 1 0
20	1	0 1 1 1 1 0 1 0 0 1 1 1 0 1 0 0 1 1 0 0 0 1 1 1 0 1 1 0 1 0 1 1 0 1 1 1 1 0 0 0 1 1 1 0 0 1 0 0 1 0
20	1	0 1 1 1 1 0 1 0 0 1 0 1 0 1 0 0 1 1 0 1 0 1 1 1 0 1 1 0 1 0 1 1 0 1 1 1 1 0 0 0 1 1 1 0 0 1 0 0 1 0
20	14	0 1 1 1 1 0 1 0 0 1 0 1 0 1 0 0 1 1 0 0 0 1 1 1 0 1 1 0 1 0 1 1 0 1 1 1 1 0 0 0 1 1 1 0 0 1 0 0 1 0
20	4	1 1 1 1 1 0 1 1 1 1 1 0 1 1 1 1 1 1 0 0 1 0 0 0 0 1 0 0 0 0 0 0 1 0 1 1 1 0 1 0 1 1 0 1 0 0 0 0 0 1
20	1	1 1 0 1 1 0 1 1 1 1 0 0 1 1 1 1 1 1 0 0 1 0 0 0 0 1 0 0 0 0 0 0 1 0 1 1 1 0 1 0 1 1 0 1 0 0 0 0 1 1
20	37	1 1 0 1 1 0 1 1 1 1 1 0 1 1 1 1 1 1 0 0 1 0 0 0 0 1 0 0 0 0 0 0 1 0 1 1 1 0 1 0 1 1 0 1 0 0 0 0 1 1
20	6	1 1 0 1 1 1 1 1 1 1 1 0 1 1 1 1 1 1 0 0 1 0 0 0 0 1 0 0 0 0 0 0 1 0 1 0 1 0 1 0 1 0 0 1 0 0 0 0 1 1
20	3	1 1 0 1 1 0 1 1 1 1 1 0 1 1 1 1 1 1 0 0 1 0 0 0 0 1 0 0 0 0 0 0 1 0 1 0 1 0 1 0 1 0 0 1 0 0 0 0 1 1
20	6	1 1 0 1 1 0 1 1 1 1 1 0 1 1 1 1 1 1 0 0 1 0 0 0 0 1 0 0 0 0 0 0 1 0 1 0 1 0 1 0 1 1 0 1 0 0 0 0 1 1
20	11	1 0 0 1 1 0 1 0 1 0 1 1 0 0 1 1 1 1 0 1 1 0 1 0 1 1 0 1 0 1 0 0 1 1 1 0 1 0 0 1 0 1 0 1 1 1 1 0 0 0
20	11	1 0 1 0 0 0 0 1 1 1 0 0 1 0 0 1 1 0 1 1 0 1 1 0 1 1 0 1 0 1 0 0 1 1 0 1 0 0 1 0 0 0 1 0 0 1 1 1 0 1
20	1	1 1 0 1 0 1 0 0 1 0 0 0 0 1 0 1 1 0 0 1 1 0 0 0 0 1 0 0 1 1 0 1 1 1 0 0 0 1 0 0 0 1 1 1 0 0 1 1 1 0
20	4	1 1 0 1 0 1 0 0 0 0 0 0 0 1 0 1 1 0 0 1 1 0 0 0 0 1 0 0 1 1 0 1 1 1 0 0 0 1 0 0 0 1 1 1 0 0 1 1 1 0
30	2	1 1 1 1 1 0 1 1 1 1 1 0 1 1 1 1 1 1 0 0 1 0 0 0 0 1 0 0 0 1 0 0 1 0 1 1 1 0 1 0 1 1 0 1 0 0 0 0 0 1
30	1	1 1 1 1 1 0 1 1 1 1 1 0 1 1 1 1 1 1 0 0 1 0 0 0 0 1 1 0 0 0 0 0 1 0 1 1 1 0 1 0 1 1 0 1 0 0 0 0 0 1
30	32	1 1 1 1 1 0 1 1 1 1 1 0 1 1 1 1 1 1 0 0 1 0 0 0 0 1 0 0 0 0 0 0 1 0 1 1 1 0 1 0 1 1 0 1 0 0 0 0 0 1
30	1	1 1 0 1 1 0 1 0 1 1 1 0 1 1 1 1 1 1 0 0 1 0 0 0 0 1 0 0 0 0 0 0 1 0 1 0 1 0 1 0 1 1 0 1 0 0 0 0 1 1
30	1	1 1 0 1 1 0 1 1 1 1 1 0 1 1 1 1 1 1 0 0 1 0 0 0 0 1 0 0 0 0 0 0 1 0 1 0 1 0 1 0 1 1 0 1 0 0 0 0 1 1
30	32	1 1 0 1 1 0 1 1 1 1 1 0 1 1 1 1 1 1 0 0 1 0 0 0 0 1 0 0 0 0 0 0 1 0 1 1 1 0 1 0 1 1 0 1 0 0 0 0 1 1
30	24	1 1 0 1 1 1 1 1 1 1 1 0 1 1 1 1 1 1 0 0 1 0 0 0 0 1 0 0 0 0 0 0 1 0 1 0 1 0 1 0 1 0 0 1 0 0 0 0 1 1
30	4	1 1 0 1 1 0 1 1 1 1 1 0 1 1 1 1 1 1 0 0 1 0 0 0 0 1 0 0 0 0 0 0 1 0 1 0 1 0 1 0 1 0 0 1 0 0 0 0 1 1
30	2	1 0 1 0 0 0 0 1 1 1 0 0 1 0 0 1 1 0 1 1 0 1 1 0 1 1 0 1 0 1 0 0 1 1 0 1 0 0 1 0 0 0 1 0 0 1 1 1 0 1
30	1	1 1 0 1 0 1 0 0 0 0 0 0 0 1 0 1 1 0 0 1 1 0 0 0 0 1 0 0 1 1 0 1 1 1 0 0 0 1 0 0 0 1 1 1 0 0 1 1 1 0
40	1	1 1 1 1 1 0 1 1 1 1 1 0 1 1 1 1 0 1 0 0 1 0 0 0 0 1 0 0 0 0 0 0 1 0 1 1 0 0 1 0 1 1 0 1 0 0 0 0 0 1
40	1	1 1 1 1 1 0 1 1 1 1 1 0 0 1 1 1 1 1 0 0 1 0 0 0 0 1 0 0 0 0 0 0 1 0 1 1 1 0 1 0 1 1 0 1 0 0 0 0 0 1
40	1	1 1 1 1 0 0 1 1 1 1 1 0 1 1 1 1 1 1 0 0 1 0 0 0 0 1 0 0 0 0 0 0 1 0 1 1 1 0 1 0 1 1 0 1 0 0 0 0 0 1
40	1	1 1 1 1 1 0 1 1 1 1 1 0 1 1 1 1 1 1 0 0 1 0 0 0 0 1 0 0 0 0 0 0 1 0 1 0 1 0 1 0 1 1 0 1 0 0 0 0 0 1
40	44	1 1 1 1 1 0 1 1 1 1 1 0 1 1 1 1 1 1 0 0 1 0 0 0 0 1 0 0 0 0 0 0 1 0 1 1 1 0 1 0 1 1 0 1 0 0 0 0 0 1
40	9	1 1 0 1 1 0 1 1 1 1 1 0 1 1 1 1 1 1 0 0 1 0 0 0 0 1 0 0 0 0 0 0 1 0 1 1 1 0 1 0 1 1 0 1 0 0 0 0 1 1
40	37	1 1 0 1 1 1 1 1 1 1 1 0 1 1 1 1 1 1 0 0 1 0 0 0 0 1 0 0 0 0 0 0 1 0 1 0 1 0 1 0 1 0 0 1 0 0 0 0 1 1
40	1	1 1 0 1 1 0 1 1 1 0 1 0 1 1 1 1 1 1 0 0 1 0 0 0 0 1 0 0 0 0 0 0 1 0 1 0 1 0 1 0 1 0 0 1 0 0 0 0 1 1
40	5	1 1 0 1 1 0 1 1 1 1 1 0 1 1 1 1 1 1 0 0 1 0 0 0 0 1 0 0 0 0 0 0 1 0 1 0 1 0 1 0 1 0 0 1 0 0 0 0 1 1
50	1	1 1 1 1 1 0 1 1 1 1 1 0 1 1 1 1 0 1 0 0 1 0 0 0 0 1 0 0 0 0 0 0 1 0 1 1 0 0 1 0 1 1 0 1 0 0 0 0 0 1
50	1	1 1 1 1 1 0 1 1 1 1 1 0 1 1 1 1 1 1 0 0 1 0 0 0 0 1 0 0 0 0 0 0 1 0 1 1 0 0 1 0 1 1 0 1 0 0 0 0 0 1
50	2	1 1 1 1 1 0 1 1 1 1 1 0 0 1 1 1 1 1 0 0 1 0 0 0 0 1 0 0 0 0 0 0 1 0 1 1 1 0 1 0 1 1 0 1 0 0 0 0 0 1
50	1	1 1 1 1 1 0 1 1 1 1 1 0 1 1 1 1 1 1 0 0 1 0 0 0 0 1 0 0 0 0 0 1 1 0 1 1 1 0 1 0 1 1 0 1 0 0 0 0 0 1
50	40	1 1 1 1 1 0 1 1 1 1 1 0 1 1 1 1 1 1 0 0 1 0 0 0 0 1 0 0 0 0 0 0 1 0 1 1 1 0 1 0 1 1 0 1 0 0 0 0 0 1
50	2	1 1 0 1 1 0 1 1 1 1 1 0 1 1 1 1 1 1 0 0 1 0 0 0 0 1 0 0 0 0 0 0 1 0 1 1 1 0 1 0 1 1 0 1 0 0 0 0 0 1
50	6	1 1 0 1 1 0 1 1 1 1 1 0 1 1 1 1 1 1 0 0 1 0 0 0 0 1 0 0 0 0 0 0 1 0 1 1 1 0 1 0 1 1 0 1 0 0 0 0 1 1
50	2	1 1 0 1 1 1 1 1 1 1 1 0 1 1 1 1 1 1 0 0 1 0 1 0 0 1 0 0 0 0 0 0 1 0 1 0 1 0 1 0 1 0 0 1 0 0 0 0 1 1
50	1	1 1 0 1 1 1 1 1 1 1 1 0 1 1 1 1 1 1 0 0 1 0 0 0 0 1 0 0 0 0 0 0 1 0 1 0 1 0 1 0 1 0 0 1 0 1 0 0 1 1
50	44	1 1 0 1 1 1 1 1 1 1 1 0 1 1 1 1 1 1 0 0 1 0 0 0 0 1 0 0 0 0 0 0 1 0 1 0 1 0 1 0 1 0 0 1 0 0 0 0 1 1
60	2	1 1 1 1 1 0 1 1 1 1 1 0 1 1 1 1 0 1 0 0 1 0 0 0 0 1 0 0 0 0 0 0 1 0 1 1 0 0 1 0 1 1 0 1 0 0 0 0 0 1
60	2	1 1 1 1 1 0 1 1 1 1 1 0 1 1 1 0 1 1 0 0 1 0 0 0 0 1 1 0 0 0 0 0 1 0 1 1 1 0 1 0 1 1 0 1 0 0 0 0 0 1
60	2	1 1 1 1 1 0 1 1 1 1 1 0 1 1 1 1 1 1 0 0 1 0 0 0 0 1 0 0 0 0 0 0 1 0 1 1 0 0 1 0 1 1 0 1 0 0 0 0 0 1
60	4	1 1 1 1 1 0 1 1 1 1 1 0 0 1 1 1 1 1 0 0 1 0 0 0 0 1 0 0 0 0 0 0 1 0 1 1 1 0 1 0 1 1 0 1 0 0 0 0 0 1
60	3	1 1 1 1 1 0 1 1 1 1 1 0 1 1 1 1 1 1 0 0 1 0 0 0 0 1 0 0 0 0 0 1 1 0 1 1 1 0 1 0 1 1 0 1 0 0 0 0 0 1
60	3	1 1 1 1 1 0 1 1 1 1 1 0 1 1 1 1 1 1 0 0 1 0 0 0 0 1 0 0 0 0 0 0 1 0 1 1 1 0 1 0 1 1 0 0 0 0 0 0 0 1
60	3	1 1 1 0 1 0 1 1 1 1 1 0 1 1 1 1 1 1 0 0 1 0 0 0 0 1 0 0 0 0 0 0 1 0 1 1 1 0 1 0 1 1 0 1 0 0 0 0 0 1
60	1	1 1 1 1 1 0 1 1 1 1 1 0 1 1 1 1 1 1 0 0 1 0 0 0 0 1 0 0 0 0 0 0 1 0 1 1 1 0 1 0 1 0 0 1 0 0 0 0 0 1
60	1	1 1 1 1 1 0 1 0 1 1 1 0 1 1 1 1 1 1 0 0 1 0 0 0 0 1 0 0 0 0 0 0 1 0 1 1 1 0 1 0 1 1 0 1 0 0 0 0 0 1
60	44	1 1 1 1 1 0 1 1 1 1 1 0 1 1 1 1 1 1 0 0 1 0 0 0 0 1 0 0 0 0 0 0 1 0 1 1 1 0 1 0 1 1 0 1 0 0 0 0 0 1
60	2	1 1 0 1 1 0 1 1 1 1 1 0 1 1 1 1 1 1 0 0 1 0 0 0 0 1 0 0 0 0 0 0 1 0 1 1 1 0 1 0 1 1 0 1 0 0 0 0 1 1
60	1	1 1 0 1 1 1 1 1 1 1 0 0 1 1 1 1 1 1 0 0 0 0 0 0 0 1 0 0 0 0 0 0 1 0 1 0 1 0 1 0 1 0 0 1 0 0 0 0 1 1
60	1	1 1 0 1 1 1 1 1 1 1 1 0 1 1 1 1 1 1 0 0 1 0 1 0 0 1 0 0 0 0 0 0 1 0 1 0 1 0 1 0 1 0 0 1 0 0 0 0 1 1
60	2	1 1 0 1 1 1 1 1 1 1 1 0 1 1 1 1 1 1 0 1 1 0 0 0 0 1 0 0 0 0 0 0 1 0 1 0 1 0 1 0 1 0 0 1 0 0 0 0 1 1
60	2	1 1 0 1 1 1 1 1 1 1 1 0 1 1 1 1 1 1 0 0 1 0 0 0 0 1 0 0 0 0 0 0 1 0 1 0 1 1 1 0 1 0 0 1 0 0 0 0 1 1
60	25	1 1 0 1 1 1 1 1 1 1 1 0 1 1 1 1 1 1 0 0 1 0 0 0 0 1 0 0 0 0 0 0 1 0 1 0 1 0 1 0 1 0 0 1 0 0 0 0 1 1
60	2	1 1 0 1 1 0 1 1 1 1 1 0 1 1 1 1 1 1 0 0 1 0 0 0 0 1 0 0 0 0 0 0 1 0 1 0 1 0 1 0 1 0 0 1 0 0 0 0 1 1
70	1	1 1 1 1 1 0 1 1 1 1 1 0 1 1 1 1 0 1 0 0 1 0 0 0 0 1 0 0 0 0 0 0 1 0 1 1 0 0 1 0 1 1 0 1 0 0 0 0 0 1
70	2	1 1 1 1 1 0 1 1 1 1 1 0 0 1 1 1 1 1 0 0 1 0 0 0 0 1 0 0 0 0 0 0 1 0 1 1 1 0 1 0 1 1 0 1 0 0 0 0 0 1
70	1	1 1 1 1 1 0 1 1 1 1 1 0 1 1 1 1 1 1 0 0 1 0 0 0 0 1 0 0 0 0 0 0 1 0 1 1 1 0 1 1 1 1 0 1 0 0 0 0 0 1
70	3	1 1 1 1 1 0 1 1 1 1 1 0 1 1 1 1 1 1 0 0 1 0 0 0 0 1 0 0 0 0 0 1 1 0 1 1 1 0 1 0 1 1 0 1 0 0 0 0 0 1
70	8	1 1 1 1 1 0 1 1 1 1 1 0 1 1 1 1 1 1 0 0 1 0 0 0 0 1 0 0 0 0 0 0 1 0 1 1 1 0 1 0 1 1 0 0 0 0 0 0 0 1
70	1	1 1 1 1 1 0 1 1 1 1 1 0 1 1 1 1 1 1 0 0 1 0 0 0 0 1 0 0 0 0 0 0 1 0 1 1 1 0 1 0 1 0 0 1 0 0 0 0 0 1
70	1	1 1 0 1 1 0 1 1 1 1 1 0 1 1 1 1 1 1 0 0 1 0 0 0 0 1 0 0 0 0 0 0 1 0 1 1 1 0 1 0 1 1 0 1 0 0 0 0 0 1
70	1	1 1 1 1 1 0 1 1 1 1 1 0 1 1 1 1 1 1 1 0 1 0 0 0 0 1 0 0 0 0 0 0 1 0 1 1 1 0 1 0 1 1 0 1 0 0 0 0 0 1
70	52	1 1 1 1 1 0 1 1 1 1 1 0 1 1 1 1 1 1 0 0 1 0 0 0 0 1 0 0 0 0 0 0 1 0 1 1 1 0 1 0 1 1 0 1 0 0 0 0 0 1
70	1	1 1 0 1 1 0 1 1 1 1 1 0 1 1 1 1 1 1 0 0 1 0 0 0 0 1 0 0 0 0 0 0 1 0 1 1 1 0 1 0 1 1 0 1 0 0 0 0 1 1
70	3	1 1 0 1 1 1 1 1 1 1 1 0 1 1 1 1 1 1 0 0 1 0 1 0 0 1 0 0 0 0 0 0 1 0 1 0 1 0 1 0 1 0 0 1 0 0 0 0 1 1
70	1	1 1 0 1 1 1 1 1 1 1 1 0 1 1 1 1 1 1 0 0 1 0 0 0 0 1 0 0 0 0 0 0 1 0 1 0 1 1 1 0 1 0 0 1 0 0 0 0 1 1
70	1	1 1 0 1 1 1 1 1 1 1 1 0 1 1 1 1 1 1 0 0 1 0 0 0 0 1 0 0 0 0 0 1 1 0 1 0 1 0 1 0 1 0 0 1 0 0 0 0 1 1
70	24	1 1 0 1 1 1 1 1 1 1 1 0 1 1 1 1 1 1 0 0 1 0 0 0 0 1 0 0 0 0 0 0 1 0 1 0 1 0 1 0 1 0 0 1 0 0 0 0 1 1
80	1	1 1 1 1 1 0 1 1 1 1 1 0 1 1 1 1 0 1 0 0 1 0 0 0 0 1 0 1 0 0 0 0 1 0 1 1 0 0 1 0 1 1 0 1 0 0 0 0 0 1
80	1	1 1 1 1 1 0 1 1 1 1 1 0 0 1 1 1 1 1 0 0 1 0 0 0 0 1 0 0 0 0 0 0 1 0 1 1 1 0 1 0 1 1 0 1 0 0 0 0 0 1
80	2	1 1 1 1 1 0 1 1 1 1 1 0 1 1 1 1 1 1 0 0 1 0 0 0 0 1 0 0 0 0 0 1 1 0 1 1 1 0 1 0 1 1 0 1 0 0 0 0 0 1
80	1	1 1 1 1 1 0 1 1 1 1 1 0 1 1 0 1 1 1 0 0 1 0 0 0 0 1 0 0 0 0 0 0 1 0 1 1 1 0 1 0 1 1 0 0 0 0 0 0 0 1
80	8	1 1 1 1 1 0 1 1 1 1 1 0 1 1 1 1 1 1 0 0 1 0 0 0 0 1 0 0 0 0 0 0 1 0 1 1 1 0 1 0 1 1 0 0 0 0 0 0 0 1
80	2	1 1 1 1 1 0 1 1 1 1 1 0 1 1 1 1 1 1 0 0 1 0 0 0 0 1 0 0 0 0 0 0 1 0 1 1 1 0 1 0 1 0 0 1 0 0 0 0 0 1
80	1	1 1 1 1 1 0 1 1 1 1 1 0 1 1 1 1 1 1 0 0 1 0 0 0 0 1 0 0 1 0 0 0 1 0 1 1 1 0 1 0 1 1 0 1 0 0 0 0 0 1
80	1	1 1 1 1 1 0 1 1 1 1 1 0 1 1 1 1 1 1 0 0 1 0 0 0 0 1 0 0 0 0 0 0 1 0 1 0 1 0 1 0 1 1 0 1 0 0 0 0 0 1
80	1	1 1 1 1 1 0 1 1 1 1 1 0 1 1 1 1 1 1 0 0 0 0 0 0 0 1 0 0 0 0 0 0 1 0 1 1 1 0 1 0 1 1 0 1 0 0 0 0 0 1
80	56	1 1 1 1 1 0 1 1 1 1 1 0 1 1 1 1 1 1 0 0 1 0 0 0 0 1 0 0 0 0 0 0 1 0 1 1 1 0 1 0 1 1 0 1 0 0 0 0 0 1
80	2	1 1 0 1 1 1 1 1 1 1 1 0 1 1 1 1 1 1 0 0 1 0 1 0 0 1 0 0 0 0 0 0 1 0 1 0 1 0 1 0 1 0 0 1 0 0 0 0 1 1
80	2	1 1 0 1 1 1 1 1 1 1 1 0 1 1 1 1 1 1 0 1 1 0 0 0 0 1 0 0 0 0 0 0 1 0 1 0 1 0 1 0 1 0 0 1 0 0 0 0 1 1
80	1	1 1 0 1 1 1 1 1 1 1 1 0 1 1 1 1 1 0 0 0 1 0 0 0 0 1 0 0 0 0 0 0 1 0 1 0 1 0 1 0 1 0 0 1 0 0 0 0 1 1
80	3	1 1 0 1 1 1 1 1 1 1 1 0 1 1 1 1 1 1 0 0 1 0 0 0 0 1 0 0 0 0 0 0 1 0 1 0 1 0 1 0 0 0 0 1 0 0 0 0 1 1
80	18	1 1 0 1 1 1 1 1 1 1 1 0 1 1 1 1 1 1 0 0 1 0 0 0 0 1 0 0 0 0 0 0 1 0 1 0 1 0 1 0 1 0 0 1 0 0 0 0 1 1
90	1	1 1 1 1 1 0 1 1 1 1 1 0 0 1 1 1 1 1 0 0 1 0 0 0 0 1 0 0 0 0 0 0 1 0 1 1 1 0 1 0 1 1 0 1 0 0 0 0 0 1
90	7	1 1 1 1 1 0 1 1 1 1 1 0 1 1 1 1 1 1 0 0 1 0 0 0 0 1 0 0 0 0 0 1 1 0 1 1 1 0 1 0 1 1 0 1 0 0 0 0 0 1
90	12	1 1 1 1 1 0 1 1 1 1 1 0 1 1 1 1 1 1 0 0 1 0 0 0 0 1 0 0 0 0 0 0 1 0 1 1 1 0 1 0 1 1 0 0 0 0 0 0 0 1
90	4	1 1 1 1 1 0 1 1 1 1 1 0 1 1 1 1 1 1 0 0 1 0 0 0 0 1 0 0 0 0 0 0 1 0 1 1 1 0 1 0 1 0 0 1 0 0 0 0 0 1
90	1	1 1 1 1 1 0 1 1 1 1 1 0 1 0 1 1 1 1 0 0 1 0 0 0 0 1 0 0 0 0 0 0 1 0 1 1 1 0 1 0 1 1 0 1 0 0 0 0 0 1
90	2	1 1 1 1 1 0 1 1 1 1 1 0 1 1 1 1 1 1 0 0 1 0 0 0 0 1 0 0 0 0 0 0 0 0 1 1 1 0 1 0 1 1 0 1 0 0 0 0 0 1
90	1	1 1 1 1 1 0 1 1 1 1 1 0 1 1 1 1 1 1 0 0 0 0 0 0 0 1 0 0 0 0 0 0 1 0 1 1 1 0 1 0 1 1 0 1 0 0 0 0 0 1
90	43	1 1 1 1 1 0 1 1 1 1 1 0 1 1 1 1 1 1 0 0 1 0 0 0 0 1 0 0 0 0 0 0 1 0 1 1 1 0 1 0 1 1 0 1 0 0 0 0 0 1
90	1	1 1 0 1 1 1 1 1 1 1 1 0 1 1 1 1 1 1 0 0 1 0 1 0 0 1 0 0 0 0 0 0 1 0 1 0 1 0 1 0 1 0 0 1 0 0 0 0 1 1
90	1	1 1 0 1 1 1 1 1 1 1 1 0 1 1 1 1 1 1 0 1 1 0 0 0 0 1 0 0 0 0 0 0 1 0 1 0 1 0 1 0 1 1 0 1 0 0 0 0 1 1
90	6	1 1 0 1 1 1 1 1 1 1 1 0 1 1 1 1 1 1 0 1 1 0 0 0 0 1 0 0 0 0 0 0 1 0 1 0 1 0 1 0 1 0 0 1 0 0 0 0 1 1
90	2	1 1 0 1 1 1 1 1 1 1 1 0 1 1 1 1 1 1 0 0 1 0 0 0 0 1 0 0 0 0 0 0 1 0 1 0 1 0 1 0 0 0 0 1 0 0 0 0 1 1
90	1	1 1 0 0 1 1 1 1 1 1 1 0 1 1 1 1 1 1 0 0 1 0 0 0 0 1 0 0 0 0 0 0 1 0 1 0 1 0 1 0 1 0 0 1 0 0 0 0 1 1
90	18	1 1 0 1 1 1 1 1 1 1 1 0 1 1 1 1 1 1 0 0 1 0 0 0 0 1 0 0 0 0 0 0 1 0 1 0 1 0 1 0 1 0 0 1 0 0 0 0 1 1
100	1	1 1 1 1 1 0 1 1 1 1 1 0 0 1 1 1 1 1 0 0 1 0 0 0 0 1 0 0 0 0 0 0 1 0 1 1 1 0 1 0 1 1 0 1 0 0 0 0 0 1
100	1	1 1 1 1 1 0 1 1 1 1 1 0 1 1 1 1 1 1 0 0 1 0 0 0 0 1 0 0 0 0 0 1 1 0 1 1 1 0 1 0 1 1 0 1 0 0 0 0 0 1
100	1	1 1 1 1 1 0 1 1 1 1 1 0 1 1 1 1 1 1 0 0 1 0 0 0 0 1 0 0 0 0 0 0 1 0 1 1 1 0 1 0 1 1 0 0 0 1 0 0 0 1
100	30	1 1 1 1 1 0 1 1 1 1 1 0 1 1 1 1 1 1 0 0 1 0 0 0 0 1 0 0 0 0 0 0 1 0 1 1 1 0 1 0 1 1 0 0 0 0 0 0 0 1
100	1	1 1 1 1 1 0 1 1 1 1 1 0 1 1 1 1 1 1 0 0 1 0 0 0 0 1 0 0 0 0 0 0 1 0 1 1 1 0 1 0 1 0 0 1 0 0 0 0 0 1
100	2	1 1 1 1 1 0 1 1 1 1 1 0 1 1 0 1 1 1 0 0 1 0 0 0 0 1 0 0 0 0 0 0 1 0 1 1 1 0 1 0 1 1 0 1 0 0 0 0 0 1
100	2	1 1 1 1 1 0 1 1 1 1 1 0 1 1 1 1 1 1 0 0 1 0 0 0 0 1 0 0 0 0 0 0 1 0 1 1 1 0 1 0 0 1 0 1 0 0 0 0 0 1
100	1	1 1 1 1 1 0 1 1 1 1 1 0 1 1 1 1 1 1 0 0 1 0 0 0 0 1 0 0 0 0 0 0 1 0 0 1 1 0 1 0 1 1 0 1 0 0 0 0 0 1
100	29	1 1 1 1 1 0 1 1 1 1 1 0 1 1 1 1 1 1 0 0 1 0 0 0 0 1 0 0 0 0 0 0 1 0 1 1 1 0 1 0 1 1 0 1 0 0 0 0 0 1
100	7	1 1 0 1 1 1 1 1 1 1 1 0 1 1 1 1 1 1 0 0 1 0 1 0 0 1 0 0 0 0 0 0 1 0 1 0 1 0 1 0 1 0 0 1 0 0 0 0 1 1
100	4	1 1 0 1 1 1 1 1 1 1 1 0 1 1 1 1 1 1 0 1 1 0 0 0 0 1 0 0 0 0 0 0 1 0 1 0 1 0 1 0 1 0 0 1 0 0 0 0 1 1
100	5	1 1 0 1 1 1 1 1 1 1 1 0 1 1 1 1 1 1 0 0 1 0 0 0 0 1 0 0 0 0 0 0 1 0 1 0 1 0 1 0 0 0 0 1 0 0 0 0 1 1
100	16	1 1 0 1 1 1 1 1 1 1 1 0 1 1 1 1 1 1 0 0 1 0 0 0 0 1 0 0 0 0 0 0 1 0 1 0 1 0 1 0 1 0 0 1 0 0 0 0 1 1
110	4	1 1 1 1 1 0 1 1 1 1 1 0 1 1 1 1 1 1 0 0 1 0 0 0 0 1 0 0 0 0 0 1 1 0 1 1 1 0 1 0 1 1 0 1 0 0 0 0 0 1
110	1	1 1 1 1 1 0 1 1 1 1 1 0 1 1 1 1 0 1 0 0 1 0 0 0 0 1 0 0 0 0 0 0 1 0 1 1 1 0 1 0 1 1 0 0 0 0 0 0 0 1
110	1	1 1 1 1 1 0 1 1 1 1 1 0 1 1 1 1 1 1 0 0 1 0 0 0 1 1 0 0 0 0 0 0 1 0 1 1 1 0 1 0 1 1 0 0 0 0 0 0 0 1
110	1	1 1 1 1 1 0 1 1 1 1 1 0 1 1 1 1 1 1 0 0 1 0 0 0 0 1 0 0 0 0 0 0 1 0 1 1 1 0 1 0 1 1 0 0 0 0 0 1 0 1
110	40	1 1 1 1 1 0 1 1 1 1 1 0 1 1 1 1 1 1 0 0 1 0 0 0 0 1 0 0 0 0 0 0 1 0 1 1 1 0 1 0 1 1 0 0 0 0 0 0 0 1
110	1	1 1 1 1 1 0 1 1 1 1 1 0 1 1 1 1 1 1 0 0 1 0 0 0 0 1 0 0 0 0 0 0 1 0 1 1 1 0 1 0 1 0 0 0 0 0 0 0 0 1
110	6	1 1 1 1 1 0 1 1 1 1 1 0 1 1 1 1 1 1 0 0 1 0 0 0 0 1 0 0 0 0 0 0 1 0 1 1 1 0 1 0 1 0 0 1 0 0 0 0 0 1
110	5	1 1 1 1 1 0 1 1 1 1 1 0 1 1 1 1 1 1 0 0 1 0 0 0 0 1 0 0 0 0 0 0 1 0 1 1 1 0 1 0 0 1 0 1 0 0 0 0 0 1
110	17	1 1 1 1 1 0 1 1 1 1 1 0 1 1 1 1 1 1 0 0 1 0 0 0 0 1 0 0 0 0 0 0 1 0 1 1 1 0 1 0 1 1 0 1 0 0 0 0 0 1
110	6	1 1 0 1 1 1 1 1 1 1 1 0 1 1 1 1 1 1 0 0 1 0 1 0 0 1 0 0 0 0 0 0 1 0 1 0 1 0 1 0 1 0 0 1 0 0 0 0 1 1
110	1	1 1 0 1 1 1 1 1 1 1 1 0 1 1 1 1 1 1 0 1 1 0 0 0 0 1 0 0 0 0 1 0 1 0 1 0 1 0 1 0 1 0 0 1 0 0 0 0 1 1
110	2	1 1 0 1 1 1 1 1 1 1 1 0 1 1 1 1 1 1 0 1 1 0 0 0 0 1 0 0 0 0 0 0 1 0 1 0 1 0 1 0 1 0 0 1 0 0 0 0 1 1
110	4	1 1 0 1 1 1 1 1 1 1 1 0 1 1 1 1 1 1 0 0 1 0 0 0 0 1 0 0 0 0 0 0 1 0 1 0 1 0 1 0 0 0 0 1 0 0 0 0 1 1
110	1	1 1 0 1 1 1 1 1 1 1 1 0 1 1 1 1 1 1 1 0 1 0 0 0 0 1 0 0 0 0 0 0 1 0 1 0 1 0 1 0 1 0 0 1 0 0 0 0 1 1
110	10	1 1 0 1 1 1 1 1 1 1 1 0 1 1 1 1 1 1 0 0 1 0 0 0 0 1 0 0 0 0 0 0 1 0 1 0 1 0 1 0 1 0 0 1 0 0 0 0 1 1
120	1	1 1 1 1 1 0 1 1 1 1 1 0 1 1 1 1 1 1 0 0 1 0 0 0 1 1 0 0 0 0 0 0 1 0 1 1 1 0 1 0 1 1 0 0 0 0 0 0 0 1
120	53	1 1 1 1 1 0 1 1 1 1 1 0 1 1 1 1 1 1 0 0 1 0 0 0 0 1 0 0 0 0 0 0 1 0 1 1 1 0 1 0 1 1 0 0 0 0 0 0 0 1
120	8	1 1 1 1 1 0 1 1 1 1 1 0 1 1 1 1 1 1 0 0 1 0 0 0 0 1 0 0 0 0 0 0 1 0 1 1 1 0 1 0 1 0 0 1 0 0 0 0 0 1
120	2	1 1 1 1 1 0 1 1 1 1 1 0 1 1 0 1 1 1 0 0 1 0 0 0 0 1 0 0 0 0 0 0 1 0 1 1 1 0 1 0 1 1 0 1 0 0 0 0 0 1
120	2	0 1 1 1 1 0 1 1 1 1 1 0 1 1 1 1 1 1 0 0 1 0 0 0 0 1 0 0 0 0 0 0 1 0 1 1 1 0 1 0 0 1 0 1 0 0 0 0 0 1
120	6	1 1 1 1 1 0 1 1 1 1 1 0 1 1 1 1 1 1 0 0 1 0 0 0 0 1 0 0 0 0 0 0 1 0 1 1 1 0 1 0 0 1 0 1 0 0 0 0 0 1
120	1	1 1 1 1 1 0 1 1 1 1 1 0 1 1 1 1 1 1 0 0 1 0 0 0 0 1 0 0 0 0 0 0 1 0 1 1 1 0 1 0 1 1 0 1 0 0 0 0 0 0
120	7	1 1 1 1 1 0 1 1 1 1 1 0 1 1 1 1 1 1 0 0 1 0 0 0 0 1 0 0 0 0 0 0 1 0 1 1 1 0 1 0 1 1 0 1 0 0 0 0 0 1
120	5	1 1 0 1 1 1 1 1 1 1 1 0 1 1 1 1 1 1 0 0 1 0 1 0 0 1 0 0 0 0 0 0 1 0 1 0 1 0 1 0 1 0 0 1 0 0 0 0 1 1
120	3	1 1 0 1 1 1 1 1 1 1 1 0 1 1 1 1 1 1 0 1 1 0 0 0 0 1 0 0 0 0 0 0 1 0 1 0 1 0 1 0 1 0 0 1 0 0 0 0 1 1
120	2	1 1 0 1 1 1 1 1 1 1 1 0 1 1 1 1 1 1 0 0 1 0 0 0 0 1 0 0 0 0 0 0 1 0 1 0 1 0 1 0 0 0 0 1 0 0 0 0 1 1
120	1	1 1 0 1 1 1 1 1 1 1 1 0 1 1 1 1 1 1 1 0 1 0 0 0 0 1 0 0 0 0 0 0 1 0 1 0 1 0 1 0 1 0 0 1 0 0 0 0 1 1
120	1	1 1 0 1 1 1 1 1 1 1 1 0 1 1 1 1 1 1 0 0 0 0 0 0 0 1 0 0 0 0 0 0 1 0 1 0 1 0 1 0 1 0 0 1 0 0 0 0 1 1
120	2	1 1 0 1 1 1 1 1 0 1 1 0 1 1 1 1 1 1 0 0 1 0 0 0 0 1 0 0 0 0 0 0 1 0 1 0 1 0 1 0 1 0 0 1 0 0 0 0 1 1
120	6	1 1 0 1 1 1 1 1 1 1 1 0 1 1 1 1 1 1 0 0 1 0 0 0 0 1 0 0 0 0 0 0 1 0 1 0 1 0 1 0 1 0 0 1 0 0 0 0 1 1
130	1	1 1 1 1 1 0 1 1 1 1 1 0 1 1 1 1 1 1 0 0 1 0 0 0 0 1 0 0 0 0 0 1 1 0 1 1 1 0 1 0 1 1 0 1 0 0 0 0 0 1
130	8	1 1 1 1 1 0 1 1 1 1 1 0 1 1 1 1 1 1 0 0 1 0 0 0 1 1 0 0 0 0 0 0 1 0 1 1 1 0 1 0 1 1 0 0 0 0 0 0 0 1
130	1	1 1 1 1 1 0 1 1 1 1 1 0 1 1 1 1 1 1 0 0 1 0 0 0 0 0 0 0 0 0 0 0 1 0 1 1 1 0 1 0 1 1 0 0 0 0 0 0 0 1
130	1	1 1 1 1 0 0 1 1 1 1 1 0 1 1 1 1 1 1 0 0 1 0 0 0 0 1 0 0 0 0 0 0 1 0 1 1 1 0 1 0 1 1 0 0 0 0 0 0 0 1
130	1	1 1 1 1 1 0 1 1 1 1 1 0 1 1 1 1 1 1 0 0 1 0 0 0 0 1 0 0 0 0 1 0 1 0 1 1 1 0 1 0 1 1 0 0 0 0 0 0 0 1
130	55	1 1 1 1 1 0 1 1 1 1 1 0 1 1 1 1 1 1 0 0 1 0 0 0 0 1 0 0 0 0 0 0 1 0 1 1 1 0 1 0 1 1 0 0 0 0 0 0 0 1
130	5	1 1 1 1 1 0 1 1 1 1 1 0 1 1 1 1 1 1 0 0 1 0 0 0 0 1 0 0 0 0 0 0 1 0 1 1 1 0 1 0 1 0 0 1 0 0 0 0 0 1
130	8	1 1 1 1 1 0 1 1 1 1 1 0 1 1 1 1 1 1 0 0 1 0 0 0 0 1 0 0 0 0 0 0 1 0 1 1 1 0 1 0 0 1 0 1 0 0 0 0 0 1
130	9	1 1 1 1 1 0 1 1 1 1 1 0 1 1 1 1 1 1 0 0 1 0 0 0 0 1 0 0 0 0 0 0 1 0 1 1 1 0 1 0 1 1 0 1 0 0 0 0 0 1
130	3	1 1 0 1 1 1 1 1 1 1 1 0 1 1 1 1 1 1 0 0 1 0 1 0 0 1 0 0 0 0 0 0 1 0 1 0 1 0 1 0 1 0 0 1 0 0 0 0 1 1
130	3	1 1 0 1 1 1 1 1 1 1 1 0 1 1 1 1 1 1 0 0 1 0 0 0 0 1 0 0 0 0 0 0 1 0 1 0 1 0 1 0 0 0 0 1 0 0 0 0 1 1
130	1	1 1 0 1 1 1 1 1 1 1 1 0 1 1 1 1 1 1 1 0 1 0 0 0 0 1 0 0 0 0 0 0 1 0 1 0 1 0 1 0 1 0 0 1 0 0 0 0 1 1
130	4	1 1 0 1 1 1 1 1 1 1 1 0 1 1 1 1 1 1 0 0 1 0 0 0 0 1 0 0 0 0 0 0 1 0 1 0 1 0 1 0 1 0 0 1 0 0 0 0 1 1
140	2	1 1 1 1 1 1 1 1 1 1 1 0 1 1 1 1 1 1 0 0 1 0 0 0 1 1 0 0 0 0 0 0 1 0 1 1 1 0 1 0 1 1 0 0 0 0 0 0 0 1
140	5	1 1 1 1 1 0 1 1 1 1 1 0 1 1 1 1 1 1 0 0 1 0 0 0 1 1 0 0 0 0 0 0 1 0 1 1 1 0 1 0 1 1 0 0 0 0 0 0 0 1
140	1	1 1 1 1 1 0 1 1 1 1 1 0 1 1 1 1 1 1 0 0 1 0 0 0 0 0 0 0 0 0 0 0 1 0 1 1 1 0 1 0 1 1 0 0 0 0 0 0 0 1
140	2	1 1 1 1 1 0 1 1 1 1 1 0 1 1 1 1 1 1 0 0 1 0 0 0 0 1 0 0 1 0 0 0 1 0 1 1 1 0 1 0 1 1 0 0 0 0 0 0 0 1
140	2	1 1 1 1 1 0 1 1 1 1 1 0 1 1 1 1 1 1 0 0 1 0 0 0 0 1 0 0 0 0 0 0 1 0 1 1 1 0 1 0 1 1 0 0 1 0 0 0 0 1
140	4	1 1 1 1 1 0 1 1 1 1 1 0 1 1 1 1 1 1 0 0 1 0 0 0 0 1 0 0 0 0 0 0 1 0 1 1 1 0 1 0 1 1 0 1 0 0 0 0 0 1
140	60	1 1 1 1 1 0 1 1 1 1 1 0 1 1 1 1 1 1 0 0 1 0 0 0 0 1 0 0 0 0 0 0 1 0 1 1 1 0 1 0 1 1 0 0 0 0 0 0 0 1
140	6	1 1 1 1 1 0 1 1 1 1 1 0 1 1 1 1 1 1 0 0 1 0 0 0 0 1 0 0 0 0 0 0 1 0 1 1 1 0 1 0 1 0 0 1 0 0 0 0 0 1
140	1	1 1 1 1 1 0 1 1 1 1 1 0 1 1 1 1 1 1 0 0 1 0 0 0 0 1 0 0 0 0 0 1 1 0 1 1 1 0 1 0 0 1 0 1 0 0 0 0 0 1
140	5	1 1 1 1 1 0 1 1 1 1 1 0 1 1 1 1 1 1 0 0 1 0 0 0 0 1 0 0 0 0 0 0 1 0 1 1 1 0 1 0 0 1 0 1 0 0 0 0 0 1
140	1	1 1 1 1 1 0 1 1 1 1 1 0 1 1 1 1 1 1 0 0 1 0 0 0 0 1 0 0 0 0 0 0 1 0 1 1 1 0 1 0 1 1 0 1 0 0 0 0 0 0
140	1	1 1 0 1 1 1 1 1 1 1 1 0 1 1 1 1 1 1 0 1 1 0 1 0 0 1 0 0 0 0 0 0 1 0 1 0 1 0 1 0 1 0 0 1 0 0 0 0 1 1
140	1	1 1 0 1 1 1 1 1 1 1 1 0 1 1 1 1 1 1 0 0 1 0 1 0 0 1 0 0 0 0 0 0 1 0 1 0 1 0 1 0 1 0 0 1 0 0 0 0 1 1
140	3	1 1 0 1 1 1 1 1 1 1 1 0 1 1 1 1 1 1 0 0 1 0 0 0 0 1 0 0 0 0 0 0 1 0 1 0 1 0 1 0 0 0 0 1 0 0 0 0 1 1
140	2	1 1 0 1 1 1 1 1 1 1 1 0 1 1 1 1 1 1 1 0 1 0 0 0 0 1 0 0 0 0 0 0 1 0 1 0 1 0 1 0 1 0 0 1 0 0 0 0 1 1
140	1	1 1 0 1 1 1 1 1 1 1 1 0 1 1 0 1 1 1 0 0 1 0 0 0 0 1 0 0 0 0 0 0 1 0 1 0 1 0 1 0 1 0 0 1 0 0 0 0 1 1
140	3	1 1 0 1 1 1 1 1 1 1 1 0 1 1 1 1 1 1 0 0 1 0 0 0 0 1 0 0 0 0 0 0 1 0 1 0 1 0 1 0 1 0 0 1 0 0 0 0 1 1
150	2	1 1 1 1 1 0 1 1 1 1 1 0 1 1 1 1 0 1 0 0 1 0 0 0 0 1 0 0 0 0 0 0 1 0 1 1 1 0 1 0 1 1 0 0 0 0 0 0 0 1
150	5	1 1 1 1 1 0 1 1 1 1 1 0 1 1 1 1 1 1 0 0 1 0 0 0 1 1 0 0 0 0 0 0 1 0 1 1 1 0 1 0 1 1 0 0 0 0 0 0 0 1
150	2	1 1 1 1 1 0 1 1 1 1 1 0 1 1 0 1 1 1 0 0 1 0 0 0 0 1 0 0 0 0 0 0 1 0 1 1 1 0 1 0 1 1 0 0 0 0 0 0 0 1
150	2	1 1 1 1 1 0 1 1 1 1 1 0 1 1 1 1 1 1 0 0 1 0 0 0 0 0 0 0 0 0 0 0 1 0 1 1 1 0 1 0 1 1 0 0 0 0 0 0 0 1
150	1	1 1 1 1 1 0 1 1 1 1 1 0 1 1 1 1 1 1 0 0 1 0 0 0 0 1 0 0 0 0 0 0 1 0 1 1 1 0 1 0 1 1 0 0 1 0 0 0 0 1
150	1	1 1 1 1 1 1 1 1 1 1 1 0 1 1 1 1 1 1 0 0 1 0 0 0 0 1 0 0 0 0 0 0 1 0 1 1 1 0 1 0 1 1 0 0 0 0 0 0 0 1
150	2	1 1 1 1 1 0 1 1 1 1 1 0 1 1 1 1 1 1 0 0 1 0 0 0 0 1 0 0 0 0 0 0 1 0 1 1 1 0 1 0 1 1 0 1 0 0 0 0 0 0
150	1	1 1 1 1 1 0 1 1 1 1 1 0 1 1 1 1 1 1 0 0 1 0 0 0 0 1 0 0 0 0 0 0 1 0 1 1 1 0 1 0 1 1 0 1 0 0 0 0 0 1
150	1	1 1 1 1 1 0 1 1 1 1 1 0 1 1 1 1 1 1 0 0 1 0 0 0 0 1 0 0 0 0 0 0 1 0 0 1 1 0 1 0 1 1 0 0 0 0 0 0 0 1
150	2	1 1 1 1 1 0 1 1 1 1 1 0 1 1 1 1 1 1 0 0 1 0 0 0 0 1 0 0 0 0 0 0 1 0 1 1 1 0 1 0 1 1 1 0 0 0 0 0 0 1
150	65	1 1 1 1 1 0 1 1 1 1 1 0 1 1 1 1 1 1 0 0 1 0 0 0 0 1 0 0 0 0 0 0 1 0 1 1 1 0 1 0 1 1 0 0 0 0 0 0 0 1
150	9	1 1 1 1 1 0 1 1 1 1 1 0 1 1 1 1 1 1 0 0 1 0 0 0 0 1 0 0 0 0 0 0 1 0 1 1 1 0 1 0 1 0 0 1 0 0 0 0 0 1
150	5	1 1 1 1 1 0 1 1 1 1 1 0 1 1 1 1 1 1 0 0 1 0 0 0 0 1 0 0 0 0 0 0 1 0 1 1 1 0 1 0 0 1 0 1 0 0 0 0 0 1
150	1	1 1 0 1 1 1 1 1 1 1 1 0 1 1 1 1 1 1 0 0 1 0 0 0 0 1 0 0 0 0 0 0 1 0 1 0 1 0 1 0 0 0 0 1 0 0 0 0 1 1
150	1	1 1 0 1 1 1 1 1 1 1 1 0 1 1 0 1 1 1 0 0 1 0 0 0 0 1 0 0 0 0 0 0 1 0 1 0 1 0 1 0 1 0 0 1 0 0 0 0 1 1
160	1	1 1 1 1 1 0 1 1 1 1 1 0 1 1 1 1 1 1 0 0 1 0 0 0 0 1 0 0 0 0 0 1 1 0 1 1 1 0 1 0 1 1 0 1 0 0 0 0 0 1
160	6	1 1 1 1 1 0 1 1 1 1 1 0 1 1 1 1 0 1 0 0 1 0 0 0 0 1 0 0 0 0 0 0 1 0 1 1 1 0 1 0 1 1 0 0 0 0 0 0 0 1
160	2	1 1 1 1 1 1 1 1 1 1 1 0 1 1 1 1 1 1 0 0 1 0 0 0 1 1 0 0 0 0 0 0 1 0 1 1 1 0 1 0 1 1 0 0 0 0 0 0 0 1
160	1	1 1 1 1 1 0 1 1 1 1 1 0 1 1 1 1 1 1 0 0 1 0 0 0 1 1 0 0 0 0 0 0 1 0 1 1 1 0 1 0 1 1 0 0 0 0 0 0 0 1
160	1	1 1 0 1 1 0 1 1 1 1 1 0 1 1 1 1 1 1 0 0 1 0 0 0 0 1 0 0 0 0 0 0 1 0 1 1 1 0 1 0 1 1 0 0 0 0 0 0 0 1
160	51	1 1 1 1 1 0 1 1 1 1 1 0 1 1 1 1 1 1 0 0 1 0 0 0 0 1 0 0 0 0 0 0 1 0 1 1 1 0 1 0 1 1 0 0 0 0 0 0 0 1
160	5	1 1 1 1 1 0 1 1 1 1 1 0 1 1 1 1 1 1 0 0 1 0 0 0 0 0 0 0 0 0 0 0 1 0 1 1 1 0 1 0 1 1 0 0 0 0 0 0 0 1
160	5	1 1 1 1 1 1 1 1 1 1 1 0 1 1 1 1 1 1 0 0 1 0 0 0 0 1 0 0 0 0 0 0 1 0 1 1 1 0 1 0 1 1 0 0 0 0 0 0 0 1
160	1	1 1 1 1 1 0 1 1 1 1 1 0 1 1 1 1 1 1 0 0 1 0 0 0 0 1 0 0 0 0 0 0 1 0 1 1 1 0 1 0 1 1 0 1 0 0 0 0 0 1
160	2	1 1 1 1 1 0 1 1 1 1 1 0 1 1 1 1 1 1 0 0 1 0 0 0 0 1 0 0 0 0 0 0 1 0 1 0 1 0 1 0 1 1 0 0 0 0 0 0 0 1
160	1	1 1 1 1 1 0 1 1 1 1 1 0 1 1 1 1 1 1 0 0 1 0 0 0 0 1 0 0 0 0 0 0 1 0 1 1 1 0 1 0 1 1 0 0 1 0 0 0 0 1
160	1	1 1 1 1 1 0 1 1 1 1 1 0 1 1 1 0 1 1 0 0 1 0 0 0 0 1 0 0 0 0 0 0 1 0 1 1 1 0 1 0 1 1 0 0 0 0 0 0 0 1
160	3	1 1 1 0 1 0 1 1 1 1 1 0 1 1 1 1 1 1 0 0 1 0 0 0 0 1 0 0 0 0 0 0 1 0 1 1 1 0 1 0 1 1 0 0 0 0 0 0 0 1
160	1	1 1 1 1 1 0 1 1 0 1 1 0 1 1 1 1 1 1 0 0 1 0 0 0 0 1 0 0 0 0 0 0 1 0 1 1 1 0 1 0 1 1 0 0 0 0 0 0 0 1
160	9	1 1 1 1 1 0 1 1 1 1 1 0 1 1 1 1 1 1 0 0 1 0 0 0 0 1 0 0 0 0 0 0 1 0 1 1 1 0 1 0 1 0 0 1 0 0 0 0 0 1
160	1	1 1 1 1 1 0 1 1 1 1 1 0 1 1 1 1 1 1 0 0 1 0 0 0 0 1 0 0 0 0 0 1 1 0 1 1 1 0 1 0 0 1 0 1 0 0 0 0 0 1
160	5	1 1 1 1 1 0 1 1 1 1 1 0 1 1 1 1 1 1 0 0 1 0 0 0 0 1 0 0 0 0 0 0 1 0 1 1 1 0 1 0 0 1 0 1 0 0 0 0 0 1
160	1	1 1 0 1 1 1 1 1 1 1 1 0 1 1 1 1 1 1 0 0 1 0 1 0 0 1 0 0 0 0 0 0 1 0 1 0 1 0 1 0 1 0 0 1 0 0 0 0 1 1
160	3	1 1 0 1 1 1 1 1 1 1 1 0 1 1 1 1 1 1 0 0 1 0 0 0 0 1 0 0 0 0 0 0 1 0 1 0 1 0 1 0 0 0 0 1 0 0 0 0 1 1
170	1	1 1 1 1 1 0 1 1 1 1 1 0 1 1 1 1 0 1 0 0 1 0 0 0 0 1 0 0 0 0 0 0 0 0 1 1 1 0 1 0 1 1 0 0 0 0 0 0 0 1
170	7	1 1 1 1 1 0 1 1 1 1 1 0 1 1 1 1 0 1 0 0 1 0 0 0 0 1 0 0 0 0 0 0 1 0 1 1 1 0 1 0 1 1 0 0 0 0 0 0 0 1
170	6	1 1 1 1 1 1 1 1 1 1 1 0 1 1 1 1 1 1 0 0 1 0 0 0 1 1 0 0 0 0 0 0 1 0 1 1 1 0 1 0 1 1 0 0 0 0 0 0 0 1
170	2	1 1 1 1 1 0 1 1 1 1 1 0 1 1 1 1 1 1 0 0 1 0 0 0 1 1 0 0 0 0 0 0 1 0 1 1 1 0 1 0 1 1 0 0 0 0 0 0 0 1
170	1	1 1 1 1 1 0 0 1 1 1 1 0 1 1 1 1 1 1 0 0 1 0 0 0 0 1 0 0 0 0 0 0 1 0 1 1 1 0 1 0 1 1 0 0 0 0 0 0 0 1
170	1	1 1 1 1 1 0 1 1 1 1 1 0 1 1 1 1 1 1 0 0 1 0 0 0 0 1 0 0 0 0 0 0 1 0 1 1 1 0 1 0 1 1 0 0 0 0 0 1 0 1
170	11	1 1 1 1 1 1 1 1 1 1 1 0 1 1 1 1 1 1 0 0 1 0 0 0 0 1 0 0 0 0 0 0 1 0 1 1 1 0 1 0 1 1 0 0 0 0 0 0 0 1
170	1	1 1 1 1 1 0 1 1 1 1 1 0 1 1 1 1 1 1 0 0 1 0 0 1 0 1 0 0 0 0 0 0 1 0 1 1 1 0 1 0 1 1 0 0 0 0 0 0 0 1
170	3	1 1 1 1 1 0 1 1 1 1 1 0 1 1 1 1 1 1 0 0 1 0 0 0 0 1 0 0 0 0 0 0 1 0 1 1 1 0 1 0 1 1 0 1 0 0 0 0 0 1
170	1	1 1 1 1 1 0 1 1 1 1 1 0 1 1 1 1 1 1 0 0 1 0 0 0 0 1 0 0 0 0 0 0 1 0 1 1 1 0 1 0 1 1 0 0 1 0 0 0 0 1
170	36	1 1 1 1 1 0 1 1 1 1 1 0 1 1 1 1 1 1 0 0 1 0 0 0 0 1 0 0 0 0 0 0 1 0 1 1 1 0 1 0 1 1 0 0 0 0 0 0 0 1
170	1	1 1 1 1 1 0 1 1 1 1 1 0 1 1 1 1 1 1 0 0 1 0 0 0 0 1 0 0 0 0 0 0 1 0 1 0 1 0 1 0 1 1 0 0 0 0 0 0 0 1
170	1	1 1 1 1 1 0 1 1 1 1 1 0 1 1 1 1 1 1 0 0 1 0 0 0 0 0 0 0 0 0 0 0 1 0 1 1 1 0 1 0 1 1 0 0 0 0 0 0 0 1
170	1	1 1 1 1 1 0 1 1 1 1 1 0 1 1 1 1 1 1 0 0 1 0 0 0 0 1 0 0 0 0 0 0 1 0 1 1 1 0 1 0 1 1 0 1 0 0 0 0 0 0
170	3	1 1 1 1 1 0 1 1 1 1 1 0 1 1 1 1 1 1 0 0 1 0 0 0 0 1 0 0 0 0 0 0 1 0 0 1 1 0 1 0 1 1 0 0 0 0 0 0 0 1
170	2	1 1 1 1 1 0 1 1 1 1 1 0 1 1 1 1 1 1 0 0 0 0 0 0 0 1 0 0 0 0 0 0 1 0 1 1 1 0 1 0 1 0 0 1 0 0 0 0 0 1
170	6	1 1 1 1 1 0 1 1 1 1 1 0 1 1 1 1 1 1 0 0 1 0 0 0 0 1 0 0 0 0 0 0 1 0 1 1 1 0 1 0 1 0 0 1 0 0 0 0 0 1
170	1	1 1 1 1 1 0 1 1 1 1 1 0 1 1 1 1 1 1 0 0 1 0 0 0 0 1 0 0 0 0 0 1 1 0 1 1 1 0 1 0 0 1 0 1 0 0 0 0 0 1
170	10	1 1 1 1 1 0 1 1 1 1 1 0 1 1 1 1 1 1 0 0 1 0 0 0 0 1 0 0 0 0 0 0 1 0 1 1 1 0 1 0 0 1 0 1 0 0 0 0 0 1
170	2	1 1 0 1 1 1 1 1 1 1 1 0 1 1 1 1 1 1 0 0 1 0 1 0 0 1 0 0 0 0 0 0 1 0 1 0 1 0 1 0 1 0 0 1 0 0 0 0 1 1
170	3	1 1 0 1 1 1 1 1 1 1 1 0 1 1 1 1 1 1 0 0 1 0 0 0 0 1 0 0 0 0 0 0 1 0 1 0 1 0 1 0 0 0 0 1 0 0 0 0 1 1
180	7	1 1 1 1 1 0 1 1 1 1 1 0 1 1 1 1 0 1 0 0 1 0 0 0 0 1 0 0 0 0 0 0 1 0 1 1 1 0 1 0 1 1 0 0 0 0 0 0 0 1
180	2	1 1 1 1 1 1 1 1 1 1 1 0 1 1 1 1 1 1 0 0 1 0 0 0 1 1 0 0 0 0 0 0 1 0 1 1 1 0 1 0 1 1 0 0 0 0 0 0 0 1
180	1	1 1 1 1 1 0 1 1 1 1 1 0 1 1 1 1 1 1 0 0 1 0 0 0 1 1 0 0 0 0 0 0 1 0 1 1 1 0 1 0 1 1 0 0 0 0 0 0 0 1
180	2	1 1 1 1 1 0 1 1 1 1 1 0 1 1 1 1 1 1 0 0 1 0 1 0 0 1 0 0 0 0 0 0 1 0 1 1 1 0 1 0 1 1 0 0 0 0 0 0 0 1
180	1	1 1 1 1 1 1 1 1 1 1 1 0 1 1 1 1 1 1 0 0 1 0 0 0 0 1 0 0 0 1 0 0 1 0 1 1 1 0 1 0 1 1 0 0 0 0 0 0 0 1
180	1	1 1 1 1 1 1 1 1 1 1 1 0 1 1 1 1 1 1 0 0 1 0 0 0 0 1 0 0 0 0 0 0 1 0 1 1 1 0 1 0 1 1 0 0 0 0 0 0 1 1
180	18	1 1 1 1 1 1 1 1 1 1 1 0 1 1 1 1 1 1 0 0 1 0 0 0 0 1 0 0 0 0 0 0 1 0 1 1 1 0 1 0 1 1 0 0 0 0 0 0 0 1
180	2	1 1 1 1 1 0 1 1 1 1 1 0 1 1 1 1 1 1 0 0 1 0 0 1 0 1 0 0 0 0 0 0 1 0 1 1 1 0 1 0 1 1 0 0 0 0 0 0 0 1
180	1	1 1 1 1 1 0 1 1 1 1 1 0 1 1 1 1 1 1 0 0 1 0 0 0 0 1 0 0 0 1 0 0 1 0 1 1 1 0 1 0 1 1 0 0 0 0 0 0 0 1
180	1	1 1 1 1 1 0 1 1 0 1 1 0 1 1 1 1 1 1 0 0 1 0 0 0 0 1 0 0 0 0 0 0 1 0 1 1 1 0 1 0 1 1 0 0 0 0 0 0 0 1
180	1	1 1 1 1 1 0 1 1 1 1 1 0 1 1 1 1 1 1 0 0 1 0 0 0 0 1 0 0 1 0 0 0 1 0 1 1 1 0 1 0 1 1 0 0 0 0 0 0 0 1
180	38	1 1 1 1 1 0 1 1 1 1 1 0 1 1 1 1 1 1 0 0 1 0 0 0 0 1 0 0 0 0 0 0 1 0 1 1 1 0 1 0 1 1 0 0 0 0 0 0 0 1
180	2	1 1 1 1 1 0 1 1 1 1 1 0 1 1 1 1 1 1 0 0 1 0 0 0 0 0 0 0 0 0 0 0 1 0 1 1 1 0 1 0 1 1 0 0 0 0 0 0 0 1
180	1	1 1 1 1 1 0 1 1 1 1 1 0 1 1 1 1 1 1 0 0 0 0 0 0 0 1 0 0 0 0 0 0 1 0 1 1 1 0 1 0 1 0 0 1 0 0 0 0 0 1
180	16	1 1 1 1 1 0 1 1 1 1 1 0 1 1 1 1 1 1 0 0 1 0 0 0 0 1 0 0 0 0 0 0 1 0 1 1 1 0 1 0 1 0 0 1 0 0 0 0 0 1
180	5	1 1 1 1 1 0 1 1 1 1 1 0 1 1 1 1 1 1 0 0 1 0 0 0 0 1 0 0 0 0 0 0 1 0 1 1 1 0 1 0 0 1 0 1 0 0 0 0 0 1
180	1	1 1 0 1 1 1 1 1 1 1 1 0 1 1 1 1 1 1 0 0 1 0 0 0 0 1 0 0 0 0 0 0 1 0 1 0 1 0 1 0 0 0 0 1 0 0 0 0 1 1
190	2	1 1 1 1 1 0 1 1 1 1 1 0 1 1 1 1 0 1 0 0 1 0 0 0 0 1 0 0 0 0 0 0 1 0 1 1 1 0 1 0 1 1 0 0 0 0 0 0 0 1
190	7	1 1 1 1 1 1 1 1 1 1 1 0 1 1 1 1 1 1 0 0 1 0 0 0 1 1 0 0 0 0 0 0 1 0 1 1 1 0 1 0 1 1 0 0 0 0 0 0 0 1
190	3	1 1 1 1 1 0 1 1 1 1 1 0 1 1 1 1 1 1 0 0 1 0 0 0 1 1 0 0 0 0 0 0 1 0 1 1 1 0 1 0 1 1 0 0 0 0 0 0 0 1
190	1	1 1 1 1 1 0 1 1 1 1 1 0 1 1 1 1 1 1 0 0 1 0 1 0 0 1 0 0 0 0 0 0 1 0 1 1 1 0 1 0 1 1 0 0 0 0 0 0 0 1
190	1	1 1 1 1 1 1 1 1 1 1 1 0 1 1 1 1 1 1 0 0 1 0 0 0 0 1 1 0 0 0 0 0 1 0 1 1 1 0 1 0 1 1 0 0 0 0 0 0 0 1
190	1	1 1 1 1 1 1 1 1 1 1 1 0 1 1 1 1 1 1 0 0 1 0 0 0 0 1 0 1 0 0 0 0 1 0 1 1 1 0 1 0 1 1 0 0 0 0 0 0 0 1
190	33	1 1 1 1 1 1 1 1 1 1 1 0 1 1 1 1 1 1 0 0 1 0 0 0 0 1 0 0 0 0 0 0 1 0 1 1 1 0 1 0 1 1 0 0 0 0 0 0 0 1
190	1	1 1 1 1 1 0 1 1 1 1 1 0 1 1 1 1 1 1 0 0 1 0 0 0 0 1 0 0 0 0 0 0 1 0 1 1 1 0 1 0 1 1 0 1 0 0 0 0 0 1
190	31	1 1 1 1 1 0 1 1 1 1 1 0 1 1 1 1 1 1 0 0 1 0 0 0 0 1 0 0 0 0 0 0 1 0 1 1 1 0 1 0 1 1 0 0 0 0 0 0 0 1
190	1	1 1 1 1 1 0 1 1 1 1 1 0 1 1 1 1 1 1 0 0 1 0 0 0 0 0 0 0 0 0 0 0 1 0 1 1 1 0 1 0 1 1 0 0 0 0 0 0 0 1
190	1	1 1 1 1 1 0 1 1 1 1 1 0 1 1 1 1 1 1 0 0 1 0 0 0 0 1 1 0 0 0 0 0 1 0 1 1 1 0 1 0 1 0 0 1 0 0 0 0 0 1
190	6	1 1 1 1 1 0 1 1 1 1 1 0 1 1 1 1 1 1 0 0 1 0 0 0 0 1 0 0 0 0 0 0 1 0 1 1 1 0 1 0 1 0 0 1 0 0 0 0 0 1
190	11	1 1 1 1 1 0 1 1 1 1 1 0 1 1 1 1 1 1 0 0 1 0 0 0 0 1 0 0 0 0 0 0 1 0 1 1 1 0 1 0 0 1 0 1 0 0 0 0 0 1
190	1	1 1 0 1 1 1 1 1 1 1 1 0 1 1 1 1 1 1 0 0 1 0 0 0 0 1 0 0 0 0 0 0 1 0 1 0 1 0 1 0 0 0 0 1 0 0 0 0 1 1
200	5	1 1 1 1 1 0 1 1 1 1 1 0 1 1 1 1 0 1 0 0 1 0 0 0 0 1 0 0 0 0 0 0 1 0 1 1 1 0 1 0 1 1 0 0 0 0 0 0 0 1
200	1	1 1 1 1 1 1 1 1 1 1 1 0 1 1 1 1 1 1 0 0 1 0 0 0 1 1 0 0 0 0 0 0 1 0 1 1 1 0 1 0 1 0 0 0 0 0 0 0 0 1
200	5	1 1 1 1 1 1 1 1 1 1 1 0 1 1 1 1 1 1 0 0 1 0 0 0 1 1 0 0 0 0 0 0 1 0 1 1 1 0 1 0 1 1 0 0 0 0 0 0 0 1
200	1	1 1 1 1 1 1 1 1 1 1 1 0 1 1 1 1 1 1 0 0 1 0 0 0 0 1 0 0 0 0 0 0 1 0 1 1 1 0 1 1 1 1 0 0 0 0 0 0 0 1
200	1	1 1 1 1 1 1 1 1 1 1 1 0 1 1 1 1 1 1 0 0 1 0 0 0 0 0 0 0 0 0 0 0 1 0 1 1 1 0 1 0 1 1 0 0 0 0 0 0 0 0
200	1	1 1 1 1 1 1 1 1 1 1 1 0 1 1 1 1 1 1 0 0 1 0 0 0 0 0 0 0 0 0 0 0 1 0 1 1 1 0 1 0 1 1 0 0 0 0 0 0 0 1
200	1	1 1 1 1 1 1 1 1 1 1 1 0 1 1 1 1 1 1 0 0 1 0 0 0 0 1 1 0 0 0 0 0 1 0 1 1 1 0 1 0 1 1 0 0 0 0 0 0 0 1
200	1	1 1 1 1 1 1 1 1 1 1 1 0 1 1 1 1 1 0 0 0 1 0 0 0 0 1 0 0 0 0 0 0 1 0 1 1 1 0 1 0 1 1 0 0 0 0 0 0 0 1
200	1	1 1 1 1 1 1 1 1 1 1 1 0 1 1 1 1 1 1 1 0 1 0 0 0 0 1 0 0 0 0 0 0 1 0 1 1 1 0 1 0 1 1 0 0 0 0 0 0 0 1
200	1	1 1 1 1 1 1 0 1 1 1 1 0 1 1 1 1 1 1 0 0 1 0 0 0 0 1 0 0 0 0 0 0 1 0 1 1 1 0 1 0 1 1 0 0 0 0 0 0 0 1
200	50	1 1 1 1 1 1 1 1 1 1 1 0 1 1 1 1 1 1 0 0 1 0 0 0 0 1 0 0 0 0 0 0 1 0 1 1 1 0 1 0 1 1 0 0 0 0 0 0 0 1
200	1	1 1 1 1 1 0 1 1 1 1 1 0 1 1 1 1 1 1 0 0 1 0 0 1 0 1 0 0 0 0 0 0 1 0 1 1 1 0 1 0 1 1 0 0 0 0 0 0 0 1
200	13	1 1 1 1 1 0 1 1 1 1 1 0 1 1 1 1 1 1 0 0 1 0 0 0 0 1 0 0 0 0 0 0 1 0 1 1 1 0 1 0 1 1 0 0 0 0 0 0 0 1
200	1	1 1 1 1 1 0 1 1 1 1 1 0 1 1 1 1 1 1 0 0 1 0 0 0 0 0 0 0 0 0 0 0 1 0 1 1 1 0 1 0 1 1 0 0 0 0 0 0 0 1
200	4	1 1 1 1 1 0 1 1 1 1 1 0 1 1 1 1 1 1 0 0 1 0 0 0 0 1 1 0 0 0 0 0 1 0 1 1 1 0 1 0 1 0 0 1 0 0 0 0 0 1
200	4	1 1 1 1 1 0 1 1 1 1 1 0 1 1 1 1 1 1 0 0 1 0 0 0 0 1 0 0 0 0 0 0 1 0 1 1 1 0 1 0 1 0 0 1 0 0 0 0 0 1
200	7	1 1 1 1 1 0 1 1 1 1 1 0 1 1 1 1 1 1 0 0 1 0 0 0 0 1 0 0 0 0 0 0 1 0 1 1 1 0 1 0 0 1 0 1 0 0 0 0 0 1
200	2	1 1 0 1 1 1 1 1 1 1 1 0 1 1 1 1 1 1 0 0 1 0 0 0 0 1 0 0 0 0 0 0 1 0 1 0 1 0 1 0 0 0 0 1 0 0 0 0 1 1
210	2	1 1 1 1 1 0 1 1 1 1 1 0 1 1 1 1 0 1 0 0 1 0 0 0 0 1 0 0 0 0 0 0 1 0 1 1 1 0 1 0 1 1 1 0 0 0 0 0 0 1
210	4	1 1 1 1 1 0 1 1 1 1 1 0 1 1 1 1 0 1 0 0 1 0 0 0 0 1 0 0 0 0 0 0 1 0 1 1 1 0 1 0 1 1 0 0 0 0 0 0 0 1
210	3	1 1 1 1 1 1 1 1 1 1 1 0 1 1 1 1 1 1 0 0 1 0 0 0 1 1 0 0 0 0 0 0 1 0 1 1 1 0 1 0 1 1 0 0 0 0 0 0 0 1
210	2	1 1 1 1 1 1 1 1 1 1 1 0 1 1 1 1 1 1 0 0 1 0 0 0 0 1 0 0 0 0 0 0 1 0 1 1 1 0 1 1 1 1 0 0 0 0 0 0 0 1
210	1	1 1 1 1 1 1 1 1 1 1 1 0 1 1 1 1 1 1 0 0 1 0 0 0 0 0 0 0 0 0 0 0 1 0 1 1 1 0 1 0 1 1 0 0 0 0 0 0 0 1
210	2	1 1 1 1 1 1 1 1 1 1 1 0 1 1 1 1 1 0 0 0 1 1 0 0 0 1 0 0 0 0 0 0 1 0 1 1 1 0 1 0 1 1 0 0 0 0 0 0 0 1
210	1	1 1 1 1 1 1 1 1 1 1 1 0 1 1 1 1 1 1 1 0 1 0 0 0 0 1 0 0 0 0 0 0 1 0 1 1 1 0 1 0 1 1 0 0 0 0 1 0 0 1
210	4	1 1 1 1 1 1 1 1 1 1 1 0 1 1 1 1 1 1 1 0 1 0 0 0 0 1 0 0 0 0 0 0 1 0 1 1 1 0 1 0 1 1 0 0 0 0 0 0 0 1
210	1	1 1 1 1 1 1 1 1 1 1 1 0 1 1 1 1 1 1 0 0 1 0 0 0 0 1 1 0 0 0 0 0 0 0 1 1 1 0 1 0 1 1 0 0 0 0 0 0 0 1
210	1	1 1 1 1 1 1 1 1 1 1 1 0 1 1 1 1 1 1 0 0 1 0 0 0 0 1 0 0 0 0 0 0 0 0 1 1 1 0 1 0 1 1 0 0 0 0 0 0 0 1
210	1	1 1 1 1 1 1 1 1 1 0 1 0 1 1 1 1 1 1 0 0 1 0 0 0 0 1 0 0 0 0 0 0 1 0 1 1 1 0 1 0 1 1 0 0 0 0 0 0 0 1
210	1	1 1 1 1 1 1 1 1 1 1 1 0 1 1 1 1 1 1 0 0 0 0 0 0 0 1 0 0 0 0 0 0 1 0 1 1 1 0 1 0 1 1 0 0 0 0 0 0 0 1
210	57	1 1 1 1 1 1 1 1 1 1 1 0 1 1 1 1 1 1 0 0 1 0 0 0 0 1 0 0 0 0 0 0 1 0 1 1 1 0 1 0 1 1 0 0 0 0 0 0 0 1
210	2	1 1 1 1 1 0 1 1 1 1 1 0 1 1 1 1 1 1 0 0 1 0 0 1 0 1 0 0 0 0 0 0 1 0 1 1 1 0 1 0 1 1 0 0 0 0 0 0 0 1
210	1	1 0 1 1 1 0 1 1 1 1 1 0 1 1 1 1 1 1 0 0 1 0 0 0 0 1 0 0 0 0 0 0 1 0 1 1 1 0 1 0 1 1 0 0 0 0 0 0 0 1
210	5	1 1 1 1 1 0 1 1 1 1 1 0 1 1 1 1 1 1 0 0 1 0 0 0 0 1 0 0 0 0 0 0 1 0 1 1 1 0 1 0 1 1 0 0 0 0 0 0 0 1
210	3	1 1 1 1 1 0 1 1 1 1 1 0 1 1 1 1 1 1 0 0 1 0 0 0 0 0 0 1 0 0 0 0 1 0 1 1 1 0 1 0 1 1 0 0 0 0 0 0 0 1
210	4	1 1 1 1 1 0 1 1 1 1 1 0 1 1 1 1 1 1 0 0 1 0 0 0 0 1 1 0 0 0 0 0 1 0 1 1 1 0 1 0 1 0 0 1 0 0 0 0 0 1
210	2	1 1 1 1 1 1 1 1 1 1 1 0 1 1 1 1 1 1 0 0 1 0 0 0 0 1 0 0 0 0 0 0 1 0 1 1 1 0 1 0 1 0 0 1 0 0 0 0 0 1
210	3	1 1 1 1 1 0 1 1 1 1 1 0 1 1 1 1 1 1 0 0 1 0 0 0 0 1 0 0 0 0 0 0 1 0 1 1 1 0 1 0 0 1 0 1 0 0 0 0 0 1
220	9	1 1 1 1 1 1 1 1 1 1 1 0 1 1 1 1 1 1 0 0 1 0 0 0 1 1 0 0 0 0 0 0 1 0 1 1 1 0 1 0 1 1 0 0 0 0 0 0 0 1
220	1	1 1 1 1 1 0 1 1 1 1 1 0 1 1 1 1 1 1 0 0 1 0 1 0 0 1 0 0 0 0 0 0 1 0 1 1 1 0 1 0 1 1 0 0 0 0 0 0 0 1
220	4	1 1 1 1 1 1 1 1 1 1 1 0 1 1 1 1 1 1 0 0 1 0 0 0 0 1 0 0 0 0 0 0 1 0 1 1 1 0 1 1 1 1 0 0 0 0 0 0 0 1
220	2	1 1 1 1 1 1 1 1 1 1 1 0 1 1 1 1 1 1 0 0 1 0 0 0 0 0 0 0 0 0 0 0 1 0 1 1 1 0 1 0 1 1 0 0 0 0 0 0 0 1
220	2	1 1 1 1 1 1 1 1 1 1 1 0 1 1 1 1 1 0 0 0 1 0 0 0 0 1 0 0 0 0 0 0 1 0 1 1 1 0 1 0 1 1 0 0 0 0 0 0 0 1
220	7	1 1 1 1 1 1 1 1 1 1 1 0 1 1 1 1 1 1 1 0 1 0 0 0 0 1 0 0 0 0 0 0 1 0 1 1 1 0 1 0 1 1 0 0 0 0 0 0 0 1
220	1	1 1 1 1 1 1 1 1 1 1 1 0 1 1 1 1 1 1 0 0 1 0 0 0 0 1 0 0 0 0 0 0 0 0 1 1 1 0 1 0 1 1 0 0 0 0 0 0 0 1
220	1	1 0 1 1 1 1 1 1 1 1 1 0 1 1 1 1 1 1 0 0 1 0 0 0 0 1 0 0 0 0 0 0 1 0 1 1 1 0 1 0 1 1 0 0 0 0 0 0 0 1
220	1	1 1 1 1 1 1 1 1 1 1 1 0 1 1 1 1 1 1 0 0 1 0 0 0 0 1 0 0 0 0 0 0 1 0 1 1 0 0 1 0 1 1 0 0 0 0 0 0 0 1
220	58	1 1 1 1 1 1 1 1 1 1 1 0 1 1 1 1 1 1 0 0 1 0 0 0 0 1 0 0 0 0 0 0 1 0 1 1 1 0 1 0 1 1 0 0 0 0 0 0 0 1
220	1	1 0 1 1 1 0 1 1 1 1 1 0 1 1 1 1 1 1 0 0 1 0 0 0 0 1 0 0 0 0 0 0 1 0 1 1 1 0 1 0 1 1 0 0 0 0 0 0 0 1
220	4	1 1 1 1 1 0 1 1 1 1 1 0 1 1 1 1 1 1 0 0 1 0 0 0 0 1 0 0 0 0 0 0 1 0 1 1 1 0 1 0 1 1 0 0 0 0 0 0 0 1
220	1	1 1 1 1 1 0 1 1 1 1 1 0 1 1 1 1 1 1 0 0 1 0 0 0 0 1 1 0 0 0 0 0 1 0 1 1 1 0 1 0 1 0 0 1 0 0 0 0 0 1
220	2	1 1 1 1 1 1 1 1 1 1 1 0 1 1 1 1 1 1 0 0 1 0 0 0 0 1 0 0 0 0 0 0 1 0 1 1 1 0 1 0 1 0 0 1 0 0 0 0 0 1
220	3	1 1 1 1 1 0 1 1 1 1 1 0 1 1 1 1 1 1 0 0 1 0 0 0 0 1 0 0 0 0 0 0 1 0 1 1 1 0 1 0 1 0 0 1 0 0 0 0 0 1
220	3	1 1 1 1 1 0 1 1 1 1 1 0 1 1 1 1 1 1 0 0 1 0 0 0 0 1 0 0 0 0 0 0 1 0 1 1 1 0 1 0 0 1 0 1 0 0 0 0 0 1
230	2	1 1 1 1 1 0 1 1 1 1 1 0 1 1 1 1 0 1 0 0 1 0 0 0 0 1 0 0 0 0 0 0 1 0 1 1 0 0 1 0 1 1 0 0 0 0 0 0 0 1
230	22	1 1 1 1 1 1 1 1 1 1 1 0 1 1 1 1 1 1 0 0 1 0 0 0 1 1 0 0 0 0 0 0 1 0 1 1 1 0 1 0 1 1 0 0 0 0 0 0 0 1
230	12	1 1 1 1 1 1 1 1 1 1 1 0 1 1 1 1 1 1 0 0 1 0 0 0 0 1 0 0 0 0 0 0 1 0 1 1 1 0 1 1 1 1 0 0 0 0 0 0 0 1
230	1	1 1 1 1 1 1 1 1 1 1 1 0 1 1 1 1 1 0 0 0 1 0 0 0 0 1 0 0 0 0 0 0 1 0 1 1 1 0 1 0 1 1 0 0 0 0 0 0 0 1
230	3	1 1 1 1 1 1 1 1 1 1 1 0 1 1 1 1 1 1 1 0 1 0 0 0 0 1 0 0 0 0 0 0 1 0 1 1 1 0 1 0 1 1 0 0 0 0 0 0 0 1
230	4	1 1 1 1 1 1 1 1 1 1 1 0 1 1 1 1 1 1 0 0 1 0 0 0 0 1 0 0 0 0 0 0 0 0 1 1 1 0 1 0 1 1 0 0 0 0 0 0 0 1
230	48	1 1 1 1 1 1 1 1 1 1 1 0 1 1 1 1 1 1 0 0 1 0 0 0 0 1 0 0 0 0 0 0 1 0 1 1 1 0 1 0 1 1 0 0 0 0 0 0 0 1
230	2	1 1 1 1 1 0 1 1 1 1 1 0 1 1 1 1 1 1 0 0 1 0 0 0 0 1 0 0 0 0 0 0 1 0 1 1 1 0 1 0 1 1 0 0 0 0 0 0 0 1
230	2	1 1 1 1 1 0 1 1 1 1 1 0 1 1 1 1 1 1 0 0 1 0 0 0 0 0 0 1 0 0 0 0 1 0 1 1 1 0 1 0 1 1 0 0 0 0 0 0 0 1
230	1	1 1 1 1 1 0 1 1 1 1 1 0 1 1 1 1 1 1 0 0 1 0 0 0 0 1 1 0 0 0 0 0 1 0 1 1 1 0 1 0 1 0 0 1 0 0 0 0 0 1
230	3	1 1 1 1 1 1 1 1 1 1 1 0 1 1 1 1 1 1 0 0 1 0 0 0 0 1 0 0 0 0 0 0 1 0 1 1 1 0 1 0 1 0 0 1 0 0 0 0 0 1
240	1	1 1 1 1 1 0 1 1 1 1 1 0 1 1 1 1 0 1 1 0 1 0 0 0 0 1 0 0 0 0 0 0 1 0 1 1 0 0 1 0 1 1 0 0 0 0 0 0 0 1
240	5	1 1 1 1 1 1 1 1 1 1 1 0 1 1 1 1 1 1 0 0 1 0 0 0 1 1 0 0 0 0 0 0 1 1 1 1 1 0 1 0 1 1 0 0 0 0 0 0 0 1
240	9	1 1 1 1 1 1 1 1 1 1 1 0 1 1 1 1 1 1 0 0 1 0 0 0 1 1 0 0 0 0 0 0 1 0 1 1 1 0 1 0 1 1 0 0 0 0 0 0 0 1
240	1	1 1 1 1 1 0 1 1 1 1 1 0 1 1 1 1 1 1 0 0 1 0 1 0 0 1 0 0 0 0 0 0 1 0 1 1 1 0 1 0 1 1 0 0 0 0 0 0 0 1
240	15	1 1 1 1 1 1 1 1 1 1 1 0 1 1 1 1 1 1 0 0 1 0 0 0 0 1 0 0 0 0 0 0 1 0 1 1 1 0 1 1 1 1 0 0 0 0 0 0 0 1
240	1	1 1 1 1 1 1 1 1 1 1 1 0 1 1 1 1 1 0 0 0 1 0 0 0 0 1 0 0 0 0 0 0 1 0 1 1 1 0 1 0 1 1 0 0 0 0 0 0 0 1
240	3	1 1 1 1 1 1 1 1 1 1 1 0 1 1 1 1 1 1 1 0 1 0 0 0 0 1 0 0 0 0 0 0 1 0 1 1 1 0 1 0 1 1 0 0 0 0 0 0 0 1
240	12	1 1 1 1 1 1 1 1 1 1 1 0 1 1 1 1 1 1 0 0 1 0 0 0 0 1 0 0 0 0 0 0 0 0 1 1 1 0 1 0 1 1 0 0 0 0 0 0 0 1
240	1	1 1 1 1 1 1 1 1 1 1 1 0 1 1 1 1 1 1 0 1 1 0 0 0 0 1 0 0 0 0 0 0 1 0 1 1 1 0 1 0 1 1 0 0 0 0 0 0 0 1
240	48	1 1 1 1 1 1 1 1 1 1 1 0 1 1 1 1 1 1 0 0 1 0 0 0 0 1 0 0 0 0 0 0 1 0 1 1 1 0 1 0 1 1 0 0 0 0 0 0 0 1
240	1	1 1 1 1 1 0 1 1 1 1 1 0 1 1 1 1 1 1 0 0 1 0 0 0 0 1 0 0 0 0 0 0 1 0 1 1 1 0 1 0 1 1 0 0 0 0 0 0 0 1
240	2	1 1 1 1 1 1 1 1 1 1 1 0 1 1 1 1 1 1 0 0 1 0 0 0 0 1 0 0 0 0 0 0 1 0 1 1 1 0 1 0 1 0 0 1 0 0 0 0 0 1
240	1	1 1 1 1 1 0 1 1 1 1 1 0 1 1 1 1 1 1 0 0 1 0 0 0 0 1 0 0 0 0 0 0 1 0 1 1 1 0 1 0 1 0 0 1 0 0 0 0 0 1
250	2	1 1 1 1 1 1 1 1 1 1 1 0 1 1 1 1 1 1 0 0 1 0 0 0 1 1 0 0 0 0 0 0 1 1 1 1 1 0 1 0 1 1 0 0 0 0 0 0 0 1
250	1	1 1 1 1 1 1 1 1 1 1 1 0 1 1 1 1 1 1 1 0 1 0 0 0 1 1 0 0 0 0 0 0 1 0 1 1 1 0 1 0 1 1 0 0 0 0 0 0 0 1
250	13	1 1 1 1 1 1 1 1 1 1 1 0 1 1 1 1 1 1 0 0 1 0 0 0 1 1 0 0 0 0 0 0 1 0 1 1 1 0 1 0 1 1 0 0 0 0 0 0 0 1
250	11	1 1 1 1 1 1 1 1 1 1 1 0 1 1 1 1 1 1 0 0 1 0 0 0 0 1 0 0 0 0 0 0 1 0 1 1 1 0 1 1 1 1 0 0 0 0 0 0 0 1
250	6	1 1 1 1 1 1 1 1 1 1 1 0 1 1 1 1 1 1 1 0 1 0 0 0 0 1 0 0 0 0 0 0 1 0 1 1 1 0 1 0 1 1 0 0 0 0 0 0 0 1
250	5	1 1 1 1 1 1 1 1 1 1 1 0 1 1 1 1 1 1 0 0 1 0 0 0 0 1 0 0 0 0 0 0 0 0 1 1 1 0 1 0 1 1 0 0 0 0 0 0 0 1
250	1	1 1 1 1 1 1 1 1 1 1 1 0 1 1 1 1 1 1 0 0 1 0 0 0 0 1 0 0 0 0 0 0 1 0 1 1 1 0 1 0 1 1 0 0 1 0 0 0 0 1
250	1	1 1 1 1 1 1 1 1 1 1 1 0 1 1 1 1 1 1 0 0 1 0 0 0 0 1 0 0 0 0 0 0 1 0 1 0 1 0 1 0 1 1 0 0 0 0 0 0 0 1
250	52	1 1 1 1 1 1 1 1 1 1 1 0 1 1 1 1 1 1 0 0 1 0 0 0 0 1 0 0 0 0 0 0 1 0 1 1 1 0 1 0 1 1 0 0 0 0 0 0 0 1
250	1	1 1 1 1 1 0 1 1 1 1 1 0 1 1 1 1 0 1 0 0 1 0 0 0 0 1 0 0 0 0 0 0 1 0 1 1 1 0 1 0 1 1 0 0 0 0 0 0 0 1
250	2	1 1 1 1 1 1 1 1 1 1 1 0 1 1 1 1 1 1 0 0 1 0 0 0 0 1 0 0 0 0 0 0 1 0 0 1 1 0 1 0 1 0 0 1 0 0 0 0 0 1
250	5	1 1 1 1 1 1 1 1 1 1 1 0 1 1 1 1 1 1 0 0 1 0 0 0 0 1 0 0 0 0 0 0 1 0 1 1 1 0 1 0 1 0 0 1 0 0 0 0 0 1
260	1	1 1 1 1 1 1 1 1 1 1 1 0 1 1 1 1 1 1 0 0 1 0 0 0 1 1 0 0 0 0 0 0 1 1 1 1 1 0 1 0 1 1 0 0 0 0 0 0 0 1
260	1	1 1 1 1 1 1 1 1 1 1 1 0 1 1 1 1 1 1 0 0 1 0 0 0 1 1 0 0 0 0 0 0 1 0 1 1 1 0 1 0 1 1 0 0 0 0 0 0 1 1
260	16	1 1 1 1 1 1 1 1 1 1 1 0 1 1 1 1 1 1 0 0 1 0 0 0 1 1 0 0 0 0 0 0 1 0 1 1 1 0 1 0 1 1 0 0 0 0 0 0 0 1
260	1	1 1 1 1 1 1 1 1 1 1 1 0 1 1 1 1 1 1 0 0 1 0 0 0 0 1 0 0 0 0 0 1 1 0 1 1 1 0 1 1 1 1 0 0 0 0 0 0 0 1
260	5	1 1 1 1 1 1 1 1 1 1 1 0 1 1 1 1 1 1 0 0 1 0 0 0 0 1 0 0 0 0 0 0 1 0 1 1 1 0 1 1 1 1 0 0 0 0 0 0 0 1
260	7	1 1 1 1 1 1 1 1 1 1 1 0 1 1 1 1 1 1 1 0 1 0 0 0 0 1 0 0 0 0 0 0 1 0 1 1 1 0 1 0 1 1 0 0 0 0 0 0 0 1
260	4	1 1 1 1 1 1 1 1 1 1 1 0 1 1 1 1 1 1 0 0 1 0 0 0 0 1 0 0 0 0 0 0 0 0 1 1 1 0 1 0 1 1 0 0 0 0 0 0 0 1
260	1	1 1 1 1 1 1 1 1 1 0 1 0 1 1 1 1 1 1 0 0 1 0 0 0 0 1 0 0 0 0 0 0 1 0 1 1 1 0 1 0 1 1 0 0 0 0 0 0 0 1
260	1	1 1 1 1 1 1 1 1 1 1 1 0 1 1 1 1 1 1 0 0 1 0 0 0 0 1 0 0 0 0 0 0 1 0 1 1 1 0 1 0 0 1 0 0 0 0 0 0 0 1
260	55	1 1 1 1 1 1 1 1 1 1 1 0 1 1 1 1 1 1 0 0 1 0 0 0 0 1 0 0 0 0 0 0 1 0 1 1 1 0 1 0 1 1 0 0 0 0 0 0 0 1
260	1	1 1 1 1 1 0 1 1 1 1 1 0 1 1 1 1 0 1 0 0 1 0 0 0 0 1 0 0 0 0 0 0 1 0 1 1 1 0 1 0 1 1 0 0 0 0 0 0 0 1
260	7	1 1 1 1 1 1 1 1 1 1 1 0 1 1 1 1 1 1 0 0 1 0 0 0 0 1 0 0 0 0 0 0 1 0 1 1 1 0 1 0 1 0 0 1 0 0 0 0 0 1
270	15	1 1 1 1 1 1 1 1 1 1 1 0 1 1 1 1 1 1 0 0 1 0 0 0 1 1 0 0 0 0 0 0 1 0 1 1 1 0 1 0 1 1 0 0 0 0 0 0 0 1
270	11	1 1 1 1 1 1 1 1 1 1 1 0 1 1 1 1 1 1 0 0 1 0 0 0 0 1 0 0 0 0 0 0 1 0 1 1 1 0 1 1 1 1 0 0 0 0 0 0 0 1
270	4	1 1 1 1 1 1 1 1 1 1 1 0 1 1 1 1 1 1 1 0 1 0 0 0 0 1 0 0 0 0 0 0 1 0 1 1 1 0 1 0 1 1 0 0 0 0 0 0 0 1
270	8	1 1 1 1 1 1 1 1 1 1 1 0 1 1 1 1 1 1 0 0 1 0 0 0 0 1 0 0 0 0 0 0 0 0 1 1 1 0 1 0 1 1 0 0 0 0 0 0 0 1
270	1	1 1 1 1 1 1 1 1 1 1 1 0 1 1 1 1 1 1 0 0 1 0 0 0 0 1 0 0 0 0 0 0 1 0 1 1 1 0 1 0 1 0 0 0 0 0 0 0 0 1
270	1	0 1 1 1 1 1 1 1 1 1 1 0 1 1 1 1 1 1 0 0 1 0 0 0 0 1 0 0 0 0 0 0 1 0 1 1 1 0 1 0 1 1 0 0 0 0 0 0 0 1
270	1	1 1 1 1 1 1 1 1 1 1 1 0 1 1 1 1 1 1 0 0 1 0 0 0 0 1 0 0 0 0 0 0 1 0 1 1 1 0 0 0 1 1 0 0 0 0 0 0 0 1
270	53	1 1 1 1 1 1 1 1 1 1 1 0 1 1 1 1 1 1 0 0 1 0 0 0 0 1 0 0 0 0 0 0 1 0 1 1 1 0 1 0 1 1 0 0 0 0 0 0 0 1
270	6	1 1 1 1 1 1 1 1 1 1 1 0 1 1 1 1 1 1 0 0 1 0 0 0 0 1 0 0 0 0 0 0 1 0 1 1 1 0 1 0 1 0 0 1 0 0 0 0 0 1
280	20	1 1 1 1 1 1 1 1 1 1 1 0 1 1 1 1 1 1 0 0 1 0 0 0 1 1 0 0 0 0 0 0 1 0 1 1 1 0 1 0 1 1 0 0 0 0 0 0 0 1
280	16	1 1 1 1 1 1 1 1 1 1 1 0 1 1 1 1 1 1 0 0 1 0 0 0 0 1 0 0 0 0 0 0 1 0 1 1 1 0 1 1 1 1 0 0 0 0 0 0 0 1
280	3	1 1 1 1 1 1 1 1 1 1 1 0 1 1 1 1 1 1 1 0 1 0 0 0 0 1 0 0 0 0 0 0 1 0 1 1 1 0 1 0 1 1 0 0 0 0 0 0 0 1
280	1	1 1 1 1 1 1 1 1 1 1 1 0 1 1 1 1 1 1 0 1 1 0 0 0 0 1 0 0 0 0 0 0 0 0 1 1 1 0 1 0 1 0 0 0 0 0 0 0 0 1
280	12	1 1 1 1 1 1 1 1 1 1 1 0 1 1 1 1 1 1 0 0 1 0 0 0 0 1 0 0 0 0 0 0 0 0 1 1 1 0 1 0 1 1 0 0 0 0 0 0 0 1
280	4	1 1 1 1 1 1 1 1 1 1 1 0 1 1 1 1 1 1 0 0 1 0 0 0 0 1 0 0 0 0 0 0 1 0 0 1 1 0 1 0 1 1 0 0 0 0 0 0 0 1
280	1	1 1 1 1 1 1 1 1 1 1 1 0 1 1 1 1 1 1 0 0 1 0 0 0 0 1 0 0 0 0 0 0 1 0 1 1 1 0 0 0 1 1 0 0 0 0 0 0 0 1
280	2	1 1 1 1 1 1 1 1 1 1 1 0 1 1 1 1 1 1 0 0 1 0 0 0 0 1 0 0 1 0 0 0 1 0 1 1 1 0 1 0 1 1 0 0 0 0 0 0 0 1
280	1	1 1 1 1 1 1 1 1 1 1 1 0 1 1 1 1 1 0 0 0 1 0 0 0 0 1 0 0 0 0 0 0 1 0 1 1 1 0 1 0 1 1 0 0 0 0 0 0 0 1
280	40	1 1 1 1 1 1 1 1 1 1 1 0 1 1 1 1 1 1 0 0 1 0 0 0 0 1 0 0 0 0 0 0 1 0 1 1 1 0 1 0 1 1 0 0 0 0 0 0 0 1
290	31	1 1 1 1 1 1 1 1 1 1 1 0 1 1 1 1 1 1 0 0 1 0 0 0 1 1 0 0 0 0 0 0 1 0 1 1 1 0 1 0 1 1 0 0 0 0 0 0 0 1
290	1	1 1 1 1 1 1 1 1 1 1 1 0 1 1 1 1 1 1 0 0 1 0 0 0 0 1 0 0 0 0 0 0 1 0 1 0 1 0 1 1 1 1 0 0 0 0 0 0 0 1
290	11	1 1 1 1 1 1 1 1 1 1 1 0 1 1 1 1 1 1 0 0 1 0 0 0 0 1 0 0 0 0 0 0 1 0 1 1 1 0 1 1 1 1 0 0 0 0 0 0 0 1
290	7	1 1 1 1 1 1 1 1 1 1 1 0 1 1 1 1 1 1 1 0 1 0 0 0 0 1 0 0 0 0 0 0 1 0 1 1 1 0 1 0 1 1 0 0 0 0 0 0 0 1
290	1	1 1 1 1 1 1 1 1 1 1 1 0 1 1 1 1 1 1 0 0 1 0 0 0 0 1 0 0 0 0 0 0 0 0 1 1 1 0 1 0 1 0 0 0 0 0 0 0 0 1
290	1	1 1 1 1 1 1 1 1 1 1 1 0 1 1 1 1 1 1 0 0 0 0 0 0 0 1 0 0 0 0 0 0 0 0 1 1 1 0 1 0 1 1 0 0 0 0 0 0 0 1
290	9	1 1 1 1 1 1 1 1 1 1 1 0 1 1 1 1 1 1 0 0 1 0 0 0 0 1 0 0 0 0 0 0 0 0 1 1 1 0 1 0 1 1 0 0 0 0 0 0 0 1
290	2	1 1 1 1 1 1 1 1 1 1 1 0 1 1 1 1 1 0 0 0 1 0 0 0 0 1 0 0 0 0 0 0 1 0 0 1 1 0 1 0 1 1 0 0 0 0 0 0 0 1
290	6	1 1 1 1 1 1 1 1 1 1 1 0 1 1 1 1 1 1 0 0 1 0 0 0 0 1 0 0 0 0 0 0 1 0 0 1 1 0 1 0 1 1 0 0 0 0 0 0 0 1
290	1	1 1 1 1 1 1 1 1 1 1 1 0 1 1 1 1 1 1 0 0 1 0 0 0 0 1 0 0 0 0 0 0 1 0 1 1 1 0 0 0 1 1 0 0 0 0 0 0 0 1
290	2	1 1 1 1 1 1 1 1 1 1 1 0 1 1 1 1 1 1 0 0 1 0 0 0 0 1 0 0 1 0 0 0 1 0 1 1 1 0 1 0 1 1 0 0 0 0 0 0 0 1
290	2	1 1 1 1 1 1 1 1 1 1 1 0 1 1 1 1 1 1 0 0 1 0 0 0 0 1 0 0 0 0 0 0 1 0 1 1 0 0 1 0 1 1 0 0 0 0 0 0 0 1
290	3	1 1 1 1 1 1 1 1 1 1 1 0 1 1 1 1 1 1 0 0 1 0 0 0 0 1 0 0 0 1 0 0 1 0 1 1 1 0 1 0 1 1 0 0 0 0 0 0 0 1
290	1	1 1 1 1 1 1 1 1 1 1 1 0 1 1 1 1 1 1 0 0 1 0 0 0 0 1 0 0 0 0 0 0 1 0 1 1 1 0 1 0 1 1 0 0 0 0 0 1 0 1
290	22	1 1 1 1 1 1 1 1 1 1 1 0 1 1 1 1 1 1 0 0 1 0 0 0 0 1 0 0 0 0 0 0 1 0 1 1 1 0 1 0 1 1 0 0 0 0 0 0 0 1
300	2	1 1 1 1 1 1 1 1 1 1 1 0 1 1 1 1 1 1 0 0 1 0 0 0 1 1 0 0 0 1 0 0 1 0 1 1 1 0 1 0 1 1 0 0 0 0 0 0 0 1
300	1	1 1 1 1 1 1 1 1 1 1 1 0 1 1 1 1 1 1 0 0 1 0 0 0 1 1 0 0 0 0 0 0 1 0 1 1 1 0 1 0 1 1 0 0 0 1 0 0 0 1
300	1	1 1 1 1 1 1 1 1 1 1 1 0 1 1 1 1 1 1 0 0 1 0 0 0 1 1 0 0 0 0 0 0 1 0 1 1 1 1 1 0 1 1 0 0 0 0 0 0 0 1
300	31	1 1 1 1 1 1 1 1 1 1 1 0 1 1 1 1 1 1 0 0 1 0 0 0 1 1 0 0 0 0 0 0 1 0 1 1 1 0 1 0 1 1 0 0 0 0 0 0 0 1
300	1	1 1 1 1 1 1 1 1 1 1 1 0 1 1 1 1 1 1 0 0 1 0 0 0 0 1 1 0 0 0 0 0 1 0 1 1 1 0 1 1 1 1 0 0 0 0 0 0 0 1
300	4	1 1 1 1 1 1 1 1 1 1 1 0 1 1 1 1 1 1 0 0 1 0 0 0 0 1 0 0 0 0 0 0 1 0 1 1 1 0 1 1 1 1 0 0 0 0 0 0 0 1
300	5	1 1 1 1 1 1 1 1 1 1 1 0 1 1 1 1 1 1 1 0 1 0 0 0 0 1 0 0 0 0 0 0 1 0 1 1 1 0 1 0 1 1 0 0 0 0 0 0 0 1
300	2	1 1 1 1 1 1 1 1 1 1 1 0 1 1 1 1 1 1 0 0 1 0 0 0 0 1 0 0 0 0 0 0 0 0 1 1 1 0 1 0 1 0 0 0 0 0 0 0 0 1
300	6	1 1 1 1 1 1 1 1 1 1 1 0 1 1 1 1 1 1 0 0 1 0 0 0 0 1 0 0 0 0 0 0 0 0 1 1 1 0 1 0 1 1 0 0 0 0 0 0 0 1
300	8	1 1 1 1 1 1 1 1 1 1 1 0 1 1 1 1 1 1 0 0 1 0 0 0 0 1 0 0 0 0 0 0 1 0 0 1 1 0 1 0 1 1 0 0 0 0 0 0 0 1
300	2	1 1 1 1 1 1 1 1 1 1 1 0 1 1 1 1 1 1 0 0 1 0 0 0 0 1 0 0 0 0 0 0 1 0 1 1 0 0 0 0 1 1 0 0 0 0 0 0 0 1
300	2	1 1 1 1 1 1 1 1 1 1 1 0 1 1 1 1 1 1 0 0 1 0 0 0 0 1 0 0 0 0 0 0 1 0 1 1 1 0 0 0 1 1 0 0 0 0 0 0 0 1
300	1	1 1 1 1 1 1 1 1 1 1 1 0 1 1 1 1 1 1 0 0 1 0 0 0 0 1 0 0 0 0 0 0 1 0 1 0 1 0 1 0 1 1 0 0 0 0 0 0 0 1
300	2	1 1 1 1 1 1 1 1 1 1 1 0 1 1 1 1 1 1 0 0 1 0 0 0 0 1 0 0 0 0 0 0 1 0 1 1 1 0 1 0 1 1 0 0 0 0 0 0 0 0
300	1	1 1 1 1 1 1 1 1 1 1 0 0 1 1 1 1 1 1 0 0 1 0 0 0 0 1 0 0 0 0 0 0 1 0 1 1 0 0 1 0 1 1 0 0 0 0 0 0 0 1
300	1	1 1 1 1 1 1 1 1 1 1 1 0 1 1 1 1 1 1 0 0 1 0 0 0 0 1 0 0 0 1 0 0 1 0 1 1 1 0 1 0 1 1 0 0 0 0 0 0 0 1
300	30	1 1 1 1 1 1 1 1 1 1 1 0 1 1 1 1 1 1 0 0 1 0 0 0 0 1 0 0 0 0 0 0 1 0 1 1 1 0 1 0 1 1 0 0 0 0 0 0 0 1
310	1	1 1 1 1 1 1 1 1 1 1 1 0 1 1 1 1 1 1 0 0 1 0 0 0 1 1 0 0 0 1 0 0 1 0 1 1 1 0 1 0 1 1 0 0 0 0 0 0 0 1
310	32	1 1 1 1 1 1 1 1 1 1 1 0 1 1 1 1 1 1 0 0 1 0 0 0 1 1 0 0 0 0 0 0 1 0 1 1 1 0 1 0 1 1 0 0 0 0 0 0 0 1
310	1	1 1 1 1 1 1 1 1 1 1 1 0 1 1 1 1 1 1 0 0 1 0 0 0 0 1 0 0 0 0 0 0 1 0 1 1 1 0 1 1 1 1 0 0 0 0 0 0 0 1
310	1	1 1 1 1 1 1 1 1 1 1 1 0 1 1 1 1 1 1 1 0 1 0 0 0 0 1 0 0 0 0 0 0 1 0 1 0 1 0 1 0 1 1 0 0 0 0 0 0 0 1
310	3	1 1 1 1 1 1 1 1 1 1 1 0 1 1 1 1 1 1 1 0 1 0 0 0 0 1 0 0 0 0 0 0 1 0 1 1 1 0 1 0 1 1 1 0 0 0 0 0 0 1
310	9	1 1 1 1 1 1 1 1 1 1 1 0 1 1 1 1 1 1 1 0 1 0 0 0 0 1 0 0 0 0 0 0 1 0 1 1 1 0 1 0 1 1 0 0 0 0 0 0 0 1
310	7	1 1 1 1 1 1 1 1 1 1 1 0 1 1 1 1 1 1 0 0 1 0 0 0 0 1 0 0 0 0 0 0 0 0 1 1 1 0 1 0 1 1 0 0 0 0 0 0 0 1
310	1	1 1 1 1 1 1 1 1 1 1 1 0 1 1 1 1 1 1 0 1 1 0 0 0 0 1 0 0 0 0 0 0 0 0 1 1 1 0 1 0 1 0 0 0 0 0 0 0 0 1
310	6	1 1 1 1 1 1 1 1 1 1 1 0 1 1 1 1 1 1 0 0 1 0 0 0 0 1 0 0 0 0 0 0 0 0 1 1 1 0 1 0 1 0 0 0 0 0 0 0 0 1
310	2	1 1 1 1 1 1 1 1 1 1 1 0 1 1 1 1 1 1 0 0 0 0 0 0 0 1 0 0 0 0 0 0 0 0 1 1 1 0 1 0 1 1 0 0 0 0 0 0 0 1
310	1	1 1 1 1 1 1 1 1 1 1 1 0 1 1 1 1 0 0 0 0 1 0 0 0 0 1 0 0 0 0 0 0 1 0 0 1 1 0 1 0 1 1 0 0 0 0 0 0 0 1
310	8	1 1 1 1 1 1 1 1 1 1 1 0 1 1 1 1 1 1 0 0 1 0 0 0 0 1 0 0 0 0 0 0 1 0 0 1 1 0 1 0 1 1 0 0 0 0 0 0 0 1
310	1	1 1 1 1 1 1 1 1 1 1 1 0 1 1 1 1 1 1 0 0 1 0 0 0 0 1 0 0 0 0 0 0 1 0 1 1 0 0 0 0 1 1 0 0 0 0 0 0 0 1
310	3	1 1 1 1 1 1 1 1 1 1 1 0 1 1 1 1 1 1 0 0 1 0 0 0 0 1 0 0 0 0 0 0 1 0 1 1 1 0 0 0 1 1 0 0 0 0 0 0 0 1
310	1	1 1 1 1 1 1 1 1 1 1 1 0 1 1 1 1 1 1 0 0 1 0 0 0 0 1 0 0 0 0 0 0 1 0 1 0 1 0 1 0 1 1 0 0 0 0 0 0 0 1
310	1	1 1 1 1 1 1 1 1 1 1 1 0 1 1 1 1 1 1 0 0 1 0 0 0 0 1 0 0 0 0 0 0 1 0 1 1 1 0 1 0 1 1 0 0 0 0 0 0 0 0
310	2	1 1 1 1 1 1 1 1 1 1 0 0 1 1 1 1 1 1 0 0 1 0 0 0 0 1 0 0 0 0 0 0 1 0 1 1 0 0 1 0 1 1 0 0 0 0 0 0 0 1
310	2	1 1 1 1 1 1 1 1 1 1 1 0 1 1 1 1 1 1 0 0 1 0 0 0 0 1 0 0 0 0 0 0 1 0 1 1 0 0 1 0 1 1 0 0 0 0 0 0 0 1
310	2	1 1 1 1 1 1 1 1 1 1 1 0 1 1 1 1 1 1 0 0 1 0 0 0 0 1 0 0 0 1 0 0 1 0 1 1 1 0 1 0 1 1 0 0 0 0 0 0 0 1
310	16	1 1 1 1 1 1 1 1 1 1 1 0 1 1 1 1 1 1 0 0 1 0 0 0 0 1 0 0 0 0 0 0 1 0 1 1 1 0 1 0 1 1 0 0 0 0 0 0 0 1
