10	1	0 0 1 1 1 0 0 1 1 0 1 1 0 0 0 0 1 1 0 0 1 1 1 0 1 0 1 0 1 0 1 1 1 0 0 1 1 1 0 1 0 0 1 1 0 0 1 0 1 1
10	11	0 0 1 1 1 0 0 1 1 0 1 1 0 0 0 0 1 1 0 0 1 1 1 1 1 0 1 0 1 0 1 1 1 0 0 1 1 1 0 1 0 0 1 1 0 0 1 0 1 1
10	3	1 1 0 1 1 1 1 0 1 1 1 0 1 1 0 0 1 0 0 0 1 0 1 0 0 0 1 0 0 1 1 1 1 0 1 1 0 0 0 1 0 1 0 0 0 1 1 0 1 0
10	26	1 1 0 1 1 1 1 0 1 1 1 0 1 1 0 0 1 0 0 0 0 0 1 0 0 0 1 0 0 1 1 1 1 0 1 1 0 0 0 1 0 1 0 0 0 1 1 0 1 0
10	23	1 1 1 1 1 0 0 1 0 1 1 0 1 1 1 1 1 1 1 1 1 1 1 0 1 1 0 1 0 1 0 0 0 0 1 1 0 1 1 1 0 1 0 1 0 1 0 1 1 1
10	2	0 0 1 0 1 0 0 1 1 1 0 0 1 1 1 1 1 0 1 1 1 1 1 0 1 1 1 0 0 1 1 0 0 1 1 0 0 0 0 0 1 0 1 0 0 0 0 0 1 0
10	1	0 0 1 0 1 0 0 1 1 1 0 0 1 1 1 1 1 0 1 1 1 1 1 0 1 1 1 1 0 1 1 0 0 1 1 0 0 0 0 0 1 1 1 0 0 0 0 0 1 0
10	1	0 0 1 0 1 0 1 1 1 1 0 0 1 1 1 1 1 0 1 1 1 1 1 0 1 1 1 0 0 1 1 0 0 1 1 0 0 0 0 0 1 1 1 0 0 0 0 0 1 0
10	1	0 0 1 0 1 0 0 1 1 1 0 0 1 1 1 1 1 0 1 1 1 1 1 0 1 1 1 0 0 1 1 0 1 1 1 0 0 0 0 0 1 1 1 0 0 0 0 0 1 0
10	18	0 0 1 0 1 0 0 1 1 1 0 0 1 1 1 1 1 0 1 1 1 1 1 0 1 1 1 0 0 1 1 0 0 1 1 0 0 0 0 0 1 1 1 0 0 0 0 0 1 0
10	13	0 0 0 0 1 1 0 1 1 0 0 0 1 1 1 1 1 0 0 1 1 1 1 0 0 0 0 1 0 1 0 0 1 0 1 1 0 1 0 1 0 1 0 0 0 0 0 0 0 1
20	1	0 0 1 1 1 0 0 1 1 0 1 1 0 0 0 0 1 1 0 0 1 1 1 0 1 0 1 0 1 1 1 1 1 0 0 1 1 1 0 1 0 0 1 1 0 0 1 0 1 1
20	1	0 0 1 1 1 0 0 1 1 0 1 1 0 0 0 0 1 1 0 0 1 1 1 1 1 0 1 0 1 0 1 1 1 0 0 1 1 1 0 1 1 0 1 1 0 0 1 0 1 1
20	8	0 0 1 1 1 0 0 1 1 0 1 1 0 0 0 0 1 1 0 0 1 1 1 1 1 0 1 0 1 0 1 1 1 0 0 1 1 1 0 1 0 0 1 1 0 0 1 0 1 1
20	10	1 1 0 1 1 1 1 0 1 1 1 0 1 1 0 0 1 0 0 0 1 0 1 0 0 0 1 0 0 1 1 1 1 0 1 1 0 0 0 1 0 1 0 0 0 1 1 0 1 0
20	6	1 1 0 1 1 1 1 0 1 1 1 0 1 1 0 0 1 1 0 0 0 0 1 0 0 0 1 0 0 1 1 1 1 0 1 1 0 0 0 1 0 1 0 0 0 1 1 0 1 0
20	2	1 1 0 1 1 1 1 0 1 1 1 0 1 1 0 0 1 0 0 0 0 0 1 0 0 0 1 0 1 1 1 1 1 0 1 1 0 0 0 1 0 1 0 0 0 1 1 0 1 0
20	2	1 1 0 1 1 1 1 0 1 1 1 0 1 1 0 0 1 0 0 0 0 0 1 0 0 0 1 1 0 1 1 1 1 0 1 1 0 0 0 1 0 1 0 0 0 1 1 0 1 0
20	20	1 1 0 1 1 1 1 0 1 1 1 0 1 1 0 0 1 0 0 0 0 0 1 0 0 0 1 0 0 1 1 1 1 0 1 1 0 0 0 1 0 1 0 0 0 1 1 0 1 0
20	7	1 1 1 1 1 0 0 1 0 1 1 0 1 1 1 1 1 1 1 1 1 1 1 0 1 1 0 1 0 1 0 0 0 0 1 1 0 1 1 1 0 1 0 1 0 1 0 1 1 1
20	1	0 0 1 0 1 0 0 1 1 1 0 0 1 1 1 1 1 0 1 1 1 1 1 0 1 1 1 0 0 1 1 0 0 1 1 0 0 1 0 0 1 1 1 0 0 0 0 0 1 0
20	8	0 0 1 0 1 0 0 1 1 1 0 0 1 1 1 1 1 0 1 1 1 1 1 0 1 1 1 0 0 1 1 0 0 1 1 0 0 0 0 0 1 0 1 0 0 0 0 0 1 0
20	1	0 0 1 0 1 0 0 1 1 1 0 0 1 1 1 1 1 0 1 1 1 1 1 0 1 1 1 0 0 1 1 0 0 1 1 0 0 0 0 0 1 1 0 0 0 0 0 0 1 0
20	5	0 0 1 0 1 0 1 1 1 1 0 0 1 1 1 1 1 0 1 1 1 1 1 0 1 1 1 0 0 1 1 0 0 1 1 0 0 0 0 0 1 1 1 0 0 0 0 0 1 0
20	1	0 0 1 0 1 0 0 1 1 1 0 0 1 1 1 1 1 0 1 1 1 1 1 0 1 1 1 0 0 1 1 0 1 1 1 0 0 0 0 0 1 1 1 0 0 0 0 1 1 0
20	3	0 0 1 0 1 0 0 1 1 1 0 0 1 1 1 1 1 0 1 1 1 1 1 0 1 1 1 0 0 1 1 0 1 1 1 0 0 0 0 0 1 1 1 0 0 0 0 0 1 0
20	3	0 0 1 0 1 0 0 1 1 1 0 0 1 1 1 1 1 0 1 1 1 1 1 0 1 1 1 0 0 1 1 0 0 1 1 0 0 0 0 0 1 1 1 0 0 0 0 1 1 0
20	1	0 0 1 0 1 0 0 1 1 1 0 0 1 1 1 1 1 1 1 1 1 1 1 0 1 1 1 0 0 1 1 0 0 1 1 0 0 0 0 0 1 1 1 0 0 0 0 0 1 0
20	7	0 0 1 0 1 0 0 1 1 1 0 0 1 1 1 1 1 0 1 1 1 1 1 0 1 1 1 0 0 1 1 0 0 1 1 0 0 0 0 0 1 1 1 0 0 0 0 0 1 0
20	3	0 0 0 0 1 1 0 1 1 0 0 0 1 1 1 1 1 0 0 1 1 1 1 0 0 0 0 1 0 1 1 0 1 0 1 1 0 1 0 1 0 1 0 0 0 0 0 0 0 1
20	1	0 0 0 0 1 1 0 1 1 0 0 0 1 1 1 1 1 0 0 1 1 1 1 0 0 0 0 1 1 1 0 0 1 0 1 1 0 1 0 1 0 1 0 0 0 0 0 0 0 1
20	9	0 0 0 0 1 1 0 1 1 0 0 0 1 1 1 1 1 0 0 1 1 1 1 0 0 0 0 1 0 1 0 0 1 0 1 1 0 1 0 1 0 1 0 0 0 0 0 0 0 1
30	1	0 0 1 1 1 0 0 1 1 0 1 1 0 0 0 0 1 1 0 0 1 1 1 1 1 0 1 0 1 0 1 1 1 0 0 1 1 1 0 1 0 0 1 1 0 0 1 0 1 1
30	1	1 1 0 1 1 1 1 0 1 1 0 0 1 1 0 0 1 0 0 0 1 0 1 0 0 0 1 0 0 1 1 1 1 0 1 1 0 0 0 1 0 1 0 0 0 1 1 0 1 0
30	1	1 1 0 1 1 1 1 0 1 1 1 0 1 1 0 0 1 0 0 0 1 0 1 0 0 0 1 0 0 1 1 1 1 1 1 1 0 0 0 1 0 1 0 0 0 1 1 0 1 0
30	2	1 1 0 1 1 1 1 0 1 1 1 0 1 1 0 0 1 0 0 0 1 0 1 0 0 0 1 0 0 1 1 1 1 0 1 1 0 0 0 1 0 1 0 0 0 0 1 0 1 0
30	43	1 1 0 1 1 1 1 0 1 1 1 0 1 1 0 0 1 0 0 0 1 0 1 0 0 0 1 0 0 1 1 1 1 0 1 1 0 0 0 1 0 1 0 0 0 1 1 0 1 0
30	1	1 1 0 1 1 1 1 0 1 1 1 0 1 1 0 0 1 1 0 0 0 0 1 0 0 0 1 0 0 1 1 1 1 0 1 1 1 0 0 1 0 1 0 0 0 1 1 0 1 0
30	17	1 1 0 1 1 1 1 0 1 1 1 0 1 1 0 0 1 1 0 0 0 0 1 0 0 0 1 0 0 1 1 1 1 0 1 1 0 0 0 1 0 1 0 0 0 1 1 0 1 0
30	3	1 1 0 1 1 1 1 0 1 1 1 0 1 1 0 0 1 0 0 0 0 0 1 0 0 0 1 0 1 1 1 1 1 0 1 1 0 0 0 1 0 1 0 0 0 1 1 0 1 0
30	3	1 1 0 1 1 1 1 0 1 1 1 0 1 1 0 0 1 0 0 0 0 0 1 0 0 0 1 1 0 1 1 1 1 0 1 1 0 0 0 1 0 1 0 0 0 1 1 0 1 0
30	1	1 1 0 1 1 1 1 0 1 1 1 0 1 1 0 0 1 0 0 0 0 0 1 0 0 0 1 0 0 1 1 1 1 0 1 1 0 0 0 1 1 1 0 0 0 1 1 0 1 0
30	2	1 1 0 1 1 1 1 0 1 1 1 0 1 1 0 0 1 0 0 0 0 0 1 0 0 0 1 0 0 1 1 1 1 0 1 1 0 0 0 1 0 1 0 0 0 1 1 0 1 0
30	1	1 1 1 0 1 0 0 1 1 1 1 0 1 1 1 1 1 1 1 1 1 1 1 0 1 1 0 1 0 1 0 0 0 0 1 1 0 1 1 1 0 1 0 1 0 1 0 1 1 1
30	1	1 1 1 1 1 0 0 1 0 1 1 0 1 1 1 1 1 0 1 1 1 1 1 0 1 1 0 1 0 1 0 0 0 0 1 1 0 1 1 1 0 1 0 1 0 1 0 1 1 1
30	1	1 1 1 1 1 0 0 1 0 1 1 0 1 1 1 1 1 1 1 1 1 1 1 0 1 1 0 1 0 1 0 0 0 0 1 1 0 1 1 1 0 1 0 1 0 1 0 1 1 1
30	2	0 0 1 0 1 0 0 1 1 1 0 0 1 0 1 1 1 0 1 1 1 1 1 0 1 1 1 0 0 1 1 0 0 1 1 0 0 1 0 0 1 1 1 0 0 0 0 0 1 0
30	1	0 0 1 0 1 0 0 1 1 1 0 0 1 1 1 1 1 0 1 1 1 1 1 0 1 1 1 0 0 1 1 0 0 1 1 0 0 1 0 0 1 1 1 0 0 0 0 0 1 0
30	4	0 0 1 0 1 0 0 1 1 1 0 0 1 1 1 1 1 0 1 1 1 1 1 0 1 1 1 0 0 1 1 0 0 1 1 0 0 0 0 0 1 1 1 0 0 0 0 0 1 0
30	4	0 0 1 0 1 0 0 1 1 1 0 0 1 1 1 1 1 0 1 1 1 1 1 0 1 1 1 0 0 1 1 0 0 1 1 0 0 0 0 0 1 0 1 0 0 0 0 0 1 0
30	4	0 0 1 0 1 0 0 1 1 1 0 0 1 1 1 1 1 0 1 1 1 1 1 0 1 1 1 0 0 1 1 0 0 1 1 0 0 0 0 0 1 1 0 0 0 0 0 0 1 0
30	5	0 0 1 0 1 0 1 1 1 1 0 0 1 1 1 1 1 0 1 1 1 1 1 0 1 1 1 0 0 1 1 0 0 1 1 0 0 0 0 0 1 1 1 0 0 0 0 0 1 0
30	2	0 0 0 0 1 1 0 1 1 0 0 0 1 1 1 1 1 0 0 1 1 1 1 0 0 0 0 1 0 1 1 0 1 0 1 1 0 1 0 1 0 1 0 0 0 0 0 0 0 1
40	1	1 1 0 1 1 1 1 0 1 1 1 0 1 1 0 0 1 0 0 0 1 0 1 0 0 0 1 0 0 1 1 1 1 0 0 1 0 0 0 1 0 1 0 0 0 1 1 0 1 0
40	1	1 1 0 1 1 1 1 0 1 1 1 0 1 1 0 0 1 0 0 0 1 0 1 0 0 0 1 0 0 1 1 1 1 0 1 1 0 0 0 1 0 1 0 0 0 0 1 0 1 0
40	1	1 1 0 1 1 1 1 1 1 1 1 0 1 1 0 0 1 0 0 0 1 0 1 0 0 0 1 0 0 1 1 1 1 0 1 1 0 0 0 1 0 1 0 0 0 1 1 0 1 0
40	1	1 1 0 1 1 1 1 0 1 1 1 0 1 1 0 0 1 0 0 0 1 0 1 0 0 0 1 0 0 1 1 1 1 0 1 1 0 0 0 1 0 1 0 0 0 1 1 0 0 0
40	1	1 1 1 1 1 1 1 0 1 1 1 0 1 1 0 0 1 0 0 0 1 0 1 0 0 0 1 0 0 1 1 1 1 0 1 1 0 0 0 1 0 1 0 0 0 1 1 0 1 0
40	69	1 1 0 1 1 1 1 0 1 1 1 0 1 1 0 0 1 0 0 0 1 0 1 0 0 0 1 0 0 1 1 1 1 0 1 1 0 0 0 1 0 1 0 0 0 1 1 0 1 0
40	1	1 1 0 1 1 1 1 0 1 1 1 0 1 1 0 0 1 1 0 0 1 0 1 0 0 0 1 0 0 1 1 1 1 0 1 1 0 0 0 1 0 1 0 0 0 1 1 0 1 0
40	13	1 1 0 1 1 1 1 0 1 1 1 0 1 1 0 0 1 1 0 0 0 0 1 0 0 0 1 0 0 1 1 1 1 0 1 1 0 0 0 1 0 1 0 0 0 1 1 0 1 0
40	4	1 1 0 1 1 1 1 0 1 1 1 0 1 1 0 0 1 0 0 0 0 0 1 0 0 0 1 0 1 1 1 1 1 0 1 1 0 0 0 1 0 1 0 0 0 1 1 0 1 0
40	1	1 1 0 1 1 1 1 0 1 1 1 0 1 1 0 0 1 0 0 0 0 0 1 0 0 0 1 1 0 1 1 1 1 0 1 1 0 0 0 1 0 1 0 0 0 1 1 0 1 0
40	1	1 1 1 1 1 1 1 0 1 1 1 0 1 1 0 0 1 0 0 0 0 0 1 0 0 0 1 0 0 1 1 1 1 0 1 1 0 0 0 1 0 1 0 0 0 1 1 0 1 0
40	1	1 1 1 1 1 0 0 1 0 1 1 0 1 0 1 1 1 1 1 1 1 1 1 0 1 1 0 1 0 1 0 0 0 0 1 1 0 1 1 1 1 1 0 1 0 1 0 1 1 1
40	1	1 1 1 1 1 0 0 1 0 1 1 0 1 0 1 1 1 1 1 1 1 1 1 0 1 1 0 1 0 1 0 0 0 0 1 1 0 1 1 1 0 1 0 1 0 1 0 1 1 1
40	1	0 0 1 0 1 0 0 1 1 1 0 0 1 1 1 1 1 0 1 1 1 1 1 0 1 1 1 0 0 1 1 0 0 1 1 0 0 0 0 0 1 1 0 0 0 0 0 0 1 0
40	1	0 0 1 0 1 0 1 1 1 1 0 0 1 1 1 1 1 0 1 1 1 1 1 0 1 1 1 0 0 1 1 0 0 1 1 0 0 0 0 0 1 1 1 0 0 0 0 0 1 0
40	2	0 0 0 0 1 1 0 1 1 0 0 0 1 1 1 1 1 0 0 1 1 1 1 0 0 0 0 1 0 1 1 0 1 0 1 1 0 1 0 1 0 1 0 0 0 0 0 0 0 1
50	1	1 1 0 1 1 1 1 0 1 1 1 0 1 1 0 0 1 0 0 0 1 0 1 0 0 0 1 0 0 1 1 1 1 0 1 1 0 0 0 1 0 1 0 0 0 0 1 0 1 0
50	9	1 1 0 1 1 1 1 1 1 1 1 0 1 1 0 0 1 0 0 0 1 0 1 0 0 0 1 0 0 1 1 1 1 0 1 1 0 0 0 1 0 1 0 0 0 1 1 0 1 0
50	1	1 1 0 1 1 1 1 0 1 1 1 0 1 1 0 0 1 0 0 0 1 0 1 0 0 0 1 0 0 1 1 1 1 0 1 1 0 0 1 1 0 1 0 0 0 1 1 0 1 0
50	54	1 1 0 1 1 1 1 0 1 1 1 0 1 1 0 0 1 0 0 0 1 0 1 0 0 0 1 0 0 1 1 1 1 0 1 1 0 0 0 1 0 1 0 0 0 1 1 0 1 0
50	3	1 1 0 1 1 1 1 0 1 1 1 0 1 1 0 0 1 1 0 0 0 0 1 0 0 0 1 0 0 0 1 1 1 0 1 1 0 0 0 1 0 1 0 0 0 1 1 0 1 0
50	1	1 1 0 1 1 1 1 0 1 1 1 0 1 1 0 0 1 1 0 0 0 0 1 0 0 0 1 0 0 1 1 1 1 0 1 1 0 0 0 1 0 1 0 0 0 1 1 1 1 0
50	21	1 1 0 1 1 1 1 0 1 1 1 0 1 1 0 0 1 1 0 0 0 0 1 0 0 0 1 0 0 1 1 1 1 0 1 1 0 0 0 1 0 1 0 0 0 1 1 0 1 0
50	4	1 1 0 1 1 1 1 0 1 1 1 0 1 1 0 0 1 0 0 0 0 0 1 0 0 0 1 0 1 1 1 1 1 0 1 1 0 0 0 1 0 1 0 0 0 1 1 0 1 0
50	2	1 1 0 1 1 1 1 0 1 1 1 0 1 1 0 0 1 0 0 0 0 0 1 0 0 0 1 1 0 1 1 1 1 0 1 1 0 0 0 1 0 1 0 0 0 1 1 0 1 0
50	1	1 1 1 1 1 1 1 0 1 1 1 0 1 1 0 0 1 0 0 0 0 0 1 0 0 0 1 0 0 1 1 1 1 0 1 1 0 0 0 1 0 1 0 0 0 1 1 0 1 0
50	3	0 0 1 0 1 0 0 1 1 1 0 0 1 1 1 1 1 0 1 1 1 1 1 0 1 1 1 0 0 1 1 0 0 1 1 0 0 0 0 0 1 1 0 0 0 0 0 0 1 0
60	3	1 1 0 1 1 1 1 0 1 1 1 0 1 1 0 0 1 0 0 0 1 0 1 0 0 0 1 0 0 1 1 1 1 0 1 1 0 0 0 1 0 1 0 0 0 0 1 0 1 0
60	17	1 1 0 1 1 1 1 1 1 1 1 0 1 1 0 0 1 0 0 0 1 0 1 0 0 0 1 0 0 1 1 1 1 0 1 1 0 0 0 1 0 1 0 0 0 1 1 0 1 0
60	4	1 1 0 1 1 1 1 0 1 1 1 0 1 1 0 0 1 0 0 0 1 0 1 0 0 0 0 0 0 1 1 1 1 0 1 1 0 0 0 1 0 1 0 0 0 1 1 0 1 0
60	42	1 1 0 1 1 1 1 0 1 1 1 0 1 1 0 0 1 0 0 0 1 0 1 0 0 0 1 0 0 1 1 1 1 0 1 1 0 0 0 1 0 1 0 0 0 1 1 0 1 0
60	3	1 1 0 1 1 1 1 0 1 1 1 0 1 1 0 1 1 1 0 0 0 0 1 0 0 0 1 0 0 1 1 1 1 0 1 1 0 0 0 1 0 1 0 0 0 1 1 0 1 0
60	21	1 1 0 1 1 1 1 0 1 1 1 0 1 1 0 0 1 1 0 0 0 0 1 0 0 0 1 0 0 1 1 1 1 0 1 1 0 0 0 1 0 1 0 0 0 1 1 0 1 0
60	4	1 1 0 1 1 1 1 0 1 1 1 0 1 1 0 0 1 0 0 0 0 0 1 0 0 0 1 0 1 1 1 1 1 0 1 1 0 0 0 1 0 1 0 0 0 1 1 0 1 0
60	2	1 1 0 1 1 1 1 0 1 1 1 0 1 1 0 0 1 0 0 0 0 0 1 0 0 0 1 1 0 1 1 1 1 0 1 1 0 0 0 1 0 1 0 0 0 1 1 0 1 0
60	4	1 1 1 1 1 1 1 0 1 1 1 0 1 1 0 0 1 0 0 0 0 0 1 0 0 0 1 0 0 1 1 1 1 0 1 1 0 0 0 1 0 1 0 0 0 1 1 0 1 0
70	1	1 1 0 1 1 1 1 1 1 1 1 0 1 1 0 0 1 0 0 0 1 0 1 0 0 0 1 0 0 1 0 1 1 0 1 1 0 0 0 1 0 1 0 0 0 1 1 0 1 0
70	2	1 1 0 1 1 1 1 1 1 1 1 0 1 1 0 0 1 0 0 0 1 0 1 0 1 0 1 0 0 1 1 1 1 0 1 1 0 0 0 1 0 1 0 0 0 1 1 0 1 0
70	46	1 1 0 1 1 1 1 1 1 1 1 0 1 1 0 0 1 0 0 0 1 0 1 0 0 0 1 0 0 1 1 1 1 0 1 1 0 0 0 1 0 1 0 0 0 1 1 0 1 0
70	6	1 1 0 1 1 1 1 0 1 1 1 0 1 1 0 0 1 0 0 0 1 0 1 0 0 0 0 0 0 1 1 1 1 0 1 1 0 0 0 1 0 1 0 0 0 1 1 0 1 0
70	1	1 1 0 1 1 1 1 0 1 1 1 0 1 1 0 0 1 0 0 0 1 0 1 0 0 0 1 0 0 1 1 1 1 0 1 1 0 0 0 1 0 0 0 0 0 1 1 0 1 0
70	18	1 1 0 1 1 1 1 0 1 1 1 0 1 1 0 0 1 0 0 0 1 0 1 0 0 0 1 0 0 1 1 1 1 0 1 1 0 0 0 1 0 1 0 0 0 1 1 0 1 0
70	4	1 1 0 1 1 1 1 0 1 1 1 0 1 1 0 1 1 1 0 0 0 0 1 0 0 0 1 0 0 1 1 1 1 0 1 1 0 0 0 1 0 1 0 0 0 1 1 0 1 0
70	17	1 1 0 1 1 1 1 0 1 1 1 0 1 1 0 0 1 1 0 0 0 0 1 0 0 0 1 0 0 1 1 1 1 0 1 1 0 0 0 1 0 1 0 0 0 1 1 0 1 0
70	1	1 1 0 1 1 1 1 0 1 1 1 0 1 1 0 0 1 0 0 0 0 0 1 0 0 0 1 0 1 1 1 1 1 0 1 1 0 0 0 1 0 1 0 0 0 1 1 0 1 0
70	1	1 1 0 1 1 1 1 0 1 1 1 0 1 1 0 0 1 0 0 0 0 0 1 0 0 0 1 1 0 1 1 1 1 0 1 1 0 0 0 1 0 1 0 0 0 1 1 0 1 0
70	3	1 1 1 1 1 1 1 0 1 1 1 0 1 1 0 0 1 0 0 0 0 0 1 0 0 0 1 0 0 1 1 1 1 0 1 1 0 0 0 1 0 1 0 0 0 1 1 0 1 0
80	2	1 1 0 1 1 1 1 0 1 1 1 0 1 1 0 0 1 0 0 0 1 0 1 0 0 0 1 0 0 1 1 1 1 0 1 1 0 0 0 1 0 1 0 0 0 0 1 0 1 0
80	4	1 1 0 1 1 1 1 1 1 1 1 0 1 1 0 0 1 0 0 0 1 0 1 0 0 0 1 0 0 1 0 1 1 0 1 1 0 0 0 1 0 1 0 0 0 1 1 0 1 0
80	2	1 1 0 1 1 1 1 1 1 1 1 0 1 1 0 0 1 0 0 0 1 0 1 0 1 0 1 0 0 1 1 1 1 0 1 1 0 0 0 1 0 1 0 0 0 1 1 0 1 0
80	3	1 1 1 1 1 1 1 1 1 1 1 0 1 1 0 0 1 0 0 0 1 0 1 0 0 0 1 0 0 1 1 1 1 0 1 1 0 0 0 1 0 1 0 0 0 1 1 0 1 0
80	2	1 1 0 1 1 1 1 1 1 1 1 0 1 1 0 1 1 0 0 0 1 0 1 0 0 0 1 0 0 1 1 1 1 0 1 1 0 0 0 1 0 1 0 0 0 1 1 0 1 0
80	1	1 1 0 1 1 1 1 1 1 1 1 0 1 1 0 0 1 0 0 0 1 0 1 1 0 0 1 0 0 1 1 1 1 0 1 1 0 0 0 1 0 1 0 0 0 1 1 0 1 0
80	41	1 1 0 1 1 1 1 1 1 1 1 0 1 1 0 0 1 0 0 0 1 0 1 0 0 0 1 0 0 1 1 1 1 0 1 1 0 0 0 1 0 1 0 0 0 1 1 0 1 0
80	4	1 1 0 1 1 1 1 0 1 1 1 0 1 1 0 0 1 0 0 0 1 0 1 0 0 0 0 0 0 1 1 1 1 0 1 1 0 0 0 1 0 1 0 0 0 1 1 0 1 0
80	1	1 1 0 1 1 1 1 0 1 1 1 0 1 0 0 0 1 0 0 0 1 0 1 0 0 0 1 0 0 1 1 1 1 0 1 1 0 0 0 1 0 1 0 0 0 1 1 0 1 0
80	1	1 1 0 1 1 1 1 0 1 1 1 0 1 1 0 0 1 0 0 0 1 0 1 0 0 0 1 0 1 1 1 1 1 0 1 1 0 0 0 1 0 1 0 0 0 1 1 0 1 0
80	1	1 1 0 1 1 1 1 0 1 1 1 0 1 1 0 0 1 0 0 0 1 0 1 0 0 0 1 0 0 1 1 1 1 0 1 1 0 0 1 1 0 1 0 0 0 1 1 0 1 0
80	13	1 1 0 1 1 1 1 0 1 1 1 0 1 1 0 0 1 0 0 0 1 0 1 0 0 0 1 0 0 1 1 1 1 0 1 1 0 0 0 1 0 1 0 0 0 1 1 0 1 0
80	2	1 1 0 1 1 1 1 0 1 1 1 0 1 1 0 1 1 1 0 0 0 0 1 0 0 0 1 0 0 1 1 1 1 0 1 1 0 0 0 1 0 1 0 0 0 1 1 0 1 0
80	11	1 1 0 1 1 1 1 0 1 1 1 0 1 1 0 0 1 1 0 0 0 0 1 0 0 0 1 0 0 1 1 1 1 0 1 1 0 0 0 1 0 1 0 0 0 1 1 0 1 0
80	3	1 1 0 1 1 1 1 0 1 1 1 0 1 1 0 0 1 0 0 0 0 0 1 0 0 0 1 1 0 1 1 1 1 0 1 1 0 0 0 1 0 1 0 0 0 1 1 0 1 0
80	3	1 1 1 1 1 1 1 0 1 1 1 0 1 1 0 0 1 0 0 0 0 0 1 0 0 0 1 0 0 1 1 1 1 0 1 1 0 0 0 0 0 1 0 0 0 1 1 0 1 0
80	1	1 1 1 1 1 1 1 0 1 1 1 0 0 1 0 0 1 0 0 0 0 0 1 0 0 0 1 0 0 1 1 1 1 0 1 1 0 0 0 1 0 1 0 0 0 1 1 0 1 0
80	1	1 1 1 1 1 1 1 0 1 1 1 0 1 1 0 1 1 0 0 0 0 0 1 0 0 0 1 0 0 1 1 1 1 0 1 1 0 0 0 1 0 1 0 0 0 1 1 0 1 0
80	4	1 1 1 1 1 1 1 0 1 1 1 0 1 1 0 0 1 0 0 0 0 0 1 0 0 0 1 0 0 1 1 1 1 0 1 1 0 0 0 1 0 1 0 0 0 1 1 0 1 0
90	2	1 1 0 1 1 1 1 0 1 1 1 0 1 1 0 0 1 0 0 0 1 0 1 0 0 0 1 0 0 1 1 1 1 0 1 1 0 0 0 1 0 1 0 0 0 0 1 0 1 0
90	1	1 1 0 1 1 1 1 1 1 1 1 0 1 1 0 0 1 0 0 0 1 0 1 0 0 0 1 0 0 1 0 1 1 0 1 1 0 0 0 1 0 1 0 0 0 1 1 0 1 0
90	4	1 1 0 1 1 1 1 1 1 1 1 0 1 1 0 0 1 0 0 0 1 0 1 0 1 0 1 0 0 1 1 1 1 0 1 1 0 0 0 1 0 1 0 0 0 1 1 0 1 0
90	1	1 1 1 1 1 1 1 1 1 1 1 0 1 1 0 0 1 0 0 0 1 0 1 0 0 0 1 0 0 1 1 1 1 0 1 1 0 0 0 1 0 1 0 0 0 1 1 0 1 0
90	1	1 1 0 1 1 1 1 1 1 1 1 0 1 0 0 0 1 0 0 0 1 0 1 0 0 0 1 0 0 1 1 1 1 0 1 1 0 0 0 1 0 1 0 0 0 1 1 0 1 0
90	1	1 1 0 1 1 1 1 1 1 1 1 0 1 1 0 0 1 0 0 0 1 0 1 0 0 0 1 0 0 1 1 1 1 0 1 1 0 0 0 1 0 1 0 0 0 1 1 0 0 0
90	1	1 1 0 1 1 1 1 1 1 1 1 0 1 1 0 0 1 0 0 0 1 0 1 1 0 0 1 0 0 1 1 1 1 0 1 1 0 0 0 1 0 1 0 0 0 1 1 0 1 0
90	1	1 1 0 1 1 1 1 1 1 1 1 0 1 0 0 0 1 0 0 1 1 0 1 0 0 0 1 0 0 1 1 1 1 0 1 1 0 0 0 1 0 1 0 0 0 1 1 0 1 0
90	1	1 1 0 1 1 0 1 1 1 1 1 0 1 1 0 0 1 0 0 0 1 0 1 0 0 0 1 0 0 1 1 1 1 0 1 1 0 0 0 1 0 1 0 0 0 1 1 0 1 0
90	1	1 1 0 1 0 1 1 1 1 1 1 0 1 1 0 0 1 0 0 0 1 0 1 0 0 0 1 0 0 1 1 1 1 0 1 1 0 0 0 1 0 1 0 0 0 1 1 0 1 0
90	1	1 1 0 1 1 1 1 1 1 1 1 0 1 1 0 0 1 0 0 0 1 0 1 0 0 0 1 0 0 1 1 1 1 0 1 1 0 0 0 1 0 1 0 0 0 1 0 0 1 0
90	1	1 1 0 1 1 1 1 1 1 1 1 0 1 1 0 0 1 0 0 0 1 0 1 0 0 0 1 0 0 1 1 1 1 0 1 1 0 0 0 1 1 1 0 0 0 1 1 0 1 0
90	1	1 1 0 1 1 1 1 1 1 1 1 0 1 1 0 0 1 0 0 0 1 0 1 0 0 0 1 0 0 1 1 1 0 0 1 1 0 0 0 1 0 1 0 0 0 1 1 0 1 0
90	56	1 1 0 1 1 1 1 1 1 1 1 0 1 1 0 0 1 0 0 0 1 0 1 0 0 0 1 0 0 1 1 1 1 0 1 1 0 0 0 1 0 1 0 0 0 1 1 0 1 0
90	1	1 1 0 1 1 1 1 0 1 1 1 0 1 1 0 0 1 0 0 0 1 0 1 0 0 0 0 0 0 1 1 1 1 0 1 1 0 0 0 1 0 1 0 0 0 1 1 0 1 0
90	1	1 1 0 1 1 1 1 0 1 1 1 0 1 1 0 0 1 0 0 0 1 0 1 0 0 0 1 0 0 1 1 1 1 0 1 1 0 0 1 1 0 1 0 0 0 1 1 0 1 0
90	1	1 1 0 1 1 1 1 0 0 1 1 0 1 1 0 0 1 0 0 0 1 0 1 0 0 0 1 0 0 1 1 1 1 0 1 1 0 0 0 1 0 1 0 0 0 1 1 0 1 0
90	1	1 1 0 1 1 1 1 0 1 1 0 0 1 1 0 0 1 0 0 0 1 0 1 0 0 0 1 0 0 1 1 1 1 0 1 1 0 0 0 1 0 1 0 0 0 1 1 0 1 0
90	9	1 1 0 1 1 1 1 0 1 1 1 0 1 1 0 0 1 0 0 0 1 0 1 0 0 0 1 0 0 1 1 1 1 0 1 1 0 0 0 1 0 1 0 0 0 1 1 0 1 0
90	6	1 1 0 1 1 1 1 0 1 1 1 0 1 1 0 0 1 1 0 0 0 0 1 0 0 0 1 0 0 1 1 1 1 0 1 1 0 0 0 1 0 1 0 0 0 1 1 0 1 0
90	6	1 1 1 1 1 1 1 0 1 1 1 0 1 1 0 0 1 0 0 0 0 0 1 0 0 0 1 0 0 1 1 1 1 0 1 1 0 0 0 1 0 1 0 0 0 1 1 0 1 0
90	1	1 1 1 1 1 1 1 0 1 1 1 0 0 1 0 0 1 0 0 0 0 0 1 0 0 0 1 0 0 1 1 1 1 0 1 1 0 0 0 1 0 1 0 0 0 1 1 0 1 0
90	1	1 1 1 1 1 1 1 0 1 1 1 0 1 1 0 1 1 0 0 0 0 0 1 0 0 0 1 0 0 1 1 1 1 0 1 1 0 0 0 1 0 1 0 0 0 1 1 0 1 0
100	5	1 1 0 1 1 1 1 0 1 1 1 0 1 1 0 0 1 0 0 0 1 0 1 0 0 0 1 0 0 1 1 1 1 0 1 1 0 0 0 1 0 1 0 0 0 0 1 0 1 0
100	3	1 1 0 1 1 1 1 1 1 1 1 0 1 1 0 0 1 0 0 0 1 0 1 0 0 0 1 0 0 1 0 1 1 0 1 1 0 0 0 1 0 1 0 0 0 1 1 0 1 0
100	3	1 1 0 1 1 1 1 1 1 1 1 0 1 1 0 0 1 0 0 0 1 0 1 0 1 0 1 0 0 1 1 1 1 0 1 1 0 0 0 1 0 1 0 0 0 1 1 0 1 0
100	9	1 1 1 1 1 1 1 1 1 1 1 0 1 1 0 0 1 0 0 0 1 0 1 0 0 0 1 0 0 1 1 1 1 0 1 1 0 0 0 1 0 1 0 0 0 1 1 0 1 0
100	1	1 1 0 1 1 1 1 1 1 1 1 0 1 1 0 0 1 0 0 0 1 0 1 0 0 0 1 0 0 1 1 1 1 0 1 1 0 0 0 1 0 0 0 0 0 1 1 0 0 0
100	2	1 1 0 1 1 1 1 1 1 1 1 0 1 1 0 0 1 0 0 0 1 0 1 0 0 0 1 0 0 1 1 1 1 0 1 1 0 0 0 1 0 1 0 0 0 1 1 0 0 0
100	1	1 1 0 1 1 1 1 1 1 1 1 0 1 1 0 1 1 0 0 0 1 0 1 0 0 0 1 0 0 1 1 1 1 0 1 1 0 0 0 1 0 1 0 0 0 1 1 0 1 0
100	3	1 1 0 1 1 1 1 1 1 1 1 0 1 0 0 0 1 0 0 1 1 0 1 0 0 0 1 0 0 1 1 1 1 0 1 1 0 0 0 1 0 1 0 0 0 1 1 0 1 0
100	3	1 1 0 1 1 1 1 1 1 1 0 0 1 1 0 0 1 0 0 0 1 0 1 0 0 0 1 0 0 1 1 1 1 0 1 1 0 0 0 1 0 1 0 0 0 1 1 0 1 0
100	1	1 1 0 1 0 1 1 1 1 1 1 0 1 1 0 0 1 0 0 0 1 0 1 0 0 0 1 0 0 1 1 1 1 0 1 1 0 0 0 1 0 1 0 0 0 1 1 0 1 0
100	1	1 1 0 1 1 1 1 1 1 1 1 0 1 1 0 0 1 0 0 0 1 0 1 0 0 0 1 0 0 1 1 1 0 0 1 1 0 0 0 1 0 1 0 0 0 1 1 0 1 0
100	1	1 0 0 1 1 1 1 1 1 1 1 0 1 1 0 0 1 0 0 0 1 0 1 0 0 0 1 0 0 1 1 1 1 0 1 1 0 0 0 1 0 1 0 0 0 1 1 0 1 0
100	1	1 1 0 1 1 1 1 1 1 1 1 0 1 1 0 0 1 0 0 0 1 0 1 0 0 0 1 0 0 1 1 1 1 0 1 0 0 0 0 1 0 1 0 0 0 1 1 0 1 0
100	1	1 1 0 1 1 1 1 1 1 1 1 0 1 1 0 0 1 0 0 0 1 0 1 0 0 0 1 0 0 1 1 1 1 0 1 1 0 0 0 1 0 1 0 0 0 1 1 1 1 0
100	42	1 1 0 1 1 1 1 1 1 1 1 0 1 1 0 0 1 0 0 0 1 0 1 0 0 0 1 0 0 1 1 1 1 0 1 1 0 0 0 1 0 1 0 0 0 1 1 0 1 0
100	1	1 1 0 1 1 1 1 0 1 1 1 0 1 1 0 0 1 0 0 0 1 0 1 0 0 0 0 0 0 1 1 1 1 0 1 1 0 0 0 1 0 1 0 0 0 1 1 0 1 0
100	1	1 1 0 1 1 1 1 0 1 1 1 0 1 1 0 0 1 0 0 0 1 0 1 0 0 0 1 0 0 1 1 1 1 0 0 1 0 0 0 1 0 1 0 0 0 1 1 0 1 0
100	5	1 1 0 1 1 1 1 0 1 1 1 0 1 1 0 0 1 0 0 0 1 0 1 0 0 0 1 0 0 1 1 1 1 0 1 1 0 0 0 1 0 1 0 0 0 1 1 0 1 0
100	1	1 1 0 1 1 1 1 0 1 1 0 0 1 1 0 0 1 1 0 0 0 0 1 0 0 0 1 0 0 1 1 1 1 0 1 1 0 0 0 1 0 1 0 0 0 1 1 0 1 0
100	2	1 1 0 1 1 1 1 0 1 1 1 0 1 1 0 0 1 1 0 0 0 0 1 0 0 0 1 0 0 1 1 1 1 0 1 1 0 0 0 1 0 1 0 0 0 1 1 0 1 0
100	2	1 1 1 1 1 1 1 0 1 1 1 0 1 1 0 0 1 0 0 0 0 0 1 0 0 0 1 0 0 1 1 1 1 0 1 1 0 0 0 1 0 1 0 0 0 1 1 1 1 0
100	10	1 1 1 1 1 1 1 0 1 1 1 0 1 1 0 0 1 0 0 0 0 0 1 0 0 0 1 0 0 1 1 1 1 0 1 1 0 0 0 1 0 1 0 0 0 1 1 0 1 0
100	1	1 1 1 1 1 1 1 0 1 1 1 0 0 1 0 0 1 0 0 0 0 0 1 0 0 0 1 0 0 1 1 1 1 0 1 1 0 0 0 1 0 1 0 0 0 1 1 0 1 0
110	1	1 1 0 1 1 1 1 0 1 1 1 0 1 1 0 0 1 0 0 0 1 0 1 0 0 0 1 0 0 1 1 1 0 0 1 1 0 0 0 1 0 1 0 0 0 0 1 0 1 0
110	7	1 1 0 1 1 1 1 0 1 1 1 0 1 1 0 0 1 0 0 0 1 0 1 0 0 0 1 0 0 1 1 1 1 0 1 1 0 0 0 1 0 1 0 0 0 0 1 0 1 0
110	6	1 1 0 1 1 1 1 1 1 1 1 0 1 1 0 0 1 0 0 0 1 0 1 0 0 0 1 0 0 1 0 1 1 0 1 1 0 0 0 1 0 1 0 0 0 1 1 0 1 0
110	9	1 1 0 1 1 1 1 1 1 1 1 0 1 1 0 0 1 0 0 0 1 0 1 0 1 0 1 0 0 1 1 1 1 0 1 1 0 0 0 1 0 1 0 0 0 1 1 0 1 0
110	10	1 1 1 1 1 1 1 1 1 1 1 0 1 1 0 0 1 0 0 0 1 0 1 0 0 0 1 0 0 1 1 1 1 0 1 1 0 0 0 1 0 1 0 0 0 1 1 0 1 0
110	1	1 1 0 1 1 1 1 1 1 1 1 0 1 1 0 0 1 0 0 0 1 0 1 0 0 0 1 0 0 1 1 1 1 0 1 1 0 0 0 1 0 0 0 0 0 1 1 0 0 0
110	1	1 1 0 1 1 1 1 1 1 1 1 0 1 1 0 0 1 0 0 0 1 0 1 0 0 0 1 0 0 1 1 1 1 0 1 1 0 0 0 1 0 1 0 0 0 1 1 0 0 0
110	1	1 1 0 1 1 1 1 1 1 1 1 0 1 1 0 0 1 0 0 0 1 0 1 1 0 0 1 0 0 1 1 1 1 0 1 1 0 0 0 1 0 1 0 0 0 1 1 0 1 0
110	3	1 1 0 1 1 1 1 1 1 1 1 0 1 0 0 0 1 0 0 1 1 0 1 0 0 0 1 0 0 1 1 1 1 0 1 1 0 0 0 1 0 1 0 0 0 1 1 0 1 0
110	3	1 1 0 1 1 1 1 1 1 1 0 0 1 1 0 0 1 0 0 0 1 0 1 0 0 0 1 0 0 1 1 1 1 0 1 1 0 0 0 1 0 1 0 0 0 1 1 0 1 0
110	1	1 1 0 1 1 1 1 1 1 1 1 0 1 1 0 0 1 0 0 0 1 0 1 0 0 0 1 0 0 1 1 1 1 0 1 0 0 0 0 1 0 1 0 0 0 1 1 0 1 0
110	1	1 1 0 1 1 0 1 1 1 1 1 0 1 1 0 0 1 0 0 0 1 0 1 0 0 0 1 0 0 1 1 1 1 0 1 1 0 0 0 1 0 1 0 0 0 1 1 0 1 0
110	40	1 1 0 1 1 1 1 1 1 1 1 0 1 1 0 0 1 0 0 0 1 0 1 0 0 0 1 0 0 1 1 1 1 0 1 1 0 0 0 1 0 1 0 0 0 1 1 0 1 0
110	4	1 1 0 1 1 1 1 0 1 1 1 0 1 1 0 0 1 0 0 0 1 0 1 0 0 0 1 0 0 1 1 1 1 0 1 1 0 0 0 1 0 1 0 0 0 1 1 0 1 0
110	1	1 1 0 1 1 1 1 0 1 1 1 0 1 1 0 0 1 1 0 0 0 0 1 0 0 0 1 0 0 1 1 1 1 0 1 1 0 0 0 1 0 1 0 0 0 1 1 0 1 0
110	11	1 1 1 1 1 1 1 0 1 1 1 0 1 1 0 0 1 0 0 0 0 0 1 0 0 0 1 0 0 1 1 1 1 0 1 1 0 0 0 1 0 1 0 0 0 1 1 0 1 0
120	4	1 1 0 1 1 1 1 0 1 1 1 0 1 1 0 0 1 0 0 0 1 0 1 0 0 0 1 0 0 1 1 1 1 0 1 1 0 0 0 1 0 1 0 0 0 0 1 0 1 0
120	3	1 1 0 1 1 1 1 1 1 1 1 0 1 1 0 0 1 0 0 0 1 0 1 0 0 0 1 0 0 1 0 1 1 0 1 1 0 0 0 1 0 1 0 0 0 1 1 0 1 0
120	5	1 1 0 1 1 1 1 1 1 1 1 0 1 1 0 0 1 0 0 0 1 0 1 0 1 0 1 0 0 1 1 1 1 0 1 1 0 0 0 1 0 1 0 0 0 1 1 0 1 0
120	21	1 1 1 1 1 1 1 1 1 1 1 0 1 1 0 0 1 0 0 0 1 0 1 0 0 0 1 0 0 1 1 1 1 0 1 1 0 0 0 1 0 1 0 0 0 1 1 0 1 0
120	1	1 1 0 1 1 1 1 1 1 1 1 0 1 1 0 0 1 0 0 0 1 0 1 0 0 0 1 0 0 1 1 1 1 1 1 1 0 0 0 1 0 1 0 0 0 1 1 0 1 0
120	1	1 1 0 1 1 1 1 1 1 1 1 0 1 1 0 0 1 0 0 0 1 0 1 1 0 0 1 0 0 1 1 1 1 0 1 1 0 0 0 1 0 1 0 0 0 1 1 0 1 0
120	34	1 1 0 1 1 1 1 1 1 1 1 0 1 1 0 0 1 0 0 0 1 0 1 0 0 0 1 0 0 1 1 1 1 0 1 1 0 0 0 1 0 1 0 0 0 1 1 0 1 0
120	2	1 1 0 1 1 1 1 1 1 1 1 0 1 1 0 0 1 0 0 0 1 0 1 0 0 0 1 0 0 1 1 1 1 0 1 1 0 0 0 1 0 0 0 0 0 1 1 0 0 0
120	2	1 1 0 1 1 1 1 1 1 1 1 0 1 1 0 0 1 0 0 0 1 0 1 0 0 0 1 0 0 1 1 1 1 0 1 1 0 0 0 1 0 1 0 0 0 1 1 0 0 0
120	3	1 1 0 1 1 1 1 1 1 1 1 0 1 1 0 1 1 0 0 0 1 0 1 0 0 0 1 0 0 1 1 1 1 0 1 1 0 0 0 1 0 1 0 0 0 1 1 0 1 0
120	1	1 1 0 1 1 1 1 1 1 1 1 0 1 0 0 0 1 0 0 1 1 0 1 0 0 0 1 0 0 1 1 1 1 0 1 1 0 0 0 1 0 1 0 0 0 1 1 0 1 0
120	3	1 1 0 1 1 1 1 1 1 1 1 0 1 1 0 0 1 0 0 1 1 0 1 0 0 0 1 0 0 1 1 1 1 0 1 1 0 0 0 1 0 1 0 0 0 1 1 0 1 0
120	2	1 1 0 1 1 1 1 1 1 1 0 0 1 1 0 0 1 0 0 0 1 0 1 0 0 0 1 0 0 1 1 1 1 0 1 1 0 0 0 1 0 1 0 0 0 1 1 0 1 0
120	1	1 1 0 1 1 1 1 1 1 1 1 0 1 1 0 0 1 0 0 0 1 0 1 0 0 0 1 0 0 1 1 1 1 0 1 0 0 0 0 1 0 1 0 0 0 1 1 0 1 0
120	1	1 1 0 1 1 1 1 1 1 1 1 0 0 1 0 0 1 0 0 0 1 0 1 0 0 0 1 0 0 1 1 1 1 0 1 1 0 0 0 1 0 1 0 0 0 1 1 0 1 0
120	1	1 1 0 1 1 1 1 1 1 1 1 0 1 1 0 0 0 0 0 0 1 0 1 0 0 0 1 0 0 1 1 1 1 0 1 1 0 0 0 1 0 1 0 0 0 1 1 0 1 0
120	3	1 1 0 1 1 1 1 0 1 1 1 0 1 1 0 0 1 0 0 0 1 0 1 0 0 0 1 0 0 1 1 1 1 0 1 1 0 0 0 1 0 1 0 0 0 1 1 0 1 0
120	2	1 1 1 1 1 1 1 0 1 1 1 0 1 1 0 0 1 0 0 0 0 0 1 0 0 0 1 0 0 1 1 1 1 0 1 1 0 0 0 1 0 1 0 0 0 1 1 1 1 0
120	1	1 1 1 1 1 1 1 0 1 1 1 0 1 0 0 0 1 0 0 0 0 0 1 0 0 0 1 0 0 1 1 1 1 0 1 1 0 0 0 1 0 1 0 0 0 1 1 0 1 0
120	1	1 1 1 1 1 1 1 0 1 1 1 0 1 1 0 0 1 0 0 0 0 0 1 0 0 0 1 0 0 1 1 1 1 0 1 1 0 0 0 1 0 1 0 0 0 1 0 0 1 0
120	8	1 1 1 1 1 1 1 0 1 1 1 0 1 1 0 0 1 0 0 0 0 0 1 0 0 0 1 0 0 1 1 1 1 0 1 1 0 0 0 1 0 1 0 0 0 1 1 0 1 0
130	5	1 1 0 1 1 1 1 0 1 1 1 0 1 1 0 0 1 0 0 0 1 0 1 0 0 0 1 0 0 1 1 1 1 0 1 1 0 0 0 1 0 1 0 0 0 0 1 0 1 0
130	1	1 1 0 1 1 1 1 1 1 1 1 0 1 1 0 0 1 0 0 0 1 0 1 0 0 0 1 0 0 1 0 1 1 0 1 1 0 0 0 0 0 1 0 0 0 1 1 0 1 0
130	7	1 1 0 1 1 1 1 1 1 1 1 0 1 1 0 0 1 0 0 0 1 0 1 0 0 0 1 0 0 1 0 1 1 0 1 1 0 0 0 1 0 1 0 0 0 1 1 0 1 0
130	5	1 1 0 1 1 1 1 1 1 1 1 0 1 1 0 0 1 0 0 0 1 0 1 0 1 0 1 0 0 1 1 1 1 0 1 1 0 0 0 1 0 1 0 0 0 1 1 0 1 0
130	6	1 1 1 1 1 1 1 1 1 1 1 0 1 1 0 0 1 0 1 0 1 0 1 0 0 0 1 0 0 1 1 1 1 0 1 1 0 0 0 1 0 1 0 0 0 1 1 0 0 0
130	7	1 1 1 1 1 1 1 1 1 1 1 0 1 1 0 0 1 0 0 0 1 0 1 0 0 0 1 0 0 1 1 1 1 0 1 1 0 0 0 1 0 1 0 0 0 1 1 0 0 0
130	1	1 1 1 1 1 1 1 1 1 1 1 0 1 1 0 0 1 0 0 0 1 0 1 0 0 0 1 0 0 1 1 1 1 0 1 1 0 0 0 1 1 1 0 0 0 1 1 0 1 0
130	29	1 1 1 1 1 1 1 1 1 1 1 0 1 1 0 0 1 0 0 0 1 0 1 0 0 0 1 0 0 1 1 1 1 0 1 1 0 0 0 1 0 1 0 0 0 1 1 0 1 0
130	17	1 1 0 1 1 1 1 1 1 1 1 0 1 1 0 0 1 0 0 0 1 0 1 0 0 0 1 0 0 1 1 1 1 0 1 1 0 0 0 1 0 1 0 0 0 1 1 0 1 0
130	2	1 1 0 1 1 1 1 1 1 1 1 0 1 1 0 0 1 0 0 0 1 0 1 0 0 0 1 0 0 1 1 1 1 0 1 1 0 0 0 1 0 0 0 0 0 1 1 0 0 0
130	6	1 1 0 1 1 1 1 1 1 1 1 0 1 1 0 0 1 0 0 0 1 0 1 0 0 0 1 0 0 1 1 1 1 0 1 1 0 0 0 1 0 1 0 0 0 1 1 0 0 0
130	2	1 1 0 1 1 1 1 1 0 1 1 0 1 1 0 0 1 0 0 1 1 0 1 0 0 0 1 0 0 1 1 1 1 0 1 1 0 0 0 1 0 1 0 0 0 1 1 0 1 0
130	3	1 1 0 1 1 1 1 1 1 1 1 0 1 1 0 0 1 0 0 1 1 0 1 0 0 0 1 0 0 1 1 1 1 0 1 1 0 0 0 1 0 1 0 0 0 1 1 0 1 0
130	1	1 1 0 1 1 1 1 1 1 1 1 0 1 1 0 0 1 0 0 0 1 0 1 0 0 0 1 0 0 1 1 1 1 0 1 0 0 0 0 1 0 1 0 0 0 1 1 0 1 0
130	2	1 1 1 1 1 1 1 0 1 1 1 0 1 1 0 0 1 1 0 0 0 0 1 0 1 0 1 0 0 1 1 1 1 0 1 1 0 0 0 1 0 1 0 0 0 1 1 0 1 0
130	1	1 1 1 1 1 1 1 0 1 1 1 0 1 1 0 0 1 0 0 0 0 0 1 0 0 0 1 0 0 1 1 1 1 0 1 1 0 0 0 1 0 1 0 0 0 1 1 1 1 0
130	5	1 1 1 1 1 1 1 0 1 1 1 0 1 1 0 0 1 0 0 0 0 0 1 0 0 0 1 0 0 1 1 1 1 0 1 1 0 0 0 1 0 1 0 0 0 1 1 0 1 0
140	2	1 1 0 1 1 1 1 0 1 1 1 0 1 1 0 0 1 0 0 0 1 0 1 1 0 0 1 0 0 1 1 1 1 0 1 1 0 0 0 1 0 1 0 0 0 0 1 0 1 0
140	3	1 1 0 1 1 1 1 0 1 1 1 0 1 1 0 0 1 0 0 0 1 0 1 0 0 0 1 0 0 1 1 1 1 0 1 1 0 0 0 1 0 1 0 0 0 0 1 0 1 0
140	2	1 1 0 1 1 1 1 1 1 1 1 0 1 1 0 0 1 0 0 0 1 0 1 0 0 0 1 0 0 1 0 1 1 0 1 1 0 0 0 1 0 1 0 0 0 1 1 0 1 0
140	7	1 1 0 1 1 1 1 1 1 1 1 0 1 1 0 0 1 0 0 0 1 0 1 0 1 0 1 0 0 1 1 1 1 0 1 1 0 0 0 1 0 1 0 0 0 1 1 0 1 0
140	1	1 1 1 1 1 1 1 1 1 1 1 0 1 1 0 0 1 0 1 0 1 0 1 0 0 0 1 0 0 1 1 0 1 0 1 1 0 0 0 1 0 1 0 0 0 1 1 0 0 0
140	18	1 1 1 1 1 1 1 1 1 1 1 0 1 1 0 0 1 0 0 0 1 0 1 0 0 0 1 0 0 1 1 1 1 0 1 1 0 0 0 1 0 1 0 0 0 1 1 0 0 0
140	17	1 1 1 1 1 1 1 1 1 1 1 0 1 1 0 0 1 0 1 0 1 0 1 0 0 0 1 0 0 1 1 1 1 0 1 1 0 0 0 1 0 1 0 0 0 1 1 0 0 0
140	1	1 1 1 1 1 1 1 1 1 1 1 0 1 1 0 0 1 0 0 0 1 0 1 0 0 0 1 0 0 1 1 1 1 0 1 1 0 0 0 0 0 1 0 0 0 1 1 0 0 0
140	5	1 1 0 1 1 1 1 1 1 1 1 0 1 1 0 0 1 0 0 0 1 0 1 0 0 0 1 0 0 1 1 1 1 0 1 1 0 0 0 1 0 1 0 0 0 1 1 0 1 0
140	20	1 1 1 1 1 1 1 1 1 1 1 0 1 1 0 0 1 0 0 0 1 0 1 0 0 0 1 0 0 1 1 1 1 0 1 1 0 0 0 1 0 1 0 0 0 1 1 0 1 0
140	3	1 1 0 1 1 1 1 1 1 1 1 0 1 1 0 0 1 0 0 0 1 0 1 1 0 0 1 0 0 1 1 1 1 0 1 1 0 0 0 1 0 1 0 0 0 1 1 0 1 0
140	1	1 1 0 1 1 1 1 1 1 1 1 0 1 1 0 0 1 0 0 0 0 0 1 0 0 0 1 0 0 1 1 1 1 0 1 1 0 0 0 1 0 1 0 0 0 1 1 0 0 0
140	4	1 1 0 1 1 1 1 1 1 1 1 0 1 1 0 0 1 0 0 0 1 0 1 0 0 0 1 0 0 1 1 1 1 0 1 1 0 0 0 1 0 1 0 0 0 1 1 0 0 0
140	3	1 1 0 1 1 1 1 1 1 1 1 0 1 1 0 0 1 0 0 0 1 0 1 0 0 0 1 0 0 1 1 1 1 0 1 1 0 0 0 1 0 0 0 0 0 1 1 0 0 0
140	1	1 1 0 1 1 1 1 1 1 1 1 0 1 1 1 0 1 0 0 0 1 0 1 0 0 0 1 0 0 1 1 1 1 0 1 1 0 0 0 1 0 1 0 0 0 1 1 0 0 0
140	1	1 1 0 1 1 1 1 1 1 1 1 0 1 0 0 0 1 0 0 1 1 0 1 0 0 0 1 0 0 1 1 1 1 0 1 1 0 0 0 1 0 1 0 0 0 1 1 0 1 0
140	1	1 1 0 1 1 1 1 1 1 1 1 0 1 1 0 0 1 0 0 1 1 0 1 0 0 0 1 0 0 1 1 1 1 0 1 1 0 0 0 1 0 1 1 0 0 1 1 0 1 0
140	4	1 1 0 1 1 1 1 1 1 1 1 0 1 1 0 0 1 0 0 1 1 0 1 0 0 0 1 0 0 1 1 1 1 0 1 1 0 0 0 1 0 1 0 0 0 1 1 0 1 0
140	6	1 1 1 1 1 1 1 0 1 1 1 0 1 1 0 0 1 0 0 0 0 0 1 0 0 0 1 0 0 1 1 1 1 0 1 1 0 0 0 1 0 1 0 0 0 1 1 0 1 0
150	1	1 1 0 1 1 1 1 0 1 1 1 0 1 1 0 0 1 0 0 0 1 0 1 0 0 0 1 0 0 1 1 1 1 0 1 1 0 0 0 1 0 1 0 0 0 0 1 0 1 0
150	1	1 1 0 1 1 1 1 1 1 1 1 0 1 1 0 0 1 0 0 0 1 0 1 0 1 0 1 0 0 1 1 1 1 0 1 1 0 0 0 1 0 1 0 0 0 1 1 0 1 0
150	15	1 1 1 1 1 1 1 1 1 1 1 0 1 1 0 0 1 0 0 0 1 0 1 0 0 0 1 0 0 1 1 1 1 0 1 1 0 0 0 1 0 1 0 0 0 1 1 0 1 0
150	33	1 1 1 1 1 1 1 1 1 1 1 0 1 1 0 0 1 0 0 0 1 0 1 0 0 0 1 0 0 1 1 1 1 0 1 1 0 0 0 1 0 1 0 0 0 1 1 0 0 0
150	2	1 1 1 1 1 1 1 1 1 1 1 0 1 1 0 0 1 0 1 0 1 0 1 0 0 0 1 0 0 1 1 1 1 0 1 1 1 0 0 1 0 1 0 0 0 1 1 0 0 0
150	14	1 1 1 1 1 1 1 1 1 1 1 0 1 1 0 0 1 0 1 0 1 0 1 0 0 0 1 0 0 1 1 1 1 0 1 1 0 0 0 1 0 1 0 0 0 1 1 0 0 0
150	1	1 1 1 1 1 1 1 1 1 1 1 0 1 1 0 0 1 0 0 0 1 0 1 0 0 0 1 0 0 1 1 1 1 0 1 1 0 0 0 1 0 1 0 1 0 1 1 0 1 0
150	1	1 1 0 1 1 1 1 1 1 1 1 0 1 1 0 0 1 0 1 0 1 0 1 0 0 0 1 0 0 1 1 1 1 0 1 1 0 0 0 1 0 1 0 0 0 1 1 0 1 0
150	9	1 1 0 1 1 1 1 1 1 1 1 0 1 1 0 0 1 0 0 0 1 0 1 0 0 0 1 0 0 1 1 1 1 0 1 1 0 0 0 1 0 1 0 0 0 1 1 0 1 0
150	3	1 1 0 1 1 1 1 1 1 1 1 0 1 1 0 0 1 0 0 0 1 0 1 1 0 0 1 0 0 1 1 1 1 0 1 1 0 0 0 1 0 1 0 0 0 1 1 0 1 0
150	6	1 1 0 1 1 1 1 1 1 1 1 0 1 1 0 0 1 0 0 0 1 0 1 0 0 0 1 0 0 1 1 1 1 0 1 1 0 0 0 1 0 1 0 0 0 1 1 0 0 0
150	10	1 1 0 1 1 1 1 1 1 1 1 0 1 1 0 0 1 0 0 0 1 0 1 0 0 0 1 0 0 1 1 1 1 0 1 1 0 0 0 1 0 0 0 0 0 1 1 0 0 0
150	2	1 1 0 1 1 1 1 1 1 1 1 0 1 1 1 0 1 0 0 0 1 0 1 0 0 0 1 0 0 1 1 1 1 0 1 1 0 0 0 1 0 1 0 0 0 1 1 0 0 0
150	2	1 1 0 1 1 1 1 1 1 1 1 0 1 1 0 0 1 0 0 1 1 0 1 0 0 0 1 0 0 1 1 1 1 0 1 1 0 0 0 1 0 1 0 0 0 1 1 0 1 0
160	2	1 1 0 1 1 1 1 0 1 1 1 0 1 1 0 0 1 0 0 0 1 0 1 0 0 0 1 0 0 1 1 1 1 0 1 1 0 0 0 1 0 1 0 0 0 0 1 0 1 0
160	1	1 1 1 1 1 1 1 1 1 1 1 0 1 1 0 0 1 0 0 0 1 0 1 0 0 0 0 0 0 1 1 1 1 0 1 1 0 0 0 1 0 1 0 0 0 1 1 0 1 0
160	16	1 1 1 1 1 1 1 1 1 1 1 0 1 1 0 0 1 0 0 0 1 0 1 0 0 0 1 0 0 1 1 1 1 0 1 1 0 0 0 1 0 1 0 0 0 1 1 0 1 0
160	2	1 1 1 1 1 1 1 1 1 1 1 0 1 1 0 0 1 0 0 0 1 0 1 0 0 0 1 0 0 1 1 1 1 0 1 1 0 0 0 1 0 0 0 0 0 1 1 0 0 0
160	32	1 1 1 1 1 1 1 1 1 1 1 0 1 1 0 0 1 0 0 0 1 0 1 0 0 0 1 0 0 1 1 1 1 0 1 1 0 0 0 1 0 1 0 0 0 1 1 0 0 0
160	1	1 1 1 1 1 1 1 1 0 1 1 0 1 1 0 0 1 0 1 0 1 0 1 0 0 0 1 0 0 1 1 1 1 0 1 1 0 0 0 1 0 1 0 0 0 1 1 0 0 0
160	1	1 1 1 1 1 1 1 1 1 1 1 0 1 1 0 0 1 0 1 0 1 0 1 0 0 0 1 0 0 1 1 1 1 0 1 1 0 1 0 1 0 1 0 0 0 1 1 0 0 0
160	24	1 1 1 1 1 1 1 1 1 1 1 0 1 1 0 0 1 0 1 0 1 0 1 0 0 0 1 0 0 1 1 1 1 0 1 1 0 0 0 1 0 1 0 0 0 1 1 0 0 0
160	1	1 1 0 1 1 1 1 1 1 1 1 0 1 1 0 0 0 0 0 0 1 0 1 0 0 0 1 0 0 1 1 1 1 0 1 1 0 0 0 1 0 1 0 0 0 1 1 0 1 0
160	1	1 1 0 1 1 1 1 1 1 1 1 0 1 1 0 0 1 0 0 0 1 0 1 0 0 0 1 0 0 1 1 1 1 0 1 1 0 0 0 1 0 1 0 0 0 1 1 0 1 0
160	2	1 1 0 1 1 1 1 1 1 1 1 0 1 1 0 0 1 0 0 0 1 0 1 1 0 0 1 0 0 1 1 1 1 0 1 1 0 0 0 1 0 1 0 0 0 1 1 0 1 0
160	12	1 1 0 1 1 1 1 1 1 1 1 0 1 1 0 0 1 0 0 0 1 0 1 0 0 0 1 0 0 1 1 1 1 0 1 1 0 0 0 1 0 1 0 0 0 1 1 0 0 0
160	5	1 1 0 1 1 1 1 1 1 1 1 0 1 1 0 0 1 0 0 0 1 0 1 0 0 0 1 0 0 1 1 1 1 0 1 1 0 0 0 1 0 0 0 0 0 1 1 0 0 0
170	39	1 1 1 1 1 1 1 1 1 1 1 0 1 1 0 0 1 0 0 0 1 0 1 0 0 0 1 0 0 1 1 1 1 0 1 1 0 0 0 1 0 1 0 0 0 1 1 0 0 0
170	12	1 1 1 1 1 1 1 1 1 1 1 0 1 1 0 0 1 0 0 0 1 0 1 0 0 0 1 0 0 1 1 1 1 0 1 1 0 0 0 1 0 1 0 0 0 1 1 0 1 0
170	1	1 1 1 1 1 1 1 1 1 1 1 0 1 1 0 0 1 0 0 0 1 0 1 0 0 0 1 0 0 1 1 1 1 0 1 1 0 0 0 1 0 0 0 0 0 1 1 0 0 0
170	1	1 0 1 1 1 1 1 1 1 1 1 0 1 1 0 0 1 0 0 0 1 0 1 0 0 0 1 0 0 1 1 1 1 0 1 1 0 0 0 1 0 1 0 0 0 1 1 0 0 0
170	5	1 1 0 1 1 1 1 1 1 1 1 0 1 1 0 0 1 0 0 0 1 0 1 0 0 0 1 0 0 1 1 1 1 0 1 1 0 0 0 1 0 1 0 0 0 1 1 0 0 0
170	2	1 1 1 0 1 1 1 1 1 1 1 0 1 1 0 0 1 0 1 0 1 0 1 0 0 0 1 0 0 1 1 1 1 0 1 1 1 0 0 1 0 1 0 0 0 1 1 0 0 0
170	2	1 1 1 1 1 1 1 1 1 1 1 0 1 0 0 0 1 0 1 0 1 0 1 0 0 0 1 0 0 1 1 1 1 0 1 1 0 0 0 1 0 1 0 0 0 1 1 0 0 0
170	1	1 0 1 1 1 1 1 1 1 1 1 0 1 1 0 0 1 0 1 0 1 0 1 0 0 0 1 0 0 1 1 1 1 0 1 1 0 0 0 1 0 1 0 0 0 1 1 0 0 0
170	1	1 1 1 1 1 1 1 1 1 1 1 0 1 1 0 0 1 0 1 0 1 0 1 0 0 0 1 0 0 1 1 1 0 0 1 1 0 0 0 1 0 1 0 0 0 1 1 0 0 0
170	1	1 1 1 1 1 1 1 1 1 1 1 0 1 1 0 0 1 0 1 0 1 0 1 0 0 0 1 0 0 1 1 1 1 0 1 1 0 1 0 1 0 1 0 0 0 1 1 0 0 0
170	20	1 1 1 1 1 1 1 1 1 1 1 0 1 1 0 0 1 0 1 0 1 0 1 0 0 0 1 0 0 1 1 1 1 0 1 1 0 0 0 1 0 1 0 0 0 1 1 0 0 0
170	4	1 1 0 1 1 1 1 1 1 1 1 0 1 1 0 0 1 0 0 0 1 0 1 0 0 0 1 0 0 1 1 1 1 0 1 1 0 0 0 1 0 1 0 0 0 1 1 0 1 0
170	11	1 1 0 1 1 1 1 1 1 1 1 0 1 1 0 0 1 0 0 0 1 0 1 0 0 0 1 0 0 1 1 1 1 0 1 1 0 0 0 1 0 0 0 0 0 1 1 0 0 0
180	1	1 1 1 1 1 1 1 1 1 1 1 0 1 1 0 0 1 0 0 0 1 0 1 0 0 0 1 0 0 1 1 1 1 0 1 1 0 0 1 1 0 1 0 0 0 1 1 0 0 0
180	9	1 1 1 1 1 1 1 1 1 1 1 0 1 1 0 0 1 0 1 0 1 0 1 0 0 0 1 0 0 1 1 1 1 0 1 1 1 0 0 1 0 1 0 0 0 1 1 0 0 0
180	32	1 1 1 1 1 1 1 1 1 1 1 0 1 1 0 0 1 0 1 0 1 0 1 0 0 0 1 0 0 1 1 1 1 0 1 1 0 0 0 1 0 1 0 0 0 1 1 0 0 0
180	11	1 1 0 1 1 1 1 1 1 1 1 0 1 1 0 0 1 0 0 0 1 0 1 0 0 0 1 0 0 1 1 1 1 0 1 1 0 0 0 1 0 1 0 0 0 1 1 0 0 0
180	1	1 1 1 1 1 1 1 1 1 1 1 0 1 1 0 0 1 0 0 0 1 0 1 0 0 0 1 0 0 1 1 1 0 0 1 1 0 0 0 1 0 1 0 0 0 1 1 0 0 0
180	1	1 1 1 1 1 1 1 1 1 1 1 0 1 1 0 0 1 0 0 0 1 0 1 0 0 0 1 0 0 1 1 1 1 0 1 1 0 1 0 1 0 1 0 0 0 1 1 0 0 0
180	31	1 1 1 1 1 1 1 1 1 1 1 0 1 1 0 0 1 0 0 0 1 0 1 0 0 0 1 0 0 1 1 1 1 0 1 1 0 0 0 1 0 1 0 0 0 1 1 0 0 0
180	6	1 1 1 1 1 1 1 1 1 1 1 0 1 1 0 0 1 0 0 0 1 0 1 0 0 0 1 0 0 1 1 1 1 0 1 1 0 0 0 1 0 1 0 0 0 1 1 0 1 0
180	1	1 1 1 1 1 1 1 1 1 1 1 0 1 1 0 0 1 0 0 0 1 0 0 0 0 0 1 0 0 1 1 1 1 0 1 1 0 0 0 1 0 0 0 0 0 1 1 0 0 0
180	2	1 1 1 1 1 1 1 1 1 1 1 0 1 1 0 0 1 0 0 0 1 0 1 0 0 0 1 0 0 1 1 1 1 0 1 1 0 0 0 1 0 0 0 0 0 1 1 0 0 0
180	1	1 1 0 1 1 1 1 1 1 1 1 0 1 1 0 0 1 0 0 0 1 0 1 0 0 0 1 0 0 1 1 1 1 0 1 1 0 0 0 1 0 1 0 0 0 1 1 0 1 0
180	1	1 1 0 1 1 1 1 1 1 1 1 0 1 1 0 0 1 0 0 0 1 0 0 0 0 0 1 0 0 1 1 1 1 0 1 1 0 0 0 1 0 1 0 0 0 1 1 0 0 0
180	3	1 1 0 1 1 1 1 1 1 1 1 0 1 1 0 0 1 0 0 0 1 0 1 0 0 0 1 0 0 1 1 1 1 0 1 1 0 0 0 1 0 0 0 0 0 1 1 0 0 0
190	2	1 1 1 1 1 1 1 1 0 1 1 0 1 1 0 0 1 0 0 0 1 0 1 0 0 0 1 0 0 1 1 1 1 0 1 1 0 0 0 1 0 1 0 0 0 1 1 0 0 0
190	1	1 1 1 1 1 1 1 1 1 1 1 0 1 1 0 0 1 0 0 0 1 0 1 0 0 0 1 0 0 1 1 1 1 0 1 1 0 0 1 1 0 1 0 0 0 1 1 0 0 0
190	1	1 0 1 1 1 1 1 1 1 1 1 0 1 1 0 0 1 0 1 0 1 0 1 0 0 0 1 0 0 1 1 1 1 0 1 1 0 0 0 1 0 1 0 0 0 1 1 0 0 0
190	2	1 1 1 1 1 1 1 1 1 1 1 0 1 1 0 0 1 0 1 0 1 0 1 0 0 0 1 0 0 1 1 1 1 0 1 1 1 0 0 1 0 1 0 0 0 1 1 0 0 0
190	10	1 1 1 1 1 1 1 1 1 1 1 0 1 1 0 0 1 0 1 0 1 0 1 0 0 0 1 0 0 1 1 1 1 0 1 1 0 0 0 1 0 1 0 0 0 1 1 0 0 0
190	12	1 1 0 1 1 1 1 1 1 1 1 0 1 1 0 0 1 0 0 0 1 0 1 0 0 0 1 0 0 1 1 1 1 0 1 1 0 0 0 1 0 0 0 0 0 1 1 0 0 0
190	1	1 1 0 1 1 1 1 1 1 1 1 0 1 1 0 0 1 0 0 0 1 0 1 0 0 0 1 0 0 1 1 1 1 0 1 1 0 0 0 1 0 1 0 0 0 1 1 0 0 0
190	1	1 1 1 1 1 1 1 1 1 1 1 0 1 1 0 0 1 0 0 0 1 0 1 0 0 0 1 0 0 1 1 1 1 0 1 1 0 0 0 1 1 0 0 0 0 1 1 0 0 0
190	6	1 1 1 1 1 1 1 1 1 1 1 0 1 1 0 0 1 0 0 0 1 0 1 0 0 0 1 0 0 1 1 1 1 0 1 1 0 0 0 1 0 0 0 0 0 1 1 0 0 0
190	1	1 1 1 1 1 1 1 1 1 1 1 0 1 1 0 0 1 0 0 0 1 0 0 0 0 0 1 0 0 1 1 1 1 0 1 1 0 0 0 1 0 1 0 0 0 1 1 0 0 0
190	1	1 1 1 1 1 1 1 1 1 1 1 0 1 1 0 0 1 0 0 0 1 0 1 0 0 0 1 0 0 0 1 1 1 0 1 1 0 0 0 1 0 1 0 0 0 1 1 0 0 0
190	1	1 1 1 1 1 1 1 1 1 1 1 0 1 1 0 0 1 0 0 0 1 0 1 0 0 0 0 0 0 1 1 1 1 0 1 1 0 0 0 1 0 1 0 0 0 1 1 0 0 0
190	55	1 1 1 1 1 1 1 1 1 1 1 0 1 1 0 0 1 0 0 0 1 0 1 0 0 0 1 0 0 1 1 1 1 0 1 1 0 0 0 1 0 1 0 0 0 1 1 0 0 0
190	5	1 1 1 1 1 1 1 1 1 1 1 0 1 1 0 0 1 0 0 0 1 0 1 0 0 0 1 0 0 1 1 1 1 0 1 1 0 0 0 1 0 1 0 0 0 1 1 0 1 0
190	1	1 1 0 1 1 1 1 1 1 1 1 0 1 1 0 0 1 0 0 0 1 0 1 0 0 0 1 0 0 1 1 1 1 0 1 1 0 0 0 1 0 0 0 0 0 1 1 0 1 0
200	8	1 1 1 1 1 1 1 1 1 1 1 0 1 1 0 0 1 0 1 0 1 0 1 0 0 0 1 0 0 1 1 1 1 0 1 1 1 0 0 1 0 1 0 0 0 1 1 0 0 0
200	13	1 1 1 1 1 1 1 1 1 1 1 0 1 1 0 0 1 0 1 0 1 0 1 0 0 0 1 0 0 1 1 1 1 0 1 1 0 0 0 1 0 1 0 0 0 1 1 0 0 0
200	9	1 1 0 1 1 1 1 1 1 1 1 0 1 1 0 0 1 0 0 0 1 0 1 0 0 0 1 0 0 1 1 1 1 0 1 1 0 0 0 1 0 0 0 0 0 1 1 0 0 0
200	3	1 1 0 1 1 1 1 1 1 1 1 0 1 1 0 0 1 0 0 0 1 0 1 0 0 0 1 0 0 1 1 1 1 0 1 1 0 0 0 1 0 1 0 0 0 1 1 0 0 0
200	1	1 1 1 1 1 1 1 1 1 1 1 0 1 1 0 0 0 0 0 0 1 0 1 0 0 0 1 0 0 1 1 1 1 0 1 1 0 0 0 1 0 0 0 0 0 1 1 0 0 0
200	6	1 1 1 1 1 1 1 1 1 1 1 0 1 1 0 0 1 0 0 0 1 0 1 0 0 0 1 0 0 1 1 1 1 0 1 1 0 0 0 1 0 0 0 0 0 1 1 0 0 0
200	1	1 1 1 1 1 1 1 1 1 1 1 0 1 1 0 0 1 0 0 0 1 0 1 0 0 1 1 0 0 1 1 1 1 0 1 1 0 0 0 1 0 1 0 0 0 1 1 0 0 0
200	2	1 1 1 1 1 1 1 1 1 1 1 0 1 1 0 0 1 0 0 0 1 0 1 0 0 0 1 0 0 1 1 1 1 0 1 1 0 0 0 1 0 1 1 0 0 1 1 0 0 0
200	53	1 1 1 1 1 1 1 1 1 1 1 0 1 1 0 0 1 0 0 0 1 0 1 0 0 0 1 0 0 1 1 1 1 0 1 1 0 0 0 1 0 1 0 0 0 1 1 0 0 0
200	2	1 1 1 1 1 1 1 1 1 1 1 0 1 1 0 0 1 0 0 0 1 0 1 0 0 0 1 0 0 1 1 1 1 0 1 1 0 0 0 1 0 1 0 0 0 1 1 0 1 0
200	2	1 1 0 1 1 1 1 1 1 1 1 0 1 1 0 0 1 0 0 0 1 0 1 0 0 0 1 0 0 1 1 1 1 0 1 1 0 0 0 1 0 0 0 0 0 1 1 0 1 0
210	3	1 1 1 1 1 1 1 1 0 1 1 0 1 1 0 0 1 0 0 0 1 0 1 0 0 0 1 0 0 1 1 1 1 0 1 1 0 0 0 1 0 1 0 0 0 1 1 0 0 0
210	6	1 1 1 1 1 1 1 1 1 1 1 0 1 1 0 0 1 0 1 0 1 0 1 0 0 0 1 0 0 1 1 1 1 0 1 1 1 0 0 1 0 1 0 0 0 1 1 0 0 0
210	2	1 1 1 1 1 1 1 1 1 1 1 0 1 1 0 0 1 0 1 0 1 0 1 0 1 0 1 0 0 1 1 1 1 0 1 1 0 0 0 1 0 1 0 0 1 1 1 0 0 0
210	2	1 1 1 1 1 1 1 1 1 1 1 0 1 1 0 0 1 1 1 0 1 0 1 0 0 0 1 0 0 1 1 1 1 0 1 1 0 0 0 1 0 1 0 0 0 1 1 0 0 0
210	1	1 1 1 1 0 1 1 1 1 1 1 0 1 1 0 0 1 0 1 0 1 0 1 0 0 0 1 0 0 1 1 1 1 0 1 1 0 0 0 1 0 1 0 0 0 1 1 0 0 0
210	11	1 1 1 1 1 1 1 1 1 1 1 0 1 1 0 0 1 0 1 0 1 0 1 0 0 0 1 0 0 1 1 1 1 0 1 1 0 0 0 1 0 1 0 0 0 1 1 0 0 0
210	17	1 1 0 1 1 1 1 1 1 1 1 0 1 1 0 0 1 0 0 0 1 0 1 0 0 0 1 0 0 1 1 1 1 0 1 1 0 0 0 1 0 0 0 0 0 1 1 0 0 0
210	1	1 1 1 0 1 1 1 1 1 1 1 0 1 1 0 0 1 0 0 0 1 0 1 0 0 0 1 0 0 1 1 1 1 0 1 1 0 0 0 1 0 0 0 0 0 1 1 0 0 0
210	14	1 1 1 1 1 1 1 1 1 1 1 0 1 1 0 0 1 0 0 0 1 0 1 0 0 0 1 0 0 1 1 1 1 0 1 1 0 0 0 1 0 0 0 0 0 1 1 0 0 0
210	1	1 1 1 1 1 1 1 1 1 1 1 0 1 1 0 0 1 0 0 0 1 0 1 0 0 0 0 0 0 1 1 1 1 0 1 1 0 0 0 1 0 1 0 0 0 1 1 0 0 0
210	1	1 1 1 1 1 1 1 0 1 1 1 0 1 1 0 0 1 0 0 0 1 0 1 0 0 0 1 0 0 1 1 1 1 0 1 1 0 0 0 1 0 1 0 0 0 1 1 0 0 0
210	37	1 1 1 1 1 1 1 1 1 1 1 0 1 1 0 0 1 0 0 0 1 0 1 0 0 0 1 0 0 1 1 1 1 0 1 1 0 0 0 1 0 1 0 0 0 1 1 0 0 0
210	2	1 1 1 1 1 1 1 1 1 1 1 0 1 1 0 0 1 0 0 0 1 0 0 0 0 0 1 0 0 1 1 1 1 0 1 1 0 0 0 1 0 1 0 0 0 1 1 0 0 0
210	1	1 1 1 1 1 1 1 1 1 1 1 0 1 1 0 0 1 0 0 0 1 0 1 0 0 0 1 0 0 1 1 1 1 0 1 1 0 0 0 1 0 1 0 0 0 1 1 0 1 0
210	1	1 1 0 1 1 1 1 1 1 1 1 0 1 1 0 0 1 0 0 0 1 0 1 0 0 0 0 0 0 1 1 1 1 0 1 1 0 0 0 1 0 0 0 0 0 1 1 0 1 0
220	7	1 1 1 1 1 1 1 1 0 1 1 0 1 1 0 0 1 0 0 0 1 0 1 0 0 0 1 0 0 1 1 1 1 0 1 1 0 0 0 1 0 1 0 0 0 1 1 0 0 0
220	2	1 1 1 1 1 1 1 1 1 1 1 0 1 1 0 0 1 0 0 0 1 0 1 0 0 0 1 0 0 1 1 1 1 0 1 1 0 0 1 1 0 1 0 0 0 1 1 0 0 0
220	2	1 1 1 1 1 1 1 1 1 1 0 0 1 1 0 0 1 0 1 0 1 0 1 0 0 0 1 0 0 1 1 1 1 0 1 1 1 0 0 1 0 1 0 0 0 1 1 0 0 0
220	9	1 1 1 1 1 1 1 1 1 1 1 0 1 1 0 0 1 0 1 0 1 0 1 0 0 0 1 0 0 1 1 1 1 0 1 1 1 0 0 1 0 1 0 0 0 1 1 0 0 0
220	5	1 1 1 1 1 1 1 1 1 1 1 0 1 1 0 0 1 1 1 0 1 0 1 0 0 0 1 0 0 1 1 1 1 0 1 1 0 0 0 1 0 1 0 0 0 1 1 0 0 0
220	2	1 1 1 1 1 1 1 1 1 1 1 0 1 1 0 0 1 0 1 0 1 0 1 0 0 0 1 0 0 1 1 1 1 0 1 1 0 0 0 1 0 1 0 0 0 1 1 0 0 0
220	1	1 1 0 1 1 1 1 1 1 1 1 0 1 1 0 0 1 0 0 0 1 0 1 0 0 0 1 0 0 1 1 1 1 0 1 1 0 0 0 1 0 0 0 1 0 1 1 0 0 0
220	1	1 0 0 1 1 1 1 1 1 1 1 0 1 1 0 0 1 0 0 0 1 0 1 0 0 0 1 0 0 1 1 1 1 0 1 1 0 0 0 1 0 0 0 0 0 1 1 0 0 0
220	1	1 1 0 1 1 1 1 1 1 1 1 0 1 1 0 0 1 0 0 0 1 0 1 1 0 0 1 0 0 1 1 1 1 0 1 1 0 0 0 1 0 0 0 0 0 1 1 0 0 0
220	11	1 1 0 1 1 1 1 1 1 1 1 0 1 1 0 0 1 0 0 0 1 0 1 0 0 0 1 0 0 1 1 1 1 0 1 1 0 0 0 1 0 0 0 0 0 1 1 0 0 0
220	1	1 1 1 1 1 1 1 1 1 1 1 0 1 1 0 0 0 0 0 0 1 0 1 0 0 0 1 0 0 1 1 1 1 0 1 1 0 0 0 1 0 0 0 0 0 1 1 0 0 0
220	1	1 1 1 1 1 1 1 1 1 1 1 0 1 1 0 0 1 0 0 0 1 1 1 0 0 0 1 0 0 1 1 1 1 0 1 1 0 0 0 1 0 0 0 0 0 1 1 0 0 0
220	1	1 1 1 1 1 1 1 1 1 1 1 0 1 1 0 0 1 0 0 0 1 0 1 0 0 0 1 0 0 1 1 1 1 0 1 1 0 0 0 1 0 0 0 0 1 1 1 0 0 0
220	15	1 1 1 1 1 1 1 1 1 1 1 0 1 1 0 0 1 0 0 0 1 0 1 0 0 0 1 0 0 1 1 1 1 0 1 1 0 0 0 1 0 0 0 0 0 1 1 0 0 0
220	1	1 1 1 1 1 1 1 1 1 1 1 0 1 1 0 1 1 0 0 0 1 0 1 0 0 0 1 0 0 1 1 1 1 0 1 1 0 0 0 1 0 1 0 0 0 1 1 0 0 0
220	2	1 1 1 1 1 1 1 1 1 1 1 0 1 1 0 0 1 0 0 0 1 0 1 0 0 0 1 0 0 1 1 1 1 0 1 1 1 0 0 1 0 1 0 0 0 1 1 0 0 0
220	1	1 1 1 1 1 1 1 1 1 1 1 0 1 1 0 0 1 0 0 0 1 0 0 0 0 0 1 0 0 1 1 1 1 0 1 1 0 0 0 1 0 1 0 0 0 1 1 0 0 0
220	34	1 1 1 1 1 1 1 1 1 1 1 0 1 1 0 0 1 0 0 0 1 0 1 0 0 0 1 0 0 1 1 1 1 0 1 1 0 0 0 1 0 1 0 0 0 1 1 0 0 0
220	1	1 1 1 1 1 1 1 1 1 1 1 0 1 1 0 0 1 0 0 0 0 0 1 0 0 0 1 0 0 1 1 1 1 0 1 1 0 0 0 1 0 1 0 0 0 1 1 0 0 0
220	2	1 1 0 1 1 1 1 1 1 1 1 0 1 1 0 0 1 0 0 0 1 0 1 0 0 0 0 0 0 1 1 1 1 0 1 1 0 0 0 1 0 0 0 0 0 1 1 0 0 0
230	6	1 1 1 1 1 1 1 1 1 1 1 0 1 1 0 0 1 0 1 0 1 0 1 0 0 0 1 0 0 1 1 1 1 0 1 1 1 0 0 1 0 1 0 0 0 1 1 0 0 0
230	3	1 1 1 1 1 1 1 1 1 1 1 0 1 1 0 0 1 1 1 0 1 0 1 0 0 0 1 0 0 1 1 1 1 0 1 1 0 0 0 1 0 1 0 0 0 1 1 0 0 0
230	2	1 1 1 1 1 1 1 0 1 1 1 0 1 1 0 0 1 0 1 0 1 0 1 0 0 0 1 0 0 1 1 1 1 0 1 1 0 0 0 1 0 1 0 0 0 1 1 0 0 0
230	11	1 1 1 1 1 1 1 1 1 1 1 0 1 1 0 0 1 0 1 0 1 0 1 0 0 0 1 0 0 1 1 1 1 0 1 1 0 0 0 1 0 1 0 0 0 1 1 0 0 0
230	1	1 1 0 1 1 1 1 1 1 1 1 0 1 1 0 0 1 0 0 0 1 0 1 0 0 0 0 0 0 1 1 1 1 0 1 1 0 0 0 1 0 0 0 0 0 1 1 0 0 0
230	5	1 1 0 1 1 1 1 1 1 1 1 0 1 1 0 0 1 0 0 0 1 0 1 0 0 0 1 0 0 1 1 1 1 0 1 1 0 0 0 1 0 0 0 0 0 1 1 0 0 0
230	4	1 1 1 1 1 1 1 1 1 1 1 0 1 1 0 0 0 0 0 0 1 0 1 0 0 0 1 0 0 1 1 1 1 0 1 1 0 0 0 1 0 0 0 0 0 1 1 0 0 0
230	1	1 1 1 1 1 1 1 1 1 1 1 0 1 1 0 0 1 0 0 0 1 1 1 0 0 0 1 0 0 1 1 1 1 0 1 1 0 0 0 1 0 0 0 0 0 1 1 0 0 0
230	1	1 1 1 1 1 1 1 1 1 1 1 0 1 1 0 0 1 0 0 0 0 0 1 0 0 0 1 0 0 1 1 1 1 0 1 1 0 0 0 1 0 1 0 0 0 1 1 0 0 0
230	32	1 1 1 1 1 1 1 1 1 1 1 0 1 1 0 0 1 0 0 0 1 0 1 0 0 0 1 0 0 1 1 1 1 0 1 1 0 0 0 1 0 1 0 0 0 1 1 0 0 0
230	30	1 1 1 1 1 1 1 1 1 1 1 0 1 1 0 0 1 0 0 0 1 0 1 0 0 0 1 0 0 1 1 1 1 0 1 1 0 0 0 1 0 0 0 0 0 1 1 0 0 0
230	3	1 1 1 1 1 1 1 1 1 1 1 0 1 1 0 0 1 0 0 0 1 0 1 0 0 0 1 0 0 1 1 1 1 0 1 1 1 0 0 1 0 1 0 0 0 1 1 0 0 0
230	1	1 1 1 1 1 1 1 1 1 0 1 0 1 1 0 0 1 0 0 0 1 0 1 0 0 0 1 0 0 1 1 1 1 0 1 1 0 0 0 1 0 1 0 0 0 1 1 0 0 0
240	4	1 1 1 1 1 1 1 1 1 1 1 0 1 1 0 0 1 0 1 0 1 0 1 0 0 0 1 0 0 1 1 1 1 0 1 1 1 0 0 1 0 1 0 0 0 1 1 0 0 0
240	3	1 1 1 1 1 1 1 1 1 1 1 0 1 1 0 0 1 1 1 0 1 0 1 0 0 0 1 0 0 1 1 1 1 0 1 1 0 0 0 1 0 1 0 0 0 1 1 0 0 0
240	1	1 1 1 1 1 1 1 1 1 1 1 0 1 1 0 0 1 0 1 1 1 0 1 0 0 0 1 0 0 1 1 1 1 0 1 1 0 0 0 1 0 1 0 0 0 1 1 0 0 0
240	4	1 1 1 1 1 1 1 1 1 1 1 0 1 1 0 0 1 0 1 0 1 0 1 0 0 0 1 0 0 1 1 1 1 0 1 1 0 0 0 1 0 1 0 0 0 1 1 0 0 0
240	1	1 1 0 1 1 1 1 1 1 1 1 1 1 1 0 0 1 0 0 0 1 0 1 0 0 0 1 0 0 1 1 1 1 0 1 1 0 0 0 1 0 0 0 0 0 1 1 0 0 0
240	2	1 1 0 1 1 1 1 1 1 1 1 0 1 1 0 0 1 0 0 0 1 0 1 0 0 0 1 0 0 1 1 1 1 0 1 1 0 0 0 1 0 0 0 0 0 1 1 0 0 0
240	2	1 1 1 1 1 1 1 1 1 1 1 0 1 1 0 0 0 0 0 0 1 0 1 0 0 0 1 0 0 1 1 1 1 0 1 1 0 0 0 1 0 0 0 0 0 1 1 0 0 0
240	1	1 1 1 1 1 1 1 1 1 1 1 0 1 1 0 0 1 0 0 0 1 1 1 0 0 0 1 0 0 1 1 1 1 0 1 1 0 0 0 1 0 0 0 0 0 1 1 0 0 0
240	1	1 1 1 1 1 1 1 1 1 1 1 0 1 1 0 0 1 0 0 0 1 0 1 0 0 0 1 0 0 1 1 1 1 0 1 1 0 0 0 1 0 0 0 0 1 1 1 0 0 0
240	1	1 1 1 1 1 1 1 1 1 1 1 0 1 1 0 0 1 0 0 0 1 0 1 0 0 0 1 0 0 1 1 1 1 0 1 0 0 0 0 1 0 1 0 0 0 1 1 0 0 0
240	32	1 1 1 1 1 1 1 1 1 1 1 0 1 1 0 0 1 0 0 0 1 0 1 0 0 0 1 0 0 1 1 1 1 0 1 1 0 0 0 1 0 1 0 0 0 1 1 0 0 0
240	1	1 1 1 1 1 1 1 1 1 1 0 0 1 1 0 0 1 0 0 0 1 0 1 0 0 0 1 0 0 1 1 1 1 0 1 1 0 0 0 1 0 0 0 0 0 1 1 0 0 0
240	46	1 1 1 1 1 1 1 1 1 1 1 0 1 1 0 0 1 0 0 0 1 0 1 0 0 0 1 0 0 1 1 1 1 0 1 1 0 0 0 1 0 0 0 0 0 1 1 0 0 0
240	1	1 1 1 1 1 1 1 1 1 1 1 0 1 1 0 0 1 0 0 0 1 0 1 0 0 0 1 0 0 1 1 1 1 0 1 1 1 0 0 1 0 1 0 0 0 1 1 0 0 0
250	4	1 1 1 1 1 1 1 1 1 1 1 0 1 1 0 0 1 1 1 0 1 0 1 0 0 0 1 0 0 1 1 1 1 0 1 1 0 0 0 1 0 1 0 0 0 1 1 0 0 0
250	4	1 1 1 1 1 1 1 1 1 1 1 0 1 1 0 0 1 0 1 0 1 0 1 0 0 0 1 0 0 1 1 1 1 0 1 1 0 0 0 1 0 1 0 0 0 1 1 0 0 0
250	4	1 1 0 1 1 1 1 1 1 1 1 0 1 1 0 0 1 0 0 0 1 0 1 0 0 0 1 0 0 1 1 1 1 0 1 1 0 0 0 1 0 0 0 0 0 1 1 0 0 0
250	1	1 1 1 1 1 1 1 1 1 1 1 0 1 1 0 0 0 0 0 0 1 0 1 0 0 0 1 0 0 1 1 1 1 0 1 1 0 0 0 1 0 0 0 0 1 1 0 0 0 0
250	3	1 1 1 1 1 1 1 1 1 1 1 0 1 1 0 0 0 0 0 0 1 0 1 0 0 0 1 0 0 1 1 1 1 0 1 1 0 0 0 1 0 0 0 0 0 1 1 0 0 0
250	19	1 1 1 1 1 1 1 1 1 1 1 0 1 1 0 0 1 0 0 0 1 0 1 0 0 0 1 0 0 1 1 1 1 0 1 1 0 0 0 1 0 1 0 0 0 1 1 0 0 0
250	2	1 1 1 1 1 1 1 1 1 1 0 0 1 1 0 0 1 0 0 0 1 0 1 0 0 0 1 0 0 1 1 1 1 0 1 1 0 0 0 1 0 0 0 0 0 1 1 0 0 0
250	1	1 1 1 1 1 1 1 1 1 1 1 0 1 1 0 0 1 0 0 0 1 0 1 0 0 0 1 0 0 1 1 1 0 0 1 1 0 0 0 1 0 0 0 0 0 1 1 0 0 0
250	62	1 1 1 1 1 1 1 1 1 1 1 0 1 1 0 0 1 0 0 0 1 0 1 0 0 0 1 0 0 1 1 1 1 0 1 1 0 0 0 1 0 0 0 0 0 1 1 0 0 0
260	3	1 1 1 1 1 1 1 1 1 1 1 0 1 1 0 0 1 0 1 0 1 0 1 0 0 0 1 0 0 1 1 1 1 0 1 1 1 0 0 1 0 1 0 0 0 1 1 0 0 0
260	1	1 1 1 1 1 1 1 1 1 1 1 0 1 1 0 0 1 0 1 0 1 0 1 0 0 0 1 1 0 1 1 1 1 0 1 1 0 0 0 1 0 1 0 0 0 1 1 0 0 0
260	5	1 1 1 1 1 1 1 1 1 1 1 0 1 1 0 0 1 0 1 0 1 0 1 0 0 0 1 0 0 1 1 1 1 0 1 1 0 0 0 1 0 1 0 0 0 1 1 0 0 0
260	2	1 1 0 1 1 1 1 1 1 1 1 0 1 1 0 0 1 0 0 1 1 0 1 0 0 0 1 0 0 1 1 1 1 0 1 1 0 0 0 1 0 0 0 0 0 1 1 0 0 0
260	2	1 1 0 1 1 1 1 1 1 1 1 0 1 1 0 0 1 0 0 0 1 0 1 0 0 0 1 0 0 1 1 1 1 0 1 1 0 0 0 1 0 0 0 0 0 1 1 0 0 0
260	1	1 1 1 1 1 1 1 1 1 1 1 0 1 1 0 0 0 0 0 0 1 0 1 0 0 0 1 0 0 1 1 1 1 0 1 1 0 0 0 1 0 0 0 0 0 1 0 0 0 0
260	1	1 1 1 1 1 1 1 1 1 1 0 0 1 1 0 0 0 0 0 0 1 0 1 0 0 0 1 0 0 1 1 1 1 0 1 1 0 0 0 1 0 0 0 0 0 1 1 0 0 0
260	2	1 1 1 1 1 1 1 1 1 1 1 0 1 1 0 0 0 0 0 0 1 0 1 0 0 0 1 0 0 1 1 1 1 0 1 1 0 0 0 1 0 0 0 0 0 1 1 0 0 0
260	1	1 1 1 1 1 1 1 1 1 1 1 0 1 1 0 0 1 1 0 0 1 0 1 0 0 0 1 0 0 1 1 1 1 0 1 1 0 0 0 1 0 1 0 0 0 1 1 0 0 0
260	1	1 1 1 1 1 1 1 1 1 1 1 0 1 1 0 0 1 0 0 0 1 0 1 0 1 0 1 0 0 1 1 1 1 0 1 1 0 0 0 1 0 1 0 0 0 1 1 0 0 0
260	1	1 1 1 1 1 1 1 1 1 1 1 0 1 1 0 0 1 0 0 0 1 0 1 0 0 0 1 0 0 1 1 1 0 0 1 1 0 0 0 1 0 0 0 0 0 1 1 0 0 0
260	20	1 1 1 1 1 1 1 1 1 1 1 0 1 1 0 0 1 0 0 0 1 0 1 0 0 0 1 0 0 1 1 1 1 0 1 1 0 0 0 1 0 1 0 0 0 1 1 0 0 0
260	54	1 1 1 1 1 1 1 1 1 1 1 0 1 1 0 0 1 0 0 0 1 0 1 0 0 0 1 0 0 1 1 1 1 0 1 1 0 0 0 1 0 0 0 0 0 1 1 0 0 0
260	6	1 1 1 1 1 1 1 1 1 1 0 0 1 1 0 0 1 0 0 0 1 0 1 0 0 0 1 0 0 1 1 1 1 0 1 1 0 0 0 1 0 0 0 0 0 1 1 0 0 0
270	1	1 1 1 1 1 1 1 1 1 1 1 0 1 1 0 0 1 1 1 0 1 0 1 0 0 0 1 0 0 1 1 1 1 0 1 1 0 0 0 1 0 1 0 0 0 1 1 0 0 0
270	2	1 1 1 1 1 1 1 1 1 1 1 0 1 1 0 0 1 0 1 0 1 0 1 0 0 0 1 0 0 1 1 1 1 0 1 1 0 0 0 1 0 1 1 0 0 1 1 0 0 0
270	4	1 1 0 1 1 1 1 1 1 1 1 0 1 1 0 0 1 0 0 0 1 0 1 0 0 0 1 0 0 1 1 1 1 0 1 1 0 0 0 1 0 0 0 0 0 1 1 0 0 0
270	2	1 1 1 1 1 1 1 1 1 1 1 0 1 1 0 0 0 0 0 0 1 0 1 0 0 0 1 0 0 1 1 1 1 0 1 1 0 0 0 1 0 0 0 0 0 1 0 0 0 0
270	2	1 1 1 1 1 1 1 1 1 1 0 0 1 1 0 0 0 0 0 0 1 0 1 0 0 0 1 0 0 1 1 1 1 0 1 1 0 0 0 1 0 0 0 0 0 1 1 0 0 0
270	8	1 1 1 1 1 1 1 1 1 1 1 0 1 1 0 0 0 0 0 0 1 0 1 0 0 0 1 0 0 1 1 1 1 0 1 1 0 0 0 1 0 0 0 0 0 1 1 0 0 0
270	2	1 1 1 1 1 1 1 1 1 1 1 0 1 1 0 0 1 0 0 0 1 0 1 0 0 0 1 0 0 1 1 1 1 0 1 1 0 0 0 0 0 1 0 0 0 1 1 0 0 0
270	6	1 1 1 1 1 1 1 1 1 1 1 0 1 1 0 0 1 0 0 0 1 0 1 0 0 0 1 0 0 1 1 1 1 0 1 1 0 0 0 1 0 1 0 0 0 1 1 0 0 0
270	2	1 1 1 1 1 1 1 1 1 1 1 0 1 1 1 0 1 0 0 0 1 0 1 0 0 0 1 0 0 1 1 1 1 0 1 1 0 0 0 1 0 0 0 0 0 1 1 0 0 0
270	1	1 1 1 1 1 1 1 1 1 1 1 0 1 1 0 0 1 0 0 0 1 0 1 0 1 0 1 0 0 1 1 1 1 0 1 1 0 0 0 1 0 0 0 0 0 1 1 0 0 0
270	1	1 1 1 1 1 1 1 1 1 1 1 0 1 1 0 0 1 0 0 0 1 0 1 0 0 0 1 0 0 1 1 1 1 0 1 1 1 0 0 1 0 0 0 0 0 1 1 0 0 0
270	4	1 1 1 1 1 1 1 1 1 1 0 0 1 1 0 0 1 0 0 0 1 0 1 0 0 0 1 0 0 1 1 1 1 0 1 1 0 0 0 1 0 0 0 0 0 1 1 0 0 0
270	61	1 1 1 1 1 1 1 1 1 1 1 0 1 1 0 0 1 0 0 0 1 0 1 0 0 0 1 0 0 1 1 1 1 0 1 1 0 0 0 1 0 0 0 0 0 1 1 0 0 0
270	4	1 1 1 1 1 1 1 1 1 1 1 0 1 1 0 0 1 0 0 0 1 0 1 0 0 0 1 0 0 1 1 1 1 0 1 1 0 0 0 1 0 0 0 0 0 1 0 0 0 0
280	2	1 1 1 1 1 1 1 1 1 1 0 0 1 1 0 0 0 0 0 0 1 0 1 0 0 0 1 0 0 1 1 1 1 0 1 1 0 0 0 1 0 0 0 0 0 1 1 0 0 0
280	1	1 1 1 1 1 1 1 1 1 1 1 0 1 1 0 0 0 0 0 0 1 0 0 0 0 0 1 0 0 1 1 1 1 0 1 1 0 0 0 1 0 0 0 0 0 1 1 0 0 0
280	5	1 1 1 1 1 1 1 1 1 1 1 0 1 1 0 0 0 0 0 0 1 0 1 0 0 0 1 0 0 1 1 1 1 0 1 1 0 0 0 1 0 0 0 0 0 1 1 0 0 0
280	5	1 1 1 1 1 1 1 1 1 1 1 0 1 1 0 0 1 1 0 0 1 0 1 0 0 0 1 0 0 1 1 1 1 0 1 1 0 0 0 1 0 1 0 0 0 1 1 0 0 0
280	7	1 1 1 1 1 1 1 1 1 1 1 0 1 1 0 0 1 0 0 0 1 0 1 0 0 0 1 0 0 1 1 1 1 0 1 1 0 0 0 1 0 1 0 0 0 1 1 0 0 0
280	5	1 1 1 1 1 1 1 1 1 1 1 0 1 1 1 0 1 0 0 0 1 0 1 0 0 0 1 0 0 1 1 1 1 0 1 1 0 0 0 1 0 0 0 0 0 1 1 0 0 0
280	7	1 1 1 1 1 1 1 1 1 1 0 0 1 1 0 0 1 0 0 0 1 0 1 0 0 0 1 0 0 1 1 1 1 0 1 1 0 0 0 1 0 0 0 0 0 1 1 0 0 0
280	1	1 1 1 1 1 1 1 1 1 1 1 0 1 1 0 0 1 0 0 0 1 0 1 0 0 0 1 0 0 0 1 1 1 0 1 1 0 0 0 1 0 0 0 0 0 1 1 0 0 0
280	1	1 1 1 1 1 1 1 1 1 1 1 0 1 1 0 0 1 0 0 0 1 0 1 0 0 0 1 0 0 1 1 1 1 0 1 1 0 0 0 0 0 0 0 0 0 1 1 0 0 0
280	62	1 1 1 1 1 1 1 1 1 1 1 0 1 1 0 0 1 0 0 0 1 0 1 0 0 0 1 0 0 1 1 1 1 0 1 1 0 0 0 1 0 0 0 0 0 1 1 0 0 0
280	4	1 1 1 1 1 1 1 1 1 1 1 0 1 1 0 0 1 0 0 0 1 0 1 0 0 0 1 0 0 1 1 1 1 0 1 1 0 0 0 1 0 0 0 0 0 1 0 0 0 0
290	2	1 1 1 1 1 1 1 1 1 1 1 0 1 1 0 0 0 0 0 0 1 0 1 0 0 0 1 0 0 1 1 1 1 0 1 1 0 0 0 1 0 0 0 0 0 1 1 0 0 0
290	2	1 1 1 1 1 1 1 1 1 1 1 0 1 1 0 0 1 1 0 0 1 0 1 0 0 0 1 0 0 1 1 1 1 0 1 1 0 0 0 1 0 1 0 0 0 1 1 0 0 0
290	2	1 1 1 1 1 1 1 1 1 1 1 0 1 1 0 0 1 0 0 0 1 0 1 0 0 0 1 0 0 1 1 1 1 0 1 1 0 0 0 0 0 1 0 0 0 1 1 0 0 0
290	5	1 1 1 1 1 1 1 1 1 1 1 0 1 1 0 0 1 0 0 0 1 0 1 0 0 0 1 0 0 1 1 1 1 0 1 1 0 0 0 1 0 1 0 0 0 1 1 0 0 0
290	9	1 1 1 1 1 1 1 1 1 1 1 0 1 1 1 0 1 0 0 0 1 0 1 0 0 0 1 0 0 1 1 1 1 0 1 1 0 0 0 1 0 0 0 0 0 1 1 0 0 0
290	1	1 1 1 1 1 1 1 1 1 1 0 0 1 1 0 0 1 0 0 0 1 0 1 0 0 0 1 0 0 1 1 1 0 0 1 1 0 0 0 1 0 0 0 0 0 1 1 0 0 0
290	6	1 1 1 1 1 1 1 1 1 1 0 0 1 1 0 0 1 0 0 0 1 0 1 0 0 0 1 0 0 1 1 1 1 0 1 1 0 0 0 1 0 0 0 0 0 1 1 0 0 0
290	1	1 1 1 1 1 1 1 1 1 1 1 0 1 1 0 0 1 0 0 0 1 0 1 0 0 0 1 0 0 0 1 1 1 0 1 1 0 0 0 1 0 0 0 0 0 1 1 0 0 0
290	4	1 1 1 1 1 1 1 1 1 1 1 0 1 1 0 0 1 0 0 0 1 0 1 0 0 0 1 0 0 1 1 1 1 0 1 1 0 0 0 0 0 0 0 0 0 1 1 0 0 0
290	60	1 1 1 1 1 1 1 1 1 1 1 0 1 1 0 0 1 0 0 0 1 0 1 0 0 0 1 0 0 1 1 1 1 0 1 1 0 0 0 1 0 0 0 0 0 1 1 0 0 0
290	8	1 1 1 1 1 1 1 1 1 1 1 0 1 1 0 0 1 0 0 0 1 0 1 0 0 0 1 0 0 1 1 1 1 0 1 1 0 0 0 1 0 0 0 0 0 1 0 0 0 0
300	6	1 1 1 1 1 1 1 1 1 1 1 0 1 1 0 0 0 0 0 0 1 0 1 0 0 0 1 0 0 1 1 1 1 0 1 1 0 0 0 1 0 0 0 0 0 1 1 0 0 0
300	1	1 1 1 1 1 1 1 1 1 1 1 0 1 1 0 0 1 0 0 0 1 0 1 0 0 0 1 0 0 0 1 1 1 0 1 1 0 0 0 1 0 1 0 0 0 1 1 0 0 0
300	4	1 1 1 1 1 1 1 1 1 1 1 0 1 1 0 0 1 0 0 0 1 0 1 0 0 0 1 0 0 1 1 1 1 0 1 1 0 0 0 1 0 1 0 0 0 1 1 0 0 0
300	6	1 1 1 1 1 1 1 1 1 1 1 0 1 1 1 0 1 0 0 0 1 0 1 0 0 0 1 0 0 1 1 1 1 0 1 1 0 0 0 1 0 0 0 0 0 1 1 0 0 0
300	1	1 1 1 1 1 1 1 1 1 1 0 0 1 1 0 0 1 0 0 0 1 0 1 0 0 0 1 0 0 1 1 1 0 0 1 1 0 0 0 1 0 0 0 0 0 1 1 0 0 0
300	4	1 1 1 1 1 1 1 1 1 1 0 0 1 1 0 0 1 0 0 0 1 0 1 0 0 0 1 0 0 1 1 1 1 0 1 1 0 0 0 1 0 0 0 0 0 1 1 0 0 0
300	1	1 1 1 1 1 1 1 1 1 1 1 0 1 1 0 0 1 0 0 0 1 0 1 0 0 0 1 0 0 0 1 1 1 0 1 1 0 0 0 1 0 0 0 0 0 1 1 0 0 0
300	3	1 1 1 1 1 1 1 1 1 1 1 0 1 1 0 0 1 0 0 0 1 0 1 0 0 0 1 0 0 1 1 1 1 0 1 1 0 0 0 0 0 0 0 0 0 1 1 0 0 0
300	1	1 1 1 1 1 1 1 1 1 1 1 0 1 1 0 0 1 0 0 0 1 0 1 0 0 1 1 0 0 1 1 1 1 0 1 1 0 0 0 1 0 0 0 0 0 1 1 0 0 0
300	3	1 1 1 1 1 1 1 1 1 1 1 0 1 1 0 0 1 0 0 0 1 0 1 0 0 0 1 0 0 1 1 1 1 0 1 1 0 0 0 1 0 0 0 0 0 0 1 0 0 0
300	1	1 1 1 1 1 1 1 1 1 1 1 0 1 1 0 0 1 0 0 0 1 0 1 0 0 0 0 0 0 1 1 1 1 0 1 1 0 0 0 1 0 0 0 0 0 1 1 0 0 0
300	1	1 1 1 1 1 1 1 1 1 1 1 0 1 1 0 0 1 0 0 0 1 0 1 0 0 0 1 1 0 1 1 1 1 0 1 1 0 0 0 1 0 0 0 0 0 1 1 0 0 0
300	1	1 1 1 1 1 1 1 1 1 1 1 0 1 1 0 0 1 0 0 0 1 0 1 0 0 0 1 0 0 1 1 1 1 0 1 1 0 0 0 1 0 0 0 0 1 1 1 0 0 0
300	1	1 1 1 1 1 0 1 1 1 1 1 0 1 1 0 0 1 0 0 0 1 0 1 0 0 0 1 0 0 1 1 1 1 0 1 1 0 0 0 1 0 0 0 0 0 1 1 0 0 0
300	62	1 1 1 1 1 1 1 1 1 1 1 0 1 1 0 0 1 0 0 0 1 0 1 0 0 0 1 0 0 1 1 1 1 0 1 1 0 0 0 1 0 0 0 0 0 1 1 0 0 0
300	1	1 1 1 1 1 1 1 1 1 1 1 0 1 1 0 0 1 0 0 0 1 0 1 0 0 0 1 0 0 1 1 1 1 0 1 1 1 0 0 1 0 0 0 0 0 1 0 0 0 0
300	3	1 1 1 1 1 1 1 1 1 1 1 0 1 1 0 0 1 0 0 0 1 0 1 0 0 0 1 0 0 1 1 1 1 0 1 1 0 0 0 1 0 0 0 0 0 1 0 0 0 0
310	15	1 1 1 1 1 1 1 1 1 1 1 0 1 1 0 0 0 0 0 0 1 0 1 0 0 0 1 0 0 1 1 1 1 0 1 1 0 0 0 1 0 0 0 0 0 1 1 0 0 0
310	2	1 1 1 1 1 1 1 1 1 1 1 0 1 1 0 0 1 0 0 0 1 0 1 0 0 0 1 0 0 1 1 1 1 0 1 1 0 0 0 1 0 1 0 0 0 1 1 0 0 0
310	6	1 1 1 1 1 1 1 1 1 1 1 0 1 1 1 0 1 0 0 0 1 0 1 0 0 0 1 0 0 1 1 1 1 0 1 1 0 0 0 1 0 0 0 0 0 1 1 0 0 0
310	2	1 1 1 1 1 1 1 1 1 1 0 0 1 1 0 0 1 0 0 0 1 1 1 0 0 0 1 0 0 1 1 1 1 0 1 1 0 0 0 1 0 0 0 0 0 1 1 0 0 0
310	3	1 1 1 1 1 1 1 1 1 1 1 0 1 1 0 0 1 0 0 0 1 0 1 0 0 0 1 0 0 1 1 1 1 0 1 1 0 0 0 0 0 0 0 0 0 1 1 0 0 0
310	1	1 1 1 1 1 1 1 1 1 1 1 0 1 1 0 0 1 0 0 0 1 0 1 0 0 1 1 0 0 1 1 1 1 0 1 1 0 0 0 1 0 0 0 0 0 1 1 0 0 0
310	1	1 1 1 1 1 1 1 1 1 1 1 0 1 1 0 0 1 0 0 0 1 0 1 0 0 0 1 0 0 1 1 1 1 0 1 1 0 0 0 1 0 0 0 0 0 0 1 0 0 0
310	1	1 1 1 1 1 1 1 1 1 1 1 0 1 1 0 0 1 0 0 0 1 0 1 0 0 0 1 0 0 1 1 1 1 0 1 1 0 0 1 1 0 0 0 0 0 1 1 0 0 0
310	1	1 1 1 1 1 0 1 1 1 1 1 0 1 1 0 0 1 0 0 0 1 0 1 0 0 0 1 0 0 1 1 1 1 0 1 1 0 0 0 1 0 0 0 0 0 1 1 0 0 0
310	1	1 1 1 1 1 1 1 1 1 1 1 0 1 1 0 0 1 0 0 0 1 0 1 0 0 0 1 0 0 1 1 1 0 0 1 1 0 0 0 1 0 0 0 0 0 1 1 0 0 0
310	1	1 1 1 1 1 1 1 1 1 1 1 0 1 1 0 0 1 0 0 0 1 0 1 0 0 0 1 0 0 1 1 1 1 0 1 1 1 0 0 1 0 0 0 0 0 1 1 0 0 0
310	1	1 1 1 1 1 1 1 1 1 1 1 0 1 1 0 0 1 0 0 0 1 0 1 0 1 0 1 0 0 1 1 1 1 0 1 1 0 0 0 1 0 0 0 0 0 1 1 0 0 0
310	1	1 1 1 1 1 1 1 1 1 1 1 0 1 1 0 0 1 0 0 0 1 0 1 0 0 0 1 0 0 1 0 1 1 0 1 1 0 0 0 1 0 0 0 0 0 1 1 0 0 0
310	10	1 1 1 1 1 1 1 1 1 1 1 0 1 1 0 0 1 0 0 0 1 0 1 0 0 0 1 0 0 1 1 1 1 0 1 1 0 0 0 1 0 0 0 0 0 1 0 0 0 0
310	53	1 1 1 1 1 1 1 1 1 1 1 0 1 1 0 0 1 0 0 0 1 0 1 0 0 0 1 0 0 1 1 1 1 0 1 1 0 0 0 1 0 0 0 0 0 1 1 0 0 0
310	1	1 1 1 1 1 1 1 1 1 1 1 0 1 1 0 0 1 0 0 0 1 0 1 0 0 0 1 0 0 1 1 1 1 0 1 1 1 0 0 1 0 0 0 0 0 1 0 0 0 0
