10	1	0 1 0 1 1 0 0 0 1 0 1 1 1 0 1 1 1 1 0 1 0 0 1 1 0 0 1 1 1 0 0 0 0 0 1 0 0 0 0 1 0 0 1 1 1 1 1 1 1 0
10	22	0 1 1 1 1 0 0 0 1 0 1 0 1 0 1 1 1 1 0 1 0 0 1 1 0 0 1 1 1 0 0 0 0 0 1 0 0 0 0 1 0 0 1 1 1 0 1 1 1 0
10	27	0 0 0 0 0 0 0 0 1 0 1 1 0 1 1 1 0 0 1 0 0 1 1 1 0 1 1 0 0 1 1 1 0 0 0 1 1 1 1 0 0 1 0 0 1 1 1 1 0 1
10	1	1 1 0 0 1 0 1 1 0 0 0 0 1 1 1 1 0 1 1 0 1 1 0 1 1 1 1 0 1 0 0 0 1 1 0 1 0 1 1 0 0 1 0 0 0 1 0 1 1 1
10	22	1 1 0 0 1 0 1 1 0 0 0 0 1 1 1 1 0 1 1 0 1 1 0 1 1 1 1 0 1 0 0 0 1 1 1 1 0 1 1 0 0 1 0 0 0 1 0 1 1 1
10	1	0 0 0 1 1 0 1 0 1 1 0 1 0 1 1 0 1 1 1 0 0 1 1 1 1 0 0 1 0 1 1 0 1 1 0 1 0 1 1 0 0 1 0 0 1 1 0 1 1 0
10	1	0 0 0 1 1 0 1 0 1 1 0 1 0 1 1 1 1 1 1 0 0 1 1 1 1 0 0 1 0 1 1 0 1 1 0 1 0 1 1 0 0 1 0 0 1 1 1 1 1 0
10	12	0 0 0 1 1 0 1 0 1 1 0 1 0 1 1 0 1 1 1 0 0 1 1 1 1 0 0 1 0 1 1 0 1 1 0 1 0 1 1 0 0 1 0 0 1 1 1 1 1 0
10	13	0 1 0 0 0 0 0 0 0 0 0 1 1 0 0 1 1 1 1 1 1 1 0 0 1 1 0 1 1 0 0 1 0 1 0 0 1 0 1 1 1 0 1 0 1 1 0 1 1 1
20	29	0 1 1 1 1 0 0 0 1 0 1 0 1 0 1 1 1 1 0 1 0 0 1 1 0 0 1 1 1 0 0 0 0 0 1 0 0 0 0 1 0 0 1 1 1 0 1 1 1 0
20	23	0 0 0 0 0 0 0 0 1 0 1 1 0 1 1 1 0 0 1 0 0 1 1 1 0 1 1 0 0 1 1 1 0 0 0 1 1 1 1 0 0 1 0 0 1 1 1 1 0 1
20	2	1 1 0 0 1 0 1 1 0 0 0 0 0 1 1 1 0 1 1 1 1 1 0 1 1 1 1 0 1 0 0 0 1 1 1 1 0 1 1 0 0 1 0 0 0 1 0 1 1 1
20	6	1 1 0 0 1 0 1 1 0 0 0 0 1 1 1 1 0 1 1 0 1 1 0 1 1 1 1 0 1 0 0 0 1 1 1 1 0 1 1 0 0 1 0 0 0 1 0 1 1 1
20	12	0 0 0 1 1 0 1 0 1 1 0 1 0 1 1 0 1 1 1 0 0 1 1 1 1 0 0 1 0 1 1 0 1 1 0 1 0 1 1 0 0 1 0 0 1 1 1 1 1 0
20	28	0 1 0 0 0 0 0 0 0 0 0 1 1 0 0 1 1 1 1 1 1 1 0 0 1 1 0 1 1 0 0 1 0 1 0 0 1 0 1 1 1 0 1 0 1 1 0 1 1 1
30	1	0 1 1 1 1 0 0 0 1 0 1 0 1 0 1 1 1 1 0 1 1 0 1 1 0 0 1 1 1 0 0 0 0 0 1 0 1 0 0 1 0 0 1 1 1 0 1 1 1 0
30	18	0 1 1 1 1 0 0 0 1 0 1 0 1 0 1 1 1 1 0 1 0 0 1 1 0 0 1 1 1 0 0 0 0 0 1 0 0 0 0 1 0 0 1 1 1 0 1 1 1 0
30	30	0 0 0 0 0 0 0 0 1 0 1 1 0 1 1 1 0 0 1 0 0 1 1 1 0 1 1 0 0 1 1 1 0 0 0 1 1 1 1 0 0 1 0 0 1 1 1 1 0 1
30	1	1 1 0 0 1 0 1 1 0 0 0 0 1 1 1 1 0 1 1 0 1 1 0 1 1 1 1 0 1 0 0 0 1 1 1 1 0 1 0 0 0 1 0 0 0 1 0 1 1 1
30	10	1 1 0 0 1 0 1 1 0 0 0 0 1 1 1 1 0 1 1 0 1 1 0 1 1 1 1 0 1 0 0 0 1 1 1 1 0 1 1 0 0 1 0 0 0 1 0 1 1 1
30	4	0 0 0 1 1 0 1 0 1 1 0 1 0 1 1 0 1 1 1 0 0 1 1 1 1 0 0 1 0 1 1 0 1 1 0 1 0 1 1 0 0 1 0 0 1 1 0 1 1 0
30	7	0 0 0 1 1 0 1 0 1 1 0 1 0 1 1 0 1 1 1 0 0 1 1 1 1 0 0 1 0 1 1 0 1 1 0 1 0 1 1 0 0 1 0 0 1 1 1 1 1 0
30	1	0 1 0 0 0 0 0 0 0 0 0 1 1 0 0 1 1 1 1 1 1 1 0 0 1 1 0 1 1 0 0 1 0 1 0 0 1 0 0 1 1 0 1 0 1 1 0 1 1 1
30	28	0 1 0 0 0 0 0 0 0 0 0 1 1 0 0 1 1 1 1 1 1 1 0 0 1 1 0 1 1 0 0 1 0 1 0 0 1 0 1 1 1 0 1 0 1 1 0 1 1 1
40	3	0 1 1 1 1 0 0 0 1 0 1 0 1 0 1 1 1 1 0 1 0 0 1 1 0 0 1 1 1 0 0 0 0 0 1 0 0 0 0 1 0 0 0 1 1 0 1 1 1 0
40	16	0 1 1 1 1 0 0 0 1 0 1 0 1 0 1 1 1 1 0 1 0 0 1 1 0 0 1 1 1 0 0 0 0 0 1 0 0 0 0 1 0 0 1 1 1 0 1 1 1 0
40	44	0 0 0 0 0 0 0 0 1 0 1 1 0 1 1 1 0 0 1 0 0 1 1 1 0 1 1 0 0 1 1 1 0 0 0 1 1 1 1 0 0 1 0 0 1 1 1 1 0 1
40	1	1 1 0 0 1 0 1 1 0 0 0 0 0 1 1 1 0 1 1 1 1 1 0 1 1 1 1 0 1 0 0 0 1 1 1 1 0 1 1 0 0 1 0 0 0 1 0 1 1 1
40	10	1 1 0 0 1 0 1 1 0 0 0 0 1 1 1 1 0 1 1 0 1 1 0 1 1 1 1 0 1 0 0 0 1 1 1 1 0 1 1 0 0 1 0 0 0 1 0 1 1 1
40	1	1 1 0 0 1 0 1 1 0 0 0 0 1 1 1 1 0 1 1 0 1 1 0 1 1 1 1 0 1 0 0 0 1 1 1 1 0 1 0 0 0 1 0 0 0 1 0 1 1 1
40	1	1 1 0 0 1 0 1 1 0 0 0 0 1 1 1 1 0 1 1 0 1 1 0 1 1 1 1 0 1 0 0 0 1 1 1 1 0 1 1 0 0 1 0 0 0 1 0 1 0 1
40	1	0 0 0 1 1 0 1 0 1 1 0 1 0 1 1 0 1 1 1 0 0 1 1 1 1 0 0 1 0 1 1 0 1 1 1 1 0 1 1 0 0 1 0 0 1 1 0 1 1 0
40	3	0 0 0 1 1 0 1 0 1 1 0 1 0 1 1 0 1 1 1 0 0 1 1 1 1 0 0 1 0 1 1 0 1 1 0 1 0 1 1 0 0 1 0 0 1 1 0 1 1 0
40	5	0 0 0 1 1 0 1 0 1 1 0 1 0 1 1 0 1 1 1 0 0 1 1 1 1 0 0 1 0 1 1 0 1 1 0 1 0 1 1 0 0 1 0 0 1 1 1 1 1 0
40	15	0 1 0 0 0 0 0 0 0 0 0 1 1 0 0 1 1 1 1 1 1 1 0 0 1 1 0 1 1 0 0 1 0 1 0 0 1 0 1 1 1 0 1 0 1 1 0 1 1 1
50	2	0 1 1 1 1 0 0 0 1 0 1 0 1 0 1 1 1 1 0 1 0 0 1 1 0 0 1 1 1 0 0 0 0 0 1 0 0 0 0 1 0 0 0 1 1 0 1 1 1 0
50	1	0 1 1 1 1 0 0 0 1 0 1 0 1 0 1 1 1 1 0 1 0 0 1 1 0 0 1 1 1 0 0 0 0 0 0 0 0 0 0 1 0 0 1 1 1 0 1 1 1 0
50	1	0 1 1 1 1 0 0 0 1 0 1 0 1 0 1 1 1 1 0 1 0 0 1 1 0 0 1 1 1 0 0 1 0 0 1 0 0 0 0 1 0 0 1 1 1 0 1 1 1 0
50	15	0 1 1 1 1 0 0 0 1 0 1 0 1 0 1 1 1 1 0 1 0 0 1 1 0 0 1 1 1 0 0 0 0 0 1 0 0 0 0 1 0 0 1 1 1 0 1 1 1 0
50	36	0 0 0 0 0 0 0 0 1 0 1 1 0 1 1 1 0 0 1 0 0 1 1 1 0 1 1 0 0 1 1 1 0 0 0 1 1 1 1 0 0 1 0 0 1 1 1 1 0 1
50	9	1 1 0 0 1 0 1 1 0 0 0 0 1 1 1 1 0 1 1 0 1 1 0 1 1 1 1 0 1 0 0 0 1 1 1 1 0 1 1 0 0 1 0 0 0 1 0 1 1 1
50	2	1 1 0 0 1 0 1 1 0 0 0 0 1 1 1 1 0 1 1 0 1 1 0 1 1 1 1 0 1 0 0 0 1 1 1 1 0 1 0 0 0 1 0 0 0 1 0 1 1 1
50	2	1 1 0 0 1 0 1 1 0 0 0 0 1 1 1 1 0 1 1 0 1 1 0 1 1 1 1 0 1 0 0 0 1 1 1 1 0 1 1 0 0 1 0 0 0 1 0 1 0 1
50	2	0 0 0 1 1 0 1 0 1 1 0 1 0 1 1 0 1 1 1 0 0 1 1 1 1 0 0 1 0 1 1 0 1 1 0 1 0 1 1 0 0 1 0 0 1 1 0 1 1 0
50	11	0 0 0 1 1 0 1 0 1 1 0 1 0 1 1 0 1 1 1 0 0 1 1 1 1 0 0 1 0 1 1 0 1 1 0 1 0 1 1 0 0 1 0 0 1 1 1 1 1 0
50	19	0 1 0 0 0 0 0 0 0 0 0 1 1 0 0 1 1 1 1 1 1 1 0 0 1 1 0 1 1 0 0 1 0 1 0 0 1 0 1 1 1 0 1 0 1 1 0 1 1 1
60	1	0 1 1 1 1 0 0 0 1 0 1 0 1 0 1 1 1 1 0 1 0 0 1 1 0 0 1 1 1 0 0 0 0 0 1 0 0 0 0 1 0 0 0 1 1 0 1 1 1 0
60	1	0 1 1 1 1 0 0 0 1 0 1 0 1 0 1 1 1 0 0 1 0 0 1 1 0 0 1 1 1 0 0 0 0 0 1 0 0 0 0 1 0 0 1 1 1 0 1 1 1 0
60	8	0 1 1 1 1 0 0 0 1 0 1 0 1 0 1 1 1 1 0 1 0 0 1 1 0 0 1 1 1 0 0 0 0 0 1 0 0 0 0 1 0 0 1 1 1 0 1 1 1 0
60	1	0 0 0 0 0 0 0 0 1 0 1 1 0 1 1 1 1 0 1 0 0 1 1 1 0 1 1 0 0 1 1 1 0 0 0 1 1 1 1 0 0 1 0 0 1 1 1 1 0 1
60	38	0 0 0 0 0 0 0 0 1 0 1 1 0 1 1 1 0 0 1 0 0 1 1 1 0 1 1 0 0 1 1 1 0 0 0 1 1 1 1 0 0 1 0 0 1 1 1 1 0 1
60	5	1 1 0 0 1 0 1 1 0 0 0 0 1 1 1 1 0 1 1 0 1 1 0 1 1 1 1 0 1 0 0 0 1 1 1 1 0 1 1 0 0 1 0 0 0 1 0 1 1 1
60	1	1 1 0 0 1 0 1 1 0 0 0 0 1 1 1 1 0 1 1 0 1 1 0 1 1 1 1 0 1 0 0 0 1 1 1 1 0 1 0 0 0 1 0 0 0 1 0 1 1 1
60	2	1 1 0 0 1 0 1 1 0 0 0 0 1 1 1 1 0 1 1 0 1 1 0 1 1 1 1 0 1 0 0 0 1 1 1 1 0 1 1 0 0 1 0 0 0 1 1 1 0 1
60	6	1 1 0 0 1 0 1 1 0 0 0 0 1 1 1 1 0 1 1 0 1 1 0 1 1 1 1 0 1 0 0 0 1 1 1 1 0 1 1 0 0 1 0 0 0 1 0 1 0 1
60	2	0 0 0 1 1 0 1 0 1 1 0 1 0 1 1 0 0 1 1 0 0 1 1 1 1 0 0 1 0 1 1 0 1 1 0 1 0 1 1 0 0 1 0 0 1 1 0 1 1 0
60	1	0 0 0 1 1 0 1 0 1 1 0 1 0 1 1 0 1 1 1 0 0 1 1 1 1 0 0 1 0 1 1 0 1 1 0 1 0 1 1 0 0 1 0 0 1 1 0 1 1 0
60	7	0 0 0 1 1 0 1 0 1 1 0 1 0 1 1 0 1 1 1 0 0 1 1 1 1 0 0 1 0 1 1 0 1 1 0 1 0 1 1 0 0 1 0 0 1 1 1 1 1 0
60	27	0 1 0 0 0 0 0 0 0 0 0 1 1 0 0 1 1 1 1 1 1 1 0 0 1 1 0 1 1 0 0 1 0 1 0 0 1 0 1 1 1 0 1 0 1 1 0 1 1 1
70	14	0 1 1 1 1 0 0 0 1 0 1 0 1 0 1 1 1 1 0 1 0 0 1 1 0 0 1 1 1 0 0 0 0 0 1 0 0 0 0 1 0 0 1 1 1 0 1 1 1 0
70	39	0 0 0 0 0 0 0 0 1 0 1 1 0 1 1 1 0 0 1 0 0 1 1 1 0 1 1 0 0 1 1 1 0 0 0 1 1 1 1 0 0 1 0 0 1 1 1 1 0 1
70	4	1 1 0 0 1 0 1 1 0 0 0 0 1 1 1 1 0 1 1 0 1 1 0 1 1 1 1 0 1 0 0 0 1 1 1 1 0 1 1 0 0 1 0 0 0 1 0 1 1 1
70	1	1 1 0 0 1 0 1 1 0 0 0 0 1 1 1 1 0 1 1 0 1 1 0 1 1 1 1 0 1 0 0 0 1 1 1 1 0 1 1 0 0 1 0 0 0 1 1 1 0 1
70	6	1 1 0 0 1 0 1 1 0 0 0 0 1 1 1 1 0 1 1 0 1 1 0 1 1 1 1 0 1 0 0 0 1 1 1 1 0 1 1 0 0 1 0 0 0 1 0 1 0 1
70	2	0 0 0 1 1 0 1 0 1 1 0 1 0 1 1 0 1 1 1 0 0 1 1 1 1 0 0 1 0 1 1 0 1 1 0 1 0 1 1 0 0 1 0 0 1 1 0 1 1 0
70	10	0 0 0 1 1 0 1 0 1 1 0 1 0 1 1 0 1 1 1 0 0 1 1 1 1 0 0 1 0 1 1 0 1 1 0 1 0 1 1 0 0 1 0 0 1 1 1 1 1 0
70	24	0 1 0 0 0 0 0 0 0 0 0 1 1 0 0 1 1 1 1 1 1 1 0 0 1 1 0 1 1 0 0 1 0 1 0 0 1 0 1 1 1 0 1 0 1 1 0 1 1 1
80	8	0 1 1 1 1 0 0 0 1 0 1 0 1 0 1 1 1 1 0 1 0 0 1 1 0 0 1 1 1 0 0 0 0 0 1 0 0 0 0 1 0 0 1 1 1 0 1 1 1 0
80	1	0 0 0 0 0 0 1 0 1 0 1 1 0 1 1 1 0 0 1 0 0 1 1 1 0 1 1 0 0 1 1 1 0 0 0 1 1 1 1 0 0 1 0 0 1 1 1 1 0 1
80	38	0 0 0 0 0 0 0 0 1 0 1 1 0 1 1 1 0 0 1 0 0 1 1 1 0 1 1 0 0 1 1 1 0 0 0 1 1 1 1 0 0 1 0 0 1 1 1 1 0 1
80	26	1 1 0 0 1 0 1 1 0 0 0 0 1 1 1 1 0 1 1 0 1 1 0 1 1 1 1 0 1 0 0 0 1 1 1 1 0 1 1 0 0 1 0 0 0 1 0 1 0 1
80	9	0 0 0 1 1 0 1 0 1 1 0 1 0 1 1 0 1 1 1 0 0 1 1 1 1 0 0 1 0 1 1 0 1 1 0 1 0 1 1 0 0 1 0 0 1 1 1 1 1 0
80	18	0 1 0 0 0 0 0 0 0 0 0 1 1 0 0 1 1 1 1 1 1 1 0 0 1 1 0 1 1 0 0 1 0 1 0 0 1 0 1 1 1 0 1 0 1 1 0 1 1 1
90	2	0 1 1 1 1 0 0 0 1 0 1 0 1 0 1 1 1 1 0 1 0 0 1 1 0 0 1 1 1 0 0 0 0 0 1 0 0 0 0 1 0 0 1 1 1 0 1 1 1 0
90	1	0 0 0 0 0 0 0 0 1 0 1 1 0 1 1 1 0 0 1 0 0 1 1 1 0 1 1 1 0 1 1 1 0 0 0 1 1 1 1 0 0 1 0 0 1 1 1 1 0 1
90	31	0 0 0 0 0 0 0 0 1 0 1 1 0 1 1 1 0 0 1 0 0 1 1 1 0 1 1 0 0 1 1 1 0 0 0 1 1 1 1 0 0 1 0 0 1 1 1 1 0 1
90	1	1 1 0 0 1 0 1 1 0 0 0 0 1 1 1 1 0 1 1 0 1 1 0 1 1 1 1 0 1 0 0 0 1 1 1 0 0 1 1 0 0 1 0 0 0 1 0 1 0 1
90	1	1 1 0 0 1 0 1 1 0 0 0 0 1 1 1 1 0 1 1 0 1 1 0 1 0 1 1 0 1 0 0 0 1 1 1 1 0 1 1 0 0 1 0 0 0 1 0 1 0 1
90	1	1 1 0 0 1 1 1 1 0 0 0 0 1 1 1 1 0 1 1 0 1 1 0 1 1 1 1 0 1 0 0 0 1 1 1 1 0 1 1 0 0 1 0 0 0 1 0 1 0 1
90	47	1 1 0 0 1 0 1 1 0 0 0 0 1 1 1 1 0 1 1 0 1 1 0 1 1 1 1 0 1 0 0 0 1 1 1 1 0 1 1 0 0 1 0 0 0 1 0 1 0 1
90	5	0 0 0 1 1 0 1 0 1 1 0 1 0 1 1 0 1 1 1 0 0 1 1 1 1 0 0 1 0 1 1 0 1 1 0 1 0 1 1 0 0 1 0 0 1 1 0 1 1 0
90	4	0 0 0 1 1 0 1 0 1 1 0 1 0 1 1 0 1 1 1 0 0 1 1 1 1 0 0 1 0 1 1 0 1 1 0 1 0 1 1 0 0 1 0 0 1 1 1 1 1 0
90	7	0 1 0 0 0 0 0 0 0 0 0 1 1 0 0 1 1 1 1 1 1 1 0 0 1 1 0 1 1 0 0 1 0 1 0 0 1 0 1 1 1 0 1 0 1 1 0 1 1 1
100	1	0 0 0 0 0 0 1 0 1 0 1 1 0 1 1 1 0 0 1 0 0 1 1 1 0 1 1 0 0 1 1 1 0 0 0 1 1 1 1 0 0 1 0 0 1 1 1 1 0 1
100	12	0 0 0 0 0 0 0 0 1 0 1 1 0 1 1 1 0 0 1 0 0 1 1 1 0 1 1 0 0 1 1 1 0 0 0 1 1 1 1 0 0 1 0 0 1 1 1 1 0 1
100	1	1 1 0 0 1 0 1 1 0 0 0 0 1 0 1 1 0 1 1 0 1 1 0 1 1 1 1 0 1 0 0 0 1 1 1 1 0 1 1 0 0 1 0 0 0 1 0 1 0 1
100	2	1 1 0 0 1 0 1 1 0 1 0 0 1 1 1 1 0 1 1 0 1 1 0 1 1 1 1 0 1 0 0 0 1 1 1 1 0 1 1 0 0 1 0 0 0 1 0 1 0 1
100	1	1 1 0 0 1 0 1 1 1 0 0 0 1 1 1 1 0 1 1 0 1 1 0 1 1 1 1 0 1 0 0 0 1 1 1 1 0 1 1 0 0 1 0 0 0 1 0 1 0 1
100	69	1 1 0 0 1 0 1 1 0 0 0 0 1 1 1 1 0 1 1 0 1 1 0 1 1 1 1 0 1 0 0 0 1 1 1 1 0 1 1 0 0 1 0 0 0 1 0 1 0 1
100	2	0 0 0 1 1 0 1 0 1 1 0 1 0 1 1 0 1 1 1 0 0 1 1 1 1 0 0 1 0 1 1 0 1 1 0 1 0 1 1 0 0 1 0 0 1 1 1 1 1 0
100	12	0 1 0 0 0 0 0 0 0 0 0 1 1 0 0 1 1 1 1 1 1 1 0 0 1 1 0 1 1 0 0 1 0 1 0 0 1 0 1 1 1 0 1 0 1 1 0 1 1 1
110	2	0 0 0 0 0 0 0 0 1 0 1 1 0 1 1 1 0 0 1 0 0 1 1 1 0 1 1 0 0 1 1 1 0 0 0 1 1 1 1 0 0 1 0 0 1 1 1 1 0 1
110	5	1 1 0 0 1 0 1 1 0 1 0 0 1 1 1 1 0 1 1 0 1 1 0 1 1 1 1 0 1 0 0 0 1 1 1 1 0 1 1 0 0 1 0 0 0 1 0 1 0 1
110	88	1 1 0 0 1 0 1 1 0 0 0 0 1 1 1 1 0 1 1 0 1 1 0 1 1 1 1 0 1 0 0 0 1 1 1 1 0 1 1 0 0 1 0 0 0 1 0 1 0 1
110	5	0 1 0 0 0 0 0 0 0 0 0 1 1 0 0 1 1 1 1 1 1 1 0 0 1 1 0 1 1 0 0 1 0 1 0 0 1 0 1 1 1 0 1 0 1 1 0 1 1 1
120	2	0 0 0 0 0 0 0 0 1 0 1 1 0 1 1 1 0 0 1 0 0 1 1 1 0 1 1 0 0 1 1 1 0 0 0 1 1 1 1 0 0 1 0 0 1 1 1 1 0 1
120	1	1 1 0 0 1 0 1 1 0 0 0 0 1 0 1 1 0 1 1 0 1 1 0 1 1 1 1 0 1 0 0 0 1 1 1 1 0 1 1 0 0 1 0 0 0 1 0 1 0 1
120	70	1 1 0 0 1 0 1 1 0 0 0 0 1 1 1 1 0 1 1 0 1 1 0 1 1 1 1 0 1 0 0 0 1 1 1 1 0 1 1 0 0 1 0 0 0 1 0 1 0 1
120	1	1 1 0 0 1 0 1 1 0 1 0 0 1 1 1 1 0 1 1 0 1 1 0 1 0 1 1 0 1 0 0 0 1 1 1 1 0 1 1 0 0 1 0 0 0 1 0 1 0 1
120	16	1 1 0 0 1 0 1 1 0 1 0 0 1 1 1 1 0 1 1 0 1 1 0 1 1 1 1 0 1 0 0 0 1 1 1 1 0 1 1 0 0 1 0 0 0 1 0 1 0 1
120	3	1 1 0 0 1 0 1 1 1 0 0 0 1 1 1 1 0 0 1 0 1 1 0 1 1 1 1 0 1 0 0 0 1 1 1 1 0 1 1 0 0 1 0 0 0 1 0 1 0 1
120	2	1 1 0 0 1 0 1 1 1 0 0 0 1 1 1 1 0 1 1 0 1 1 0 1 1 1 1 0 1 0 0 0 1 1 1 1 0 1 1 0 0 1 0 0 0 1 0 1 0 1
120	1	1 1 0 0 1 0 1 1 0 0 0 0 1 1 1 1 0 1 1 0 1 1 0 1 1 1 1 1 1 0 0 0 1 1 1 1 0 1 1 0 0 1 0 0 0 1 0 0 0 1
120	1	1 1 0 0 1 0 1 1 1 0 0 0 1 1 1 1 0 1 1 0 1 1 0 1 1 1 1 0 1 1 0 0 1 1 1 1 0 1 1 0 0 1 0 0 0 1 0 1 0 1
120	1	1 1 0 1 1 0 1 1 0 0 0 0 1 1 1 1 0 1 1 0 1 1 0 1 1 1 1 0 1 0 0 0 1 1 1 1 0 1 1 0 0 1 0 0 0 1 0 1 0 1
120	1	1 1 0 0 1 1 1 1 0 0 0 0 1 1 1 1 0 1 1 0 1 1 0 1 1 1 1 0 1 0 0 0 1 1 1 1 0 1 1 0 0 1 0 0 0 1 0 1 0 1
120	1	0 1 0 0 0 0 0 0 0 0 0 1 1 0 0 1 1 1 1 1 1 1 0 0 1 1 0 1 1 0 0 1 0 1 0 0 1 0 1 1 1 0 1 0 1 1 0 1 1 1
130	3	0 0 0 0 0 0 0 0 1 0 1 1 0 1 1 1 0 0 1 0 0 1 1 1 0 1 1 0 0 1 1 1 0 0 0 1 1 1 1 0 0 1 0 0 1 1 1 1 0 1
130	1	1 1 0 0 1 0 1 1 0 0 0 0 1 0 1 1 0 1 1 0 1 1 0 1 1 1 1 0 1 0 0 0 1 1 1 1 0 1 1 0 0 1 0 0 0 1 0 1 0 1
130	1	1 1 0 0 1 0 1 1 0 0 0 0 1 1 1 1 0 1 1 0 1 1 0 1 1 1 1 0 1 0 0 0 0 1 1 1 0 1 1 0 0 1 0 0 0 1 0 1 0 1
130	2	1 1 0 0 1 0 1 1 0 0 0 0 1 1 1 1 1 1 1 0 1 1 0 1 1 1 1 0 1 0 0 0 1 1 1 1 0 1 1 0 0 1 0 0 0 1 0 1 0 1
130	1	1 1 0 1 1 0 1 1 0 0 0 0 1 1 1 1 0 1 1 0 1 1 0 1 1 1 1 0 1 0 0 0 1 1 1 1 0 1 1 0 0 1 0 0 0 1 0 1 0 1
130	1	1 1 0 0 1 0 1 1 0 0 0 0 0 1 1 1 0 1 1 0 1 1 0 1 1 1 1 0 1 0 0 0 1 1 1 1 0 1 1 0 0 1 0 0 0 1 0 1 0 1
130	4	1 1 0 0 1 0 1 1 1 0 0 0 1 1 1 1 0 1 1 0 1 1 0 1 1 1 1 0 1 0 0 0 1 1 1 1 0 1 1 0 0 1 0 0 0 1 0 1 0 1
130	2	1 1 0 0 1 1 1 1 0 0 0 0 1 1 1 1 0 1 1 0 1 1 0 1 1 1 1 0 1 0 0 0 1 1 1 1 0 1 1 0 0 1 0 0 0 1 0 1 0 1
130	50	1 1 0 0 1 0 1 1 0 0 0 0 1 1 1 1 0 1 1 0 1 1 0 1 1 1 1 0 1 0 0 0 1 1 1 1 0 1 1 0 0 1 0 0 0 1 0 1 0 1
130	1	1 1 0 0 1 0 1 1 0 1 0 0 1 1 1 1 0 1 1 0 1 1 0 1 0 1 1 0 1 0 0 0 1 1 1 1 0 1 1 0 0 1 0 0 0 1 0 1 0 1
130	25	1 1 0 0 1 0 1 1 0 1 0 0 1 1 1 1 0 1 1 0 1 1 0 1 1 1 1 0 1 0 0 0 1 1 1 1 0 1 1 0 0 1 0 0 0 1 0 1 0 1
130	2	1 1 0 0 1 0 1 1 1 0 0 0 1 1 1 1 0 0 1 0 1 1 0 1 1 1 1 0 1 0 0 0 1 1 1 1 0 1 1 0 0 1 0 0 0 1 0 1 0 1
130	2	1 1 0 0 1 0 1 1 1 0 0 0 1 1 1 1 0 1 1 0 1 1 0 1 1 1 1 0 1 1 0 0 1 1 1 1 0 1 1 0 0 1 0 0 0 1 0 1 0 1
130	3	1 1 0 0 1 0 1 1 0 0 0 0 1 1 1 1 0 1 1 0 1 1 0 1 1 1 1 0 1 0 0 0 1 1 1 1 1 1 1 0 0 1 0 0 0 1 0 1 0 1
130	2	1 1 0 0 1 0 1 1 0 0 0 0 1 1 1 1 0 1 1 0 1 1 0 1 1 1 1 0 1 0 0 0 1 1 1 1 0 1 1 0 0 1 0 0 0 1 0 0 0 1
140	4	1 1 0 1 1 0 1 1 0 0 0 0 1 1 1 1 0 1 1 0 1 1 0 1 1 1 1 0 1 0 0 0 1 1 1 1 0 1 1 0 0 1 0 0 0 1 0 1 0 1
140	9	1 1 0 0 1 0 1 1 1 0 0 0 1 1 1 1 0 1 1 0 1 1 0 1 1 1 1 0 1 0 0 0 1 1 1 1 0 1 1 0 0 1 0 0 0 1 0 1 0 1
140	6	1 1 0 0 1 1 1 1 0 0 0 0 1 1 1 1 0 1 1 0 1 1 0 1 1 1 1 0 1 0 0 0 1 1 1 1 0 1 1 0 0 1 0 0 0 1 0 1 0 1
140	36	1 1 0 0 1 0 1 1 0 1 0 0 1 1 1 1 0 1 1 0 1 1 0 1 1 1 1 0 1 0 0 0 1 1 1 1 0 1 1 0 0 1 0 0 0 1 0 1 0 1
140	2	1 1 0 0 1 0 1 1 0 0 0 0 1 1 1 1 0 1 1 0 1 1 0 1 1 1 1 0 1 0 0 0 1 1 1 1 1 1 1 0 0 1 0 0 0 1 0 1 0 1
140	1	1 1 0 0 1 0 1 1 0 0 0 0 1 1 1 1 0 1 1 0 1 1 0 1 1 0 1 0 1 0 0 0 1 1 1 1 0 1 1 0 0 1 0 0 0 1 0 1 0 1
140	24	1 1 0 0 1 0 1 1 0 0 0 0 1 1 1 1 0 1 1 0 1 1 0 1 1 1 1 0 1 0 0 0 1 1 1 1 0 1 1 0 0 1 0 0 0 1 0 1 0 1
140	1	1 1 0 0 1 0 1 1 0 1 0 0 1 1 1 1 0 1 1 0 1 1 0 1 0 1 1 0 1 0 0 0 1 1 1 1 0 1 1 0 0 1 0 0 0 1 0 1 0 1
140	1	1 1 0 0 1 0 1 1 0 1 0 0 1 1 1 1 0 1 1 0 1 1 0 1 1 1 1 0 1 0 0 0 1 1 1 1 0 1 1 0 1 1 0 0 0 1 0 1 0 1
140	5	1 1 0 0 1 0 1 1 1 0 0 0 1 1 1 1 0 0 1 0 1 1 0 1 1 1 1 0 1 0 0 0 1 1 1 1 0 1 1 0 0 1 0 0 0 1 0 1 0 1
140	3	1 1 0 0 1 0 1 1 1 0 0 0 1 1 1 1 0 1 1 0 1 1 0 1 1 1 1 0 1 1 0 0 1 1 1 1 0 1 1 0 0 1 0 0 0 1 0 1 0 1
140	7	1 1 0 0 1 0 1 1 0 0 0 0 1 1 1 1 0 1 1 0 1 1 0 1 1 1 1 0 1 0 0 0 1 1 1 1 0 1 1 0 0 1 0 0 0 1 0 1 0 0
140	1	1 1 0 0 1 0 1 1 0 0 0 0 1 1 1 1 0 1 1 0 1 1 0 1 1 1 1 0 1 0 0 0 1 1 1 1 0 1 1 0 0 1 0 0 0 1 0 0 0 1
150	1	1 1 0 1 1 1 1 1 0 0 0 0 1 1 1 1 0 1 1 0 1 1 0 1 1 1 1 0 1 0 0 0 1 1 1 1 0 1 1 0 0 1 0 0 0 1 0 1 0 1
150	1	1 1 0 1 1 0 1 1 0 0 0 0 1 1 1 1 0 1 1 0 1 1 0 1 1 1 1 0 1 0 0 0 1 1 1 1 0 1 1 0 0 1 0 0 0 1 0 1 0 1
150	2	1 1 0 0 1 0 1 0 1 0 0 0 1 1 1 1 0 0 1 0 1 1 0 1 1 1 1 0 1 0 0 0 1 1 1 1 0 1 1 0 0 1 0 0 0 1 0 1 0 1
150	5	1 1 0 0 1 0 1 1 1 0 0 0 1 1 1 1 0 0 1 0 1 1 0 1 1 1 1 0 1 0 0 0 1 1 1 1 0 1 1 0 0 1 0 0 0 1 0 1 0 1
150	14	1 1 0 0 1 0 1 1 1 0 0 0 1 1 1 1 0 1 1 0 1 1 0 1 1 1 1 0 1 0 0 0 1 1 1 1 0 1 1 0 0 1 0 0 0 1 0 1 0 1
150	3	1 1 0 0 1 1 1 1 0 0 0 0 1 1 1 1 0 1 1 0 1 1 0 1 1 1 1 0 1 0 0 0 1 1 1 1 0 1 1 0 0 1 0 0 0 1 0 1 0 1
150	2	1 1 0 0 1 0 1 1 0 1 0 0 1 1 1 1 0 1 1 0 1 1 0 1 1 1 1 0 1 0 0 0 1 1 1 1 0 0 1 0 0 1 0 0 0 1 0 1 0 1
150	1	1 1 0 0 1 0 1 1 0 1 0 0 1 1 1 1 0 1 1 0 1 1 0 1 1 1 1 0 1 0 0 0 0 1 1 1 0 1 1 0 0 1 0 0 0 1 0 1 0 1
150	39	1 1 0 0 1 0 1 1 0 1 0 0 1 1 1 1 0 1 1 0 1 1 0 1 1 1 1 0 1 0 0 0 1 1 1 1 0 1 1 0 0 1 0 0 0 1 0 1 0 1
150	1	1 1 0 0 1 0 1 1 0 0 0 0 1 1 1 1 0 1 1 0 0 1 0 1 1 1 1 0 1 0 0 0 1 1 1 1 0 1 1 0 0 1 0 0 0 1 0 1 0 1
150	18	1 1 0 0 1 0 1 1 0 0 0 0 1 1 1 1 0 1 1 0 1 1 0 1 1 1 1 0 1 0 0 0 1 1 1 1 0 1 1 0 0 1 0 0 0 1 0 1 0 1
150	2	1 1 0 0 1 1 1 1 1 0 0 0 1 1 1 1 0 0 1 0 1 1 0 1 1 1 1 0 1 0 0 0 1 1 1 1 0 1 1 0 0 1 0 0 0 1 0 1 0 1
150	2	1 1 0 0 1 1 1 1 0 0 0 0 1 1 1 1 0 1 1 0 1 1 0 1 1 1 1 0 1 1 0 0 1 1 1 1 0 1 1 0 0 1 0 0 0 1 0 1 0 1
150	6	1 1 0 0 1 0 1 1 0 0 0 0 1 1 1 1 0 1 1 0 1 1 0 1 1 1 1 0 1 0 0 0 1 1 1 1 0 1 1 0 0 1 0 0 0 1 0 1 0 0
150	3	1 1 0 0 1 0 1 1 0 0 0 0 1 1 1 1 0 1 1 0 1 1 0 1 1 1 1 0 1 0 0 0 1 1 1 1 0 1 1 0 0 1 0 0 0 1 0 0 0 1
160	3	1 1 0 1 1 1 1 1 0 0 0 0 1 1 1 1 0 1 1 0 1 1 0 1 1 1 1 0 1 0 0 0 1 1 1 1 0 1 1 0 0 1 0 0 0 1 0 1 0 1
160	7	1 1 0 1 1 0 1 1 0 0 0 0 1 1 1 1 0 1 1 0 1 1 0 1 1 1 1 0 1 0 0 0 1 1 1 1 0 1 1 0 0 1 0 0 0 1 0 1 0 1
160	4	1 1 0 0 1 0 1 1 1 0 0 0 1 1 1 1 0 0 1 0 1 1 0 1 1 1 1 0 1 0 0 0 1 1 1 1 0 1 1 0 0 1 0 0 0 1 0 1 0 1
160	11	1 1 0 0 1 0 1 1 1 0 0 0 1 1 1 1 0 1 1 0 1 1 0 1 1 1 1 0 1 0 0 0 1 1 1 1 0 1 1 0 0 1 0 0 0 1 0 1 0 1
160	1	1 1 0 0 1 1 1 0 0 0 0 0 1 1 1 1 0 1 1 0 1 1 0 1 1 1 1 0 1 0 0 0 1 0 1 1 0 1 1 0 0 1 0 0 0 1 0 1 0 1
160	1	1 1 0 0 1 1 1 1 0 0 0 0 1 1 1 1 0 1 1 0 1 1 0 1 1 1 1 0 1 0 0 0 1 0 1 1 0 1 1 0 0 1 0 0 0 1 0 1 0 1
160	1	1 1 0 0 1 1 1 1 0 0 0 0 1 0 1 1 0 1 1 0 1 1 0 1 1 1 1 0 1 0 0 0 1 1 1 1 0 1 1 0 0 1 0 0 0 1 0 1 0 1
160	1	1 0 0 0 1 1 1 1 0 0 0 0 1 1 1 1 0 1 1 0 1 1 0 1 1 1 1 0 1 0 0 0 1 1 1 1 0 1 1 0 0 1 0 0 0 1 0 1 0 1
160	9	1 1 0 0 1 1 1 1 0 0 0 0 1 1 1 1 0 1 1 0 1 1 0 1 1 1 1 0 1 0 0 0 1 1 1 1 0 1 1 0 0 1 0 0 0 1 0 1 0 1
160	4	1 1 0 0 1 0 1 1 0 1 0 0 1 1 1 1 0 1 1 0 1 1 0 1 0 1 1 0 1 0 0 0 1 1 1 1 0 1 1 0 0 0 0 0 0 1 0 1 0 1
160	1	1 1 0 0 1 0 1 1 0 1 0 0 1 1 1 1 0 1 1 0 1 1 0 1 1 1 1 0 1 0 1 0 1 1 1 1 0 1 1 0 0 1 0 0 0 1 0 1 0 1
160	38	1 1 0 0 1 0 1 1 0 1 0 0 1 1 1 1 0 1 1 0 1 1 0 1 1 1 1 0 1 0 0 0 1 1 1 1 0 1 1 0 0 1 0 0 0 1 0 1 0 1
160	6	1 1 0 0 1 0 1 1 0 0 0 0 1 1 1 1 0 1 1 0 1 1 0 1 1 1 1 0 1 0 0 0 1 1 1 1 0 1 1 0 0 1 0 0 0 1 0 1 0 1
160	2	1 1 0 0 1 1 1 1 1 0 0 0 1 1 1 1 0 0 1 0 1 1 0 1 1 1 1 0 1 0 0 0 1 1 1 1 0 1 1 0 0 1 0 0 0 1 0 1 0 1
160	3	1 1 0 0 1 0 1 1 1 0 0 0 1 1 1 1 0 1 1 0 1 1 0 1 1 1 1 0 1 1 0 0 1 1 1 1 0 1 1 0 0 1 0 0 0 0 0 1 0 1
160	1	1 1 0 0 1 0 1 1 1 0 0 0 1 1 1 1 0 1 1 0 1 1 0 1 1 1 1 0 1 1 0 0 1 1 1 1 0 1 1 0 0 1 0 0 0 1 0 1 0 1
160	3	1 1 0 0 1 1 1 1 0 0 0 0 1 1 1 1 0 1 1 0 1 1 0 1 1 1 1 0 1 1 0 0 1 1 1 1 0 1 1 0 0 1 0 0 0 1 0 1 0 1
160	2	1 1 0 0 1 0 1 1 0 0 0 0 1 1 1 1 0 1 1 0 1 1 0 1 1 1 1 0 1 0 0 0 1 1 1 1 0 1 1 0 0 1 0 0 0 1 0 1 0 0
160	2	1 1 0 0 1 0 1 1 0 0 0 0 1 1 1 1 0 1 1 0 1 1 0 1 1 1 1 0 1 0 0 0 1 1 1 1 0 1 1 0 0 1 0 0 0 1 0 0 0 1
170	1	1 1 0 1 1 1 1 1 0 0 1 0 1 1 1 1 0 1 1 0 1 1 0 1 1 1 1 0 1 0 0 0 1 1 1 1 0 1 1 0 0 1 0 0 0 1 0 1 0 0
170	1	1 1 0 1 1 1 1 1 0 0 0 0 1 1 1 1 0 1 1 0 1 1 0 1 1 1 1 0 1 0 0 0 1 1 1 1 0 1 1 0 0 1 0 0 0 1 0 1 0 0
170	1	1 1 0 1 1 1 1 1 0 0 0 0 0 1 1 1 0 1 1 0 1 1 0 1 1 1 1 0 1 0 0 0 1 1 1 1 0 1 1 0 0 1 0 0 0 1 0 1 0 1
170	10	1 1 0 1 1 1 1 1 0 0 0 0 1 1 1 1 0 1 1 0 1 1 0 1 1 1 1 0 1 0 0 0 1 1 1 1 0 1 1 0 0 1 0 0 0 1 0 1 0 1
170	7	1 1 0 1 1 0 1 1 0 0 0 0 1 1 1 1 0 1 1 0 1 1 0 1 1 1 1 0 1 0 0 0 1 1 1 1 0 1 1 0 0 1 0 0 0 1 0 1 0 1
170	6	1 1 0 0 1 0 1 1 1 0 0 0 1 1 1 1 0 0 1 0 1 1 0 1 1 1 1 0 1 0 0 0 1 1 1 1 0 1 1 0 0 1 0 0 0 1 0 1 0 1
170	1	1 1 0 0 1 0 1 1 1 0 0 0 1 1 1 1 1 1 1 0 1 1 0 1 1 1 1 0 1 0 0 0 1 1 1 1 0 1 1 0 0 1 0 0 0 1 0 1 0 1
170	1	1 1 0 0 1 0 1 1 1 0 0 0 1 1 1 1 0 1 1 0 1 1 0 1 1 1 1 0 0 0 0 0 1 1 1 1 0 1 1 0 0 1 0 0 0 1 0 1 0 1
170	6	1 1 0 0 1 0 1 1 1 0 0 0 1 1 1 1 0 1 1 0 1 1 0 1 1 1 1 0 1 0 0 0 1 1 1 1 0 1 1 0 0 1 0 0 0 1 0 1 0 1
170	1	1 1 0 0 1 1 1 1 0 0 0 0 1 0 1 1 0 1 1 0 1 1 0 1 1 1 1 0 1 0 0 0 1 1 1 1 0 1 1 0 0 1 0 0 0 1 0 1 0 1
170	4	1 1 0 0 1 1 1 1 0 0 0 0 1 1 1 1 0 1 1 0 1 1 0 1 1 1 1 0 1 0 0 0 1 1 1 1 0 1 1 0 0 1 0 0 0 1 0 1 0 1
170	1	1 1 0 0 1 0 1 1 0 1 0 0 1 1 1 1 0 1 1 0 1 1 0 1 1 1 1 0 1 0 0 0 1 1 1 1 0 0 1 0 0 1 0 0 0 1 0 1 0 1
170	7	1 1 0 0 1 0 1 1 0 1 0 0 1 1 1 1 0 1 1 0 1 1 0 1 0 1 1 0 1 0 0 0 1 1 1 1 0 1 1 0 0 0 0 0 0 1 0 1 0 1
170	3	1 1 0 0 1 0 1 1 0 0 0 0 1 1 1 1 0 1 1 0 1 1 0 1 1 1 1 0 1 0 0 0 1 1 1 1 0 1 1 0 0 1 0 0 0 1 0 1 0 1
170	30	1 1 0 0 1 0 1 1 0 1 0 0 1 1 1 1 0 1 1 0 1 1 0 1 1 1 1 0 1 0 0 0 1 1 1 1 0 1 1 0 0 1 0 0 0 1 0 1 0 1
170	1	1 1 0 0 1 1 1 1 1 0 0 0 1 1 1 1 0 0 1 0 1 1 0 1 1 1 1 0 1 0 0 0 0 1 1 1 0 1 1 0 0 1 0 0 0 1 0 1 0 1
170	7	1 1 0 0 1 1 1 1 1 0 0 0 1 1 1 1 0 0 1 0 1 1 0 1 1 1 1 0 1 0 0 0 1 1 1 1 0 1 1 0 0 1 0 0 0 1 0 1 0 1
170	1	1 1 0 0 1 1 1 1 0 0 0 0 1 1 1 1 0 1 1 0 1 1 0 1 1 1 1 0 1 1 0 0 1 1 1 1 0 1 1 0 0 1 0 0 0 1 0 1 0 0
170	5	1 1 0 0 1 1 1 1 0 0 0 0 1 1 1 1 0 1 1 0 1 1 0 1 1 1 1 0 1 1 0 0 1 1 1 1 0 1 1 0 0 1 0 0 0 1 0 1 0 1
170	6	1 1 0 0 1 0 1 1 0 0 0 0 1 1 1 1 0 1 1 0 1 1 0 1 1 1 1 0 1 0 0 0 1 1 1 1 0 1 1 0 0 1 0 0 0 1 0 1 0 0
180	4	1 1 0 1 1 1 1 1 0 0 0 0 1 1 1 1 0 1 1 0 1 1 0 1 1 1 1 0 1 0 0 0 1 1 1 1 0 1 1 0 0 1 0 0 0 1 0 1 0 0
180	2	1 1 0 1 1 1 1 1 0 0 0 0 0 1 1 1 0 1 1 0 1 1 0 1 1 1 1 0 1 0 0 0 1 1 1 1 0 1 1 0 0 1 0 0 0 1 0 1 0 1
180	1	1 1 0 1 1 1 1 1 0 0 0 0 1 1 1 1 0 1 1 0 1 1 0 1 1 1 1 0 1 0 0 0 1 1 1 1 0 1 1 1 0 1 0 0 0 1 0 1 0 1
180	18	1 1 0 1 1 1 1 1 0 0 0 0 1 1 1 1 0 1 1 0 1 1 0 1 1 1 1 0 1 0 0 0 1 1 1 1 0 1 1 0 0 1 0 0 0 1 0 1 0 1
180	1	1 1 0 1 1 0 1 1 0 0 0 0 1 1 1 1 0 1 1 0 1 1 0 1 1 1 1 0 1 0 0 0 1 1 1 1 0 1 1 0 0 1 0 0 0 1 0 1 0 1
180	3	1 1 0 0 1 0 1 1 1 0 0 0 1 1 1 1 0 0 1 1 1 1 0 1 1 1 1 0 1 0 0 0 1 1 1 1 0 1 1 0 0 1 0 0 0 1 0 1 0 1
180	1	1 1 0 0 1 0 1 1 1 0 0 0 1 1 1 1 0 0 1 0 1 1 0 1 1 1 1 0 1 0 0 0 1 1 1 1 0 1 1 0 0 1 0 0 0 1 0 0 0 1
180	8	1 1 0 0 1 0 1 1 1 0 0 0 1 1 1 1 0 0 1 0 1 1 0 1 1 1 1 0 1 0 0 0 1 1 1 1 0 1 1 0 0 1 0 0 0 1 0 1 0 1
180	1	1 1 0 0 1 0 1 1 1 0 0 0 1 1 1 1 1 1 1 0 1 1 0 1 1 1 1 0 1 0 0 0 1 1 1 1 0 1 1 0 0 1 0 0 0 1 0 1 0 1
180	2	1 1 0 0 1 1 1 1 0 0 0 0 1 1 1 1 0 1 1 0 1 1 0 1 1 1 1 0 1 0 0 0 1 1 1 1 0 1 1 0 0 1 0 0 0 1 0 1 0 1
180	2	1 1 0 0 1 0 1 1 0 1 0 0 1 1 1 1 0 1 1 0 1 1 0 1 0 1 1 0 1 1 0 0 1 1 1 1 0 1 1 0 0 0 0 0 0 1 0 1 0 1
180	7	1 1 0 0 1 0 1 1 0 1 0 0 1 1 1 1 0 1 1 0 1 1 0 1 0 1 1 0 1 0 0 0 1 1 1 1 0 1 1 0 0 0 0 0 0 1 0 1 0 1
180	1	1 1 0 0 1 0 1 1 0 1 0 0 1 1 1 1 0 1 1 0 1 1 0 1 1 1 1 0 0 0 0 0 1 1 1 1 0 1 1 0 0 1 0 0 0 1 0 1 0 1
180	2	1 1 0 0 1 0 1 1 0 0 0 0 1 1 1 1 0 1 1 0 1 1 0 1 1 1 1 0 1 0 0 0 1 1 1 1 0 1 1 0 0 1 0 0 0 1 0 1 0 1
180	28	1 1 0 0 1 0 1 1 0 1 0 0 1 1 1 1 0 1 1 0 1 1 0 1 1 1 1 0 1 0 0 0 1 1 1 1 0 1 1 0 0 1 0 0 0 1 0 1 0 1
180	10	1 1 0 0 1 1 1 1 1 0 0 0 1 1 1 1 0 0 1 0 1 1 0 1 1 1 1 0 1 0 0 0 1 1 1 1 0 1 1 0 0 1 0 0 0 1 0 1 0 1
180	2	1 1 0 0 1 1 1 1 0 0 0 0 1 1 1 1 0 1 1 0 1 1 0 1 1 1 1 0 1 1 0 0 1 1 1 1 0 1 1 0 0 1 0 0 0 1 0 1 0 0
180	2	1 1 0 0 1 1 1 1 0 0 0 0 1 1 1 1 0 1 1 0 1 1 0 1 1 1 1 0 1 1 0 0 1 1 1 1 0 1 1 0 0 1 0 0 0 1 0 1 0 1
180	5	1 1 0 0 1 0 1 1 0 0 0 0 1 1 1 1 0 1 1 0 1 1 0 1 1 1 1 0 1 0 0 0 1 1 1 1 0 1 1 0 0 1 0 0 0 1 0 1 0 0
190	1	1 1 0 0 1 1 1 1 0 0 0 0 1 1 1 1 0 1 1 0 1 1 0 1 1 1 1 0 1 0 0 0 1 1 1 1 0 1 1 0 0 1 0 0 0 0 0 1 0 0
190	17	1 1 0 1 1 1 1 1 0 0 0 0 1 1 1 1 0 1 1 0 1 1 0 1 1 1 1 0 1 0 0 0 1 1 1 1 0 1 1 0 0 1 0 0 0 1 0 1 0 0
190	1	1 1 0 1 1 1 1 1 0 0 0 0 1 1 1 1 0 1 1 0 1 1 0 1 1 1 1 0 1 0 0 0 1 1 1 1 0 1 1 0 0 1 0 0 0 0 0 1 0 0
190	2	1 1 0 1 1 1 1 1 0 0 0 0 0 1 1 1 0 1 1 0 1 1 0 1 1 1 1 0 1 0 0 0 1 1 1 1 0 1 1 0 0 1 0 0 0 1 0 1 0 1
190	19	1 1 0 1 1 1 1 1 0 0 0 0 1 1 1 1 0 1 1 0 1 1 0 1 1 1 1 0 1 0 0 0 1 1 1 1 0 1 1 0 0 1 0 0 0 1 0 1 0 1
190	1	1 1 0 0 1 0 1 1 1 0 0 0 1 1 1 1 0 0 1 0 1 1 0 1 1 1 1 0 1 0 0 0 1 1 1 1 0 1 1 0 0 1 0 0 0 1 0 0 0 1
190	2	1 1 0 0 1 0 1 1 1 0 0 0 1 1 1 1 0 0 1 0 1 1 0 1 1 1 1 0 1 0 0 0 1 1 1 1 0 1 1 0 0 1 0 0 0 1 0 1 0 1
190	1	1 1 0 0 1 0 1 1 1 0 0 0 1 1 0 1 1 1 1 0 1 1 0 1 1 1 1 0 1 0 1 0 1 1 1 1 0 1 1 0 0 1 0 0 0 1 0 1 0 1
190	1	1 1 0 0 1 1 1 1 0 0 0 0 1 1 1 1 0 1 1 0 1 1 0 1 1 1 1 0 1 0 0 0 1 0 1 1 0 1 1 0 0 1 0 0 0 1 0 1 0 1
190	3	1 1 0 0 1 1 1 1 0 0 0 0 1 1 1 1 0 1 1 0 1 1 0 1 1 1 1 0 1 0 0 0 1 1 1 1 0 1 1 0 0 1 0 0 0 1 0 1 0 1
190	13	1 1 0 0 1 0 1 1 0 1 0 0 1 1 1 1 0 1 1 0 1 1 0 1 0 1 1 0 1 1 0 0 1 1 1 1 0 1 1 0 0 0 0 0 0 1 0 1 0 1
190	1	1 1 0 0 1 0 0 1 0 1 0 0 1 1 1 1 0 1 1 0 1 1 0 1 0 1 1 0 1 0 0 0 1 1 1 1 0 1 1 0 0 0 0 0 0 1 0 1 0 1
190	10	1 1 0 0 1 0 1 1 0 1 0 0 1 1 1 1 0 1 1 0 1 1 0 1 0 1 1 0 1 0 0 0 1 1 1 1 0 1 1 0 0 0 0 0 0 1 0 1 0 1
190	20	1 1 0 0 1 0 1 1 0 1 0 0 1 1 1 1 0 1 1 0 1 1 0 1 1 1 1 0 1 0 0 0 1 1 1 1 0 1 1 0 0 1 0 0 0 1 0 1 0 1
190	5	1 1 0 0 1 1 1 1 1 0 0 0 1 1 1 1 0 0 1 0 1 1 0 1 1 1 1 0 1 0 0 0 1 1 1 1 0 1 1 0 0 1 0 0 0 1 0 1 0 1
190	1	1 1 0 0 1 1 1 1 0 0 0 0 1 1 1 1 0 1 1 0 1 1 0 1 1 1 1 0 1 1 0 0 1 1 1 1 0 1 1 0 0 1 0 0 0 1 0 1 0 0
190	1	1 1 0 0 1 1 1 1 0 0 0 0 1 1 1 1 0 1 1 0 1 1 0 1 1 1 1 0 1 1 0 0 1 1 1 1 0 1 1 0 0 1 0 0 0 1 0 1 0 1
190	1	1 1 0 0 1 0 1 1 0 0 0 0 1 1 1 1 0 1 1 0 1 1 0 1 1 1 1 0 1 0 0 0 1 1 1 1 0 1 1 0 0 1 0 0 0 1 0 1 0 0
200	6	1 1 0 0 1 1 1 1 0 0 0 0 1 1 1 1 0 1 1 0 1 1 0 1 1 1 1 0 1 0 0 0 1 1 1 1 0 1 1 0 0 1 0 0 0 0 0 1 0 0
200	1	1 1 0 1 1 1 1 1 0 0 0 0 1 1 1 1 0 1 1 0 1 1 0 1 1 1 1 0 1 0 0 0 1 1 1 1 0 1 1 1 0 1 0 0 0 1 0 1 0 0
200	2	1 1 0 1 1 1 1 1 0 0 0 0 1 1 1 1 0 1 1 0 1 1 0 1 1 1 1 0 1 0 0 0 1 1 1 0 0 1 1 0 0 1 0 0 0 1 0 1 0 0
200	1	1 1 1 1 1 1 1 1 0 0 0 0 1 1 1 1 0 1 1 0 1 1 0 1 1 1 1 0 1 0 0 0 1 1 1 1 0 1 1 0 0 1 0 0 0 1 0 1 0 0
200	20	1 1 0 1 1 1 1 1 0 0 0 0 1 1 1 1 0 1 1 0 1 1 0 1 1 1 1 0 1 0 0 0 1 1 1 1 0 1 1 0 0 1 0 0 0 1 0 1 0 1
200	33	1 1 0 1 1 1 1 1 0 0 0 0 1 1 1 1 0 1 1 0 1 1 0 1 1 1 1 0 1 0 0 0 1 1 1 1 0 1 1 0 0 1 0 0 0 1 0 1 0 0
200	3	1 1 0 1 1 1 1 1 0 0 0 0 1 1 1 1 0 1 1 0 1 1 0 1 1 1 1 0 1 0 0 0 1 1 1 1 0 1 1 0 0 1 0 0 0 0 0 1 0 0
200	1	1 1 0 1 0 1 1 1 0 0 0 0 1 1 1 1 0 1 1 0 1 1 0 1 1 1 1 0 1 0 0 0 1 1 1 1 0 1 1 0 0 1 0 0 0 1 0 1 0 1
200	1	1 1 0 0 1 0 1 1 1 0 0 0 1 1 1 1 0 0 1 0 1 1 0 1 1 1 1 0 1 0 0 0 1 1 1 1 0 1 1 0 0 1 0 0 0 1 0 0 0 1
200	1	1 1 0 0 1 0 1 1 1 0 0 0 1 1 1 1 0 0 1 0 1 1 0 1 1 1 1 0 1 0 0 0 1 1 1 1 0 1 1 0 0 1 0 0 0 1 0 1 0 1
200	1	1 1 0 0 1 0 1 1 0 1 0 0 1 1 1 1 0 1 1 0 1 1 0 1 0 1 1 0 1 1 0 0 1 0 1 1 0 1 1 0 0 0 0 0 0 1 0 1 0 1
200	7	1 1 0 0 1 0 1 1 0 1 0 0 1 1 1 1 0 1 1 0 1 1 0 1 0 1 1 0 1 1 0 0 1 1 1 1 0 1 1 0 0 0 0 0 0 1 0 1 0 1
200	1	1 1 0 0 1 0 1 1 0 1 0 0 1 1 1 1 0 1 1 0 1 1 0 1 0 1 1 0 1 0 0 0 1 1 1 1 0 1 1 0 0 0 0 0 0 1 1 1 0 1
200	5	1 1 0 0 1 0 1 1 0 1 0 0 1 1 1 1 0 1 1 0 1 1 0 1 0 1 1 0 1 0 0 0 1 1 1 1 0 1 1 0 0 0 0 0 0 1 0 1 0 1
200	4	1 1 0 0 1 0 1 1 1 1 0 0 1 1 1 1 0 1 1 0 1 1 0 1 1 1 1 0 1 0 0 0 1 1 1 1 0 1 1 0 0 1 0 0 0 1 0 1 0 1
200	1	1 1 0 0 1 0 1 1 0 1 0 0 1 1 1 1 0 1 1 0 1 1 0 1 1 1 0 0 1 0 0 0 1 1 1 1 0 1 1 0 0 1 0 0 0 1 0 1 0 1
200	8	1 1 0 0 1 0 1 1 0 1 0 0 1 1 1 1 0 1 1 0 1 1 0 1 1 1 1 0 1 0 0 0 1 1 1 1 0 1 1 0 0 1 0 0 0 1 0 1 0 1
200	3	1 1 0 0 1 1 1 1 1 0 0 0 1 1 1 1 0 0 1 0 1 1 0 1 1 1 1 0 1 0 0 0 1 1 1 1 0 1 1 0 0 1 0 0 0 1 0 1 0 1
200	1	1 1 0 0 1 1 1 1 0 0 0 0 1 1 1 1 0 1 1 0 1 1 0 1 1 1 1 0 1 1 0 0 1 1 1 1 0 1 1 0 0 1 0 0 0 1 0 1 0 0
210	1	1 1 0 0 1 1 1 1 1 0 0 0 1 1 1 1 0 1 1 0 1 1 0 1 1 1 1 0 1 0 0 0 1 1 1 1 0 1 1 0 0 1 0 0 1 0 0 1 0 0
210	2	1 1 0 0 1 1 1 1 1 0 0 0 1 1 1 1 0 1 1 0 1 1 0 1 1 1 1 0 1 0 0 0 1 1 1 1 0 1 1 0 0 1 0 0 0 0 0 1 0 0
210	15	1 1 0 1 1 1 1 1 0 0 0 0 1 1 1 1 0 1 1 0 1 1 0 1 1 1 1 0 1 0 0 0 1 1 1 1 0 1 1 0 0 1 0 0 0 0 0 1 0 0
210	6	1 1 0 0 1 1 1 1 0 0 0 0 1 1 1 1 0 1 1 0 1 1 0 1 1 1 1 0 1 0 0 0 1 1 1 1 0 1 1 0 0 1 0 0 0 0 0 1 0 0
210	2	1 1 1 1 1 1 1 1 0 0 0 0 1 1 1 1 0 1 1 0 1 1 0 1 1 1 1 0 1 0 0 0 1 1 1 1 0 1 1 0 0 1 0 0 0 1 0 1 0 0
210	16	1 1 0 1 1 1 1 1 0 0 0 0 1 1 1 1 0 1 1 0 1 1 0 1 1 1 1 0 1 0 0 0 1 1 1 1 0 1 1 0 0 1 0 0 0 1 0 1 0 1
210	1	1 1 0 1 1 1 1 1 0 0 0 0 1 0 1 1 0 1 1 0 1 1 0 1 1 1 1 0 1 0 0 0 1 1 1 1 0 1 1 0 0 1 0 0 0 1 0 1 0 0
210	1	1 1 0 1 1 1 1 1 0 0 0 0 1 1 1 1 0 1 1 0 1 1 0 0 1 1 1 0 1 0 0 0 1 1 1 1 0 1 1 0 0 1 0 0 0 1 0 1 0 0
210	40	1 1 0 1 1 1 1 1 0 0 0 0 1 1 1 1 0 1 1 0 1 1 0 1 1 1 1 0 1 0 0 0 1 1 1 1 0 1 1 0 0 1 0 0 0 1 0 1 0 0
210	2	1 1 0 1 1 1 1 1 0 0 0 0 1 1 1 1 0 1 1 0 1 1 0 1 0 1 1 0 1 0 0 0 1 1 1 1 0 1 1 0 0 1 0 0 0 1 0 1 0 1
210	1	1 1 0 1 1 1 1 1 0 0 0 0 1 1 1 0 0 1 1 0 1 1 0 1 1 1 1 0 1 0 0 0 1 1 1 1 0 1 1 0 0 1 0 0 0 1 0 1 0 1
210	1	1 1 0 0 1 0 1 1 0 1 0 0 1 1 1 1 0 1 1 0 1 1 0 1 0 1 1 0 1 1 0 0 1 0 1 1 0 1 1 0 0 0 0 0 0 1 0 1 0 1
210	2	1 1 0 0 1 0 1 1 0 1 0 0 1 1 1 1 0 1 1 0 1 1 0 1 0 1 1 0 1 1 0 0 1 1 1 1 0 1 1 0 0 0 0 0 0 1 0 1 0 1
210	1	1 1 0 0 1 0 1 1 0 1 0 0 1 1 1 1 0 1 1 0 1 1 0 1 0 1 1 0 1 0 0 0 1 1 1 1 0 1 1 0 0 0 0 0 0 1 1 1 0 1
210	5	1 1 0 0 1 0 1 1 0 1 0 0 1 1 1 1 0 1 1 0 1 1 0 1 0 1 1 0 1 0 0 0 1 1 1 1 0 1 1 0 0 0 0 0 0 1 0 1 0 1
210	3	1 1 0 0 1 1 1 1 1 0 0 0 1 1 1 1 0 0 1 0 1 1 0 1 1 1 1 0 1 0 0 0 1 1 1 1 0 1 1 0 0 1 0 0 0 1 0 1 0 1
210	1	1 1 0 0 1 1 1 1 0 0 0 0 1 1 1 1 0 1 1 0 1 1 0 1 1 1 1 0 1 1 0 0 1 1 1 1 0 1 1 0 0 1 0 0 0 1 0 1 0 0
220	1	1 1 0 0 1 1 1 1 1 0 0 0 1 1 1 1 0 1 1 0 1 1 0 1 1 1 1 0 1 0 0 0 1 1 1 1 0 1 1 0 0 1 0 0 1 0 0 1 0 0
220	7	1 1 0 0 1 1 1 1 1 0 0 0 1 1 1 1 0 1 1 0 1 1 0 1 1 1 1 0 1 0 0 0 1 1 1 1 0 1 1 0 0 1 0 0 0 0 0 1 0 0
220	2	1 1 0 1 1 1 1 1 1 0 0 0 1 1 1 1 0 1 1 0 1 1 0 1 1 1 1 0 1 0 0 0 1 1 1 1 0 1 1 0 0 1 0 0 0 0 0 1 0 0
220	28	1 1 0 1 1 1 1 1 0 0 0 0 1 1 1 1 0 1 1 0 1 1 0 1 1 1 1 0 1 0 0 0 1 1 1 1 0 1 1 0 0 1 0 0 0 0 0 1 0 0
220	1	1 1 0 0 1 1 1 0 0 0 0 0 1 1 1 1 0 1 1 0 1 1 0 1 1 1 1 0 1 0 0 0 0 1 1 1 0 1 1 0 0 1 0 0 0 0 0 1 0 0
220	6	1 1 0 0 1 1 1 1 0 0 0 0 1 1 1 1 0 1 1 0 1 1 0 1 1 1 1 0 1 0 0 0 1 1 1 1 0 1 1 0 0 1 0 0 0 0 0 1 0 0
220	1	1 1 0 1 1 1 1 1 0 0 0 0 1 1 1 1 0 1 1 0 1 1 0 1 1 1 1 0 1 1 0 0 1 1 1 0 0 1 1 0 0 1 0 0 0 1 0 1 0 0
220	5	1 1 1 1 1 1 1 1 0 0 0 0 1 1 1 1 0 1 1 0 1 1 0 1 1 1 1 0 1 0 0 0 1 1 1 1 0 1 1 0 0 1 0 0 0 1 0 1 0 0
220	3	1 1 0 1 1 1 1 1 0 0 0 0 1 1 1 1 0 1 1 0 1 1 0 1 1 1 1 0 1 0 0 0 1 1 1 1 0 1 1 0 0 1 0 0 0 1 0 1 0 1
220	6	1 1 0 1 1 1 1 1 0 0 0 0 1 1 1 1 1 1 1 0 1 1 0 1 1 1 1 0 1 0 0 0 1 1 1 1 0 1 1 0 0 1 0 0 0 1 0 1 0 0
220	1	1 1 0 1 1 1 1 1 0 0 0 0 1 1 1 1 0 1 1 0 1 1 0 1 1 1 1 0 1 0 0 0 0 1 1 1 0 1 1 0 0 1 0 0 0 1 0 1 0 0
220	30	1 1 0 1 1 1 1 1 0 0 0 0 1 1 1 1 0 1 1 0 1 1 0 1 1 1 1 0 1 0 0 0 1 1 1 1 0 1 1 0 0 1 0 0 0 1 0 1 0 0
220	2	1 1 0 1 1 1 1 1 0 0 0 0 1 1 1 1 0 1 1 0 1 1 0 1 0 1 1 0 1 0 0 0 1 1 1 1 0 1 1 0 0 1 0 0 0 1 0 1 0 1
220	3	1 1 0 0 1 0 1 1 1 0 0 0 1 1 1 1 0 0 1 0 1 1 0 1 1 1 1 0 1 0 0 0 1 1 1 1 0 1 1 0 0 1 0 0 0 1 0 0 0 1
220	1	1 1 0 0 1 0 1 1 0 1 0 0 1 1 1 1 0 1 1 0 1 1 0 1 1 1 1 0 1 0 0 0 1 1 1 1 0 1 1 0 0 1 0 0 0 1 0 1 0 1
220	2	1 1 0 0 1 1 1 1 1 0 0 1 1 1 1 1 0 0 1 0 1 1 0 1 1 1 1 0 1 0 0 0 1 1 1 1 0 1 1 0 0 1 0 0 0 1 0 1 0 1
220	1	1 1 0 0 1 1 1 1 1 0 0 0 1 1 1 1 0 0 1 0 1 1 0 1 1 1 1 0 1 0 0 0 1 1 1 1 0 1 1 0 0 1 0 0 0 1 0 1 0 1
230	1	1 1 0 0 1 0 1 1 1 0 0 0 1 1 1 1 0 1 1 0 1 1 0 1 1 1 1 0 1 0 0 0 1 1 1 1 0 1 1 0 0 1 0 0 0 0 0 1 0 0
230	15	1 1 0 0 1 1 1 1 1 0 0 0 1 1 1 1 0 1 1 0 1 1 0 1 1 1 1 0 1 0 0 0 1 1 1 1 0 1 1 0 0 1 0 0 0 0 0 1 0 0
230	5	1 1 0 1 1 1 1 1 1 0 0 0 1 1 1 1 0 1 1 0 1 1 0 1 1 1 1 0 1 0 0 0 1 1 1 1 0 1 1 0 0 1 0 0 0 0 0 1 0 0
230	1	1 1 0 1 1 1 1 1 0 0 0 0 1 1 1 1 0 1 1 1 1 1 0 1 1 1 1 0 1 0 0 0 1 1 1 1 0 1 1 0 0 1 0 0 0 0 0 1 0 0
230	3	1 1 0 1 1 1 1 1 0 0 1 0 1 1 1 1 0 1 1 0 1 1 0 1 1 1 1 0 1 0 0 0 1 1 1 1 0 1 1 0 0 1 0 0 0 0 0 1 0 0
230	23	1 1 0 1 1 1 1 1 0 0 0 0 1 1 1 1 0 1 1 0 1 1 0 1 1 1 1 0 1 0 0 0 1 1 1 1 0 1 1 0 0 1 0 0 0 0 0 1 0 0
230	1	1 1 0 0 1 1 1 1 0 0 0 0 1 1 1 1 0 1 1 0 1 1 0 1 1 1 1 0 1 0 0 0 1 1 1 1 0 1 1 1 0 1 0 0 0 0 0 1 0 0
230	10	1 1 0 0 1 1 1 1 0 0 0 0 1 1 1 1 0 1 1 0 1 1 0 1 1 1 1 0 1 0 0 0 1 1 1 1 0 1 1 0 0 1 0 0 0 0 0 1 0 0
230	5	1 1 1 1 1 1 1 1 0 0 0 0 1 1 1 1 0 1 1 0 1 1 0 1 1 1 1 0 1 0 0 0 1 1 1 1 0 1 1 0 0 1 0 0 0 1 0 1 0 0
230	5	1 1 0 1 1 1 1 1 0 0 0 0 1 1 1 1 1 1 1 0 1 1 0 1 1 1 1 0 1 0 0 0 1 1 1 1 0 1 1 0 0 1 0 0 0 1 0 1 0 0
230	29	1 1 0 1 1 1 1 1 0 0 0 0 1 1 1 1 0 1 1 0 1 1 0 1 1 1 1 0 1 0 0 0 1 1 1 1 0 1 1 0 0 1 0 0 0 1 0 1 0 0
230	1	1 1 0 0 1 0 1 1 0 1 0 0 1 1 1 1 0 1 1 0 1 1 0 1 0 1 1 0 1 0 0 0 1 1 1 1 0 1 1 0 0 0 0 0 0 1 0 1 0 1
230	1	1 1 0 0 1 1 1 1 1 0 0 1 1 1 1 1 0 0 1 0 1 1 0 1 1 1 1 0 1 0 0 0 1 1 1 1 0 1 1 0 0 1 0 0 0 1 0 1 0 1
240	1	1 1 0 0 1 1 1 1 1 0 0 0 1 1 1 1 0 1 1 1 1 1 0 1 1 1 1 0 1 0 0 0 1 1 1 1 0 1 1 0 0 1 0 0 0 0 0 1 0 0
240	12	1 1 0 0 1 1 1 1 1 0 0 0 1 1 1 1 0 1 1 0 1 1 0 1 1 1 1 0 1 0 0 0 1 1 1 1 0 1 1 0 0 1 0 0 0 0 0 1 0 0
240	8	1 1 0 1 1 1 1 1 1 0 0 0 1 1 1 1 0 1 1 0 1 1 0 1 1 1 1 0 1 0 0 0 1 1 1 1 0 1 1 0 0 1 0 0 0 0 0 1 0 0
240	3	1 1 0 1 1 1 1 1 0 1 0 0 1 1 1 1 0 1 1 0 1 1 0 1 1 1 1 0 1 0 0 0 1 1 1 1 0 1 1 0 0 1 0 0 0 0 0 1 0 0
240	1	1 1 0 1 1 1 1 1 0 0 1 0 1 1 1 1 0 1 1 0 1 1 0 1 1 1 1 0 1 0 0 0 1 1 1 1 0 1 1 0 0 1 0 0 0 0 0 1 0 0
240	1	1 1 0 1 1 1 1 1 0 0 0 0 1 1 1 1 0 1 1 0 1 1 0 1 1 1 1 0 1 0 0 0 1 1 1 1 0 1 1 0 0 1 0 0 0 0 1 1 0 0
240	1	1 1 0 1 1 1 1 1 0 0 0 0 1 1 1 1 0 1 1 0 1 1 0 1 1 1 1 1 1 0 0 0 1 1 1 1 0 1 1 0 0 1 0 0 0 0 0 1 0 0
240	1	1 1 0 1 1 1 1 1 0 0 0 0 1 1 1 1 0 1 1 0 1 1 0 1 1 1 1 0 1 0 0 0 1 0 1 1 0 1 1 0 0 1 0 0 0 1 0 1 0 0
240	1	1 1 0 1 1 1 1 1 0 0 0 0 1 1 1 1 0 1 1 0 1 1 0 0 1 1 1 0 1 0 0 0 1 1 1 1 0 1 1 0 0 1 0 0 0 1 0 1 0 0
240	21	1 1 0 1 1 1 1 1 0 0 0 0 1 1 1 1 0 1 1 0 1 1 0 1 1 1 1 0 1 0 0 0 1 1 1 1 0 1 1 0 0 1 0 0 0 1 0 1 0 0
240	26	1 1 0 1 1 1 1 1 0 0 0 0 1 1 1 1 0 1 1 0 1 1 0 1 1 1 1 0 1 0 0 0 1 1 1 1 0 1 1 0 0 1 0 0 0 0 0 1 0 0
240	2	1 1 0 0 1 1 1 1 0 0 0 0 1 1 1 1 0 1 1 0 1 1 0 1 1 1 1 0 1 0 0 0 1 1 1 1 0 1 1 1 0 1 0 0 0 0 0 1 0 0
240	6	1 1 0 0 1 1 1 1 0 0 0 0 1 1 1 1 0 1 1 0 1 1 0 1 1 1 1 0 1 0 0 0 1 1 1 1 0 1 1 0 0 1 0 0 0 0 0 1 0 0
240	1	1 1 1 1 1 1 1 1 0 0 0 0 1 1 1 1 0 1 1 0 1 0 0 1 1 1 1 0 1 0 0 0 1 1 1 1 0 1 1 0 0 1 0 0 0 1 0 1 0 0
240	11	1 1 1 1 1 1 1 1 0 0 0 0 1 1 1 1 0 1 1 0 1 1 0 1 1 1 1 0 1 0 0 0 1 1 1 1 0 1 1 0 0 1 0 0 0 1 0 1 0 0
240	2	1 1 0 1 1 1 1 1 0 0 0 0 1 1 1 1 1 1 1 0 1 1 0 1 1 1 1 0 1 0 0 0 1 1 1 1 0 1 1 0 0 1 0 0 0 1 0 1 0 0
240	1	1 1 0 1 1 0 1 1 0 0 0 0 1 1 1 1 0 1 1 0 1 1 0 1 1 1 1 0 1 0 0 0 1 1 1 1 0 1 1 0 0 1 0 0 0 1 0 1 0 0
240	1	1 1 0 0 1 0 1 1 0 1 0 0 1 1 1 1 0 1 1 0 1 1 0 1 0 1 1 0 1 0 0 0 1 1 1 1 0 1 1 0 0 0 0 0 0 1 0 1 0 1
250	20	1 1 0 1 1 1 1 1 0 0 0 0 1 1 1 1 0 1 1 0 1 1 0 1 1 1 1 0 1 0 0 0 1 1 1 1 0 1 1 0 0 1 0 0 0 0 0 1 0 0
250	2	1 1 0 0 1 1 1 1 0 0 0 0 1 1 1 1 0 1 1 0 1 1 0 1 1 1 1 0 1 0 0 0 1 1 1 1 0 1 1 0 0 1 0 0 0 0 0 1 0 0
250	15	1 1 0 0 1 1 1 1 1 0 0 0 1 1 1 1 0 1 1 0 1 1 0 1 1 1 1 0 1 0 0 0 1 1 1 1 0 1 1 0 0 1 0 0 0 0 0 1 0 0
250	1	1 1 0 1 1 1 1 1 1 0 0 0 1 1 1 1 0 1 1 0 1 1 0 1 1 1 1 0 1 0 0 0 1 1 1 1 0 1 1 0 0 1 0 0 0 1 0 1 0 0
250	1	1 1 0 1 1 1 1 1 1 0 0 0 1 1 1 1 0 1 1 0 1 1 0 1 1 1 1 0 1 0 0 0 1 1 1 1 0 1 1 0 0 1 0 0 0 0 1 1 0 0
250	20	1 1 0 1 1 1 1 1 1 0 0 0 1 1 1 1 0 1 1 0 1 1 0 1 1 1 1 0 1 0 0 0 1 1 1 1 0 1 1 0 0 1 0 0 0 0 0 1 0 0
250	1	1 1 0 1 1 1 1 1 0 1 0 0 1 1 1 1 0 1 1 0 1 1 0 1 1 1 1 0 1 0 0 0 1 1 1 1 0 1 1 0 0 0 0 0 0 0 0 1 0 0
250	6	1 1 0 1 1 1 1 1 0 1 0 0 1 1 1 1 0 1 1 0 1 1 0 1 1 1 1 0 1 0 0 0 1 1 1 1 0 1 1 0 0 1 0 0 0 0 0 1 0 0
250	2	1 1 0 1 1 1 1 1 0 0 1 0 1 1 1 1 0 1 1 0 1 1 0 1 1 1 1 0 1 0 0 0 1 1 1 1 0 1 1 0 0 1 0 0 0 0 0 1 0 0
250	2	1 1 0 1 1 1 1 1 0 0 0 0 1 1 1 1 0 1 1 0 1 1 0 1 1 1 1 1 1 0 0 0 1 1 1 1 0 1 1 0 0 1 0 0 0 0 0 1 0 0
250	3	1 1 0 1 1 1 1 1 0 0 0 0 1 1 1 1 0 1 1 0 1 1 0 1 1 1 1 0 1 0 0 0 1 1 1 1 0 1 1 0 0 1 0 0 0 0 0 1 0 1
250	11	1 1 0 1 1 1 1 1 0 0 0 0 1 1 1 1 0 1 1 0 1 1 0 1 1 1 1 0 1 0 0 0 1 1 1 1 0 1 1 0 0 1 0 0 0 1 0 1 0 0
250	1	1 1 0 1 1 1 1 1 0 0 0 0 1 1 1 1 0 1 1 0 1 1 0 1 1 1 1 0 1 1 0 0 1 1 1 1 0 1 1 0 0 1 0 0 0 0 0 1 0 0
250	1	1 1 0 1 1 1 1 1 0 0 0 0 1 1 1 1 0 1 1 0 1 1 0 1 1 1 1 0 0 0 0 0 1 1 1 1 0 1 1 0 0 1 0 0 0 0 0 1 0 0
250	13	1 1 1 1 1 1 1 1 0 0 0 0 1 1 1 1 0 1 1 0 1 1 0 1 1 1 1 0 1 0 0 0 1 1 1 1 0 1 1 0 0 1 0 0 0 1 0 1 0 0
250	1	1 1 0 1 1 1 1 1 0 0 0 0 1 1 1 1 1 1 1 0 1 1 0 1 1 1 1 0 1 0 0 0 1 1 1 1 0 1 1 0 0 1 0 0 0 1 0 1 0 0
260	6	1 1 0 1 1 1 1 1 0 0 1 0 1 1 1 1 0 1 1 0 1 1 0 1 1 1 1 0 1 0 0 0 1 1 1 1 0 1 1 0 0 1 0 0 0 0 0 1 0 0
260	16	1 1 0 1 1 1 1 1 0 0 0 0 1 1 1 1 0 1 1 0 1 1 0 1 1 1 1 0 1 0 0 0 1 1 1 1 0 1 1 0 0 1 0 0 0 0 0 1 0 0
260	1	1 1 0 0 1 1 1 1 0 0 0 0 1 1 1 1 0 1 1 0 1 1 0 1 1 1 1 0 1 0 0 0 1 1 1 1 0 1 1 0 0 1 0 0 0 0 0 1 0 0
260	1	1 1 0 0 1 1 1 1 1 0 0 0 1 1 1 1 0 1 1 0 1 1 0 1 1 1 1 0 1 0 0 0 1 1 1 1 0 1 1 1 0 1 0 0 0 0 0 1 0 0
260	28	1 1 0 1 1 1 1 1 1 0 0 0 1 1 1 1 0 1 1 0 1 1 0 1 1 1 1 0 1 0 0 0 1 1 1 1 0 1 1 0 0 1 0 0 0 0 0 1 0 0
260	17	1 1 0 0 1 1 1 1 1 0 0 0 1 1 1 1 0 1 1 0 1 1 0 1 1 1 1 0 1 0 0 0 1 1 1 1 0 1 1 0 0 1 0 0 0 0 0 1 0 0
260	1	1 1 0 1 1 1 1 1 1 0 0 0 1 1 1 1 0 1 1 0 1 1 0 1 1 1 1 0 1 0 0 0 1 1 1 1 0 1 1 0 0 1 1 0 0 0 0 1 0 0
260	8	1 1 0 1 1 1 1 1 0 1 0 0 1 1 1 1 0 1 1 0 1 1 0 1 1 1 1 0 1 0 0 0 1 1 1 1 0 1 1 0 0 0 0 0 0 0 0 1 0 0
260	8	1 1 0 1 1 1 1 1 0 1 0 0 1 1 1 1 0 1 1 0 1 1 0 1 1 1 1 0 1 0 0 0 1 1 1 1 0 1 1 0 0 1 0 0 0 0 0 1 0 0
260	7	1 1 0 1 1 1 1 1 0 0 0 0 1 1 1 1 0 1 1 0 1 1 0 1 1 1 1 0 1 0 0 0 1 1 1 1 0 1 1 0 0 1 0 0 0 1 0 1 0 0
260	1	1 1 0 1 1 1 1 1 0 0 0 0 1 1 1 1 0 1 1 0 1 1 0 1 1 1 1 0 1 1 0 0 1 1 1 1 0 1 1 0 0 1 0 0 0 0 0 1 0 0
260	1	1 1 0 1 1 1 1 1 0 0 0 0 1 1 0 1 0 1 1 0 1 1 0 1 1 1 1 0 0 0 0 0 1 1 1 1 0 1 1 0 0 1 0 0 0 0 0 1 0 0
260	4	1 1 1 1 1 1 1 1 0 0 0 0 1 1 1 1 0 1 1 0 1 1 0 1 1 1 1 0 1 0 0 0 1 1 1 1 0 1 1 0 0 1 0 0 0 1 0 1 0 0
260	1	1 1 0 1 1 1 1 1 0 0 0 0 1 1 1 1 1 1 1 0 1 1 0 1 1 1 1 0 1 0 0 0 1 1 1 1 0 1 1 0 0 1 0 0 0 1 0 1 0 0
270	2	1 1 0 1 1 1 1 1 0 0 1 0 1 1 1 1 0 1 1 0 1 1 0 1 1 1 1 0 1 0 0 0 1 1 1 1 0 1 1 0 0 1 0 0 0 0 1 1 0 0
270	1	1 1 0 1 1 1 1 1 0 0 0 0 1 1 1 1 0 1 1 0 1 1 0 1 1 1 1 0 1 0 1 0 1 1 1 1 0 1 1 0 0 1 0 0 0 0 0 1 0 0
270	10	1 1 0 1 1 1 1 1 0 0 0 0 1 1 1 1 0 1 1 0 1 1 0 1 1 1 1 0 1 0 0 0 1 1 1 1 0 1 1 0 0 1 0 0 0 0 0 1 0 0
270	1	1 1 0 1 1 1 1 1 1 0 0 0 1 1 1 1 0 1 1 0 1 1 0 1 1 0 1 0 1 0 0 0 1 1 1 1 0 1 1 0 0 1 0 0 0 0 0 1 0 0
270	1	1 1 0 1 1 1 1 1 1 0 0 0 1 1 1 1 0 1 1 0 1 1 0 1 1 1 1 0 1 0 0 0 1 1 0 1 0 1 1 0 0 1 0 0 0 0 0 1 0 0
270	41	1 1 0 1 1 1 1 1 1 0 0 0 1 1 1 1 0 1 1 0 1 1 0 1 1 1 1 0 1 0 0 0 1 1 1 1 0 1 1 0 0 1 0 0 0 0 0 1 0 0
270	1	1 1 1 0 1 1 1 1 1 0 0 0 1 1 1 1 0 1 1 0 1 1 0 1 1 1 1 0 1 0 0 0 1 1 1 1 0 1 1 0 0 1 0 0 0 0 0 1 0 0
270	5	1 1 0 0 1 1 1 1 1 0 0 0 1 1 1 1 0 1 1 0 1 1 0 1 1 1 1 0 1 0 0 0 1 1 1 1 0 1 1 0 0 1 0 0 0 0 0 1 0 0
270	1	1 1 0 1 1 1 1 1 1 0 0 0 1 1 1 1 0 1 1 0 1 1 0 1 1 1 1 0 1 0 0 0 1 0 1 1 0 1 1 0 0 1 0 0 0 0 0 1 0 0
270	1	1 1 1 1 1 1 1 1 0 1 0 0 1 1 1 1 0 1 1 0 1 1 0 1 1 1 1 0 1 0 0 0 1 1 1 1 0 1 1 0 0 0 0 0 0 0 0 1 0 0
270	1	1 1 0 1 1 1 1 1 0 1 0 0 1 1 1 1 0 1 1 0 1 1 0 1 1 1 1 0 1 0 0 0 1 1 1 1 1 1 1 0 0 0 0 0 0 0 0 1 0 0
270	1	1 1 0 1 1 1 1 1 0 1 0 0 1 1 0 1 0 1 1 0 1 1 0 1 1 1 1 0 1 0 0 0 1 1 1 1 0 1 1 0 0 0 0 0 0 0 0 1 0 0
270	18	1 1 0 1 1 1 1 1 0 1 0 0 1 1 1 1 0 1 1 0 1 1 0 1 1 1 1 0 1 0 0 0 1 1 1 1 0 1 1 0 0 0 0 0 0 0 0 1 0 0
270	3	1 1 0 1 1 1 1 1 0 1 0 0 1 0 1 1 0 1 1 0 1 1 0 1 1 1 1 0 1 0 0 0 1 1 1 1 0 1 1 0 0 1 0 0 0 0 0 1 0 0
270	7	1 1 0 1 1 1 1 1 0 1 0 0 1 1 1 1 0 1 1 0 1 1 0 1 1 1 1 0 1 0 0 0 1 1 1 1 0 1 1 0 0 1 0 0 0 0 0 1 0 0
270	3	1 1 0 1 1 1 1 1 0 0 0 0 1 1 1 1 0 1 1 0 1 1 0 1 1 1 1 0 1 0 0 0 1 1 1 1 0 1 1 0 0 1 0 0 0 1 0 1 0 0
270	1	1 1 0 1 1 1 1 1 0 0 0 0 1 1 1 1 0 1 1 0 1 1 0 1 1 1 1 0 1 1 0 0 1 1 1 1 0 1 1 0 0 1 0 0 0 0 0 1 0 0
270	2	1 1 1 1 1 1 1 1 0 0 0 0 1 1 1 1 0 1 1 0 1 1 0 1 1 1 1 0 1 0 0 0 1 1 1 1 0 1 1 0 0 1 0 0 0 1 0 1 0 0
280	1	1 1 0 1 1 1 1 1 0 0 1 0 1 1 1 1 0 1 1 0 1 1 0 1 1 1 1 0 1 0 0 0 1 1 1 1 0 1 1 0 0 1 0 0 0 0 0 1 0 0
280	3	1 1 0 1 1 1 1 1 0 0 0 0 1 1 1 1 0 1 1 0 1 1 0 1 1 1 1 0 1 0 0 0 1 1 1 1 0 1 1 0 0 1 0 0 0 0 0 1 0 0
280	2	1 1 0 0 1 1 1 1 1 0 0 0 1 1 1 1 0 1 1 0 1 1 0 1 1 1 1 0 1 0 0 0 1 1 1 1 0 1 1 1 0 1 0 0 0 0 0 1 0 0
280	37	1 1 0 1 1 1 1 1 1 0 0 0 1 1 1 1 0 1 1 0 1 1 0 1 1 1 1 0 1 0 0 0 1 1 1 1 0 1 1 0 0 1 0 0 0 0 0 1 0 0
280	4	1 1 0 0 1 1 1 1 1 0 0 0 1 1 1 1 0 1 1 0 1 1 0 1 1 1 1 0 1 0 0 0 1 1 1 1 0 1 1 0 0 1 0 0 0 0 0 1 0 0
280	1	1 1 0 1 1 1 1 1 0 1 0 1 1 1 1 1 0 1 1 0 1 1 0 1 1 1 1 0 1 0 0 0 1 1 1 1 0 1 1 0 0 0 0 0 0 0 0 1 0 0
280	1	1 1 0 1 1 1 1 1 0 1 0 0 1 1 1 1 0 1 1 0 1 1 0 1 1 1 1 0 1 0 0 0 1 1 1 1 1 1 1 0 0 0 0 0 0 0 0 1 0 0
280	27	1 1 0 1 1 1 1 1 0 1 0 0 1 1 1 1 0 1 1 0 1 1 0 1 1 1 1 0 1 0 0 0 1 1 1 1 0 1 1 0 0 0 0 0 0 0 0 1 0 0
280	1	1 1 0 1 1 1 1 1 0 1 0 0 1 1 0 1 0 1 1 0 1 1 0 1 1 1 1 0 1 0 0 0 1 1 1 1 0 1 1 0 0 0 0 0 0 0 0 1 0 0
280	1	1 1 0 1 1 1 1 1 0 1 0 0 1 1 1 1 0 1 1 0 1 1 1 1 1 1 1 0 1 0 0 0 1 1 1 1 0 1 1 0 0 0 0 0 0 0 0 1 0 0
280	4	1 1 0 1 1 1 1 1 0 1 0 0 1 0 1 1 0 1 1 0 1 1 0 1 1 1 1 0 1 0 0 0 1 1 1 1 0 1 1 0 0 1 0 0 0 0 0 1 0 0
280	16	1 1 0 1 1 1 1 1 0 1 0 0 1 1 1 1 0 1 1 0 1 1 0 1 1 1 1 0 1 0 0 0 1 1 1 1 0 1 1 0 0 1 0 0 0 0 0 1 0 0
280	1	1 1 0 1 1 1 1 1 0 0 0 0 1 1 1 1 0 1 1 0 1 1 0 1 1 1 1 0 1 1 0 0 1 1 1 1 0 1 1 0 0 1 0 0 0 0 0 1 0 0
280	1	1 1 1 1 1 1 1 1 0 0 0 0 1 1 1 1 0 1 1 0 1 1 0 1 1 1 1 0 1 0 0 0 1 1 1 1 0 1 1 0 0 1 0 0 0 1 0 1 0 0
290	3	1 1 0 1 1 1 1 1 0 0 0 0 1 1 1 1 0 1 1 0 1 1 0 1 1 1 1 0 1 0 0 0 1 1 1 1 0 1 1 0 0 1 0 0 0 0 0 1 0 0
290	1	1 1 0 1 1 1 1 1 1 0 1 0 1 1 1 1 0 1 1 0 1 1 0 1 1 1 1 0 1 0 0 0 1 1 1 1 0 1 1 0 0 1 0 0 0 0 0 1 0 0
290	1	1 1 0 1 1 1 1 1 1 0 0 0 1 1 1 1 0 1 1 0 1 1 0 1 1 1 1 0 0 0 0 0 1 1 1 1 0 1 1 0 0 1 0 0 0 0 0 1 0 0
290	1	1 1 0 1 1 1 1 1 1 0 0 0 1 1 1 1 0 1 1 0 1 1 0 1 1 1 0 0 1 0 0 0 1 1 1 1 0 1 1 0 0 1 0 0 0 0 0 1 0 0
290	2	1 1 0 1 1 1 1 1 1 0 0 0 1 1 1 1 0 1 1 0 1 1 0 1 1 1 1 0 1 0 0 0 0 1 1 1 0 1 1 0 0 1 0 0 0 0 0 1 0 0
290	5	1 1 0 0 1 1 1 1 1 0 0 0 1 1 1 1 0 1 1 0 1 1 0 1 1 1 1 0 1 0 0 0 1 1 1 1 0 1 1 0 0 1 0 0 0 0 0 1 0 0
290	24	1 1 0 1 1 1 1 1 1 0 0 0 1 1 1 1 0 1 1 0 1 1 0 1 1 1 1 0 1 0 0 0 1 1 1 1 0 1 1 0 0 1 0 0 0 0 0 1 0 0
290	4	1 1 0 1 1 1 1 1 0 1 0 1 1 1 1 1 0 1 1 0 1 1 0 1 1 1 1 0 1 0 0 0 1 1 1 1 0 1 1 0 0 0 0 0 0 0 0 1 0 0
290	1	1 1 0 1 1 1 1 1 0 1 0 0 1 1 1 1 0 1 1 0 1 1 0 1 1 1 0 0 1 0 0 0 1 1 1 1 0 1 1 0 0 0 0 0 0 0 0 1 0 0
290	1	1 1 0 1 1 1 1 1 0 1 0 0 1 1 1 1 0 1 1 0 1 1 0 1 1 1 1 0 1 0 0 0 1 1 1 1 0 1 1 0 0 0 0 1 0 0 0 1 0 0
290	1	1 1 0 1 1 1 1 1 0 1 0 0 1 1 1 1 0 1 1 0 1 1 0 1 1 1 1 0 1 0 0 0 1 1 1 0 0 1 1 0 0 0 0 0 0 0 0 1 0 0
290	31	1 1 0 1 1 1 1 1 0 1 0 0 1 1 1 1 0 1 1 0 1 1 0 1 1 1 1 0 1 0 0 0 1 1 1 1 0 1 1 0 0 0 0 0 0 0 0 1 0 0
290	6	1 1 0 1 1 1 1 1 0 1 0 0 1 1 0 1 0 1 1 0 1 1 0 1 1 1 1 0 1 0 0 0 1 1 1 1 0 1 1 0 0 0 0 0 0 0 0 1 0 0
290	2	1 1 0 1 1 1 1 1 0 1 0 0 1 1 1 1 0 1 1 0 1 1 0 1 1 1 1 0 1 0 0 0 1 1 1 1 0 1 1 0 0 0 0 0 0 0 1 1 0 0
290	1	1 1 0 1 1 1 1 1 0 1 0 0 1 0 0 1 0 1 1 0 1 1 0 1 1 1 1 0 1 0 0 0 1 1 1 1 0 1 1 0 0 1 0 0 0 0 0 1 0 0
290	7	1 1 0 1 1 1 1 1 0 1 0 0 1 0 1 1 0 1 1 0 1 1 0 1 1 1 1 0 1 0 0 0 1 1 1 1 0 1 1 0 0 1 0 0 0 0 0 1 0 0
290	7	1 1 0 1 1 1 1 1 0 1 0 0 1 1 1 1 0 1 1 0 1 1 0 1 1 1 1 0 1 0 0 0 1 1 1 1 0 1 1 0 0 1 0 0 0 0 0 1 0 0
290	2	1 1 1 1 1 1 1 1 0 0 0 0 1 1 1 1 0 1 1 0 1 1 0 1 1 1 1 0 1 0 0 0 1 1 1 1 0 1 1 0 0 1 0 0 0 1 0 1 0 0
300	1	1 1 0 1 1 1 1 1 1 0 0 0 1 1 1 1 0 1 1 0 1 1 0 1 1 1 1 0 1 0 0 0 1 1 0 1 0 1 1 0 0 1 0 0 0 0 0 1 0 0
300	3	1 1 0 1 1 1 1 1 1 0 0 0 1 1 1 1 0 1 1 0 1 1 0 1 1 1 1 0 0 0 0 0 1 1 1 1 0 1 1 0 0 1 0 0 0 0 0 1 0 0
300	31	1 1 0 1 1 1 1 1 1 0 0 0 1 1 1 1 0 1 1 0 1 1 0 1 1 1 1 0 1 0 0 0 1 1 1 1 0 1 1 0 0 1 0 0 0 0 0 1 0 0
300	2	1 1 0 1 1 1 1 1 0 1 0 1 1 1 1 1 0 1 1 0 1 1 0 1 1 1 1 0 1 0 0 0 1 1 1 1 0 1 1 0 0 0 0 0 0 0 0 1 0 0
300	2	1 1 0 1 1 1 1 1 0 1 0 0 1 1 1 1 0 1 1 0 1 1 0 1 1 1 1 0 1 0 0 0 1 1 1 1 0 1 1 0 0 0 0 1 0 0 0 1 0 0
300	1	1 1 0 1 1 1 1 1 0 1 0 0 1 1 1 1 0 1 1 0 1 1 0 0 1 1 1 0 1 0 0 0 1 1 1 1 0 1 1 0 0 0 0 0 0 0 0 1 0 0
300	1	1 1 0 1 1 1 1 1 0 1 0 0 1 1 1 1 1 1 1 0 1 1 0 1 1 1 1 0 1 0 0 0 1 1 1 1 0 1 1 0 0 0 0 0 0 0 0 1 0 0
300	1	1 1 0 1 1 1 1 1 0 1 0 0 1 1 1 0 0 1 1 0 1 1 0 1 1 1 1 0 1 0 0 0 1 1 1 1 0 1 1 0 0 0 0 0 0 0 0 1 0 0
300	49	1 1 0 1 1 1 1 1 0 1 0 0 1 1 1 1 0 1 1 0 1 1 0 1 1 1 1 0 1 0 0 0 1 1 1 1 0 1 1 0 0 0 0 0 0 0 0 1 0 0
300	5	1 1 0 1 1 1 1 1 0 1 0 0 1 1 0 1 0 1 1 0 1 1 0 1 1 1 1 0 1 0 0 0 1 1 1 1 0 1 1 0 0 0 0 0 0 0 0 1 0 0
300	3	1 1 0 1 1 1 1 1 0 1 0 0 1 1 1 1 0 1 1 0 1 1 0 1 1 1 1 0 1 0 0 0 1 1 1 1 0 1 1 0 0 1 0 0 0 0 0 1 0 0
300	1	1 1 1 1 1 1 1 1 0 0 0 0 1 1 1 1 0 1 1 0 1 1 0 1 1 1 1 0 1 0 0 0 1 1 1 1 0 1 1 0 0 1 0 0 0 1 0 1 0 0
310	2	1 1 0 1 1 1 1 1 1 0 0 0 1 1 1 1 0 1 1 0 1 1 0 1 1 1 1 0 1 0 0 0 1 0 1 1 0 1 1 0 0 1 0 0 0 0 0 1 0 0
310	2	1 1 0 1 1 1 1 1 1 0 0 0 1 1 1 1 0 1 1 0 1 1 0 1 1 1 1 0 0 0 0 0 1 1 1 1 0 1 1 0 0 1 0 0 0 0 0 1 0 0
310	1	1 1 0 0 1 1 1 1 1 0 0 0 1 1 1 1 0 1 1 0 1 1 0 1 1 1 1 0 1 0 0 0 1 1 1 1 0 1 1 0 0 1 0 0 0 0 0 1 0 0
310	26	1 1 0 1 1 1 1 1 1 0 0 0 1 1 1 1 0 1 1 0 1 1 0 1 1 1 1 0 1 0 0 0 1 1 1 1 0 1 1 0 0 1 0 0 0 0 0 1 0 0
310	1	1 1 0 1 1 1 1 1 0 1 0 1 1 1 1 1 0 1 1 0 1 1 0 1 1 1 1 0 1 0 0 0 1 0 1 1 0 1 1 0 0 0 0 0 0 0 0 1 0 0
310	4	1 1 0 1 1 1 1 1 0 1 0 1 1 1 1 1 0 1 1 0 1 1 0 1 1 1 1 0 1 0 0 0 1 1 1 1 0 1 1 0 0 0 0 0 0 0 0 1 0 0
310	2	1 1 0 1 1 1 1 1 0 1 0 0 1 1 1 1 0 1 1 0 1 1 0 1 1 1 1 0 1 0 0 0 1 1 1 1 1 1 1 0 0 0 0 0 0 0 0 1 0 0
310	3	1 1 0 1 1 1 1 1 0 1 0 0 1 1 1 1 0 1 1 0 1 1 0 1 1 1 1 0 1 0 0 0 1 1 1 1 0 1 1 0 0 0 0 1 0 0 0 1 0 0
310	1	1 1 0 1 1 1 1 1 0 1 0 0 1 1 1 1 0 1 1 0 1 1 0 1 1 1 1 0 1 0 0 0 1 1 0 1 0 1 1 0 0 0 0 0 0 0 0 1 0 0
310	1	1 1 0 1 1 1 1 1 0 1 0 0 1 1 1 1 0 1 1 0 1 1 0 1 1 1 0 0 1 0 0 0 1 1 1 1 0 1 1 0 0 0 0 0 0 0 0 1 0 0
310	1	1 1 0 1 1 1 1 1 0 1 0 0 1 1 1 1 0 1 1 0 1 1 0 1 1 1 1 0 1 0 0 0 1 1 1 0 0 1 1 0 0 0 0 0 0 0 0 1 0 0
310	1	1 1 0 1 1 1 1 1 0 1 0 0 1 1 1 1 0 1 1 0 1 1 0 1 1 1 1 0 1 0 0 0 1 1 1 1 0 1 0 0 0 0 0 0 0 0 0 1 0 0
310	46	1 1 0 1 1 1 1 1 0 1 0 0 1 1 1 1 0 1 1 0 1 1 0 1 1 1 1 0 1 0 0 0 1 1 1 1 0 1 1 0 0 0 0 0 0 0 0 1 0 0
310	2	1 1 0 1 1 1 1 1 0 1 0 0 1 1 0 1 0 1 1 0 1 1 0 1 1 1 1 0 1 0 0 0 1 1 1 1 0 1 1 0 0 0 0 0 1 0 0 1 0 0
310	2	1 1 0 1 1 1 1 1 0 1 0 0 1 1 0 1 0 1 1 0 1 1 0 1 1 1 1 0 1 0 0 0 1 1 1 1 0 1 1 0 0 0 0 0 0 0 0 1 0 0
310	1	1 1 0 1 1 1 1 1 0 1 0 0 1 1 1 1 0 1 1 0 1 1 0 1 1 1 1 0 1 0 1 0 1 1 1 1 0 1 1 1 0 1 0 1 0 0 0 1 0 0
310	4	1 1 0 1 1 1 1 1 0 1 0 0 1 1 1 1 0 1 1 0 1 1 0 1 1 1 1 0 1 0 0 0 1 1 1 1 0 1 1 0 0 1 0 0 0 0 0 1 0 0
