0	100	0 0 0 0 0 0 0 0 0 0
10	1	0 0 0 0 0 0 0 1 0 0
10	1	0 0 0 1 1 0 0 0 0 0
10	2	0 0 0 1 0 0 0 0 0 0
10	1	0 0 0 0 0 0 0 0 1 0
10	1	0 1 0 0 0 0 0 0 0 0
10	1	0 0 0 0 0 1 0 0 0 0
10	1	0 0 1 0 0 0 0 0 0 0
10	92	0 0 0 0 0 0 0 0 0 0
20	2	0 0 0 1 0 0 0 0 0 0
20	2	0 1 0 0 0 0 0 0 0 0
20	1	1 0 0 0 0 0 0 0 0 0
20	1	0 0 0 0 0 0 0 0 0 1
20	2	0 0 0 0 0 0 1 0 0 0
20	92	0 0 0 0 0 0 0 0 0 0
30	1	1 0 0 0 0 0 0 1 0 0
30	1	0 0 0 0 0 0 0 0 0 1
30	1	0 0 0 0 0 0 0 0 1 0
30	2	0 0 1 0 0 0 0 0 0 0
30	7	0 0 0 1 0 0 0 0 0 0
30	1	0 1 0 0 0 0 0 0 0 0
30	86	0 0 0 0 0 0 0 0 0 0
30	1	0 0 0 0 1 0 0 0 0 0
40	2	1 0 0 0 0 0 0 1 0 0
40	1	0 0 0 0 0 0 0 0 0 1
40	1	0 0 0 0 0 1 0 0 0 0
40	1	1 0 0 0 0 0 0 0 0 0
40	4	0 0 0 1 0 0 0 0 0 0
40	1	0 1 0 0 0 0 0 0 0 0
40	90	0 0 0 0 0 0 0 0 0 0
50	8	0 0 0 0 0 1 0 0 0 0
50	5	0 0 1 0 0 0 0 0 0 0
50	1	0 0 0 1 0 0 0 0 0 1
50	4	0 0 0 1 0 0 0 0 0 0
50	2	0 1 0 0 0 0 0 0 0 0
50	76	0 0 0 0 0 0 0 0 0 0
50	1	0 0 0 0 0 0 0 1 0 0
50	1	0 0 0 0 0 0 0 0 1 0
50	2	0 0 0 0 0 0 1 0 0 0
60	13	0 0 0 0 0 1 0 0 0 0
60	3	0 0 1 0 0 0 0 0 0 0
60	1	0 0 0 1 0 1 0 0 0 0
60	9	0 0 0 1 0 0 0 0 0 0
60	4	0 1 0 0 0 0 0 0 0 0
60	6	0 0 0 0 1 0 0 0 0 0
60	2	0 0 0 0 0 0 0 0 1 0
60	1	1 0 0 0 0 0 0 0 0 0
60	1	0 0 0 0 0 0 0 0 0 1
60	60	0 0 0 0 0 0 0 0 0 0
70	5	0 0 0 0 0 1 0 0 0 0
70	1	0 0 1 0 0 1 0 0 0 0
70	4	0 0 1 0 0 0 0 0 0 0
70	1	0 0 0 1 0 0 0 0 0 1
70	5	0 0 0 1 0 0 0 0 0 0
70	2	0 1 0 0 0 0 0 0 0 0
70	3	0 0 0 0 1 0 0 0 0 0
70	79	0 0 0 0 0 0 0 0 0 0
80	8	0 0 0 0 0 1 0 0 0 0
80	1	0 1 1 0 0 1 0 0 0 0
80	8	0 0 1 0 0 0 0 0 0 0
80	4	0 0 0 0 1 0 0 0 0 0
80	1	0 1 0 0 0 0 0 0 0 0
80	65	0 0 0 0 0 0 0 0 0 0
80	12	0 0 0 1 0 0 0 0 0 0
80	1	0 0 0 0 0 0 0 0 1 0
90	3	0 0 1 0 0 1 0 0 0 0
90	5	0 0 0 0 0 1 0 0 0 0
90	1	0 1 1 0 0 0 0 0 0 0
90	3	0 0 0 0 0 0 0 0 1 0
90	6	0 0 1 0 0 0 0 0 0 0
90	57	0 0 0 0 0 0 0 0 0 0
90	17	0 0 0 1 0 0 0 0 0 0
90	2	0 1 0 0 0 0 0 0 0 0
90	6	0 0 0 0 1 0 0 0 0 0
100	1	0 0 1 0 0 1 0 0 0 0
100	1	1 0 0 0 0 1 0 0 0 0
100	5	0 1 0 0 0 0 0 0 0 0
100	12	0 0 1 0 0 0 0 0 0 0
100	3	0 0 0 0 1 0 0 0 0 0
100	54	0 0 0 0 0 0 0 0 0 0
100	8	0 0 0 0 0 1 0 0 0 0
100	1	0 0 0 1 0 0 0 0 1 0
100	15	0 0 0 1 0 0 0 0 0 0
110	2	0 0 1 0 0 1 0 0 0 0
110	1	0 1 0 0 0 1 0 0 0 0
110	4	0 1 0 0 0 0 0 0 0 0
110	2	0 0 1 0 0 0 0 0 1 0
110	9	0 0 1 0 0 0 0 0 0 0
110	1	0 0 0 0 1 0 0 1 0 0
110	7	0 0 0 0 1 0 0 0 0 0
110	3	0 0 0 0 0 1 0 0 0 0
110	14	0 0 0 1 0 0 0 0 0 0
110	53	0 0 0 0 0 0 0 0 0 0
110	1	0 0 0 1 0 0 0 1 0 1
110	3	0 0 0 1 0 0 0 0 0 1
120	1	0 0 1 0 0 1 0 1 0 0
120	6	0 0 1 0 0 1 0 0 0 0
120	7	0 1 0 0 0 0 0 0 0 0
120	2	0 1 0 0 0 1 0 0 0 0
120	22	0 0 1 0 0 0 0 0 0 0
120	1	0 0 0 0 1 0 0 1 0 0
120	6	0 0 0 0 1 0 0 0 0 0
120	7	0 0 0 0 0 1 0 0 0 0
120	6	0 0 0 1 0 0 0 0 0 0
120	1	0 0 0 0 0 0 0 1 0 0
120	34	0 0 0 0 0 0 0 0 0 0
120	2	0 0 0 1 0 0 1 1 0 0
120	1	0 0 0 1 0 0 0 1 0 1
120	4	0 0 0 1 0 0 0 0 0 1
130	10	0 0 1 0 0 1 0 0 0 0
130	1	0 1 0 0 0 0 0 1 0 0
130	8	0 1 0 0 0 0 0 0 0 0
130	2	0 0 0 0 0 1 0 0 0 0
130	1	0 1 0 0 0 1 0 0 0 0
130	3	0 0 1 0 0 0 0 1 0 0
130	32	0 0 1 0 0 0 0 0 0 0
130	2	0 0 0 0 1 0 0 1 0 0
130	1	0 0 0 1 0 0 0 1 0 0
130	10	0 0 0 1 0 0 0 0 0 0
130	25	0 0 0 0 0 0 0 0 0 0
130	1	0 1 0 1 0 0 0 0 0 0
130	2	0 0 0 1 0 0 1 1 0 0
130	2	1 0 0 1 0 0 0 1 0 1
140	3	0 0 0 0 0 1 0 0 0 0
140	20	0 0 1 0 0 1 0 0 0 0
140	1	0 1 0 1 0 0 0 0 1 0
140	1	0 1 0 1 0 0 0 0 0 0
140	8	0 1 0 0 0 0 0 0 0 0
140	1	0 1 0 0 0 1 0 0 0 0
140	2	0 0 1 0 0 0 1 0 0 0
140	1	0 0 0 1 0 0 0 0 0 1
140	2	0 0 0 1 1 0 0 0 0 0
140	11	0 0 0 1 0 0 0 0 0 0
140	1	0 0 0 0 1 0 0 0 0 0
140	18	0 0 0 0 0 0 0 0 0 0
140	27	0 0 1 0 0 0 0 0 0 0
140	4	0 0 1 1 0 0 1 1 0 0
150	5	0 0 0 0 0 1 0 0 0 0
150	9	0 0 1 0 0 1 0 0 0 0
150	1	0 0 1 0 0 1 0 0 0 1
150	2	0 1 1 0 0 0 0 0 0 0
150	3	0 1 0 1 0 0 0 0 1 0
150	14	0 1 0 0 0 0 0 0 0 0
150	1	0 1 0 1 0 0 0 0 0 0
150	7	0 0 0 0 0 0 0 0 0 0
150	4	0 1 0 0 0 1 0 0 0 0
150	12	0 0 0 1 0 0 0 0 0 0
150	4	0 0 0 1 0 0 0 0 0 1
150	4	0 0 0 1 1 0 0 0 0 0
150	2	0 0 0 0 1 0 0 0 0 0
150	1	0 0 1 0 0 0 0 1 0 0
150	26	0 0 1 0 0 0 0 0 0 0
150	1	1 0 1 0 0 0 0 0 0 0
150	4	0 0 1 1 0 0 1 1 0 0
