10	21	1 1 0 1 0 0 1 1 1 1 1 0 1 1 1 1 1 0 1 1 1 0 0 1 0 1 1 1 1 0 1 1 1 1 0 1 1 1 1 0 0 0 1 0 1 1 0 1 1 0
10	1	0 0 1 1 1 1 1 1 1 0 1 0 0 0 0 0 1 0 1 0 0 1 0 1 0 1 1 1 1 0 1 1 0 0 0 0 0 1 0 1 1 0 0 0 1 1 0 1 0 1
10	2	1 0 1 1 1 1 1 1 1 0 1 0 0 0 0 0 1 0 1 0 0 1 0 1 0 1 1 1 1 0 1 1 0 0 0 0 0 1 0 1 1 0 0 0 1 1 0 0 0 1
10	2	0 0 1 1 1 1 1 1 1 0 1 0 0 0 0 0 1 0 1 0 0 1 0 1 0 1 1 1 1 0 1 1 1 0 0 0 0 1 0 1 1 0 0 0 1 1 0 0 0 1
10	12	0 0 1 1 1 1 1 1 1 0 1 0 0 0 0 0 1 0 1 0 0 1 0 1 0 1 1 1 1 0 1 1 0 0 0 0 0 1 0 1 1 0 0 0 1 1 0 0 0 1
10	1	0 0 0 0 1 0 0 0 0 1 1 1 1 1 0 1 1 1 1 1 0 0 1 1 0 1 1 1 0 0 1 0 1 1 0 1 0 0 0 1 1 1 1 0 1 0 0 0 0 1
10	14	0 0 0 1 1 0 0 0 0 1 1 1 1 1 0 1 1 1 1 1 0 0 1 1 0 1 1 1 0 0 1 0 1 1 0 1 0 0 0 1 1 1 1 0 1 0 0 0 0 1
10	25	1 0 0 0 0 0 1 0 1 0 0 0 0 1 1 1 0 0 0 0 0 1 1 0 0 0 1 1 0 0 1 0 0 0 0 1 1 1 0 0 0 1 1 0 1 0 0 1 1 1
10	22	1 0 0 1 0 1 0 0 0 1 0 0 1 1 1 0 0 1 0 1 1 0 1 1 0 0 0 1 0 0 0 0 1 0 0 0 0 1 1 1 1 1 0 1 1 0 0 1 1 0
20	1	1 1 0 1 0 0 1 1 1 1 1 0 1 1 1 1 1 0 1 1 1 0 0 1 0 1 1 1 1 0 1 1 1 1 0 1 1 0 1 0 0 0 1 0 1 1 1 1 1 0
20	2	1 1 0 1 0 0 1 1 1 1 1 0 1 1 1 1 1 0 1 1 1 0 0 1 0 1 1 1 1 0 1 1 1 1 0 1 1 1 1 0 0 0 1 0 1 1 0 1 1 0
20	1	0 0 1 1 1 1 1 1 1 0 1 0 0 0 0 0 1 0 1 0 0 1 0 1 0 1 1 1 1 0 1 1 0 0 0 0 0 1 0 1 1 0 0 0 1 1 0 0 0 1
20	3	0 0 1 1 1 1 1 1 1 0 1 0 0 0 0 0 1 0 1 0 0 1 0 1 0 1 1 1 1 0 1 1 0 0 0 0 0 1 0 1 1 0 0 0 1 1 0 1 0 1
20	1	0 0 1 1 1 1 1 1 1 0 1 0 0 0 0 0 1 0 0 0 0 1 0 1 0 1 1 1 1 0 1 1 0 0 0 0 0 1 0 1 1 0 0 0 1 0 0 0 0 1
20	42	0 0 1 1 1 1 1 1 1 0 1 0 0 0 0 0 1 0 1 0 0 1 0 1 0 1 1 1 1 0 1 1 0 0 0 0 0 1 0 1 1 0 0 0 1 0 0 0 0 1
20	1	0 0 1 1 0 1 1 1 1 0 1 0 0 0 0 0 1 0 1 0 1 1 0 1 0 1 1 1 1 0 1 1 0 0 0 0 0 1 0 1 1 0 0 0 1 1 0 0 0 1
20	6	0 0 1 1 1 1 1 1 1 0 1 0 0 0 0 0 1 0 1 0 1 1 0 1 0 1 1 1 1 0 1 1 0 0 0 0 0 1 0 1 1 0 0 0 1 1 0 0 0 1
20	22	1 0 1 1 1 1 1 1 1 0 1 0 0 0 0 0 1 0 1 0 0 1 0 1 0 1 1 1 1 0 1 1 0 0 0 0 0 1 0 1 1 0 0 0 1 1 0 0 0 1
20	5	0 0 1 1 1 1 1 1 1 0 1 0 0 0 0 0 1 0 1 0 0 1 0 1 0 1 1 1 1 0 1 1 1 0 0 0 0 1 0 1 1 0 0 0 1 1 0 0 0 1
20	5	0 0 0 1 1 0 0 0 0 1 1 1 1 1 0 1 1 1 1 1 0 0 1 1 0 1 1 1 0 0 1 0 1 1 0 1 0 0 0 1 1 1 1 0 1 0 0 0 0 1
20	7	1 0 0 0 0 0 1 0 1 0 0 0 0 1 1 1 0 0 0 0 0 1 1 0 0 0 1 1 0 0 1 0 0 0 0 1 1 1 0 0 0 1 1 0 1 0 0 1 1 1
20	1	1 0 0 1 0 1 0 0 0 1 0 0 1 1 1 0 0 1 0 1 1 0 1 1 0 0 0 1 0 0 0 0 1 0 0 0 0 1 1 1 1 1 0 1 1 0 0 1 0 0
20	3	1 0 0 1 0 1 0 0 0 1 0 0 1 1 1 0 0 1 0 1 1 0 1 1 0 0 0 1 0 0 0 0 1 0 0 0 0 1 1 1 1 1 0 1 1 0 0 1 1 0
30	1	0 0 1 1 1 1 1 1 1 0 1 0 1 0 0 0 1 0 1 0 0 1 0 1 0 1 1 1 1 0 1 1 0 0 0 0 0 1 0 1 1 0 0 0 1 1 0 0 0 1
30	3	0 0 1 1 1 1 1 1 1 0 1 0 0 0 0 0 1 0 1 0 0 1 0 1 0 1 1 1 1 0 1 1 0 0 0 0 0 1 0 1 1 0 0 0 1 1 0 0 0 1
30	4	0 0 1 1 1 1 1 1 1 0 1 0 0 0 0 0 1 0 1 0 0 1 0 1 0 1 1 1 1 0 1 1 0 0 0 0 0 1 0 1 1 0 0 0 1 1 0 1 0 1
30	1	0 0 1 1 1 1 1 1 1 0 1 0 0 0 0 0 1 0 1 0 0 1 0 1 0 1 1 1 1 0 1 1 0 0 0 1 0 1 0 1 1 0 0 0 1 0 0 0 0 1
30	1	0 0 1 1 1 1 1 1 1 0 1 0 0 0 0 0 1 0 1 0 0 1 0 1 0 1 1 1 1 0 1 1 0 0 0 0 1 1 0 1 1 0 0 0 1 0 0 0 0 1
30	2	0 0 1 1 1 1 1 1 1 0 1 0 0 0 0 0 1 0 1 0 0 1 0 1 0 1 1 1 1 0 1 1 0 0 0 0 0 1 1 1 1 0 0 0 1 0 0 0 0 1
30	39	0 0 1 1 1 1 1 1 1 0 1 0 0 0 0 0 1 0 1 0 0 1 0 1 0 1 1 1 1 0 1 1 0 0 0 0 0 1 0 1 1 0 0 0 1 0 0 0 0 1
30	4	0 0 1 1 1 1 1 1 1 0 1 0 0 0 0 0 1 0 1 0 1 1 0 1 0 1 1 1 1 0 1 1 0 0 0 0 0 1 0 1 1 0 0 0 1 1 0 0 0 1
30	4	1 0 1 1 1 1 1 1 1 0 1 0 0 0 0 0 1 0 1 0 0 1 0 1 0 1 1 1 1 0 1 1 0 0 0 0 0 1 0 1 1 0 0 0 1 0 0 0 0 1
30	1	1 0 1 1 1 1 1 1 1 0 1 0 0 1 0 0 1 0 1 0 0 1 0 1 0 1 1 1 1 0 1 1 0 0 0 0 0 1 0 1 1 0 0 0 1 1 0 0 0 1
30	1	1 0 1 1 1 1 1 1 1 0 1 0 0 0 0 0 1 0 1 0 0 1 0 1 0 1 1 1 1 0 1 1 0 0 0 0 0 1 0 1 0 0 0 0 1 1 0 0 0 1
30	26	1 0 1 1 1 1 1 1 1 0 1 0 0 0 0 0 1 0 1 0 0 1 0 1 0 1 1 1 1 0 1 1 0 0 0 0 0 1 0 1 1 0 0 0 1 1 0 0 0 1
30	12	0 0 1 1 1 1 1 1 1 0 1 0 0 0 0 0 1 0 1 0 0 1 0 1 0 1 1 1 1 0 1 1 1 0 0 0 0 1 0 1 1 0 0 0 1 1 0 0 0 1
30	1	1 0 0 1 0 1 0 0 0 1 0 0 1 1 1 0 0 1 0 1 1 0 1 1 0 0 0 1 0 0 0 0 1 0 0 0 0 1 1 1 1 1 0 1 1 0 0 1 1 0
40	1	0 0 1 1 1 1 1 1 1 0 1 0 1 0 0 0 1 0 1 0 0 1 0 1 0 1 1 1 1 0 1 1 0 0 0 0 0 1 0 1 1 0 0 0 1 1 0 0 0 1
40	1	0 0 1 1 1 1 1 1 1 0 1 0 0 0 0 0 1 0 1 0 0 1 0 1 0 1 1 1 1 0 1 1 0 0 0 1 0 1 0 1 1 0 0 0 1 0 0 0 0 1
40	1	0 0 1 1 1 0 1 1 1 0 1 0 0 0 0 0 1 0 1 0 0 1 0 1 0 1 1 1 1 0 1 1 0 0 0 0 0 1 0 1 1 0 0 0 1 0 0 0 0 1
40	1	0 0 1 1 1 1 1 1 1 0 1 0 0 0 0 0 1 0 1 0 0 1 0 1 0 1 1 1 1 0 1 1 0 0 0 0 1 1 0 1 1 0 0 0 1 0 0 0 0 1
40	1	0 0 1 1 1 1 1 1 1 0 0 0 0 0 0 0 1 0 1 0 0 1 0 1 0 1 1 1 1 0 1 1 0 0 0 0 0 1 0 1 1 0 0 0 1 0 0 0 0 1
40	2	0 0 1 1 1 1 1 1 1 0 1 0 1 0 0 0 1 0 1 0 0 1 0 1 0 1 1 1 1 0 1 1 0 0 0 0 0 1 0 1 1 0 0 0 1 0 0 0 0 1
40	4	1 0 1 1 1 1 1 1 1 0 1 0 0 0 0 0 1 0 1 0 0 1 0 1 0 1 1 1 1 0 1 1 0 0 0 0 0 1 0 1 1 0 0 0 1 0 0 0 0 1
40	53	0 0 1 1 1 1 1 1 1 0 1 0 0 0 0 0 1 0 1 0 0 1 0 1 0 1 1 1 1 0 1 1 0 0 0 0 0 1 0 1 1 0 0 0 1 0 0 0 0 1
40	3	1 0 1 1 1 1 1 1 1 0 1 0 0 0 0 0 1 0 1 0 1 1 0 1 0 1 1 1 1 0 1 1 0 0 0 0 0 1 0 1 1 0 0 0 1 1 0 0 0 1
40	1	0 0 1 1 1 1 1 1 1 0 1 0 0 0 0 0 1 0 1 0 1 1 0 1 0 1 1 1 1 0 1 1 0 0 0 0 0 1 0 1 1 0 0 0 1 1 0 0 0 1
40	1	1 0 1 1 1 1 1 1 1 0 1 0 0 0 0 0 1 0 1 0 0 1 0 1 0 1 1 1 1 0 1 1 0 0 0 0 0 1 0 0 0 0 0 0 1 1 0 0 0 1
40	2	1 0 1 1 1 1 1 1 1 0 1 0 0 0 0 0 1 0 1 0 0 1 0 1 0 1 1 1 1 0 1 1 0 0 0 0 0 1 0 1 0 0 0 0 1 1 0 0 0 1
40	1	1 0 1 1 1 1 1 1 1 0 1 0 0 0 0 0 1 0 1 0 0 1 0 1 0 1 1 1 1 0 1 1 0 0 0 0 0 1 0 0 1 0 0 0 1 1 0 0 0 1
40	23	1 0 1 1 1 1 1 1 1 0 1 0 0 0 0 0 1 0 1 0 0 1 0 1 0 1 1 1 1 0 1 1 0 0 0 0 0 1 0 1 1 0 0 0 1 1 0 0 0 1
40	5	0 0 1 1 1 1 1 1 1 0 1 0 0 0 0 0 1 0 1 0 0 1 0 1 0 1 1 1 1 0 1 1 1 0 0 0 0 1 0 1 1 0 0 0 1 1 0 0 0 1
50	2	0 0 1 1 1 1 1 1 1 0 1 0 0 0 0 0 1 0 1 0 0 1 0 1 0 1 1 1 1 0 1 1 0 0 0 0 1 1 0 1 1 0 0 0 1 0 0 0 0 1
50	4	0 0 1 1 1 1 1 1 1 0 1 0 0 0 0 1 1 0 1 0 0 1 0 1 0 1 1 1 1 0 1 1 0 0 0 0 0 1 0 1 1 0 0 0 1 0 0 0 0 1
50	1	0 0 1 1 1 1 1 1 1 0 1 0 1 0 0 0 1 0 1 0 0 1 0 1 0 1 1 1 1 0 1 1 0 0 0 0 0 1 0 1 1 0 0 0 1 0 0 0 0 1
50	1	1 0 1 1 1 1 1 1 1 0 1 0 0 1 0 0 1 0 1 0 0 1 0 1 0 1 1 1 1 0 1 1 0 0 0 0 0 1 0 1 1 0 0 0 1 0 0 0 0 1
50	1	1 0 1 1 1 1 1 1 1 0 0 0 0 0 0 0 1 0 1 0 0 1 0 1 0 1 1 1 1 0 1 1 0 0 0 0 0 1 0 1 1 0 0 0 1 0 0 0 0 1
50	16	1 0 1 1 1 1 1 1 1 0 1 0 0 0 0 0 1 0 1 0 0 1 0 1 0 1 1 1 1 0 1 1 0 0 0 0 0 1 0 1 1 0 0 0 1 0 0 0 0 1
50	2	0 0 1 1 1 1 1 1 1 0 1 0 0 0 0 0 1 0 1 0 0 1 0 1 0 1 1 1 1 0 1 1 0 0 0 0 0 1 0 1 0 0 0 0 1 0 0 0 0 1
50	2	0 0 1 1 1 1 1 1 1 0 1 0 0 0 0 0 1 0 1 1 0 1 0 1 0 1 1 1 1 0 1 1 0 0 0 0 0 1 0 1 1 0 0 0 1 0 0 0 0 1
50	1	0 0 1 1 1 1 1 1 1 0 1 0 0 0 0 0 1 0 1 0 0 1 0 1 0 1 1 1 1 0 1 1 0 0 0 0 0 1 0 1 1 1 0 0 1 0 0 0 0 1
50	39	0 0 1 1 1 1 1 1 1 0 1 0 0 0 0 0 1 0 1 0 0 1 0 1 0 1 1 1 1 0 1 1 0 0 0 0 0 1 0 1 1 0 0 0 1 0 0 0 0 1
50	1	1 0 1 1 1 1 1 1 1 0 1 0 0 0 0 0 1 0 1 0 1 1 0 1 0 1 1 1 1 0 1 1 0 0 0 0 0 1 0 1 1 0 0 0 1 1 0 0 0 1
50	3	1 0 1 1 1 1 1 1 1 0 1 0 0 1 0 0 1 0 1 0 0 1 0 1 0 1 1 1 1 0 1 1 0 0 0 0 0 1 0 1 0 0 0 0 1 1 0 0 0 1
50	2	1 0 1 1 1 1 1 1 1 0 1 0 0 0 0 0 1 0 1 0 0 1 0 1 0 1 1 1 1 0 1 1 0 0 0 0 0 1 0 1 0 0 0 0 1 1 0 0 0 1
50	24	1 0 1 1 1 1 1 1 1 0 1 0 0 0 0 0 1 0 1 0 0 1 0 1 0 1 1 1 1 0 1 1 0 0 0 0 0 1 0 1 1 0 0 0 1 1 0 0 0 1
50	1	0 0 1 1 1 1 1 1 1 0 1 0 0 0 0 0 1 0 1 0 0 1 0 1 0 1 1 1 1 0 1 1 1 0 0 0 0 1 0 1 1 0 0 0 1 1 0 0 0 1
60	3	0 0 1 1 1 1 1 1 1 0 1 0 0 0 0 1 1 0 1 0 0 1 0 1 0 1 1 1 1 0 1 1 0 0 0 0 0 1 0 1 1 0 0 0 1 0 0 0 0 1
60	3	0 0 1 1 1 1 1 1 1 0 1 0 1 0 0 0 1 0 1 0 0 1 0 1 0 1 1 1 1 0 1 1 0 0 0 0 0 1 0 1 1 0 0 0 1 0 0 0 0 1
60	3	1 0 1 1 1 1 1 1 1 0 1 0 0 1 0 0 1 0 1 0 0 1 0 1 0 1 1 1 1 0 1 1 1 0 0 0 0 1 0 1 1 0 0 0 1 0 0 0 0 1
60	3	1 0 1 1 1 1 1 1 1 0 1 0 0 1 0 0 1 0 1 0 0 1 0 1 0 1 1 1 1 0 1 1 0 0 0 0 0 1 0 1 1 0 0 0 1 0 0 0 0 1
60	1	1 0 1 1 1 1 1 1 1 0 0 0 0 0 0 0 1 0 1 0 0 1 0 1 0 1 1 1 1 0 1 1 0 0 0 0 0 1 0 1 1 0 0 0 1 0 0 0 0 1
60	29	1 0 1 1 1 1 1 1 1 0 1 0 0 0 0 0 1 0 1 0 0 1 0 1 0 1 1 1 1 0 1 1 0 0 0 0 0 1 0 1 1 0 0 0 1 0 0 0 0 1
60	3	0 0 1 1 1 1 1 1 1 0 1 0 0 0 0 0 1 0 1 0 0 1 0 1 0 1 1 1 1 0 1 1 0 0 0 0 0 1 0 1 0 0 0 0 1 0 0 0 0 1
60	1	0 0 1 1 1 1 1 1 1 0 1 0 0 0 0 0 1 0 1 0 0 1 0 1 0 1 1 1 1 0 1 1 0 0 0 0 0 1 0 1 1 0 0 0 1 1 0 0 0 1
60	1	0 0 1 1 1 1 1 1 1 1 1 0 0 0 0 0 1 0 1 0 0 1 0 1 0 1 1 1 1 0 1 1 0 0 0 0 0 1 0 1 1 0 0 0 1 0 0 0 0 1
60	26	0 0 1 1 1 1 1 1 1 0 1 0 0 0 0 0 1 0 1 0 0 1 0 1 0 1 1 1 1 0 1 1 0 0 0 0 0 1 0 1 1 0 0 0 1 0 0 0 0 1
60	1	1 0 1 1 1 1 1 1 1 0 1 0 0 1 0 0 1 0 1 0 0 1 0 1 0 1 1 1 1 0 1 1 0 0 0 0 0 1 0 1 0 0 0 0 1 1 0 0 0 1
60	5	1 0 1 1 1 1 1 1 1 0 1 0 0 0 0 0 1 0 1 0 0 1 0 1 0 1 1 1 1 0 1 1 0 0 0 0 0 1 0 1 0 0 0 0 1 1 0 0 0 1
60	21	1 0 1 1 1 1 1 1 1 0 1 0 0 0 0 0 1 0 1 0 0 1 0 1 0 1 1 1 1 0 1 1 0 0 0 0 0 1 0 1 1 0 0 0 1 1 0 0 0 1
70	1	0 0 1 1 1 1 1 1 1 0 1 0 0 0 0 1 1 0 1 0 0 1 0 1 0 1 1 1 1 0 1 1 0 0 0 0 0 1 0 1 1 0 0 0 1 0 0 0 0 1
70	3	0 0 1 1 1 1 1 1 1 0 1 0 1 0 0 0 1 0 1 0 0 1 0 1 0 1 1 1 1 0 1 1 0 0 0 0 0 1 0 1 1 0 0 0 1 0 0 0 0 1
70	10	1 0 1 1 1 1 1 1 1 0 1 0 0 1 0 0 1 0 1 0 0 1 0 1 0 1 1 1 1 0 1 1 1 0 0 0 0 1 0 1 1 0 0 0 1 0 0 0 0 1
70	1	1 0 1 1 1 1 1 1 1 0 1 0 0 0 0 0 1 0 1 0 0 1 0 1 0 1 1 1 1 0 1 1 0 0 0 1 0 1 0 1 1 0 0 0 1 0 0 0 0 1
70	1	1 0 0 1 1 1 1 1 1 0 1 0 0 0 0 0 1 0 1 0 0 1 0 1 0 1 1 1 1 0 1 1 0 0 0 0 0 1 0 1 1 0 0 0 1 0 0 0 0 1
70	1	1 0 1 1 1 1 1 1 1 0 1 0 0 0 0 0 1 0 1 0 0 1 0 1 0 1 1 1 1 0 1 1 1 0 0 0 0 1 0 1 1 0 0 0 1 0 0 0 0 1
70	19	1 0 1 1 1 1 1 1 1 0 1 0 0 0 0 0 1 0 1 0 0 1 0 1 0 1 1 1 1 0 1 1 0 0 0 0 0 1 0 1 1 0 0 0 1 1 0 0 0 1
70	25	1 0 1 1 1 1 1 1 1 0 1 0 0 0 0 0 1 0 1 0 0 1 0 1 0 1 1 1 1 0 1 1 0 0 0 0 0 1 0 1 1 0 0 0 1 0 0 0 0 1
70	3	0 0 1 1 1 1 1 1 1 0 1 0 0 0 0 0 1 0 1 0 0 1 0 1 0 1 1 1 1 0 1 1 0 0 0 0 0 1 0 1 0 0 0 0 1 0 0 0 0 1
70	23	0 0 1 1 1 1 1 1 1 0 1 0 0 0 0 0 1 0 1 0 0 1 0 1 0 1 1 1 1 0 1 1 0 0 0 0 0 1 0 1 1 0 0 0 1 0 0 0 0 1
70	9	1 0 1 1 1 1 1 1 1 0 1 0 0 0 0 0 1 0 1 0 0 1 0 1 0 1 1 1 1 0 1 1 0 0 0 0 0 1 0 1 0 0 0 0 1 1 0 0 0 1
70	4	1 1 1 1 1 1 1 1 1 0 1 0 0 0 0 0 1 0 1 0 0 1 0 1 0 1 1 1 1 0 1 1 0 0 0 0 0 1 0 1 1 0 0 0 1 1 0 0 0 1
80	2	1 0 1 1 1 1 1 1 1 0 1 0 0 1 0 0 1 0 1 0 0 1 0 1 0 1 1 1 1 0 1 1 1 1 0 0 0 1 0 1 1 0 0 0 1 0 0 0 0 1
80	13	1 0 1 1 1 1 1 1 1 0 1 0 0 1 0 0 1 0 1 0 0 1 0 1 0 1 1 1 1 0 1 1 1 0 0 0 0 1 0 1 1 0 0 0 1 0 0 0 0 1
80	1	1 0 1 1 1 1 1 1 1 0 1 0 0 0 0 0 1 0 1 0 0 1 0 1 0 1 1 1 1 0 1 1 0 1 0 0 0 1 0 1 1 0 0 0 1 0 0 0 0 1
80	6	1 0 1 1 1 1 1 1 1 0 1 0 0 0 0 0 1 0 1 0 0 1 0 1 0 1 1 1 1 0 1 1 0 0 0 1 0 1 0 1 1 0 0 0 1 0 0 0 0 1
80	1	1 0 0 1 1 1 1 1 1 0 1 0 0 0 0 0 1 0 1 0 0 1 0 1 0 1 1 1 1 0 1 1 0 0 0 0 0 1 0 1 1 0 0 0 1 0 0 0 0 1
80	4	1 0 1 1 1 1 1 1 1 0 1 0 0 0 0 0 1 0 1 0 0 1 0 1 0 1 1 1 1 0 1 1 1 0 0 0 0 1 0 1 1 0 0 0 1 0 0 0 0 1
80	1	1 0 1 1 1 1 1 1 1 0 1 0 0 0 0 0 1 0 1 0 0 1 0 1 0 1 1 1 1 0 1 1 0 0 0 0 0 1 0 1 1 0 0 0 1 1 1 0 0 1
80	7	1 0 1 1 1 1 1 1 1 0 1 0 0 0 0 0 1 0 1 0 0 1 0 1 0 1 1 1 1 0 1 1 0 0 0 0 0 1 0 1 1 0 0 0 1 1 0 0 0 1
80	1	1 0 1 1 1 1 1 1 1 0 1 0 0 0 0 0 1 0 1 0 0 1 0 0 0 1 1 1 1 0 1 1 0 0 0 0 0 1 0 1 1 0 0 0 1 0 0 0 0 1
80	1	1 0 1 1 1 1 1 0 1 0 1 0 0 0 0 0 1 0 1 0 0 1 0 1 0 1 1 1 1 0 1 1 0 0 0 0 0 1 0 1 1 0 0 0 1 0 0 0 0 1
80	43	1 0 1 1 1 1 1 1 1 0 1 0 0 0 0 0 1 0 1 0 0 1 0 1 0 1 1 1 1 0 1 1 0 0 0 0 0 1 0 1 1 0 0 0 1 0 0 0 0 1
80	9	0 0 1 1 1 1 1 1 1 0 1 0 0 0 0 0 1 0 1 0 0 1 0 1 0 1 1 1 1 0 1 1 0 0 0 0 0 1 0 1 0 0 0 0 1 0 0 0 0 1
80	6	0 0 1 1 1 1 1 1 1 0 1 0 0 0 0 0 1 0 1 0 0 1 0 1 0 1 1 1 1 0 1 1 0 0 0 0 0 1 0 1 1 0 0 0 1 0 0 0 0 1
80	5	1 0 1 1 1 1 1 1 1 0 1 0 0 0 0 0 1 0 1 0 0 1 0 1 0 1 1 1 1 0 1 1 0 0 0 0 0 1 0 1 0 0 0 0 1 1 0 0 0 1
90	2	0 0 1 1 1 1 1 1 1 0 1 0 1 0 0 0 1 0 1 0 0 1 0 1 0 1 1 1 1 0 1 1 0 0 0 0 0 1 0 1 1 0 0 0 1 0 0 0 0 1
90	7	1 0 1 1 1 1 1 1 1 0 1 0 0 1 0 0 1 0 1 0 0 1 0 1 0 1 1 1 1 0 1 1 1 0 0 0 0 1 0 1 1 0 0 0 1 0 0 0 0 1
90	2	1 0 1 1 1 1 1 1 1 0 1 0 0 0 0 0 1 0 1 0 0 1 0 1 0 1 0 1 1 0 1 1 0 1 0 0 0 1 0 1 1 0 0 0 1 0 0 0 0 1
90	2	1 0 1 1 1 1 1 0 1 0 1 0 0 0 0 0 1 0 1 0 0 1 0 1 0 1 1 1 1 0 1 1 0 1 0 0 0 1 0 1 1 0 0 0 1 0 0 0 0 1
90	5	1 0 1 1 1 1 1 1 1 0 1 0 0 0 0 0 1 0 1 0 0 1 0 1 0 1 1 1 1 0 1 1 0 1 0 0 0 1 0 1 1 0 0 0 1 0 0 0 0 1
90	2	1 0 1 1 1 1 1 1 1 0 1 0 0 0 0 0 1 0 1 0 0 1 0 1 0 1 1 1 1 0 1 1 0 0 0 1 0 1 0 1 1 0 0 0 1 0 0 0 0 1
90	1	1 0 1 1 1 1 1 1 1 0 1 0 0 0 0 0 0 0 1 0 0 1 0 1 0 1 1 1 1 0 1 1 1 0 0 0 0 1 0 1 1 0 0 0 1 0 0 0 0 1
90	1	1 0 1 1 1 1 1 1 1 0 1 0 0 0 0 0 1 0 1 0 0 1 0 1 0 1 1 1 1 0 1 1 1 0 1 0 0 1 0 1 1 0 0 0 1 0 0 0 0 1
90	7	1 0 1 1 1 1 1 1 1 0 1 0 0 0 0 0 1 0 1 0 0 1 0 1 0 1 1 1 1 0 1 1 1 0 0 0 0 1 0 1 1 0 0 0 1 0 0 0 0 1
90	4	1 0 1 1 1 1 1 1 1 0 1 0 0 0 0 0 1 0 1 0 0 1 0 1 0 1 1 1 1 0 1 1 0 0 0 0 0 1 0 1 1 0 0 0 1 1 0 0 0 1
90	1	0 0 1 1 1 1 1 1 1 0 1 0 0 0 0 0 1 0 1 0 0 1 0 1 0 1 1 1 1 0 1 1 0 0 0 0 0 1 0 1 1 0 0 0 1 0 0 0 0 1
90	53	1 0 1 1 1 1 1 1 1 0 1 0 0 0 0 0 1 0 1 0 0 1 0 1 0 1 1 1 1 0 1 1 0 0 0 0 0 1 0 1 1 0 0 0 1 0 0 0 0 1
90	6	0 0 1 1 1 1 1 1 1 0 1 0 0 0 0 0 1 0 1 0 0 1 0 1 0 1 1 1 1 0 1 1 0 0 0 0 0 1 0 1 0 0 0 0 1 0 0 0 0 1
90	1	1 0 1 1 1 1 1 1 1 0 1 0 0 0 0 0 1 0 1 0 0 0 0 1 0 1 1 1 1 0 1 1 0 0 0 0 0 1 0 1 0 0 0 0 1 1 0 0 0 1
90	6	1 0 1 1 1 1 1 1 1 0 1 0 0 0 0 0 1 0 1 0 0 1 0 1 0 1 1 1 1 0 1 1 0 0 0 0 0 1 0 1 0 0 0 0 1 1 0 0 0 1
100	4	0 0 1 1 1 1 1 1 1 0 1 0 1 0 0 0 1 0 1 0 0 1 0 1 0 1 1 1 1 0 1 1 0 0 0 0 0 1 0 1 1 0 0 0 1 0 0 0 0 1
100	1	1 0 1 1 1 1 1 1 1 0 1 1 0 1 0 0 1 0 1 0 0 1 0 1 0 1 1 1 1 0 1 1 1 0 0 0 0 1 0 1 1 0 0 0 1 0 0 0 0 1
100	12	1 0 1 1 1 1 1 1 1 0 1 0 0 1 0 0 1 0 1 0 0 1 0 1 0 1 1 1 1 0 1 1 1 0 0 0 0 1 0 1 1 0 0 0 1 0 0 0 0 1
100	1	1 0 1 1 1 1 1 0 1 0 1 0 0 0 0 0 1 0 1 0 0 1 0 1 0 1 1 1 1 0 1 1 0 1 0 0 0 1 0 1 1 0 0 0 1 0 0 0 0 1
100	4	1 0 1 1 1 1 1 1 1 0 1 0 0 0 0 0 1 0 1 0 0 1 0 1 0 1 1 1 1 0 1 1 0 1 0 0 0 1 0 1 1 0 0 0 1 0 0 0 0 1
100	1	1 0 1 1 1 1 1 1 1 0 1 0 0 0 0 0 1 0 1 0 0 1 0 1 0 1 1 1 1 0 1 1 0 0 0 1 0 1 0 1 1 0 0 0 1 0 0 0 0 1
100	6	1 0 1 1 1 1 1 1 1 0 1 0 0 0 0 0 1 0 1 0 0 1 0 1 0 1 1 1 1 0 1 1 1 0 0 0 0 1 0 1 1 0 0 0 1 0 0 0 0 1
100	2	1 0 1 1 1 1 1 1 1 0 1 0 0 0 0 0 1 0 1 0 0 1 0 1 0 1 1 1 1 0 1 1 0 0 0 0 0 1 0 1 1 0 0 0 1 1 0 0 0 1
100	1	1 0 1 1 1 1 1 1 1 0 1 0 0 0 0 0 1 0 1 0 0 1 0 1 0 1 1 1 1 0 1 1 0 0 0 0 0 1 0 1 1 0 1 0 1 0 0 0 0 1
100	1	1 0 1 1 1 1 1 1 1 0 1 0 0 0 0 0 1 0 0 0 0 1 0 1 0 1 1 1 1 0 1 1 0 0 0 0 0 1 0 1 1 0 0 0 1 0 0 0 0 1
100	50	1 0 1 1 1 1 1 1 1 0 1 0 0 0 0 0 1 0 1 0 0 1 0 1 0 1 1 1 1 0 1 1 0 0 0 0 0 1 0 1 1 0 0 0 1 0 0 0 0 1
100	3	1 0 1 1 1 1 1 1 1 0 1 0 0 0 1 0 1 0 1 0 0 1 0 1 0 1 1 1 1 0 1 1 0 0 0 0 0 1 0 1 1 0 0 0 1 0 0 0 0 1
100	10	0 0 1 1 1 1 1 1 1 0 1 0 0 0 0 0 1 0 1 0 0 1 0 1 0 1 1 1 1 0 1 1 0 0 0 0 0 1 0 1 0 0 0 0 1 0 0 0 0 1
100	1	1 0 1 1 1 1 1 1 1 0 1 0 0 1 0 0 1 0 1 0 0 1 0 1 0 1 1 1 1 0 1 1 0 0 0 0 0 1 0 1 0 0 0 0 1 1 0 0 0 1
100	3	1 0 1 1 1 1 1 1 1 0 1 0 0 0 0 0 1 0 1 0 0 1 0 1 0 1 1 1 1 0 1 1 0 0 0 0 0 1 0 1 0 0 0 0 1 1 0 0 0 1
110	2	0 0 1 1 1 1 1 1 1 0 1 0 1 0 0 0 1 0 1 0 0 1 0 1 0 1 1 1 1 0 1 1 0 0 0 0 0 1 0 1 1 0 0 0 1 0 0 0 0 1
110	1	1 0 1 1 1 1 1 1 1 0 1 1 0 1 0 0 1 0 1 0 0 1 0 1 0 1 1 1 1 0 1 1 1 0 0 0 0 1 0 1 1 0 0 0 1 0 0 0 0 1
110	18	1 0 1 1 1 1 1 1 1 0 1 0 0 1 0 0 1 0 1 0 0 1 0 1 0 1 1 1 1 0 1 1 1 0 0 0 0 1 0 1 1 0 0 0 1 0 0 0 0 1
110	2	1 0 1 1 1 1 1 1 1 0 1 0 0 0 0 0 1 0 1 0 0 1 0 1 0 1 0 1 1 0 1 1 0 1 0 0 0 1 0 1 1 0 0 0 1 0 0 0 0 1
110	5	1 0 1 1 1 1 1 1 1 0 1 0 0 0 0 0 1 0 1 0 0 1 0 1 0 1 1 1 1 0 1 1 0 1 0 0 0 1 0 1 1 0 0 0 1 0 0 0 0 1
110	1	0 0 1 1 1 1 1 1 1 0 1 0 0 0 0 0 1 0 1 0 0 1 0 1 0 1 1 1 1 0 1 1 0 0 0 1 0 1 0 1 1 0 0 0 1 0 0 0 0 1
110	1	1 0 1 1 1 1 1 1 1 0 1 0 0 0 0 0 0 0 1 0 0 1 0 1 0 1 1 1 1 0 1 1 0 0 0 1 0 1 0 1 1 0 0 0 1 0 0 0 0 1
110	1	1 0 1 1 1 1 1 1 1 0 0 0 0 0 0 0 1 0 1 0 0 1 0 1 0 1 1 1 1 0 1 1 0 0 0 1 0 1 0 1 1 0 0 0 1 0 0 0 0 1
110	13	1 0 1 1 1 1 1 1 1 0 1 0 0 0 0 0 1 0 1 0 0 1 0 1 0 1 1 1 1 0 1 1 0 0 0 1 0 1 0 1 1 0 0 0 1 0 0 0 0 1
110	1	1 0 1 1 1 1 1 1 1 0 1 0 0 0 0 0 1 0 1 0 0 1 0 1 0 1 1 1 1 0 1 1 1 0 0 0 0 1 0 1 1 0 0 0 1 0 0 0 1 1
110	6	1 0 1 1 1 1 1 1 1 0 1 0 0 0 0 0 1 0 1 0 0 1 0 1 0 1 1 1 1 0 1 1 1 0 0 0 0 1 0 1 1 0 0 0 1 0 0 0 0 1
110	1	1 0 1 1 1 1 1 1 1 0 1 0 0 0 0 0 1 0 1 0 0 1 0 1 1 1 1 1 1 0 1 1 0 0 0 0 0 1 0 1 1 0 0 0 1 0 0 0 0 1
110	1	1 0 1 1 1 1 0 1 1 0 1 0 0 0 0 0 1 0 1 0 0 1 0 1 0 1 1 1 1 0 1 1 0 0 0 0 0 1 0 1 1 0 0 0 1 0 0 0 0 1
110	1	1 0 1 1 1 1 1 1 1 0 1 0 0 0 0 0 1 0 1 0 0 1 1 1 0 1 1 1 1 0 1 1 0 0 0 0 0 1 0 1 1 0 0 0 1 0 0 0 0 1
110	40	1 0 1 1 1 1 1 1 1 0 1 0 0 0 0 0 1 0 1 0 0 1 0 1 0 1 1 1 1 0 1 1 0 0 0 0 0 1 0 1 1 0 0 0 1 0 0 0 0 1
110	3	0 0 1 1 1 1 1 1 1 0 1 0 0 0 0 0 1 0 1 0 0 1 0 1 0 1 1 1 1 0 1 1 0 0 0 0 0 1 0 1 0 0 0 0 1 0 0 0 0 1
110	3	1 0 1 1 1 1 1 1 1 0 1 0 0 0 0 0 1 0 1 0 0 1 0 1 0 1 1 1 1 0 1 1 0 0 0 0 0 1 0 1 0 0 0 0 1 1 0 0 0 1
120	2	0 0 1 1 1 1 1 1 1 0 1 0 1 0 0 0 1 0 1 0 0 1 1 1 0 1 1 1 1 0 1 1 0 0 0 0 0 1 0 1 1 0 0 0 1 0 0 0 0 1
120	3	0 0 1 1 1 1 1 1 1 0 1 0 1 0 0 0 1 0 1 0 0 1 0 1 0 1 1 1 1 0 1 1 0 0 0 0 0 1 0 1 1 0 0 0 1 0 0 0 0 1
120	9	1 0 1 1 1 1 1 1 1 0 1 0 0 1 0 0 1 0 1 0 0 1 0 1 0 1 1 1 1 0 1 1 1 0 0 0 0 1 0 1 1 0 0 0 1 0 0 0 0 1
120	1	1 0 1 1 1 1 1 1 1 0 1 0 0 0 0 0 1 0 1 0 0 1 0 1 0 1 1 1 1 0 1 0 0 1 0 0 0 1 0 1 1 0 0 0 1 0 0 0 0 1
120	1	1 0 1 1 1 1 1 1 1 0 1 0 0 0 0 0 1 0 1 0 0 1 0 1 1 1 1 1 1 0 1 1 0 1 0 0 0 1 0 1 1 0 0 0 1 0 0 0 0 1
120	1	1 0 1 1 1 1 1 1 1 0 1 0 0 0 0 0 1 0 1 0 0 1 0 1 0 1 1 1 1 0 1 1 0 1 0 0 0 1 0 1 1 0 0 0 1 0 0 0 0 1
120	1	1 0 1 1 1 1 1 1 1 0 1 0 0 0 0 0 1 0 1 0 0 1 0 1 0 1 1 1 1 1 1 1 0 0 0 1 0 1 0 1 1 0 0 0 1 0 0 0 0 1
120	7	1 0 1 1 1 1 1 1 1 0 1 0 0 0 0 0 1 0 1 0 0 1 0 1 0 1 1 1 1 0 1 1 0 0 0 1 0 1 0 1 1 0 0 0 1 0 0 0 0 1
120	4	1 0 1 1 1 1 1 1 1 0 1 0 0 0 0 0 1 0 1 0 0 1 0 1 0 1 1 1 1 0 1 1 1 0 0 0 0 1 0 1 1 0 0 0 1 0 0 0 0 1
120	2	1 0 1 1 1 1 1 1 1 0 1 0 0 0 0 0 1 0 1 0 0 1 0 1 0 1 1 1 1 1 1 1 0 0 0 0 0 1 0 1 1 0 0 0 1 0 0 0 0 1
120	53	1 0 1 1 1 1 1 1 1 0 1 0 0 0 0 0 1 0 1 0 0 1 0 1 0 1 1 1 1 0 1 1 0 0 0 0 0 1 0 1 1 0 0 0 1 0 0 0 0 1
120	1	1 0 0 1 1 1 1 1 1 0 1 0 0 0 0 0 1 0 1 0 0 1 0 1 0 1 1 1 1 0 1 1 0 0 0 0 0 1 0 1 1 0 0 0 1 0 0 0 0 1
120	11	0 0 1 1 1 1 1 1 1 0 1 0 0 0 0 0 1 0 1 0 0 1 0 1 0 1 1 1 1 0 1 1 0 0 0 0 0 1 0 1 0 0 0 0 1 0 0 0 0 1
120	4	1 0 1 1 1 1 1 1 1 0 1 0 0 0 0 0 1 0 1 0 0 1 0 1 0 1 1 1 1 0 1 1 0 0 0 0 0 1 0 1 0 0 0 0 1 1 0 0 0 1
130	1	0 0 1 1 1 1 1 1 1 0 1 0 1 0 0 0 1 0 1 0 0 1 0 1 0 1 1 1 1 0 1 1 0 0 0 0 0 1 0 1 1 0 0 0 1 0 0 0 0 1
130	13	1 0 1 1 1 1 1 1 1 0 1 0 0 1 0 0 1 0 1 0 0 1 0 1 0 1 1 1 1 0 1 1 1 0 0 0 0 1 0 1 1 0 0 0 1 0 0 0 0 1
130	3	1 0 1 1 1 1 1 1 1 0 1 0 0 0 0 0 1 0 1 0 0 1 0 1 1 1 1 1 1 0 1 1 0 1 0 0 0 1 0 1 1 0 0 0 1 0 0 0 0 1
130	9	1 0 1 1 1 1 1 1 1 0 1 0 0 0 0 0 1 0 1 0 0 1 0 1 0 1 1 1 1 0 1 1 0 0 0 1 0 1 0 1 1 0 0 0 1 0 0 0 0 1
130	10	1 0 1 1 1 1 1 1 1 0 1 0 0 0 0 0 1 0 1 0 0 1 0 1 0 1 1 1 1 0 1 1 1 0 0 0 0 1 0 1 1 0 0 0 1 0 0 0 0 1
130	3	1 0 1 1 1 1 1 1 1 0 1 0 0 0 0 0 1 0 1 0 0 1 0 1 0 0 1 1 1 0 1 1 0 0 0 0 0 1 0 1 1 0 0 0 1 0 0 0 0 1
130	1	1 0 0 1 1 1 1 1 1 0 1 0 0 0 0 0 1 0 1 0 0 1 0 1 0 1 1 1 1 0 1 1 0 0 0 0 0 1 0 1 1 0 0 0 1 0 0 0 1 1
130	2	1 0 0 1 1 1 1 1 1 0 1 0 0 0 0 0 1 0 1 0 0 1 0 1 0 1 1 1 1 0 1 1 0 0 0 0 0 1 0 1 1 0 0 0 1 0 0 0 0 1
130	1	1 0 1 1 1 1 1 1 1 0 1 0 0 1 0 0 1 0 1 0 0 1 0 1 0 1 1 1 1 0 1 1 0 0 0 0 0 1 0 1 1 0 0 0 1 0 0 0 0 1
130	42	1 0 1 1 1 1 1 1 1 0 1 0 0 0 0 0 1 0 1 0 0 1 0 1 0 1 1 1 1 0 1 1 0 0 0 0 0 1 0 1 1 0 0 0 1 0 0 0 0 1
130	8	0 0 1 1 1 1 1 1 1 0 1 0 0 0 0 0 1 0 1 0 0 1 0 1 0 1 1 1 1 0 1 1 0 0 0 0 0 1 0 1 0 0 0 0 1 0 0 0 0 1
130	7	1 0 1 1 1 1 1 1 1 0 1 0 0 0 0 0 1 0 1 0 0 1 0 1 0 1 1 1 1 0 1 1 0 0 0 0 0 1 0 1 0 0 0 0 1 1 0 0 0 1
140	1	1 0 1 1 1 1 1 1 1 0 0 0 0 1 0 0 1 0 1 0 0 1 0 1 0 1 1 1 1 0 1 1 1 0 0 0 0 1 0 1 1 0 0 0 1 0 0 0 0 1
140	1	1 0 1 1 1 1 1 1 1 0 1 0 0 1 0 0 1 0 1 0 0 1 0 1 0 1 1 1 1 0 1 1 1 0 0 0 0 1 0 1 0 0 0 0 1 0 0 0 0 1
140	1	1 0 1 1 1 1 1 1 0 0 1 0 0 1 0 0 1 0 1 0 0 1 0 1 0 1 1 1 1 0 1 1 1 0 0 0 0 1 0 1 1 0 0 0 1 0 0 0 0 1
140	7	1 0 1 1 1 1 1 1 1 0 1 0 0 1 0 0 1 0 1 0 0 1 0 1 0 1 1 1 1 0 1 1 1 0 0 0 0 1 0 1 1 0 0 0 1 0 0 0 0 1
140	1	1 0 1 1 1 1 1 1 1 0 1 0 0 0 0 0 1 0 1 0 0 1 0 1 0 1 1 1 1 0 1 0 0 1 0 0 0 1 0 1 1 0 0 0 1 0 0 0 0 1
140	1	1 0 1 1 1 1 1 1 1 0 1 0 0 0 0 0 1 0 1 0 0 1 0 1 1 1 1 1 1 0 1 1 0 1 0 0 0 1 0 1 1 0 0 0 1 0 0 0 0 1
140	42	1 0 1 1 1 1 1 1 1 0 1 0 0 0 0 0 1 0 1 0 0 1 0 1 0 1 1 1 1 0 1 1 0 0 0 0 0 1 0 1 1 0 0 0 1 0 0 0 0 1
140	8	1 0 1 1 1 1 1 1 1 0 1 0 0 0 0 0 1 0 1 0 0 1 0 1 0 1 1 1 1 0 1 1 0 0 0 1 0 1 0 1 1 0 0 0 1 0 0 0 0 1
140	9	1 0 1 1 1 1 1 1 1 0 1 0 0 0 0 0 1 0 1 0 0 1 0 1 0 1 1 1 1 0 1 1 1 0 0 0 0 1 0 1 1 0 0 0 1 0 0 0 0 1
140	3	1 0 1 1 1 1 1 1 1 0 1 0 0 0 0 0 1 0 1 0 0 1 0 1 0 0 1 1 1 0 1 1 0 0 0 0 0 1 0 1 1 0 0 0 1 0 0 0 0 1
140	4	1 0 1 1 1 1 1 1 1 0 1 0 0 0 0 0 1 0 1 0 0 1 0 1 0 1 1 1 1 0 1 1 0 0 0 0 0 1 0 1 0 0 0 0 1 0 0 0 0 1
140	1	1 0 1 1 1 1 1 1 1 0 1 0 0 0 0 0 1 0 1 0 0 1 0 1 0 1 1 1 1 0 1 1 0 0 0 0 0 1 0 1 1 0 0 0 1 0 0 1 0 1
140	13	0 0 1 1 1 1 1 1 1 0 1 0 0 0 0 0 1 0 1 0 0 1 0 1 0 1 1 1 1 0 1 1 0 0 0 0 0 1 0 1 0 0 0 0 1 0 0 0 0 1
140	8	1 0 1 1 1 1 1 1 1 0 1 0 0 0 0 0 1 0 1 0 0 1 0 1 0 1 1 1 1 0 1 1 0 0 0 0 0 1 0 1 0 0 0 0 1 1 0 0 0 1
150	4	1 0 1 1 1 1 1 1 1 0 1 0 0 1 0 0 1 0 1 0 0 1 0 1 0 1 1 1 1 0 1 1 1 0 0 0 0 1 0 1 1 0 0 0 1 0 0 0 0 1
150	1	1 0 1 1 1 0 1 1 1 0 1 0 0 0 0 0 1 0 1 0 0 1 0 1 0 1 1 1 1 0 1 1 0 0 0 0 0 1 0 1 0 0 0 0 1 0 0 0 0 1
150	3	1 0 1 1 1 1 1 1 1 0 1 0 0 0 0 0 1 0 1 0 0 1 0 1 0 1 1 1 1 0 1 1 0 0 0 0 0 1 0 1 0 0 0 0 1 0 0 0 0 1
150	1	1 0 1 1 1 1 1 1 1 0 1 0 0 0 0 0 1 0 1 0 0 1 0 1 0 1 0 1 1 0 1 1 0 0 0 0 0 1 0 1 1 0 0 0 1 0 0 0 0 1
150	1	1 1 1 1 1 1 1 1 1 1 1 0 0 0 0 0 1 0 1 0 0 1 0 1 0 1 1 1 1 0 1 1 0 0 0 0 0 1 0 1 1 0 0 0 1 0 0 0 0 1
150	2	1 0 1 1 1 1 1 1 1 1 1 0 0 0 0 0 1 0 1 0 0 1 0 1 0 1 1 1 1 0 1 1 0 0 0 0 0 1 0 1 1 0 0 0 1 0 0 0 0 1
150	1	1 0 1 1 1 1 1 1 1 0 1 0 0 0 0 0 1 0 1 0 0 1 0 1 0 1 1 1 1 0 1 1 0 0 0 0 0 1 1 1 1 0 0 0 1 0 0 0 0 1
150	47	1 0 1 1 1 1 1 1 1 0 1 0 0 0 0 0 1 0 1 0 0 1 0 1 0 1 1 1 1 0 1 1 0 0 0 0 0 1 0 1 1 0 0 0 1 0 0 0 0 1
150	1	1 0 1 1 1 1 1 1 1 0 1 0 0 0 0 0 1 0 1 0 0 1 0 1 0 1 1 1 1 0 1 1 0 0 0 1 0 1 0 1 1 0 0 0 1 0 0 0 1 1
150	5	1 0 1 1 1 1 1 1 1 0 1 0 0 0 0 0 1 0 1 0 0 1 0 1 0 1 1 1 1 0 1 1 0 0 0 1 0 1 0 1 1 0 0 0 1 0 0 0 0 1
150	7	1 0 1 1 1 1 1 1 1 0 1 0 0 0 0 0 1 0 1 0 0 1 0 1 0 1 1 1 1 0 1 1 1 0 0 0 0 1 0 1 1 0 0 0 1 0 0 0 0 1
150	15	1 0 1 1 1 1 1 1 1 0 1 0 0 0 0 0 1 0 1 0 0 1 0 1 0 0 1 1 1 0 1 1 0 0 0 0 0 1 0 1 1 0 0 0 1 0 0 0 0 1
150	1	0 0 1 1 1 1 1 1 1 0 1 0 0 0 0 0 1 0 1 0 0 1 0 1 0 0 1 1 1 0 1 1 0 0 0 0 0 1 0 1 0 0 0 0 1 0 0 0 0 1
150	5	0 0 1 1 1 1 1 1 1 0 1 0 0 0 0 0 1 0 1 0 0 1 0 1 0 1 1 1 1 0 1 1 0 0 0 0 0 1 0 1 0 0 0 0 1 0 0 0 0 1
150	6	1 0 1 1 1 1 1 1 1 0 1 0 0 0 0 0 1 0 1 0 0 1 0 1 0 1 1 1 1 0 1 1 0 0 0 0 0 1 0 1 0 0 0 0 1 1 0 0 0 1
160	8	1 0 1 1 1 1 1 1 1 0 1 0 0 1 0 0 1 0 1 0 0 1 0 1 0 1 1 1 1 0 1 1 1 0 0 0 0 1 0 1 1 0 0 0 1 0 0 0 0 1
160	9	1 0 1 1 1 1 1 1 1 0 1 0 0 0 0 0 1 0 1 0 0 1 0 1 0 1 1 1 1 0 1 1 0 0 0 0 0 1 0 1 0 0 0 0 1 0 0 0 0 1
160	1	1 1 1 1 1 1 1 1 1 1 1 0 0 0 0 0 1 0 1 0 0 1 0 1 0 1 1 1 1 0 1 1 0 0 0 0 0 1 0 1 1 0 0 0 1 0 0 0 0 1
160	1	0 0 1 1 1 1 1 1 1 0 1 0 0 0 0 0 1 0 1 0 0 1 0 1 0 1 1 1 1 0 1 1 0 0 0 0 0 1 0 1 1 0 0 0 1 0 0 0 0 1
160	1	1 0 1 1 1 1 1 1 1 0 1 0 0 0 0 0 1 0 1 0 0 1 0 1 0 1 1 1 1 0 1 1 0 0 0 1 0 1 0 1 1 0 0 0 1 0 0 0 0 1
160	1	1 0 1 1 1 1 1 0 1 0 1 0 0 0 0 0 1 0 1 0 0 1 0 1 0 1 1 1 1 0 1 1 0 0 0 0 0 1 0 1 1 0 0 0 1 0 0 0 0 1
160	41	1 0 1 1 1 1 1 1 1 0 1 0 0 0 0 0 1 0 1 0 0 1 0 1 0 1 1 1 1 0 1 1 0 0 0 0 0 1 0 1 1 0 0 0 1 0 0 0 0 1
160	1	1 0 1 1 1 1 1 1 1 0 1 0 0 0 0 0 1 0 1 0 0 1 0 1 0 1 1 1 1 0 1 1 0 0 0 1 0 1 0 1 1 0 0 0 1 0 0 0 1 1
160	1	1 0 1 1 1 1 1 1 1 0 1 0 0 0 0 0 1 0 1 0 0 1 0 1 0 1 1 1 1 0 1 1 0 0 0 1 0 1 0 1 1 0 1 0 1 0 0 0 0 1
160	1	1 0 1 1 1 1 1 1 1 0 0 0 0 0 0 0 1 0 1 0 0 1 0 1 0 1 1 1 1 0 1 1 1 0 0 0 0 1 0 1 1 0 0 0 1 0 0 0 0 1
160	16	1 0 1 1 1 1 1 1 1 0 1 0 0 0 0 0 1 0 1 0 0 1 0 1 0 1 1 1 1 0 1 1 1 0 0 0 0 1 0 1 1 0 0 0 1 0 0 0 0 1
160	7	1 0 1 1 1 1 1 1 1 0 1 0 0 0 0 0 1 0 1 0 0 1 0 1 0 0 1 1 1 0 1 1 0 0 0 0 0 1 0 1 1 0 0 0 1 0 0 0 0 1
160	2	0 0 1 1 1 1 1 1 1 0 1 0 0 0 0 0 1 0 1 0 0 0 0 1 0 1 1 1 1 0 1 1 0 0 0 0 1 1 0 1 0 0 0 0 1 0 0 0 0 1
160	3	0 0 1 1 1 1 1 1 1 0 1 0 0 0 0 0 1 0 1 0 0 1 0 1 0 1 1 1 1 0 1 1 0 0 0 0 1 1 0 1 0 0 0 0 1 0 0 0 0 1
160	4	0 0 1 1 1 1 1 1 1 0 1 0 0 0 0 0 1 0 1 0 0 1 0 1 0 1 1 1 1 0 1 1 0 0 0 0 0 1 0 1 0 0 0 0 1 0 0 0 0 1
160	3	1 0 1 1 1 1 1 1 1 0 1 0 0 0 0 0 1 0 1 0 0 1 0 1 0 1 1 1 1 0 1 1 0 0 0 0 0 1 0 1 0 0 0 0 1 1 0 0 0 1
170	12	1 0 1 1 1 1 1 1 1 0 1 0 0 1 0 0 1 0 1 0 0 1 0 1 0 1 1 1 1 0 1 1 1 0 0 0 0 1 0 1 1 0 0 0 1 0 0 0 0 1
170	9	1 0 1 1 1 1 1 1 1 0 1 0 0 0 0 0 1 0 1 0 0 1 0 1 0 1 1 1 1 0 1 1 0 0 0 0 0 1 0 1 0 0 0 0 1 0 0 0 0 1
170	1	1 0 1 1 1 1 1 1 1 0 1 0 0 0 0 0 1 0 1 0 0 1 0 1 0 1 1 1 1 0 1 1 0 0 0 0 0 1 0 1 1 1 0 0 1 0 0 0 0 1
170	1	1 0 1 1 1 1 1 1 1 0 1 1 0 0 0 0 1 0 1 0 0 1 0 1 0 1 1 1 1 0 1 1 0 0 0 0 0 1 0 1 1 0 0 0 1 0 0 0 0 1
170	2	1 0 1 1 1 1 1 1 1 0 1 0 0 0 0 0 1 0 1 0 0 1 0 1 0 1 1 1 1 0 1 1 0 1 0 0 0 1 0 1 1 0 0 0 1 0 0 0 0 1
170	40	1 0 1 1 1 1 1 1 1 0 1 0 0 0 0 0 1 0 1 0 0 1 0 1 0 1 1 1 1 0 1 1 0 0 0 0 0 1 0 1 1 0 0 0 1 0 0 0 0 1
170	1	1 0 1 1 1 1 1 1 1 0 1 0 0 0 0 0 1 0 1 0 0 1 0 1 0 1 1 1 1 0 1 1 1 0 0 0 0 1 1 1 1 0 0 0 1 0 0 0 0 1
170	8	1 0 1 1 1 1 1 1 1 0 1 0 0 0 0 0 1 0 1 0 0 1 0 1 0 1 1 1 1 0 1 1 1 0 0 0 0 1 0 1 1 0 0 0 1 0 0 0 0 1
170	1	1 0 1 1 1 1 1 1 1 0 1 0 0 0 0 0 1 0 1 0 0 1 0 1 0 0 1 1 1 0 1 1 0 0 0 0 0 1 0 1 1 0 0 1 1 0 0 0 0 1
170	11	1 0 1 1 1 1 1 1 1 0 1 0 0 0 0 0 1 0 1 0 0 1 0 1 0 0 1 1 1 0 1 1 0 0 0 0 0 1 0 1 1 0 0 0 1 0 0 0 0 1
170	2	0 0 1 1 1 1 1 1 1 0 1 0 0 0 0 0 1 0 1 0 0 0 0 1 0 1 1 1 1 0 1 1 0 0 0 0 1 1 0 1 0 0 0 0 1 0 0 0 0 1
170	1	0 0 0 1 1 1 1 1 1 0 1 0 0 0 0 0 1 0 1 0 0 1 0 1 0 1 1 1 1 0 1 1 0 0 0 0 1 1 0 1 0 0 0 0 1 0 0 0 0 1
170	4	0 0 1 1 1 1 1 1 1 0 1 0 0 0 0 0 1 0 1 0 0 1 0 1 0 1 1 1 1 0 1 1 0 0 0 0 1 1 0 1 0 0 0 0 1 0 0 0 0 1
170	5	0 0 1 1 1 1 1 1 1 0 1 0 0 0 0 0 1 0 1 0 0 1 0 1 0 1 1 1 1 0 1 1 0 0 0 0 0 1 0 1 0 0 0 0 1 0 0 0 0 1
170	2	1 0 1 1 1 1 1 1 1 0 1 0 0 0 0 0 1 0 1 0 0 1 0 1 0 1 1 1 1 0 1 1 0 0 0 0 0 1 0 1 0 0 0 0 1 1 0 0 0 1
180	1	1 0 1 1 0 1 1 1 1 0 1 0 0 1 0 0 1 0 1 0 0 1 0 1 0 1 1 1 1 0 1 1 1 0 0 0 0 1 0 1 1 0 0 0 1 0 0 0 0 1
180	8	1 0 1 1 1 1 1 1 1 0 1 0 0 1 0 0 1 0 1 0 0 1 0 1 0 1 1 1 1 0 1 1 1 0 0 0 0 1 0 1 1 0 0 0 1 0 0 0 0 1
180	17	1 0 1 1 1 1 1 1 1 0 1 0 0 0 0 0 1 0 1 0 0 1 0 1 0 1 1 1 1 0 1 1 0 0 0 0 0 1 0 1 0 0 0 0 1 0 0 0 0 1
180	5	1 1 1 1 1 1 1 1 1 1 1 0 0 0 0 0 1 0 1 0 0 1 0 1 0 1 1 1 1 0 1 1 0 0 0 0 0 1 0 1 1 0 0 0 1 0 0 0 0 1
180	1	1 0 1 1 1 1 1 1 1 0 1 0 0 0 0 0 1 0 1 0 0 1 0 1 0 1 1 1 1 0 1 1 0 0 0 0 0 1 0 1 1 1 0 0 1 0 0 0 0 1
180	1	1 0 1 1 1 1 1 1 1 0 1 0 0 0 0 0 1 0 1 0 0 1 0 1 0 1 1 1 1 0 1 1 0 0 0 0 0 0 0 1 1 0 0 0 1 0 0 0 0 1
180	8	1 0 1 1 1 1 1 1 1 0 1 0 0 0 0 0 0 0 1 0 0 1 0 1 0 1 1 1 1 0 1 1 0 0 0 0 0 1 0 1 1 0 0 0 1 0 0 0 0 1
180	1	1 0 1 1 1 1 1 1 1 0 1 0 0 0 0 0 1 0 1 0 0 1 0 1 0 1 1 1 1 0 1 1 0 1 0 0 0 1 0 1 1 0 0 1 1 0 0 0 0 1
180	2	1 0 1 1 1 1 1 1 1 0 1 0 0 0 0 0 1 0 1 0 0 1 0 1 0 1 1 1 1 0 1 1 0 1 0 0 0 1 0 1 1 0 0 0 1 0 0 0 0 1
180	8	1 0 1 1 1 1 1 1 1 0 1 0 0 0 0 0 1 0 1 0 0 1 0 1 0 1 1 1 1 0 1 1 1 0 0 0 0 1 0 1 1 0 0 0 1 0 0 0 0 1
180	22	1 0 1 1 1 1 1 1 1 0 1 0 0 0 0 0 1 0 1 0 0 1 0 1 0 1 1 1 1 0 1 1 0 0 0 0 0 1 0 1 1 0 0 0 1 0 0 0 0 1
180	1	1 0 1 1 1 1 1 1 1 0 1 0 0 0 0 0 1 0 1 0 0 1 0 1 0 1 1 1 1 0 1 1 1 0 0 0 0 1 1 1 1 0 0 0 1 0 0 0 0 1
180	3	1 0 1 1 1 1 1 1 1 0 1 0 0 0 0 0 1 0 1 0 0 1 0 1 0 1 1 1 1 0 1 1 1 0 0 0 0 1 0 1 0 0 0 0 1 0 0 0 0 1
180	13	1 0 1 1 1 1 1 1 1 0 1 0 0 0 0 0 1 0 1 0 0 1 0 1 0 0 1 1 1 0 1 1 0 0 0 0 0 1 0 1 1 0 0 0 1 0 0 0 0 1
180	1	0 0 1 1 1 1 1 1 1 0 1 0 0 0 0 0 1 0 1 0 0 0 0 1 0 1 1 1 1 0 1 1 0 0 0 0 1 1 0 1 0 0 0 0 1 0 0 0 0 0
180	2	0 0 1 1 1 1 1 1 1 0 1 0 0 0 0 0 1 0 1 0 0 0 0 1 0 1 1 1 1 0 1 1 0 0 0 0 1 1 0 1 0 0 0 0 1 0 0 0 0 1
180	4	0 0 1 1 1 1 1 1 1 0 1 0 0 0 0 0 1 0 1 0 0 1 0 1 0 1 1 1 1 0 1 1 0 0 0 0 1 1 0 1 0 0 0 0 1 0 0 0 0 1
180	2	0 0 1 1 1 1 1 1 1 0 1 0 0 0 0 0 1 0 1 0 0 1 0 1 0 1 1 1 1 0 1 1 0 0 0 0 0 1 0 1 0 0 0 0 1 0 0 0 0 1
190	1	1 0 1 1 1 1 1 1 1 0 0 0 0 1 0 0 1 0 1 0 0 1 0 1 0 1 1 1 1 0 1 1 1 0 0 0 0 1 0 1 1 0 0 0 1 0 0 0 0 1
190	15	1 0 1 1 1 1 1 1 1 0 1 0 0 1 0 0 1 0 1 0 0 1 0 1 0 1 1 1 1 0 1 1 1 0 0 0 0 1 0 1 1 0 0 0 1 0 0 0 0 1
190	1	1 0 1 1 1 1 1 1 1 0 1 0 0 0 0 0 1 0 1 0 0 1 0 1 0 0 1 1 1 0 1 1 0 0 0 0 0 1 0 1 0 0 0 0 1 0 0 0 0 1
190	23	1 0 1 1 1 1 1 1 1 0 1 0 0 0 0 0 1 0 1 0 0 1 0 1 0 1 1 1 1 0 1 1 0 0 0 0 0 1 0 1 0 0 0 0 1 0 0 0 0 1
190	1	1 1 1 1 1 1 1 1 1 1 1 0 0 0 0 0 1 0 1 0 0 1 0 1 0 1 1 1 1 0 1 1 1 0 0 0 0 1 0 1 1 0 0 0 1 0 0 0 0 1
190	8	1 1 1 1 1 1 1 1 1 1 1 0 0 0 0 0 1 0 1 0 0 1 0 1 0 1 1 1 1 0 1 1 0 0 0 0 0 1 0 1 1 0 0 0 1 0 0 0 0 1
190	3	1 0 1 1 1 1 1 1 1 0 1 0 0 0 0 0 1 0 1 0 0 1 0 1 0 1 1 1 1 0 1 1 0 0 0 0 1 1 0 1 1 0 0 0 1 0 0 0 0 1
190	1	1 0 1 1 1 1 0 1 1 0 1 0 0 0 0 0 1 0 1 0 0 1 0 1 0 1 1 1 1 0 1 1 1 0 0 0 0 1 0 1 1 0 0 0 1 0 0 0 0 1
190	1	1 0 1 1 1 1 1 1 1 0 1 0 0 0 0 0 1 0 1 0 0 1 0 1 0 1 1 1 1 0 1 0 0 0 0 0 0 1 0 1 1 0 0 0 1 0 0 0 0 1
190	15	1 0 1 1 1 1 1 1 1 0 1 0 0 0 0 0 1 0 1 0 0 1 0 1 0 1 1 1 1 0 1 1 0 0 0 0 0 1 0 1 1 0 0 0 1 0 0 0 0 1
190	8	1 0 1 1 1 1 1 1 1 0 1 0 0 0 0 0 1 0 1 0 0 1 0 1 0 1 1 1 1 0 1 1 1 0 0 0 0 1 0 1 1 0 0 0 1 0 0 0 0 1
190	1	1 0 1 1 1 1 1 1 1 0 1 0 0 0 0 0 1 0 1 0 0 1 0 1 0 1 1 1 1 0 1 1 1 0 0 0 0 1 1 1 1 0 0 0 1 0 0 0 0 1
190	2	1 0 1 1 1 1 1 1 1 0 1 0 0 0 0 0 1 0 1 0 0 1 0 1 0 1 1 1 1 0 1 1 1 0 0 0 0 1 0 1 0 0 0 0 1 0 0 0 0 1
190	1	1 0 0 1 1 1 1 1 1 0 1 0 0 0 0 0 1 0 1 0 0 1 0 1 0 1 1 1 1 0 1 1 1 0 0 0 0 1 0 1 1 0 0 0 1 0 0 0 0 1
190	9	1 0 1 1 1 1 1 1 1 0 1 0 0 0 0 0 1 0 1 0 0 1 0 1 0 0 1 1 1 0 1 1 0 0 0 0 0 1 0 1 1 0 0 0 1 0 0 0 0 1
190	5	0 0 1 1 1 1 1 1 1 0 1 0 0 0 0 0 1 0 1 0 0 1 0 1 0 1 1 1 1 0 1 1 0 0 0 0 1 1 0 1 0 0 0 0 1 0 0 0 0 1
190	5	0 0 1 1 1 1 1 1 1 0 1 0 0 0 0 0 1 0 1 0 0 1 0 1 0 1 1 1 1 0 1 1 0 0 0 0 0 1 0 1 0 0 0 0 1 0 0 0 0 1
200	5	1 0 1 1 1 1 1 1 1 0 1 0 0 1 0 0 1 0 1 0 0 1 0 1 0 1 1 1 1 0 1 1 1 0 0 0 0 1 0 1 1 0 0 0 1 0 0 0 0 1
200	2	1 0 1 1 1 1 1 1 1 0 1 0 0 0 0 0 1 0 1 0 0 1 0 1 0 0 1 1 1 0 1 1 0 0 0 0 0 1 0 1 0 0 0 0 1 0 0 0 0 1
200	1	1 0 1 1 1 1 1 1 1 0 1 0 0 0 0 0 1 0 1 1 0 1 0 1 0 1 1 1 1 0 1 1 0 0 0 0 0 1 0 1 0 0 0 0 1 0 0 0 0 1
200	1	1 0 1 1 1 1 1 1 1 0 1 0 0 0 0 0 1 0 0 0 0 1 0 1 0 1 1 1 1 0 1 1 0 0 0 0 0 1 0 1 0 0 0 0 1 0 0 0 0 1
200	27	1 0 1 1 1 1 1 1 1 0 1 0 0 0 0 0 1 0 1 0 0 1 0 1 0 1 1 1 1 0 1 1 0 0 0 0 0 1 0 1 0 0 0 0 1 0 0 0 0 1
200	1	1 1 1 1 1 1 1 1 1 1 1 0 0 0 0 0 1 0 1 0 0 1 0 1 1 1 1 1 1 0 1 1 0 0 0 0 0 1 0 1 1 0 0 0 1 0 0 0 0 1
200	31	1 1 1 1 1 1 1 1 1 1 1 0 0 0 0 0 1 0 1 0 0 1 0 1 0 1 1 1 1 0 1 1 0 0 0 0 0 1 0 1 1 0 0 0 1 0 0 0 0 1
200	1	1 0 1 1 1 1 0 1 1 0 1 0 0 0 0 0 1 0 1 0 0 1 0 1 0 1 1 1 1 0 1 1 1 0 0 0 0 1 0 1 1 0 0 0 1 0 0 0 0 1
200	1	1 0 1 1 1 1 1 1 1 0 1 0 0 0 0 0 1 0 1 0 0 1 1 1 0 1 1 1 1 0 1 1 0 0 0 0 0 1 0 1 1 0 0 0 1 0 0 0 0 1
200	10	1 0 1 1 1 1 1 1 1 0 1 0 0 0 0 0 1 0 1 0 0 1 0 1 0 1 1 1 1 0 1 1 0 0 0 0 0 1 0 1 1 0 0 0 1 0 0 0 0 1
200	2	1 0 1 1 1 1 1 1 1 0 1 0 0 0 0 0 1 0 1 0 0 1 0 1 0 1 1 1 1 0 1 1 1 1 0 0 0 1 0 1 1 0 0 0 1 0 0 0 0 1
200	6	1 0 1 1 1 1 1 1 1 0 1 0 0 0 0 0 1 0 1 0 0 1 0 1 0 1 1 1 1 0 1 1 1 0 0 0 0 1 0 1 1 0 0 0 1 0 0 0 0 1
200	2	1 0 1 1 1 1 1 1 1 0 1 0 0 0 0 0 1 0 1 0 0 1 0 1 0 1 1 1 1 0 1 1 1 0 0 0 0 1 1 1 1 0 0 0 1 0 0 0 0 1
200	4	1 0 1 1 1 1 1 1 1 0 1 0 0 0 0 0 1 0 1 0 0 1 0 1 0 1 1 1 1 0 1 1 1 0 0 0 0 1 0 1 0 0 0 0 1 0 0 0 0 1
200	1	1 1 1 1 1 1 1 1 1 0 1 0 0 0 0 0 1 0 1 0 0 1 0 1 0 0 1 1 1 0 1 1 0 0 0 0 0 1 0 1 1 0 0 0 1 0 0 0 0 1
200	4	1 0 1 1 1 1 1 1 1 0 1 0 0 0 0 0 1 0 1 0 0 1 0 1 0 0 1 1 1 0 1 1 0 0 0 0 0 1 0 1 1 0 0 0 1 0 0 0 0 1
200	1	0 0 1 1 1 1 1 1 1 0 1 0 0 0 0 0 1 0 1 0 0 1 0 1 0 1 1 1 1 0 1 1 0 0 0 0 1 1 0 1 0 0 0 0 1 0 0 0 0 1
210	3	1 0 1 1 1 1 1 1 1 0 1 0 0 1 0 0 1 0 1 0 0 1 0 1 0 1 1 1 1 0 1 1 1 0 0 0 0 1 0 1 1 0 0 0 1 0 0 0 0 1
210	3	1 0 1 1 1 1 1 1 1 0 1 0 0 0 0 0 1 0 1 0 0 1 0 1 0 0 1 1 1 0 1 1 0 0 0 0 0 1 0 1 0 0 0 0 1 0 0 0 0 1
210	1	0 0 1 1 1 1 1 1 1 0 1 0 0 0 0 0 1 0 1 0 0 1 0 1 0 1 1 1 1 0 1 1 0 0 0 0 0 1 0 1 0 0 0 0 1 0 0 0 0 1
210	2	1 0 1 1 1 1 1 1 1 0 1 1 0 0 0 0 1 0 1 0 0 1 0 1 0 1 1 1 1 0 1 1 0 0 0 0 0 1 0 1 0 0 0 0 1 0 0 0 0 1
210	26	1 0 1 1 1 1 1 1 1 0 1 0 0 0 0 0 1 0 1 0 0 1 0 1 0 1 1 1 1 0 1 1 0 0 0 0 0 1 0 1 0 0 0 0 1 0 0 0 0 1
210	1	1 1 1 1 1 1 1 1 1 1 1 0 0 0 0 0 1 0 1 0 0 1 0 1 1 1 1 1 1 0 1 1 0 0 0 0 0 0 0 1 1 0 0 0 1 0 0 0 0 1
210	1	1 1 1 1 1 1 1 1 1 0 1 0 0 0 0 0 1 0 1 0 0 1 0 1 0 1 1 1 1 0 1 1 0 0 0 0 0 1 0 1 1 0 0 0 1 0 0 0 0 1
210	1	1 1 1 1 1 1 1 1 1 1 1 0 0 0 0 0 1 0 1 0 0 1 0 1 0 1 1 1 1 0 1 1 0 0 0 0 1 1 0 1 1 0 0 0 1 0 0 0 0 1
210	47	1 1 1 1 1 1 1 1 1 1 1 0 0 0 0 0 1 0 1 0 0 1 0 1 0 1 1 1 1 0 1 1 0 0 0 0 0 1 0 1 1 0 0 0 1 0 0 0 0 1
210	1	1 0 1 1 1 1 1 1 1 0 1 0 0 0 0 0 1 0 1 0 0 1 0 1 0 1 1 1 1 0 1 1 0 1 0 0 0 1 0 1 1 0 0 0 1 0 0 0 0 1
210	1	1 0 1 1 1 1 0 1 1 0 1 0 0 0 0 0 1 0 1 0 0 1 0 1 0 1 1 1 1 0 1 1 1 0 0 0 0 1 0 1 1 0 0 0 1 0 0 0 0 1
210	2	1 0 1 1 1 1 1 1 1 0 1 0 0 0 0 0 1 0 1 0 0 1 0 1 0 1 1 1 1 0 1 1 0 0 0 0 0 1 0 1 1 0 0 0 1 0 0 0 0 1
210	6	1 0 1 1 1 1 1 1 1 0 1 0 0 0 0 0 1 0 1 0 0 1 0 1 0 1 1 1 1 0 1 1 1 0 0 0 0 1 0 1 1 0 0 0 1 0 0 0 0 1
210	1	1 0 1 1 1 1 1 1 1 0 1 0 0 0 0 0 1 0 1 0 0 1 0 1 0 1 1 1 1 0 1 1 1 0 0 0 0 1 1 1 1 0 0 0 1 0 0 0 0 1
210	4	1 0 1 1 1 1 1 1 1 0 1 0 0 0 0 0 1 0 1 0 0 1 0 1 0 1 1 1 1 0 1 1 1 0 0 0 0 1 0 1 0 0 0 0 1 0 0 0 0 1
220	11	1 0 1 1 1 1 1 1 1 0 1 0 0 0 0 0 1 0 1 0 0 1 0 1 0 1 1 1 1 0 1 1 0 0 0 0 0 1 0 1 0 0 0 0 1 0 0 0 0 1
220	1	1 1 1 1 1 1 1 1 1 1 1 0 0 0 0 0 1 0 1 0 0 1 0 1 0 1 1 1 1 0 1 1 0 0 0 0 0 1 0 1 1 0 0 0 0 0 0 0 0 1
220	3	1 1 1 1 1 1 1 1 1 1 1 0 0 0 0 0 1 0 1 0 0 1 0 1 0 1 0 1 1 0 1 1 0 0 0 0 0 1 0 1 1 0 0 0 1 0 0 0 0 1
220	1	1 1 1 1 1 1 1 1 1 1 1 0 0 0 0 0 1 0 1 0 0 0 0 1 0 1 1 1 1 0 1 1 0 0 0 0 0 1 0 1 1 0 0 0 1 0 0 0 0 1
220	1	1 1 1 1 1 1 1 0 1 1 1 0 0 0 0 0 1 0 1 0 0 1 0 1 0 1 1 1 1 0 1 1 0 0 0 0 0 1 0 1 1 0 0 0 1 0 0 0 0 1
220	69	1 1 1 1 1 1 1 1 1 1 1 0 0 0 0 0 1 0 1 0 0 1 0 1 0 1 1 1 1 0 1 1 0 0 0 0 0 1 0 1 1 0 0 0 1 0 0 0 0 1
220	2	1 0 1 1 1 1 0 1 1 0 1 0 0 0 0 0 1 0 1 0 0 1 0 1 0 1 1 1 1 0 1 1 1 0 0 0 0 1 0 1 1 0 0 0 1 0 0 0 0 1
220	2	1 0 1 1 1 1 1 1 1 0 1 0 0 0 0 0 1 0 1 0 0 1 0 1 0 1 1 1 1 0 1 1 0 0 0 0 0 1 0 1 1 0 0 0 1 0 0 0 0 1
220	3	1 0 1 1 1 1 1 1 1 0 1 0 0 0 0 0 1 0 1 0 0 1 0 1 0 1 1 1 1 0 1 1 1 0 0 0 0 1 0 1 1 0 0 0 1 0 0 0 0 1
220	7	1 0 1 1 1 1 1 1 1 0 1 0 0 0 0 0 1 0 1 0 0 1 0 1 0 1 1 1 1 0 1 1 1 0 0 0 0 1 0 1 0 0 0 0 1 0 0 0 0 1
230	6	1 0 1 1 1 1 1 1 1 0 1 0 0 0 0 0 1 0 1 0 0 1 0 1 0 1 1 1 1 0 1 1 1 0 0 0 0 1 0 1 0 0 0 0 1 0 0 0 0 1
230	9	1 0 1 1 1 1 1 1 1 0 1 0 0 0 0 0 1 0 1 0 0 1 0 1 0 1 1 1 1 0 1 1 0 0 0 0 0 1 0 1 0 0 0 0 1 0 0 0 0 1
230	2	1 1 1 1 1 1 1 1 1 1 1 0 0 0 0 0 1 0 1 0 0 1 0 1 0 0 1 1 1 0 1 1 0 0 0 0 0 1 0 1 1 0 0 0 1 0 0 0 0 1
230	3	1 1 1 1 1 1 1 1 1 1 1 0 0 0 0 0 1 0 1 0 1 1 0 1 0 1 1 1 1 0 1 1 0 0 0 0 0 1 0 1 1 0 0 0 1 0 0 0 0 1
230	2	1 1 1 1 1 1 1 1 1 1 1 0 1 0 0 0 1 0 1 0 0 1 0 1 0 1 1 1 1 0 1 1 0 0 0 0 0 1 0 1 1 0 0 0 1 0 0 0 0 1
230	1	1 0 1 1 1 1 1 1 1 1 1 0 0 0 0 0 1 0 1 0 0 1 0 1 0 1 1 1 1 0 1 1 0 1 0 0 0 1 0 1 1 0 0 0 1 0 0 0 0 1
230	3	1 1 1 1 1 1 1 1 1 1 1 0 0 0 0 0 1 0 1 0 0 1 0 1 0 1 1 1 1 0 1 1 0 1 0 0 0 1 0 1 1 0 0 0 1 0 0 0 0 1
230	1	1 1 1 1 1 1 1 1 1 1 1 0 0 0 0 0 1 0 1 0 0 1 0 1 0 1 1 1 1 0 1 1 0 0 1 0 0 1 0 1 1 0 0 0 1 0 0 0 0 1
230	73	1 1 1 1 1 1 1 1 1 1 1 0 0 0 0 0 1 0 1 0 0 1 0 1 0 1 1 1 1 0 1 1 0 0 0 0 0 1 0 1 1 0 0 0 1 0 0 0 0 1
240	3	1 0 1 1 1 1 1 1 1 0 1 0 0 0 0 0 1 0 1 0 0 1 0 1 0 1 1 1 1 0 1 1 0 0 0 0 0 1 0 1 0 0 0 0 1 0 0 0 0 1
240	1	1 1 1 1 1 1 1 1 1 1 1 0 0 0 0 0 1 0 1 0 0 1 0 1 1 1 1 1 1 0 1 1 0 0 0 0 0 0 0 1 1 0 0 0 1 0 0 0 0 1
240	4	1 1 1 1 1 1 1 1 1 1 1 0 0 0 0 0 1 0 1 0 1 1 0 1 0 1 1 1 1 0 1 1 0 0 0 0 0 1 0 1 1 0 0 0 1 0 0 0 0 1
240	2	1 1 1 1 1 1 1 1 1 1 1 0 0 0 0 0 1 0 1 0 0 1 0 1 0 1 1 1 1 0 1 1 0 0 1 0 0 1 0 1 1 0 0 0 1 0 0 0 0 1
240	1	1 1 1 1 1 1 1 1 1 1 1 0 0 0 0 0 1 0 1 0 0 1 0 1 0 1 1 1 1 0 1 1 0 0 0 0 0 1 0 1 1 0 0 0 1 0 0 0 0 0
240	1	1 1 1 1 1 1 1 1 1 1 1 0 0 0 0 0 1 0 1 0 0 1 0 1 0 1 1 1 1 0 1 1 0 0 0 0 0 1 0 1 1 0 0 1 1 0 0 0 0 1
240	1	1 1 1 1 1 1 1 1 1 1 1 0 0 0 0 1 1 0 1 0 0 1 0 1 0 1 1 1 1 0 1 1 0 0 0 0 0 1 0 1 1 0 0 0 1 0 0 0 0 1
240	1	0 1 1 1 1 1 1 1 1 1 1 0 0 0 0 0 1 0 1 0 0 1 0 1 0 1 1 1 1 0 1 1 0 0 0 0 0 1 0 1 1 0 0 0 1 0 0 0 0 1
240	1	1 1 1 1 1 1 1 1 1 1 1 0 0 0 0 0 1 0 1 0 0 1 0 1 0 1 1 1 1 0 1 1 0 0 0 0 0 0 0 1 1 0 0 0 1 0 0 0 0 1
240	85	1 1 1 1 1 1 1 1 1 1 1 0 0 0 0 0 1 0 1 0 0 1 0 1 0 1 1 1 1 0 1 1 0 0 0 0 0 1 0 1 1 0 0 0 1 0 0 0 0 1
250	1	1 0 1 1 1 1 1 1 1 0 1 0 0 0 0 0 1 0 1 0 0 1 0 1 0 1 1 1 1 0 1 1 1 0 0 0 0 1 0 1 0 0 0 0 1 0 0 0 0 1
250	4	1 1 1 1 1 1 1 1 1 1 1 0 0 0 0 0 1 0 1 0 0 1 0 1 0 0 1 1 1 0 1 1 0 0 0 0 0 1 0 1 1 0 0 0 1 0 0 0 0 1
250	1	1 1 1 1 1 1 1 1 1 1 1 0 0 0 0 0 1 0 1 0 0 1 0 1 0 1 1 1 1 0 1 1 0 0 0 0 0 1 0 1 1 0 0 0 0 0 0 0 0 0
250	1	1 1 1 1 1 1 1 1 1 1 1 0 0 0 0 0 1 0 1 0 0 1 0 1 0 1 1 1 1 0 1 1 0 0 0 0 0 1 0 1 1 0 0 0 0 0 0 0 0 1
250	1	1 1 1 1 1 1 1 1 1 1 1 0 0 0 0 0 1 0 1 0 1 1 0 1 0 1 1 1 1 0 1 1 0 0 0 0 0 1 0 1 1 0 0 0 1 0 0 0 0 1
250	4	1 1 1 1 1 1 1 1 1 1 1 0 0 0 0 0 1 0 1 0 0 1 0 1 0 1 1 1 1 0 1 1 0 0 0 0 0 1 0 1 1 0 0 0 1 0 0 0 0 0
250	1	1 1 1 1 1 1 1 1 0 1 1 0 0 0 0 0 1 0 1 0 0 1 0 1 0 1 1 1 1 0 1 1 0 0 0 0 0 1 0 1 1 0 0 0 1 0 0 0 0 1
250	1	1 1 1 1 1 1 0 1 1 1 1 0 0 0 0 0 1 0 1 0 0 1 0 1 0 1 1 1 1 0 1 1 0 0 0 0 0 1 0 1 1 0 0 0 1 0 0 0 0 1
250	2	1 1 1 1 1 1 1 1 1 1 1 0 0 0 0 0 1 0 1 0 0 1 0 1 0 1 1 1 1 0 1 1 0 0 0 0 0 1 1 1 1 0 0 0 1 0 0 0 0 1
250	1	1 1 1 1 1 1 1 1 1 1 1 0 0 0 0 0 1 0 0 0 0 1 0 1 0 1 1 1 1 0 1 1 0 0 0 0 0 1 0 1 1 0 0 0 1 0 0 0 0 1
250	1	1 1 1 1 1 1 1 1 1 1 1 0 0 0 0 0 1 0 1 0 0 1 0 1 0 1 1 1 1 0 1 1 0 0 0 0 1 1 0 1 1 0 0 0 1 0 0 0 0 1
250	1	1 1 1 1 1 1 1 1 1 1 1 0 0 0 0 0 1 0 1 0 0 1 0 1 0 1 1 1 1 0 1 1 0 1 0 0 0 1 0 1 1 0 0 0 1 0 0 0 0 1
250	81	1 1 1 1 1 1 1 1 1 1 1 0 0 0 0 0 1 0 1 0 0 1 0 1 0 1 1 1 1 0 1 1 0 0 0 0 0 1 0 1 1 0 0 0 1 0 0 0 0 1
260	1	1 0 1 1 1 1 1 1 1 0 1 0 0 0 0 0 1 0 1 0 0 1 0 1 0 1 1 1 1 0 1 1 0 0 0 0 0 1 0 1 0 0 0 0 1 0 0 0 0 1
260	1	1 1 1 1 1 1 1 1 1 1 1 0 1 0 0 0 1 0 1 0 0 1 0 1 0 1 1 1 1 0 1 1 0 0 0 0 0 1 0 1 1 0 0 0 1 0 0 0 0 1
260	87	1 1 1 1 1 1 1 1 1 1 1 0 0 0 0 0 1 0 1 0 0 1 0 1 0 1 1 1 1 0 1 1 0 0 0 0 0 1 0 1 1 0 0 0 1 0 0 0 0 1
260	2	1 1 1 1 1 1 1 1 1 1 1 0 0 0 0 0 1 0 1 0 0 1 0 1 0 1 1 1 1 0 1 1 0 0 1 0 0 1 0 1 1 0 0 0 1 0 0 0 0 1
260	1	1 1 1 1 1 1 1 1 1 1 1 0 0 0 0 0 1 0 1 0 0 1 0 1 0 1 1 1 1 0 1 1 0 0 0 1 0 1 0 1 1 0 0 0 1 0 0 0 0 0
260	2	1 1 1 1 1 1 1 1 1 1 1 0 0 0 0 0 1 0 1 0 0 1 0 1 0 1 1 1 1 0 1 1 0 0 0 0 0 1 0 1 1 0 0 0 1 0 0 0 0 0
260	1	1 1 1 1 1 1 1 1 1 1 0 0 0 0 0 0 1 0 1 0 0 1 0 1 0 1 1 1 1 0 1 1 0 0 0 0 0 1 0 1 1 0 0 0 1 0 0 0 0 1
260	2	0 1 1 1 1 1 1 1 1 1 1 0 0 0 0 0 1 0 1 0 0 1 0 1 0 1 1 1 1 0 1 1 0 0 0 0 0 1 0 1 1 0 0 0 1 0 0 0 0 1
260	1	1 1 1 1 1 1 1 1 1 1 1 0 0 0 0 0 1 0 1 0 0 1 0 1 0 1 1 1 1 0 1 1 0 0 0 0 1 1 0 1 1 0 0 0 1 0 0 0 0 1
260	1	1 1 1 1 1 1 1 1 1 1 1 0 0 0 0 0 1 0 1 0 0 1 0 1 1 1 1 1 1 0 1 1 0 0 0 0 0 1 0 1 1 0 0 0 1 0 0 0 0 1
260	1	1 1 1 1 1 1 1 1 1 1 1 0 0 0 0 0 1 0 1 0 0 1 0 1 0 1 1 1 1 0 1 1 0 0 0 0 0 1 0 1 0 0 0 0 1 0 0 0 0 1
270	1	1 1 1 1 1 1 1 1 1 1 1 0 0 0 0 0 1 0 1 0 1 1 0 1 0 1 1 1 1 0 1 1 0 0 0 0 0 1 0 1 1 0 0 0 1 0 0 0 0 1
270	6	1 1 1 1 1 1 1 1 1 1 1 0 1 0 0 0 1 0 1 0 0 1 0 1 0 1 1 1 1 0 1 1 0 0 0 0 0 1 0 1 1 0 0 0 1 0 0 0 0 1
270	2	1 1 1 0 1 1 1 1 1 1 1 0 0 0 0 0 1 0 1 0 0 1 0 1 0 1 1 1 1 0 1 1 0 0 0 0 0 1 0 1 1 0 0 0 1 0 0 0 0 0
270	5	1 1 1 1 1 1 1 1 1 1 1 0 0 0 0 0 1 0 1 0 0 1 0 1 0 1 1 1 1 0 1 1 0 0 1 0 0 1 0 1 1 0 0 0 1 0 0 0 0 1
270	2	1 1 1 1 1 1 1 1 1 1 1 0 0 0 0 1 1 0 1 0 0 1 0 1 0 1 1 1 1 0 1 1 0 0 0 0 0 1 0 1 1 0 0 0 1 0 0 0 0 1
270	70	1 1 1 1 1 1 1 1 1 1 1 0 0 0 0 0 1 0 1 0 0 1 0 1 0 1 1 1 1 0 1 1 0 0 0 0 0 1 0 1 1 0 0 0 1 0 0 0 0 1
270	3	1 1 1 1 1 1 1 1 1 1 1 0 0 0 0 0 1 0 1 0 0 1 0 1 0 1 1 1 1 0 1 1 0 0 0 1 0 1 0 1 1 0 0 0 1 0 0 0 0 0
270	1	1 1 1 1 1 1 1 1 1 1 1 0 0 0 0 0 1 0 1 0 0 1 0 1 0 1 1 1 1 0 1 1 0 0 0 0 0 1 0 1 1 0 0 0 1 0 0 0 0 0
270	1	1 1 1 1 1 1 1 1 1 1 1 0 0 0 0 0 1 0 1 0 0 1 0 1 0 1 1 1 1 0 1 1 0 0 0 0 0 1 0 1 1 0 0 1 0 0 0 0 0 1
270	3	1 1 1 1 1 1 1 1 1 1 1 0 0 0 0 0 1 0 1 0 0 1 0 1 0 1 1 1 1 0 1 1 0 0 0 0 0 1 0 1 1 0 0 1 1 0 0 0 0 1
270	2	1 1 1 1 1 1 1 1 1 1 1 0 0 0 0 0 1 0 1 0 0 1 0 1 1 1 1 1 1 0 1 1 0 0 0 0 0 1 0 1 1 0 0 1 1 0 0 0 0 1
270	2	1 1 1 1 1 1 1 1 1 1 1 0 0 0 0 0 1 0 1 0 0 1 0 1 1 1 1 1 1 0 1 1 0 0 0 0 0 1 0 1 1 0 0 0 1 0 0 0 0 1
270	2	1 1 1 1 1 1 1 1 1 1 1 0 0 0 0 0 1 0 1 0 0 1 0 1 0 1 1 1 1 0 1 1 0 0 0 0 0 1 0 1 0 0 0 0 1 0 0 0 0 1
280	8	1 1 1 1 1 1 1 1 1 1 1 0 1 0 0 0 1 0 1 0 0 1 0 1 0 1 1 1 1 0 1 1 0 0 0 0 0 1 0 1 1 0 0 0 1 0 0 0 0 1
280	1	1 1 1 1 1 1 1 1 1 1 1 0 0 0 0 0 1 0 1 0 0 1 0 1 0 1 1 1 1 0 1 1 0 0 1 1 0 1 0 1 1 0 0 0 1 0 0 0 0 1
280	1	1 1 1 0 1 1 1 1 1 1 1 0 0 0 0 0 1 0 1 0 0 1 0 1 0 1 1 1 1 0 1 1 0 0 0 0 0 1 0 1 1 0 0 0 1 0 0 0 0 0
280	2	1 1 1 1 1 1 1 1 1 1 1 0 0 0 0 1 1 0 1 0 0 1 0 1 0 1 1 1 1 0 1 1 0 0 0 0 0 1 0 1 1 0 0 0 1 0 0 0 0 1
280	3	1 1 1 1 1 1 1 1 1 1 1 0 0 0 0 0 1 0 1 0 0 1 0 1 0 1 1 1 1 0 1 0 0 0 0 0 0 1 0 1 1 0 0 0 1 0 0 0 0 1
280	1	1 1 1 1 1 1 1 1 1 1 1 0 0 0 0 0 1 0 1 0 0 1 0 1 0 1 1 1 1 0 1 1 0 0 0 0 0 1 0 1 1 0 0 0 1 0 0 1 0 1
280	1	1 1 1 1 1 1 1 1 1 1 1 0 0 1 0 0 1 0 1 0 0 1 0 1 0 1 1 1 1 0 1 1 0 0 0 0 0 1 0 1 1 0 0 0 1 0 0 0 0 1
280	3	1 1 1 1 1 1 1 1 1 1 1 0 0 0 0 0 0 0 1 0 0 1 0 1 0 1 1 1 1 0 1 1 0 0 0 0 0 1 0 1 1 0 0 0 1 0 0 0 0 1
280	5	1 1 1 1 1 1 1 1 1 1 1 0 0 0 0 0 1 0 1 0 0 1 0 1 0 1 1 1 1 0 1 1 0 0 0 0 0 1 0 1 0 0 0 0 1 0 0 0 0 1
280	1	1 1 1 1 0 1 1 1 1 1 1 0 0 0 0 0 1 0 1 0 0 1 0 1 0 1 1 1 1 0 1 1 0 0 0 0 0 1 0 1 1 0 0 0 1 0 0 0 0 1
280	65	1 1 1 1 1 1 1 1 1 1 1 0 0 0 0 0 1 0 1 0 0 1 0 1 0 1 1 1 1 0 1 1 0 0 0 0 0 1 0 1 1 0 0 0 1 0 0 0 0 1
280	2	1 1 1 1 1 1 1 1 1 1 1 0 0 0 0 0 1 0 1 0 0 1 0 1 0 1 1 1 1 0 1 1 0 0 0 1 0 1 0 1 1 0 0 0 1 0 0 0 0 0
280	1	1 1 1 1 1 1 1 1 1 1 1 0 0 0 1 0 1 0 1 0 0 1 0 1 0 1 1 1 1 0 1 1 0 0 0 0 0 1 0 1 1 0 0 0 1 0 0 0 0 0
280	6	1 1 1 1 1 1 1 1 1 1 1 0 0 0 0 0 1 0 1 0 0 1 0 1 0 1 1 1 1 0 1 1 0 0 0 0 0 1 0 1 1 0 0 0 1 0 0 0 0 0
290	10	1 1 1 1 1 1 1 1 1 1 1 0 1 0 0 0 1 0 1 0 0 1 0 1 0 1 1 1 1 0 1 1 0 0 0 0 0 1 0 1 1 0 0 0 1 0 0 0 0 1
290	1	1 1 1 1 1 1 1 1 1 1 1 0 0 0 0 0 1 0 1 0 0 1 0 1 0 1 1 1 1 0 1 1 0 0 1 1 0 1 0 1 1 0 0 0 1 0 0 0 0 1
290	1	1 1 1 1 1 1 1 1 1 1 1 0 0 0 0 0 1 0 1 0 0 1 0 1 0 1 1 1 1 0 1 1 0 0 1 0 0 1 0 1 1 0 0 0 1 0 0 0 0 1
290	1	1 1 1 1 1 1 1 1 1 1 1 0 0 0 0 1 1 0 1 0 0 1 0 1 0 1 1 1 1 0 1 1 0 0 0 0 0 1 0 1 1 0 0 0 1 0 0 0 0 1
290	1	1 1 1 1 1 1 1 1 1 1 1 0 0 0 0 0 0 0 1 0 0 1 0 1 0 1 1 1 1 0 1 1 0 0 0 0 0 1 0 1 1 0 0 0 1 0 0 0 0 1
290	2	1 1 1 1 1 1 1 1 1 1 1 0 0 0 0 0 1 0 1 0 0 1 0 1 0 1 1 1 1 0 1 1 0 0 0 0 0 1 0 1 1 0 0 0 0 0 0 0 0 1
290	1	1 1 1 1 1 1 1 1 1 1 1 0 0 0 0 0 1 0 1 0 0 1 0 1 0 1 1 1 1 0 1 1 1 0 0 0 0 1 0 1 0 0 0 0 1 0 0 0 0 1
290	11	1 1 1 1 1 1 1 1 1 1 1 0 0 0 0 0 1 0 1 0 0 1 0 1 0 1 1 1 1 0 1 1 0 0 0 0 0 1 0 1 0 0 0 0 1 0 0 0 0 1
290	1	1 1 1 1 1 1 1 1 1 1 1 0 0 0 0 0 1 0 1 0 0 1 0 1 0 1 1 1 1 0 1 1 0 0 0 0 0 1 1 1 1 0 0 0 1 0 0 0 0 1
290	3	1 1 1 1 1 1 1 1 1 0 1 0 0 0 0 0 1 0 1 0 0 1 0 1 0 1 1 1 1 0 1 1 0 0 0 0 0 1 0 1 1 0 0 0 1 0 0 0 0 1
290	53	1 1 1 1 1 1 1 1 1 1 1 0 0 0 0 0 1 0 1 0 0 1 0 1 0 1 1 1 1 0 1 1 0 0 0 0 0 1 0 1 1 0 0 0 1 0 0 0 0 1
290	2	1 1 1 1 1 1 1 1 1 1 1 0 0 0 0 0 1 0 1 0 0 1 0 1 0 1 1 1 1 0 1 1 0 0 0 1 0 1 0 1 1 0 0 0 1 0 0 0 0 0
290	13	1 1 1 1 1 1 1 1 1 1 1 0 0 0 0 0 1 0 1 0 0 1 0 1 0 1 1 1 1 0 1 1 0 0 0 0 0 1 0 1 1 0 0 0 1 0 0 0 0 0
300	2	1 1 1 1 1 1 1 1 1 1 1 0 1 0 0 0 1 0 1 0 0 1 0 1 0 1 1 1 1 0 1 1 0 0 0 0 0 1 0 1 1 0 0 0 1 0 0 0 0 0
300	4	1 1 1 1 1 1 1 1 1 1 1 0 1 0 0 0 1 0 1 0 0 1 0 1 0 1 1 1 1 0 1 1 0 0 0 0 0 1 0 1 1 0 0 0 1 0 0 0 0 1
300	1	1 1 1 0 1 1 1 1 1 1 1 0 0 0 0 0 1 0 1 0 0 1 0 1 0 1 1 1 1 0 1 1 0 0 0 0 0 1 0 1 1 0 0 0 1 0 0 0 0 0
300	3	1 1 1 1 1 1 1 1 1 1 1 0 0 0 0 0 1 0 1 0 0 1 0 1 0 1 1 1 1 0 1 1 0 0 1 0 0 1 0 1 1 0 0 0 1 0 0 0 0 1
300	1	1 1 1 1 1 1 1 1 1 1 1 0 0 0 0 0 1 0 1 0 0 1 0 1 0 1 1 1 1 0 1 1 0 0 0 0 0 1 0 1 1 0 0 0 1 0 0 1 0 1
300	1	1 1 1 1 1 1 1 1 1 1 1 0 0 0 0 0 1 0 1 0 0 1 0 1 0 1 1 1 1 0 1 1 0 0 0 1 0 1 0 1 0 0 0 0 1 0 0 0 0 1
300	18	1 1 1 1 1 1 1 1 1 1 1 0 0 0 0 0 1 0 1 0 0 1 0 1 0 1 1 1 1 0 1 1 0 0 0 0 0 1 0 1 0 0 0 0 1 0 0 0 0 1
300	2	1 1 1 1 0 1 1 1 1 1 1 0 0 0 0 0 1 0 1 0 0 1 0 1 0 1 1 1 1 0 1 1 0 0 0 0 0 1 0 1 1 0 0 0 1 0 0 0 0 1
300	2	1 1 1 1 1 1 1 1 1 1 1 0 0 0 0 0 1 0 1 0 0 1 0 1 0 1 1 1 1 0 1 1 1 0 0 0 0 1 0 1 1 0 0 0 1 0 0 0 0 1
300	1	1 1 1 1 1 1 1 1 1 1 1 0 0 0 0 0 1 0 1 0 0 0 0 1 0 1 1 1 1 0 1 1 0 0 0 0 0 1 0 1 1 0 0 0 1 0 0 0 0 1
300	1	1 1 1 1 1 1 1 1 1 1 1 0 0 0 1 0 1 0 1 0 0 1 0 1 0 1 1 1 1 0 1 1 0 0 0 0 0 1 0 1 1 0 0 0 1 0 0 0 0 1
300	38	1 1 1 1 1 1 1 1 1 1 1 0 0 0 0 0 1 0 1 0 0 1 0 1 0 1 1 1 1 0 1 1 0 0 0 0 0 1 0 1 1 0 0 0 1 0 0 0 0 1
300	7	1 1 1 1 1 1 1 1 1 1 1 0 0 0 0 0 1 0 1 0 0 1 0 1 0 1 1 1 1 0 1 1 0 0 0 1 0 1 0 1 1 0 0 0 1 0 0 0 0 0
300	1	1 1 1 1 1 1 1 1 1 1 1 0 0 0 0 0 1 0 1 0 0 1 0 1 0 1 1 1 1 0 1 1 0 0 0 0 1 1 0 1 1 0 0 0 1 0 0 0 0 0
300	18	1 1 1 1 1 1 1 1 1 1 1 0 0 0 0 0 1 0 1 0 0 1 0 1 0 1 1 1 1 0 1 1 0 0 0 0 0 1 0 1 1 0 0 0 1 0 0 0 0 0
310	4	1 1 1 1 1 1 1 1 1 1 1 0 1 0 0 0 1 0 1 0 0 1 0 1 0 1 1 1 1 0 1 1 0 0 0 0 0 1 0 1 1 0 0 0 1 0 0 0 0 1
310	3	1 1 1 0 1 1 1 1 1 1 1 0 0 0 0 0 1 0 1 0 0 1 0 1 0 1 1 1 1 0 1 1 0 0 0 0 0 1 0 1 1 0 0 0 1 0 0 0 0 0
310	1	1 1 1 1 1 1 1 1 1 1 1 0 0 0 0 0 1 0 1 0 0 1 0 1 0 1 1 1 1 0 1 1 0 0 1 0 0 1 0 1 1 0 0 0 1 0 0 0 0 1
310	1	1 1 1 1 1 1 1 1 1 1 1 0 0 0 0 0 1 0 1 0 0 1 0 1 0 1 1 1 1 0 1 1 0 0 0 0 0 1 0 1 1 0 0 0 1 0 0 1 0 1
310	1	1 1 1 1 1 1 1 1 1 1 1 0 0 0 0 0 0 0 1 0 0 1 0 1 0 1 1 1 1 0 1 1 0 0 0 0 0 1 0 1 1 0 0 0 1 0 0 0 0 1
310	2	1 1 1 1 1 1 1 1 1 1 1 0 0 0 0 0 1 0 1 0 0 1 0 1 0 1 1 1 1 0 1 1 0 0 0 0 0 1 0 1 0 0 0 0 1 0 0 1 0 1
310	1	1 1 1 1 1 1 1 1 1 1 1 0 0 0 0 0 1 0 1 0 0 1 0 1 0 1 1 1 1 1 1 1 0 0 0 0 0 1 0 1 0 0 0 0 1 0 0 0 0 1
310	1	1 1 1 1 1 1 1 1 1 1 1 0 0 0 0 0 1 0 1 0 0 1 0 1 0 1 1 1 1 0 1 1 0 0 0 0 0 1 0 1 0 0 0 0 1 0 0 0 0 0
310	12	1 1 1 1 1 1 1 1 1 1 1 0 0 0 0 0 1 0 1 0 0 1 0 1 0 1 1 1 1 0 1 1 0 0 0 0 0 1 0 1 0 0 0 0 1 0 0 0 0 1
310	1	1 1 1 1 1 1 1 1 1 1 1 0 0 0 0 0 1 0 1 0 0 1 0 1 0 1 1 1 1 0 1 1 1 0 0 0 0 1 0 1 1 0 0 0 1 0 0 0 0 1
310	1	1 1 1 1 1 1 1 1 1 1 1 0 0 0 0 0 1 0 1 0 0 0 0 1 0 1 1 1 1 0 1 1 0 0 0 0 0 1 0 1 1 0 0 0 1 0 0 0 0 1
310	1	1 1 1 1 1 1 1 1 1 1 1 0 0 0 0 1 1 0 1 0 0 1 0 1 0 1 1 1 1 0 1 1 0 0 0 0 0 1 0 1 1 0 0 0 1 0 0 0 0 0
310	33	1 1 1 1 1 1 1 1 1 1 1 0 0 0 0 0 1 0 1 0 0 1 0 1 0 1 1 1 1 0 1 1 0 0 0 0 0 1 0 1 1 0 0 0 1 0 0 0 0 0
310	2	1 1 1 1 1 1 1 1 1 1 1 0 0 0 0 0 1 0 1 0 0 1 0 1 0 1 1 1 1 1 1 1 0 0 0 0 0 1 0 1 1 0 0 0 1 0 0 0 0 1
310	1	1 1 1 0 1 1 1 1 1 1 1 0 0 0 0 0 1 0 1 0 0 1 0 1 0 1 1 1 1 0 1 1 0 0 0 0 0 1 0 1 1 0 0 0 1 0 0 0 0 1
310	21	1 1 1 1 1 1 1 1 1 1 1 0 0 0 0 0 1 0 1 0 0 1 0 1 0 1 1 1 1 0 1 1 0 0 0 0 0 1 0 1 1 0 0 0 1 0 0 0 0 1
310	13	1 1 1 1 1 1 1 1 1 1 1 0 0 0 0 0 1 0 1 0 0 1 0 1 0 1 1 1 1 0 1 1 0 0 0 1 0 1 0 1 1 0 0 0 1 0 0 0 0 0
310	1	1 1 1 1 1 1 1 1 1 1 1 0 0 0 0 0 1 0 1 0 0 1 0 1 0 1 1 1 1 0 1 1 0 0 0 0 1 1 0 1 1 0 0 0 1 0 0 0 0 0
