10	1	1 1 1 1 1 0 1 1 0 1 0 0 0 1 0 0 1 0 0 1 0 0 0 1 1 1 0 1 1 0 1 0 1 1 0 0 1 0 0 1 0 1 1 0 1 0 1 1 0 0
10	1	0 1 1 1 1 0 1 1 0 1 0 0 0 1 0 0 1 0 0 1 0 0 0 1 1 1 0 1 1 0 1 0 1 1 0 0 0 0 0 1 0 1 1 0 1 0 1 1 0 0
10	22	1 1 1 1 1 0 1 1 0 1 0 0 0 1 0 0 1 0 0 1 0 0 0 1 1 1 0 1 1 0 1 0 1 1 0 0 0 0 0 1 0 1 1 0 1 0 1 1 0 0
10	2	1 0 0 1 1 1 0 1 1 0 1 0 1 1 0 0 0 0 1 1 1 1 1 1 0 1 1 0 1 1 0 1 1 0 0 0 1 0 1 1 1 1 1 0 0 1 1 0 0 0
10	18	1 0 0 1 1 1 0 1 0 0 1 0 1 1 0 0 0 0 1 1 1 1 1 1 0 1 1 0 1 1 0 1 1 0 0 0 1 0 1 1 1 1 1 0 0 1 1 0 0 0
10	16	0 1 1 1 0 0 0 0 0 0 0 0 1 0 1 1 0 1 0 0 1 0 1 0 1 0 0 1 0 1 1 0 1 1 0 1 1 1 1 0 0 1 1 1 1 0 0 0 0 1
10	19	0 0 0 0 1 0 1 1 1 0 0 1 1 0 1 0 1 1 0 1 0 1 0 0 0 0 1 1 1 1 1 0 1 0 0 0 0 0 0 0 1 1 1 0 1 0 1 0 1 1
10	21	1 1 0 0 1 0 0 1 0 0 0 0 1 0 1 0 1 0 0 0 0 1 1 1 0 0 0 0 1 1 0 0 0 1 1 1 0 1 1 0 0 0 0 0 1 0 0 0 1 0
20	1	1 1 1 1 1 0 1 1 0 1 0 0 0 1 0 0 1 0 0 1 0 0 0 1 1 1 0 1 1 0 1 0 1 1 0 1 1 0 0 1 0 1 1 0 1 0 1 1 0 0
20	1	1 1 1 1 1 0 1 1 0 1 0 0 0 1 0 0 1 0 1 1 0 0 0 1 1 1 0 1 1 0 1 0 1 1 0 0 1 0 0 1 0 1 1 0 1 0 1 1 0 0
20	16	1 1 1 1 1 0 1 1 0 1 0 0 0 1 0 0 1 0 0 1 0 0 0 1 1 1 0 1 1 0 1 0 1 1 0 0 1 0 0 1 0 1 1 0 1 0 1 1 0 0
20	1	0 1 1 1 1 0 1 1 0 1 0 1 0 1 0 0 1 0 0 1 0 0 0 1 1 1 0 1 1 0 1 0 1 1 0 0 0 0 0 1 0 1 1 0 1 0 1 1 0 0
20	4	0 1 1 1 1 0 1 1 0 1 0 0 0 1 0 0 1 0 0 1 0 0 0 1 1 1 0 1 1 0 1 0 1 1 0 0 0 0 0 1 0 1 1 0 1 0 1 1 0 0
20	3	1 1 1 1 1 0 1 1 0 1 0 0 0 1 0 0 1 0 0 1 1 0 0 1 1 1 0 1 1 0 1 0 1 1 0 0 0 0 0 1 0 1 1 0 1 0 1 1 0 0
20	1	1 0 1 1 1 0 1 1 0 1 0 0 0 1 0 0 1 0 0 1 0 0 0 1 1 1 0 1 1 0 1 0 1 1 0 0 0 0 0 1 0 1 1 0 1 0 1 1 0 0
20	2	1 1 1 1 1 1 1 1 0 1 0 0 0 1 0 0 1 0 0 1 0 0 0 1 1 1 0 1 1 0 1 0 1 1 0 0 0 0 0 1 0 1 1 0 1 0 1 1 0 0
20	24	1 1 1 1 1 0 1 1 0 1 0 0 0 1 0 0 1 0 0 1 0 0 0 1 1 1 0 1 1 0 1 0 1 1 0 0 0 0 0 1 0 1 1 0 1 0 1 1 0 0
20	1	1 0 0 1 1 1 0 1 1 0 1 0 1 1 0 0 0 0 1 1 0 1 1 1 0 1 1 0 1 1 0 1 1 0 0 0 1 0 1 1 1 1 1 0 0 1 1 0 0 0
20	2	1 0 0 1 1 1 0 1 0 0 1 0 1 1 0 0 0 0 1 1 1 1 1 1 0 1 1 0 1 1 0 1 1 0 0 0 1 0 1 1 1 1 1 0 0 1 0 0 0 0
20	16	1 0 0 1 1 1 0 1 0 0 1 0 1 1 0 0 0 0 1 1 1 1 1 1 0 1 1 0 1 1 0 1 1 0 0 0 1 0 1 1 1 1 1 0 0 1 1 0 0 0
20	1	0 1 1 1 0 0 0 0 0 0 0 0 1 0 1 1 0 1 0 0 1 0 1 0 1 0 0 1 0 1 1 0 1 1 0 1 0 1 1 0 0 1 1 1 1 0 0 0 0 1
20	13	0 1 1 1 0 0 0 0 0 0 0 0 1 0 1 1 0 1 0 0 1 0 1 0 1 0 0 1 0 1 1 0 1 1 0 1 1 1 1 0 0 1 1 1 1 0 0 0 0 1
20	1	0 1 0 0 1 0 1 1 1 0 0 1 1 0 1 0 1 1 0 1 0 1 0 0 0 0 1 1 1 1 1 0 1 0 0 0 0 0 0 0 1 1 1 0 1 0 1 0 1 1
20	6	0 0 0 0 1 0 1 1 1 0 0 1 1 0 1 0 1 1 0 1 0 1 0 0 0 0 1 1 1 1 1 0 1 0 0 0 0 0 0 0 1 1 1 0 1 0 1 0 1 1
20	1	1 1 0 0 1 0 0 1 0 0 1 0 1 0 1 0 1 0 0 0 0 1 1 1 0 0 0 0 1 1 0 0 0 1 1 1 0 1 1 0 0 0 0 0 1 0 0 0 1 0
20	6	1 1 0 0 1 0 0 1 0 0 0 0 1 0 1 0 1 0 0 0 0 1 1 1 0 0 0 0 1 1 0 0 0 1 1 1 0 1 1 0 0 0 0 0 1 0 0 0 1 0
30	2	1 1 1 1 1 0 1 1 0 1 0 0 0 1 0 0 1 0 0 1 0 0 0 1 1 1 0 1 1 0 1 0 1 1 0 1 1 0 0 1 0 1 1 0 1 0 1 1 0 0
30	1	1 1 1 1 1 0 1 1 0 1 0 0 0 1 0 0 1 0 0 1 0 0 0 1 1 1 0 0 1 0 1 0 1 1 0 0 1 0 0 1 0 1 1 0 1 0 0 1 0 0
30	41	1 1 1 1 1 0 1 1 0 1 0 0 0 1 0 0 1 0 0 1 0 0 0 1 1 1 0 1 1 0 1 0 1 1 0 0 1 0 0 1 0 1 1 0 1 0 1 1 0 0
30	8	1 1 1 1 1 0 1 1 0 1 0 0 0 1 0 0 1 0 0 1 0 0 0 1 1 1 0 1 1 0 1 0 1 1 0 0 1 0 0 1 0 1 1 0 1 0 0 1 0 0
30	1	1 1 1 1 1 0 1 1 0 1 0 0 0 1 0 0 1 0 0 1 0 0 0 1 1 1 0 1 1 0 1 0 1 0 0 0 1 0 0 1 0 1 1 0 1 0 1 1 0 0
30	6	0 1 1 1 1 0 1 1 0 1 0 0 0 1 0 0 1 0 0 1 0 0 0 1 1 1 0 1 1 0 1 0 1 1 0 0 0 0 0 1 0 1 1 0 1 0 1 1 0 0
30	1	1 1 1 1 1 0 1 1 0 1 0 0 0 1 0 0 1 0 0 1 1 0 0 1 1 1 0 1 1 0 1 0 1 1 0 0 0 0 0 1 0 1 1 0 1 0 0 1 0 0
30	6	1 1 1 1 1 0 1 1 0 1 0 0 0 1 0 0 1 0 0 1 1 0 0 1 1 1 0 1 1 0 1 0 1 1 0 0 0 0 0 1 0 1 1 0 1 0 1 1 0 0
30	2	1 0 1 1 1 0 1 1 0 1 0 0 0 1 0 0 1 0 0 1 0 0 0 1 1 1 0 1 1 0 1 0 1 1 0 0 0 0 0 1 0 1 1 0 1 0 1 1 0 0
30	13	1 1 1 1 1 1 1 1 0 1 0 0 0 1 0 0 1 0 0 1 0 0 0 1 1 1 0 1 1 0 1 0 1 1 0 0 0 0 0 1 0 1 1 0 1 0 1 1 0 0
30	1	1 1 1 1 1 0 1 1 0 1 0 1 0 1 0 0 1 0 0 1 0 0 0 1 1 1 0 1 1 0 1 0 1 1 0 0 0 0 0 1 0 1 1 0 1 0 1 1 0 0
30	1	1 1 1 1 1 0 1 1 0 1 0 0 0 1 0 0 1 0 0 1 0 0 0 1 1 1 1 1 1 0 1 0 1 1 0 0 0 0 0 1 0 1 1 0 1 0 1 1 0 0
30	8	1 1 1 1 1 0 1 1 0 1 0 0 0 1 0 0 1 0 0 1 0 0 0 1 1 1 0 1 1 0 1 0 1 1 0 0 0 0 0 1 0 1 1 0 1 0 1 1 0 0
30	1	1 0 0 1 1 1 0 1 0 0 1 0 1 1 0 0 0 0 1 1 1 1 1 1 0 1 1 0 1 1 0 1 1 0 0 0 1 0 1 1 1 1 1 0 0 1 0 0 0 0
30	1	1 0 0 1 1 1 0 1 0 0 1 0 1 1 0 0 0 0 1 1 1 1 1 1 0 1 1 0 1 1 0 1 1 0 0 0 1 0 1 1 1 1 1 0 0 1 1 0 0 0
30	4	0 1 1 1 0 0 0 0 0 0 0 0 1 0 1 1 0 1 0 0 1 0 1 0 1 0 0 1 0 1 1 0 1 1 0 1 1 1 1 0 0 1 1 1 1 0 0 0 0 1
30	3	1 1 0 0 1 0 0 1 0 0 1 0 1 0 1 0 1 0 0 0 0 1 1 1 0 0 0 0 1 1 0 0 0 1 1 1 0 1 1 0 0 0 0 0 1 0 0 0 1 0
40	1	1 1 1 1 1 0 1 1 0 1 0 0 0 1 0 0 0 0 0 1 0 0 0 1 1 1 0 1 1 0 1 0 1 1 0 1 1 0 0 1 0 1 1 0 1 0 1 1 0 0
40	3	1 1 1 1 1 0 1 1 0 1 0 0 0 1 0 0 1 0 0 1 0 0 0 1 1 1 0 1 1 0 1 0 1 1 0 1 1 0 0 1 0 1 1 0 1 0 1 1 0 0
40	2	1 1 1 1 1 0 1 0 0 1 0 0 0 1 0 0 1 0 0 1 0 0 0 1 1 1 0 1 1 0 1 0 1 1 0 0 1 0 0 1 0 1 1 0 1 0 1 1 0 0
40	1	1 1 1 1 1 1 1 1 0 1 0 0 0 1 0 0 1 0 0 1 0 0 0 1 1 1 0 1 1 0 1 0 1 1 0 0 1 0 0 1 0 1 1 0 1 0 1 1 0 0
40	42	1 1 1 1 1 0 1 1 0 1 0 0 0 1 0 0 1 0 0 1 0 0 0 1 1 1 0 1 1 0 1 0 1 1 0 0 1 0 0 1 0 1 1 0 1 0 1 1 0 0
40	1	1 1 1 1 1 0 1 1 0 1 0 0 0 1 0 0 1 0 0 1 0 0 0 1 1 1 0 1 1 0 1 0 1 1 0 0 1 0 1 1 0 1 1 0 1 0 0 1 0 0
40	4	1 1 1 1 1 0 1 1 0 1 0 0 0 1 0 0 1 0 0 1 0 0 0 1 1 1 0 1 1 0 1 0 1 1 0 0 1 0 0 1 0 1 1 0 1 0 0 1 0 0
40	1	1 1 1 1 1 0 1 1 1 1 0 0 0 1 0 0 1 0 0 1 0 0 0 1 1 1 0 1 1 0 1 0 1 0 0 0 1 0 0 1 0 1 1 0 1 0 1 1 0 0
40	1	1 1 0 1 1 0 1 1 0 1 0 0 0 1 0 0 1 0 0 1 0 1 0 1 1 1 0 1 1 0 1 0 1 1 0 0 1 0 0 1 0 1 1 0 1 0 1 1 0 0
40	4	1 1 1 1 1 0 1 1 0 1 0 0 0 1 0 0 1 0 0 1 0 1 0 1 1 1 0 1 1 0 1 0 1 1 0 0 1 0 0 1 0 1 1 0 1 0 1 1 0 0
40	1	1 1 1 1 1 0 1 1 0 1 0 0 0 1 0 0 0 0 0 1 0 0 0 1 1 1 0 1 1 0 1 0 1 1 0 0 1 0 0 1 0 1 1 0 1 0 1 1 0 0
40	1	0 1 1 1 1 0 1 1 0 1 0 0 0 1 0 0 1 0 0 1 0 0 0 1 1 1 0 1 1 0 1 0 1 1 0 0 0 0 0 1 0 1 1 0 1 0 1 1 0 0
40	3	1 1 1 1 1 0 1 1 0 1 0 0 0 1 0 0 1 0 0 1 1 0 0 1 1 1 0 1 1 0 1 0 1 1 0 0 0 0 0 1 0 1 1 0 1 0 1 1 0 0
40	1	1 0 1 1 1 0 1 1 0 1 0 0 0 1 0 0 1 0 0 1 0 0 0 1 1 1 0 1 1 0 1 0 1 1 0 0 0 0 0 1 0 1 1 0 1 0 1 1 0 0
40	1	1 1 1 1 0 0 1 1 0 1 0 0 0 1 0 0 1 0 0 1 0 0 0 1 1 1 0 1 1 0 1 0 1 1 0 0 0 0 0 1 0 1 1 0 1 0 1 1 0 0
40	26	1 1 1 1 1 1 1 1 0 1 0 0 0 1 0 0 1 0 0 1 0 0 0 1 1 1 0 1 1 0 1 0 1 1 0 0 0 0 0 1 0 1 1 0 1 0 1 1 0 0
40	1	1 1 1 1 1 0 1 1 0 1 0 0 0 1 0 0 1 0 0 1 0 0 0 1 1 1 0 1 1 0 1 0 1 1 1 0 0 0 0 1 0 1 1 0 1 0 1 1 0 0
40	1	1 1 1 1 1 0 1 1 0 1 0 0 0 1 0 0 1 0 0 1 0 0 0 1 1 1 1 1 1 0 1 0 1 1 0 0 0 0 0 1 0 1 1 0 1 0 1 1 1 0
40	3	1 1 1 1 1 0 1 1 0 1 0 0 0 1 0 0 1 0 0 1 0 0 0 1 1 1 1 1 1 0 1 0 1 1 0 0 0 0 0 1 0 1 1 0 1 0 1 1 0 0
40	2	0 0 0 0 1 0 1 1 1 0 0 1 1 0 1 0 1 1 0 1 0 1 0 0 0 0 1 1 1 1 1 0 1 0 0 0 0 0 0 0 1 1 1 0 1 0 1 0 1 1
50	3	1 1 1 1 1 0 1 1 0 1 0 0 0 1 0 0 1 0 0 1 0 0 0 1 1 1 0 1 1 0 1 0 1 1 0 1 1 0 0 1 0 1 1 0 1 0 1 1 0 0
50	1	1 1 1 1 1 0 1 0 0 1 0 0 0 1 0 0 1 0 0 1 0 0 0 1 1 1 0 1 1 0 1 0 1 1 0 0 1 0 0 1 0 1 1 0 1 0 1 1 0 0
50	2	1 1 1 1 1 0 1 1 0 1 0 0 0 1 0 0 1 0 0 1 0 0 0 1 1 1 0 1 0 0 1 0 1 1 0 0 1 0 0 1 0 1 1 0 1 0 1 1 0 0
50	1	1 1 1 1 1 0 1 1 0 1 0 0 0 1 0 0 1 0 0 1 0 0 0 1 1 1 0 1 1 0 1 0 1 1 0 0 1 1 0 1 0 1 1 0 1 0 1 1 0 0
50	28	1 1 1 1 1 0 1 1 0 1 0 0 0 1 0 0 1 0 0 1 0 0 0 1 1 1 0 1 1 0 1 0 1 1 0 0 1 0 0 1 0 1 1 0 1 0 1 1 0 0
50	14	1 1 1 1 1 0 1 1 0 1 0 0 0 1 0 0 1 0 0 1 0 0 0 1 1 1 0 1 1 0 1 0 1 1 0 0 1 0 0 1 0 1 1 0 1 0 0 1 0 0
50	4	1 1 1 1 1 0 1 1 1 1 0 0 0 1 0 0 1 0 0 1 0 0 0 1 1 1 0 1 1 0 1 0 1 0 0 0 1 0 0 1 0 1 1 0 1 0 1 1 0 0
50	7	1 1 1 1 1 0 1 1 0 1 0 0 0 1 0 0 1 0 0 1 1 0 0 1 1 1 0 1 1 0 1 0 1 1 0 0 0 0 0 1 0 1 1 0 1 0 1 1 0 0
50	3	1 1 1 1 1 1 1 1 0 1 0 0 0 1 0 0 1 0 0 0 0 0 0 1 1 1 0 1 1 0 1 0 1 1 0 0 0 0 0 1 0 1 1 0 1 0 1 1 0 0
50	1	1 1 1 1 1 1 1 1 0 1 0 0 0 1 0 0 1 0 0 1 0 0 0 1 1 1 0 1 1 0 0 0 1 1 0 0 0 0 0 1 0 1 1 0 1 0 1 1 0 0
50	1	1 1 1 1 0 1 1 1 0 1 0 0 0 1 0 0 1 0 0 1 0 0 0 1 1 1 0 1 1 0 1 0 1 1 0 0 0 0 0 1 0 1 1 0 1 0 1 1 0 0
50	34	1 1 1 1 1 1 1 1 0 1 0 0 0 1 0 0 1 0 0 1 0 0 0 1 1 1 0 1 1 0 1 0 1 1 0 0 0 0 0 1 0 1 1 0 1 0 1 1 0 0
50	1	1 1 1 1 1 0 1 1 0 1 0 0 0 1 0 0 1 0 0 1 0 0 0 1 1 1 1 1 1 0 1 0 1 1 0 0 0 0 0 1 0 1 1 0 1 0 1 1 1 0
60	2	1 1 1 1 1 0 1 1 0 1 0 0 0 1 0 0 1 0 0 1 0 0 0 1 1 1 0 1 1 0 1 0 1 1 0 1 1 0 0 1 0 1 1 0 1 0 1 1 0 0
60	2	1 1 1 1 1 0 1 1 0 1 0 0 0 1 0 0 1 0 0 1 0 0 0 1 1 1 0 1 1 0 1 0 1 1 0 0 0 0 0 1 0 1 1 0 1 0 1 1 1 0
60	10	1 1 1 1 1 0 1 1 0 1 0 0 0 1 0 0 1 0 0 1 0 0 0 1 1 1 0 1 1 0 1 0 1 1 0 0 1 0 0 1 0 1 1 0 1 0 1 1 0 0
60	3	1 1 1 1 1 0 1 1 0 1 0 0 0 1 0 1 1 0 0 1 0 0 0 1 1 1 0 1 1 0 1 0 1 1 0 0 1 0 0 1 0 1 1 0 1 0 0 1 0 0
60	1	1 1 1 1 1 0 1 1 0 1 0 0 0 1 0 0 1 0 0 1 0 0 0 1 1 1 0 1 1 0 1 0 1 1 0 0 1 0 0 1 0 1 0 0 1 0 0 1 0 0
60	1	1 1 1 1 0 0 1 1 0 1 0 0 0 1 0 0 1 0 0 1 0 0 0 1 1 1 0 1 1 0 1 0 1 1 0 0 1 0 0 1 0 1 1 0 1 0 0 1 0 0
60	10	1 1 1 1 1 0 1 1 0 1 0 0 0 1 0 0 1 0 0 1 0 0 0 1 1 1 0 1 1 0 1 0 1 1 0 0 1 0 0 1 0 1 1 0 1 0 0 1 0 0
60	1	1 1 1 1 1 0 1 1 1 1 0 0 0 1 0 0 1 0 0 1 0 0 0 1 1 1 0 1 1 0 1 0 1 0 0 0 1 0 0 1 0 1 1 0 1 0 1 1 0 0
60	4	1 1 1 1 1 0 1 1 0 1 0 0 0 1 0 0 1 0 0 1 1 0 0 1 1 1 0 1 1 0 1 0 1 1 0 0 0 0 0 1 0 1 1 0 1 0 1 1 0 0
60	3	1 1 1 1 1 1 1 1 0 1 0 0 0 1 0 0 1 0 0 0 0 0 0 1 1 1 0 1 1 0 1 0 1 1 0 0 0 0 0 1 0 1 1 0 1 0 1 1 0 0
60	1	1 1 1 1 1 1 1 1 0 1 0 0 0 1 0 0 1 0 0 1 0 1 0 1 1 1 0 1 1 0 1 0 1 1 0 0 0 0 0 1 0 1 1 0 1 0 1 1 0 0
60	2	1 1 1 1 1 1 1 1 1 1 0 0 0 1 0 0 1 0 0 1 0 0 0 1 1 1 0 1 1 0 1 0 1 1 0 0 0 0 0 1 0 1 1 0 1 0 1 1 0 0
60	1	1 1 1 1 1 1 1 1 0 1 0 0 0 1 0 0 1 1 0 1 0 0 0 1 1 1 0 1 1 0 1 0 1 1 0 0 0 0 0 1 0 1 1 0 1 0 1 1 0 0
60	59	1 1 1 1 1 1 1 1 0 1 0 0 0 1 0 0 1 0 0 1 0 0 0 1 1 1 0 1 1 0 1 0 1 1 0 0 0 0 0 1 0 1 1 0 1 0 1 1 0 0
70	4	1 1 1 1 1 0 1 1 0 1 0 0 0 1 0 0 1 0 0 1 0 0 0 1 1 1 0 1 0 0 1 0 1 1 0 0 1 0 0 1 0 1 1 0 1 0 1 1 0 0
70	1	1 1 1 1 1 0 1 1 0 1 0 0 0 1 0 0 1 0 0 1 0 0 0 1 0 1 0 1 1 0 1 0 1 1 0 0 1 0 0 1 0 1 1 0 1 0 1 1 0 0
70	12	1 1 1 1 1 0 1 1 0 1 0 0 0 1 0 0 1 0 0 1 0 0 0 1 1 1 0 1 1 0 1 0 1 1 0 0 1 0 0 1 0 1 1 0 1 0 1 1 0 0
70	1	1 1 1 1 1 0 1 1 0 1 0 0 0 1 0 1 1 0 0 1 0 0 0 1 1 1 0 1 1 0 1 0 1 1 0 0 1 0 0 1 0 1 1 0 1 0 0 1 0 0
70	1	1 1 1 1 1 0 1 1 0 1 0 0 0 1 0 0 1 0 0 1 0 0 0 1 1 1 0 1 1 0 0 0 1 1 0 0 1 0 0 1 0 1 1 0 1 0 0 1 0 0
70	1	0 1 1 1 1 0 1 1 0 1 0 0 0 1 0 0 1 0 0 1 0 0 0 1 1 1 0 1 1 0 1 0 1 1 0 0 1 0 0 1 0 1 0 0 1 0 0 1 0 0
70	10	1 1 1 1 1 0 1 1 0 1 0 0 0 1 0 0 1 0 0 1 0 0 0 1 1 1 0 1 1 0 1 0 1 1 0 0 1 0 0 1 0 1 1 0 1 0 0 1 0 0
70	1	1 1 1 1 1 0 1 1 1 1 0 0 0 1 0 0 1 0 0 1 0 0 0 1 1 1 0 1 1 0 1 1 1 0 0 0 1 0 0 1 0 1 1 0 1 0 1 1 0 0
70	2	1 1 1 1 1 0 1 1 1 1 0 0 0 1 0 0 1 0 0 1 0 0 0 1 1 1 0 1 1 0 1 0 1 0 0 0 1 0 0 1 0 1 1 0 1 0 1 1 0 0
70	3	1 1 1 1 1 1 1 1 0 1 0 0 0 1 0 0 1 0 0 0 0 0 0 1 1 1 0 1 1 0 1 0 1 1 0 0 0 0 0 1 0 1 1 0 1 0 1 1 0 0
70	1	1 1 1 1 1 1 1 1 0 1 0 0 0 1 0 0 1 0 0 1 0 1 0 1 1 1 0 1 1 0 1 0 1 1 0 0 0 0 0 1 0 1 1 0 1 0 1 1 0 0
70	6	1 1 1 1 1 1 1 1 1 1 0 0 0 1 0 0 1 0 0 1 0 0 0 1 1 1 0 1 1 0 1 0 1 1 0 0 0 0 0 1 0 1 1 0 1 0 1 1 0 0
70	2	1 1 1 1 1 1 1 1 0 1 0 0 0 0 0 0 1 0 0 1 0 0 0 1 1 1 0 1 1 0 1 0 1 1 0 0 0 0 0 1 0 1 1 0 1 0 1 1 0 0
70	54	1 1 1 1 1 1 1 1 0 1 0 0 0 1 0 0 1 0 0 1 0 0 0 1 1 1 0 1 1 0 1 0 1 1 0 0 0 0 0 1 0 1 1 0 1 0 1 1 0 0
70	1	1 1 1 1 1 1 1 1 0 1 0 0 0 1 0 0 1 1 0 1 0 0 0 1 1 1 0 1 1 0 1 0 1 1 0 0 0 0 0 1 0 1 1 0 1 0 1 1 0 0
80	2	1 1 1 1 1 0 1 1 0 1 0 0 0 1 0 0 1 0 0 1 0 0 0 1 1 1 0 1 1 0 1 0 1 1 0 0 1 0 0 1 0 1 1 0 1 0 1 1 0 0
80	5	1 1 1 1 1 0 1 1 0 1 0 0 0 1 0 0 1 0 0 1 0 0 0 1 1 1 0 1 0 0 1 0 1 1 0 0 1 0 0 1 0 1 1 0 1 0 1 1 0 0
80	1	1 1 1 1 0 0 1 1 0 1 0 0 0 1 0 0 1 0 0 1 0 0 0 1 1 1 0 1 1 0 1 0 1 1 0 0 1 0 0 1 0 1 1 0 1 0 1 1 0 0
80	1	1 1 1 1 1 0 1 1 0 1 0 0 0 1 0 1 1 0 0 1 0 0 0 1 1 1 0 1 1 0 1 0 1 1 0 0 1 0 0 1 0 1 1 0 1 0 0 1 0 0
80	2	1 0 1 1 1 0 1 1 0 1 0 0 0 1 0 0 1 0 0 1 0 0 0 1 1 1 0 1 1 0 1 0 1 1 0 0 1 0 0 1 0 1 1 0 1 0 0 1 0 0
80	17	1 1 1 1 1 0 1 1 0 1 0 0 0 1 0 0 1 0 0 1 0 0 0 1 1 1 0 1 1 0 1 0 1 1 0 0 1 0 0 1 0 1 1 0 1 0 0 1 0 0
80	1	1 1 1 1 1 0 1 1 1 1 0 0 0 1 0 0 1 0 0 1 0 0 0 1 1 1 0 1 1 0 1 0 1 0 0 0 1 0 0 1 0 1 1 0 1 0 1 1 0 0
80	1	1 1 1 1 1 0 1 1 0 1 0 0 0 1 0 0 1 0 0 1 1 0 0 1 1 1 0 1 1 0 1 0 1 1 0 0 0 0 0 1 0 1 1 0 1 0 1 1 0 0
80	1	1 1 1 1 1 1 1 1 0 1 0 0 0 1 0 0 1 0 0 0 0 0 0 1 1 1 0 1 1 0 1 0 1 1 0 0 0 0 0 1 0 1 1 0 1 0 1 1 0 0
80	1	1 1 1 1 1 1 1 1 0 1 0 0 0 1 0 0 1 0 0 1 0 1 0 1 1 1 0 1 1 0 1 0 1 1 0 0 0 0 0 1 0 1 1 0 1 0 1 1 0 0
80	2	1 1 1 1 1 1 1 1 1 1 0 0 0 1 0 0 1 0 0 1 0 0 0 1 1 1 0 0 1 0 1 0 1 1 0 0 0 0 0 1 0 1 1 0 1 0 1 1 0 0
80	1	1 1 1 1 1 1 1 0 1 1 0 0 0 1 0 0 1 0 0 1 0 0 0 1 1 1 0 1 1 0 1 0 1 1 0 0 0 0 0 1 0 1 1 0 1 0 1 1 0 0
80	21	1 1 1 1 1 1 1 1 1 1 0 0 0 1 0 0 1 0 0 1 0 0 0 1 1 1 0 1 1 0 1 0 1 1 0 0 0 0 0 1 0 1 1 0 1 0 1 1 0 0
80	1	1 1 1 1 1 1 1 1 0 1 0 0 0 0 0 0 1 0 0 1 0 0 0 1 1 1 0 1 1 0 1 0 1 1 0 0 0 0 0 1 0 1 1 0 1 0 1 1 0 0
80	2	1 1 1 1 1 1 1 1 0 1 0 0 0 1 0 0 1 0 0 1 0 0 0 0 1 1 0 1 1 0 1 0 1 1 0 0 0 0 0 1 0 1 1 0 1 0 1 1 0 0
80	3	1 1 1 1 1 1 1 1 0 1 0 0 0 1 0 0 1 0 0 1 0 0 0 1 1 1 0 1 1 0 1 0 1 1 0 0 0 0 0 1 0 1 1 0 1 0 0 1 0 0
80	1	1 1 1 1 1 1 1 1 0 1 0 0 0 1 0 0 1 1 0 1 0 0 0 1 1 1 0 1 1 0 1 0 1 1 0 0 0 0 0 1 0 1 1 0 1 0 1 1 0 0
80	37	1 1 1 1 1 1 1 1 0 1 0 0 0 1 0 0 1 0 0 1 0 0 0 1 1 1 0 1 1 0 1 0 1 1 0 0 0 0 0 1 0 1 1 0 1 0 1 1 0 0
90	2	1 1 1 1 1 0 1 1 0 1 0 0 0 1 0 0 1 0 0 1 0 0 0 1 1 1 0 1 0 0 1 0 1 1 0 0 1 0 0 1 0 1 1 0 1 0 1 1 0 0
90	3	1 1 1 1 1 0 1 1 0 1 0 0 0 1 0 1 1 0 0 1 0 0 0 1 1 1 0 1 1 0 1 0 1 1 0 0 1 0 0 1 0 1 1 0 1 0 0 1 0 0
90	2	1 1 1 1 1 0 1 1 0 1 0 1 0 1 0 0 1 0 0 1 0 0 0 1 1 1 0 1 1 0 1 0 1 1 0 0 1 0 0 1 0 1 1 0 1 0 0 1 0 0
90	8	1 1 1 1 1 0 1 1 0 1 0 0 0 1 0 0 1 0 0 1 0 0 0 1 1 1 0 1 1 0 1 0 1 1 0 0 1 0 0 1 0 1 1 0 1 0 0 1 0 0
90	2	1 1 1 1 1 0 1 1 1 1 0 0 0 1 0 0 1 0 0 1 0 0 0 1 1 1 0 1 1 0 1 0 1 0 0 0 1 0 0 1 0 1 1 0 1 0 1 1 0 0
90	2	1 1 1 1 1 1 1 1 0 1 0 0 0 1 0 0 1 0 0 0 0 0 0 1 1 1 0 1 1 0 1 1 1 1 0 0 0 0 0 1 0 1 1 0 1 0 1 1 0 0
90	1	1 1 1 1 1 1 1 1 0 1 0 0 0 1 0 0 1 0 0 0 0 0 0 1 1 1 0 1 1 0 1 0 0 1 0 0 0 0 0 1 0 1 1 0 1 0 1 1 0 0
90	4	1 1 1 1 1 1 1 1 0 1 0 0 0 1 0 0 1 0 0 0 0 0 0 1 1 1 0 1 1 0 1 0 1 1 0 0 0 0 0 1 0 1 1 0 1 0 1 1 0 0
90	2	1 1 1 1 1 1 1 0 1 1 0 0 0 1 0 0 1 0 0 1 0 0 0 1 1 1 0 1 1 0 1 0 1 1 0 0 0 0 0 1 0 1 1 0 1 0 1 1 0 0
90	1	1 1 1 1 1 1 1 1 1 1 0 0 0 1 0 0 1 0 0 0 0 0 0 1 1 1 0 1 1 0 1 0 1 1 0 0 0 0 0 1 0 1 1 0 1 0 1 1 0 0
90	1	1 1 1 1 1 1 1 1 1 1 0 0 0 1 0 0 0 0 0 1 0 0 0 1 1 1 0 1 1 0 1 0 1 1 0 0 0 0 0 1 0 1 1 0 1 0 1 1 0 0
90	43	1 1 1 1 1 1 1 1 1 1 0 0 0 1 0 0 1 0 0 1 0 0 0 1 1 1 0 1 1 0 1 0 1 1 0 0 0 0 0 1 0 1 1 0 1 0 1 1 0 0
90	3	1 1 1 1 1 1 1 1 0 1 0 0 0 1 0 0 1 0 0 1 0 0 0 1 1 1 0 1 1 0 1 0 1 1 0 0 0 0 0 1 0 1 1 0 1 0 0 1 0 0
90	2	1 1 1 1 1 1 1 1 0 1 0 1 0 1 0 0 1 0 0 1 0 0 0 1 1 1 0 1 1 0 1 0 1 1 0 0 0 0 0 1 0 1 1 0 1 0 1 1 0 0
90	24	1 1 1 1 1 1 1 1 0 1 0 0 0 1 0 0 1 0 0 1 0 0 0 1 1 1 0 1 1 0 1 0 1 1 0 0 0 0 0 1 0 1 1 0 1 0 1 1 0 0
100	3	1 1 1 1 1 0 1 1 0 1 0 1 0 1 0 0 1 0 0 1 0 0 0 1 1 1 0 1 1 0 1 0 1 1 0 0 1 0 0 1 0 1 1 0 1 0 0 1 0 0
100	11	1 1 1 1 1 0 1 1 0 1 0 0 0 1 0 0 1 0 0 1 0 0 0 1 1 1 0 1 1 0 1 0 1 1 0 0 1 0 0 1 0 1 1 0 1 0 0 1 0 0
100	2	1 1 1 1 1 1 1 1 0 1 0 0 0 1 0 0 1 0 0 0 0 0 0 1 1 1 0 1 1 0 1 1 1 1 0 0 0 0 0 1 0 1 1 0 1 0 1 1 0 0
100	1	1 1 1 1 1 1 1 1 1 1 0 0 0 1 0 0 1 0 0 0 0 0 0 1 1 1 0 1 1 0 1 0 1 1 0 0 0 0 0 1 0 1 1 0 1 0 1 1 0 1
100	1	1 1 1 1 1 1 1 1 1 1 0 0 0 1 0 0 1 0 0 0 0 0 0 1 1 1 0 1 1 0 1 0 1 1 0 0 0 0 0 1 0 1 1 0 1 0 1 1 0 0
100	2	1 1 1 1 1 1 1 1 0 1 0 0 0 1 0 0 1 0 0 0 0 0 0 1 1 1 0 1 1 0 1 0 1 1 0 0 0 0 0 1 0 1 1 0 1 0 1 1 0 0
100	1	1 1 1 1 1 1 1 0 1 1 0 0 0 1 0 0 1 0 0 1 0 0 0 1 1 1 0 1 1 0 1 0 1 1 0 0 0 0 0 1 0 1 1 0 1 0 1 1 0 0
100	1	1 1 1 1 1 1 1 1 1 1 0 0 0 1 0 0 1 0 0 1 0 0 0 1 1 1 0 1 1 0 1 0 1 1 0 0 0 0 0 1 0 1 1 1 1 0 1 1 0 0
100	1	1 1 1 1 1 1 1 1 1 1 0 0 0 1 0 0 1 0 0 1 0 0 0 1 1 1 0 1 1 0 1 0 1 1 0 0 0 0 0 0 0 1 1 0 1 0 1 1 0 0
100	4	1 1 0 1 1 1 1 1 1 1 0 0 0 1 0 0 1 0 0 1 0 0 0 1 1 1 0 1 1 0 1 0 1 1 0 0 0 0 0 1 0 1 1 0 1 0 1 1 0 0
100	1	1 1 1 1 1 1 1 1 1 1 0 0 0 1 0 0 1 0 0 1 0 0 0 1 1 1 0 1 1 0 1 0 1 1 0 1 0 0 0 1 0 1 1 0 1 0 1 1 0 0
100	49	1 1 1 1 1 1 1 1 1 1 0 0 0 1 0 0 1 0 0 1 0 0 0 1 1 1 0 1 1 0 1 0 1 1 0 0 0 0 0 1 0 1 1 0 1 0 1 1 0 0
100	7	1 1 1 1 1 1 1 1 0 1 0 0 0 1 0 0 1 0 0 1 0 0 0 1 1 1 0 1 1 0 1 0 1 1 0 0 0 0 0 1 0 1 1 0 1 0 0 1 0 0
100	2	1 1 1 1 1 1 1 1 0 1 0 1 0 1 0 0 1 0 0 1 0 0 0 1 1 1 0 1 1 0 1 0 1 1 0 0 0 0 0 1 0 1 1 0 1 0 1 1 0 0
100	1	1 1 1 1 1 1 1 1 0 1 0 0 0 1 0 0 1 0 0 1 0 0 0 1 1 1 0 1 1 0 1 0 0 1 0 0 0 0 0 1 0 1 1 0 1 0 1 1 0 0
100	13	1 1 1 1 1 1 1 1 0 1 0 0 0 1 0 0 1 0 0 1 0 0 0 1 1 1 0 1 1 0 1 0 1 1 0 0 0 0 0 1 0 1 1 0 1 0 1 1 0 0
110	1	1 1 1 1 1 0 1 1 0 1 0 1 0 1 0 0 1 0 0 1 0 0 0 1 1 1 0 1 1 0 1 0 1 1 0 0 1 0 0 1 0 1 1 0 1 0 0 1 0 0
110	4	1 1 1 1 1 0 1 1 0 1 0 0 0 1 0 0 1 0 0 1 0 0 0 1 1 1 0 1 1 0 1 0 1 1 0 0 1 0 0 1 0 1 1 0 1 0 0 1 0 0
110	1	1 1 1 1 1 1 1 1 0 1 0 0 0 1 0 0 1 0 0 0 0 0 0 1 1 1 0 1 1 0 1 1 1 1 0 0 0 0 0 1 0 1 1 0 1 0 1 1 0 0
110	3	1 1 1 1 1 1 1 1 1 1 0 0 0 1 0 0 1 0 0 0 0 0 0 1 1 1 0 1 1 0 1 0 1 1 0 0 0 0 0 1 0 1 1 0 1 0 1 1 0 0
110	1	1 1 1 1 1 1 0 1 0 1 0 0 0 1 0 0 1 0 0 0 0 0 0 1 1 1 0 1 1 0 1 0 1 1 0 0 0 0 0 1 0 1 1 0 1 0 1 1 0 0
110	1	1 1 1 1 1 1 1 1 1 1 0 0 0 1 0 0 1 0 0 1 0 0 0 1 1 1 0 1 1 0 1 0 1 1 0 0 0 0 0 0 0 1 1 0 1 0 1 1 0 0
110	1	1 1 1 1 1 1 1 1 0 1 0 0 0 1 0 0 1 0 0 1 0 0 0 1 1 1 0 1 1 0 1 0 1 1 0 1 0 0 0 1 0 1 1 0 1 0 1 1 0 0
110	1	1 1 1 1 1 1 1 1 1 1 0 0 0 1 0 0 1 0 0 1 0 0 0 1 1 1 0 1 1 0 1 0 1 0 0 0 0 0 0 1 0 1 1 0 1 0 1 1 0 0
110	73	1 1 1 1 1 1 1 1 1 1 0 0 0 1 0 0 1 0 0 1 0 0 0 1 1 1 0 1 1 0 1 0 1 1 0 0 0 0 0 1 0 1 1 0 1 0 1 1 0 0
110	11	1 1 1 1 1 1 1 1 0 1 0 0 0 1 0 0 1 0 0 1 0 0 0 1 1 1 0 1 1 0 1 0 1 1 0 0 0 0 0 1 0 1 1 0 1 0 0 1 0 0
110	3	1 1 1 1 1 1 1 1 0 1 0 0 0 1 0 0 1 0 0 1 0 0 0 1 1 1 0 1 1 0 1 0 1 1 0 0 0 0 0 1 0 1 1 0 1 0 1 1 0 0
120	1	1 1 1 1 1 1 1 1 1 1 0 0 0 1 0 0 1 0 0 0 0 0 0 1 1 1 0 1 1 0 1 0 1 0 0 0 0 0 0 1 0 1 1 0 1 0 1 1 0 0
120	5	1 1 1 1 1 1 1 1 1 1 0 0 0 1 0 0 1 0 0 0 0 0 0 1 1 1 0 1 1 0 1 0 1 1 0 0 0 0 0 1 0 1 1 0 1 0 1 1 0 0
120	2	1 1 1 1 1 1 1 1 1 1 0 0 0 1 0 0 1 0 0 1 0 0 0 1 1 1 0 1 1 0 1 0 1 1 0 0 0 0 0 0 0 1 1 0 1 0 1 1 0 0
120	3	1 1 1 1 1 1 1 1 1 1 0 0 0 1 0 0 1 0 0 1 0 0 0 1 1 1 0 0 1 0 1 0 1 1 0 0 0 0 0 1 0 1 1 0 1 0 1 1 0 0
120	1	1 1 1 1 1 1 1 1 1 1 0 0 0 0 0 0 1 0 0 1 0 0 0 1 1 1 0 1 1 0 1 0 1 1 0 0 0 0 0 1 0 1 1 0 1 0 1 1 0 0
120	3	1 1 1 1 1 1 1 1 1 1 0 0 0 1 0 0 1 0 0 1 0 0 0 1 1 1 0 1 1 0 1 0 1 1 0 0 0 0 0 1 0 1 1 0 0 0 1 1 0 0
120	2	1 1 1 1 1 1 1 1 0 1 0 0 0 1 0 0 1 0 0 1 0 0 0 1 1 1 0 1 1 0 1 0 1 1 0 0 0 0 0 1 0 1 1 0 1 0 1 1 0 0
120	1	1 1 1 1 1 1 1 1 1 1 0 0 0 1 0 0 1 0 0 1 0 0 0 1 1 0 0 1 1 0 1 0 1 1 0 0 0 0 0 1 0 1 1 0 1 0 1 1 0 0
120	1	1 1 1 1 1 1 1 1 1 1 0 0 0 1 0 0 1 0 0 1 0 0 0 1 1 1 0 1 1 1 1 0 1 1 0 0 0 0 0 1 0 1 1 0 1 0 1 1 0 0
120	1	1 1 1 1 1 1 1 1 1 1 0 0 0 1 0 0 1 0 0 1 0 0 0 1 1 1 0 1 1 0 1 0 1 1 0 0 0 0 0 1 0 1 1 0 1 0 1 0 0 0
120	1	0 1 1 1 1 1 1 1 1 1 0 0 0 1 0 0 1 0 0 1 0 0 0 1 1 1 0 1 1 0 1 0 1 1 0 0 0 0 0 1 0 1 1 0 1 0 1 1 0 0
120	67	1 1 1 1 1 1 1 1 1 1 0 0 0 1 0 0 1 0 0 1 0 0 0 1 1 1 0 1 1 0 1 0 1 1 0 0 0 0 0 1 0 1 1 0 1 0 1 1 0 0
120	2	1 1 1 1 1 1 1 1 0 1 0 0 0 1 0 0 1 0 0 1 0 0 0 1 1 1 0 1 1 0 1 0 0 1 0 0 0 0 0 1 0 1 1 0 1 0 0 1 0 0
120	1	1 1 1 1 1 1 1 1 0 1 0 0 0 1 0 0 1 0 0 0 0 0 0 1 1 1 0 1 1 0 1 0 1 1 0 0 0 0 0 1 0 1 1 0 1 0 0 1 0 0
120	9	1 1 1 1 1 1 1 1 0 1 0 0 0 1 0 0 1 0 0 1 0 0 0 1 1 1 0 1 1 0 1 0 1 1 0 0 0 0 0 1 0 1 1 0 1 0 0 1 0 0
130	1	1 1 1 1 1 0 1 1 0 1 0 0 0 1 0 0 1 0 0 1 0 0 0 1 1 1 0 1 1 0 1 0 1 1 0 0 1 0 0 1 0 1 1 0 1 0 0 1 0 0
130	6	1 1 1 1 1 1 1 1 1 1 0 0 0 1 0 0 1 0 0 0 0 0 0 1 1 1 0 1 1 0 1 0 1 1 0 0 0 0 0 1 0 1 1 0 1 0 1 1 0 0
130	5	1 1 1 1 1 1 1 1 1 1 0 0 0 1 0 0 1 0 0 1 0 0 0 1 1 1 0 1 1 0 1 0 1 1 0 0 0 0 0 0 0 1 1 0 1 0 1 1 0 0
130	3	1 1 1 1 1 1 1 1 1 1 0 0 0 1 0 0 1 0 0 1 0 0 0 1 1 1 0 0 1 0 1 0 1 1 0 0 0 0 0 1 0 1 1 0 1 0 1 1 0 0
130	1	1 1 1 1 1 1 1 1 1 1 0 0 0 1 0 0 1 0 0 1 0 0 0 1 1 1 0 1 1 0 1 0 1 1 0 0 0 0 0 1 0 1 1 0 0 0 1 1 0 0
130	1	1 1 1 1 1 1 1 1 1 1 0 0 0 1 0 0 1 0 0 1 0 0 0 1 1 1 0 1 1 0 1 0 1 1 0 0 0 0 0 1 0 1 1 0 1 0 1 0 0 0
130	2	1 1 1 1 1 1 1 1 1 1 0 0 0 1 0 0 1 0 1 1 0 0 0 1 1 1 0 1 1 0 1 0 1 1 0 0 0 0 0 1 0 1 1 0 1 0 1 1 0 0
130	1	0 1 1 1 1 1 1 1 1 1 0 0 0 1 0 0 1 0 0 1 0 0 0 1 1 1 0 1 1 0 1 0 1 1 0 0 0 0 0 1 0 1 1 0 1 0 1 1 0 0
130	2	1 1 1 1 1 1 1 1 1 1 0 0 0 1 0 0 1 1 0 1 0 0 0 1 1 1 0 1 1 0 1 0 1 1 0 0 0 0 0 1 0 1 1 0 1 0 1 1 0 0
130	1	1 1 1 1 1 1 1 1 1 1 0 0 0 1 0 0 1 0 0 1 0 0 0 1 1 1 0 1 1 0 1 0 1 1 1 0 0 0 0 1 0 1 1 0 1 0 1 1 0 0
130	72	1 1 1 1 1 1 1 1 1 1 0 0 0 1 0 0 1 0 0 1 0 0 0 1 1 1 0 1 1 0 1 0 1 1 0 0 0 0 0 1 0 1 1 0 1 0 1 1 0 0
130	5	1 1 1 1 1 1 1 1 0 1 0 0 0 1 0 0 1 0 0 1 0 0 0 1 1 1 0 1 1 0 1 0 1 1 0 0 0 0 0 1 0 1 1 0 1 0 0 1 0 0
140	3	1 1 1 1 1 1 1 1 1 1 0 0 0 1 0 0 1 0 0 0 0 0 0 1 1 1 0 1 1 0 1 0 1 1 0 0 0 0 0 1 0 1 1 0 1 0 1 1 0 0
140	5	1 1 1 1 1 1 1 1 1 1 0 0 0 1 0 0 1 0 0 1 0 0 0 1 1 1 0 1 1 0 1 0 1 1 0 0 0 0 0 0 0 1 1 0 1 0 1 1 0 0
140	2	1 1 1 1 1 1 1 1 1 1 0 0 0 1 0 0 1 0 0 1 0 0 0 1 1 1 0 0 1 0 1 0 1 1 0 0 0 0 0 1 0 1 1 0 1 0 0 1 0 0
140	2	1 1 1 1 1 1 1 1 1 1 0 0 0 1 0 0 1 0 0 1 0 0 0 1 1 1 0 0 1 0 1 0 1 1 0 0 0 0 0 1 0 1 1 0 1 0 1 1 0 0
140	1	1 1 1 1 1 1 1 1 1 1 0 0 0 0 0 0 1 0 0 1 0 0 0 1 1 1 0 1 1 0 1 0 1 1 0 0 0 0 0 1 0 1 1 0 0 0 1 1 0 0
140	2	1 1 1 1 1 1 1 1 1 1 0 0 0 0 0 0 1 0 0 1 0 0 0 1 1 1 0 1 1 0 1 0 1 1 0 0 0 0 0 1 0 1 1 0 1 0 1 1 0 0
140	1	1 1 0 1 1 1 1 1 1 1 0 0 0 1 0 0 1 0 0 1 0 0 0 1 1 1 0 1 1 0 1 0 1 1 0 0 0 0 0 1 0 1 1 0 0 0 1 1 0 0
140	3	1 1 1 1 1 1 1 1 1 1 0 0 0 1 0 0 1 0 0 1 0 0 0 1 1 1 0 1 1 0 1 0 1 1 0 0 0 0 0 1 0 1 1 0 0 0 1 1 0 0
140	1	1 1 1 1 1 1 1 1 1 1 0 0 0 1 0 0 1 0 1 1 0 0 0 1 1 1 0 1 1 0 1 0 1 1 0 0 0 0 0 1 0 1 1 0 1 0 0 1 0 0
140	6	1 1 1 1 1 1 1 1 1 1 0 0 0 1 0 0 1 0 1 1 0 0 0 1 1 1 0 1 1 0 1 0 1 1 0 0 0 0 0 1 0 1 1 0 1 0 1 1 0 0
140	2	0 1 1 1 1 1 1 1 1 1 0 0 0 1 0 0 1 0 0 1 0 0 0 1 1 1 0 1 1 0 1 0 1 1 0 0 0 0 0 1 0 1 1 0 1 0 1 1 0 0
140	2	1 1 1 1 1 1 1 1 1 1 0 0 0 1 0 0 1 0 0 1 0 0 0 1 1 1 0 1 1 0 1 0 1 1 0 0 0 0 0 1 0 1 1 0 1 1 1 1 0 0
140	5	1 1 1 1 1 1 1 1 1 1 0 0 0 1 0 0 1 1 0 1 0 0 0 1 1 1 0 1 1 0 1 0 1 1 0 0 0 0 0 1 0 1 1 0 1 0 1 1 0 0
140	1	1 1 1 1 1 1 1 1 1 1 0 0 0 1 0 0 0 0 0 1 0 0 0 1 1 1 0 1 1 0 1 0 1 1 0 0 0 0 0 1 0 1 1 0 1 0 1 1 0 0
140	58	1 1 1 1 1 1 1 1 1 1 0 0 0 1 0 0 1 0 0 1 0 0 0 1 1 1 0 1 1 0 1 0 1 1 0 0 0 0 0 1 0 1 1 0 1 0 1 1 0 0
140	1	1 1 1 1 1 1 1 1 0 1 0 0 0 1 0 0 1 0 0 1 0 0 0 1 1 1 0 1 1 0 1 0 0 1 0 0 0 0 0 1 0 1 1 0 1 0 0 1 0 0
140	5	1 1 1 1 1 1 1 1 0 1 0 0 0 1 0 0 1 0 0 1 0 0 0 1 1 1 0 1 1 0 1 0 1 1 0 0 0 0 0 1 0 1 1 0 1 0 0 1 0 0
150	3	1 1 1 1 1 1 1 1 1 1 0 0 0 1 0 0 1 0 0 0 0 0 0 1 1 1 0 1 1 0 1 0 1 1 0 0 0 0 0 1 0 1 1 0 1 0 1 1 0 0
150	3	1 1 1 1 1 1 1 1 1 1 0 0 0 1 0 0 1 0 0 1 0 0 0 1 1 1 0 1 1 0 1 0 1 1 0 0 0 0 0 0 0 1 1 0 1 0 1 1 0 0
150	1	1 1 1 1 1 1 1 1 1 1 0 0 0 1 0 0 1 0 0 1 0 0 0 1 1 1 0 0 1 0 1 0 1 1 0 0 0 0 0 1 0 1 1 1 1 0 0 1 0 0
150	4	1 1 1 1 1 1 1 1 1 1 0 0 0 1 0 0 1 0 0 1 0 0 0 1 1 1 0 1 1 0 1 0 1 1 0 0 0 0 0 1 0 1 1 0 0 0 1 1 0 0
150	3	1 1 1 1 1 1 1 1 1 1 0 0 0 1 0 0 1 0 1 1 0 0 0 1 1 1 0 1 1 0 1 0 1 1 0 0 0 0 0 1 0 1 1 0 1 0 0 1 0 0
150	1	1 1 1 1 1 1 1 1 1 1 0 0 0 1 0 0 1 0 1 1 1 0 0 1 1 1 0 1 1 0 1 0 1 1 0 0 0 0 0 1 0 1 1 0 1 0 1 1 0 0
150	5	1 1 1 1 1 1 1 1 1 1 0 0 0 1 0 0 1 0 1 1 0 0 0 1 1 1 0 1 1 0 1 0 1 1 0 0 0 0 0 1 0 1 1 0 1 0 1 1 0 0
150	1	0 1 1 1 1 1 1 1 1 1 0 0 0 1 0 0 1 0 0 1 0 0 0 1 1 1 0 1 1 0 1 0 1 1 0 0 0 0 0 1 0 1 1 0 1 0 1 1 0 0
150	1	1 1 1 1 1 1 1 1 1 1 0 0 0 1 0 0 1 0 0 1 0 0 0 1 1 1 0 1 1 0 1 0 1 1 0 0 0 0 0 1 0 1 1 0 1 1 1 1 0 0
150	6	1 1 1 1 1 1 1 1 1 1 0 0 0 1 0 0 1 1 0 1 0 0 0 1 1 1 0 1 1 0 1 0 1 1 0 0 0 0 0 1 0 1 1 0 1 0 1 1 0 0
150	1	1 1 1 1 1 1 1 1 1 1 0 0 0 1 0 0 1 0 0 1 0 0 0 1 1 1 0 1 1 0 1 0 1 1 0 0 0 0 0 1 0 1 1 1 1 0 1 1 0 0
150	1	1 1 1 1 1 1 1 1 1 1 0 0 0 1 0 0 1 0 0 1 0 0 0 1 1 1 0 1 1 0 1 0 1 1 0 0 0 0 0 1 0 1 0 0 1 0 1 1 0 0
150	1	1 1 1 1 1 1 1 1 1 1 0 0 0 1 0 0 1 0 0 1 0 0 0 1 1 1 0 1 1 0 0 0 1 1 0 0 0 0 0 1 0 1 1 0 1 0 1 1 0 0
150	65	1 1 1 1 1 1 1 1 1 1 0 0 0 1 0 0 1 0 0 1 0 0 0 1 1 1 0 1 1 0 1 0 1 1 0 0 0 0 0 1 0 1 1 0 1 0 1 1 0 0
150	4	1 1 1 1 1 1 1 1 0 1 0 0 0 1 0 0 1 0 0 1 0 0 0 1 1 1 0 1 1 0 1 0 1 1 0 0 0 0 0 1 0 1 1 0 1 0 0 1 0 0
160	1	1 1 1 1 1 1 1 1 1 1 0 0 0 1 0 0 1 0 0 1 0 0 0 1 1 1 0 1 1 0 1 0 1 1 0 0 0 0 0 0 0 1 1 0 1 0 1 1 0 0
160	1	1 1 1 1 1 1 1 1 1 1 0 0 0 1 0 0 1 0 0 1 0 0 0 1 1 1 0 0 1 0 1 0 1 1 0 0 0 0 0 1 0 1 1 0 1 0 0 1 0 0
160	1	1 1 1 1 1 1 1 1 1 1 0 0 0 1 0 0 1 0 0 1 0 0 0 1 1 1 0 0 1 0 1 0 1 1 0 0 0 0 0 1 0 1 1 0 1 0 1 1 0 0
160	2	1 1 1 1 1 1 1 1 1 1 0 0 0 0 0 0 1 0 0 1 0 0 0 1 1 1 0 1 1 0 1 0 1 1 0 0 0 0 0 1 0 1 1 0 0 0 1 1 0 0
160	7	1 1 1 1 1 1 1 1 1 1 0 0 0 1 0 0 1 0 0 1 0 0 0 1 1 1 0 1 1 0 1 0 1 1 0 0 0 0 0 1 0 1 1 0 0 0 1 1 0 0
160	3	1 1 1 1 1 1 1 1 1 1 0 0 0 1 0 0 1 0 1 1 0 0 0 1 1 1 0 1 1 0 1 0 1 1 0 0 0 0 0 1 0 1 1 0 1 0 0 1 0 0
160	2	0 1 1 1 1 1 1 1 1 1 0 0 0 1 0 0 1 0 0 1 0 0 0 1 1 1 0 1 1 0 1 0 1 1 0 0 0 0 0 1 0 1 1 0 1 0 1 1 0 0
160	1	1 1 1 1 1 1 1 1 0 1 0 0 0 1 0 0 1 1 0 1 0 0 0 1 1 1 0 1 1 0 1 0 1 1 0 0 0 0 0 1 0 1 1 0 1 0 1 1 0 0
160	5	1 1 1 1 1 1 1 1 1 1 0 0 0 1 0 0 1 1 0 1 0 0 0 1 1 1 0 1 1 0 1 0 1 1 0 0 0 0 0 1 0 1 1 0 1 0 1 1 0 0
160	5	1 1 1 1 1 1 0 1 1 1 0 0 0 1 0 0 1 0 0 1 0 0 0 1 1 1 0 1 1 0 1 0 1 1 0 0 0 0 0 1 0 1 1 0 1 0 1 1 0 0
160	2	1 1 1 1 1 1 1 1 1 1 0 0 0 1 0 0 1 0 0 1 0 0 0 1 1 1 0 1 1 0 1 0 1 1 0 0 0 0 0 1 0 1 1 0 1 0 1 1 1 0
160	1	1 1 1 1 1 1 1 1 1 1 0 0 0 1 1 0 1 0 0 1 0 0 0 1 1 1 0 1 1 0 1 0 1 1 0 0 0 0 0 1 0 1 1 0 1 0 1 1 0 0
160	62	1 1 1 1 1 1 1 1 1 1 0 0 0 1 0 0 1 0 0 1 0 0 0 1 1 1 0 1 1 0 1 0 1 1 0 0 0 0 0 1 0 1 1 0 1 0 1 1 0 0
160	7	1 1 1 1 1 1 1 1 0 1 0 0 0 1 0 0 1 0 0 1 0 0 0 1 1 1 0 1 1 0 1 0 1 1 0 0 0 0 0 1 0 1 1 0 1 0 0 1 0 0
170	8	1 1 1 1 1 1 1 1 1 1 0 0 0 1 0 0 1 0 0 1 0 0 0 1 1 1 0 0 1 0 1 0 1 1 0 0 0 0 0 1 0 1 1 0 1 0 0 1 0 0
170	2	1 1 1 1 1 1 1 1 1 1 0 0 0 1 0 0 1 0 0 1 0 0 0 1 1 1 0 0 1 0 1 0 1 1 0 0 0 0 0 1 0 1 1 0 1 0 1 1 0 0
170	2	1 1 1 1 1 1 1 1 1 1 0 0 0 0 0 0 1 0 0 1 0 0 0 1 1 1 0 1 1 0 1 0 1 1 0 0 0 0 0 1 0 1 1 0 0 0 1 1 0 0
170	2	1 1 1 1 1 1 1 1 1 1 0 0 0 1 0 0 1 0 0 1 0 0 0 1 1 1 0 1 1 0 1 0 1 1 0 0 0 0 0 0 0 1 1 0 0 0 1 1 0 0
170	1	1 1 1 1 1 1 1 1 1 0 0 0 0 1 0 0 1 0 0 1 0 0 0 1 1 1 0 1 1 0 1 0 1 1 0 0 0 0 0 1 0 1 1 0 1 0 1 1 0 0
170	56	1 1 1 1 1 1 1 1 1 1 0 0 0 1 0 0 1 0 0 1 0 0 0 1 1 1 0 1 1 0 1 0 1 1 0 0 0 0 0 1 0 1 1 0 1 0 1 1 0 0
170	9	1 1 1 1 1 1 1 1 1 1 0 0 0 1 0 0 1 0 0 1 0 0 0 1 1 1 0 1 1 0 1 0 1 1 0 0 0 0 0 1 0 1 1 0 0 0 1 1 0 0
170	1	1 1 1 1 1 1 1 1 1 1 0 0 0 1 0 0 1 0 1 1 0 0 0 1 1 1 0 1 1 0 1 0 1 1 0 0 0 0 0 1 0 1 1 0 1 0 0 1 0 0
170	1	1 1 1 1 1 1 1 1 1 1 0 0 0 1 0 0 1 0 1 1 0 0 0 1 1 1 0 1 1 0 1 0 1 1 0 0 0 0 0 1 0 1 1 0 1 0 1 1 0 0
170	1	1 1 1 1 1 1 1 1 1 1 0 0 0 1 0 1 1 1 0 1 0 0 0 1 1 1 0 1 1 0 1 0 1 1 0 0 0 0 0 1 0 1 1 0 1 0 1 1 0 0
170	5	1 1 1 1 1 1 1 1 1 1 0 0 0 1 0 0 1 1 0 1 0 0 0 1 1 1 0 1 1 0 1 0 1 1 0 0 0 0 0 1 0 1 1 0 1 0 1 1 0 0
170	2	1 1 1 1 1 1 1 1 1 1 0 0 0 1 0 0 1 0 0 1 0 0 0 1 1 1 0 1 1 0 1 0 1 1 0 0 0 0 0 1 0 1 0 0 1 0 1 1 0 0
170	1	1 1 1 1 1 1 1 1 1 1 1 0 0 1 0 0 1 0 0 1 0 0 0 1 1 1 0 1 1 0 1 0 1 1 0 0 1 0 0 1 0 1 1 0 1 0 1 1 0 0
170	1	1 1 1 1 1 1 1 1 1 1 0 0 0 1 0 0 1 0 0 1 0 0 0 1 1 1 0 1 1 0 1 0 1 1 0 0 0 0 1 1 0 1 1 0 1 0 1 1 0 0
170	1	1 1 1 1 1 1 1 1 1 1 0 0 0 1 0 0 1 0 0 1 0 0 0 1 1 1 0 1 1 0 1 0 0 1 0 0 0 0 0 1 0 1 1 0 1 0 1 1 0 0
170	1	1 1 1 1 1 1 1 1 0 1 0 0 0 1 0 0 1 0 0 1 0 0 0 1 1 1 0 1 1 0 1 0 0 1 0 0 0 0 0 1 0 1 1 0 1 0 0 1 0 0
170	1	1 1 1 1 1 1 1 1 0 1 0 1 0 1 0 0 1 0 0 1 0 0 0 1 1 1 0 1 1 0 1 0 1 1 0 0 0 0 0 1 0 1 1 0 1 0 0 1 0 0
170	5	1 1 1 1 1 1 1 1 0 1 0 0 0 1 0 0 1 0 0 1 0 0 0 1 1 1 0 1 1 0 1 0 1 1 0 0 0 0 0 1 0 1 1 0 1 0 0 1 0 0
180	6	1 1 1 1 1 1 1 1 1 1 0 0 0 1 0 0 1 0 0 1 0 0 0 1 1 1 0 0 1 0 1 0 1 1 0 0 0 0 0 1 0 1 1 0 1 0 0 1 0 0
180	4	1 1 1 1 1 1 1 1 1 1 0 0 0 1 0 0 1 0 0 1 0 0 0 1 1 1 0 0 1 0 1 0 1 1 0 0 0 0 0 1 0 1 1 0 1 0 1 1 0 0
180	6	1 1 1 1 1 1 1 1 1 1 0 0 0 0 0 0 1 0 0 1 0 0 0 1 1 1 0 1 1 0 1 0 1 1 0 0 0 0 0 1 0 1 1 0 0 0 1 1 0 0
180	3	1 1 1 1 1 1 1 1 1 1 0 0 0 1 0 0 1 0 0 1 0 0 0 1 1 1 0 1 1 0 1 0 1 1 0 0 0 0 0 0 0 1 1 0 0 0 1 1 0 0
180	1	1 1 1 1 1 1 0 1 1 1 0 0 0 1 0 0 1 0 0 1 0 0 0 1 1 1 0 1 1 0 1 0 1 1 0 0 0 0 0 1 0 1 1 0 1 0 1 1 0 0
180	1	1 1 1 1 1 1 1 1 1 1 0 0 0 1 0 0 1 0 0 1 0 0 0 1 1 1 0 1 1 0 1 0 1 1 0 0 1 0 0 1 0 1 1 0 1 0 1 1 0 0
180	5	1 1 1 1 1 1 1 1 1 1 0 0 0 1 0 0 1 0 0 1 0 0 0 1 1 1 0 1 1 0 1 0 1 1 0 0 0 0 0 1 0 1 1 0 1 1 1 1 0 0
180	1	1 1 1 1 1 1 1 1 1 1 0 0 0 1 0 0 1 0 0 1 0 0 0 1 1 1 0 1 1 0 1 0 1 1 0 0 0 0 0 1 0 1 0 0 1 0 1 1 0 0
180	2	1 1 1 1 1 1 1 1 0 1 0 0 0 1 0 0 1 0 0 1 0 0 0 1 1 1 0 1 1 0 1 0 1 1 0 0 0 0 0 1 0 1 1 0 1 0 1 1 0 0
180	33	1 1 1 1 1 1 1 1 1 1 0 0 0 1 0 0 1 0 0 1 0 0 0 1 1 1 0 1 1 0 1 0 1 1 0 0 0 0 0 1 0 1 1 0 1 0 1 1 0 0
180	11	1 1 1 1 1 1 1 1 1 1 0 0 0 1 0 0 1 0 0 1 0 0 0 1 1 1 0 1 1 0 1 0 1 1 0 0 0 0 0 1 0 1 1 0 0 0 1 1 0 0
180	6	1 1 1 1 1 1 1 1 1 1 0 0 0 1 0 0 1 0 1 1 0 0 0 1 1 1 0 1 1 0 1 0 1 1 0 0 0 0 0 1 0 1 1 0 1 0 0 1 0 0
180	4	1 1 1 1 1 1 1 1 1 1 0 0 0 1 0 0 1 1 0 1 0 0 0 1 1 1 0 1 1 0 1 0 1 1 0 0 0 0 0 1 0 1 1 0 1 0 1 1 0 0
180	2	1 1 1 1 1 1 1 1 1 1 1 0 0 1 0 0 1 0 0 1 0 0 0 1 1 1 0 1 1 0 1 0 1 1 0 0 0 0 0 1 0 1 1 0 1 0 1 1 0 0
180	1	1 1 1 1 1 1 1 1 1 1 0 0 0 1 0 0 1 0 0 1 0 0 0 1 1 1 0 1 1 0 1 0 1 1 0 0 0 0 1 1 0 1 1 0 1 0 1 1 0 0
180	4	1 1 1 1 1 1 1 1 1 1 0 0 0 1 0 0 1 0 0 1 0 0 0 1 1 1 0 1 1 0 1 0 0 1 0 0 0 0 0 1 0 1 1 0 1 0 1 1 0 0
180	10	1 1 1 1 1 1 1 1 0 1 0 0 0 1 0 0 1 0 0 1 0 0 0 1 1 1 0 1 1 0 1 0 1 1 0 0 0 0 0 1 0 1 1 0 1 0 0 1 0 0
190	12	1 1 1 1 1 1 1 1 1 1 0 0 0 1 0 0 1 0 0 1 0 0 0 1 1 1 0 0 1 0 1 0 1 1 0 0 0 0 0 1 0 1 1 0 1 0 0 1 0 0
190	10	1 1 1 1 1 1 1 1 1 1 0 0 0 0 0 0 1 0 0 1 0 0 0 1 1 1 0 1 1 0 1 0 1 1 0 0 0 0 0 1 0 1 1 0 0 0 1 1 0 0
190	3	1 1 1 1 1 1 1 1 1 1 0 0 0 1 0 0 1 0 0 1 0 0 0 1 1 1 0 1 1 0 1 0 1 1 0 0 0 0 0 0 0 1 1 0 0 0 1 1 0 0
190	1	1 1 1 1 1 1 0 1 1 1 0 0 0 1 0 0 1 0 0 1 0 0 0 1 1 1 0 1 1 0 1 0 1 1 0 0 0 0 0 1 0 1 1 0 1 0 1 1 0 0
190	3	1 1 1 1 1 1 1 1 1 1 0 0 0 1 0 0 1 0 0 1 0 0 0 1 1 1 0 1 1 0 1 0 1 1 0 0 1 0 0 1 0 1 1 0 1 0 1 1 0 0
190	1	1 1 1 1 1 1 1 1 1 1 0 0 0 1 0 0 1 0 0 1 0 0 0 1 1 1 0 1 1 0 1 0 1 1 0 0 0 0 0 1 0 1 1 0 1 1 1 1 0 0
190	1	1 1 1 1 1 1 1 1 1 1 0 0 0 1 0 0 1 0 0 1 0 0 0 1 1 1 0 1 1 0 0 0 1 1 0 0 0 0 0 1 0 1 1 0 1 0 1 1 0 0
190	2	1 1 1 1 1 1 1 1 1 1 0 0 0 1 0 0 1 0 0 1 0 0 1 1 1 1 0 1 1 0 1 0 1 1 0 0 0 0 0 1 0 1 1 0 1 0 1 1 0 0
190	15	1 1 1 1 1 1 1 1 1 1 0 0 0 1 0 0 1 0 0 1 0 0 0 1 1 1 0 1 1 0 1 0 1 1 0 0 0 0 0 1 0 1 1 0 0 0 1 1 0 0
190	26	1 1 1 1 1 1 1 1 1 1 0 0 0 1 0 0 1 0 0 1 0 0 0 1 1 1 0 1 1 0 1 0 1 1 0 0 0 0 0 1 0 1 1 0 1 0 1 1 0 0
190	14	1 1 1 1 1 1 1 1 1 1 0 0 0 1 0 0 1 0 1 1 0 0 0 1 1 1 0 1 1 0 1 0 1 1 0 0 0 0 0 1 0 1 1 0 1 0 0 1 0 0
190	3	1 1 1 1 1 1 1 1 1 1 0 0 0 1 0 0 1 1 0 1 0 0 0 1 1 1 0 1 1 0 1 0 1 1 0 0 0 0 0 1 0 1 1 0 1 0 1 1 0 0
190	5	1 1 1 1 1 1 1 1 1 1 1 0 0 1 0 0 1 0 0 1 0 0 0 1 1 1 0 1 1 0 1 0 1 1 0 0 0 0 0 1 0 1 1 0 1 0 1 1 0 0
190	2	1 1 1 1 1 1 1 1 1 1 0 0 0 1 0 0 1 0 0 1 0 0 0 1 1 1 0 1 1 0 1 0 0 1 0 0 0 0 0 1 0 1 1 0 1 0 1 1 0 0
190	2	1 1 1 1 1 1 1 1 0 1 0 0 0 1 0 0 1 0 0 1 0 0 0 1 1 1 0 1 1 0 1 0 1 1 0 0 0 0 0 1 0 1 1 0 1 0 0 1 0 0
200	17	1 1 1 1 1 1 1 1 1 1 0 0 0 1 0 0 1 0 0 1 0 0 0 1 1 1 0 0 1 0 1 0 1 1 0 0 0 0 0 1 0 1 1 0 1 0 0 1 0 0
200	1	1 1 1 1 1 1 1 1 1 1 0 0 0 0 0 0 1 0 0 1 0 0 0 1 1 1 0 1 1 0 0 0 1 1 0 0 0 0 0 1 0 1 1 0 0 0 1 1 0 0
200	25	1 1 1 1 1 1 1 1 1 1 0 0 0 0 0 0 1 0 0 1 0 0 0 1 1 1 0 1 1 0 1 0 1 1 0 0 0 0 0 1 0 1 1 0 0 0 1 1 0 0
200	5	1 1 1 1 1 1 1 1 1 1 0 0 0 1 0 0 1 0 0 1 0 0 0 1 1 1 0 1 1 0 1 0 1 1 0 0 0 0 0 0 0 1 1 0 0 0 1 1 0 0
200	1	1 1 1 1 1 1 1 1 1 1 0 0 0 1 0 0 1 0 0 1 0 0 0 1 1 1 0 1 1 0 1 0 1 1 0 0 1 0 0 1 0 1 1 0 1 0 1 1 0 0
200	1	1 1 1 1 1 1 1 1 1 1 0 0 0 1 0 0 1 0 0 1 0 0 0 1 1 1 0 1 1 0 1 0 1 1 0 0 0 0 0 1 0 1 1 0 1 0 1 0 0 0
200	16	1 1 1 1 1 1 1 1 1 1 0 0 0 1 0 0 1 0 0 1 0 0 0 1 1 1 0 1 1 0 1 0 1 1 0 0 0 0 0 1 0 1 1 0 0 0 1 1 0 0
200	18	1 1 1 1 1 1 1 1 1 1 0 0 0 1 0 0 1 0 0 1 0 0 0 1 1 1 0 1 1 0 1 0 1 1 0 0 0 0 0 1 0 1 1 0 1 0 1 1 0 0
200	10	1 1 1 1 1 1 1 1 1 1 0 0 0 1 0 0 1 0 1 1 0 0 0 1 1 1 0 1 1 0 1 0 1 1 0 0 0 0 0 1 0 1 1 0 1 0 0 1 0 0
200	5	1 1 1 1 1 1 1 1 1 1 0 0 0 1 0 0 1 1 0 1 0 0 0 1 1 1 0 1 1 0 1 0 1 1 0 0 0 0 0 1 0 1 1 0 1 0 1 1 0 0
200	1	1 1 1 1 1 1 1 1 0 1 0 0 0 1 0 0 1 0 0 1 0 0 0 1 1 1 0 1 1 0 1 0 1 1 0 0 0 0 0 1 0 1 1 0 1 0 0 1 0 0
210	1	1 1 1 1 1 1 1 1 1 1 0 0 0 1 0 0 1 0 0 1 0 0 0 1 1 1 0 0 1 0 1 0 1 1 0 0 0 0 0 1 0 1 1 0 1 0 1 1 0 0
210	11	1 1 1 1 1 1 1 1 1 1 0 0 0 1 0 0 1 0 0 1 0 0 0 1 1 1 0 0 1 0 1 0 1 1 0 0 0 0 0 1 0 1 1 0 1 0 0 1 0 0
210	1	1 1 1 1 1 1 1 1 1 1 0 0 0 0 0 0 1 0 0 1 0 0 0 1 1 1 0 1 1 0 0 0 1 1 0 0 0 0 0 1 0 1 1 0 0 0 1 1 0 0
210	1	1 1 1 1 1 1 1 1 1 1 0 0 0 0 0 0 1 0 0 1 0 0 0 1 1 1 0 1 1 1 1 0 1 1 0 0 0 0 0 1 0 1 1 0 0 0 1 1 0 0
210	3	1 1 1 1 1 1 1 1 1 1 0 0 0 0 0 0 1 0 0 1 0 0 0 1 1 1 0 1 1 0 1 0 1 1 0 0 0 0 0 1 0 0 1 0 0 0 1 1 0 0
210	1	0 1 1 1 1 1 1 1 1 1 0 0 0 0 0 0 1 0 0 1 0 0 0 1 1 1 0 1 1 0 1 0 1 1 0 0 0 0 0 1 0 1 1 0 0 0 1 1 0 0
210	35	1 1 1 1 1 1 1 1 1 1 0 0 0 0 0 0 1 0 0 1 0 0 0 1 1 1 0 1 1 0 1 0 1 1 0 0 0 0 0 1 0 1 1 0 0 0 1 1 0 0
210	13	1 1 1 1 1 1 1 1 1 1 0 0 0 1 0 0 1 0 0 1 0 0 0 1 1 1 0 1 1 0 1 0 1 1 0 0 0 0 0 1 0 1 1 0 0 0 1 1 0 0
210	3	1 1 1 1 1 1 1 1 1 1 0 0 0 1 0 0 1 0 0 1 0 0 0 1 1 1 0 1 1 0 1 0 1 1 0 0 0 0 0 0 0 1 1 0 0 0 1 1 0 0
210	4	1 1 1 1 1 1 1 1 1 1 0 0 0 1 0 0 1 0 0 1 0 0 0 1 1 1 0 1 1 0 1 0 1 1 0 0 0 0 0 1 0 1 1 0 1 0 1 0 0 0
210	2	1 1 1 1 1 1 1 1 1 1 0 0 0 1 0 0 1 0 0 1 0 0 0 1 1 1 0 1 1 0 1 0 1 1 0 0 0 0 0 1 0 1 0 0 1 0 1 1 0 0
210	1	1 1 1 1 1 1 1 1 1 1 0 0 0 1 0 0 1 0 0 1 1 0 0 1 1 1 0 1 1 0 1 0 1 1 0 0 0 0 0 1 0 1 1 0 1 0 1 1 0 0
210	13	1 1 1 1 1 1 1 1 1 1 0 0 0 1 0 0 1 0 0 1 0 0 0 1 1 1 0 1 1 0 1 0 1 1 0 0 0 0 0 1 0 1 1 0 1 0 1 1 0 0
210	1	1 1 1 1 1 1 1 1 1 1 0 0 0 1 0 0 1 0 1 1 0 0 0 1 1 1 0 1 1 0 1 1 1 1 0 0 0 0 0 1 0 1 1 0 1 0 0 1 0 0
210	8	1 1 1 1 1 1 1 1 1 1 0 0 0 1 0 0 1 0 1 1 0 0 0 1 1 1 0 1 1 0 1 0 1 1 0 0 0 0 0 1 0 1 1 0 1 0 0 1 0 0
210	1	1 1 1 1 1 1 1 1 1 1 0 0 0 1 0 0 1 1 0 1 0 0 0 1 1 1 0 1 1 0 1 0 1 1 0 0 0 0 0 1 0 1 1 0 1 0 1 1 0 0
210	1	1 1 1 1 1 1 1 1 0 1 0 0 0 1 0 0 1 0 0 1 0 0 0 1 1 1 0 1 1 0 1 0 1 1 0 0 0 0 0 1 0 1 1 0 1 0 0 1 0 0
220	29	1 1 1 1 1 1 1 1 1 1 0 0 0 1 0 0 1 0 0 1 0 0 0 1 1 1 0 0 1 0 1 0 1 1 0 0 0 0 0 1 0 1 1 0 1 0 0 1 0 0
220	3	1 1 1 1 1 1 1 1 1 1 0 0 0 0 0 0 1 0 0 1 0 0 0 1 1 1 0 1 1 0 1 0 1 1 0 0 0 0 0 1 0 0 1 0 0 0 1 1 0 0
220	24	1 1 1 1 1 1 1 1 1 1 0 0 0 0 0 0 1 0 0 1 0 0 0 1 1 1 0 1 1 0 1 0 1 1 0 0 0 0 0 1 0 1 1 0 0 0 1 1 0 0
220	5	1 1 1 1 1 1 0 1 1 1 0 0 0 1 0 0 1 0 0 1 0 0 0 1 1 1 0 1 1 0 1 0 1 1 0 0 0 0 0 0 0 1 1 0 0 0 0 1 0 0
220	7	1 1 1 1 1 1 1 1 1 1 0 0 0 1 0 0 1 0 0 1 0 0 0 1 1 1 0 1 1 0 1 0 1 1 0 0 0 0 0 1 0 1 1 0 0 0 1 1 0 0
220	1	1 1 1 1 1 1 1 1 1 1 0 0 0 0 0 0 1 0 0 1 0 0 0 1 1 1 0 1 1 0 1 0 1 1 0 0 0 0 0 0 0 1 1 0 0 0 1 1 0 0
220	5	1 1 1 1 1 1 1 1 1 1 0 0 0 1 0 0 1 0 0 1 0 0 0 1 1 1 0 1 1 0 1 0 1 1 0 0 0 0 0 0 0 1 1 0 0 0 1 1 0 0
220	2	1 1 1 1 1 1 1 1 1 1 0 0 0 1 0 0 1 0 0 1 0 0 0 1 1 1 0 1 1 0 1 0 1 1 0 0 0 0 0 1 0 0 1 0 1 0 1 0 0 0
220	7	1 1 1 1 1 1 1 1 1 1 0 0 0 1 0 0 1 0 0 1 0 0 0 1 1 1 0 1 1 0 1 0 1 1 0 0 0 0 0 1 0 1 1 0 1 0 1 0 0 0
220	1	1 1 1 1 1 1 1 1 1 1 0 0 0 1 0 0 1 0 0 1 0 0 0 1 1 1 0 1 1 0 1 0 1 1 0 0 0 0 0 1 0 1 0 0 1 0 1 1 0 0
220	3	1 1 1 1 1 1 1 1 1 1 0 0 0 1 0 0 1 0 0 1 0 0 0 1 1 1 0 1 1 0 1 0 1 1 0 0 0 0 0 1 0 1 1 0 1 0 1 1 0 0
220	1	1 1 1 1 1 1 1 1 1 1 0 0 0 1 0 0 1 0 1 1 0 0 0 1 1 1 0 1 1 0 1 0 1 0 0 0 0 0 0 1 0 1 1 0 1 0 0 1 0 0
220	10	1 1 1 1 1 1 1 1 1 1 0 0 0 1 0 0 1 0 1 1 0 0 0 1 1 1 0 1 1 0 1 0 1 1 0 0 0 0 0 1 0 1 1 0 1 0 0 1 0 0
220	2	1 1 1 1 1 1 1 1 1 1 0 0 0 1 0 0 1 1 0 1 0 0 0 1 1 1 0 1 1 0 1 0 1 1 0 0 0 0 0 1 0 1 1 0 1 0 1 1 0 0
230	1	1 1 1 1 1 1 1 1 1 1 0 0 0 1 0 0 1 0 0 1 0 0 0 1 1 1 0 0 1 0 1 0 1 1 0 0 0 1 0 1 0 1 1 0 1 0 0 1 0 0
230	20	1 1 1 1 1 1 1 1 1 1 0 0 0 1 0 0 1 0 0 1 0 0 0 1 1 1 0 0 1 0 1 0 1 1 0 0 0 0 0 1 0 1 1 0 1 0 0 1 0 0
230	4	1 1 1 1 1 1 1 1 1 1 0 0 0 0 0 0 1 0 0 1 0 0 0 1 1 1 0 1 1 0 1 0 1 1 0 0 0 0 0 1 0 0 1 0 0 0 1 1 0 0
230	2	1 1 1 1 1 1 1 1 1 1 0 0 0 0 0 1 1 0 0 1 0 0 0 1 1 1 0 1 1 0 1 0 1 1 0 0 0 0 0 1 0 1 1 0 0 0 1 1 0 0
230	28	1 1 1 1 1 1 1 1 1 1 0 0 0 0 0 0 1 0 0 1 0 0 0 1 1 1 0 1 1 0 1 0 1 1 0 0 0 0 0 1 0 1 1 0 0 0 1 1 0 0
230	3	1 1 1 1 1 1 0 1 1 1 0 0 0 1 0 0 1 0 0 1 0 0 0 1 1 1 0 1 1 0 1 0 1 1 0 0 0 0 0 0 0 1 1 0 0 0 0 1 0 0
230	2	1 1 1 1 1 1 1 1 1 1 0 0 0 1 0 0 1 0 0 1 0 0 0 1 1 1 0 1 1 0 1 0 1 1 0 0 0 0 0 1 0 0 1 0 0 0 1 1 0 0
230	10	1 1 1 1 1 1 1 1 1 1 0 0 0 1 0 0 1 0 0 1 0 0 0 1 1 1 0 1 1 0 1 0 1 1 0 0 0 0 0 1 0 1 1 0 0 0 1 1 0 0
230	5	1 1 1 1 1 1 1 1 1 1 0 0 0 1 0 0 1 0 0 1 0 0 0 1 1 1 0 1 1 0 1 0 1 1 0 0 0 0 0 1 0 1 1 0 1 0 1 0 0 0
230	8	1 1 1 1 1 1 1 1 1 1 0 0 0 1 0 0 1 0 0 1 0 0 0 1 1 1 0 1 1 0 1 0 1 1 0 0 0 0 0 1 0 1 0 0 1 0 1 1 0 0
230	1	1 1 1 1 1 1 1 1 1 1 0 0 0 1 0 0 1 0 1 1 0 0 0 1 1 1 0 1 1 0 1 1 1 1 0 0 0 0 0 1 0 1 1 0 1 0 0 1 0 0
230	2	1 1 1 1 1 1 1 1 1 1 0 0 0 1 0 0 1 0 1 1 0 0 0 1 1 1 0 1 1 0 1 0 1 0 0 0 0 0 0 1 0 1 1 0 1 0 0 1 0 0
230	10	1 1 1 1 1 1 1 1 1 1 0 0 0 1 0 0 1 0 1 1 0 0 0 1 1 1 0 1 1 0 1 0 1 1 0 0 0 0 0 1 0 1 1 0 1 0 0 1 0 0
230	1	1 1 1 1 1 1 1 1 1 1 0 0 0 1 0 0 1 1 0 1 0 0 0 1 1 1 0 1 1 0 1 0 1 1 0 0 0 0 0 1 0 1 1 0 1 0 1 1 0 0
230	3	1 1 1 1 1 1 1 1 0 1 0 0 0 1 0 0 1 0 0 1 0 0 0 1 1 1 0 1 1 0 1 0 1 1 0 0 0 0 0 1 0 1 1 0 1 0 0 1 0 0
240	1	1 1 1 1 1 1 1 1 1 1 0 0 0 1 0 0 1 0 0 1 0 0 0 1 1 1 0 0 1 0 1 0 1 1 0 0 0 1 0 1 0 1 1 0 1 0 0 1 0 0
240	6	1 1 1 1 1 1 1 1 1 1 0 0 0 1 0 0 1 0 0 1 0 0 0 1 1 1 0 0 1 0 1 0 1 1 0 0 0 0 0 1 0 1 1 0 1 0 0 1 0 0
240	5	1 1 1 1 1 1 1 1 1 1 0 0 0 0 0 0 1 0 0 1 0 0 0 1 1 1 0 1 1 0 1 0 1 1 0 0 0 0 0 1 0 0 1 0 0 0 1 1 0 0
240	1	1 1 1 1 1 1 1 1 1 1 0 0 0 0 0 1 1 0 0 1 0 0 1 1 1 1 0 1 1 0 1 0 1 1 0 0 0 0 0 1 0 1 1 0 0 0 1 1 0 0
240	3	1 1 1 1 1 1 1 1 1 1 0 0 0 0 0 1 1 0 0 1 0 0 0 1 1 1 0 1 1 0 1 0 1 1 0 0 0 0 0 1 0 1 1 0 0 0 1 1 0 0
240	32	1 1 1 1 1 1 1 1 1 1 0 0 0 0 0 0 1 0 0 1 0 0 0 1 1 1 0 1 1 0 1 0 1 1 0 0 0 0 0 1 0 1 1 0 0 0 1 1 0 0
240	1	1 1 1 1 1 1 0 1 1 1 0 0 0 1 0 0 1 0 0 1 0 0 0 1 1 1 0 1 1 0 1 0 1 1 0 1 0 0 0 0 0 1 1 0 0 0 0 1 0 0
240	5	1 1 1 1 1 1 0 1 1 1 0 0 0 1 0 0 1 0 0 1 0 0 0 1 1 1 0 1 1 0 1 0 1 1 0 0 0 0 0 0 0 1 1 0 0 0 0 1 0 0
240	1	1 1 1 1 1 1 1 1 1 1 0 0 0 1 0 0 1 0 0 1 0 0 0 1 1 1 0 1 1 0 1 0 1 1 0 0 0 0 0 1 0 0 1 0 0 0 1 1 0 0
240	2	1 1 1 1 1 1 1 1 1 1 0 0 0 1 0 0 1 0 0 1 0 0 0 1 1 1 0 1 1 0 1 0 1 1 0 0 0 0 0 0 0 1 1 0 0 0 1 1 0 0
240	1	1 1 1 1 1 1 0 1 1 1 0 0 0 1 0 0 1 0 0 1 0 0 0 1 1 1 0 1 1 0 1 0 1 1 0 0 0 0 0 1 0 1 1 0 0 0 1 1 0 0
240	19	1 1 1 1 1 1 1 1 1 1 0 0 0 1 0 0 1 0 0 1 0 0 0 1 1 1 0 1 1 0 1 0 1 1 0 0 0 0 0 1 0 1 1 0 0 0 1 1 0 0
240	3	1 1 1 1 1 1 1 1 1 1 0 0 0 1 0 0 1 0 0 1 0 0 0 1 1 1 0 1 1 0 1 0 1 1 0 0 0 0 0 1 0 0 1 0 1 0 1 0 0 0
240	4	1 1 1 1 1 1 1 1 1 1 0 0 0 1 0 0 1 0 0 1 0 0 0 1 1 1 0 1 1 0 1 0 1 1 0 0 0 0 0 1 0 1 1 0 1 0 1 0 0 0
240	2	1 1 1 1 1 1 1 1 1 1 0 0 0 1 0 0 1 0 0 1 0 0 0 1 1 1 0 1 1 0 1 0 1 1 0 0 0 0 0 1 0 1 0 0 1 0 1 1 0 0
240	2	1 1 1 1 1 1 1 1 1 1 0 0 0 1 0 0 1 0 0 1 0 0 0 1 1 1 0 1 1 0 1 0 1 1 0 0 0 0 0 1 0 1 1 0 1 0 1 1 0 0
240	1	1 1 1 1 1 1 1 1 1 1 0 0 0 1 0 0 1 0 1 1 0 0 0 1 1 1 0 1 1 0 1 1 1 1 0 0 0 0 0 1 0 1 1 0 1 0 0 1 0 0
240	1	1 1 1 1 1 1 1 1 1 1 0 0 0 1 0 0 1 0 1 1 0 0 0 1 1 1 0 1 1 0 1 0 1 0 0 0 0 0 0 1 0 1 1 0 1 0 0 1 0 0
240	10	1 1 1 1 1 1 1 1 1 1 0 0 0 1 0 0 1 0 1 1 0 0 0 1 1 1 0 1 1 0 1 0 1 1 0 0 0 0 0 1 0 1 1 0 1 0 0 1 0 0
250	1	1 1 1 1 1 1 1 1 1 1 0 0 0 1 0 0 1 0 0 1 0 0 0 1 1 1 0 0 1 0 1 0 1 1 0 0 0 0 0 1 0 1 0 0 1 0 0 1 0 0
250	7	1 1 1 1 1 1 1 1 1 1 0 0 0 1 0 0 1 0 0 1 0 0 0 1 1 1 0 0 1 0 1 0 1 1 0 0 0 0 0 1 0 1 1 0 1 0 0 1 0 0
250	2	1 1 1 1 1 1 1 1 1 1 0 0 0 0 1 0 1 0 0 1 0 0 0 1 1 1 0 1 1 0 1 0 1 1 0 0 0 0 0 1 0 0 1 0 0 0 1 1 0 0
250	10	1 1 1 1 1 1 1 1 1 1 0 0 0 0 0 0 1 0 0 1 0 0 0 1 1 1 0 1 1 0 1 0 1 1 0 0 0 0 0 1 0 0 1 0 0 0 1 1 0 0
250	1	1 1 1 1 1 1 1 1 1 1 0 0 1 0 0 0 1 0 0 1 0 0 0 1 1 1 0 1 1 0 1 0 1 1 0 0 0 1 0 1 0 1 1 0 0 0 1 1 0 0
250	1	1 1 1 1 1 1 1 1 1 1 0 0 1 0 0 0 1 0 0 1 0 0 0 1 1 1 0 1 1 0 1 0 1 1 0 0 0 0 0 1 0 1 1 0 0 0 1 1 0 0
250	4	1 1 1 1 1 1 1 1 1 1 0 0 0 0 0 1 1 0 0 1 0 0 0 1 1 1 0 1 1 0 1 0 1 1 0 0 0 0 0 1 0 1 1 0 0 0 1 1 0 0
250	6	1 1 1 1 1 1 1 1 1 1 0 0 0 1 0 0 1 0 0 1 0 0 0 1 1 1 0 1 1 0 1 0 1 1 0 0 0 0 0 1 0 0 1 0 0 0 1 1 0 0
250	13	1 1 1 1 1 1 1 1 1 1 0 0 0 1 0 0 1 0 0 1 0 0 0 1 1 1 0 1 1 0 1 0 1 1 0 0 0 0 0 1 0 1 1 0 0 0 1 1 0 0
250	2	1 1 1 1 1 1 1 1 1 1 0 0 0 0 0 0 1 0 0 1 0 0 0 1 1 1 1 1 1 0 1 0 1 1 0 0 0 0 0 1 0 1 1 0 0 0 1 1 0 0
250	1	1 1 0 1 1 1 1 1 1 1 0 0 0 0 0 0 1 0 0 1 0 0 0 1 1 1 0 1 1 0 1 0 1 1 0 0 0 0 0 1 0 1 1 0 0 0 1 1 0 0
250	26	1 1 1 1 1 1 1 1 1 1 0 0 0 0 0 0 1 0 0 1 0 0 0 1 1 1 0 1 1 0 1 0 1 1 0 0 0 0 0 1 0 1 1 0 0 0 1 1 0 0
250	1	1 1 1 1 1 1 0 1 1 0 0 0 0 1 0 0 1 0 0 1 0 0 0 1 1 1 0 1 1 0 1 0 1 1 0 1 0 0 0 0 0 1 1 0 0 0 0 1 0 0
250	1	1 1 1 1 1 1 0 1 1 1 0 0 0 1 0 0 1 0 0 1 0 0 0 1 1 1 0 1 1 0 1 0 1 1 0 0 0 0 0 0 0 1 1 0 0 0 0 1 0 0
250	5	1 1 1 1 1 1 1 1 1 1 0 0 0 1 0 0 1 0 0 1 0 0 0 1 1 1 0 1 1 0 1 0 1 1 0 0 0 0 0 1 0 0 1 0 1 0 1 0 0 0
250	2	1 1 1 1 1 1 1 1 1 1 0 0 0 1 0 0 1 0 0 1 0 0 0 1 1 1 0 1 1 0 1 0 1 1 0 0 0 0 0 1 0 1 1 0 1 0 1 0 0 0
250	1	1 1 1 1 1 1 1 1 1 1 0 0 0 1 1 0 1 0 0 1 0 0 0 1 1 1 0 1 0 0 1 0 1 1 0 0 0 0 0 1 0 1 0 0 1 0 1 1 0 0
250	2	1 1 1 1 1 1 1 1 1 1 0 0 0 1 0 0 1 0 0 1 0 0 0 1 1 1 0 1 1 0 1 0 1 1 0 0 0 0 0 1 0 1 0 0 1 0 1 1 0 0
250	3	1 1 1 1 1 1 1 1 1 1 0 0 0 1 0 0 1 0 1 1 0 0 0 1 1 1 0 1 1 0 1 1 1 1 0 0 0 0 0 1 0 1 1 0 1 0 0 1 0 0
250	4	1 1 1 1 1 1 1 1 1 1 0 0 0 1 0 0 1 0 1 1 0 0 0 1 1 1 0 1 1 0 1 0 1 0 0 0 0 0 0 1 0 1 1 0 1 0 0 1 0 0
250	2	1 1 1 1 1 1 1 1 1 1 0 0 0 1 0 0 1 1 1 1 0 0 0 1 1 1 0 1 1 0 1 0 1 1 0 0 0 0 0 1 0 1 1 0 1 0 0 1 0 0
250	5	1 1 1 1 1 1 1 1 1 1 0 0 0 1 0 0 1 0 1 1 0 0 0 1 1 1 0 1 1 0 1 0 1 1 0 0 0 0 0 1 0 1 1 0 1 0 0 1 0 0
260	4	1 1 1 1 1 1 1 1 1 1 0 0 0 1 0 0 1 0 0 1 0 0 0 1 1 1 0 0 1 0 1 0 1 1 0 0 0 0 0 1 0 1 0 0 1 0 0 1 0 0
260	3	1 1 1 1 1 1 1 1 1 1 0 0 0 1 0 0 1 0 0 1 0 0 0 1 1 1 0 0 1 0 1 0 1 1 0 0 0 0 0 1 0 1 1 0 1 0 0 1 0 0
260	3	1 1 1 1 1 1 1 1 1 1 0 0 0 0 1 0 1 0 0 1 0 0 0 1 1 1 0 1 1 0 1 0 1 1 0 0 0 0 0 1 0 0 1 0 0 0 1 1 0 0
260	14	1 1 1 1 1 1 1 1 1 1 0 0 0 0 0 0 1 0 0 1 0 0 0 1 1 1 0 1 1 0 1 0 1 1 0 0 0 0 0 1 0 1 1 0 0 0 1 1 0 0
260	2	1 1 1 1 1 1 0 1 1 1 0 0 0 0 0 0 1 0 0 1 0 0 0 1 1 1 0 1 1 0 1 0 1 1 0 0 0 0 0 1 0 0 1 0 0 0 1 1 0 0
260	1	1 1 1 1 0 1 1 1 1 1 0 0 0 0 0 0 1 0 0 1 0 0 0 1 1 1 0 1 1 0 1 0 1 1 0 0 0 0 0 1 0 0 1 0 0 0 1 1 0 0
260	1	1 1 1 1 1 1 1 1 1 1 0 0 0 0 0 0 1 0 0 1 0 0 1 1 1 1 0 1 1 0 1 0 1 1 0 0 0 0 0 1 0 0 1 0 0 0 1 1 0 0
260	15	1 1 1 1 1 1 1 1 1 1 0 0 0 0 0 0 1 0 0 1 0 0 0 1 1 1 0 1 1 0 1 0 1 1 0 0 0 0 0 1 0 0 1 0 0 0 1 1 0 0
260	3	1 1 1 1 1 1 1 1 1 1 0 0 1 0 0 0 1 0 0 1 0 0 0 1 1 1 0 1 1 0 1 0 1 1 0 0 0 1 0 1 0 1 1 0 0 0 1 1 0 0
260	1	1 1 1 1 1 1 1 1 1 1 0 0 0 0 0 1 1 0 0 1 0 0 0 1 1 1 0 1 1 0 1 0 1 1 0 0 0 0 0 1 0 1 1 0 0 0 1 1 0 0
260	10	1 1 1 1 1 1 1 1 1 1 0 0 0 1 0 0 1 0 0 1 0 0 0 1 1 1 0 1 1 0 1 0 1 1 0 0 0 0 0 1 0 0 1 0 0 0 1 1 0 0
260	14	1 1 1 1 1 1 1 1 1 1 0 0 0 1 0 0 1 0 0 1 0 0 0 1 1 1 0 1 1 0 1 0 1 1 0 0 0 0 0 1 0 1 1 0 0 0 1 1 0 0
260	1	1 1 1 1 1 1 1 1 1 1 0 0 0 0 0 0 1 1 0 1 0 0 0 1 1 1 0 1 1 0 1 0 1 1 0 0 0 0 0 1 0 1 1 0 0 0 1 1 0 0
260	1	1 1 1 1 1 1 1 1 1 1 0 0 0 1 0 0 1 0 0 1 0 0 0 1 1 1 0 1 1 0 1 0 1 0 0 0 0 0 0 1 0 0 1 0 1 0 1 0 0 0
260	5	1 1 1 1 1 1 1 1 1 1 0 0 0 1 0 0 1 0 0 1 0 0 0 1 1 1 0 1 1 0 1 0 1 1 0 0 0 0 0 1 0 0 1 0 1 0 1 0 0 0
260	3	1 1 1 1 1 1 1 1 1 1 0 0 0 1 0 0 1 0 0 1 0 0 0 1 1 1 0 1 1 0 1 0 1 1 0 0 0 0 0 1 0 1 1 0 1 0 1 0 0 0
260	4	1 1 1 1 1 1 1 1 1 1 0 0 0 1 1 0 1 0 0 1 0 0 0 1 1 1 0 1 0 0 1 0 1 1 0 0 0 0 0 1 0 1 0 0 1 0 1 1 0 0
260	3	1 1 1 1 1 1 1 1 1 1 0 0 0 1 0 0 1 0 0 1 0 0 0 1 1 1 0 1 1 0 1 0 1 1 0 0 0 0 0 1 0 1 0 0 1 0 1 1 0 0
260	4	1 1 1 1 1 1 1 1 1 1 0 0 0 1 0 0 1 0 1 1 0 0 0 1 1 1 0 1 1 0 1 1 1 1 0 0 0 0 0 1 0 1 1 0 1 0 0 1 0 0
260	3	1 1 1 1 1 1 1 1 1 1 0 0 0 1 0 0 1 0 1 1 0 0 0 1 1 1 0 1 1 0 1 0 1 0 0 0 0 0 0 1 0 1 1 0 1 0 0 1 0 0
260	1	1 1 1 1 1 1 1 1 1 1 0 0 0 1 0 0 1 1 1 1 0 0 0 1 1 1 0 1 1 0 0 0 1 1 0 0 0 0 0 1 0 1 1 0 1 0 0 1 0 0
260	1	1 1 1 1 1 1 1 1 1 1 0 0 0 1 0 0 1 1 1 1 0 0 0 1 1 1 0 1 1 0 1 0 1 1 0 0 0 0 0 1 0 1 1 0 1 0 0 1 0 0
260	3	1 1 1 1 1 1 1 1 1 1 0 0 0 1 0 0 1 0 1 1 0 0 0 1 1 1 0 1 1 0 1 0 1 1 0 0 0 0 0 1 0 1 1 0 1 0 0 1 0 0
270	4	1 1 1 1 1 1 1 1 1 1 0 0 0 1 0 0 1 0 0 1 0 0 0 1 1 1 0 0 1 0 1 0 1 1 0 0 0 0 0 1 0 1 0 0 1 0 0 1 0 0
270	2	1 1 1 1 1 1 1 1 1 1 0 0 0 1 0 0 1 0 0 1 0 0 0 1 1 1 0 0 1 0 1 0 1 1 0 0 0 0 0 1 0 1 1 0 1 0 0 1 0 0
270	1	1 1 1 1 1 1 1 1 1 1 0 0 0 0 1 0 1 0 0 1 0 0 0 1 1 1 0 1 1 0 1 0 1 1 0 0 0 0 0 1 0 0 1 0 0 0 1 1 0 0
270	1	1 1 1 1 1 1 1 1 1 1 0 0 0 0 0 0 0 0 0 1 0 0 0 1 1 1 0 1 1 0 1 0 1 1 0 0 0 0 0 1 0 0 1 0 0 0 1 1 0 0
270	31	1 1 1 1 1 1 1 1 1 1 0 0 0 0 0 0 1 0 0 1 0 0 0 1 1 1 0 1 1 0 1 0 1 1 0 0 0 0 0 1 0 0 1 0 0 0 1 1 0 0
270	4	1 1 1 1 1 1 1 1 1 1 0 0 0 0 0 0 1 0 0 1 0 0 0 1 1 1 0 1 1 0 1 0 1 1 0 0 0 0 0 1 0 1 1 0 0 0 1 1 0 0
270	1	1 1 1 1 1 1 1 1 1 1 0 0 0 0 0 0 1 0 0 1 0 0 0 1 1 1 0 1 1 0 1 0 1 1 1 0 0 0 0 1 0 0 1 0 0 0 1 1 0 0
270	2	1 1 1 1 1 1 1 1 1 1 0 0 1 0 0 0 1 0 0 1 0 0 0 1 1 1 0 1 1 0 1 0 1 1 0 0 0 1 0 1 0 1 1 0 0 0 1 1 0 0
270	1	1 1 1 1 1 1 1 1 1 1 0 0 0 1 0 0 1 0 0 1 0 0 0 1 1 1 0 1 1 0 0 0 1 1 0 0 0 0 0 1 0 0 1 0 0 0 1 1 0 0
270	7	1 1 1 1 1 1 1 1 1 1 0 0 0 1 0 0 1 0 0 1 0 0 0 1 1 1 0 1 1 0 1 0 1 1 0 0 0 0 0 1 0 0 1 0 0 0 1 1 0 0
270	20	1 1 1 1 1 1 1 1 1 1 0 0 0 1 0 0 1 0 0 1 0 0 0 1 1 1 0 1 1 0 1 0 1 1 0 0 0 0 0 1 0 1 1 0 0 0 1 1 0 0
270	1	1 1 1 1 1 1 1 1 1 1 0 0 0 0 0 0 1 0 0 1 0 0 0 1 1 1 1 1 1 0 1 0 1 1 0 0 0 0 0 1 0 1 1 0 0 0 1 1 0 0
270	1	1 1 1 1 1 0 1 1 1 1 0 0 0 0 0 0 1 0 0 1 0 0 0 1 1 1 0 1 1 0 1 0 1 1 0 0 0 0 0 1 0 1 1 0 0 0 1 1 0 0
270	1	1 1 1 1 1 1 1 1 1 1 0 0 0 1 0 0 1 0 0 1 0 0 0 1 0 1 0 1 1 0 1 0 1 1 0 0 0 0 0 1 0 0 1 0 1 0 1 0 0 0
270	2	1 1 1 1 1 1 1 1 1 1 0 0 0 1 0 0 1 0 0 1 0 0 0 1 1 1 0 1 1 0 1 0 1 1 0 0 0 0 0 1 0 0 1 0 1 0 1 0 0 0
270	10	1 1 1 1 1 1 1 1 1 1 0 0 0 1 0 0 1 0 0 1 0 0 0 1 1 1 0 1 1 0 1 0 1 1 0 0 0 0 0 1 0 1 1 0 1 0 1 0 0 0
270	7	1 1 1 1 1 1 1 1 1 1 0 0 0 1 1 0 1 0 0 1 0 0 0 1 1 1 0 1 0 0 1 0 1 1 0 0 0 0 0 1 0 1 0 0 1 0 1 1 0 0
270	2	1 1 1 1 1 1 1 1 1 1 0 0 0 1 0 0 1 0 1 1 0 0 0 1 1 1 0 1 1 0 1 0 1 0 0 0 0 0 0 1 0 1 1 0 1 0 0 1 0 0
270	1	1 1 1 1 1 1 1 1 1 1 0 0 0 1 0 0 1 1 1 1 0 0 0 1 1 1 0 1 1 0 1 0 1 1 0 0 0 0 0 1 0 1 1 0 1 0 0 1 0 0
270	1	1 1 1 1 1 1 1 1 1 1 0 0 0 1 0 0 1 0 1 1 0 0 0 1 1 1 0 1 1 0 1 0 1 1 0 0 0 0 0 1 0 1 1 0 1 0 0 1 0 0
280	5	1 1 1 1 1 1 1 1 1 1 0 0 0 1 0 0 1 0 0 1 0 0 0 1 1 1 0 0 1 0 1 0 1 1 0 0 0 0 0 1 0 1 0 0 1 0 0 1 0 0
280	1	1 1 1 1 1 1 1 1 1 1 0 0 0 1 0 0 1 0 0 1 0 0 0 1 1 1 0 0 1 0 1 0 1 1 0 0 0 0 0 1 0 1 1 0 1 0 0 1 0 0
280	1	1 1 1 1 1 1 1 1 1 1 0 0 0 0 1 0 1 0 0 1 0 0 0 1 1 1 0 1 1 0 1 0 1 1 0 0 0 0 0 1 0 0 1 0 0 0 1 1 0 0
280	2	1 1 1 1 0 1 1 1 1 1 0 0 0 0 0 0 1 0 0 1 0 0 0 1 1 1 0 1 1 0 1 0 1 1 0 0 0 0 0 1 0 0 1 0 0 0 1 1 0 0
280	2	1 1 1 1 1 1 1 1 1 1 0 0 0 0 0 0 1 0 0 1 0 0 0 1 1 1 0 1 1 0 1 0 1 1 0 0 0 0 0 1 0 1 1 0 0 0 1 1 0 0
280	4	1 1 1 1 1 1 0 1 1 1 0 0 0 0 0 0 1 0 0 1 0 0 0 1 1 1 0 1 1 0 1 0 1 1 0 0 0 0 0 1 0 0 1 0 0 0 1 1 0 0
280	34	1 1 1 1 1 1 1 1 1 1 0 0 0 0 0 0 1 0 0 1 0 0 0 1 1 1 0 1 1 0 1 0 1 1 0 0 0 0 0 1 0 0 1 0 0 0 1 1 0 0
280	4	1 1 1 1 1 1 1 1 1 1 0 0 0 0 0 0 1 0 0 1 0 0 0 1 1 1 0 1 1 0 1 0 1 1 1 0 0 0 0 1 0 0 1 0 0 0 1 1 0 0
280	10	1 1 1 1 1 1 1 1 1 1 0 0 0 1 0 0 1 0 0 1 0 0 0 1 1 1 0 1 1 0 1 0 1 1 0 0 0 0 0 1 0 0 1 0 0 0 1 1 0 0
280	1	1 1 1 0 1 1 1 1 1 1 0 0 0 1 0 0 1 0 0 1 0 0 0 1 1 1 0 1 1 0 1 0 1 1 0 0 0 0 0 1 0 1 1 0 0 0 1 1 0 0
280	20	1 1 1 1 1 1 1 1 1 1 0 0 0 1 0 0 1 0 0 1 0 0 0 1 1 1 0 1 1 0 1 0 1 1 0 0 0 0 0 1 0 1 1 0 0 0 1 1 0 0
280	3	1 1 1 1 1 1 1 1 1 1 0 0 0 1 0 0 1 0 0 1 0 0 0 1 1 1 0 1 1 0 1 0 1 1 0 0 0 0 0 1 0 0 1 0 1 0 1 0 0 0
280	1	1 1 1 1 1 1 1 1 1 1 0 0 0 1 0 0 1 0 0 1 0 0 0 1 1 1 0 1 1 0 1 0 0 1 0 0 0 0 0 1 0 1 1 0 1 0 1 0 0 0
280	4	1 1 1 1 1 1 1 1 1 1 0 0 0 1 0 0 1 0 0 1 0 0 0 1 1 1 0 1 1 0 1 0 1 1 0 0 0 0 0 1 0 1 1 0 1 0 1 0 0 0
280	2	1 1 1 1 1 1 1 1 1 1 0 0 0 1 1 0 1 0 0 1 0 0 0 1 1 1 0 1 0 0 1 0 1 1 0 0 0 0 0 1 0 1 0 0 1 0 1 1 0 0
280	1	1 1 1 1 1 1 1 1 1 1 0 0 0 1 0 0 1 0 0 1 0 0 0 1 1 1 0 1 1 0 1 0 1 1 0 0 0 0 0 1 0 1 0 0 1 0 1 1 0 0
280	1	1 1 1 1 1 1 1 1 1 1 0 0 0 1 0 0 1 0 1 1 0 0 0 1 1 1 0 1 1 0 1 0 1 0 0 0 0 0 0 1 0 1 1 0 1 0 0 1 0 0
280	3	1 1 1 1 1 1 1 1 1 1 0 0 0 1 0 0 1 1 1 1 0 0 0 1 1 1 0 1 1 0 1 0 1 1 0 0 0 0 0 1 0 1 1 0 1 0 0 1 0 0
280	1	1 1 1 1 1 1 1 1 1 1 0 0 0 1 0 0 1 0 1 1 0 0 0 1 1 1 0 1 1 0 1 0 1 1 0 0 0 0 0 1 0 1 1 0 1 0 0 1 0 0
290	1	1 1 1 1 1 1 1 1 1 1 0 0 0 1 0 0 1 0 0 1 0 0 0 1 1 1 0 0 1 0 1 0 1 1 0 0 0 0 0 1 0 1 0 0 1 0 0 1 0 0
290	4	1 1 1 1 1 1 1 1 1 1 0 0 0 1 0 0 1 0 0 1 0 0 0 1 1 1 0 0 1 0 1 0 1 1 0 0 0 0 0 1 0 1 1 0 1 0 0 1 0 0
290	2	1 1 1 1 1 1 1 1 1 1 0 0 0 0 1 0 1 0 0 1 0 0 0 1 1 1 0 1 1 0 1 0 1 1 0 0 0 0 0 1 0 0 1 0 0 0 1 1 0 0
290	1	1 1 1 1 1 1 1 1 1 1 0 1 0 0 0 0 1 0 0 1 0 0 0 1 1 1 0 1 1 0 1 0 1 1 0 0 0 0 0 1 0 0 1 0 0 0 1 1 0 0
290	1	1 1 1 1 0 1 1 1 1 1 0 0 0 0 0 0 1 0 0 1 0 0 0 1 1 1 0 1 1 0 1 0 1 1 0 0 0 0 0 1 0 0 1 0 0 0 1 1 0 0
290	2	1 1 1 1 1 1 1 1 1 1 0 0 0 0 0 0 1 0 0 1 0 0 0 1 1 1 0 1 1 0 1 0 1 1 0 0 0 0 0 1 0 1 1 0 0 0 1 1 0 0
290	1	1 1 1 1 1 1 0 1 1 1 0 0 0 0 0 0 1 0 0 1 0 0 0 1 1 1 0 1 1 0 1 0 1 1 0 0 0 0 0 1 0 0 1 0 0 0 1 1 0 0
290	1	1 1 1 1 1 1 1 1 1 1 0 0 0 0 0 0 1 0 0 1 0 0 0 1 1 1 0 1 1 0 1 0 1 1 0 0 0 0 0 0 0 0 1 0 0 0 1 1 0 0
290	40	1 1 1 1 1 1 1 1 1 1 0 0 0 0 0 0 1 0 0 1 0 0 0 1 1 1 0 1 1 0 1 0 1 1 0 0 0 0 0 1 0 0 1 0 0 0 1 1 0 0
290	4	1 1 1 1 1 1 1 1 1 1 0 0 0 0 0 0 1 0 0 1 0 0 0 1 1 1 0 1 1 0 1 0 1 1 0 0 0 0 0 1 0 1 1 0 0 0 0 1 0 0
290	6	1 1 1 1 1 1 1 1 1 1 0 0 0 0 0 0 1 0 0 1 0 0 0 1 1 1 0 1 1 0 1 0 1 1 1 0 0 0 0 1 0 0 1 0 0 0 1 1 0 0
290	1	1 1 1 1 1 1 1 1 1 1 0 0 0 1 0 0 1 0 0 1 0 0 0 1 1 1 0 1 1 0 1 0 1 1 0 0 0 0 0 1 0 0 0 0 0 0 1 1 0 0
290	1	1 1 1 1 1 1 1 1 1 1 0 0 0 1 0 0 1 0 0 1 0 0 0 1 1 1 0 1 0 0 1 0 1 1 0 0 0 0 0 1 0 0 1 0 0 0 1 1 0 0
290	11	1 1 1 1 1 1 1 1 1 1 0 0 0 1 0 0 1 0 0 1 0 0 0 1 1 1 0 1 1 0 1 0 1 1 0 0 0 0 0 1 0 0 1 0 0 0 1 1 0 0
290	1	1 1 1 1 1 0 1 1 1 1 0 0 0 1 0 0 1 0 0 1 0 0 0 1 1 1 0 1 1 0 1 0 1 1 0 0 0 0 0 1 0 1 1 0 0 0 1 1 0 0
290	9	1 1 1 1 1 1 1 1 1 1 0 0 0 1 0 0 1 0 0 1 0 0 0 1 1 1 0 1 1 0 1 0 1 1 0 0 0 0 0 1 0 1 1 0 0 0 1 1 0 0
290	1	1 1 1 1 1 1 1 1 1 1 0 0 0 1 0 0 1 0 0 1 0 0 0 1 1 1 0 1 1 0 1 0 0 1 0 0 0 0 0 1 0 1 1 0 1 0 1 0 0 0
290	4	1 1 1 1 1 1 1 1 1 1 0 0 0 1 0 0 1 0 0 1 0 0 0 1 1 1 0 1 1 0 1 0 1 1 0 0 0 0 0 1 0 1 1 0 1 0 1 0 0 0
290	4	1 1 1 1 1 1 1 1 1 1 0 0 0 1 1 0 1 0 0 1 0 0 0 1 1 1 0 1 0 0 1 0 1 1 0 0 0 0 0 1 0 1 0 0 1 0 1 1 0 0
290	1	1 1 1 1 1 1 1 1 1 1 0 0 0 1 0 0 1 0 0 1 0 0 0 1 1 1 0 1 1 0 1 0 1 1 0 0 0 0 0 1 0 1 0 0 1 0 1 1 0 0
290	1	1 1 1 1 1 1 1 1 1 1 0 0 0 1 0 0 1 0 1 1 0 0 0 1 1 1 0 1 1 0 1 0 1 0 0 0 0 0 0 1 0 1 1 0 1 0 0 1 0 0
290	3	1 1 1 1 1 1 1 1 1 1 0 0 0 1 0 0 1 1 1 1 0 0 0 1 1 1 0 1 1 0 1 0 1 1 0 0 0 0 0 1 0 1 1 0 1 0 0 1 0 0
300	6	1 1 1 1 1 1 1 1 1 1 0 0 0 1 0 0 1 0 0 1 0 0 0 1 1 1 0 0 1 0 1 0 1 1 0 0 0 0 0 1 0 1 0 0 1 0 0 1 0 0
300	1	1 1 1 1 1 1 1 1 1 1 0 0 0 1 0 0 1 0 0 1 0 0 0 1 1 1 0 0 1 0 1 0 1 1 0 0 0 0 0 1 0 1 1 0 1 0 0 1 0 0
300	1	1 1 1 1 1 1 1 1 1 1 0 0 0 0 1 0 1 0 0 1 0 0 0 1 1 1 1 1 1 0 1 0 1 1 0 0 0 0 0 1 0 0 1 0 0 0 1 1 0 0
300	1	1 1 1 1 1 1 1 1 1 1 0 0 0 0 1 0 1 0 0 1 0 0 0 1 1 1 0 1 1 0 1 0 1 1 0 0 0 0 0 1 0 0 1 0 0 0 1 1 0 0
300	1	1 1 1 1 1 1 0 1 1 1 0 0 0 0 0 0 1 0 0 1 0 0 0 1 1 1 0 1 1 0 1 0 1 1 0 0 0 0 0 1 0 0 1 0 0 0 1 1 0 0
300	1	1 1 1 1 1 1 1 1 1 1 0 0 0 0 0 0 1 0 0 1 0 0 0 1 0 1 0 1 1 0 1 0 1 1 0 0 0 0 0 1 0 0 1 0 0 0 1 1 0 0
300	1	1 1 1 1 1 1 1 1 1 1 0 0 0 0 0 0 1 0 1 1 0 0 0 1 1 1 0 1 1 0 1 0 1 1 0 0 0 0 0 1 0 0 1 0 0 0 1 1 0 0
300	58	1 1 1 1 1 1 1 1 1 1 0 0 0 0 0 0 1 0 0 1 0 0 0 1 1 1 0 1 1 0 1 0 1 1 0 0 0 0 0 1 0 0 1 0 0 0 1 1 0 0
300	3	1 1 1 1 1 1 1 1 1 1 0 0 0 0 0 0 1 0 0 1 0 0 0 1 1 1 0 1 1 0 1 0 1 1 1 0 0 0 0 1 0 0 1 0 0 0 1 1 0 0
300	1	1 1 1 1 1 1 1 1 1 1 0 0 0 1 0 0 1 0 0 1 0 0 0 1 1 1 0 1 1 0 1 0 1 1 0 0 0 0 0 1 0 0 0 0 0 0 1 1 0 0
300	1	1 1 1 1 1 1 1 0 1 1 0 0 0 1 0 0 1 0 0 1 0 0 0 1 1 1 0 1 1 0 1 0 1 1 0 0 0 0 0 1 0 0 1 0 0 0 1 1 0 0
300	4	1 1 1 1 1 1 1 1 1 1 0 0 0 1 0 0 1 0 0 1 0 0 0 1 1 1 0 1 1 0 1 0 1 1 0 0 0 0 0 1 0 0 1 0 0 0 1 1 0 0
300	16	1 1 1 1 1 1 1 1 1 1 0 0 0 1 0 0 1 0 0 1 0 0 0 1 1 1 0 1 1 0 1 0 1 1 0 0 0 0 0 1 0 1 1 0 0 0 1 1 0 0
300	1	1 1 1 1 1 1 1 1 1 1 0 0 0 1 0 0 1 0 0 1 0 0 0 1 1 1 0 1 1 0 1 0 0 1 0 0 0 0 0 1 0 1 1 0 1 0 0 0 0 0
300	2	1 1 1 1 1 1 1 1 1 1 0 0 0 1 0 0 1 0 0 1 0 0 0 1 1 1 0 1 1 0 1 0 1 1 0 0 0 0 0 1 0 1 1 0 1 0 1 0 0 0
300	1	1 1 1 1 1 0 1 1 1 1 0 0 0 1 0 0 1 0 0 1 0 0 0 1 1 1 0 1 1 0 1 0 1 1 0 0 0 0 0 1 0 1 0 0 1 0 1 1 0 0
300	1	1 1 1 1 1 1 1 1 1 1 0 0 1 1 0 0 1 0 0 1 0 0 0 1 1 1 0 1 1 0 1 0 1 1 0 0 0 0 0 1 0 1 0 0 1 0 1 1 0 0
310	9	1 1 1 1 1 1 1 1 1 1 0 0 0 1 0 0 1 0 0 1 0 0 0 1 1 1 0 0 1 0 1 0 1 1 0 0 0 0 0 1 0 1 0 0 1 0 0 1 0 0
310	1	1 1 1 1 1 1 1 1 1 1 0 0 0 0 0 0 1 0 0 1 0 0 0 1 1 1 0 1 1 0 1 0 1 1 0 0 0 0 0 1 0 1 1 0 0 0 1 1 0 0
310	2	1 1 1 1 1 1 1 1 1 1 0 0 0 0 0 0 1 0 0 1 0 0 0 1 1 1 0 1 1 0 1 0 1 1 1 0 0 0 0 0 0 0 1 0 0 0 1 1 0 0
310	1	1 1 1 1 1 1 1 1 1 1 0 0 0 0 0 0 1 0 0 1 0 0 0 1 1 1 0 1 1 0 1 0 1 1 0 0 0 0 0 0 0 0 1 0 0 0 1 1 0 0
310	2	1 1 1 1 1 1 1 1 1 1 0 0 0 0 0 0 1 0 1 1 0 0 0 1 1 1 0 1 1 0 0 0 1 1 0 0 0 0 0 1 0 0 1 0 0 0 1 1 0 0
310	1	1 1 1 1 1 1 1 1 1 1 0 0 0 0 0 0 1 0 0 1 0 0 0 1 0 1 0 1 1 0 1 0 1 1 0 0 0 0 0 1 0 0 1 0 0 0 1 1 0 0
310	1	1 1 1 1 1 1 1 1 1 1 0 0 0 0 0 0 1 0 0 1 0 0 0 1 1 1 0 0 1 0 1 0 1 1 0 0 0 0 0 1 0 0 1 0 0 0 1 1 0 0
310	1	1 1 1 1 1 1 1 1 1 1 0 0 0 0 0 1 1 0 0 1 0 0 0 1 1 1 0 1 1 0 1 0 1 1 0 0 0 0 0 1 0 0 1 0 0 0 1 1 0 0
310	1	1 1 1 1 1 1 1 1 1 1 0 0 0 0 0 0 1 0 1 1 0 0 0 1 1 1 0 1 1 0 1 0 1 1 0 0 0 0 0 1 0 0 1 0 0 0 1 1 0 0
310	1	1 1 1 1 1 1 1 1 0 1 0 0 0 0 0 0 1 0 0 1 0 0 0 1 1 1 0 1 1 0 1 0 1 1 1 0 0 0 0 1 0 0 1 0 0 0 1 1 0 0
310	2	1 1 1 1 1 1 1 1 1 1 0 0 0 0 0 0 1 0 0 1 0 0 0 1 1 1 0 1 1 0 1 0 1 1 1 0 0 0 0 1 0 0 1 0 0 0 1 1 0 0
310	1	1 1 1 1 1 1 1 1 1 1 0 0 0 0 0 0 1 0 0 1 0 0 0 1 1 1 0 1 1 0 1 0 1 0 0 0 0 0 0 1 0 0 1 0 0 0 1 1 0 0
310	57	1 1 1 1 1 1 1 1 1 1 0 0 0 0 0 0 1 0 0 1 0 0 0 1 1 1 0 1 1 0 1 0 1 1 0 0 0 0 0 1 0 0 1 0 0 0 1 1 0 0
310	1	1 1 1 1 1 1 1 0 1 1 0 0 0 1 0 0 1 0 0 1 0 0 0 1 1 1 0 1 1 0 1 0 1 1 0 0 0 0 0 1 0 0 1 0 0 0 1 1 0 0
310	4	1 1 1 1 1 1 1 1 1 1 0 0 0 1 0 0 1 0 0 1 0 0 0 1 1 1 0 1 1 0 1 0 1 1 0 0 0 0 0 1 0 0 1 0 0 0 1 1 0 0
310	1	1 1 1 1 1 1 1 1 1 1 0 0 0 1 0 0 1 0 0 1 0 0 0 1 1 1 0 1 1 0 1 0 1 1 0 0 0 0 0 1 0 1 1 0 1 0 1 1 0 0
310	11	1 1 1 1 1 1 1 1 1 1 0 0 0 1 0 0 1 0 0 1 0 0 0 1 1 1 0 1 1 0 1 0 1 1 0 0 0 0 0 1 0 1 1 0 0 0 1 1 0 0
310	2	1 1 1 1 1 1 1 1 1 1 0 0 0 1 0 0 1 0 0 1 0 0 0 1 1 1 0 1 1 0 1 0 0 1 0 0 0 0 0 1 0 1 1 0 1 0 0 0 0 0
310	1	1 1 1 1 1 1 1 1 1 1 0 0 0 1 0 0 1 0 0 1 0 0 0 1 1 1 0 1 1 0 1 0 1 1 0 0 0 0 0 1 0 1 1 0 1 0 1 0 0 0
