10	5	1 0 1 0 0 0 0 0 0 0
10	16	1 0 1 0 0 0 0 1 0 0
10	2	1 0 1 0 0 1 0 1 0 0
10	1	1 1 1 0 0 0 0 1 0 0
10	16	1 1 0 1 1 0 0 0 0 0
10	34	1 1 0 1 1 0 0 1 0 0
10	1	1 1 1 0 0 0 0 0 1 1
10	1	1 0 1 0 0 0 0 0 1 0
10	24	1 0 1 0 0 0 0 0 1 1
20	1	0 0 1 0 0 0 0 1 0 0
20	13	1 0 1 0 0 0 0 1 0 0
20	2	1 0 1 0 0 1 0 1 0 0
20	5	1 1 1 0 0 0 0 1 0 0
20	3	1 0 0 1 1 0 0 1 0 0
20	1	1 1 0 1 1 1 0 1 0 0
20	2	1 1 1 1 1 0 0 0 0 0
20	14	1 1 0 1 1 0 0 1 0 0
20	51	1 1 0 1 1 0 0 0 0 0
20	1	1 1 0 1 1 0 0 0 1 0
20	2	1 1 1 1 1 0 0 1 0 0
20	5	1 0 1 0 0 0 0 0 1 1
30	1	1 1 1 0 0 0 0 0 0 0
30	3	1 0 1 0 0 0 0 1 0 0
30	3	1 1 1 0 0 0 0 1 0 0
30	4	1 0 0 1 1 0 0 1 0 0
30	3	1 1 0 1 0 0 0 0 0 0
30	5	1 1 1 1 1 0 0 0 0 0
30	4	1 1 1 1 1 0 0 1 0 0
30	12	1 1 0 1 1 0 0 1 0 0
30	1	1 1 0 1 1 1 0 0 0 0
30	1	1 1 0 0 1 0 0 0 0 0
30	62	1 1 0 1 1 0 0 0 0 0
30	1	1 0 1 0 0 0 0 0 1 1
40	6	1 1 1 0 0 0 0 0 0 0
40	1	1 1 1 0 0 0 0 1 0 0
40	1	1 0 0 1 1 0 0 1 0 0
40	1	1 1 0 1 0 0 0 0 0 0
40	4	1 1 0 1 1 0 0 1 0 0
40	73	1 1 0 1 1 0 0 0 0 0
40	5	1 1 1 1 1 0 0 1 0 0
40	8	1 1 1 1 1 0 0 0 0 0
40	1	1 1 0 1 1 0 1 1 0 0
50	5	1 1 1 0 0 0 0 0 0 0
50	2	1 1 0 1 0 0 0 0 0 0
50	4	1 1 0 1 1 0 0 1 0 0
50	1	1 1 0 1 1 0 1 0 0 0
50	38	1 1 1 1 1 0 0 0 0 0
50	48	1 1 0 1 1 0 0 0 0 0
50	1	1 1 0 1 1 0 0 0 1 0
50	1	1 1 0 1 1 1 0 0 0 0
60	2	1 1 1 0 0 0 0 0 0 0
60	4	1 1 0 1 0 0 0 0 0 0
60	32	1 1 0 1 1 0 0 0 0 0
60	1	1 1 1 1 1 0 0 0 1 0
60	1	1 1 1 1 0 0 0 0 0 0
60	2	1 1 1 1 1 0 0 0 0 1
60	55	1 1 1 1 1 0 0 0 0 0
60	2	1 1 0 1 0 1 0 0 0 0
60	1	1 1 0 1 1 1 0 0 0 0
70	1	1 1 0 1 0 0 0 0 0 1
70	7	1 1 0 1 0 0 0 0 0 0
70	28	1 1 0 1 1 0 0 0 0 0
70	1	1 1 1 1 1 1 0 0 0 0
70	1	0 1 1 1 1 0 0 0 0 0
70	1	1 1 1 1 1 0 0 0 1 0
70	61	1 1 1 1 1 0 0 0 0 0
