10	1	0 1 1 0 0 1 0 0 1 0 0 1 1 0 0 1 1 1 0 1 1 0 0 1 1 0 1 0 1 1 1 0 1 1 1 1 0 1 1 0 0 1 0 1 0 0 1 0 1 0
10	1	1 1 1 0 0 1 0 0 1 0 0 1 1 0 0 1 1 1 0 1 1 0 0 1 1 0 1 0 1 1 1 0 1 1 1 1 0 1 1 0 0 1 1 1 0 0 1 0 1 0
10	1	0 1 1 0 0 1 0 0 1 0 0 0 1 0 0 1 1 1 0 1 1 0 0 1 1 0 1 0 1 1 1 0 1 1 1 1 0 1 1 0 0 1 1 1 0 0 1 0 1 0
10	15	0 1 1 0 0 1 0 0 1 0 0 1 1 0 0 1 1 1 0 1 1 0 0 1 1 0 1 0 1 1 1 0 1 1 1 1 0 1 1 0 0 1 1 1 0 0 1 0 1 0
10	1	1 1 0 0 1 1 1 1 0 1 1 1 1 0 0 0 1 1 0 0 1 0 1 1 0 1 0 0 1 1 1 1 0 1 0 1 1 0 0 1 0 0 1 0 0 0 0 0 1 0
10	2	1 1 0 0 1 0 1 1 0 1 1 1 1 0 0 0 1 1 0 0 1 0 1 1 0 1 0 0 1 1 1 1 0 1 0 1 1 0 0 1 0 0 1 0 0 0 0 0 1 0
10	3	1 1 0 0 1 0 1 1 0 1 1 1 1 0 0 0 1 1 0 0 1 0 1 1 0 1 1 0 1 1 1 1 0 1 0 1 1 0 0 1 0 0 0 0 0 0 0 0 1 0
10	1	1 1 0 0 1 0 1 1 0 1 1 1 1 0 0 0 1 1 0 0 1 0 1 1 0 1 0 0 1 1 1 1 1 1 0 1 1 0 0 1 0 0 0 0 0 0 0 0 1 0
10	18	1 1 0 0 1 0 1 1 0 1 1 1 1 0 0 0 1 1 0 0 1 0 1 1 0 1 0 0 1 1 1 1 0 1 0 1 1 0 0 1 0 0 0 0 0 0 0 0 1 0
10	6	1 0 0 1 1 1 1 0 0 1 1 0 1 1 0 0 1 0 1 0 0 1 0 0 1 1 1 1 1 1 1 0 0 1 0 1 0 0 0 1 0 0 1 1 0 0 1 0 1 1
10	18	1 0 0 1 1 1 1 0 0 1 1 0 1 1 0 0 1 0 1 0 0 1 0 0 1 1 1 1 1 1 1 0 0 1 0 1 0 0 0 1 0 1 1 1 0 0 1 0 1 1
10	16	0 1 1 1 1 0 0 0 1 0 0 0 1 0 0 0 0 0 0 1 0 0 1 1 1 1 0 1 0 1 0 1 1 0 0 0 0 0 1 0 0 0 1 0 1 1 1 0 0 1
10	1	1 0 0 0 1 0 0 0 1 0 0 1 0 1 1 1 0 0 0 0 0 0 0 1 1 1 1 1 1 1 0 0 1 1 0 1 0 1 0 1 1 0 1 1 0 1 0 0 1 0
10	16	1 0 0 0 1 0 0 0 1 0 0 1 0 1 1 1 0 0 0 0 0 0 0 1 1 1 1 1 1 1 0 0 1 1 0 1 0 1 0 1 1 0 1 0 0 1 0 0 1 0
20	3	0 1 1 0 0 1 0 0 1 0 0 1 1 0 0 1 1 1 0 1 1 0 0 1 1 0 1 0 1 1 1 0 1 1 1 1 0 1 1 0 0 1 1 1 0 0 1 0 1 0
20	7	1 1 0 0 1 1 1 1 0 1 1 1 1 0 0 0 1 1 0 0 1 0 1 1 0 1 0 0 1 1 1 1 0 1 0 1 1 0 0 1 0 0 1 0 0 0 0 0 1 0
20	12	1 1 0 0 1 0 1 1 0 1 1 1 1 0 0 0 1 1 0 0 1 0 1 1 0 1 0 0 1 1 1 1 0 1 0 1 1 0 0 1 0 0 1 0 0 0 0 0 1 0
20	30	1 1 0 0 1 0 1 1 0 1 1 1 1 0 0 0 1 1 0 0 1 0 1 1 0 1 1 0 1 1 1 1 0 1 0 1 1 0 0 1 0 0 0 0 0 0 0 0 1 0
20	4	1 1 0 0 1 0 1 1 0 1 1 1 1 0 0 0 1 1 0 0 1 0 1 1 0 1 1 0 1 1 1 1 0 1 0 1 1 0 0 1 0 0 0 1 0 0 0 0 1 0
20	1	1 1 0 0 1 0 1 1 0 1 1 1 1 0 1 0 1 1 0 0 1 0 1 1 0 1 1 0 1 1 1 1 0 1 0 1 1 0 0 1 0 0 0 0 0 0 0 0 1 0
20	5	1 1 0 0 1 0 1 1 0 1 1 1 1 0 0 0 1 1 0 0 1 0 1 1 0 1 0 0 1 1 1 1 0 1 0 1 1 0 0 1 0 0 0 0 0 0 0 0 1 0
20	1	1 1 0 0 1 0 1 1 0 1 1 1 1 0 0 0 1 0 0 0 1 0 1 1 0 1 0 0 1 1 1 1 0 1 0 1 1 0 0 1 0 0 0 0 0 0 0 0 1 0
20	1	1 1 0 0 1 0 1 1 0 1 1 1 1 0 0 0 1 1 0 0 1 0 1 1 1 1 0 0 1 1 1 1 1 1 0 1 1 0 0 1 0 0 0 0 0 0 0 0 1 0
20	24	1 1 0 0 1 0 1 1 0 1 1 1 1 0 0 0 1 1 0 0 1 0 1 1 0 1 0 0 1 1 1 1 1 1 0 1 1 0 0 1 0 0 0 0 0 0 0 0 1 0
20	1	1 0 0 0 1 1 1 0 0 1 1 0 1 1 0 0 1 0 1 0 0 1 0 0 1 1 1 1 1 1 1 0 0 1 0 1 0 0 0 1 0 1 1 1 0 0 1 0 1 1
20	3	1 0 0 1 1 1 1 0 0 1 1 0 1 1 0 0 1 0 1 0 0 1 0 0 1 1 1 1 1 1 1 0 0 1 0 1 0 0 0 1 0 1 1 1 0 0 1 0 1 1
20	4	0 1 1 1 1 0 0 0 1 0 0 0 1 0 0 0 0 0 0 1 0 0 1 1 1 1 0 1 0 1 0 1 1 0 0 0 0 0 1 0 0 0 1 0 1 1 1 0 0 1
20	4	1 0 0 0 1 0 0 0 1 0 0 1 0 1 1 1 0 0 0 0 0 0 0 1 1 1 1 1 1 1 0 0 1 1 0 1 0 1 0 1 1 0 1 0 0 1 0 0 1 0
30	13	1 1 0 0 1 1 1 1 0 1 1 1 1 0 0 0 1 1 0 0 1 0 1 1 0 1 0 0 1 1 1 1 0 1 0 1 1 0 0 1 0 0 1 0 0 0 0 0 1 0
30	1	1 1 0 0 1 0 1 1 0 1 1 1 1 0 0 0 1 1 0 0 1 0 1 1 0 1 0 0 1 1 1 1 0 1 1 1 1 0 0 1 0 0 1 0 0 0 0 0 1 0
30	10	1 1 0 0 1 0 1 1 0 1 1 1 1 0 0 0 1 1 0 0 1 0 1 1 0 1 0 0 1 1 1 1 0 1 0 1 1 0 0 1 0 0 1 0 0 0 0 0 1 0
30	3	1 1 0 0 1 0 1 1 0 1 1 1 1 0 0 0 1 1 0 0 1 0 1 1 0 1 1 0 1 1 1 1 0 1 0 1 1 0 0 1 0 0 0 0 1 0 0 0 1 0
30	1	1 1 0 0 1 1 1 1 1 1 1 1 1 0 0 0 1 1 0 0 1 0 1 1 0 1 1 0 1 1 1 1 0 1 0 1 1 0 0 1 0 0 0 0 0 0 0 0 1 0
30	1	1 1 0 0 1 0 1 1 1 1 1 1 1 0 0 0 1 1 0 0 1 0 1 1 0 1 1 0 1 1 1 1 0 1 0 1 1 0 0 1 0 0 0 0 0 0 0 0 1 0
30	9	1 1 0 0 1 0 1 1 0 1 1 1 1 0 0 0 1 1 0 0 1 0 1 1 0 1 0 0 1 1 1 1 0 1 0 1 1 0 0 1 0 0 0 0 0 0 0 0 1 0
30	1	1 0 0 0 1 0 1 1 0 1 1 1 1 0 0 0 1 1 0 0 1 0 1 1 0 1 1 0 1 1 1 1 0 1 0 1 1 0 0 1 0 0 0 0 0 0 0 0 1 0
30	27	1 1 0 0 1 0 1 1 0 1 1 1 1 0 0 0 1 1 0 0 1 0 1 1 0 1 1 0 1 1 1 1 0 1 0 1 1 0 0 1 0 0 0 0 0 0 0 0 1 0
30	3	1 1 0 0 1 0 1 1 0 1 1 1 1 0 0 0 1 1 0 0 1 0 1 1 0 1 1 0 1 1 1 1 0 1 0 1 1 0 0 1 0 0 0 1 0 0 0 0 1 0
30	6	1 1 0 0 1 0 1 1 0 1 1 1 1 0 1 0 1 1 0 0 1 0 1 1 0 1 1 0 1 1 1 1 0 1 0 1 1 0 0 1 0 0 0 0 0 0 0 0 1 0
30	4	1 1 0 0 1 0 1 1 0 1 1 1 1 0 0 0 1 0 0 0 1 0 1 1 0 1 0 0 1 1 1 1 0 1 0 1 1 0 0 1 0 0 0 0 0 0 0 0 1 0
30	1	1 1 0 0 1 0 1 1 0 1 1 1 1 0 0 0 1 1 0 0 1 0 1 1 0 1 0 0 1 1 1 1 1 1 0 0 1 0 0 1 0 0 0 0 0 0 0 0 1 0
30	2	1 1 0 0 1 0 1 1 0 1 0 1 1 0 0 0 1 1 0 0 1 0 1 1 0 1 0 0 1 1 1 1 1 1 0 1 1 0 0 1 0 0 0 0 0 0 0 0 1 0
30	1	1 1 0 0 1 0 1 1 0 1 1 1 1 0 0 0 1 1 0 0 1 0 1 0 0 1 0 0 1 1 1 1 1 1 0 1 1 0 0 1 0 0 0 0 0 0 0 0 1 0
30	16	1 1 0 0 1 0 1 1 0 1 1 1 1 0 0 0 1 1 0 0 1 0 1 1 0 1 0 0 1 1 1 1 1 1 0 1 1 0 0 1 0 0 0 0 0 0 0 0 1 0
30	1	1 0 0 1 1 1 1 0 0 1 1 0 1 1 0 0 1 0 1 0 0 1 0 0 1 1 1 1 0 1 1 0 0 1 0 1 0 0 0 1 0 0 1 1 0 0 1 0 1 1
40	1	1 1 0 0 1 1 1 1 0 1 1 1 1 0 0 0 1 1 0 0 1 0 1 1 0 1 0 0 1 1 1 1 0 1 0 1 1 0 0 1 0 0 1 0 0 0 0 0 1 1
40	7	1 1 0 0 1 1 1 1 0 1 1 1 1 0 0 0 1 1 0 0 1 0 1 1 0 1 0 0 1 1 1 1 0 1 0 1 1 0 0 1 0 0 1 0 0 0 0 0 1 0
40	1	1 1 0 0 1 0 1 1 0 1 1 1 1 0 0 0 1 1 0 0 1 0 1 1 0 1 0 0 1 1 1 1 0 1 0 1 1 0 0 1 0 0 1 0 0 0 0 0 0 0
40	2	1 1 0 0 1 0 1 1 0 1 1 1 1 0 0 0 1 1 0 0 1 0 1 1 0 1 0 0 1 1 1 1 0 1 0 1 1 0 0 1 0 0 1 0 0 0 0 0 1 0
40	2	1 1 0 0 1 1 1 1 1 1 1 1 1 0 0 0 1 1 0 0 1 0 1 1 0 1 1 0 1 1 1 1 0 1 0 1 1 0 0 1 0 0 0 0 0 0 0 0 1 0
40	9	1 1 0 0 1 0 1 1 1 1 1 1 1 0 0 0 1 1 0 0 1 0 1 1 0 1 1 0 1 1 1 1 0 1 0 1 1 0 0 1 0 0 0 0 0 0 0 0 1 0
40	1	1 1 0 0 1 0 1 1 0 1 1 1 1 0 0 0 1 1 0 0 1 0 1 0 0 1 0 0 1 1 1 1 0 1 0 1 1 0 0 1 0 0 0 0 0 0 0 0 1 0
40	1	1 1 0 0 1 0 1 1 0 1 1 1 1 0 0 0 1 0 0 0 1 0 1 1 0 1 0 0 1 1 1 1 0 1 0 1 1 0 0 1 0 0 0 0 0 0 0 0 1 0
40	13	1 1 0 0 1 0 1 1 0 1 1 1 1 0 0 0 1 1 0 0 1 0 1 1 0 1 0 0 1 1 1 1 0 1 0 1 1 0 0 1 0 0 0 0 0 0 0 0 1 0
40	1	1 1 0 0 1 0 1 1 0 1 1 1 1 0 0 1 1 1 0 0 1 0 1 1 0 1 1 0 1 1 1 1 0 1 0 1 1 0 0 1 0 0 0 0 0 0 0 0 1 0
40	26	1 1 0 0 1 0 1 1 0 1 1 1 1 0 0 0 1 1 0 0 1 0 1 1 0 1 1 0 1 1 1 1 0 1 0 1 1 0 0 1 0 0 0 0 0 0 0 0 1 0
40	8	1 1 0 0 1 0 1 1 0 1 1 1 1 0 1 0 1 1 0 0 1 0 1 1 0 1 1 0 1 1 1 1 0 1 0 1 1 0 0 1 0 0 0 0 0 0 0 0 1 0
40	2	1 1 0 0 1 0 1 1 0 1 1 1 1 0 0 0 1 1 0 0 0 0 1 1 0 1 0 0 1 1 1 1 1 1 0 0 1 0 0 1 0 0 0 0 0 0 0 0 1 0
40	3	1 1 0 0 1 0 1 1 0 1 1 1 1 0 0 0 1 1 0 0 1 0 1 1 0 1 0 0 1 1 1 1 1 1 0 0 1 0 0 1 0 0 0 0 0 0 0 0 1 0
40	1	1 1 1 0 1 0 1 1 0 1 1 1 1 0 0 0 1 1 0 0 1 0 1 1 0 1 0 0 1 1 1 1 1 1 0 1 1 0 0 1 0 0 0 0 0 0 0 0 1 0
40	1	1 1 0 1 1 0 1 1 0 1 1 1 1 0 0 0 1 1 0 0 1 0 1 1 0 1 0 0 1 1 1 1 1 1 0 1 1 0 0 1 0 0 0 0 0 0 0 0 1 0
40	21	1 1 0 0 1 0 1 1 0 1 1 1 1 0 0 0 1 1 0 0 1 0 1 1 0 1 0 0 1 1 1 1 1 1 0 1 1 0 0 1 0 0 0 0 0 0 0 0 1 0
50	1	1 0 0 0 1 1 1 1 0 1 1 1 1 0 0 0 1 1 0 0 1 0 1 1 0 1 0 0 1 1 1 1 0 1 0 1 1 0 0 1 0 0 1 0 0 0 0 0 1 0
50	1	1 1 0 0 1 1 1 1 0 1 1 1 1 0 0 0 1 1 0 0 1 0 1 1 0 1 0 0 1 1 1 1 0 1 1 1 1 0 0 1 0 0 1 0 0 0 0 0 1 0
50	20	1 1 0 0 1 1 1 1 0 1 1 1 1 0 0 0 1 1 0 0 1 0 1 1 0 1 0 0 1 1 1 1 0 1 0 1 1 0 0 1 0 0 1 0 0 0 0 0 1 0
50	5	1 1 0 0 1 1 1 1 1 1 1 1 1 0 0 0 1 1 0 0 1 0 1 1 0 1 1 0 1 1 1 1 0 1 0 1 1 0 0 1 0 0 0 0 0 0 0 0 1 0
50	7	1 1 0 0 1 0 1 1 1 1 1 1 1 0 0 0 1 1 0 0 1 0 1 1 0 1 1 0 1 1 1 1 0 1 0 1 1 0 0 1 0 0 0 0 0 0 0 0 1 0
50	1	1 1 0 1 1 0 1 1 0 1 1 1 1 0 0 0 1 1 0 0 1 0 1 1 0 1 0 0 1 1 1 1 0 1 0 1 1 0 0 1 0 0 0 0 0 0 0 0 1 0
50	6	1 1 0 0 1 0 1 1 0 1 1 1 1 0 0 0 1 1 0 0 1 0 1 1 0 1 0 0 1 1 1 1 0 1 0 1 1 0 0 1 0 0 0 0 0 0 0 0 1 0
50	1	1 1 0 0 1 0 1 1 0 1 1 1 1 0 0 1 1 1 0 0 1 0 1 1 0 1 1 0 1 1 1 1 0 1 0 1 1 0 0 1 0 0 0 0 0 0 0 0 1 0
50	1	1 1 0 0 1 0 1 1 0 1 1 1 1 0 0 0 1 1 0 0 1 0 0 1 0 1 1 0 1 1 1 1 0 1 0 1 1 0 0 1 0 0 0 0 0 0 0 0 1 0
50	1	1 1 0 0 1 0 1 1 0 1 1 1 1 0 0 0 1 1 0 0 1 0 1 1 0 1 1 0 1 1 1 1 0 1 0 1 1 0 1 1 0 0 0 0 0 0 0 0 1 0
50	1	1 1 0 0 1 0 1 1 0 1 1 1 1 0 0 0 1 1 0 0 1 0 1 1 0 1 1 0 1 1 1 1 1 1 0 1 1 0 0 1 0 0 0 0 0 0 0 0 1 0
50	3	1 1 0 0 1 0 1 1 0 1 1 1 1 0 1 0 1 1 0 0 1 0 1 1 0 1 1 0 1 1 1 1 0 1 0 1 1 0 0 1 0 0 0 0 0 0 0 0 1 0
50	25	1 1 0 0 1 0 1 1 0 1 1 1 1 0 0 0 1 1 0 0 1 0 1 1 0 1 1 0 1 1 1 1 0 1 0 1 1 0 0 1 0 0 0 0 0 0 0 0 1 0
50	2	1 1 0 0 1 0 1 1 0 1 1 1 1 0 0 0 1 1 0 0 1 0 1 1 0 1 0 0 1 1 1 1 1 1 0 0 1 0 0 1 0 0 0 0 1 0 0 0 1 0
50	1	1 1 0 0 1 0 1 1 0 1 1 1 1 0 0 0 1 1 0 0 1 0 1 1 0 1 0 0 1 1 1 1 1 1 0 0 1 0 0 1 0 0 0 0 0 0 0 0 1 0
50	1	1 1 1 0 1 0 1 1 0 1 1 1 1 0 0 0 1 1 0 0 1 0 1 1 0 1 0 0 1 1 1 1 1 1 0 1 1 0 0 1 0 0 0 0 0 0 0 0 1 0
50	23	1 1 0 0 1 0 1 1 0 1 1 1 1 0 0 0 1 1 0 0 1 0 1 1 0 1 0 0 1 1 1 1 1 1 0 1 1 0 0 1 0 0 0 0 0 0 0 0 1 0
60	1	1 0 0 0 1 1 1 1 0 1 1 1 1 0 0 0 1 1 0 0 1 0 1 1 0 1 0 0 1 1 1 1 0 1 0 1 1 0 0 1 0 0 1 0 0 0 0 0 1 0
60	1	1 1 1 0 1 1 1 1 0 1 1 1 1 0 0 0 1 1 0 0 1 0 1 1 0 1 0 0 1 1 1 1 0 1 0 1 1 0 0 1 0 0 1 0 0 0 0 0 1 0
60	5	1 1 0 0 1 1 1 1 0 1 1 1 1 0 0 0 1 1 0 0 1 0 1 1 0 1 0 0 1 1 1 1 0 1 0 1 1 0 0 1 0 0 1 0 0 0 0 0 1 0
60	16	1 1 0 0 1 1 1 1 1 1 1 1 1 0 0 0 1 1 0 0 1 0 1 1 0 1 1 0 1 1 1 1 0 1 0 1 1 0 0 1 0 0 0 0 0 0 0 0 1 0
60	8	1 1 0 0 1 0 1 1 1 1 1 1 1 0 0 0 1 1 0 0 1 0 1 1 0 1 1 0 1 1 1 1 0 1 0 1 1 0 0 1 0 0 0 0 0 0 0 0 1 0
60	5	1 1 0 0 1 0 1 1 0 1 1 1 1 0 0 0 1 1 0 0 1 0 1 1 0 1 0 0 1 1 1 1 0 1 0 1 1 0 0 1 0 0 0 0 0 0 0 0 1 0
60	1	1 1 0 0 1 0 1 1 0 1 1 1 1 0 0 1 1 1 0 0 1 0 1 1 0 1 1 0 1 1 1 1 0 1 0 1 1 0 0 1 0 0 0 0 0 0 0 0 1 0
60	1	1 1 1 0 1 0 1 1 0 1 1 1 1 0 0 0 1 1 0 0 1 0 1 1 0 1 1 0 1 1 1 1 0 1 0 1 1 0 0 1 0 0 0 0 0 0 0 0 1 0
60	23	1 1 0 0 1 0 1 1 0 1 1 1 1 0 0 0 1 1 0 0 1 0 1 1 0 1 1 0 1 1 1 1 0 1 0 1 1 0 0 1 0 0 0 0 0 0 0 0 1 0
60	4	1 1 0 0 1 0 1 1 0 1 1 1 1 0 1 0 1 1 0 0 1 0 1 1 0 1 1 0 1 1 1 1 0 1 0 1 1 0 0 1 0 0 0 0 0 0 0 0 1 0
60	1	0 1 0 0 1 0 1 1 0 1 1 1 1 0 0 0 1 1 0 0 1 0 1 1 0 1 1 0 1 1 1 1 0 1 0 1 1 0 0 1 0 0 0 0 0 0 0 0 1 0
60	1	1 1 0 0 1 0 1 1 0 1 1 1 1 0 0 0 1 1 0 0 1 0 1 0 0 1 1 0 1 1 1 1 0 1 0 1 1 0 0 1 0 0 0 0 0 0 0 0 1 0
60	1	1 1 0 0 1 0 1 1 0 1 1 1 1 0 1 0 1 1 1 0 1 0 1 1 0 1 1 0 1 1 1 1 0 1 0 1 1 0 0 1 0 0 0 0 0 0 0 0 1 0
60	6	1 1 1 0 1 0 1 1 0 1 1 1 1 0 0 0 1 1 0 0 1 0 1 1 0 1 0 0 1 1 1 1 1 1 0 1 1 0 0 1 0 0 0 0 0 0 0 0 1 0
60	1	1 1 0 0 1 0 1 1 0 1 1 1 1 0 0 0 1 1 0 0 0 0 1 1 0 1 0 0 1 1 1 1 1 1 0 1 1 0 0 1 0 0 0 0 0 0 0 0 1 0
60	1	1 0 0 0 1 0 1 1 0 1 1 1 1 0 0 0 1 1 0 0 1 0 1 1 0 1 0 0 1 1 1 1 1 1 0 1 1 0 0 1 0 0 0 0 0 0 0 0 1 0
60	1	1 1 0 0 1 0 1 1 0 1 1 0 1 0 0 0 1 1 0 0 1 0 1 1 0 1 0 0 1 1 1 1 1 0 0 1 1 0 0 1 0 0 0 0 0 0 0 0 1 0
60	23	1 1 0 0 1 0 1 1 0 1 1 1 1 0 0 0 1 1 0 0 1 0 1 1 0 1 0 0 1 1 1 1 1 1 0 1 1 0 0 1 0 0 0 0 0 0 0 0 1 0
70	4	1 1 0 0 1 1 1 1 0 1 1 1 1 0 0 0 1 1 0 0 1 0 1 1 0 1 0 0 1 1 1 1 0 1 0 1 1 0 0 1 0 0 1 0 0 0 0 0 1 0
70	13	1 1 0 0 1 0 1 1 1 1 1 1 1 0 0 0 1 1 0 0 1 0 1 1 0 1 1 0 1 1 1 1 0 1 0 1 1 0 0 1 0 0 0 0 0 0 0 0 1 0
70	1	1 1 0 0 1 1 1 1 1 1 1 1 1 0 0 0 1 1 0 0 1 0 0 1 0 1 1 0 1 1 1 1 0 1 0 1 1 0 0 1 0 0 0 0 0 0 0 0 1 0
70	37	1 1 0 0 1 1 1 1 1 1 1 1 1 0 0 0 1 1 0 0 1 0 1 1 0 1 1 0 1 1 1 1 0 1 0 1 1 0 0 1 0 0 0 0 0 0 0 0 1 0
70	2	1 1 0 1 1 0 1 1 0 1 1 1 1 0 0 0 1 1 0 0 1 0 1 1 0 1 0 0 1 1 1 1 0 1 0 1 1 0 0 1 0 0 0 0 0 0 0 0 1 0
70	1	1 1 0 0 1 0 1 1 1 1 1 1 1 0 0 0 1 1 0 0 1 0 1 1 0 1 0 0 1 1 1 1 0 1 0 1 1 0 0 1 0 0 0 0 0 0 0 0 1 0
70	7	1 1 0 0 1 0 1 1 0 1 1 1 1 0 0 0 1 1 0 0 1 0 1 1 0 1 0 0 1 1 1 1 0 1 0 1 1 0 0 1 0 0 0 0 0 0 0 0 1 0
70	1	1 1 0 0 1 0 1 1 0 1 1 1 1 0 0 1 1 1 0 0 1 0 1 1 0 1 1 0 1 1 1 1 0 1 0 1 1 0 0 1 0 0 0 0 0 0 0 0 1 0
70	1	1 0 1 0 1 0 1 1 0 1 1 1 1 0 0 0 1 1 0 0 1 0 1 1 0 1 1 0 1 1 1 1 0 1 0 1 1 0 0 1 0 0 0 0 0 0 0 0 1 0
70	3	1 1 1 0 1 0 1 1 0 1 1 1 1 0 0 0 1 1 0 0 1 0 1 1 0 1 1 0 1 1 1 1 0 1 0 1 1 0 0 1 0 0 0 0 0 0 0 0 1 0
70	14	1 1 0 0 1 0 1 1 0 1 1 1 1 0 0 0 1 1 0 0 1 0 1 1 0 1 1 0 1 1 1 1 0 1 0 1 1 0 0 1 0 0 0 0 0 0 0 0 1 0
70	1	1 1 0 0 1 0 1 1 0 1 1 1 1 0 0 0 1 1 0 0 1 0 1 0 0 1 1 0 1 1 1 1 0 1 0 1 1 0 0 1 0 0 0 0 0 0 0 0 1 0
70	1	1 1 1 0 1 1 1 1 0 1 1 1 1 0 0 0 1 1 0 0 1 0 1 1 0 1 0 0 1 1 1 1 1 1 0 1 1 0 0 1 0 0 0 0 0 0 0 0 1 0
70	1	1 1 1 0 1 0 1 1 0 1 1 1 1 0 0 0 1 1 0 0 1 0 1 1 0 1 0 0 1 1 1 1 1 1 0 1 1 0 0 1 0 0 0 0 0 0 0 0 1 0
70	4	1 1 0 1 1 0 1 1 0 1 1 1 1 0 0 0 1 1 0 0 1 0 1 1 0 1 0 0 1 1 1 1 1 1 0 1 1 0 0 1 0 0 0 0 0 0 0 0 1 0
70	1	1 1 0 0 1 0 1 1 0 1 1 1 1 0 0 0 1 1 0 0 0 0 1 1 0 1 0 0 1 1 1 1 1 1 0 1 1 0 0 0 0 0 0 0 0 0 0 0 1 0
70	8	1 1 0 0 1 0 1 1 0 1 1 1 1 0 0 0 1 1 0 0 1 0 1 1 0 1 0 0 1 1 1 1 1 1 0 1 1 0 0 1 0 0 0 0 0 0 0 0 1 0
80	3	1 1 0 0 1 1 1 1 0 1 1 1 1 0 0 0 1 1 0 0 1 0 1 1 0 1 0 0 1 1 1 1 0 1 0 1 1 0 0 1 0 0 1 0 0 0 0 0 1 0
80	8	1 1 0 0 1 0 1 1 1 1 1 1 1 0 0 0 1 1 0 0 1 0 1 1 0 1 1 0 1 1 1 1 0 1 0 1 1 0 0 1 0 0 0 0 0 0 0 0 1 0
80	1	1 1 0 0 1 1 1 1 1 1 1 1 1 0 0 0 1 1 0 0 1 0 0 1 0 1 1 0 1 1 1 1 0 1 0 1 1 0 0 1 0 0 0 0 0 0 0 0 1 0
80	1	0 1 0 0 1 1 1 1 1 1 1 1 1 0 0 0 1 1 0 0 1 0 1 1 0 1 1 0 1 1 1 1 0 1 0 1 1 0 0 1 0 0 0 0 0 0 0 0 1 0
80	56	1 1 0 0 1 1 1 1 1 1 1 1 1 0 0 0 1 1 0 0 1 0 1 1 0 1 1 0 1 1 1 1 0 1 0 1 1 0 0 1 0 0 0 0 0 0 0 0 1 0
80	1	1 1 0 1 1 0 1 1 0 1 1 1 1 0 0 0 1 1 1 0 1 0 1 1 0 1 0 0 1 1 1 1 0 1 0 1 1 0 0 1 0 0 0 0 0 0 0 0 1 0
80	3	1 1 0 1 1 0 1 1 0 1 1 1 1 0 1 0 1 1 0 0 1 0 1 1 0 1 0 0 1 1 1 1 0 1 0 1 1 0 0 1 0 0 0 0 0 0 0 0 1 0
80	6	1 1 0 1 1 0 1 1 0 1 1 1 1 0 0 0 1 1 0 0 1 0 1 1 0 1 0 0 1 1 1 1 0 1 0 1 1 0 0 1 0 0 0 0 0 0 0 0 1 0
80	4	1 1 0 0 1 0 1 1 0 1 1 1 1 0 0 0 1 1 0 0 1 0 1 1 0 1 0 0 1 1 1 1 0 1 0 1 1 0 0 1 0 0 0 0 0 0 0 0 1 0
80	9	1 1 0 0 1 0 1 1 0 1 1 1 1 0 0 0 1 1 0 0 1 0 1 1 0 1 1 0 1 1 1 1 0 1 0 1 1 0 0 1 0 0 0 0 0 0 0 0 1 0
80	1	1 1 1 0 1 1 1 1 0 1 1 1 1 0 0 0 1 1 0 0 1 0 1 1 0 1 0 0 1 1 1 1 1 1 0 1 1 0 0 1 0 0 0 0 0 0 0 0 1 0
80	2	1 1 1 0 1 0 1 1 0 1 1 1 1 0 0 0 1 1 0 0 1 0 1 1 0 1 0 0 1 1 1 1 1 1 0 1 1 0 0 1 0 0 0 0 0 0 0 0 1 0
80	1	1 1 0 0 1 0 1 1 0 1 1 1 1 0 0 0 1 1 0 0 0 0 1 1 0 1 0 0 1 1 1 1 1 1 0 1 1 0 0 0 0 0 0 0 0 0 0 0 1 0
80	4	1 1 0 0 1 0 1 1 0 1 1 1 1 0 0 0 1 1 0 0 1 0 1 1 0 1 0 0 1 1 1 1 1 1 0 1 1 0 0 1 0 0 0 0 0 0 0 0 1 0
90	1	1 1 1 0 1 1 1 1 0 1 1 1 1 0 0 0 1 1 0 0 1 0 1 1 0 1 0 0 1 1 1 1 0 1 0 1 1 0 0 1 0 0 1 0 0 0 0 0 1 0
90	1	1 1 0 0 1 1 1 1 0 1 1 1 1 0 0 0 1 1 0 0 1 0 1 1 0 1 0 0 1 1 1 1 0 1 0 1 1 0 0 1 0 0 1 0 0 0 0 0 1 0
90	11	1 1 0 0 1 0 1 1 1 1 1 1 1 0 0 0 1 1 0 0 1 0 1 1 0 1 1 0 1 1 1 1 0 1 0 1 1 0 0 1 0 0 0 0 0 0 0 0 1 0
90	2	1 1 0 0 1 1 1 1 1 1 1 1 1 0 0 0 1 1 0 0 1 0 0 1 0 1 1 0 1 1 1 1 0 1 0 1 1 0 0 1 0 0 0 0 0 0 0 0 1 0
90	1	0 1 0 0 1 1 1 1 1 1 1 1 1 0 0 0 1 1 0 0 1 0 1 1 0 1 1 0 1 1 1 1 0 1 0 1 1 0 0 1 0 0 0 0 0 0 0 0 1 0
90	1	1 1 0 1 1 1 1 1 1 1 1 1 1 0 0 0 1 1 0 0 1 0 1 1 0 1 1 0 1 1 1 1 0 1 0 1 1 0 0 1 0 0 0 0 0 0 0 0 1 0
90	3	1 1 0 0 1 1 1 1 1 1 1 1 1 0 0 0 1 1 0 0 1 1 1 1 0 1 1 0 1 1 1 1 0 1 0 1 1 0 0 1 0 0 0 0 0 0 0 0 1 0
90	1	1 1 0 0 1 1 1 1 1 1 1 1 1 0 0 0 1 1 0 0 1 0 1 1 0 1 0 0 1 1 1 1 0 1 0 1 1 0 0 1 0 0 0 0 0 0 0 0 1 0
90	1	1 1 1 0 1 1 1 1 1 1 1 1 1 0 0 0 1 1 0 0 1 0 1 1 0 1 1 0 1 1 1 1 0 1 0 1 1 0 0 1 0 0 0 0 0 0 0 0 1 0
90	1	1 1 0 0 1 1 1 1 1 1 1 1 1 0 0 0 1 1 0 0 1 0 1 1 0 1 1 0 1 1 1 1 0 1 0 1 1 0 0 1 0 0 0 0 0 0 0 0 1 1
90	1	1 1 0 0 1 1 1 1 1 1 1 1 1 0 0 0 1 1 0 0 1 0 1 1 1 1 1 0 1 1 1 1 0 1 0 1 1 0 0 1 0 0 0 0 0 0 0 0 1 0
90	1	1 1 0 0 1 1 1 1 1 1 1 1 1 0 0 0 1 1 0 0 1 0 1 1 0 1 1 0 1 1 1 0 0 1 0 1 1 0 0 1 0 0 0 0 0 0 0 0 1 0
90	69	1 1 0 0 1 1 1 1 1 1 1 1 1 0 0 0 1 1 0 0 1 0 1 1 0 1 1 0 1 1 1 1 0 1 0 1 1 0 0 1 0 0 0 0 0 0 0 0 1 0
90	2	1 1 0 1 1 0 1 1 0 1 1 1 1 0 1 0 1 1 0 0 1 0 1 1 0 1 0 0 1 1 1 1 0 1 0 1 1 0 0 1 0 0 0 0 0 0 0 0 1 0
90	1	1 1 0 0 1 0 1 1 0 1 1 1 1 0 0 0 1 1 0 0 1 0 1 1 0 1 0 0 1 1 1 1 0 1 0 1 1 0 0 1 0 0 0 0 0 0 0 0 1 0
90	1	1 1 0 0 1 0 1 1 0 1 1 1 1 0 0 0 1 1 0 0 1 0 1 1 0 1 1 0 1 1 1 1 0 1 0 1 1 0 0 1 0 0 0 0 0 0 0 0 1 0
90	1	1 1 1 0 1 1 1 1 0 1 1 1 1 0 0 0 1 1 0 0 1 0 1 1 0 1 0 0 1 1 1 1 1 1 0 1 1 0 0 1 0 0 0 0 0 0 0 0 1 0
90	1	1 1 1 0 1 0 1 1 0 1 1 1 1 0 0 0 1 1 0 0 1 0 1 1 0 1 0 0 1 1 1 1 1 1 0 1 1 0 0 1 0 0 0 0 0 0 0 0 1 0
100	4	1 1 0 0 1 0 1 1 1 1 1 1 1 0 0 0 1 1 0 0 1 0 1 1 0 1 1 0 1 1 1 1 0 1 0 1 1 0 0 1 0 0 0 0 0 0 0 0 1 0
100	2	1 1 0 1 1 1 1 1 1 1 1 1 1 0 0 0 1 1 0 0 1 0 1 1 0 1 1 0 1 1 1 1 0 1 0 1 1 0 0 1 0 0 0 0 0 0 0 0 1 0
100	4	1 1 0 0 1 1 1 1 1 1 1 1 1 0 0 0 1 1 0 0 1 1 1 1 0 1 1 0 1 1 1 1 0 1 0 1 1 0 0 1 0 0 0 0 0 0 0 0 1 0
100	3	1 1 0 0 1 1 1 1 1 1 1 1 1 0 0 0 1 1 0 0 1 0 1 1 0 1 1 1 1 1 1 1 0 1 0 1 1 0 0 1 0 0 0 0 0 0 0 0 1 0
100	1	1 1 0 0 1 1 1 1 1 1 1 1 1 0 0 0 1 1 0 0 1 0 1 1 0 1 0 0 1 1 1 1 0 1 0 1 1 0 1 1 0 0 0 0 0 0 0 0 1 0
100	5	1 1 0 0 1 1 1 1 1 1 1 1 1 0 0 0 1 1 0 0 1 0 1 1 0 1 0 0 1 1 1 1 0 1 0 1 1 0 0 1 0 0 0 0 0 0 0 0 1 0
100	2	1 1 1 0 1 1 1 1 1 1 1 1 1 0 0 0 1 1 0 0 1 0 1 1 0 1 1 0 1 1 1 1 0 1 0 1 1 0 0 1 0 0 0 0 0 0 0 0 1 0
100	1	1 1 0 0 1 1 1 1 1 1 1 1 1 0 0 0 0 1 0 0 1 0 1 1 0 1 1 0 1 1 1 1 0 1 0 1 1 0 0 1 0 0 0 0 0 0 0 0 1 0
100	1	1 1 0 0 1 1 1 1 1 1 1 1 1 0 0 0 1 1 0 0 1 0 1 1 0 1 1 0 0 1 1 0 0 1 0 1 1 0 0 1 0 0 0 0 0 0 0 0 1 0
100	1	1 1 0 0 1 1 1 1 1 0 1 1 1 0 0 0 1 1 0 0 1 0 1 1 0 1 1 0 1 1 1 1 0 1 0 1 1 0 0 1 0 0 0 0 0 0 0 0 1 0
100	66	1 1 0 0 1 1 1 1 1 1 1 1 1 0 0 0 1 1 0 0 1 0 1 1 0 1 1 0 1 1 1 1 0 1 0 1 1 0 0 1 0 0 0 0 0 0 0 0 1 0
100	4	1 1 0 1 1 0 1 1 0 1 1 1 1 0 0 0 1 1 1 0 1 0 1 1 0 1 0 0 1 1 1 1 0 1 0 1 1 0 0 1 0 0 0 0 0 0 0 0 1 0
100	3	1 1 1 0 1 1 1 1 0 1 1 1 1 0 0 0 1 1 0 0 1 0 1 1 0 1 0 0 1 1 1 1 1 1 0 1 1 0 0 1 0 0 0 0 0 0 0 0 1 0
100	3	1 1 0 0 1 0 1 1 0 1 1 1 1 0 0 0 1 1 0 0 1 0 1 1 0 1 0 0 1 1 1 1 1 1 0 1 1 0 0 1 0 0 0 0 0 0 0 0 1 0
110	1	1 1 0 0 1 0 1 1 1 1 1 1 1 0 0 0 1 1 0 0 1 0 1 1 0 1 1 0 1 1 1 1 0 1 0 1 1 0 0 1 0 0 0 0 0 0 0 0 1 0
110	2	1 1 0 0 1 1 1 1 1 1 1 1 1 0 0 0 1 1 0 0 1 0 0 1 0 1 1 0 1 1 1 1 0 1 0 1 1 0 0 1 0 0 0 0 0 0 0 0 1 0
110	5	1 1 0 0 1 1 1 1 1 1 1 1 1 0 0 0 1 1 0 0 1 1 1 1 0 1 1 0 1 1 1 1 0 1 0 1 1 0 0 1 0 0 0 0 0 0 0 0 1 0
110	1	1 1 0 0 1 1 1 1 1 1 1 0 1 0 0 0 1 1 0 0 1 0 1 1 0 1 0 0 1 1 1 1 0 1 0 1 1 0 0 1 0 0 0 0 0 0 0 0 1 0
110	1	1 1 0 0 1 1 1 1 1 1 1 1 1 0 0 0 1 1 0 0 1 0 1 1 0 1 0 0 1 1 1 0 0 1 0 1 1 0 0 1 0 0 0 0 0 0 0 0 1 0
110	5	1 1 0 0 1 1 1 1 1 1 1 1 1 0 0 0 1 1 0 0 1 0 1 1 0 1 0 0 1 1 1 1 0 1 0 1 1 0 0 1 0 0 0 0 0 0 0 0 1 0
110	1	1 1 1 0 1 1 1 1 1 1 1 1 1 0 0 0 1 1 0 0 1 0 1 1 0 1 1 0 1 1 1 1 0 1 0 1 1 0 0 1 0 0 0 0 0 0 0 0 1 0
110	2	1 1 0 0 1 1 1 1 1 1 1 1 1 0 0 0 1 1 0 0 1 0 1 1 0 1 1 0 1 1 1 1 0 1 0 1 1 0 0 1 0 0 0 0 0 0 0 0 1 1
110	1	1 1 0 0 1 1 1 1 1 1 1 1 1 0 0 0 1 1 0 0 1 0 1 1 0 1 1 0 0 1 1 0 0 1 0 1 1 0 0 1 0 0 0 0 0 0 0 0 1 0
110	1	1 1 0 0 1 1 1 1 1 1 1 1 1 0 0 0 1 1 0 0 1 0 1 1 0 1 1 0 1 0 1 1 0 1 0 1 1 0 0 1 0 0 0 0 0 0 0 0 1 0
110	1	1 1 0 0 1 1 1 1 1 1 1 1 1 0 0 0 1 1 0 0 1 0 1 1 0 1 1 0 1 1 1 1 0 1 0 1 1 0 0 1 0 0 0 0 0 0 0 0 0 0
110	1	1 1 0 0 1 1 1 1 1 1 1 1 1 0 0 0 1 1 0 0 1 0 1 1 0 1 1 0 1 1 1 1 0 1 0 1 1 0 0 1 0 0 0 0 0 0 0 1 1 0
110	75	1 1 0 0 1 1 1 1 1 1 1 1 1 0 0 0 1 1 0 0 1 0 1 1 0 1 1 0 1 1 1 1 0 1 0 1 1 0 0 1 0 0 0 0 0 0 0 0 1 0
110	2	1 1 0 1 1 0 1 1 0 1 1 1 1 0 0 0 1 1 1 0 1 0 1 1 0 1 0 0 1 1 1 1 0 1 0 1 1 0 0 1 0 0 0 0 0 0 0 0 1 0
110	1	1 1 1 0 1 1 1 1 0 1 1 1 1 0 0 0 1 1 0 0 1 0 1 1 0 1 0 0 1 1 1 1 1 1 0 1 1 0 0 1 0 0 0 0 0 0 0 0 1 0
120	3	1 1 0 0 1 1 1 1 1 1 1 1 1 0 0 0 1 1 0 0 1 1 1 1 0 1 1 0 1 0 1 1 0 1 0 1 1 0 0 1 0 0 0 0 0 0 0 0 1 0
120	2	1 1 0 0 1 1 1 1 1 1 1 1 1 0 0 0 1 1 0 0 1 1 1 1 0 1 1 0 1 1 1 1 0 1 0 1 1 0 0 1 0 0 0 0 0 0 0 0 1 0
120	1	1 1 0 0 1 1 1 1 1 1 1 1 1 0 0 0 1 1 0 0 1 0 1 1 0 1 0 0 1 1 1 1 0 1 0 1 1 1 1 1 0 0 0 0 0 0 0 0 1 0
120	3	1 1 0 0 1 1 1 1 1 1 1 1 1 0 0 0 1 1 0 0 1 0 1 1 0 1 0 0 1 1 1 1 0 1 0 1 1 0 1 1 0 0 0 0 0 0 0 0 1 0
120	1	1 1 0 0 1 1 1 1 1 1 1 0 1 0 0 0 1 1 1 0 1 0 1 1 0 1 0 0 1 1 1 1 0 1 0 1 1 0 0 1 0 0 0 0 0 0 0 0 1 0
120	4	1 1 1 0 1 1 1 1 1 1 1 1 1 0 0 0 1 1 0 0 1 0 1 1 0 1 1 0 1 1 1 1 0 1 0 1 1 0 0 1 0 0 0 0 0 0 0 0 1 0
120	1	1 1 0 0 1 1 1 1 1 1 1 1 1 0 0 0 1 1 0 0 1 0 1 1 0 1 1 0 1 1 1 1 0 1 0 1 1 0 0 1 0 0 0 0 0 0 0 0 1 1
120	2	1 1 0 0 1 1 1 1 1 1 1 1 1 0 0 0 1 1 0 0 1 0 1 1 0 1 1 0 1 1 1 1 0 1 0 1 1 0 0 1 0 0 0 0 0 0 0 0 0 0
120	2	1 1 0 0 0 1 1 1 1 1 1 1 1 0 0 0 1 1 0 0 1 0 1 1 0 1 1 0 1 1 1 1 0 1 0 1 1 0 0 1 0 0 0 0 0 0 0 0 1 0
120	1	1 1 0 0 1 1 1 1 1 1 1 1 1 0 0 0 1 1 0 0 1 0 1 1 0 1 1 0 1 1 1 1 0 1 0 1 1 0 0 1 0 0 0 0 1 0 0 0 1 0
120	3	1 1 0 0 1 1 1 1 1 1 1 1 1 0 0 0 1 1 0 0 1 0 1 1 1 1 1 0 1 1 1 1 0 1 0 1 1 0 0 1 0 0 0 0 0 0 0 0 1 0
120	1	1 1 0 0 1 1 1 1 1 1 1 1 1 0 0 0 1 1 0 0 1 0 1 1 0 1 1 0 0 1 1 1 0 1 0 1 1 0 0 1 0 0 0 0 0 0 0 0 1 0
120	70	1 1 0 0 1 1 1 1 1 1 1 1 1 0 0 0 1 1 0 0 1 0 1 1 0 1 1 0 1 1 1 1 0 1 0 1 1 0 0 1 0 0 0 0 0 0 0 0 1 0
120	6	1 1 1 0 1 1 1 1 0 1 1 1 1 0 0 0 1 1 0 0 1 0 1 1 0 1 0 0 1 1 1 1 1 1 0 1 1 0 0 1 0 0 0 0 0 0 0 0 1 0
130	3	1 1 0 1 1 1 1 1 1 1 1 1 1 0 0 0 1 1 0 0 1 0 1 1 0 1 1 0 1 1 1 1 0 1 0 1 1 0 0 1 0 0 0 0 0 0 0 0 1 0
130	1	1 1 0 1 1 1 1 1 1 1 1 1 1 0 0 0 1 1 0 0 1 1 1 1 0 1 1 0 1 1 1 1 0 1 0 1 1 0 0 1 0 0 0 0 0 0 0 0 1 0
130	1	1 1 0 0 1 1 1 1 1 1 1 1 1 0 0 0 1 1 0 0 1 0 1 1 0 1 0 0 1 1 1 1 0 1 0 1 1 0 0 1 0 0 0 0 0 0 0 0 1 0
130	1	1 1 0 0 1 1 1 1 1 1 1 1 1 0 0 0 1 1 0 0 1 0 1 1 0 1 0 0 1 1 1 1 0 1 0 1 1 0 1 1 0 0 0 0 0 0 0 0 1 0
130	1	1 1 0 0 1 1 1 1 1 1 1 0 1 0 0 0 1 1 0 0 1 0 1 1 0 1 0 0 1 1 1 1 0 1 0 1 1 0 0 1 0 0 0 0 0 0 0 0 1 0
130	1	1 1 0 0 1 1 1 1 1 1 1 1 1 0 0 0 1 1 0 0 1 0 1 1 1 1 0 0 1 1 1 1 0 1 0 1 1 0 0 1 0 0 0 0 0 0 0 0 1 0
130	1	1 1 0 0 1 1 1 1 1 1 1 1 1 0 0 0 1 1 0 1 1 0 1 1 0 1 0 0 1 1 1 1 0 1 0 1 1 0 0 1 0 0 0 0 0 0 0 0 1 0
130	10	1 1 1 0 1 1 1 1 1 1 1 1 1 0 0 0 1 1 0 0 1 0 1 1 0 1 1 0 1 1 1 1 0 1 0 1 1 0 0 1 0 0 0 0 0 0 0 0 1 0
130	2	1 1 0 0 1 1 1 1 1 1 1 1 1 0 0 0 1 1 0 0 1 0 1 1 0 1 1 0 1 1 1 1 0 1 0 1 1 0 0 1 0 0 0 0 0 0 0 0 0 0
130	2	1 1 0 0 0 1 1 1 1 1 1 1 1 0 0 0 1 1 0 0 1 0 1 1 0 1 1 0 1 1 1 1 0 1 0 1 1 0 0 1 0 0 0 0 0 0 0 0 1 0
130	2	1 1 0 0 1 1 1 1 1 1 1 1 1 0 0 0 1 1 0 0 1 0 1 1 0 1 1 0 1 1 1 1 0 1 0 1 1 0 0 1 0 0 0 0 1 0 0 0 1 0
130	1	1 1 0 0 1 1 1 1 1 1 1 1 1 0 0 0 1 1 0 0 1 0 1 1 1 1 1 0 1 1 1 1 0 1 0 1 1 0 0 1 0 0 0 0 0 0 0 0 1 0
130	1	1 1 0 0 1 1 1 1 1 1 1 1 1 0 0 0 1 1 0 0 1 0 1 1 0 1 1 0 1 1 1 1 0 1 0 0 1 0 0 1 0 0 0 0 0 0 0 0 1 0
130	1	1 1 0 0 1 1 1 1 1 1 1 1 1 0 0 0 1 1 0 0 1 0 1 1 0 1 1 0 1 0 1 1 0 1 0 1 1 0 0 1 0 0 0 0 0 0 0 0 1 0
130	1	1 1 0 0 1 1 1 1 1 1 1 1 1 0 1 0 1 1 0 0 1 0 1 1 0 1 1 0 1 1 1 1 0 1 0 1 1 0 0 1 0 0 0 0 0 0 0 0 1 0
130	70	1 1 0 0 1 1 1 1 1 1 1 1 1 0 0 0 1 1 0 0 1 0 1 1 0 1 1 0 1 1 1 1 0 1 0 1 1 0 0 1 0 0 0 0 0 0 0 0 1 0
130	1	1 1 1 0 1 1 1 1 0 1 1 1 1 0 0 0 1 1 0 0 1 0 1 1 0 1 0 0 1 1 1 1 1 1 0 1 1 0 0 1 0 0 0 0 0 0 0 0 1 0
140	4	1 1 0 1 1 1 1 1 1 1 1 1 1 0 0 0 1 1 0 0 1 0 1 1 0 1 1 0 1 1 1 1 0 1 0 1 1 0 0 1 0 0 0 0 0 0 0 0 1 0
140	1	1 1 0 0 1 1 1 1 1 1 1 1 1 0 0 0 1 1 0 0 1 1 1 1 0 1 1 0 1 0 1 1 0 1 0 1 1 0 0 1 0 0 0 0 0 0 0 0 1 0
140	3	1 1 0 1 1 1 1 1 1 1 1 1 1 0 0 1 1 1 0 0 1 1 1 1 0 1 1 0 1 1 1 1 0 1 0 1 1 0 0 1 0 0 0 0 0 0 0 0 1 0
140	7	1 1 0 1 1 1 1 1 1 1 1 1 1 0 0 0 1 1 0 0 1 1 1 1 0 1 1 0 1 1 1 1 0 1 0 1 1 0 0 1 0 0 0 0 0 0 0 0 1 0
140	1	1 1 0 0 1 1 1 1 1 1 1 1 1 0 0 0 1 1 0 0 1 0 1 1 0 1 0 0 1 1 1 1 0 1 0 1 1 0 1 1 0 0 0 0 0 0 0 0 1 0
140	2	1 1 0 0 1 1 1 1 1 1 1 1 1 0 0 0 1 1 0 1 1 0 1 1 0 1 0 0 1 1 1 1 0 1 0 1 1 0 0 1 0 0 0 0 0 0 0 0 1 0
140	11	1 1 1 0 1 1 1 1 1 1 1 1 1 0 0 0 1 1 0 0 1 0 1 1 0 1 1 0 1 1 1 1 0 1 0 1 1 0 0 1 0 0 0 0 0 0 0 0 1 0
140	1	1 1 0 0 1 1 1 1 1 1 1 1 1 0 0 0 1 1 0 0 1 0 1 1 0 1 1 0 0 1 1 0 0 1 0 1 1 0 0 1 0 0 0 0 0 0 0 0 1 0
140	3	1 1 0 0 1 1 1 1 1 1 1 1 1 0 0 0 1 1 0 0 1 0 1 1 0 1 1 0 1 1 1 1 0 1 0 1 1 0 0 1 0 0 0 0 0 0 0 0 0 0
140	3	1 1 0 0 1 1 1 1 1 1 1 1 1 0 0 0 1 1 0 0 1 0 1 1 0 1 1 0 1 1 1 1 0 1 0 1 1 0 0 1 0 0 0 0 1 0 0 0 1 0
140	1	1 1 0 0 1 1 1 1 1 1 1 1 1 0 0 0 1 1 0 0 1 0 1 1 1 1 1 0 1 1 1 1 0 1 0 1 1 0 0 1 0 0 0 0 0 0 0 0 1 0
140	1	1 1 0 0 1 1 1 1 1 1 1 1 1 0 0 0 1 1 0 0 1 0 1 1 0 1 1 0 1 0 1 1 0 1 0 1 1 0 0 1 0 0 0 0 0 0 0 0 1 0
140	4	1 1 0 0 1 1 1 1 1 1 1 1 1 0 0 0 1 1 0 0 1 0 1 1 0 1 1 0 1 1 1 1 0 1 0 1 1 0 0 1 0 0 0 0 0 0 0 1 1 0
140	1	1 1 0 0 1 1 1 1 1 1 1 1 1 0 0 0 1 1 0 0 1 0 1 1 0 1 1 0 1 1 1 1 1 1 0 1 1 0 0 1 0 0 0 0 0 0 0 0 1 0
140	1	1 1 0 0 1 1 1 1 1 1 1 1 1 0 0 0 1 1 0 0 1 0 1 1 0 1 1 0 1 1 1 1 0 1 0 1 1 0 0 1 0 0 0 1 0 0 0 0 1 0
140	53	1 1 0 0 1 1 1 1 1 1 1 1 1 0 0 0 1 1 0 0 1 0 1 1 0 1 1 0 1 1 1 1 0 1 0 1 1 0 0 1 0 0 0 0 0 0 0 0 1 0
140	3	1 1 1 0 1 1 1 1 0 1 1 1 1 0 0 0 1 1 0 0 1 0 1 1 0 1 0 0 1 1 1 1 1 1 0 1 1 0 0 1 0 0 0 0 0 0 0 0 1 0
150	1	1 1 0 1 1 1 1 1 1 1 1 1 1 0 0 0 1 1 0 0 1 0 1 1 0 1 1 0 1 1 1 1 0 1 0 1 1 0 0 1 0 0 0 0 0 0 0 0 1 0
150	1	1 1 0 0 1 1 1 1 1 1 1 1 1 0 0 0 1 1 0 0 1 1 1 1 0 1 1 0 1 0 1 0 0 1 0 1 1 0 0 1 0 0 0 0 0 0 0 0 1 0
150	4	1 1 0 1 1 1 1 1 1 1 1 1 1 0 0 1 1 1 0 0 1 1 1 1 0 1 1 0 1 1 1 1 0 1 0 1 1 0 0 1 0 0 0 0 0 0 0 0 1 0
150	8	1 1 0 1 1 1 1 1 1 1 1 1 1 0 0 0 1 1 0 0 1 1 1 1 0 1 1 0 1 1 1 1 0 1 0 1 1 0 0 1 0 0 0 0 0 0 0 0 1 0
150	2	1 1 0 0 1 1 1 1 0 1 1 1 1 0 0 0 1 1 0 0 1 0 1 1 0 1 0 0 1 1 1 1 0 1 0 1 1 0 1 1 0 0 0 0 0 0 0 0 1 0
150	1	1 1 0 0 1 1 1 1 1 1 1 0 1 0 0 0 1 1 0 0 1 0 1 1 0 1 0 0 1 1 1 1 0 1 0 1 1 0 0 1 0 0 0 0 0 0 0 0 1 0
150	2	1 1 0 0 1 1 1 1 1 1 1 1 1 0 0 0 1 1 0 0 1 0 1 1 0 1 1 0 1 1 1 1 0 1 0 1 1 0 0 1 0 0 0 0 0 0 0 1 1 0
150	45	1 1 0 0 1 1 1 1 1 1 1 1 1 0 0 0 1 1 0 0 1 0 1 1 0 1 1 0 1 1 1 1 0 1 0 1 1 0 0 1 0 0 0 0 0 0 0 0 1 0
150	14	1 1 1 0 1 1 1 1 1 1 1 1 1 0 0 0 1 1 0 0 1 0 1 1 0 1 1 0 1 1 1 1 0 1 0 1 1 0 0 1 0 0 0 0 0 0 0 0 1 0
150	1	1 1 0 0 1 1 1 1 1 1 1 1 1 0 0 0 1 1 0 0 1 0 1 1 0 1 1 0 0 1 0 0 0 1 0 1 1 0 0 1 0 0 0 0 0 0 0 0 1 0
150	1	1 1 0 0 1 1 1 1 1 1 1 1 1 0 0 0 1 1 0 0 1 0 1 1 0 1 1 0 0 1 1 0 0 1 0 1 1 0 0 1 0 0 0 0 0 0 0 0 1 0
150	11	1 1 0 0 1 1 1 1 1 1 1 1 1 0 0 0 1 1 0 0 1 0 1 1 0 1 1 0 1 1 1 1 0 1 0 1 1 0 0 1 0 0 0 0 0 0 0 0 0 0
150	1	1 1 0 0 1 1 1 1 1 1 1 1 1 0 0 0 1 1 0 0 1 0 1 1 0 1 1 0 1 1 1 1 0 1 0 1 1 0 0 1 0 0 0 0 1 0 0 0 1 0
150	1	1 1 0 0 1 1 1 1 1 1 1 1 1 0 0 0 1 1 0 0 1 0 1 1 1 1 1 0 1 1 1 1 0 1 0 1 1 0 0 1 0 0 0 0 0 0 0 0 1 0
150	2	1 1 0 0 1 1 1 1 1 1 1 1 1 0 0 0 1 1 0 0 1 0 1 1 0 1 1 0 1 0 1 1 0 1 0 1 1 0 0 1 0 0 0 0 0 0 0 0 1 0
150	1	1 1 0 0 1 1 1 1 1 1 1 1 1 1 0 0 1 1 0 0 1 0 1 1 0 1 1 0 1 1 1 1 0 1 0 1 1 0 0 1 0 0 0 0 0 0 0 0 1 0
150	2	1 1 0 0 1 1 1 1 1 1 1 1 1 0 0 0 1 1 0 0 1 0 1 1 0 1 1 0 1 1 1 1 0 1 0 1 1 0 0 1 1 0 0 0 0 0 0 0 1 0
150	1	1 1 0 0 1 1 1 1 1 1 1 1 1 0 0 0 1 1 0 0 1 0 1 1 0 1 1 0 1 1 1 1 0 1 0 1 1 0 1 1 0 0 0 0 0 0 0 0 1 0
150	1	1 1 0 0 1 1 1 1 1 1 1 1 1 0 0 0 1 1 0 0 1 0 1 1 0 0 1 0 1 1 1 1 0 1 0 1 1 0 0 1 0 0 0 0 0 0 0 0 1 0
160	1	1 1 0 1 1 1 1 1 1 1 1 1 1 0 1 0 1 1 0 0 1 0 1 1 0 1 1 0 1 1 1 1 0 1 0 1 1 0 0 1 0 0 0 0 0 0 0 0 1 0
160	4	1 1 0 1 1 1 1 1 1 1 1 1 1 0 0 1 1 1 0 0 1 1 1 1 0 1 1 0 1 1 1 1 0 1 0 1 1 0 0 1 0 0 0 0 0 0 0 0 1 0
160	1	1 1 0 1 1 1 1 1 1 1 1 1 1 0 0 0 1 1 0 0 1 1 1 1 0 1 1 0 1 1 1 1 0 1 0 1 1 0 0 1 0 0 1 0 0 0 0 0 1 0
160	7	1 1 0 1 1 1 1 1 1 1 1 1 1 0 0 0 1 1 0 0 1 1 1 1 0 1 1 0 1 1 1 1 0 1 0 1 1 0 0 1 0 0 0 0 0 0 0 0 1 0
160	3	1 1 0 0 1 1 1 1 1 1 1 1 1 0 0 0 1 1 0 1 1 0 1 1 0 1 0 0 1 1 1 1 0 1 0 1 1 0 0 1 0 0 0 0 0 0 0 0 1 0
160	2	1 1 1 1 1 1 1 1 1 1 1 1 1 0 0 0 1 1 0 0 1 0 1 1 0 1 1 0 1 1 1 1 0 1 0 1 1 0 0 1 0 0 0 0 0 0 0 0 1 0
160	2	1 0 0 0 1 1 1 1 1 1 1 1 1 0 0 0 1 1 0 0 1 0 1 1 0 1 1 0 1 1 1 1 0 1 0 1 1 0 0 1 0 0 0 0 0 0 0 0 1 0
160	1	1 1 0 0 1 1 1 1 1 1 1 1 1 0 0 0 1 1 0 0 1 0 1 1 0 0 1 0 1 1 1 1 0 1 0 1 1 0 0 1 0 0 0 0 0 0 0 0 1 0
160	22	1 1 0 0 1 1 1 1 1 1 1 1 1 0 0 0 1 1 0 0 1 0 1 1 0 1 1 0 1 1 1 1 0 1 0 1 1 0 0 1 0 0 0 0 0 0 0 0 1 0
160	1	1 1 1 0 1 1 1 1 1 1 1 1 1 0 1 0 1 1 0 0 1 0 1 1 0 1 1 0 1 1 1 1 0 1 0 1 1 0 0 1 0 0 0 0 0 0 0 0 1 0
160	19	1 1 1 0 1 1 1 1 1 1 1 1 1 0 0 0 1 1 0 0 1 0 1 1 0 1 1 0 1 1 1 1 0 1 0 1 1 0 0 1 0 0 0 0 0 0 0 0 1 0
160	2	1 1 0 0 1 1 1 1 1 1 1 1 1 0 0 0 1 1 0 0 1 0 1 1 0 1 1 0 0 1 0 0 0 1 0 1 1 0 0 1 0 0 0 0 0 0 0 0 1 0
160	2	1 1 0 0 1 1 1 1 1 1 1 1 1 0 0 0 1 1 0 0 1 0 1 1 0 1 1 0 0 1 1 0 0 1 0 1 1 0 0 1 0 0 0 0 0 0 0 0 1 0
160	1	1 1 0 0 1 1 1 1 1 1 1 1 1 0 0 1 1 1 0 0 1 0 1 1 0 1 1 0 1 1 1 1 0 1 0 1 1 0 0 1 0 0 0 0 0 0 0 0 0 0
160	1	1 1 0 0 1 0 1 1 1 1 1 1 1 0 0 0 1 1 0 0 1 0 1 1 0 1 1 0 1 1 1 1 0 1 0 1 1 0 0 1 0 0 0 0 0 0 0 0 0 0
160	1	1 1 0 0 1 1 1 1 1 1 1 1 1 0 0 0 1 1 0 0 1 0 1 1 0 1 1 0 1 1 0 1 0 1 0 1 1 0 0 1 0 0 0 0 0 0 0 0 0 0
160	26	1 1 0 0 1 1 1 1 1 1 1 1 1 0 0 0 1 1 0 0 1 0 1 1 0 1 1 0 1 1 1 1 0 1 0 1 1 0 0 1 0 0 0 0 0 0 0 0 0 0
160	3	1 1 0 0 1 1 1 1 1 1 1 1 1 0 0 0 1 1 0 0 1 0 1 1 0 1 1 0 1 0 1 1 0 1 0 1 1 0 0 1 0 0 0 0 0 0 0 0 1 0
160	1	1 1 0 0 1 1 1 1 1 1 1 1 1 1 0 0 1 1 0 0 1 0 1 1 0 1 1 0 1 1 1 1 0 1 0 1 1 0 0 1 0 0 0 0 0 0 0 0 1 0
170	1	1 1 0 1 1 1 1 1 1 1 1 1 1 0 0 0 1 1 0 0 1 0 1 1 0 1 1 0 1 1 1 1 0 1 0 1 1 0 0 1 0 0 0 0 0 0 0 0 1 0
170	1	1 1 0 1 1 1 1 1 1 1 1 1 1 0 0 1 1 1 0 0 1 1 1 1 0 1 1 0 1 1 1 1 0 1 0 0 1 0 0 1 0 0 0 0 0 0 0 0 1 0
170	1	1 1 0 1 1 1 1 1 1 1 1 1 1 0 0 1 1 1 0 0 1 1 1 1 0 1 1 0 1 1 1 1 0 1 0 1 1 0 0 1 0 0 0 0 0 0 0 0 1 0
170	5	1 1 0 1 1 1 1 1 1 1 1 1 1 0 0 0 0 1 0 0 1 1 1 1 0 1 1 0 1 1 1 1 0 1 0 1 0 0 0 1 0 0 0 0 0 0 0 0 1 0
170	1	1 1 0 1 1 1 1 1 1 1 1 1 1 0 0 0 1 1 0 0 1 1 1 1 0 1 1 0 1 1 1 1 0 1 0 0 1 0 0 1 0 0 0 0 0 0 0 0 1 0
170	4	1 1 0 1 1 1 1 1 1 1 1 1 1 0 0 0 1 1 0 0 1 1 1 1 0 1 1 0 1 1 1 1 0 1 0 1 1 0 0 1 0 0 0 0 0 0 0 0 1 0
170	3	1 1 0 0 1 1 1 1 1 1 1 0 1 0 0 0 1 1 0 0 1 0 1 1 0 1 0 0 1 1 1 1 0 1 0 1 1 0 0 1 0 0 0 0 0 0 0 0 1 0
170	2	1 1 0 0 1 1 1 1 1 1 1 1 1 0 0 0 1 1 0 1 1 0 1 1 0 1 0 0 1 1 1 1 0 1 0 1 1 0 0 1 0 0 0 0 0 0 0 0 1 0
170	2	1 1 1 1 1 1 1 1 1 1 1 1 1 0 0 0 1 1 0 0 1 0 1 1 0 1 1 0 1 1 1 1 0 1 0 1 1 0 0 1 0 0 0 0 0 0 0 0 1 0
170	1	1 0 0 0 1 1 1 1 1 1 1 1 1 0 0 0 1 1 0 0 1 0 1 1 0 0 1 0 1 1 1 1 0 1 0 1 1 0 0 1 0 0 0 0 0 0 0 0 1 0
170	1	1 1 0 0 1 1 1 1 1 1 1 1 1 0 0 0 1 1 0 0 1 0 1 1 0 1 1 0 1 1 0 1 0 1 0 1 1 0 0 1 0 0 0 0 0 0 0 0 1 0
170	38	1 1 0 0 1 1 1 1 1 1 1 1 1 0 0 0 1 1 0 0 1 0 1 1 0 1 1 0 1 1 1 1 0 1 0 1 1 0 0 1 0 0 0 0 0 0 0 0 0 0
170	25	1 1 0 0 1 1 1 1 1 1 1 1 1 0 0 0 1 1 0 0 1 0 1 1 0 1 1 0 1 1 1 1 0 1 0 1 1 0 0 1 0 0 0 0 0 0 0 0 1 0
170	14	1 1 1 0 1 1 1 1 1 1 1 1 1 0 0 0 1 1 0 0 1 0 1 1 0 1 1 0 1 1 1 1 0 1 0 1 1 0 0 1 0 0 0 0 0 0 0 0 1 0
170	1	1 1 0 0 1 1 1 1 1 1 1 1 1 0 0 0 1 1 0 0 1 0 1 1 0 1 1 0 0 1 1 0 0 1 0 1 1 0 0 1 0 0 0 0 0 0 0 0 1 0
180	1	1 1 0 1 1 1 1 1 1 1 1 1 1 0 0 0 1 1 0 0 1 0 1 1 0 1 1 0 1 1 1 1 0 1 0 1 1 0 0 1 0 0 0 0 0 0 0 0 1 0
180	1	1 1 1 1 1 1 1 1 1 1 1 1 1 0 0 1 1 1 0 0 1 1 1 1 0 1 1 0 1 1 1 1 0 1 0 1 1 0 0 1 0 0 0 0 0 0 0 0 1 0
180	2	1 1 0 1 1 1 1 1 1 1 1 1 1 0 0 1 1 1 0 0 1 1 1 1 0 1 1 0 1 1 1 1 0 1 0 1 1 0 0 1 0 0 0 0 0 0 0 0 1 0
180	3	1 1 0 1 1 1 1 1 1 1 1 1 1 0 0 0 0 1 0 0 1 1 1 1 0 1 1 0 1 1 1 1 0 1 0 1 0 0 0 1 0 0 0 0 0 0 0 0 1 0
180	2	1 1 0 1 1 1 1 1 1 1 1 1 1 0 0 0 1 1 0 0 1 1 1 1 0 1 1 0 1 1 1 1 0 1 0 1 1 0 0 1 0 0 0 0 0 0 0 0 1 0
180	1	1 1 0 0 1 1 1 1 1 1 1 0 1 0 0 0 1 1 0 0 1 0 1 1 0 1 0 0 1 1 1 1 0 1 0 1 1 0 0 1 0 0 0 0 0 0 0 0 1 0
180	2	1 1 0 0 1 1 1 1 1 1 1 1 1 0 0 0 1 1 0 0 1 0 1 1 0 1 1 0 1 1 1 1 0 1 0 1 1 1 0 1 0 0 0 0 0 0 0 0 0 0
180	1	1 1 0 0 1 1 1 1 1 1 1 1 1 0 0 0 1 1 0 0 1 0 1 1 0 1 1 1 1 1 1 1 0 1 0 1 1 0 0 1 0 0 0 0 0 0 0 0 0 0
180	1	1 1 0 0 1 1 1 1 1 1 1 1 1 0 0 0 1 1 1 0 1 0 1 1 0 1 1 0 1 1 1 1 0 1 0 1 1 0 0 1 0 0 0 0 0 0 0 0 0 0
180	1	1 1 0 0 1 1 1 1 1 0 1 1 1 0 0 0 1 1 0 0 1 0 1 1 0 1 1 0 1 1 1 1 0 1 0 1 1 0 0 1 0 0 0 0 0 0 0 0 0 0
180	1	1 1 0 0 1 1 1 1 1 1 1 1 1 0 0 0 1 1 0 0 1 0 0 1 0 1 1 0 1 1 1 1 0 1 0 1 1 0 0 1 0 0 0 0 0 0 0 0 0 0
180	1	1 1 0 0 1 1 1 1 1 1 1 1 1 0 0 0 1 1 0 0 1 0 1 1 0 1 1 0 1 1 1 1 0 1 0 0 1 0 0 1 0 0 0 0 0 0 0 0 0 0
180	50	1 1 0 0 1 1 1 1 1 1 1 1 1 0 0 0 1 1 0 0 1 0 1 1 0 1 1 0 1 1 1 1 0 1 0 1 1 0 0 1 0 0 0 0 0 0 0 0 0 0
180	1	1 1 0 0 1 1 1 1 1 1 1 1 1 0 0 0 1 1 0 0 1 0 1 1 0 1 1 0 1 1 1 1 0 0 0 1 1 0 0 1 0 0 0 0 0 0 0 0 1 0
180	1	1 1 0 0 1 1 1 1 1 1 1 1 1 0 0 0 1 1 0 0 1 0 1 1 0 1 1 0 1 1 1 1 0 1 0 1 1 0 1 1 0 0 0 0 0 0 0 0 1 0
180	15	1 1 0 0 1 1 1 1 1 1 1 1 1 0 0 0 1 1 0 0 1 0 1 1 0 1 1 0 1 1 1 1 0 1 0 1 1 0 0 1 0 0 0 0 0 0 0 0 1 0
180	13	1 1 1 0 1 1 1 1 1 1 1 1 1 0 0 0 1 1 0 0 1 0 1 1 0 1 1 0 1 1 1 1 0 1 0 1 1 0 0 1 0 0 0 0 0 0 0 0 1 0
180	2	1 1 0 0 1 1 1 1 1 1 1 1 1 0 0 0 1 1 0 0 1 0 1 1 0 1 1 0 0 1 1 0 0 1 0 1 1 0 0 1 0 0 0 0 0 0 0 0 1 0
180	1	1 1 0 0 1 1 1 1 1 1 1 1 1 0 0 0 1 1 0 0 1 0 1 1 0 1 1 0 1 1 0 1 0 1 0 1 1 0 0 1 0 0 0 0 0 0 0 0 0 0
190	1	1 1 1 1 1 1 1 1 1 1 1 1 1 0 0 1 1 1 0 0 1 1 1 1 0 1 1 0 1 1 1 1 0 1 0 1 1 0 0 1 0 0 0 0 0 0 0 0 1 0
190	3	1 1 0 1 1 1 1 1 1 1 1 1 1 0 0 1 1 1 0 0 1 1 1 1 0 1 1 0 1 1 1 1 0 1 0 1 1 0 0 1 0 0 0 0 0 0 0 0 1 0
190	3	1 1 0 1 1 1 1 1 1 1 1 1 1 0 0 0 0 1 0 0 1 1 1 1 0 1 1 0 1 1 1 1 0 1 0 1 0 0 0 1 0 0 0 0 0 0 0 0 1 0
190	2	1 1 0 1 1 1 1 1 1 1 1 1 1 0 0 0 1 1 0 0 1 1 1 1 0 1 1 0 1 1 1 1 0 1 0 1 1 0 0 1 0 0 0 0 0 0 0 0 1 0
190	1	1 1 0 0 1 1 1 1 1 1 1 1 1 0 0 0 1 1 0 0 1 0 1 1 0 1 1 0 1 1 1 1 0 1 0 1 1 1 0 1 0 0 0 0 0 0 0 0 0 0
190	1	1 1 0 0 1 1 1 1 1 1 1 1 1 0 0 0 1 1 0 0 1 0 1 1 0 1 1 1 1 1 1 1 0 1 0 1 1 0 0 1 0 0 0 0 0 0 0 0 0 0
190	3	1 1 0 0 1 1 1 1 1 1 1 1 1 0 0 0 1 1 1 0 1 0 1 1 0 1 1 0 1 1 1 1 0 1 0 1 1 0 0 1 0 0 0 0 0 0 0 0 0 0
190	1	1 1 0 0 1 1 1 1 1 1 1 1 1 0 0 0 1 1 0 0 1 0 1 1 0 1 1 0 1 1 1 1 0 1 0 0 1 0 0 1 0 0 0 0 0 0 0 0 0 0
190	2	1 1 0 0 1 1 1 1 1 1 1 1 1 0 0 0 1 1 0 0 1 0 1 1 0 1 1 0 1 1 1 1 0 1 0 1 1 0 0 1 0 0 0 0 0 0 0 0 1 0
190	1	1 1 0 0 1 1 1 1 1 1 1 1 1 0 0 0 1 1 0 0 1 0 1 1 0 1 1 0 1 1 1 1 0 1 0 1 1 0 0 0 0 0 0 0 0 0 0 0 0 0
190	1	1 1 0 0 1 1 1 1 1 1 1 1 1 0 0 0 1 1 0 0 1 0 1 1 0 1 1 0 1 1 1 1 0 1 0 1 1 0 0 1 1 0 0 0 0 0 0 0 0 0
190	1	1 1 0 0 1 1 1 1 1 1 1 1 1 0 0 0 1 1 0 0 1 0 1 1 0 1 1 0 1 1 1 1 0 0 0 1 1 0 0 1 0 0 0 0 0 0 0 0 0 0
190	63	1 1 0 0 1 1 1 1 1 1 1 1 1 0 0 0 1 1 0 0 1 0 1 1 0 1 1 0 1 1 1 1 0 1 0 1 1 0 0 1 0 0 0 0 0 0 0 0 0 0
190	1	1 1 0 0 1 1 1 1 1 1 1 1 1 0 0 0 1 1 0 0 1 0 1 1 0 1 1 0 1 1 1 1 0 0 0 1 1 0 0 1 0 0 0 0 0 0 0 0 1 0
190	2	1 1 0 0 1 1 1 1 1 1 1 1 1 0 0 0 1 1 0 0 1 0 1 1 0 1 1 0 1 1 1 1 0 1 0 1 1 0 1 1 0 0 0 0 0 0 0 0 1 0
190	1	1 1 1 0 1 1 1 1 1 0 1 1 1 0 0 0 1 1 0 0 1 0 1 1 0 1 1 0 1 1 1 1 0 1 0 1 1 0 0 1 0 0 0 0 0 0 0 0 1 0
190	10	1 1 1 0 1 1 1 1 1 1 1 1 1 0 0 0 1 1 0 0 1 0 1 1 0 1 1 0 1 1 1 1 0 1 0 1 1 0 0 1 0 0 0 0 0 0 0 0 1 0
190	2	1 1 0 0 1 1 1 1 1 1 1 1 1 0 0 0 1 1 0 0 1 0 1 1 0 1 1 0 0 1 1 0 0 1 0 1 1 0 0 1 0 0 0 0 0 0 0 0 1 0
190	1	1 1 0 0 1 1 1 1 1 1 1 1 1 0 0 0 1 1 0 0 1 0 1 1 0 1 1 0 1 1 0 1 0 1 0 1 1 0 0 1 0 0 0 0 0 0 0 0 0 0
200	2	1 1 1 1 1 1 1 1 1 1 1 1 1 0 0 1 1 1 0 0 1 1 1 1 0 1 1 0 1 1 1 1 0 1 0 1 1 0 0 1 0 0 0 0 0 0 0 0 1 0
200	1	1 1 0 1 1 1 1 1 1 1 1 1 1 0 0 1 1 1 0 0 1 1 1 1 0 1 1 0 1 1 1 1 0 1 0 1 1 0 0 1 0 0 0 0 0 0 0 0 1 0
200	1	1 1 0 1 1 1 1 1 1 1 1 1 1 0 0 0 0 1 0 0 1 1 1 1 0 1 1 0 1 1 1 1 0 1 0 1 0 0 0 1 0 0 0 0 0 0 0 0 1 0
200	2	1 1 0 0 1 1 1 1 1 0 1 1 1 0 0 0 1 1 0 0 1 0 1 1 0 1 1 0 1 1 1 1 0 1 0 1 1 0 0 1 0 0 0 0 0 0 0 0 0 0
200	2	1 1 0 0 1 1 1 1 1 1 1 1 1 0 0 0 1 1 0 0 1 0 1 1 0 1 1 0 1 1 1 0 0 1 0 1 1 0 0 1 0 0 0 0 0 0 0 0 0 0
200	1	1 1 0 0 1 1 1 1 1 1 1 1 1 0 0 0 1 1 0 0 1 0 1 1 0 1 1 0 1 1 1 1 0 1 0 1 1 0 0 1 0 0 0 0 0 0 0 0 1 0
200	73	1 1 0 0 1 1 1 1 1 1 1 1 1 0 0 0 1 1 0 0 1 0 1 1 0 1 1 0 1 1 1 1 0 1 0 1 1 0 0 1 0 0 0 0 0 0 0 0 0 0
200	1	1 1 0 0 1 1 1 1 1 1 1 1 1 0 0 0 1 1 0 0 1 0 1 1 0 1 1 0 1 1 1 1 0 1 0 0 1 0 0 1 0 0 0 0 0 0 0 0 0 0
200	1	1 1 0 0 1 1 1 1 1 1 1 1 1 0 0 0 1 0 0 0 1 0 1 1 0 1 1 0 1 1 1 1 0 1 0 1 1 0 0 1 1 0 0 0 0 0 0 0 0 0
200	3	1 1 0 0 1 1 1 1 1 1 1 1 1 0 0 0 1 1 0 0 1 0 1 1 0 1 1 0 1 1 1 1 0 1 0 1 1 0 0 1 1 0 0 0 0 0 0 0 0 0
200	1	1 1 0 0 1 1 1 1 1 1 1 1 1 0 0 0 1 1 0 0 1 0 1 1 0 1 1 0 1 1 1 1 0 0 0 1 1 0 0 1 0 0 0 0 0 0 0 0 1 0
200	11	1 1 1 0 1 1 1 1 1 1 1 1 1 0 0 0 1 1 0 0 1 0 1 1 0 1 1 0 1 1 1 1 0 1 0 1 1 0 0 1 0 0 0 0 0 0 0 0 1 0
200	1	1 1 0 0 1 1 1 1 1 1 1 1 1 0 0 0 1 1 0 0 1 0 1 1 0 1 1 0 0 1 1 0 0 1 0 1 1 0 0 1 0 0 0 0 0 0 0 0 1 0
210	1	1 1 0 1 1 1 1 1 1 1 1 1 1 0 0 1 1 1 0 0 1 1 1 0 0 1 1 0 1 1 1 1 0 1 0 1 1 0 0 1 0 0 0 0 0 0 0 0 1 0
210	3	1 1 0 1 1 1 1 1 1 1 1 1 1 0 0 1 1 1 0 0 1 1 1 1 0 1 1 0 1 1 1 1 0 1 0 1 1 0 0 1 0 0 0 0 0 0 0 0 1 0
210	2	1 1 0 1 1 1 1 1 1 1 1 1 1 0 0 0 1 1 0 0 1 1 1 1 0 1 1 0 1 1 1 1 0 1 0 1 1 0 0 0 0 0 0 0 0 0 0 0 1 0
210	4	1 1 0 1 1 1 1 1 1 1 1 1 1 0 0 0 1 1 0 0 1 1 1 1 0 1 1 0 1 1 1 1 0 1 0 1 1 0 0 1 0 0 0 0 0 0 0 0 1 0
210	1	1 1 0 0 1 1 1 1 1 1 1 1 1 1 0 0 1 1 1 0 1 0 1 1 0 1 1 0 1 1 1 1 0 1 0 1 1 0 0 1 0 0 0 0 0 0 0 0 0 0
210	2	1 1 0 0 1 1 1 1 1 1 1 1 1 0 0 0 1 1 1 0 1 0 1 1 0 1 1 0 1 1 1 1 0 1 0 1 1 0 0 1 0 0 0 0 0 0 0 0 0 0
210	1	1 1 0 0 1 1 1 1 1 1 1 1 1 0 0 0 1 1 0 0 1 0 1 1 0 1 1 0 1 1 1 0 0 1 0 1 1 0 0 1 0 0 0 0 0 0 0 0 0 0
210	2	1 1 0 0 1 1 1 1 1 1 1 1 1 0 0 0 1 1 0 0 1 0 1 1 0 1 1 0 1 1 0 1 0 1 0 1 1 0 0 1 0 0 0 0 0 0 0 0 0 0
210	1	1 1 0 0 1 1 1 1 1 1 1 1 1 0 0 0 1 1 0 0 1 0 1 1 0 1 1 0 1 1 1 1 0 1 0 1 1 0 1 1 0 0 0 0 0 0 0 0 0 0
210	2	1 1 0 0 1 1 1 1 1 1 1 1 1 0 0 0 1 1 0 0 1 0 1 1 0 1 1 0 1 1 1 1 0 1 0 1 1 0 0 1 0 0 0 0 0 0 0 0 1 0
210	4	1 1 0 0 1 1 1 1 1 1 1 1 1 0 0 0 1 1 0 0 1 0 1 1 0 1 1 0 1 1 1 1 0 1 0 0 1 0 0 1 0 0 0 0 0 0 0 0 0 0
210	1	1 1 0 0 1 1 1 1 1 1 1 1 0 0 0 0 1 1 0 0 1 0 1 1 0 1 1 0 1 1 1 1 0 1 0 1 1 0 0 1 0 0 0 0 0 0 0 0 0 0
210	1	1 1 0 0 1 1 1 1 1 1 1 1 1 0 0 0 1 1 0 0 1 0 1 1 0 1 1 0 1 0 1 1 0 1 0 1 1 0 0 1 0 0 0 0 0 0 0 0 0 0
210	1	1 1 0 0 1 1 1 1 1 1 1 1 1 0 0 0 1 1 0 0 1 0 1 1 0 1 1 0 0 1 1 1 0 1 0 1 1 0 0 1 0 0 0 0 0 0 0 0 0 0
210	69	1 1 0 0 1 1 1 1 1 1 1 1 1 0 0 0 1 1 0 0 1 0 1 1 0 1 1 0 1 1 1 1 0 1 0 1 1 0 0 1 0 0 0 0 0 0 0 0 0 0
210	5	1 1 1 0 1 1 1 1 1 1 1 1 1 0 0 0 1 1 0 0 1 0 1 1 0 1 1 0 1 1 1 1 0 1 0 1 1 0 0 1 0 0 0 0 0 0 0 0 1 0
220	5	1 1 0 1 1 1 1 1 1 1 1 1 1 0 0 1 1 1 0 0 1 1 1 0 0 1 1 0 1 1 1 1 0 1 0 1 1 0 0 1 0 0 0 0 0 0 0 0 1 0
220	6	1 1 0 1 1 1 1 1 1 1 1 1 1 0 0 1 1 1 0 0 1 1 1 1 0 1 1 0 1 1 1 1 0 1 0 1 1 0 0 1 0 0 0 0 0 0 0 0 1 0
220	1	1 1 0 1 1 1 1 1 1 1 1 1 1 0 0 0 0 1 0 0 1 1 1 1 0 1 1 0 1 1 1 1 0 1 0 1 0 0 0 1 0 0 0 0 0 0 0 0 1 0
220	1	1 1 0 1 1 1 1 1 1 1 1 1 1 0 0 1 1 1 0 0 1 1 1 1 0 1 1 0 1 1 1 1 0 1 0 1 1 0 0 0 0 0 0 0 0 0 0 0 1 0
220	3	1 1 0 1 1 1 1 1 1 1 1 1 1 0 0 0 1 1 0 0 1 1 1 1 0 1 1 0 1 1 1 1 0 1 0 1 1 0 0 0 0 0 0 0 0 0 0 0 1 0
220	2	1 1 0 1 1 1 1 1 1 1 1 1 1 0 0 0 1 1 0 0 1 1 1 1 0 1 1 0 1 1 0 1 0 1 0 1 1 0 0 1 0 0 0 0 0 0 0 0 1 0
220	4	1 1 0 1 1 1 1 1 1 1 1 1 1 0 0 0 1 1 0 0 1 1 1 1 0 1 1 0 1 1 1 1 0 1 0 1 1 0 0 1 0 0 0 0 0 0 0 0 1 0
220	1	1 1 0 0 0 1 1 1 1 1 1 1 1 0 0 0 1 1 1 0 1 0 1 1 0 1 1 0 1 1 1 1 0 1 0 1 1 0 0 1 0 0 0 0 0 0 0 0 0 0
220	1	1 1 0 0 1 1 1 1 1 1 1 1 1 0 0 0 1 1 1 0 1 0 1 1 0 1 1 0 1 1 1 1 0 1 0 1 1 0 0 1 0 0 0 0 0 0 0 0 0 0
220	2	1 1 0 0 1 1 1 1 1 1 1 1 1 0 0 0 1 1 0 0 1 0 1 1 0 1 1 0 1 1 0 1 0 1 0 1 1 0 0 1 0 0 0 0 0 0 0 0 0 0
220	3	1 1 0 0 1 1 1 1 1 1 1 1 1 0 0 0 1 1 0 0 1 0 1 1 0 1 1 0 1 1 1 1 0 1 0 0 1 0 0 1 0 0 0 0 0 0 0 0 0 0
220	2	1 1 0 0 1 1 1 1 1 1 1 1 1 0 0 0 1 1 0 0 1 0 1 1 0 1 1 0 1 1 1 1 0 1 0 1 0 0 0 1 0 0 0 0 0 0 0 0 0 0
220	1	1 1 0 0 1 1 1 1 1 1 1 1 1 0 0 0 1 1 0 0 1 0 1 1 0 0 1 0 1 1 1 1 0 1 0 1 1 0 0 1 0 0 0 0 0 0 0 0 0 0
220	1	1 1 0 0 1 1 1 1 1 1 1 1 1 0 0 0 1 1 0 0 1 0 1 1 0 1 1 0 1 1 1 1 0 1 0 1 1 1 0 1 0 0 0 0 0 0 0 0 0 0
220	1	1 1 0 0 1 1 1 1 1 1 1 1 1 0 0 0 0 1 0 0 1 0 1 1 0 1 1 0 1 1 1 1 0 1 0 1 1 0 0 1 0 0 0 0 0 0 0 0 0 0
220	60	1 1 0 0 1 1 1 1 1 1 1 1 1 0 0 0 1 1 0 0 1 0 1 1 0 1 1 0 1 1 1 1 0 1 0 1 1 0 0 1 0 0 0 0 0 0 0 0 0 0
220	1	1 1 0 0 1 1 1 1 1 1 1 1 1 0 0 0 1 1 0 0 1 0 1 1 0 1 1 0 1 1 1 1 0 1 0 1 1 0 1 1 0 0 0 0 0 0 0 0 1 0
220	5	1 1 1 0 1 1 1 1 1 1 1 1 1 0 0 0 1 1 0 0 1 0 1 1 0 1 1 0 1 1 1 1 0 1 0 1 1 0 0 1 0 0 0 0 0 0 0 0 1 0
230	2	1 1 0 1 1 1 1 1 1 1 1 1 1 0 0 1 1 1 0 0 1 1 1 0 0 1 1 0 1 1 1 1 0 1 0 1 1 0 0 1 0 0 0 0 0 0 0 0 1 0
230	9	1 1 0 1 1 1 1 1 1 1 1 1 1 0 0 0 1 1 0 0 1 1 1 1 0 1 1 0 1 1 1 1 0 1 0 1 1 0 0 1 0 0 0 0 0 0 1 0 1 0
230	1	1 1 0 1 1 1 1 1 1 1 1 1 1 0 0 0 1 1 0 0 1 1 1 1 0 1 1 0 1 1 1 1 0 1 0 1 1 0 0 1 0 0 0 0 0 0 0 0 1 0
230	5	1 1 0 0 1 1 1 1 1 1 1 1 1 0 0 0 1 1 0 0 1 0 1 1 0 1 1 0 1 1 0 1 0 1 0 1 1 0 0 1 0 0 0 0 0 0 0 0 0 0
230	2	1 1 0 0 1 1 1 1 1 1 1 1 1 0 0 0 1 1 0 0 1 0 1 1 0 1 1 0 1 1 1 1 0 1 0 0 1 0 0 1 0 0 0 0 0 0 0 0 0 0
230	1	1 1 0 0 1 1 1 1 1 1 1 1 1 0 0 0 1 1 0 0 1 0 1 1 0 1 1 0 1 1 1 1 0 1 0 1 1 0 0 1 0 0 0 0 0 1 0 0 0 0
230	2	1 1 0 0 1 1 1 1 1 1 1 1 1 0 0 0 1 1 0 0 1 0 1 1 0 1 1 0 1 1 1 1 0 1 0 1 0 0 0 1 0 0 0 0 0 0 0 0 0 0
230	1	0 1 0 0 1 1 1 1 1 1 1 1 1 0 0 0 1 1 0 0 1 0 1 1 0 1 1 0 1 1 1 1 0 1 0 1 1 0 0 1 0 0 0 0 0 0 0 0 0 0
230	1	1 1 0 0 1 1 1 1 1 1 1 1 1 0 0 0 1 1 0 1 1 0 1 1 0 1 1 0 1 1 1 1 0 1 0 1 1 0 0 1 0 0 0 0 0 0 0 0 0 0
230	3	1 1 0 0 1 1 1 1 1 1 1 1 1 0 0 0 1 1 0 0 1 0 1 1 0 1 1 0 1 1 1 1 0 1 0 1 1 0 0 0 0 0 0 0 0 0 0 0 0 0
230	1	1 1 0 1 1 1 1 1 1 1 1 1 1 0 0 0 1 1 0 0 1 0 1 1 0 1 1 0 1 1 1 1 0 1 0 1 1 0 0 1 0 0 0 0 0 0 0 0 0 0
230	66	1 1 0 0 1 1 1 1 1 1 1 1 1 0 0 0 1 1 0 0 1 0 1 1 0 1 1 0 1 1 1 1 0 1 0 1 1 0 0 1 0 0 0 0 0 0 0 0 0 0
230	6	1 1 1 0 1 1 1 1 1 1 1 1 1 0 0 0 1 1 0 0 1 0 1 1 0 1 1 0 1 1 1 1 0 1 0 1 1 0 0 1 0 0 0 0 0 0 0 0 1 0
240	3	1 1 0 1 1 1 1 1 1 1 1 1 1 0 0 1 1 1 0 0 1 1 1 0 0 1 1 0 1 1 1 1 0 1 0 1 1 0 0 1 0 0 0 0 0 0 0 0 1 0
240	1	1 1 0 1 1 1 1 1 1 1 1 1 1 0 0 1 1 1 0 0 1 1 1 1 0 1 1 0 1 1 1 1 0 1 0 1 1 0 0 1 0 0 0 0 0 0 0 0 1 0
240	1	1 1 0 1 1 1 1 1 1 1 1 1 1 0 0 0 1 1 0 0 1 1 1 1 0 1 1 0 1 1 1 1 0 1 0 1 1 0 0 1 0 0 0 0 0 0 1 0 1 0
240	2	1 1 0 0 1 1 1 1 1 1 1 1 1 0 0 0 1 1 1 0 1 0 1 1 0 1 1 0 1 1 1 1 0 1 0 1 1 0 0 1 0 0 0 0 0 0 0 0 0 0
240	4	1 1 0 0 1 1 1 1 1 1 1 1 1 0 0 0 1 1 0 0 1 0 1 1 0 1 1 0 1 1 0 1 0 1 0 1 1 0 0 1 0 0 0 0 0 0 0 0 0 0
240	1	1 1 0 0 1 1 1 1 1 1 1 1 1 0 0 0 1 1 0 0 1 0 1 1 0 1 1 0 1 1 1 1 0 1 0 0 1 0 0 1 0 0 0 0 0 0 0 0 0 0
240	1	1 1 0 0 1 1 1 1 1 1 1 1 1 0 0 1 1 1 0 0 1 0 1 1 0 1 1 0 1 1 1 1 0 1 0 1 1 0 0 1 0 0 0 0 0 0 0 0 0 1
240	1	1 1 0 0 1 1 1 1 1 1 1 1 1 0 0 0 1 1 0 0 1 0 1 1 0 1 1 0 1 1 1 1 0 1 0 1 0 0 0 1 0 0 0 0 0 0 0 0 0 0
240	1	1 1 0 0 1 1 1 1 1 1 1 1 1 0 0 0 1 1 0 0 1 0 1 1 0 0 1 0 1 1 1 1 0 1 0 1 1 0 0 1 0 0 0 0 0 0 0 0 0 0
240	3	1 1 0 0 1 1 1 1 1 1 1 1 1 0 0 0 1 1 0 0 1 0 1 0 0 1 1 0 1 1 1 1 0 1 0 1 1 0 0 1 0 0 0 0 0 0 0 0 0 0
240	2	1 1 0 0 0 1 1 1 1 1 1 1 1 0 0 0 1 1 0 0 1 0 1 1 0 1 1 0 1 1 1 1 0 1 0 1 1 0 0 1 0 0 0 0 0 0 0 0 0 0
240	1	1 1 0 0 1 1 1 1 1 1 1 1 1 0 0 0 1 1 0 0 1 0 1 1 0 1 1 0 1 1 1 1 0 1 0 1 1 0 0 1 0 1 0 0 0 0 0 0 0 0
240	1	1 1 0 0 1 1 1 1 1 1 1 1 1 0 0 0 1 1 0 0 1 0 1 1 0 1 1 0 1 1 1 1 0 1 0 1 1 0 0 1 0 0 1 0 0 0 0 0 0 0
240	1	1 1 0 0 1 1 0 1 1 1 1 1 1 0 0 0 1 1 0 0 1 0 1 1 0 1 1 0 1 1 1 1 0 1 0 1 1 0 0 1 0 0 0 0 0 0 0 0 0 0
240	1	1 1 0 0 1 1 1 1 1 1 1 1 1 0 0 0 1 1 0 0 1 0 1 1 0 1 1 0 1 1 1 1 0 1 0 1 1 0 0 1 0 0 0 0 0 0 0 0 1 0
240	57	1 1 0 0 1 1 1 1 1 1 1 1 1 0 0 0 1 1 0 0 1 0 1 1 0 1 1 0 1 1 1 1 0 1 0 1 1 0 0 1 0 0 0 0 0 0 0 0 0 0
240	1	1 1 1 0 1 1 1 1 1 1 1 1 0 0 0 0 1 1 0 0 1 0 1 1 0 1 1 0 1 1 1 1 0 1 0 1 1 0 0 1 0 0 0 0 0 0 0 0 1 0
240	3	1 1 1 0 1 1 1 1 1 1 1 1 1 1 0 0 1 1 0 0 1 0 1 1 0 1 1 0 1 1 1 1 0 1 0 1 1 0 0 1 0 0 0 0 0 0 0 0 1 0
240	15	1 1 1 0 1 1 1 1 1 1 1 1 1 0 0 0 1 1 0 0 1 0 1 1 0 1 1 0 1 1 1 1 0 1 0 1 1 0 0 1 0 0 0 0 0 0 0 0 1 0
250	4	1 1 0 1 1 1 1 1 1 1 1 1 1 0 0 1 1 1 0 0 1 1 1 0 0 1 1 0 1 1 1 1 0 1 0 1 1 0 0 1 0 0 0 0 0 0 0 0 1 0
250	3	1 1 0 1 1 1 1 1 1 1 1 1 1 0 0 0 1 1 0 0 1 1 1 1 0 1 1 0 1 1 0 1 0 1 0 1 1 0 0 1 0 0 0 0 0 0 0 0 1 0
250	2	1 1 0 1 1 1 1 1 1 1 1 1 1 0 0 0 1 1 0 0 1 1 1 1 0 1 1 0 1 1 1 1 0 1 0 1 1 0 0 1 0 0 0 0 0 0 0 0 1 0
250	2	1 1 0 0 1 1 1 1 1 1 1 1 1 0 0 0 1 1 1 0 1 0 1 1 0 1 1 0 1 1 1 1 0 1 0 1 1 0 0 1 0 0 0 0 0 0 0 0 0 0
250	1	1 1 0 0 1 1 1 1 1 1 1 1 1 0 0 0 1 1 0 0 1 0 1 1 0 1 1 0 1 1 0 1 0 1 0 1 1 0 0 1 0 0 0 0 0 0 0 0 0 0
250	1	1 1 0 0 1 1 1 1 1 1 1 1 1 0 0 0 1 1 0 0 1 0 1 1 0 1 1 0 1 1 1 1 0 1 0 0 1 0 0 1 0 0 0 0 0 0 0 0 0 0
250	1	1 1 0 0 1 1 1 1 1 1 1 1 1 0 0 0 1 1 0 0 1 0 1 1 0 1 1 0 1 1 1 1 0 1 0 1 0 0 0 1 0 0 0 0 0 0 0 0 0 0
250	54	1 1 0 0 1 1 1 1 1 1 1 1 1 0 0 0 1 1 0 0 1 0 1 1 0 1 1 0 1 1 1 1 0 1 0 1 1 0 0 1 0 0 0 0 0 0 0 0 0 0
250	1	1 1 0 0 1 1 1 1 1 1 1 1 1 0 0 0 1 1 0 0 1 0 1 1 0 1 1 0 1 1 1 1 0 1 0 1 1 0 0 1 0 0 0 0 0 0 0 1 0 0
250	2	1 1 0 1 1 1 1 1 1 1 1 1 1 0 0 0 1 1 0 0 1 0 1 1 0 1 1 0 1 1 1 1 0 1 0 1 1 0 0 1 0 0 0 0 0 0 0 0 0 0
250	1	1 1 0 0 1 1 1 1 1 1 1 1 1 0 0 0 1 1 0 0 1 0 1 1 0 1 1 0 0 1 1 1 0 1 0 1 1 0 0 1 0 0 0 0 0 0 0 0 0 0
250	1	1 1 0 0 0 1 1 1 1 1 1 1 1 0 0 0 1 1 0 0 1 0 1 1 0 1 1 0 1 1 1 1 0 1 0 1 1 0 0 1 0 0 0 0 0 0 0 0 0 0
250	1	1 1 0 0 1 1 1 1 1 1 1 1 1 0 0 0 1 1 0 0 1 0 1 1 1 1 1 0 1 1 1 1 0 1 0 1 1 0 0 1 0 0 0 0 0 0 0 0 0 0
250	5	1 1 0 0 1 1 1 1 1 1 1 1 1 0 1 0 1 1 0 0 1 0 1 1 0 1 1 0 1 1 1 1 0 1 0 1 1 0 0 1 0 0 0 0 0 0 0 0 0 0
250	1	1 1 0 0 1 1 1 1 1 1 1 1 1 0 0 0 1 1 0 0 1 0 1 1 0 1 1 0 1 1 1 1 0 1 0 1 1 0 0 1 0 0 0 0 0 0 0 0 0 1
250	1	1 1 0 0 1 1 1 1 1 1 1 1 1 0 0 0 1 1 0 0 1 0 1 1 0 1 1 0 1 1 1 1 0 0 0 1 1 0 0 1 0 0 0 0 0 0 0 0 0 0
250	1	1 1 0 0 1 0 1 1 1 1 1 1 1 0 0 0 1 1 0 0 1 0 1 1 0 1 1 0 1 1 1 1 0 1 0 1 1 0 0 1 0 0 0 0 0 0 0 0 0 0
250	1	1 1 0 0 1 1 1 1 1 1 1 1 1 0 0 0 1 1 0 0 1 0 1 1 0 0 1 0 1 1 1 1 0 1 0 1 1 0 0 1 0 0 0 0 0 0 0 0 0 0
250	3	1 1 1 0 1 1 1 1 1 1 1 1 1 1 0 0 1 1 0 0 1 0 1 1 0 1 1 0 1 1 1 1 0 1 0 1 1 0 0 1 0 0 0 0 0 0 0 0 1 0
250	14	1 1 1 0 1 1 1 1 1 1 1 1 1 0 0 0 1 1 0 0 1 0 1 1 0 1 1 0 1 1 1 1 0 1 0 1 1 0 0 1 0 0 0 0 0 0 0 0 1 0
260	1	1 1 0 1 1 1 1 1 1 1 1 1 1 0 0 1 1 1 0 0 1 1 1 0 0 1 1 0 1 1 1 1 0 1 0 1 1 0 0 1 0 0 0 0 0 0 0 0 1 0
260	3	1 1 0 1 1 1 1 1 1 1 1 1 1 0 0 0 1 1 0 0 1 1 1 1 0 1 1 0 1 1 0 1 0 1 0 1 1 0 0 1 0 0 0 0 0 0 0 0 1 0
260	1	1 1 0 1 1 1 1 1 1 1 1 1 1 0 0 0 1 1 0 0 1 1 1 1 0 1 1 0 1 1 1 1 0 1 0 1 1 0 0 1 0 0 0 0 0 0 0 0 1 0
260	2	1 1 0 0 1 1 1 1 1 1 1 1 1 0 0 0 1 1 1 0 1 0 1 1 0 1 1 0 1 1 1 1 0 1 0 1 1 0 0 1 0 0 0 0 0 0 0 0 0 0
260	2	1 1 0 0 1 1 1 1 1 1 1 1 1 0 0 0 1 1 0 0 1 0 1 1 0 1 1 0 1 1 0 1 0 1 0 1 1 0 0 1 0 0 0 0 0 0 0 0 0 0
260	1	1 1 0 0 1 1 1 1 1 1 1 1 1 0 0 1 1 1 0 0 1 0 1 1 0 1 1 0 1 1 1 1 0 1 0 1 1 0 0 1 0 0 0 0 0 0 0 0 0 0
260	1	1 1 0 0 1 1 1 1 1 1 1 1 1 0 0 0 1 1 0 0 1 0 1 1 0 1 1 0 1 1 1 1 0 0 0 1 1 1 0 1 0 0 0 0 0 0 0 0 0 0
260	61	1 1 0 0 1 1 1 1 1 1 1 1 1 0 0 0 1 1 0 0 1 0 1 1 0 1 1 0 1 1 1 1 0 1 0 1 1 0 0 1 0 0 0 0 0 0 0 0 0 0
260	2	1 1 0 0 1 1 1 1 1 1 1 1 1 0 0 0 1 1 0 0 1 0 1 1 0 1 1 0 1 1 1 1 0 1 0 1 1 0 0 1 0 0 0 0 0 0 0 1 0 0
260	1	1 1 0 0 1 1 1 1 1 1 1 1 1 0 0 0 1 0 0 0 1 0 1 1 0 1 1 0 1 1 1 1 0 1 0 1 1 0 0 0 0 0 0 0 0 0 0 0 0 0
260	3	1 1 0 0 1 1 1 1 1 1 1 1 1 0 0 0 1 1 0 0 1 0 1 1 1 1 1 0 1 1 1 1 0 1 0 1 1 0 0 1 0 0 0 0 0 0 0 0 0 0
260	2	1 1 0 0 1 1 0 1 1 1 1 1 1 0 1 0 1 1 0 0 1 0 1 1 0 1 1 0 1 1 1 1 0 1 0 1 1 0 0 1 0 0 0 0 0 0 0 0 0 0
260	1	1 1 0 0 1 1 1 1 1 1 1 1 1 0 1 0 1 1 0 0 1 0 1 1 0 1 1 0 1 1 1 1 0 1 0 1 1 0 1 1 0 0 0 0 0 0 0 0 0 0
260	3	1 1 0 0 1 1 1 1 1 1 1 1 1 0 1 0 1 1 0 0 1 0 1 1 0 1 1 0 1 1 1 1 0 1 0 1 1 0 0 1 0 0 0 0 0 0 0 0 0 0
260	16	1 1 1 0 1 1 1 1 1 1 1 1 1 0 0 0 1 1 0 0 1 0 1 1 0 1 1 0 1 1 1 1 0 1 0 1 1 0 0 1 0 0 0 0 0 0 0 0 1 0
270	3	1 1 0 1 1 1 1 1 1 1 1 1 1 0 0 1 1 0 0 0 1 1 1 0 0 1 1 0 1 1 1 1 0 1 0 1 1 0 0 1 0 0 0 0 0 0 0 0 1 0
270	2	1 1 0 1 1 1 1 1 1 1 1 1 1 0 0 1 1 1 0 0 1 1 1 0 0 1 1 0 1 1 1 1 0 1 0 1 1 0 0 1 0 0 0 0 0 0 0 0 1 0
270	2	1 1 0 1 1 1 1 1 1 1 1 1 1 0 0 0 1 1 0 1 1 1 1 1 0 1 1 0 1 1 0 1 0 1 0 1 1 0 0 1 0 0 0 0 0 0 0 0 1 0
270	5	1 1 0 1 1 1 1 1 1 1 1 1 1 0 0 0 1 1 0 0 1 1 1 1 0 1 1 0 1 1 0 1 0 1 0 1 1 0 0 1 0 0 0 0 0 0 0 0 1 0
270	1	1 1 0 1 1 1 1 1 1 1 1 1 1 0 0 0 1 1 0 0 1 1 1 1 0 1 1 0 1 1 1 1 0 1 0 1 1 0 0 1 0 0 0 0 0 0 1 0 1 0
270	5	1 1 0 1 1 1 1 1 1 1 1 1 1 0 0 0 1 1 0 0 1 1 1 1 0 1 1 0 1 1 1 1 0 1 0 1 1 0 0 1 0 0 0 0 0 0 0 0 1 0
270	3	1 1 0 0 1 1 1 1 1 1 1 1 1 0 0 0 1 1 1 0 1 0 1 1 0 1 1 0 1 1 1 1 0 1 0 1 1 0 0 1 0 0 0 0 0 0 0 0 0 0
270	2	1 1 0 0 1 1 1 1 1 1 1 1 1 0 0 1 1 1 0 0 1 0 1 1 0 1 1 0 1 1 1 1 0 1 0 1 1 0 0 1 0 0 0 0 0 0 0 0 0 0
270	4	1 1 0 0 1 1 1 1 1 1 1 1 1 0 0 0 1 1 0 0 1 0 1 1 0 1 0 0 1 1 1 1 0 1 0 1 1 0 0 1 0 0 0 0 0 0 0 0 0 0
270	3	1 1 0 0 1 1 1 1 1 1 1 1 1 0 1 0 1 1 0 0 1 0 1 1 0 1 1 0 1 1 1 1 0 1 0 1 1 0 0 1 0 0 0 0 0 0 0 0 0 0
270	1	1 1 0 0 1 1 1 1 1 1 1 1 0 0 0 0 1 1 0 0 1 0 1 1 0 1 1 0 1 1 1 1 0 1 0 1 1 0 0 1 0 0 0 0 0 0 0 0 0 0
270	2	1 1 0 0 1 1 1 1 1 1 1 1 1 0 0 0 1 1 0 0 1 0 1 1 0 1 1 0 1 1 1 1 0 1 0 1 1 0 0 1 1 0 0 0 0 0 0 0 0 0
270	1	1 1 0 0 1 1 1 1 1 1 1 1 1 0 0 0 1 1 0 0 1 0 1 0 0 1 1 0 1 1 1 1 0 1 0 1 1 0 0 1 0 0 0 0 0 0 0 0 0 0
270	2	1 1 0 0 1 1 1 1 1 1 1 1 1 0 0 0 1 0 0 0 1 0 1 1 0 1 1 0 1 1 1 1 0 1 0 1 1 0 0 1 0 0 0 0 0 0 0 0 0 0
270	49	1 1 0 0 1 1 1 1 1 1 1 1 1 0 0 0 1 1 0 0 1 0 1 1 0 1 1 0 1 1 1 1 0 1 0 1 1 0 0 1 0 0 0 0 0 0 0 0 0 0
270	1	1 1 0 0 1 1 1 1 1 1 1 1 1 0 0 0 1 0 0 0 1 0 1 1 0 1 1 0 1 1 1 1 0 1 0 1 1 0 0 0 0 0 0 0 0 0 0 0 0 0
270	1	1 1 1 0 1 1 1 1 1 1 1 1 1 0 0 0 1 1 0 0 1 0 1 1 0 1 1 0 1 1 1 1 0 1 0 1 1 0 0 1 0 0 0 0 0 0 0 0 0 0
270	4	1 1 0 0 1 1 1 1 1 1 1 1 1 0 0 0 1 1 0 0 1 0 1 1 1 1 1 0 1 1 1 1 0 1 0 1 1 0 0 1 0 0 0 0 0 0 0 0 0 0
270	1	1 1 1 0 1 1 1 1 1 1 1 1 1 0 0 0 1 1 0 0 1 0 1 1 0 1 1 0 1 1 1 1 0 1 0 1 1 0 0 1 0 0 0 0 0 0 0 1 1 0
270	8	1 1 1 0 1 1 1 1 1 1 1 1 1 0 0 0 1 1 0 0 1 0 1 1 0 1 1 0 1 1 1 1 0 1 0 1 1 0 0 1 0 0 0 0 0 0 0 0 1 0
280	6	1 1 0 1 1 1 1 1 1 1 1 1 1 0 0 1 1 1 0 0 1 1 1 0 0 1 1 0 1 1 1 1 0 1 0 1 1 0 0 1 0 0 0 0 0 0 0 0 1 0
280	3	1 1 0 1 1 1 1 1 1 1 1 1 1 0 0 0 1 1 0 0 1 1 1 1 0 1 1 0 1 1 0 1 0 1 0 1 1 0 0 1 0 0 0 0 0 0 0 0 1 0
280	1	1 1 0 1 1 1 1 1 1 1 1 1 1 0 0 0 1 1 0 1 1 1 1 1 0 1 1 0 1 1 0 1 0 1 0 1 1 0 0 1 0 0 0 0 0 0 0 0 1 0
280	2	1 1 0 1 1 1 1 1 1 1 1 1 1 0 0 0 1 1 0 1 1 1 1 1 0 1 1 0 1 1 1 1 0 1 0 1 1 0 0 1 0 0 0 0 0 0 0 0 1 0
280	1	1 1 0 0 1 1 1 1 1 1 1 1 1 0 0 0 1 1 1 0 1 0 1 1 0 1 1 0 1 1 1 1 0 1 0 1 1 0 0 1 0 0 0 0 0 0 0 0 0 0
280	6	1 1 0 0 1 1 1 1 1 1 1 1 1 0 0 0 1 1 0 0 1 0 1 1 0 1 0 0 1 1 1 1 0 1 0 1 1 0 0 1 0 0 0 0 0 0 0 0 0 0
280	2	1 1 0 0 1 1 1 1 1 1 1 1 1 0 1 0 1 1 0 0 1 0 1 1 0 1 1 0 1 1 1 1 0 1 0 1 1 0 0 1 0 0 0 0 0 0 0 0 0 0
280	1	1 1 0 0 1 1 1 1 1 1 1 1 1 0 0 0 1 1 0 0 1 1 1 1 0 1 1 0 1 1 1 1 0 1 0 1 1 0 0 1 0 0 0 0 0 0 0 0 0 0
280	1	1 1 0 0 1 1 1 1 1 1 1 1 1 0 0 0 1 1 0 0 1 0 1 1 0 1 1 0 1 1 1 1 0 0 0 1 1 0 0 1 0 0 0 0 0 0 0 0 0 0
280	2	1 1 0 0 1 1 1 1 1 1 1 1 1 0 0 0 1 1 0 0 1 0 1 0 0 1 1 0 1 1 1 1 0 1 0 1 1 0 0 1 0 0 0 0 0 0 0 0 0 0
280	1	1 1 0 0 1 1 1 1 1 1 1 0 1 0 0 0 1 1 0 0 1 0 1 1 0 1 1 0 1 1 1 1 0 1 0 1 1 0 0 1 0 0 0 0 0 0 0 0 0 0
280	53	1 1 0 0 1 1 1 1 1 1 1 1 1 0 0 0 1 1 0 0 1 0 1 1 0 1 1 0 1 1 1 1 0 1 0 1 1 0 0 1 0 0 0 0 0 0 0 0 0 0
280	1	1 1 1 0 1 1 1 1 1 1 1 0 1 0 0 0 1 1 0 0 1 0 1 1 0 1 1 0 1 1 1 1 0 1 0 1 1 0 0 1 0 0 0 0 0 0 0 0 0 0
280	3	1 1 1 0 1 1 1 1 1 1 1 1 1 0 0 0 1 1 0 0 1 0 1 1 0 1 1 0 1 1 1 1 0 1 0 1 1 0 0 1 0 0 0 0 0 0 0 0 0 0
280	1	1 1 0 0 1 1 1 1 1 1 1 1 1 0 0 0 1 1 0 0 1 0 1 1 1 1 1 0 1 1 1 1 0 1 0 1 1 0 0 1 0 0 0 0 0 0 0 0 0 0
280	1	1 1 1 0 1 1 1 1 1 1 1 1 1 1 0 0 1 1 0 0 1 0 1 1 0 1 1 0 1 1 1 1 0 1 1 1 1 0 0 1 0 0 0 0 0 0 0 0 1 0
280	1	1 1 1 0 1 1 0 1 1 1 1 1 1 1 0 0 1 1 0 0 1 0 1 1 0 1 1 0 1 1 1 1 0 1 0 1 1 0 0 1 0 0 0 0 0 0 0 0 1 0
280	4	1 1 1 0 1 1 1 1 1 1 1 1 1 0 0 0 1 1 0 0 1 0 1 1 0 1 1 0 1 1 1 1 0 1 0 1 1 0 1 1 0 0 0 0 0 0 0 0 1 0
280	1	1 1 1 0 1 1 1 1 1 1 1 1 1 0 0 0 1 1 0 0 1 0 1 1 0 1 1 0 1 1 1 1 0 1 0 1 1 0 0 1 0 0 0 0 0 0 0 1 1 0
280	9	1 1 1 0 1 1 1 1 1 1 1 1 1 0 0 0 1 1 0 0 1 0 1 1 0 1 1 0 1 1 1 1 0 1 0 1 1 0 0 1 0 0 0 0 0 0 0 0 1 0
290	6	1 1 0 1 1 1 1 1 1 1 1 1 1 0 0 1 1 1 0 0 1 1 1 0 0 1 1 0 1 1 1 1 0 1 0 1 1 0 0 1 0 0 0 0 0 0 0 0 1 0
290	4	1 1 0 1 1 1 1 1 1 1 1 1 1 0 0 0 1 1 0 0 1 1 1 1 0 1 1 0 1 1 0 1 0 1 0 1 1 0 0 1 0 0 0 0 0 0 0 0 1 0
290	1	1 1 0 1 1 1 1 1 1 1 1 1 1 0 0 0 1 1 0 1 1 1 1 1 0 1 1 0 1 1 0 1 0 1 0 1 1 0 0 1 0 0 0 0 0 0 0 0 1 0
290	5	1 1 0 1 1 1 1 1 1 1 1 1 1 0 0 0 1 1 0 0 1 1 1 1 0 1 1 0 1 1 1 1 0 1 0 1 1 0 0 1 0 0 0 0 0 0 0 0 1 0
290	3	1 1 0 0 1 1 1 1 1 1 1 1 1 0 0 0 1 1 1 0 1 0 1 1 0 1 1 0 1 1 1 1 0 1 0 1 1 0 0 1 0 0 0 0 0 0 0 0 0 0
290	1	1 1 0 0 1 1 1 1 1 1 1 1 1 0 0 0 1 1 0 0 1 0 1 1 0 1 1 0 1 1 1 1 0 1 0 1 0 0 0 1 0 0 0 0 0 0 0 0 0 0
290	5	1 1 0 0 1 1 1 1 1 1 1 1 1 1 0 0 1 1 0 0 1 0 1 1 0 1 1 0 1 1 1 1 0 1 0 1 1 0 0 1 0 0 0 0 0 0 0 0 0 0
290	4	1 1 0 0 1 1 1 1 1 1 1 1 1 0 0 0 1 1 0 0 1 0 1 1 0 1 0 0 1 1 1 1 0 1 0 1 1 0 0 1 0 0 0 0 0 0 0 0 0 0
290	1	1 1 0 0 1 1 1 1 1 1 1 1 1 0 0 0 1 1 0 0 1 1 1 1 0 1 1 0 1 1 1 0 0 1 0 1 1 0 0 1 0 0 0 0 0 0 0 0 0 0
290	2	1 1 0 0 1 1 1 1 1 1 1 1 1 0 0 0 1 1 0 0 1 0 1 0 0 1 1 0 1 1 1 1 0 1 0 1 1 0 0 1 0 0 0 0 0 0 0 0 0 0
290	9	1 1 0 0 1 1 1 1 1 1 1 1 1 0 0 0 1 0 0 0 1 0 1 1 0 1 1 0 1 1 1 1 0 1 0 1 1 0 0 1 0 0 0 0 0 0 0 0 0 0
290	1	1 1 0 0 1 1 1 1 1 1 1 1 1 0 0 0 1 1 0 0 1 0 0 1 0 1 1 0 1 1 1 1 0 1 0 1 1 0 0 1 0 0 0 0 0 0 0 0 0 0
290	1	1 1 0 0 1 1 1 1 1 1 1 1 1 0 0 0 0 1 0 0 1 0 1 1 0 1 1 0 1 1 1 1 0 1 0 1 1 0 0 1 0 0 0 0 0 0 0 0 0 0
290	41	1 1 0 0 1 1 1 1 1 1 1 1 1 0 0 0 1 1 0 0 1 0 1 1 0 1 1 0 1 1 1 1 0 1 0 1 1 0 0 1 0 0 0 0 0 0 0 0 0 0
290	6	1 1 1 0 1 1 1 1 1 1 1 1 1 0 0 0 1 1 0 0 1 0 1 1 0 1 1 0 1 1 1 1 0 1 0 1 1 0 0 1 0 0 0 0 0 0 0 0 0 0
290	2	1 1 1 0 1 1 1 1 1 1 1 1 1 1 0 0 1 1 0 0 1 0 1 1 0 1 1 0 1 1 1 1 0 1 1 1 1 0 0 1 0 0 0 0 0 0 0 0 1 0
290	2	1 1 1 0 1 1 1 1 1 1 1 1 1 0 0 0 1 1 0 0 1 0 1 1 0 1 1 0 0 1 1 1 0 1 0 1 1 0 0 1 0 0 0 0 0 0 0 0 1 0
290	6	1 1 1 0 1 1 1 1 1 1 1 1 1 0 0 0 1 1 0 0 1 0 1 1 0 1 1 0 1 1 1 1 0 1 0 1 1 0 0 1 0 0 0 0 0 0 0 0 1 0
300	5	1 1 0 1 1 1 1 1 1 1 1 1 1 0 0 1 1 1 0 0 1 1 1 0 0 1 1 0 1 1 1 1 0 1 0 1 1 0 0 1 0 0 0 0 0 0 0 0 1 0
300	3	1 1 0 1 1 1 1 1 1 1 1 1 1 0 0 0 1 1 0 0 1 1 1 1 0 1 1 0 1 1 1 1 0 1 0 1 1 0 0 1 0 0 0 0 0 0 0 0 1 0
300	4	1 1 0 1 1 1 1 1 1 1 1 1 1 0 0 0 1 1 0 0 1 1 1 1 0 1 1 0 1 1 0 1 0 1 0 1 1 0 0 1 0 0 0 0 0 0 0 0 1 0
300	4	1 1 0 1 1 1 1 1 1 1 1 1 1 0 0 0 1 1 0 1 1 1 1 1 0 1 1 0 1 1 0 1 0 1 0 1 1 0 0 1 0 0 0 0 0 0 0 0 1 0
300	3	1 1 0 0 1 1 1 1 1 1 1 1 1 0 0 0 1 1 0 0 1 0 1 1 0 1 1 0 1 1 1 1 0 1 0 1 0 0 0 1 0 0 0 0 0 0 0 0 0 0
300	2	1 1 0 0 1 1 1 1 1 1 1 1 1 1 0 0 1 1 0 0 1 0 1 1 0 1 1 0 1 1 1 1 0 1 0 1 1 0 0 1 0 0 0 0 0 0 0 0 0 0
300	1	1 1 0 0 1 1 1 1 1 1 1 1 1 0 0 0 1 1 0 0 1 0 1 1 0 1 0 0 1 1 1 1 0 1 0 1 1 0 0 1 0 0 0 0 0 0 0 0 0 0
300	1	1 1 0 0 1 1 1 1 1 1 1 1 1 0 0 0 1 1 0 0 1 1 1 1 0 1 1 0 1 1 1 0 0 1 0 1 1 0 0 1 0 0 0 0 0 0 0 0 0 0
300	1	1 1 0 0 1 1 1 1 1 1 1 1 1 0 0 0 1 1 0 0 1 1 1 1 0 1 1 0 1 1 1 1 0 1 0 1 1 0 0 1 0 0 0 0 0 0 0 0 0 0
300	9	1 1 0 0 1 1 1 1 1 1 1 1 1 0 0 0 1 0 0 0 1 0 1 1 0 1 1 0 1 1 1 1 0 1 0 1 1 0 0 1 0 0 0 0 0 0 0 0 0 0
300	1	1 1 0 0 1 1 1 1 1 1 1 1 1 0 0 0 1 1 0 0 1 0 1 1 1 1 1 0 1 1 1 1 0 1 0 1 1 0 0 1 0 0 0 0 0 0 0 0 0 0
300	2	1 1 0 0 1 1 1 1 1 1 1 1 1 0 0 0 0 1 0 0 1 0 1 1 0 1 1 0 1 1 1 1 0 1 0 1 1 0 0 1 0 0 0 0 0 0 0 0 0 0
300	2	1 1 0 0 1 1 1 1 1 1 1 1 1 0 1 0 1 1 0 0 1 0 1 1 0 1 1 0 1 1 1 1 0 1 0 1 1 0 0 1 0 0 0 0 0 0 0 0 0 0
300	1	1 1 0 0 1 1 1 1 1 1 1 1 1 0 0 0 1 1 0 0 1 0 1 1 0 1 1 0 1 1 1 1 0 1 0 1 1 0 0 1 1 0 0 0 0 0 0 0 0 0
300	35	1 1 0 0 1 1 1 1 1 1 1 1 1 0 0 0 1 1 0 0 1 0 1 1 0 1 1 0 1 1 1 1 0 1 0 1 1 0 0 1 0 0 0 0 0 0 0 0 0 0
300	4	1 1 1 0 1 1 1 1 1 1 1 1 1 0 0 0 1 1 0 0 1 0 1 1 0 1 1 0 1 1 1 1 0 1 0 1 1 0 0 0 0 0 0 0 0 0 0 0 0 0
300	13	1 1 1 0 1 1 1 1 1 1 1 1 1 0 0 0 1 1 0 0 1 0 1 1 0 1 1 0 1 1 1 1 0 1 0 1 1 0 0 1 0 0 0 0 0 0 0 0 0 0
300	1	1 1 1 0 1 1 1 1 1 1 1 1 1 1 0 0 1 1 0 0 1 0 1 1 0 1 1 0 1 1 1 1 0 1 1 1 1 0 0 1 0 0 0 0 0 0 0 0 1 0
300	1	1 1 1 0 1 1 0 1 1 1 1 1 1 0 0 0 1 1 0 0 1 0 1 1 0 1 1 0 1 1 1 1 0 1 0 1 1 0 0 1 0 0 0 0 0 0 0 0 1 0
300	7	1 1 1 0 1 1 1 1 1 1 1 1 1 0 0 0 1 1 0 0 1 0 1 1 0 1 1 0 1 1 1 1 0 1 0 1 1 0 0 1 0 0 0 0 0 0 0 0 1 0
310	2	1 1 0 1 1 1 1 1 1 1 1 1 1 0 0 1 1 1 0 0 1 1 1 0 0 1 1 0 1 1 1 1 0 1 0 1 1 0 0 1 0 0 0 0 0 0 0 0 1 0
310	1	1 1 0 1 1 1 1 1 1 1 1 1 1 0 0 0 1 1 0 0 1 1 1 1 0 1 1 0 1 1 0 1 0 1 0 1 1 0 0 1 0 0 0 0 0 0 0 0 1 0
310	1	1 1 0 1 1 1 1 1 1 1 1 1 1 0 0 0 1 1 0 1 1 1 1 1 0 1 1 0 1 1 0 1 0 1 0 1 1 0 0 1 0 0 0 0 0 0 0 0 1 0
310	1	1 1 0 1 1 1 1 1 1 1 1 1 1 0 0 0 1 1 0 1 1 1 1 1 0 1 1 0 1 1 1 1 0 1 0 1 1 0 0 1 0 0 0 0 0 0 0 0 1 0
310	2	1 1 0 0 1 1 1 1 1 1 1 1 1 0 0 0 1 1 0 0 1 0 1 1 0 1 1 0 1 1 1 1 0 1 0 1 0 0 0 1 0 0 0 0 0 0 0 0 0 0
310	1	1 1 0 0 1 1 1 1 1 1 1 1 1 1 0 0 1 1 0 0 1 0 1 1 0 1 1 0 1 1 1 1 0 1 0 1 1 0 0 1 0 0 0 0 0 0 0 0 0 0
310	2	1 1 0 0 1 1 1 1 1 1 1 1 1 0 0 0 1 1 0 0 1 0 1 1 0 1 0 0 1 1 1 1 0 1 0 1 1 0 0 1 0 0 0 0 0 0 0 0 0 0
310	4	1 1 0 0 1 1 1 1 1 1 1 1 1 0 0 0 1 1 0 0 1 1 1 1 0 1 1 0 1 1 1 0 0 1 0 1 1 0 0 1 0 0 0 0 0 0 0 0 0 0
310	1	1 1 0 0 1 1 1 1 1 1 1 1 1 0 0 0 1 1 0 0 1 0 1 0 0 1 1 0 1 1 1 1 0 1 0 1 1 0 0 1 0 0 0 0 0 0 0 0 0 0
310	3	1 1 0 0 1 1 1 1 0 1 1 1 1 0 0 0 1 0 0 0 1 0 1 1 0 1 1 0 1 1 1 1 0 1 0 1 1 0 0 1 0 0 0 0 0 0 0 0 0 0
310	11	1 1 0 0 1 1 1 1 1 1 1 1 1 0 0 0 1 0 0 0 1 0 1 1 0 1 1 0 1 1 1 1 0 1 0 1 1 0 0 1 0 0 0 0 0 0 0 0 0 0
310	2	1 1 0 0 1 1 1 1 1 1 1 1 1 0 0 0 0 1 0 0 1 0 1 1 0 1 1 0 1 1 1 1 0 1 0 1 1 0 0 1 0 0 0 0 0 0 0 0 0 0
310	1	1 1 0 0 1 1 1 1 1 1 1 1 0 0 0 0 1 1 0 0 1 0 1 1 0 1 1 0 1 1 1 1 0 1 0 1 1 0 0 1 0 0 0 0 0 0 0 0 0 0
310	42	1 1 0 0 1 1 1 1 1 1 1 1 1 0 0 0 1 1 0 0 1 0 1 1 0 1 1 0 1 1 1 1 0 1 0 1 1 0 0 1 0 0 0 0 0 0 0 0 0 0
310	1	1 1 1 0 1 1 1 1 1 1 1 1 1 0 0 0 1 1 0 0 1 0 0 1 0 1 1 0 1 1 1 1 0 1 0 1 1 0 0 1 0 0 0 0 0 0 0 0 0 0
310	18	1 1 1 0 1 1 1 1 1 1 1 1 1 0 0 0 1 1 0 0 1 0 1 1 0 1 1 0 1 1 1 1 0 1 0 1 1 0 0 1 0 0 0 0 0 0 0 0 0 0
310	1	1 1 1 0 1 1 0 1 1 1 1 1 1 0 0 0 1 1 0 0 1 0 1 1 0 1 1 0 1 1 1 1 0 1 0 1 1 0 0 1 0 0 0 0 0 0 0 0 1 0
310	6	1 1 1 0 1 1 1 1 1 1 1 1 1 0 0 0 1 1 0 0 1 0 1 1 0 1 1 0 1 1 1 1 0 1 0 1 1 0 0 1 0 0 0 0 0 0 0 0 1 0
