10	30	0 1 0 0 1 1 1 1 1 1
10	23	0 0 1 0 0 1 0 0 1 1
10	2	0 1 1 1 0 0 1 1 1 0
10	29	0 1 1 0 0 0 1 1 1 0
10	1	0 1 1 1 0 1 0 1 1 1
10	15	0 1 1 1 0 1 0 0 1 1
20	1	0 1 0 0 1 0 1 1 1 1
20	32	0 1 0 0 1 1 1 1 1 1
20	39	0 0 1 0 0 1 0 0 1 1
20	1	0 1 1 1 0 0 1 1 1 0
20	11	0 1 1 0 0 0 1 1 1 0
20	16	0 1 1 1 0 1 0 0 1 1
30	38	0 1 0 0 1 1 1 1 1 1
30	17	0 0 1 0 0 1 0 0 1 1
30	3	0 1 1 1 0 0 1 1 1 0
30	1	0 1 1 0 0 0 1 1 1 0
30	1	0 1 1 1 0 1 0 0 0 0
30	22	0 1 1 1 0 1 0 0 0 1
30	18	0 1 1 1 0 1 0 0 1 1
40	5	0 1 0 0 1 1 1 1 1 1
40	13	0 0 1 0 0 1 0 0 1 1
40	1	0 1 1 1 0 0 1 1 1 0
40	14	0 1 1 1 0 1 0 0 1 1
40	1	0 1 1 0 0 1 0 0 0 1
40	15	0 1 1 1 0 1 0 0 0 0
40	50	0 1 1 1 0 1 0 0 0 1
40	1	0 1 1 1 0 1 1 0 0 1
50	1	0 0 1 1 0 1 0 0 1 1
50	8	0 1 1 1 0 1 0 0 1 1
50	3	0 1 1 0 0 1 0 0 0 1
50	65	0 1 1 1 0 1 0 0 0 1
50	21	0 1 1 1 0 1 0 0 0 0
50	1	0 0 1 1 0 1 0 0 0 1
50	1	0 1 1 1 0 0 0 0 0 1
60	1	0 1 1 1 0 1 0 0 1 0
60	5	0 1 1 1 0 1 0 0 1 1
60	1	1 1 1 1 0 1 0 0 0 1
60	2	0 1 0 1 0 1 0 0 0 1
60	1	0 1 1 1 1 1 0 0 0 0
60	42	0 1 1 1 0 1 0 0 0 1
60	47	0 1 1 1 0 1 0 0 0 0
60	1	0 1 1 1 0 1 0 1 0 0
70	1	0 1 1 0 0 1 0 0 0 1
70	3	1 1 1 1 0 1 0 0 0 1
70	1	0 0 1 1 0 1 0 0 0 1
70	2	0 1 1 1 1 1 0 0 0 0
70	2	0 1 1 1 0 1 1 0 0 1
70	1	0 1 1 1 0 0 0 0 0 0
70	1	0 0 1 1 0 1 0 0 0 0
70	3	1 1 1 1 0 1 0 0 0 0
70	56	0 1 1 1 0 1 0 0 0 0
70	30	0 1 1 1 0 1 0 0 0 1
