10	20	0 1 0 0 0 1 1 1 1 0
10	39	0 1 1 0 0 1 1 0 0 1
10	1	1 1 0 0 0 0 1 0 1 1
10	17	1 1 0 0 0 0 1 1 1 1
10	1	1 0 0 0 1 1 1 1 0 1
10	22	0 0 0 0 1 1 1 1 0 1
20	1	0 1 0 0 0 1 1 0 1 0
20	1	0 1 0 0 0 0 1 1 1 0
20	20	0 1 0 0 0 1 1 1 1 0
20	1	0 1 1 1 0 1 1 0 0 1
20	1	0 1 1 0 0 0 1 0 0 1
20	1	1 1 1 0 0 1 1 0 0 1
20	29	0 1 1 0 0 1 1 0 0 1
20	1	1 1 0 0 0 0 1 0 1 1
20	21	1 1 0 0 0 0 1 1 1 1
20	1	0 0 0 1 1 1 1 1 0 1
20	23	0 0 0 0 1 1 1 1 0 1
30	1	0 1 0 0 1 1 1 1 1 0
30	21	0 1 0 0 0 1 1 1 1 0
30	1	0 1 1 0 0 1 1 0 0 0
30	2	1 1 1 0 0 1 1 0 0 1
30	27	0 1 1 0 0 1 1 0 0 1
30	26	1 1 0 0 0 0 1 1 1 1
30	22	0 0 0 0 1 1 1 1 0 1
40	1	0 1 0 1 0 1 1 1 1 0
40	21	0 1 0 0 0 1 1 1 1 0
40	1	0 1 1 0 0 0 1 0 0 0
40	6	0 1 1 0 0 1 1 0 0 0
40	2	1 1 1 0 0 1 1 0 0 1
40	25	0 1 1 0 0 1 1 0 0 1
40	1	1 1 0 1 0 0 1 1 1 1
40	18	1 1 0 0 0 0 1 1 1 1
40	25	0 0 0 0 1 1 1 1 0 1
50	32	0 1 0 0 0 1 1 1 1 0
50	1	0 1 1 0 1 1 1 0 0 1
50	8	0 1 1 0 0 1 1 0 0 0
50	1	0 1 1 1 0 1 1 0 0 1
50	10	0 1 1 0 0 1 1 0 0 1
50	20	1 1 0 0 0 0 1 1 1 1
50	28	0 0 0 0 1 1 1 1 0 1
60	35	0 1 0 0 0 1 1 1 1 0
60	9	0 1 1 0 0 1 1 0 0 1
60	11	0 1 1 0 0 1 1 0 0 0
60	8	1 1 1 0 0 1 1 0 0 1
60	1	0 1 1 1 0 1 1 0 0 1
60	20	1 1 0 0 0 0 1 1 1 1
60	16	0 0 0 0 1 1 1 1 0 1
70	1	0 1 0 0 0 1 1 1 1 1
70	22	0 1 0 0 0 1 1 1 1 0
70	7	0 1 1 1 0 1 1 0 0 0
70	2	1 1 1 0 0 1 1 0 0 0
70	29	0 1 1 0 0 1 1 0 0 0
70	1	0 0 1 1 0 1 1 0 0 1
70	1	0 1 1 1 0 1 0 0 0 1
70	5	0 1 1 1 0 1 1 0 0 1
70	6	1 1 1 0 0 1 1 0 0 1
70	8	0 1 1 0 0 1 1 0 0 1
70	8	1 1 0 0 0 0 1 1 1 1
70	1	0 0 0 0 1 1 1 0 0 1
70	9	0 0 0 0 1 1 1 1 0 1
