10	1	0 1 1 1 1 0 1 0 0 0
10	1	0 1 1 0 1 0 0 0 0 0
10	1	0 1 1 0 1 1 1 0 0 0
10	1	1 1 1 0 1 0 1 0 0 0
10	46	0 1 1 0 1 0 1 0 0 0
10	1	1 0 0 1 0 0 1 0 0 0
10	1	1 1 0 1 0 0 1 1 0 0
10	17	1 0 0 1 0 0 1 1 0 0
10	2	0 0 0 1 0 1 1 1 0 0
10	1	0 0 0 0 0 0 1 1 0 0
10	1	0 0 0 0 0 1 1 1 0 1
10	27	0 0 0 0 0 1 1 1 0 0
20	7	0 1 1 1 1 0 1 0 0 0
20	3	0 1 1 0 1 0 0 0 0 0
20	5	1 1 1 0 1 0 1 0 0 0
20	35	0 1 1 0 1 0 1 0 0 0
20	2	1 0 0 1 0 0 1 0 0 0
20	2	1 0 0 1 0 0 0 1 0 0
20	1	1 0 0 1 1 0 1 1 0 0
20	23	1 0 0 1 0 0 1 1 0 0
20	1	0 0 0 0 1 1 1 1 0 0
20	21	0 0 0 0 0 1 1 1 0 0
30	18	0 1 1 1 1 0 1 0 0 0
30	31	0 1 1 0 1 0 1 0 0 0
30	1	0 1 1 0 0 0 1 0 0 0
30	9	0 1 1 0 1 0 0 0 0 0
30	16	1 1 1 0 1 0 1 0 0 0
30	3	1 0 0 1 0 0 0 1 0 0
30	2	1 0 0 1 1 0 1 1 0 0
30	4	1 0 0 1 0 0 1 1 0 0
30	5	1 0 0 1 0 0 1 0 0 0
30	1	1 0 1 1 0 0 1 1 0 0
30	10	0 0 0 0 0 1 1 1 0 0
40	22	0 1 1 1 1 0 1 0 0 0
40	11	0 1 1 0 1 0 0 0 0 0
40	1	1 1 1 0 1 0 1 0 0 1
40	27	1 1 1 0 1 0 1 0 0 0
40	16	0 1 1 0 1 0 1 0 0 0
40	1	0 0 0 1 0 0 0 1 0 0
40	2	1 0 0 1 0 0 0 1 0 0
40	4	1 0 0 1 0 0 1 1 0 0
40	1	1 0 1 1 0 0 1 0 0 0
40	11	1 0 0 1 0 0 1 0 0 0
40	4	0 0 0 0 0 1 1 1 0 0
50	1	0 0 1 1 1 0 1 0 0 0
50	30	0 1 1 1 1 0 1 0 0 0
50	1	0 0 1 0 1 0 1 0 0 0
50	11	0 1 1 0 1 0 0 0 0 0
50	1	1 1 1 0 1 0 1 0 0 1
50	1	1 1 1 0 1 1 1 0 0 0
50	10	0 1 1 0 1 0 1 0 0 0
50	40	1 1 1 0 1 0 1 0 0 0
50	1	1 0 0 1 0 0 0 1 0 0
50	4	1 0 0 1 0 0 1 0 0 0
60	2	1 1 1 1 1 0 1 0 0 0
60	32	0 1 1 1 1 0 1 0 0 0
60	1	0 1 1 0 1 1 0 0 0 0
60	4	1 1 1 0 1 0 0 0 0 0
60	2	0 1 1 0 1 0 1 0 0 0
60	12	0 1 1 0 1 0 0 0 0 0
60	1	1 1 1 0 0 0 1 0 0 0
60	34	1 1 1 0 1 0 1 0 0 0
60	5	1 0 1 1 0 0 1 0 0 0
60	1	1 0 0 1 0 0 1 0 0 1
60	6	1 0 0 1 0 0 1 0 0 0
70	1	1 1 1 1 0 0 1 0 0 0
70	8	1 1 1 1 1 0 1 0 0 0
70	12	0 1 1 1 1 0 1 0 0 0
70	7	1 1 1 0 1 0 0 0 0 0
70	2	0 1 1 0 1 0 1 0 0 0
70	22	0 1 1 0 1 0 0 0 0 0
70	3	1 1 1 0 1 1 1 0 0 0
70	43	1 1 1 0 1 0 1 0 0 0
70	2	1 0 1 1 0 0 1 0 0 0
