10	1	1 1 0 0 1 0 1 1 1 1 0 0 1 0 1 0 1 0 0 0 1 1 0 0 0 0 0 0 1 1 0 0 0 0 0 0 0 1 0 0 1 1 0 1 0 0 1 0 1 1
10	1	1 1 0 0 1 0 1 1 1 1 0 0 1 0 1 0 1 0 0 0 1 1 0 0 0 0 0 0 1 1 0 0 0 0 0 0 0 1 0 0 1 1 0 1 0 1 1 0 1 0
10	12	1 1 0 0 1 0 1 1 1 1 0 0 1 0 1 0 1 0 0 0 1 1 0 0 0 0 0 0 1 1 0 0 0 0 0 0 0 1 0 0 1 1 0 1 0 1 1 0 1 1
10	1	1 1 1 0 1 1 1 1 1 1 1 0 0 0 0 0 1 0 1 1 1 1 1 0 0 0 0 1 1 0 1 1 0 0 0 1 0 0 0 0 1 1 1 1 1 0 0 0 0 0
10	28	1 1 1 0 1 1 1 1 1 1 1 0 0 0 0 0 1 0 1 1 1 1 1 0 0 0 0 1 1 0 1 1 0 0 0 1 0 0 0 0 1 1 1 1 1 1 0 0 0 0
10	19	1 1 0 0 0 1 0 0 0 0 1 1 0 1 1 1 1 1 1 1 0 1 0 1 1 1 0 1 1 1 0 0 1 1 0 1 1 1 1 1 1 1 0 1 0 1 0 1 1 0
10	5	1 1 1 1 1 1 1 1 1 1 1 1 0 0 0 1 0 1 0 0 0 1 1 0 1 0 0 1 1 1 0 1 1 0 0 1 1 0 0 0 0 0 1 1 1 0 1 0 1 1
10	2	1 1 1 1 1 1 1 1 1 1 1 1 0 0 0 1 0 1 0 0 0 1 1 0 1 1 0 1 1 1 0 1 1 0 0 0 1 0 0 0 0 0 1 1 1 0 1 0 1 1
10	2	1 1 1 1 1 1 1 1 0 1 1 1 0 0 0 1 0 1 0 0 0 1 1 0 1 1 0 1 1 1 0 1 1 0 0 1 1 0 0 0 0 0 1 1 1 0 1 0 1 1
10	15	1 1 1 1 1 1 1 1 1 1 1 1 0 0 0 1 0 1 0 0 0 1 1 0 1 1 0 1 1 1 0 1 1 0 0 1 1 0 0 0 0 0 1 1 1 0 1 0 1 1
10	14	0 1 1 0 1 1 1 1 0 0 1 1 1 1 0 1 0 0 1 0 0 0 0 0 1 1 0 1 0 0 0 1 1 0 0 1 0 0 0 0 0 1 1 0 1 1 0 1 0 1
20	5	1 1 0 0 1 0 1 1 1 1 0 0 1 0 1 0 1 0 0 0 1 1 0 0 0 0 0 0 1 1 0 0 0 0 0 0 0 1 0 0 1 1 0 1 0 0 1 0 1 1
20	8	1 1 0 0 1 0 1 1 1 1 0 0 1 0 1 0 1 0 0 0 1 1 0 0 0 0 0 0 1 1 0 0 0 0 0 0 0 1 0 0 1 1 0 1 0 1 1 0 1 1
20	8	1 1 1 0 1 1 1 1 1 1 1 0 0 0 0 0 1 0 1 1 1 1 1 0 0 0 0 1 1 0 1 1 0 0 1 1 0 0 0 0 1 1 1 1 1 1 0 0 0 0
20	6	1 1 1 0 1 1 1 1 1 1 1 0 0 0 0 0 1 0 1 1 1 1 1 0 0 0 0 1 1 0 1 1 0 0 0 1 0 0 0 0 1 1 1 1 1 0 0 0 0 0
20	4	1 1 1 0 1 1 1 1 1 1 1 0 0 0 1 0 1 0 1 1 1 1 1 0 0 0 0 1 1 0 1 1 0 0 0 1 0 0 0 0 1 1 1 1 1 1 0 0 0 0
20	1	1 1 1 0 1 1 1 1 1 1 1 0 0 0 0 0 1 0 1 1 1 1 1 0 0 0 0 1 1 0 1 1 0 0 0 1 1 0 0 0 1 1 1 1 1 1 0 0 0 0
20	6	1 1 1 0 1 1 1 1 1 1 1 0 0 0 0 0 1 0 1 1 1 1 1 0 0 0 0 1 1 0 1 1 0 0 0 1 0 0 0 0 1 1 1 1 1 1 0 0 0 0
20	9	1 1 0 0 0 1 0 0 0 0 1 1 0 1 1 1 1 1 1 1 0 1 0 1 1 1 0 1 1 1 0 0 1 1 0 1 1 1 1 1 1 1 0 1 0 1 0 1 1 0
20	5	1 1 1 1 1 1 1 1 1 1 1 1 0 1 0 1 0 1 0 0 0 1 1 0 1 1 0 1 1 1 0 1 1 0 0 1 1 0 0 0 0 0 1 1 1 0 1 0 1 1
20	30	1 1 1 1 1 1 1 1 1 1 1 1 0 0 0 1 0 1 0 0 0 1 1 0 1 0 0 1 1 1 0 1 1 0 0 1 1 0 0 0 0 0 1 1 1 0 1 0 1 1
20	5	1 1 1 1 1 1 1 1 1 1 1 1 0 0 0 1 0 1 0 0 0 1 1 0 1 1 0 1 1 1 0 1 1 0 0 0 1 0 0 0 0 0 1 1 1 0 1 0 1 1
20	3	1 1 1 1 1 1 1 1 0 1 1 1 0 0 0 1 0 1 0 0 0 1 1 0 1 1 0 1 1 1 0 1 1 0 0 1 1 0 0 0 0 0 1 1 1 0 1 0 1 1
20	6	1 1 1 1 1 1 1 1 1 1 1 1 0 0 0 1 0 1 0 0 0 1 1 0 1 1 1 1 1 1 0 1 1 0 0 1 1 0 0 0 0 0 1 1 1 0 1 0 1 1
20	3	1 1 1 1 1 1 1 1 1 1 1 1 0 0 0 1 0 1 0 0 0 1 1 0 1 1 0 1 1 1 0 1 1 0 0 1 1 0 0 0 0 0 1 1 1 0 1 0 1 1
20	1	0 1 1 0 1 1 1 1 0 0 1 1 1 1 0 1 0 0 1 0 0 0 0 0 1 1 0 1 0 0 0 1 1 0 0 1 0 0 0 0 0 1 1 0 1 1 0 1 0 1
30	1	1 1 0 0 1 0 1 1 1 1 0 0 1 0 1 0 1 0 0 0 1 1 0 0 0 0 0 0 1 1 0 0 0 0 0 0 0 1 0 0 1 1 0 1 0 0 1 0 1 1
30	1	1 1 0 0 1 0 1 1 1 1 0 0 1 0 1 0 1 0 0 0 1 1 0 0 0 0 0 0 1 1 0 0 0 0 0 0 0 1 0 0 1 1 0 1 0 1 1 0 1 0
30	4	1 1 1 0 1 1 1 1 1 1 1 0 0 0 0 0 1 0 1 1 1 1 1 0 0 0 0 1 1 0 1 1 0 0 1 1 0 0 0 0 1 1 1 1 1 1 0 0 0 0
30	10	1 1 1 0 1 1 1 1 1 1 1 0 0 0 0 0 1 0 1 1 1 1 1 0 0 0 0 1 1 0 1 1 0 0 0 1 0 0 0 0 1 1 1 1 1 0 0 0 0 0
30	1	1 1 1 1 1 1 1 1 1 1 1 1 0 1 0 1 0 1 0 0 0 1 1 0 1 1 0 1 1 1 0 1 1 0 1 1 1 0 0 0 0 0 1 1 1 0 1 0 1 1
30	4	1 1 1 1 1 1 1 1 1 1 1 1 0 1 0 1 0 1 0 0 0 1 1 0 1 1 0 1 1 1 0 1 1 0 0 1 1 0 0 0 0 0 1 1 1 0 1 0 1 1
30	1	1 1 1 1 0 1 1 1 1 1 1 1 0 0 0 1 0 1 0 0 0 1 1 0 1 0 0 1 1 1 0 1 1 0 0 1 1 0 0 0 0 0 1 1 1 0 1 0 1 1
30	1	1 1 1 1 1 1 1 1 1 1 1 1 0 0 0 1 0 1 0 0 0 0 1 0 1 0 0 1 1 1 0 1 1 0 0 1 1 0 0 0 0 0 1 1 1 0 1 0 1 1
30	1	1 1 1 1 1 1 1 1 1 1 1 1 0 0 0 1 0 1 0 0 0 1 1 0 1 0 0 1 1 1 0 1 1 0 0 1 1 0 0 0 0 0 1 1 1 0 1 0 0 1
30	53	1 1 1 1 1 1 1 1 1 1 1 1 0 0 0 1 0 1 0 0 0 1 1 0 1 0 0 1 1 1 0 1 1 0 0 1 1 0 0 0 0 0 1 1 1 0 1 0 1 1
30	1	1 1 1 1 1 1 1 1 1 1 1 1 0 0 0 1 0 1 0 0 0 1 1 0 1 1 0 1 1 1 0 0 1 0 0 0 1 0 0 0 0 0 1 1 1 0 1 0 1 1
30	1	1 1 1 1 1 1 1 1 1 1 1 1 1 0 0 1 0 1 0 0 0 1 1 0 1 1 0 1 1 1 0 1 1 0 0 0 1 0 0 0 0 0 1 1 1 0 1 0 1 1
30	10	1 1 1 1 1 1 1 1 1 1 1 1 0 0 0 1 0 1 0 0 0 1 1 0 1 1 0 1 1 1 0 1 1 0 0 0 1 0 0 0 0 0 1 1 1 0 1 0 1 1
30	2	1 1 1 1 1 1 1 1 0 1 1 1 0 0 0 1 0 1 0 0 0 1 1 0 1 1 0 1 1 1 0 1 1 0 0 0 1 0 0 0 0 0 1 1 1 0 1 0 1 1
30	3	1 1 1 1 1 1 1 1 0 1 1 1 0 0 0 1 0 1 0 0 0 1 1 0 1 1 0 1 1 1 0 1 1 0 0 1 1 0 0 0 0 0 1 1 1 0 1 0 1 1
30	1	1 1 1 1 1 1 1 1 1 1 1 1 0 0 0 1 0 1 0 0 1 1 1 0 1 1 1 1 1 1 0 1 1 0 0 1 1 0 0 0 0 0 1 1 1 0 1 0 1 1
30	5	1 1 1 1 1 1 1 1 1 1 1 1 0 0 0 1 0 1 0 0 0 1 1 0 1 1 1 1 1 1 0 1 1 0 0 1 1 0 0 0 0 0 1 1 1 0 1 0 1 1
40	1	1 1 1 0 1 1 1 1 1 1 1 0 0 0 0 0 1 0 1 1 1 1 1 0 0 0 0 1 1 0 1 0 0 0 1 0 0 0 0 0 1 1 1 1 1 1 0 0 0 0
40	1	1 1 1 0 1 1 1 1 1 1 1 0 0 0 0 0 1 0 1 1 1 1 1 0 0 0 0 1 1 0 1 1 0 0 1 1 0 0 0 0 1 1 1 1 1 1 0 0 0 0
40	4	1 1 1 0 1 1 1 1 1 1 1 0 0 0 0 0 1 0 1 1 1 1 1 0 0 0 0 1 1 0 1 1 0 0 0 1 0 0 0 0 1 1 1 1 1 0 0 0 0 0
40	7	1 1 1 0 1 1 1 1 1 1 1 0 0 0 1 0 1 0 1 1 1 1 1 0 0 0 0 1 1 0 1 1 0 0 0 1 0 0 0 0 1 1 1 1 1 1 0 0 0 0
40	1	1 1 1 1 1 1 1 1 1 1 1 1 0 1 0 1 0 1 0 0 0 1 1 0 1 1 0 1 1 1 0 1 1 0 1 1 1 0 0 0 0 0 1 1 1 0 1 0 1 1
40	1	1 1 1 1 1 1 1 1 1 1 1 1 0 1 0 1 0 1 1 0 0 1 1 0 1 1 0 1 1 1 0 1 1 0 0 1 1 0 0 0 0 0 1 1 1 0 1 0 1 1
40	5	1 1 1 1 1 1 1 1 1 1 1 1 0 0 0 1 0 1 0 0 0 0 1 0 1 0 0 1 1 1 0 1 1 0 0 1 1 0 0 0 0 0 1 1 1 0 1 0 1 1
40	1	1 1 1 1 1 1 1 1 1 1 1 1 0 0 0 1 0 1 0 0 0 1 1 0 1 0 0 1 1 1 0 1 1 0 0 1 0 0 0 0 0 0 1 1 1 0 1 0 1 1
40	7	1 1 1 1 1 1 1 1 1 1 1 1 0 0 0 1 0 1 0 0 0 1 1 0 1 0 0 1 0 1 0 1 1 0 0 1 1 0 0 0 0 0 1 1 1 0 1 0 1 1
40	1	1 1 1 1 1 1 1 1 1 1 1 0 0 0 0 1 0 1 0 0 0 1 1 0 1 0 0 1 1 1 0 1 1 0 0 1 1 0 0 0 0 0 1 1 1 0 1 0 1 1
40	56	1 1 1 1 1 1 1 1 1 1 1 1 0 0 0 1 0 1 0 0 0 1 1 0 1 0 0 1 1 1 0 1 1 0 0 1 1 0 0 0 0 0 1 1 1 0 1 0 1 1
40	3	1 1 1 1 1 1 1 1 1 1 1 1 1 0 0 1 0 1 0 0 0 1 1 0 1 1 0 1 1 1 0 1 1 0 0 0 1 0 0 0 0 0 1 1 1 0 1 0 1 1
40	1	1 1 1 1 1 1 1 0 1 1 1 1 0 0 0 1 0 1 0 0 0 1 1 0 1 1 0 1 1 0 0 1 1 0 0 0 1 0 0 0 0 0 1 1 1 0 1 0 1 1
40	4	1 1 1 1 1 1 1 1 1 1 1 1 0 0 0 1 0 1 0 0 0 1 1 0 1 1 0 1 1 1 0 1 1 0 0 0 1 0 0 0 0 0 1 1 1 0 1 0 1 1
40	2	1 1 1 1 1 1 1 1 0 1 1 1 0 0 0 1 0 1 0 0 0 1 1 0 1 1 0 1 1 1 0 1 1 0 0 1 1 0 0 0 0 0 1 1 1 0 1 0 1 1
40	4	1 1 1 1 1 1 1 1 1 1 1 1 0 0 0 1 0 1 0 0 0 1 1 0 1 1 1 1 1 1 0 1 1 0 0 1 1 0 0 0 0 0 1 1 1 0 1 0 1 1
40	1	1 1 1 1 1 1 1 1 1 1 1 1 0 0 0 1 0 1 0 0 0 0 1 0 1 1 0 1 1 1 0 1 1 0 0 1 1 0 0 0 0 0 1 1 1 0 1 0 1 1
50	10	1 1 1 0 1 1 1 1 1 1 1 0 0 0 0 0 1 0 1 1 1 1 1 0 0 0 0 1 1 0 1 1 0 0 0 1 0 0 0 0 1 1 1 1 1 0 0 0 0 0
50	1	1 1 1 0 1 1 1 1 1 1 1 0 0 0 1 0 1 0 1 1 1 1 1 0 0 0 0 1 1 0 1 1 0 0 0 1 0 0 0 0 1 1 1 1 1 1 0 0 0 0
50	8	1 1 1 1 1 1 1 1 1 1 1 1 0 1 0 1 0 1 0 0 0 1 1 0 1 1 0 1 1 1 0 1 1 0 1 1 1 0 0 0 0 0 1 1 1 0 1 0 1 1
50	2	1 1 1 1 1 1 1 1 1 1 1 1 0 0 0 1 0 1 0 0 0 0 1 0 1 0 0 1 1 1 0 1 1 0 0 1 1 0 0 0 0 0 1 1 1 0 1 0 1 1
50	2	1 1 1 1 1 1 1 1 1 1 1 1 0 0 0 1 0 1 0 0 0 1 1 0 1 0 0 1 1 1 0 1 1 0 0 1 0 0 0 0 0 0 1 1 1 0 1 0 1 1
50	1	1 1 1 1 1 1 1 1 1 1 1 1 0 0 0 1 0 1 0 0 0 1 1 0 1 0 0 1 1 0 0 1 1 0 0 1 1 0 0 0 0 0 1 1 1 0 1 0 1 1
50	1	1 1 1 1 1 1 1 1 1 1 1 1 0 0 0 1 0 1 0 0 1 1 1 0 1 0 0 1 1 1 0 1 1 0 0 1 1 0 0 0 0 0 1 1 1 0 1 0 1 1
50	59	1 1 1 1 1 1 1 1 1 1 1 1 0 0 0 1 0 1 0 0 0 1 1 0 1 0 0 1 1 1 0 1 1 0 0 1 1 0 0 0 0 0 1 1 1 0 1 0 1 1
50	1	1 1 1 1 1 1 1 1 1 1 1 1 1 0 0 1 0 1 0 0 0 1 1 0 1 1 0 1 1 1 0 1 1 0 0 0 1 0 0 0 0 0 1 1 1 0 1 0 1 1
50	2	1 1 1 1 1 1 1 1 1 1 1 1 0 0 0 1 1 1 0 0 0 1 1 0 1 1 0 1 1 1 0 1 1 0 0 0 1 0 0 0 0 0 1 1 1 0 1 0 1 1
50	6	1 1 1 1 1 1 1 1 1 1 1 1 0 0 0 1 0 1 0 0 0 1 1 0 1 1 0 1 1 1 0 1 1 0 0 0 1 0 0 0 0 0 1 1 1 0 1 0 1 1
50	1	1 1 1 1 1 1 1 1 0 1 1 1 0 0 0 1 0 1 0 0 0 1 1 0 1 1 0 1 1 1 0 1 1 0 0 1 1 0 0 0 0 0 1 1 1 0 1 0 1 1
50	1	1 1 1 1 1 1 1 1 1 1 1 1 0 0 0 1 0 1 0 0 0 1 1 0 1 0 1 1 1 1 0 1 1 0 0 1 1 0 0 0 0 0 1 1 1 0 1 0 1 1
50	5	1 1 1 1 1 1 1 1 1 1 1 1 0 0 0 1 0 1 0 0 0 1 1 0 1 1 1 1 1 1 0 1 1 0 0 1 1 0 0 0 0 0 1 1 1 0 1 0 1 1
60	3	1 1 1 0 1 1 1 1 1 1 1 0 0 0 0 0 1 0 1 1 1 1 1 0 0 0 0 1 0 0 1 1 0 0 0 1 0 0 0 0 1 1 1 1 1 0 0 0 0 0
60	1	1 1 1 0 1 1 1 1 1 1 1 0 0 0 0 0 1 0 1 1 1 1 1 0 0 0 0 1 1 0 1 1 0 0 0 1 0 0 1 0 1 1 1 1 1 0 0 0 0 0
60	8	1 1 1 0 1 1 1 1 1 1 1 0 0 0 0 0 1 0 1 1 1 1 1 0 0 0 0 1 1 0 1 1 0 0 0 1 0 0 0 0 1 1 1 1 1 0 0 0 0 0
60	1	1 1 1 1 1 1 1 1 1 1 1 1 0 1 0 1 0 1 0 0 0 0 1 0 1 1 0 1 1 1 0 1 1 0 1 1 1 0 0 0 0 0 1 1 1 0 1 0 1 1
60	4	1 1 1 1 1 1 1 1 1 1 1 1 0 1 0 1 0 1 0 0 0 1 1 0 1 1 0 1 1 1 0 1 1 0 1 1 1 0 0 0 0 0 1 1 1 0 1 0 1 1
60	1	1 1 1 1 1 1 1 1 1 1 1 1 0 1 0 1 0 1 1 0 0 1 1 0 1 1 0 1 1 1 0 1 1 0 0 1 1 0 0 0 0 0 1 1 1 0 1 0 1 1
60	13	1 1 1 1 1 1 1 1 1 1 1 1 0 0 0 1 0 1 0 0 0 0 1 0 1 0 0 1 1 1 0 1 1 0 0 1 1 0 0 0 0 0 1 1 1 0 1 0 1 1
60	3	1 1 1 1 1 1 1 1 1 1 1 1 0 0 0 1 0 1 0 0 0 1 1 0 1 0 0 1 1 1 0 1 1 0 0 1 0 0 0 0 0 0 1 1 1 0 1 0 1 1
60	2	1 1 1 1 1 1 1 1 1 1 1 1 1 0 0 1 0 1 0 0 0 1 1 0 1 0 0 1 1 1 0 1 1 0 0 1 1 0 0 0 0 0 1 1 1 0 1 0 1 1
60	3	1 1 1 1 1 1 1 1 1 1 1 1 0 0 0 1 0 1 0 0 0 1 1 0 1 0 0 1 0 1 0 1 1 0 0 1 1 0 0 0 0 0 1 1 1 0 1 0 1 1
60	1	1 1 1 1 1 1 1 1 1 1 1 1 0 0 0 1 0 1 0 0 0 1 1 0 1 0 0 1 1 1 0 1 1 0 0 1 1 0 0 0 0 0 0 1 1 0 1 0 1 1
60	2	1 1 1 1 1 1 1 1 1 1 1 1 0 0 0 0 0 1 0 0 0 1 1 0 1 0 0 1 1 1 0 1 1 0 0 1 1 0 0 0 0 0 1 1 1 0 1 0 1 1
60	2	1 1 1 1 1 1 1 1 1 1 1 1 0 0 0 1 0 1 0 0 0 1 1 1 1 0 0 1 1 1 0 1 1 0 0 1 1 0 0 0 0 0 1 1 1 0 1 0 1 1
60	46	1 1 1 1 1 1 1 1 1 1 1 1 0 0 0 1 0 1 0 0 0 1 1 0 1 0 0 1 1 1 0 1 1 0 0 1 1 0 0 0 0 0 1 1 1 0 1 0 1 1
60	4	1 1 1 1 1 1 1 1 1 1 1 1 1 0 0 1 0 1 0 0 0 1 1 0 1 1 0 1 1 1 0 1 1 0 0 0 1 0 0 0 0 0 1 1 1 0 1 0 1 1
60	4	1 1 1 1 1 1 1 1 1 1 1 1 0 0 0 1 0 1 0 0 0 1 1 0 1 1 0 1 1 1 0 1 1 0 0 0 1 0 0 0 0 0 1 1 1 0 1 0 1 0
60	2	1 1 1 1 1 1 1 1 1 1 1 1 0 0 0 1 0 1 0 0 0 1 1 0 1 1 0 1 1 1 0 1 1 0 0 0 1 0 0 0 0 0 1 1 1 0 1 0 1 1
70	1	1 1 1 0 1 1 1 1 1 1 1 0 0 0 0 0 1 0 1 1 1 1 1 0 0 0 0 1 1 0 1 0 0 0 0 1 0 0 0 0 1 1 1 1 1 0 0 0 0 0
70	6	1 1 1 0 1 1 1 1 1 1 1 0 0 0 0 0 1 0 1 1 1 1 1 0 0 0 0 1 1 0 1 1 0 0 0 1 0 0 0 0 1 1 1 1 1 0 0 0 0 0
70	6	1 1 1 1 1 1 1 1 1 1 1 1 0 1 0 1 0 1 0 0 0 1 1 0 1 1 0 1 1 1 0 1 1 0 1 1 1 0 0 0 0 0 1 1 1 0 1 0 1 1
70	1	1 1 1 1 1 1 1 1 1 1 1 1 0 1 0 1 0 1 1 0 0 1 1 0 1 1 0 1 1 1 0 1 1 0 0 1 1 0 0 0 0 0 1 0 1 0 1 0 1 1
70	1	1 1 1 1 1 1 1 1 1 1 1 1 0 1 0 1 0 1 0 0 0 1 1 0 1 1 0 1 1 1 0 1 1 0 0 1 1 0 0 0 0 0 1 1 1 0 1 0 1 1
70	11	1 1 1 1 1 1 1 1 1 1 1 1 0 0 0 1 0 1 0 0 0 0 1 0 1 0 0 1 1 1 0 1 1 0 0 1 1 0 0 0 0 0 1 1 1 0 1 0 1 1
70	6	1 1 1 1 1 1 1 1 1 1 1 1 0 0 0 1 0 1 0 0 0 1 1 0 1 0 0 1 0 1 0 1 1 0 0 1 1 0 0 0 0 0 1 1 1 0 1 0 1 1
70	3	1 1 1 1 1 1 1 1 1 1 1 1 0 0 0 1 0 1 0 0 1 1 1 0 1 0 0 1 1 1 0 1 1 0 0 1 1 0 0 0 0 0 1 1 1 0 1 0 1 1
70	2	1 1 1 1 1 1 1 1 1 1 1 1 0 0 0 1 0 1 0 0 0 1 1 0 1 0 0 1 1 1 0 1 1 0 0 1 1 0 0 0 0 0 0 1 1 0 1 0 1 1
70	2	1 1 1 1 1 1 1 1 1 1 1 1 0 0 0 1 0 1 0 0 0 1 1 0 1 0 0 1 1 1 0 1 1 0 0 1 1 0 0 0 0 0 1 0 1 0 1 0 1 1
70	1	0 1 1 1 1 1 1 1 1 1 1 1 0 0 0 1 0 1 0 0 0 1 1 0 1 0 0 1 1 1 0 1 1 0 0 1 1 0 0 0 0 0 1 1 1 0 1 0 1 1
70	1	1 1 1 1 1 1 1 1 1 1 1 1 0 0 0 1 0 1 0 0 0 1 1 0 1 0 0 1 1 1 1 1 1 0 0 1 1 0 0 0 0 0 1 1 1 0 1 0 1 1
70	41	1 1 1 1 1 1 1 1 1 1 1 1 0 0 0 1 0 1 0 0 0 1 1 0 1 0 0 1 1 1 0 1 1 0 0 1 1 0 0 0 0 0 1 1 1 0 1 0 1 1
70	2	1 1 1 1 1 1 1 1 1 1 1 1 1 0 0 1 0 1 0 0 0 1 1 0 1 1 0 1 1 1 0 1 1 0 0 0 1 0 0 0 0 0 1 1 1 0 1 0 1 1
70	3	1 1 1 1 1 1 1 1 1 1 1 1 0 0 0 1 1 1 0 0 0 1 1 0 1 1 0 1 1 1 0 1 1 0 0 0 1 0 0 0 0 0 1 1 1 0 1 0 1 1
70	1	1 1 1 1 1 1 1 1 1 1 1 1 0 1 0 1 0 1 0 0 0 1 1 0 1 1 0 1 1 1 0 1 1 0 0 0 1 0 0 0 0 0 1 1 1 0 1 0 1 0
70	5	1 1 1 1 1 1 1 1 1 1 1 1 0 0 0 1 0 1 0 0 0 1 1 0 1 1 0 1 1 1 0 1 1 0 0 0 1 0 0 0 0 0 1 1 1 0 1 0 1 0
70	3	1 1 1 1 1 1 1 1 1 1 1 1 0 0 0 1 0 1 0 0 0 1 1 0 1 1 0 1 1 1 0 1 1 0 0 0 1 0 0 0 0 0 1 1 1 0 1 0 1 1
70	3	1 1 1 1 1 1 1 1 1 1 1 1 0 0 0 1 0 1 0 0 0 1 1 0 1 1 1 1 1 1 0 1 1 0 0 1 1 0 0 0 0 0 0 1 1 0 1 0 1 1
70	1	1 1 1 1 1 1 1 1 1 1 1 1 0 0 0 1 0 1 0 0 0 1 1 0 1 1 1 1 1 1 0 1 1 0 0 1 1 0 0 0 0 0 1 1 1 0 1 0 1 1
80	2	1 1 1 0 1 1 1 1 1 1 1 0 0 0 0 0 1 0 1 1 1 1 1 0 0 0 0 1 0 0 1 0 0 0 0 1 0 0 0 0 1 1 1 1 1 0 0 0 0 0
80	3	1 1 1 0 1 1 1 1 1 1 1 0 0 0 0 0 1 0 1 1 1 1 1 0 0 0 0 1 1 0 1 1 0 0 0 1 0 0 0 0 1 1 1 1 1 0 0 0 0 0
80	5	1 1 1 1 1 1 1 1 1 1 1 1 0 1 0 1 0 1 0 0 0 1 1 0 1 1 0 1 1 1 0 1 1 0 1 1 1 0 0 0 0 0 1 1 1 0 1 0 1 1
80	3	1 1 1 1 1 1 1 1 1 1 1 1 0 1 0 1 0 1 1 0 0 1 1 0 1 1 0 1 1 1 0 1 1 0 0 1 1 0 0 0 0 0 1 0 1 0 1 0 1 1
80	1	1 1 1 1 1 1 1 1 1 1 1 1 0 1 0 1 0 1 1 0 0 1 1 0 1 1 0 1 1 1 0 1 1 0 0 1 1 0 0 0 0 0 1 1 1 0 1 0 1 1
80	4	1 1 1 1 1 1 1 1 1 1 1 1 0 1 0 1 0 1 0 0 0 1 1 0 1 1 0 1 1 1 0 1 1 0 0 1 1 0 0 0 0 0 1 1 1 0 1 0 1 1
80	1	1 1 1 1 1 1 1 1 1 1 1 1 0 0 0 1 0 1 0 0 0 0 1 0 1 0 0 0 1 1 0 1 1 0 0 1 1 0 0 0 0 0 1 1 1 0 1 0 1 1
80	1	1 1 1 1 1 1 1 0 1 1 1 1 0 0 0 1 0 1 0 0 0 0 1 0 1 0 0 1 1 1 0 1 1 0 0 1 1 0 0 0 0 0 1 1 1 0 1 0 1 1
80	7	1 1 1 1 1 1 1 1 1 1 1 1 0 0 0 1 0 1 0 0 0 0 1 0 1 0 0 1 1 1 0 1 1 0 0 1 1 0 0 0 0 0 1 1 1 0 1 0 1 1
80	1	1 1 1 1 1 1 1 1 1 1 1 1 0 0 0 1 0 1 0 0 0 1 1 0 1 1 0 1 0 1 0 1 1 0 0 1 1 0 0 0 0 0 1 1 1 0 1 0 1 1
80	5	1 1 1 1 1 1 1 1 1 1 1 1 0 0 0 1 0 1 0 0 0 1 1 0 1 0 0 1 0 1 0 1 1 0 0 1 1 0 0 0 0 0 1 1 1 0 1 0 1 1
80	2	1 1 1 1 1 1 1 1 1 1 1 1 0 0 0 1 0 1 0 0 1 1 1 0 1 0 0 1 1 1 0 1 1 0 0 1 1 0 0 0 0 0 1 1 1 0 1 0 1 1
80	3	1 1 1 0 1 1 1 1 1 1 1 1 0 0 0 1 0 1 0 0 0 1 1 0 1 0 0 1 1 1 0 1 1 0 0 1 1 0 0 0 0 0 0 1 1 0 1 0 1 1
80	4	1 1 1 1 1 1 1 1 1 1 1 1 0 0 0 1 0 1 0 0 0 1 1 0 1 0 0 1 1 1 0 1 1 0 0 1 1 0 0 0 0 0 0 1 1 0 1 0 1 1
80	36	1 1 1 1 1 1 1 1 1 1 1 1 0 0 0 1 0 1 0 0 0 1 1 0 1 0 0 1 1 1 0 1 1 0 0 1 1 0 0 0 0 0 1 1 1 0 1 0 1 1
80	3	1 1 1 1 1 1 1 1 1 1 1 1 1 0 0 1 0 1 0 0 0 1 1 0 1 1 0 1 1 1 0 1 1 0 0 0 1 0 0 0 0 0 1 1 1 0 1 0 1 1
80	2	1 1 1 1 1 1 1 1 1 1 1 1 0 1 0 1 0 1 0 0 0 1 1 0 1 1 0 1 1 1 0 1 1 0 0 0 1 0 0 0 0 0 1 1 1 0 1 0 1 0
80	2	1 1 1 1 1 1 1 1 1 1 1 1 0 0 0 1 0 1 0 0 0 1 1 0 1 1 0 1 1 1 0 1 1 0 0 0 1 0 0 0 0 1 1 1 1 0 1 0 1 0
80	5	1 1 1 1 1 1 1 1 1 1 1 1 0 0 0 1 0 1 0 0 0 1 1 0 1 1 0 1 1 1 0 1 1 0 0 0 1 0 0 0 0 0 1 1 1 0 1 0 1 0
80	1	1 1 1 1 1 1 1 1 1 1 1 1 0 0 0 1 0 1 0 0 0 1 1 0 1 1 0 1 1 1 0 0 1 0 0 0 1 0 0 0 0 0 1 1 1 0 1 0 1 1
80	3	1 1 1 1 1 1 1 1 1 1 1 1 0 0 0 1 0 1 0 0 0 1 1 0 1 1 0 1 1 1 0 1 1 0 0 0 1 0 0 0 0 0 1 1 1 0 1 0 1 1
80	2	1 1 1 1 1 1 1 1 1 1 1 1 0 0 0 1 0 1 0 0 0 1 1 0 1 1 1 1 1 1 0 1 1 0 0 1 1 0 0 0 0 0 0 1 1 0 1 0 1 1
80	4	1 1 1 1 1 1 1 1 1 1 1 1 0 0 0 1 0 1 0 0 0 1 1 0 1 1 1 1 1 1 0 1 1 0 0 1 1 0 0 0 0 0 1 1 1 0 1 0 1 1
90	1	1 1 1 0 1 1 1 1 1 1 1 0 0 0 0 0 1 0 1 1 1 1 1 0 0 0 0 1 1 0 1 1 0 0 0 1 0 0 0 0 1 1 1 1 1 1 0 0 0 0
90	1	1 1 1 0 1 1 1 1 1 1 1 0 0 0 0 0 1 0 1 1 1 1 1 0 0 0 0 1 1 0 1 1 0 0 0 1 0 0 0 0 1 1 1 1 1 0 0 0 0 0
90	1	1 1 1 1 1 1 1 1 1 1 1 1 0 1 0 1 0 1 1 0 0 1 1 0 1 1 0 1 1 1 0 1 1 0 0 1 1 0 0 0 0 0 1 0 1 0 1 0 1 1
90	2	1 1 1 1 1 1 1 1 1 1 1 1 0 1 0 1 0 1 1 0 0 1 1 0 1 1 0 1 1 1 0 1 1 0 0 1 1 0 0 0 0 0 1 1 1 0 1 0 1 1
90	1	1 1 1 1 1 1 1 1 1 1 1 1 0 0 0 1 0 1 0 0 0 0 1 0 1 0 0 0 1 1 0 1 1 0 0 1 1 0 0 0 0 0 1 1 1 0 1 0 1 1
90	2	1 1 1 1 1 1 1 1 1 1 1 1 0 0 0 1 0 1 0 0 0 0 1 0 1 1 0 1 1 1 0 1 1 0 0 1 1 0 0 0 0 0 1 1 1 0 1 0 1 1
90	1	1 1 1 1 1 1 1 1 1 1 0 1 0 0 0 1 0 1 0 0 0 0 1 0 1 0 0 1 1 1 0 1 1 0 0 1 1 0 0 0 0 0 1 1 1 0 1 0 1 1
90	4	1 1 1 1 1 1 1 1 1 1 1 1 0 0 0 1 0 1 0 0 0 0 1 0 1 0 0 1 1 1 0 1 1 0 0 1 1 0 0 0 0 0 1 1 1 0 1 0 1 1
90	1	1 1 1 1 1 1 1 1 1 1 1 1 0 0 0 1 0 1 0 0 0 1 1 0 1 0 0 1 0 1 0 1 1 0 0 1 1 0 0 0 0 0 0 1 1 0 1 0 1 1
90	7	1 1 1 1 1 1 1 1 1 1 1 1 0 0 0 1 0 1 0 0 0 1 1 0 1 0 0 1 0 1 0 1 1 0 0 1 1 0 0 0 0 0 1 1 1 0 1 0 1 1
90	4	1 1 1 1 1 1 1 1 1 1 1 1 0 0 0 1 0 1 0 0 1 1 1 0 1 0 0 1 1 1 0 1 1 0 0 1 1 0 0 0 0 0 1 1 1 0 1 0 1 1
90	1	1 1 1 0 1 1 1 1 1 1 1 1 0 0 0 1 0 1 0 0 0 1 1 0 1 0 0 1 1 1 0 1 1 0 0 1 1 0 0 0 0 0 0 1 1 0 1 0 1 1
90	1	1 1 1 1 1 1 1 1 1 1 1 1 0 0 0 1 0 1 0 0 0 1 1 0 1 0 0 1 1 1 0 1 1 1 0 1 1 0 0 0 0 0 0 1 1 0 1 0 1 1
90	13	1 1 1 1 1 1 1 1 1 1 1 1 0 0 0 1 0 1 0 0 0 1 1 0 1 0 0 1 1 1 0 1 1 0 0 1 1 0 0 0 0 0 0 1 1 0 1 0 1 1
90	1	1 1 1 1 1 1 1 1 1 1 1 1 0 0 0 1 0 1 0 0 0 1 1 0 1 0 0 1 1 1 0 0 1 0 0 1 1 0 0 0 0 0 1 1 1 0 1 0 1 1
90	1	1 1 1 1 1 1 1 1 1 1 1 1 0 0 0 1 0 1 0 0 0 1 1 0 1 0 0 1 1 1 1 1 1 1 0 1 1 0 0 0 0 0 1 1 1 0 1 0 1 1
90	2	1 1 1 1 1 1 1 1 1 1 1 1 0 0 0 1 0 1 0 0 0 1 1 0 1 1 0 1 1 1 0 1 1 0 0 1 1 0 0 0 0 0 1 1 1 0 1 0 1 1
90	1	1 1 1 1 1 1 1 1 1 0 1 1 0 0 0 1 0 1 0 0 0 1 1 0 1 0 0 1 1 1 0 1 1 0 0 1 1 0 0 0 0 0 1 1 1 0 1 0 1 1
90	28	1 1 1 1 1 1 1 1 1 1 1 1 0 0 0 1 0 1 0 0 0 1 1 0 1 0 0 1 1 1 0 1 1 0 0 1 1 0 0 0 0 0 1 1 1 0 1 0 1 1
90	1	1 1 1 1 1 1 1 1 1 1 1 1 1 0 0 1 0 1 0 0 0 1 1 0 1 1 0 1 1 1 0 1 1 0 0 0 1 0 0 0 0 0 1 1 1 0 1 0 1 1
90	1	1 1 1 1 1 1 1 1 1 1 1 1 0 1 0 1 0 1 0 0 0 1 1 0 1 1 0 1 1 1 0 1 1 0 0 0 1 0 0 0 0 0 1 1 1 0 1 0 1 0
90	16	1 1 1 1 1 1 1 1 1 1 1 1 0 0 0 1 0 1 0 0 0 1 1 0 1 1 0 1 1 1 0 1 1 0 0 0 1 0 0 0 0 0 1 1 1 0 1 0 1 0
90	6	1 1 1 1 1 1 1 1 1 1 1 1 0 0 0 1 0 1 0 0 0 1 1 0 1 1 0 1 1 1 0 1 1 0 0 0 1 0 0 0 0 0 1 1 1 0 1 0 1 1
90	2	1 1 1 1 1 1 1 1 1 1 1 1 0 0 0 1 0 1 0 0 0 1 1 0 1 1 1 1 1 1 0 1 1 0 0 1 1 0 0 0 0 0 0 1 1 0 1 0 1 1
90	1	1 1 1 1 1 1 1 1 1 1 1 1 0 0 0 1 0 1 0 0 0 1 1 0 1 1 1 1 1 1 0 1 1 0 0 1 1 0 0 0 0 0 1 1 1 0 1 0 1 1
100	2	1 1 1 0 1 1 1 1 1 1 1 0 0 0 0 0 1 0 1 1 1 1 1 0 0 0 0 1 1 0 1 1 0 0 0 1 0 0 0 0 1 1 1 1 1 0 0 0 0 0
100	2	1 1 1 1 1 1 1 1 1 1 1 1 0 1 0 1 0 1 1 0 0 1 1 0 1 1 0 1 1 1 0 1 1 0 0 1 1 0 0 0 0 0 1 0 1 0 1 0 1 1
100	1	1 1 1 1 1 1 1 1 1 1 1 1 0 1 0 1 0 1 1 0 0 1 1 0 1 1 0 1 1 1 0 1 1 0 0 1 1 0 0 0 0 0 1 1 1 0 1 0 1 1
100	1	1 1 1 1 1 1 1 1 1 1 1 1 0 1 0 1 0 1 0 0 0 1 1 0 1 1 0 1 1 1 0 1 1 0 0 1 1 0 0 0 0 0 1 1 1 0 1 0 1 1
100	5	1 1 1 1 1 1 1 1 1 1 1 1 0 0 0 1 0 1 0 0 0 0 1 0 1 0 0 0 1 1 0 1 1 0 0 1 1 0 0 0 0 0 1 1 1 0 1 0 1 1
100	1	1 1 1 1 1 1 1 1 1 1 1 1 0 0 0 1 0 1 0 0 0 0 1 0 1 1 0 1 1 1 0 1 1 0 0 1 1 0 0 0 0 0 1 1 1 0 0 0 1 1
100	4	1 1 1 1 1 1 1 1 1 1 1 1 0 0 0 1 0 1 0 0 0 0 1 0 1 0 0 1 1 1 0 1 1 0 0 1 1 0 0 0 0 0 1 1 1 0 1 0 1 1
100	3	1 1 1 1 1 1 1 1 1 1 1 1 0 0 0 1 0 1 0 0 0 1 1 0 1 0 0 1 0 1 0 1 1 0 0 1 1 0 0 0 0 0 0 1 1 0 1 0 1 1
100	1	1 1 1 1 1 1 1 1 1 1 1 1 0 0 0 1 0 1 0 0 0 1 1 0 1 0 0 1 0 1 0 1 1 0 0 1 1 0 0 0 0 0 1 1 1 0 1 0 1 1
100	1	1 1 1 1 1 1 1 1 1 1 1 1 0 0 0 1 0 1 0 0 1 1 1 0 1 0 0 1 1 1 0 1 1 0 0 1 1 0 0 0 0 0 1 1 1 0 1 0 1 1
100	6	1 1 1 0 1 1 1 1 1 1 1 1 0 0 0 1 0 1 0 0 0 1 1 0 1 0 0 1 1 1 0 1 1 0 0 1 1 0 0 0 0 0 0 1 1 0 1 0 1 1
100	1	1 1 1 1 1 1 1 1 1 1 1 1 0 0 0 1 0 1 0 0 0 1 1 0 1 0 0 1 1 0 0 1 1 0 0 1 1 0 0 0 0 0 0 1 1 0 1 0 1 1
100	1	1 1 1 1 1 1 1 1 1 1 1 0 0 0 0 1 0 1 0 0 0 1 1 0 1 0 0 1 1 1 0 1 1 0 0 1 1 0 0 0 0 0 0 1 1 0 1 0 1 1
100	1	1 1 1 1 1 1 1 1 1 1 1 1 0 0 0 1 0 1 0 0 0 1 1 1 1 0 0 1 1 1 0 1 1 0 0 1 1 0 0 0 0 0 0 1 1 0 1 0 1 1
100	21	1 1 1 1 1 1 1 1 1 1 1 1 0 0 0 1 0 1 0 0 0 1 1 0 1 0 0 1 1 1 0 1 1 0 0 1 1 0 0 0 0 0 0 1 1 0 1 0 1 1
100	2	1 1 1 1 1 1 1 1 1 1 1 1 0 0 0 1 0 1 0 0 0 1 1 0 1 0 0 1 1 1 1 1 1 0 0 1 1 0 0 0 0 0 1 1 1 0 1 0 1 1
100	1	1 1 1 1 1 1 1 1 1 1 1 1 0 0 0 1 0 1 0 0 0 1 1 0 1 0 0 1 1 1 0 1 1 0 0 1 1 0 0 0 0 0 1 1 1 0 0 0 1 1
100	18	1 1 1 1 1 1 1 1 1 1 1 1 0 0 0 1 0 1 0 0 0 1 1 0 1 0 0 1 1 1 0 1 1 0 0 1 1 0 0 0 0 0 1 1 1 0 1 0 1 1
100	2	1 1 1 1 1 1 1 1 1 0 1 1 0 0 0 1 0 1 0 0 0 1 1 0 1 1 0 1 1 1 0 1 1 0 0 0 1 0 0 0 0 0 1 1 1 0 1 0 1 0
100	15	1 1 1 1 1 1 1 1 1 1 1 1 0 0 0 1 0 1 0 0 0 1 1 0 1 1 0 1 1 1 0 1 1 0 0 0 1 0 0 0 0 0 1 1 1 0 1 0 1 0
100	3	1 1 1 1 1 1 1 1 1 1 1 1 0 0 0 1 0 1 0 0 0 1 1 0 1 1 0 1 1 1 0 1 1 0 0 0 1 0 0 0 0 0 1 1 1 0 1 0 1 1
100	1	1 1 1 1 1 1 1 1 1 1 1 1 0 0 0 1 0 1 0 0 0 1 0 0 1 1 1 1 1 1 0 1 1 0 0 1 1 0 0 0 0 0 0 1 1 0 1 0 1 1
100	1	1 1 1 1 1 1 1 1 1 1 1 1 0 0 0 1 0 1 0 0 0 1 1 0 1 1 1 1 1 1 1 1 1 0 0 1 1 0 0 0 0 0 0 1 1 0 1 0 1 1
100	6	1 1 1 1 1 1 1 1 1 1 1 1 0 0 0 1 0 1 0 0 0 1 1 0 1 1 1 1 1 1 0 1 1 0 0 1 1 0 0 0 0 0 0 1 1 0 1 0 1 1
110	3	1 1 1 1 1 1 1 1 1 1 1 1 0 1 0 1 0 1 1 0 0 1 1 0 1 1 0 1 1 1 0 1 1 0 0 1 1 0 0 0 0 0 1 0 1 0 1 0 1 1
110	1	1 1 1 1 1 1 1 1 1 1 1 1 0 1 0 1 0 1 1 0 0 1 1 0 1 1 0 1 1 1 0 1 1 0 0 1 1 0 0 0 0 0 1 1 1 0 1 0 1 1
110	1	1 1 1 0 1 1 1 1 1 1 1 1 0 1 0 1 0 1 0 0 0 1 1 0 1 1 0 1 1 1 0 1 1 0 0 1 1 0 0 0 0 0 1 1 1 0 1 0 1 1
110	1	1 1 1 1 1 1 1 1 1 1 1 1 0 0 0 1 0 1 0 0 0 0 1 0 1 0 0 0 1 1 0 1 1 0 0 1 1 0 0 0 0 0 1 1 1 0 1 0 1 1
110	2	1 1 1 1 1 1 1 1 1 1 1 1 0 0 0 1 0 1 0 0 0 0 1 0 1 1 0 1 1 1 0 1 1 0 0 1 1 0 0 0 0 0 1 1 1 0 0 0 1 1
110	1	1 1 1 1 1 1 1 1 1 1 1 1 0 0 0 1 0 1 0 0 0 1 1 0 1 0 0 1 1 1 0 1 1 0 0 1 1 0 0 0 0 0 0 1 1 0 1 0 1 0
110	15	1 1 1 1 1 1 1 1 1 1 1 1 0 0 0 1 0 1 0 0 0 1 1 0 1 0 0 1 1 1 0 1 1 0 0 1 1 0 0 0 0 0 0 1 1 0 1 0 1 1
110	1	1 1 1 1 1 1 1 1 1 1 1 1 0 0 0 1 0 1 0 0 0 1 1 0 1 0 0 1 1 1 0 1 0 0 0 1 1 0 0 0 0 0 1 1 1 0 1 0 1 1
110	15	1 1 1 1 1 1 1 1 1 1 1 1 0 0 0 1 0 1 0 0 0 1 1 0 1 0 0 1 1 1 0 1 1 0 0 1 1 0 0 0 0 0 1 1 1 0 1 0 1 1
110	2	1 1 1 1 1 1 1 1 1 1 1 1 0 0 0 1 0 1 0 0 0 0 1 0 1 0 0 1 1 1 0 1 1 0 0 1 1 0 0 0 0 0 1 1 1 0 1 0 1 1
110	5	1 1 1 1 1 1 1 1 1 1 1 1 0 0 0 1 0 1 0 0 1 1 1 0 1 0 0 1 1 1 0 1 1 0 0 1 1 0 0 0 0 0 1 1 1 0 1 0 1 1
110	2	1 1 0 0 1 1 1 1 1 1 1 1 0 0 0 1 0 1 0 0 0 1 1 0 1 0 0 1 1 1 0 1 1 0 0 1 1 0 0 0 0 0 0 1 1 0 1 0 1 1
110	3	1 1 1 0 1 1 1 1 1 1 1 1 0 0 0 1 0 1 0 0 0 1 1 0 1 0 0 1 1 1 0 1 1 0 0 1 1 0 0 0 0 0 0 1 1 0 1 0 1 1
110	2	1 1 1 1 1 1 1 1 1 1 1 1 0 0 0 1 0 1 0 0 0 1 1 0 1 0 0 1 1 1 0 0 1 0 0 1 1 0 0 0 0 0 0 1 1 0 1 0 1 1
110	2	1 1 1 1 1 1 1 1 1 1 1 1 0 0 0 1 0 1 0 0 0 1 1 0 1 0 0 1 1 1 0 1 1 0 0 1 1 0 1 0 0 0 0 1 1 0 1 0 1 1
110	1	1 1 1 1 1 1 1 1 1 1 1 1 0 0 0 1 0 1 0 0 0 1 1 0 1 1 0 1 1 1 0 1 1 0 0 0 1 0 0 0 0 0 1 1 1 0 1 0 1 1
110	1	1 1 1 1 1 1 1 1 1 1 1 1 0 0 0 1 0 1 0 0 0 1 1 0 1 0 0 1 1 1 0 1 1 0 0 1 1 0 0 0 0 0 1 1 1 0 0 0 1 1
110	1	1 1 1 1 1 1 1 1 1 1 1 1 0 1 0 1 0 1 0 0 0 1 1 0 1 1 0 1 1 1 0 1 1 0 0 0 0 0 0 0 0 0 1 1 1 0 1 0 1 0
110	1	1 1 1 1 1 1 1 1 1 1 1 1 0 1 0 1 0 1 0 0 0 1 1 0 1 1 0 1 1 1 0 1 1 0 0 0 1 0 0 0 0 0 1 1 1 0 1 0 1 0
110	1	1 1 1 1 1 1 1 1 1 1 1 1 0 0 0 1 0 1 0 0 0 1 1 0 1 1 0 0 1 1 0 1 1 0 0 0 1 0 0 0 0 0 1 1 1 0 1 0 1 0
110	1	1 1 1 1 1 1 1 1 1 1 1 1 0 0 0 1 0 1 0 0 0 1 1 0 1 1 0 1 1 1 0 0 1 0 0 0 1 0 0 0 0 0 1 1 1 0 1 0 1 0
110	25	1 1 1 1 1 1 1 1 1 1 1 1 0 0 0 1 0 1 0 0 0 1 1 0 1 1 0 1 1 1 0 1 1 0 0 0 1 0 0 0 0 0 1 1 1 0 1 0 1 0
110	1	1 1 1 1 1 1 1 1 1 1 1 1 0 0 0 1 0 1 0 0 0 1 1 0 1 1 1 1 1 1 1 1 1 0 0 1 1 0 0 0 0 0 0 1 1 0 1 0 1 1
110	2	1 1 1 1 1 1 1 1 1 1 1 1 0 0 0 0 0 1 0 0 0 1 1 0 1 1 1 1 1 1 0 1 1 0 0 1 1 0 0 0 0 0 0 1 1 0 1 0 1 1
110	10	1 1 1 1 1 1 1 1 1 1 1 1 0 0 0 1 0 1 0 0 0 1 1 0 1 1 1 1 1 1 0 1 1 0 0 1 1 0 0 0 0 0 0 1 1 0 1 0 1 1
120	5	1 1 1 1 1 1 1 1 1 1 1 1 0 1 0 1 0 1 1 0 0 1 1 0 1 1 0 1 1 1 0 1 1 0 0 1 1 0 0 0 0 0 1 0 1 0 1 0 1 1
120	1	1 1 1 1 1 1 1 1 1 1 1 1 0 0 0 1 0 1 0 0 0 0 1 0 1 0 0 0 1 1 0 1 1 0 0 1 1 0 0 0 0 0 1 1 1 0 1 0 1 1
120	1	1 1 1 0 1 1 1 1 1 1 1 1 0 0 0 1 0 1 0 0 0 1 1 0 1 0 0 1 1 1 0 1 1 0 0 1 1 0 0 0 0 0 0 1 1 0 1 0 1 1
120	19	1 1 1 1 1 1 1 1 1 1 1 1 0 0 0 1 0 1 0 0 0 1 1 0 1 0 0 1 1 1 0 1 1 0 0 1 1 0 0 0 0 0 0 1 1 0 1 0 1 1
120	1	1 1 1 1 1 1 1 1 1 1 1 1 0 0 0 1 0 1 0 0 0 1 1 0 1 0 0 1 1 1 0 1 0 0 0 1 1 0 0 0 0 0 1 1 1 0 1 0 1 1
120	3	1 1 1 1 1 1 1 1 1 1 1 1 0 0 0 1 0 1 0 0 1 1 1 0 1 0 0 1 1 1 0 1 1 0 0 1 1 0 0 0 0 0 1 1 1 0 1 0 1 1
120	3	1 1 1 1 1 1 1 1 1 1 1 1 0 0 0 1 0 1 0 0 0 1 1 0 1 0 0 1 1 1 0 1 1 0 0 1 1 0 0 0 0 0 1 1 1 0 1 0 1 1
120	2	1 1 1 1 1 1 1 1 1 1 1 1 0 0 0 1 0 1 0 0 0 0 1 0 1 0 0 1 1 1 0 1 1 0 0 1 1 0 0 0 0 0 1 1 1 0 1 0 1 1
120	1	1 1 1 1 1 1 1 1 1 1 1 1 0 0 0 1 0 1 0 0 0 1 1 0 1 0 0 1 0 1 0 1 1 0 0 1 1 0 0 0 0 0 0 1 1 0 1 0 1 1
120	4	1 1 1 1 1 1 1 1 1 1 1 1 0 0 0 1 0 1 0 0 0 1 1 0 1 1 0 1 1 1 0 1 1 0 0 1 1 0 0 0 0 0 0 1 1 0 1 0 1 1
120	1	1 1 1 1 1 1 1 1 1 1 1 1 0 0 0 1 0 1 0 0 0 1 1 0 1 0 0 1 1 1 0 0 1 0 0 1 1 0 0 0 0 0 0 1 1 0 1 0 1 1
120	1	1 1 1 1 1 1 1 1 1 1 1 0 0 0 0 1 0 1 0 0 0 1 1 1 1 0 1 1 1 1 0 1 1 0 0 1 1 0 0 0 0 0 0 1 1 0 1 0 1 1
120	1	1 1 1 1 1 1 1 1 1 1 1 0 0 0 0 1 0 1 0 0 0 1 1 0 1 0 1 1 1 1 0 1 1 0 0 1 1 0 0 0 0 0 0 1 1 0 1 0 1 1
120	1	1 1 1 1 1 1 1 1 1 1 1 1 0 0 0 1 0 1 0 0 0 1 1 0 1 0 0 1 1 1 0 1 1 0 0 1 1 0 1 0 0 0 0 1 1 0 1 0 1 1
120	3	1 1 1 1 1 1 1 1 1 1 1 1 0 0 0 1 0 1 0 0 0 1 1 0 1 1 0 1 1 1 0 1 1 0 0 1 1 0 0 0 0 0 1 1 1 0 1 0 1 1
120	3	1 1 1 1 1 1 1 1 1 1 1 1 0 0 0 1 0 1 0 0 0 1 1 0 1 1 0 1 1 1 0 0 1 0 0 0 1 0 0 0 0 0 1 1 1 0 1 0 1 0
120	1	1 1 1 1 1 1 1 1 0 1 1 1 0 0 0 1 0 1 0 0 0 1 1 0 1 1 0 1 1 1 0 1 1 0 0 0 1 0 0 0 0 0 1 1 1 0 1 0 1 0
120	35	1 1 1 1 1 1 1 1 1 1 1 1 0 0 0 1 0 1 0 0 0 1 1 0 1 1 0 1 1 1 0 1 1 0 0 0 1 0 0 0 0 0 1 1 1 0 1 0 1 0
120	1	1 1 1 1 1 1 1 1 1 1 1 1 0 0 0 1 0 1 0 0 0 1 1 0 1 1 1 1 1 1 1 1 1 0 0 1 1 0 0 0 0 0 0 1 1 0 1 0 1 1
120	13	1 1 1 1 1 1 1 1 1 1 1 1 0 0 0 1 0 1 0 0 0 1 1 0 1 1 1 1 1 1 0 1 1 0 0 1 1 0 0 0 0 0 0 1 1 0 1 0 1 1
130	2	1 1 1 1 1 1 1 1 1 1 1 1 0 1 0 1 0 1 1 0 0 1 1 0 1 1 0 1 1 1 0 1 1 0 0 1 1 0 0 0 0 0 1 0 1 0 1 0 1 1
130	1	1 1 1 1 1 1 1 1 1 1 1 1 0 0 0 1 0 1 0 0 0 0 1 0 1 1 0 1 1 1 0 1 1 0 0 1 1 0 0 0 0 0 1 1 1 0 0 0 1 1
130	1	1 1 1 0 1 1 1 1 1 1 1 1 0 0 0 1 0 1 0 0 0 1 1 0 1 0 0 1 1 1 0 1 1 0 0 1 1 0 0 0 0 0 0 1 1 0 1 0 1 1
130	1	1 1 1 1 1 1 1 1 1 1 1 1 0 0 0 1 0 1 0 0 0 1 1 0 1 0 0 1 1 1 0 1 1 0 0 1 1 0 0 0 0 0 1 1 1 0 1 0 1 1
130	22	1 1 1 1 1 1 1 1 1 1 1 1 0 0 0 1 0 1 0 0 0 1 1 0 1 0 0 1 1 1 0 1 1 0 0 1 1 0 0 0 0 0 0 1 1 0 1 0 1 1
130	1	1 1 1 1 1 1 1 1 1 1 1 1 0 0 0 1 0 1 0 0 0 1 1 0 1 0 0 1 1 1 0 1 1 0 1 1 1 0 0 0 0 0 1 1 1 0 1 0 1 1
130	1	1 1 1 1 1 1 1 1 1 1 1 1 0 0 0 1 0 1 0 0 0 1 1 0 1 1 0 1 1 1 0 1 1 0 0 1 1 0 0 0 0 0 0 1 1 0 1 0 1 1
130	1	1 1 1 1 1 1 1 1 1 1 1 1 0 0 0 1 0 1 0 0 0 1 1 0 1 0 0 1 1 1 0 0 1 0 0 1 1 0 0 0 0 0 0 1 1 0 1 0 1 1
130	2	1 1 1 1 1 1 1 1 1 1 1 0 0 0 0 1 0 1 0 0 0 1 1 0 1 0 1 1 1 1 0 1 1 0 0 1 1 0 0 0 0 0 0 1 1 0 1 0 1 1
130	4	1 1 1 1 1 1 1 1 1 1 1 1 0 0 0 1 0 1 0 0 0 1 1 0 1 0 0 1 1 1 0 1 1 0 0 1 1 0 1 0 0 0 0 1 1 0 1 0 1 1
130	1	1 1 1 1 1 1 1 1 1 1 1 1 0 0 0 1 0 1 0 0 0 1 1 0 1 1 0 1 1 1 0 1 1 0 0 0 1 1 0 0 0 0 1 1 1 0 1 0 1 0
130	1	1 1 1 1 1 1 1 1 1 1 1 1 0 0 0 1 0 1 0 0 0 1 1 0 1 1 0 0 1 1 0 1 1 0 0 0 1 0 0 0 0 0 1 1 1 0 1 0 1 0
130	43	1 1 1 1 1 1 1 1 1 1 1 1 0 0 0 1 0 1 0 0 0 1 1 0 1 1 0 1 1 1 0 1 1 0 0 0 1 0 0 0 0 0 1 1 1 0 1 0 1 0
130	3	1 1 1 1 1 1 1 1 1 1 1 1 0 0 0 1 0 1 0 0 0 1 0 0 1 1 1 1 1 1 0 1 1 0 0 1 1 0 0 0 0 0 0 1 1 0 1 0 1 1
130	1	1 1 1 1 1 1 1 1 1 1 1 1 0 0 0 1 0 1 0 0 0 1 1 0 1 1 1 1 1 1 0 1 1 0 0 1 1 0 0 0 0 0 0 1 1 1 1 0 1 1
130	15	1 1 1 1 1 1 1 1 1 1 1 1 0 0 0 1 0 1 0 0 0 1 1 0 1 1 1 1 1 1 0 1 1 0 0 1 1 0 0 0 0 0 0 1 1 0 1 0 1 1
140	1	1 1 1 1 1 1 1 1 1 1 1 1 0 1 0 0 0 1 1 0 0 1 1 0 1 1 0 1 1 1 0 1 1 0 0 1 1 0 0 0 0 0 1 0 1 0 1 0 1 1
140	2	1 1 1 1 1 1 1 1 1 1 1 1 0 1 0 1 0 1 1 0 0 1 1 0 1 1 0 1 1 1 0 1 1 0 0 1 1 0 0 0 0 0 1 0 1 0 1 0 1 1
140	3	1 1 1 1 1 1 1 1 1 1 1 1 0 0 0 1 0 1 0 0 0 1 1 0 1 0 0 1 1 1 0 1 1 0 0 1 1 0 0 0 0 0 0 1 1 0 0 0 1 1
140	18	1 1 1 1 1 1 1 1 1 1 1 1 0 0 0 1 0 1 0 0 0 1 1 0 1 0 0 1 1 1 0 1 1 0 0 1 1 0 0 0 0 0 0 1 1 0 1 0 1 1
140	2	1 1 1 1 1 1 1 1 1 1 1 1 0 0 0 1 0 1 0 0 0 0 1 0 1 0 0 1 1 1 0 1 1 1 0 1 1 0 0 0 0 0 1 1 1 0 1 0 1 1
140	1	1 1 1 1 1 1 1 1 1 1 1 1 0 0 0 1 0 1 0 0 0 1 1 0 1 0 0 1 1 1 0 0 1 0 0 1 1 0 0 0 0 0 0 1 1 0 0 0 1 1
140	2	1 1 1 1 1 1 1 1 1 1 1 1 0 0 0 1 0 1 0 0 0 1 1 0 1 0 0 1 1 1 0 0 1 0 0 1 1 0 0 0 0 0 0 1 1 0 1 0 1 1
140	5	1 1 1 1 1 1 1 1 1 1 1 0 0 0 0 1 0 1 0 0 0 1 1 0 1 0 1 1 1 1 0 1 1 0 0 1 1 0 0 0 0 0 0 1 1 0 1 0 1 1
140	3	1 1 1 1 1 1 1 1 1 1 1 1 0 0 0 1 0 1 0 0 0 1 1 0 1 0 0 1 1 1 0 1 1 0 0 1 1 0 1 0 0 0 0 1 1 0 1 0 1 1
140	1	1 1 1 1 1 1 1 1 1 1 1 1 0 0 0 1 0 1 0 0 0 1 1 0 1 1 0 1 1 1 0 1 1 0 0 0 1 0 0 0 0 0 1 0 1 0 1 0 1 0
140	1	1 1 1 1 1 1 1 1 1 1 1 1 0 0 0 1 1 1 0 0 0 1 1 0 1 1 0 1 1 1 0 1 1 0 0 0 1 0 0 0 0 0 1 1 1 0 1 0 1 0
140	2	1 1 1 1 1 1 1 1 1 1 1 1 0 0 0 1 0 1 0 0 0 1 1 0 1 1 0 0 1 1 0 1 1 0 0 0 1 0 0 0 0 0 1 1 1 0 1 0 1 0
140	1	1 1 1 1 1 1 1 1 1 1 1 1 0 0 0 1 0 1 0 0 0 1 1 0 1 1 0 1 1 1 0 1 1 0 0 0 1 0 0 0 0 0 0 1 1 0 1 0 1 0
140	1	1 1 1 1 1 1 1 1 1 1 1 1 0 0 0 1 0 1 0 0 1 1 1 0 1 1 0 1 1 1 0 1 1 0 0 0 1 0 0 0 0 0 1 1 1 0 1 0 1 0
140	1	1 1 1 1 1 1 1 1 1 1 1 1 0 0 0 1 0 1 0 0 0 1 1 0 1 1 0 1 1 1 0 1 1 0 0 0 1 0 0 0 0 0 1 1 1 0 1 0 1 1
140	30	1 1 1 1 1 1 1 1 1 1 1 1 0 0 0 1 0 1 0 0 0 1 1 0 1 1 0 1 1 1 0 1 1 0 0 0 1 0 0 0 0 0 1 1 1 0 1 0 1 0
140	1	1 1 1 1 1 1 1 1 1 1 1 1 0 0 0 1 0 1 0 0 0 1 0 0 1 1 1 1 1 1 0 1 1 0 0 1 1 0 0 0 0 0 0 1 1 0 1 0 1 1
140	2	1 1 1 1 1 1 1 1 1 1 1 1 0 0 0 1 0 1 0 0 0 1 1 0 1 1 1 1 1 1 1 1 1 0 0 1 1 0 0 0 0 0 0 1 1 0 1 0 1 1
140	1	1 1 1 1 1 1 1 1 1 1 1 1 0 0 0 1 0 1 0 1 0 1 1 0 1 1 1 1 1 1 0 1 1 0 0 1 1 0 0 0 0 0 0 1 1 0 1 0 1 1
140	22	1 1 1 1 1 1 1 1 1 1 1 1 0 0 0 1 0 1 0 0 0 1 1 0 1 1 1 1 1 1 0 1 1 0 0 1 1 0 0 0 0 0 0 1 1 0 1 0 1 1
150	4	1 1 1 1 1 1 1 1 1 1 1 1 0 1 0 1 0 1 1 0 0 1 1 0 1 1 0 1 1 1 0 1 1 0 0 1 1 0 0 0 0 0 1 0 1 0 1 0 1 1
150	2	1 1 0 1 1 1 1 1 1 1 1 1 0 0 0 1 0 1 0 0 0 1 1 0 1 0 0 1 1 1 0 1 1 0 0 1 1 0 0 0 0 0 0 1 1 0 0 0 1 1
150	2	1 1 1 1 1 1 1 1 1 1 1 1 0 0 0 1 0 1 0 0 0 1 1 0 1 0 0 1 1 1 0 1 1 0 0 1 1 0 0 0 0 0 0 1 1 0 0 0 1 1
150	21	1 1 1 1 1 1 1 1 1 1 1 1 0 0 0 1 0 1 0 0 0 1 1 0 1 0 0 1 1 1 0 1 1 0 0 1 1 0 0 0 0 0 0 1 1 0 1 0 1 1
150	2	1 1 1 1 1 1 1 1 1 1 1 1 0 0 0 1 0 1 0 0 0 1 1 0 1 0 0 1 1 1 0 0 1 0 0 1 1 0 0 0 0 0 0 1 1 0 1 0 1 1
150	2	1 1 1 1 1 1 1 1 1 1 1 0 0 0 0 1 0 1 0 0 0 1 1 0 1 0 1 1 1 1 0 1 1 0 0 1 1 0 0 0 0 0 0 1 1 0 1 0 1 1
150	2	1 1 1 1 1 1 1 1 1 1 1 1 0 0 0 1 0 1 0 0 0 1 1 0 1 0 0 1 1 1 0 1 1 0 0 1 1 0 1 0 0 0 0 1 1 0 1 0 1 1
150	5	1 1 1 1 1 1 1 1 1 1 1 1 0 0 0 1 0 1 0 0 0 1 1 0 1 1 0 1 1 1 0 1 1 0 0 0 1 0 0 0 0 0 1 0 1 0 1 0 1 0
150	1	1 1 1 1 1 1 1 1 1 1 1 1 0 0 0 1 0 1 0 0 0 1 1 0 1 1 0 0 1 1 0 1 1 0 0 0 1 0 0 0 0 0 1 1 1 0 1 0 1 0
150	1	1 1 1 1 1 1 1 1 1 1 1 1 0 0 0 1 0 1 0 0 0 1 1 0 1 1 0 1 1 1 0 1 1 0 0 0 1 0 0 0 0 0 0 1 1 0 1 0 1 0
150	2	1 1 1 1 1 1 1 1 1 1 1 1 0 0 0 1 0 1 0 0 1 1 1 0 1 1 0 1 1 1 0 1 1 0 0 0 1 0 0 0 0 0 1 1 1 0 1 0 1 0
150	1	0 1 1 1 1 1 1 1 1 1 1 1 0 0 0 1 0 1 0 0 0 1 1 0 1 1 0 1 1 1 0 1 1 0 0 0 1 0 0 0 0 0 1 1 1 0 1 0 1 0
150	2	1 1 1 1 1 1 1 1 1 1 1 1 0 0 0 1 0 1 0 0 0 0 1 0 1 1 0 1 1 1 0 1 1 0 0 0 1 0 0 0 0 0 1 1 1 0 1 0 1 0
150	1	1 1 1 1 1 1 1 1 1 1 1 1 0 1 0 1 0 1 0 0 0 1 1 0 1 1 0 1 1 1 0 1 1 0 0 0 1 0 0 0 0 0 1 1 1 0 1 0 1 0
150	39	1 1 1 1 1 1 1 1 1 1 1 1 0 0 0 1 0 1 0 0 0 1 1 0 1 1 0 1 1 1 0 1 1 0 0 0 1 0 0 0 0 0 1 1 1 0 1 0 1 0
150	1	1 1 1 1 1 1 1 1 1 1 1 1 0 0 0 1 0 1 0 0 0 1 0 0 1 1 1 1 1 1 0 1 1 0 0 1 1 0 0 0 0 0 0 1 1 0 1 0 1 1
150	1	1 1 1 1 1 1 1 1 1 1 1 1 0 0 0 1 0 1 0 1 0 1 1 0 1 1 1 1 1 1 0 1 1 0 0 1 1 0 0 0 0 0 0 1 1 0 1 0 1 1
150	11	1 1 1 1 1 1 1 1 1 1 1 1 0 0 0 1 0 1 0 0 0 1 1 0 1 1 1 1 1 1 0 1 1 0 0 1 1 0 0 0 0 0 0 1 1 0 1 0 1 1
160	1	1 1 1 1 1 1 1 1 1 1 1 1 0 0 0 1 0 1 1 1 0 1 1 0 1 1 0 1 1 1 0 1 1 0 0 1 1 0 0 0 0 0 1 0 1 0 1 0 1 1
160	1	1 1 1 1 1 1 1 1 1 1 1 1 0 1 0 1 0 1 1 0 0 1 1 0 1 1 0 1 1 1 0 1 1 0 0 1 1 0 0 0 0 0 1 0 1 0 1 0 1 1
160	1	1 1 0 1 1 1 1 1 1 1 1 1 0 0 0 1 0 1 0 0 0 1 1 0 1 0 0 1 1 1 0 1 1 0 0 1 1 0 0 0 0 0 0 1 1 0 0 0 1 1
160	35	1 1 1 1 1 1 1 1 1 1 1 1 0 0 0 1 0 1 0 0 0 1 1 0 1 0 0 1 1 1 0 1 1 0 0 1 1 0 0 0 0 0 0 1 1 0 1 0 1 1
160	3	1 1 1 1 1 1 1 1 1 1 1 1 0 0 0 1 0 1 0 0 0 1 1 0 1 0 0 1 1 1 0 0 1 0 0 1 1 0 0 0 0 0 0 1 1 0 1 0 1 1
160	4	1 1 1 1 1 1 1 1 1 1 1 0 0 0 0 1 0 1 0 0 0 1 1 0 1 0 1 1 1 1 0 1 1 0 0 1 1 0 0 0 0 0 0 1 1 0 1 0 1 1
160	2	1 1 1 1 1 1 1 1 1 1 1 1 0 0 0 1 0 1 0 0 0 1 1 0 1 0 0 1 1 1 0 1 1 0 0 1 1 0 1 0 0 0 0 1 1 0 1 0 1 1
160	4	1 1 1 1 1 1 1 1 1 1 1 1 0 0 0 1 0 1 0 0 0 1 1 0 1 1 0 1 1 1 0 1 1 0 0 0 1 1 0 0 0 0 1 1 1 0 0 0 1 0
160	1	1 1 1 1 1 1 1 1 1 1 1 1 0 0 0 1 0 1 0 0 0 1 1 0 1 1 0 1 1 1 0 1 1 0 0 0 1 1 0 0 0 0 1 1 1 0 1 0 1 0
160	1	1 1 1 1 1 1 1 1 1 1 1 1 0 0 0 1 1 1 0 0 0 1 1 0 1 1 0 1 1 1 0 1 1 0 0 0 1 0 0 0 0 0 1 1 1 0 1 0 1 0
160	1	1 1 1 1 1 1 1 1 1 1 1 1 0 0 0 1 0 1 0 0 0 1 1 0 1 1 0 0 1 1 0 1 1 0 0 0 1 0 0 0 0 0 1 1 1 0 1 0 1 0
160	1	1 1 1 1 1 1 1 1 1 1 1 1 0 0 0 1 0 1 0 0 1 1 1 0 1 1 0 1 1 1 0 1 1 0 0 0 1 0 0 0 0 0 1 1 1 0 1 0 1 0
160	1	0 1 1 1 1 1 1 1 1 1 1 1 0 0 0 1 0 1 0 0 0 1 1 0 1 1 0 1 1 1 0 1 1 0 0 0 1 0 0 0 0 0 1 1 1 0 1 0 1 0
160	1	1 1 1 1 1 1 1 1 1 1 1 1 0 0 0 1 0 1 0 0 0 0 1 0 1 1 0 1 1 1 0 1 1 0 0 0 1 0 0 0 0 0 1 1 1 0 1 0 1 0
160	2	1 1 1 1 1 1 1 1 1 1 1 1 0 0 0 1 0 1 0 0 0 1 1 0 1 1 0 1 1 0 0 1 1 0 0 0 1 0 0 0 0 0 1 1 1 0 1 0 1 0
160	32	1 1 1 1 1 1 1 1 1 1 1 1 0 0 0 1 0 1 0 0 0 1 1 0 1 1 0 1 1 1 0 1 1 0 0 0 1 0 0 0 0 0 1 1 1 0 1 0 1 0
160	2	1 1 1 1 1 1 1 1 1 1 1 1 0 0 0 1 0 1 0 1 0 1 1 0 1 1 1 1 1 1 0 1 1 0 0 1 1 0 0 0 0 0 0 1 1 0 1 0 1 1
160	7	1 1 1 1 1 1 1 1 1 1 1 1 0 0 0 1 0 1 0 0 0 1 1 0 1 1 1 1 1 1 0 1 1 0 0 1 1 0 0 0 0 0 0 1 1 0 1 0 1 1
170	2	1 1 1 1 1 1 1 1 1 1 1 1 0 1 0 1 0 1 1 0 0 1 1 0 1 1 0 1 1 1 0 1 1 0 0 1 1 0 0 0 0 0 1 0 1 0 1 0 1 1
170	1	1 1 1 1 1 1 1 1 1 1 1 1 0 0 0 1 1 1 0 0 0 1 1 0 1 0 0 1 1 1 0 1 1 0 0 1 1 0 0 0 0 0 0 1 1 0 1 0 1 1
170	1	1 1 1 1 1 1 1 1 1 1 1 1 0 0 0 1 0 1 0 0 0 1 1 0 1 0 0 1 1 1 0 0 1 0 0 1 1 0 0 0 0 0 0 1 1 0 1 0 1 1
170	27	1 1 1 1 1 1 1 1 1 1 1 1 0 0 0 1 0 1 0 0 0 1 1 0 1 0 0 1 1 1 0 1 1 0 0 1 1 0 0 0 0 0 0 1 1 0 1 0 1 1
170	1	1 1 1 1 1 1 1 1 1 1 1 1 0 0 0 1 0 1 0 0 0 0 1 0 1 0 0 1 1 1 0 1 1 1 0 1 1 0 0 0 0 0 1 1 1 0 1 0 1 1
170	3	1 1 1 1 1 1 1 1 1 1 1 0 0 0 0 1 0 1 0 0 0 1 1 0 1 0 1 1 1 1 0 1 1 0 0 1 1 0 0 0 0 0 0 1 1 0 1 0 1 1
170	1	1 1 1 1 1 1 1 1 1 1 1 1 0 0 0 1 0 1 0 0 0 1 1 0 1 0 0 1 1 1 0 1 1 0 0 1 1 0 1 0 0 0 0 1 1 0 1 0 1 1
170	12	1 1 1 1 1 1 1 1 1 1 1 1 0 0 0 1 0 1 0 0 0 1 1 0 1 1 0 1 1 1 0 1 1 0 0 0 1 1 0 0 0 0 1 1 1 0 0 0 1 0
170	1	1 1 1 1 1 1 1 1 1 1 1 1 0 0 0 1 0 1 0 0 0 1 1 0 1 1 0 1 1 1 0 1 1 0 0 0 1 0 0 0 0 0 1 0 1 0 1 0 1 0
170	7	1 1 1 1 1 1 1 1 1 1 1 1 0 0 0 1 1 1 0 0 0 1 1 0 1 1 0 1 1 1 0 1 1 0 0 0 1 0 0 0 0 0 1 1 1 0 1 0 1 0
170	1	1 1 1 1 1 1 1 1 1 1 1 1 0 0 0 1 0 1 0 0 0 1 1 0 1 1 0 0 1 1 0 1 1 0 0 0 1 0 0 0 0 0 1 1 1 0 1 0 1 0
170	2	1 1 1 1 1 1 1 1 1 1 1 1 0 0 0 1 0 1 0 0 0 1 1 0 1 1 0 1 1 1 0 1 1 0 0 0 1 0 0 0 0 0 0 1 1 0 1 0 1 0
170	33	1 1 1 1 1 1 1 1 1 1 1 1 0 0 0 1 0 1 0 0 0 1 1 0 1 1 0 1 1 1 0 1 1 0 0 0 1 0 0 0 0 0 1 1 1 0 1 0 1 0
170	8	1 1 1 1 1 1 1 1 1 1 1 1 0 0 0 1 0 1 0 0 0 1 1 0 1 1 1 1 1 1 0 1 1 0 0 1 1 0 0 0 0 0 0 1 1 0 1 0 1 1
180	3	1 1 1 1 1 1 1 1 1 1 1 1 0 0 0 1 0 1 1 1 0 1 1 0 1 1 0 1 1 1 0 1 1 0 0 1 1 0 0 0 0 0 1 0 1 0 0 0 1 1
180	3	1 1 1 1 1 1 1 1 1 1 1 1 0 1 0 1 0 1 1 0 0 1 1 0 1 1 0 1 1 1 0 1 1 0 0 1 1 0 0 0 0 0 1 0 1 0 1 0 1 1
180	1	1 1 0 1 1 1 1 1 1 1 1 1 0 0 0 1 0 1 0 1 0 1 1 0 1 0 0 1 1 1 0 1 1 0 0 1 1 0 0 0 0 0 0 1 1 0 0 0 1 1
180	1	1 1 0 1 1 1 1 1 1 1 1 1 0 0 0 1 0 1 0 0 0 1 1 0 1 0 0 1 1 1 0 1 1 0 0 1 1 0 0 0 0 0 0 1 1 0 0 0 1 1
180	1	1 1 1 1 1 1 1 1 1 1 1 1 0 0 0 1 1 1 0 0 0 1 1 0 1 0 0 1 1 1 0 1 1 0 0 1 1 0 0 0 0 0 0 1 1 0 1 0 1 1
180	1	1 1 1 1 1 1 1 1 1 1 1 1 0 0 0 1 0 1 0 0 0 1 1 0 1 0 0 1 1 1 0 1 1 0 0 0 1 0 0 0 0 0 0 1 1 0 1 0 1 1
180	23	1 1 1 1 1 1 1 1 1 1 1 1 0 0 0 1 0 1 0 0 0 1 1 0 1 0 0 1 1 1 0 1 1 0 0 1 1 0 0 0 0 0 0 1 1 0 1 0 1 1
180	1	1 1 1 1 1 1 1 1 1 1 1 1 0 0 0 1 0 1 0 0 0 0 1 0 1 0 0 1 1 1 0 1 1 1 0 1 1 0 0 0 0 0 1 1 1 0 1 0 1 1
180	1	1 1 1 1 1 1 1 1 1 1 1 0 0 0 0 1 0 1 0 0 0 1 1 0 1 0 1 1 1 1 0 1 1 0 0 1 1 0 0 0 0 0 0 1 1 0 1 0 0 1
180	2	1 1 1 1 1 1 1 1 1 1 1 0 0 0 0 1 0 1 0 0 0 1 1 0 1 0 1 1 1 1 0 1 1 0 0 1 1 0 0 0 0 0 0 1 1 0 1 0 1 1
180	1	1 1 1 1 0 1 1 1 1 1 1 1 0 0 0 1 0 1 0 0 0 1 1 0 1 0 0 1 1 1 0 1 1 0 0 1 1 0 1 0 0 0 0 1 1 0 1 0 1 1
180	1	1 1 1 1 1 1 1 1 1 1 1 1 0 0 0 1 0 1 0 0 0 1 1 0 1 0 0 1 1 1 0 1 1 0 0 1 1 0 1 0 0 0 0 1 1 0 1 0 1 1
180	8	1 1 1 1 1 1 1 1 1 1 1 1 0 0 0 1 0 1 0 0 0 1 1 0 1 1 0 1 1 1 0 1 1 0 0 0 1 1 0 0 0 0 1 1 1 0 0 0 1 0
180	3	1 1 1 1 1 1 1 1 1 1 1 1 0 0 0 1 0 1 0 0 0 1 1 0 1 1 0 1 1 1 0 1 1 0 0 0 1 1 0 0 0 0 1 1 1 0 1 0 1 0
180	1	1 1 1 1 1 1 1 1 1 1 1 1 0 0 0 1 0 1 0 0 0 1 1 0 1 1 0 1 1 1 0 1 1 0 0 0 1 0 0 1 0 0 1 0 1 0 1 0 1 0
180	4	1 1 1 1 1 1 1 1 1 1 1 1 0 0 0 1 1 1 0 0 0 1 1 0 1 1 0 1 1 1 0 1 1 0 0 0 1 0 0 0 0 0 1 1 1 0 1 0 1 0
180	1	1 1 1 1 1 1 1 1 1 1 1 1 0 0 0 1 0 1 0 0 0 1 1 0 1 1 0 1 1 1 0 1 1 0 0 0 1 0 0 0 0 0 0 1 1 0 1 0 1 0
180	3	1 1 1 1 1 1 1 1 1 1 1 1 0 0 0 1 0 1 0 0 0 0 1 0 1 1 0 1 1 1 0 1 1 0 0 0 1 0 0 0 0 0 1 1 1 0 1 0 1 0
180	1	1 1 1 1 1 1 1 1 1 1 1 0 0 0 0 1 0 1 0 0 0 1 1 0 1 1 0 1 1 1 0 1 1 0 0 0 1 0 0 0 0 0 1 1 1 0 1 0 1 0
180	1	1 1 1 1 1 1 1 1 1 1 1 1 0 0 0 1 0 1 0 0 0 1 1 0 1 1 0 1 1 1 0 1 1 0 1 0 1 0 0 0 0 0 1 1 1 0 1 0 1 0
180	26	1 1 1 1 1 1 1 1 1 1 1 1 0 0 0 1 0 1 0 0 0 1 1 0 1 1 0 1 1 1 0 1 1 0 0 0 1 0 0 0 0 0 1 1 1 0 1 0 1 0
180	1	1 1 1 1 1 1 1 1 1 1 1 1 0 0 0 1 0 1 0 0 0 1 1 0 1 1 1 1 1 1 0 1 1 0 0 1 1 0 0 0 0 0 1 1 1 0 1 0 1 1
180	12	1 1 1 1 1 1 1 1 1 1 1 1 0 0 0 1 0 1 0 0 0 1 1 0 1 1 1 1 1 1 0 1 1 0 0 1 1 0 0 0 0 0 0 1 1 0 1 0 1 1
190	8	1 1 1 1 1 1 1 1 1 1 1 1 0 0 0 1 0 1 1 1 0 1 1 0 1 1 0 1 1 1 0 1 1 0 0 1 1 0 0 0 0 0 1 0 1 0 0 0 1 1
190	1	1 1 1 1 1 1 1 1 1 1 1 1 0 1 0 1 0 1 1 0 0 1 1 0 1 1 0 1 1 1 0 1 1 0 0 1 1 0 0 0 0 0 1 0 1 0 1 0 1 1
190	2	1 1 1 1 1 1 1 1 1 1 1 1 0 0 0 1 0 1 0 0 0 1 1 0 1 0 0 1 1 1 0 1 1 0 0 1 1 0 0 0 1 0 0 1 1 0 1 0 1 1
190	20	1 1 1 1 1 1 1 1 1 1 1 1 0 0 0 1 0 1 0 0 0 1 1 0 1 0 0 1 1 1 0 1 1 0 0 1 1 0 0 0 0 0 0 1 1 0 1 0 1 1
190	2	1 1 1 1 1 1 1 1 1 1 1 0 0 0 0 1 0 1 0 0 0 1 1 0 1 0 1 1 1 1 0 1 1 0 0 1 1 0 0 0 0 0 0 1 1 0 1 0 1 1
190	2	1 1 1 1 1 1 1 1 1 1 1 1 0 0 0 1 0 1 0 0 0 1 1 0 1 0 0 1 1 1 0 1 1 0 0 1 1 0 1 0 0 0 0 1 1 0 1 0 1 1
190	11	1 1 1 1 1 1 1 1 1 1 1 1 0 0 0 1 0 1 0 0 0 1 1 0 1 1 0 1 1 1 0 1 1 0 0 0 1 1 0 0 0 0 1 1 1 0 0 0 1 0
190	7	1 1 1 1 1 1 1 1 1 1 1 1 0 0 0 1 0 1 0 0 0 1 1 0 1 1 0 1 1 1 0 1 1 0 0 0 1 1 0 0 0 0 1 1 1 0 1 0 1 0
190	6	1 1 1 1 1 1 1 1 1 1 1 1 0 0 0 1 0 1 0 0 0 1 1 0 1 1 0 1 1 1 0 1 1 0 0 0 1 0 0 1 0 0 1 0 1 0 1 0 1 0
190	5	1 1 1 1 1 1 1 1 1 1 1 1 0 0 0 1 1 1 0 0 0 1 1 0 1 1 0 1 1 1 0 1 1 0 0 0 1 0 0 0 0 0 1 1 1 0 1 0 1 0
190	1	1 1 1 1 1 1 1 1 1 1 1 1 0 0 0 1 0 1 0 0 0 1 1 0 1 1 0 0 1 1 0 1 1 0 0 0 1 0 0 0 0 0 1 1 1 0 1 0 1 0
190	1	1 1 1 1 1 1 1 1 1 1 1 1 0 0 0 1 0 1 0 0 0 1 1 0 1 1 0 1 1 1 0 1 1 0 0 0 1 0 0 0 0 0 0 1 1 0 1 0 1 0
190	4	1 1 1 1 1 1 1 1 1 1 1 0 0 0 0 1 0 1 0 0 0 1 1 0 1 1 0 1 1 1 0 1 1 0 0 0 1 0 0 0 0 0 1 1 1 0 1 0 1 0
190	1	1 1 1 1 1 1 1 1 1 1 1 1 0 0 0 1 0 1 0 0 0 1 1 0 1 1 0 1 1 0 0 1 1 0 0 0 1 0 0 0 0 0 1 1 1 0 1 0 1 0
190	20	1 1 1 1 1 1 1 1 1 1 1 1 0 0 0 1 0 1 0 0 0 1 1 0 1 1 0 1 1 1 0 1 1 0 0 0 1 0 0 0 0 0 1 1 1 0 1 0 1 0
190	1	1 1 1 1 1 1 1 1 1 1 1 1 0 0 0 1 0 1 0 0 0 1 1 0 1 1 1 1 1 1 0 1 1 0 0 1 1 0 0 0 0 0 1 1 1 0 1 0 1 1
190	8	1 1 1 1 1 1 1 1 1 1 1 1 0 0 0 1 0 1 0 0 0 1 1 0 1 1 1 1 1 1 0 1 1 0 0 1 1 0 0 0 0 0 0 1 1 0 1 0 1 1
200	13	1 1 1 1 1 1 1 1 1 1 1 1 0 0 0 1 0 1 1 1 0 1 1 0 1 1 0 1 1 1 0 1 1 0 0 1 1 0 0 0 0 0 1 0 1 0 0 0 1 1
200	4	1 1 1 1 1 1 1 1 1 1 1 1 0 0 0 1 0 1 0 0 0 1 1 0 1 0 0 1 1 1 0 1 1 0 0 1 1 0 0 0 1 0 0 1 1 0 1 0 1 1
200	2	1 1 1 1 1 1 1 1 1 1 1 1 0 0 0 1 0 1 0 0 0 1 1 0 1 0 0 1 1 1 0 1 1 0 0 1 1 0 0 0 0 0 1 1 1 0 1 0 1 1
200	25	1 1 1 1 1 1 1 1 1 1 1 1 0 0 0 1 0 1 0 0 0 1 1 0 1 0 0 1 1 1 0 1 1 0 0 1 1 0 0 0 0 0 0 1 1 0 1 0 1 1
200	2	1 1 1 1 1 1 1 1 1 1 1 0 0 0 0 1 0 1 0 0 0 1 1 0 1 0 1 1 1 1 0 1 1 0 0 1 1 0 0 0 0 0 0 1 1 0 1 0 1 1
200	3	1 1 1 1 1 1 1 1 1 1 1 1 0 0 0 1 0 1 0 0 0 1 1 0 1 0 0 1 1 1 0 1 1 0 0 1 1 0 1 0 0 0 0 1 1 0 1 0 1 1
200	3	1 1 1 1 1 1 1 1 1 1 1 1 0 0 0 1 0 1 0 0 0 1 1 0 1 1 0 1 1 1 0 1 1 0 1 0 1 1 0 0 0 0 1 1 1 0 0 0 1 0
200	6	1 1 1 1 1 1 1 1 1 1 1 1 0 0 0 1 0 1 0 0 0 1 1 0 1 1 0 1 1 1 0 1 1 0 0 0 1 1 0 0 0 0 1 1 1 0 0 0 1 0
200	3	1 1 1 1 1 1 1 1 1 1 1 1 0 0 0 1 0 1 0 0 0 1 1 0 1 1 0 1 1 1 0 1 1 0 0 0 1 1 0 0 0 0 1 1 1 0 1 0 1 0
200	6	1 1 1 1 1 1 1 1 1 1 1 1 0 0 0 1 1 1 0 0 0 1 1 0 1 1 0 1 1 1 0 1 1 0 0 0 1 0 0 0 0 0 1 1 1 0 1 0 1 0
200	3	1 1 1 1 1 1 1 1 1 1 1 1 0 0 0 1 0 1 0 0 0 1 1 0 1 1 0 1 1 1 0 1 1 0 0 0 1 0 0 0 0 0 0 1 1 0 1 0 1 0
200	5	1 1 1 1 1 1 1 1 1 1 1 0 0 0 0 1 0 1 0 0 0 1 1 0 1 1 0 1 1 1 0 1 1 0 0 0 1 0 0 0 0 0 1 1 1 0 1 0 1 0
200	18	1 1 1 1 1 1 1 1 1 1 1 1 0 0 0 1 0 1 0 0 0 1 1 0 1 1 0 1 1 1 0 1 1 0 0 0 1 0 0 0 0 0 1 1 1 0 1 0 1 0
200	5	1 1 1 1 1 1 1 1 1 1 1 1 0 0 0 1 0 1 0 0 0 1 1 0 1 1 1 1 1 1 0 1 1 0 0 1 1 0 0 0 0 0 0 1 1 0 1 0 0 1
200	2	1 1 1 1 1 1 1 1 1 1 1 1 0 0 0 1 0 1 0 0 0 1 1 0 1 1 1 1 1 1 0 1 1 0 0 1 1 0 0 0 0 0 0 1 1 0 1 0 1 1
210	32	1 1 1 1 1 1 1 1 1 1 1 1 0 0 0 1 0 1 1 1 0 1 1 0 1 1 0 1 1 1 0 1 1 0 0 1 1 0 0 0 0 0 1 0 1 0 0 0 1 1
210	8	1 1 1 1 1 1 1 1 1 1 1 1 0 0 0 1 0 1 0 0 0 1 1 0 1 0 0 1 1 1 0 1 1 0 0 1 1 0 0 0 0 0 0 1 1 0 1 0 1 1
210	7	1 1 1 1 1 1 1 1 1 1 1 0 0 0 0 1 0 1 0 0 0 1 1 0 1 0 1 1 1 1 0 1 1 0 0 1 1 0 0 0 0 0 0 1 1 0 1 0 1 1
210	1	1 1 1 1 1 1 1 1 1 1 1 1 0 0 0 1 0 1 0 0 0 1 1 0 1 0 0 1 1 1 0 1 1 0 0 1 1 0 1 0 0 0 0 1 1 0 1 0 1 1
210	5	1 1 1 1 1 1 1 1 1 1 1 1 0 0 0 1 0 1 0 0 0 1 1 0 1 1 0 1 1 1 0 1 1 0 1 0 1 1 0 0 0 0 1 1 1 0 0 0 1 0
210	10	1 1 1 1 1 1 1 1 1 1 1 1 0 0 0 1 0 1 0 0 0 1 1 0 1 1 0 1 1 1 0 1 1 0 0 0 1 1 0 0 0 0 1 1 1 0 0 0 1 0
210	1	1 1 1 1 1 1 1 1 1 1 1 1 0 0 0 1 0 1 0 0 0 1 1 0 1 1 0 1 1 1 0 1 1 0 0 0 1 1 0 1 0 0 1 1 1 0 1 0 1 0
210	2	1 1 1 1 1 1 1 1 1 1 1 1 0 0 0 1 0 1 0 0 0 1 1 0 1 1 0 1 1 1 0 1 1 0 0 0 1 1 0 0 0 0 1 1 1 0 1 0 1 0
210	1	1 1 1 1 1 1 1 1 1 1 1 1 0 0 1 1 0 1 0 0 0 1 1 0 1 1 0 1 1 1 0 1 1 0 0 0 1 0 0 1 0 0 1 0 1 0 1 0 1 0
210	3	1 1 1 1 1 1 1 1 1 1 1 1 0 0 0 1 0 1 0 0 0 1 1 0 1 1 0 1 1 1 0 1 1 0 0 0 1 0 0 1 0 0 1 0 1 0 1 0 1 0
210	2	1 1 1 1 1 1 1 1 1 1 1 1 0 0 0 1 1 1 1 0 0 1 1 0 1 1 0 1 1 1 0 1 1 0 0 0 1 0 0 0 0 0 1 1 1 0 1 0 1 0
210	1	1 1 1 1 1 1 1 1 1 1 1 1 0 0 0 1 1 1 0 0 0 1 0 0 1 1 0 1 1 1 0 1 1 0 0 0 1 0 0 0 0 0 1 1 1 0 1 0 1 0
210	6	1 1 1 1 1 1 1 1 1 1 1 1 0 0 0 1 1 1 0 0 0 1 1 0 1 1 0 1 1 1 0 1 1 0 0 0 1 0 0 0 0 0 1 1 1 0 1 0 1 0
210	4	1 1 1 1 1 1 1 1 1 1 1 1 0 0 0 1 0 1 0 0 0 1 1 0 1 1 0 1 1 1 0 1 1 0 0 0 1 0 0 0 0 0 0 1 1 0 1 0 1 0
210	3	1 1 1 1 1 1 1 1 1 1 1 0 0 0 0 1 0 1 0 0 0 1 1 0 1 1 0 1 1 1 0 1 1 0 0 0 1 0 0 0 0 0 1 1 1 0 1 0 1 0
210	8	1 1 1 1 1 1 1 1 1 1 1 1 0 0 0 1 0 1 0 0 0 1 1 0 1 1 0 1 1 1 0 1 1 0 0 0 1 0 0 0 0 0 1 1 1 0 1 0 1 0
210	1	1 1 1 1 1 1 1 1 1 1 1 1 0 0 0 1 0 1 0 1 0 1 1 0 1 1 1 1 1 1 0 1 1 0 0 1 1 0 0 0 0 0 0 1 1 0 1 0 0 1
210	5	1 1 1 1 1 1 1 1 1 1 1 1 0 0 0 1 0 1 0 0 0 1 1 0 1 1 1 1 1 1 0 1 1 0 0 1 1 0 0 0 0 0 0 1 1 0 1 0 0 1
220	33	1 1 1 1 1 1 1 1 1 1 1 1 0 0 0 1 0 1 1 1 0 1 1 0 1 1 0 1 1 1 0 1 1 0 0 1 1 0 0 0 0 0 1 0 1 0 0 0 1 1
220	2	1 1 0 1 1 1 1 1 1 1 1 1 0 0 0 1 0 1 0 1 0 1 1 0 1 0 0 1 1 1 0 1 1 0 0 1 1 0 0 0 0 0 0 1 1 0 0 0 1 1
220	12	1 1 1 1 1 1 1 1 1 1 1 1 0 0 0 1 0 1 0 0 0 1 1 0 1 0 0 1 1 1 0 1 1 0 0 1 1 0 0 0 0 0 0 1 1 0 1 0 1 1
220	2	1 1 1 1 1 1 1 1 1 1 1 0 0 0 0 1 0 1 0 0 0 1 1 0 1 0 1 1 1 1 0 1 1 0 0 1 1 0 0 0 0 0 0 1 1 0 1 0 1 1
220	1	1 1 1 1 1 1 1 1 1 1 1 1 0 0 0 1 0 1 0 0 0 1 1 0 1 0 0 1 1 1 0 1 1 0 0 1 1 0 1 0 0 0 0 1 1 0 1 0 1 1
220	12	1 1 1 1 1 1 1 1 1 1 1 1 0 0 0 1 0 1 0 0 0 1 1 0 1 1 0 1 1 1 0 1 1 0 1 0 1 1 0 0 0 0 1 1 1 0 0 0 1 0
220	1	1 1 1 1 1 1 1 1 1 1 1 1 0 0 0 1 0 1 0 0 0 1 1 0 0 1 0 1 1 1 0 1 1 0 0 0 1 1 0 0 0 0 1 1 1 0 0 0 1 0
220	10	1 1 1 1 1 1 1 1 1 1 1 1 0 0 0 1 0 1 0 0 0 1 1 0 1 1 0 1 1 1 0 1 1 0 0 0 1 1 0 0 0 0 1 1 1 0 0 0 1 0
220	1	1 1 1 1 1 1 1 1 1 1 1 1 0 0 0 1 0 1 0 0 0 1 1 0 1 1 0 1 1 1 0 1 1 0 0 0 1 1 0 0 0 0 1 1 1 0 1 0 1 0
220	1	1 1 1 1 1 1 1 1 1 1 1 1 0 0 0 1 0 1 0 0 0 1 1 0 1 1 0 1 1 1 0 1 1 0 0 0 1 0 0 1 0 0 1 0 1 0 1 0 1 0
220	6	1 1 1 1 1 1 1 1 1 1 1 1 0 0 0 1 1 1 0 0 0 1 1 0 1 1 0 1 1 1 0 1 1 0 0 0 1 0 0 0 0 0 1 1 1 0 1 0 1 0
220	4	1 1 1 1 1 1 1 1 1 1 1 1 0 0 0 1 0 1 0 0 0 1 1 0 1 1 0 1 1 1 0 1 1 0 0 0 1 0 0 0 0 0 0 1 1 0 1 0 1 0
220	8	1 1 1 1 1 1 1 1 1 1 1 1 0 0 0 1 0 1 0 0 0 1 1 0 1 1 0 1 1 1 0 1 1 0 0 0 1 0 0 0 0 0 1 1 1 0 1 0 1 0
220	6	1 1 1 1 1 1 1 1 1 1 1 1 0 0 0 1 0 1 0 0 0 1 1 0 1 1 1 1 1 1 0 1 1 0 0 1 1 0 0 0 0 0 0 1 1 0 1 0 0 1
220	1	1 1 1 1 1 1 1 1 1 1 1 1 0 0 0 1 0 1 0 0 0 1 1 0 1 1 1 1 1 1 0 1 1 0 0 1 1 0 0 0 0 0 0 1 1 0 1 0 1 1
230	1	1 1 1 1 0 1 1 1 1 1 1 1 0 0 0 1 0 1 1 1 0 1 1 0 1 1 0 1 1 1 0 1 1 0 0 1 1 0 0 0 0 0 1 0 1 0 0 0 1 1
230	1	1 1 1 1 1 1 1 1 1 1 1 1 0 0 0 1 0 1 1 1 0 1 1 0 1 1 0 1 1 1 0 1 1 0 0 1 1 0 0 1 0 0 1 0 1 0 0 0 1 1
230	1	1 1 1 1 1 1 1 1 1 1 1 1 0 0 0 1 0 1 1 1 0 1 0 0 1 1 0 1 1 1 0 1 1 0 0 1 1 0 0 0 0 0 1 0 1 0 0 0 1 1
230	27	1 1 1 1 1 1 1 1 1 1 1 1 0 0 0 1 0 1 1 1 0 1 1 0 1 1 0 1 1 1 0 1 1 0 0 1 1 0 0 0 0 0 1 0 1 0 0 0 1 1
230	3	1 1 1 1 1 1 1 1 1 1 1 1 0 0 0 1 0 1 0 0 0 1 1 0 1 0 0 1 1 1 0 1 1 0 0 1 1 0 0 0 0 0 0 1 1 0 1 0 1 1
230	1	1 1 1 1 1 1 1 1 1 1 1 1 0 0 0 1 0 1 0 0 0 1 1 0 1 0 0 1 1 1 0 1 1 0 0 1 1 0 1 0 0 0 0 1 1 0 1 0 1 1
230	11	1 1 1 1 1 1 1 1 1 1 1 1 0 0 0 1 0 1 0 0 0 1 1 0 1 1 0 1 1 1 0 1 1 0 1 0 1 1 0 0 0 0 1 1 1 0 0 0 1 0
230	2	1 1 1 1 1 1 1 1 1 1 1 1 0 0 0 1 0 1 0 0 0 1 1 0 0 1 0 1 1 1 0 1 1 0 0 0 1 1 0 0 0 0 1 1 1 0 0 0 1 0
230	1	1 1 1 1 1 1 1 1 1 1 1 1 0 0 0 1 0 1 0 0 0 1 1 0 1 1 0 1 1 1 0 1 1 1 0 0 1 1 0 0 0 0 1 1 1 0 0 0 1 0
230	22	1 1 1 1 1 1 1 1 1 1 1 1 0 0 0 1 0 1 0 0 0 1 1 0 1 1 0 1 1 1 0 1 1 0 0 0 1 1 0 0 0 0 1 1 1 0 0 0 1 0
230	3	1 1 1 1 1 1 1 1 1 1 1 1 0 0 0 1 0 1 0 0 0 1 1 0 1 1 0 1 1 1 0 1 1 0 0 0 1 1 0 0 0 0 1 1 1 0 1 0 1 0
230	3	1 1 1 1 1 1 1 1 1 1 1 1 0 0 0 1 1 1 0 0 0 1 1 0 1 1 1 1 1 1 0 1 1 0 0 0 1 0 0 0 0 0 1 1 1 0 1 0 1 0
230	1	1 1 1 1 1 1 1 1 1 1 1 1 0 0 0 1 1 1 0 0 0 1 1 0 1 1 0 1 1 1 0 1 1 0 0 0 1 0 0 0 0 0 1 1 1 0 1 0 1 0
230	1	1 1 1 1 1 1 1 1 1 1 1 1 0 0 0 1 1 1 0 0 0 1 1 0 1 1 0 1 1 1 0 1 1 0 0 0 1 0 0 0 0 0 0 1 1 0 1 0 1 1
230	3	1 1 1 1 1 1 1 1 1 1 1 1 0 0 0 1 0 1 0 0 0 1 1 0 1 1 0 1 1 1 0 1 1 0 0 0 1 0 0 0 0 0 0 1 1 0 1 0 1 0
230	5	1 1 1 1 1 1 1 1 1 1 1 1 0 0 0 1 0 1 0 0 0 1 1 0 1 1 0 1 1 1 0 1 1 0 0 0 1 0 0 0 0 0 1 1 1 0 1 0 1 0
230	1	1 1 1 1 1 1 1 1 1 1 1 1 0 0 0 1 0 1 0 0 0 1 1 0 1 1 1 1 1 1 0 0 1 0 0 1 1 0 0 0 0 0 0 1 1 0 1 0 0 1
230	13	1 1 1 1 1 1 1 1 1 1 1 1 0 0 0 1 0 1 0 0 0 1 1 0 1 1 1 1 1 1 0 1 1 0 0 1 1 0 0 0 0 0 0 1 1 0 1 0 0 1
240	1	1 1 1 1 1 1 1 1 1 1 1 1 0 0 0 1 0 1 1 1 0 1 1 0 1 1 0 1 1 1 0 1 1 0 0 1 1 0 0 0 0 0 1 0 1 0 0 0 0 1
240	1	1 1 1 1 0 1 1 1 1 1 1 1 0 0 0 1 0 1 1 1 0 1 1 0 1 1 0 1 1 1 0 1 1 0 0 1 1 0 0 0 0 0 1 0 1 0 0 0 1 1
240	2	1 1 1 1 1 1 1 1 1 1 1 1 0 0 0 1 0 1 1 1 0 1 1 0 1 1 0 1 1 1 0 1 1 0 0 0 1 0 0 0 0 0 1 0 1 0 0 0 1 1
240	3	1 1 1 1 1 1 1 1 1 1 1 1 0 0 0 1 0 1 1 1 1 1 1 0 1 1 0 1 1 1 0 1 1 0 0 1 1 0 0 0 0 0 1 0 1 0 0 0 1 1
240	1	1 1 1 1 1 1 0 1 1 1 1 1 0 0 0 1 0 1 1 1 0 1 1 0 1 1 0 1 1 1 0 1 1 0 0 1 1 0 0 0 0 0 1 0 1 0 0 0 1 1
240	29	1 1 1 1 1 1 1 1 1 1 1 1 0 0 0 1 0 1 1 1 0 1 1 0 1 1 0 1 1 1 0 1 1 0 0 1 1 0 0 0 0 0 1 0 1 0 0 0 1 1
240	3	1 1 0 1 1 1 1 1 1 1 1 1 0 0 0 1 0 1 0 1 0 1 1 0 1 0 0 1 1 1 0 1 1 0 0 1 1 0 0 0 0 0 0 1 1 0 0 0 1 1
240	2	1 1 1 1 1 1 1 1 1 1 1 1 0 0 0 1 0 1 0 0 0 1 1 0 1 0 0 1 1 1 0 1 1 0 0 1 1 0 0 0 0 0 0 1 1 0 1 0 1 1
240	3	1 1 1 1 1 1 1 1 1 1 1 1 0 0 0 1 0 1 0 0 0 1 1 0 1 0 0 1 1 1 0 1 1 0 0 1 1 0 1 0 0 0 0 1 1 0 1 0 1 1
240	1	1 1 1 1 1 1 1 1 1 1 1 1 0 0 0 1 0 1 0 0 0 1 1 0 1 1 0 1 1 0 0 1 1 0 1 0 1 1 0 0 0 0 1 1 1 0 0 0 1 0
240	11	1 1 1 1 1 1 1 1 1 1 1 1 0 0 0 1 0 1 0 0 0 1 1 0 1 1 0 1 1 1 0 1 1 0 1 0 1 1 0 0 0 0 1 1 1 0 0 0 1 0
240	1	1 1 1 1 1 1 1 1 1 1 1 1 0 0 0 1 0 1 0 0 0 1 1 0 1 1 1 1 1 1 0 1 1 0 0 0 1 1 0 0 0 0 1 1 1 0 0 0 1 0
240	23	1 1 1 1 1 1 1 1 1 1 1 1 0 0 0 1 0 1 0 0 0 1 1 0 1 1 0 1 1 1 0 1 1 0 0 0 1 1 0 0 0 0 1 1 1 0 0 0 1 0
240	7	1 1 1 1 1 1 1 1 1 1 1 1 0 0 0 1 0 1 0 0 0 1 1 0 1 1 0 1 1 1 0 1 1 0 0 0 1 0 0 0 0 0 0 1 1 0 1 0 1 0
240	1	1 1 1 1 1 1 1 1 1 1 1 1 0 0 0 1 0 1 0 0 0 1 1 0 1 1 0 1 1 1 0 1 1 0 0 0 1 0 0 0 0 0 1 1 1 0 1 0 1 0
240	9	1 1 1 1 1 1 1 1 1 1 1 1 0 0 0 1 0 1 0 0 0 1 1 0 1 1 1 1 1 1 0 1 1 0 0 1 1 0 0 0 0 0 0 1 1 0 1 0 0 1
240	2	1 1 1 1 1 1 1 1 1 1 1 1 0 0 0 1 0 1 0 0 0 1 1 0 1 1 1 1 1 1 0 1 1 0 0 1 1 0 0 0 0 0 0 1 1 0 1 0 1 1
250	3	1 1 1 1 1 1 1 1 1 1 1 1 0 0 0 1 0 1 1 1 0 1 1 0 1 1 0 1 1 1 0 1 1 0 0 1 1 0 0 0 0 0 1 0 1 0 0 0 0 1
250	1	1 1 1 1 1 1 1 1 1 1 1 1 0 0 0 1 0 1 1 1 0 1 1 0 1 1 0 1 1 1 0 1 1 0 0 0 1 0 0 0 0 0 1 0 1 0 0 0 1 1
250	1	1 0 1 1 1 1 1 1 1 1 1 1 0 0 0 1 0 1 1 1 0 1 1 0 1 1 0 1 1 1 0 1 1 0 0 1 1 0 0 0 0 0 1 0 1 0 0 0 1 1
250	1	1 1 1 1 1 1 1 1 1 1 1 1 0 0 0 1 0 0 1 1 0 1 1 0 1 1 0 1 1 1 0 1 1 0 0 1 1 0 0 0 0 0 1 0 1 0 0 0 1 1
250	39	1 1 1 1 1 1 1 1 1 1 1 1 0 0 0 1 0 1 1 1 0 1 1 0 1 1 0 1 1 1 0 1 1 0 0 1 1 0 0 0 0 0 1 0 1 0 0 0 1 1
250	1	1 1 1 1 1 0 1 1 1 1 1 1 0 0 0 1 0 1 0 0 0 1 1 0 1 0 0 1 1 1 0 1 1 0 0 1 1 0 0 0 0 0 0 1 1 0 1 0 1 1
250	4	1 1 1 1 1 1 1 1 1 1 1 1 0 0 0 1 0 1 0 0 0 1 1 0 1 0 0 1 1 1 0 1 1 0 0 1 1 0 0 0 0 0 0 1 1 0 1 0 1 1
250	1	1 1 1 1 1 1 1 1 1 1 1 1 0 0 0 1 0 1 0 0 0 1 1 0 1 1 0 1 1 0 0 1 1 0 1 0 1 1 0 0 0 0 1 1 1 0 0 0 1 0
250	1	1 1 1 1 1 1 1 1 1 1 1 1 0 0 0 1 0 1 0 0 0 1 1 0 1 1 0 1 1 1 0 1 1 0 1 0 1 1 0 0 0 0 1 1 0 0 0 0 1 0
250	1	1 1 1 1 1 1 1 0 1 1 1 1 0 0 0 1 0 1 0 0 0 1 1 0 1 1 0 1 1 1 0 1 1 0 1 0 1 1 0 0 0 0 1 1 1 0 0 0 1 0
250	4	1 1 1 1 1 1 1 1 1 1 1 1 0 0 0 1 0 1 0 0 0 1 1 0 1 1 0 1 1 1 0 1 1 0 1 0 1 1 0 0 0 0 1 1 1 0 0 0 1 0
250	2	1 1 1 1 1 1 1 1 1 1 1 1 1 0 0 1 0 1 0 1 0 1 1 0 1 1 0 1 1 1 0 1 1 0 0 0 1 1 0 0 0 0 1 1 1 0 0 0 1 0
250	1	1 1 1 1 1 1 1 1 1 1 1 1 0 0 0 1 0 1 0 0 0 1 0 0 1 1 1 1 1 1 0 1 1 0 0 0 1 1 0 0 0 0 1 1 1 0 0 0 1 0
250	1	1 1 1 1 1 1 1 1 1 1 1 1 0 0 0 1 0 1 0 0 0 1 1 0 1 1 1 1 1 1 0 1 1 0 0 0 1 1 0 0 0 0 1 1 1 0 0 0 1 0
250	1	1 1 1 1 1 1 1 1 1 1 1 1 0 0 0 1 0 1 0 0 0 1 1 0 1 1 0 1 1 1 0 1 1 0 0 0 1 1 0 0 0 0 1 1 1 0 0 0 1 1
250	1	1 1 1 1 1 1 1 1 1 1 1 1 0 0 0 1 0 1 0 0 0 0 1 0 1 1 0 1 1 1 0 1 1 0 0 0 1 1 0 0 0 0 1 1 1 0 0 0 1 0
250	1	1 1 1 1 1 1 1 1 1 1 1 1 0 0 0 1 0 1 0 0 0 1 1 0 1 1 0 1 1 1 0 0 1 0 0 0 1 1 0 0 0 0 1 1 1 0 0 0 1 0
250	23	1 1 1 1 1 1 1 1 1 1 1 1 0 0 0 1 0 1 0 0 0 1 1 0 1 1 0 1 1 1 0 1 1 0 0 0 1 1 0 0 0 0 1 1 1 0 0 0 1 0
250	1	1 1 1 1 1 1 1 1 1 1 1 1 0 0 0 1 1 1 0 1 0 1 1 0 1 1 0 1 1 1 0 1 1 0 0 0 1 0 0 0 0 0 1 1 1 0 1 0 1 0
250	8	1 1 1 1 1 1 1 1 1 1 1 1 0 0 0 1 0 1 0 0 0 1 1 0 1 1 0 1 1 1 0 1 1 0 0 0 1 0 0 0 0 0 0 1 1 0 1 0 1 0
250	3	1 1 1 1 1 1 1 1 1 1 1 1 0 0 0 1 0 1 0 0 0 1 1 0 1 1 1 1 1 1 0 1 1 0 0 1 1 0 0 0 0 0 0 1 1 0 1 0 0 1
250	1	1 1 1 1 1 1 1 1 1 1 1 1 0 0 0 1 0 1 0 0 0 1 1 0 1 1 1 1 1 1 0 1 1 0 0 1 1 0 0 0 0 0 0 1 1 0 1 0 1 1
260	2	1 1 1 1 0 1 1 1 1 1 1 1 0 0 0 1 0 1 1 1 0 1 1 0 1 1 0 1 1 1 0 1 1 0 0 1 1 0 0 0 0 0 1 0 1 0 0 0 1 1
260	3	1 1 1 1 1 1 1 1 1 1 1 1 0 0 0 1 0 1 1 1 0 0 1 0 1 1 0 1 1 1 0 1 1 0 0 1 1 0 0 0 0 0 1 0 1 0 0 0 1 1
260	1	1 0 1 1 1 1 1 1 1 1 1 1 0 0 0 1 0 1 1 1 0 1 1 0 1 1 0 1 1 1 0 1 1 0 0 1 1 0 0 0 0 0 1 0 1 0 0 0 1 1
260	1	1 1 1 1 1 1 1 1 1 1 1 1 0 0 0 1 0 0 1 1 0 1 1 0 1 1 0 1 1 1 0 1 1 0 0 1 1 0 0 0 0 0 1 0 1 0 0 0 1 1
260	46	1 1 1 1 1 1 1 1 1 1 1 1 0 0 0 1 0 1 1 1 0 1 1 0 1 1 0 1 1 1 0 1 1 0 0 1 1 0 0 0 0 0 1 0 1 0 0 0 1 1
260	8	1 1 1 1 1 1 1 1 1 1 1 1 0 0 0 1 0 1 0 0 0 1 1 0 1 0 0 1 1 1 0 1 1 0 0 1 1 0 0 0 0 0 0 1 1 0 1 0 1 1
260	1	1 1 1 1 1 1 1 1 1 1 1 1 0 0 0 1 0 1 0 0 0 1 1 0 1 1 0 1 1 0 0 1 1 0 1 0 1 1 0 0 0 1 1 1 1 0 0 0 1 0
260	1	1 1 1 1 1 1 1 1 1 1 1 1 0 0 0 1 0 1 0 0 0 1 1 0 1 1 0 1 1 0 0 1 1 0 1 0 1 1 0 0 0 0 1 1 1 0 0 0 1 0
260	11	1 1 1 1 1 1 1 1 1 1 1 1 0 0 0 1 0 1 0 0 0 1 1 0 1 1 0 1 1 1 0 1 1 0 1 0 1 1 0 0 0 0 1 1 1 0 0 0 1 0
260	1	1 1 1 1 1 1 1 1 1 1 1 1 1 0 0 1 0 1 0 1 0 1 1 0 1 1 0 1 1 1 0 1 1 0 0 0 1 1 0 0 0 0 1 1 1 0 0 0 1 0
260	12	1 1 1 1 1 1 1 1 1 1 1 1 0 0 0 1 0 1 0 0 0 1 1 0 1 1 0 1 1 1 0 1 1 0 0 0 1 1 0 0 0 0 1 1 1 0 0 0 1 0
260	3	1 1 1 1 1 1 1 1 1 1 1 1 0 0 0 1 1 1 0 0 0 1 1 0 1 1 1 1 1 1 0 1 1 0 0 0 1 0 0 0 0 0 1 1 1 0 1 0 1 0
260	1	1 1 1 1 1 1 1 1 1 1 1 1 0 0 0 1 1 1 0 1 0 1 1 0 1 1 0 1 1 1 0 1 1 0 0 0 1 0 0 0 0 0 1 1 1 0 1 0 1 0
260	6	1 1 1 1 1 1 1 1 1 1 1 1 0 0 0 1 0 1 0 0 0 1 1 0 1 1 0 1 1 1 0 1 1 0 0 0 1 0 0 0 0 0 0 1 1 0 1 0 1 0
260	1	1 1 1 1 1 1 1 1 1 1 1 1 0 0 0 1 0 1 0 0 0 1 1 0 1 1 0 1 1 1 0 1 1 0 0 0 1 0 0 0 0 0 1 1 1 0 1 0 1 0
260	2	1 1 1 1 1 1 1 1 1 1 1 1 0 0 0 1 0 1 0 0 0 1 1 0 1 1 1 1 1 1 0 1 1 0 0 1 1 0 0 0 0 0 0 1 1 0 1 0 0 1
270	2	1 1 1 1 1 1 1 1 1 1 1 1 0 0 0 1 0 1 1 1 0 1 1 0 1 1 0 1 1 1 0 1 1 0 0 1 1 0 0 0 0 0 1 0 1 0 0 0 0 1
270	3	1 1 1 1 1 1 1 1 1 1 1 1 0 0 0 1 0 1 1 1 0 1 1 0 1 1 0 1 1 1 1 1 1 0 0 1 1 0 0 0 0 0 1 0 1 0 0 0 1 1
270	3	1 1 1 1 1 1 1 1 1 1 1 1 0 0 0 1 0 1 1 1 0 0 1 0 1 1 0 1 1 1 0 1 1 0 0 1 1 0 0 0 0 0 1 0 1 0 0 0 1 1
270	1	1 1 1 1 1 1 1 1 1 1 1 1 0 0 0 1 0 1 1 1 0 1 1 0 1 1 0 1 1 1 0 0 1 0 0 1 1 0 0 0 0 0 1 0 1 0 0 0 1 1
270	1	1 1 1 1 1 1 1 1 1 1 1 1 0 0 0 1 0 1 1 1 0 1 1 0 0 1 0 1 1 1 0 1 1 0 0 1 1 0 0 0 0 0 1 0 1 0 0 0 1 1
270	1	1 1 1 1 1 1 1 1 1 1 1 1 0 0 0 1 1 1 1 1 0 1 1 0 1 1 0 1 1 1 0 1 1 0 0 1 1 0 0 0 0 0 1 0 1 0 0 0 1 1
270	1	1 1 1 1 1 1 1 1 1 1 1 1 0 1 0 1 0 1 1 1 0 1 1 0 1 1 0 1 1 1 0 1 1 0 0 1 1 0 0 0 0 0 1 0 1 0 0 0 1 1
270	56	1 1 1 1 1 1 1 1 1 1 1 1 0 0 0 1 0 1 1 1 0 1 1 0 1 1 0 1 1 1 0 1 1 0 0 1 1 0 0 0 0 0 1 0 1 0 0 0 1 1
270	2	1 1 1 1 1 1 1 1 1 1 1 1 0 0 0 1 0 1 0 0 0 1 1 0 1 0 0 1 1 1 0 1 1 0 0 1 1 0 0 0 0 0 0 1 1 0 1 0 1 1
270	1	1 1 1 1 1 1 1 1 1 1 1 1 0 0 0 1 0 1 0 0 0 1 1 0 1 1 0 1 1 0 0 1 1 0 1 0 1 1 0 0 0 1 1 1 1 0 0 0 1 0
270	2	1 1 1 1 1 1 1 1 1 1 1 1 0 0 0 1 0 1 0 0 0 1 1 0 1 1 0 1 1 0 0 1 1 0 1 0 1 1 0 0 0 0 1 1 1 0 0 0 1 0
270	7	1 1 1 1 1 1 1 1 1 1 1 1 0 0 0 1 0 1 0 0 0 1 1 0 1 1 0 1 1 1 0 1 1 0 1 0 1 1 0 0 0 0 1 1 1 0 0 0 1 0
270	1	1 1 1 1 1 1 1 1 1 1 1 1 1 0 0 1 0 1 0 1 0 1 1 0 1 1 0 1 1 1 0 1 1 0 0 0 1 1 0 0 0 0 1 1 1 1 0 0 1 0
270	1	1 0 1 1 1 1 1 1 1 1 1 1 0 0 0 1 0 1 0 0 0 1 1 0 1 1 0 1 1 1 0 1 1 0 0 0 1 1 0 0 0 0 1 1 1 0 0 0 1 0
270	15	1 1 1 1 1 1 1 1 1 1 1 1 0 0 0 1 0 1 0 0 0 1 1 0 1 1 0 1 1 1 0 1 1 0 0 0 1 1 0 0 0 0 1 1 1 0 0 0 1 0
270	1	1 1 1 1 1 1 1 1 1 1 1 1 0 0 0 1 1 1 0 0 0 1 1 0 1 1 1 1 1 1 0 1 1 0 0 0 1 0 0 0 0 0 1 1 1 0 1 0 1 0
270	1	1 1 1 1 1 1 1 1 1 1 1 1 0 0 0 1 0 1 0 0 0 1 1 0 1 1 0 1 1 1 0 1 1 0 0 0 1 0 0 0 0 0 0 1 1 0 1 0 1 0
270	1	1 1 1 1 1 1 1 1 1 1 1 1 0 0 0 1 0 1 0 0 0 1 1 0 1 1 1 1 1 1 0 1 1 0 0 1 1 0 0 0 0 0 0 1 1 0 1 0 0 1
280	1	1 1 1 1 1 1 1 1 1 1 1 1 0 0 0 1 0 1 1 1 0 1 1 0 1 1 0 1 1 1 0 1 1 0 0 1 1 0 0 0 0 0 1 0 1 0 0 0 0 1
280	3	1 1 1 1 1 1 1 1 1 1 1 1 0 0 0 1 0 1 1 1 0 1 1 0 1 1 0 1 1 1 1 1 1 0 0 1 1 0 0 0 0 0 1 0 1 0 0 0 1 1
280	2	1 1 1 1 1 1 1 1 1 1 1 1 0 0 0 1 0 1 1 1 0 1 1 0 1 1 0 1 1 1 0 1 1 0 0 1 1 1 0 0 0 0 1 0 1 0 0 0 1 1
280	2	1 1 1 1 1 1 1 1 1 1 1 1 0 0 0 1 0 1 1 1 0 1 1 0 0 1 0 1 1 1 0 1 1 0 0 1 1 0 0 0 0 0 1 0 1 0 0 0 1 1
280	49	1 1 1 1 1 1 1 1 1 1 1 1 0 0 0 1 0 1 1 1 0 1 1 0 1 1 0 1 1 1 0 1 1 0 0 1 1 0 0 0 0 0 1 0 1 0 0 0 1 1
280	2	1 1 1 1 1 1 1 1 1 1 1 1 0 0 0 1 0 1 0 0 0 1 1 0 1 0 0 1 1 1 0 1 1 0 0 1 1 0 0 0 0 0 0 1 1 0 1 0 1 1
280	1	1 1 1 1 1 1 1 1 1 1 1 1 0 0 0 1 0 1 0 0 0 1 1 0 1 1 0 1 1 0 0 1 1 0 1 0 1 1 0 0 0 0 1 1 1 0 0 0 1 0
280	1	1 1 1 1 1 1 1 1 1 1 1 1 0 0 0 1 0 1 0 0 0 1 1 0 1 1 0 1 1 1 0 1 1 0 1 0 1 1 0 0 0 0 0 1 1 0 0 0 1 0
280	1	1 1 1 1 1 1 1 1 1 1 1 1 0 0 0 1 0 1 0 0 0 1 1 0 1 1 0 1 1 1 0 1 0 0 0 0 1 1 0 0 0 0 1 1 1 0 0 0 1 0
280	14	1 1 1 1 1 1 1 1 1 1 1 1 0 0 0 1 0 1 0 0 0 1 1 0 1 1 0 1 1 1 0 1 1 0 0 0 1 1 0 0 0 0 1 1 1 0 0 0 1 0
280	17	1 1 1 1 1 1 1 1 1 1 1 1 0 0 0 1 0 1 0 0 0 1 1 0 1 1 0 1 1 1 0 1 1 0 1 0 1 1 0 0 0 0 1 1 1 0 0 0 1 0
280	2	1 0 1 1 1 1 1 1 1 1 1 1 0 0 0 1 0 1 0 0 0 1 1 0 1 1 0 1 1 1 0 1 1 0 0 0 1 1 0 0 0 0 1 1 1 0 0 0 1 0
280	1	1 1 1 1 1 1 1 1 1 1 1 1 0 0 0 1 1 1 0 0 0 1 1 0 1 1 1 1 1 1 0 1 1 0 0 0 1 0 0 0 0 0 1 1 1 0 1 0 1 0
280	3	1 1 1 1 1 1 1 1 1 1 1 1 0 0 0 1 0 1 0 0 0 1 1 0 1 1 0 1 1 1 0 1 1 0 0 0 1 0 0 0 0 0 0 1 1 0 1 0 1 0
280	1	1 1 1 1 1 1 1 1 1 1 1 1 0 0 0 1 0 1 0 0 0 1 1 0 1 1 1 1 1 1 0 1 1 0 0 1 1 0 0 0 0 0 0 1 1 0 1 0 0 1
290	1	1 1 1 1 1 1 1 1 1 1 1 1 0 0 0 1 0 1 1 1 0 1 1 0 1 1 0 1 0 1 0 1 1 0 0 1 1 0 0 0 0 0 1 0 1 0 0 0 0 1
290	7	1 1 1 1 1 1 1 1 1 1 1 1 0 0 0 1 0 1 1 1 0 1 1 0 1 1 0 1 1 1 0 1 1 0 0 1 1 0 0 0 0 0 1 0 1 0 0 0 0 1
290	2	1 1 1 1 1 1 1 1 1 1 1 1 0 0 0 1 0 1 1 1 0 1 1 0 1 1 0 1 1 1 1 1 1 0 0 1 1 0 0 0 0 0 1 0 1 0 0 0 1 1
290	1	1 1 1 1 1 1 0 1 1 1 1 1 0 0 0 1 0 1 1 1 0 0 1 0 1 1 0 1 1 1 0 1 1 0 0 1 1 0 0 0 0 0 1 0 1 0 0 0 1 1
290	1	1 1 1 1 1 1 1 1 1 1 1 1 0 0 0 1 0 1 1 1 0 0 1 0 1 1 0 1 1 1 0 1 1 0 0 1 1 0 0 0 0 0 1 0 1 0 0 0 1 1
290	1	1 1 1 1 1 1 1 1 1 1 1 1 0 0 0 1 0 1 1 1 0 1 1 0 0 1 0 1 1 1 0 1 1 0 0 1 1 0 0 0 0 0 1 0 1 0 0 0 1 1
290	45	1 1 1 1 1 1 1 1 1 1 1 1 0 0 0 1 0 1 1 1 0 1 1 0 1 1 0 1 1 1 0 1 1 0 0 1 1 0 0 0 0 0 1 0 1 0 0 0 1 1
290	1	1 1 1 1 1 1 1 1 1 1 1 1 0 0 0 1 0 1 0 0 0 1 1 0 1 1 0 1 1 0 0 1 1 0 1 0 1 1 0 0 0 0 1 1 1 0 0 0 1 0
290	1	1 1 1 1 1 1 1 1 1 1 1 1 0 0 0 1 0 1 0 0 0 1 1 0 1 1 0 1 1 1 0 1 1 0 1 0 1 1 0 0 0 0 0 1 1 0 0 0 1 0
290	21	1 1 1 1 1 1 1 1 1 1 1 1 0 0 0 1 0 1 0 0 0 1 1 0 1 1 0 1 1 1 0 1 1 0 0 0 1 1 0 0 0 0 1 1 1 0 0 0 1 0
290	1	1 1 1 1 1 1 1 1 1 1 1 1 0 0 0 1 0 1 0 0 0 0 1 0 1 1 0 1 1 1 0 1 1 0 1 0 1 1 0 0 0 0 1 1 1 0 0 0 1 0
290	12	1 1 1 1 1 1 1 1 1 1 1 1 0 0 0 1 0 1 0 0 0 1 1 0 1 1 0 1 1 1 0 1 1 0 1 0 1 1 0 0 0 0 1 1 1 0 0 0 1 0
290	2	1 1 1 1 1 1 1 1 1 1 1 1 1 0 0 1 0 1 0 1 0 1 1 0 1 1 0 1 1 1 0 1 1 0 0 0 1 1 0 0 0 0 1 1 1 1 0 0 1 0
290	1	1 1 1 1 1 1 1 1 1 1 1 1 0 0 0 1 1 1 0 0 0 1 1 0 1 1 1 1 1 1 0 1 1 0 0 0 1 0 0 0 0 0 1 1 1 0 1 0 1 0
290	3	1 1 1 1 1 1 1 1 1 1 1 1 0 0 0 1 0 1 0 0 0 1 1 0 1 1 0 1 1 1 0 1 1 0 0 0 1 0 0 0 0 0 0 1 1 0 1 0 1 0
300	22	1 1 1 1 1 1 1 1 1 1 1 1 0 0 0 1 0 1 1 1 0 1 1 0 1 1 0 1 1 1 0 1 1 0 0 1 1 0 0 0 0 0 1 0 1 0 0 0 0 1
300	2	1 1 1 1 1 1 1 1 1 1 1 1 0 0 0 1 0 1 1 1 0 1 1 0 1 1 0 1 1 1 1 1 1 0 0 1 1 0 0 0 0 0 1 0 1 0 0 0 1 1
300	6	1 1 1 1 1 1 1 1 1 1 1 1 0 0 0 1 0 1 1 1 0 0 1 0 1 1 0 1 1 1 0 1 1 0 0 1 1 0 0 0 0 0 1 0 1 0 0 0 1 1
300	1	1 1 1 1 1 1 1 1 1 1 1 1 0 0 0 1 0 1 1 1 0 1 1 0 1 1 0 1 1 1 0 1 1 0 0 1 1 0 0 0 0 0 1 0 1 0 0 0 1 0
300	1	1 1 1 1 1 1 1 1 0 1 1 1 0 0 0 1 0 1 1 1 0 1 1 0 1 1 0 1 1 1 0 1 1 0 0 1 1 0 0 0 0 0 1 0 1 0 0 0 1 1
300	36	1 1 1 1 1 1 1 1 1 1 1 1 0 0 0 1 0 1 1 1 0 1 1 0 1 1 0 1 1 1 0 1 1 0 0 1 1 0 0 0 0 0 1 0 1 0 0 0 1 1
300	1	1 0 1 1 1 1 1 1 1 1 1 1 0 0 0 1 0 1 0 0 0 1 1 0 1 1 0 1 1 1 0 1 1 0 1 0 1 1 0 0 0 0 0 1 1 0 0 0 1 0
300	1	1 1 1 1 1 1 1 1 1 1 1 1 0 0 0 1 0 1 0 0 0 1 0 0 1 1 0 1 1 1 0 1 1 0 0 0 1 1 0 0 0 0 1 1 1 0 0 0 1 0
300	13	1 1 1 1 1 1 1 1 1 1 1 1 0 0 0 1 0 1 0 0 0 1 1 0 1 1 0 1 1 1 0 1 1 0 0 0 1 1 0 0 0 0 1 1 1 0 0 0 1 0
300	1	1 1 1 1 1 1 1 1 1 1 1 1 0 0 0 1 0 1 0 0 0 0 1 0 1 1 0 1 1 1 0 1 1 0 1 0 1 1 0 0 0 0 1 1 1 0 0 0 1 0
300	7	1 1 1 1 1 1 1 1 1 1 1 1 0 0 0 1 0 1 0 0 0 1 1 0 1 1 0 1 1 1 0 1 1 0 1 0 1 1 0 0 0 0 1 1 1 0 0 0 1 0
300	2	1 1 1 1 1 1 1 1 1 1 1 1 0 0 0 1 0 1 0 0 0 1 1 0 1 1 0 1 1 1 0 1 1 0 0 0 1 0 0 0 0 0 0 0 1 0 1 0 1 0
300	4	1 1 1 1 1 1 1 1 1 1 1 1 0 0 0 1 0 1 0 0 0 1 1 0 1 1 0 1 1 1 0 1 1 0 0 0 1 0 0 0 0 0 0 1 1 0 1 0 1 0
300	3	1 1 1 1 1 1 1 1 1 1 1 1 0 0 0 1 0 1 0 0 0 1 1 0 1 1 1 1 1 1 0 1 1 0 0 1 1 0 0 0 0 0 0 1 1 0 1 0 0 1
310	1	1 1 1 1 1 1 1 1 1 1 1 1 0 0 0 1 0 1 1 1 0 1 1 0 1 1 0 1 1 1 0 1 1 0 0 1 1 0 0 0 0 0 1 1 1 0 0 0 0 1
310	1	1 1 1 1 1 1 1 1 1 1 1 1 0 0 0 1 0 1 1 1 0 1 1 0 1 1 0 1 1 1 0 1 1 0 0 1 1 0 0 0 0 0 1 0 0 0 0 0 0 1
310	30	1 1 1 1 1 1 1 1 1 1 1 1 0 0 0 1 0 1 1 1 0 1 1 0 1 1 0 1 1 1 0 1 1 0 0 1 1 0 0 0 0 0 1 0 1 0 0 0 0 1
310	3	1 1 1 1 1 1 1 1 1 1 1 1 0 0 0 1 0 1 1 1 0 1 1 0 1 1 0 1 1 1 1 1 1 0 0 1 1 0 0 0 0 0 1 0 1 0 0 0 1 1
310	7	1 1 1 1 1 1 1 1 1 1 1 1 0 0 0 1 0 1 1 1 0 0 1 0 1 1 0 1 1 1 0 1 1 0 0 1 1 0 0 0 0 0 1 0 1 0 0 0 1 1
310	1	1 1 1 1 1 1 1 1 1 1 1 1 0 0 0 1 0 1 1 1 0 1 1 0 1 1 1 1 1 1 0 1 1 0 0 1 1 0 0 0 0 0 1 0 1 0 0 0 1 1
310	32	1 1 1 1 1 1 1 1 1 1 1 1 0 0 0 1 0 1 1 1 0 1 1 0 1 1 0 1 1 1 0 1 1 0 0 1 1 0 0 0 0 0 1 0 1 0 0 0 1 1
310	1	1 1 1 1 1 1 1 1 1 1 1 1 0 0 0 1 0 1 0 0 0 1 1 0 1 1 0 1 1 0 0 1 1 0 1 0 1 1 0 0 0 0 1 1 1 0 0 0 1 0
310	2	1 1 1 1 1 1 1 1 1 1 1 1 0 0 0 1 0 1 0 0 0 1 1 0 1 1 0 1 1 1 0 1 1 0 1 0 1 1 0 0 0 0 0 1 1 0 0 0 1 0
310	2	1 1 1 1 1 1 1 1 1 1 1 1 0 0 0 1 0 1 0 0 0 1 0 0 1 1 0 1 1 1 0 1 1 0 0 0 1 1 0 0 0 0 1 1 1 0 0 0 1 0
310	13	1 1 1 1 1 1 1 1 1 1 1 1 0 0 0 1 0 1 0 0 0 1 1 0 1 1 0 1 1 1 0 1 1 0 0 0 1 1 0 0 0 0 1 1 1 0 0 0 1 0
310	5	1 1 1 1 1 1 1 1 1 1 1 1 0 0 0 1 0 1 0 0 0 1 1 0 1 1 0 1 1 1 0 1 1 0 1 0 1 1 0 0 0 0 1 1 1 0 0 0 1 0
310	1	1 1 1 1 1 1 1 1 1 1 1 1 0 0 0 1 0 1 0 0 0 1 1 0 1 1 0 1 1 1 0 1 1 0 0 0 1 0 0 0 0 0 0 0 1 0 1 0 1 0
310	1	1 1 1 1 1 1 1 1 1 1 1 1 0 0 0 1 0 1 0 0 0 1 1 0 1 1 0 1 1 1 0 1 1 0 0 0 1 0 0 0 0 0 0 1 1 0 1 0 1 0
