10	1	0 1 0 0 0 0 1 1 1 0 1 1 1 0 0 1 0 0 0 0 1 1 1 1 1 1 1 1 0 1 1 0 0 1 0 0 1 1 0 1 0 0 1 1 0 1 1 1 1 0
10	23	0 1 0 0 0 0 0 1 1 0 1 1 1 0 0 1 0 0 0 0 1 1 1 1 1 1 1 1 0 1 1 0 0 1 0 0 1 1 0 1 0 0 1 1 0 1 1 1 1 0
10	1	0 1 0 1 1 1 1 0 0 1 0 0 0 1 1 0 0 1 0 0 1 1 0 1 1 0 0 1 1 1 0 1 0 1 0 1 1 1 0 0 1 0 0 0 1 1 1 0 1 1
10	1	0 1 0 1 1 1 1 0 0 1 0 0 0 1 1 0 0 1 0 0 1 1 0 1 1 0 1 1 1 1 0 1 0 0 0 1 1 1 0 0 1 0 0 0 1 1 1 0 1 1
10	1	0 1 0 1 1 1 1 0 0 1 0 0 0 1 1 0 0 1 0 0 1 1 0 1 1 0 1 1 0 1 0 1 0 1 0 1 1 1 0 0 1 0 0 0 1 1 1 0 1 1
10	19	0 1 0 1 1 1 1 0 0 1 0 0 0 1 1 0 0 1 0 0 1 1 0 1 1 0 1 1 1 1 0 1 0 1 0 1 1 1 0 0 1 0 0 0 1 1 1 0 1 1
10	1	1 1 1 1 0 1 1 0 1 0 0 1 1 1 0 0 1 1 0 0 0 0 0 0 1 0 0 0 1 0 0 1 0 1 1 1 1 1 1 1 0 0 1 0 1 1 1 1 0 1
10	14	1 1 1 1 0 1 1 0 1 0 0 1 1 1 0 0 1 1 0 0 0 0 0 0 1 0 0 0 1 0 0 1 1 1 1 1 1 1 1 1 0 0 1 0 1 1 1 1 0 1
10	1	1 1 1 0 1 0 0 0 1 1 0 0 1 0 1 0 1 0 0 0 0 1 1 1 1 0 0 0 1 0 0 1 0 0 0 1 0 0 1 0 0 0 0 0 0 0 1 1 1 0
10	1	1 1 1 0 1 0 0 0 1 1 0 0 1 0 1 0 1 0 0 0 0 0 1 1 1 0 0 0 1 0 0 1 0 1 0 1 0 0 1 0 0 0 0 0 0 0 1 1 1 0
10	1	1 1 1 0 1 0 0 0 1 1 0 0 1 0 1 0 1 0 0 0 0 1 0 1 1 0 0 0 1 0 0 1 0 1 0 1 0 0 1 0 0 0 0 0 0 0 1 1 1 0
10	15	1 1 1 0 1 0 0 0 1 1 0 0 1 0 1 0 1 0 0 0 0 1 1 1 1 0 0 0 1 0 0 1 0 1 0 1 0 0 1 0 0 0 0 0 0 0 1 1 1 0
10	1	0 0 0 1 1 1 1 1 1 1 1 0 1 1 0 0 0 0 1 0 1 0 1 1 1 0 1 1 1 0 0 1 1 0 1 0 0 0 0 1 1 1 0 1 0 1 0 1 0 0
10	1	0 0 0 1 1 1 0 0 1 1 1 0 1 1 0 0 0 0 1 0 1 0 1 1 1 0 1 1 1 0 0 1 1 0 1 0 0 0 0 1 1 1 0 1 0 1 0 1 0 0
10	19	0 0 0 1 1 1 1 0 1 1 1 0 1 1 0 0 0 0 1 0 1 0 1 1 1 0 1 1 1 0 0 1 1 0 1 0 0 0 0 1 1 1 0 1 0 1 0 1 0 0
20	1	0 1 0 0 1 0 0 1 1 0 1 1 1 0 0 1 0 0 0 0 1 1 1 1 1 1 1 1 0 1 1 0 0 1 0 0 1 1 0 1 0 0 1 1 0 1 1 1 1 0
20	8	0 1 0 0 0 0 0 1 1 0 1 1 1 0 0 1 0 0 0 0 1 1 1 1 1 1 1 1 0 1 1 0 0 1 0 0 1 1 0 1 0 0 1 1 0 1 1 1 1 0
20	1	0 1 0 1 1 1 1 0 0 1 0 0 0 1 1 0 0 1 0 0 1 1 0 1 1 0 0 1 1 1 0 1 0 1 0 1 1 1 0 0 1 0 0 0 1 1 1 0 1 1
20	1	0 1 0 1 1 1 1 0 0 1 0 0 0 1 1 0 0 1 0 0 1 1 0 1 1 0 1 1 0 1 0 1 0 1 0 1 1 1 0 0 1 0 0 0 1 1 1 0 1 1
20	1	0 1 0 1 1 1 1 0 0 1 0 0 0 1 1 0 0 1 0 0 1 1 0 1 1 0 1 1 1 1 0 1 0 1 0 1 1 1 0 0 1 0 0 0 1 1 1 0 1 1
20	1	1 1 1 1 0 1 1 0 1 0 0 1 1 1 0 0 1 1 0 0 0 0 0 0 1 0 0 0 1 0 0 1 0 1 1 1 1 1 1 1 0 0 1 0 1 1 1 1 0 1
20	4	1 1 1 1 0 1 1 0 1 0 0 1 1 1 0 0 1 1 0 0 0 0 0 0 1 0 0 0 1 0 0 1 1 1 1 1 1 1 1 1 0 0 1 0 1 1 1 1 0 1
20	4	1 1 1 1 1 0 0 0 1 1 0 0 1 0 1 0 1 0 0 0 0 1 1 1 1 0 0 0 1 0 0 1 0 1 0 1 0 0 1 0 0 0 0 0 0 0 1 1 1 0
20	13	1 1 1 0 1 0 0 0 1 1 0 0 1 0 1 0 1 0 0 0 0 1 1 1 1 0 0 0 1 0 0 1 0 0 0 1 0 0 1 0 0 0 0 0 0 0 1 1 1 0
20	1	1 1 1 0 1 0 0 0 1 1 0 0 1 0 1 0 1 0 1 0 0 1 1 1 1 0 0 0 1 0 0 1 0 1 0 1 0 0 1 0 0 0 0 0 0 0 1 1 1 0
20	51	1 1 1 0 1 0 0 0 1 1 0 0 1 0 1 0 1 0 0 0 0 1 1 1 1 0 0 0 1 0 0 1 0 1 0 1 0 0 1 0 0 0 0 0 0 0 1 1 1 0
20	1	1 1 1 0 1 0 0 0 1 1 0 0 1 0 1 0 1 0 0 0 0 0 1 1 1 0 0 0 1 0 0 1 0 0 0 1 0 0 1 0 0 0 0 0 0 0 1 1 1 0
20	3	1 1 1 0 1 0 0 0 0 1 0 0 1 0 1 0 1 0 0 0 0 1 1 1 1 0 0 0 1 0 0 1 0 1 0 1 0 0 1 0 0 0 0 0 0 0 1 1 1 0
20	3	1 1 1 0 1 1 0 0 1 1 0 0 1 0 1 0 1 0 0 0 0 1 1 1 1 0 0 0 1 0 0 1 0 1 0 1 0 0 1 0 0 0 0 0 0 0 1 1 1 0
20	1	0 1 1 0 1 0 0 0 1 1 0 0 1 0 1 0 1 0 0 0 0 1 1 1 1 0 0 0 1 0 0 1 0 1 0 1 0 0 1 0 0 0 0 0 0 0 1 1 1 0
20	1	1 1 1 0 1 0 0 0 1 1 0 0 1 0 1 0 1 0 0 0 0 1 0 1 1 0 0 0 1 0 0 1 0 1 0 1 0 0 1 0 0 0 0 0 0 0 1 1 1 0
20	1	0 0 0 1 1 1 1 1 1 1 1 0 1 1 0 0 0 0 0 0 1 0 1 1 1 0 1 1 1 0 0 1 1 0 1 0 0 0 0 1 1 1 0 1 0 1 0 1 0 0
20	1	0 0 0 1 1 1 1 1 1 1 1 0 1 1 0 0 0 0 1 0 1 0 1 1 1 0 1 1 1 0 0 1 1 0 1 0 0 0 0 1 1 1 0 1 0 0 0 1 0 0
20	2	0 0 0 1 1 1 1 1 1 1 1 0 1 1 0 0 0 0 1 0 1 0 1 1 1 0 1 1 1 0 0 1 1 0 1 0 0 0 0 1 1 1 0 1 0 1 0 1 0 0
20	1	0 0 0 1 1 1 1 0 1 1 1 0 1 1 0 0 0 0 1 0 1 0 1 1 1 0 1 1 1 0 0 1 1 0 1 0 0 0 0 1 1 1 0 1 0 1 0 1 0 0
30	4	1 1 1 1 1 1 1 0 1 0 0 1 1 1 0 0 1 1 0 0 0 0 0 0 1 0 0 0 1 0 0 1 1 1 1 1 1 1 1 1 0 0 1 0 1 1 1 1 0 1
30	27	1 1 1 1 1 0 0 0 1 1 0 0 1 0 1 0 1 0 0 0 0 1 1 1 1 0 0 0 1 0 0 1 0 1 0 1 0 0 1 0 0 0 0 0 0 0 1 1 1 0
30	13	1 1 1 0 1 0 0 0 1 1 0 0 1 0 1 0 1 0 0 0 0 1 1 1 1 0 0 0 1 0 0 1 0 0 0 1 0 0 1 0 0 0 0 0 0 0 1 1 1 0
30	1	1 1 1 0 1 0 0 0 1 1 0 0 1 0 1 0 1 0 1 0 0 1 1 1 1 0 0 0 1 0 0 1 0 1 0 1 0 0 1 0 0 0 0 0 0 0 1 1 1 0
30	1	1 1 1 0 1 0 0 0 1 1 0 0 1 0 1 0 1 0 0 0 0 1 1 1 0 0 0 0 1 0 0 1 0 1 0 1 0 0 1 0 0 0 0 0 0 0 1 1 1 0
30	3	1 1 1 0 1 1 0 0 1 1 0 0 1 0 1 0 1 0 0 0 0 1 1 1 1 0 0 0 1 0 0 1 0 1 0 1 0 0 1 0 0 0 0 0 0 0 1 1 1 0
30	50	1 1 1 0 1 0 0 0 1 1 0 0 1 0 1 0 1 0 0 0 0 1 1 1 1 0 0 0 1 0 0 1 0 1 0 1 0 0 1 0 0 0 0 0 0 0 1 1 1 0
30	1	1 1 1 0 1 0 0 0 1 1 0 0 1 0 1 0 1 0 0 0 0 0 1 1 1 0 0 0 1 0 0 1 0 0 0 1 0 0 1 0 0 0 0 0 0 0 1 1 1 0
40	1	1 1 1 1 1 1 1 0 1 0 0 1 1 1 0 0 1 1 0 0 0 0 0 0 1 0 0 0 1 0 0 1 1 1 1 1 1 1 1 1 0 0 1 0 1 1 1 1 0 1
40	32	1 1 1 0 1 0 0 0 1 1 0 0 1 0 1 0 1 0 0 0 0 1 1 1 1 0 0 0 1 0 0 1 0 1 0 1 0 0 1 0 0 0 0 0 0 0 1 1 1 0
40	50	1 1 1 1 1 0 0 0 1 1 0 0 1 0 1 0 1 0 0 0 0 1 1 1 1 0 0 0 1 0 0 1 0 1 0 1 0 0 1 0 0 0 0 0 0 0 1 1 1 0
40	8	1 1 1 0 1 0 0 0 1 1 0 0 1 0 1 0 1 0 0 0 0 1 1 1 1 0 0 0 1 0 0 1 0 0 0 1 0 0 1 0 0 0 0 0 0 0 1 1 1 0
40	1	1 1 1 0 1 0 0 0 1 1 0 0 1 0 1 0 1 0 0 0 0 1 1 1 0 0 0 0 1 0 0 1 0 1 0 1 0 0 1 0 0 0 0 0 0 0 1 1 1 0
40	2	1 1 1 0 1 0 0 0 1 1 0 0 1 0 1 0 1 0 0 0 0 1 1 1 1 0 0 0 1 0 1 1 0 1 0 1 0 0 1 0 0 0 0 0 0 0 1 1 1 0
40	4	1 1 1 0 1 0 0 0 1 1 0 0 1 0 1 0 1 0 0 0 0 1 1 1 1 0 0 0 1 0 0 1 0 1 0 1 0 0 1 1 0 0 0 0 0 0 1 0 1 0
40	1	1 1 1 0 1 1 0 0 1 1 0 0 1 0 1 0 1 0 0 0 0 1 1 1 1 0 0 0 1 0 0 1 0 1 0 1 0 0 1 0 0 0 0 0 0 0 1 1 1 0
40	1	1 1 1 0 1 0 0 0 1 1 0 0 1 0 1 0 1 0 0 0 0 1 1 1 1 0 0 0 1 0 0 1 0 1 1 1 0 0 1 0 0 0 0 0 0 0 1 1 1 0
50	2	1 1 1 1 1 0 0 0 1 1 0 0 1 0 1 0 1 0 0 0 0 1 1 1 1 0 1 0 1 0 0 1 0 1 0 1 0 0 1 0 0 0 0 0 0 0 1 1 1 0
50	1	1 1 1 1 1 0 0 0 1 1 0 0 1 0 1 0 1 0 0 1 0 1 1 1 1 0 0 0 1 0 0 1 0 1 0 1 0 0 1 0 0 0 0 0 0 0 1 1 1 0
50	19	1 1 1 0 1 0 0 0 1 1 0 0 1 0 1 0 1 0 0 0 0 1 1 1 1 0 0 0 1 0 0 1 0 1 0 1 0 0 1 0 0 0 0 0 0 0 1 1 1 0
50	2	1 1 1 1 1 0 0 0 1 1 0 0 1 0 1 0 0 0 0 0 0 1 1 1 1 0 0 0 1 0 0 1 0 1 0 1 0 0 1 0 0 0 0 0 0 0 1 1 1 0
50	1	1 1 1 1 1 0 0 0 1 1 0 0 1 0 1 0 1 0 1 0 0 1 1 1 1 0 0 0 1 0 0 1 0 1 0 1 0 0 1 0 0 0 0 0 0 0 1 1 1 0
50	64	1 1 1 1 1 0 0 0 1 1 0 0 1 0 1 0 1 0 0 0 0 1 1 1 1 0 0 0 1 0 0 1 0 1 0 1 0 0 1 0 0 0 0 0 0 0 1 1 1 0
50	1	1 1 1 0 1 0 0 0 1 1 0 0 1 0 1 0 1 0 0 0 0 1 1 1 1 1 0 0 1 0 0 1 0 0 0 1 0 0 1 0 0 0 0 0 0 0 1 1 1 0
50	4	1 1 1 0 1 0 0 0 1 1 0 0 1 0 1 0 1 0 0 0 0 1 1 1 1 0 0 0 1 0 0 1 0 0 0 1 0 0 1 0 0 0 0 0 0 0 1 1 1 0
50	1	1 1 1 0 1 0 0 0 1 1 0 0 1 0 1 0 1 0 0 0 0 1 1 1 1 0 0 0 1 0 1 1 0 1 0 1 0 0 1 0 0 0 0 0 0 0 1 1 1 0
50	3	1 1 1 0 1 0 0 0 1 1 0 0 1 0 1 0 1 0 0 0 0 1 1 1 1 0 0 0 1 0 0 1 0 1 0 1 0 0 1 1 0 0 0 0 0 0 1 0 1 0
50	2	1 1 1 0 1 1 0 0 1 1 0 0 1 0 1 0 1 0 0 0 0 1 1 1 1 0 0 0 1 0 0 1 0 1 0 1 0 0 1 0 0 0 0 0 0 0 1 1 1 0
60	2	1 1 1 1 1 0 0 0 1 1 0 0 1 0 1 0 1 0 0 0 0 1 1 1 1 0 1 0 1 0 0 1 0 1 0 1 0 0 1 0 0 0 0 0 0 0 1 1 1 0
60	1	1 1 1 0 1 0 0 0 1 1 0 0 1 0 1 0 1 0 0 0 0 1 1 1 1 0 0 0 1 0 0 1 0 1 0 1 0 0 1 0 0 0 0 1 0 0 1 1 1 0
60	1	1 1 1 1 1 0 0 0 1 1 0 0 1 0 1 0 1 0 0 0 0 1 1 1 1 0 0 0 1 0 0 1 0 1 0 1 0 0 1 0 0 0 0 1 0 0 1 1 1 0
60	62	1 1 1 1 1 0 0 0 1 1 0 0 1 0 1 0 1 0 0 0 0 1 1 1 1 0 0 0 1 0 0 1 0 1 0 1 0 0 1 0 0 0 0 0 0 0 1 1 1 0
60	13	1 1 1 0 1 0 0 0 1 1 0 0 1 0 1 0 1 0 0 0 0 1 1 1 1 0 0 0 1 0 0 1 0 1 0 1 0 0 1 0 0 0 0 0 0 0 1 1 1 0
60	4	1 1 1 1 1 0 0 0 1 1 0 0 1 0 1 0 1 0 0 0 0 1 1 1 0 0 0 0 1 0 0 1 0 1 0 1 0 0 1 0 0 0 0 0 0 0 1 1 1 0
60	1	1 1 1 1 1 0 0 0 1 1 0 0 1 0 1 0 1 0 0 0 0 1 1 1 1 0 0 0 1 0 0 1 0 1 0 1 0 0 1 0 0 0 0 0 0 0 1 0 1 0
60	3	1 1 1 0 1 0 0 0 1 1 0 0 1 0 1 0 1 0 0 0 0 1 1 1 1 0 0 0 1 0 0 1 0 0 0 1 0 0 1 0 0 0 0 0 0 0 1 1 1 0
60	2	1 1 1 0 1 0 0 0 1 1 0 0 1 0 1 0 1 0 0 0 0 1 1 1 1 0 0 0 1 0 1 1 0 1 0 1 0 0 1 0 0 0 0 0 0 0 1 1 1 0
60	6	1 1 1 0 1 0 0 0 1 1 0 0 1 0 1 0 1 0 0 0 0 1 1 1 1 0 0 0 1 0 0 1 0 1 0 1 0 0 1 1 0 0 0 0 0 0 1 0 1 0
60	5	1 1 1 0 1 1 0 0 1 1 0 0 1 0 1 0 1 0 0 0 0 1 1 1 1 0 0 0 1 0 0 1 0 1 0 1 0 0 1 0 0 0 0 0 0 0 1 1 1 0
70	1	1 1 1 1 1 0 0 0 1 1 0 0 1 0 1 0 1 0 0 0 0 1 1 1 1 0 1 0 1 0 0 1 0 1 0 1 0 0 1 0 0 0 0 0 0 0 1 1 1 0
70	3	1 1 1 1 1 0 0 0 1 1 0 0 1 0 0 0 1 0 0 0 0 1 1 1 1 0 0 0 1 0 0 1 0 1 0 1 0 0 1 0 0 0 0 0 0 0 1 1 1 0
70	1	1 1 1 1 1 0 0 0 1 1 0 0 1 0 1 0 1 0 0 0 0 1 1 1 1 0 0 0 1 0 0 1 0 1 0 1 0 0 1 0 0 0 0 1 0 0 1 1 1 0
70	2	1 1 1 1 1 0 0 0 1 1 0 0 1 0 1 0 1 0 0 0 0 1 1 1 1 0 0 0 1 0 0 1 0 1 0 1 0 0 0 0 0 0 0 0 0 0 1 1 1 0
70	1	1 1 1 1 1 0 0 0 1 1 0 0 1 0 1 0 1 0 0 0 0 1 1 1 1 0 0 0 1 0 0 1 0 1 0 1 0 1 1 0 0 0 0 0 0 0 1 1 1 0
70	1	1 1 1 0 1 0 0 0 1 1 0 0 1 0 1 0 1 0 1 0 0 1 1 1 1 0 0 0 1 0 0 1 0 1 0 1 0 0 1 0 0 0 0 0 0 0 1 1 1 0
70	4	1 1 1 0 1 0 0 0 1 1 0 0 1 0 1 0 1 0 0 0 0 1 1 1 1 0 0 0 1 0 0 1 0 1 0 1 0 0 1 0 0 0 0 0 0 0 1 1 1 0
70	2	1 1 1 1 1 0 0 0 1 1 0 0 1 0 1 0 1 0 0 0 0 1 1 1 0 0 0 0 1 0 0 1 0 1 0 1 0 0 1 0 0 0 0 0 0 0 1 1 1 0
70	1	1 1 1 1 1 0 0 0 1 1 0 0 1 0 1 0 1 0 0 0 0 1 1 1 1 0 0 0 1 0 0 1 0 1 0 1 0 0 1 0 0 0 0 0 0 0 1 0 1 0
70	1	1 1 1 1 1 0 0 0 1 1 0 0 1 0 1 0 1 0 0 0 0 1 1 1 1 0 0 0 0 0 0 1 0 1 0 1 0 0 1 0 0 0 0 0 0 0 1 1 1 0
70	1	1 1 1 1 1 0 0 0 1 1 0 0 1 0 1 0 1 0 0 0 0 1 1 1 1 0 0 0 1 0 0 1 0 1 0 1 0 0 1 0 0 0 0 0 0 0 1 1 0 0
70	72	1 1 1 1 1 0 0 0 1 1 0 0 1 0 1 0 1 0 0 0 0 1 1 1 1 0 0 0 1 0 0 1 0 1 0 1 0 0 1 0 0 0 0 0 0 0 1 1 1 0
70	1	1 1 1 1 1 0 0 0 1 1 0 0 1 0 1 0 1 0 0 0 0 1 1 1 1 0 0 0 1 0 1 1 0 1 0 1 0 0 1 0 0 0 0 0 0 0 1 1 1 0
70	1	1 1 1 0 1 0 0 0 1 1 0 0 1 0 1 0 1 0 0 0 0 1 1 1 1 0 0 0 1 0 0 1 0 0 0 1 0 0 1 0 0 0 0 0 0 0 1 1 1 0
70	1	1 1 1 0 1 0 0 0 1 1 0 0 1 0 1 0 1 0 0 0 0 1 1 1 0 0 0 0 1 0 0 1 0 1 0 1 0 0 1 1 0 0 0 0 0 0 1 0 1 0
70	5	1 1 1 0 1 0 0 0 1 1 0 0 1 0 1 0 1 0 0 0 0 1 1 1 1 0 0 0 1 0 0 1 0 1 0 1 0 0 1 1 0 0 0 0 0 0 1 0 1 0
70	2	1 1 1 0 1 1 0 0 1 1 0 0 1 0 1 0 1 0 0 0 0 1 1 1 1 0 0 0 1 0 0 1 0 1 0 1 0 0 1 0 0 0 0 0 0 0 1 1 1 0
80	4	1 1 1 1 1 0 0 0 1 1 0 0 1 0 1 0 1 0 0 0 0 1 1 1 1 0 1 0 1 0 0 1 0 1 0 1 0 0 1 0 0 0 0 0 0 0 1 1 1 0
80	1	1 1 1 1 1 0 0 1 1 1 0 0 1 0 1 0 1 0 0 0 0 1 1 1 1 0 0 0 1 1 0 1 0 1 0 1 0 0 1 0 0 0 0 0 0 0 1 1 1 0
80	1	1 1 1 1 1 0 0 0 1 1 0 0 1 0 1 0 1 0 0 0 0 1 1 1 1 0 0 0 1 1 0 1 0 1 0 1 0 0 1 0 0 0 0 0 0 0 1 1 1 0
80	1	1 1 1 1 1 0 0 0 1 1 0 0 1 0 0 0 1 0 0 0 0 1 1 1 1 0 0 0 1 0 0 1 0 1 0 1 0 0 1 0 0 0 0 0 0 0 1 1 1 0
80	1	1 1 1 1 1 0 0 0 1 1 0 0 1 0 1 0 1 0 0 0 0 1 1 1 1 0 0 0 1 0 0 1 0 1 0 1 0 0 0 0 0 0 0 0 0 0 1 1 1 0
80	4	1 1 1 0 1 0 0 0 1 1 0 0 1 0 1 0 1 0 0 0 0 1 1 1 1 0 0 0 1 0 0 1 0 1 0 1 0 0 1 0 0 0 0 0 0 0 1 1 1 0
80	1	1 1 1 1 1 0 0 0 1 0 0 0 1 0 1 0 1 0 0 0 0 1 1 1 1 0 0 0 1 0 0 1 0 1 0 1 0 0 1 0 0 0 0 0 0 0 1 1 1 0
80	1	1 1 1 1 1 0 0 0 1 1 0 1 1 0 1 0 1 0 0 0 0 1 1 1 1 0 0 0 1 0 0 1 0 1 0 1 0 0 1 0 0 0 0 0 0 0 1 1 1 0
80	82	1 1 1 1 1 0 0 0 1 1 0 0 1 0 1 0 1 0 0 0 0 1 1 1 1 0 0 0 1 0 0 1 0 1 0 1 0 0 1 0 0 0 0 0 0 0 1 1 1 0
80	2	1 1 1 0 1 0 0 0 1 1 0 0 1 0 1 0 1 0 0 0 0 1 1 1 1 0 0 0 1 0 0 1 0 0 0 1 0 0 1 0 0 0 0 0 0 0 1 1 1 0
80	1	1 1 1 0 1 0 0 0 1 1 0 0 1 0 1 0 1 0 0 0 0 1 1 1 1 0 0 0 1 0 0 1 0 1 0 1 0 0 1 1 0 0 0 0 0 0 1 0 1 0
80	1	1 1 1 0 1 1 0 0 1 1 0 0 1 0 1 0 1 0 0 0 0 1 1 1 1 0 0 0 1 0 0 1 0 1 0 1 0 0 1 0 0 0 0 0 0 0 1 1 1 0
90	4	1 1 1 1 1 0 0 0 1 1 0 0 1 0 1 0 1 0 0 0 0 1 1 1 1 0 0 0 1 1 0 1 0 1 0 1 0 0 1 0 0 0 0 0 0 0 1 1 1 0
90	1	1 1 1 1 1 0 0 0 1 1 0 0 1 0 1 0 1 0 0 0 0 1 1 1 1 0 0 0 1 0 0 1 0 1 0 1 0 0 0 0 0 0 0 0 0 0 1 1 1 0
90	1	1 1 1 0 1 0 0 0 1 1 0 0 1 0 1 0 1 0 0 0 0 1 1 1 1 0 0 0 1 0 0 1 0 1 0 1 0 0 1 0 0 0 0 0 0 0 1 1 1 0
90	1	1 1 1 1 1 0 0 0 1 1 0 0 1 0 1 0 1 0 0 0 0 1 1 1 1 0 0 0 1 0 0 1 0 1 0 1 0 0 1 0 0 0 1 0 0 0 1 1 1 0
90	4	1 1 1 1 1 0 0 0 1 1 0 0 1 0 1 0 1 0 0 0 0 1 1 1 0 0 0 0 1 0 0 1 0 1 0 1 0 0 1 0 0 0 0 0 0 0 1 1 1 0
90	1	1 1 1 1 1 0 0 0 1 1 0 0 1 0 1 0 1 0 0 0 0 1 1 1 1 0 0 0 1 0 0 1 0 1 0 1 0 0 1 0 0 0 0 0 0 0 1 0 1 0
90	1	1 1 1 1 1 0 1 0 1 1 0 0 1 0 1 0 1 0 0 0 0 1 1 1 1 0 0 0 1 0 0 1 0 1 0 1 0 0 1 0 0 0 0 0 0 0 1 1 1 0
90	1	1 1 1 1 1 0 0 0 1 1 0 0 1 0 1 0 1 0 0 0 0 1 1 1 1 0 0 0 1 0 0 1 0 1 0 1 0 0 1 0 0 0 0 0 0 0 0 1 1 0
90	2	1 1 1 1 1 0 0 0 1 1 0 0 1 0 1 0 1 0 0 0 0 1 1 1 1 0 0 0 1 0 0 1 0 1 0 1 0 0 1 0 0 0 0 0 1 0 1 1 1 0
90	1	1 1 1 1 1 0 0 0 1 1 0 0 1 0 1 0 1 0 0 0 0 1 1 1 1 0 0 0 1 0 0 1 1 1 0 1 0 0 1 0 0 0 0 0 0 0 1 1 1 0
90	1	1 1 1 1 1 0 0 0 1 1 0 0 1 0 1 0 1 0 0 0 0 1 1 1 1 0 0 0 1 0 0 1 0 1 0 1 0 1 1 0 0 0 0 0 0 0 1 1 1 0
90	77	1 1 1 1 1 0 0 0 1 1 0 0 1 0 1 0 1 0 0 0 0 1 1 1 1 0 0 0 1 0 0 1 0 1 0 1 0 0 1 0 0 0 0 0 0 0 1 1 1 0
90	1	1 1 1 0 1 0 0 0 1 1 0 0 1 0 1 0 1 0 0 0 0 1 1 1 1 0 0 0 1 0 0 1 0 1 0 1 0 0 1 1 0 0 0 0 0 0 1 0 1 0
90	4	1 1 1 0 1 1 0 0 1 1 0 0 1 0 1 0 1 0 0 0 0 1 1 1 1 0 0 0 1 0 0 1 0 1 0 1 0 0 1 0 0 0 0 0 0 0 1 1 1 0
100	2	1 1 1 1 1 0 0 1 1 1 0 0 1 0 1 0 1 0 0 0 0 1 1 1 1 0 0 0 1 1 0 1 0 1 0 1 0 0 1 0 0 0 0 0 0 0 1 1 1 0
100	2	1 1 1 1 1 0 0 0 1 1 0 0 1 0 1 0 1 0 0 0 0 1 1 1 1 0 0 0 1 1 0 1 0 1 0 1 0 0 1 0 0 0 0 0 0 0 1 1 1 0
100	1	1 1 1 1 1 0 0 0 1 1 0 0 1 0 0 0 1 0 0 0 0 1 1 1 1 0 0 0 1 0 0 1 0 1 0 1 0 0 1 0 0 0 0 0 0 0 1 1 1 0
100	3	1 1 1 1 1 0 0 0 1 1 0 0 1 0 1 0 1 0 0 0 0 1 1 1 1 0 0 0 1 0 0 1 0 1 0 1 0 0 0 0 0 0 0 0 0 0 1 1 1 0
100	1	1 0 1 1 1 0 0 0 1 1 0 0 1 0 1 0 1 0 0 0 0 1 1 1 0 0 0 0 1 0 0 1 0 1 0 1 0 0 1 0 0 0 0 0 0 0 1 1 1 0
100	1	0 1 1 1 1 0 0 0 1 1 0 0 1 1 1 0 1 0 0 0 0 1 1 1 0 0 1 0 1 0 0 1 0 1 0 1 0 0 1 0 0 0 0 0 0 0 1 1 1 0
100	1	1 1 1 1 1 0 0 0 1 1 0 0 1 0 1 0 1 0 0 0 0 1 1 1 0 0 0 0 1 0 0 1 0 1 0 1 0 0 1 0 0 0 0 0 0 0 1 1 1 0
100	2	1 1 1 1 1 0 1 0 1 1 0 0 1 0 1 0 1 0 0 0 0 1 1 1 1 0 0 0 1 0 0 1 0 1 0 1 0 0 1 0 0 0 0 0 0 0 1 1 1 0
100	4	1 1 1 1 1 0 0 0 1 1 0 0 1 0 1 0 1 0 0 0 0 1 1 1 1 0 0 0 1 0 0 1 0 1 0 1 0 0 1 0 0 0 0 0 0 0 0 1 1 0
100	1	1 1 1 1 1 0 0 0 1 1 1 0 1 0 1 0 1 0 0 0 0 1 1 1 1 0 0 0 1 0 0 1 0 1 0 1 0 0 1 0 0 0 0 0 0 0 1 1 1 0
100	1	1 1 1 1 1 0 0 0 1 1 0 0 1 0 1 0 1 0 0 0 0 1 1 1 1 0 0 0 1 0 0 1 0 1 0 0 0 0 1 0 0 0 0 0 1 0 1 1 1 0
100	3	1 1 1 1 1 0 0 0 1 1 0 0 1 0 1 0 1 0 0 0 0 1 1 1 1 0 0 0 1 0 0 1 0 1 0 1 1 0 1 0 0 0 0 0 0 0 1 1 1 0
100	1	1 1 1 1 1 0 0 0 1 1 0 0 1 0 1 0 1 1 0 0 0 1 1 1 1 0 0 0 1 0 0 1 0 1 0 1 0 0 1 0 0 0 0 0 0 0 1 1 1 0
100	2	1 1 1 1 1 0 0 0 1 1 0 0 1 0 1 0 1 0 0 0 0 1 1 1 1 0 0 0 0 0 0 1 0 1 0 1 0 0 1 0 0 0 0 0 0 0 1 1 1 0
100	1	1 1 1 1 1 0 0 0 1 1 0 0 1 0 1 0 1 0 1 0 0 1 1 1 1 0 0 0 1 0 0 1 0 1 0 1 0 0 1 0 0 0 0 0 0 0 1 1 1 0
100	70	1 1 1 1 1 0 0 0 1 1 0 0 1 0 1 0 1 0 0 0 0 1 1 1 1 0 0 0 1 0 0 1 0 1 0 1 0 0 1 0 0 0 0 0 0 0 1 1 1 0
100	2	1 1 1 0 1 0 0 0 1 1 0 0 1 0 1 0 1 0 0 0 0 1 1 1 1 0 0 0 1 0 0 1 0 1 0 1 0 0 1 1 0 0 0 0 0 0 1 0 1 0
100	2	1 1 1 0 1 1 0 0 1 1 0 0 1 0 1 0 1 0 0 0 0 1 1 1 1 0 0 0 1 0 0 1 0 1 0 1 0 0 1 0 0 0 0 0 0 0 1 1 1 0
110	1	1 1 1 1 1 0 0 0 1 1 0 0 1 0 1 0 1 0 0 0 0 1 1 1 1 0 1 0 1 0 0 1 0 1 0 1 0 0 1 0 0 0 0 0 0 0 1 1 1 0
110	1	1 1 1 1 1 0 0 1 1 1 0 0 1 0 1 0 1 0 0 0 0 1 1 1 1 0 0 0 1 1 0 1 0 1 0 1 0 0 1 0 0 0 0 0 0 0 1 1 1 0
110	1	1 1 1 1 1 0 0 0 1 1 0 0 1 0 0 0 1 0 0 0 0 1 1 1 1 0 0 0 1 1 0 1 0 1 0 1 0 0 1 0 0 0 0 0 0 0 1 1 1 0
110	2	1 1 1 1 1 0 0 0 1 1 0 0 1 0 1 0 1 0 0 0 0 1 1 1 1 0 0 0 1 1 0 1 0 1 0 1 0 0 1 0 0 0 0 0 0 0 1 1 1 0
110	2	1 1 1 1 1 0 0 0 1 1 0 0 1 0 0 0 1 0 0 0 0 1 1 1 1 0 0 0 1 0 0 1 0 1 0 1 0 0 1 0 0 0 0 0 0 0 1 1 1 0
110	3	1 1 1 1 1 0 0 0 1 1 0 0 1 0 1 0 1 0 0 0 0 1 1 1 1 0 0 0 1 0 0 1 0 1 0 1 0 0 0 0 0 0 0 0 0 0 1 1 1 0
110	2	1 1 1 1 1 0 0 0 1 1 0 0 1 0 1 0 1 0 0 0 0 1 1 1 0 0 1 0 1 0 0 1 0 1 0 1 0 0 1 0 0 0 0 0 0 0 1 1 1 0
110	2	1 1 1 1 1 0 0 0 1 1 0 0 1 0 1 0 1 0 0 0 0 1 1 1 0 0 0 0 1 0 0 1 0 1 0 1 0 0 1 0 0 0 0 0 0 0 1 1 1 0
110	2	1 1 1 1 1 0 1 0 1 1 0 1 1 0 1 0 1 0 0 0 0 1 1 1 1 0 0 0 1 0 0 1 0 1 0 1 0 0 1 0 0 0 0 0 0 0 1 1 1 0
110	3	1 1 1 1 1 0 1 0 1 1 0 0 1 0 1 0 1 0 0 0 0 1 1 1 1 0 0 0 1 0 0 1 0 1 0 1 0 0 1 0 0 0 0 0 0 0 1 1 1 0
110	1	1 1 1 1 1 0 0 0 1 1 0 0 1 0 1 0 1 0 0 0 0 1 1 1 1 0 0 0 1 0 0 1 0 1 0 1 0 0 1 0 0 0 0 0 0 0 0 1 1 0
110	1	1 1 1 1 1 0 0 0 1 1 1 0 1 0 1 0 1 0 0 0 0 1 1 1 1 0 0 0 1 0 0 1 0 1 0 1 0 0 1 0 0 0 0 0 0 0 1 1 1 0
110	1	1 1 1 1 1 0 0 0 1 1 0 0 1 0 1 0 1 0 0 0 0 1 1 1 1 0 0 0 1 0 0 1 0 1 0 0 0 0 1 0 0 0 0 0 1 0 1 1 1 0
110	5	1 1 1 1 1 0 0 0 1 1 0 0 1 0 1 0 1 0 0 0 0 1 1 1 1 0 0 0 1 0 0 1 0 1 0 1 0 0 1 0 0 0 0 0 1 0 1 1 1 0
110	1	1 1 1 1 1 0 0 0 1 1 0 0 1 0 1 0 1 0 0 0 0 1 1 1 1 0 0 0 1 0 0 1 0 1 0 1 1 0 1 0 0 0 0 0 0 0 1 1 1 0
110	2	1 1 1 1 1 0 0 0 1 1 0 0 0 0 1 0 1 0 0 0 0 1 1 1 1 0 0 0 1 0 0 1 0 1 0 1 0 0 1 0 0 0 0 0 0 0 1 1 1 0
110	1	1 1 1 1 1 0 0 0 1 1 0 0 1 0 1 0 1 0 0 0 0 1 1 1 1 0 0 0 1 0 0 1 0 1 0 0 0 0 1 0 0 0 0 0 0 0 1 1 1 0
110	1	1 0 1 1 1 0 0 0 1 1 0 0 1 0 1 0 1 0 0 0 0 1 1 1 1 0 0 0 1 0 0 1 0 1 0 1 0 0 1 0 0 0 0 0 0 0 1 1 1 0
110	65	1 1 1 1 1 0 0 0 1 1 0 0 1 0 1 0 1 0 0 0 0 1 1 1 1 0 0 0 1 0 0 1 0 1 0 1 0 0 1 0 0 0 0 0 0 0 1 1 1 0
110	3	1 1 1 0 1 1 0 0 1 1 0 0 1 0 1 0 1 0 0 0 0 1 1 1 1 0 0 0 1 0 0 1 0 1 0 1 0 0 1 0 0 0 0 0 0 0 1 1 1 0
120	2	1 1 1 1 1 0 0 0 1 1 0 0 1 0 1 0 1 0 0 0 0 1 1 1 1 0 1 0 1 0 0 1 0 1 0 1 0 0 1 0 0 0 0 0 0 0 1 1 1 0
120	1	1 1 1 1 1 0 0 1 1 1 0 0 1 0 1 0 1 0 0 0 0 1 1 1 1 0 0 0 1 1 0 1 0 0 0 1 0 0 1 0 0 0 0 0 0 0 1 1 1 0
120	2	1 1 1 1 1 0 0 1 1 1 0 0 1 0 1 0 1 0 0 0 0 1 1 1 1 0 0 0 1 1 0 1 0 1 0 1 0 0 1 0 0 0 0 0 0 0 1 1 1 0
120	3	1 1 1 1 1 0 0 0 1 1 0 0 1 0 1 0 1 0 0 0 0 1 1 1 1 0 0 0 1 0 0 1 0 1 0 1 0 0 1 0 0 0 0 0 0 0 1 0 1 0
120	1	1 1 1 1 1 0 1 0 1 1 0 1 1 0 1 0 1 0 0 0 0 1 1 1 1 0 0 0 1 0 0 1 0 1 0 1 0 0 1 0 0 0 0 0 0 0 1 1 1 0
120	1	1 1 1 1 1 0 1 0 1 1 0 0 1 0 1 0 1 0 0 0 0 1 1 1 1 0 0 0 1 0 0 1 0 1 0 1 0 0 1 0 0 0 0 0 0 0 1 1 1 0
120	6	1 1 1 1 1 0 0 0 1 1 0 0 1 0 1 0 1 0 0 0 0 1 1 1 1 0 0 0 1 0 0 1 0 1 0 1 0 0 1 0 0 0 0 0 0 0 0 1 1 0
120	1	1 1 1 1 1 0 0 0 1 1 1 0 1 0 1 0 1 0 0 0 0 1 1 1 1 0 0 0 1 0 0 1 0 1 0 1 0 0 1 0 0 0 0 0 0 0 1 1 1 0
120	1	1 1 1 1 1 0 0 0 1 1 0 0 1 0 1 0 1 0 0 0 0 1 1 1 1 0 0 0 1 0 0 1 0 1 0 1 1 0 1 0 0 0 0 0 0 0 1 0 1 0
120	4	1 1 1 1 1 0 0 0 1 1 0 0 1 0 1 0 1 0 0 0 0 1 1 1 1 0 0 0 1 0 0 1 0 1 0 1 1 0 1 0 0 0 0 0 0 0 1 1 1 0
120	6	1 1 1 1 1 0 0 0 1 1 0 0 0 0 1 0 1 0 0 0 0 1 1 1 1 0 0 0 1 0 0 1 0 1 0 1 0 0 1 0 0 0 0 0 0 0 1 1 1 0
120	66	1 1 1 1 1 0 0 0 1 1 0 0 1 0 1 0 1 0 0 0 0 1 1 1 1 0 0 0 1 0 0 1 0 1 0 1 0 0 1 0 0 0 0 0 0 0 1 1 1 0
120	6	1 1 1 0 1 1 0 0 1 1 0 0 1 0 1 0 1 0 0 0 0 1 1 1 1 0 0 0 1 0 0 1 0 1 0 1 0 0 1 0 0 0 0 0 0 0 1 1 1 0
130	1	1 1 1 1 1 0 0 1 1 1 0 0 1 0 1 1 1 0 0 0 0 1 1 1 1 0 0 0 1 1 0 1 0 0 0 1 0 0 1 0 0 0 0 0 0 0 1 1 1 0
130	5	1 1 1 1 1 0 0 1 1 1 0 0 1 0 1 0 1 0 0 0 0 1 1 1 1 0 0 0 1 1 0 1 0 0 0 1 0 0 1 0 0 0 0 0 0 0 1 1 1 0
130	4	1 1 1 1 1 0 0 1 1 1 0 0 1 0 1 0 1 0 0 0 0 1 1 1 1 0 0 0 1 1 0 1 0 1 0 1 0 0 1 0 0 0 0 0 0 0 1 1 1 0
130	1	1 0 1 1 1 0 0 0 1 1 0 0 1 0 1 0 1 0 0 0 0 1 1 1 1 0 0 0 1 1 0 1 0 1 0 0 0 0 1 0 0 0 0 0 0 0 1 1 1 0
130	1	1 1 1 1 1 1 0 0 1 1 0 0 1 0 1 0 1 0 0 0 0 1 1 1 1 0 0 0 1 1 0 1 0 1 0 1 0 0 1 0 0 0 0 0 0 0 1 1 1 0
130	1	1 1 1 1 1 0 0 0 1 1 0 0 1 0 1 0 1 0 0 0 0 1 1 1 1 0 0 0 1 0 0 1 0 1 0 1 0 0 1 0 0 0 0 0 0 0 1 0 1 0
130	3	1 1 1 1 1 0 0 0 1 1 0 0 1 0 1 0 1 0 0 0 0 1 1 1 1 0 0 0 1 0 0 1 0 0 0 1 0 0 1 0 0 0 0 0 0 0 0 1 1 0
130	1	1 1 1 1 1 0 0 0 1 1 0 0 1 0 0 0 1 0 0 0 0 1 1 1 1 0 0 0 1 0 0 1 0 1 0 1 0 0 1 0 0 0 0 0 0 0 0 1 1 0
130	12	1 1 1 1 1 0 0 0 1 1 0 0 1 0 1 0 1 0 0 0 0 1 1 1 1 0 0 0 1 0 0 1 0 1 0 1 0 0 1 0 0 0 0 0 0 0 0 1 1 0
130	5	1 1 1 1 1 0 0 0 1 1 0 0 1 0 1 0 1 0 0 0 0 1 1 1 1 0 0 0 1 0 0 1 0 1 0 1 1 0 1 0 0 0 0 0 0 0 1 1 1 0
130	4	1 1 1 1 1 0 0 0 1 1 0 0 0 0 1 0 1 0 0 0 0 1 1 1 1 0 0 0 1 0 0 1 0 1 0 1 0 0 1 0 0 0 0 0 0 0 1 1 1 0
130	2	1 1 1 1 1 0 0 0 1 1 0 0 1 0 1 0 1 0 0 0 0 1 1 1 1 0 0 0 1 0 0 1 0 1 0 1 0 0 1 0 0 0 1 0 0 0 1 1 1 0
130	56	1 1 1 1 1 0 0 0 1 1 0 0 1 0 1 0 1 0 0 0 0 1 1 1 1 0 0 0 1 0 0 1 0 1 0 1 0 0 1 0 0 0 0 0 0 0 1 1 1 0
130	1	1 1 1 0 1 1 0 0 1 1 0 0 1 0 0 0 1 0 0 0 0 1 1 1 1 0 0 0 1 0 0 1 0 1 0 1 0 0 1 0 0 0 0 0 0 0 1 1 1 0
130	3	1 1 1 0 1 1 0 0 1 1 0 0 1 0 1 0 1 0 0 0 0 1 1 1 1 0 0 0 1 0 0 1 0 1 0 1 0 0 1 0 0 0 0 0 0 0 1 1 1 0
140	1	1 1 1 1 1 0 0 0 1 1 0 0 1 0 1 0 1 0 0 0 0 1 1 1 1 0 1 0 1 0 0 1 0 1 0 1 0 0 1 0 0 0 0 0 0 0 1 1 1 0
140	1	1 1 1 1 1 0 0 1 1 1 0 0 1 0 1 1 1 0 0 0 0 1 1 1 1 0 0 0 1 1 0 1 0 0 0 1 0 1 1 0 0 0 0 0 0 0 1 1 1 0
140	12	1 1 1 1 1 0 0 1 1 1 0 0 1 0 1 0 1 0 0 0 0 1 1 1 1 0 0 0 1 1 0 1 0 0 0 1 0 0 1 0 0 0 0 0 0 0 1 1 1 0
140	3	1 1 1 1 1 0 0 1 1 1 0 0 1 0 1 0 1 0 0 0 0 1 1 1 1 0 0 0 1 1 0 1 0 1 0 1 0 0 1 0 0 0 0 0 0 0 1 1 1 0
140	1	1 0 1 1 1 0 0 0 1 1 0 0 1 0 1 0 1 0 0 0 0 1 1 1 1 0 0 0 1 1 0 1 0 1 0 0 0 0 1 0 0 0 0 0 0 0 1 1 1 0
140	2	1 1 1 1 1 0 0 0 1 1 0 0 1 0 1 0 1 0 0 0 0 1 1 1 1 0 0 0 1 1 0 1 0 1 0 0 0 0 1 0 0 0 0 0 0 0 1 1 1 0
140	3	1 1 1 1 1 1 0 0 1 1 0 0 1 0 1 0 1 0 0 0 0 1 1 1 1 0 0 0 1 1 0 1 0 1 0 1 0 0 1 0 0 0 0 0 0 0 1 1 1 0
140	2	1 1 1 1 1 0 1 0 1 1 0 0 1 0 1 0 1 0 0 0 0 1 1 1 1 0 0 0 1 0 0 1 0 1 0 1 0 0 1 0 0 0 0 0 0 0 1 1 1 0
140	5	1 1 1 1 1 0 0 0 1 1 0 0 1 0 1 0 1 0 0 0 0 1 1 1 1 0 0 0 1 0 0 1 0 0 0 1 0 0 1 0 0 0 0 0 0 0 0 1 1 0
140	1	1 1 1 1 1 0 0 0 1 1 0 0 1 0 0 0 1 0 0 1 0 1 1 1 1 0 0 0 1 0 0 1 0 1 0 1 0 0 1 0 0 0 0 0 0 0 0 1 1 0
140	2	1 1 1 1 1 1 0 0 1 1 0 0 1 0 1 0 1 0 0 0 0 1 1 1 1 0 0 0 1 0 0 1 0 1 0 1 0 0 1 0 0 0 0 0 0 0 0 1 1 0
140	1	1 1 1 1 1 0 0 0 1 1 0 0 1 0 1 0 1 0 0 0 0 1 0 1 1 0 0 0 1 0 0 1 0 1 0 1 0 0 1 0 0 0 0 0 0 0 0 1 1 0
140	15	1 1 1 1 1 0 0 0 1 1 0 0 1 0 1 0 1 0 0 0 0 1 1 1 1 0 0 0 1 0 0 1 0 1 0 1 0 0 1 0 0 0 0 0 0 0 0 1 1 0
140	3	1 1 1 1 1 0 0 0 1 1 0 0 1 0 1 0 1 0 0 0 0 1 1 1 1 0 0 0 1 0 0 1 0 1 0 1 1 0 1 0 0 0 0 0 0 0 1 0 1 0
140	3	1 1 1 1 1 0 0 0 1 1 0 0 1 0 1 0 1 0 0 0 0 1 1 1 1 0 0 0 1 0 0 1 0 1 0 1 1 0 1 0 0 0 0 0 0 0 1 1 1 0
140	4	1 1 1 1 1 0 0 0 1 1 0 0 0 0 1 0 1 0 0 0 0 1 1 1 1 0 0 0 1 0 0 1 0 1 0 1 0 0 1 0 0 0 0 0 0 0 1 1 1 0
140	38	1 1 1 1 1 0 0 0 1 1 0 0 1 0 1 0 1 0 0 0 0 1 1 1 1 0 0 0 1 0 0 1 0 1 0 1 0 0 1 0 0 0 0 0 0 0 1 1 1 0
140	3	1 1 1 0 1 1 0 0 1 1 0 0 1 0 1 0 1 0 0 0 0 1 1 1 1 0 0 0 1 0 0 1 0 1 0 1 0 0 1 0 0 0 0 0 0 0 1 1 1 0
150	4	1 1 1 1 1 0 0 0 1 1 0 0 1 0 1 0 1 0 0 0 0 1 1 1 1 0 1 0 1 0 0 1 0 1 0 1 0 0 1 0 0 0 0 0 0 0 1 1 1 0
150	1	1 1 1 1 1 0 0 1 1 1 0 0 1 0 1 1 1 0 0 0 0 1 1 1 1 0 0 0 1 1 0 1 0 0 0 1 0 1 1 0 0 0 0 0 0 0 1 1 1 0
150	11	1 1 1 1 1 0 0 1 1 1 0 0 1 0 1 0 1 0 0 0 0 1 1 1 1 0 0 0 1 1 0 1 0 0 0 1 0 0 1 0 0 0 0 0 0 0 1 1 1 0
150	1	1 1 1 1 1 0 0 1 1 1 0 0 1 0 1 0 1 0 0 0 0 1 1 1 1 0 0 0 1 1 0 1 0 1 0 1 0 0 1 0 0 0 0 0 0 0 1 1 1 0
150	1	1 1 1 1 1 0 0 1 1 1 0 0 1 0 1 0 1 0 0 1 0 1 1 1 1 0 0 0 1 1 0 1 0 1 0 1 0 0 1 0 0 0 0 0 0 0 1 1 1 0
150	2	1 1 1 1 1 0 0 0 1 1 0 0 1 0 1 0 1 0 0 0 0 1 1 1 1 0 0 0 1 1 0 1 0 1 0 0 0 0 1 0 0 0 0 0 0 0 1 1 1 0
150	9	1 1 1 1 1 1 0 0 1 1 0 0 1 0 1 0 1 0 0 0 0 1 1 1 1 0 0 0 1 1 0 1 0 1 0 1 0 0 1 0 0 0 0 0 0 0 1 1 1 0
150	1	1 1 1 1 1 0 0 0 1 1 0 0 1 0 1 0 1 0 0 0 0 1 1 1 1 0 0 0 1 0 0 1 0 1 0 1 0 0 1 0 0 0 0 0 0 0 1 0 1 0
150	2	1 1 1 1 1 0 1 0 1 1 0 0 1 0 1 0 1 0 0 0 0 1 1 1 1 0 0 0 1 0 0 1 0 1 0 1 0 0 1 0 0 0 0 0 0 0 1 1 1 0
150	7	1 1 1 1 1 0 0 0 1 1 0 0 1 0 1 0 1 0 0 0 0 1 1 1 1 0 0 0 1 0 0 1 0 0 0 1 0 0 1 0 0 0 0 0 0 0 0 1 1 0
150	5	1 1 1 1 1 1 0 0 1 1 0 0 1 0 1 0 1 0 0 0 0 1 1 1 1 0 0 0 1 0 0 1 0 1 0 1 0 0 1 0 0 0 0 0 0 0 0 1 0 0
150	2	1 1 1 1 1 1 0 0 1 1 0 0 1 0 1 0 1 0 0 0 0 1 1 1 1 0 0 0 1 0 0 1 0 1 0 1 0 0 1 0 0 0 0 0 0 0 0 1 1 0
150	22	1 1 1 1 1 0 0 0 1 1 0 0 1 0 1 0 1 0 0 0 0 1 1 1 1 0 0 0 1 0 0 1 0 1 0 1 0 0 1 0 0 0 0 0 0 0 0 1 1 0
150	1	1 1 1 1 1 0 0 0 1 1 0 0 1 0 1 0 1 0 0 0 0 1 1 1 1 0 0 0 1 0 0 1 0 1 0 1 1 0 1 0 0 0 0 0 0 0 1 0 1 0
150	1	1 1 1 1 1 0 0 0 1 1 0 0 1 0 1 0 1 0 0 0 0 1 1 1 1 0 0 0 1 0 0 1 0 1 0 1 1 0 1 0 0 0 0 0 0 0 1 1 1 0
150	1	1 1 1 1 1 0 0 0 1 1 0 0 1 0 1 0 1 0 0 0 0 1 1 1 1 0 0 0 0 0 0 1 0 1 0 1 0 0 1 0 0 0 0 0 0 0 1 1 1 0
150	23	1 1 1 1 1 0 0 0 1 1 0 0 1 0 1 0 1 0 0 0 0 1 1 1 1 0 0 0 1 0 0 1 0 1 0 1 0 0 1 0 0 0 0 0 0 0 1 1 1 0
150	6	1 1 1 0 1 1 0 0 1 1 0 0 1 0 1 0 1 0 0 0 0 1 1 1 1 0 0 0 1 0 0 1 0 1 0 1 0 0 1 0 0 0 0 0 0 0 1 1 1 0
160	1	1 1 1 1 1 0 0 0 1 1 0 0 1 0 1 0 1 0 0 0 0 1 1 1 1 0 1 0 1 0 0 1 0 1 0 1 0 0 1 0 0 0 0 0 0 0 1 1 1 0
160	11	1 1 1 1 1 0 0 1 1 1 0 0 1 0 1 1 1 0 0 0 0 1 1 1 1 0 0 0 1 1 0 1 0 0 0 1 0 1 1 0 0 0 0 0 0 0 1 1 1 0
160	14	1 1 1 1 1 0 0 1 1 1 0 0 1 0 1 0 1 0 0 0 0 1 1 1 1 0 0 0 1 1 0 1 0 0 0 1 0 0 1 0 0 0 0 0 0 0 1 1 1 0
160	3	1 1 1 1 1 0 0 1 1 1 0 0 1 0 1 0 1 0 0 0 0 1 1 1 1 0 0 0 1 1 0 1 0 1 0 1 0 0 1 0 0 0 0 0 0 1 1 1 1 0
160	5	1 1 1 1 1 0 0 1 1 1 0 0 1 0 1 0 1 0 0 0 0 1 1 1 1 0 0 0 1 1 0 1 0 1 0 1 0 0 1 0 0 0 0 0 0 0 1 1 1 0
160	2	1 1 1 1 1 0 0 0 1 1 0 0 1 0 1 0 1 0 0 0 0 1 1 1 1 0 0 0 1 1 0 1 0 1 0 0 0 0 1 0 0 0 0 0 0 0 1 1 1 0
160	3	1 1 1 1 1 1 0 0 1 1 0 0 1 0 1 0 1 0 0 0 0 1 1 1 1 0 0 0 1 1 0 1 0 1 0 1 0 0 1 0 0 0 0 0 0 0 1 1 1 0
160	24	1 1 1 1 1 0 0 0 1 1 0 0 1 0 1 0 1 0 0 0 0 1 1 1 1 0 0 0 1 0 0 1 0 1 0 1 0 0 1 0 0 0 0 0 0 0 1 1 1 0
160	4	1 1 1 1 1 0 0 0 1 1 0 0 1 0 1 0 1 0 0 0 0 1 1 1 1 0 0 0 1 0 0 1 0 1 0 1 0 0 1 0 0 0 0 0 0 0 1 0 1 0
160	1	1 0 1 1 1 0 1 0 1 1 0 0 1 0 1 0 1 0 0 0 0 1 1 1 1 0 0 0 1 0 0 1 0 1 0 1 0 0 1 0 0 0 0 0 0 0 1 1 1 0
160	2	1 1 1 1 1 0 1 0 1 1 0 0 1 0 1 0 1 0 0 0 0 1 1 1 1 0 0 0 1 0 0 1 0 1 0 1 0 0 1 0 0 0 0 0 0 0 1 1 1 0
160	1	1 1 1 1 1 0 0 0 1 1 0 0 1 0 1 0 1 0 0 0 0 1 1 1 1 0 0 0 1 0 0 1 0 0 0 1 0 0 1 0 0 0 0 0 0 0 0 1 1 0
160	11	1 1 1 1 1 1 0 0 1 1 0 0 1 0 1 0 1 0 0 0 0 1 1 1 1 0 0 0 1 0 0 1 0 1 0 1 0 0 1 0 0 0 0 0 0 0 0 1 0 0
160	1	1 1 1 1 1 1 0 0 1 1 0 0 1 0 1 0 1 0 0 0 0 1 1 1 1 0 0 0 1 0 0 1 0 1 0 1 0 0 1 0 0 0 0 0 0 0 0 1 1 0
160	14	1 1 1 1 1 0 0 0 1 1 0 0 1 0 1 0 1 0 0 0 0 1 1 1 1 0 0 0 1 0 0 1 0 1 0 1 0 0 1 0 0 0 0 0 0 0 0 1 1 0
160	2	1 1 1 1 1 0 0 0 1 1 0 0 1 0 1 0 1 0 0 0 0 1 1 1 1 0 0 0 1 0 0 1 0 1 0 1 1 0 1 0 0 0 0 0 0 0 1 1 1 0
160	1	1 1 1 0 1 1 0 0 1 1 0 0 1 0 1 0 1 0 0 0 0 1 1 1 1 0 0 0 1 0 0 1 0 1 0 1 0 0 1 0 0 0 0 0 0 0 1 1 1 0
170	1	1 1 1 1 1 0 0 0 1 1 0 0 1 0 1 0 1 0 0 0 0 1 1 1 1 0 1 0 1 0 0 1 0 1 0 1 0 0 1 0 0 0 0 0 0 0 1 1 1 0
170	6	1 1 1 1 1 0 0 1 1 1 0 0 1 0 1 1 1 0 0 0 0 1 1 1 1 0 0 0 1 1 0 1 0 0 0 1 0 1 1 0 0 0 0 0 0 0 1 1 1 0
170	15	1 1 1 1 1 0 0 1 1 1 0 0 1 0 1 0 1 0 0 0 0 1 1 1 1 0 0 0 1 1 0 1 0 0 0 1 0 0 1 0 0 0 0 0 0 0 1 1 1 0
170	4	1 1 1 1 1 0 0 1 1 1 0 0 1 0 1 0 1 0 0 0 0 1 1 1 1 0 0 0 1 1 0 1 0 1 0 1 0 0 1 0 0 0 0 0 0 0 1 1 1 0
170	1	1 1 1 1 1 1 0 0 1 1 0 0 1 0 1 0 1 0 0 0 0 1 1 1 1 0 0 0 1 1 0 1 0 1 0 1 0 0 1 0 0 0 0 0 0 0 1 1 1 0
170	9	1 1 1 1 1 0 0 0 1 1 0 0 1 0 1 0 1 0 0 0 0 1 1 1 1 0 0 0 1 0 0 1 0 1 0 1 0 0 1 0 0 0 0 0 0 0 1 0 1 0
170	6	1 1 1 1 1 0 0 0 1 1 0 0 1 0 1 0 1 0 0 0 0 1 1 1 1 0 0 0 1 0 0 1 0 1 0 1 0 0 1 0 0 0 0 0 0 0 1 1 1 0
170	3	1 1 1 1 1 0 1 0 1 1 0 0 1 0 1 0 1 0 0 0 0 1 1 1 1 0 0 0 1 0 0 1 0 1 0 1 0 0 1 0 0 0 0 0 0 0 1 1 1 0
170	1	1 1 1 1 1 0 0 0 1 1 0 0 1 0 1 0 1 0 0 0 0 1 1 1 1 0 0 0 1 0 0 1 0 0 0 1 0 0 1 0 0 0 0 0 0 0 0 1 1 0
170	1	1 1 1 1 1 1 0 0 1 1 0 0 1 0 1 0 1 1 0 0 0 1 1 1 1 0 0 0 1 0 0 1 0 1 0 1 0 0 1 0 0 0 0 0 0 0 0 1 0 0
170	34	1 1 1 1 1 1 0 0 1 1 0 0 1 0 1 0 1 0 0 0 0 1 1 1 1 0 0 0 1 0 0 1 0 1 0 1 0 0 1 0 0 0 0 0 0 0 0 1 0 0
170	1	1 1 1 1 1 0 0 0 1 1 0 0 1 0 1 0 1 0 0 0 0 1 1 1 1 0 1 0 1 0 0 1 0 1 0 1 0 0 1 0 0 0 0 0 0 0 0 1 1 0
170	1	1 1 1 1 1 0 0 0 1 1 0 0 1 0 0 0 1 0 0 0 0 1 1 1 1 0 0 0 1 0 0 1 0 1 0 1 0 0 1 0 0 0 0 0 0 0 0 1 1 0
170	15	1 1 1 1 1 0 0 0 1 1 0 0 1 0 1 0 1 0 0 0 0 1 1 1 1 0 0 0 1 0 0 1 0 1 0 1 0 0 1 0 0 0 0 0 0 0 0 1 1 0
170	1	1 1 1 1 1 0 0 0 1 1 0 0 1 0 1 0 1 0 0 0 0 1 1 1 1 0 0 0 1 0 0 1 0 1 0 1 1 0 1 0 0 0 0 0 0 0 1 0 1 0
170	1	1 1 0 0 1 1 0 0 1 1 0 0 1 0 1 0 1 0 0 0 0 1 1 1 1 0 0 0 1 0 0 1 0 1 0 1 0 0 1 0 0 0 0 0 0 0 1 1 1 0
180	1	1 1 1 1 1 0 0 1 1 1 0 0 1 0 1 1 1 0 0 0 0 1 1 1 1 0 0 0 0 1 0 1 0 0 0 1 0 1 1 0 0 0 0 0 0 0 1 1 1 0
180	2	1 1 1 1 1 0 0 1 1 1 0 0 1 0 1 1 1 0 0 0 0 1 1 1 1 0 0 0 1 1 0 1 0 0 0 1 0 1 1 0 0 0 0 0 0 0 1 1 1 0
180	5	1 1 1 1 1 0 0 1 1 1 0 0 1 0 1 0 1 0 0 0 0 1 1 1 1 0 0 0 1 1 0 1 0 0 0 1 0 0 1 0 0 0 0 0 0 0 1 1 1 0
180	2	1 1 1 1 1 0 0 1 1 1 0 0 1 0 1 0 1 0 0 0 0 1 1 1 1 0 0 0 1 1 0 1 0 1 0 1 0 0 1 0 0 0 0 0 0 0 1 1 1 0
180	1	1 1 1 1 1 1 0 0 1 1 0 0 1 0 1 0 1 0 0 0 0 1 1 1 1 0 0 0 1 1 0 1 0 1 0 1 0 0 1 0 0 0 0 0 0 0 1 1 1 0
180	2	1 1 1 1 1 0 0 0 1 1 0 0 1 0 1 0 1 0 0 0 0 1 1 1 1 0 0 0 1 0 0 1 0 1 0 1 0 0 1 0 0 0 0 0 0 0 1 0 1 0
180	1	1 1 1 1 1 0 0 0 1 1 0 0 1 0 1 0 1 0 0 0 0 1 1 1 1 0 0 0 1 0 0 1 0 1 0 1 0 0 1 0 0 0 0 0 0 0 1 1 1 0
180	3	1 1 1 1 1 0 1 0 1 1 0 0 1 0 1 0 1 0 0 0 0 1 1 1 1 0 0 0 1 0 0 1 0 1 0 1 0 0 1 0 0 0 1 0 0 0 1 1 1 0
180	3	1 1 1 1 1 0 0 0 1 1 0 0 1 0 1 0 1 0 0 0 0 1 1 1 1 0 0 0 1 0 0 1 0 0 0 1 0 0 1 0 0 0 0 0 0 0 0 1 1 0
180	3	1 1 1 1 1 1 0 0 1 1 0 0 1 0 1 0 0 0 0 0 0 1 1 1 1 0 0 0 1 0 0 1 0 1 0 1 0 0 1 0 0 0 0 0 0 0 0 1 0 0
180	2	1 1 1 1 1 1 0 0 1 1 0 0 1 0 1 0 1 0 0 0 0 1 0 1 1 0 0 0 1 0 0 1 0 1 0 1 0 0 1 0 0 0 0 0 0 0 0 1 0 0
180	2	1 1 1 1 1 1 0 0 1 1 0 0 1 0 1 0 1 0 0 0 0 1 1 1 1 0 0 0 1 0 0 1 0 1 0 1 0 0 1 0 0 0 0 0 0 1 0 1 0 0
180	3	1 1 1 1 1 1 0 0 1 1 0 0 1 0 1 0 1 0 0 0 0 1 1 1 1 0 0 0 1 0 0 1 0 1 0 1 0 0 1 0 0 0 0 0 0 0 1 1 0 0
180	1	1 1 1 1 1 1 0 0 1 1 0 0 1 0 1 0 1 0 0 0 0 1 1 1 1 0 0 0 1 0 0 1 0 0 0 1 0 0 1 0 0 0 0 0 0 0 0 1 0 0
180	1	1 1 1 1 1 1 0 0 1 1 0 0 1 0 0 0 1 0 0 0 0 1 1 1 1 0 0 0 1 0 0 1 0 1 0 1 0 0 1 0 0 0 0 0 0 0 0 1 0 0
180	58	1 1 1 1 1 1 0 0 1 1 0 0 1 0 1 0 1 0 0 0 0 1 1 1 1 0 0 0 1 0 0 1 0 1 0 1 0 0 1 0 0 0 0 0 0 0 0 1 0 0
180	10	1 1 1 1 1 0 0 0 1 1 0 0 1 0 1 0 1 0 0 0 0 1 1 1 1 0 0 0 1 0 0 1 0 1 0 1 0 0 1 0 0 0 0 0 0 0 0 1 1 0
190	4	1 1 1 1 1 0 0 1 1 1 0 0 1 0 1 1 1 0 0 0 0 1 1 1 1 0 0 0 1 1 0 1 0 0 0 1 0 1 1 0 0 0 0 0 0 0 1 1 1 0
190	4	1 1 1 1 1 0 0 1 1 1 0 0 1 0 1 0 1 0 0 0 0 1 1 1 1 0 0 0 1 1 0 1 0 0 0 1 0 0 1 0 0 0 0 0 0 0 1 1 1 0
190	1	1 1 1 1 1 0 0 0 1 1 0 0 1 0 1 0 1 0 0 0 0 1 1 1 1 0 0 0 1 0 0 1 0 0 0 1 0 0 1 0 0 0 0 0 0 0 0 1 1 0
190	9	1 1 1 1 1 1 0 0 1 1 0 0 1 0 1 0 0 0 0 0 0 1 1 1 1 0 0 0 1 0 0 1 0 1 0 1 0 0 1 0 0 0 0 0 0 0 0 1 0 0
190	4	1 1 1 1 1 1 0 0 1 1 0 0 1 0 1 0 1 0 0 0 0 1 1 1 1 0 0 0 1 0 0 1 0 1 0 1 0 0 1 0 0 0 0 0 0 0 1 1 0 0
190	1	1 1 1 1 1 1 0 0 1 1 0 0 1 0 1 0 1 0 0 0 0 1 1 1 1 0 0 0 1 0 0 1 0 0 0 1 0 0 1 0 0 0 0 0 0 0 0 1 0 0
190	1	1 1 1 1 1 1 0 0 1 1 0 0 1 0 1 0 1 0 0 0 0 1 1 1 1 0 0 0 1 1 0 1 0 1 0 1 0 0 1 0 0 0 0 0 0 0 0 1 0 0
190	1	1 1 1 1 1 1 0 0 1 1 0 0 1 0 1 0 1 0 0 0 0 1 1 1 0 0 0 0 1 0 0 1 0 1 0 1 0 0 1 0 0 0 0 0 0 0 0 1 0 0
190	1	1 1 1 1 1 1 0 0 1 1 0 0 1 0 1 0 1 0 1 0 0 1 1 1 1 0 0 0 1 0 0 1 0 1 0 1 0 0 1 0 0 0 0 0 0 0 0 1 0 0
190	69	1 1 1 1 1 1 0 0 1 1 0 0 1 0 1 0 1 0 0 0 0 1 1 1 1 0 0 0 1 0 0 1 0 1 0 1 0 0 1 0 0 0 0 0 0 0 0 1 0 0
190	1	1 1 1 1 1 0 0 0 1 1 0 0 1 0 0 0 1 0 0 0 0 1 1 1 1 0 0 0 1 0 0 1 0 1 0 1 0 0 1 0 0 0 0 0 0 0 0 1 1 0
190	3	1 1 1 1 1 0 0 0 1 1 0 0 1 0 1 0 1 0 0 0 0 1 1 1 1 0 0 0 1 0 0 1 0 1 0 1 0 0 1 0 0 0 0 0 0 0 0 1 1 0
190	1	1 1 1 1 1 0 0 0 1 1 0 0 1 0 1 0 1 0 0 0 0 1 1 1 1 0 0 0 1 0 0 1 0 1 0 1 1 0 1 0 0 0 0 0 0 0 1 0 1 0
200	2	1 1 1 1 1 0 0 0 1 1 0 0 1 0 1 0 1 0 0 0 0 1 1 1 1 0 0 0 1 0 0 1 0 1 0 1 0 0 1 0 0 0 0 0 0 0 1 0 1 0
200	8	1 1 1 1 1 1 0 0 1 1 0 0 1 0 1 0 0 0 0 0 0 1 1 1 1 0 0 0 1 0 0 1 0 1 0 1 0 0 1 0 0 0 0 0 0 0 0 1 0 0
200	1	1 1 1 1 1 1 0 0 1 1 0 0 1 0 1 0 1 0 0 0 0 1 1 1 1 0 0 0 1 0 0 1 0 1 0 1 0 0 1 0 0 0 0 0 0 0 1 1 0 0
200	3	1 1 1 1 1 1 0 0 1 1 0 0 1 0 1 0 1 0 0 0 0 1 1 1 1 0 0 0 1 0 0 1 0 0 0 1 0 0 1 0 0 0 0 0 0 0 0 1 0 0
200	1	1 1 1 1 1 1 0 0 1 1 0 0 1 0 1 0 1 0 0 0 0 1 1 1 1 0 0 0 1 1 0 1 0 1 0 1 0 0 1 0 0 0 0 0 0 0 0 1 0 0
200	1	1 1 1 1 1 1 1 0 1 1 0 0 1 0 1 0 1 0 0 0 0 1 1 1 1 0 0 0 1 0 0 1 0 1 0 1 0 0 1 0 0 0 0 0 0 0 0 1 0 0
200	1	1 1 1 1 1 0 0 0 1 1 0 0 1 0 1 0 1 0 0 0 0 1 1 1 1 0 0 0 1 0 0 1 0 1 0 1 0 0 1 0 0 0 0 0 0 0 0 1 0 0
200	1	1 1 1 1 1 1 0 0 1 1 0 0 1 0 1 0 1 0 0 0 0 0 1 1 1 0 0 0 1 0 0 1 0 1 0 1 0 0 1 0 0 0 0 0 0 0 0 1 0 0
200	81	1 1 1 1 1 1 0 0 1 1 0 0 1 0 1 0 1 0 0 0 0 1 1 1 1 0 0 0 1 0 0 1 0 1 0 1 0 0 1 0 0 0 0 0 0 0 0 1 0 0
200	1	1 1 1 1 1 0 0 0 1 1 0 0 1 0 1 0 1 0 0 0 0 1 1 1 1 0 0 0 1 0 0 1 0 1 0 1 0 0 1 0 0 0 0 0 0 0 0 1 1 0
210	1	1 1 1 1 1 1 0 0 1 1 0 0 1 0 1 0 0 0 0 0 0 1 1 1 1 0 1 0 1 0 0 1 0 1 0 1 0 0 1 0 0 0 0 0 0 0 0 1 0 0
210	19	1 1 1 1 1 1 0 0 1 1 0 0 1 0 1 0 0 0 0 0 0 1 1 1 1 0 0 0 1 0 0 1 0 1 0 1 0 0 1 0 0 0 0 0 0 0 0 1 0 0
210	1	1 1 1 1 1 1 0 0 1 1 0 0 1 0 1 0 1 0 0 0 0 1 1 1 1 0 0 0 1 0 0 1 0 1 0 1 0 0 1 0 0 0 0 0 0 0 1 1 0 0
210	1	1 1 1 1 1 1 0 0 1 1 0 0 1 0 1 0 1 0 0 0 0 1 1 1 1 0 0 0 1 0 0 1 0 0 0 1 0 0 1 0 0 0 0 0 0 0 0 1 0 0
210	1	1 1 1 1 1 1 0 0 1 1 0 0 1 0 1 0 1 0 0 0 0 1 1 1 1 0 0 0 1 1 0 1 0 1 0 1 0 0 1 0 0 0 0 0 0 0 0 1 0 0
210	1	1 1 1 1 1 0 0 0 1 1 0 0 1 0 1 0 1 0 0 0 0 1 1 1 1 0 0 0 1 0 0 1 0 1 0 1 0 0 1 0 0 0 0 0 0 0 0 1 0 0
210	1	1 0 1 1 1 1 0 0 1 1 0 0 1 0 1 0 1 0 0 0 0 1 1 1 1 0 0 0 1 0 0 1 0 1 0 1 0 0 1 0 0 0 0 0 0 0 0 1 0 0
210	1	1 1 1 1 1 1 0 0 1 1 0 0 1 0 1 0 1 0 0 0 0 1 1 1 1 0 1 0 1 0 0 1 0 1 0 1 0 0 1 0 0 0 0 0 0 0 0 1 0 0
210	1	1 1 1 1 1 1 0 0 1 1 0 0 1 0 1 0 1 0 0 0 0 1 1 1 1 0 0 0 1 0 0 1 0 1 0 1 0 0 1 0 1 0 0 0 0 0 0 1 0 0
210	73	1 1 1 1 1 1 0 0 1 1 0 0 1 0 1 0 1 0 0 0 0 1 1 1 1 0 0 0 1 0 0 1 0 1 0 1 0 0 1 0 0 0 0 0 0 0 0 1 0 0
220	1	1 1 1 1 1 1 0 0 1 1 0 0 1 0 1 0 0 0 0 0 0 1 1 1 1 0 0 0 1 0 0 0 0 1 0 1 0 0 1 0 0 0 0 0 0 0 0 1 0 0
220	15	1 1 1 1 1 1 0 0 1 1 0 0 1 0 1 0 0 0 0 0 0 1 1 1 1 0 0 0 1 0 0 1 0 1 0 1 0 0 1 0 0 0 0 0 0 0 0 1 0 0
220	1	1 1 1 1 1 1 0 0 1 1 0 0 1 0 1 0 1 0 0 0 0 1 1 1 1 0 0 0 1 0 0 1 0 1 0 1 0 0 1 0 0 0 0 0 0 0 1 1 0 0
220	2	1 1 1 1 1 1 0 0 1 1 0 0 1 0 1 0 1 0 0 0 0 1 1 1 1 0 0 0 1 0 0 1 0 0 0 1 0 0 1 0 0 0 0 0 0 0 0 1 0 0
220	2	1 1 1 1 1 0 0 0 1 1 0 0 1 0 1 0 1 0 0 0 0 1 1 1 1 0 0 0 1 0 0 1 0 1 0 1 0 0 1 0 0 0 0 0 0 0 0 1 0 0
220	1	1 1 1 1 1 1 0 0 1 1 0 0 1 0 1 0 1 0 0 0 0 1 1 1 1 1 0 0 1 0 0 1 0 1 0 1 0 0 1 0 0 0 0 0 0 0 0 1 0 0
220	2	1 1 1 1 1 1 0 0 1 1 0 0 1 0 1 0 1 0 0 0 0 1 1 1 1 0 0 0 1 0 0 1 0 1 0 1 1 1 1 0 0 0 0 0 0 0 0 1 0 0
220	2	1 1 1 1 1 1 0 0 1 1 0 0 1 0 1 0 1 0 0 0 0 1 1 1 1 0 0 0 1 0 0 1 0 1 0 1 1 0 1 0 0 0 0 0 0 0 0 1 0 0
220	1	1 1 1 1 1 1 0 0 1 1 0 0 1 0 1 0 1 0 0 0 1 1 1 1 1 0 0 0 1 0 0 1 0 1 0 1 0 0 1 0 0 0 0 0 0 0 0 1 0 0
220	1	1 1 1 1 1 1 1 0 1 1 0 0 1 0 1 0 1 0 0 0 0 1 1 1 1 0 0 0 1 0 0 1 0 1 0 1 0 0 1 0 0 0 0 0 0 0 0 1 0 0
220	72	1 1 1 1 1 1 0 0 1 1 0 0 1 0 1 0 1 0 0 0 0 1 1 1 1 0 0 0 1 0 0 1 0 1 0 1 0 0 1 0 0 0 0 0 0 0 0 1 0 0
230	5	1 1 1 1 1 1 0 0 1 1 0 0 1 0 1 0 0 0 0 0 0 1 1 1 1 0 0 0 1 0 0 0 0 1 0 1 0 0 1 0 0 0 0 0 0 0 0 1 0 0
230	1	1 1 1 1 1 1 0 0 1 1 0 0 0 0 1 0 0 0 0 0 0 1 1 1 1 0 0 0 1 0 0 1 0 1 0 1 0 0 1 0 0 0 0 0 0 0 0 1 0 0
230	1	1 1 1 1 1 1 0 0 1 1 0 0 1 0 1 0 0 0 0 0 0 1 1 1 1 0 0 0 1 0 0 1 0 1 0 1 0 0 1 0 0 0 1 0 0 0 0 1 0 0
230	18	1 1 1 1 1 1 0 0 1 1 0 0 1 0 1 0 0 0 0 0 0 1 1 1 1 0 0 0 1 0 0 1 0 1 0 1 0 0 1 0 0 0 0 0 0 0 0 1 0 0
230	3	1 1 1 1 1 1 0 0 1 1 0 0 1 0 1 0 1 0 0 0 0 1 1 1 1 0 0 0 1 0 0 1 0 0 0 1 0 0 1 0 0 0 0 0 0 0 0 1 0 0
230	1	1 1 1 1 1 1 0 0 1 1 0 0 1 0 1 0 1 0 0 0 0 1 1 1 1 1 0 0 1 0 0 0 0 1 0 1 0 0 1 0 0 0 0 0 0 0 0 1 0 0
230	7	1 1 1 1 1 1 0 0 1 1 0 0 1 0 1 0 1 0 0 0 0 1 1 1 1 1 0 0 1 0 0 1 0 1 0 1 0 0 1 0 0 0 0 0 0 0 0 1 0 0
230	1	1 1 1 1 1 1 0 0 1 1 0 0 1 0 1 0 1 0 0 0 0 1 1 1 1 0 0 0 1 0 0 1 0 1 0 1 1 0 1 0 0 0 0 0 0 0 0 1 0 0
230	1	1 1 1 1 1 1 0 0 1 1 0 0 1 0 1 0 1 0 0 0 0 1 1 1 1 0 0 0 0 0 0 1 0 1 0 1 0 0 1 0 0 0 0 0 0 0 0 1 0 0
230	1	1 1 1 1 1 1 0 0 1 1 0 0 1 1 1 0 1 0 0 0 0 1 1 1 1 0 0 0 1 0 0 1 0 1 0 1 0 0 1 0 0 0 0 0 0 0 0 1 0 0
230	61	1 1 1 1 1 1 0 0 1 1 0 0 1 0 1 0 1 0 0 0 0 1 1 1 1 0 0 0 1 0 0 1 0 1 0 1 0 0 1 0 0 0 0 0 0 0 0 1 0 0
240	1	1 1 1 0 1 1 0 0 1 1 0 0 1 0 1 0 0 0 0 0 0 1 1 1 1 0 0 0 1 0 0 0 0 1 0 1 0 0 1 0 0 0 0 0 0 0 0 1 0 0
240	2	1 1 1 1 1 1 0 0 1 1 0 0 1 0 1 0 0 0 0 0 0 1 1 1 1 0 0 0 1 0 0 0 0 1 0 1 0 0 1 0 0 0 0 0 0 0 0 1 0 0
240	14	1 1 1 1 1 1 0 0 1 1 0 0 1 0 1 0 0 0 0 0 0 1 1 1 1 0 0 0 1 0 0 1 0 1 0 1 0 0 1 0 0 0 0 0 0 0 0 1 0 0
240	1	1 1 1 1 1 1 0 0 1 1 0 0 1 0 1 0 1 0 0 0 0 1 1 1 1 1 0 0 1 0 0 1 0 1 0 1 0 0 1 0 0 0 0 0 0 0 0 0 0 0
240	12	1 1 1 1 1 1 0 0 1 1 0 0 1 0 1 0 1 0 0 0 0 1 1 1 1 1 0 0 1 0 0 1 0 1 0 1 0 0 1 0 0 0 0 0 0 0 0 1 0 0
240	1	1 1 1 1 1 1 0 0 1 1 0 0 1 0 1 0 1 0 0 0 0 1 1 1 1 0 0 0 1 0 0 1 0 1 0 1 1 0 1 0 0 0 0 0 0 0 0 1 0 0
240	1	1 0 1 1 1 1 0 0 1 1 0 0 1 0 1 0 1 0 0 0 0 1 1 1 1 0 0 0 1 0 0 1 0 1 0 1 0 0 1 0 0 0 0 0 0 0 0 1 0 0
240	68	1 1 1 1 1 1 0 0 1 1 0 0 1 0 1 0 1 0 0 0 0 1 1 1 1 0 0 0 1 0 0 1 0 1 0 1 0 0 1 0 0 0 0 0 0 0 0 1 0 0
250	5	1 1 1 1 1 1 0 0 1 1 0 0 1 0 1 0 0 0 0 0 0 1 1 1 1 0 0 0 1 0 0 0 0 1 0 1 0 0 1 0 0 0 0 0 0 0 0 1 0 0
250	6	1 1 1 1 1 1 0 0 1 1 0 0 1 0 1 0 0 0 0 0 0 1 1 1 1 0 0 0 1 0 0 1 0 1 0 1 0 0 1 0 0 0 0 0 0 0 0 1 0 0
250	9	1 1 1 1 1 1 0 0 1 1 0 0 1 0 1 0 1 0 0 0 0 1 1 1 1 1 0 0 1 0 0 1 0 1 0 1 0 0 1 0 0 0 0 0 0 0 0 1 0 0
250	1	1 1 1 1 1 1 0 0 1 1 0 0 1 0 1 0 1 0 0 0 0 1 1 1 1 0 0 0 1 0 0 1 0 1 0 1 1 0 1 0 0 0 0 0 0 0 0 0 0 0
250	1	1 1 1 1 1 1 0 0 1 1 0 0 1 0 1 0 1 0 0 0 0 1 1 1 1 0 0 0 0 0 0 1 0 1 0 1 0 0 1 0 0 0 0 0 0 0 0 1 0 0
250	1	1 1 1 1 1 1 0 0 1 1 0 0 1 1 1 0 1 0 0 0 0 1 1 1 1 0 0 0 1 0 0 1 0 1 0 1 0 0 1 0 0 0 0 0 0 0 0 1 0 0
250	1	1 1 1 1 1 1 0 0 1 1 1 0 1 0 1 0 1 0 0 0 0 1 1 1 1 0 0 0 1 0 0 1 0 1 0 1 0 0 1 0 0 0 0 0 0 0 0 0 0 0
250	1	1 1 1 1 1 1 0 0 1 1 0 0 1 0 1 0 1 0 0 0 0 1 1 1 1 0 0 0 1 0 0 1 0 1 0 1 0 0 1 0 0 0 0 0 0 0 0 0 0 0
250	1	1 1 1 1 1 1 1 0 1 1 0 0 1 0 0 0 1 0 0 0 0 1 1 1 1 0 0 0 1 0 0 1 0 1 0 1 0 0 1 0 0 0 0 0 0 0 0 1 0 0
250	1	1 1 1 1 1 1 1 0 1 1 0 0 1 0 1 0 1 0 0 0 0 1 1 1 1 0 0 0 1 0 0 1 0 1 0 1 0 0 1 0 0 0 0 0 0 0 0 1 0 0
250	3	1 1 1 1 1 1 0 0 1 1 1 0 1 0 1 0 1 0 0 0 0 1 1 1 1 0 0 0 1 0 0 1 0 1 0 1 0 0 1 0 0 0 0 0 0 0 0 1 0 0
250	70	1 1 1 1 1 1 0 0 1 1 0 0 1 0 1 0 1 0 0 0 0 1 1 1 1 0 0 0 1 0 0 1 0 1 0 1 0 0 1 0 0 0 0 0 0 0 0 1 0 0
260	4	1 1 1 1 1 1 0 0 1 1 0 0 1 0 1 0 0 0 0 0 0 1 1 1 1 0 0 0 1 0 0 0 0 1 0 1 0 0 1 0 0 0 0 0 0 0 0 1 0 0
260	1	1 1 1 1 1 1 0 0 1 1 0 0 1 0 1 0 0 0 0 0 0 1 1 1 1 0 0 0 1 0 0 1 0 1 0 1 0 0 0 0 0 0 0 0 0 0 0 1 0 0
260	1	1 1 1 1 1 1 0 0 1 1 0 0 1 1 1 0 0 0 0 0 0 1 1 1 1 0 0 0 1 0 0 1 0 1 0 1 0 0 1 0 0 0 0 0 0 0 0 1 0 0
260	5	1 1 1 1 1 1 0 0 1 1 0 0 1 0 1 0 0 0 0 0 0 1 1 1 1 0 0 0 1 0 0 1 0 1 0 1 0 0 1 0 0 0 0 0 0 0 0 1 0 0
260	1	1 1 1 1 1 1 0 0 1 1 0 0 1 0 1 0 1 0 0 0 0 1 1 1 1 1 0 0 1 0 0 1 0 1 0 1 0 0 1 0 0 0 0 0 0 0 0 0 0 0
260	12	1 1 1 1 1 1 0 0 1 1 0 0 1 0 1 0 1 0 0 0 0 1 1 1 1 1 0 0 1 0 0 1 0 1 0 1 0 0 1 0 0 0 0 0 0 0 0 1 0 0
260	1	1 1 1 1 1 1 0 0 1 1 0 0 1 0 1 0 1 0 0 0 0 1 1 1 1 0 0 0 1 0 0 1 0 1 0 1 1 0 1 0 0 0 0 0 0 0 0 0 0 0
260	6	1 1 1 1 1 1 0 0 1 1 0 0 1 0 1 0 1 0 0 0 0 1 1 1 1 0 0 0 0 0 0 1 0 1 0 1 0 0 1 0 0 0 0 0 0 0 0 1 0 0
260	5	1 1 1 1 1 1 0 0 1 1 0 0 1 0 1 0 1 0 0 0 0 1 1 1 1 0 0 0 1 0 0 1 0 1 0 1 0 0 1 0 0 0 0 0 0 0 0 0 0 0
260	5	1 1 1 1 1 1 1 0 1 1 0 0 1 0 1 0 1 0 0 0 0 1 1 1 1 0 0 0 1 0 0 1 0 1 0 1 0 0 1 0 0 0 0 0 0 0 0 1 0 0
260	1	1 1 1 1 1 1 0 0 1 1 1 0 1 0 1 0 1 0 0 0 0 1 1 1 1 0 0 0 1 0 0 1 0 1 0 1 0 0 1 0 0 0 0 0 0 0 0 1 0 0
260	1	1 1 1 1 1 1 0 0 1 1 0 0 1 0 1 0 1 0 0 0 0 1 1 1 1 0 0 0 1 0 0 1 1 1 0 1 0 0 1 0 0 0 0 0 0 0 0 1 0 0
260	1	1 1 1 1 1 1 0 0 1 1 0 0 1 0 1 0 1 0 0 0 0 1 1 1 1 0 1 0 1 0 0 1 0 1 0 1 0 0 1 0 0 0 0 0 0 0 0 1 0 0
260	56	1 1 1 1 1 1 0 0 1 1 0 0 1 0 1 0 1 0 0 0 0 1 1 1 1 0 0 0 1 0 0 1 0 1 0 1 0 0 1 0 0 0 0 0 0 0 0 1 0 0
270	4	1 1 1 1 1 1 0 0 1 1 0 0 1 0 1 0 0 0 0 0 0 1 1 1 1 0 0 0 1 0 0 0 0 1 0 1 0 0 1 0 0 0 0 0 0 0 0 1 0 0
270	1	1 1 1 1 1 1 0 0 1 1 0 0 1 0 1 0 0 0 0 0 0 1 1 1 1 1 0 0 1 0 0 1 0 1 0 1 0 0 0 0 0 0 0 0 0 0 0 1 0 0
270	1	1 1 1 1 1 1 0 0 1 1 0 0 1 0 1 0 0 0 0 0 0 1 1 1 1 0 0 0 1 0 0 1 0 1 0 1 0 0 1 0 0 0 0 0 0 0 0 1 0 0
270	3	1 1 1 1 1 1 0 0 1 1 0 0 1 0 1 0 1 1 0 0 0 1 1 1 1 1 0 0 1 0 0 1 0 1 0 1 0 0 1 0 0 0 0 0 0 0 0 1 0 0
270	7	1 1 1 1 1 1 0 0 1 1 0 0 1 0 1 0 1 0 0 0 0 1 1 1 1 1 0 0 1 0 0 1 0 1 0 1 0 0 1 0 0 0 0 0 0 0 0 1 0 0
270	3	1 1 1 1 1 1 0 0 1 1 0 0 1 0 1 0 1 0 1 0 0 1 1 1 1 0 0 0 1 0 0 1 0 1 0 1 1 0 1 0 0 0 0 0 0 0 0 0 0 0
270	1	1 1 1 1 1 1 0 0 1 1 0 0 1 0 1 0 1 0 0 0 0 1 1 0 1 0 0 0 0 0 0 1 0 1 0 1 0 0 1 0 0 0 0 0 0 0 0 1 0 0
270	1	1 1 1 1 1 1 0 0 1 1 0 0 1 0 1 0 1 0 0 0 0 1 1 1 1 0 1 0 0 0 0 1 0 1 0 1 0 0 1 0 0 0 0 0 0 0 0 1 0 0
270	2	1 1 1 1 1 1 0 0 1 1 0 0 1 0 1 0 1 0 0 0 0 1 1 1 1 0 0 0 0 0 0 1 0 1 0 1 0 0 1 0 0 0 0 0 0 0 0 1 0 0
270	13	1 1 1 1 1 1 1 0 1 1 0 0 1 0 1 0 1 0 0 0 0 1 1 1 1 0 0 0 1 0 0 1 0 1 0 1 0 0 1 0 0 0 0 0 0 0 0 1 0 0
270	1	1 1 1 1 1 1 0 0 1 1 0 0 1 0 1 0 1 0 0 0 0 1 0 1 1 0 0 0 1 0 0 1 0 1 0 1 0 0 1 0 0 0 0 0 0 0 0 1 0 0
270	46	1 1 1 1 1 1 0 0 1 1 0 0 1 0 1 0 1 0 0 0 0 1 1 1 1 0 0 0 1 0 0 1 0 1 0 1 0 0 1 0 0 0 0 0 0 0 0 1 0 0
270	4	1 1 1 1 1 1 0 0 1 1 0 0 1 0 1 0 1 0 0 0 0 1 1 1 1 0 0 0 1 0 0 1 0 1 0 1 0 0 1 0 0 0 0 0 0 0 0 0 0 0
270	4	1 1 1 1 1 1 1 0 1 1 0 0 1 0 0 0 1 0 0 0 0 1 1 1 1 0 0 0 1 0 0 1 0 1 0 1 0 0 1 0 0 0 0 0 0 0 0 1 0 0
270	1	1 1 1 1 1 1 1 0 1 1 0 0 1 0 1 0 1 0 0 0 1 1 1 1 1 0 0 0 1 0 0 1 0 1 0 1 0 0 1 0 0 0 0 0 0 0 0 1 0 0
270	2	1 1 1 1 1 1 0 0 1 1 1 0 1 0 1 0 1 0 0 0 0 1 1 1 1 0 0 0 1 0 0 1 0 1 0 1 0 0 1 0 0 0 0 0 0 0 0 1 0 0
270	3	1 1 1 1 1 1 0 0 1 1 0 0 1 0 1 0 1 0 0 0 0 1 1 1 1 0 0 0 1 0 0 1 1 1 0 1 0 0 1 0 0 0 0 0 0 0 0 1 0 0
270	1	1 1 1 1 1 1 0 0 1 1 0 0 1 0 1 0 1 0 0 0 0 1 1 1 1 0 0 0 1 0 0 1 0 1 0 1 1 0 1 0 0 0 0 0 0 0 0 1 0 0
270	2	1 1 1 1 1 1 0 0 1 1 0 0 1 0 1 0 0 0 1 0 0 1 1 1 1 0 0 0 1 0 0 1 0 1 0 1 0 0 1 0 0 0 0 0 0 0 0 1 0 0
280	1	1 1 1 1 1 1 0 0 1 1 0 0 1 0 1 0 0 0 0 0 0 1 1 1 1 0 0 0 1 0 0 0 0 1 0 1 0 0 1 0 0 0 0 0 0 0 0 1 0 0
280	2	1 1 1 1 1 1 0 0 1 1 0 0 1 0 1 0 0 0 0 0 0 1 1 1 1 0 0 0 1 0 0 1 0 1 0 1 0 0 1 0 0 0 0 0 0 0 0 1 0 0
280	8	1 1 1 1 1 1 0 0 1 1 0 0 1 0 1 0 1 0 0 0 0 1 1 1 1 1 0 0 1 0 0 1 0 1 0 1 0 0 1 0 0 0 0 0 0 0 0 1 0 0
280	2	1 1 1 1 1 1 0 0 1 1 0 0 1 0 1 0 1 0 1 0 0 1 1 1 1 0 0 0 1 0 0 1 0 1 0 1 1 0 1 0 0 0 0 0 0 0 0 0 0 0
280	1	1 1 1 1 1 1 0 0 1 1 0 0 1 0 1 0 1 0 0 0 0 1 1 1 1 0 0 0 0 0 0 0 0 1 0 1 0 0 1 0 0 0 0 0 0 0 0 1 0 0
280	4	1 1 1 1 1 1 0 0 1 1 0 0 1 0 1 0 1 0 0 0 0 1 1 1 1 0 0 0 0 0 0 1 0 1 0 1 0 0 1 0 0 0 0 0 0 0 0 1 0 0
280	1	1 1 1 1 1 1 1 0 1 1 0 0 1 0 1 0 1 0 0 0 0 1 1 1 1 0 0 0 1 0 0 1 0 1 0 1 0 0 1 0 0 0 0 0 0 0 1 1 0 0
280	1	1 1 1 1 1 1 0 0 1 1 0 0 1 0 1 0 1 0 0 0 0 1 1 1 1 0 0 0 1 0 0 1 1 1 0 1 0 0 1 0 0 0 0 0 0 0 0 1 0 0
280	19	1 1 1 1 1 1 1 0 1 1 0 0 1 0 1 0 1 0 0 0 0 1 1 1 1 0 0 0 1 0 0 1 0 1 0 1 0 0 1 0 0 0 0 0 0 0 0 1 0 0
280	4	1 1 1 1 1 1 0 0 1 1 0 0 0 0 1 0 1 0 0 0 0 1 1 1 1 0 0 0 1 0 0 1 0 1 0 1 0 0 1 0 0 0 0 0 0 0 0 1 0 0
280	1	1 1 1 1 1 1 0 0 1 1 0 0 1 0 1 0 1 0 1 0 0 1 1 1 1 0 0 0 1 0 0 1 0 1 0 1 0 0 1 0 0 0 0 0 0 0 0 1 0 0
280	25	1 1 1 1 1 1 0 0 1 1 0 0 1 0 1 0 1 0 0 0 0 1 1 1 1 0 0 0 1 0 0 1 0 1 0 1 0 0 1 0 0 0 0 0 0 0 0 1 0 0
280	1	1 1 1 1 1 1 1 0 1 1 0 0 1 0 1 0 1 0 0 0 1 1 1 1 1 0 0 0 1 0 0 1 0 1 0 1 0 0 1 0 0 0 0 0 0 0 0 1 0 0
280	1	1 1 1 1 1 1 1 0 1 1 0 0 1 1 1 0 1 0 0 0 0 1 1 1 1 0 0 0 1 0 0 1 0 1 0 1 0 0 1 0 0 0 0 0 0 0 0 1 0 0
280	1	1 1 1 1 1 1 1 0 1 1 0 0 1 0 1 0 1 0 0 0 0 1 1 1 1 0 0 0 1 0 0 1 0 1 0 1 1 0 1 0 0 0 0 0 0 0 0 1 0 0
280	1	1 1 1 1 1 1 0 0 1 1 0 0 1 0 1 0 1 0 0 1 0 1 1 1 1 0 0 0 1 0 0 1 0 1 0 1 0 0 1 0 0 0 0 0 0 0 0 1 0 0
280	1	1 1 1 1 1 1 0 0 1 1 0 0 1 0 1 0 1 1 0 0 0 1 1 1 1 0 0 0 1 0 0 1 0 1 0 1 0 0 1 0 0 0 0 0 0 0 0 0 0 0
280	1	1 1 1 1 1 1 0 0 1 1 0 0 1 0 1 0 1 0 0 0 0 1 1 1 1 0 0 0 1 0 0 1 0 1 0 1 0 0 1 0 1 0 0 0 0 0 0 0 0 0
280	13	1 1 1 1 1 1 0 0 1 1 0 0 1 0 1 0 1 0 0 0 0 1 1 1 1 0 0 0 1 0 0 1 0 1 0 1 0 0 1 0 0 0 0 0 0 0 0 0 0 0
280	1	1 1 1 1 1 1 1 0 1 1 0 0 1 0 0 0 1 0 0 0 0 1 1 1 1 0 0 0 1 0 0 1 0 1 0 1 0 0 1 1 0 0 0 0 0 0 0 1 0 0
280	4	1 1 1 1 1 1 1 0 1 1 0 0 1 0 0 0 1 0 0 0 0 1 1 1 1 0 0 0 1 0 0 1 0 1 0 1 0 0 1 0 0 0 0 0 0 0 0 1 0 0
280	2	1 1 1 1 1 1 1 0 1 1 0 0 1 0 1 0 1 0 0 0 0 1 1 0 1 0 0 0 1 0 0 1 0 1 0 1 0 0 1 0 0 0 0 0 0 0 0 1 0 0
280	3	1 1 1 1 1 1 0 0 1 1 1 0 1 0 1 0 1 0 0 0 0 1 1 1 1 0 0 0 1 0 0 1 0 1 0 1 0 0 1 0 0 0 0 0 0 0 0 1 0 0
280	1	1 1 1 1 1 1 0 0 1 1 0 0 1 0 1 0 1 0 0 0 0 1 1 1 1 0 0 0 1 0 0 1 0 1 0 1 1 0 1 0 0 0 0 0 0 0 0 1 0 0
280	1	1 1 1 1 1 1 0 0 1 1 0 0 1 0 1 0 1 0 0 0 0 1 1 1 1 0 1 0 1 0 0 1 0 1 0 1 0 0 1 0 0 0 0 0 0 0 0 1 0 0
290	2	1 1 1 1 1 1 0 0 1 1 0 0 1 0 1 0 0 0 0 0 0 1 1 1 1 0 0 0 1 0 0 1 0 1 0 1 0 0 1 0 0 0 0 0 0 0 0 1 0 0
290	1	1 1 1 1 1 1 0 0 1 1 0 0 1 0 1 0 1 0 0 0 0 1 1 1 1 1 0 0 1 0 0 1 0 1 0 1 0 1 1 0 0 0 0 0 0 0 0 1 0 0
290	7	1 1 1 1 1 1 0 0 1 1 0 0 1 0 1 0 1 0 0 0 0 1 1 1 1 1 0 0 1 0 0 1 0 1 0 1 0 0 1 0 0 0 0 0 0 0 0 1 0 0
290	3	1 1 1 1 1 1 0 0 1 1 0 0 1 0 1 0 1 0 1 0 0 1 1 1 1 0 0 0 1 0 0 1 0 1 1 1 1 0 1 0 0 0 0 0 0 0 0 0 0 0
290	1	1 1 1 1 1 1 0 0 1 1 0 0 1 0 1 0 1 0 0 0 0 1 1 1 1 0 0 0 0 0 0 0 0 1 0 1 0 0 1 0 0 0 0 0 0 0 0 1 0 0
290	5	1 1 1 1 1 1 0 0 1 1 0 0 1 0 1 0 1 0 0 0 0 1 1 1 1 0 0 0 0 0 0 1 0 1 0 1 0 0 1 0 0 0 0 0 0 0 0 1 0 0
290	1	1 1 1 1 1 1 1 0 1 1 0 0 1 0 1 0 1 0 0 0 0 1 1 1 1 0 0 0 1 0 0 1 0 1 0 1 0 0 1 0 0 0 0 0 0 0 1 1 0 0
290	1	1 1 1 1 1 1 0 0 1 1 0 0 1 0 1 0 1 0 0 0 0 1 1 1 1 0 0 0 1 0 0 1 1 1 0 1 0 0 1 0 0 0 0 0 0 0 0 1 0 0
290	19	1 1 1 1 1 1 0 0 1 1 0 0 1 0 1 0 1 0 0 0 0 1 1 1 1 0 0 0 1 0 0 1 0 1 0 1 0 0 1 0 0 0 0 0 0 0 0 1 0 0
290	1	1 1 1 1 1 1 1 0 1 1 0 0 1 0 1 0 1 0 0 0 0 1 1 1 1 0 0 0 1 0 0 1 0 1 0 0 0 0 1 0 0 0 0 0 0 0 0 1 0 0
290	25	1 1 1 1 1 1 1 0 1 1 0 0 1 0 1 0 1 0 0 0 0 1 1 1 1 0 0 0 1 0 0 1 0 1 0 1 0 0 1 0 0 0 0 0 0 0 0 1 0 0
290	2	1 0 1 1 1 1 0 0 1 1 0 0 1 0 1 0 1 0 0 0 0 1 1 1 1 0 0 0 1 0 0 1 0 1 0 1 0 0 1 0 0 0 0 0 0 0 0 1 0 0
290	1	1 1 1 1 1 1 0 0 1 1 0 0 0 0 1 0 1 0 0 0 0 1 1 1 1 0 0 0 1 0 0 1 0 1 0 1 0 0 1 0 0 0 0 0 0 0 0 1 0 0
290	3	1 1 1 1 1 1 0 0 1 1 0 0 1 0 1 0 1 0 0 0 0 1 1 0 1 0 0 0 1 0 0 1 0 1 0 1 0 0 1 0 0 0 0 0 0 0 0 1 0 0
290	1	1 1 1 1 1 1 0 0 1 1 0 0 1 0 1 0 1 0 0 0 1 1 1 1 1 0 0 0 1 0 0 1 0 1 0 1 0 0 1 0 0 0 0 0 0 0 0 1 0 0
290	2	1 1 1 1 1 1 1 0 1 1 0 0 1 0 1 0 1 0 0 0 1 1 1 1 1 0 0 0 1 0 0 1 0 1 0 1 0 0 1 0 0 0 0 0 0 0 0 1 0 0
290	1	1 1 1 1 1 1 0 0 1 1 0 0 1 0 1 0 1 0 0 0 0 1 1 1 1 0 0 1 1 0 0 1 0 0 0 1 0 0 1 0 0 0 0 0 0 0 0 1 0 0
290	1	1 1 1 1 1 1 0 0 1 1 0 0 1 0 1 0 1 0 0 1 0 1 1 1 1 0 0 0 1 0 0 1 0 1 0 1 0 0 1 0 0 0 0 0 0 0 0 1 0 0
290	1	1 1 1 1 1 1 0 0 1 1 0 0 1 0 1 0 1 1 0 0 0 1 1 1 1 0 0 0 1 0 0 1 0 1 0 1 0 0 1 0 0 0 0 0 0 0 0 0 0 0
290	1	1 1 1 1 1 1 0 0 1 1 1 0 1 0 1 0 1 0 0 0 0 1 1 1 1 0 0 0 1 0 0 1 0 1 0 1 0 0 1 0 0 0 0 0 0 0 0 0 0 0
290	14	1 1 1 1 1 1 0 0 1 1 0 0 1 0 1 0 1 0 0 0 0 1 1 1 1 0 0 0 1 0 0 1 0 1 0 1 0 0 1 0 0 0 0 0 0 0 0 0 0 0
290	1	1 1 1 1 1 1 1 0 1 1 0 0 1 0 0 0 1 0 0 0 0 1 1 1 1 0 0 0 1 0 0 1 0 1 0 1 0 0 1 1 0 0 0 0 0 0 0 1 0 0
290	6	1 1 1 1 1 1 1 0 1 1 0 0 1 0 1 0 1 0 0 0 0 1 1 0 1 0 0 0 1 0 0 1 0 1 0 1 0 0 1 0 0 0 0 0 0 0 0 1 0 0
300	2	1 1 1 1 1 1 0 0 1 1 0 0 1 0 1 0 0 0 0 0 0 1 1 1 1 0 0 0 1 0 0 1 0 1 0 1 0 0 1 0 0 0 0 0 0 0 0 1 0 0
300	4	1 1 1 1 1 1 0 0 1 1 0 0 1 0 1 0 1 0 0 0 0 1 1 1 1 1 0 0 1 0 0 1 0 1 0 1 0 0 1 0 0 0 0 0 0 0 0 1 0 0
300	2	1 1 1 1 1 1 0 0 1 1 0 0 1 0 1 0 1 0 0 0 0 1 1 1 1 0 0 0 0 0 0 0 0 1 0 1 0 0 1 0 0 0 0 0 1 0 0 1 0 0
300	1	1 1 1 1 1 1 0 0 1 1 0 0 1 0 1 0 1 0 0 0 0 1 1 1 1 0 0 0 0 0 0 1 0 0 0 1 0 0 1 0 0 0 0 0 0 0 0 1 0 0
300	2	1 1 1 0 1 1 0 0 1 1 0 0 1 0 1 0 1 0 0 0 0 1 1 1 1 0 0 0 0 0 0 1 0 1 0 1 0 0 1 0 0 0 0 0 0 0 0 1 0 0
300	2	1 1 1 1 1 1 0 0 1 1 0 0 1 0 1 0 1 0 0 0 0 1 1 1 1 0 0 0 0 0 0 1 0 1 0 1 0 0 1 0 0 0 0 0 0 0 0 1 0 0
300	2	1 1 1 1 1 1 1 0 1 1 0 0 1 0 1 0 1 0 0 0 0 1 1 1 1 0 0 0 0 0 0 1 0 1 0 1 0 0 1 0 0 0 0 0 0 0 0 1 0 0
300	14	1 1 1 1 1 1 0 0 1 1 0 0 1 0 1 0 1 0 0 0 0 1 1 1 1 0 0 0 1 0 0 1 0 1 0 1 0 0 1 0 0 0 0 0 0 0 0 1 0 0
300	1	1 1 1 1 1 1 1 0 1 1 0 0 1 0 0 0 1 0 0 0 0 1 1 1 1 0 0 0 1 0 0 1 0 1 0 1 0 0 1 0 0 0 0 0 0 0 0 1 0 0
300	31	1 1 1 1 1 1 1 0 1 1 0 0 1 0 1 0 1 0 0 0 0 1 1 1 1 0 0 0 1 0 0 1 0 1 0 1 0 0 1 0 0 0 0 0 0 0 0 1 0 0
300	1	1 1 1 1 1 1 0 0 1 1 0 0 0 0 1 0 1 0 0 0 0 1 1 1 1 0 0 0 1 0 0 1 0 1 0 1 0 0 1 0 0 0 0 0 0 0 0 1 0 0
300	7	1 1 1 1 1 1 1 0 1 1 0 0 1 0 1 0 1 0 0 0 1 1 1 1 1 0 0 0 1 0 0 1 0 1 0 1 0 0 1 0 0 0 0 0 0 0 0 1 0 0
300	5	1 1 1 1 1 1 0 0 1 1 0 0 1 0 1 0 1 0 0 0 0 1 1 1 1 0 0 0 1 0 0 1 0 1 0 1 0 0 1 0 1 0 0 0 0 0 0 0 0 0
300	4	1 1 1 0 1 1 0 0 1 1 0 0 1 0 1 1 1 0 0 0 0 1 1 1 1 0 0 0 1 0 0 1 0 1 0 1 0 0 1 0 0 0 0 0 0 0 0 0 0 0
300	1	1 1 1 1 1 1 0 0 1 1 0 0 1 0 1 0 0 0 0 0 0 1 1 1 1 0 0 0 1 0 0 1 0 1 0 1 0 0 1 0 0 0 0 0 0 0 0 0 0 0
300	16	1 1 1 1 1 1 0 0 1 1 0 0 1 0 1 0 1 0 0 0 0 1 1 1 1 0 0 0 1 0 0 1 0 1 0 1 0 0 1 0 0 0 0 0 0 0 0 0 0 0
300	1	1 1 1 1 1 1 1 0 1 1 0 0 1 0 0 0 1 0 0 0 0 1 1 1 1 0 0 0 1 0 0 1 0 1 0 1 0 0 1 1 0 0 0 0 0 0 0 1 0 0
300	4	1 1 1 1 1 1 1 0 1 1 0 0 1 0 1 0 1 0 0 0 0 1 1 0 1 0 0 0 1 0 0 1 0 1 0 1 0 0 1 0 0 0 0 0 0 0 0 1 0 0
310	4	1 1 1 1 1 1 0 0 1 1 0 0 1 0 1 0 1 0 0 0 0 1 1 1 1 1 0 0 1 0 0 1 0 1 0 1 0 0 1 0 0 0 0 0 0 0 0 1 0 0
310	1	1 1 1 1 1 1 0 0 1 1 0 0 1 0 1 0 1 0 1 0 0 1 1 1 1 0 0 0 1 0 0 1 0 1 1 1 1 0 1 0 0 0 0 0 0 0 0 0 0 0
310	3	1 1 1 1 1 1 0 0 1 1 0 0 1 0 1 0 1 0 1 0 0 1 1 1 1 0 0 0 1 0 0 1 0 1 0 1 1 0 1 0 0 0 0 0 0 0 0 0 0 0
310	1	1 1 1 1 1 1 0 0 1 1 0 0 1 0 1 0 1 0 0 0 0 1 1 1 1 0 0 0 0 0 0 0 0 1 0 1 0 0 1 0 0 0 0 0 0 0 0 1 0 0
310	2	1 1 0 1 1 1 0 0 1 1 0 0 1 0 1 0 1 0 0 0 0 1 1 1 1 0 0 0 1 0 0 1 0 1 0 1 0 0 1 0 0 0 0 0 0 0 0 1 0 0
310	10	1 1 1 1 1 1 0 0 1 1 0 0 1 0 1 0 1 0 0 0 0 1 1 1 1 0 0 0 1 0 0 1 0 1 0 1 0 0 1 0 0 0 0 0 0 0 0 1 0 0
310	3	1 1 1 1 1 1 1 0 1 1 0 0 1 0 0 0 1 0 0 0 0 1 1 1 1 0 0 0 1 0 0 1 0 1 0 1 0 0 1 0 0 0 0 0 0 0 0 1 0 0
310	1	1 1 1 1 1 1 1 0 1 1 0 0 1 0 1 0 1 0 0 0 0 1 1 1 0 0 0 1 1 0 0 1 0 1 0 1 0 0 1 0 0 0 0 0 0 0 0 1 0 0
310	1	1 1 1 1 1 1 1 0 1 1 0 0 1 0 1 0 1 0 0 0 0 1 1 1 0 0 0 0 1 0 0 1 0 1 0 1 0 0 1 0 0 0 0 0 0 0 0 1 0 0
310	1	1 1 1 1 1 1 1 0 1 1 0 0 1 0 1 0 1 0 0 0 0 1 1 1 1 0 0 0 1 1 0 1 0 1 0 1 0 0 1 0 0 0 0 0 0 0 0 1 0 0
310	1	1 1 1 1 1 1 1 0 1 1 0 0 1 0 1 0 1 0 0 0 0 1 1 1 1 0 1 0 1 0 0 1 0 1 0 1 0 0 1 0 0 0 0 0 0 0 0 1 0 0
310	28	1 1 1 1 1 1 1 0 1 1 0 0 1 0 1 0 1 0 0 0 0 1 1 1 1 0 0 0 1 0 0 1 0 1 0 1 0 0 1 0 0 0 0 0 0 0 0 1 0 0
310	1	1 1 1 1 1 1 0 0 1 1 0 0 0 0 1 0 1 0 0 0 0 1 1 1 1 0 0 0 1 0 0 1 0 1 0 1 0 0 1 0 0 0 0 0 0 0 0 1 0 0
310	4	1 1 1 1 1 1 1 0 1 1 0 0 1 0 1 0 1 0 0 0 1 1 1 1 1 0 0 0 1 0 0 1 0 1 0 1 0 0 1 0 0 0 0 0 0 0 0 1 0 0
310	1	1 1 1 1 1 1 0 0 1 1 0 0 1 0 1 0 1 1 1 0 0 1 1 1 1 0 0 0 1 0 0 1 0 1 0 1 0 0 1 0 0 0 0 0 0 0 0 0 0 0
310	2	1 1 1 1 1 1 0 0 1 1 0 0 1 0 1 0 1 1 0 0 0 1 1 1 1 0 0 0 1 0 0 1 0 1 0 1 0 0 1 0 0 0 0 0 0 0 0 0 0 0
310	2	1 1 1 1 1 1 0 0 1 1 0 0 1 0 1 0 1 0 0 0 0 1 1 1 1 0 0 0 1 0 0 1 0 1 0 1 0 0 1 0 1 0 0 0 0 0 0 0 0 0
310	22	1 1 1 1 1 1 0 0 1 1 0 0 1 0 1 0 1 0 0 0 0 1 1 1 1 0 0 0 1 0 0 1 0 1 0 1 0 0 1 0 0 0 0 0 0 0 0 0 0 0
310	1	1 1 1 1 1 1 1 0 1 1 0 0 1 0 0 0 1 0 0 0 0 1 1 1 1 0 0 0 1 0 0 1 0 1 0 1 0 0 1 1 0 0 0 0 0 0 0 1 0 0
310	1	1 1 1 1 1 1 1 0 1 1 0 0 1 0 1 1 1 0 0 0 0 1 1 0 1 0 0 0 1 0 0 1 0 1 0 1 0 0 1 0 0 0 0 0 0 0 0 1 0 0
310	8	1 1 1 1 1 1 1 0 1 1 0 0 1 0 1 0 1 0 0 0 0 1 1 0 1 0 0 0 1 0 0 1 0 1 0 1 0 0 1 0 0 0 0 0 0 0 0 1 0 0
310	2	1 1 1 1 1 1 0 0 1 1 0 0 1 0 1 0 0 0 1 0 0 1 1 1 1 0 0 0 1 0 0 1 0 1 0 1 0 0 1 0 0 0 0 0 0 0 0 1 0 0
