10	1	1 0 1 0 0 0 0 1 1 0
10	2	1 1 1 0 1 0 0 1 1 0
10	28	1 0 1 0 1 0 0 1 1 0
10	1	0 1 1 0 0 0 0 1 1 0
10	12	1 1 1 0 0 0 0 1 1 0
10	29	0 1 0 0 1 0 1 1 1 0
10	2	0 0 1 0 0 0 0 1 0 0
10	1	0 0 0 0 0 0 0 1 1 0
10	24	0 0 0 0 0 0 0 1 0 0
20	23	1 0 1 0 1 0 0 1 1 0
20	2	0 1 1 0 0 0 0 1 1 0
20	1	1 1 1 0 0 0 0 0 0 0
20	7	1 1 1 0 0 0 0 1 0 0
20	18	1 1 1 0 0 0 0 1 1 0
20	23	0 1 0 0 1 0 1 1 1 0
20	26	0 0 0 0 0 0 0 1 0 0
30	4	1 0 1 0 0 0 0 1 1 0
30	1	1 0 1 0 1 0 0 0 1 0
30	1	1 1 1 0 1 0 0 1 1 0
30	23	1 0 1 0 1 0 0 1 1 0
30	4	1 1 1 0 0 0 0 0 0 0
30	2	1 1 1 0 0 0 0 1 0 1
30	25	1 1 1 0 0 0 0 1 0 0
30	1	1 1 1 0 0 0 0 0 1 0
30	11	1 1 1 0 0 0 0 1 1 0
30	14	0 1 0 0 1 0 1 1 1 0
30	14	0 0 0 0 0 0 0 1 0 0
40	4	1 0 1 0 1 0 0 1 1 0
40	30	1 1 1 0 0 0 0 0 0 0
40	5	1 1 1 0 0 0 0 0 1 0
40	2	1 1 1 0 0 1 0 1 0 0
40	1	1 1 1 1 0 0 0 1 0 0
40	2	1 1 1 0 0 0 0 1 1 0
40	54	1 1 1 0 0 0 0 1 0 0
40	1	0 1 0 0 1 0 1 1 1 0
40	1	0 0 0 0 0 0 0 1 0 0
50	1	1 0 1 0 1 0 0 1 1 0
50	1	1 0 1 0 0 0 0 0 0 0
50	1	1 1 1 0 0 0 0 0 1 0
50	1	1 1 1 0 1 0 0 0 0 0
50	1	1 1 0 0 0 0 0 0 0 0
50	1	1 1 1 0 0 0 0 0 0 1
50	30	1 1 1 0 0 0 0 1 0 0
50	1	1 1 1 0 0 1 0 0 0 0
50	55	1 1 1 0 0 0 0 0 0 0
50	1	1 1 1 0 0 1 0 1 0 0
50	5	1 1 1 1 0 0 0 1 0 0
50	1	1 1 0 0 0 0 0 1 0 0
50	1	1 1 1 0 1 0 0 1 0 0
60	1	1 0 1 0 0 0 0 0 0 0
60	1	1 1 1 0 0 0 0 0 1 0
60	1	1 1 1 0 0 0 0 0 0 1
60	3	1 1 1 0 0 1 0 1 0 0
60	3	1 1 1 0 0 0 0 1 1 0
60	2	1 1 1 1 0 0 0 1 0 0
60	1	0 1 1 0 0 0 0 1 0 0
60	9	1 1 1 0 0 0 0 1 0 0
60	78	1 1 1 0 0 0 0 0 0 0
60	1	1 1 1 0 1 0 0 1 0 0
70	4	1 1 1 0 0 0 0 0 1 0
70	1	1 1 1 0 1 0 0 0 0 0
70	2	1 1 0 0 0 0 0 0 0 0
70	1	1 1 1 0 0 0 0 0 0 1
70	1	1 1 1 0 0 1 0 1 0 0
70	3	1 1 1 0 0 0 0 1 1 0
70	3	1 1 1 1 0 0 0 1 0 0
70	1	0 1 1 0 0 0 0 1 0 0
70	2	1 1 1 0 0 0 0 1 0 0
70	3	1 1 1 1 0 0 0 0 0 0
70	1	1 1 1 0 0 0 1 0 0 0
70	78	1 1 1 0 0 0 0 0 0 0
