10	1	0 0 0 0 0 0 1 1 0 1
10	14	0 0 0 0 0 0 1 0 0 1
10	2	0 1 0 0 1 1 0 0 1 0
10	1	0 1 0 0 1 1 0 1 1 1
10	30	0 1 0 0 1 1 0 0 1 1
10	1	1 0 0 0 0 0 1 0 0 1
10	30	1 0 0 0 0 0 1 0 1 1
10	1	1 1 0 0 0 0 0 0 0 1
10	1	0 1 1 0 0 0 0 0 0 1
10	19	1 1 1 0 0 0 0 0 0 1
20	11	0 0 0 0 0 0 1 0 0 1
20	1	0 1 0 0 1 0 0 0 1 1
20	11	0 1 0 0 1 1 0 0 1 1
20	10	1 0 0 0 0 0 1 0 1 1
20	2	1 1 1 0 0 0 0 0 0 0
20	2	1 1 1 0 0 0 0 1 0 1
20	1	1 1 1 0 0 0 0 0 1 1
20	1	1 1 1 0 0 1 0 0 0 1
20	1	0 1 1 1 0 0 0 0 0 1
20	1	1 1 1 1 0 0 0 0 0 1
20	59	1 1 1 0 0 0 0 0 0 1
30	9	0 0 0 0 0 0 1 0 0 1
30	1	0 1 0 0 1 1 0 0 1 1
30	2	1 0 0 0 0 0 1 0 1 1
30	7	1 1 1 0 0 0 0 0 0 0
30	1	1 1 1 0 0 0 0 1 0 1
30	1	1 1 1 0 0 0 0 0 1 1
30	2	0 1 1 1 0 0 0 0 0 1
30	1	1 1 1 1 0 0 0 0 0 1
30	2	1 1 1 0 0 0 1 0 0 1
30	1	1 0 1 0 0 0 0 0 0 1
30	1	0 1 1 0 0 0 0 0 0 1
30	72	1 1 1 0 0 0 0 0 0 1
40	1	0 0 0 0 0 0 1 0 0 1
40	4	1 1 1 0 0 0 0 0 0 0
40	2	1 1 1 0 0 0 0 0 1 1
40	1	0 1 1 1 0 0 0 0 0 1
40	1	1 1 1 1 0 0 0 0 0 0
40	10	1 1 1 1 0 0 0 0 0 1
40	78	1 1 1 0 0 0 0 0 0 1
40	2	1 1 0 0 0 0 0 0 0 1
40	1	1 0 1 0 0 0 0 0 0 1
50	1	1 1 0 1 0 0 0 0 0 0
50	1	1 1 1 1 0 0 0 0 0 0
50	9	1 1 1 0 0 0 0 0 0 0
50	3	1 1 1 0 0 1 0 0 0 1
50	30	1 1 1 1 0 0 0 0 0 1
50	1	1 1 1 0 0 0 1 0 0 1
50	52	1 1 1 0 0 0 0 0 0 1
50	3	1 1 1 1 0 0 0 1 0 0
60	2	1 1 0 1 0 0 0 0 0 0
60	1	1 1 1 1 0 0 0 0 1 0
60	1	1 1 1 1 0 0 0 0 0 0
60	20	1 1 1 0 0 0 0 0 0 0
60	2	1 1 1 0 0 0 0 0 1 1
60	1	1 1 1 0 0 1 0 0 0 1
60	1	1 1 1 1 0 0 0 1 0 1
60	36	1 1 1 0 0 0 0 0 0 1
60	32	1 1 1 1 0 0 0 0 0 1
60	4	1 1 1 1 0 0 0 1 0 0
70	2	1 1 1 1 0 0 0 0 1 0
70	1	1 1 1 1 0 1 0 0 0 1
70	22	1 1 1 0 0 0 0 0 0 0
70	29	1 1 1 1 0 0 0 0 0 0
70	31	1 1 1 1 0 0 0 0 0 1
70	1	1 1 1 1 0 0 0 1 0 0
70	1	0 1 1 0 0 0 0 0 0 1
70	12	1 1 1 0 0 0 0 0 0 1
70	1	1 1 1 0 0 1 0 0 0 0
