10	1	1 0 1 1 0 1 0 0 1 1
10	1	1 0 0 0 0 1 0 0 1 1
10	1	1 0 1 0 0 1 0 0 0 1
10	1	0 0 1 0 0 1 0 0 1 1
10	21	1 0 1 0 0 1 0 0 1 1
10	4	1 1 0 1 0 1 0 0 0 1
10	2	1 1 0 0 0 1 0 0 1 1
10	27	1 1 0 1 0 1 0 0 1 1
10	18	1 0 1 1 0 0 1 1 0 1
10	24	1 1 0 0 1 1 0 0 1 0
20	3	1 0 1 0 0 1 0 0 0 1
20	17	1 0 1 0 0 1 0 0 1 1
20	2	0 1 0 1 0 1 0 0 1 1
20	25	1 1 0 1 0 1 0 0 1 1
20	17	1 1 0 1 0 1 0 0 0 1
20	1	1 1 0 0 0 1 0 0 1 1
20	2	1 1 0 1 1 1 0 0 1 1
20	1	0 0 1 1 0 0 1 1 0 1
20	10	1 0 1 1 0 0 1 1 0 1
20	19	1 1 0 0 1 1 0 0 1 0
20	1	1 1 0 1 1 1 0 0 1 0
20	2	1 1 0 0 1 1 0 0 0 0
30	4	1 0 1 1 0 1 0 0 1 1
30	2	1 0 1 0 0 1 0 0 0 1
30	5	1 0 1 0 0 1 0 0 1 1
30	4	1 1 0 1 1 1 0 0 1 1
30	1	1 1 0 1 0 0 0 0 1 1
30	32	1 1 0 1 0 1 0 0 1 1
30	34	1 1 0 1 0 1 0 0 0 1
30	1	1 1 0 1 0 0 0 0 0 1
30	1	1 0 0 1 0 0 1 1 0 1
30	1	1 0 1 1 0 0 1 1 0 1
30	7	1 1 0 0 1 1 0 0 1 0
30	2	1 1 0 1 1 1 0 0 1 0
30	1	1 1 0 0 1 1 0 0 0 0
30	5	1 1 1 0 1 1 0 0 1 0
40	2	1 0 1 0 0 1 0 0 0 1
40	2	1 1 0 1 1 1 0 0 0 1
40	5	1 1 0 1 1 1 0 0 1 1
40	1	1 1 0 0 0 1 0 0 0 1
40	2	1 1 0 1 0 0 0 0 1 1
40	2	1 1 0 1 0 1 0 0 0 0
40	1	0 1 0 1 0 1 0 0 0 1
40	2	1 1 0 1 0 0 0 0 0 1
40	48	1 1 0 1 0 1 0 0 0 1
40	1	1 1 0 1 0 1 1 0 1 1
40	10	1 1 0 1 0 1 0 0 1 1
40	6	1 1 0 1 1 1 0 0 1 0
40	6	1 1 0 0 1 1 0 0 1 0
40	3	1 1 0 0 1 1 0 0 0 0
40	9	1 1 1 0 1 1 0 0 1 0
50	3	1 1 0 1 1 1 0 0 0 1
50	2	1 1 1 1 1 1 0 0 1 1
50	4	1 1 0 1 1 1 0 0 1 0
50	1	1 1 0 1 1 1 0 0 1 1
50	8	1 1 0 1 0 1 0 0 0 0
50	1	1 1 1 1 0 1 0 0 0 0
50	4	1 1 1 1 0 1 0 0 0 1
50	2	1 1 0 1 0 0 0 0 0 1
50	6	1 1 0 1 0 1 0 0 1 1
50	54	1 1 0 1 0 1 0 0 0 1
50	2	1 1 0 0 1 1 0 0 1 0
50	6	1 1 0 0 1 1 0 0 0 0
50	2	1 1 1 0 1 0 0 0 1 0
50	5	1 1 1 0 1 1 0 0 1 0
60	2	1 1 0 1 1 1 0 0 1 1
60	4	1 1 0 1 1 1 0 0 1 0
60	6	1 1 0 1 0 1 0 0 0 0
60	7	1 1 1 1 0 1 0 0 0 1
60	13	1 1 1 1 0 1 0 0 0 0
60	4	1 1 0 1 0 0 0 0 0 1
60	5	1 1 0 1 0 1 0 0 1 1
60	1	1 0 0 1 0 1 0 0 0 1
60	30	1 1 0 1 0 1 0 0 0 1
60	2	1 1 0 0 1 1 0 0 1 0
60	5	1 1 0 0 1 1 0 0 0 0
60	2	1 1 1 0 1 1 0 0 0 0
60	17	1 1 1 0 1 1 0 0 1 0
60	1	1 1 1 0 1 0 0 0 1 0
60	1	1 1 1 1 1 1 0 0 1 0
70	1	1 1 0 1 1 1 0 0 0 1
70	2	1 1 0 1 1 1 0 0 1 1
70	4	1 1 0 1 1 1 0 0 1 0
70	13	1 1 0 1 0 1 0 0 0 0
70	21	1 1 1 1 0 1 0 0 0 0
70	3	1 1 1 1 0 0 0 0 0 1
70	3	1 1 1 1 0 1 0 0 0 1
70	2	1 1 1 0 0 1 0 0 1 0
70	5	1 1 0 1 0 1 0 0 1 1
70	33	1 1 0 1 0 1 0 0 0 1
70	2	1 1 0 0 1 1 0 0 0 0
70	3	1 1 0 0 1 1 0 0 1 0
70	2	1 1 1 0 1 1 0 0 0 0
70	6	1 1 1 0 1 1 0 0 1 0
