10	1	0 1 1 0 0 1 1 1 0 0
10	26	0 1 0 0 0 1 1 1 0 0
10	17	0 1 1 1 0 1 1 1 1 0
10	1	1 0 0 1 0 1 0 0 0 1
10	1	1 0 0 1 0 1 0 0 1 1
10	23	0 0 0 1 0 1 0 0 1 1
10	1	0 1 0 0 1 0 0 0 0 0
10	3	0 1 0 0 1 0 1 1 0 0
10	1	0 1 0 0 0 0 0 1 0 0
10	26	0 1 0 0 1 0 0 1 0 0
20	4	0 1 0 0 0 1 1 0 0 0
20	22	0 1 0 0 0 1 1 1 0 0
20	5	0 1 0 1 0 1 1 1 0 0
20	1	0 1 0 0 1 1 1 1 0 0
20	3	0 1 1 1 0 0 1 1 1 0
20	19	0 1 1 1 0 1 1 1 1 0
20	1	0 1 0 1 0 1 0 0 1 1
20	23	0 0 0 1 0 1 0 0 1 1
20	22	0 1 0 0 1 0 0 1 0 0
30	2	0 1 0 0 0 1 1 0 0 0
30	11	0 1 0 0 0 1 1 1 0 0
30	4	0 1 0 1 0 1 1 1 0 0
30	1	0 1 1 0 0 1 1 1 0 0
30	1	0 1 1 0 0 1 1 1 1 0
30	1	0 1 0 1 0 1 1 1 1 0
30	1	0 1 1 1 0 1 1 0 1 0
30	18	0 1 1 1 0 1 1 1 1 0
30	5	0 1 1 1 0 0 1 1 1 0
30	1	0 0 1 0 0 1 0 0 1 1
30	1	0 0 1 1 0 1 0 0 1 1
30	23	0 0 0 1 0 1 0 0 1 1
30	4	0 1 0 0 1 0 0 0 0 0
30	2	1 1 0 0 1 0 0 1 0 0
30	1	0 1 1 0 1 0 0 1 0 0
30	24	0 1 0 0 1 0 0 1 0 0
40	1	0 1 0 0 0 1 1 0 0 0
40	1	0 1 0 0 0 1 0 1 0 0
40	2	0 1 0 0 0 1 1 1 0 0
40	14	0 1 0 1 0 1 1 1 0 0
40	1	0 1 1 0 1 1 1 1 0 0
40	1	0 1 1 0 0 1 1 1 0 0
40	1	0 1 1 1 0 1 1 1 1 1
40	12	0 1 1 1 0 1 1 1 1 0
40	1	0 1 1 1 0 0 1 1 1 0
40	26	0 0 0 1 0 1 0 0 1 1
40	7	0 1 0 0 1 0 0 0 0 0
40	4	0 1 0 1 1 0 0 1 0 0
40	1	1 1 0 0 1 0 0 1 0 0
40	1	0 1 1 0 0 0 0 1 0 0
40	5	0 1 1 0 1 0 0 1 0 0
40	21	0 1 0 0 1 0 0 1 0 0
40	1	1 1 0 0 1 0 0 1 1 0
50	2	0 1 0 0 0 1 1 1 0 0
50	6	0 1 0 1 0 1 1 1 0 0
50	3	0 1 1 0 1 1 1 1 0 0
50	1	0 1 1 0 0 1 1 1 0 0
50	8	0 1 1 1 0 1 1 1 1 0
50	1	0 0 0 1 0 0 0 0 1 1
50	23	0 0 0 1 0 1 0 0 1 1
50	16	0 1 0 0 1 0 0 1 0 0
50	18	0 1 0 0 1 0 0 0 0 0
50	2	0 1 0 1 1 0 0 1 0 0
50	1	1 0 0 0 1 0 0 1 0 0
50	7	1 1 0 0 1 0 0 1 0 0
50	2	0 1 1 0 0 0 0 1 0 0
50	10	0 1 1 0 1 0 0 1 0 0
60	1	0 1 0 0 0 1 0 1 0 0
60	8	0 1 0 1 0 1 1 1 0 0
60	1	0 1 1 0 1 0 1 1 0 0
60	5	0 1 1 1 0 1 1 1 1 0
60	1	0 1 0 1 0 1 0 0 1 1
60	17	0 0 0 1 0 1 0 0 1 1
60	1	0 0 0 0 1 1 0 1 0 0
60	31	0 1 0 0 1 0 0 0 0 0
60	10	0 1 0 0 1 0 0 1 0 0
60	1	1 0 0 0 1 0 0 1 0 0
60	1	1 1 0 0 1 0 1 1 0 0
60	17	1 1 0 0 1 0 0 1 0 0
60	2	0 1 1 0 0 0 0 1 0 0
60	4	0 1 1 0 1 0 0 1 0 0
70	2	1 1 0 1 0 1 1 1 0 0
70	3	0 1 0 1 0 1 1 1 0 0
70	4	0 1 1 1 0 1 1 1 1 0
70	1	0 0 1 1 0 1 0 0 1 1
70	3	0 0 0 1 0 1 0 0 1 1
70	3	0 1 0 0 0 0 0 0 0 0
70	8	0 1 0 0 1 0 0 1 0 0
70	1	0 1 1 0 1 0 0 0 0 0
70	31	0 1 0 0 1 0 0 0 0 0
70	1	1 1 1 0 1 0 0 1 0 0
70	1	0 1 1 0 1 0 1 1 0 0
70	11	0 1 1 0 1 0 0 1 0 0
70	5	0 1 0 1 1 0 0 1 0 0
70	1	1 1 0 0 1 1 0 1 0 0
70	25	1 1 0 0 1 0 0 1 0 0
