10	1	0 0 1 1 0 1 0 0 1 0
10	26	0 0 1 0 0 1 0 0 1 0
10	2	1 1 1 1 1 1 1 0 0 1
10	20	1 0 1 1 1 1 1 0 0 1
10	21	0 1 1 0 0 0 0 0 1 1
10	30	0 1 0 0 0 0 1 1 0 0
20	1	1 0 1 0 0 1 0 0 1 0
20	1	0 0 1 0 0 1 0 0 0 0
20	28	0 0 1 0 0 1 0 0 1 0
20	7	1 1 1 1 1 1 1 0 0 1
20	3	1 0 1 1 1 0 1 0 0 1
20	16	1 0 1 1 1 1 1 0 0 1
20	3	0 1 1 0 0 1 0 0 1 1
20	1	0 1 1 1 0 0 0 0 1 1
20	20	0 1 1 0 0 0 0 0 1 1
20	1	0 1 0 0 0 0 0 1 0 0
20	19	0 1 0 0 0 0 1 1 0 0
30	1	1 0 1 0 0 1 0 0 1 0
30	7	0 0 1 0 0 1 0 0 0 0
30	9	0 0 1 0 0 1 0 0 1 0
30	1	1 1 1 1 1 1 1 1 0 1
30	3	1 1 1 1 1 1 0 0 0 1
30	8	1 0 1 1 1 1 1 0 0 1
30	36	1 1 1 1 1 1 1 0 0 1
30	4	1 0 1 1 1 0 1 0 0 1
30	1	1 0 1 0 1 0 1 0 0 1
30	1	0 1 1 0 0 1 0 0 1 1
30	3	0 1 1 1 0 0 0 0 1 1
30	10	0 1 1 0 0 0 0 0 1 1
30	1	1 1 0 0 0 0 1 1 0 0
30	15	0 1 0 0 0 0 1 1 0 0
40	1	1 0 1 0 0 1 0 0 1 0
40	4	0 0 1 0 0 1 0 0 0 0
40	1	0 0 1 0 0 1 0 1 1 0
40	6	0 0 1 0 0 1 0 0 1 0
40	2	1 1 1 1 1 1 1 1 0 1
40	8	1 1 1 1 1 1 0 0 0 1
40	1	1 0 1 1 1 1 1 0 0 1
40	59	1 1 1 1 1 1 1 0 0 1
40	4	1 0 1 1 1 0 1 0 0 1
40	1	0 1 1 0 0 1 0 0 1 1
40	3	0 1 1 1 0 0 0 0 1 1
40	10	0 1 0 0 0 0 1 1 0 0
50	2	0 0 1 0 0 1 0 0 0 0
50	1	0 0 1 0 0 1 0 0 1 0
50	3	0 1 1 1 1 1 1 0 0 1
50	13	1 1 1 1 1 1 0 0 0 1
50	2	1 1 0 1 1 1 1 0 0 1
50	1	1 1 1 1 1 0 1 0 0 1
50	3	1 0 1 1 1 1 1 0 0 1
50	70	1 1 1 1 1 1 1 0 0 1
50	2	1 0 1 1 1 0 1 0 0 1
50	3	0 1 1 1 0 0 0 0 1 1
60	2	0 0 1 0 0 1 0 0 0 0
60	1	1 1 1 0 1 1 0 0 0 1
60	30	1 1 1 1 1 1 0 0 0 1
60	2	1 1 1 0 1 1 1 0 0 1
60	64	1 1 1 1 1 1 1 0 0 1
60	1	1 0 1 1 1 0 1 0 0 1
70	1	0 0 1 0 0 1 0 0 0 0
70	2	1 1 1 1 1 1 0 1 0 1
70	2	1 1 0 1 1 1 0 0 0 1
70	2	1 1 0 1 1 1 1 0 0 1
70	49	1 1 1 1 1 1 0 0 0 1
70	44	1 1 1 1 1 1 1 0 0 1
