10	1	0 0 1 0 1 0 0 1 0 0
10	4	0 1 1 0 1 0 0 1 0 0
10	1	0 0 1 0 0 0 0 1 0 0
10	17	0 1 1 0 0 0 0 1 0 0
10	1	0 1 0 0 0 0 0 0 1 1
10	19	0 1 0 0 0 0 0 0 0 1
10	1	1 1 1 0 1 0 0 1 1 0
10	28	1 1 1 0 0 0 0 1 1 0
10	28	1 1 0 0 1 1 1 1 0 0
20	1	0 0 1 0 1 0 0 1 0 0
20	3	1 1 1 0 0 0 0 1 0 0
20	29	0 1 1 0 0 0 0 1 0 0
20	1	0 1 1 0 1 0 0 1 0 0
20	27	0 1 0 0 0 0 0 0 0 1
20	1	1 1 1 0 1 0 0 1 1 0
20	20	1 1 1 0 0 0 0 1 1 0
20	18	1 1 0 0 1 1 1 1 0 0
30	3	1 1 1 0 0 0 0 1 0 0
30	42	0 1 1 0 0 0 0 1 0 0
30	2	0 1 1 0 1 0 0 1 0 0
30	1	0 1 0 0 1 0 0 0 0 1
30	18	0 1 0 0 0 0 0 0 0 1
30	2	0 1 1 0 0 0 0 0 0 1
30	1	1 0 1 0 0 0 0 1 1 0
30	10	1 1 1 0 0 0 0 1 1 0
30	21	1 1 0 0 1 1 1 1 0 0
40	17	1 1 1 0 0 0 0 1 1 0
40	1	1 1 1 0 0 0 1 1 0 0
40	10	1 1 1 0 0 0 0 1 0 0
40	2	0 1 1 0 0 0 1 1 0 0
40	1	0 1 1 1 0 0 0 1 0 0
40	1	0 1 1 1 1 0 0 1 0 0
40	10	0 1 1 0 1 0 0 1 0 0
40	3	0 1 1 0 0 0 0 0 0 0
40	31	0 1 1 0 0 0 0 1 0 0
40	1	0 1 0 0 1 0 0 0 0 1
40	8	0 1 1 0 0 0 0 0 0 1
40	9	0 1 0 0 0 0 0 0 0 1
40	1	1 1 1 0 1 0 1 1 1 0
40	1	1 1 1 0 1 0 0 1 1 0
40	4	1 1 0 0 1 1 1 1 0 0
50	1	1 1 1 0 0 0 0 0 1 0
50	14	1 1 1 0 0 0 0 1 1 0
50	2	1 1 1 0 0 1 0 1 1 0
50	1	1 1 1 0 0 0 0 0 0 0
50	2	0 1 1 0 0 1 0 1 0 0
50	16	0 1 1 0 1 0 0 1 0 0
50	4	0 1 1 0 0 0 0 0 0 0
50	28	0 1 1 0 0 0 0 1 0 0
50	10	1 1 1 0 0 0 0 1 0 0
50	3	0 1 1 1 0 0 0 1 0 0
50	2	0 0 1 0 0 0 0 1 0 0
50	1	0 1 1 0 0 0 0 1 0 1
50	11	0 1 1 0 0 0 0 0 0 1
50	1	0 1 0 0 0 1 0 0 0 1
50	3	0 1 0 0 0 0 0 0 0 1
50	1	1 1 0 0 1 1 1 1 0 0
60	2	1 1 1 1 0 0 0 1 1 0
60	1	0 1 1 1 0 0 0 1 0 0
60	1	0 1 1 0 0 1 0 1 0 0
60	11	0 1 1 0 0 0 0 0 0 0
60	31	0 1 1 0 0 0 0 1 0 0
60	1	1 1 1 0 1 0 0 1 1 0
60	14	1 1 1 0 0 0 0 1 1 0
60	1	1 1 1 0 0 1 0 1 0 0
60	2	1 1 1 0 0 0 0 1 0 1
60	21	1 1 1 0 0 0 0 1 0 0
60	1	1 1 1 0 0 1 0 1 1 0
60	1	0 1 1 0 1 0 0 1 1 0
60	6	0 1 1 0 1 0 0 1 0 0
60	1	0 1 1 0 1 0 0 0 0 0
60	5	0 1 1 0 0 0 0 0 0 1
60	1	1 1 0 0 1 1 1 1 0 0
70	1	1 1 1 1 0 0 0 1 1 0
70	3	0 1 1 1 0 0 0 1 0 0
70	3	0 1 1 0 0 1 0 1 0 0
70	1	0 1 1 0 0 0 1 0 0 0
70	1	0 1 1 1 0 0 0 0 0 0
70	8	1 1 1 0 0 0 0 0 0 0
70	8	0 1 1 0 0 0 0 0 0 0
70	4	0 1 1 0 1 0 0 1 0 0
70	29	0 1 1 0 0 0 0 1 0 0
70	1	1 1 1 1 0 0 0 1 0 0
70	24	1 1 1 0 0 0 0 1 0 0
70	13	1 1 1 0 0 0 0 1 1 0
70	4	0 1 1 0 0 0 0 0 0 1
